n=43

q0=1
q1=1
q2=1
q3=1
q4=1
q5=1
q6=1
q7=1
q8=1
q9=1
q10=1
q11=1
q12=1
q13=1
q14=1
q15=1
q16=1
q17=1
q18=1
q19=1
q20=1
q21=1
q22=1
q23=1
q24=1
q25=1
q26=1
q27=1
q28=1
q29=1
q30=1
q31=1
q32=1
q33=1
q34=1
q35=1
q36=1
q37=1
q38=1
q39=1
q40=1
q41=1
q42=1

a0=0x141592000c576ce6
a1=0x141592000c5aedbc
a2=0x141592000c5750f4
a3=0x141592000c576658
a4=0x141592000c575890
a5=0x141592000c574ffa
a6=0x141592000c5acf11
a7=0x141592000d9df361
a8=0x141592000c576300
a9=0x141592000c5779b6
a10=0x141592000c5762b9
a11=0x141592000c5af078
a12=0x141592000c575517
a13=0x141592000c5752c3
a14=0x141592000c5a4baa
a15=0x141592000c5776e7
a16=0x141592000c58cdeb
a17=0x141592000c5881fc
a18=0x141592000bd81d33
a19=0x141592000bd84d6a
a20=0x141592000c577233
a21=0x141592000c574527
a22=0x141592000c5746a3
a23=0x141592000c574da3
a24=0x141592000c5741c9
a25=0x141592000da244ea
a26=0x141592000c5ae886
a27=0x141592000c57510e
a28=0x141592000c5ab6c8
a29=0x141592000c574d05
a30=0x141592000edae61f
a31=0x141592000c57667e
a32=0x141592000c577f43
a33=0x141592000c576449
a34=0x1415920010f4117a
a35=0x141592000c575966
a36=0x141592000c574d35
a37=0x141592000c576fb1
a38=0x141592000c5aea5d
a39=0x141592000c59f23f
a40=0x241592000c59f23f
a41=0x341592000c59f23f
a42=0x441592000c59f23f

l0,0=0,100,96,98,99,97,90,93,75,96,86,93,93,1,0,0,0,0,0,0,0,0,0,0,0,0,0,0,0,0,0,0,0,0,0,0,0,0,0,2,0,0,0
l1,0=100,0,100,98,97,95,89,93,96,97,86,97,98,86,97,0,0,0,1,0,0,0,0,0,0,0,0,0,0,0,0,0,0,32,0,0,0,0,0,38,0,0,0
l2,0=95,99,0,100,100,99,96,93,0,98,86,96,100,8,92,0,0,0,0,0,0,0,0,0,0,0,0,0,0,0,0,0,9,0,0,0,0,0,0,4,0,0,0
l3,0=85,100,99,0,98,99,94,0,0,99,86,95,100,99,34,0,0,0,0,0,0,0,0,0,0,0,0,0,0,0,0,0,0,0,0,0,0,0,0,0,0,0,0
l4,0=94,98,99,100,0,100,99,74,17,93,1,96,99,96,1,0,0,0,0,0,0,0,0,0,0,0,0,0,0,0,0,0,0,0,0,0,0,0,0,0,0,0,0
l5,0=92,86,87,5,100,0,99,67,91,19,86,97,91,90,89,0,0,0,0,0,0,0,0,0,0,0,0,0,0,0,0,0,0,0,0,0,0,0,0,0,0,0,0
l6,0=92,93,80,92,100,100,0,2,99,47,71,86,46,90,91,0,0,0,0,0,0,0,0,0,0,0,0,0,0,0,0,0,0,0,0,0,0,0,0,0,0,0,0
l7,0=95,100,95,1,37,19,85,0,94,90,61,89,0,0,0,63,91,94,37,21,0,0,0,0,0,0,0,0,0,0,0,0,0,0,0,0,0,0,0,68,23,0,0
l8,0=79,82,0,0,23,91,83,99,0,43,75,86,0,0,0,96,95,99,3,1,0,0,0,0,0,0,0,0,0,0,0,0,0,0,0,0,0,0,0,6,87,0,0
l9,0=84,100,67,89,89,26,87,97,96,0,93,96,81,90,0,0,97,42,54,90,0,0,0,0,2,0,0,0,0,0,0,0,0,93,33,0,0,2,0,94,90,0,0
l10,0=73,83,69,91,31,87,2,97,97,78,0,87,0,0,0,13,79,91,75,11,44,0,1,0,51,16,0,0,0,0,0,0,0,88,72,0,44,79,0,82,62,0,0
l11,0=82,91,63,32,3,87,74,96,97,53,99,0,0,0,0,0,10,97,58,2,0,0,0,0,0,0,0,0,0,0,0,0,0,93,0,0,0,0,0,80,83,0,0
l12,0=3,100,99,100,2,33,0,0,0,99,0,0,0,100,99,0,0,0,0,0,0,0,0,0,0,0,0,0,0,0,0,0,0,0,0,0,0,0,0,0,0,0,0
l13,0=0,97,62,82,98,99,99,0,0,0,0,0,100,0,100,0,0,0,0,0,0,0,0,0,0,0,0,0,0,0,0,0,0,0,0,0,0,0,0,0,0,0,0
l14,0=32,98,97,98,94,98,98,0,0,0,0,0,100,100,0,0,0,0,0,0,0,0,0,0,0,0,0,0,0,0,0,0,0,0,0,0,0,0,0,0,0,0,0
l15,0=0,0,0,0,0,0,0,80,94,0,62,0,0,0,0,0,95,99,86,84,0,0,0,0,0,0,0,0,0,0,0,0,0,0,0,0,0,0,0,0,67,0,0
l16,0=0,0,0,0,0,0,0,86,80,0,5,0,0,0,0,98,0,99,87,1,0,0,0,0,0,0,0,0,0,0,0,0,0,0,0,0,0,0,0,0,0,0,0
l17,0=0,0,0,0,0,0,0,91,97,5,79,85,0,0,0,98,97,0,89,21,0,0,0,0,0,0,0,0,0,0,0,0,0,0,0,0,0,0,0,0,86,0,0
l18,0=0,0,0,0,0,0,0,55,75,0,89,48,0,0,0,80,97,95,0,100,85,0,90,0,0,90,0,0,0,0,0,0,0,38,7,0,0,91,0,41,95,0,0
l19,0=0,0,0,0,0,0,0,0,70,1,94,33,0,0,0,87,68,20,100,0,87,0,0,0,0,15,0,0,0,0,0,0,0,0,70,0,3,98,0,89,91,0,0
l20,0=0,0,0,0,0,0,0,0,0,0,48,0,0,0,0,0,0,0,87,86,0,85,98,85,85,100,81,100,71,82,85,100,0,73,100,76,100,99,79,36,77,100,96
l21,0=0,0,0,0,0,0,0,0,0,0,0,0,0,0,0,0,0,0,0,0,86,0,89,98,84,86,90,97,91,98,99,87,92,0,87,94,87,93,99,0,0,94,99
l22,0=0,0,0,0,0,0,0,0,0,0,3,0,0,0,0,0,0,0,85,2,100,98,0,96,97,100,40,99,68,96,95,94,0,86,100,17,100,100,78,0,74,100,96
l23,0=0,0,0,0,0,0,0,0,0,0,0,0,0,0,0,0,0,0,0,0,77,99,90,0,90,96,55,95,97,99,98,89,69,0,89,92,96,92,99,0,0,36,99
l24,0=0,0,0,0,0,0,0,0,0,0,64,0,0,0,0,0,0,0,0,1,87,91,98,100,0,99,99,99,87,84,98,86,81,37,98,99,100,94,72,87,8,98,99
l25,0=0,0,0,0,0,0,0,0,0,0,22,0,0,0,0,0,0,0,79,3,86,85,89,99,84,0,82,82,11,98,88,89,80,3,92,86,96,100,85,0,76,100,99
l26,0=0,0,0,0,0,0,0,0,0,0,0,0,0,0,0,0,0,0,0,0,87,97,50,93,86,92,0,93,97,98,99,89,66,0,86,91,90,93,99,0,0,94,99
l27,0=0,0,0,0,0,0,0,0,0,0,0,0,0,0,0,0,0,0,0,7,94,100,94,99,97,91,99,0,92,90,100,94,2,0,87,99,100,95,97,0,34,100,99
l28,0=0,0,0,0,0,0,0,0,0,0,0,0,0,0,0,0,0,0,0,0,83,97,57,98,85,1,90,93,0,98,95,87,92,0,87,90,87,85,99,0,0,94,99
l29,0=0,0,0,0,0,0,0,0,0,0,0,0,0,0,0,0,0,0,0,0,70,96,79,98,84,93,90,87,92,0,96,88,82,1,87,90,87,93,98,0,0,87,99
l30,0=0,0,0,0,0,0,0,0,0,0,0,0,0,0,0,0,0,0,0,0,84,100,90,98,84,92,90,92,91,74,0,85,92,0,87,77,85,93,100,0,0,69,99
l31,0=0,0,0,0,0,0,0,0,0,0,0,0,0,0,0,0,0,0,9,0,98,75,81,98,79,96,47,95,4,98,28,0,0,0,99,83,100,100,95,0,1,100,96
l32,0=0,86,81,52,0,0,0,0,0,0,0,0,0,0,0,0,0,0,0,0,0,93,0,81,84,90,73,3,90,89,92,50,0,0,0,3,0,1,96,16,0,0,23
l33,0=0,21,5,1,0,0,0,18,0,54,99,90,0,0,0,0,0,0,91,31,92,0,94,0,2,4,0,0,0,0,0,0,0,0,83,1,6,3,0,100,96,6,0
l34,0=0,0,0,0,0,0,0,0,0,46,10,27,0,0,0,0,0,0,48,1,100,91,100,96,97,99,76,86,82,87,86,99,0,64,0,98,100,100,85,1,78,90,98
l35,0=0,0,0,0,0,0,0,0,0,0,0,0,0,0,0,0,0,0,0,0,82,99,8,98,99,93,90,94,84,89,99,29,16,1,88,0,86,93,98,0,16,95,99
l36,0=0,0,0,0,0,0,0,0,0,0,72,0,0,0,0,0,0,0,7,36,96,98,84,98,99,99,93,97,90,98,94,97,29,1,94,92,0,93,97,75,75,97,99
l37,0=0,0,0,0,0,0,0,0,12,3,57,2,0,0,0,2,0,34,68,77,95,76,100,88,100,98,84,100,13,56,96,100,5,38,100,87,100,0,76,2,95,97,99
l38,0=0,0,0,0,0,0,0,0,0,0,0,0,0,0,0,0,0,0,0,0,79,98,66,97,67,93,97,92,98,97,98,87,92,0,86,91,87,79,0,0,0,92,99
l39,0=0,58,38,0,0,0,0,1,0,91,92,94,0,0,0,0,0,0,100,98,26,0,1,0,76,0,0,0,0,0,0,0,0,100,84,0,0,2,0,0,8,0,0
l40,0=0,5,0,0,0,0,0,20,97,1,81,1,0,0,0,97,72,95,4,92,86,0,88,0,88,89,0,48,0,0,0,60,0,94,85,0,83,98,0,88,0,70,0
l41,0=0,0,0,0,0,0,0,0,0,0,0,0,0,0,0,0,0,0,20,17,98,88,93,54,97,99,92,90,81,82,10,100,0,0,80,87,100,100,85,0,47,0,93
l42,0=0,0,0,0,0,0,0,0,0,0,0,0,0,0,0,0,0,0,0,0,100,96,91,97,97,92,96,89,92,96,97,88,22,0,90,93,90,93,93,0,0,94,0

l0,1=0,98,100,97,76,90,15,84,82,93,75,93,31,0,8,0,0,0,0,0,0,0,0,0,0,0,0,0,0,0,0,0,0,0,0,0,0,0,0,1,0,0,0
l1,1=92,0,100,100,86,84,81,72,6,98,59,82,44,21,1,0,0,2,7,0,0,0,0,0,0,0,0,0,0,0,0,0,32,1,0,0,0,0,0,87,51,0,0
l2,1=95,100,0,99,99,93,80,4,0,93,76,4,76,87,91,0,0,0,0,0,0,0,0,0,0,0,0,0,0,0,0,0,89,19,0,0,0,0,0,0,0,0,0
l3,1=91,100,100,0,91,100,92,0,0,99,5,83,96,99,18,0,0,0,0,0,0,0,0,0,0,0,0,0,0,0,0,0,0,0,0,0,0,0,0,0,0,0,0
l4,1=99,98,100,98,0,99,100,74,0,99,7,96,45,3,93,0,0,0,0,0,0,0,0,0,0,0,0,0,0,0,0,0,0,0,0,0,0,0,0,0,0,0,0
l5,1=99,79,93,91,100,0,100,10,2,60,65,84,81,87,91,0,0,0,0,0,0,0,0,0,0,0,0,0,0,0,0,0,0,0,0,0,0,0,0,0,0,0,0
l6,1=1,93,4,89,98,99,0,79,99,73,11,84,81,86,93,0,0,0,0,0,0,0,0,0,0,0,0,0,0,0,0,0,0,0,0,0,0,0,0,0,0,0,0
l7,1=82,58,86,53,5,85,47,0,95,32,89,92,0,0,0,77,79,69,2,0,0,0,0,0,0,0,0,0,0,0,0,0,0,0,0,0,0,0,0,6,57,0,0
l8,1=76,83,0,0,0,45,82,81,0,1,73,77,0,0,0,96,99,97,15,0,0,0,0,0,0,0,0,0,0,0,0,0,0,0,0,0,0,21,0,1,81,0,0
l9,1=87,91,89,82,86,88,18,79,53,0,54,85,13,10,0,0,45,1,30,15,0,0,0,0,0,0,0,0,0,0,0,0,0,73,0,0,0,0,0,94,55,0,0
l10,1=72,80,68,84,44,89,43,77,85,83,0,83,0,0,0,35,18,15,73,20,52,0,6,0,62,33,0,0,0,0,0,10,0,68,46,0,42,70,0,76,84,0,0
l11,1=89,88,89,82,83,89,81,81,84,78,89,0,0,0,0,0,0,1,61,0,0,0,0,0,16,0,0,0,0,0,0,0,0,89,7,0,0,24,0,89,4,0,0
l12,1=8,100,100,99,41,100,36,0,0,10,0,0,0,100,100,0,0,0,0,0,0,0,0,0,0,0,0,0,0,0,0,0,0,0,0,0,0,0,0,0,0,0,0
l13,1=25,30,100,98,34,100,99,0,0,3,0,0,96,0,100,0,0,0,0,0,0,0,0,0,0,0,0,0,0,0,0,0,0,0,0,0,0,0,0,0,0,0,0
l14,1=4,21,99,81,90,99,100,0,0,0,0,0,94,100,0,0,0,0,0,0,0,0,0,0,0,0,0,0,0,0,0,0,65,0,0,0,0,0,0,0,0,0,0
l15,1=0,0,0,0,0,0,0,69,94,0,1,3,0,0,0,0,99,94,50,1,0,0,0,0,0,0,0,0,0,0,0,0,0,0,0,0,0,41,0,0,0,0,0
l16,1=0,0,0,0,0,0,0,80,77,0,31,0,0,0,0,95,0,99,88,0,0,0,0,0,0,0,0,0,0,0,0,0,0,0,0,0,0,0,0,0,0,0,0
l17,1=0,0,0,0,0,0,0,67,97,2,1,8,0,0,0,95,99,0,92,80,0,0,0,0,0,0,0,0,0,0,0,0,0,0,0,0,0,2,0,0,63,0,0
l18,1=0,0,0,0,0,0,0,0,7,0,84,74,0,0,0,23,87,67,0,92,61,0,0,0,7,0,0,0,0,0,0,0,0,2,1,0,0,96,0,0,97,0,0
l19,1=0,0,0,0,0,0,0,0,0,34,11,0,0,0,0,0,69,72,86,0,72,0,3,0,7,0,0,0,0,0,0,0,0,79,2,0,12,10,0,84,62,0,0
l20,1=0,0,0,0,0,0,0,0,0,0,2,0,0,0,0,0,0,0,71,68,0,73,100,76,86,99,74,81,51,45,70,80,0,66,100,80,98,89,69,70,60,91,81
l21,1=0,0,0,0,0,0,0,0,0,0,0,0,0,0,0,0,0,0,0,0,84,0,79,97,91,92,97,86,98,95,98,88,82,0,50,89,89,86,97,0,0,70,99
l22,1=0,0,0,0,0,0,0,0,0,0,0,0,0,0,0,0,0,0,1,35,100,87,0,13,99,88,89,93,74,10,73,82,0,59,95,89,100,95,71,0,79,89,99
l23,1=0,0,0,0,0,0,0,0,0,0,0,0,0,0,0,0,0,0,0,0,88,94,12,0,91,93,97,86,43,96,14,74,22,0,90,89,90,87,97,0,0,96,99
l24,1=0,0,0,0,0,0,0,0,0,16,18,0,0,0,0,0,0,0,24,4,81,88,80,89,0,86,83,88,88,86,83,79,76,1,89,90,90,87,90,11,1,87,97
l25,1=0,0,0,0,0,0,0,0,0,0,4,0,0,0,0,0,0,2,13,5,90,89,77,87,82,0,83,78,88,21,56,92,60,3,94,79,93,87,92,0,1,97,99
l26,1=0,0,0,0,0,0,0,0,0,0,0,0,0,0,0,0,0,0,0,0,88,93,86,97,87,82,0,86,98,95,94,74,73,0,87,89,87,87,95,0,0,90,99
l27,1=0,0,0,0,0,0,0,0,0,0,0,0,0,0,0,0,0,0,0,0,89,95,86,91,99,87,93,0,89,62,84,88,76,0,90,89,91,87,92,0,3,87,99
l28,1=0,0,0,0,0,0,0,0,0,0,0,0,0,0,0,0,0,0,0,0,6,94,79,8,89,90,95,85,0,95,94,75,85,0,89,85,86,86,97,0,0,78,99
l29,1=0,0,0,0,0,0,0,0,0,0,0,0,0,0,0,0,0,0,0,0,54,94,69,97,89,64,91,66,98,0,96,85,82,0,85,72,87,87,97,0,0,52,99
l30,1=0,0,0,0,0,0,0,0,0,0,0,0,0,0,0,0,0,0,0,0,76,94,74,87,88,71,95,86,86,96,0,80,80,0,69,89,88,83,97,0,0,81,99
l31,1=0,0,0,0,0,0,0,0,0,0,0,0,0,0,0,0,0,0,0,0,79,86,72,70,91,99,18,82,25,84,83,0,0,0,93,78,100,89,51,0,4,73,96
l32,1=0,14,78,50,0,0,0,0,0,0,0,0,0,0,34,0,0,0,0,0,0,92,0,18,81,67,68,62,97,93,90,66,0,0,27,75,19,0,89,0,0,0,84
l33,1=0,66,55,0,0,0,0,0,0,34,63,47,0,0,0,0,0,0,35,1,77,0,27,0,56,3,0,0,0,0,0,0,0,0,47,47,2,68,0,100,92,0,0
l34,1=0,0,0,0,0,0,0,0,0,2,14,2,0,0,0,0,0,0,16,69,100,73,77,86,82,88,79,79,57,79,62,80,12,46,0,90,86,91,82,1,66,79,97
l35,1=0,0,0,0,0,0,0,0,0,0,0,0,0,0,0,0,0,0,0,20,84,88,77,88,96,89,94,79,89,80,86,79,73,65,91,0,86,87,94,4,1,90,99
l36,1=0,0,0,0,0,0,0,0,0,0,0,0,0,0,0,0,0,0,9,74,89,88,80,93,98,100,86,80,88,86,85,93,1,74,89,81,0,87,85,14,78,90,99
l37,1=0,0,0,0,0,0,0,10,3,0,1,2,0,0,0,2,2,69,88,9,100,63,97,64,9,99,73,97,36,60,76,94,0,74,87,88,96,0,35,58,95,96,97
l38,1=0,0,0,0,0,0,0,0,0,0,0,0,0,0,0,0,0,0,0,0,73,93,70,97,81,91,93,77,98,96,97,66,70,0,82,89,81,61,0,0,0,82,99
l39,1=0,70,1,0,0,0,0,77,11,26,59,86,0,0,0,0,0,0,55,91,73,0,0,0,13,4,0,0,0,0,0,0,0,100,38,0,26,20,0,0,79,0,0
l40,1=0,79,0,0,0,0,0,53,86,28,17,42,0,0,0,0,70,97,93,87,88,0,83,0,18,9,0,23,0,0,0,61,0,92,93,79,91,100,0,95,0,52,0
l41,1=0,0,0,0,0,0,0,0,0,0,0,0,0,0,0,0,0,0,0,0,85,88,74,83,90,93,86,79,39,79,81,80,0,0,88,79,84,88,89,0,73,0,99
l42,1=0,0,0,0,0,0,0,0,0,0,0,0,0,0,0,0,0,0,0,0,89,92,92,95,84,91,95,93,98,96,91,90,84,46,84,91,93,87,95,0,0,92,0

l0,2=0,97,97,80,61,94,74,51,0,93,84,57,89,3,0,0,0,0,0,0,0,0,0,0,0,0,0,0,0,0,0,0,0,0,0,0,0,0,0,0,0,0,0
l1,2=91,0,98,100,97,90,88,42,90,99,79,90,50,82,3,0,0,0,1,0,0,0,0,0,0,0,0,0,0,0,0,0,14,1,0,0,0,0,0,89,2,0,0
l2,2=86,99,0,77,98,96,66,1,26,99,57,91,88,83,7,0,0,0,0,0,0,0,0,0,0,0,0,0,0,0,0,0,89,1,0,0,0,0,0,0,0,0,0
l3,2=96,100,45,0,97,99,99,0,0,92,6,52,98,96,14,0,0,0,0,0,0,0,0,0,0,0,0,0,0,0,0,0,0,0,0,0,0,0,0,0,0,0,0
l4,2=97,100,98,100,0,99,99,52,16,98,32,86,94,99,11,0,0,0,0,0,0,0,0,0,0,0,0,0,0,0,0,0,0,0,0,0,0,0,0,0,0,0,0
l5,2=97,89,96,91,98,0,99,52,92,86,83,1,45,88,90,0,0,0,0,0,0,0,0,0,0,0,0,0,0,0,0,0,0,0,0,0,0,0,0,0,0,0,0
l6,2=84,90,89,100,99,100,0,52,18,93,75,86,36,95,99,0,0,0,0,0,0,0,0,0,0,0,0,0,0,0,0,0,0,0,0,0,0,0,0,0,0,0,0
l7,2=88,91,1,0,72,4,23,0,97,72,83,91,0,0,0,1,76,86,0,0,0,0,0,0,0,0,0,0,0,0,0,0,0,6,0,0,0,13,0,3,75,0,0
l8,2=0,82,1,0,39,82,1,97,0,89,85,17,0,0,0,71,99,96,2,2,0,0,0,0,0,0,0,0,0,0,0,0,0,0,0,0,0,80,0,79,79,0,0
l9,2=77,90,87,82,89,88,1,53,95,0,78,83,7,1,0,0,0,1,91,1,0,0,0,0,0,0,0,0,0,0,0,0,0,88,85,0,0,0,0,75,86,0,0
l10,2=63,74,92,16,1,85,64,54,89,82,0,68,0,0,0,36,85,69,68,60,6,0,44,0,2,4,0,0,0,0,0,0,0,7,68,0,0,72,0,75,41,0,0
l11,2=87,90,86,81,89,84,89,75,3,100,99,0,0,0,0,0,0,2,20,0,0,0,0,0,1,0,0,0,0,0,0,0,0,4,0,0,0,0,0,91,85,0,0
l12,2=83,71,99,100,94,6,0,0,0,0,0,0,0,100,77,0,0,0,0,0,0,0,0,0,0,0,0,0,0,0,0,0,0,0,0,0,0,0,0,0,0,0,0
l13,2=1,72,99,100,99,99,99,0,0,47,0,0,98,0,100,0,0,0,0,0,0,0,0,0,0,0,0,0,0,0,0,0,0,0,0,0,0,0,0,0,0,0,0
l14,2=3,71,1,4,89,100,100,0,0,0,0,0,35,100,0,0,0,0,0,0,0,0,0,0,0,0,0,0,0,0,0,0,0,0,0,0,0,0,0,0,0,0,0
l15,2=0,0,0,0,0,0,0,72,85,0,68,0,0,0,0,0,99,96,69,0,0,0,0,0,0,0,0,0,0,0,0,0,0,0,0,0,0,0,0,0,1,0,0
l16,2=0,0,0,0,0,0,0,87,93,0,40,0,0,0,0,85,0,97,91,38,0,0,0,0,0,0,0,0,0,0,0,0,0,0,0,0,0,0,0,0,0,0,0
l17,2=0,0,0,0,0,0,0,73,91,52,78,0,0,0,0,73,99,0,77,75,0,0,0,0,0,0,0,0,0,0,0,0,0,0,0,0,0,0,0,0,64,0,0
l18,2=0,0,0,0,0,0,0,0,0,0,85,0,0,0,0,19,95,82,0,100,86,0,20,0,0,0,0,0,0,0,0,0,0,18,56,0,6,83,0,2,81,0,0
l19,2=0,0,0,0,0,0,0,2,1,0,32,0,0,0,0,0,64,79,100,0,70,0,1,0,0,15,0,0,0,0,0,38,0,21,0,0,6,53,0,5,24,0,0
l20,2=0,0,0,0,0,0,0,0,0,0,4,0,0,0,0,0,0,0,82,71,0,22,100,79,98,100,79,85,19,61,41,90,0,14,100,65,88,100,46,49,70,87,95
l21,2=0,0,0,0,0,0,0,0,0,0,0,0,0,0,0,0,0,0,0,0,75,0,82,86,95,86,94,68,99,92,94,79,79,0,74,93,87,87,100,0,0,82,98
l22,2=0,0,0,0,0,0,0,0,0,0,22,0,0,0,0,0,0,0,6,56,99,37,0,80,96,83,1,71,0,84,1,50,0,8,100,78,91,99,81,0,12,86,93
l23,2=0,0,0,0,0,0,0,0,0,0,0,0,0,0,0,0,0,0,0,0,93,98,89,0,95,86,94,78,98,93,93,28,82,0,90,93,90,26,92,0,0,89,98
l24,2=0,0,0,0,0,0,0,0,0,0,0,0,0,0,0,0,0,0,3,0,90,82,88,78,0,78,84,71,90,83,81,70,79,6,92,97,99,92,91,52,1,89,98
l25,2=0,0,0,0,0,0,0,0,0,0,31,0,0,0,0,0,0,0,19,14,96,83,86,80,94,0,76,80,86,81,77,69,24,25,96,73,81,93,95,66,73,92,89
l26,2=0,0,0,0,0,0,0,0,0,0,0,0,0,0,0,0,0,0,0,0,92,94,2,84,95,73,0,78,99,96,97,81,87,0,92,96,87,92,100,0,0,82,98
l27,2=0,0,0,0,0,0,0,0,0,0,0,0,0,0,0,0,0,0,0,0,90,82,89,80,96,90,84,0,91,84,82,71,0,0,85,93,83,91,95,0,0,86,95
l28,2=0,0,0,0,0,0,0,0,0,0,0,0,0,0,0,0,0,0,0,0,53,95,4,84,94,84,94,76,0,92,91,59,88,0,88,92,83,91,100,0,0,85,96
l29,2=0,0,0,0,0,0,0,0,0,0,0,0,0,0,0,0,0,0,0,0,26,94,88,84,95,84,94,78,97,0,92,71,82,0,1,80,88,91,96,0,0,90,96
l30,2=0,0,0,0,0,0,0,0,0,0,0,0,0,0,0,0,0,0,0,0,86,97,74,86,95,86,94,79,97,94,0,71,87,0,92,93,85,91,100,0,0,89,98
l31,2=0,0,0,0,0,0,0,0,0,0,0,0,0,0,0,0,0,0,0,0,96,85,1,61,95,75,83,71,10,79,55,0,0,0,79,77,100,89,21,0,48,96,97
l32,2=0,74,84,1,0,0,0,0,0,0,0,0,0,0,0,0,0,0,0,0,0,63,0,74,8,0,91,9,96,87,90,13,0,0,1,9,63,0,94,2,0,0,41
l33,2=0,15,45,0,0,0,0,41,0,79,48,4,0,0,0,0,0,0,61,51,1,0,59,0,49,3,0,0,0,0,0,0,0,0,78,4,3,28,0,100,86,0,0
l34,2=0,0,0,0,0,0,0,0,0,55,16,0,0,0,0,0,0,0,32,33,98,11,100,74,100,92,84,88,86,4,78,79,4,70,0,94,90,92,87,83,75,90,96
l35,2=0,0,0,0,0,0,0,0,0,0,0,0,0,0,0,0,0,0,11,0,84,95,88,81,100,78,95,79,91,80,82,69,24,44,91,0,82,92,100,6,42,86,99
l36,2=0,0,0,0,0,0,0,0,0,0,3,0,0,0,0,0,0,0,26,80,95,90,91,86,100,89,87,74,90,94,80,85,76,1,92,91,0,91,63,81,19,92,99
l37,2=0,0,0,0,0,0,0,21,64,0,27,0,0,0,0,0,1,1,83,33,100,12,70,70,76,100,44,95,73,61,70,87,0,5,88,42,93,0,60,37,83,93,70
l38,2=0,0,0,0,0,0,0,0,0,0,0,0,0,0,0,0,0,0,0,0,43,96,83,82,95,86,94,78,100,94,93,2,88,0,90,92,73,89,0,0,0,60,95
l39,2=0,80,4,0,0,0,0,2,78,65,100,75,0,0,0,0,0,0,1,1,64,0,0,0,51,7,0,0,0,0,0,0,0,100,83,0,78,1,0,0,100,0,0
l40,2=0,35,0,0,0,0,0,40,12,58,11,81,0,0,0,10,68,96,95,93,92,0,75,0,24,88,0,0,0,0,0,76,0,93,90,31,51,98,0,96,0,62,0
l41,2=0,0,0,0,0,0,0,0,0,0,0,0,0,0,0,0,0,0,1,0,91,74,88,80,98,84,64,71,87,81,77,93,0,0,87,80,89,99,5,0,46,0,98
l42,2=0,0,0,0,0,0,0,0,0,0,0,0,0,0,0,0,0,0,0,0,84,94,56,100,94,85,97,83,88,85,94,84,61,0,76,95,88,91,94,5,0,93,0

l0,3=0,100,100,99,100,99,99,94,94,99,99,76,97,48,0,0,0,0,0,0,0,0,0,0,0,0,0,0,0,0,0,0,0,0,0,0,0,0,0,15,0,0,0
l1,3=100,0,100,100,99,97,88,80,60,100,86,94,96,95,12,0,0,4,75,8,0,0,0,0,0,0,0,0,0,0,0,0,60,97,0,0,0,0,0,12,1,0,0
l2,3=97,100,0,99,99,98,98,37,36,99,8,100,98,98,98,0,0,0,0,0,0,0,0,0,0,0,0,0,0,0,0,0,32,0,0,0,0,0,0,1,0,0,0
l3,3=95,99,100,0,100,97,98,0,0,99,72,1,98,97,94,0,0,0,0,0,0,0,0,0,0,0,0,0,0,0,0,0,0,0,0,0,0,0,0,0,0,0,0
l4,3=96,100,100,100,0,99,100,1,70,1,88,95,97,94,95,0,0,0,0,0,0,0,0,0,0,0,0,0,0,0,0,0,0,0,0,0,0,0,0,0,0,0,0
l5,3=97,99,100,99,100,0,99,70,97,100,87,76,6,34,95,0,0,0,0,0,0,0,0,0,0,0,0,0,0,0,0,0,0,0,0,0,0,0,0,0,0,0,0
l6,3=94,95,100,98,100,97,0,62,60,99,91,84,35,90,96,0,0,0,0,0,0,0,0,0,0,0,0,0,0,0,0,0,0,0,0,0,0,0,0,0,0,0,0
l7,3=100,99,100,0,53,81,92,0,100,94,98,89,25,0,0,92,87,70,3,44,0,0,0,0,0,0,0,0,0,0,0,0,0,87,0,0,0,0,0,85,2,0,0
l8,3=97,78,2,0,8,85,1,89,0,87,80,43,0,0,0,94,74,97,15,3,0,0,0,0,0,0,0,0,0,0,0,0,0,0,0,0,0,47,0,8,1,0,0
l9,3=98,99,99,97,92,95,83,84,97,0,100,96,21,86,0,0,0,69,1,7,0,0,0,0,22,0,0,0,0,0,0,0,0,88,0,0,0,0,0,95,98,0,0
l10,3=77,85,100,80,87,88,92,89,37,98,0,99,0,0,0,80,5,13,85,42,20,0,91,0,1,8,0,0,0,0,0,0,0,90,86,0,0,59,0,98,97,0,0
l11,3=1,100,100,89,89,61,33,99,14,100,79,0,0,0,0,1,0,1,97,73,0,0,0,0,0,0,0,0,0,0,0,0,0,100,0,0,0,0,0,91,99,0,0
l12,3=93,98,100,100,12,4,0,0,0,1,0,0,0,100,28,0,0,0,0,0,0,0,0,0,0,0,0,0,0,0,0,0,0,0,0,0,0,0,0,0,0,0,0
l13,3=0,98,100,99,83,96,4,0,0,77,0,0,99,0,100,0,0,0,0,0,0,0,0,0,0,0,0,0,0,0,0,0,0,0,0,0,0,0,0,0,0,0,0
l14,3=1,88,100,95,98,100,100,0,0,0,0,4,75,100,0,0,0,0,0,0,0,0,0,0,0,0,0,0,0,0,0,0,0,0,0,0,0,0,0,0,0,0,0
l15,3=0,0,0,0,0,0,0,78,96,0,69,7,0,0,0,0,99,93,89,16,0,0,0,0,0,0,0,0,0,0,0,0,0,0,0,0,0,0,0,0,0,0,0
l16,3=0,0,0,0,0,0,0,61,89,0,0,0,0,0,0,99,0,98,90,0,0,0,0,0,0,0,0,0,0,0,0,0,0,0,0,0,0,0,0,0,0,0,0
l17,3=0,0,0,0,0,0,0,69,96,8,52,1,0,0,0,94,98,0,44,15,0,0,0,0,0,0,0,0,0,0,0,0,0,0,0,0,0,41,0,0,65,0,0
l18,3=0,2,0,0,0,0,0,3,42,4,43,15,0,0,0,68,97,72,0,98,93,0,0,0,0,50,0,0,0,0,0,14,0,12,45,0,0,83,0,7,100,0,0
l19,3=0,0,0,0,0,0,0,0,1,5,66,5,0,0,0,0,49,57,99,0,23,0,0,0,0,28,0,0,0,0,0,51,0,67,61,0,74,79,0,48,100,1,0
l20,3=0,0,0,0,0,0,0,0,0,0,35,0,0,0,0,0,0,0,95,91,0,82,100,99,100,100,95,100,72,23,91,100,0,26,100,90,98,100,4,63,89,99,95
l21,3=0,0,0,0,0,0,0,0,0,0,0,0,0,0,0,0,0,0,0,0,85,0,82,98,84,93,100,99,97,99,100,87,97,0,92,90,95,86,99,0,0,82,98
l22,3=0,0,0,0,0,0,0,0,0,0,25,0,0,0,0,0,0,0,49,1,100,53,0,96,99,100,1,100,92,49,77,99,0,51,100,99,100,100,95,5,16,98,96
l23,3=0,0,0,0,0,0,0,0,0,0,0,0,0,0,0,0,0,0,0,0,86,97,83,0,99,96,88,87,96,99,100,89,11,0,84,95,86,86,91,0,0,84,96
l24,3=0,0,0,0,0,0,0,0,0,0,75,0,0,0,0,0,0,0,3,0,98,94,92,100,0,99,98,91,91,99,100,99,86,86,99,99,99,91,95,4,42,96,90
l25,3=0,0,0,0,0,0,0,0,0,0,62,0,0,0,0,0,0,0,38,9,98,88,96,100,98,0,96,99,96,96,1,82,1,5,99,99,98,100,94,26,71,98,88
l26,3=0,0,0,0,0,0,0,0,0,0,0,0,0,0,0,0,0,0,0,0,85,99,88,96,94,97,0,91,36,99,99,89,5,0,92,97,90,86,94,0,0,84,98
l27,3=0,0,0,0,0,0,0,0,0,0,0,0,0,0,0,0,0,0,0,0,98,99,99,100,99,99,99,0,98,99,100,100,0,0,99,99,99,100,97,0,2,99,98
l28,3=0,0,0,0,0,0,0,0,0,0,0,0,0,0,0,0,0,0,0,0,1,89,88,94,86,89,87,87,0,98,96,61,88,0,84,92,79,86,98,0,0,78,95
l29,3=0,0,0,0,0,0,0,0,0,0,0,0,0,0,0,0,0,0,0,0,19,83,79,98,95,88,98,87,94,0,93,87,87,2,85,91,88,90,94,12,0,82,92
l30,3=0,0,0,0,0,0,0,0,0,0,0,0,0,0,0,0,0,0,0,0,84,99,84,100,91,91,93,100,96,98,0,87,90,0,88,95,83,86,99,0,0,85,98
l31,3=0,0,0,0,0,0,0,0,0,0,0,0,0,0,0,0,0,0,0,3,99,77,95,100,99,56,100,100,2,98,32,0,0,0,97,99,98,100,85,0,0,100,99
l32,3=0,9,54,3,0,0,0,0,0,0,0,0,0,0,0,0,0,0,0,0,0,86,0,25,27,27,20,4,95,92,94,0,0,0,1,80,63,0,86,0,0,0,13
l33,3=1,95,12,0,0,0,0,30,0,99,63,85,0,0,0,0,0,0,97,100,8,0,3,0,99,0,0,0,0,2,0,0,0,0,98,1,2,99,0,100,100,0,0
l34,3=0,1,0,0,0,0,0,0,0,0,87,1,0,0,0,0,0,0,83,98,100,97,100,87,100,99,99,100,37,93,99,99,63,100,0,100,100,100,92,96,97,99,98
l35,3=0,0,0,0,0,0,0,0,0,0,0,0,0,0,0,0,0,0,84,0,84,94,93,100,99,99,100,100,96,96,100,98,88,69,99,0,64,100,98,5,28,99,98
l36,3=0,0,0,0,0,0,0,0,0,0,0,0,0,0,0,0,0,0,8,71,99,98,100,98,100,100,97,100,96,100,96,100,40,30,5,45,0,99,97,11,87,99,92
l37,3=0,0,0,0,0,0,0,0,62,0,71,0,0,0,0,0,9,82,98,72,100,96,100,94,100,94,51,100,1,78,84,100,0,80,100,93,100,0,83,92,99,92,96
l38,3=0,0,0,0,0,0,0,0,0,0,0,0,0,0,0,0,0,0,0,0,3,96,84,96,83,96,91,86,98,99,100,87,87,0,85,92,80,80,0,0,0,82,98
l39,3=2,25,15,0,0,0,0,13,71,100,100,99,0,0,0,0,0,0,60,79,99,0,73,0,80,0,0,0,0,0,0,0,0,100,100,0,2,100,0,0,99,0,0
l40,3=0,48,0,0,0,0,0,83,9,86,72,73,0,0,0,0,45,97,97,99,79,0,54,0,82,52,0,4,0,0,0,31,0,90,86,14,78,100,0,95,0,82,1
l41,3=0,0,0,0,0,0,0,0,0,0,0,0,0,0,0,0,0,0,11,5,92,86,92,100,100,99,92,100,49,96,99,100,0,0,99,98,98,100,96,0,92,0,98
l42,3=0,0,0,0,0,0,0,0,0,0,0,0,0,0,0,0,0,0,0,0,98,99,89,99,91,86,99,96,96,97,98,95,5,24,98,92,89,86,96,3,5,12,0

l0,4=0,100,100,98,99,99,98,98,54,100,99,99,53,0,0,0,0,0,0,0,0,0,0,0,0,0,0,0,0,0,0,0,0,0,0,0,0,0,0,0,0,0,0
l1,4=100,0,100,100,100,99,99,95,7,100,100,98,3,48,34,0,0,0,1,0,0,0,0,0,0,0,0,0,0,0,0,0,93,43,0,0,0,0,0,76,67,0,0
l2,4=100,100,0,100,100,100,99,95,0,94,100,100,100,96,56,0,0,0,0,0,0,0,0,0,0,0,0,0,0,0,0,0,93,0,0,0,0,0,0,52,0,0,0
l3,4=100,100,100,0,100,100,99,0,0,95,77,98,100,94,38,0,0,0,0,0,0,0,0,0,0,0,0,0,0,0,0,0,29,0,0,0,0,0,0,0,0,0,0
l4,4=100,100,100,99,0,100,100,87,40,95,97,97,61,92,99,0,0,0,0,0,0,0,0,0,0,0,0,0,0,0,0,0,0,0,0,0,0,0,0,0,0,0,0
l5,4=99,98,98,100,100,0,100,100,97,95,97,88,3,94,100,0,0,0,0,0,0,0,0,0,0,0,0,0,0,0,0,0,0,0,0,0,0,0,0,0,0,0,0
l6,4=98,98,98,99,100,99,0,22,4,95,99,44,34,17,100,0,0,0,0,0,0,0,0,0,0,0,0,0,0,0,0,0,0,0,0,0,0,0,0,0,0,0,0
l7,4=97,98,98,0,93,97,76,0,99,95,99,98,0,0,0,98,98,96,87,35,0,0,0,0,0,0,0,0,0,0,0,0,0,1,0,0,0,0,0,75,66,0,0
l8,4=50,2,0,0,4,93,67,96,0,51,95,94,0,0,0,99,94,99,25,14,0,0,0,0,0,0,0,0,0,0,0,0,0,14,0,0,0,26,0,18,0,0,0
l9,4=100,100,100,99,98,98,99,73,25,0,100,100,31,1,2,27,0,76,95,91,0,0,0,0,53,0,0,0,0,0,0,0,0,99,0,0,0,0,0,100,1,0,0
l10,4=97,99,96,99,71,83,96,100,89,100,0,99,0,0,0,65,97,100,34,28,6,0,40,0,4,3,0,0,0,0,0,0,0,96,99,0,0,67,0,97,96,0,0
l11,4=100,98,98,98,99,99,62,100,99,99,100,0,0,0,0,0,0,89,81,45,0,0,0,0,0,0,0,0,0,0,0,0,0,85,36,0,0,0,0,99,93,0,0
l12,4=97,99,99,100,87,100,8,0,0,66,0,0,0,100,100,0,0,0,0,0,0,0,0,0,0,0,0,0,0,0,0,0,0,0,0,0,0,0,0,0,0,0,0
l13,4=25,98,97,99,97,100,2,0,0,11,0,0,100,0,100,0,0,0,0,0,0,0,0,0,0,0,0,0,0,0,0,0,0,0,0,0,0,0,0,0,0,0,0
l14,4=69,52,89,82,2,100,100,0,0,43,0,0,99,100,0,0,0,0,0,0,0,0,0,0,0,0,0,0,0,0,0,0,0,0,0,0,0,0,0,0,0,0,0
l15,4=0,0,0,0,0,0,0,24,97,32,36,0,0,0,0,0,98,97,73,3,0,0,0,0,0,0,0,0,0,0,0,0,0,0,0,0,0,0,0,0,0,0,0
l16,4=0,0,0,0,0,0,0,94,97,0,16,0,0,0,0,99,0,99,92,0,0,0,0,0,0,0,0,0,0,0,0,0,0,0,0,0,0,0,0,0,0,0,0
l17,4=0,0,0,0,0,0,0,61,97,9,79,59,0,0,0,96,96,0,60,78,0,0,0,0,0,0,0,0,0,0,0,0,0,0,0,0,0,33,0,0,63,0,0
l18,4=0,0,0,0,0,0,0,56,75,2,96,44,0,0,0,15,97,70,0,99,100,0,24,0,2,6,0,0,0,0,0,13,0,25,99,0,1,99,0,3,98,0,0
l19,4=0,0,0,0,0,0,0,36,0,7,37,6,0,0,0,0,14,100,99,0,100,0,5,0,0,85,0,0,0,0,0,73,0,27,1,0,34,90,0,80,98,4,0
l20,4=0,0,0,0,0,0,0,0,0,0,98,0,0,0,0,0,0,0,100,97,0,96,98,100,100,99,62,99,90,94,98,99,0,94,100,98,99,99,99,78,99,44,80
l21,4=0,0,0,0,0,0,0,0,0,0,0,0,0,0,0,0,0,0,0,0,97,0,89,95,100,93,99,99,97,99,98,95,90,0,91,92,96,98,99,0,0,98,97
l22,4=0,0,0,0,0,0,0,0,0,0,67,0,0,0,0,0,0,0,51,19,100,98,0,100,100,99,96,99,34,98,64,99,0,97,99,98,99,99,99,58,100,99,98
l23,4=0,0,0,0,0,0,0,0,0,0,0,0,0,0,0,0,0,0,0,0,95,96,88,0,97,97,97,91,96,98,95,98,53,0,73,96,99,99,98,0,0,98,97
l24,4=0,0,0,0,0,0,0,0,0,18,0,0,0,0,0,0,0,0,1,0,100,99,94,100,0,100,99,99,97,93,96,90,7,96,99,99,100,98,99,37,85,99,97
l25,4=0,0,0,0,0,0,0,0,0,0,3,0,0,0,0,0,0,0,20,96,99,94,93,100,99,0,98,99,96,96,95,99,1,0,96,93,98,100,98,3,99,99,97
l26,4=0,0,0,0,0,0,0,0,0,0,0,0,0,0,0,0,0,0,0,0,86,98,84,96,96,96,0,99,97,97,97,99,73,0,91,94,96,99,99,0,0,98,97
l27,4=0,0,0,0,0,0,0,0,0,0,0,0,0,0,0,0,0,0,0,0,100,100,92,98,100,99,98,0,98,97,97,98,60,5,93,99,99,22,98,0,0,99,99
l28,4=0,0,0,0,0,0,0,0,0,0,0,0,0,0,0,0,0,0,0,0,77,99,83,96,96,93,99,71,0,97,94,2,96,0,91,92,94,96,99,0,0,84,98
l29,4=0,0,0,0,0,0,0,0,0,0,0,0,0,0,0,0,0,0,0,0,83,96,91,96,96,92,88,99,96,0,93,96,86,0,92,91,96,85,19,0,0,97,97
l30,4=0,0,0,0,0,0,0,0,0,0,0,0,0,0,0,0,0,0,0,0,97,100,88,96,99,94,99,99,97,98,0,98,97,0,91,93,94,99,99,0,0,98,97
l31,4=0,0,0,0,0,0,0,0,0,0,0,0,0,0,0,0,0,0,10,26,100,96,95,100,100,99,98,99,1,99,98,0,0,0,99,99,99,99,77,0,1,99,97
l32,4=0,95,21,17,0,0,0,0,0,0,0,0,0,8,0,0,0,0,0,0,0,87,0,82,63,1,93,0,91,91,92,1,0,0,0,84,0,0,93,0,0,0,25
l33,4=1,32,47,0,0,0,0,1,1,8,99,95,0,0,0,0,0,0,92,3,48,0,97,0,99,0,0,8,0,0,0,0,0,0,99,88,11,99,0,100,94,0,0
l34,4=0,3,0,0,0,0,0,0,0,0,100,80,0,0,0,0,0,0,96,3,100,98,100,99,100,98,98,99,95,98,95,100,0,97,0,93,99,99,98,100,73,100,92
l35,4=0,0,0,0,0,0,0,0,0,0,0,0,0,0,0,0,0,0,0,0,100,98,92,100,100,97,98,99,97,98,98,99,82,79,96,0,98,99,97,3,0,97,98
l36,4=0,0,0,0,0,0,0,0,0,0,1,0,0,0,0,0,0,0,92,46,100,98,92,100,100,98,98,99,95,98,94,99,1,68,100,99,0,92,98,99,86,99,97
l37,4=0,0,0,0,0,0,0,50,4,0,94,1,0,0,0,0,14,67,99,97,100,97,99,96,99,100,99,98,75,70,97,97,0,92,98,96,99,0,99,100,100,98,99
l38,4=0,0,0,0,0,0,0,0,0,0,0,0,0,0,0,0,0,0,0,0,74,100,91,100,97,96,99,94,97,2,98,66,95,0,92,91,97,97,0,0,0,93,97
l39,4=0,92,17,0,0,0,0,79,14,100,100,99,0,0,0,0,0,0,98,100,1,0,58,0,15,0,0,0,0,0,0,0,0,100,91,0,36,99,0,0,100,0,0
l40,4=0,93,0,0,0,0,0,75,0,4,97,94,0,0,0,0,27,32,99,99,100,0,39,0,99,100,0,0,0,0,0,89,0,93,19,21,98,99,0,99,0,89,50
l41,4=0,0,0,0,0,0,0,0,0,0,1,0,0,0,0,0,0,0,65,39,100,100,96,100,100,100,98,100,56,100,98,100,0,0,99,99,100,99,100,0,76,0,97
l42,4=0,0,0,0,0,0,0,0,0,0,0,0,0,0,0,0,0,0,0,0,98,99,98,100,100,97,98,99,98,99,100,100,23,0,99,98,97,100,99,1,81,99,0

l0,5=0,92,98,93,91,99,4,92,0,98,100,100,93,0,0,0,0,0,0,0,0,0,0,0,0,0,0,0,0,0,0,0,0,0,0,0,0,0,0,0,0,0,0
l1,5=99,0,100,100,100,100,91,84,6,100,100,100,87,86,34,0,0,0,79,0,0,0,0,0,0,0,0,0,0,0,0,0,75,75,0,0,0,0,0,56,0,0,0
l2,5=100,100,0,100,99,100,80,92,1,91,100,84,89,97,88,0,0,0,0,0,0,0,0,0,0,0,0,0,0,0,0,0,3,47,0,0,0,0,0,21,0,0,0
l3,5=100,100,100,0,90,93,2,0,0,76,21,92,52,89,0,0,0,0,0,0,0,0,0,0,0,0,0,0,0,0,0,0,0,0,0,0,0,0,0,0,0,0,0
l4,5=97,84,100,83,0,91,91,89,11,56,100,19,88,88,89,0,0,0,0,0,0,0,0,0,0,0,0,0,0,0,0,0,0,0,0,0,0,0,0,0,0,0,0
l5,5=87,86,96,91,94,0,94,94,92,88,97,92,37,95,90,0,0,0,0,0,0,0,0,0,0,0,0,0,0,0,0,0,0,0,0,0,0,0,0,0,0,0,0
l6,5=86,82,92,79,91,91,0,94,80,89,96,80,85,20,89,0,0,0,0,0,0,0,0,0,0,0,0,0,0,0,0,0,0,0,0,0,0,0,0,0,0,0,0
l7,5=25,76,85,39,79,84,85,0,98,84,92,87,0,0,0,99,2,100,2,77,0,0,0,0,0,0,0,0,0,0,0,0,0,21,0,0,0,28,0,93,89,0,0
l8,5=1,1,1,0,0,83,72,98,0,66,97,90,0,0,0,95,92,31,10,0,0,0,0,0,0,0,0,0,0,0,0,0,0,0,0,0,0,0,0,12,12,0,0
l9,5=84,95,94,73,85,84,83,94,74,0,100,96,1,51,0,0,16,1,5,87,0,0,0,0,0,0,0,0,0,0,0,0,0,77,40,0,0,0,0,84,1,0,0
l10,5=84,83,92,1,79,95,65,95,100,97,0,85,0,0,0,0,73,3,90,90,13,0,7,0,60,0,0,0,0,0,0,0,0,15,44,0,69,97,0,86,83,1,0
l11,5=86,82,93,80,36,89,82,94,78,98,100,0,0,0,0,0,0,47,4,1,0,0,0,0,0,0,0,0,0,0,0,0,0,23,0,0,0,1,0,82,0,0,0
l12,5=87,96,99,15,98,16,16,0,0,2,0,0,0,100,98,0,0,0,0,0,0,0,0,0,0,0,0,0,0,0,0,0,0,0,0,0,0,0,0,0,0,0,0
l13,5=0,83,98,99,99,95,46,0,0,2,0,0,100,0,100,0,0,0,0,0,0,0,0,0,0,0,0,0,0,0,0,0,0,0,0,0,0,0,0,0,0,0,0
l14,5=26,51,94,3,91,100,99,0,0,0,0,0,99,100,0,0,0,0,0,0,0,0,0,0,0,0,0,0,0,0,0,0,0,0,0,0,0,0,0,0,0,0,0
l15,5=0,0,0,0,0,0,0,58,98,0,0,0,0,0,0,0,99,97,32,0,0,0,0,0,0,0,0,0,0,0,0,0,0,0,0,0,0,0,0,0,8,0,0
l16,5=0,0,0,0,0,0,0,86,99,0,82,0,0,0,0,98,0,97,45,0,0,0,0,0,0,0,0,0,0,0,0,0,0,0,0,0,0,0,0,0,0,0,0
l17,5=0,0,0,0,0,0,0,95,38,34,49,29,0,0,0,99,98,0,93,92,0,0,0,0,0,0,0,0,0,0,0,0,0,0,0,0,0,0,0,0,25,0,0
l18,5=0,16,0,0,0,0,0,0,14,15,76,0,0,0,0,0,93,98,0,100,84,0,1,0,0,54,0,0,0,0,0,50,0,5,20,0,0,77,0,15,22,0,0
l19,5=0,0,0,0,0,0,0,1,0,4,21,0,0,0,0,1,5,91,98,0,97,0,1,0,4,30,0,0,0,0,0,5,0,87,23,0,1,92,0,90,71,0,0
l20,5=0,0,0,0,0,0,0,0,0,0,3,0,0,0,0,0,0,0,53,78,0,97,98,75,98,96,39,96,55,80,68,97,0,40,100,99,96,100,1,0,76,90,36
l21,5=0,0,0,0,0,0,0,0,0,0,0,0,0,0,0,0,0,0,0,0,87,0,92,96,97,94,95,92,97,93,96,90,93,0,98,98,96,96,98,0,0,86,97
l22,5=0,0,0,0,0,0,0,0,0,0,30,0,0,0,0,0,0,0,38,19,94,40,0,78,97,98,95,71,1,92,95,94,0,30,100,99,98,100,12,47,76,87,90
l23,5=0,0,0,0,0,0,0,0,0,0,0,0,0,0,0,0,0,0,0,0,49,98,91,0,97,99,95,92,93,94,70,91,32,0,96,100,97,93,87,0,0,88,97
l24,5=0,0,0,0,0,0,0,0,0,0,0,0,0,0,0,0,0,0,31,52,90,97,97,95,0,95,94,94,94,94,91,78,47,22,100,100,99,97,86,29,74,91,96
l25,5=0,0,0,0,0,0,0,0,0,0,0,0,0,0,0,0,0,0,82,62,89,97,98,95,97,0,95,94,89,90,95,95,75,0,22,100,96,100,87,0,76,92,91
l26,5=0,0,0,0,0,0,0,0,0,0,0,0,0,0,0,0,0,0,0,0,87,98,96,96,97,93,0,94,88,93,96,92,83,0,65,100,95,97,89,0,0,88,97
l27,5=0,0,0,0,0,0,0,0,0,0,0,0,0,0,0,0,0,0,0,0,87,98,24,92,97,94,95,0,93,73,95,98,61,0,99,100,97,97,88,0,0,92,90
l28,5=0,0,0,0,0,0,0,0,0,0,0,0,0,0,0,0,0,0,0,0,9,99,3,91,97,93,93,92,0,91,98,83,1,0,92,99,87,91,97,0,0,87,97
l29,5=0,0,0,0,0,0,0,0,0,0,0,0,0,0,0,0,0,0,0,0,44,97,94,94,97,93,94,56,87,0,96,89,83,0,98,97,32,60,94,4,0,87,96
l30,5=0,0,0,0,0,0,0,0,0,0,0,0,0,0,0,0,0,0,0,0,20,99,93,73,93,93,98,92,96,95,0,13,87,0,96,98,96,96,99,0,0,36,97
l31,5=0,0,0,0,0,0,0,0,0,0,0,0,0,0,0,0,0,0,6,0,90,56,78,54,2,96,95,96,44,60,35,0,0,0,99,100,97,99,79,0,1,96,88
l32,5=0,26,59,0,0,0,0,0,0,0,0,0,2,0,0,0,0,0,0,0,0,95,0,61,58,83,85,58,30,90,92,71,0,0,1,3,31,0,92,0,0,0,13
l33,5=72,86,55,0,0,0,0,55,21,96,28,10,0,0,0,0,0,0,19,99,21,0,20,0,41,34,0,0,0,0,0,0,0,0,100,28,50,93,0,100,90,0,0
l34,5=0,0,0,0,0,0,0,0,0,29,12,0,0,0,0,0,0,0,85,68,98,98,100,85,100,61,94,96,76,94,95,97,10,86,0,99,100,98,89,73,77,91,70
l35,5=0,0,0,0,0,0,0,0,0,0,0,0,0,0,0,0,0,0,39,0,87,98,95,98,98,96,95,96,97,94,95,98,14,12,98,0,97,22,88,86,2,90,98
l36,5=0,0,0,0,0,0,0,0,0,1,35,0,0,0,0,0,0,0,69,72,90,98,98,91,97,96,14,95,65,44,95,98,33,69,99,100,0,94,84,18,74,91,86
l37,5=0,0,0,0,0,0,0,28,0,0,40,42,0,0,0,0,6,0,60,8,100,96,97,92,100,100,95,82,73,66,87,94,0,79,99,96,96,0,39,70,90,88,91
l38,5=0,0,0,0,0,0,0,0,0,0,0,0,0,0,0,0,0,0,0,0,1,98,57,95,95,93,95,93,99,95,96,9,100,0,97,96,80,5,0,0,0,86,97
l39,5=0,2,7,0,0,0,0,93,12,100,92,72,0,0,0,0,0,0,53,90,0,0,2,0,2,2,0,0,0,0,0,0,0,100,100,85,59,10,0,0,63,0,0
l40,5=0,0,0,0,0,0,0,84,1,15,37,1,0,0,0,48,12,15,91,79,99,0,96,0,92,96,0,0,0,0,0,27,0,83,98,3,65,98,0,77,0,30,0
l41,5=0,0,0,0,0,0,0,0,0,0,1,0,0,0,0,0,0,0,0,0,90,97,97,90,97,96,95,97,88,93,77,98,0,0,99,100,96,100,85,0,9,0,90
l42,5=0,0,0,0,0,0,0,0,0,0,0,0,0,0,0,0,0,0,0,0,1,96,86,97,100,99,94,91,92,98,96,99,9,0,27,96,37,97,98,0,0,94,0

l0,6=0,70,92,88,88,99,92,1,0,100,100,100,89,4,20,0,0,0,0,0,0,0,0,0,0,0,0,0,0,0,0,0,0,0,0,0,0,0,0,0,0,0,0
l1,6=92,0,100,95,94,80,5,91,24,86,95,91,85,83,84,0,0,0,0,27,0,0,0,0,0,0,0,0,0,0,0,0,1,80,0,0,0,0,0,61,0,0,0
l2,6=94,100,0,98,96,91,76,2,0,79,100,89,86,66,19,0,0,0,0,0,0,0,0,0,0,0,0,0,0,0,0,0,22,0,0,0,0,0,0,9,0,0,0
l3,6=91,84,93,0,65,87,81,0,0,8,2,89,86,88,33,0,0,0,0,0,0,0,0,0,0,0,0,0,0,0,0,0,0,0,0,0,0,0,0,0,0,0,0
l4,6=86,81,92,94,0,90,88,100,73,87,73,90,84,88,94,0,0,0,0,0,0,0,0,0,0,0,0,0,0,0,0,0,0,0,0,0,0,0,0,0,0,0,0
l5,6=86,82,92,94,94,0,88,100,90,48,100,91,85,88,95,0,0,0,0,0,0,0,0,0,0,0,0,0,0,0,0,0,0,0,0,0,0,0,0,0,0,0,0
l6,6=86,81,91,93,94,88,0,99,96,1,9,65,60,86,94,0,0,0,0,0,0,0,0,0,0,0,0,0,0,0,0,0,0,0,0,0,0,0,0,0,0,0,0
l7,6=84,90,65,0,84,97,85,0,92,88,92,83,0,0,0,11,74,22,90,28,0,0,0,0,0,0,0,0,0,0,0,0,0,9,0,0,0,77,0,6,6,0,0
l8,6=1,25,0,0,34,2,1,99,0,77,97,89,0,0,0,85,1,76,84,30,0,0,0,0,0,0,0,0,0,0,0,0,0,0,0,0,0,0,0,0,46,0,0
l9,6=86,86,63,77,86,69,9,98,75,0,100,87,38,16,0,0,0,24,2,56,0,0,0,0,0,0,0,0,0,0,0,0,0,76,20,0,0,0,0,72,5,0,0
l10,6=84,68,85,61,67,74,68,88,91,87,0,89,0,0,0,55,51,65,89,61,24,0,25,0,11,1,0,0,0,0,0,0,0,75,14,0,4,63,0,88,89,9,0
l11,6=86,86,84,82,81,67,52,95,82,71,100,0,0,0,0,0,0,2,52,0,0,0,0,0,0,0,0,0,0,0,0,0,0,70,1,0,0,0,0,44,0,0,0
l12,6=59,87,97,94,1,75,84,0,0,20,0,0,0,100,95,0,0,0,0,0,0,0,0,0,0,0,0,0,0,0,0,0,0,0,0,0,0,0,0,0,0,0,0
l13,6=0,75,89,94,92,87,88,0,0,82,0,0,88,0,96,0,0,0,0,0,0,0,0,0,0,0,0,0,0,0,0,0,0,0,0,0,0,0,0,0,0,0,0
l14,6=81,83,3,26,78,96,92,0,0,3,0,0,85,92,0,0,0,0,0,0,0,0,0,0,0,0,0,0,0,0,0,0,0,0,0,0,0,0,0,0,0,0,0
l15,6=0,0,0,0,0,0,0,63,87,0,26,0,0,0,0,0,96,92,88,0,0,0,0,0,0,0,0,0,0,0,0,0,0,0,0,0,0,0,0,0,5,0,0
l16,6=0,0,0,0,0,0,0,0,78,0,1,0,0,0,0,95,0,97,24,0,0,0,0,0,0,0,0,0,0,0,0,0,0,0,0,0,0,0,0,0,0,0,0
l17,6=0,0,0,0,0,0,0,87,58,22,51,1,0,0,0,90,86,0,40,83,0,0,0,0,0,0,0,0,0,0,0,0,0,0,0,0,0,45,0,0,29,0,0
l18,6=0,1,0,0,0,0,0,63,15,13,63,0,0,0,0,55,52,10,0,97,35,0,25,0,52,0,0,0,0,0,0,0,0,2,49,0,0,47,0,63,62,0,0
l19,6=0,1,0,0,0,0,0,0,0,3,51,0,0,0,0,0,0,47,96,0,83,0,0,0,0,1,0,0,0,0,0,1,0,8,4,0,0,2,0,8,87,0,0
l20,6=0,0,0,0,0,0,0,0,0,0,8,0,0,0,0,0,0,0,7,71,0,87,84,75,92,99,81,79,68,60,50,96,0,77,95,88,97,99,77,40,70,94,66
l21,6=0,0,0,0,0,0,0,0,0,0,0,0,0,0,0,0,0,0,0,0,84,0,83,97,98,94,94,92,71,98,99,89,57,0,93,95,89,83,93,5,0,91,98
l22,6=0,0,0,0,0,0,0,0,0,0,57,0,0,0,0,0,0,0,78,6,89,92,0,94,98,98,47,3,4,95,3,77,0,0,95,96,97,82,2,57,56,88,87
l23,6=0,0,0,0,0,0,0,0,0,0,0,0,0,0,0,0,0,0,0,0,75,99,82,0,97,98,94,91,79,98,99,94,58,0,88,96,97,96,92,0,0,91,98
l24,6=0,0,0,0,0,0,0,0,0,0,18,0,0,0,0,0,0,0,55,0,87,99,90,98,0,99,88,92,67,98,32,93,60,71,95,92,97,96,91,2,55,87,98
l25,6=0,0,0,0,0,0,0,0,0,0,9,0,0,0,0,0,0,0,1,27,88,97,88,99,98,0,93,91,51,96,99,91,63,29,91,96,38,99,84,10,79,91,88
l26,6=0,0,0,0,0,0,0,0,0,0,0,0,0,0,0,0,0,0,0,0,81,98,73,93,92,94,0,87,78,98,100,77,80,0,92,96,24,95,92,0,0,59,99
l27,6=0,0,0,0,0,0,0,0,0,0,0,0,0,0,0,0,0,0,0,0,86,99,71,99,98,98,91,0,81,96,93,94,35,1,95,97,96,95,89,0,6,91,98
l28,6=0,0,0,0,0,0,0,0,0,0,0,0,0,0,0,0,0,0,0,0,85,96,6,95,88,69,94,88,0,97,98,89,79,0,90,95,93,39,96,0,0,11,99
l29,6=0,0,0,0,0,0,0,0,0,0,0,0,0,0,0,0,0,0,0,0,78,97,87,97,94,93,94,87,77,0,99,80,78,0,92,95,93,92,93,0,0,11,92
l30,6=0,0,0,0,0,0,0,0,0,0,0,0,0,0,0,0,0,0,0,0,74,99,36,98,95,94,96,89,76,98,0,90,76,0,92,95,95,81,96,0,0,91,98
l31,6=0,0,0,0,0,0,0,0,0,0,0,0,0,0,0,0,0,0,0,0,88,1,4,96,98,97,91,93,14,74,94,0,0,0,93,96,97,97,36,0,0,93,88
l32,6=0,41,57,0,0,0,0,0,0,0,0,0,0,0,0,0,0,0,0,0,0,87,0,74,5,78,90,2,72,96,93,0,0,0,1,67,41,0,84,0,0,0,87
l33,6=13,61,0,0,0,0,0,20,0,59,25,46,0,0,0,0,0,0,11,6,63,0,12,0,68,15,0,0,0,0,0,0,0,0,67,61,53,65,0,100,53,0,0
l34,6=0,0,0,0,0,0,0,0,0,22,53,8,0,0,0,0,0,0,48,32,88,99,90,80,98,98,92,92,59,79,97,92,2,29,0,96,97,97,74,70,33,91,87
l35,6=0,0,0,0,0,0,0,0,0,0,0,0,0,0,0,0,0,0,0,0,87,99,88,99,92,98,95,92,80,91,96,94,59,47,90,0,97,92,89,67,18,91,98
l36,6=0,0,0,0,0,0,0,0,0,0,14,0,0,0,0,0,0,0,7,8,88,55,86,99,98,2,50,85,80,98,94,94,26,69,95,96,0,91,91,4,21,91,88
l37,6=0,0,0,0,0,0,0,5,0,0,4,0,0,0,0,0,0,51,30,1,87,85,97,92,97,99,90,84,45,82,61,97,0,68,96,98,87,0,85,24,82,91,88
l38,6=0,0,0,0,0,0,0,0,0,0,0,0,0,0,0,0,0,0,0,0,69,97,33,97,94,92,94,88,84,98,100,90,84,0,93,95,94,6,0,0,0,66,98
l39,6=0,62,26,0,0,0,0,34,0,62,37,26,0,0,0,0,0,0,63,34,4,0,80,0,0,2,0,0,0,0,0,0,0,100,68,49,30,29,0,0,54,0,0
l40,6=0,20,0,0,0,0,0,68,56,10,68,66,0,0,0,63,58,66,83,82,80,0,1,0,75,91,0,63,0,0,0,59,0,77,68,55,2,98,0,78,0,61,0
l41,6=0,0,0,0,0,0,0,0,0,0,18,0,0,0,0,0,0,0,49,0,91,98,89,91,98,99,45,92,88,1,99,94,0,0,95,96,97,96,52,0,24,0,89
l42,6=0,0,0,0,0,0,0,0,0,0,0,0,0,0,0,0,0,0,0,0,95,98,95,97,100,96,98,94,89,97,96,98,79,3,99,97,98,94,86,0,0,90,0

l0,7=0,79,91,85,90,100,0,97,0,99,86,99,94,22,0,0,0,0,0,0,0,0,0,0,0,0,0,0,0,0,0,0,0,0,0,0,0,0,0,0,0,0,0
l1,7=100,0,98,93,88,87,85,63,55,92,87,2,83,74,0,0,0,0,0,1,0,0,0,0,0,0,0,0,0,0,0,0,2,77,0,0,0,0,0,9,0,0,0
l2,7=88,99,0,100,63,100,79,4,0,74,82,92,99,74,66,0,0,0,0,0,0,0,0,0,0,0,0,0,0,0,0,0,32,51,0,0,0,0,0,21,0,0,0
l3,7=88,93,98,0,90,98,87,0,0,89,37,91,91,30,12,0,0,0,0,0,0,0,0,0,0,0,0,0,0,0,0,0,0,0,0,0,0,0,0,0,0,0,0
l4,7=88,92,92,88,0,98,90,46,86,82,83,83,91,83,82,0,0,0,0,0,0,0,0,0,0,0,0,0,0,0,0,0,0,0,0,0,0,0,0,0,0,0,0
l5,7=88,92,91,88,89,0,90,100,68,79,83,91,89,5,83,0,0,0,0,0,0,0,0,0,0,0,0,0,0,0,0,0,0,0,0,0,0,0,0,0,0,0,0
l6,7=2,90,80,95,84,97,0,20,88,82,50,91,78,40,78,0,0,0,0,0,0,0,0,0,0,0,0,0,0,0,0,0,0,0,0,0,0,0,0,0,0,0,0
l7,7=95,88,79,0,64,86,9,0,92,85,85,84,0,0,0,89,91,1,42,78,0,0,0,0,0,0,0,0,0,0,0,0,0,36,0,0,0,0,0,88,35,0,0
l8,7=0,64,0,0,30,55,81,98,0,84,82,66,0,0,0,73,91,90,7,6,0,0,0,0,0,0,0,0,0,0,0,0,0,0,0,0,0,2,0,0,67,0,0
l9,7=88,90,84,81,93,11,88,100,80,0,87,92,4,5,0,0,32,1,44,57,0,0,0,0,0,0,0,0,0,0,0,0,0,60,0,0,0,0,0,84,3,0,0
l10,7=83,89,90,8,74,89,80,85,74,84,0,79,0,0,0,2,1,74,70,36,75,0,27,0,0,5,0,0,0,0,0,64,0,36,14,0,1,9,0,76,72,0,0
l11,7=88,2,87,74,75,86,82,98,7,84,88,0,0,0,0,0,0,10,20,0,0,0,0,0,0,0,0,0,0,0,0,0,0,87,0,0,0,0,0,83,63,0,0
l12,7=1,54,100,88,2,1,3,0,0,0,0,0,0,98,100,0,0,0,0,0,0,0,0,0,0,0,0,0,0,0,0,0,0,0,0,0,0,0,0,0,0,0,0
l13,7=2,91,12,94,93,63,28,0,0,78,0,0,100,0,100,0,0,0,0,0,0,0,0,0,0,0,0,0,0,0,0,0,0,0,0,0,0,0,0,0,0,0,0
l14,7=0,15,89,1,68,96,87,1,0,0,0,0,93,94,0,0,0,0,0,0,0,0,0,0,0,0,0,0,0,0,0,0,14,0,0,0,0,0,0,0,0,0,0
l15,7=0,0,0,0,0,0,0,41,82,0,31,0,0,0,0,0,96,97,0,0,0,0,0,0,0,0,0,0,0,0,0,0,0,0,0,0,0,56,0,0,0,0,0
l16,7=0,0,0,0,0,0,0,0,87,0,0,0,0,0,0,93,0,100,21,0,0,0,0,0,0,0,0,0,0,0,0,0,0,0,0,0,0,0,0,0,0,0,0
l17,7=0,0,0,0,0,0,0,1,88,7,34,14,0,0,0,86,100,0,94,66,0,0,0,0,0,0,0,0,0,0,0,0,0,0,0,0,0,4,0,0,3,0,0
l18,7=0,0,0,0,0,0,0,19,1,0,54,0,0,0,0,0,20,77,0,100,35,0,0,0,1,1,0,0,0,0,0,0,0,83,69,0,14,86,0,83,89,0,0
l19,7=0,0,0,0,0,0,0,0,0,5,34,0,0,0,0,0,7,34,96,0,95,0,0,0,7,10,0,0,0,0,0,0,0,41,1,0,0,3,0,0,98,0,0
l20,7=0,0,0,0,0,0,0,0,0,0,12,0,0,0,0,0,0,0,84,76,0,78,93,80,94,100,80,95,43,56,51,89,0,66,97,83,99,100,41,39,71,90,66
l21,7=0,0,0,0,0,0,0,0,0,0,0,0,0,0,0,0,0,0,0,0,86,0,91,99,97,97,98,99,81,98,97,75,23,0,98,98,99,42,99,0,0,83,96
l22,7=0,0,0,0,0,0,0,0,0,0,6,0,0,0,0,0,0,0,3,4,87,86,0,95,99,100,86,99,0,87,95,84,0,26,99,99,100,99,8,0,7,80,77
l23,7=0,0,0,0,0,0,0,0,0,0,0,0,0,0,0,0,0,0,0,0,85,94,85,0,97,98,92,99,81,99,95,82,74,0,98,96,88,96,99,0,0,86,97
l24,7=0,0,0,0,0,0,0,0,0,0,0,0,0,0,0,0,0,0,3,50,87,94,93,99,0,100,92,99,59,97,97,83,21,73,98,98,100,96,98,54,63,86,92
l25,7=0,0,0,0,0,0,0,0,0,0,0,0,0,0,0,0,0,0,20,52,82,93,92,96,97,0,96,96,70,97,97,85,43,0,97,98,98,97,93,27,71,85,81
l26,7=0,0,0,0,0,0,0,0,0,0,0,0,0,0,0,0,0,0,0,0,87,93,91,81,97,97,0,97,81,97,98,79,15,0,97,96,91,95,99,0,0,85,99
l27,7=0,0,0,0,0,0,0,0,0,0,0,0,0,0,0,0,0,0,9,0,87,94,92,99,97,98,98,0,81,98,97,83,19,0,98,99,99,91,99,0,1,86,90
l28,7=0,0,0,0,0,0,0,0,0,0,0,0,0,0,0,0,0,0,0,0,56,92,51,99,96,96,95,96,0,97,98,28,73,0,60,95,24,69,99,0,0,82,97
l29,7=0,0,0,0,0,0,0,0,0,0,0,0,0,0,0,0,0,0,0,0,35,93,86,98,97,97,92,81,81,0,97,58,86,0,97,94,92,13,98,6,0,85,87
l30,7=0,0,0,0,0,0,0,0,0,0,0,0,0,0,0,0,0,0,0,0,84,97,91,91,97,94,98,93,81,98,0,80,84,0,97,93,85,86,96,0,0,86,98
l31,7=0,0,0,0,0,0,0,0,0,0,0,0,0,0,0,0,0,0,0,0,87,48,93,99,97,100,69,80,1,80,96,0,0,0,2,97,100,95,35,0,17,86,80
l32,7=0,0,32,3,0,0,0,0,0,0,0,0,0,0,0,0,0,0,0,0,0,4,0,73,3,17,43,0,75,97,93,1,0,0,0,19,0,25,94,0,0,0,3
l33,7=0,67,64,0,0,0,0,49,4,49,20,59,0,0,0,0,0,0,83,6,73,0,49,0,77,0,0,0,0,0,0,0,0,0,59,11,6,58,0,100,4,0,11
l34,7=0,0,0,0,0,0,0,0,0,2,60,0,0,0,0,0,0,0,87,55,87,89,84,95,97,100,92,99,36,93,93,70,0,69,0,99,100,99,86,52,61,80,70
l35,7=0,0,0,0,0,0,0,0,0,0,0,0,0,0,0,0,0,0,0,0,86,94,92,99,97,100,98,100,80,98,97,79,8,9,98,0,100,89,49,0,14,86,96
l36,7=0,0,0,0,0,0,0,0,0,0,3,0,0,0,0,0,0,0,74,0,88,94,92,96,97,100,93,99,41,93,92,83,0,7,98,99,0,95,85,1,68,86,88
l37,7=0,0,0,0,0,0,0,0,48,0,13,0,0,0,0,34,0,2,37,2,100,58,86,97,90,100,75,77,59,16,50,97,12,69,95,95,95,0,84,72,85,85,73
l38,7=0,0,0,0,0,0,0,0,0,0,0,0,0,0,0,0,0,0,0,0,46,93,80,96,97,89,91,96,90,97,95,80,85,0,90,33,83,81,0,0,0,85,76
l39,7=0,66,4,0,0,0,0,79,0,63,80,25,0,0,0,0,0,0,71,6,18,0,0,0,43,0,0,0,0,0,0,0,0,99,60,1,3,48,0,0,77,0,0
l40,7=0,0,0,0,0,0,0,84,68,19,54,4,0,0,0,0,2,48,94,85,91,0,34,0,86,92,0,0,0,0,0,58,0,17,85,30,89,98,0,80,0,65,0
l41,7=0,0,0,0,0,0,0,0,0,0,0,0,0,0,0,0,0,0,5,10,87,93,92,98,97,100,97,98,63,96,97,83,0,0,97,98,100,96,96,0,62,0,79
l42,7=0,0,0,0,0,0,0,0,0,0,0,0,0,0,0,0,0,0,0,0,83,99,79,97,97,97,95,98,86,98,98,89,51,23,96,98,96,84,62,0,0,86,0

l0,8=0,99,100,91,91,100,99,98,29,100,96,99,4,95,0,0,0,0,0,0,0,0,0,0,0,0,0,0,0,0,0,0,0,0,0,0,0,0,0,34,0,0,0
l1,8=100,0,98,100,98,98,1,32,45,99,98,99,99,84,3,0,0,0,95,0,0,0,0,0,0,0,0,0,0,0,0,0,0,59,0,0,0,0,0,64,0,0,0
l2,8=96,99,0,100,100,97,83,95,15,17,96,96,99,28,78,0,0,0,0,0,0,0,0,0,0,0,0,0,0,0,0,0,85,2,0,0,0,0,0,1,0,0,0
l3,8=97,98,98,0,98,100,95,0,0,6,90,96,93,84,0,0,0,0,0,0,0,0,0,0,0,0,0,0,0,0,0,0,0,0,0,0,0,0,0,0,0,0,0
l4,8=97,97,98,100,0,99,100,91,80,99,92,16,89,87,83,0,0,0,0,0,0,0,0,0,0,0,0,0,0,0,0,0,0,0,0,0,0,0,0,0,0,0,0
l5,8=86,87,89,94,97,0,100,94,92,91,93,89,88,86,77,0,0,0,0,0,0,0,0,0,0,0,0,0,0,0,0,0,0,0,0,0,0,0,0,0,0,0,0
l6,8=85,22,89,37,87,100,0,95,72,81,27,89,44,24,29,0,0,0,0,0,0,0,0,0,0,0,0,0,0,0,0,0,0,0,0,0,0,0,0,0,0,0,0
l7,8=99,94,85,0,85,95,83,0,99,84,87,97,0,0,0,97,98,98,93,89,0,0,0,0,0,0,0,0,0,0,0,0,0,4,0,0,0,34,0,86,12,0,0
l8,8=51,15,11,0,88,76,42,96,0,1,88,56,0,0,0,96,93,98,63,0,0,0,0,0,0,0,0,0,0,0,0,0,0,0,0,0,0,1,0,0,0,0,0
l9,8=91,100,87,85,89,88,82,97,67,0,98,100,16,1,0,2,52,72,30,50,0,0,0,0,0,0,0,0,0,0,0,0,0,42,7,0,0,0,0,89,85,0,0
l10,8=90,80,89,86,88,91,73,93,22,97,0,70,0,0,0,56,78,87,20,90,91,0,63,0,75,1,0,0,0,0,0,0,0,88,92,0,0,6,0,100,90,0,0
l11,8=88,89,92,88,44,89,72,98,15,100,98,0,0,0,0,0,0,1,0,50,0,0,0,0,0,0,0,0,0,0,0,0,0,92,0,0,0,0,0,96,7,0,0
l12,8=14,98,100,100,97,29,0,0,0,0,0,0,0,100,96,0,0,0,0,0,0,0,0,0,0,0,0,0,0,0,0,0,0,0,0,0,0,0,0,0,0,0,0
l13,8=49,91,96,100,47,95,31,0,0,42,0,0,100,0,99,0,0,0,0,0,0,0,0,0,0,0,0,0,0,0,0,0,0,0,0,0,0,0,0,0,0,0,0
l14,8=7,15,41,4,96,93,59,0,0,0,0,0,99,100,0,0,0,0,0,0,0,0,0,0,0,0,0,0,0,0,0,0,10,0,0,0,0,0,0,0,0,0,0
l15,8=0,0,0,0,0,0,0,90,94,14,8,0,0,0,0,0,98,96,61,34,0,0,0,0,0,0,0,0,0,0,0,0,0,0,0,0,0,53,0,0,0,0,0
l16,8=0,0,0,0,0,0,0,26,32,0,48,0,0,0,0,99,0,98,10,10,0,0,0,0,0,0,0,0,0,0,0,0,0,0,0,0,0,0,0,0,0,0,0
l17,8=0,0,0,0,0,0,0,3,95,32,14,3,0,0,0,91,95,0,96,69,0,0,0,0,0,0,0,0,0,0,0,0,0,0,0,0,0,0,0,0,70,0,0
l18,8=0,1,0,0,0,0,0,1,1,24,12,0,0,0,0,0,39,99,0,100,1,0,0,0,1,3,0,0,0,0,0,0,0,5,67,0,0,59,0,16,100,0,0
l19,8=0,0,0,0,0,0,0,1,0,0,20,1,0,0,0,1,83,1,100,0,98,0,0,0,0,98,0,0,0,0,0,4,0,94,1,0,22,26,0,0,100,0,0
l20,8=0,0,0,0,0,0,0,0,0,0,53,0,0,0,0,0,0,0,42,94,0,90,81,96,100,99,37,99,3,98,81,100,0,25,100,99,99,100,60,77,74,99,80
l21,8=0,0,0,0,0,0,0,0,0,0,0,0,0,0,0,0,0,0,0,0,85,0,98,97,96,93,96,94,93,93,99,91,93,0,91,94,94,94,98,0,0,77,100
l22,8=0,0,0,0,0,0,0,0,0,0,55,0,0,0,0,0,0,0,1,2,100,99,0,93,99,99,93,97,6,61,77,99,0,68,96,94,100,100,93,0,75,85,89
l23,8=0,0,0,0,0,0,0,0,0,0,0,0,0,0,0,0,0,0,0,0,86,95,9,0,96,97,95,98,93,97,98,91,91,0,90,94,94,35,96,0,0,83,100
l24,8=0,0,0,0,0,0,0,0,0,0,27,5,0,0,0,0,0,0,64,0,87,93,85,94,0,94,94,98,83,97,97,88,17,14,92,97,100,100,97,90,72,85,100
l25,8=0,0,0,0,0,0,0,0,0,0,0,0,0,0,0,0,0,0,4,88,96,91,88,98,98,0,93,98,85,96,94,95,6,11,92,88,99,100,95,2,79,93,100
l26,8=0,0,0,0,0,0,0,0,0,0,0,0,0,0,0,0,0,0,0,0,24,96,61,98,97,96,0,97,93,98,100,77,21,0,16,95,97,92,99,0,0,2,100
l27,8=0,0,0,0,0,0,0,0,0,0,0,0,0,0,0,0,0,0,0,0,86,90,87,100,99,98,94,0,84,94,96,88,1,0,92,100,97,97,92,0,0,83,100
l28,8=0,0,0,0,0,0,0,0,0,0,0,0,0,0,0,0,0,0,0,0,1,96,40,96,96,97,95,95,0,100,98,90,97,0,87,94,82,42,96,0,0,47,100
l29,8=0,0,0,0,0,0,0,0,0,0,0,8,0,0,0,0,0,0,0,0,87,90,80,96,98,97,95,95,93,0,97,86,92,47,90,93,94,95,96,0,0,5,100
l30,8=0,0,0,0,0,0,0,0,0,0,0,0,0,0,0,0,0,0,0,0,86,100,10,99,96,93,100,95,91,93,0,89,92,0,43,94,95,90,100,0,0,85,100
l31,8=0,0,0,0,0,0,0,0,0,0,0,0,0,0,0,0,0,0,0,0,96,97,95,98,96,100,79,97,6,19,81,0,0,0,98,98,99,99,75,0,3,94,100
l32,8=0,0,86,6,0,0,0,0,0,0,0,0,0,0,5,0,0,0,0,0,0,95,0,96,59,0,29,18,93,95,95,0,0,0,0,93,0,0,95,0,0,0,96
l33,8=0,6,30,0,0,0,0,26,3,15,73,96,0,0,0,0,0,0,66,96,3,0,64,0,60,9,0,0,0,20,0,0,0,0,70,32,83,90,0,100,100,0,0
l34,8=0,0,0,0,0,0,0,0,0,1,61,0,0,0,0,0,0,0,73,13,100,97,85,98,99,97,36,99,78,99,24,95,10,57,0,98,92,100,78,79,78,85,95
l35,8=0,0,0,0,0,0,0,0,0,0,0,0,0,0,0,0,0,0,2,0,87,92,78,98,99,96,96,100,85,96,98,89,86,66,93,0,98,95,97,1,51,84,100
l36,8=0,0,0,0,0,0,0,0,0,0,19,0,0,0,0,0,0,0,51,85,89,93,99,96,99,99,96,97,74,97,97,95,36,76,99,98,0,98,62,5,77,93,100
l37,8=0,0,0,0,0,0,0,7,73,0,32,0,0,0,0,69,0,0,32,10,100,17,97,86,100,100,9,96,9,97,90,97,0,69,100,99,93,0,4,26,67,100,90
l38,8=0,0,0,0,0,0,0,0,0,0,0,0,0,0,0,0,0,0,0,0,85,95,75,96,95,96,95,97,87,95,99,63,97,0,56,94,24,83,0,0,0,82,100
l39,8=1,24,5,0,0,0,0,97,0,100,100,86,0,0,0,0,0,0,45,24,77,0,10,0,97,3,0,0,0,0,0,0,0,100,100,0,0,1,0,0,99,0,0
l40,8=0,4,3,0,0,0,0,6,1,75,84,59,0,0,0,0,3,89,98,98,91,0,80,0,97,97,0,9,0,0,0,96,0,95,94,61,100,14,0,90,0,88,0
l41,8=0,0,0,0,0,0,0,0,0,0,0,0,0,0,0,0,0,0,12,53,99,56,74,93,99,100,13,98,13,83,90,100,0,0,90,98,100,100,90,0,70,0,45
l42,8=0,0,0,0,0,0,0,0,0,0,0,0,0,0,0,0,0,0,0,0,86,98,78,98,97,98,100,100,95,93,99,99,85,0,99,98,99,98,99,0,0,69,0

l0,9=0,98,100,99,100,49,98,100,51,99,99,100,94,7,9,0,0,0,0,0,0,0,0,0,0,0,0,0,0,0,0,0,0,0,0,0,0,0,0,0,0,0,0
l1,9=99,0,99,99,98,94,95,1,99,100,100,99,99,100,0,0,0,0,11,0,0,0,0,0,0,0,0,0,0,0,0,0,0,70,0,0,0,0,0,99,0,0,0
l2,9=98,100,0,100,96,94,95,68,4,100,1,99,100,93,93,0,0,0,0,0,0,0,0,0,0,0,0,0,0,0,0,0,100,0,0,0,0,0,0,22,0,0,0
l3,9=99,100,100,0,96,95,24,0,0,100,78,99,100,100,87,0,0,0,0,0,0,0,0,0,0,0,0,0,0,0,0,0,0,0,0,0,0,0,0,0,0,0,0
l4,9=100,100,96,100,0,96,99,100,91,98,3,87,99,100,99,0,0,0,0,0,0,0,0,0,0,0,0,0,0,0,0,0,0,0,0,0,0,0,0,0,0,0,0
l5,9=100,100,96,100,96,0,99,99,99,98,98,100,99,18,98,0,0,0,0,0,0,0,0,0,0,0,0,0,0,0,0,0,0,0,0,0,0,0,0,0,0,0,0
l6,9=100,99,97,100,95,99,0,87,87,98,18,99,98,96,98,0,0,0,0,0,0,0,0,0,0,0,0,0,0,0,0,0,0,0,0,0,0,0,0,0,0,0,0
l7,9=99,91,99,0,95,100,28,0,98,99,100,100,0,0,0,99,96,94,20,5,0,0,0,0,0,0,0,0,0,0,0,0,0,0,0,0,0,0,0,46,21,0,0
l8,9=26,88,0,0,70,95,26,100,0,88,25,99,0,0,0,98,98,100,84,0,0,0,0,0,0,0,0,0,0,0,0,0,0,1,0,0,0,29,0,23,0,0,0
l9,9=100,100,99,100,95,97,96,99,99,0,100,100,47,0,0,0,0,10,100,3,0,0,0,0,0,0,0,0,0,0,0,0,0,98,0,0,0,0,0,96,11,0,0
l10,9=97,97,96,98,95,97,53,100,87,100,0,100,0,0,0,46,87,94,52,97,9,0,93,0,78,90,0,0,0,0,0,0,0,99,89,0,57,76,0,100,100,0,0
l11,9=100,98,99,84,6,99,97,100,100,100,100,0,0,0,0,0,0,0,6,13,0,0,0,0,0,0,0,0,0,0,0,0,0,4,0,0,0,0,0,97,77,0,0
l12,9=37,99,100,100,97,97,98,0,0,12,0,0,0,100,100,0,0,0,0,0,0,0,0,0,0,0,0,0,0,0,0,0,0,0,0,0,0,0,0,0,0,0,0
l13,9=0,100,2,96,82,95,1,0,0,1,0,0,100,0,100,0,0,0,0,0,0,0,0,0,0,0,0,0,0,0,0,0,0,0,0,0,0,0,0,0,0,0,0
l14,9=2,89,100,99,99,95,97,0,0,0,0,0,99,100,0,0,0,0,0,0,0,0,0,0,0,0,0,0,0,0,0,0,0,0,0,0,0,0,0,0,0,0,0
l15,9=0,0,0,0,0,0,0,94,97,0,0,0,0,0,0,0,100,95,47,3,0,0,0,0,0,0,0,0,0,0,0,0,0,0,0,0,0,43,0,0,0,0,0
l16,9=0,0,0,0,0,0,0,44,80,0,0,0,0,0,0,99,0,100,41,0,0,0,0,0,0,0,0,0,0,0,0,0,0,0,0,0,0,0,0,0,0,0,0
l17,9=0,0,0,0,0,0,0,67,98,9,37,1,0,0,0,94,100,0,94,76,0,0,0,0,0,0,0,0,0,0,0,0,0,0,0,0,0,0,0,0,76,0,0
l18,9=0,7,0,0,0,0,0,0,1,2,26,0,0,0,0,0,40,98,0,100,98,0,0,0,0,93,0,0,0,0,0,0,0,10,56,0,0,95,0,94,95,0,0
l19,9=0,0,0,0,0,0,0,0,0,0,1,4,0,0,0,0,0,62,100,0,83,0,0,0,0,2,0,0,0,0,0,1,0,77,36,0,0,17,0,26,97,18,0
l20,9=0,0,0,0,0,0,0,0,0,0,80,0,0,0,0,0,0,0,100,99,0,49,99,94,96,100,97,98,1,97,95,95,0,2,100,98,99,100,63,7,87,98,95
l21,9=0,0,0,0,0,0,0,0,0,0,0,0,0,0,0,0,0,0,0,0,67,0,93,95,98,100,99,99,97,100,100,97,96,0,96,99,99,100,99,0,7,99,100
l22,9=0,0,0,0,0,0,0,0,0,0,94,0,0,0,0,0,0,0,91,32,100,97,0,99,100,100,64,98,3,100,100,100,0,1,100,99,100,100,97,0,99,98,98
l23,9=0,0,0,0,0,0,0,0,0,0,0,0,0,0,0,0,0,0,0,0,91,99,95,0,98,100,97,97,97,100,99,97,92,0,98,96,98,100,92,0,0,97,100
l24,9=0,0,0,0,0,0,0,0,0,0,2,0,0,0,0,0,0,0,1,5,99,99,99,97,0,100,99,99,96,100,99,96,92,43,100,99,100,100,90,71,74,100,95
l25,9=0,0,0,0,0,0,0,0,0,0,0,0,0,0,0,0,0,0,92,17,100,99,95,96,99,0,99,99,97,99,94,100,95,28,98,96,99,100,93,76,99,100,100
l26,9=0,0,0,0,0,0,0,0,0,0,0,0,0,0,0,0,0,0,0,0,99,100,56,97,98,100,0,98,96,100,100,74,78,0,97,97,99,100,92,0,0,99,100
l27,9=0,0,0,0,0,0,0,0,0,0,0,0,0,0,0,0,0,0,0,0,97,100,93,98,99,100,99,0,95,100,96,97,4,0,100,100,100,100,88,0,0,100,100
l28,9=0,0,0,0,0,0,0,0,0,0,0,0,0,0,0,0,0,0,0,0,16,99,94,97,98,98,97,95,0,100,99,96,97,0,97,95,96,66,99,0,0,91,100
l29,9=0,0,0,0,0,0,0,0,0,0,0,0,0,0,0,0,0,0,0,0,93,99,91,97,98,96,96,97,98,0,99,96,97,0,96,96,98,100,92,1,0,88,100
l30,9=0,0,0,0,0,0,0,0,0,0,0,0,0,0,0,0,0,0,0,0,96,100,37,96,98,97,100,96,97,99,0,82,89,0,98,69,97,100,93,0,0,96,100
l31,9=0,0,0,0,0,0,0,0,0,0,0,0,0,0,0,0,0,0,0,1,2,68,98,96,98,100,81,98,63,100,99,0,0,0,97,98,99,100,14,0,8,100,98
l32,9=0,62,93,5,0,0,0,0,0,0,0,0,3,0,0,0,0,0,0,0,0,96,0,81,90,88,1,8,88,100,90,2,0,0,0,89,37,0,92,0,0,0,88
l33,9=0,2,64,0,0,0,0,0,6,51,97,93,0,0,0,0,0,0,95,98,3,0,37,0,94,0,0,0,0,0,0,0,0,0,98,40,67,70,0,100,97,0,0
l34,9=0,5,0,0,0,0,0,0,0,0,40,0,0,0,0,0,0,0,94,96,100,38,100,96,100,100,97,99,95,100,97,95,26,93,0,98,100,100,80,98,97,92,99
l35,9=0,0,0,0,0,0,0,0,0,0,0,0,0,0,0,0,0,0,0,0,100,100,95,97,99,100,97,99,97,100,99,99,7,0,98,0,98,100,99,1,5,100,100
l36,9=0,0,0,0,0,0,0,0,0,0,74,0,0,0,0,0,0,0,81,58,100,100,99,97,100,100,99,99,95,100,98,96,67,89,95,94,0,93,97,93,81,99,98
l37,9=0,0,0,0,0,0,0,0,69,0,76,0,0,0,0,46,0,0,7,66,99,96,100,88,95,100,94,97,39,96,89,100,0,52,100,95,95,0,91,0,96,98,98
l38,9=0,0,0,0,0,0,0,0,0,0,0,0,0,0,0,0,0,0,0,0,2,99,92,96,57,99,97,94,98,100,99,92,96,0,43,96,97,96,0,0,0,96,100
l39,9=3,97,2,0,0,0,0,2,6,53,99,99,0,0,0,0,0,0,98,8,1,0,3,0,90,66,0,0,0,0,0,0,0,100,100,1,31,24,0,0,93,0,0
l40,9=0,2,0,0,0,0,0,1,2,88,98,62,0,0,0,0,94,100,100,100,95,0,95,0,94,100,0,0,0,0,0,93,0,100,99,23,84,99,0,93,0,38,0
l41,9=0,0,0,0,0,0,0,0,0,0,0,0,0,0,0,0,0,0,40,2,100,99,97,96,99,100,97,99,80,55,98,100,0,0,100,99,100,100,94,0,3,0,98
l42,9=0,0,0,0,0,0,0,0,0,0,0,0,0,0,0,0,0,0,0,0,99,100,100,99,99,99,99,99,98,99,99,100,93,0,98,99,99,100,100,0,0,28,0

l0,10=0,99,100,99,100,79,98,85,0,92,23,90,1,2,0,0,0,0,0,0,0,0,0,0,0,0,0,0,0,0,0,0,0,0,0,0,0,0,0,0,0,0,0
l1,10=99,0,100,100,99,95,1,86,63,92,88,89,93,64,89,0,0,0,11,0,0,0,0,0,0,0,0,0,0,0,0,0,35,93,0,0,0,0,0,71,0,0,0
l2,10=100,92,0,100,98,94,87,88,0,92,91,88,92,94,71,0,0,0,0,0,0,0,0,0,0,0,0,0,0,0,0,0,60,0,0,0,0,0,0,3,0,0,0
l3,10=99,95,99,0,98,97,88,0,0,12,95,60,93,95,46,0,0,0,0,0,0,0,0,0,0,0,0,0,0,0,0,0,0,0,0,0,0,0,0,0,0,0,0
l4,10=100,97,99,100,0,99,89,21,98,92,49,73,93,95,12,0,0,0,0,0,0,0,0,0,0,0,0,0,0,0,0,0,0,0,0,0,0,0,0,0,0,0,0
l5,10=99,95,98,100,99,0,88,86,2,91,88,70,93,47,92,0,0,0,0,0,0,0,0,0,0,0,0,0,0,0,0,0,0,0,0,0,0,0,0,0,0,0,0
l6,10=99,1,98,100,99,99,0,86,35,96,65,91,55,96,39,0,0,0,0,0,0,0,0,0,0,0,0,0,0,0,0,0,0,0,0,0,0,0,0,0,0,0,0
l7,10=86,90,85,0,71,98,89,0,99,93,98,91,0,0,0,86,75,89,85,76,0,0,0,0,0,0,0,0,0,0,0,0,0,0,0,0,0,0,0,5,74,0,0
l8,10=0,31,0,0,3,52,0,99,0,76,89,94,0,0,0,97,88,87,66,3,0,0,0,0,0,0,0,0,0,0,0,0,0,0,0,0,0,0,0,14,21,0,0
l9,10=99,97,99,98,98,94,88,85,95,0,95,100,4,0,0,0,0,17,78,4,0,0,0,0,0,0,0,0,0,0,0,0,0,52,0,0,0,15,0,85,12,0,0
l10,10=83,98,93,96,67,95,17,99,81,97,0,95,0,0,0,0,3,84,86,31,0,0,0,0,0,1,0,0,0,0,0,0,0,98,97,0,17,88,0,95,87,7,0
l11,10=99,97,98,1,92,86,95,93,9,100,98,0,0,0,0,0,0,0,69,0,0,0,0,0,0,0,0,0,0,0,0,0,0,1,0,0,0,0,0,98,12,0,0
l12,10=30,78,100,100,99,96,47,0,0,56,0,0,0,96,79,0,0,0,0,0,0,0,0,0,0,0,0,0,0,0,0,0,0,0,0,0,0,0,0,0,0,0,0
l13,10=42,64,100,100,90,94,41,0,0,0,0,0,93,0,92,0,0,0,0,0,0,0,0,0,0,0,0,0,0,0,0,0,0,0,0,0,0,0,0,0,0,0,0
l14,10=6,92,98,99,40,98,1,0,0,0,0,0,93,97,0,0,0,0,0,0,0,0,0,0,0,0,0,0,0,0,0,0,0,0,0,0,0,0,0,0,0,0,0
l15,10=0,0,0,0,0,0,0,61,94,0,1,0,0,0,0,0,99,99,67,29,0,0,0,0,0,0,0,0,0,0,0,0,0,0,0,0,0,0,0,0,33,0,0
l16,10=0,0,0,0,0,0,0,1,94,0,1,0,0,0,0,97,0,99,0,0,0,0,0,0,0,0,0,0,0,0,0,0,0,0,0,0,0,0,0,0,0,0,0
l17,10=0,0,0,0,0,0,0,82,94,3,73,0,0,0,0,97,99,0,66,96,0,0,0,0,0,0,0,0,0,0,0,0,0,0,0,0,0,71,0,0,21,0,0
l18,10=0,0,0,0,0,0,0,0,0,0,98,0,0,0,0,35,7,1,0,100,98,0,0,0,0,0,0,0,0,0,0,0,0,0,55,0,0,1,0,51,100,0,0
l19,10=0,0,0,0,0,0,0,23,0,0,49,0,0,0,0,0,19,98,100,0,86,0,25,0,0,15,0,0,0,0,0,51,0,11,13,0,0,1,0,59,99,0,0
l20,10=0,0,0,0,0,0,0,0,0,0,4,0,0,0,0,0,0,0,99,98,0,84,100,90,96,100,86,87,17,91,84,90,0,40,99,97,100,100,67,4,95,86,96
l21,10=0,0,0,0,0,0,0,0,0,0,0,0,0,0,0,0,0,0,0,0,96,0,82,96,97,100,98,98,99,98,100,97,81,0,97,97,93,84,97,0,0,98,95
l22,10=0,0,0,0,0,0,0,0,0,0,0,0,0,0,0,0,0,0,82,53,98,49,0,90,99,100,93,99,0,50,69,100,0,0,100,99,99,98,13,52,39,100,91
l23,10=0,0,0,0,0,0,0,0,0,0,0,0,0,0,0,0,0,0,0,0,48,99,85,0,97,100,95,98,98,100,100,97,12,0,83,96,98,84,95,0,0,99,96
l24,10=0,0,0,0,0,0,0,0,0,0,46,0,0,0,0,0,0,0,0,1,96,100,86,96,0,100,91,99,100,100,98,99,17,71,92,99,98,84,95,4,41,98,99
l25,10=0,0,0,0,0,0,0,0,0,0,16,0,0,0,0,0,0,0,69,7,92,91,85,85,99,0,83,93,85,96,86,100,43,0,100,88,96,99,41,28,95,100,92
l26,10=0,0,0,0,0,0,0,0,0,0,0,0,0,0,0,0,0,0,0,0,96,100,74,96,97,100,0,97,99,98,100,99,79,0,95,96,94,84,93,0,0,98,99
l27,10=0,0,0,0,0,0,0,0,0,0,0,0,0,0,0,0,0,0,0,0,96,100,86,89,100,100,97,0,89,100,100,97,0,0,81,99,98,87,98,0,0,100,80
l28,10=0,0,0,0,0,0,0,0,0,0,0,0,0,0,0,0,0,0,0,0,71,99,3,95,97,62,95,35,0,100,99,94,80,0,97,96,93,61,98,0,0,91,95
l29,10=0,0,0,0,0,0,0,0,0,0,0,0,0,0,0,0,0,0,0,0,92,98,81,96,97,100,94,98,99,0,99,91,80,0,96,96,89,84,93,0,0,95,95
l30,10=0,0,0,0,0,0,0,0,0,0,0,0,0,0,0,0,0,0,0,0,83,100,84,96,95,100,99,98,99,98,0,97,64,0,97,96,93,84,93,0,0,97,98
l31,10=0,0,0,0,0,0,0,0,0,0,0,0,0,0,0,0,0,0,0,9,94,89,86,87,95,100,24,85,1,42,92,0,0,0,98,96,96,97,10,0,1,100,97
l32,10=0,16,96,2,0,0,0,0,0,0,0,0,0,0,0,0,0,0,0,0,0,90,0,7,48,50,71,1,92,84,9,0,0,0,0,73,83,0,86,0,0,0,62
l33,10=0,1,0,0,0,0,0,0,0,60,98,71,0,0,0,0,0,0,17,86,3,0,0,0,38,0,0,0,0,0,0,0,0,0,6,8,14,93,0,100,93,0,0
l34,10=0,0,0,0,0,0,0,0,0,0,54,0,0,0,0,0,0,0,9,86,96,93,95,92,93,100,85,18,87,90,89,98,0,15,0,99,86,100,86,82,3,98,88
l35,10=0,0,0,0,0,0,0,0,0,0,0,0,0,0,0,0,0,0,0,0,97,100,86,93,99,100,99,99,98,99,100,100,79,26,100,0,98,84,98,40,1,100,99
l36,10=0,0,0,0,0,0,0,0,0,0,14,0,0,0,0,0,0,0,55,75,98,98,98,99,99,100,98,99,97,93,100,100,9,2,96,98,0,74,74,90,44,99,95
l37,10=0,0,0,0,0,0,0,0,0,48,67,0,0,0,0,0,3,43,76,2,100,55,89,85,94,99,75,64,26,76,88,98,0,64,100,88,95,0,75,52,36,100,91
l38,10=0,0,0,0,0,0,0,0,0,0,0,0,0,0,0,0,0,0,0,0,47,100,42,96,97,100,94,98,100,100,99,95,81,0,97,96,24,91,0,0,0,96,95
l39,10=1,19,21,0,0,0,0,24,17,46,90,86,0,0,0,0,0,0,90,89,16,0,10,0,93,0,0,0,0,0,0,0,0,100,95,34,94,8,0,0,84,0,0
l40,10=0,26,0,0,0,0,0,85,44,62,29,16,0,0,0,5,27,91,96,100,88,0,35,0,76,100,0,0,0,0,0,3,0,94,67,7,4,96,0,83,0,72,0
l41,10=0,0,0,0,0,0,0,0,0,0,0,0,0,0,0,0,0,0,0,1,80,91,86,93,95,100,96,93,3,86,89,100,0,0,97,96,86,99,88,0,72,0,90
l42,10=0,0,0,0,0,0,0,0,0,0,0,0,0,0,0,0,0,0,0,0,94,100,87,100,99,100,99,100,100,99,99,98,89,0,90,100,95,84,98,0,0,93,0

l0,11=0,95,99,100,100,98,94,95,4,95,87,95,88,1,0,0,0,0,0,0,0,0,0,0,0,0,0,0,0,0,0,0,0,0,0,0,0,0,0,0,0,0,0
l1,11=46,0,97,97,100,96,16,97,45,94,86,91,96,90,55,0,0,0,1,0,0,0,0,0,0,0,0,0,0,0,0,0,4,3,0,0,0,0,0,62,0,0,0
l2,11=100,86,0,98,99,98,86,15,0,94,87,85,36,94,91,0,0,0,0,0,0,0,0,0,0,0,0,0,0,0,0,0,17,0,0,0,0,0,0,48,0,0,0
l3,11=100,89,97,0,100,99,73,0,0,94,80,8,97,94,35,0,0,0,0,0,0,0,0,0,0,0,0,0,0,0,0,0,36,0,0,0,0,0,0,0,0,0,0
l4,11=100,89,98,99,0,99,89,93,12,94,37,65,98,95,91,0,0,0,0,0,0,0,0,0,0,0,0,0,0,0,0,0,0,0,0,0,0,0,0,0,0,0,0
l5,11=100,88,97,99,100,0,88,81,81,1,81,89,98,97,91,0,0,0,0,0,0,0,0,0,0,0,0,0,0,0,0,0,0,0,0,0,0,0,0,0,0,0,0
l6,11=100,88,97,88,100,98,0,89,85,94,2,88,92,95,91,0,0,0,0,0,0,0,0,0,0,0,0,0,0,0,0,0,0,0,0,0,0,0,0,0,0,0,0
l7,11=80,84,83,0,78,89,74,0,100,88,78,82,0,0,0,81,1,12,25,94,0,0,0,0,0,0,0,0,0,0,0,0,0,0,0,0,0,0,0,91,38,0,0
l8,11=31,1,0,0,0,35,82,97,0,62,82,59,0,0,0,94,92,70,2,3,0,0,0,0,0,0,0,0,0,0,0,0,0,0,0,0,0,23,0,0,0,0,0
l9,11=85,89,90,90,89,91,87,87,68,0,87,91,1,0,0,0,0,5,76,3,0,0,0,0,0,0,0,0,0,0,0,0,0,26,0,0,0,0,0,48,2,0,0
l10,11=88,79,81,83,2,88,16,96,78,95,0,97,0,0,0,4,8,74,85,4,51,0,0,0,76,10,0,0,0,0,0,0,0,83,27,0,51,83,0,92,97,0,0
l11,11=99,82,98,79,86,89,86,96,83,99,88,0,0,0,0,0,0,0,3,0,0,0,0,0,3,0,0,0,0,0,0,0,0,7,1,0,0,0,0,84,0,0,0
l12,11=65,88,96,99,100,82,64,0,0,5,0,0,0,100,91,0,0,0,0,0,0,0,0,0,0,0,0,0,0,0,0,0,0,0,0,0,0,0,0,0,0,0,0
l13,11=7,88,93,99,100,99,86,0,0,0,0,0,98,0,93,0,0,0,0,0,0,0,0,0,0,0,0,0,0,0,0,0,0,0,0,0,0,0,0,0,0,0,0
l14,11=2,82,98,79,87,98,88,0,0,18,0,0,98,100,0,0,0,0,0,0,0,0,0,0,0,0,0,0,0,0,0,0,0,0,0,0,0,0,0,0,0,0,0
l15,11=0,0,0,0,0,0,0,24,84,0,0,0,0,0,0,0,100,95,21,0,0,0,0,0,0,0,0,0,0,0,0,0,0,0,0,0,0,0,0,0,0,0,0
l16,11=0,0,0,0,0,0,0,60,84,0,0,0,0,0,0,98,0,94,42,0,0,0,0,0,0,0,0,0,0,0,0,0,0,0,0,0,0,0,0,0,42,0,0
l17,11=0,0,0,0,0,0,0,76,68,66,83,0,0,0,0,98,99,0,71,1,0,0,0,0,0,0,0,0,0,0,0,0,0,0,0,0,0,48,0,0,79,0,0
l18,11=0,0,0,0,0,0,0,1,0,21,100,0,0,0,0,0,58,55,0,8,96,0,18,0,0,1,0,0,0,0,0,0,0,8,53,0,0,82,0,0,96,0,0
l19,11=0,0,0,0,0,0,0,59,1,1,42,0,0,0,0,0,43,15,28,0,52,0,19,0,0,64,0,0,0,0,0,0,0,7,64,0,0,88,0,87,96,0,0
l20,11=0,0,0,0,0,0,0,0,0,0,35,0,0,0,0,0,0,0,92,71,0,36,90,40,98,98,41,87,66,36,78,95,0,19,97,91,91,45,50,2,95,89,77
l21,11=0,0,0,0,0,0,0,0,0,0,0,0,0,0,0,0,0,0,0,0,51,0,78,85,100,95,100,100,98,97,100,94,81,0,97,99,75,63,99,0,0,92,98
l22,11=0,0,0,0,0,0,0,0,0,0,0,0,0,0,0,0,0,0,85,37,99,27,0,10,24,99,88,88,22,5,86,95,0,2,100,88,95,78,11,76,95,93,85
l23,11=0,0,0,0,0,0,0,0,0,0,0,0,0,0,0,0,0,0,0,0,85,84,13,0,99,97,100,99,90,97,100,78,89,0,100,99,98,77,96,0,0,68,99
l24,11=0,0,0,0,0,0,0,0,0,0,1,0,0,0,0,0,0,0,15,0,98,91,21,93,0,98,91,91,73,85,86,52,3,36,97,98,96,78,86,46,93,88,96
l25,11=0,0,0,0,0,0,0,0,0,0,22,0,0,0,0,0,0,0,10,73,99,86,90,90,99,0,92,87,83,84,87,94,86,0,97,89,93,75,88,0,41,89,85
l26,11=0,0,0,0,0,0,0,0,0,0,0,0,0,0,0,0,0,0,0,0,75,94,86,98,96,95,0,100,93,97,100,6,39,0,94,98,88,68,92,0,0,97,98
l27,11=0,0,0,0,0,0,0,0,0,0,0,0,0,0,0,0,0,0,0,0,98,98,91,95,99,93,100,0,81,23,97,94,1,0,94,99,98,74,89,0,0,87,98
l28,11=0,0,0,0,0,0,0,0,0,0,0,0,0,0,0,0,0,0,0,0,55,94,33,97,94,93,100,89,0,98,100,72,92,0,87,99,77,63,99,0,0,83,98
l29,11=0,0,0,0,0,0,0,0,0,0,0,0,0,0,0,0,0,0,0,0,74,93,63,98,95,92,99,25,99,0,97,93,90,0,95,97,69,18,96,2,0,60,98
l30,11=0,0,0,0,0,0,0,0,0,0,0,0,0,0,0,0,0,0,0,0,70,97,72,99,93,87,100,99,99,97,0,91,56,0,91,99,95,25,96,0,0,50,98
l31,11=0,0,0,0,0,0,0,0,0,0,0,0,0,0,0,0,0,0,0,0,100,87,90,15,95,97,56,89,43,84,87,0,0,0,97,96,95,72,80,0,64,94,85
l32,11=0,65,74,79,0,0,0,0,0,0,0,0,0,0,12,0,0,0,0,0,0,65,0,68,14,73,60,54,79,82,60,2,0,0,43,25,52,0,85,0,0,0,79
l33,11=0,12,18,0,0,0,0,0,0,15,100,1,0,0,0,0,0,0,70,52,7,0,1,0,43,1,0,0,0,0,0,0,0,0,1,0,84,0,0,100,95,0,0
l34,11=0,0,0,0,0,0,0,0,0,0,48,36,0,0,0,0,0,0,90,4,99,87,95,88,99,99,92,80,83,84,87,94,52,7,0,100,92,88,86,74,88,89,91
l35,11=0,0,0,0,0,0,0,0,0,0,0,0,0,0,0,0,0,0,0,0,98,95,90,94,100,97,96,100,91,92,100,98,1,0,100,0,98,73,96,0,1,98,100
l36,11=0,0,0,0,0,0,0,0,0,0,41,0,0,0,0,0,0,0,45,2,98,1,91,91,100,99,92,94,81,84,88,95,79,63,97,99,0,84,88,16,82,89,77
l37,11=0,0,0,0,0,0,0,0,1,0,14,0,0,0,0,0,3,45,83,84,90,53,96,84,98,100,46,54,17,45,74,97,0,0,100,96,94,0,65,18,90,97,90
l38,11=0,0,0,0,0,0,0,0,0,0,0,0,0,0,0,0,0,0,0,0,17,96,7,37,90,94,93,97,92,97,98,11,64,0,86,98,91,51,0,0,0,84,98
l39,11=0,64,30,0,0,0,0,38,1,8,62,30,0,0,0,0,0,0,63,87,0,0,45,0,64,1,0,1,0,3,0,0,0,100,78,0,53,2,0,0,87,0,0
l40,11=0,61,0,0,0,0,0,19,5,84,61,47,0,0,0,3,84,83,94,83,95,0,71,0,96,88,0,0,0,0,0,84,0,84,83,25,9,98,0,75,0,80,0
l41,11=0,0,0,0,0,0,0,0,0,0,0,0,0,0,0,0,0,0,2,9,99,88,42,58,99,99,92,87,83,79,83,100,0,0,96,90,93,85,88,0,71,0,87
l42,11=0,0,0,0,0,0,0,0,0,0,0,0,0,0,0,0,0,0,0,0,80,99,83,100,99,100,99,99,100,100,99,99,88,0,95,100,95,77,100,0,0,66,0

l0,12=0,98,100,99,100,93,99,93,61,89,68,82,7,22,0,0,0,0,0,0,0,0,0,0,0,0,0,0,0,0,0,0,0,0,0,0,0,0,0,4,0,0,0
l1,12=98,0,100,99,96,93,86,83,1,88,86,89,52,87,63,0,0,3,85,0,0,0,0,0,0,0,0,0,0,0,0,0,1,0,0,0,0,0,0,3,23,0,0
l2,12=100,98,0,99,90,94,90,28,0,88,9,91,92,96,21,0,0,0,0,0,0,0,0,0,0,0,0,0,0,0,0,0,20,21,0,0,0,0,0,9,0,0,0
l3,12=99,98,100,0,60,95,95,0,0,89,23,89,95,96,92,0,0,0,0,0,0,0,0,0,0,0,0,0,0,0,0,0,48,0,0,0,0,0,0,0,0,0,0
l4,12=100,98,100,91,0,95,95,85,3,84,79,89,42,96,20,0,0,0,0,0,0,0,0,0,0,0,0,0,0,0,0,0,0,0,0,0,0,0,0,0,0,0,0
l5,12=100,98,99,98,96,0,95,93,73,90,64,88,94,90,94,0,0,0,0,0,0,0,0,0,0,0,0,0,0,0,0,0,0,0,0,0,0,0,0,0,0,0,0
l6,12=100,94,95,97,96,94,0,94,82,95,0,90,75,96,94,0,0,0,0,0,0,0,0,0,0,0,0,0,0,0,0,0,0,0,0,0,0,0,0,0,0,0,0
l7,12=76,89,83,1,82,95,4,0,100,74,94,88,0,0,0,75,24,33,37,0,0,0,0,0,0,0,0,0,0,0,0,0,0,0,0,0,0,0,0,1,0,0,0
l8,12=5,0,0,0,0,22,7,93,0,67,84,14,0,0,0,93,76,83,68,0,0,0,0,0,0,0,0,0,0,0,0,0,0,0,0,0,0,51,0,0,0,0,0
l9,12=93,97,97,97,25,92,71,54,31,0,87,100,22,0,0,0,0,62,24,3,0,0,0,0,0,0,0,0,0,0,0,0,0,82,3,0,0,0,0,93,3,0,0
l10,12=60,92,88,56,2,84,0,90,85,92,0,89,0,0,0,31,48,80,90,53,10,0,5,0,2,11,0,0,0,0,0,0,0,90,41,0,46,83,0,87,95,0,0
l11,12=92,88,97,95,35,89,93,90,77,100,84,0,0,0,0,0,7,70,57,0,0,0,0,0,0,0,0,0,0,0,0,0,0,1,0,0,0,0,0,87,1,0,0
l12,12=0,97,99,99,67,94,12,0,0,5,0,0,0,99,94,0,0,0,0,0,0,0,0,0,0,0,0,0,0,0,0,0,0,0,0,0,0,0,0,0,0,0,0
l13,12=0,96,99,98,96,3,95,0,0,2,0,0,95,0,95,0,0,0,0,0,0,0,0,0,0,0,0,0,0,0,0,0,0,0,0,0,0,0,0,0,0,0,0
l14,12=0,70,89,98,18,95,94,0,0,0,0,0,95,99,0,0,0,0,0,0,0,0,0,0,0,0,0,0,0,0,0,0,0,0,0,0,0,0,0,0,0,0,0
l15,12=0,0,0,0,0,0,0,68,95,0,0,0,0,0,0,0,95,93,90,0,0,0,0,0,0,0,0,0,0,0,0,0,0,0,0,0,0,0,0,0,0,0,0
l16,12=0,0,0,0,0,0,0,4,59,0,67,0,0,0,0,98,0,75,37,0,0,0,0,0,0,0,0,0,0,0,0,0,0,0,0,0,0,0,0,0,0,0,0
l17,12=0,0,0,0,0,0,0,7,81,34,79,71,0,0,0,96,86,0,90,31,0,0,0,0,0,0,0,0,0,0,0,0,0,0,0,0,0,9,0,0,91,0,0
l18,12=0,65,0,0,0,0,0,0,3,2,91,30,0,0,0,93,78,86,0,93,97,0,3,0,10,33,0,0,0,0,0,0,0,4,96,0,13,70,0,0,98,0,0
l19,12=0,0,0,0,0,0,0,0,0,0,71,0,0,0,0,0,17,26,99,0,89,0,14,0,0,52,0,0,0,0,0,0,0,73,93,0,0,5,0,10,99,0,0
l20,12=0,0,0,0,0,0,0,0,0,0,9,0,0,0,0,0,0,0,89,85,0,31,88,89,89,99,86,84,53,24,3,94,0,48,96,93,100,99,83,14,93,93,18
l21,12=0,0,0,0,0,0,0,0,0,0,0,0,0,0,0,0,0,0,0,0,36,0,83,100,98,95,99,97,64,96,99,73,94,0,100,98,92,80,99,0,0,91,98
l22,12=0,0,0,0,0,0,0,0,0,0,2,0,0,0,0,0,0,0,72,1,98,88,0,89,89,97,59,92,9,88,1,92,0,9,100,93,99,100,75,15,98,92,83
l23,12=0,0,0,0,0,0,0,0,0,0,0,0,0,0,0,0,0,0,0,0,94,98,85,0,97,97,99,91,94,99,99,86,94,0,64,98,97,87,89,0,0,88,98
l24,12=0,0,0,0,0,0,0,0,0,0,0,0,0,0,0,0,0,0,1,0,100,98,88,98,0,99,94,100,86,93,91,97,49,39,100,93,99,91,84,1,77,1,92
l25,12=0,0,0,0,0,0,0,0,1,0,0,0,0,0,0,0,0,0,62,81,98,96,86,87,89,0,90,92,97,86,88,91,90,43,98,91,99,82,90,0,99,93,86
l26,12=0,0,0,0,0,0,0,0,0,0,0,0,0,0,0,0,0,0,0,0,92,98,57,99,97,95,0,99,94,91,99,8,83,0,13,97,90,74,99,0,0,76,99
l27,12=0,0,0,0,0,0,0,0,0,0,0,0,0,0,0,0,0,0,0,0,96,99,83,93,100,98,99,0,82,62,92,99,0,0,100,100,96,97,94,3,29,95,99
l28,12=0,0,0,0,0,0,0,0,0,0,0,0,0,0,0,0,0,0,0,0,53,95,47,100,54,50,97,65,0,94,99,92,94,0,57,97,83,84,98,0,0,17,98
l29,12=0,0,0,0,0,0,0,0,0,0,0,0,0,0,0,0,0,0,0,0,93,96,79,99,96,75,95,61,94,0,98,84,94,0,53,95,87,53,97,0,0,40,45
l30,12=0,0,0,0,0,0,0,0,0,0,0,0,0,0,0,0,0,0,0,0,50,98,52,99,87,95,98,77,95,97,0,74,3,0,99,98,91,80,97,0,0,73,48
l31,12=0,0,0,0,0,0,0,0,0,0,0,0,0,0,0,0,0,0,0,0,100,86,71,76,90,98,77,95,98,87,88,0,0,0,98,89,100,38,84,0,27,99,98
l32,12=0,2,76,59,0,0,0,0,0,0,0,0,0,0,0,0,0,0,0,0,0,73,0,88,10,65,73,0,80,79,69,0,0,0,26,3,0,0,85,0,0,0,31
l33,12=0,0,76,0,0,0,0,0,0,77,95,6,0,0,0,0,0,0,79,47,2,0,0,0,68,40,0,0,0,0,0,0,0,0,87,0,90,28,0,100,81,0,0
l34,12=0,0,0,0,0,0,0,0,0,17,3,0,0,0,0,0,0,0,85,91,97,90,88,21,92,96,12,93,70,63,89,92,49,66,0,91,100,98,90,83,100,37,87
l35,12=0,0,0,0,0,0,0,0,0,0,0,0,0,0,0,0,0,0,0,0,98,93,87,98,92,95,90,100,87,90,100,89,0,0,100,0,99,92,89,22,2,92,98
l36,12=0,0,0,0,0,0,0,0,0,0,14,0,0,0,0,0,0,0,77,67,98,90,87,95,100,99,90,93,86,88,88,97,2,88,100,92,0,92,90,1,81,97,98
l37,12=0,0,0,0,0,0,0,0,72,0,70,0,0,0,0,0,4,1,9,73,96,83,93,6,86,91,65,80,73,84,85,86,0,76,100,88,90,0,13,66,57,84,22
l38,12=0,0,0,0,0,0,0,0,0,0,0,0,0,0,0,0,0,0,0,0,68,97,1,85,96,95,99,58,96,93,97,80,71,0,100,95,91,48,0,0,0,15,98
l39,12=44,71,44,0,0,0,0,65,0,11,98,2,0,0,0,0,0,0,86,84,2,0,31,0,31,3,0,0,0,0,0,0,0,94,80,21,88,72,0,0,65,0,0
l40,12=0,47,0,0,0,0,0,22,0,60,77,25,0,0,0,30,4,78,92,91,1,0,7,0,83,87,0,72,0,0,0,85,0,85,98,0,72,69,0,81,0,12,1
l41,12=0,0,0,0,0,0,0,0,0,0,0,0,0,0,0,0,0,0,0,0,97,94,88,75,16,99,77,96,11,48,89,100,1,0,20,99,100,92,33,0,1,0,86
l42,12=0,0,0,0,0,0,0,0,0,0,0,0,0,0,0,0,0,0,0,0,7,99,79,94,98,93,100,100,91,82,94,98,1,0,91,99,93,92,99,0,4,78,0

l0,13=0,99,99,100,98,98,97,47,0,99,97,49,66,0,0,0,0,0,0,0,0,0,0,0,0,0,0,0,0,0,0,0,0,0,0,0,0,0,0,70,0,0,0
l1,13=100,0,100,98,100,99,53,11,79,89,98,87,45,94,1,0,0,0,24,20,0,0,0,0,0,0,0,0,0,0,0,0,0,56,0,0,0,0,0,86,0,0,0
l2,13=100,100,0,97,99,98,72,47,0,94,81,94,96,94,77,0,0,0,0,0,0,0,0,0,0,0,0,0,0,0,0,0,97,0,0,0,0,0,0,36,0,0,0
l3,13=100,75,98,0,95,100,97,0,0,84,50,80,93,95,97,0,0,0,0,0,0,0,0,0,0,0,0,0,0,0,0,0,0,0,0,0,0,0,0,0,0,0,0
l4,13=100,80,99,97,0,98,89,99,3,7,10,87,97,93,81,0,0,0,0,0,0,0,0,0,0,0,0,0,0,0,0,0,0,0,0,0,0,0,0,0,0,0,0
l5,13=100,75,96,100,95,0,98,97,87,89,96,87,2,94,87,0,0,5,0,0,0,0,0,0,0,0,0,0,0,0,0,0,0,0,0,0,0,0,0,0,0,0,0
l6,13=100,84,96,97,96,100,0,97,83,61,34,87,76,94,85,0,0,0,0,0,0,0,0,0,0,0,0,0,0,0,0,0,0,0,0,0,0,0,0,0,0,0,0
l7,13=70,82,67,30,82,94,13,0,100,99,98,97,0,0,0,88,1,88,64,88,0,0,0,0,0,0,0,0,0,0,0,0,0,82,0,0,0,1,0,80,1,0,0
l8,13=0,84,0,0,2,99,99,100,0,99,94,98,0,0,0,95,94,96,80,86,0,0,0,0,0,0,0,0,0,0,0,0,0,0,0,0,0,0,0,0,0,0,0
l9,13=100,85,100,33,72,99,53,100,88,0,99,100,92,1,3,0,53,2,3,70,0,0,0,0,0,0,0,0,0,0,0,0,0,88,0,0,0,0,0,94,28,0,0
l10,13=95,97,99,49,7,97,6,99,98,99,0,96,0,0,0,11,57,1,96,90,59,0,6,0,0,47,0,0,0,0,0,0,0,97,85,0,7,96,0,99,94,0,0
l11,13=100,78,99,75,99,100,97,100,84,100,99,0,0,0,0,0,0,1,37,7,0,0,0,0,0,0,0,0,0,0,0,0,0,4,0,0,0,0,0,92,49,0,0
l12,13=1,98,100,97,27,97,46,0,0,76,0,0,0,98,83,0,0,0,0,0,0,0,0,0,0,0,0,0,0,0,0,0,0,0,0,0,0,0,0,0,0,0,0
l13,13=2,68,35,97,97,98,3,0,0,14,0,0,93,0,73,0,0,0,0,0,0,0,0,0,0,0,0,0,0,0,0,0,0,0,0,0,0,0,0,0,0,0,0
l14,13=0,55,97,88,39,98,90,0,0,0,0,0,93,88,0,0,0,0,0,0,0,0,0,0,0,0,0,0,0,0,0,0,0,0,0,0,0,0,0,0,0,0,0
l15,13=0,0,0,0,0,0,0,83,97,0,2,0,0,0,0,0,98,97,55,1,0,0,0,0,0,0,0,0,0,0,0,0,0,0,0,0,0,0,0,0,15,0,0
l16,13=0,0,0,0,0,0,0,1,98,0,15,0,0,0,0,96,0,100,94,0,0,0,0,0,0,0,0,0,0,0,0,0,0,0,0,0,0,0,0,0,0,0,0
l17,13=0,0,0,0,0,3,0,90,98,0,34,42,0,0,0,96,100,0,96,92,0,0,0,0,0,0,0,0,0,0,0,0,0,0,0,0,0,77,0,0,91,0,0
l18,13=0,1,0,0,0,0,0,22,90,50,100,49,0,0,0,79,99,100,0,98,69,0,97,0,0,7,0,0,0,0,0,58,0,2,13,0,0,88,0,45,100,0,0
l19,13=0,0,0,0,0,0,0,6,27,70,18,0,0,0,0,0,0,100,100,0,100,0,99,0,0,20,0,0,0,0,0,1,0,1,2,0,63,98,0,90,100,0,0
l20,13=0,0,0,0,0,0,0,0,0,0,70,0,0,0,0,0,0,0,2,98,0,91,99,90,82,100,86,98,0,8,95,100,0,3,99,98,27,100,1,17,98,99,78
l21,13=0,0,0,0,0,0,0,0,0,0,0,0,0,0,0,0,0,0,0,0,95,0,87,96,100,97,99,98,98,100,100,91,90,0,96,95,100,89,100,0,0,99,98
l22,13=0,0,0,0,0,0,0,0,0,0,1,0,0,0,0,0,0,0,97,84,100,91,0,99,100,99,85,18,35,86,92,100,0,16,100,100,100,99,93,98,97,72,99
l23,13=0,0,0,0,0,0,0,0,0,0,0,0,0,0,0,0,0,0,0,0,95,99,90,0,100,99,99,97,99,100,100,93,89,0,98,98,99,75,97,0,0,97,98
l24,13=0,0,0,0,0,0,0,0,0,0,0,0,0,0,0,0,0,0,4,17,92,100,91,96,0,99,99,98,99,100,100,89,23,18,100,97,100,92,79,56,10,99,99
l25,13=0,0,0,0,0,0,0,0,0,0,14,0,0,0,0,0,0,0,86,78,100,100,90,97,100,0,99,98,92,100,92,97,81,56,99,98,100,100,71,0,93,99,98
l26,13=0,0,0,0,0,0,0,0,0,0,0,0,0,0,0,0,0,0,0,0,91,99,1,98,100,97,0,98,99,99,100,94,55,0,95,99,99,98,100,0,0,98,99
l27,13=0,0,0,0,0,0,0,0,0,0,0,0,0,0,0,0,0,0,0,0,100,100,67,99,100,100,99,0,99,99,100,100,12,0,97,100,100,92,94,0,4,99,99
l28,13=0,0,0,0,0,0,0,0,0,0,0,0,0,0,0,0,0,0,0,0,22,96,73,96,99,92,98,97,0,97,100,92,89,0,92,91,99,4,97,0,0,98,94
l29,13=0,0,0,0,0,0,0,0,0,0,0,0,0,0,0,0,0,0,0,0,3,97,84,96,100,96,97,95,97,0,100,88,90,0,93,97,99,83,95,4,0,97,95
l30,13=0,0,0,0,0,0,0,0,0,0,0,0,0,0,0,0,0,0,0,0,95,100,87,96,100,85,97,97,99,100,0,92,90,0,97,97,99,83,97,0,0,90,100
l31,13=0,0,0,0,0,0,0,0,0,0,0,0,0,0,0,0,0,0,3,0,100,79,90,77,91,97,78,98,87,72,27,0,0,0,99,99,98,99,83,0,93,99,38
l32,13=0,0,85,64,0,0,0,0,0,0,0,0,0,0,0,0,0,0,0,0,0,84,0,87,12,86,27,9,97,92,95,1,0,0,13,1,0,0,95,0,0,0,90
l33,13=0,83,1,0,0,0,0,31,0,99,99,32,0,0,0,0,0,0,98,9,8,0,50,0,58,53,0,0,0,0,0,0,0,0,45,0,95,0,0,100,100,0,0
l34,13=0,0,0,0,0,0,0,0,0,0,4,0,0,0,0,0,0,0,95,46,100,91,100,99,100,98,97,92,91,89,98,99,43,51,0,97,100,100,91,92,96,98,98
l35,13=0,0,0,0,0,0,0,0,0,0,0,0,0,0,0,0,0,0,0,0,100,100,92,100,100,100,99,100,96,100,100,99,7,0,100,0,100,99,99,7,3,99,99
l36,13=0,0,0,0,0,0,0,0,0,0,5,0,0,0,0,0,0,0,87,94,28,100,98,98,100,100,99,98,94,100,95,96,1,85,100,99,0,99,97,2,95,94,99
l37,13=0,0,0,0,0,0,0,0,0,0,6,0,0,0,0,1,0,37,92,91,100,42,95,93,100,61,56,42,84,81,89,100,0,0,78,91,77,0,80,24,67,63,78
l38,13=0,0,0,0,0,0,0,0,0,0,0,0,0,0,0,0,0,0,0,0,28,100,90,93,99,93,99,95,99,97,100,93,90,0,95,94,99,23,0,0,0,14,99
l39,13=25,99,3,0,0,0,0,27,0,24,100,33,0,0,0,0,0,0,97,98,6,0,87,0,99,16,0,0,0,0,0,0,0,100,74,6,17,1,0,0,97,0,0
l40,13=0,80,0,0,0,0,0,42,1,36,98,4,0,0,0,30,4,100,99,98,99,0,98,0,98,98,0,5,0,0,0,98,0,98,98,11,84,100,0,30,0,95,0
l41,13=0,0,0,0,0,0,0,0,0,0,0,0,0,0,0,0,0,0,13,0,100,100,72,59,100,100,98,98,96,100,95,100,0,0,99,99,96,99,5,0,96,0,99
l42,13=0,0,0,0,0,0,0,0,0,0,0,0,0,0,0,0,0,0,0,0,3,100,94,100,99,99,100,99,98,91,100,80,90,0,94,100,96,90,100,24,0,93,0

l0,14=0,100,100,100,100,98,4,99,94,100,83,98,27,0,0,0,0,0,0,0,0,0,0,0,0,0,0,0,0,0,0,0,0,0,0,0,0,0,0,0,0,0,0
l1,14=100,0,100,92,56,97,33,97,0,100,98,100,36,1,0,0,0,0,9,0,0,0,0,0,0,0,0,0,0,0,0,0,2,21,0,0,0,0,0,99,0,0,0
l2,14=99,100,0,100,100,97,97,6,53,100,57,100,97,100,98,0,0,0,0,0,0,0,0,0,0,0,0,0,0,0,0,0,96,0,0,0,0,0,0,17,0,0,0
l3,14=99,100,100,0,90,97,95,0,0,100,2,100,68,100,97,0,0,0,0,0,0,0,0,0,0,0,0,0,0,0,0,0,0,0,0,0,0,0,0,0,0,0,0
l4,14=100,81,96,88,0,97,99,96,39,100,61,13,6,19,95,0,0,0,0,0,0,0,0,0,0,0,0,0,0,0,0,0,0,0,0,0,0,0,0,0,0,0,0
l5,14=100,74,95,100,100,0,99,95,98,100,0,99,13,19,78,0,0,0,0,0,0,0,0,0,0,0,0,0,0,0,0,0,0,0,0,0,0,0,0,0,0,0,0
l6,14=3,24,67,99,100,97,0,97,93,74,26,69,6,98,95,0,0,0,0,0,0,0,0,0,0,0,0,0,0,0,0,0,0,0,0,0,0,0,0,0,0,0,0
l7,14=99,95,35,0,91,99,99,0,99,100,100,97,0,0,0,92,98,94,39,0,0,0,0,0,0,0,0,0,0,0,0,0,0,0,0,0,0,8,0,65,1,0,0
l8,14=49,73,11,0,32,66,93,99,0,99,10,87,0,0,0,97,97,98,79,29,0,0,0,0,0,0,0,0,0,0,0,0,0,0,0,0,0,0,0,0,12,0,0
l9,14=100,100,99,99,100,100,20,99,99,0,99,100,72,0,0,0,87,94,100,85,0,0,0,0,0,0,0,0,0,0,0,0,0,47,0,0,0,0,0,99,97,0,0
l10,14=96,98,97,96,5,2,0,99,28,100,0,100,0,0,0,94,39,39,93,77,1,0,3,0,2,0,0,0,0,0,0,0,0,99,3,0,0,5,0,100,64,0,0
l11,14=100,100,98,100,96,100,56,99,97,100,100,0,0,0,0,0,27,80,1,0,0,0,0,0,0,0,0,0,0,0,0,0,0,59,0,0,0,0,0,44,3,0,0
l12,14=42,47,100,93,91,4,1,0,0,54,0,0,0,100,100,0,0,0,0,0,0,0,0,0,0,0,0,0,0,0,0,0,0,0,0,0,0,0,0,0,0,0,0
l13,14=1,86,100,99,49,37,98,0,0,0,0,0,100,0,100,0,0,0,0,0,0,0,0,0,0,0,0,0,0,0,0,0,0,0,0,0,0,0,0,0,0,0,0
l14,14=0,0,96,99,100,95,97,0,0,0,0,0,98,100,0,0,0,0,0,0,0,0,0,0,0,0,0,0,0,0,0,0,0,0,0,0,0,0,0,0,0,0,0
l15,14=0,0,0,0,0,0,0,90,95,0,62,0,0,0,0,0,99,96,46,90,0,0,0,0,0,0,0,0,0,0,0,0,0,0,0,0,0,0,0,0,0,0,0
l16,14=0,0,0,0,0,0,0,10,2,0,0,0,0,0,0,100,0,99,92,0,0,0,0,0,0,0,0,0,0,0,0,0,0,0,0,0,0,0,0,0,0,0,0
l17,14=0,0,0,0,0,0,0,8,95,65,90,6,0,0,0,94,99,0,92,100,0,0,0,0,0,0,0,0,0,0,0,0,0,0,0,0,0,0,0,0,0,0,0
l18,14=0,0,0,0,0,0,0,0,76,9,2,4,0,0,0,11,100,100,0,100,98,0,95,0,0,28,0,0,0,0,0,0,0,73,4,0,0,66,0,100,99,0,0
l19,14=0,0,0,0,0,0,0,0,69,1,46,0,0,0,0,52,31,98,99,0,97,0,84,0,0,3,0,0,0,0,0,3,0,0,37,0,0,99,0,28,99,29,0
l20,14=0,0,0,0,0,0,0,0,0,0,100,0,0,0,0,0,0,0,98,99,0,96,100,100,100,100,99,100,77,97,96,99,0,25,100,100,100,100,96,100,99,98,100
l21,14=0,0,0,0,0,0,0,0,0,0,0,0,0,0,0,0,0,0,0,0,95,0,100,100,95,100,99,96,100,98,98,96,20,0,97,94,97,8,97,0,0,98,100
l22,14=0,0,0,0,0,0,0,0,0,0,0,0,0,0,0,0,0,0,3,79,100,99,0,100,100,100,87,99,0,100,44,98,0,99,100,100,100,99,96,0,100,97,78
l23,14=0,0,0,0,0,0,0,0,0,0,0,0,0,0,0,0,0,0,0,0,98,96,100,0,97,99,95,96,100,99,95,94,97,0,83,98,94,99,97,0,0,98,100
l24,14=0,0,0,0,0,0,0,0,0,0,7,0,0,0,0,0,0,0,0,8,100,94,100,100,0,100,80,100,96,3,98,98,13,13,100,100,100,99,97,99,96,83,100
l25,14=0,0,0,0,0,0,0,0,0,0,0,0,0,0,0,0,0,0,5,87,97,95,100,100,100,0,95,91,87,99,94,98,95,12,100,97,100,99,96,86,98,99,100
l26,14=0,0,0,0,0,0,0,0,0,0,0,0,0,0,0,0,0,0,0,0,97,95,56,99,82,100,0,98,100,97,96,95,2,0,10,97,1,99,97,0,0,98,100
l27,14=0,0,0,0,0,0,0,0,0,0,0,0,0,0,0,0,0,0,0,0,100,99,99,100,100,100,99,0,100,100,98,98,24,0,100,100,100,99,96,0,0,99,100
l28,14=0,0,0,0,0,0,0,0,0,0,0,0,0,0,0,0,0,0,0,0,90,95,3,99,94,65,95,98,0,96,96,12,98,0,34,96,92,96,97,0,0,92,100
l29,14=0,0,0,0,0,0,0,0,0,0,0,0,0,0,0,0,0,0,0,0,86,94,91,98,95,100,95,94,100,0,51,80,97,0,91,95,82,99,97,0,0,98,99
l30,14=0,0,0,0,0,0,0,0,0,0,0,0,0,0,0,0,0,0,0,0,95,99,78,97,97,100,95,96,100,95,0,94,97,0,98,97,93,99,97,0,0,98,100
l31,14=0,0,0,0,0,0,0,0,0,0,0,0,0,0,0,0,0,0,0,0,100,99,95,99,99,100,97,100,3,93,95,0,0,0,99,93,100,99,97,0,95,100,56
l32,14=0,16,91,77,0,0,0,0,0,0,0,0,0,0,0,0,0,0,0,0,0,93,0,86,24,25,46,0,100,94,90,7,0,0,5,2,0,0,87,0,0,0,77
l33,14=0,3,1,0,0,0,0,0,0,4,100,100,0,0,0,0,0,0,33,28,6,0,70,0,4,11,0,0,0,0,0,0,0,0,100,0,4,3,0,100,99,0,0
l34,14=0,0,0,0,0,0,0,0,0,21,0,1,0,0,0,0,0,0,96,2,100,95,100,92,99,100,76,96,97,98,97,98,30,98,0,100,100,100,96,99,99,98,100
l35,14=0,0,0,0,0,0,0,0,0,0,0,0,0,0,0,0,0,0,0,0,99,99,100,100,100,100,99,100,100,100,97,92,1,0,100,0,94,99,97,27,95,99,100
l36,14=0,0,0,0,0,0,0,0,0,0,4,0,0,0,0,0,0,0,67,1,100,99,100,100,100,100,10,100,97,97,94,98,2,63,100,99,0,99,95,5,97,99,100
l37,14=0,0,0,0,0,0,0,3,0,0,49,0,0,0,0,0,0,1,98,99,100,100,97,97,72,100,99,99,92,99,98,99,0,1,100,98,100,0,95,2,97,100,98
l38,14=0,0,0,0,0,0,0,0,0,0,0,0,0,0,0,0,0,0,0,0,81,95,78,97,96,100,99,21,100,99,98,94,98,0,96,94,93,98,0,0,0,96,100
l39,14=19,93,4,0,0,0,0,99,0,100,100,2,0,0,0,0,0,0,99,99,98,0,0,0,65,20,0,0,0,0,0,0,0,100,92,41,0,1,0,0,97,0,0
l40,14=0,66,0,0,0,0,0,87,55,96,97,3,0,0,0,0,0,5,99,100,98,0,96,0,92,99,0,0,0,0,0,51,0,99,100,16,100,100,0,100,0,13,0
l41,14=0,0,0,0,0,0,0,0,0,0,0,0,0,0,0,0,0,0,0,90,100,99,48,100,99,100,98,100,97,99,97,98,0,0,100,100,100,99,95,0,5,0,100
l42,14=0,0,0,0,0,0,0,0,0,0,0,0,0,0,0,0,0,0,0,0,97,100,99,100,100,100,100,99,98,97,100,99,96,0,99,98,96,99,98,0,0,82,0

l0,15=0,100,100,100,100,99,6,1,1,65,99,100,58,100,0,0,0,0,0,0,0,0,0,0,0,0,0,0,0,0,0,0,0,0,0,0,0,0,0,0,0,0,0
l1,15=100,0,100,100,99,98,99,5,6,100,99,98,80,73,20,0,0,0,30,1,0,0,0,0,0,0,0,0,0,0,0,0,1,1,0,0,0,0,0,95,0,0,0
l2,15=100,100,0,100,100,99,100,100,0,100,99,14,100,99,99,0,0,0,0,0,0,0,0,0,0,0,0,0,0,0,0,0,99,0,0,0,0,0,0,0,0,0,0
l3,15=99,100,100,0,100,79,84,4,0,100,33,99,100,99,99,0,0,0,0,0,0,0,0,0,0,0,0,0,0,0,0,0,0,0,0,0,0,0,0,0,0,0,0
l4,15=100,100,100,100,0,99,100,20,93,97,1,98,99,99,83,0,0,0,0,0,0,0,0,0,0,0,0,0,0,0,0,0,0,0,0,0,0,0,0,0,0,0,0
l5,15=100,100,99,98,100,0,100,100,89,92,98,1,98,99,78,0,0,0,0,0,0,0,0,0,0,0,0,0,0,0,0,0,0,0,0,0,0,0,0,0,0,0,0
l6,15=12,100,100,100,98,100,0,100,33,64,2,90,99,99,81,0,0,0,0,0,0,0,0,0,0,0,0,0,0,0,0,0,0,0,0,0,0,0,0,0,0,0,0
l7,15=23,98,100,42,15,100,97,0,100,98,97,98,0,0,0,98,3,98,1,0,0,0,0,0,0,0,0,0,0,0,0,0,0,0,0,0,0,0,0,80,13,0,0
l8,15=0,70,0,0,1,92,4,100,0,98,98,38,0,0,0,100,97,100,0,61,0,0,0,0,0,0,0,0,0,0,0,0,0,0,0,0,0,0,0,1,0,0,0
l9,15=100,100,100,100,100,97,94,100,100,0,100,100,80,1,0,1,4,8,14,33,0,0,0,0,0,0,0,0,0,0,0,0,0,98,14,0,0,0,0,95,87,0,0
l10,15=99,99,99,93,11,43,44,100,97,98,0,100,0,0,0,97,8,99,77,5,94,0,29,0,55,0,0,0,0,0,0,0,0,100,81,0,0,4,0,100,93,0,0
l11,15=100,100,95,100,99,10,74,100,100,100,100,0,0,0,0,0,1,11,23,0,0,0,0,0,5,0,0,0,0,0,0,0,0,76,0,0,0,0,0,97,8,0,0
l12,15=84,65,100,100,98,4,100,0,0,38,0,0,0,100,85,0,0,0,0,0,0,0,0,0,0,0,0,0,0,0,0,0,0,0,0,0,0,0,0,0,0,0,0
l13,15=98,64,100,100,98,100,100,0,0,0,0,0,100,0,85,0,0,0,0,0,0,0,0,0,0,0,0,0,0,0,0,0,0,0,0,0,0,0,0,0,0,0,0
l14,15=0,100,99,100,100,97,99,0,0,0,0,0,100,95,0,0,0,0,0,0,0,0,0,0,0,0,0,0,0,0,0,0,0,0,0,0,0,0,0,0,0,0,0
l15,15=0,0,0,0,0,0,0,90,100,0,1,0,0,0,0,0,97,97,42,0,0,0,0,0,0,0,0,0,0,0,0,0,0,0,0,0,0,1,0,0,0,0,0
l16,15=0,0,0,0,0,0,0,0,100,0,1,0,0,0,0,100,0,99,96,0,0,0,0,0,0,0,0,0,0,0,0,0,0,0,0,0,0,0,0,0,0,0,0
l17,15=0,0,0,0,0,0,0,72,97,2,91,17,0,0,0,100,97,0,99,93,0,0,0,0,0,0,0,0,0,0,0,0,0,0,0,0,0,97,0,0,37,0,0
l18,15=0,0,0,0,0,0,0,0,2,12,26,0,0,0,0,0,98,100,0,100,94,0,58,0,0,3,0,0,0,0,0,0,0,1,39,0,0,100,0,100,96,0,0
l19,15=0,0,0,0,0,0,0,1,0,1,2,0,0,0,0,0,22,86,100,0,57,0,0,0,0,22,0,0,0,0,0,0,0,41,48,0,0,100,0,91,94,0,0
l20,15=0,0,0,0,0,0,0,0,0,0,97,0,0,0,0,0,0,0,98,96,0,99,100,100,99,99,94,99,15,100,1,100,0,94,99,100,100,100,98,46,96,95,80
l21,15=0,0,0,0,0,0,0,0,0,0,0,0,0,0,0,0,0,0,0,0,98,0,99,99,95,97,99,99,99,100,100,98,24,0,98,100,100,98,100,0,0,30,84
l22,15=0,0,0,0,0,0,0,0,0,0,79,0,0,0,0,0,0,0,98,2,100,100,0,100,99,100,98,99,91,100,35,98,0,36,100,100,100,100,97,45,86,90,82
l23,15=0,0,0,0,0,0,0,0,0,0,0,0,0,0,0,0,0,0,0,0,98,95,100,0,96,97,97,99,99,100,98,97,98,0,98,100,95,97,98,0,0,84,79
l24,15=0,0,0,0,0,0,0,0,0,0,0,30,0,0,0,0,0,0,0,4,98,98,100,99,0,100,98,99,98,100,100,100,60,1,99,100,100,98,99,98,2,98,87
l25,15=0,0,0,0,0,0,0,0,0,0,0,0,0,0,0,0,0,0,5,77,100,98,99,100,99,0,97,98,91,100,89,99,68,0,99,100,100,98,98,2,95,91,90
l26,15=0,0,0,0,0,0,0,0,0,0,0,0,0,0,0,0,0,0,0,0,94,100,100,99,98,98,0,99,89,99,99,98,55,0,98,99,100,86,99,0,0,97,92
l27,15=0,0,0,0,0,0,0,0,0,0,0,0,0,0,0,0,0,0,0,0,97,98,100,100,99,98,99,0,98,99,100,98,21,0,99,100,100,98,98,0,24,81,84
l28,15=0,0,0,0,0,0,0,0,0,0,0,0,0,0,0,0,0,0,0,0,73,99,89,99,98,95,34,99,0,100,97,65,99,0,88,96,99,98,100,0,0,20,85
l29,15=0,0,0,0,0,0,0,0,0,0,0,0,0,0,0,0,0,0,0,0,91,97,93,99,99,97,98,91,99,0,99,98,94,0,90,90,100,98,99,14,0,1,96
l30,15=0,0,0,0,0,0,0,0,0,0,0,0,0,0,0,0,0,0,0,0,13,100,13,99,99,96,99,99,98,100,0,27,98,0,92,99,100,98,98,0,0,88,98
l31,15=0,0,0,0,0,0,0,0,0,0,0,0,0,0,0,0,0,0,0,0,99,100,91,100,100,100,97,99,42,100,99,0,1,0,99,99,100,100,0,0,1,82,87
l32,15=0,82,92,29,0,0,0,0,0,0,0,0,0,0,0,0,0,0,0,0,0,26,0,93,59,13,88,0,94,94,92,91,0,0,13,94,0,0,85,0,0,0,69
l33,15=0,3,0,0,0,0,0,3,0,98,100,59,0,0,0,0,0,0,25,3,97,0,97,0,100,0,0,0,0,0,0,0,0,0,22,1,3,99,0,100,94,0,0
l34,15=0,0,0,0,0,0,0,0,0,46,1,0,0,0,0,0,0,0,26,96,99,92,100,100,100,100,98,99,94,100,96,98,43,62,0,100,100,100,100,31,24,87,90
l35,15=0,0,0,0,0,0,0,0,0,0,0,0,0,0,0,0,0,0,0,0,99,100,100,100,100,100,99,99,98,99,100,98,1,0,99,0,100,98,100,0,1,81,89
l36,15=0,0,0,0,0,0,0,0,0,0,61,0,0,0,0,0,0,0,98,3,99,100,100,99,99,100,99,97,97,100,100,98,1,4,99,100,0,100,100,98,90,83,91
l37,15=0,0,0,0,0,0,0,3,1,0,72,0,0,0,0,22,0,52,99,96,99,100,93,56,98,100,99,33,99,97,99,96,0,98,100,99,98,0,95,76,99,99,94
l38,15=0,0,0,0,0,0,0,0,0,0,0,0,0,0,0,0,0,0,0,0,57,99,93,100,97,96,98,90,100,99,99,6,97,0,98,100,100,38,0,0,0,84,79
l39,15=0,100,64,1,0,0,0,50,97,100,100,53,0,0,0,0,0,0,99,97,22,0,0,0,99,84,0,0,0,29,0,0,0,100,46,0,97,98,0,0,89,0,0
l40,15=0,41,0,0,0,0,0,100,10,24,98,2,0,0,0,13,6,100,99,99,100,0,99,0,98,99,0,3,0,0,0,44,0,99,57,86,100,100,0,99,0,84,0
l41,15=0,0,0,0,0,0,0,0,0,0,0,0,0,0,0,0,0,0,0,0,99,76,99,100,99,100,98,99,1,98,100,99,0,0,99,100,100,97,97,0,84,0,84
l42,15=0,0,0,0,0,0,0,0,0,0,0,0,0,0,0,0,0,0,0,0,99,100,94,99,99,99,99,99,100,99,99,98,86,0,99,100,99,2,98,0,0,75,0

