n=43

q0=1
q1=1
q2=1
q3=1
q4=1
q5=1
q6=1
q7=1
q8=1
q9=1
q10=1
q11=1
q12=1
q13=1
q14=1
q15=1
q16=1
q17=1
q18=1
q19=1
q20=1
q21=1
q22=1
q23=1
q24=1
q25=1
q26=1
q27=1
q28=1
q29=1
q30=1
q31=1
q32=1
q33=1
q34=1
q35=1
q36=1
q37=1
q38=1
q39=1
q40=1
q41=1
q42=1

a0=0x141592000c576ce6
a1=0x141592000c5aedbc
a2=0x141592000c5750f4
a3=0x141592000c576658
a4=0x141592000c575890
a5=0x141592000c574ffa
a6=0x141592000c5acf11
a7=0x141592000d9df361
a8=0x141592000c576300
a9=0x141592000c5779b6
a10=0x141592000c5762b9
a11=0x141592000c5af078
a12=0x141592000c575517
a13=0x141592000c5752c3
a14=0x141592000c5a4baa
a15=0x141592000c5776e7
a16=0x141592000c58cdeb
a17=0x141592000c5881fc
a18=0x141592000bd81d33
a19=0x141592000bd84d6a
a20=0x141592000c577233
a21=0x141592000c574527
a22=0x141592000c5746a3
a23=0x141592000c574da3
a24=0x141592000c5741c9
a25=0x141592000da244ea
a26=0x141592000c5ae886
a27=0x141592000c57510e
a28=0x141592000c5ab6c8
a29=0x141592000c574d05
a30=0x141592000edae61f
a31=0x141592000c57667e
a32=0x141592000c577f43
a33=0x141592000c576449
a34=0x1415920010f4117a
a35=0x141592000c575966
a36=0x141592000c574d35
a37=0x141592000c576fb1
a38=0x141592000c5aea5d
a39=0x141592000c59f23f
a40=0x241592000c59f23f
a41=0x341592000c59f23f
a42=0x441592000c59f23f

l0,0=0,100,99,94,94,91,86,93,91,95,92,90,92,98,0,0,0,0,0,0,0,0,0,0,0,0,0,0,0,0,0,0,0,0,0,0,0,0,0,2,0,0,0
l1,0=100,0,100,80,98,94,95,93,6,97,67,88,96,86,94,0,0,0,3,0,0,0,0,0,0,0,0,0,0,0,0,0,0,32,0,0,0,0,0,38,0,0,0
l2,0=95,100,0,97,94,96,95,93,0,91,91,88,100,98,94,0,0,0,0,0,0,0,0,0,0,0,0,0,0,0,0,0,9,11,0,0,0,0,0,4,0,0,0
l3,0=92,100,95,0,96,93,97,0,0,91,91,6,100,100,94,0,0,0,0,0,0,0,0,0,0,0,0,0,0,0,0,0,36,0,0,0,0,0,0,0,0,0,0
l4,0=96,99,96,98,0,99,98,74,17,90,13,95,99,99,49,0,0,0,0,0,0,0,0,0,0,0,0,0,0,0,0,0,0,0,0,0,0,0,0,0,0,0,0
l5,0=94,98,95,84,100,0,99,67,39,90,83,90,90,99,6,0,0,0,0,0,0,0,0,0,0,0,0,0,0,0,0,0,0,0,0,0,0,0,0,0,0,0,0
l6,0=42,98,95,97,96,100,0,2,53,13,86,86,65,99,20,0,0,0,0,0,0,0,0,0,0,0,0,0,0,0,0,0,0,0,0,0,0,0,0,0,0,0,0
l7,0=95,100,95,1,37,19,85,0,94,90,61,89,0,0,0,63,91,94,37,21,0,0,0,0,0,0,0,0,0,0,0,0,0,0,0,0,0,0,0,68,23,0,0
l8,0=60,58,0,0,23,56,35,99,0,87,89,94,0,0,0,88,95,100,83,1,0,0,0,0,0,0,0,0,0,0,0,0,0,0,0,0,0,0,0,6,1,0,0
l9,0=94,99,98,97,86,90,1,97,91,0,100,90,86,90,0,0,81,67,1,90,0,0,0,0,2,0,0,0,0,0,0,0,0,78,33,0,0,2,0,94,77,0,0
l10,0=100,7,92,90,31,90,88,97,99,98,0,100,0,0,0,73,96,12,90,76,85,0,1,0,77,16,0,0,0,0,0,0,0,74,10,0,1,79,0,82,81,0,0
l11,0=100,98,91,32,95,93,74,96,91,98,100,0,0,0,0,0,10,83,15,2,0,0,0,0,0,0,0,0,0,0,0,0,0,76,4,0,0,0,0,80,83,0,0
l12,0=98,100,100,100,5,33,84,0,0,99,0,0,0,100,11,0,0,0,0,0,0,0,0,0,0,0,0,0,0,0,0,0,0,0,0,0,0,0,0,0,0,0,0
l13,0=90,19,97,98,94,94,97,0,0,0,0,0,100,0,95,0,0,0,0,0,0,0,0,0,0,0,0,0,0,0,0,0,0,0,0,0,0,0,0,0,0,0,0
l14,0=32,98,92,97,94,98,6,0,0,0,0,0,79,100,0,0,0,0,0,0,0,0,0,0,0,0,0,0,0,0,0,0,0,0,0,0,0,0,0,0,0,0,0
l15,0=0,0,0,0,0,0,0,80,88,0,36,0,0,0,0,0,95,99,90,84,0,0,0,0,0,0,0,0,0,0,0,0,0,0,0,0,0,0,0,0,75,0,0
l16,0=0,0,0,0,0,0,0,86,86,0,56,0,0,0,0,93,0,100,5,71,0,0,0,0,0,0,0,0,0,0,0,0,0,0,0,0,0,0,0,0,0,0,0
l17,0=0,0,0,0,0,0,0,91,97,5,79,85,0,0,0,98,97,0,89,21,0,0,0,0,0,0,0,0,0,0,0,0,0,0,0,0,0,0,0,0,86,0,0
l18,0=0,0,0,0,0,0,0,55,1,0,91,48,0,0,0,64,39,100,0,100,91,0,4,0,0,90,0,0,0,0,0,9,0,21,1,0,0,91,0,41,99,0,0
l19,0=0,0,0,0,0,0,0,0,5,1,78,33,0,0,0,66,81,20,100,0,91,0,69,0,29,15,0,0,0,0,0,0,0,1,70,0,3,98,0,89,88,0,0
l20,0=0,0,0,0,0,0,0,0,0,0,85,0,0,0,0,0,0,0,98,99,0,82,99,84,100,100,1,98,71,84,93,95,0,44,100,97,98,99,7,36,100,99,48
l21,0=0,0,0,0,0,0,0,0,0,0,0,0,0,0,0,0,0,0,0,0,88,0,83,95,96,96,98,88,96,97,98,91,89,0,89,96,96,93,98,0,0,87,99
l22,0=0,0,0,0,0,0,0,0,0,0,3,0,0,0,0,0,0,0,81,95,100,99,0,95,100,100,86,99,71,96,98,59,0,94,100,98,100,100,78,0,17,3,99
l23,0=0,0,0,0,0,0,0,0,0,0,0,0,0,0,0,0,0,0,0,0,80,100,86,0,3,93,94,84,96,99,98,91,5,0,89,95,98,92,97,0,0,17,100
l24,0=0,0,0,0,0,0,0,0,0,0,40,0,0,0,0,0,0,0,2,84,88,98,96,4,0,91,91,78,95,98,96,94,52,4,99,99,99,94,89,87,8,88,91
l25,0=0,0,0,0,0,0,0,0,0,0,1,0,0,0,0,0,0,0,3,3,99,98,92,95,66,0,92,90,3,98,95,98,92,3,100,96,98,100,87,0,73,99,98
l26,0=0,0,0,0,0,0,0,0,0,0,0,0,0,0,0,0,0,0,0,0,80,99,45,96,98,94,0,98,99,98,98,84,91,0,80,98,100,93,100,0,0,86,100
l27,0=0,0,0,0,0,0,0,0,0,0,0,0,0,0,0,0,0,0,0,4,98,99,98,96,96,100,98,0,97,98,96,98,2,0,72,98,100,95,95,0,34,99,99
l28,0=0,0,0,0,0,0,0,0,0,0,0,0,0,0,0,0,0,0,0,0,74,96,59,93,95,81,98,83,0,96,98,4,48,0,87,95,96,85,99,0,0,84,99
l29,0=0,0,0,0,0,0,0,0,0,0,0,0,0,0,0,0,0,0,0,0,78,96,84,96,95,92,95,83,96,0,91,90,93,1,88,87,95,93,98,0,0,14,99
l30,0=0,0,0,0,0,0,0,0,0,0,0,0,0,0,0,0,0,0,0,0,87,100,83,94,95,88,93,83,95,95,0,7,94,0,84,95,95,93,99,0,0,75,97
l31,0=0,0,0,0,0,0,0,0,0,0,0,0,0,0,0,0,0,0,5,0,98,96,86,93,100,100,90,93,1,87,28,0,0,0,100,97,100,100,90,0,1,100,7
l32,0=0,86,28,47,0,0,0,0,0,0,0,0,0,0,0,0,0,0,0,0,0,88,0,13,92,73,73,3,85,90,98,50,0,0,2,3,0,1,84,16,0,0,2
l33,0=0,21,5,1,0,0,0,18,0,100,96,97,0,0,0,0,0,0,89,69,12,0,90,0,2,4,0,0,0,0,0,0,0,0,36,1,36,3,0,100,100,6,0
l34,0=0,0,0,0,0,0,0,0,0,46,87,27,0,0,0,0,0,0,78,18,99,84,100,96,100,100,80,72,82,97,51,98,8,36,0,97,100,100,87,1,3,59,98
l35,0=0,0,0,0,0,0,0,0,0,0,0,0,0,0,0,0,0,0,0,0,90,97,83,91,100,96,94,91,96,97,96,91,16,1,79,0,97,93,96,0,16,95,100
l36,0=0,0,0,0,0,0,0,0,0,0,69,0,0,0,0,0,0,0,79,36,89,98,99,98,100,100,98,82,96,98,93,98,11,1,99,98,0,93,94,75,83,99,98
l37,0=0,0,0,0,0,0,0,0,12,3,57,2,0,0,0,2,0,34,68,77,95,76,100,88,100,98,84,100,13,56,96,100,5,38,100,87,100,0,76,2,95,97,99
l38,0=0,0,0,0,0,0,0,0,0,0,0,0,0,0,0,0,0,0,0,0,8,100,69,96,10,84,99,47,99,98,98,93,91,0,90,97,96,79,0,0,0,92,95
l39,0=0,58,38,0,0,0,0,1,0,91,92,94,0,0,0,0,0,0,100,98,26,0,1,0,76,0,0,0,0,0,0,0,0,100,84,0,0,2,0,0,8,0,0
l40,0=0,4,0,0,0,0,0,20,17,85,89,1,0,0,0,71,54,100,99,92,91,0,88,0,76,89,0,30,0,0,0,76,0,89,82,0,86,98,0,88,0,27,0
l41,0=0,0,0,0,0,0,0,0,0,0,0,0,0,0,0,0,0,0,6,17,98,98,72,92,100,100,91,100,85,89,10,99,0,0,20,99,100,100,89,0,62,0,97
l42,0=0,0,0,0,0,0,0,0,0,0,0,0,0,0,0,0,0,0,0,0,89,99,84,96,95,94,97,90,96,96,96,91,82,0,90,96,96,93,93,0,0,85,0

l0,1=0,100,96,100,94,90,76,84,96,94,93,83,71,2,8,0,0,0,6,0,0,0,0,0,0,0,0,0,0,0,0,0,0,79,0,0,0,0,0,1,0,0,0
l1,1=96,0,97,100,97,87,88,72,88,97,89,83,1,45,1,0,0,18,7,0,0,0,0,0,0,0,0,0,0,0,0,0,4,66,0,0,0,0,0,87,1,0,0
l2,1=96,100,0,100,96,93,82,4,0,96,93,79,83,80,90,0,0,0,0,0,0,0,0,0,0,0,0,0,0,0,0,0,80,56,0,0,0,0,0,0,0,0,0
l3,1=96,99,97,0,81,98,94,0,1,96,77,82,93,3,84,0,0,0,0,0,0,0,0,0,0,0,0,0,0,0,0,0,0,0,0,0,0,0,0,0,0,0,0
l4,1=95,99,96,98,0,95,95,74,0,91,1,80,75,80,33,0,0,0,0,0,0,0,0,0,0,0,0,0,0,0,0,0,0,0,0,0,0,0,0,0,0,0,0
l5,1=86,93,93,100,94,0,95,10,2,92,87,80,82,77,89,0,0,0,0,0,0,0,0,0,0,0,0,0,0,0,0,0,0,0,0,0,0,0,0,0,0,0,0
l6,1=2,90,83,96,93,100,0,79,94,86,88,79,79,86,97,0,0,0,0,0,0,0,0,0,0,0,0,0,0,0,0,0,0,0,0,0,0,0,0,0,0,0,0
l7,1=82,58,86,53,5,85,47,0,95,32,89,92,0,0,0,77,79,69,2,0,0,0,0,0,0,0,0,0,0,0,0,0,0,0,0,0,0,0,0,6,57,0,0
l8,1=14,85,0,0,0,45,89,81,0,21,82,44,0,0,0,97,94,96,2,0,0,0,0,0,0,0,0,0,0,0,0,0,0,0,0,0,0,21,0,1,2,0,0
l9,1=87,100,93,97,84,87,86,79,1,0,97,84,13,4,0,0,58,87,30,15,0,0,0,0,0,0,0,0,0,0,0,0,0,78,0,0,0,0,0,94,23,0,0
l10,1=87,88,87,74,32,85,82,77,93,92,0,90,0,0,0,63,94,84,94,81,64,0,17,0,12,33,0,0,0,0,0,10,0,72,72,0,1,70,0,76,86,0,0
l11,1=85,87,87,93,81,86,88,81,3,99,100,0,0,0,0,0,0,1,1,2,0,0,0,0,16,0,0,0,0,0,0,0,0,82,7,0,0,24,0,89,1,0,0
l12,1=8,65,100,99,69,98,36,0,0,10,0,0,0,100,82,0,0,0,0,0,0,0,0,0,0,0,0,0,0,0,0,0,0,0,0,0,0,0,0,0,0,0,0
l13,1=25,86,93,33,95,96,3,0,0,51,0,0,100,0,98,0,0,0,0,0,0,0,0,0,0,0,0,0,0,0,0,0,0,0,0,0,0,0,0,0,0,0,0
l14,1=4,21,96,97,95,95,94,0,0,0,0,0,89,93,0,0,0,0,0,0,0,0,0,0,0,0,0,0,0,0,0,0,65,0,0,0,0,0,0,0,0,0,0
l15,1=0,0,0,0,0,0,0,69,94,0,37,17,0,0,0,0,96,89,50,1,0,0,0,0,0,0,0,0,0,0,0,0,0,0,0,0,0,41,0,0,0,0,0
l16,1=0,0,0,0,0,0,0,80,62,0,77,0,0,0,0,97,0,96,91,0,0,0,0,0,0,0,0,0,0,0,0,0,0,0,0,0,0,0,0,0,0,0,0
l17,1=0,0,0,0,0,0,0,67,97,2,1,8,0,0,0,95,99,0,92,80,0,0,0,0,0,0,0,0,0,0,0,0,0,0,0,0,0,2,0,0,63,0,0
l18,1=0,0,0,0,0,0,0,0,7,0,85,43,0,0,0,23,94,96,0,99,24,0,0,0,7,0,0,0,0,0,0,0,0,2,1,0,0,96,0,0,96,0,0
l19,1=0,0,0,0,0,0,0,0,0,34,44,0,0,0,0,0,69,86,100,0,68,0,3,0,7,0,0,0,0,0,0,0,0,55,48,0,27,10,0,84,83,0,0
l20,1=0,0,0,0,0,0,0,0,0,0,52,0,0,0,0,0,0,0,63,72,0,62,96,65,100,100,76,82,32,28,23,92,0,64,100,86,98,89,69,70,69,99,79
l21,1=0,0,0,0,0,0,0,0,0,0,0,0,0,0,0,0,0,0,0,0,12,0,75,99,99,99,97,92,93,99,99,94,91,0,95,97,91,86,96,0,0,79,100
l22,1=0,0,0,0,0,0,0,0,0,0,0,0,0,0,0,0,0,0,60,35,99,80,0,84,100,100,86,92,25,48,2,86,0,56,98,79,97,95,71,0,66,84,96
l23,1=0,0,0,0,0,0,0,0,0,0,0,0,0,0,0,0,0,0,0,0,81,98,91,0,99,99,96,92,28,97,99,90,26,0,92,95,94,87,96,0,0,83,98
l24,1=0,0,0,0,0,0,0,0,0,16,24,0,0,0,0,0,0,0,24,2,91,95,89,86,0,99,96,91,82,85,92,94,71,18,65,99,97,87,87,11,9,84,86
l25,1=0,0,0,0,0,0,0,0,0,0,4,0,0,0,0,0,0,2,46,5,91,90,94,99,99,0,84,88,77,86,67,97,65,3,63,95,97,87,87,0,1,75,81
l26,1=0,0,0,0,0,0,0,0,0,0,0,0,0,0,0,0,0,0,0,0,84,96,94,99,99,98,0,92,90,97,99,60,95,0,94,97,94,87,93,0,0,85,100
l27,1=0,0,0,0,0,0,0,0,0,0,0,0,0,0,0,0,0,0,0,0,86,95,96,99,99,96,94,0,89,87,87,93,6,0,98,98,97,87,85,0,3,71,86
l28,1=0,0,0,0,0,0,0,0,0,0,0,0,0,0,0,0,0,0,0,0,74,98,85,80,98,98,95,92,0,100,100,39,97,0,84,96,57,86,95,0,0,68,98
l29,1=0,0,0,0,0,0,0,0,0,0,0,0,0,0,0,0,0,0,0,0,62,96,52,98,99,97,95,89,88,0,99,94,94,0,76,95,93,87,93,0,0,5,98
l30,1=0,0,0,0,0,0,0,0,0,0,0,0,0,0,0,0,0,0,0,0,5,98,51,99,99,76,97,90,88,97,0,82,81,0,93,96,94,83,99,0,0,72,98
l31,1=0,0,0,0,0,0,0,0,0,0,0,0,0,0,0,0,0,0,0,0,87,86,81,84,99,99,17,91,25,92,78,0,0,0,96,94,99,89,93,0,4,63,78
l32,1=0,59,66,50,0,0,0,0,0,0,0,0,0,0,1,0,0,0,0,0,0,86,0,77,72,2,87,72,72,85,75,42,0,0,24,72,42,0,78,0,0,0,22
l33,1=66,69,55,0,0,0,0,0,0,57,86,80,0,0,0,0,0,0,79,79,64,0,55,0,70,3,0,0,0,0,0,0,0,0,59,47,60,68,0,100,90,0,9
l34,1=0,44,0,0,0,0,0,0,0,7,66,2,0,0,0,0,0,0,63,67,100,88,96,67,86,81,83,92,29,79,80,92,29,58,0,95,66,91,80,1,1,52,83
l35,1=0,0,0,0,0,0,0,0,0,0,0,0,0,0,0,0,0,0,0,20,68,98,89,94,100,97,97,92,88,95,99,86,81,65,93,0,98,87,97,4,62,73,100
l36,1=0,0,0,0,0,0,0,0,0,0,0,0,0,0,0,0,0,0,66,72,91,81,96,99,100,99,91,92,67,88,99,99,65,13,82,97,0,87,58,14,75,86,100
l37,1=0,0,0,0,0,0,0,10,3,0,1,2,0,0,0,2,2,69,88,9,100,63,97,64,9,99,73,97,36,60,76,94,0,74,87,88,96,0,35,58,95,96,97
l38,1=0,0,0,0,0,0,0,0,0,0,0,0,0,0,0,0,0,0,0,0,63,98,70,99,51,98,95,90,93,97,100,90,92,0,64,97,17,61,0,0,0,74,98
l39,1=0,70,1,0,0,0,0,77,11,26,59,86,0,0,0,0,0,0,55,91,73,0,0,0,13,4,0,0,0,0,0,0,0,100,38,0,26,20,0,0,79,0,0
l40,1=0,63,0,0,0,0,0,53,20,69,91,64,0,0,0,0,10,93,95,26,13,0,64,0,58,9,0,29,0,0,0,48,0,92,93,10,87,100,0,95,0,67,0
l41,1=0,0,0,0,0,0,0,0,0,0,0,0,0,0,0,0,0,0,0,0,100,82,96,84,100,99,83,92,64,35,81,96,0,0,20,98,96,88,88,0,78,0,99
l42,1=0,0,0,0,0,0,0,0,0,0,0,0,0,0,0,0,0,0,0,0,89,97,96,99,99,64,98,91,90,95,99,82,84,2,95,97,97,87,96,0,0,85,0

l0,2=0,100,98,100,89,90,85,51,0,89,79,97,76,78,0,0,0,0,0,0,0,0,0,0,0,0,0,0,0,0,0,0,8,79,0,0,0,0,0,0,0,0,0
l1,2=100,0,94,100,84,90,87,42,16,89,90,92,77,81,55,0,0,0,51,0,0,0,0,0,0,0,0,0,0,0,0,0,27,51,0,0,0,0,0,89,22,0,0
l2,2=98,100,0,100,88,96,85,1,78,89,80,84,93,86,7,0,0,0,0,0,0,0,0,0,0,0,0,0,0,0,0,0,67,7,0,0,0,0,0,0,0,0,0
l3,2=100,100,98,0,89,99,86,0,0,78,91,82,99,97,96,0,0,0,0,0,0,0,0,0,0,0,0,0,0,0,0,0,40,0,0,0,0,0,0,0,0,0,0
l4,2=100,100,98,100,0,98,92,52,16,89,66,96,83,97,68,0,0,0,0,0,0,0,0,0,0,0,0,0,0,0,0,0,0,0,0,0,0,0,0,0,0,0,0
l5,2=97,98,97,99,89,0,92,52,95,88,77,24,45,90,98,0,0,0,0,0,0,0,0,0,0,0,0,0,0,0,0,0,0,0,0,0,0,0,0,0,0,0,0
l6,2=89,88,92,94,89,99,0,52,18,78,81,85,36,92,97,0,0,0,0,0,0,0,0,0,0,0,0,0,0,0,0,0,0,0,0,0,0,0,0,0,0,0,0
l7,2=88,91,1,0,72,4,23,0,97,72,83,91,0,0,0,1,76,86,0,0,0,0,0,0,0,0,0,0,0,0,0,0,0,6,0,0,0,13,0,3,75,0,0
l8,2=0,28,68,0,39,73,1,97,0,89,88,32,0,0,0,90,95,90,6,2,0,0,0,0,0,0,0,0,0,0,0,0,0,0,0,0,0,80,0,79,73,0,0
l9,2=93,89,98,85,80,87,84,53,94,0,82,98,7,1,0,0,0,28,91,1,0,0,0,0,0,0,0,0,0,0,0,0,0,79,85,0,0,0,0,75,1,0,0
l10,2=79,88,90,91,58,82,83,54,94,79,0,87,0,0,0,28,80,39,87,75,79,0,44,0,2,4,0,0,0,0,0,0,0,77,71,0,0,72,0,75,84,0,0
l11,2=98,88,3,91,77,3,85,75,88,99,86,0,0,0,0,0,0,2,35,0,0,0,0,0,1,0,0,0,0,0,0,0,0,71,0,0,0,0,0,91,47,0,0
l12,2=97,71,99,100,96,6,0,0,0,0,0,0,0,99,100,0,0,0,0,0,0,0,0,0,0,0,0,0,0,0,0,0,0,0,0,0,0,0,0,0,0,0,0
l13,2=6,34,97,100,91,96,92,0,0,47,0,0,100,0,97,0,0,0,0,0,0,0,0,0,0,0,0,0,0,0,0,0,0,0,0,0,0,0,0,0,0,0,0
l14,2=3,98,10,100,47,99,92,0,0,0,0,0,99,97,0,0,0,0,0,0,0,0,0,0,0,0,0,0,0,0,0,0,0,0,0,0,0,0,0,0,0,0,0
l15,2=0,0,0,0,0,0,0,72,96,0,5,0,0,0,0,0,96,90,32,0,0,0,0,0,0,0,0,0,0,0,0,0,0,0,0,0,0,0,0,0,1,0,0
l16,2=0,0,0,0,0,0,0,87,92,0,40,0,0,0,0,93,0,90,2,6,0,0,0,0,0,0,0,0,0,0,0,0,0,0,0,0,0,0,0,0,0,0,0
l17,2=0,0,0,0,0,0,0,73,91,52,78,0,0,0,0,73,99,0,77,75,0,0,0,0,0,0,0,0,0,0,0,0,0,0,0,0,0,0,0,0,64,0,0
l18,2=0,0,0,0,0,0,0,0,0,0,90,0,0,0,0,19,5,89,0,100,86,0,20,0,0,1,0,0,0,0,0,0,0,18,4,0,6,83,0,2,79,0,0
l19,2=0,0,0,0,0,0,0,2,1,0,65,0,0,0,0,0,70,85,100,0,94,0,1,0,0,15,0,0,0,0,0,38,0,3,0,0,1,53,0,5,43,0,0
l20,2=0,0,0,0,0,0,0,0,0,0,60,0,0,0,0,0,0,0,43,90,0,9,98,78,89,100,68,91,2,78,20,82,0,37,100,96,87,100,46,49,79,53,65
l21,2=0,0,0,0,0,0,0,0,0,0,0,0,0,0,0,0,0,0,0,0,62,0,64,97,96,9,94,92,100,98,100,67,19,0,96,100,87,87,98,0,0,52,98
l22,2=0,0,0,0,0,0,0,0,0,0,22,0,0,0,0,0,0,0,46,56,99,51,0,88,100,98,75,96,0,86,84,86,0,8,94,100,95,99,5,0,12,90,82
l23,2=0,0,0,0,0,0,0,0,0,0,0,0,0,0,0,0,0,0,0,0,85,98,84,0,98,90,81,94,98,97,100,86,82,0,96,100,85,26,90,0,0,77,98
l24,2=0,0,0,0,0,0,0,0,0,0,0,0,0,0,0,0,0,0,4,0,87,84,85,96,0,91,94,93,91,95,82,88,1,6,99,100,95,92,44,52,5,67,99
l25,2=0,0,0,0,0,0,0,0,0,0,4,0,0,0,0,0,0,0,69,30,97,21,83,87,95,0,83,99,86,96,68,81,24,25,96,99,87,93,96,66,6,90,83
l26,2=0,0,0,0,0,0,0,0,0,0,0,0,0,0,0,0,0,0,0,0,86,98,84,77,99,91,0,94,99,98,100,84,71,0,96,93,86,92,98,0,0,74,99
l27,2=0,0,0,0,0,0,0,0,0,0,0,0,0,0,0,0,0,0,0,0,88,97,80,93,100,99,84,0,93,94,99,80,0,0,99,100,77,91,56,0,0,75,99
l28,2=0,0,0,0,0,0,0,0,0,0,0,0,0,0,0,0,0,0,0,0,53,99,4,94,95,84,93,92,0,97,99,76,86,0,71,95,84,91,99,0,0,59,98
l29,2=0,0,0,0,0,0,0,0,0,0,0,0,0,0,0,0,0,0,0,0,86,98,77,94,95,90,92,92,98,0,100,84,88,0,2,92,87,91,96,0,0,77,99
l30,2=0,0,0,0,0,0,0,0,0,0,0,0,0,0,0,0,0,0,0,0,66,99,81,97,97,87,96,92,99,98,0,85,78,0,93,100,91,91,100,0,0,73,100
l31,2=0,0,0,0,0,0,0,0,0,0,0,0,0,0,0,0,0,0,0,0,84,84,85,94,100,91,6,96,68,65,83,0,0,0,96,52,99,89,21,0,1,100,95
l32,2=45,81,75,77,0,0,0,0,0,0,0,0,0,0,0,0,0,0,0,0,0,81,0,57,39,2,48,9,86,77,83,61,0,0,1,50,63,0,86,2,0,0,11
l33,2=75,49,68,0,0,0,0,41,0,81,83,45,0,0,0,0,0,0,15,4,14,0,62,0,5,3,0,0,0,0,0,0,0,0,70,4,3,28,0,100,84,0,0
l34,2=0,0,0,0,0,0,0,0,0,28,59,0,0,0,0,0,0,0,53,21,98,78,100,85,100,98,75,98,3,63,90,81,4,70,0,100,92,92,87,83,19,46,98
l35,2=0,0,0,0,0,0,0,0,0,0,0,0,0,0,0,0,0,0,11,25,87,97,85,97,100,89,88,96,95,92,95,75,60,44,100,0,89,92,98,6,67,75,100
l36,2=0,0,0,0,0,0,0,0,0,0,57,0,0,0,0,0,0,0,55,71,80,97,92,98,100,98,88,86,89,99,72,99,12,58,99,100,0,91,58,81,28,78,94
l37,2=0,0,0,0,0,0,0,21,64,0,27,0,0,0,0,0,1,1,83,33,100,12,70,70,76,100,44,95,73,61,70,87,0,5,88,42,93,0,60,37,83,93,70
l38,2=0,0,0,0,0,0,0,0,0,0,0,0,0,0,0,0,0,0,0,0,43,98,83,93,95,90,94,9,100,98,100,46,86,0,96,100,19,89,0,0,0,9,99
l39,2=0,80,4,0,0,0,0,2,78,65,100,75,0,0,0,0,0,0,1,1,64,0,0,0,51,7,0,0,0,0,0,0,0,100,83,0,78,1,0,0,100,0,0
l40,2=0,79,0,0,0,0,0,40,95,13,80,86,0,0,0,10,60,86,90,92,93,0,56,0,24,82,0,0,0,0,0,62,0,81,70,46,57,98,0,96,0,62,0
l41,2=0,0,0,0,0,0,0,0,0,0,0,0,0,0,0,0,0,0,1,0,85,84,81,89,98,94,83,82,89,92,84,93,0,0,78,100,82,99,28,0,46,0,80
l42,2=0,0,0,0,0,0,0,0,0,0,0,0,0,0,0,0,0,0,0,0,70,97,80,95,99,91,95,92,96,98,100,87,85,0,96,99,86,91,97,5,0,74,0

l0,3=0,100,99,99,93,98,96,94,85,100,94,98,93,31,80,0,0,0,24,0,0,0,0,0,0,0,0,0,0,0,0,0,0,58,0,0,0,0,0,15,0,0,0
l1,3=100,0,100,100,96,96,97,80,78,100,88,91,95,85,8,0,0,4,59,8,0,0,0,0,0,0,0,0,0,0,0,0,59,91,0,0,0,0,0,12,1,0,0
l2,3=100,100,0,100,96,97,98,37,84,95,94,96,98,95,86,0,0,0,0,0,0,0,0,0,0,0,0,0,0,0,0,0,71,0,0,0,0,0,0,1,0,0,0
l3,3=96,98,97,0,95,97,88,0,43,83,91,79,99,97,88,0,0,0,0,0,0,0,0,0,0,0,0,0,0,0,0,0,14,0,0,0,0,0,0,0,0,0,0
l4,3=95,99,100,100,0,99,100,1,70,81,81,84,97,95,84,0,0,0,0,0,0,0,0,0,0,0,0,0,0,0,0,0,0,0,0,0,0,0,0,0,0,0,0
l5,3=97,99,96,96,95,0,99,70,86,88,94,91,6,96,92,0,0,0,0,0,0,0,0,0,0,0,0,0,0,0,0,0,0,0,0,0,0,0,0,0,0,0,0
l6,3=95,97,98,95,95,99,0,62,83,8,91,87,35,90,91,0,0,0,0,0,0,0,0,0,0,0,0,0,0,0,0,0,0,0,0,0,0,0,0,0,0,0,0
l7,3=100,99,100,0,53,81,92,0,100,94,98,89,25,0,0,92,87,70,3,44,0,0,0,0,0,0,0,0,0,0,0,0,0,87,0,0,0,0,0,85,2,0,0
l8,3=72,75,83,2,8,85,18,89,0,88,97,86,0,0,0,90,93,93,15,3,0,0,0,0,0,0,0,0,0,0,0,0,0,0,0,0,0,47,0,8,72,0,0
l9,3=100,100,100,92,96,100,36,84,94,0,100,100,56,84,0,0,0,87,93,7,0,0,0,0,1,0,0,0,0,0,0,0,0,90,0,0,0,0,0,95,90,0,0
l10,3=100,92,98,88,85,95,91,89,98,98,0,99,0,0,0,81,84,96,91,93,29,0,75,0,65,82,0,0,0,0,0,26,0,94,59,0,0,59,0,98,94,0,0
l11,3=100,99,98,1,91,98,98,99,98,100,99,0,0,0,0,1,0,1,97,84,0,0,0,0,0,0,0,0,0,0,0,0,0,64,0,0,0,0,0,91,2,0,0
l12,3=93,100,99,100,12,4,0,0,0,4,0,0,0,100,99,0,0,0,0,0,0,0,0,0,0,0,0,0,0,0,0,0,0,0,0,0,0,0,0,0,0,0,0
l13,3=96,15,96,100,93,98,4,0,0,1,0,0,100,0,100,0,0,0,0,0,0,0,0,0,0,0,0,0,0,0,0,0,0,0,0,0,0,0,0,0,0,0,0
l14,3=33,94,98,96,94,100,99,0,0,0,0,4,98,100,0,0,0,0,0,0,0,0,0,0,0,0,0,0,0,0,0,0,0,0,0,0,0,0,0,0,0,0,0
l15,3=0,0,0,0,0,0,0,78,96,0,65,4,0,0,0,0,98,95,72,16,0,0,0,0,0,0,0,0,0,0,0,0,0,0,0,0,0,0,0,0,0,0,0
l16,3=0,0,0,0,0,0,0,61,97,0,4,0,0,0,0,98,0,99,98,0,0,0,0,0,0,0,0,0,0,0,0,0,0,0,0,0,0,0,0,0,0,0,0
l17,3=0,0,0,0,0,0,0,69,96,8,52,1,0,0,0,94,98,0,44,15,0,0,0,0,0,0,0,0,0,0,0,0,0,0,0,0,0,41,0,0,65,0,0
l18,3=0,2,0,0,0,0,0,3,42,44,90,15,0,0,0,2,99,97,0,100,99,0,0,0,0,61,0,0,0,0,0,14,0,12,3,0,0,83,0,7,96,0,0
l19,3=0,0,0,0,0,0,0,0,1,5,97,35,0,0,0,0,49,95,99,0,99,0,0,0,0,77,0,0,0,0,0,67,0,2,88,0,74,79,0,48,100,1,0
l20,3=0,0,0,0,0,0,0,0,0,0,11,0,0,0,0,0,0,0,100,99,0,74,100,98,97,100,33,98,35,93,73,100,0,68,100,100,98,100,4,63,89,94,93
l21,3=0,0,0,0,0,0,0,0,0,0,0,0,0,0,0,0,0,0,0,0,87,0,82,98,96,97,99,98,99,96,98,89,90,0,96,100,96,86,97,0,0,78,99
l22,3=0,0,0,0,0,0,0,0,0,0,62,0,0,0,0,0,0,0,49,1,100,2,0,92,97,99,96,98,78,43,42,100,0,98,100,38,98,100,95,5,25,62,99
l23,3=0,0,0,0,0,0,0,0,0,0,0,0,0,0,0,0,0,0,0,0,88,100,91,0,98,97,96,97,97,100,98,99,88,0,96,95,96,86,97,0,0,79,99
l24,3=0,0,0,0,0,0,0,0,0,0,75,0,0,0,0,0,0,0,3,0,88,99,89,99,0,100,96,96,96,99,95,85,86,85,99,99,99,91,97,4,91,97,99
l25,3=0,0,0,0,0,0,0,0,0,0,71,0,0,0,0,0,0,0,86,89,99,100,100,98,100,0,92,97,98,95,90,99,1,5,100,99,98,100,97,26,75,98,99
l26,3=0,0,0,0,0,0,0,0,0,0,0,0,0,0,0,0,0,0,0,0,23,100,48,98,98,94,0,91,99,100,98,69,76,0,99,100,45,86,99,0,0,70,99
l27,3=0,0,0,0,0,0,0,0,0,0,0,0,0,0,0,0,0,0,0,0,99,100,100,98,99,100,96,0,2,98,97,100,0,0,99,99,98,100,7,0,2,73,99
l28,3=0,0,0,0,0,0,0,0,0,0,0,0,0,0,0,0,0,0,0,0,1,99,87,96,94,95,96,37,0,99,96,87,83,0,90,96,94,86,98,0,0,71,96
l29,3=0,0,0,0,0,0,0,0,0,0,0,0,0,0,0,0,0,0,0,0,87,98,87,98,94,94,96,89,98,0,97,87,82,2,94,80,96,90,97,12,0,76,98
l30,3=0,0,0,0,0,0,0,0,0,0,0,0,0,0,0,0,0,0,0,0,85,100,15,98,96,95,96,96,98,99,0,85,85,0,91,96,88,86,98,0,0,32,96
l31,3=0,0,0,0,0,0,0,0,0,0,0,0,0,0,0,0,0,0,0,1,100,93,100,99,96,97,96,97,2,98,2,0,0,0,99,91,100,100,85,0,0,98,99
l32,3=0,88,33,6,0,0,0,0,0,0,0,0,0,0,0,0,0,0,0,0,0,99,0,85,27,63,81,43,90,93,7,0,0,0,7,80,74,0,95,0,0,0,29
l33,3=29,100,1,0,0,0,0,30,0,100,100,100,0,0,0,0,0,0,64,80,96,0,100,0,99,3,0,0,0,2,0,0,0,0,100,1,37,99,0,100,100,0,40
l34,3=0,1,0,0,0,0,0,0,0,0,91,1,0,0,0,0,0,0,69,93,100,99,100,97,98,100,97,96,89,96,94,100,1,98,0,100,98,100,89,96,88,48,99
l35,3=0,0,0,0,0,0,0,0,0,0,0,0,0,0,0,0,0,0,84,0,100,100,100,99,98,100,96,95,98,94,98,100,34,69,99,0,94,100,97,5,28,98,98
l36,3=0,0,0,0,0,0,0,0,0,0,5,0,0,0,0,0,0,0,8,2,100,100,100,99,100,100,95,97,99,100,93,100,30,81,100,67,0,99,90,11,21,97,99
l37,3=0,0,0,0,0,0,0,0,62,0,71,0,0,0,0,0,9,82,98,72,100,96,100,94,100,94,51,100,1,78,84,100,0,80,100,93,100,0,83,92,99,92,96
l38,3=0,0,0,0,0,0,0,0,0,0,0,0,0,0,0,0,0,0,0,0,49,100,90,98,94,95,95,90,100,99,98,85,98,0,47,84,89,80,0,0,0,77,98
l39,3=2,25,15,0,0,0,0,13,71,100,100,99,0,0,0,0,0,0,60,79,99,0,73,0,80,0,0,0,0,0,0,0,0,100,100,0,2,100,0,0,99,0,0
l40,3=0,38,0,0,0,0,0,83,67,93,91,59,0,0,0,18,45,95,100,100,3,0,54,0,74,93,0,4,0,0,0,1,0,93,88,14,3,100,0,95,0,66,1
l41,3=0,0,0,0,0,0,0,0,0,0,0,0,0,0,0,0,0,0,30,5,100,100,99,98,99,100,95,97,98,99,93,100,0,0,33,99,93,100,71,0,40,0,100
l42,3=0,0,0,0,0,0,0,0,0,0,0,0,0,0,0,0,0,0,0,0,86,100,88,99,97,98,99,91,98,100,98,99,5,21,99,97,94,86,99,3,38,86,0

l0,4=0,100,100,100,100,99,97,98,14,100,1,99,99,0,100,0,0,0,20,0,0,0,0,0,0,0,0,0,0,0,0,0,0,98,0,0,0,0,0,0,0,0,0
l1,4=100,0,100,12,100,97,96,95,98,100,97,99,99,98,1,0,0,0,1,0,0,0,0,0,0,0,0,0,0,0,0,0,47,45,0,0,0,0,0,76,2,0,0
l2,4=100,98,0,100,100,99,97,95,4,99,97,98,99,54,56,0,0,0,0,0,0,0,0,0,0,0,0,0,0,0,0,0,100,0,0,0,0,0,0,52,0,0,0
l3,4=100,1,100,0,100,98,82,0,7,99,97,97,93,56,86,0,0,0,0,0,0,0,0,0,0,0,0,0,0,0,0,0,1,0,0,0,0,0,0,0,0,0,0
l4,4=98,96,99,100,0,97,97,87,75,100,60,96,99,98,74,0,0,0,0,0,0,0,0,0,0,0,0,0,0,0,0,0,0,0,0,0,0,0,0,0,0,0,0
l5,4=98,96,98,100,99,0,97,100,5,99,100,97,95,98,100,0,0,0,0,0,0,0,0,0,0,0,0,0,0,0,0,0,0,0,0,0,0,0,0,0,0,0,0
l6,4=97,96,98,97,99,100,0,22,7,99,99,94,23,96,99,0,0,0,0,0,0,0,0,0,0,0,0,0,0,0,0,0,0,0,0,0,0,0,0,0,0,0,0
l7,4=97,98,98,0,93,97,76,0,99,95,99,98,0,0,0,98,98,96,87,35,0,0,0,0,0,0,0,0,0,0,0,0,0,1,0,0,0,0,0,75,66,0,0
l8,4=38,96,3,0,17,11,67,96,0,96,96,99,0,0,0,98,99,97,1,14,0,0,0,0,0,0,0,0,0,0,0,0,0,14,0,0,0,26,0,18,0,0,0
l9,4=99,100,98,98,100,100,95,73,100,0,100,100,99,1,4,27,0,97,2,91,0,0,0,0,53,0,0,0,0,0,0,0,0,90,0,0,0,0,0,100,93,0,0
l10,4=66,100,99,99,94,99,94,100,100,100,0,100,0,0,0,95,98,100,83,92,1,0,64,0,97,1,0,0,0,0,0,0,0,77,96,0,33,67,0,97,98,15,0
l11,4=100,100,100,100,99,100,95,100,98,100,100,0,0,0,0,0,0,76,86,95,0,0,0,0,0,0,0,0,0,0,0,0,0,60,36,0,0,0,0,99,15,0,0
l12,4=97,100,72,100,99,98,8,0,0,78,0,0,0,100,100,0,0,0,0,0,0,0,0,0,0,0,0,0,0,0,0,0,0,0,0,0,0,0,0,0,0,0,0
l13,4=25,98,59,90,100,97,2,0,0,11,0,0,100,0,100,0,0,0,0,0,0,0,0,0,0,0,0,0,0,0,0,0,0,0,0,0,0,0,0,0,0,0,0
l14,4=96,95,40,82,93,100,98,0,0,47,0,0,99,100,0,0,0,0,0,0,0,0,0,0,0,0,0,0,0,0,0,0,0,0,0,0,0,0,0,0,0,0,0
l15,4=0,0,0,0,0,0,0,24,97,1,81,0,0,0,0,0,99,97,2,3,0,0,0,0,0,0,0,0,0,0,0,0,0,0,0,0,0,0,0,0,0,0,0
l16,4=0,0,0,0,0,0,0,94,97,0,16,0,0,0,0,98,0,98,93,0,0,0,0,0,0,0,0,0,0,0,0,0,0,0,0,0,0,0,0,0,0,0,0
l17,4=0,0,0,0,0,0,0,61,97,9,79,59,0,0,0,96,96,0,60,78,0,0,0,0,0,0,0,0,0,0,0,0,0,0,0,0,0,33,0,0,63,0,0
l18,4=0,0,0,0,0,0,0,56,75,2,98,1,0,0,0,27,99,99,0,96,99,0,78,0,2,84,0,0,0,0,0,13,0,96,97,0,1,99,0,3,98,0,0
l19,4=0,0,0,0,0,0,0,36,0,1,78,50,0,0,0,0,8,100,99,0,59,0,55,0,0,67,0,0,0,0,0,78,0,24,1,0,34,90,0,80,97,4,0
l20,4=0,0,0,0,0,0,0,0,0,0,16,0,0,0,0,0,0,0,99,97,0,99,100,96,100,100,98,100,96,94,84,98,0,1,100,100,97,99,75,78,99,100,100
l21,4=0,0,0,0,0,0,0,0,0,0,0,0,0,0,0,0,0,0,0,0,97,0,96,98,100,2,98,100,100,95,98,42,96,0,96,100,98,98,98,0,0,99,100
l22,4=0,0,0,0,0,0,0,0,0,0,4,0,0,0,0,0,0,0,99,91,100,99,0,98,100,96,98,99,12,94,95,97,0,97,100,100,99,99,99,58,47,100,99
l23,4=0,0,0,0,0,0,0,0,0,0,0,0,0,0,0,0,0,0,0,0,92,96,98,0,98,97,98,99,98,97,98,97,98,0,98,100,99,99,98,0,0,99,100
l24,4=0,0,0,0,0,0,0,0,0,18,24,7,0,0,0,0,0,0,15,17,98,100,100,100,0,98,100,100,96,100,99,93,2,92,100,100,99,98,100,37,59,99,100
l25,4=0,0,0,0,0,0,0,0,0,0,56,0,0,0,0,0,0,0,98,94,99,36,98,99,100,0,98,100,97,96,87,98,1,0,100,100,99,100,100,3,99,100,99
l26,4=0,0,0,0,0,0,0,0,0,0,0,0,0,0,0,0,0,0,0,0,96,99,97,98,99,96,0,100,100,97,98,96,4,0,98,100,12,99,100,0,0,96,98
l27,4=0,0,0,0,0,0,0,0,0,0,0,0,0,0,0,0,0,0,0,0,100,100,99,99,100,98,99,0,98,91,98,98,79,5,100,100,99,22,100,0,0,100,100
l28,4=0,0,0,0,0,0,0,0,0,0,0,0,0,0,0,0,0,0,0,0,83,98,67,98,95,96,98,99,0,94,96,37,96,0,97,100,98,96,100,0,0,3,98
l29,4=0,0,0,0,0,0,0,0,0,0,0,0,0,0,0,0,0,0,0,0,92,97,94,98,98,96,98,99,97,0,97,95,73,1,98,98,98,85,98,0,0,33,98
l30,4=0,0,0,0,0,0,0,0,0,0,0,0,0,0,0,0,0,0,0,0,96,99,95,98,97,96,98,99,98,95,0,96,98,0,95,100,99,99,100,0,0,99,98
l31,4=0,0,0,0,0,0,0,0,0,0,0,0,0,0,0,0,0,0,10,33,100,93,99,99,95,82,99,100,1,96,100,0,0,0,100,100,99,99,5,0,1,100,100
l32,4=64,71,95,8,0,0,0,0,0,0,0,0,0,8,0,0,0,0,0,0,0,88,0,98,80,1,93,87,95,96,95,1,0,0,0,84,11,0,95,0,0,0,10
l33,4=99,100,47,0,0,0,0,1,1,99,98,64,0,0,0,0,0,0,99,95,93,0,99,0,99,0,0,8,0,0,0,0,0,0,100,88,11,99,0,100,100,0,0
l34,4=0,3,0,0,0,0,0,0,0,0,93,1,0,0,0,0,0,0,99,1,100,97,100,98,100,99,98,98,95,97,56,96,0,97,0,100,99,99,97,100,73,99,98
l35,4=0,0,0,0,0,0,0,0,0,0,0,0,0,0,0,0,0,0,21,0,97,96,97,100,100,95,100,100,100,98,99,83,1,79,99,0,99,99,98,3,0,94,100
l36,4=0,0,0,0,0,0,0,0,0,0,1,0,0,0,0,0,0,0,92,88,100,98,98,100,100,98,87,100,96,98,97,99,5,68,100,100,0,92,98,99,94,100,100
l37,4=0,0,0,0,0,0,0,50,4,0,94,1,0,0,0,0,14,67,99,97,100,97,99,96,99,100,99,98,75,70,97,97,0,92,98,96,99,0,99,100,100,98,99
l38,4=0,0,0,0,0,0,0,0,0,0,0,0,0,0,0,0,0,0,0,0,92,96,95,98,97,96,99,99,100,77,98,73,98,0,95,95,98,97,0,0,0,99,100
l39,4=0,92,17,0,0,0,0,79,14,100,100,99,0,0,0,0,0,0,98,100,1,0,58,0,15,0,0,0,0,0,0,0,0,100,91,0,36,99,0,0,100,0,0
l40,4=0,15,0,0,0,0,0,75,0,88,100,89,0,0,0,50,18,32,100,98,99,0,98,0,97,99,0,0,0,0,0,99,0,100,17,21,99,99,0,99,0,86,50
l41,4=0,0,0,0,0,0,0,0,0,0,88,0,0,0,0,0,0,0,57,39,100,97,3,99,100,99,91,100,56,93,97,100,0,0,100,100,99,99,100,0,96,0,100
l42,4=0,0,0,0,0,0,0,0,0,0,0,0,0,0,0,0,0,0,0,0,70,97,98,100,100,96,99,100,98,94,97,96,55,0,97,100,99,100,99,1,58,99,0

l0,5=0,100,90,100,97,89,82,92,90,93,94,100,96,97,0,0,0,0,0,0,0,0,0,0,0,0,0,0,0,0,0,0,0,66,0,0,0,0,0,0,0,0,0
l1,5=100,0,100,100,100,98,81,84,6,100,100,74,96,95,34,0,0,0,94,0,0,0,0,0,0,0,0,0,0,0,0,0,20,93,0,0,0,0,0,56,0,0,0
l2,5=94,100,0,100,92,91,81,92,1,84,22,87,97,90,89,0,0,0,0,0,0,0,0,0,0,0,0,0,0,0,0,0,3,47,0,0,0,0,0,21,0,0,0
l3,5=100,100,100,0,100,99,83,0,0,90,96,95,98,99,92,0,0,0,0,0,0,0,0,0,0,0,0,0,0,0,0,0,2,0,0,0,0,0,0,0,0,0,0
l4,5=99,97,94,98,0,90,83,89,11,72,93,85,96,98,88,0,0,0,0,0,0,0,0,0,0,0,0,0,0,0,0,0,0,0,0,0,0,0,0,0,0,0,0
l5,5=91,95,89,89,94,0,87,94,79,85,94,87,69,97,89,0,0,0,0,0,0,0,0,0,0,0,0,0,0,0,0,0,0,0,0,0,0,0,0,0,0,0,0
l6,5=89,92,88,87,90,90,0,94,84,84,47,17,96,20,88,0,0,0,0,0,0,0,0,0,0,0,0,0,0,0,0,0,0,0,0,0,0,0,0,0,0,0,0
l7,5=25,76,85,39,79,84,85,0,98,84,92,87,0,0,0,99,2,100,2,77,0,0,0,0,0,0,0,0,0,0,0,0,0,21,0,0,0,28,0,93,89,0,0
l8,5=88,46,1,0,0,55,26,98,0,83,94,64,0,0,0,89,94,85,10,0,0,0,0,0,0,0,0,0,0,0,0,0,0,0,0,0,0,0,0,12,56,0,0
l9,5=92,95,90,87,84,89,83,94,90,0,95,87,1,26,0,0,66,1,94,88,0,0,0,0,0,0,0,0,0,0,0,0,0,93,4,0,0,0,0,84,80,0,0
l10,5=89,92,15,87,86,86,52,95,90,86,0,95,0,0,0,1,94,59,96,87,64,0,84,0,60,0,0,0,0,0,0,0,0,93,44,0,94,97,0,86,80,15,0
l11,5=91,92,90,88,89,89,72,94,80,85,94,0,0,0,0,0,0,3,4,1,0,0,0,0,0,0,0,0,0,0,0,0,0,23,0,0,0,1,0,82,18,0,0
l12,5=86,78,96,15,77,11,1,0,0,2,0,0,0,96,97,0,0,0,0,0,0,0,0,0,0,0,0,0,0,0,0,0,0,0,0,0,0,0,0,0,0,0,0
l13,5=0,96,93,98,96,95,46,0,0,37,0,0,100,0,100,0,0,0,0,0,0,0,0,0,0,0,0,0,0,0,0,0,0,0,0,0,0,0,0,0,0,0,0
l14,5=26,46,90,91,89,100,95,0,0,0,0,0,99,100,0,0,0,0,0,0,0,0,0,0,0,0,0,0,0,0,0,0,0,0,0,0,0,0,0,0,0,0,0
l15,5=0,0,0,0,0,0,0,58,95,0,38,0,0,0,0,0,98,95,51,0,0,0,0,0,0,0,0,0,0,0,0,0,0,0,0,0,0,0,0,0,9,0,0
l16,5=0,0,0,0,0,0,0,86,99,0,83,0,0,0,0,98,0,94,96,0,0,0,0,0,0,0,0,0,0,0,0,0,0,0,0,0,0,0,0,0,0,0,0
l17,5=0,0,0,0,0,0,0,95,38,34,49,29,0,0,0,99,98,0,93,92,0,0,0,0,0,0,0,0,0,0,0,0,0,0,0,0,0,0,0,0,25,0,0
l18,5=0,73,0,0,0,0,0,0,14,12,100,0,0,0,0,0,100,84,0,100,90,0,1,0,0,54,0,0,0,0,0,50,0,43,2,0,0,77,0,15,75,13,0
l19,5=0,0,0,0,0,0,0,1,0,66,100,0,0,0,0,1,5,88,100,0,84,0,18,0,4,30,0,0,0,0,0,5,0,33,23,0,1,92,0,90,57,0,0
l20,5=0,0,0,0,0,0,0,0,0,0,69,0,0,0,0,0,0,0,88,78,0,98,95,80,98,100,95,97,77,33,1,98,0,40,96,86,99,100,78,0,68,97,77
l21,5=0,0,0,0,0,0,0,0,0,0,0,0,0,0,0,0,0,0,0,0,91,0,39,95,100,98,95,96,91,94,98,1,81,0,99,98,94,96,88,0,0,76,98
l22,5=0,0,0,0,0,0,0,0,0,0,83,0,0,0,0,0,0,0,32,66,98,36,0,96,100,98,96,90,1,55,98,100,0,4,100,89,99,100,44,47,70,96,96
l23,5=0,0,0,0,0,0,0,0,0,0,0,0,0,0,0,0,0,0,0,0,90,98,94,0,99,100,96,96,43,95,97,94,41,0,99,98,95,93,83,0,0,95,100
l24,5=0,0,0,0,0,0,0,0,0,0,0,0,0,0,0,0,0,0,31,52,96,99,96,98,0,98,96,97,89,96,97,97,47,3,100,99,96,97,65,29,45,96,98
l25,5=0,0,0,0,0,0,0,0,0,0,4,0,0,0,0,0,0,0,36,66,100,99,95,98,98,0,95,99,84,95,96,99,75,0,100,97,96,100,77,0,68,98,99
l26,5=0,0,0,0,0,0,0,0,0,0,0,0,0,0,0,0,0,0,0,0,92,98,96,97,100,98,0,95,90,92,99,32,77,0,99,96,8,97,96,0,0,95,100
l27,5=0,0,0,0,0,0,0,0,0,0,0,0,0,0,0,0,0,0,0,0,94,99,96,98,100,98,96,0,90,97,86,93,38,0,94,99,93,97,82,0,0,96,98
l28,5=0,0,0,0,0,0,0,0,0,0,0,0,0,0,0,0,0,0,0,0,91,99,78,96,98,94,40,94,0,91,97,96,79,0,4,95,92,91,99,0,0,93,98
l29,5=0,0,0,0,0,0,0,0,0,0,0,0,0,0,0,0,0,0,0,0,40,96,78,97,98,95,97,86,96,0,93,91,84,0,93,95,78,60,92,4,0,92,92
l30,5=0,0,0,0,0,0,0,0,0,0,0,0,0,0,0,0,0,0,0,0,1,98,96,98,98,96,98,94,97,95,0,96,78,0,97,95,83,96,99,0,0,93,97
l31,5=0,0,0,0,0,0,0,0,0,0,0,0,0,0,0,0,0,0,6,0,99,56,97,86,100,98,14,99,20,60,9,0,0,0,100,96,96,99,79,0,1,99,32
l32,5=0,65,3,4,0,0,0,0,0,0,0,0,61,0,0,0,0,0,0,0,0,95,0,8,58,83,89,2,89,94,94,20,0,0,37,3,89,0,95,0,0,0,13
l33,5=72,92,41,0,0,0,0,55,10,94,100,10,0,0,0,0,0,0,87,68,8,0,56,0,58,34,0,0,0,0,0,0,0,0,99,81,65,93,0,100,44,0,0
l34,5=0,0,0,0,0,0,0,0,0,1,7,0,0,0,0,0,0,0,13,10,95,99,99,97,100,98,95,89,76,96,97,100,59,93,0,96,100,98,81,73,54,95,92
l35,5=0,0,0,0,0,0,0,0,0,0,0,0,0,0,0,0,0,0,39,0,91,99,97,98,100,98,99,98,90,39,97,100,25,80,100,0,96,22,83,86,2,96,85
l36,5=0,0,0,0,0,0,0,0,0,1,82,0,0,0,0,0,0,1,69,72,95,99,97,98,100,98,94,96,90,63,96,100,76,63,99,96,0,94,79,18,73,95,97
l37,5=0,0,0,0,0,0,0,28,0,0,40,42,0,0,0,0,6,0,60,8,100,96,97,92,100,100,95,82,73,66,87,94,0,79,99,96,96,0,39,70,90,88,91
l38,5=0,0,0,0,0,0,0,0,0,0,0,0,0,0,0,0,0,0,0,0,14,100,43,98,99,98,97,94,98,94,98,80,82,0,99,2,91,5,0,0,0,72,93
l39,5=0,2,7,0,0,0,0,93,12,100,92,72,0,0,0,0,0,0,53,90,0,0,2,0,2,2,0,0,0,0,0,0,0,100,100,85,59,10,0,0,63,0,0
l40,5=0,0,0,0,0,0,0,84,93,57,94,1,0,0,0,48,12,16,100,81,99,0,97,0,92,75,0,0,0,0,0,98,0,40,97,3,98,98,0,77,0,14,0
l41,5=0,0,0,0,0,0,0,0,0,0,67,0,0,0,0,0,0,0,16,0,96,90,98,97,100,100,95,98,86,95,96,100,0,0,99,99,94,100,77,0,1,0,99
l42,5=0,0,0,0,0,0,0,0,0,0,0,0,0,0,0,0,0,0,0,0,88,99,95,99,100,98,98,94,97,95,97,92,43,0,99,96,92,97,75,0,0,95,0

l0,6=0,88,91,95,90,89,91,1,70,90,88,91,96,67,89,0,0,0,0,0,0,0,0,0,0,0,0,0,0,0,0,0,0,0,0,0,0,0,0,0,0,0,0
l1,6=92,0,92,94,91,88,5,91,85,89,88,91,93,3,89,0,0,0,0,27,0,0,0,0,0,0,0,0,0,0,0,0,70,86,0,0,0,0,0,61,0,0,0
l2,6=97,95,0,95,93,96,69,2,5,88,88,87,98,98,59,0,0,0,0,0,0,0,0,0,0,0,0,0,0,0,0,0,63,0,0,0,0,0,0,9,0,0,0
l3,6=100,83,98,0,90,89,81,0,0,88,83,90,98,99,2,0,0,0,0,0,0,0,0,0,0,0,0,0,0,0,0,0,0,0,0,0,0,0,0,0,0,0,0
l4,6=93,88,85,94,0,88,91,100,68,89,86,89,29,99,84,0,0,0,0,0,0,0,0,0,0,0,0,0,0,0,0,0,0,0,0,0,0,0,0,0,0,0,0
l5,6=93,88,85,94,5,0,91,100,83,88,58,89,97,99,89,0,0,0,0,0,0,0,0,0,0,0,0,0,0,0,0,0,0,0,0,0,0,0,0,0,0,0,0
l6,6=93,1,84,93,90,89,0,99,96,88,20,87,93,99,89,0,0,0,0,0,0,0,0,0,0,0,0,0,0,0,0,0,0,0,0,0,0,0,0,0,0,0,0
l7,6=84,90,65,0,84,97,85,0,92,88,92,83,0,0,0,11,74,22,90,28,0,0,0,0,0,0,0,0,0,0,0,0,0,9,0,0,0,77,0,6,6,0,0
l8,6=1,85,2,0,22,83,1,99,0,15,88,83,0,0,0,90,83,76,99,30,0,0,0,0,0,0,0,0,0,0,0,0,0,0,0,0,0,0,0,0,85,0,0
l9,6=93,88,86,95,90,79,78,98,34,0,90,91,80,16,0,0,0,28,2,84,0,0,0,0,0,0,0,0,0,0,0,0,0,86,20,0,0,0,0,72,56,0,0
l10,6=80,82,86,75,78,34,35,88,91,89,0,91,0,0,0,55,74,54,100,79,37,0,25,0,56,1,0,0,0,0,0,0,0,89,59,0,55,63,0,88,18,9,0
l11,6=93,88,84,94,74,85,65,95,86,89,90,0,0,0,0,0,2,2,52,1,0,0,0,0,0,0,0,0,0,0,0,0,0,83,1,0,0,0,0,44,0,0,0
l12,6=87,83,96,94,8,99,1,0,0,1,0,0,0,76,95,0,0,0,0,0,0,0,0,0,0,0,0,0,0,0,0,0,0,0,0,0,0,0,0,0,0,0,0
l13,6=37,14,84,95,91,89,78,0,0,82,0,0,98,0,89,0,0,0,0,0,0,0,0,0,0,0,0,0,0,0,0,0,0,0,0,0,0,0,0,0,0,0,0
l14,6=89,87,75,56,82,90,93,0,0,3,0,0,52,100,0,0,0,0,0,0,0,0,0,0,0,0,0,0,0,0,0,0,0,0,0,0,0,0,0,0,0,0,0
l15,6=0,0,0,0,0,0,0,63,86,0,43,0,0,0,0,0,95,92,92,0,0,0,0,0,0,0,0,0,0,0,0,0,0,0,0,0,0,0,0,0,5,0,0
l16,6=0,0,0,0,0,0,0,0,89,0,44,0,0,0,0,93,0,97,6,0,0,0,0,0,0,0,0,0,0,0,0,0,0,0,0,0,0,0,0,0,0,0,0
l17,6=0,0,0,0,0,0,0,87,58,22,51,1,0,0,0,90,86,0,40,83,0,0,0,0,0,0,0,0,0,0,0,0,0,0,0,0,0,45,0,0,29,0,0
l18,6=0,1,0,0,0,0,0,63,73,13,91,0,0,0,0,52,53,6,0,99,51,0,52,0,52,0,0,0,0,0,0,33,0,2,1,0,0,47,0,63,86,0,0
l19,6=0,1,0,0,0,0,0,0,0,61,65,0,0,0,0,0,0,6,100,0,62,0,0,0,0,1,0,0,0,0,0,1,0,8,4,0,0,2,0,8,82,0,0
l20,6=0,0,0,0,0,0,0,0,0,0,8,0,0,0,0,0,0,0,80,76,0,61,89,85,99,98,10,95,78,12,84,91,0,45,85,98,95,99,55,40,38,99,29
l21,6=0,0,0,0,0,0,0,0,0,0,0,0,0,0,0,0,0,0,0,0,74,0,72,98,100,98,98,95,91,87,96,96,89,0,92,98,90,83,87,5,0,77,89
l22,6=0,0,0,0,0,0,0,0,0,0,57,0,0,0,0,0,0,0,82,6,85,68,0,81,100,98,4,92,17,57,86,30,0,0,97,99,95,82,20,57,44,74,23
l23,6=0,0,0,0,0,0,0,0,0,0,0,0,0,0,0,0,0,0,0,0,2,100,88,0,100,98,98,95,90,87,96,97,58,0,57,99,96,96,88,0,0,7,94
l24,6=0,0,0,0,0,0,0,0,0,0,57,0,0,0,0,0,0,0,14,0,69,99,95,99,0,98,92,91,66,86,94,97,60,2,94,99,96,96,82,2,40,81,94
l25,6=0,0,0,0,0,0,0,0,0,0,9,0,0,0,0,0,0,0,60,27,86,99,89,99,100,0,96,68,83,85,96,95,69,29,94,99,91,99,51,10,67,99,94
l26,6=0,0,0,0,0,0,0,0,0,0,0,0,0,0,0,0,0,0,0,0,26,100,66,98,99,98,0,95,79,83,97,82,92,0,93,98,92,95,87,0,0,75,95
l27,6=0,0,0,0,0,0,0,0,0,0,0,0,0,0,0,0,0,0,0,0,85,100,88,99,100,98,98,0,89,86,96,97,9,1,94,99,95,95,88,0,6,99,94
l28,6=0,0,0,0,0,0,0,0,0,0,0,0,0,0,0,0,0,0,0,0,80,98,66,96,92,87,93,92,0,88,92,4,89,0,73,96,65,39,98,0,0,66,92
l29,6=0,0,0,0,0,0,0,0,0,0,0,0,0,0,0,0,0,0,0,0,46,100,60,99,100,98,95,99,93,0,96,96,91,0,11,94,91,92,92,0,0,65,87
l30,6=0,0,0,0,0,0,0,0,0,0,0,0,0,0,0,0,0,0,0,0,81,100,63,97,99,98,98,89,85,91,0,75,49,0,86,95,91,81,94,0,0,70,88
l31,6=0,0,0,0,0,0,0,0,0,0,0,0,0,0,0,0,0,0,2,0,85,95,84,98,100,98,91,95,14,85,91,0,0,0,94,98,96,97,85,0,0,99,94
l32,6=0,40,41,0,0,0,0,0,0,0,0,0,0,0,0,0,0,0,0,0,0,92,0,74,5,66,67,27,75,91,93,1,0,0,2,67,16,0,83,0,0,0,78
l33,6=13,67,1,0,0,0,0,20,0,73,84,65,0,0,0,0,0,0,72,6,30,0,12,0,1,15,0,0,0,0,0,0,0,0,67,2,29,65,0,100,35,0,0
l34,6=0,0,0,0,0,0,0,0,0,7,61,8,0,0,0,0,0,0,75,32,85,92,96,79,100,98,93,59,61,54,84,97,29,27,0,99,100,97,81,70,41,94,83
l35,6=0,0,0,0,0,0,0,0,0,0,0,0,0,0,0,0,0,0,0,0,83,92,72,99,100,98,99,96,91,86,96,97,59,16,94,0,85,92,85,67,18,99,98
l36,6=0,0,0,0,0,0,0,0,0,0,14,0,0,0,0,0,0,0,7,53,85,100,72,99,100,98,89,85,77,86,96,97,2,57,94,98,0,91,80,4,28,95,94
l37,6=0,0,0,0,0,0,0,5,0,0,4,0,0,0,0,0,0,51,30,1,87,85,97,92,97,99,90,84,45,82,61,97,0,68,96,98,87,0,85,24,82,91,88
l38,6=0,0,0,0,0,0,0,0,0,0,0,0,0,0,0,0,0,0,0,0,76,99,51,97,99,94,97,64,88,86,95,55,91,0,92,94,89,6,0,0,0,31,91
l39,6=0,62,26,0,0,0,0,34,0,62,37,26,0,0,0,0,0,0,63,34,4,0,80,0,0,2,0,0,0,0,0,0,0,100,68,49,30,29,0,0,54,0,0
l40,6=0,20,0,0,0,0,0,68,76,3,68,10,0,0,0,58,36,48,98,76,73,0,78,0,12,85,0,63,0,0,0,6,0,52,74,55,2,98,0,78,0,2,0
l41,6=0,0,0,0,0,0,0,0,0,0,18,0,0,0,0,0,0,0,49,0,85,100,82,99,100,98,91,95,84,84,91,97,0,0,89,99,22,96,10,0,43,0,92
l42,6=0,0,0,0,0,0,0,0,0,0,0,0,0,0,0,0,0,0,0,0,78,99,91,99,99,98,98,95,87,84,94,97,92,3,93,99,92,94,87,0,0,72,0

l0,7=0,91,90,93,91,92,89,97,86,82,88,89,99,72,92,0,0,0,0,0,0,0,0,0,0,0,0,0,0,0,0,0,0,0,0,0,0,0,0,0,0,0,0
l1,7=89,0,97,99,91,90,62,63,74,82,89,86,92,88,8,0,0,0,43,1,0,0,0,0,0,0,0,0,0,0,0,0,2,5,0,0,0,0,0,9,0,0,0
l2,7=99,100,0,99,91,93,24,4,0,84,72,88,99,84,17,0,0,0,0,0,0,0,0,0,0,0,0,0,0,0,0,0,10,3,0,0,0,0,0,21,0,0,0
l3,7=87,92,96,0,91,93,89,0,0,81,89,84,99,90,95,0,0,0,0,0,0,0,0,0,0,0,0,0,0,0,0,0,0,0,0,0,0,0,0,0,0,0,0
l4,7=87,91,96,93,0,92,84,46,78,72,83,84,21,89,88,0,0,0,0,0,0,0,0,0,0,0,0,0,0,0,0,0,0,0,0,0,0,0,0,0,0,0,0
l5,7=87,91,89,93,91,0,89,100,86,81,67,89,89,90,91,0,0,0,0,0,0,0,0,0,0,0,0,0,0,0,0,0,0,0,0,0,0,0,0,0,0,0,0
l6,7=87,91,87,92,91,19,0,20,62,82,85,89,56,40,95,0,0,0,0,0,0,0,0,0,0,0,0,0,0,0,0,0,0,0,0,0,0,0,0,0,0,0,0
l7,7=95,88,79,0,64,86,9,0,92,85,85,84,0,0,0,89,91,1,42,78,0,0,0,0,0,0,0,0,0,0,0,0,0,36,0,0,0,0,0,88,35,0,0
l8,7=81,81,0,0,36,83,22,98,0,78,86,53,0,0,0,87,87,89,74,78,0,0,0,0,0,0,0,0,0,0,0,0,0,0,0,0,0,2,0,0,83,0,0
l9,7=88,91,90,94,90,92,88,100,84,0,92,89,46,67,0,0,7,20,48,64,0,0,0,0,0,0,0,0,0,0,0,0,0,60,1,0,0,0,0,84,3,0,0
l10,7=79,91,67,91,86,64,62,85,86,81,0,89,0,0,0,5,74,12,89,62,42,0,1,0,0,5,0,0,0,0,0,1,0,93,4,0,1,9,0,76,23,0,0
l11,7=87,91,89,74,74,92,41,98,56,81,96,0,0,0,0,0,0,10,20,0,0,0,0,0,0,0,0,0,0,0,0,0,0,92,0,0,0,0,0,83,63,0,0
l12,7=11,86,97,88,2,1,3,0,0,0,0,0,0,100,98,0,0,0,0,0,0,0,0,0,0,0,0,0,0,0,0,0,0,0,0,0,0,0,0,0,0,0,0
l13,7=67,81,85,97,91,34,28,0,0,51,0,0,99,0,100,0,0,0,0,0,0,0,0,0,0,0,0,0,0,0,0,0,0,0,0,0,0,0,0,0,0,0,0
l14,7=86,66,83,93,86,87,87,1,0,0,0,0,99,95,0,0,0,0,0,0,0,0,0,0,0,0,0,0,0,0,0,0,14,0,0,0,0,0,0,0,0,0,0
l15,7=0,0,0,0,0,0,0,41,83,0,1,0,0,0,0,0,91,90,11,0,0,0,0,0,0,0,0,0,0,0,0,0,0,0,0,0,0,56,0,0,0,0,0
l16,7=0,0,0,0,0,0,0,0,84,0,0,0,0,0,0,88,0,89,77,0,0,0,0,0,0,0,0,0,0,0,0,0,0,0,0,0,0,0,0,0,0,0,0
l17,7=0,0,0,0,0,0,0,1,88,7,34,14,0,0,0,86,100,0,94,66,0,0,0,0,0,0,0,0,0,0,0,0,0,0,0,0,0,4,0,0,3,0,0
l18,7=0,0,0,0,0,0,0,19,7,14,74,0,0,0,0,0,62,8,0,99,24,0,0,0,1,1,0,0,0,0,0,0,0,7,70,0,14,86,0,83,64,0,0
l19,7=0,0,0,0,0,0,0,0,51,7,5,0,0,0,0,0,7,25,100,0,94,0,0,0,7,9,0,0,0,0,0,1,0,47,46,0,0,3,0,0,78,0,0
l20,7=0,0,0,0,0,0,0,0,0,0,32,0,0,0,0,0,0,0,62,82,0,87,92,87,90,100,20,93,1,64,78,97,0,60,97,58,98,100,65,39,39,99,64
l21,7=0,0,0,0,0,0,0,0,0,0,0,0,0,0,0,0,0,0,0,0,93,0,89,96,98,99,96,97,85,94,100,93,71,0,95,98,95,42,100,0,0,99,98
l22,7=0,0,0,0,0,0,0,0,0,0,6,0,0,0,0,0,0,0,40,4,99,91,0,22,98,93,86,100,77,3,91,94,0,26,97,99,81,99,32,0,19,91,77
l23,7=0,0,0,0,0,0,0,0,0,0,0,0,0,0,0,0,0,0,0,0,94,97,85,0,98,98,93,98,83,94,97,93,67,0,95,99,97,96,100,0,0,98,98
l24,7=0,0,0,0,0,0,0,0,0,0,0,0,0,0,0,0,0,0,27,50,94,97,92,95,0,100,96,98,85,94,99,96,21,61,97,99,97,96,94,54,7,99,77
l25,7=0,0,0,0,0,0,0,0,0,0,0,0,0,0,0,0,0,0,9,66,96,95,91,94,98,0,93,81,83,93,96,95,32,0,97,99,97,97,85,27,41,99,97
l26,7=0,0,0,0,0,0,0,0,0,0,0,0,0,0,0,0,0,0,0,0,43,97,91,94,96,99,0,97,83,92,100,89,73,0,93,82,47,95,100,0,0,96,97
l27,7=0,0,0,0,0,0,0,0,0,0,0,0,0,0,0,0,0,0,9,0,96,96,92,95,98,92,96,0,85,92,99,95,19,0,97,99,99,91,100,0,1,99,97
l28,7=0,0,0,0,0,0,0,0,0,0,0,0,0,0,0,0,0,0,0,0,4,89,81,94,96,98,87,95,0,92,98,87,83,0,89,98,95,69,100,0,0,76,98
l29,7=0,0,0,0,0,0,0,0,0,0,0,0,0,0,0,0,0,0,0,0,88,92,65,98,94,97,91,94,83,0,99,88,87,2,94,95,97,13,100,6,0,50,69
l30,7=0,0,0,0,0,0,0,0,0,0,0,0,0,0,0,0,0,0,0,0,78,100,86,86,98,95,100,95,94,98,0,92,82,0,84,59,93,86,100,0,0,83,98
l31,7=0,0,0,0,0,0,0,0,0,0,0,0,0,0,0,0,0,0,0,0,99,97,89,93,98,100,38,98,1,53,99,0,0,0,18,99,95,95,35,0,17,99,97
l32,7=0,14,13,3,0,0,0,0,0,0,0,0,0,0,0,0,0,0,0,0,0,78,0,81,3,34,23,0,77,97,95,1,0,0,0,21,3,25,94,0,0,0,27
l33,7=0,62,63,0,0,0,0,49,4,12,91,48,0,0,0,0,0,0,34,8,68,0,70,0,67,0,0,0,0,2,0,0,0,0,58,11,1,58,0,100,4,0,11
l34,7=0,1,0,0,0,0,0,0,0,2,40,0,0,0,0,0,0,0,78,10,99,91,88,95,97,100,83,100,78,63,93,70,0,50,0,99,77,99,58,52,16,79,94
l35,7=0,0,0,0,0,0,0,0,0,0,0,0,0,0,0,0,0,0,0,0,96,97,92,95,98,100,96,98,85,93,95,95,21,9,97,0,97,89,100,0,14,98,100
l36,7=0,0,0,0,0,0,0,0,0,0,3,0,0,0,0,0,0,0,78,1,99,97,86,95,98,100,87,98,81,94,88,97,4,61,97,99,0,95,73,1,34,99,96
l37,7=0,0,0,0,0,0,0,0,48,0,13,0,0,0,0,34,0,2,37,2,100,58,86,97,90,100,75,77,59,16,50,97,12,69,95,95,95,0,84,72,85,85,73
l38,7=0,0,0,0,0,0,0,0,0,0,0,0,0,0,0,0,0,0,0,0,84,95,72,94,92,84,93,92,96,93,96,20,79,0,28,96,91,81,0,0,0,85,97
l39,7=0,66,4,0,0,0,0,79,0,63,80,25,0,0,0,0,0,0,71,6,18,0,0,0,43,0,0,0,0,0,0,0,0,99,60,1,3,48,0,0,77,0,0
l40,7=0,0,0,0,0,0,0,84,60,19,79,54,0,0,0,0,2,12,100,99,99,0,71,0,83,90,0,0,0,0,0,58,0,59,93,34,72,98,0,80,0,97,0
l41,7=0,0,0,0,0,0,0,0,0,0,0,0,0,0,0,0,0,0,5,10,99,97,86,94,98,100,64,98,16,93,99,89,0,0,57,99,97,96,75,0,2,0,89
l42,7=0,0,0,0,0,0,0,0,0,0,0,0,0,0,0,0,0,0,0,0,79,97,55,95,94,100,93,91,85,92,99,94,17,23,95,99,97,84,86,0,0,83,0

l0,8=0,100,100,99,100,96,95,98,92,100,98,99,88,91,85,0,0,0,0,0,0,0,0,0,0,0,0,0,0,0,0,0,0,0,0,0,0,0,0,34,0,0,0
l1,8=100,0,100,100,100,98,90,32,62,100,99,100,99,90,3,0,0,0,95,0,0,0,0,0,0,0,0,0,0,0,0,0,0,73,0,0,0,0,0,64,0,0,0
l2,8=99,100,0,100,100,98,29,95,15,92,37,94,97,92,78,0,0,0,0,0,0,0,0,0,0,0,0,0,0,0,0,0,96,2,0,0,0,0,0,1,0,0,0
l3,8=100,100,100,0,85,93,96,0,0,100,92,99,98,99,89,0,0,0,0,0,0,0,0,0,0,0,0,0,0,0,0,0,90,0,0,0,0,0,0,0,0,0,0
l4,8=100,100,97,100,0,100,100,91,72,95,86,69,98,91,34,0,0,0,0,0,0,0,0,0,0,0,0,0,0,0,0,0,0,0,0,0,0,0,0,0,0,0,0
l5,8=94,96,94,93,95,0,100,94,77,70,62,83,96,92,16,0,0,0,0,0,0,0,0,0,0,0,0,0,0,0,0,0,0,0,0,0,0,0,0,0,0,0,0
l6,8=91,90,87,37,92,100,0,95,92,92,74,66,32,75,90,0,0,0,0,0,0,0,0,0,0,0,0,0,0,0,0,0,0,0,0,0,0,0,0,0,0,0,0
l7,8=99,94,85,0,85,95,83,0,99,84,87,97,0,0,0,97,98,98,93,89,0,0,0,0,0,0,0,0,0,0,0,0,0,4,0,0,0,34,0,86,12,0,0
l8,8=86,47,9,0,88,76,76,96,0,83,86,83,0,0,0,91,99,85,82,14,0,0,0,0,0,0,0,0,0,0,0,0,0,0,0,0,0,1,0,0,1,0,0
l9,8=100,100,89,96,92,98,93,97,92,0,99,96,3,1,0,2,73,63,91,50,0,0,0,0,0,0,0,0,0,0,0,0,0,12,7,0,0,0,0,89,74,0,0
l10,8=96,96,39,93,89,89,57,93,92,100,0,88,0,0,0,1,78,80,91,90,82,0,1,0,75,1,0,0,0,0,0,0,0,93,78,0,0,6,0,100,90,0,0
l11,8=100,100,92,96,44,95,72,98,92,100,96,0,0,0,0,0,0,56,0,86,0,0,0,0,0,0,0,0,0,0,0,0,0,79,0,0,0,0,0,96,7,0,0
l12,8=99,62,99,100,95,96,0,0,0,0,0,0,0,100,96,0,0,0,0,0,0,0,0,0,0,0,0,0,0,0,0,0,0,0,0,0,0,0,0,0,0,0,0
l13,8=99,100,100,100,47,98,9,0,0,42,0,0,99,0,100,0,0,0,0,0,0,0,0,0,0,0,0,0,0,0,0,0,0,0,0,0,0,0,0,0,0,0,0
l14,8=96,15,41,95,95,98,75,0,0,0,0,0,89,98,0,0,0,0,0,0,0,0,0,0,0,0,0,0,0,0,0,0,10,0,0,0,0,0,0,0,0,0,0
l15,8=0,0,0,0,0,0,0,90,91,14,11,0,0,0,0,0,99,93,10,13,0,0,0,0,0,0,0,0,0,0,0,0,0,0,0,0,0,53,0,0,0,0,0
l16,8=0,0,0,0,0,0,0,26,97,0,48,0,0,0,0,100,0,98,10,10,0,0,0,0,0,0,0,0,0,0,0,0,0,0,0,0,0,0,0,0,0,0,0
l17,8=0,0,0,0,0,0,0,3,95,32,14,3,0,0,0,91,95,0,96,69,0,0,0,0,0,0,0,0,0,0,0,0,0,0,0,0,0,0,0,0,70,0,0
l18,8=0,1,0,0,0,0,0,1,14,11,69,0,0,0,0,0,39,96,0,97,1,0,0,0,10,3,0,0,0,0,0,0,0,5,67,0,0,59,0,16,97,0,0
l19,8=0,0,0,0,0,0,0,1,1,0,97,2,0,0,0,1,57,1,98,0,99,0,0,0,0,98,0,0,0,0,0,2,0,86,6,0,55,26,0,0,100,0,0
l20,8=0,0,0,0,0,0,0,0,0,0,91,0,0,0,0,0,0,0,15,97,0,58,100,99,100,100,1,46,84,60,95,100,0,25,100,100,98,100,51,77,88,99,79
l21,8=0,0,0,0,0,0,0,0,0,0,0,0,0,0,0,0,0,0,0,0,71,0,95,100,99,92,100,98,100,99,100,2,87,0,96,99,97,94,94,0,0,94,95
l22,8=0,0,0,0,0,0,0,0,0,0,8,0,0,0,0,0,0,0,1,2,98,99,0,98,100,96,96,99,6,96,36,100,0,78,100,92,98,100,96,0,96,100,97
l23,8=0,0,0,0,0,0,0,0,0,0,0,0,0,0,0,0,0,0,0,0,91,99,88,0,99,90,92,98,94,99,97,96,88,0,94,96,97,35,91,0,0,95,96
l24,8=0,0,0,0,0,0,0,0,0,0,1,5,0,0,0,0,0,0,86,0,94,99,89,100,0,91,97,99,88,98,97,91,89,14,99,100,100,100,92,90,46,98,98
l25,8=0,0,0,0,0,0,0,0,0,0,0,0,0,0,0,0,0,0,80,88,98,96,95,99,77,0,94,99,85,96,96,99,6,20,99,97,98,100,72,2,97,96,98
l26,8=0,0,0,0,0,0,0,0,0,0,0,0,0,0,0,0,0,0,0,0,57,99,89,98,99,90,0,97,99,98,100,23,73,0,83,99,95,92,99,0,0,85,93
l27,8=0,0,0,0,0,0,0,0,0,0,0,0,0,0,0,0,0,0,0,0,15,97,90,99,100,98,96,0,89,97,97,93,1,0,97,100,97,97,89,0,0,96,95
l28,8=0,0,0,0,0,0,0,0,0,0,0,0,0,0,0,0,0,0,0,0,80,99,40,99,96,13,96,94,0,99,99,81,96,0,87,97,43,42,97,0,0,1,78
l29,8=0,0,0,0,0,0,0,0,0,0,0,1,0,0,0,0,0,0,0,0,82,99,84,100,96,94,97,97,98,0,97,36,96,78,96,96,98,95,94,0,0,96,98
l30,8=0,0,0,0,0,0,0,0,0,0,0,0,0,0,0,0,0,0,0,0,78,99,80,98,96,91,100,97,100,96,0,94,92,0,95,98,7,90,100,0,0,96,98
l31,8=0,0,0,0,0,0,0,0,0,0,0,0,0,0,0,0,0,0,0,0,99,23,100,100,100,99,79,98,9,26,34,0,0,0,94,99,98,99,1,0,3,100,96
l32,8=0,19,91,6,0,0,0,0,0,0,0,0,26,0,2,0,0,0,0,0,0,92,0,95,95,0,87,18,95,94,91,0,0,0,59,89,1,0,94,0,0,0,95
l33,8=0,27,13,0,0,0,0,26,1,3,99,97,0,0,0,0,0,0,3,96,3,0,94,0,4,28,0,0,0,79,0,0,0,0,1,45,83,90,0,100,96,0,0
l34,8=0,0,0,0,0,0,0,0,0,1,89,0,0,0,0,0,0,0,86,80,99,99,100,94,100,99,95,100,78,99,81,100,18,57,0,97,100,100,69,79,82,91,98
l35,8=0,0,0,0,0,0,0,0,0,0,0,0,0,0,0,0,0,0,2,0,94,99,88,99,100,95,100,99,94,90,98,97,4,15,93,0,96,95,92,1,86,95,99
l36,8=0,0,0,0,0,0,0,0,0,0,4,8,0,0,0,0,0,0,82,72,98,97,99,98,100,99,97,99,88,99,95,95,3,76,99,100,0,98,76,5,91,99,97
l37,8=0,0,0,0,0,0,0,7,73,0,32,0,0,0,0,69,0,0,32,10,100,17,97,86,100,100,9,96,9,97,90,97,0,69,100,99,93,0,4,26,67,100,90
l38,8=0,0,0,0,0,0,0,0,0,0,0,0,0,0,0,0,0,0,0,0,31,99,93,97,97,84,98,97,100,97,100,94,94,0,82,99,72,83,0,0,0,95,99
l39,8=1,24,5,0,0,0,0,97,0,100,100,86,0,0,0,0,0,0,45,24,77,0,10,0,97,3,0,0,0,0,0,0,0,100,100,0,0,1,0,0,99,0,0
l40,8=0,6,2,0,0,0,0,6,49,77,98,1,0,0,0,0,3,60,100,97,99,0,100,1,97,99,0,9,0,0,0,90,0,98,93,8,96,14,0,90,0,96,0
l41,8=0,0,0,0,0,0,0,0,0,0,0,0,0,0,0,0,0,0,57,53,96,96,91,77,100,96,95,98,69,97,97,97,0,0,98,100,98,100,94,0,80,0,99
l42,8=0,0,0,0,0,0,0,0,0,0,0,0,0,0,0,0,0,0,0,0,45,98,87,99,100,96,100,98,90,98,100,94,88,0,98,100,94,98,96,0,0,98,0

l0,9=0,100,100,100,99,98,97,100,96,100,99,100,1,98,9,0,0,0,0,0,0,0,0,0,0,0,0,0,0,0,0,0,0,0,0,0,0,0,0,0,0,0,0
l1,9=100,0,100,100,99,98,98,1,2,100,100,99,99,98,0,0,0,0,71,0,0,0,0,0,0,0,0,0,0,0,0,0,0,1,0,0,0,0,0,99,0,0,0
l2,9=100,99,0,100,99,69,98,68,4,100,100,100,99,98,93,0,0,0,0,0,0,0,0,0,0,0,0,0,0,0,0,0,68,0,0,0,0,0,0,22,1,0,0
l3,9=99,100,100,0,99,98,97,0,0,20,99,100,100,99,97,0,0,0,0,0,0,0,0,0,0,0,0,0,0,0,0,0,0,0,0,0,0,0,0,0,0,0,0
l4,9=100,100,100,99,0,98,100,100,45,98,96,98,99,39,99,0,0,0,0,0,0,0,0,0,0,0,0,0,0,0,0,0,0,0,0,0,0,0,0,0,0,0,0
l5,9=98,98,36,100,99,0,100,99,97,97,99,99,98,67,97,0,0,0,0,0,0,0,0,0,0,0,0,0,0,0,0,0,0,0,0,0,0,0,0,0,0,0,0
l6,9=98,29,100,99,99,99,0,87,17,81,98,99,98,33,97,0,0,0,0,0,0,0,0,0,0,0,0,0,0,0,0,0,0,0,0,0,0,0,0,0,0,0,0
l7,9=99,91,99,0,95,100,28,0,98,99,100,100,0,0,0,99,96,94,20,5,0,0,0,0,0,0,0,0,0,0,0,0,0,0,0,0,0,0,0,46,21,0,0
l8,9=78,67,0,0,79,99,28,100,0,83,79,98,0,0,0,95,100,95,70,0,0,0,0,0,0,0,0,0,0,0,0,0,0,1,0,0,0,29,0,23,0,0,0
l9,9=98,100,100,100,99,99,96,99,97,0,99,100,47,9,0,0,0,10,96,77,0,0,0,0,0,0,0,0,0,0,0,0,0,51,0,0,0,0,0,96,11,0,0
l10,9=98,99,22,100,44,96,82,100,92,97,0,99,0,0,0,5,1,92,88,75,38,0,89,0,19,90,0,0,0,35,0,0,0,93,89,0,57,76,0,100,75,0,0
l11,9=98,99,100,99,64,100,98,100,97,100,99,0,0,0,0,0,0,0,70,95,0,0,0,0,0,0,0,0,0,0,0,0,0,17,0,0,0,0,0,97,77,0,0
l12,9=37,98,100,100,100,7,94,0,0,12,0,0,0,100,99,0,0,0,0,0,0,0,0,0,0,0,0,0,0,0,0,0,0,0,0,0,0,0,0,0,0,0,0
l13,9=98,99,67,100,93,95,9,0,0,1,0,0,100,0,100,0,0,0,0,0,0,0,0,0,0,0,0,0,0,0,0,0,0,0,0,0,0,0,0,0,0,0,0
l14,9=1,89,8,99,64,99,98,0,0,0,0,0,100,100,0,0,0,0,0,0,0,0,0,0,0,0,0,0,0,0,0,0,0,0,0,0,0,0,0,0,0,0,0
l15,9=0,0,0,0,0,0,0,94,90,0,0,0,0,0,0,0,98,98,47,3,0,0,0,0,0,0,0,0,0,0,0,0,0,0,0,0,0,43,0,0,0,0,0
l16,9=0,0,0,0,0,0,0,44,71,0,0,0,0,0,0,95,0,94,7,0,0,0,0,0,0,0,0,0,0,0,0,0,0,0,0,0,0,0,0,0,0,0,0
l17,9=0,0,0,0,0,0,0,67,98,9,37,1,0,0,0,94,100,0,94,76,0,0,0,0,0,0,0,0,0,0,0,0,0,0,0,0,0,0,0,0,76,0,0
l18,9=0,7,0,0,0,0,0,0,1,2,73,0,0,0,0,0,26,7,0,100,99,0,18,0,0,25,0,0,0,0,0,0,0,10,63,0,0,95,0,94,92,0,0
l19,9=0,0,0,0,0,0,0,0,0,0,84,13,0,0,0,0,0,85,100,0,72,0,0,0,0,65,0,0,0,0,0,1,0,78,71,0,0,17,0,26,79,32,0
l20,9=0,0,0,0,0,0,0,0,0,0,45,0,0,0,0,0,0,0,95,93,0,24,99,95,98,100,95,99,77,96,95,100,0,2,100,100,96,100,13,7,62,96,93
l21,9=0,0,0,0,0,0,0,0,0,0,0,0,0,0,0,0,0,0,0,0,48,0,98,97,99,67,100,98,100,100,100,99,97,0,97,97,96,100,100,0,7,96,100
l22,9=0,0,0,0,0,0,0,0,0,0,94,0,0,0,0,0,0,0,96,37,100,97,0,100,100,100,99,99,61,99,36,55,0,94,100,99,100,100,82,0,3,98,99
l23,9=0,0,0,0,0,0,0,0,0,0,0,0,0,0,0,0,0,0,0,0,95,96,99,0,99,98,99,98,99,100,92,98,97,0,96,91,97,100,87,0,0,98,100
l24,9=0,0,0,0,0,0,0,0,0,0,1,0,0,0,0,0,0,0,7,5,97,97,99,100,0,100,100,99,99,100,100,99,93,43,100,99,100,100,97,71,59,97,100
l25,9=0,0,0,0,0,0,0,0,0,0,0,0,0,0,0,0,0,0,95,95,97,1,98,99,99,0,99,99,91,100,100,100,76,28,100,99,100,100,97,76,66,99,94
l26,9=0,0,0,0,0,0,0,0,0,0,0,0,0,0,0,0,0,0,0,0,96,99,99,97,99,99,0,99,99,100,100,99,93,0,94,99,100,100,100,0,0,98,100
l27,9=0,0,0,0,0,0,0,0,0,0,0,0,0,0,0,0,0,0,0,0,97,98,99,99,99,100,100,0,100,100,100,100,4,0,100,99,100,100,100,0,0,94,100
l28,9=0,0,0,0,0,0,0,0,0,0,0,0,0,0,0,0,0,0,0,0,3,97,93,97,97,53,98,97,0,100,100,10,98,0,86,59,39,66,98,0,0,90,97
l29,9=0,0,0,0,0,0,0,0,0,0,35,0,0,0,0,0,0,0,0,0,94,97,94,97,97,90,96,94,99,0,100,97,99,0,96,96,94,100,97,1,0,96,98
l30,9=0,0,0,0,0,0,0,0,0,0,0,0,0,0,0,0,0,0,0,0,88,100,95,49,99,99,100,98,100,100,0,98,40,0,97,98,94,100,100,0,0,95,99
l31,9=0,0,0,0,0,0,0,0,0,0,0,0,0,0,0,0,0,0,0,1,98,97,97,96,98,100,11,98,63,100,99,0,0,0,97,96,100,100,14,0,8,99,100
l32,9=0,32,75,5,0,0,0,0,0,0,0,0,3,0,0,0,0,0,0,0,0,77,0,95,87,50,96,8,96,97,89,2,0,0,0,7,81,0,97,0,0,0,7
l33,9=0,93,12,0,0,0,0,0,6,8,92,95,0,0,0,0,0,0,93,99,3,0,95,0,60,42,0,0,0,0,0,0,0,0,96,40,17,70,0,100,76,0,0
l34,9=0,5,0,0,0,0,0,0,0,0,2,0,0,0,0,0,0,0,94,99,96,98,100,99,99,100,98,99,95,100,100,47,26,99,0,100,100,100,98,98,57,99,99
l35,9=0,0,0,0,0,0,0,0,0,0,0,0,0,0,0,0,0,0,0,0,95,98,97,100,100,100,100,100,95,97,94,99,95,2,100,0,99,100,100,1,5,98,100
l36,9=0,0,0,0,0,0,0,0,0,0,31,0,0,0,0,0,0,0,89,32,95,99,99,100,100,100,100,98,95,100,100,100,88,39,100,99,0,93,100,93,20,99,99
l37,9=0,0,0,0,0,0,0,0,69,0,76,0,0,0,0,46,0,0,7,66,99,96,100,88,95,100,94,97,39,96,89,100,0,52,100,95,95,0,91,0,96,98,98
l38,9=0,0,0,0,0,0,0,0,0,0,0,0,0,0,0,0,0,0,0,0,10,98,91,97,97,76,97,97,99,100,100,92,98,0,92,97,92,96,0,0,0,94,98
l39,9=3,97,2,0,0,0,0,2,6,53,99,99,0,0,0,0,0,0,98,8,1,0,3,0,90,66,0,0,0,0,0,0,0,100,100,1,31,24,0,0,93,0,0
l40,9=0,2,56,0,0,0,0,1,2,15,96,83,0,0,0,17,4,7,100,100,92,0,96,0,91,98,0,20,0,0,0,88,0,99,95,23,2,99,0,93,0,4,0
l41,9=0,0,0,0,0,0,0,0,0,0,0,0,0,0,0,0,0,0,40,96,98,98,97,87,99,100,99,99,93,92,100,100,0,0,100,100,100,100,9,0,86,0,100
l42,9=0,0,0,0,0,0,0,0,0,0,0,0,0,0,0,0,0,0,0,0,97,99,98,100,100,100,100,99,96,100,100,68,93,0,61,100,97,100,99,0,0,74,0

l0,10=0,99,100,99,99,99,98,85,97,100,98,99,83,98,82,0,0,0,0,0,0,0,0,0,0,0,0,0,0,0,0,0,0,9,0,0,0,0,0,0,0,0,0
l1,10=100,0,100,99,100,99,1,86,63,100,99,100,83,64,77,0,0,0,98,0,0,0,0,0,0,0,0,0,0,0,0,0,39,100,0,0,0,0,0,71,0,0,0
l2,10=100,98,0,100,97,98,98,88,0,100,99,97,87,99,82,0,0,0,0,0,0,0,0,0,0,0,0,0,0,0,0,0,95,0,0,0,0,0,0,3,0,0,0
l3,10=100,98,100,0,100,46,99,0,0,100,99,90,84,99,98,0,0,0,0,0,0,0,0,0,0,0,0,0,0,0,0,0,88,0,0,0,0,0,0,0,0,0,0
l4,10=99,100,100,99,0,100,98,21,66,100,97,89,83,95,15,0,0,0,0,0,0,0,0,0,0,0,0,0,0,0,0,0,0,0,0,0,0,0,0,0,0,0,0
l5,10=99,98,99,98,100,0,99,86,62,92,98,85,83,98,99,0,0,0,0,0,0,0,0,0,0,0,0,0,0,0,0,0,0,0,0,0,0,0,0,0,0,0,0
l6,10=98,21,99,98,99,100,0,86,35,100,78,98,15,90,39,0,0,0,0,0,0,0,0,0,0,0,0,0,0,0,0,0,0,0,0,0,0,0,0,0,0,0,0
l7,10=86,90,85,0,71,98,89,0,99,93,98,91,0,0,0,86,75,89,85,76,0,0,0,0,0,0,0,0,0,0,0,0,0,0,0,0,0,0,0,5,74,0,0
l8,10=6,31,0,0,48,93,0,99,0,85,100,96,0,0,0,100,89,98,66,3,0,0,0,0,0,0,0,0,0,0,0,0,0,0,0,0,0,0,0,14,11,0,0
l9,10=99,98,100,96,99,99,97,85,99,0,99,100,4,0,0,0,0,79,6,63,0,0,0,0,0,0,0,0,0,0,0,0,0,63,40,0,0,15,0,85,91,0,0
l10,10=95,96,94,96,93,95,89,99,92,100,0,100,0,0,0,0,2,45,95,98,0,0,0,0,82,1,0,0,0,53,0,0,0,83,97,0,17,88,0,95,97,7,0
l11,10=98,98,99,3,92,88,95,93,99,100,100,0,0,0,0,0,0,0,69,0,0,0,0,0,0,0,0,0,0,0,0,0,0,1,0,0,0,0,0,98,12,0,0
l12,10=100,97,100,100,99,99,47,0,0,56,0,0,0,98,83,0,0,0,0,0,0,0,0,0,0,0,0,0,0,0,0,0,0,0,0,0,0,0,0,0,0,0,0
l13,10=11,10,100,98,80,100,79,0,0,0,0,0,94,0,99,0,0,0,0,0,0,0,0,0,0,0,0,0,0,0,0,0,0,0,0,0,0,0,0,0,0,0,0
l14,10=92,97,88,99,29,100,1,0,0,0,0,0,93,100,0,0,0,0,0,0,0,0,0,0,0,0,0,0,0,0,0,0,0,0,0,0,0,0,0,0,0,0,0
l15,10=0,0,0,0,0,0,0,61,97,0,4,0,0,0,0,0,97,98,31,29,0,0,0,0,0,0,0,0,0,0,0,0,0,0,0,0,0,0,0,0,33,0,0
l16,10=0,0,0,0,0,0,0,1,11,0,1,0,0,0,0,97,0,99,43,0,0,0,0,0,0,0,0,0,0,0,0,0,0,0,0,0,0,0,0,0,0,0,0
l17,10=0,0,0,0,0,0,0,82,94,3,73,0,0,0,0,97,99,0,66,96,0,0,0,0,0,0,0,0,0,0,0,0,0,0,0,0,0,71,0,0,21,0,0
l18,10=0,5,0,0,0,0,0,0,0,0,60,0,0,0,0,35,37,68,0,100,96,0,38,0,0,0,0,0,0,0,0,0,0,0,55,0,0,1,0,51,97,0,0
l19,10=0,0,0,0,0,0,0,23,0,2,74,0,0,0,0,0,19,83,99,0,72,0,4,0,0,1,0,0,0,0,0,22,0,11,13,0,0,1,0,59,97,0,0
l20,10=0,0,0,0,0,0,0,0,0,0,4,0,0,0,0,0,0,0,97,85,0,85,100,25,87,98,80,91,17,12,81,64,0,40,95,84,87,100,80,4,90,95,87
l21,10=0,0,0,0,0,0,0,0,0,0,0,0,0,0,0,0,0,0,0,0,84,0,80,96,92,99,99,96,94,97,99,5,90,0,86,97,78,84,100,0,0,88,97
l22,10=0,0,0,0,0,0,0,0,0,0,0,0,0,0,0,0,0,0,89,19,99,83,0,63,99,100,95,91,0,95,61,66,0,0,99,99,100,98,13,52,88,89,92
l23,10=0,0,0,0,0,0,0,0,0,0,0,0,0,0,0,0,0,0,0,0,16,97,75,0,97,100,95,95,26,97,97,42,12,0,84,99,86,84,98,0,0,88,96
l24,10=0,0,0,0,0,0,0,0,0,0,51,0,0,0,0,0,0,0,0,1,85,4,85,100,0,100,95,99,97,96,93,70,78,71,99,100,100,84,93,4,71,84,100
l25,10=0,0,0,0,0,0,0,0,0,0,16,0,0,0,0,0,0,0,85,76,86,85,86,100,99,0,84,96,71,98,60,62,43,0,99,99,94,99,79,28,90,100,88
l26,10=0,0,0,0,0,0,0,0,0,0,0,0,0,0,0,0,0,0,0,0,84,100,82,95,95,99,0,54,97,95,100,9,2,0,86,98,75,84,97,0,0,17,99
l27,10=0,0,0,0,0,0,0,0,0,0,0,0,0,0,0,0,0,0,0,0,86,99,85,100,99,100,52,0,91,96,98,96,0,0,32,99,100,87,67,0,0,98,95
l28,10=0,0,0,0,0,0,0,0,0,0,0,0,0,0,0,0,0,0,0,0,11,95,7,94,94,94,95,93,0,99,97,62,90,0,32,96,76,61,100,0,0,34,93
l29,10=0,0,0,0,0,0,0,0,0,0,40,26,0,0,0,0,0,0,0,0,84,95,81,95,95,99,95,93,95,0,31,84,93,0,86,96,77,84,97,0,0,10,92
l30,10=0,0,0,0,0,0,0,0,0,0,0,0,0,0,0,0,0,0,0,0,83,99,40,95,94,99,100,94,95,82,0,83,90,0,86,95,75,84,97,0,0,46,99
l31,10=0,0,0,0,0,0,0,0,0,0,0,0,0,0,0,0,0,0,0,9,90,89,95,35,99,100,24,88,6,83,85,0,0,0,95,99,88,97,6,0,1,100,88
l32,10=0,69,85,27,0,0,0,0,0,0,0,0,15,0,0,0,0,0,0,0,0,92,0,7,68,50,57,1,95,63,95,0,0,0,0,70,83,0,97,0,0,0,5
l33,10=0,7,0,0,0,0,0,0,0,76,98,71,0,0,0,0,0,0,88,38,3,0,1,0,7,0,0,0,0,0,0,0,0,0,6,8,1,93,0,100,93,0,0
l34,10=0,0,0,0,0,0,0,0,0,75,54,0,0,0,0,0,0,0,63,91,96,87,84,92,100,100,86,85,83,95,80,58,0,31,0,74,99,100,84,82,22,92,96
l35,10=0,0,0,0,0,0,0,0,0,0,0,0,0,0,0,0,0,0,0,0,86,99,86,95,99,100,97,99,44,90,93,95,81,26,83,0,83,84,96,40,8,95,99
l36,10=0,0,0,0,0,0,0,0,0,0,5,0,0,0,0,0,0,0,55,83,99,80,99,98,99,100,91,99,82,88,79,33,9,59,99,96,0,74,93,90,65,100,90
l37,10=0,0,0,0,0,0,0,0,0,48,67,0,0,0,0,0,3,43,76,2,100,55,89,85,94,99,75,64,26,76,88,98,0,64,100,88,95,0,75,52,36,100,91
l38,10=0,0,0,0,0,0,0,0,0,0,0,0,0,0,0,0,0,0,0,0,84,99,2,95,94,94,95,38,98,97,97,81,64,0,85,96,77,91,0,0,0,50,92
l39,10=1,19,21,0,0,0,0,24,17,46,90,86,0,0,0,0,0,0,90,89,16,0,10,0,93,0,0,0,0,0,0,0,0,100,95,34,94,8,0,0,84,0,0
l40,10=0,45,0,0,0,0,0,85,79,74,85,45,0,0,0,57,13,1,96,96,95,0,17,0,83,95,0,0,0,0,0,3,0,72,46,12,3,96,0,83,0,1,0
l41,10=0,0,0,0,0,0,0,0,0,0,0,0,0,0,0,0,0,0,0,1,89,88,83,92,97,100,83,93,58,7,84,93,0,0,81,99,98,99,96,0,72,0,98
l42,10=0,0,0,0,0,0,0,0,0,0,0,0,0,0,0,0,0,0,0,0,14,99,83,100,100,100,100,94,93,93,98,55,16,28,89,100,90,84,96,0,0,100,0

l0,11=0,100,100,100,98,100,97,95,91,99,98,100,47,1,0,0,0,0,0,0,0,0,0,0,0,0,0,0,0,0,0,0,0,15,0,0,0,0,0,0,0,0,0
l1,11=100,0,99,100,100,97,90,97,46,99,97,97,84,87,22,0,0,0,1,4,0,0,0,0,0,0,0,0,0,0,0,0,65,3,0,0,0,0,0,62,0,0,0
l2,11=100,100,0,100,99,97,90,15,0,98,98,91,80,65,88,0,0,0,0,0,0,0,0,0,0,0,0,0,0,0,0,0,17,0,0,0,0,0,0,48,0,0,0
l3,11=100,100,100,0,98,95,80,0,0,100,96,99,86,99,95,0,0,0,0,0,0,0,0,0,0,0,0,0,0,0,0,0,94,0,0,0,0,0,0,0,0,0,0
l4,11=100,100,100,100,0,98,99,93,12,100,92,48,86,99,91,0,0,0,0,0,0,0,0,0,0,0,0,0,0,0,0,0,0,0,0,0,0,0,0,0,0,0,0
l5,11=100,100,99,99,97,0,99,81,81,80,98,86,85,81,98,0,0,0,0,0,0,0,0,0,0,0,0,0,0,0,0,0,0,0,0,0,0,0,0,0,0,0,0
l6,11=100,100,99,30,100,98,0,89,52,97,95,99,85,83,98,0,0,0,0,0,0,0,0,0,0,0,0,0,0,0,0,0,0,0,0,0,0,0,0,0,0,0,0
l7,11=80,84,83,0,78,89,74,0,100,88,78,82,0,0,0,81,1,12,25,94,0,0,0,0,0,0,0,0,0,0,0,0,0,0,0,0,0,0,0,91,38,0,0
l8,11=54,26,0,0,0,35,82,97,0,23,95,66,0,0,0,96,95,37,1,3,0,0,0,0,0,0,0,0,0,0,0,0,0,0,0,0,0,23,0,0,0,0,0
l9,11=100,100,99,100,95,88,86,87,22,0,100,100,1,0,0,0,0,5,93,3,0,0,0,0,0,0,0,0,0,0,0,0,0,26,10,0,0,0,0,48,25,0,0
l10,11=85,96,93,87,82,93,73,96,87,91,0,98,0,0,0,1,76,10,97,14,4,0,25,0,92,8,0,0,0,0,0,0,0,87,27,0,51,83,0,92,94,0,0
l11,11=100,100,94,98,86,14,98,96,77,100,100,0,0,0,0,0,0,0,3,0,0,0,0,0,3,0,0,0,0,0,0,0,0,4,1,0,0,0,0,84,0,0,0
l12,11=87,91,91,99,99,69,14,0,0,5,0,0,0,100,92,0,0,0,0,0,0,0,0,0,0,0,0,0,0,0,0,0,0,0,0,0,0,0,0,0,0,0,0
l13,11=1,100,9,100,99,98,62,0,0,0,0,0,100,0,100,0,0,0,0,0,0,0,0,0,0,0,0,0,0,0,0,0,0,0,0,0,0,0,0,0,0,0,0
l14,11=2,55,98,98,60,97,97,0,0,18,0,0,92,100,0,0,0,0,0,0,0,0,0,0,0,0,0,0,0,0,0,0,0,0,0,0,0,0,0,0,0,0,0
l15,11=0,0,0,0,0,0,0,24,95,0,0,0,0,0,0,0,98,97,21,0,0,0,0,0,0,0,0,0,0,0,0,0,0,0,0,0,0,0,0,0,0,0,0
l16,11=0,0,0,0,0,0,0,60,91,0,35,0,0,0,0,98,0,97,42,0,0,0,0,0,0,0,0,0,0,0,0,0,0,0,0,0,0,0,0,0,42,0,0
l17,11=0,0,0,0,0,0,0,76,68,66,83,0,0,0,0,98,99,0,71,1,0,0,0,0,0,0,0,0,0,0,0,0,0,0,0,0,0,48,0,0,79,0,0
l18,11=0,0,0,0,0,0,0,1,0,26,93,0,0,0,0,0,58,36,0,98,19,0,95,0,0,1,0,0,0,0,0,0,0,31,57,0,0,82,0,0,94,0,0
l19,11=0,0,0,0,0,0,0,59,1,1,1,0,0,0,0,0,43,38,99,0,57,0,1,0,0,68,0,0,0,0,0,0,0,14,84,0,0,88,0,87,86,0,0
l20,11=0,0,0,0,0,0,0,0,0,0,5,0,0,0,0,0,0,0,77,54,0,60,96,85,95,100,6,34,37,60,64,90,0,55,83,33,78,45,86,2,90,86,12
l21,11=0,0,0,0,0,0,0,0,0,0,0,0,0,0,0,0,0,0,0,0,65,0,89,99,97,99,99,96,94,97,97,78,82,0,73,89,92,63,99,0,0,91,67
l22,11=0,0,0,0,0,0,0,0,0,0,6,0,0,0,0,0,0,0,80,19,87,91,0,92,96,99,83,86,22,5,67,86,0,2,98,73,79,78,29,76,70,87,15
l23,11=0,0,0,0,0,0,0,0,0,0,0,0,0,0,0,0,0,0,0,0,88,98,90,0,97,99,98,93,63,98,95,85,89,0,86,88,90,77,41,0,0,86,97
l24,11=0,0,0,0,0,0,0,0,0,0,70,0,0,0,0,0,0,0,15,0,86,98,90,98,0,100,83,89,70,90,81,86,27,36,95,80,91,78,30,46,70,90,87
l25,11=0,0,0,0,0,0,0,0,0,0,29,0,0,0,0,0,0,0,16,83,87,91,89,93,97,0,83,86,50,86,87,86,86,0,80,78,86,75,29,0,85,90,80
l26,11=0,0,0,0,0,0,0,0,0,0,0,0,0,0,0,0,0,0,0,0,49,98,90,99,94,98,0,96,95,90,95,42,83,0,78,79,75,68,96,0,0,86,97
l27,11=0,0,0,0,0,0,0,0,0,0,0,0,0,0,0,0,0,0,0,0,20,98,92,94,98,99,92,0,66,86,80,88,73,0,84,89,92,74,35,0,0,86,95
l28,11=0,0,0,0,0,0,0,0,0,0,0,0,0,0,0,0,0,0,0,0,20,93,44,96,93,78,97,86,0,97,95,2,98,0,87,89,71,63,92,0,0,63,95
l29,11=0,0,0,0,0,0,0,0,0,0,0,0,0,0,0,0,0,0,0,0,83,94,11,99,93,98,82,90,95,0,50,86,96,0,83,85,75,18,97,2,0,86,94
l30,11=0,0,0,0,0,0,0,0,0,0,0,0,0,0,0,0,0,0,0,0,78,98,76,99,93,91,99,96,96,85,0,70,99,0,85,88,94,25,99,0,0,37,97
l31,11=0,0,0,0,0,0,0,0,0,0,0,0,0,0,0,0,0,0,13,0,87,92,90,17,96,99,56,86,43,86,81,0,0,0,73,80,77,72,28,0,22,98,81
l32,11=2,54,1,73,0,0,0,0,0,0,0,0,0,0,12,0,0,0,0,0,0,80,0,68,84,73,41,9,83,96,95,4,0,0,43,25,14,0,94,0,0,0,71
l33,11=0,65,18,0,0,0,0,0,0,4,100,1,0,0,0,0,0,0,84,42,17,0,1,0,43,1,0,0,0,0,0,0,0,0,50,0,84,0,0,100,88,0,0
l34,11=0,0,0,0,0,0,0,0,0,1,4,36,0,0,0,0,0,0,60,86,96,9,96,92,99,100,82,86,61,85,81,86,52,3,0,90,86,88,29,74,72,86,97
l35,11=0,0,0,0,0,0,0,0,0,0,0,0,0,0,0,0,0,0,5,0,87,98,92,96,98,99,97,98,73,88,81,92,1,0,88,0,95,73,82,0,3,88,100
l36,11=0,0,0,0,0,0,0,0,0,0,2,0,0,0,0,0,0,0,45,2,88,93,90,93,97,100,82,93,69,84,85,86,82,63,83,79,0,84,29,16,81,90,82
l37,11=0,0,0,0,0,0,0,0,1,0,14,0,0,0,0,0,3,45,83,84,90,53,96,84,98,100,46,54,17,45,74,97,0,0,100,96,94,0,65,18,90,97,90
l38,11=0,0,0,0,0,0,0,0,0,0,0,0,0,0,0,0,0,0,0,0,4,98,91,67,81,98,91,25,96,97,95,85,83,0,78,88,15,51,0,0,0,6,80
l39,11=0,64,30,0,0,0,0,38,1,8,62,30,0,0,0,0,0,0,63,87,0,0,45,0,64,1,0,1,0,3,0,0,0,100,78,0,53,2,0,0,87,0,0
l40,11=0,61,0,0,0,0,0,19,5,57,93,7,0,0,0,3,67,32,97,98,91,0,92,0,97,99,0,0,0,0,0,85,0,87,79,2,51,98,0,75,0,86,0
l41,11=0,0,0,0,0,0,0,0,0,0,0,0,0,0,0,0,0,0,2,1,87,91,91,92,98,100,83,82,7,86,1,98,0,0,77,78,82,85,26,0,51,0,68
l42,11=0,0,0,0,0,0,0,0,0,0,0,0,0,0,0,0,0,0,0,0,86,97,89,99,97,99,99,96,77,94,95,86,71,0,87,93,82,77,31,0,0,90,0

l0,12=0,100,100,100,99,99,94,93,82,100,91,100,75,97,0,0,6,0,0,0,0,0,0,0,0,0,0,0,0,0,0,0,0,0,0,0,0,0,0,4,0,0,0
l1,12=100,0,100,100,99,97,94,83,1,100,100,99,63,99,66,0,0,3,85,0,0,0,0,0,0,0,0,0,0,0,0,0,1,0,0,0,0,0,0,3,23,0,0
l2,12=100,100,0,100,99,97,91,28,0,100,100,100,75,100,75,0,0,0,0,0,0,0,0,0,0,0,0,0,0,0,0,0,20,4,0,0,0,0,0,9,0,0,0
l3,12=99,100,100,0,99,100,97,0,0,100,100,98,76,100,99,0,0,0,0,0,0,0,0,0,0,0,0,0,0,0,0,0,48,0,0,0,0,0,0,0,0,0,0
l4,12=100,100,100,100,0,99,99,85,7,100,84,99,42,100,99,0,0,0,0,0,0,0,0,0,0,0,0,0,0,0,0,0,0,0,0,0,0,0,0,0,0,0,0
l5,12=100,100,100,100,99,0,99,93,97,92,100,100,75,98,99,0,0,0,0,0,0,0,0,0,0,0,0,0,0,0,0,0,0,0,0,0,0,0,0,0,0,0,0
l6,12=99,98,94,99,99,100,0,94,92,95,30,63,75,100,99,0,0,0,0,0,0,0,0,0,0,0,0,0,0,0,0,0,0,0,0,0,0,0,0,0,0,0,0
l7,12=76,89,83,1,82,95,4,0,100,74,94,88,0,0,0,75,24,33,37,0,0,0,0,0,0,0,0,0,0,0,0,0,0,0,0,0,0,0,0,1,0,0,0
l8,12=5,0,0,0,0,80,72,93,0,89,99,25,0,0,0,100,90,96,3,0,0,0,0,0,0,0,0,0,0,0,0,0,0,0,0,0,0,51,0,0,0,0,0
l9,12=100,100,100,100,98,93,71,54,96,0,100,100,29,0,0,0,0,62,78,3,0,0,0,0,0,0,0,0,0,0,0,0,0,53,3,0,0,0,0,93,3,0,0
l10,12=4,89,90,88,77,78,1,90,97,97,0,100,0,0,0,4,90,1,94,48,73,0,22,0,2,28,0,0,0,0,0,0,0,72,2,0,46,83,0,87,88,0,0
l11,12=99,97,94,99,90,72,64,90,40,100,100,0,0,0,0,0,3,70,57,0,0,0,0,0,0,0,0,0,0,0,0,0,0,3,0,0,0,0,0,87,1,0,0
l12,12=45,97,99,99,67,96,12,0,0,5,0,0,0,99,100,0,0,0,0,0,0,0,0,0,0,0,0,0,0,0,0,0,0,0,0,0,0,0,0,0,0,0,0
l13,12=99,50,96,100,99,3,98,0,0,2,0,0,100,0,100,0,0,0,0,0,0,0,0,0,0,0,0,0,0,0,0,0,0,0,0,0,0,0,0,0,0,0,0
l14,12=0,36,96,99,98,98,98,0,0,0,0,0,76,100,0,0,0,0,0,0,0,0,0,0,0,0,0,0,0,0,0,0,0,0,0,0,0,0,0,0,0,0,0
l15,12=0,0,0,0,0,0,0,68,94,0,6,0,0,0,0,0,98,92,86,0,0,0,0,0,0,0,0,0,0,0,0,0,0,0,0,0,0,0,0,0,0,0,0
l16,12=0,0,0,0,0,0,0,4,5,0,74,0,0,0,0,100,0,70,91,0,0,0,0,0,0,0,0,0,0,0,0,0,0,0,0,0,0,0,0,0,0,0,0
l17,12=0,0,0,0,0,0,0,7,81,34,79,71,0,0,0,96,86,0,90,31,0,0,0,0,0,0,0,0,0,0,0,0,0,0,0,0,0,9,0,0,91,0,0
l18,12=0,23,0,0,0,0,0,0,3,1,92,30,0,0,0,76,38,68,0,98,96,0,3,0,10,33,0,0,0,0,0,0,0,2,58,0,13,70,0,0,89,0,0
l19,12=0,0,0,0,0,0,0,0,0,0,6,0,0,0,0,0,16,5,96,0,9,0,14,0,0,8,0,0,0,0,0,0,0,71,66,0,0,5,0,10,88,0,0
l20,12=0,0,0,0,0,0,0,0,0,0,78,0,0,0,0,0,0,0,84,56,0,48,100,63,99,100,84,76,53,71,42,97,0,48,93,81,90,99,81,14,76,88,4
l21,12=0,0,0,0,0,0,0,0,0,0,0,0,0,0,0,0,0,0,0,0,56,0,85,99,97,97,99,85,98,96,98,93,23,0,78,95,71,80,95,0,0,89,95
l22,12=0,0,0,0,0,0,0,0,0,0,2,0,0,0,0,0,0,0,4,16,98,86,0,84,98,99,2,81,72,73,1,2,0,9,96,79,92,100,75,15,86,88,82
l23,12=0,0,0,0,0,0,0,0,0,0,0,0,0,0,0,0,0,0,0,0,55,99,84,0,95,97,99,83,88,98,97,89,30,0,85,96,93,87,86,0,0,33,95
l24,12=0,0,0,0,0,0,0,0,0,0,0,0,0,0,0,0,0,0,1,2,96,96,88,89,0,95,91,94,2,87,88,89,58,39,93,77,100,91,89,1,5,77,100
l25,12=0,0,0,0,0,0,0,0,1,0,1,0,0,0,0,0,0,0,36,19,94,86,85,88,96,0,84,75,78,76,36,89,71,43,76,79,99,82,79,0,69,88,5
l26,12=0,0,0,0,0,0,0,0,0,0,0,0,0,0,0,0,0,0,0,0,30,99,35,98,95,97,0,87,97,62,97,71,9,0,85,96,93,74,94,0,0,22,95
l27,12=0,0,0,0,0,0,0,0,0,0,0,0,0,0,0,0,0,0,0,0,93,94,90,93,99,98,99,0,65,80,87,91,0,0,83,83,98,97,86,3,9,77,91
l28,12=0,0,0,0,0,0,0,0,0,0,0,0,0,0,0,0,0,0,0,0,53,99,72,93,93,94,96,76,0,95,96,94,95,0,82,96,78,84,97,0,0,69,93
l29,12=0,0,0,0,0,0,0,0,0,0,0,0,0,0,0,0,0,0,0,0,89,99,79,95,95,96,90,82,98,0,97,92,95,0,79,92,87,53,99,0,0,86,64
l30,12=0,0,0,0,0,0,0,0,0,0,0,0,0,0,0,0,0,0,0,0,44,99,49,95,92,88,96,81,98,96,0,96,86,0,46,96,1,80,92,0,0,17,87
l31,12=0,0,0,0,0,0,0,0,0,0,0,0,0,0,0,0,0,0,0,0,93,77,71,84,2,98,22,82,80,75,87,0,0,0,79,77,90,38,67,0,27,97,74
l32,12=0,2,72,59,0,0,0,0,0,0,0,0,0,0,0,0,0,0,0,0,0,53,0,3,39,85,72,0,98,95,14,0,0,0,11,3,0,0,85,0,0,12,44
l33,12=0,0,65,0,0,0,0,0,0,86,100,46,0,0,0,0,0,0,90,85,2,0,0,0,68,40,0,0,0,0,0,0,0,0,55,0,89,28,0,100,84,0,0
l34,12=0,0,0,0,0,0,0,0,0,17,11,0,0,0,0,0,0,0,82,91,92,84,98,91,99,96,85,79,40,76,54,87,25,42,0,82,94,98,89,83,83,85,77
l35,12=0,0,0,0,0,0,0,0,0,0,0,0,0,0,0,0,0,0,0,0,94,99,86,96,93,98,90,91,92,92,94,45,0,0,86,0,95,92,89,22,2,89,98
l36,12=0,0,0,0,0,0,0,0,0,0,14,0,0,0,0,0,0,0,75,63,94,87,89,92,99,100,85,85,86,75,14,87,2,42,92,82,0,92,8,1,83,82,78
l37,12=0,0,0,0,0,0,0,0,72,0,70,0,0,0,0,0,4,1,9,73,96,83,93,6,86,91,65,80,73,84,85,86,0,76,100,88,90,0,13,66,57,84,22
l38,12=0,0,0,0,0,0,0,0,0,0,0,0,0,0,0,0,0,0,0,0,84,99,1,92,95,96,96,87,98,96,90,69,95,0,82,90,1,48,0,0,0,85,95
l39,12=44,71,44,0,0,0,0,65,0,11,98,2,0,0,0,0,0,0,86,84,2,0,31,0,31,3,0,0,0,0,0,0,0,94,80,21,88,72,0,0,65,0,0
l40,12=0,4,0,0,0,0,0,22,0,60,94,25,0,0,0,30,2,44,95,98,91,0,52,0,84,93,0,27,0,0,0,41,0,69,84,0,86,69,0,81,0,3,1
l41,12=0,0,0,0,0,0,0,0,0,0,0,0,0,0,0,0,0,0,19,0,94,86,13,82,94,98,86,85,20,76,46,98,65,0,81,82,25,92,80,0,1,0,74
l42,12=0,0,0,0,0,0,0,0,0,0,0,0,0,0,0,0,0,0,0,0,93,99,79,99,100,86,99,91,87,78,98,94,78,0,84,100,97,92,92,0,4,87,0

l0,13=0,100,100,100,99,99,97,47,5,99,99,100,66,0,0,0,0,0,0,0,0,0,0,0,0,0,0,0,0,0,0,0,2,0,0,0,0,0,0,70,0,0,0
l1,13=2,0,100,100,100,100,56,11,98,100,99,100,93,96,1,0,0,0,24,29,0,0,0,0,0,0,0,0,0,0,0,0,16,56,0,0,0,0,0,86,0,0,0
l2,13=100,100,0,99,99,100,97,47,0,100,25,97,97,96,100,0,0,0,0,0,0,0,0,0,0,0,0,0,0,0,0,0,66,0,0,0,0,0,0,36,0,0,0
l3,13=100,100,100,0,100,100,98,0,0,100,27,98,92,97,60,0,0,0,0,0,0,0,0,0,0,0,0,0,0,0,0,0,12,0,0,0,0,0,0,0,0,0,0
l4,13=98,100,100,100,0,99,77,99,87,99,88,98,97,97,100,0,0,0,0,0,0,0,0,0,0,0,0,0,0,0,0,0,0,0,0,0,0,0,0,0,0,0,0
l5,13=98,100,100,100,99,0,98,97,99,99,99,98,2,97,100,0,0,5,0,0,0,0,0,0,0,0,0,0,0,0,0,0,0,0,0,0,0,0,0,0,0,0,0
l6,13=97,99,99,99,98,100,0,97,99,100,66,98,1,20,80,0,0,0,0,0,0,0,0,0,0,0,0,0,0,0,0,0,0,0,0,0,0,0,0,0,0,0,0
l7,13=70,82,67,30,82,94,13,0,100,99,98,97,0,0,0,88,1,88,64,88,0,0,0,0,0,0,0,0,0,0,0,0,0,82,0,0,0,1,0,80,1,0,0
l8,13=0,95,0,0,2,95,96,100,0,92,100,89,0,0,0,99,99,98,89,60,0,0,0,0,0,0,0,0,0,0,0,0,0,0,0,0,0,0,0,0,0,0,0
l9,13=100,100,100,99,98,99,98,100,93,0,100,100,73,9,3,0,53,2,3,80,0,0,0,0,0,0,0,0,0,0,0,0,0,100,0,0,0,0,0,94,28,0,0
l10,13=99,99,92,8,56,100,18,99,100,99,0,100,0,0,0,8,98,79,100,98,96,0,99,0,0,47,0,0,0,0,0,3,0,99,85,0,92,96,0,99,99,0,0
l11,13=100,89,99,98,98,97,37,100,65,99,100,0,0,0,0,0,0,1,37,7,0,0,0,0,0,0,0,0,0,0,0,0,0,6,0,0,0,0,0,92,49,0,0
l12,13=78,28,100,97,4,100,46,0,0,60,0,0,0,100,58,0,0,0,0,0,0,0,0,0,0,0,0,0,0,0,0,0,0,0,0,0,0,0,0,0,0,0,0
l13,13=2,100,98,98,99,100,31,0,0,3,0,0,100,0,100,0,0,0,0,0,0,0,0,0,0,0,0,0,0,0,0,0,0,0,0,0,0,0,0,0,0,0,0
l14,13=0,55,99,98,97,100,99,0,0,0,0,0,95,98,0,0,0,0,0,0,0,0,0,0,0,0,0,0,0,0,0,0,0,0,0,0,0,0,0,0,0,0,0
l15,13=0,0,0,0,0,0,0,83,98,0,2,0,0,0,0,0,98,98,1,1,0,0,0,0,0,0,0,0,0,0,0,0,0,0,0,0,0,0,0,0,15,0,0
l16,13=0,0,0,0,0,0,0,1,99,0,1,0,0,0,0,97,0,99,96,0,0,0,0,0,0,0,0,0,0,0,0,0,0,0,0,0,0,0,0,0,0,0,0
l17,13=0,0,0,0,0,3,0,90,98,0,34,42,0,0,0,96,100,0,96,92,0,0,0,0,0,0,0,0,0,0,0,0,0,0,0,0,0,77,0,0,91,0,0
l18,13=0,1,0,0,0,0,0,22,90,50,95,49,0,0,0,79,98,72,0,100,99,0,94,0,0,28,0,0,0,0,0,25,0,2,76,0,0,88,0,45,98,0,0
l19,13=0,0,0,0,0,0,0,6,48,2,79,0,0,0,0,0,0,97,100,0,77,0,94,0,0,39,0,0,0,0,0,1,0,91,2,0,66,98,0,90,100,0,0
l20,13=0,0,0,0,0,0,0,0,0,0,92,0,0,0,0,0,0,0,97,87,0,99,100,89,99,99,97,97,36,23,42,100,0,83,94,98,95,100,91,17,97,84,92
l21,13=0,0,0,0,0,0,0,0,0,0,0,0,0,0,0,0,0,0,0,0,94,0,92,90,91,90,100,94,98,100,98,95,97,0,87,97,98,89,99,0,0,91,99
l22,13=0,0,0,0,0,0,0,0,0,0,88,0,0,0,0,0,0,0,90,86,100,88,0,93,99,99,85,97,25,86,92,85,0,16,100,84,100,99,69,98,68,87,94
l23,13=0,0,0,0,0,0,0,0,0,0,0,0,0,0,0,0,0,0,0,0,91,97,94,0,65,90,98,94,98,100,93,92,90,0,99,98,96,75,100,0,0,85,99
l24,13=0,0,0,0,0,0,0,0,0,0,0,0,0,0,0,0,0,0,4,17,100,99,99,31,0,99,99,99,95,100,91,1,13,61,100,100,100,92,80,56,10,97,100
l25,13=0,0,0,0,0,0,0,0,0,0,1,0,0,0,0,0,0,0,78,75,100,96,72,88,97,0,97,98,12,94,82,100,87,56,99,100,100,100,71,0,93,97,99
l26,13=0,0,0,0,0,0,0,0,0,0,0,0,0,0,0,0,0,0,0,0,88,99,22,88,89,92,0,95,99,99,97,4,6,0,5,98,98,98,99,0,0,92,99
l27,13=0,0,0,0,0,0,0,0,0,0,0,0,0,0,0,0,0,0,0,0,98,97,100,93,91,99,98,0,99,91,97,100,12,0,99,100,100,92,99,0,4,94,100
l28,13=0,0,0,0,0,0,0,0,0,0,0,0,0,0,0,0,0,0,0,0,2,95,5,88,88,92,97,94,0,4,97,86,94,0,82,88,78,4,100,0,0,72,96
l29,13=0,0,0,0,0,0,0,0,0,0,0,0,0,0,0,0,0,0,0,0,9,98,35,97,91,89,99,94,81,0,95,89,94,0,80,88,88,83,99,4,0,86,27
l30,13=0,0,0,0,0,0,0,0,0,0,0,0,0,0,0,0,0,0,0,0,30,99,21,87,90,89,100,94,99,100,0,88,93,0,86,90,87,83,100,0,0,84,99
l31,13=0,0,0,0,0,0,0,0,0,0,0,0,0,0,0,0,0,0,67,0,100,66,94,66,96,99,1,100,72,83,2,0,0,0,92,100,99,99,23,0,93,98,93
l32,13=0,0,78,64,0,0,0,0,0,0,0,0,0,0,0,0,0,0,0,0,0,94,0,39,83,86,4,9,75,85,87,1,0,0,13,1,3,0,78,0,0,0,90
l33,13=0,83,1,0,0,0,0,31,0,99,100,53,0,0,0,0,0,0,98,90,1,0,50,0,97,53,0,0,0,0,0,0,0,0,10,0,95,0,0,100,100,0,0
l34,13=0,0,0,0,0,0,0,0,0,0,78,0,0,0,0,0,0,0,83,76,100,95,100,99,99,99,84,98,13,11,23,89,43,42,0,94,100,100,72,92,87,89,96
l35,13=0,0,0,0,0,0,0,0,0,0,0,0,0,0,0,0,0,0,0,0,93,97,97,100,97,99,100,94,96,100,96,96,4,0,83,0,99,99,86,7,3,98,99
l36,13=0,0,0,0,0,0,0,0,0,0,94,0,0,0,0,0,0,0,1,60,99,99,100,98,97,99,100,100,29,97,94,92,1,85,100,100,0,99,85,2,64,97,98
l37,13=0,0,0,0,0,0,0,0,0,0,6,0,0,0,0,1,0,37,92,91,100,42,95,93,100,61,56,42,84,81,89,100,0,0,78,91,77,0,80,24,67,63,78
l38,13=0,0,0,0,0,0,0,0,0,0,0,0,0,0,0,0,0,0,0,0,24,96,80,93,90,88,100,94,99,98,95,27,93,0,85,90,88,23,0,0,0,86,99
l39,13=25,99,3,0,0,0,0,27,0,24,100,33,0,0,0,0,0,0,97,98,6,0,87,0,99,16,0,0,0,0,0,0,0,100,74,6,17,1,0,0,97,0,0
l40,13=0,16,0,0,0,0,0,42,1,36,95,4,0,0,0,30,6,63,95,100,98,0,98,0,9,1,0,5,0,0,0,87,0,92,91,1,87,100,0,30,0,62,0
l41,13=0,0,0,0,0,0,0,0,0,0,0,0,0,0,0,0,0,0,13,0,100,98,99,92,99,99,98,96,4,95,88,100,0,0,100,100,69,99,94,0,23,0,10
l42,13=0,0,0,0,0,0,0,0,0,0,0,0,0,0,0,0,0,0,0,0,92,99,96,100,97,98,100,100,99,78,98,88,90,0,94,100,97,90,100,24,0,19,0

l0,14=0,99,100,100,100,95,99,99,96,100,98,100,100,88,0,0,0,0,0,0,0,0,0,0,0,0,0,0,0,0,0,0,0,0,0,0,0,0,0,0,0,0,0
l1,14=98,0,100,100,100,96,97,97,66,99,49,100,49,23,0,0,0,0,9,0,0,0,0,0,0,0,0,0,0,0,0,0,2,98,0,0,0,0,0,99,0,0,0
l2,14=99,100,0,100,100,96,100,6,53,98,97,75,100,97,99,0,0,0,0,0,0,0,0,0,0,0,0,0,0,0,0,0,98,0,0,0,0,0,0,17,0,0,0
l3,14=95,97,100,0,100,97,99,0,0,98,96,98,100,98,99,0,0,0,0,0,0,0,0,0,0,0,0,0,0,0,0,0,19,0,0,0,0,0,0,0,0,0,0
l4,14=99,99,100,100,0,96,100,96,89,99,29,98,1,8,95,0,0,0,0,0,0,0,0,0,0,0,0,0,0,0,0,0,0,0,0,0,0,0,0,0,0,0,0
l5,14=95,98,99,100,100,0,100,95,97,99,82,96,97,98,83,0,0,0,0,0,0,0,0,0,0,0,0,0,0,0,0,0,0,0,0,0,0,0,0,0,0,0,0
l6,14=95,6,99,100,100,97,0,97,98,12,40,50,6,95,95,0,0,0,0,0,0,0,0,0,0,0,0,0,0,0,0,0,0,0,0,0,0,0,0,0,0,0,0
l7,14=99,95,35,0,91,99,99,0,99,100,100,97,0,0,0,92,98,94,39,0,0,0,0,0,0,0,0,0,0,0,0,0,0,0,0,0,0,8,0,65,1,0,0
l8,14=90,86,11,0,10,66,98,99,0,96,96,26,0,0,0,83,99,97,96,63,0,0,0,0,0,0,0,0,0,0,0,0,0,0,0,0,0,0,0,0,86,0,0
l9,14=100,99,100,99,100,99,22,99,96,0,100,99,100,0,0,0,87,96,100,3,0,0,0,0,0,0,0,0,0,0,0,0,0,47,0,0,0,0,0,99,97,0,0
l10,14=98,96,99,98,69,93,77,99,96,100,0,99,0,0,0,68,94,39,98,96,5,0,3,0,2,0,0,0,0,0,0,0,0,98,6,0,1,5,0,100,31,0,0
l11,14=100,99,98,99,100,96,84,99,45,100,100,0,0,0,0,0,27,80,1,0,0,0,0,0,0,0,0,0,0,0,0,0,0,1,0,0,0,0,0,44,53,0,0
l12,14=80,2,100,93,4,73,1,0,0,69,0,0,0,100,100,0,0,0,0,0,0,0,0,0,0,0,0,0,0,0,0,0,0,0,0,0,0,0,0,0,0,0,0
l13,14=93,44,100,100,2,100,97,0,0,0,0,0,100,0,100,0,0,0,0,0,0,0,0,0,0,0,0,0,0,0,0,0,0,0,0,0,0,0,0,0,0,0,0
l14,14=0,0,98,99,100,97,7,0,0,0,0,0,100,100,0,0,0,0,0,0,0,0,0,0,0,0,0,0,0,0,0,0,0,0,0,0,0,0,0,0,0,0,0
l15,14=0,0,0,0,0,0,0,90,84,0,59,0,0,0,0,0,99,83,2,84,0,0,0,0,0,0,0,0,0,0,0,0,0,0,0,0,0,0,0,0,0,0,0
l16,14=0,0,0,0,0,0,0,10,95,0,0,0,0,0,0,98,0,98,94,0,0,0,0,0,0,0,0,0,0,0,0,0,0,0,0,0,0,0,0,0,0,0,0
l17,14=0,0,0,0,0,0,0,8,95,65,90,6,0,0,0,94,99,0,92,100,0,0,0,0,0,0,0,0,0,0,0,0,0,0,0,0,0,0,0,0,0,0,0
l18,14=0,0,0,0,0,0,0,0,97,89,100,4,0,0,0,11,100,98,0,97,47,0,95,0,0,32,0,0,0,0,0,1,0,73,98,0,0,66,0,100,100,0,0
l19,14=0,0,0,0,0,0,0,0,81,1,1,0,0,0,0,54,31,98,98,0,100,0,84,0,0,3,0,0,0,0,0,3,0,10,37,0,1,99,0,28,100,29,0
l20,14=0,0,0,0,0,0,0,0,0,0,89,0,0,0,0,0,0,0,88,95,0,95,100,61,99,99,97,96,7,97,98,100,0,28,100,100,100,100,95,100,100,100,99
l21,14=0,0,0,0,0,0,0,0,0,0,0,0,0,0,0,0,0,0,0,0,98,0,94,97,98,96,98,94,99,99,100,94,56,0,99,98,98,8,97,0,0,96,100
l22,14=0,0,0,0,0,0,0,0,0,0,69,0,0,0,0,0,0,0,3,79,100,99,0,90,99,99,95,98,2,98,43,98,0,99,100,3,100,99,74,0,92,97,99
l23,14=0,0,0,0,0,0,0,0,0,0,0,0,0,0,0,0,0,0,0,0,98,96,93,0,98,97,95,96,97,98,98,96,30,0,2,99,96,99,99,0,0,8,100
l24,14=0,0,0,0,0,0,0,0,0,0,7,0,0,0,0,0,0,0,0,8,99,98,100,97,0,98,94,99,15,96,100,97,4,95,100,100,100,99,97,99,96,99,100
l25,14=0,0,0,0,0,0,0,0,0,0,0,0,0,0,0,0,0,0,78,87,99,92,100,93,95,0,98,95,9,98,38,98,95,12,100,99,100,99,95,86,99,81,95
l26,14=0,0,0,0,0,0,0,0,0,0,0,0,0,0,0,0,0,0,0,0,98,99,95,93,97,98,0,96,7,98,99,97,84,0,4,99,95,99,97,0,0,97,100
l27,14=0,0,0,0,0,0,0,0,0,0,0,0,0,0,0,0,0,0,0,0,4,93,87,98,98,98,94,0,100,99,7,98,24,0,100,100,100,99,100,0,0,99,100
l28,14=0,0,0,0,0,0,0,0,0,0,0,0,0,0,0,0,0,0,0,0,90,95,3,93,97,65,95,4,0,97,99,93,92,0,38,100,95,96,100,0,0,93,97
l29,14=0,0,0,0,0,0,0,0,0,0,0,0,0,0,0,0,0,0,0,0,98,96,94,96,97,97,95,96,99,0,96,97,94,0,35,99,96,99,97,0,0,96,97
l30,14=0,0,0,0,0,0,0,0,0,0,0,0,0,0,0,0,0,0,0,0,97,98,93,95,98,94,95,96,99,72,0,97,91,0,98,97,93,99,100,0,0,95,100
l31,14=0,0,0,0,0,0,0,0,0,0,0,0,0,0,0,0,0,0,0,0,99,97,100,97,97,98,95,98,3,88,94,0,0,0,100,100,100,99,100,0,21,99,100
l32,14=0,2,94,26,0,0,0,0,0,0,0,0,0,0,0,0,0,0,0,0,0,91,0,53,31,93,92,0,94,57,94,7,0,0,5,2,2,0,94,0,0,0,3
l33,14=0,31,2,0,0,0,0,0,0,97,99,88,0,0,0,0,0,0,74,49,100,0,3,0,97,11,0,0,0,0,0,0,0,0,99,0,8,3,0,100,100,0,0
l34,14=0,0,0,0,0,0,0,0,0,21,50,1,0,0,0,0,0,0,97,1,99,95,100,97,98,98,97,99,97,53,99,98,30,99,0,100,100,100,99,99,99,93,100
l35,14=0,0,0,0,0,0,0,0,0,0,0,0,0,0,0,0,0,0,0,0,99,98,81,98,98,98,98,99,100,99,97,97,21,0,100,0,99,99,97,27,95,99,100
l36,14=0,0,0,0,0,0,0,0,0,0,4,0,0,0,0,0,0,0,11,1,99,98,100,94,98,98,96,95,99,97,97,99,15,21,100,100,0,99,100,5,99,99,96
l37,14=0,0,0,0,0,0,0,3,0,0,49,0,0,0,0,0,0,1,98,99,100,100,97,97,72,100,99,99,92,99,98,99,0,1,100,98,100,0,95,2,97,100,98
l38,14=0,0,0,0,0,0,0,0,0,0,0,0,0,0,0,0,0,0,0,0,84,83,87,97,97,98,97,96,99,98,100,96,92,0,98,99,95,98,0,0,0,3,96
l39,14=19,93,4,0,0,0,0,99,0,100,100,2,0,0,0,0,0,0,99,99,98,0,0,0,65,20,0,0,0,0,0,0,0,100,92,41,0,1,0,0,97,0,0
l40,14=0,82,0,0,0,0,0,87,96,98,82,97,0,0,0,0,66,5,98,97,100,0,100,0,97,100,0,0,0,0,0,99,0,98,99,71,10,100,0,100,0,68,0
l41,14=0,0,0,0,0,0,0,0,0,0,0,0,0,0,0,0,0,0,0,90,99,96,90,96,100,98,98,99,56,100,46,98,0,0,63,100,100,99,96,0,77,0,93
l42,14=0,0,0,0,0,0,0,0,0,0,0,0,0,0,0,0,0,0,0,0,98,98,95,98,98,96,98,96,98,96,100,97,94,0,99,100,95,99,100,0,0,96,0

l0,15=0,96,100,99,98,99,93,1,99,100,100,100,99,92,0,0,0,0,0,0,0,0,0,0,0,0,0,0,0,0,0,0,0,0,0,0,0,0,0,0,0,0,0
l1,15=100,0,100,99,96,98,100,5,6,100,100,100,63,100,93,0,0,0,64,62,0,0,0,0,0,0,0,0,0,0,0,0,56,1,0,0,0,0,0,95,0,0,0
l2,15=100,100,0,99,100,98,100,100,0,99,99,100,100,97,95,0,0,0,0,0,0,0,0,0,0,0,0,0,0,0,0,0,83,0,0,0,0,0,0,0,0,0,0
l3,15=100,96,99,0,98,98,65,4,3,99,99,100,100,100,92,0,0,0,0,0,0,0,0,0,0,0,0,0,0,0,0,0,0,0,0,0,0,0,0,0,0,0,0
l4,15=100,94,99,100,0,100,100,20,93,100,90,100,100,69,53,0,0,0,0,0,0,0,0,0,0,0,0,0,0,0,0,0,0,0,0,0,0,0,0,0,0,0,0
l5,15=100,95,99,99,99,0,100,100,16,99,89,58,100,100,19,0,0,0,0,0,0,0,0,0,0,0,0,0,0,0,0,0,0,0,0,0,0,0,0,0,0,0,0
l6,15=55,96,100,6,99,100,0,100,97,100,90,90,100,98,81,0,0,0,0,0,0,0,0,0,0,0,0,0,0,0,0,0,0,0,0,0,0,0,0,0,0,0,0
l7,15=23,98,100,42,15,100,97,0,100,98,97,98,0,0,0,98,3,98,1,0,0,0,0,0,0,0,0,0,0,0,0,0,0,0,0,0,0,0,0,80,13,0,0
l8,15=98,70,0,0,1,5,76,100,0,99,98,97,0,0,0,98,99,100,0,61,0,0,0,0,0,0,0,0,0,0,0,0,0,0,0,0,0,0,0,1,0,0,0
l9,15=100,100,99,100,98,98,100,100,100,0,100,100,100,1,0,1,4,62,6,33,0,0,0,0,0,0,0,0,0,0,0,0,0,95,14,0,0,0,0,95,86,0,0
l10,15=100,99,99,99,15,84,6,100,100,100,0,100,0,0,0,97,98,97,100,59,17,0,93,0,55,0,0,0,0,0,0,0,0,99,81,32,0,4,0,100,96,0,0
l11,15=100,100,99,100,97,36,74,100,99,100,100,0,0,0,0,0,1,35,2,0,0,0,0,0,5,0,0,0,0,0,0,0,0,85,0,0,0,0,0,97,33,0,0
l12,15=100,100,100,100,97,99,99,0,0,92,0,0,0,100,91,0,0,0,0,0,0,0,0,0,0,0,0,0,0,0,0,0,0,0,0,0,0,0,0,0,0,0,0
l13,15=96,95,99,100,96,98,100,0,0,0,0,0,100,0,80,0,0,0,0,0,0,0,0,0,0,0,0,0,0,0,0,0,0,0,0,0,0,0,0,0,0,0,0
l14,15=0,98,99,99,98,53,24,0,0,0,0,0,100,95,0,0,0,0,0,0,0,0,0,0,0,0,0,0,0,0,0,0,0,0,0,0,0,0,0,0,0,0,0
l15,15=0,0,0,0,0,0,0,90,90,0,1,0,0,0,0,0,98,98,42,0,0,0,0,0,0,0,0,0,0,0,0,0,0,0,0,0,0,1,0,0,0,0,0
l16,15=0,0,0,0,0,0,0,0,99,0,78,0,0,0,0,100,0,99,100,0,0,0,0,0,0,0,0,0,0,0,0,0,0,0,0,0,0,0,0,0,0,0,0
l17,15=0,0,0,0,0,0,0,72,97,2,91,17,0,0,0,100,97,0,99,93,0,0,0,0,0,0,0,0,0,0,0,0,0,0,0,0,0,97,0,0,37,0,0
l18,15=0,0,0,0,0,0,0,0,2,12,100,0,0,0,0,0,99,99,0,100,5,0,99,0,0,78,0,0,0,0,0,0,0,1,39,0,0,100,0,100,96,0,0
l19,15=0,0,0,0,0,0,0,1,0,1,10,0,0,0,0,0,22,99,100,0,97,0,0,0,87,22,0,0,0,0,0,0,0,41,98,0,0,100,0,91,82,0,0
l20,15=0,0,0,0,0,0,0,0,0,0,34,0,0,0,0,0,0,0,100,97,0,100,99,100,99,98,8,99,15,98,56,99,0,39,100,100,100,100,76,46,100,99,89
l21,15=0,0,0,0,0,0,0,0,0,0,0,0,0,0,0,0,0,0,0,0,96,0,98,98,96,96,98,98,98,98,100,98,24,0,98,100,99,98,99,0,0,34,85
l22,15=0,0,0,0,0,0,0,0,0,0,99,0,0,0,0,0,0,0,100,51,100,99,0,100,100,100,92,99,70,99,100,100,0,36,100,100,100,100,52,45,61,35,85
l23,15=0,0,0,0,0,0,0,0,0,0,0,0,0,0,0,0,0,0,0,0,99,100,99,0,96,49,98,98,98,98,100,99,94,0,98,100,18,97,98,0,0,97,80
l24,15=0,0,0,0,0,0,0,0,0,0,0,30,0,0,0,0,0,0,0,94,99,100,99,98,0,98,99,99,97,99,100,78,60,73,99,100,100,98,23,98,99,99,97
l25,15=0,0,0,0,0,0,0,0,0,0,0,0,0,0,0,0,0,0,100,3,99,98,99,100,95,0,99,99,14,98,98,100,6,0,99,100,100,98,20,2,98,99,91
l26,15=0,0,0,0,0,0,0,0,0,0,0,0,0,0,0,0,0,0,0,0,2,99,100,100,97,96,0,94,96,98,99,99,97,0,98,98,95,86,99,0,0,16,79
l27,15=0,0,0,0,0,0,0,0,0,0,0,0,0,0,0,0,0,0,0,0,99,100,99,100,99,98,98,0,98,99,100,100,22,0,99,100,99,98,97,0,24,99,89
l28,15=0,0,0,0,0,0,0,0,0,0,0,0,0,0,0,0,0,0,0,0,13,98,31,100,96,94,98,97,0,99,100,94,95,0,88,98,90,98,98,0,0,1,37
l29,15=0,0,0,0,0,0,0,0,0,0,0,0,0,0,0,0,0,0,0,0,97,98,99,100,96,97,98,97,98,0,99,95,93,0,97,97,88,98,99,14,0,85,78
l30,15=0,0,0,0,0,0,0,0,0,0,0,0,0,0,0,0,0,0,0,0,50,100,99,98,96,91,98,97,98,99,0,96,93,0,57,100,91,98,98,0,0,96,93
l31,15=0,0,0,0,0,0,0,0,0,0,0,0,0,0,0,0,0,0,0,0,98,98,99,98,95,99,98,97,37,98,99,0,1,0,99,100,99,100,38,0,1,100,85
l32,15=0,94,92,29,0,0,0,0,0,0,0,0,0,0,0,0,0,0,0,0,0,26,0,93,19,4,68,90,98,93,89,25,0,0,76,91,0,0,95,0,0,0,78
l33,15=0,3,0,0,0,0,0,3,0,100,100,100,0,0,0,0,0,0,94,99,21,0,97,0,34,0,0,0,0,0,0,0,0,0,22,1,3,99,0,100,94,0,0
l34,15=0,0,0,0,0,0,0,0,0,46,31,0,0,0,0,0,0,0,8,9,99,99,99,100,99,99,96,99,94,99,98,100,96,59,0,100,100,100,98,31,77,92,81
l35,15=0,0,0,0,0,0,0,0,0,0,48,0,0,0,0,0,0,0,0,0,80,100,99,100,100,100,99,88,98,98,100,100,73,0,99,0,98,98,99,0,1,99,97
l36,15=0,0,0,0,0,0,0,0,0,0,61,0,0,0,0,0,0,0,98,3,98,100,99,16,96,99,98,99,98,99,99,99,1,4,99,100,0,100,99,98,100,99,83
l37,15=0,0,0,0,0,0,0,3,1,0,72,0,0,0,0,22,0,52,99,96,99,100,93,56,98,100,99,33,99,97,99,96,0,98,100,99,98,0,95,76,99,99,94
l38,15=0,0,0,0,0,0,0,0,0,0,0,0,0,0,0,0,0,0,0,0,57,99,98,98,96,92,96,95,99,98,100,11,94,0,98,98,96,38,0,0,0,96,95
l39,15=0,100,64,1,0,0,0,50,97,100,100,53,0,0,0,0,0,0,99,97,22,0,0,0,99,84,0,0,0,29,0,0,0,100,46,0,97,98,0,0,89,0,0
l40,15=0,41,0,0,0,0,0,100,10,98,99,91,0,0,0,13,50,99,12,100,99,0,83,0,5,99,0,2,0,0,0,73,0,93,98,61,100,100,0,99,0,87,0
l41,15=0,0,0,0,0,0,0,0,0,0,0,0,0,0,0,0,0,0,0,0,99,99,99,100,97,99,99,99,88,98,100,100,0,0,99,100,100,97,24,0,94,0,59
l42,15=0,0,0,0,0,0,0,0,0,0,0,0,0,0,0,0,0,0,0,0,92,99,95,98,99,98,99,97,98,99,100,99,95,0,98,100,99,2,99,0,0,83,0

