n=43

q0=1
q1=1
q2=1
q3=1
q4=1
q5=1
q6=1
q7=1
q8=1
q9=1
q10=1
q11=1
q12=1
q13=1
q14=1
q15=1
q16=1
q17=1
q18=1
q19=1
q20=1
q21=1
q22=1
q23=1
q24=1
q25=1
q26=1
q27=1
q28=1
q29=1
q30=1
q31=1
q32=1
q33=1
q34=1
q35=1
q36=1
q37=1
q38=1
q39=1
q40=1
q41=1
q42=1

a0=0x141592000c576ce6
a1=0x141592000c5aedbc
a2=0x141592000c5750f4
a3=0x141592000c576658
a4=0x141592000c575890
a5=0x141592000c574ffa
a6=0x141592000c5acf11
a7=0x141592000d9df361
a8=0x141592000c576300
a9=0x141592000c5779b6
a10=0x141592000c5762b9
a11=0x141592000c5af078
a12=0x141592000c575517
a13=0x141592000c5752c3
a14=0x141592000c5a4baa
a15=0x141592000c5776e7
a16=0x141592000c58cdeb
a17=0x141592000c5881fc
a18=0x141592000bd81d33
a19=0x141592000bd84d6a
a20=0x141592000c577233
a21=0x141592000c574527
a22=0x141592000c5746a3
a23=0x141592000c574da3
a24=0x141592000c5741c9
a25=0x141592000da244ea
a26=0x141592000c5ae886
a27=0x141592000c57510e
a28=0x141592000c5ab6c8
a29=0x141592000c574d05
a30=0x141592000edae61f
a31=0x141592000c57667e
a32=0x141592000c577f43
a33=0x141592000c576449
a34=0x1415920010f4117a
a35=0x141592000c575966
a36=0x141592000c574d35
a37=0x141592000c576fb1
a38=0x141592000c5aea5d
a39=0x141592000c59f23f
a40=0x241592000c59f23f
a41=0x341592000c59f23f
a42=0x441592000c59f23f

l0,0=0,95,98,94,92,100,82,97,43,93,99,88,0,0,0,0,0,0,0,0,0,0,0,0,0,0,0,0,0,0,0,0,0,0,0,0,0,0,0,0,0,0,0
l1,0=100,0,100,95,80,98,47,95,0,97,90,0,96,62,89,0,0,0,0,0,0,0,0,0,0,0,0,0,0,0,0,0,0,0,0,0,0,0,0,0,0,0,0
l2,0=100,100,0,100,89,98,37,7,0,97,99,9,98,72,8,0,0,0,0,0,0,0,0,0,0,0,0,0,0,0,0,0,13,0,0,0,0,0,0,0,0,0,0
l3,0=97,96,99,0,84,98,0,0,0,97,95,86,99,10,0,0,0,0,0,0,0,0,0,0,0,0,0,0,0,0,0,0,0,0,0,0,0,0,0,0,0,0,0
l4,0=99,96,98,77,0,100,82,0,0,87,0,0,89,0,23,0,0,0,0,0,0,0,0,0,0,0,0,0,0,0,0,0,0,0,0,0,0,0,0,0,0,0,0
l5,0=99,95,90,94,92,0,83,96,43,91,99,77,11,0,93,0,0,0,0,0,0,0,0,0,0,0,0,0,0,0,0,0,0,0,0,0,0,0,0,0,0,0,0
l6,0=86,94,93,48,92,100,0,84,30,9,72,78,0,74,93,0,0,0,0,0,0,0,0,0,0,0,0,0,0,0,0,0,0,0,0,0,0,0,0,0,0,0,0
l7,0=93,91,74,4,0,99,85,0,97,95,98,95,0,0,0,97,31,96,0,0,0,0,0,0,0,0,0,0,0,0,0,0,0,0,0,0,0,0,0,89,2,0,0
l8,0=11,61,0,0,0,44,76,97,0,86,93,90,0,0,0,97,2,98,0,0,0,0,0,0,0,0,0,0,0,0,0,0,0,0,0,0,0,0,0,0,57,0,0
l9,0=99,95,97,94,79,98,0,96,96,0,99,100,95,0,0,0,0,0,0,0,0,0,0,0,2,0,0,0,0,0,0,0,0,96,0,0,0,2,0,94,0,0,0
l10,0=88,43,89,75,0,93,2,97,93,93,0,96,0,0,0,80,0,84,88,77,4,0,0,0,91,0,0,0,0,0,0,0,0,88,66,0,0,6,0,94,0,0,0
l11,0=93,95,0,94,0,0,79,96,97,100,100,0,0,0,0,0,0,28,96,0,0,0,0,0,0,0,0,0,0,0,0,0,0,95,0,0,0,0,0,94,0,0,0
l12,0=0,96,99,100,0,0,0,0,0,91,0,0,0,99,88,0,0,0,0,0,0,0,0,0,0,0,0,0,0,0,0,0,0,0,0,0,0,0,0,0,0,0,0
l13,0=0,94,97,4,0,72,68,0,0,0,0,0,100,0,100,0,0,0,0,0,0,0,0,0,0,0,0,0,0,0,0,0,0,0,0,0,0,0,0,0,0,0,0
l14,0=6,87,72,0,37,97,77,0,0,0,0,0,99,100,0,0,0,0,0,0,0,0,0,0,0,0,0,0,0,0,0,0,0,0,0,0,0,0,0,0,0,0,0
l15,0=0,0,0,0,0,0,0,80,95,0,1,0,0,0,0,0,88,96,88,2,0,0,0,0,0,0,0,0,0,0,0,0,0,0,0,0,0,0,0,0,0,0,0
l16,0=0,0,0,0,0,0,0,0,0,0,0,0,0,0,0,96,0,97,95,1,0,0,0,0,0,0,0,0,0,0,0,0,0,0,0,0,0,0,0,0,0,0,0
l17,0=0,0,0,0,0,0,0,90,95,0,82,9,0,0,0,96,90,0,92,5,0,0,0,0,0,0,0,0,0,0,0,0,0,0,0,0,0,0,0,0,0,0,0
l18,0=0,0,0,0,0,0,0,69,0,0,96,0,0,0,0,89,95,97,0,98,0,0,72,0,0,0,0,0,0,0,0,0,0,0,1,0,0,4,0,0,94,0,0
l19,0=0,0,0,0,0,0,0,0,0,0,91,0,0,0,0,0,8,0,100,0,95,0,0,0,0,0,0,0,0,0,0,0,0,0,16,0,0,0,0,85,0,0,0
l20,0=0,0,0,0,0,0,0,0,0,0,31,0,0,0,0,0,0,0,0,78,0,84,99,87,89,97,0,26,59,90,85,92,0,0,91,90,97,99,28,0,85,95,86
l21,0=0,0,0,0,0,0,0,0,0,0,0,0,0,0,0,0,0,0,0,0,84,0,86,94,91,85,97,96,78,86,98,98,81,0,85,92,94,93,93,0,0,91,100
l22,0=0,0,0,0,0,0,0,0,0,0,3,0,0,0,0,0,0,0,32,0,97,88,0,62,98,69,8,100,0,4,95,97,0,77,99,94,99,100,0,0,87,95,89
l23,0=0,0,0,0,0,0,0,0,0,0,0,0,0,0,0,0,0,0,0,0,93,94,51,0,96,88,92,98,82,93,92,98,84,0,27,91,95,0,88,0,0,91,94
l24,0=0,0,0,0,0,0,0,0,0,0,0,0,0,0,0,0,0,0,0,0,76,0,91,93,0,88,95,99,28,84,93,94,28,57,89,100,95,98,88,70,0,95,90
l25,0=0,0,0,0,0,0,0,0,0,0,10,0,0,0,0,0,0,0,0,1,94,13,50,88,96,0,87,26,75,83,89,90,0,0,84,91,89,99,87,0,0,95,0
l26,0=0,0,0,0,0,0,0,0,0,0,0,0,0,0,0,0,0,0,0,0,90,95,25,93,98,87,0,96,88,91,93,98,58,0,85,94,94,93,91,0,0,93,100
l27,0=0,0,0,0,0,0,0,0,0,0,0,0,0,0,0,0,0,0,0,0,59,91,89,96,100,17,96,0,83,89,97,97,0,0,90,97,98,98,87,0,1,95,38
l28,0=0,0,0,0,0,0,0,0,0,0,0,0,0,0,0,0,0,0,0,0,76,88,0,93,83,83,97,92,0,93,93,68,85,0,85,91,82,0,99,0,0,0,100
l29,0=0,0,0,0,0,0,0,0,0,0,0,0,0,0,0,0,0,0,0,0,83,90,63,95,97,86,98,96,95,0,91,96,86,1,85,87,94,94,90,0,0,89,94
l30,0=0,0,0,0,0,0,0,0,0,0,0,0,0,0,0,0,0,0,0,0,4,97,88,93,96,87,95,96,84,85,0,93,86,0,85,91,94,93,90,0,0,81,92
l31,0=0,0,0,0,0,0,0,0,0,0,0,0,0,0,0,0,0,0,0,0,94,83,90,94,98,88,89,93,0,64,7,0,0,0,0,96,100,100,57,0,0,95,68
l32,0=0,52,49,8,0,0,0,0,0,0,0,0,0,0,0,0,0,0,0,0,0,70,0,92,72,3,92,0,83,90,88,26,0,0,0,0,0,0,83,0,0,0,0
l33,0=0,69,0,0,0,0,0,0,0,87,90,91,0,0,0,0,0,0,21,0,0,0,22,0,4,0,0,0,0,0,0,0,0,0,86,0,0,84,0,100,88,0,0
l34,0=0,0,0,0,0,0,0,0,0,0,0,0,0,0,0,0,0,0,0,10,97,88,100,88,99,77,93,96,78,88,86,42,0,59,0,95,100,100,89,0,81,83,70
l35,0=0,0,0,0,0,0,0,0,0,0,0,0,0,0,0,0,0,0,0,0,93,92,87,94,99,88,93,99,82,72,94,96,0,0,88,0,97,0,91,0,0,93,90
l36,0=0,0,0,0,0,0,0,0,0,0,24,0,0,0,0,0,0,0,0,63,94,91,98,87,99,88,91,98,80,89,90,99,1,0,97,94,0,99,90,65,85,96,96
l37,0=0,0,0,0,0,0,0,0,0,1,2,0,0,0,0,0,0,1,27,63,97,87,93,12,97,97,79,94,0,88,92,99,0,75,96,85,100,0,58,10,87,97,88
l38,0=0,0,0,0,0,0,0,0,0,0,0,0,0,0,0,0,0,0,0,0,62,96,1,93,96,87,96,82,95,90,96,93,82,0,85,91,94,0,0,0,0,92,99
l39,0=0,0,15,0,0,0,0,66,0,96,97,86,0,0,0,0,0,0,0,82,0,0,0,0,96,0,0,0,0,0,0,0,0,100,0,0,0,0,0,0,56,0,0
l40,0=0,0,0,0,0,0,0,57,36,51,15,0,0,0,0,1,0,0,99,80,31,0,74,0,22,0,0,80,0,0,0,84,0,92,79,0,83,97,0,88,0,86,0
l41,0=0,0,0,0,0,0,0,0,0,0,0,0,0,0,0,0,0,0,0,0,96,93,93,88,98,89,89,99,39,86,89,99,0,0,85,95,100,99,88,0,85,0,86
l42,0=0,0,0,0,0,0,0,0,0,0,0,0,0,0,0,0,0,0,0,0,93,97,86,93,97,87,99,73,84,85,95,68,0,0,85,92,95,96,89,0,0,88,0

l0,1=0,98,93,75,93,97,30,99,0,92,0,98,30,0,32,0,0,0,0,0,0,0,0,0,0,0,0,0,0,0,0,0,0,0,0,0,0,0,0,0,0,0,0
l1,1=99,0,94,86,88,92,27,0,1,92,90,88,0,78,0,0,0,0,0,0,0,0,0,0,0,0,0,0,0,0,0,0,4,0,0,0,0,0,0,80,0,0,0
l2,1=93,98,0,82,79,93,25,35,0,87,0,82,74,1,78,0,0,0,0,0,0,0,0,0,0,0,0,0,0,0,0,0,84,2,0,0,0,0,0,0,0,0,0
l3,1=69,98,99,0,0,89,36,0,0,93,5,70,82,81,42,0,0,0,0,0,0,0,0,0,0,0,0,0,0,0,0,0,0,0,0,0,0,0,0,0,0,0,0
l4,1=97,96,92,54,0,100,63,6,0,82,78,45,0,82,87,0,0,0,0,0,0,0,0,0,0,0,0,0,0,0,0,0,0,0,0,0,0,0,0,0,0,0,0
l5,1=94,95,0,57,93,0,96,84,30,82,99,87,77,86,87,0,0,0,0,0,0,0,0,0,0,0,0,0,0,0,0,0,0,0,0,0,0,0,0,0,0,0,0
l6,1=0,94,84,93,94,100,0,90,64,0,0,77,80,76,92,0,0,0,0,0,0,0,0,0,0,0,0,0,0,0,0,0,0,0,0,0,0,0,0,0,0,0,0
l7,1=95,54,0,0,5,61,80,0,99,86,56,97,0,0,0,56,38,99,2,0,0,0,0,0,0,0,0,0,0,0,0,0,0,0,0,0,0,0,0,74,0,0,0
l8,1=0,15,0,0,0,50,67,97,0,70,97,0,0,0,0,84,85,96,42,0,0,0,0,0,0,0,0,0,0,0,0,0,0,0,0,0,0,56,0,0,4,0,0
l9,1=79,83,86,95,86,87,0,93,82,0,98,98,73,0,0,0,0,0,54,0,0,0,0,0,0,0,0,0,0,0,0,0,0,82,0,0,0,0,0,99,26,0,0
l10,1=0,84,62,0,2,83,0,84,91,80,0,77,0,0,0,28,36,73,88,0,0,0,0,0,54,55,0,0,0,0,0,10,0,75,76,0,0,74,0,85,55,0,0
l11,1=78,71,84,57,48,86,73,96,0,92,99,0,0,0,0,0,0,0,85,0,0,0,0,0,0,0,0,0,0,0,0,0,0,79,0,0,0,0,0,89,0,0,0
l12,1=20,38,86,63,0,69,23,0,0,75,0,0,0,97,80,0,0,0,0,0,0,0,0,0,0,0,0,0,0,0,0,0,0,0,0,0,0,0,0,0,0,0,0
l13,1=0,84,63,46,24,95,27,0,0,0,0,0,100,0,100,0,0,0,0,0,0,0,0,0,0,0,0,0,0,0,0,0,0,0,0,0,0,0,0,0,0,0,0
l14,1=30,35,0,49,77,90,79,0,0,0,0,0,41,100,0,0,0,0,0,0,0,0,0,0,0,0,0,0,0,0,0,0,0,0,0,0,0,0,0,0,0,0,0
l15,1=0,0,0,0,0,0,0,0,87,0,2,0,0,0,0,0,89,98,62,0,0,0,0,0,0,0,0,0,0,0,0,0,0,0,0,0,0,12,0,0,0,0,0
l16,1=0,0,0,0,0,0,0,2,0,0,73,0,0,0,0,96,0,98,35,0,0,0,0,0,0,0,0,0,0,0,0,0,0,0,0,0,0,0,0,0,0,0,0
l17,1=0,0,0,0,0,0,0,78,36,0,22,8,0,0,0,96,91,0,85,64,0,0,0,0,0,0,0,0,0,0,0,0,0,0,0,0,0,64,0,0,0,0,0
l18,1=0,0,0,0,0,0,0,0,0,0,78,16,0,0,0,23,44,84,0,94,88,0,0,0,0,0,0,0,0,0,0,0,0,0,0,0,0,84,0,0,91,0,0
l19,1=0,0,0,0,0,0,0,0,0,0,50,0,0,0,0,0,10,0,98,0,58,0,13,0,0,0,0,0,0,0,0,0,0,44,0,0,0,0,0,80,58,0,0
l20,1=0,0,0,0,0,0,0,0,0,0,0,0,0,0,0,0,0,0,52,62,0,79,99,55,96,83,76,71,0,38,75,81,0,18,88,77,99,99,0,1,54,94,0
l21,1=0,0,0,0,0,0,0,0,0,0,0,0,0,0,0,0,0,0,0,0,82,0,88,99,97,88,91,92,87,98,98,92,87,0,73,90,93,75,95,0,0,89,98
l22,1=0,0,0,0,0,0,0,0,0,0,0,0,0,0,0,0,0,0,0,22,90,84,0,1,95,80,81,75,0,0,0,86,0,0,89,83,98,99,89,0,74,68,82
l23,1=0,0,0,0,0,0,0,0,0,0,0,0,0,0,0,0,0,0,0,0,72,94,3,0,96,88,91,92,83,97,98,93,69,0,71,91,95,96,94,0,0,77,98
l24,1=0,0,0,0,0,0,0,0,0,0,0,0,0,0,0,0,0,0,0,0,85,87,92,83,0,89,85,93,82,98,87,94,30,47,88,92,99,95,86,0,0,95,99
l25,1=0,0,0,0,0,0,0,0,0,0,21,0,0,0,0,0,0,0,30,10,73,87,93,89,95,0,64,92,82,12,92,82,22,0,83,82,94,95,92,0,52,95,97
l26,1=0,0,0,0,0,0,0,0,0,0,0,0,0,0,0,0,0,0,0,0,81,96,89,99,96,78,0,83,87,98,98,74,14,0,81,80,95,94,93,0,0,94,99
l27,1=0,0,0,0,0,0,0,0,0,0,0,0,0,0,0,0,0,0,0,0,85,95,92,99,97,82,83,0,81,95,98,93,1,0,88,93,94,97,87,0,3,95,98
l28,1=0,0,0,0,0,0,0,0,0,0,0,0,0,0,0,0,0,0,0,0,0,91,66,97,95,87,90,86,0,96,97,71,81,0,0,91,70,0,94,0,0,84,98
l29,1=0,0,0,0,0,0,0,0,0,0,0,0,0,0,0,0,0,0,0,0,12,94,0,98,97,0,88,82,85,0,85,83,77,0,77,73,89,0,94,0,0,82,84
l30,1=0,0,0,0,0,0,0,0,0,0,0,0,0,0,0,0,0,0,0,0,48,94,0,99,97,88,91,88,88,91,0,82,61,0,83,91,95,92,96,0,0,0,96
l31,1=0,0,0,0,0,0,0,0,0,0,0,0,0,0,0,0,0,0,0,0,85,89,89,93,97,76,0,93,0,94,19,0,0,0,87,92,97,97,0,0,1,95,0
l32,1=0,29,47,2,0,0,0,0,0,0,0,0,0,0,0,0,0,0,0,0,0,77,0,30,6,68,62,0,45,57,74,0,0,0,0,0,19,0,1,0,0,0,0
l33,1=0,0,0,0,0,0,0,0,0,65,64,71,0,0,0,0,0,0,0,11,0,0,0,0,49,0,0,0,0,0,0,0,0,0,49,0,68,75,0,100,60,0,0
l34,1=0,0,0,0,0,0,0,0,0,2,13,0,0,0,0,0,0,0,12,10,93,57,95,23,97,78,74,95,0,83,93,95,47,49,0,92,95,97,85,16,52,91,40
l35,1=0,0,0,0,0,0,0,0,0,0,0,0,0,0,0,0,0,0,0,0,27,91,95,95,99,89,80,95,88,53,98,90,1,0,88,0,95,96,92,0,0,95,96
l36,1=0,0,0,0,0,0,0,0,0,0,0,0,0,0,0,0,0,0,20,0,92,85,93,98,99,88,83,93,63,88,96,96,47,47,86,87,0,97,92,19,51,95,93
l37,1=0,0,0,0,0,0,0,0,0,0,50,0,0,0,0,16,0,46,73,16,97,77,98,94,95,88,81,86,0,64,88,99,0,64,86,83,98,0,81,62,85,94,77
l38,1=0,0,0,0,0,0,0,0,0,0,0,0,0,0,0,0,0,0,0,0,2,93,75,99,93,89,90,79,87,97,98,7,31,0,73,87,94,86,0,0,0,68,98
l39,1=0,35,1,0,0,0,0,42,1,70,56,69,0,0,0,0,0,0,5,11,0,0,0,0,0,28,0,0,0,0,0,0,0,99,0,0,0,53,0,0,77,0,0
l40,1=0,1,0,0,0,0,0,0,34,5,75,1,0,0,0,0,4,0,91,73,63,0,93,0,0,0,0,4,0,0,0,87,0,77,78,0,94,87,0,91,0,91,0
l41,1=0,0,0,0,0,0,0,0,0,0,0,0,0,0,0,0,0,0,0,0,86,74,84,73,96,89,85,93,0,84,92,98,0,0,86,90,95,97,87,0,78,0,97
l42,1=0,0,0,0,0,0,0,0,0,0,0,0,0,0,0,0,0,0,0,0,38,93,91,99,97,80,91,92,88,97,96,33,66,46,75,88,93,96,94,0,0,94,0

l0,2=0,97,91,91,71,85,0,77,0,95,98,73,47,0,0,0,0,0,0,0,0,0,0,0,0,0,0,0,0,0,0,0,0,0,0,0,0,0,0,0,0,0,0
l1,2=97,0,73,96,82,84,14,0,22,95,88,88,0,0,0,0,0,0,0,0,0,0,0,0,0,0,0,0,0,0,0,0,11,0,0,0,0,0,0,87,0,0,0
l2,2=94,53,0,93,83,94,3,0,0,95,83,87,57,0,0,0,0,0,0,0,0,0,0,0,0,0,0,0,0,0,0,0,93,0,0,0,0,0,0,0,0,0,0
l3,2=79,99,79,0,76,80,8,0,0,87,0,7,94,89,0,0,0,0,0,0,0,0,0,0,0,0,0,0,0,0,0,0,0,0,0,0,0,0,0,0,0,0,0
l4,2=91,94,95,87,0,100,7,77,80,88,6,73,53,85,13,0,0,0,0,0,0,0,0,0,0,0,0,0,0,0,0,0,0,0,0,0,0,0,0,0,0,0,0
l5,2=67,96,90,79,85,0,97,74,56,91,90,28,13,86,96,0,0,0,0,0,0,0,0,0,0,0,0,0,0,0,0,0,0,0,0,0,0,0,0,0,0,0,0
l6,2=74,93,83,95,84,100,0,9,0,90,0,89,0,87,97,0,0,0,0,0,0,0,0,0,0,0,0,0,0,0,0,0,0,0,0,0,0,0,0,0,0,0,0
l7,2=75,0,0,0,72,69,45,0,99,92,96,94,0,0,0,38,84,99,0,0,0,0,0,0,0,0,0,0,0,0,0,0,0,6,0,0,0,0,0,66,0,0,0
l8,2=0,55,0,0,39,46,0,97,0,82,93,0,0,0,0,93,1,72,33,6,0,0,0,0,0,0,0,0,0,0,0,0,0,0,0,0,0,0,0,60,48,0,0
l9,2=81,96,90,95,81,94,5,93,95,0,85,94,31,0,0,0,0,0,35,0,0,0,0,0,0,0,0,0,0,0,0,0,0,90,0,0,0,0,0,0,1,0,0
l10,2=68,38,55,58,46,85,29,92,82,82,0,94,0,0,0,0,41,74,95,0,0,0,0,0,0,65,0,0,0,0,0,0,0,39,89,0,0,84,0,87,60,0,0
l11,2=69,65,83,3,74,85,88,94,1,96,98,0,0,0,0,0,0,0,0,0,0,0,0,0,0,0,0,0,0,0,0,0,0,0,0,0,0,0,0,86,80,0,0
l12,2=37,0,95,96,67,0,0,0,0,0,0,0,0,98,0,0,0,0,0,0,0,0,0,0,0,0,0,0,0,0,0,0,0,0,0,0,0,0,0,0,0,0,0
l13,2=0,0,0,93,50,99,10,0,0,0,0,0,99,0,100,0,0,0,0,0,0,0,0,0,0,0,0,0,0,0,0,0,0,0,0,0,0,0,0,0,0,0,0
l14,2=3,10,62,72,6,99,6,0,0,0,0,0,18,98,0,0,0,0,0,0,0,0,0,0,0,0,0,0,0,0,0,0,0,0,0,0,0,0,0,0,0,0,0
l15,2=0,0,0,0,0,0,0,76,79,0,68,0,0,0,0,0,90,99,0,0,0,0,0,0,0,0,0,0,0,0,0,0,0,0,0,0,0,0,0,0,0,0,0
l16,2=0,0,0,0,0,0,0,84,0,0,51,0,0,0,0,94,0,99,0,49,0,0,0,0,0,0,0,0,0,0,0,0,0,0,0,0,0,0,0,0,0,0,0
l17,2=0,0,0,0,0,0,0,71,2,0,93,0,0,0,0,94,86,0,96,76,0,0,0,0,0,0,0,0,0,0,0,0,0,0,0,0,0,0,0,0,71,0,0
l18,2=0,0,0,0,0,0,0,0,0,0,89,0,0,0,0,0,0,96,0,96,0,0,0,0,0,0,0,0,0,0,0,0,0,0,0,0,0,59,0,0,1,0,0
l19,2=0,0,0,0,0,0,0,0,0,0,55,0,0,0,0,0,49,92,100,0,61,0,0,0,0,0,0,0,0,0,0,0,0,21,0,0,0,64,0,0,74,0,0
l20,2=0,0,0,0,0,0,0,0,0,0,2,0,0,0,0,0,0,0,35,1,0,66,99,84,61,88,70,90,0,61,4,97,0,5,89,0,95,98,35,46,72,89,0
l21,2=0,0,0,0,0,0,0,0,0,0,0,0,0,0,0,0,0,0,0,0,80,0,67,95,98,92,84,77,86,98,100,93,82,0,85,88,98,91,99,0,0,0,96
l22,2=0,0,0,0,0,0,0,0,0,0,0,0,0,0,0,0,0,0,0,0,88,70,0,18,100,92,69,97,0,76,16,90,0,0,93,76,85,97,0,0,60,83,95
l23,2=0,0,0,0,0,0,0,0,0,0,0,0,0,0,0,0,0,0,0,0,43,97,69,0,96,86,84,94,85,84,97,93,26,0,0,88,98,60,95,0,0,93,95
l24,2=0,0,0,0,0,0,0,0,0,0,0,0,0,0,0,0,0,0,0,0,68,95,96,91,0,70,73,97,80,89,73,97,48,0,88,91,100,78,95,28,7,95,89
l25,2=0,0,0,0,0,0,0,0,0,0,0,0,0,0,0,0,0,0,20,0,83,92,91,83,98,0,67,97,68,55,92,91,0,0,88,75,89,96,99,52,66,95,0
l26,2=0,0,0,0,0,0,0,0,0,0,0,0,0,0,0,0,0,0,0,0,35,98,84,94,94,44,0,97,85,98,98,0,87,0,84,90,97,89,98,0,0,86,99
l27,2=0,0,0,0,0,0,0,0,0,0,0,0,0,0,0,0,0,0,0,0,83,63,91,93,100,94,85,0,71,98,94,94,0,0,88,90,85,94,98,0,0,91,75
l28,2=0,0,0,0,0,0,0,0,0,0,0,0,0,0,0,0,0,0,0,0,0,95,10,88,90,90,83,70,0,87,91,0,89,0,0,88,86,73,100,0,0,54,84
l29,2=0,0,0,0,0,0,0,0,0,0,0,0,0,0,0,0,0,0,0,0,1,96,69,94,95,87,85,89,85,0,90,6,38,0,81,86,91,68,93,0,0,83,96
l30,2=0,0,0,0,0,0,0,0,0,0,0,0,0,0,0,0,0,0,0,0,11,98,42,96,74,93,85,96,85,89,0,0,81,0,84,90,98,82,100,0,0,89,96
l31,2=0,0,0,0,0,0,0,0,0,0,0,0,0,0,0,0,0,0,0,0,88,97,89,84,100,94,0,97,0,0,76,0,0,0,89,0,100,97,0,0,0,99,91
l32,2=0,10,74,30,0,0,0,0,0,0,0,0,0,0,0,0,0,0,0,0,0,11,0,0,68,0,61,0,75,0,87,72,0,0,0,10,0,0,89,0,0,0,15
l33,2=0,3,6,0,0,0,0,0,0,37,59,0,0,0,0,0,0,0,0,8,0,0,0,0,0,0,0,0,0,0,0,0,0,0,0,0,0,74,0,100,52,0,0
l34,2=0,0,0,0,0,0,0,0,0,0,46,0,0,0,0,0,0,0,8,0,87,77,100,17,100,91,71,96,59,59,85,85,0,0,0,81,92,97,53,72,51,90,21
l35,2=0,0,0,0,0,0,0,0,0,0,0,0,0,0,0,0,0,0,11,0,82,93,86,95,100,86,85,97,76,97,92,50,63,0,88,0,93,93,98,4,0,89,96
l36,2=0,0,0,0,0,0,0,0,0,0,0,0,0,0,0,0,0,0,53,48,83,94,86,95,100,90,80,75,83,98,94,94,57,0,88,85,0,97,93,56,47,89,95
l37,2=0,0,0,0,0,0,0,0,0,0,11,0,0,0,0,0,0,0,79,0,88,51,87,7,78,95,66,90,0,13,3,95,0,35,88,65,89,0,0,0,77,97,7
l38,2=0,0,0,0,0,0,0,0,0,0,0,0,0,0,0,0,0,0,0,0,12,98,0,92,95,93,83,95,87,88,97,61,83,0,80,88,91,0,0,0,0,0,96
l39,2=0,16,39,0,0,0,0,1,1,38,74,77,0,0,0,0,0,0,0,0,18,0,0,0,46,15,0,0,0,0,0,0,0,100,69,0,20,0,0,0,72,0,0
l40,2=0,0,0,0,0,0,0,12,1,64,71,71,0,0,0,0,0,90,82,82,89,0,85,0,0,87,0,0,0,0,0,70,0,79,84,0,72,88,0,85,0,0,0
l41,2=0,0,0,0,0,0,0,0,0,0,0,0,0,0,0,0,0,0,3,0,31,0,0,95,100,95,74,97,1,69,77,99,0,0,85,73,87,97,0,0,0,0,94
l42,2=0,0,0,0,0,0,0,0,0,0,0,0,0,0,0,0,0,0,0,0,41,98,92,85,97,78,87,86,83,98,91,90,54,0,84,90,98,91,96,0,0,93,0

l0,3=0,98,99,96,78,92,0,93,45,94,98,77,95,0,0,0,0,0,0,0,0,0,0,0,0,0,0,0,0,0,0,0,0,0,0,0,0,0,0,0,0,0,0
l1,3=100,0,99,100,81,95,91,93,0,95,63,89,25,0,0,0,0,0,0,0,0,0,0,0,0,0,0,0,0,0,0,0,0,13,0,0,0,0,0,0,0,0,0
l2,3=100,99,0,98,91,93,92,19,0,95,89,97,99,0,86,0,0,0,0,0,0,0,0,0,0,0,0,0,0,0,0,0,93,0,0,0,0,0,0,0,0,0,0
l3,3=95,100,96,0,97,94,90,0,0,95,78,0,100,96,46,0,0,0,0,0,0,0,0,0,0,0,0,0,0,0,0,0,0,0,0,0,0,0,0,0,0,0,0
l4,3=93,98,99,98,0,100,85,89,5,72,0,0,0,0,91,0,0,0,0,0,0,0,0,0,0,0,0,0,0,0,0,0,0,0,0,0,0,0,0,0,0,0,0
l5,3=87,98,97,96,90,0,92,4,0,0,90,72,0,87,93,0,0,0,0,0,0,0,0,0,0,0,0,0,0,0,0,0,0,0,0,0,0,0,0,0,0,0,0
l6,3=0,97,94,96,76,99,0,93,94,94,98,0,0,89,88,0,0,0,0,0,0,0,0,0,0,0,0,0,0,0,0,0,0,0,0,0,0,0,0,0,0,0,0
l7,3=90,94,2,0,0,0,79,0,100,97,99,74,25,0,0,86,90,12,0,0,0,0,0,0,0,0,0,0,0,0,0,0,0,70,0,0,0,0,0,91,63,0,0
l8,3=26,0,2,0,0,7,67,97,0,89,1,36,0,0,0,96,96,92,0,0,0,0,0,0,0,0,0,0,0,0,0,0,0,0,0,0,0,21,0,0,0,0,0
l9,3=76,100,98,95,53,92,90,95,93,0,100,37,73,0,0,0,0,0,0,53,0,0,0,0,0,0,0,0,0,0,0,0,0,86,0,0,0,0,0,92,85,0,0
l10,3=89,36,89,86,0,89,88,96,91,97,0,80,0,0,0,95,0,2,0,93,29,0,0,0,93,8,0,0,0,0,0,0,0,89,78,0,0,0,0,98,84,0,0
l11,3=95,98,95,0,0,65,0,97,0,88,99,0,0,0,0,0,0,6,0,41,0,0,0,0,0,0,0,0,0,0,0,0,0,35,0,0,0,0,0,97,81,0,0
l12,3=92,0,93,100,0,0,0,0,0,0,0,0,0,100,100,0,0,0,0,0,0,0,0,0,0,0,0,0,0,0,0,0,0,0,0,0,0,0,0,0,0,0,0
l13,3=0,85,87,14,0,73,94,0,0,0,0,0,100,0,100,0,0,0,0,0,0,0,0,0,0,0,0,0,0,0,0,0,0,0,0,0,0,0,0,0,0,0,0
l14,3=1,6,89,86,86,99,95,0,0,0,0,0,100,100,0,0,0,0,0,0,0,0,0,0,0,0,0,0,0,0,0,0,0,0,0,0,0,0,0,0,0,0,0
l15,3=0,0,0,0,0,0,0,51,91,0,79,0,0,0,0,0,95,97,0,0,0,0,0,0,0,0,0,0,0,0,0,0,0,0,0,0,0,0,0,0,0,0,0
l16,3=0,0,0,0,0,0,0,32,92,0,0,0,0,0,0,100,0,99,0,0,0,0,0,0,0,0,0,0,0,0,0,0,0,0,0,0,0,0,0,0,0,0,0
l17,3=0,0,0,0,0,0,0,78,71,0,61,15,0,0,0,95,98,0,0,34,0,0,0,0,0,0,0,0,0,0,0,0,0,0,0,0,0,62,0,0,0,0,0
l18,3=0,0,0,0,0,0,0,0,0,0,98,0,0,0,0,74,21,0,0,99,94,0,0,0,0,0,0,0,0,0,0,0,0,61,0,0,0,96,0,0,99,0,0
l19,3=0,0,0,0,0,0,0,0,0,0,94,0,0,0,0,0,0,69,0,0,94,0,0,0,0,0,0,0,0,0,0,39,0,10,0,0,0,97,0,0,99,0,0
l20,3=0,0,0,0,0,0,0,0,0,0,71,0,0,0,0,0,0,0,0,83,0,93,100,86,98,72,43,77,0,96,0,88,0,54,100,100,96,100,0,72,84,1,99
l21,3=0,0,0,0,0,0,0,0,0,0,0,0,0,0,0,0,0,0,0,0,89,0,78,95,89,80,92,78,96,97,100,79,85,0,85,89,82,0,84,0,0,88,99
l22,3=0,0,0,0,0,0,0,0,0,0,11,0,0,0,0,0,0,0,0,0,96,87,0,0,100,81,14,94,0,96,92,94,0,0,100,99,98,100,93,0,80,95,91
l23,3=0,0,0,0,0,0,0,0,0,0,0,0,0,0,0,0,0,0,0,0,67,97,0,0,99,86,94,79,85,97,98,88,78,0,80,87,84,92,94,0,0,89,95
l24,3=0,0,0,0,0,0,0,0,0,0,2,0,0,0,0,0,0,0,0,0,89,14,86,100,0,89,78,80,85,98,85,82,0,81,90,84,96,94,93,82,0,91,92
l25,3=0,0,0,0,0,0,0,0,0,0,0,0,0,0,0,0,0,0,0,0,92,94,75,100,97,0,70,93,87,91,85,82,25,0,93,99,87,89,84,0,87,91,89
l26,3=0,0,0,0,0,0,0,0,0,0,0,0,0,0,0,0,0,0,0,0,0,100,77,99,96,79,0,87,98,100,88,78,81,0,88,92,85,91,98,0,0,82,100
l27,3=0,0,0,0,0,0,0,0,0,0,0,0,0,0,0,0,0,0,0,0,50,94,84,99,12,99,83,0,10,94,93,83,0,0,91,99,95,94,79,0,0,94,96
l28,3=0,0,0,0,0,0,0,0,0,0,0,0,0,0,0,0,0,0,0,0,0,95,49,89,88,77,94,65,0,97,97,0,92,0,7,87,79,81,99,0,0,84,98
l29,3=0,0,0,0,0,0,0,0,0,0,0,0,0,0,0,0,0,0,0,0,0,95,74,96,97,79,93,79,84,0,89,78,80,6,65,59,81,92,91,0,0,41,93
l30,3=0,0,0,0,0,0,0,0,0,0,0,0,0,0,0,0,0,0,0,0,34,100,79,97,95,79,84,83,98,96,0,0,84,0,82,87,81,92,100,0,0,83,90
l31,3=0,0,0,0,0,0,0,0,0,0,0,0,0,0,0,0,0,0,0,0,93,62,84,100,99,97,0,91,0,93,0,0,0,0,87,91,99,95,86,0,0,94,99
l32,3=0,0,71,3,0,0,0,0,0,0,0,0,0,0,0,0,0,0,0,0,0,82,0,82,0,27,85,4,89,0,84,0,0,0,1,75,0,0,86,0,0,0,0
l33,3=0,61,0,0,0,0,0,0,0,93,99,75,0,0,0,0,0,0,0,68,45,0,0,0,99,0,0,0,0,0,0,0,0,0,99,1,0,90,0,100,100,0,0
l34,3=0,0,0,0,0,0,0,0,0,0,9,1,0,0,0,0,0,0,0,16,100,100,100,76,100,95,78,67,87,93,86,85,0,86,0,94,97,100,31,90,0,94,99
l35,3=0,0,0,0,0,0,0,0,0,0,0,0,0,0,0,0,0,0,0,0,92,99,0,98,99,100,88,92,89,96,93,82,79,7,91,0,94,94,82,0,0,94,96
l36,3=0,0,0,0,0,0,0,0,0,0,0,0,0,0,0,0,0,0,0,0,91,95,100,99,100,82,89,95,86,98,89,97,0,0,98,96,0,92,85,0,0,92,98
l37,3=0,0,0,0,0,0,0,0,30,0,13,0,0,0,0,0,8,27,0,64,100,88,100,86,99,98,68,93,0,95,89,89,0,78,97,93,90,0,53,14,93,96,85
l38,3=0,0,0,0,0,0,0,0,0,0,0,0,0,0,0,0,0,0,0,0,61,94,76,93,97,82,95,74,98,98,97,80,80,0,13,87,80,48,0,0,0,83,99
l39,3=21,0,0,0,0,0,0,91,0,99,100,67,0,0,0,0,0,0,0,3,91,0,0,0,77,0,0,0,0,0,0,0,0,100,100,0,0,0,0,0,89,0,0
l40,3=0,0,0,0,0,0,0,37,0,92,10,73,0,0,0,0,0,80,0,88,0,0,91,0,16,71,0,0,0,0,0,0,0,96,59,0,0,97,0,95,0,84,0
l41,3=0,0,0,0,0,0,0,0,0,0,0,0,0,0,0,0,0,0,0,0,97,94,82,0,99,96,73,91,85,78,83,97,0,0,94,100,82,99,78,0,86,0,98
l42,3=0,0,0,0,0,0,0,0,0,0,0,0,0,0,0,0,0,0,0,0,90,94,0,99,88,79,100,80,89,94,86,84,0,0,83,87,81,93,98,0,0,91,0

l0,4=0,100,100,65,99,70,96,94,87,89,88,100,98,0,0,0,0,0,0,0,0,0,0,0,0,0,0,0,0,0,0,0,0,0,0,0,0,0,0,0,0,0,0
l1,4=100,0,100,99,94,98,97,95,0,99,98,100,87,0,0,0,0,0,0,0,0,0,0,0,0,0,0,0,0,0,0,0,0,0,0,0,0,0,0,5,68,0,0
l2,4=100,100,0,100,100,96,96,96,0,91,77,100,99,88,40,0,0,0,0,0,0,0,0,0,0,0,0,0,0,0,0,0,2,0,0,0,0,0,0,57,0,0,0
l3,4=1,94,100,0,0,97,0,0,0,91,8,11,100,96,0,0,0,0,0,0,0,0,0,0,0,0,0,0,0,0,0,0,0,0,0,0,0,0,0,0,0,0,0
l4,4=100,94,100,0,0,97,96,0,85,90,0,92,94,100,0,0,0,0,0,0,0,0,0,0,0,0,0,0,0,0,0,0,0,0,0,0,0,0,0,0,0,0,0
l5,4=92,98,98,99,0,0,100,93,1,95,90,97,94,96,100,0,0,0,0,0,0,0,0,0,0,0,0,0,0,0,0,0,0,0,0,0,0,0,0,0,0,0,0
l6,4=99,96,98,0,99,100,0,92,7,95,91,95,91,1,100,0,0,0,0,0,0,0,0,0,0,0,0,0,0,0,0,0,0,0,0,0,0,0,0,0,0,0,0
l7,4=98,95,96,0,0,99,89,0,99,45,100,99,0,0,0,15,96,92,77,35,0,0,0,0,0,0,0,0,0,0,0,0,0,0,0,0,0,0,0,94,87,0,0
l8,4=58,0,0,0,40,1,22,97,0,67,83,77,0,0,0,98,97,89,76,0,0,0,0,0,0,0,0,0,0,0,0,0,0,0,0,0,0,0,0,0,0,0,0
l9,4=99,99,100,100,98,97,98,95,88,0,100,100,4,0,0,0,0,6,81,0,0,0,0,0,0,0,0,0,0,0,0,0,0,0,0,0,0,0,0,99,97,0,0
l10,4=76,97,98,92,2,91,98,99,97,99,0,100,0,0,0,0,0,93,100,0,3,0,2,0,4,0,0,0,0,0,0,0,0,95,94,0,0,54,0,99,82,0,0
l11,4=99,98,100,0,97,99,96,99,96,99,100,0,0,0,0,0,0,0,0,0,0,0,0,0,0,0,0,0,0,0,0,0,0,0,0,0,0,0,0,88,69,0,0
l12,4=87,89,97,100,5,0,0,0,0,0,0,0,0,100,100,0,0,0,0,0,0,0,0,0,0,0,0,0,0,0,0,0,0,0,0,0,0,0,0,0,0,0,0
l13,4=0,0,96,100,98,96,94,0,0,0,0,0,100,0,100,0,0,0,0,0,0,0,0,0,0,0,0,0,0,0,0,0,0,0,0,0,0,0,0,0,0,0,0
l14,4=0,16,70,88,95,97,100,0,0,55,0,0,100,100,0,0,0,0,0,0,0,0,0,0,0,0,0,0,0,0,0,0,0,0,0,0,0,0,0,0,0,0,0
l15,4=0,0,0,0,0,0,0,85,97,0,84,0,0,0,0,0,100,94,0,0,0,0,0,0,0,0,0,0,0,0,0,0,0,0,0,0,0,0,0,0,0,0,0
l16,4=0,0,0,0,0,0,0,0,98,0,0,0,0,0,0,100,0,99,90,0,0,0,0,0,0,0,0,0,0,0,0,0,0,0,0,0,0,0,0,0,0,0,0
l17,4=0,0,0,0,0,0,0,70,96,0,87,0,0,0,0,92,97,0,0,90,0,0,0,0,0,0,0,0,0,0,0,0,0,0,0,0,0,33,0,0,10,0,0
l18,4=0,0,0,0,0,0,0,36,68,36,100,0,0,0,0,0,100,0,0,99,98,0,89,0,0,82,0,0,0,0,0,0,0,0,16,0,0,100,0,0,98,0,0
l19,4=0,0,0,0,0,0,0,0,0,0,0,0,0,0,0,0,14,99,100,0,99,0,0,0,0,0,0,0,0,0,0,0,0,7,0,0,89,0,0,0,91,0,0
l20,4=0,0,0,0,0,0,0,0,0,0,92,0,0,0,0,0,0,0,98,82,0,96,100,100,99,99,16,99,0,93,97,100,0,10,100,99,100,100,64,57,98,100,98
l21,4=0,0,0,0,0,0,0,0,0,0,0,0,0,0,0,0,0,0,0,0,87,0,81,96,99,97,100,84,99,88,100,84,80,0,94,98,95,85,100,0,0,91,92
l22,4=0,0,0,0,0,0,0,0,0,0,0,0,0,0,0,0,0,0,97,0,100,96,0,98,100,99,0,21,0,93,0,35,0,0,100,47,100,98,0,0,8,98,98
l23,4=0,0,0,0,0,0,0,0,0,0,0,0,0,0,0,0,0,0,0,0,90,87,82,0,95,98,95,87,93,96,93,85,85,0,94,92,98,79,96,0,0,91,100
l24,4=0,0,0,0,0,0,0,0,0,0,0,0,0,0,0,0,0,0,0,0,95,95,100,100,0,99,100,96,92,96,99,84,0,81,100,99,100,81,100,0,88,91,100
l25,4=0,0,0,0,0,0,0,0,0,0,0,0,0,0,0,0,0,0,2,0,92,96,98,100,99,0,66,96,80,94,6,83,0,0,0,99,98,98,91,0,0,100,85
l26,4=0,0,0,0,0,0,0,0,0,0,0,0,0,0,0,0,0,0,0,0,0,95,1,97,99,93,0,97,93,98,99,86,81,0,99,97,100,89,100,0,0,98,100
l27,4=0,0,0,0,0,0,0,0,0,0,0,0,0,0,0,0,0,0,0,0,99,86,0,100,99,100,100,0,92,92,99,95,0,0,98,99,98,95,96,0,0,100,96
l28,4=0,0,0,0,0,0,0,0,0,0,0,0,0,0,0,0,0,0,0,0,0,95,0,96,95,80,98,88,0,95,96,0,89,0,87,99,82,1,0,0,0,0,98
l29,4=0,0,0,0,0,0,0,0,0,0,0,0,0,0,0,0,0,0,0,0,81,87,75,96,94,89,94,79,94,0,88,80,87,0,0,92,94,72,91,0,0,76,91
l30,4=0,0,0,0,0,0,0,0,0,0,0,0,0,0,0,0,0,0,0,0,89,100,0,100,94,90,100,89,93,87,0,82,87,0,94,92,91,83,100,0,0,0,100
l31,4=0,0,0,0,0,0,0,0,0,0,0,0,0,0,0,0,0,0,0,0,98,90,86,99,36,98,89,96,0,95,93,0,0,0,99,99,100,72,49,0,0,48,100
l32,4=0,3,71,62,0,0,0,0,0,0,0,0,0,0,0,0,0,0,0,0,0,82,0,83,0,0,68,0,87,80,88,0,0,0,0,0,0,0,96,0,0,0,0
l33,4=0,97,0,0,0,0,0,0,0,98,99,100,0,0,0,0,0,0,60,96,94,0,15,0,99,0,0,0,0,0,0,0,0,0,99,22,0,99,0,100,97,0,0
l34,4=0,0,0,0,0,0,0,0,0,0,91,0,0,0,0,0,0,0,91,0,94,96,100,94,100,98,98,96,91,96,99,99,0,85,0,99,100,99,92,96,90,100,99
l35,4=0,0,0,0,0,0,0,0,0,0,0,0,0,0,0,0,0,0,0,0,99,97,74,97,100,100,1,98,95,96,97,88,0,0,100,0,100,95,100,0,0,100,100
l36,4=0,0,0,0,0,0,0,0,0,0,1,0,0,0,0,0,0,0,69,74,100,91,99,100,100,99,100,98,13,99,97,100,0,0,99,99,0,99,97,0,85,86,95
l37,4=0,0,0,0,0,0,0,0,0,0,69,0,0,0,0,0,1,17,98,33,100,90,99,96,94,99,96,98,0,3,95,100,0,93,99,99,97,0,89,83,96,96,98
l38,4=0,0,0,0,0,0,0,0,0,0,0,0,0,0,0,0,0,0,0,0,37,98,78,91,99,88,100,84,99,88,99,74,88,0,78,98,84,70,0,0,0,89,100
l39,4=0,95,0,0,0,0,0,98,0,100,100,87,0,0,0,0,0,0,0,97,0,0,72,0,0,0,0,0,0,0,0,0,0,100,99,0,0,10,0,0,97,0,0
l40,4=0,55,0,0,0,0,0,74,0,69,21,0,0,0,0,0,74,0,100,92,97,0,0,0,69,27,0,0,0,0,0,3,0,98,98,0,90,100,0,94,0,72,0
l41,4=0,0,0,0,0,0,0,0,0,0,0,0,0,0,0,0,0,0,60,0,99,97,92,98,99,99,94,100,0,0,89,90,0,0,99,99,58,96,93,0,82,0,100
l42,4=0,0,0,0,0,0,0,0,0,0,0,0,0,0,0,0,0,0,0,0,73,80,82,100,100,94,100,87,94,87,99,85,0,0,94,99,91,88,100,0,0,91,0

l0,5=0,98,94,99,97,94,0,92,0,90,95,96,93,0,0,0,0,0,0,0,0,0,0,0,0,0,0,0,0,0,0,0,0,0,0,0,0,0,0,0,0,0,0
l1,5=94,0,94,97,97,97,87,92,0,94,95,96,91,86,0,0,0,0,85,0,0,0,0,0,0,0,0,0,0,0,0,0,79,0,0,0,0,0,0,70,0,0,0
l2,5=96,98,0,100,97,100,81,79,0,96,95,95,93,30,9,0,0,0,0,0,0,0,0,0,0,0,0,0,0,0,0,0,0,31,0,0,0,0,0,0,0,0,0
l3,5=95,98,94,0,97,96,83,0,0,97,0,0,82,95,0,0,0,0,0,0,0,0,0,0,0,0,0,0,0,0,0,0,0,0,0,0,0,0,0,0,0,0,0
l4,5=96,98,94,99,0,100,92,88,0,93,93,2,91,94,2,0,0,0,0,0,0,0,0,0,0,0,0,0,0,0,0,0,0,0,0,0,0,0,0,0,0,0,0
l5,5=94,98,95,99,99,0,99,2,0,82,94,96,90,75,94,0,0,0,0,0,0,0,0,0,0,0,0,0,0,0,0,0,0,0,0,0,0,0,0,0,0,0,0
l6,5=56,95,92,95,96,100,0,93,0,88,97,96,0,76,94,0,0,0,0,0,0,0,0,0,0,0,0,0,0,0,0,0,0,0,0,0,0,0,0,0,0,0,0
l7,5=92,89,67,0,64,93,89,0,100,90,97,96,0,0,0,84,0,89,0,83,0,0,0,0,0,0,0,0,0,0,0,0,0,21,0,0,0,28,0,91,84,0,0
l8,5=1,0,0,0,0,85,0,94,0,79,97,86,0,0,0,85,86,31,0,0,0,0,0,0,0,0,0,0,0,0,0,0,0,0,0,0,0,0,0,0,0,0,0
l9,5=95,95,94,89,92,89,67,94,88,0,100,98,0,0,0,0,5,15,0,0,0,0,0,0,0,0,0,0,0,0,0,0,0,83,0,0,0,0,0,85,47,0,0
l10,5=91,93,70,1,82,91,89,95,95,94,0,97,0,0,0,0,27,42,0,88,74,0,2,0,12,0,0,0,0,0,0,0,0,7,1,0,20,65,0,88,81,12,0
l11,5=98,99,86,67,88,91,87,100,71,100,100,0,0,0,0,0,0,27,0,0,0,0,0,0,0,0,0,0,0,0,0,0,0,0,0,0,0,0,0,52,0,0,0
l12,5=94,98,94,100,93,0,0,0,0,0,0,0,0,100,96,0,0,0,0,0,0,0,0,0,0,0,0,0,0,0,0,0,0,0,0,0,0,0,0,0,0,0,0
l13,5=0,48,59,100,97,41,83,0,0,0,0,0,100,0,100,0,0,0,0,0,0,0,0,0,0,0,0,0,0,0,0,0,0,0,0,0,0,0,0,0,0,0,0
l14,5=0,0,79,44,95,94,89,0,0,0,0,0,94,99,0,0,0,0,0,0,0,0,0,0,0,0,0,0,0,0,0,0,0,0,0,0,0,0,0,0,0,0,0
l15,5=0,0,0,0,0,0,0,12,91,0,0,0,0,0,0,0,94,97,0,0,0,0,0,0,0,0,0,0,0,0,0,0,0,0,0,0,0,0,0,0,46,0,0
l16,5=0,0,0,0,0,0,0,0,83,0,75,0,0,0,0,89,0,87,0,0,0,0,0,0,0,0,0,0,0,0,0,0,0,0,0,0,0,0,0,0,0,0,0
l17,5=0,0,0,0,0,0,0,93,93,0,21,18,0,0,0,83,88,0,78,27,0,0,0,0,0,0,0,0,0,0,0,0,0,0,0,0,0,0,0,0,0,0,0
l18,5=0,16,0,0,0,0,0,0,0,0,85,0,0,0,0,0,1,16,0,87,83,0,0,0,0,0,0,0,0,0,0,50,0,0,0,0,0,81,0,84,0,0,0
l19,5=0,0,0,0,0,0,0,1,0,0,61,0,0,0,0,0,0,57,90,0,79,0,4,0,0,0,0,0,0,0,0,0,0,4,0,0,0,66,0,0,0,0,0
l20,5=0,0,0,0,0,0,0,0,0,0,60,0,0,0,0,0,0,0,26,65,0,39,98,84,84,97,0,90,2,78,81,98,0,0,96,79,95,100,83,0,73,82,85
l21,5=0,0,0,0,0,0,0,0,0,0,0,0,0,0,0,0,0,0,0,0,83,0,0,95,93,96,94,91,97,98,94,97,97,0,90,93,31,84,98,0,0,87,96
l22,5=0,0,0,0,0,0,0,0,0,0,0,0,0,0,0,0,0,0,0,70,95,0,0,40,96,97,37,90,0,37,83,98,0,23,98,83,38,78,7,0,68,83,85
l23,5=0,0,0,0,0,0,0,0,0,0,0,0,0,0,0,0,0,0,0,0,90,99,59,0,93,96,98,72,97,96,94,90,0,0,96,93,94,9,98,0,0,92,96
l24,5=0,0,0,0,0,0,0,0,0,0,0,0,0,0,0,0,0,0,0,0,92,99,99,98,0,96,98,96,89,96,95,98,81,0,98,93,94,88,98,0,0,94,96
l25,5=0,0,0,0,0,0,0,0,0,0,0,0,0,0,0,0,0,0,70,61,93,94,94,98,81,0,87,89,43,75,83,98,0,0,93,89,94,91,0,0,74,95,94
l26,5=0,0,0,0,0,0,0,0,0,0,0,0,0,0,0,0,0,0,0,0,35,24,79,97,93,95,0,95,94,94,94,27,89,0,92,92,0,83,98,0,0,84,94
l27,5=0,0,0,0,0,0,0,0,0,0,0,0,0,0,0,0,0,0,0,0,93,85,96,89,94,96,96,0,90,78,96,99,0,0,96,94,94,89,97,0,0,95,96
l28,5=0,0,0,0,0,0,0,0,0,0,0,0,0,0,0,0,0,0,0,0,5,99,0,96,91,87,94,81,0,89,94,72,87,0,89,92,89,0,98,0,0,90,95
l29,5=0,0,0,0,0,0,0,0,0,0,0,0,0,0,0,0,0,0,0,0,7,99,76,95,89,94,98,79,96,0,93,81,96,0,95,92,84,77,98,0,0,89,86
l30,5=0,0,0,0,0,0,0,0,0,0,0,0,0,0,0,0,0,0,0,0,81,99,89,95,92,0,98,95,97,98,0,78,69,0,95,93,88,13,100,0,0,88,98
l31,5=0,0,0,0,0,0,0,0,0,0,0,0,0,0,0,0,0,0,0,0,94,85,92,88,83,96,36,97,83,77,66,0,0,0,42,83,89,85,84,0,0,89,44
l32,5=0,14,56,0,0,0,0,0,0,0,0,0,0,0,0,0,0,0,0,0,0,90,0,23,0,0,0,0,0,85,79,24,0,0,0,69,35,0,94,0,0,0,0
l33,5=0,46,0,0,0,0,0,0,0,90,51,0,0,0,0,0,0,0,28,78,73,0,48,0,31,34,0,0,0,0,0,0,0,0,85,2,83,63,0,100,62,0,0
l34,5=0,0,0,0,0,0,0,0,0,0,16,0,0,0,0,0,0,0,0,16,95,78,99,87,98,97,87,91,78,94,86,97,0,75,0,87,94,82,0,81,66,84,90
l35,5=0,0,0,0,0,0,0,0,0,0,0,0,0,0,0,0,0,0,0,0,61,99,96,98,95,96,98,97,99,98,93,98,72,0,98,0,85,89,97,1,0,93,96
l36,5=0,0,0,0,0,0,0,0,0,0,74,0,0,0,0,0,0,0,4,0,93,77,82,0,93,97,89,89,89,79,84,91,37,74,98,77,0,80,84,9,68,86,85
l37,5=0,0,0,0,0,0,0,13,0,0,84,26,0,0,0,0,0,0,80,78,98,82,12,60,82,99,87,88,0,67,0,98,0,55,87,79,58,0,74,9,76,83,86
l38,5=0,0,0,0,0,0,0,0,0,0,0,0,0,0,0,0,0,0,0,0,88,99,88,97,90,0,98,88,97,98,93,86,94,0,67,91,86,75,0,0,0,91,94
l39,5=0,33,0,0,0,0,0,86,0,80,54,0,0,0,0,0,0,0,87,14,0,0,40,0,0,2,0,0,0,0,0,0,0,0,87,0,0,0,0,0,72,0,0
l40,5=0,0,0,0,0,0,0,76,0,78,43,8,0,0,0,61,0,0,83,82,77,0,84,0,0,86,0,0,0,0,0,0,0,73,1,0,94,90,0,86,0,32,0
l41,5=0,0,0,0,0,0,0,0,0,0,0,0,0,0,0,0,0,0,0,0,93,82,74,40,88,97,84,89,84,82,81,99,0,0,97,89,94,87,84,0,5,0,83
l42,5=0,0,0,0,0,0,0,0,0,0,0,0,0,0,0,0,0,0,0,0,87,99,76,98,92,97,96,97,99,93,96,79,0,0,96,94,88,80,98,0,0,0,0

l0,6=0,96,0,91,96,96,3,0,0,98,99,98,77,4,0,0,0,0,0,0,0,0,0,0,0,0,0,0,0,0,0,0,0,0,0,0,0,0,0,0,0,0,0
l1,6=96,0,100,96,96,67,80,82,0,98,99,98,91,15,0,0,0,0,0,0,0,0,0,0,0,0,0,0,0,0,0,0,0,48,0,0,0,0,0,75,0,0,0
l2,6=96,98,0,99,96,98,95,0,0,58,84,96,90,71,69,0,0,0,0,0,0,0,0,0,0,0,0,0,0,0,0,0,0,0,0,0,0,0,0,3,0,0,0
l3,6=86,98,100,0,95,82,92,0,0,86,88,7,0,89,33,0,0,0,0,0,0,0,0,0,0,0,0,0,0,0,0,0,0,0,0,0,0,0,0,0,0,0,0
l4,6=96,98,100,95,0,94,100,1,0,0,99,0,0,94,95,0,0,0,0,0,0,0,0,0,0,0,0,0,0,0,0,0,0,0,0,0,0,0,0,0,0,0,0
l5,6=94,60,100,94,94,0,98,93,0,90,97,98,23,87,95,0,0,0,0,0,0,0,0,0,0,0,0,0,0,0,0,0,0,0,0,0,0,0,0,0,0,0,0
l6,6=30,58,99,91,95,98,0,47,0,3,15,96,0,95,96,0,0,0,0,0,0,0,0,0,0,0,0,0,0,0,0,0,0,0,0,0,0,0,0,0,0,0,0
l7,6=84,59,0,0,0,95,63,0,94,94,86,96,0,0,0,0,17,77,45,28,0,0,0,0,0,0,0,0,0,0,0,0,0,12,0,0,0,58,0,87,0,0,0
l8,6=0,18,0,0,0,0,0,94,0,78,82,87,0,0,0,0,91,27,55,30,0,0,0,0,0,0,0,0,0,0,0,0,0,0,0,0,0,0,0,0,60,0,0
l9,6=94,61,62,75,0,73,0,92,21,0,99,98,61,1,0,0,0,0,2,0,0,0,0,0,0,0,0,0,0,0,0,0,0,78,0,0,0,0,0,35,73,0,0
l10,6=84,56,71,68,75,75,72,79,84,96,0,75,0,0,0,0,82,0,76,90,24,0,67,0,11,0,0,0,0,0,0,0,0,66,63,0,0,30,0,78,69,9,0
l11,6=94,59,92,82,0,81,85,91,80,96,83,0,0,0,0,0,0,5,0,0,0,0,0,0,0,0,0,0,0,0,0,0,0,0,0,0,0,0,0,0,0,0,0
l12,6=11,98,100,100,0,0,0,0,0,68,0,0,0,94,90,0,0,0,0,0,0,0,0,0,0,0,0,0,0,0,0,0,0,0,0,0,0,0,0,0,0,0,0
l13,6=0,0,31,99,94,88,93,0,0,0,0,0,96,0,98,0,0,0,0,0,0,0,0,0,0,0,0,0,0,0,0,0,0,0,0,0,0,0,0,0,0,0,0
l14,6=45,51,54,29,89,86,96,0,0,0,0,0,90,95,0,0,0,0,0,0,0,0,0,0,0,0,0,0,0,0,0,0,0,0,0,0,0,0,0,0,0,0,0
l15,6=0,0,0,0,0,0,0,0,0,0,0,0,0,0,0,0,96,92,82,0,0,0,0,0,0,0,0,0,0,0,0,0,0,0,0,0,0,0,0,0,22,0,0
l16,6=0,0,0,0,0,0,0,0,23,0,50,0,0,0,0,98,0,95,0,0,0,0,0,0,0,0,0,0,0,0,0,0,0,0,0,0,0,0,0,0,0,0,0
l17,6=0,0,0,0,0,0,0,8,87,11,33,0,0,0,0,83,97,0,83,0,0,0,0,0,0,0,0,0,0,0,0,0,0,0,0,0,0,31,0,0,32,0,0
l18,6=0,1,0,0,0,0,0,11,4,0,68,0,0,0,0,72,0,76,0,100,1,0,34,0,0,0,0,0,0,0,0,0,0,0,0,0,0,1,0,70,74,0,0
l19,6=0,0,0,0,0,0,0,0,0,0,0,0,0,0,0,0,0,0,96,0,68,0,0,0,0,0,0,0,0,0,0,0,0,0,0,0,0,3,0,0,79,0,0
l20,6=0,0,0,0,0,0,0,0,0,0,41,0,0,0,0,0,0,0,7,77,0,51,95,0,82,91,41,79,68,20,0,93,0,0,90,86,95,95,0,0,71,94,77
l21,6=0,0,0,0,0,0,0,0,0,0,0,0,0,0,0,0,0,0,0,0,80,0,51,98,94,90,96,95,88,99,97,91,0,0,94,99,95,70,92,0,0,91,98
l22,6=0,0,0,0,0,0,0,0,0,0,2,0,0,0,0,0,0,0,80,0,93,0,0,0,87,90,0,91,0,0,34,97,0,0,91,87,95,79,0,63,18,40,71
l23,6=0,0,0,0,0,0,0,0,0,0,0,0,0,0,0,0,0,0,0,0,2,96,0,0,94,96,95,94,94,98,96,94,53,0,86,99,96,56,97,0,0,89,98
l24,6=0,0,0,0,0,0,0,0,0,0,0,0,0,0,0,0,0,0,1,0,91,91,96,93,0,95,7,89,0,81,88,96,60,0,94,95,96,0,79,0,0,91,89
l25,6=0,0,0,0,0,0,0,0,0,0,9,0,0,0,0,0,0,0,6,0,90,74,90,90,88,0,84,82,33,79,71,96,74,0,90,92,95,89,61,0,75,96,84
l26,6=0,0,0,0,0,0,0,0,0,0,0,0,0,0,0,0,0,0,0,0,84,98,10,98,78,96,0,54,89,23,97,87,81,0,93,98,0,81,97,0,0,87,98
l27,6=0,0,0,0,0,0,0,0,0,0,0,0,0,0,0,0,0,0,0,0,22,98,92,90,96,90,80,0,84,86,85,98,0,0,91,99,96,83,85,0,0,97,84
l28,6=0,0,0,0,0,0,0,0,0,0,0,0,0,0,0,0,0,0,0,0,76,94,0,98,44,71,93,82,0,91,97,86,84,0,0,97,90,0,96,0,0,47,97
l29,6=0,0,0,0,0,0,0,0,0,0,0,0,0,0,0,0,0,0,0,0,0,98,4,98,90,94,80,92,79,0,96,95,94,0,68,92,91,63,97,0,0,84,76
l30,6=0,0,0,0,0,0,0,0,0,0,0,0,0,0,0,0,0,0,0,0,0,98,91,98,93,88,96,89,94,99,0,0,84,0,37,94,93,69,97,0,0,57,98
l31,6=0,0,0,0,0,0,0,0,0,0,0,0,0,0,0,0,0,0,0,0,89,50,92,65,82,88,75,88,0,75,0,0,0,0,61,87,95,76,0,0,0,90,29
l32,6=0,0,0,0,0,0,0,0,0,0,0,0,0,0,0,0,0,0,0,0,0,0,0,0,34,68,71,0,90,84,91,0,0,0,1,0,0,0,80,0,0,0,55
l33,6=0,35,0,0,0,0,0,3,0,60,59,11,0,0,0,0,0,0,0,0,0,0,0,0,0,0,0,0,0,0,0,0,0,0,37,74,36,58,0,100,68,0,0
l34,6=0,0,0,0,0,0,0,0,0,0,47,2,0,0,0,0,0,0,0,0,92,86,89,39,87,87,63,84,0,2,60,93,34,46,0,87,96,82,66,73,36,91,73
l35,6=0,0,0,0,0,0,0,0,0,0,0,0,0,0,0,0,0,0,0,0,92,99,77,98,94,96,95,91,84,77,95,96,0,66,94,0,96,80,90,0,0,90,98
l36,6=0,0,0,0,0,0,0,0,0,0,14,0,0,0,0,0,0,0,0,0,91,85,93,89,87,90,79,94,77,77,86,95,0,59,90,87,0,89,78,46,75,91,0
l37,6=0,0,0,0,0,0,0,0,0,0,1,0,0,0,0,0,0,43,0,0,91,68,40,50,73,91,63,92,0,64,84,92,0,64,91,86,95,0,76,0,73,77,83
l38,6=0,0,0,0,0,0,0,0,0,0,0,0,0,0,0,0,0,0,0,0,0,98,0,98,87,49,94,87,94,93,97,0,89,0,79,98,87,73,0,0,0,0,98
l39,6=0,36,21,0,0,0,0,8,0,26,62,0,0,0,0,0,0,0,46,2,2,0,40,0,0,0,0,0,0,0,0,0,0,100,54,0,48,0,0,0,41,0,0
l40,6=0,0,0,0,0,0,0,68,30,41,78,0,0,0,0,32,0,39,75,95,91,0,81,0,0,92,0,0,0,0,0,0,0,78,0,0,89,78,0,79,0,69,0
l41,6=0,0,0,0,0,0,0,0,0,0,0,0,0,0,0,0,0,0,0,0,90,85,89,89,86,96,76,96,80,69,46,97,0,0,90,80,96,81,2,0,21,0,78
l42,6=0,0,0,0,0,0,0,0,0,0,0,0,0,0,0,0,0,0,0,0,0,98,38,98,95,95,96,82,94,71,97,94,3,0,68,99,95,88,97,0,0,88,0

l0,7=0,89,98,78,93,92,0,39,0,98,0,97,64,0,0,0,0,0,0,0,0,0,0,0,0,0,0,0,0,0,0,0,0,0,0,0,0,0,0,0,0,0,0
l1,7=85,0,98,79,87,10,70,69,58,41,97,97,79,58,0,0,0,0,0,0,0,0,0,0,0,0,0,0,0,0,0,0,0,67,0,0,0,0,0,22,0,0,0
l2,7=91,90,0,79,89,84,79,7,0,35,100,97,98,31,0,0,0,0,0,0,0,0,0,0,0,0,0,0,0,0,0,0,0,0,0,0,0,0,0,25,0,0,0
l3,7=94,100,97,0,87,9,0,0,0,0,0,11,91,7,0,0,0,0,0,0,0,0,0,0,0,0,0,0,0,0,0,0,0,0,0,0,0,0,0,0,0,0,0
l4,7=92,91,98,89,0,17,99,90,0,38,33,87,36,98,82,0,0,0,0,0,0,0,0,0,0,0,0,0,0,0,0,0,0,0,0,0,0,0,0,0,0,0,0
l5,7=83,94,98,89,93,0,93,89,80,41,68,96,90,96,97,0,0,0,0,0,0,0,0,0,0,0,0,0,0,0,0,0,0,0,0,0,0,0,0,0,0,0,0
l6,7=0,77,99,79,93,91,0,1,84,38,90,0,32,49,89,0,0,0,0,0,0,0,0,0,0,0,0,0,0,0,0,0,0,0,0,0,0,0,0,0,0,0,0
l7,7=0,66,29,0,78,84,0,0,99,96,89,95,0,0,0,62,51,3,74,0,0,0,0,0,0,0,0,0,0,0,0,0,0,71,0,0,0,0,0,89,84,0,0
l8,7=0,65,0,0,0,0,56,100,0,0,44,40,0,0,0,85,90,94,0,39,0,0,0,0,0,0,0,0,0,0,0,0,0,0,0,0,0,53,0,0,0,0,0
l9,7=82,74,81,0,71,72,27,96,4,0,98,82,0,3,0,0,0,0,0,0,0,0,0,0,0,0,0,0,0,0,0,0,0,59,0,0,0,0,0,94,0,0,0
l10,7=52,63,83,38,50,0,48,76,39,93,0,87,0,0,0,0,0,67,67,15,56,0,68,0,0,0,0,0,0,0,0,64,0,75,0,0,0,0,0,89,64,0,0
l11,7=82,79,96,32,0,20,0,96,46,74,95,0,0,0,0,0,0,0,0,0,0,0,0,0,0,0,0,0,0,0,0,0,0,37,0,0,0,0,0,74,0,0,0
l12,7=0,95,100,99,66,5,3,0,0,0,0,0,0,100,98,0,0,0,0,0,0,0,0,0,0,0,0,0,0,0,0,0,0,0,0,0,0,0,0,0,0,0,0
l13,7=0,56,97,97,96,17,0,0,0,37,0,0,99,0,99,0,0,0,0,0,0,0,0,0,0,0,0,0,0,0,0,0,0,0,0,0,0,0,0,0,0,0,0
l14,7=0,1,26,24,88,5,83,0,0,0,0,0,95,99,0,0,0,0,0,0,0,0,0,0,0,0,0,0,0,0,0,0,0,0,0,0,0,0,0,0,0,0,0
l15,7=0,0,0,0,0,0,0,45,86,0,30,0,0,0,0,0,95,87,0,0,0,0,0,0,0,0,0,0,0,0,0,0,0,0,0,0,0,46,0,0,0,0,0
l16,7=0,0,0,0,0,0,0,0,73,0,0,0,0,0,0,98,0,95,78,0,0,0,0,0,0,0,0,0,0,0,0,0,0,0,0,0,0,0,0,0,0,0,0
l17,7=0,0,0,0,0,0,0,24,92,0,27,0,0,0,0,66,96,0,70,59,0,0,0,0,0,0,0,0,0,0,0,0,0,0,0,0,0,0,0,0,0,0,0
l18,7=0,0,0,0,0,0,0,7,0,0,6,0,0,0,0,0,65,32,0,86,69,0,0,0,0,0,0,0,0,0,0,0,0,0,61,0,0,57,0,0,85,0,0
l19,7=0,0,0,0,0,0,0,0,0,0,4,0,0,0,0,0,0,16,100,0,72,0,0,0,7,0,0,0,0,0,0,0,0,0,0,0,0,48,0,0,79,0,0
l20,7=0,0,0,0,0,0,0,0,0,0,36,0,0,0,0,0,0,0,67,69,0,0,88,62,91,97,4,92,0,0,40,91,0,0,97,89,96,100,52,57,73,0,84
l21,7=0,0,0,0,0,0,0,0,0,0,0,0,0,0,0,0,0,0,0,0,4,0,23,100,100,96,97,0,97,99,100,96,77,0,0,99,90,67,98,0,0,0,98
l22,7=0,0,0,0,0,0,0,0,0,0,0,0,0,0,0,0,0,0,0,0,92,58,0,0,89,96,0,0,0,1,93,14,0,0,95,87,96,79,77,0,0,0,91
l23,7=0,0,0,0,0,0,0,0,0,0,0,0,0,0,0,0,0,0,0,0,92,97,0,0,100,96,88,95,72,99,96,96,40,0,93,99,91,60,98,0,0,0,98
l24,7=0,0,0,0,0,0,0,0,0,0,0,0,0,0,0,0,0,0,0,12,87,87,90,91,0,98,84,95,0,65,92,92,0,33,96,96,96,60,86,33,16,0,95
l25,7=0,0,0,0,0,0,0,0,0,0,0,0,0,0,0,0,0,0,0,0,86,87,89,86,93,0,85,91,49,83,0,93,0,0,95,92,94,84,83,0,73,0,91
l26,7=0,0,0,0,0,0,0,0,0,0,0,0,0,0,0,0,0,0,0,0,1,93,0,73,97,96,0,94,96,93,100,71,75,0,91,91,94,75,99,0,0,0,96
l27,7=0,0,0,0,0,0,0,0,0,0,0,0,0,0,0,0,0,0,0,0,85,88,81,86,98,98,87,0,84,87,93,93,0,0,93,100,96,66,88,0,0,0,91
l28,7=0,0,0,0,0,0,0,0,0,0,0,0,0,0,0,0,0,0,0,0,0,94,25,3,84,92,94,91,0,87,99,69,77,0,47,95,28,50,99,0,0,0,96
l29,7=0,0,0,0,0,0,0,0,0,0,0,0,0,0,0,0,0,0,0,0,48,95,12,100,94,95,86,91,87,0,98,91,84,0,87,93,88,67,97,6,0,0,87
l30,7=0,0,0,0,0,0,0,0,0,0,0,0,0,0,0,0,0,0,0,0,81,96,90,92,95,16,100,92,84,98,0,95,74,0,92,0,86,57,98,0,0,0,96
l31,7=0,0,0,0,0,0,0,0,0,0,0,0,0,0,0,0,0,0,0,0,91,68,47,87,84,99,0,95,7,79,93,0,0,0,88,77,18,80,0,0,0,0,26
l32,7=0,0,47,3,0,0,0,0,0,0,0,0,0,0,0,0,0,0,0,0,0,73,0,84,17,0,41,0,91,83,85,1,0,0,0,0,0,0,85,0,0,0,1
l33,7=0,1,0,0,0,0,0,4,0,22,73,59,0,0,0,0,0,0,34,0,74,0,0,0,64,0,0,0,0,0,0,0,0,0,0,17,59,64,0,100,0,0,0
l34,7=0,0,0,0,0,0,0,0,0,0,37,0,0,0,0,0,0,0,0,0,88,53,90,82,94,98,56,80,51,73,81,88,0,1,0,92,95,67,51,0,71,0,89
l35,7=0,0,0,0,0,0,0,0,0,0,0,0,0,0,0,0,0,0,0,0,88,97,90,99,100,98,81,95,88,86,97,94,42,0,95,0,96,87,0,0,57,0,95
l36,7=0,0,0,0,0,0,0,0,0,0,0,0,0,0,0,0,0,0,0,0,91,88,89,86,98,97,74,93,16,82,89,93,0,10,96,94,0,78,0,10,73,0,91
l37,7=0,0,0,0,0,0,0,0,14,0,22,0,0,0,0,58,0,2,71,61,94,48,76,39,73,94,69,71,73,73,3,93,0,77,87,90,95,0,0,74,66,0,84
l38,7=0,0,0,0,0,0,0,0,0,0,0,0,0,0,0,0,0,0,0,0,1,80,85,100,92,95,94,94,97,98,99,86,91,0,72,91,0,0,0,0,0,0,98
l39,7=0,10,14,0,0,0,0,66,0,33,64,45,0,0,0,0,0,0,0,0,20,0,0,0,56,0,0,0,0,0,0,0,0,99,0,0,0,54,0,0,66,0,0
l40,7=0,0,0,0,0,0,0,62,23,0,79,64,0,0,0,0,0,6,78,85,84,0,26,0,14,91,0,0,0,0,0,0,0,0,90,72,93,70,0,79,0,0,0
l41,7=0,0,0,0,0,0,0,0,0,0,0,0,0,0,0,0,0,0,0,0,87,88,0,0,92,98,0,93,34,84,91,81,0,0,95,93,95,76,87,0,0,0,89
l42,7=0,0,0,0,0,0,0,0,0,0,0,0,0,0,0,0,0,0,0,0,87,93,84,100,95,96,90,90,88,85,100,91,75,0,93,97,0,84,98,0,0,0,0

l0,8=0,98,96,91,99,99,100,98,1,100,86,92,81,0,0,0,0,0,0,0,0,0,0,0,0,0,0,0,0,0,0,0,0,0,0,0,0,0,0,0,0,0,0
l1,8=99,0,97,90,100,4,82,96,0,100,90,94,91,86,0,0,0,0,62,0,0,0,0,0,0,0,0,0,0,0,0,0,0,0,0,0,0,0,0,0,0,0,0
l2,8=98,98,0,96,100,78,0,12,0,98,90,93,88,85,5,0,0,0,0,0,0,0,0,0,0,0,0,0,0,0,0,0,0,18,0,0,0,0,0,17,0,0,0
l3,8=98,98,96,0,100,19,55,0,0,0,29,5,86,88,0,0,0,0,0,0,0,0,0,0,0,0,0,0,0,0,0,0,0,0,0,0,0,0,0,0,0,0,0
l4,8=98,98,96,91,0,100,100,0,94,99,74,92,87,84,56,0,0,0,0,0,0,0,0,0,0,0,0,0,0,0,0,0,0,0,0,0,0,0,0,0,0,0,0
l5,8=99,80,96,91,100,0,100,91,79,98,89,93,53,85,98,0,0,0,0,0,0,0,0,0,0,0,0,0,0,0,0,0,0,0,0,0,0,0,0,0,0,0,0
l6,8=99,8,0,91,100,99,0,17,10,9,3,82,68,84,98,0,0,0,0,0,0,0,0,0,0,0,0,0,0,0,0,0,0,0,0,0,0,0,0,0,0,0,0
l7,8=71,95,3,0,0,91,0,0,99,97,61,93,0,0,0,95,51,76,0,0,0,0,0,0,0,0,0,0,0,0,0,0,0,0,0,0,0,0,0,93,12,0,0
l8,8=51,27,0,0,40,0,0,92,0,83,97,27,0,0,0,67,92,0,80,0,0,0,0,0,0,0,0,0,0,0,0,0,0,0,0,0,0,0,0,0,0,0,0
l9,8=88,96,96,0,99,97,14,92,14,0,99,98,0,0,0,0,0,0,7,0,0,0,0,0,0,0,0,0,0,0,0,0,0,2,0,0,0,0,0,94,86,0,0
l10,8=67,85,96,69,35,94,10,91,0,98,0,92,0,0,0,0,75,63,0,89,91,0,0,0,75,0,0,0,0,0,0,0,0,94,0,0,0,55,0,95,91,0,0
l11,8=98,98,97,80,77,96,9,95,90,98,0,0,0,0,0,0,0,1,0,5,0,0,0,0,0,0,0,0,0,0,0,0,0,90,0,0,0,0,0,95,0,0,0
l12,8=14,98,96,96,100,0,0,0,0,0,0,0,0,99,99,0,0,0,0,0,0,0,0,0,0,0,0,0,0,0,0,0,0,0,0,0,0,0,0,0,0,0,0
l13,8=0,98,96,91,0,90,98,0,0,0,0,0,97,0,98,0,0,0,0,0,0,0,0,0,0,0,0,0,0,0,0,0,0,0,0,0,0,0,0,0,0,0,0
l14,8=7,1,0,9,99,91,100,0,0,0,0,0,94,89,0,0,0,0,0,0,0,0,0,0,0,0,0,0,0,0,0,0,0,0,0,0,0,0,0,0,0,0,0
l15,8=0,0,0,0,0,0,0,69,0,0,0,0,0,0,0,0,99,90,0,0,0,0,0,0,0,0,0,0,0,0,0,0,0,0,0,0,0,0,0,0,0,0,0
l16,8=0,0,0,0,0,0,0,0,68,0,14,0,0,0,0,100,0,93,0,0,0,0,0,0,0,0,0,0,0,0,0,0,0,0,0,0,0,0,0,0,0,0,0
l17,8=0,0,0,0,0,0,0,64,89,0,53,0,0,0,0,63,91,0,2,45,0,0,0,0,0,0,0,0,0,0,0,0,0,0,0,0,0,0,0,0,4,0,0
l18,8=0,0,0,0,0,0,0,0,65,0,0,0,0,0,0,0,2,87,0,92,0,0,0,0,0,0,0,0,0,0,0,0,0,0,0,0,0,0,0,0,88,0,0
l19,8=0,0,0,0,0,0,0,0,0,0,96,0,0,0,0,0,0,0,100,0,74,0,0,0,0,0,0,0,0,0,0,0,0,84,0,0,0,0,0,0,98,0,0
l20,8=0,0,0,0,0,0,0,0,0,0,78,0,0,0,0,0,0,0,88,75,0,15,100,92,99,100,0,83,1,86,77,94,0,0,100,83,100,99,77,44,87,95,86
l21,8=0,0,0,0,0,0,0,0,0,0,0,0,0,0,0,0,0,0,0,0,77,0,96,94,97,92,94,87,100,96,99,92,8,0,97,82,94,81,96,0,0,87,92
l22,8=0,0,0,0,0,0,0,0,0,0,0,0,0,0,0,0,0,0,61,0,92,90,0,0,97,99,0,88,0,13,78,98,0,55,100,86,95,98,60,0,83,93,78
l23,8=0,0,0,0,0,0,0,0,0,0,0,0,0,0,0,0,0,0,0,0,93,97,2,0,94,96,91,97,95,97,95,97,81,0,95,95,96,84,97,0,0,88,91
l24,8=0,0,0,0,0,0,0,0,0,0,0,0,0,0,0,0,0,0,1,0,89,92,93,91,0,96,86,1,69,95,94,92,11,30,94,92,95,98,0,9,68,93,92
l25,8=0,0,0,0,0,0,0,0,0,0,0,0,0,0,0,0,0,0,76,0,93,0,91,90,94,0,89,95,65,10,74,98,0,3,87,89,98,98,79,2,71,95,86
l26,8=0,0,0,0,0,0,0,0,0,0,0,0,0,0,0,0,0,0,0,0,68,100,33,92,92,97,0,95,96,98,100,96,81,0,97,49,95,0,97,0,0,93,98
l27,8=0,0,0,0,0,0,0,0,0,0,0,0,0,0,0,0,0,0,0,0,76,89,99,94,70,99,88,0,88,98,95,100,0,0,99,100,87,87,97,0,0,96,93
l28,8=0,0,0,0,0,0,0,0,0,0,0,0,0,0,0,0,0,0,0,0,40,98,67,92,93,96,93,92,0,98,99,0,82,0,0,88,92,0,97,0,0,72,85
l29,8=0,0,0,0,0,0,0,0,0,0,0,3,0,0,0,0,0,0,0,0,86,98,0,93,97,5,91,91,95,0,90,91,80,0,90,85,88,82,92,0,0,84,84
l30,8=0,0,0,0,0,0,0,0,0,0,0,0,0,0,0,0,0,0,0,0,87,98,91,92,94,96,95,95,95,96,0,94,84,0,94,95,0,84,98,0,0,87,93
l31,8=0,0,0,0,0,0,0,0,0,0,0,0,0,0,0,0,0,0,0,0,97,68,97,93,90,92,83,95,0,6,87,0,0,0,98,95,94,88,89,0,0,96,86
l32,8=0,0,70,35,0,0,0,0,0,0,0,0,0,0,0,0,0,0,0,0,0,65,0,82,80,0,79,0,84,87,91,0,0,0,0,80,0,0,93,0,0,0,73
l33,8=0,0,15,0,0,0,0,0,28,0,97,44,0,0,0,0,0,0,3,94,0,0,53,0,83,0,0,0,0,0,0,0,0,0,0,47,64,99,0,100,98,0,0
l34,8=0,0,0,0,0,0,0,0,0,0,71,0,0,0,0,0,0,0,0,1,96,95,100,85,92,91,85,96,0,89,80,98,0,0,0,85,98,91,89,73,62,94,91
l35,8=0,0,0,0,0,0,0,0,0,0,0,0,0,0,0,0,0,0,0,0,92,87,96,94,99,98,93,99,87,96,99,97,83,1,94,0,97,88,91,0,69,96,100
l36,8=0,0,0,0,0,0,0,0,0,0,19,0,0,0,0,0,0,0,0,35,89,92,96,94,98,96,87,85,70,84,91,96,0,68,96,91,0,91,87,0,43,94,86
l37,8=0,0,0,0,0,0,0,1,15,0,64,0,0,0,0,0,0,0,0,0,97,78,99,81,99,100,0,88,0,86,72,96,0,79,95,85,97,0,70,0,71,95,83
l38,8=0,0,0,0,0,0,0,0,0,0,0,0,0,0,0,0,0,0,0,0,18,95,88,93,0,11,94,97,94,90,99,96,81,0,92,84,94,72,0,0,0,87,0
l39,8=1,14,0,0,0,0,0,0,0,98,100,100,0,0,0,0,0,0,45,0,0,0,0,0,10,3,0,0,0,0,0,0,0,100,92,0,0,0,0,0,99,0,0
l40,8=0,0,0,0,0,0,0,10,3,44,86,0,0,0,0,0,0,28,59,0,96,0,93,0,87,98,0,0,0,0,0,0,0,90,82,78,79,98,0,94,0,97,0
l41,8=0,0,0,0,0,0,0,0,0,0,0,0,0,0,0,0,0,0,0,0,88,87,90,91,91,99,89,99,0,84,78,100,0,0,87,98,91,93,87,0,70,0,0
l42,8=0,0,0,0,0,0,0,0,0,0,0,0,0,0,0,0,0,0,0,0,91,98,1,91,98,97,95,95,97,96,99,34,31,0,98,97,91,85,3,0,0,7,0

l0,9=0,100,98,94,98,59,96,98,0,100,99,98,54,7,0,0,0,0,0,0,0,0,0,0,0,0,0,0,0,0,0,0,0,0,0,0,0,0,0,0,0,0,0
l1,9=97,0,100,100,100,0,0,85,92,100,89,100,92,85,0,0,0,0,0,0,0,0,0,0,0,0,0,0,0,0,0,0,0,0,0,0,0,0,0,0,0,0,0
l2,9=95,100,0,99,97,100,98,93,0,100,2,95,93,91,0,0,0,0,0,0,0,0,0,0,0,0,0,0,0,0,0,0,3,0,0,0,0,0,0,0,0,0,0
l3,9=95,98,97,0,97,100,0,0,0,99,89,97,93,93,95,0,0,0,0,0,0,0,0,0,0,0,0,0,0,0,0,0,0,0,0,0,0,0,0,0,0,0,0
l4,9=97,100,100,100,0,100,100,92,0,100,3,0,59,48,76,0,0,0,0,0,0,0,0,0,0,0,0,0,0,0,0,0,0,0,0,0,0,0,0,0,0,0,0
l5,9=0,9,100,96,100,0,100,93,68,100,54,83,51,82,80,0,0,0,0,0,0,0,0,0,0,0,0,0,0,0,0,0,0,0,0,0,0,0,0,0,0,0,0
l6,9=100,45,100,0,100,100,0,96,0,0,0,95,32,86,75,0,0,0,0,0,0,0,0,0,0,0,0,0,0,0,0,0,0,0,0,0,0,0,0,0,0,0,0
l7,9=76,96,98,0,90,89,81,0,99,71,100,98,0,0,0,92,84,96,69,9,0,0,0,0,0,0,0,0,0,0,0,0,0,0,0,0,0,0,0,17,0,0,0
l8,9=58,0,0,0,0,21,0,97,0,91,0,88,0,0,0,90,95,85,80,0,0,0,0,0,0,0,0,0,0,0,0,0,0,0,0,0,0,87,0,46,0,0,0
l9,9=100,100,100,96,97,97,1,98,99,0,98,100,0,0,0,0,0,0,71,0,0,0,0,0,0,0,0,0,0,0,0,0,0,99,0,0,0,0,0,99,97,0,0
l10,9=99,100,76,99,77,80,0,100,95,100,0,100,0,0,0,46,21,99,92,83,8,0,6,0,0,0,0,0,0,0,0,0,0,98,0,0,0,72,0,99,97,0,0
l11,9=100,100,94,99,0,26,95,99,96,100,100,0,0,0,0,0,0,0,0,76,0,0,0,0,0,0,0,0,0,0,0,0,0,98,0,0,0,0,0,99,76,0,0
l12,9=39,98,99,99,45,6,0,0,0,0,0,0,0,100,96,0,0,0,0,0,0,0,0,0,0,0,0,0,0,0,0,0,0,0,0,0,0,0,0,0,0,0,0
l13,9=0,64,100,100,95,100,97,0,0,1,0,0,100,0,100,0,0,0,0,0,0,0,0,0,0,0,0,0,0,0,0,0,0,0,0,0,0,0,0,0,0,0,0
l14,9=95,0,0,99,74,99,98,0,0,0,0,0,100,100,0,0,0,0,0,0,0,0,0,0,0,0,0,0,0,0,0,0,0,0,0,0,0,0,0,0,0,0,0
l15,9=0,0,0,0,0,0,0,85,83,0,0,0,0,0,0,0,99,98,56,0,0,0,0,0,0,0,0,0,0,0,0,0,0,0,0,0,0,0,0,0,0,0,0
l16,9=0,0,0,0,0,0,0,6,54,0,0,0,0,0,0,100,0,98,29,0,0,0,0,0,0,0,0,0,0,0,0,0,0,0,0,0,0,0,0,0,0,0,0
l17,9=0,0,0,0,0,0,0,81,69,0,89,0,0,0,0,72,87,0,82,0,0,0,0,0,0,0,0,0,0,0,0,0,0,0,0,0,0,0,0,0,0,0,0
l18,9=0,7,0,0,0,0,0,0,0,0,0,0,0,0,0,0,61,91,0,97,89,0,0,0,0,59,0,0,0,0,0,0,0,0,0,0,0,0,0,4,99,0,0
l19,9=0,0,0,0,0,0,0,0,0,0,28,0,0,0,0,0,0,53,82,0,78,0,0,0,0,1,0,0,0,0,0,0,0,73,0,0,0,0,0,8,99,0,0
l20,9=0,0,0,0,0,0,0,0,0,0,62,0,0,0,0,0,0,0,92,92,0,96,100,87,95,100,63,67,0,80,83,17,0,0,98,100,98,100,31,1,96,100,97
l21,9=0,0,0,0,0,0,0,0,0,0,0,0,0,0,0,0,0,0,0,0,0,0,88,98,98,94,100,89,99,100,99,83,94,0,91,0,98,46,98,0,0,98,93
l22,9=0,0,0,0,0,0,0,0,0,0,21,0,0,0,0,0,0,0,0,0,98,95,0,89,100,100,79,0,0,93,86,98,0,62,98,100,100,21,92,0,84,82,87
l23,9=0,0,0,0,0,0,0,0,0,0,0,0,0,0,0,0,0,0,0,0,79,100,88,0,99,97,99,100,99,100,68,60,98,0,92,100,99,95,99,0,0,96,100
l24,9=0,0,0,0,0,0,0,0,0,0,11,0,0,0,0,0,0,0,0,0,88,96,96,99,0,98,94,97,93,94,95,84,0,12,95,88,100,100,76,0,90,97,89
l25,9=0,0,0,0,0,0,0,0,0,0,0,0,0,0,0,0,0,0,92,0,92,93,93,91,99,0,88,84,4,83,78,96,0,0,97,93,100,100,86,11,96,97,93
l26,9=0,0,0,0,0,0,0,0,0,0,0,0,0,0,0,0,0,0,0,0,0,100,96,97,97,94,0,92,98,98,100,19,0,0,91,94,97,98,98,0,0,96,100
l27,9=0,0,0,0,0,0,0,0,0,0,0,0,0,0,0,0,0,0,0,0,5,97,92,99,100,99,99,0,97,98,93,97,0,0,97,100,100,100,91,0,0,100,99
l28,9=0,0,0,0,0,0,0,0,0,0,0,0,0,0,0,0,0,0,0,0,47,95,0,95,96,87,98,90,0,100,95,0,91,0,0,91,96,52,99,0,0,84,88
l29,9=0,0,0,0,0,0,0,0,0,0,0,0,0,0,0,0,0,0,0,0,74,96,88,97,96,91,93,90,98,0,90,82,94,0,89,92,96,85,98,0,0,88,92
l30,9=0,0,0,0,0,0,0,0,0,0,0,0,0,0,0,0,0,0,0,0,92,100,94,93,98,81,100,93,98,98,0,5,92,0,0,95,83,90,98,0,0,88,94
l31,9=0,0,0,0,0,0,0,0,0,0,0,0,0,0,0,0,0,0,0,0,99,92,97,0,62,99,0,75,0,93,6,0,0,0,93,27,89,100,0,0,0,100,97
l32,9=0,62,94,0,0,0,0,0,0,0,0,0,0,0,0,0,0,0,0,0,0,94,0,92,78,0,0,0,93,84,81,2,0,0,0,74,0,0,96,0,0,0,0
l33,9=0,91,64,0,0,0,0,0,0,94,95,74,0,0,0,0,0,0,4,96,8,0,80,0,69,0,0,0,0,0,0,0,0,0,96,40,0,0,0,100,99,0,0
l34,9=0,0,0,0,0,0,0,0,0,0,40,0,0,0,0,0,0,0,0,0,99,0,100,97,100,100,98,99,1,99,73,99,0,91,0,97,100,100,97,97,61,97,100
l35,9=0,0,0,0,0,0,0,0,0,0,0,0,0,0,0,0,0,0,0,0,98,72,100,97,97,100,16,100,94,96,96,96,88,0,91,0,94,96,99,5,0,100,100
l36,9=0,0,0,0,0,0,0,0,0,0,0,0,0,0,0,0,0,0,0,2,97,99,96,95,99,99,87,96,94,99,86,86,0,0,97,88,0,99,91,29,91,100,90
l37,9=0,0,0,0,0,0,0,0,27,0,17,0,0,0,0,0,0,0,89,73,99,83,79,89,77,100,86,95,35,80,70,60,0,0,96,94,98,0,86,0,96,48,93
l38,9=0,0,0,0,0,0,0,0,0,0,0,0,0,0,0,0,0,0,0,0,0,99,86,93,18,87,96,66,100,96,93,5,92,0,90,94,89,82,0,0,0,8,82
l39,9=50,0,0,0,0,0,0,95,0,95,100,98,0,0,0,0,0,0,92,95,0,0,0,0,0,32,0,0,0,0,0,0,0,100,99,1,0,0,0,0,99,0,0
l40,9=0,0,0,0,0,0,0,0,0,12,100,11,0,0,0,0,54,0,99,97,94,0,78,0,70,100,0,0,0,0,0,0,0,96,43,0,91,99,0,90,0,79,0
l41,9=0,0,0,0,0,0,0,0,0,0,0,0,0,0,0,0,0,0,0,0,98,100,94,90,99,100,84,98,88,97,0,99,0,0,73,100,100,82,13,0,63,0,93
l42,9=0,0,0,0,0,0,0,0,0,0,0,0,0,0,0,0,0,0,0,0,95,95,94,98,97,97,100,93,98,100,97,97,66,0,92,100,55,96,86,0,0,91,0

l0,10=0,87,92,87,98,93,99,85,0,90,86,90,65,0,0,0,0,0,0,0,0,0,0,0,0,0,0,0,0,0,0,0,0,0,0,0,0,0,0,0,0,0,0
l1,10=91,0,91,81,98,96,0,76,0,100,89,90,82,50,0,0,0,0,0,0,0,0,0,0,0,0,0,0,0,0,0,0,0,0,0,0,0,0,0,77,0,0,0
l2,10=87,86,0,95,92,93,95,59,0,97,87,24,84,84,0,0,0,0,0,0,0,0,0,0,0,0,0,0,0,0,0,0,71,0,0,0,0,0,0,0,0,0,0
l3,10=85,50,86,0,89,2,23,0,0,87,87,83,83,84,0,0,0,0,0,0,0,0,0,0,0,0,0,0,0,0,0,0,0,0,0,0,0,0,0,0,0,0,0
l4,10=94,87,92,85,0,94,99,25,0,90,82,87,72,72,0,0,0,0,0,0,0,0,0,0,0,0,0,0,0,0,0,0,0,0,0,0,0,0,0,0,0,0,0
l5,10=93,87,91,82,99,0,99,87,74,86,87,60,56,80,95,0,0,0,0,0,0,0,0,0,0,0,0,0,0,0,0,0,0,0,0,0,0,0,0,0,0,0,0
l6,10=92,0,92,81,99,95,0,86,0,12,0,83,74,0,80,0,0,0,0,0,0,0,0,0,0,0,0,0,0,0,0,0,0,0,0,0,0,0,0,0,0,0,0
l7,10=94,79,88,0,0,93,92,0,89,85,90,90,0,0,0,77,75,80,82,36,0,0,0,0,0,0,0,0,0,0,0,0,0,0,0,0,0,0,0,0,77,0,0
l8,10=0,0,0,0,0,55,0,97,0,74,74,48,0,0,0,88,86,9,0,0,0,0,0,0,0,0,0,0,0,0,0,0,0,0,0,0,0,0,0,0,0,0,0
l9,10=94,87,92,88,97,72,82,84,69,0,86,91,0,0,0,0,0,0,0,0,0,0,0,0,0,0,0,0,0,0,0,0,0,82,0,0,0,0,0,8,0,0,0
l10,10=73,80,86,89,79,81,0,88,36,87,0,94,0,0,0,0,29,1,88,0,0,0,0,0,0,0,0,0,0,0,0,0,0,87,75,0,0,91,0,80,10,7,0
l11,10=94,85,23,85,96,51,73,0,8,90,91,0,0,0,0,0,0,0,69,0,0,0,0,0,0,0,0,0,0,0,0,0,0,53,0,0,0,0,0,81,0,0,0
l12,10=13,73,98,99,13,4,5,0,0,0,0,0,0,100,98,0,0,0,0,0,0,0,0,0,0,0,0,0,0,0,0,0,0,0,0,0,0,0,0,0,0,0,0
l13,10=12,70,94,92,1,96,0,0,0,0,0,0,93,0,99,0,0,0,0,0,0,0,0,0,0,0,0,0,0,0,0,0,0,0,0,0,0,0,0,0,0,0,0
l14,10=7,0,27,69,91,92,3,0,0,0,0,0,84,83,0,0,0,0,0,0,0,0,0,0,0,0,0,0,0,0,0,0,0,0,0,0,0,0,0,0,0,0,0
l15,10=0,0,0,0,0,0,0,0,89,0,1,0,0,0,0,0,99,89,0,0,0,0,0,0,0,0,0,0,0,0,0,0,0,0,0,0,0,0,0,0,0,0,0
l16,10=0,0,0,0,0,0,0,20,83,0,0,0,0,0,0,94,0,99,0,0,0,0,0,0,0,0,0,0,0,0,0,0,0,0,0,0,0,0,0,0,0,0,0
l17,10=0,0,0,0,0,0,0,70,59,0,8,0,0,0,0,82,95,0,67,62,0,0,0,0,0,0,0,0,0,0,0,0,0,0,0,0,0,68,0,0,42,0,0
l18,10=0,0,0,0,0,0,0,0,0,0,5,0,0,0,0,0,2,0,0,100,87,0,0,0,0,0,0,0,0,0,0,0,0,0,0,0,0,0,0,0,98,0,0
l19,10=0,0,0,0,0,0,0,0,0,0,0,0,0,0,0,0,0,89,97,0,85,0,0,0,0,17,0,0,0,0,0,0,0,0,0,0,0,0,0,87,93,0,0
l20,10=0,0,0,0,0,0,0,0,0,0,0,0,0,0,0,0,0,0,82,74,0,70,93,63,98,96,19,66,0,81,32,89,0,0,43,96,90,100,0,4,79,91,79
l21,10=0,0,0,0,0,0,0,0,0,0,0,0,0,0,0,0,0,0,0,0,74,0,69,89,95,90,94,79,89,94,99,73,92,0,94,8,90,94,95,0,0,90,98
l22,10=0,0,0,0,0,0,0,0,0,0,0,0,0,0,0,0,0,0,0,0,93,72,0,46,97,97,30,75,0,29,54,26,0,0,98,6,96,100,0,0,0,0,99
l23,10=0,0,0,0,0,0,0,0,0,0,0,0,0,0,0,0,0,0,0,0,75,89,70,0,95,93,92,78,92,98,96,90,7,0,94,94,93,92,88,0,0,90,96
l24,10=0,0,0,0,0,0,0,0,0,0,46,0,0,0,0,0,0,0,0,0,79,88,75,82,0,100,88,79,86,91,50,92,77,0,97,98,90,97,85,0,76,93,99
l25,10=0,0,0,0,0,0,0,0,0,0,0,0,0,0,0,0,0,0,53,10,84,84,81,89,97,0,82,81,58,91,53,92,3,0,96,97,96,96,79,0,84,94,98
l26,10=0,0,0,0,0,0,0,0,0,0,0,0,0,0,0,0,0,0,0,0,0,89,74,90,97,91,0,77,97,91,96,90,39,0,94,46,92,94,92,0,0,87,95
l27,10=0,0,0,0,0,0,0,0,0,0,0,0,0,0,0,0,0,0,0,0,83,89,80,92,98,97,92,0,97,96,59,86,0,0,96,98,96,95,92,0,0,97,99
l28,10=0,0,0,0,0,0,0,0,0,0,0,0,0,0,0,0,0,0,0,0,0,87,0,86,97,87,91,76,0,99,96,13,91,0,0,72,89,0,93,0,0,89,0
l29,10=0,0,0,0,0,0,0,0,0,0,0,0,0,0,0,0,0,0,0,0,75,87,62,87,95,91,86,77,95,0,92,88,91,0,95,92,89,91,90,0,0,89,96
l30,10=0,0,0,0,0,0,0,0,0,0,0,0,0,0,0,0,0,0,0,0,47,93,73,91,99,91,96,76,95,96,0,4,91,0,83,96,89,91,88,0,0,0,99
l31,10=0,0,0,0,0,0,0,0,0,0,0,0,0,0,0,0,0,0,0,0,84,0,77,75,96,97,0,80,0,88,0,0,0,0,98,80,87,99,0,0,1,93,0
l32,10=0,0,37,0,0,0,0,0,0,0,0,0,0,0,0,0,0,0,0,0,0,84,0,0,77,0,5,0,87,70,72,0,0,0,0,6,0,0,86,0,0,0,0
l33,10=0,0,0,0,0,0,0,0,0,63,84,0,0,0,0,0,0,0,5,0,0,0,0,0,0,0,0,0,0,0,0,0,0,0,0,0,0,0,0,100,81,0,0
l34,10=0,0,0,0,0,0,0,0,0,0,42,0,0,0,0,0,0,0,71,46,90,90,83,92,96,100,90,80,68,98,34,95,0,0,0,98,96,100,0,25,79,95,96
l35,10=0,0,0,0,0,0,0,0,0,0,0,0,0,0,0,0,0,0,0,0,78,87,4,90,99,94,87,86,0,93,92,92,25,0,95,0,96,95,92,69,0,95,99
l36,10=0,0,0,0,0,0,0,0,0,0,0,0,0,0,0,0,0,0,0,48,84,90,85,91,96,97,94,82,91,63,46,92,0,60,97,98,0,100,67,0,0,93,98
l37,10=0,0,0,0,0,0,0,0,0,0,58,0,0,0,0,0,0,53,67,1,93,47,90,66,96,98,83,82,0,4,0,91,0,0,97,59,96,0,79,53,86,95,99
l38,10=0,0,0,0,0,0,0,0,0,0,0,0,0,0,0,0,0,0,0,0,0,90,0,86,85,86,92,76,97,93,96,0,95,0,0,98,79,48,0,0,0,90,91
l39,10=0,0,2,0,0,0,0,63,0,72,73,71,0,0,0,0,0,0,0,51,0,0,0,0,0,0,0,0,0,0,0,0,0,100,2,34,0,60,0,0,39,0,0
l40,10=0,0,0,0,0,0,0,8,0,0,25,0,0,0,0,0,57,64,92,92,82,0,0,0,81,93,0,0,0,0,0,60,0,72,85,0,0,100,0,60,0,0,0
l41,10=0,0,0,0,0,0,0,0,0,0,0,0,0,0,0,0,0,0,0,0,84,88,0,91,97,98,2,82,70,91,0,93,0,0,96,98,92,100,90,0,0,0,98
l42,10=0,0,0,0,0,0,0,0,0,0,0,0,0,0,0,0,0,0,0,0,71,88,82,91,99,96,88,81,89,97,96,81,0,0,94,99,91,95,88,0,0,90,0

l0,11=0,92,88,89,98,98,95,71,0,93,84,88,11,80,0,0,0,0,0,0,0,0,0,0,0,0,0,0,0,0,0,0,0,0,0,0,0,0,0,0,0,0,0
l1,11=71,0,87,89,98,87,0,69,48,93,73,35,76,9,0,0,0,0,0,0,0,0,0,0,0,0,0,0,0,0,0,0,10,25,0,0,0,0,0,72,0,0,0
l2,11=95,90,0,89,92,85,61,55,0,93,70,72,79,70,84,0,0,0,0,0,0,0,0,0,0,0,0,0,0,0,0,0,0,0,0,0,0,0,0,0,0,0,0
l3,11=85,78,88,0,96,85,68,0,0,32,71,3,82,86,0,0,0,0,0,0,0,0,0,0,0,0,0,0,0,0,0,0,0,0,0,0,0,0,0,0,0,0,0
l4,11=92,93,87,89,0,98,99,13,0,87,68,0,83,83,87,0,0,0,0,0,0,0,0,0,0,0,0,0,0,0,0,0,0,0,0,0,0,0,0,0,0,0,0
l5,11=89,76,56,88,98,0,99,16,70,23,65,84,81,87,0,0,0,0,0,0,0,0,0,0,0,0,0,0,0,0,0,0,0,0,0,0,0,0,0,0,0,0,0
l6,11=93,0,85,80,98,97,0,75,0,49,61,0,23,2,96,0,0,0,0,0,0,0,0,0,0,0,0,0,0,0,0,0,0,0,0,0,0,0,0,0,0,0,0
l7,11=45,90,48,0,1,93,73,0,95,90,87,86,0,0,0,76,71,37,46,86,0,0,0,0,0,0,0,0,0,0,0,0,0,0,0,0,0,0,0,85,33,0,0
l8,11=0,19,0,0,0,93,0,88,0,6,82,29,0,0,0,76,83,83,0,0,0,0,0,0,0,0,0,0,0,0,0,0,0,0,0,0,0,0,0,0,0,0,0
l9,11=71,91,87,78,77,48,9,85,60,0,84,88,0,0,0,0,0,3,43,0,0,0,0,0,0,0,0,0,0,0,0,0,0,0,0,0,0,0,0,82,0,0,0
l10,11=60,88,74,67,61,70,57,72,76,80,0,85,0,0,0,4,8,73,46,36,0,0,0,0,0,0,0,0,0,0,0,0,0,83,0,0,2,42,0,84,74,0,0
l11,11=66,50,81,62,13,84,0,77,50,93,85,0,0,0,0,0,0,0,0,0,0,0,0,0,0,0,0,0,0,0,0,0,0,0,0,0,0,0,0,0,0,0,0
l12,11=0,68,40,20,91,45,7,0,0,0,0,0,0,93,96,0,0,0,0,0,0,0,0,0,0,0,0,0,0,0,0,0,0,0,0,0,0,0,0,0,0,0,0
l13,11=6,1,50,90,83,96,67,0,0,0,0,0,92,0,98,0,0,0,0,0,0,0,0,0,0,0,0,0,0,0,0,0,0,0,0,0,0,0,0,0,0,0,0
l14,11=0,0,40,0,89,83,94,0,0,0,0,0,87,93,0,0,0,0,0,0,0,0,0,0,0,0,0,0,0,0,0,0,0,0,0,0,0,0,0,0,0,0,0
l15,11=0,0,0,0,0,0,0,0,95,0,0,0,0,0,0,0,89,85,0,0,0,0,0,0,0,0,0,0,0,0,0,0,0,0,0,0,0,0,0,0,0,0,0
l16,11=0,0,0,0,0,0,0,66,95,0,0,0,0,0,0,85,0,85,0,0,0,0,0,0,0,0,0,0,0,0,0,0,0,0,0,0,0,0,0,0,0,0,0
l17,11=0,0,0,0,0,0,0,27,91,0,53,0,0,0,0,84,82,0,45,72,0,0,0,0,0,0,0,0,0,0,0,0,0,0,0,0,0,52,0,0,84,0,0
l18,11=0,0,0,0,0,0,0,0,0,2,78,0,0,0,0,0,0,0,0,99,0,0,0,0,0,0,0,0,0,0,0,0,0,0,0,0,0,79,0,0,94,0,0
l19,11=0,0,0,0,0,0,0,26,0,0,43,0,0,0,0,0,0,50,95,0,0,0,0,0,0,62,0,0,0,0,0,0,0,0,0,0,0,59,0,71,65,0,0
l20,11=0,0,0,0,0,0,0,0,0,0,0,0,0,0,0,0,0,0,65,7,0,35,78,18,75,91,2,52,0,1,86,74,0,0,94,39,85,96,64,0,73,83,62
l21,11=0,0,0,0,0,0,0,0,0,0,0,0,0,0,0,0,0,0,0,0,85,0,71,92,99,98,88,91,94,94,97,85,69,0,72,92,88,87,93,0,0,83,92
l22,11=0,0,0,0,0,0,0,0,0,0,0,0,0,0,0,0,0,0,0,0,92,27,0,75,99,98,62,79,0,0,82,83,0,21,98,95,94,98,59,73,19,77,85
l23,11=0,0,0,0,0,0,0,0,0,0,0,0,0,0,0,0,0,0,0,0,66,94,74,0,98,98,0,85,96,94,92,52,79,0,95,95,98,88,84,0,0,1,97
l24,11=0,0,0,0,0,0,0,0,0,0,1,0,0,0,0,0,0,0,0,0,81,92,86,73,0,98,79,82,63,94,88,91,0,0,95,95,93,94,82,16,69,82,97
l25,11=0,0,0,0,0,0,0,0,0,0,17,0,0,0,0,0,0,0,15,30,91,80,77,87,99,0,78,78,50,71,76,71,14,0,96,95,94,93,71,0,4,87,79
l26,11=0,0,0,0,0,0,0,0,0,0,0,0,0,0,0,0,0,0,0,0,40,94,63,0,98,96,0,90,80,94,92,2,1,0,80,94,82,86,90,0,0,85,98
l27,11=0,0,0,0,0,0,0,0,0,0,0,0,0,0,0,0,0,0,0,0,29,94,85,86,97,10,81,0,63,71,88,83,0,0,95,95,94,94,88,0,0,88,97
l28,11=0,0,0,0,0,0,0,0,0,0,0,0,0,0,0,0,0,0,0,0,0,91,11,91,95,62,86,90,0,94,92,0,97,0,81,95,0,0,92,0,0,22,96
l29,11=0,0,0,0,0,0,0,0,0,0,0,0,0,0,0,0,0,0,0,0,48,75,0,91,94,94,81,82,95,0,91,71,92,0,94,88,1,86,88,0,0,9,96
l30,11=0,0,0,0,0,0,0,0,0,0,0,0,0,0,0,0,0,0,0,0,14,96,80,91,97,80,88,91,96,94,0,58,95,0,91,94,96,82,93,0,0,0,97
l31,11=0,0,0,0,0,0,0,0,0,0,0,0,0,0,0,0,0,0,0,0,85,80,78,74,99,96,18,80,0,71,0,0,0,0,95,95,92,94,12,0,70,92,84
l32,11=0,12,12,46,0,0,0,0,0,0,0,0,0,0,0,0,0,0,0,0,0,45,0,31,0,0,0,0,86,92,58,0,0,0,0,0,3,0,62,0,0,0,64
l33,11=0,0,0,0,0,0,0,0,0,0,75,57,0,0,0,0,0,0,35,0,0,0,36,0,0,0,0,0,0,0,0,0,0,0,0,0,0,0,0,100,67,0,0
l34,11=0,0,0,0,0,0,0,0,0,0,48,0,0,0,0,0,0,0,38,0,88,26,85,78,99,97,59,80,57,72,89,75,0,0,0,95,93,89,0,73,73,81,93
l35,11=0,0,0,0,0,0,0,0,0,0,0,0,0,0,0,0,0,0,0,0,83,52,78,91,99,98,89,91,96,82,93,90,0,0,95,0,98,91,77,0,6,89,98
l36,11=0,0,0,0,0,0,0,0,0,0,29,0,0,0,0,0,0,0,0,0,86,45,87,79,99,100,73,91,17,12,87,92,28,0,97,95,0,97,68,57,50,81,96
l37,11=0,0,0,0,0,0,0,0,0,0,0,0,0,0,0,0,0,19,39,63,92,34,93,60,99,91,61,41,0,4,8,80,0,0,85,87,95,0,55,0,73,92,80
l38,11=0,0,0,0,0,0,0,0,0,0,0,0,0,0,0,0,0,0,0,0,59,96,85,85,98,91,85,89,94,93,94,8,0,0,43,90,81,74,0,0,0,0,97
l39,11=0,0,0,0,0,0,0,46,12,62,72,3,0,0,0,0,0,0,13,59,0,0,64,0,64,1,0,0,0,0,0,0,0,100,55,0,47,0,0,0,73,0,0
l40,11=0,0,0,0,0,0,0,1,0,11,64,0,0,0,0,3,16,68,79,83,82,0,66,0,87,74,0,0,0,0,0,61,0,73,16,15,41,99,0,80,0,62,0
l41,11=0,0,0,0,0,0,0,0,0,0,0,0,0,0,0,0,0,0,0,0,92,81,76,76,99,98,81,91,0,0,46,93,0,0,94,95,93,96,0,0,49,0,97
l42,11=0,0,0,0,0,0,0,0,0,0,0,0,0,0,0,0,0,0,0,0,70,45,80,91,99,91,88,91,74,94,93,68,70,0,96,95,98,94,93,0,0,80,0

l0,12=0,95,89,100,97,86,98,0,84,95,89,0,0,0,0,0,0,0,0,0,0,0,0,0,0,0,0,0,0,0,0,0,0,0,0,0,0,0,0,3,0,0,0
l1,12=76,0,87,100,99,79,0,53,1,95,88,75,65,33,59,0,0,0,0,0,0,0,0,0,0,0,0,0,0,0,0,0,0,0,0,0,0,0,0,0,0,0,0
l2,12=90,92,0,100,96,80,72,59,0,93,77,72,70,17,69,0,0,0,0,0,0,0,0,0,0,0,0,0,0,0,0,0,71,0,0,0,0,0,0,0,0,0,0
l3,12=90,95,91,0,98,86,94,0,0,91,12,75,75,71,46,0,0,0,0,0,0,0,0,0,0,0,0,0,0,0,0,0,0,0,0,0,0,0,0,0,0,0,0
l4,12=93,96,89,100,0,86,99,69,0,91,15,81,76,91,0,0,0,0,0,0,0,0,0,0,0,0,0,0,0,0,0,0,0,0,0,0,0,0,0,0,0,0,0
l5,12=91,87,87,100,97,0,99,75,82,0,84,85,70,60,90,0,0,0,0,0,0,0,0,0,0,0,0,0,0,0,0,0,0,0,0,0,0,0,0,0,0,0,0
l6,12=92,0,84,100,97,86,0,0,71,72,0,81,72,18,92,0,0,0,0,0,0,0,0,0,0,0,0,0,0,0,0,0,0,0,0,0,0,0,0,0,0,0,0
l7,12=2,87,78,0,47,84,4,0,97,71,87,82,0,0,0,44,0,46,37,0,0,0,0,0,0,0,0,0,0,0,0,0,0,0,0,0,0,0,0,52,0,0,0
l8,12=2,0,0,0,0,78,0,72,0,9,85,3,0,0,0,81,50,77,0,0,0,0,0,0,0,0,0,0,0,0,0,0,0,0,0,0,0,54,0,0,0,0,0
l9,12=82,96,84,100,67,0,48,64,0,0,89,90,0,0,0,0,0,0,36,0,0,0,0,0,0,0,0,0,0,0,0,0,0,1,0,0,0,0,0,52,0,0,0
l10,12=3,86,68,0,29,68,0,70,73,86,0,86,0,0,0,0,64,28,35,59,0,0,0,0,2,0,0,0,0,0,0,0,0,75,0,0,2,77,0,0,85,0,0
l11,12=9,69,79,86,71,72,70,31,76,95,89,0,0,0,0,0,0,59,0,0,0,0,0,0,0,0,0,0,0,0,0,0,0,0,0,0,0,0,0,46,0,0,0
l12,12=0,65,77,97,67,29,95,0,0,0,0,0,0,91,96,0,0,0,0,0,0,0,0,0,0,0,0,0,0,0,0,0,0,0,0,0,0,0,0,0,0,0,0
l13,12=0,67,51,88,97,86,13,0,0,0,0,0,83,0,97,0,0,0,0,0,0,0,0,0,0,0,0,0,0,0,0,0,0,0,0,0,0,0,0,0,0,0,0
l14,12=0,2,47,89,45,86,99,0,0,0,0,0,74,93,0,0,0,0,0,0,0,0,0,0,0,0,0,0,0,0,0,0,0,0,0,0,0,0,0,0,0,0,0
l15,12=0,0,0,0,0,0,0,0,85,0,0,0,0,0,0,0,90,86,0,0,0,0,0,0,0,0,0,0,0,0,0,0,0,0,0,0,0,0,0,0,0,0,0
l16,12=0,0,0,0,0,0,0,4,15,0,67,0,0,0,0,96,0,82,0,0,0,0,0,0,0,0,0,0,0,0,0,0,0,0,0,0,0,0,0,0,0,0,0
l17,12=0,0,0,0,0,0,0,56,0,4,0,0,0,0,0,92,87,0,38,59,0,0,0,0,0,0,0,0,0,0,0,0,0,0,0,0,0,18,0,0,78,0,0
l18,12=0,0,0,0,0,0,0,0,0,0,66,0,0,0,0,0,16,70,0,100,54,0,52,0,0,63,0,0,0,0,0,0,0,0,78,0,0,27,0,0,91,0,0
l19,12=0,0,0,0,0,0,0,0,0,0,0,0,0,0,0,0,0,7,82,0,50,0,0,0,0,3,0,0,0,0,0,0,0,18,49,0,0,68,0,6,80,0,0
l20,12=0,0,0,0,0,0,0,0,0,0,0,0,0,0,0,0,0,0,55,0,0,60,82,0,97,88,0,63,0,49,0,78,0,48,100,86,82,97,64,59,68,75,86
l21,12=0,0,0,0,0,0,0,0,0,0,0,0,0,0,0,0,0,0,0,0,80,0,54,92,96,92,85,87,92,98,97,0,0,0,88,98,59,45,94,0,0,62,94
l22,12=0,0,0,0,0,0,0,0,0,0,0,0,0,0,0,0,0,0,0,0,94,0,0,74,96,92,0,85,0,57,0,73,0,0,100,92,92,95,0,16,65,85,0
l23,12=0,0,0,0,0,0,0,0,0,0,0,0,0,0,0,0,0,0,0,0,0,96,69,0,95,96,84,87,95,98,95,78,0,0,84,99,94,83,94,0,0,9,94
l24,12=0,0,0,0,0,0,0,0,0,0,0,0,0,0,0,0,0,0,0,0,92,97,82,85,0,96,79,84,6,76,96,79,28,0,87,71,97,96,89,3,60,73,90
l25,12=0,0,0,0,0,0,0,0,0,0,0,0,0,0,0,0,0,0,30,1,93,92,80,0,96,0,25,76,80,72,36,71,45,0,94,98,96,90,83,0,68,90,94
l26,12=0,0,0,0,0,0,0,0,0,0,0,0,0,0,0,0,0,0,0,0,0,98,0,92,95,76,0,82,22,97,96,80,21,0,61,98,79,96,96,0,0,72,94
l27,12=0,0,0,0,0,0,0,0,0,0,0,0,0,0,0,0,0,0,0,0,93,90,86,92,96,94,78,0,84,0,96,22,0,0,93,99,97,94,83,0,0,84,94
l28,12=0,0,0,0,0,0,0,0,0,0,0,0,0,0,0,0,0,0,0,0,0,94,6,93,0,57,0,85,0,98,95,77,93,0,57,97,0,2,94,0,0,0,45
l29,12=0,0,0,0,0,0,0,0,0,0,0,0,0,0,0,0,0,0,0,0,27,94,65,92,90,76,74,15,89,0,95,69,94,0,81,85,82,70,94,0,0,83,90
l30,12=0,0,0,0,0,0,0,0,0,0,0,0,0,0,0,0,0,0,0,0,82,98,35,92,96,82,85,87,95,98,0,80,90,0,89,99,70,74,95,0,0,0,94
l31,12=0,0,0,0,0,0,0,0,0,0,0,0,0,0,0,0,0,0,0,0,94,0,80,76,97,91,76,77,84,72,96,0,0,0,86,99,85,91,78,0,17,93,90
l32,12=0,10,28,33,0,0,0,0,0,0,0,0,0,0,0,0,0,0,0,0,0,37,0,0,31,75,39,0,41,95,58,0,0,0,2,0,0,0,85,0,0,0,0
l33,12=0,0,0,0,0,0,0,0,0,55,61,46,0,0,0,0,0,0,30,14,13,0,0,0,58,0,0,0,0,0,0,0,0,0,80,0,30,17,0,100,65,0,0
l34,12=0,0,0,0,0,0,0,0,0,17,1,0,0,0,0,0,0,0,37,4,93,72,87,80,97,91,63,70,43,66,95,63,0,75,0,92,95,97,78,43,62,72,87
l35,12=0,0,0,0,0,0,0,0,0,0,0,0,0,0,0,0,0,0,0,0,90,96,84,92,96,96,84,88,92,73,96,80,0,0,89,0,89,30,92,22,0,89,98
l36,12=0,0,0,0,0,0,0,0,0,0,1,0,0,0,0,0,0,0,0,0,88,68,84,79,97,96,72,83,0,68,92,75,0,16,99,99,0,96,80,74,62,64,94
l37,12=0,0,0,0,0,0,0,0,57,0,0,0,0,0,0,0,0,8,2,18,94,79,83,0,96,75,72,66,0,43,69,80,0,6,97,12,91,0,49,0,0,93,0
l38,12=0,0,0,0,0,0,0,0,0,0,0,0,0,0,0,0,0,0,0,0,76,97,0,86,94,89,81,73,94,98,96,74,93,0,83,94,77,47,0,0,0,88,94
l39,12=0,4,0,0,0,0,0,43,0,48,74,44,0,0,0,0,0,0,0,18,55,0,45,0,16,0,0,0,0,0,0,0,0,100,61,21,68,0,0,0,23,0,0
l40,12=0,0,0,0,0,0,0,0,0,0,69,0,0,0,0,4,61,68,39,79,64,0,66,0,85,72,0,0,0,0,0,3,0,75,83,0,81,69,0,40,0,0,0
l41,12=0,0,0,0,0,0,0,0,0,0,0,0,0,0,0,0,0,0,0,0,94,93,70,74,96,96,74,76,0,85,55,85,0,0,93,99,79,97,95,0,0,0,92
l42,12=0,0,0,0,0,0,0,0,0,0,0,0,0,0,0,0,0,0,0,0,20,98,75,92,87,95,85,88,89,98,97,83,25,0,93,100,95,26,95,0,0,89,0

l0,13=0,84,92,100,94,96,93,2,0,98,38,85,87,0,0,0,0,0,0,0,0,0,0,0,0,0,0,0,0,0,0,0,0,0,0,0,0,0,0,16,0,0,0
l1,13=86,0,99,100,100,96,80,93,0,100,95,95,0,85,0,0,0,0,0,0,0,0,0,0,0,0,0,0,0,0,0,0,0,50,0,0,0,0,0,79,0,0,0
l2,13=98,100,0,100,94,99,36,0,0,100,0,93,92,87,96,0,0,0,0,0,0,0,0,0,0,0,0,0,0,0,0,0,48,0,0,0,0,0,0,3,0,0,0
l3,13=100,94,100,0,100,100,0,0,0,64,0,16,99,88,0,0,0,0,0,0,0,0,0,0,0,0,0,0,0,0,0,0,0,0,0,0,0,0,0,0,0,0,0
l4,13=94,93,87,100,0,16,92,94,0,98,0,85,87,88,94,0,0,0,0,0,0,0,0,0,0,0,0,0,0,0,0,0,0,0,0,0,0,0,0,0,0,0,0
l5,13=87,80,89,100,94,0,100,96,89,97,85,82,86,88,96,0,0,0,0,0,0,0,0,0,0,0,0,0,0,0,0,0,0,0,0,0,0,0,0,0,0,0,0
l6,13=81,83,82,67,89,97,0,95,82,95,78,0,86,88,94,0,0,0,0,0,0,0,0,0,0,0,0,0,0,0,0,0,0,0,0,0,0,0,0,0,0,0,0
l7,13=73,64,0,30,89,95,86,0,86,98,85,83,0,0,0,1,40,78,1,87,0,0,0,0,0,0,0,0,0,0,0,0,0,90,0,0,0,0,0,0,0,0,0
l8,13=0,5,0,0,0,95,0,99,0,97,89,0,0,0,0,99,39,89,64,0,0,0,0,0,0,0,0,0,0,0,0,0,0,0,0,0,0,0,0,0,0,0,0
l9,13=87,92,88,84,92,92,92,96,90,0,86,88,83,0,0,0,0,0,0,51,0,0,0,0,0,0,0,0,0,0,0,0,0,82,0,0,0,0,0,77,0,0,0
l10,13=0,88,76,0,3,88,50,97,90,98,0,99,0,0,0,7,0,74,84,0,0,0,0,0,0,0,0,0,0,0,0,0,0,90,83,0,10,95,0,89,84,0,0
l11,13=87,89,89,91,44,91,0,98,0,100,100,0,0,0,0,0,0,0,1,0,0,0,0,0,0,0,0,0,0,0,0,0,0,66,0,0,0,0,0,80,0,0,0
l12,13=92,0,98,100,95,95,87,0,0,84,0,0,0,99,99,0,0,0,0,0,0,0,0,0,0,0,0,0,0,0,0,0,0,0,0,0,0,0,0,0,0,0,0
l13,13=2,85,87,100,43,98,92,0,0,0,0,0,99,0,57,0,0,0,0,0,0,0,0,0,0,0,0,0,0,0,0,0,0,0,0,0,0,0,0,0,0,0,0
l14,13=0,0,90,80,0,100,96,0,0,0,0,0,96,86,0,0,0,0,0,0,0,0,0,0,0,0,0,0,0,0,0,0,0,0,0,0,0,0,0,0,0,0,0
l15,13=0,0,0,0,0,0,0,0,87,0,2,0,0,0,0,0,88,91,51,0,0,0,0,0,0,0,0,0,0,0,0,0,0,0,0,0,0,0,0,0,0,0,0
l16,13=0,0,0,0,0,0,0,95,89,0,0,0,0,0,0,99,0,100,98,0,0,0,0,0,0,0,0,0,0,0,0,0,0,0,0,0,0,0,0,0,0,0,0
l17,13=0,0,0,0,0,0,0,99,94,0,4,0,0,0,0,97,60,0,80,81,0,0,0,0,0,0,0,0,0,0,0,0,0,0,0,0,0,28,0,0,59,0,0
l18,13=0,0,0,0,0,0,0,0,4,39,95,0,0,0,0,22,57,96,0,100,88,0,59,0,0,0,0,0,0,0,0,0,0,10,21,0,0,0,0,0,86,0,0
l19,13=0,0,0,0,0,0,0,8,0,73,0,0,0,0,0,0,0,87,100,0,95,0,48,0,0,0,0,0,0,0,0,0,0,0,0,0,0,0,0,75,98,0,0
l20,13=0,0,0,0,0,0,0,0,0,0,51,0,0,0,0,0,0,0,77,79,0,85,96,78,100,97,65,93,0,81,0,87,0,0,99,97,99,100,68,81,82,87,84
l21,13=0,0,0,0,0,0,0,0,0,0,0,0,0,0,0,0,0,0,0,0,70,0,39,91,100,89,91,93,95,94,99,72,87,0,83,94,97,93,92,0,0,83,99
l22,13=0,0,0,0,0,0,0,0,0,0,0,0,0,0,0,0,0,0,0,50,93,44,0,89,100,97,78,91,61,94,83,89,0,0,99,95,99,100,86,0,0,76,93
l23,13=0,0,0,0,0,0,0,0,0,0,0,0,0,0,0,0,0,0,0,0,46,96,79,0,99,91,89,93,95,95,87,71,80,0,90,91,94,92,92,0,0,81,97
l24,13=0,0,0,0,0,0,0,0,0,0,0,0,0,0,0,0,0,0,0,0,79,96,90,87,0,93,89,0,90,95,86,39,35,0,90,95,99,96,93,0,0,85,97
l25,13=0,0,0,0,0,0,0,0,0,0,14,0,0,0,0,0,0,0,68,0,92,94,82,84,100,0,89,94,76,94,84,89,76,0,83,94,99,96,82,0,0,97,97
l26,13=0,0,0,0,0,0,0,0,0,0,0,0,0,0,0,0,0,0,0,0,66,99,61,88,100,90,0,95,94,93,94,17,0,0,0,92,95,94,92,0,0,78,99
l27,13=0,0,0,0,0,0,0,0,0,0,0,0,0,0,0,0,0,0,0,0,84,97,81,93,100,93,90,0,82,93,82,92,0,0,81,96,99,96,92,0,55,95,97
l28,13=0,0,0,0,0,0,0,0,0,0,0,0,0,0,0,0,0,0,0,0,0,92,70,89,55,80,89,89,0,89,97,70,20,0,74,93,78,0,94,0,0,75,93
l29,13=0,0,0,0,0,0,0,0,0,0,0,0,0,0,0,0,0,0,0,0,61,0,65,88,66,88,83,86,93,0,90,74,85,0,72,89,87,45,89,0,0,69,91
l30,13=0,0,0,0,0,0,0,0,0,0,0,0,0,0,0,0,0,0,0,0,31,98,78,89,100,89,90,92,96,95,0,10,91,0,79,93,81,0,91,0,0,79,100
l31,13=0,0,0,0,0,0,0,0,0,0,0,0,0,0,0,0,0,0,12,0,82,92,82,2,99,97,1,98,2,95,0,0,0,0,95,95,87,96,1,0,0,99,91
l32,13=0,0,72,64,0,0,0,0,0,0,0,0,0,0,0,0,0,0,0,0,0,0,0,73,1,82,0,0,84,86,72,1,0,0,0,0,0,0,77,0,0,0,89
l33,13=0,33,0,0,0,0,0,13,0,0,96,20,0,0,0,0,0,0,93,30,0,0,0,0,0,0,0,0,0,0,0,0,0,0,38,0,95,0,0,100,100,0,0
l34,13=0,0,0,0,0,0,0,0,0,0,0,0,0,0,0,0,0,0,74,2,90,92,95,90,100,97,61,92,89,94,81,90,0,43,0,94,100,98,92,0,85,84,97
l35,13=0,0,0,0,0,0,0,0,0,0,0,0,0,0,0,0,0,0,0,0,93,97,81,88,100,97,91,98,94,94,86,88,0,0,84,0,99,95,91,2,0,99,0
l36,13=0,0,0,0,0,0,0,0,0,0,0,0,0,0,0,0,0,0,0,0,84,96,90,90,100,93,89,98,81,95,81,84,0,77,99,96,0,97,92,2,79,82,96
l37,13=0,0,0,0,0,0,0,0,0,0,65,0,0,0,0,0,0,61,0,0,92,82,95,91,99,95,86,85,0,0,82,94,0,0,98,94,99,0,53,0,87,96,97
l38,13=0,0,0,0,0,0,0,0,0,0,0,0,0,0,0,0,0,0,0,0,67,96,80,90,99,0,91,92,98,92,89,64,91,0,80,84,94,78,0,0,0,79,99
l39,13=0,75,39,0,0,0,0,0,0,95,100,89,0,0,0,0,0,0,2,69,6,0,33,0,7,0,0,0,0,0,0,0,0,100,0,6,15,0,0,0,13,0,0
l40,13=0,38,0,0,0,0,0,0,78,90,57,0,0,0,0,0,0,82,92,97,88,0,42,0,83,0,0,0,0,0,0,77,0,98,96,0,90,97,0,52,0,62,0
l41,13=0,0,0,0,0,0,0,0,0,0,0,0,0,0,0,0,0,0,0,0,88,100,0,90,100,97,89,95,90,93,83,94,0,0,83,96,91,96,92,0,9,0,92
l42,13=0,0,0,0,0,0,0,0,0,0,0,0,0,0,0,0,0,0,0,0,72,98,14,90,100,91,99,35,95,84,97,83,87,0,90,92,97,92,96,0,0,85,0

l0,14=0,100,100,100,100,100,0,96,69,100,0,98,93,0,0,0,0,0,0,0,0,0,0,0,0,0,0,0,0,0,0,0,0,0,0,0,0,0,0,0,0,0,0
l1,14=100,0,100,99,97,8,1,2,0,97,95,92,92,93,0,0,0,0,62,0,0,0,0,0,0,0,0,0,0,0,0,0,0,0,0,0,0,0,0,34,0,0,0
l2,14=99,100,0,98,97,100,97,0,0,93,0,92,94,16,89,0,0,0,0,0,0,0,0,0,0,0,0,0,0,0,0,0,98,0,0,0,0,0,0,11,0,0,0
l3,14=100,99,100,0,96,100,98,0,0,92,0,87,94,93,83,0,0,0,0,0,0,0,0,0,0,0,0,0,0,0,0,0,0,0,0,0,0,0,0,0,0,0,0
l4,14=100,100,99,100,0,100,100,96,0,97,0,96,0,98,15,0,0,0,0,0,0,0,0,0,0,0,0,0,0,0,0,0,0,0,0,0,0,0,0,0,0,0,0
l5,14=100,0,100,100,100,0,100,100,93,89,0,22,89,94,81,0,0,0,0,0,0,0,0,0,0,0,0,0,0,0,0,0,0,0,0,0,0,0,0,0,0,0,0
l6,14=0,0,92,98,97,100,0,100,80,1,72,73,75,100,0,0,0,0,0,0,0,0,0,0,0,0,0,0,0,0,0,0,0,0,0,0,0,0,0,0,0,0,0
l7,14=99,93,12,0,91,95,99,0,99,96,95,94,0,0,0,0,92,0,0,0,0,0,0,0,0,0,0,0,0,0,0,0,0,0,0,0,0,3,0,89,32,0,0
l8,14=62,0,1,0,0,46,33,100,0,93,92,8,0,0,0,3,95,98,3,0,0,0,0,0,0,0,0,0,0,0,0,0,0,0,0,0,0,0,0,0,0,0,0
l9,14=99,100,98,100,93,100,0,100,98,0,100,100,54,0,0,0,0,95,93,0,0,0,0,0,0,0,0,0,0,0,0,0,0,27,0,0,0,0,0,100,99,0,0
l10,14=0,100,28,0,0,0,0,100,99,46,0,99,0,0,0,0,90,32,100,0,0,0,0,0,0,0,0,0,0,0,0,0,0,97,0,0,0,48,0,100,97,0,0
l11,14=100,100,98,96,94,88,73,100,96,98,100,0,0,0,0,0,0,0,0,0,0,0,0,0,0,0,0,0,0,0,0,0,0,82,0,0,0,0,0,70,0,0,0
l12,14=97,100,100,100,0,99,70,0,0,0,0,0,0,100,97,0,0,0,0,0,0,0,0,0,0,0,0,0,0,0,0,0,0,0,0,0,0,0,0,0,0,0,0
l13,14=1,100,98,100,97,99,100,0,0,0,0,0,100,0,100,0,0,0,0,0,0,0,0,0,0,0,0,0,0,0,0,0,0,0,0,0,0,0,0,0,0,0,0
l14,14=0,0,46,96,0,4,100,0,0,0,0,0,98,100,0,0,0,0,0,0,0,0,0,0,0,0,0,0,0,0,0,0,0,0,0,0,0,0,0,0,0,0,0
l15,14=0,0,0,0,0,0,0,0,93,0,0,0,0,0,0,0,95,3,85,0,0,0,0,0,0,0,0,0,0,0,0,0,0,0,0,0,0,0,0,0,0,0,0
l16,14=0,0,0,0,0,0,0,91,97,0,0,0,0,0,0,99,0,98,50,0,0,0,0,0,0,0,0,0,0,0,0,0,0,0,0,0,0,0,0,0,0,0,0
l17,14=0,0,0,0,0,0,0,11,99,3,1,0,0,0,0,91,98,0,97,97,0,0,0,0,0,0,0,0,0,0,0,0,0,0,0,0,0,0,0,0,0,0,0
l18,14=0,0,0,0,0,0,0,0,0,88,96,0,0,0,0,62,15,97,0,100,0,0,0,0,0,0,0,0,0,0,0,0,0,0,0,0,0,2,0,0,99,0,0
l19,14=0,0,0,0,0,0,0,0,0,0,5,0,0,0,0,0,0,98,100,0,93,0,0,0,0,59,0,0,0,0,0,4,0,0,0,0,0,99,0,83,99,0,0
l20,14=0,0,0,0,0,0,0,0,0,0,48,0,0,0,0,0,0,0,0,94,0,57,100,98,100,100,0,92,0,51,83,89,0,0,96,100,99,100,0,0,97,99,96
l21,14=0,0,0,0,0,0,0,0,0,0,0,0,0,0,0,0,0,0,0,0,0,0,98,98,96,97,99,93,99,98,99,93,98,0,87,100,100,92,98,0,0,81,97
l22,14=0,0,0,0,0,0,0,0,0,0,0,0,0,0,0,0,0,0,0,66,100,97,0,97,56,100,0,96,0,99,92,100,0,0,100,90,100,100,96,0,95,99,95
l23,14=0,0,0,0,0,0,0,0,0,0,0,0,0,0,0,0,0,0,0,0,93,99,98,0,97,70,99,77,97,98,90,93,96,0,0,100,100,90,98,0,0,19,98
l24,14=0,0,0,0,0,0,0,0,0,0,7,0,0,0,0,0,0,0,0,0,100,95,68,99,0,98,96,100,93,59,88,84,11,0,91,100,100,88,96,77,0,99,99
l25,14=0,0,0,0,0,0,0,0,0,0,0,0,0,0,0,0,0,0,91,26,100,94,99,74,96,0,91,96,93,97,89,99,59,0,97,98,100,94,94,0,87,99,83
l26,14=0,0,0,0,0,0,0,0,0,0,0,0,0,0,0,0,0,0,0,0,0,98,0,98,97,95,0,92,98,99,90,91,0,0,0,99,86,93,100,0,0,54,100
l27,14=0,0,0,0,0,0,0,0,0,0,0,0,0,0,0,0,0,0,0,0,30,87,93,96,97,91,94,0,91,98,90,100,0,0,97,100,100,96,98,0,0,99,97
l28,14=0,0,0,0,0,0,0,0,0,0,0,0,0,0,0,0,0,0,0,0,0,97,0,96,91,81,97,94,0,96,89,68,96,0,47,93,81,0,95,0,0,89,96
l29,14=0,0,0,0,0,0,0,0,0,0,0,0,0,0,0,0,0,0,0,0,0,95,78,98,0,95,95,91,99,0,86,73,97,0,87,94,92,89,0,0,0,85,97
l30,14=0,0,0,0,0,0,0,0,0,0,0,0,0,0,0,0,0,0,0,0,0,99,98,96,89,94,96,92,99,96,0,89,91,0,81,100,0,93,100,0,0,94,100
l31,14=0,0,0,0,0,0,0,0,0,0,0,0,0,0,0,0,0,0,0,0,0,90,99,98,48,100,92,98,3,42,89,0,0,0,97,100,96,98,97,0,0,99,95
l32,14=0,62,3,25,0,0,0,0,0,0,0,0,0,0,0,0,0,0,0,0,0,1,0,76,64,84,75,0,91,95,71,0,0,0,0,0,0,0,94,0,0,0,0
l33,14=0,84,30,0,0,0,0,0,0,4,100,97,0,0,0,0,0,0,99,0,0,0,0,0,6,0,0,0,0,0,0,0,0,0,98,0,1,96,0,100,99,0,0
l34,14=0,0,0,0,0,0,0,0,0,0,0,0,0,0,0,0,0,0,86,0,100,91,100,71,86,100,86,99,57,97,83,100,11,76,0,100,99,100,92,93,93,99,62
l35,14=0,0,0,0,0,0,0,0,0,0,0,0,0,0,0,0,0,0,0,0,99,99,83,98,97,97,99,100,97,99,93,98,33,0,97,0,97,96,97,81,0,99,99
l36,14=0,0,0,0,0,0,0,0,0,0,73,0,0,0,0,0,0,0,32,0,89,96,100,98,97,100,1,100,92,97,83,100,0,2,99,98,0,100,97,0,82,100,99
l37,14=0,0,0,0,0,0,0,0,0,0,0,0,0,0,0,0,0,0,0,98,100,68,100,91,100,100,92,100,0,96,85,100,0,6,98,99,100,0,7,0,0,100,89
l38,14=0,0,0,0,0,0,0,0,0,0,0,0,0,0,0,0,0,0,0,0,0,97,85,98,97,97,99,91,99,98,93,86,98,0,71,96,92,0,0,0,0,86,99
l39,14=7,91,98,0,0,0,0,96,0,100,100,99,0,0,0,0,0,0,100,99,0,0,0,0,96,0,0,0,0,0,0,0,0,100,94,95,0,0,0,0,99,0,0
l40,14=0,0,0,0,0,0,0,0,0,42,71,13,0,0,0,0,0,0,100,99,100,0,98,0,23,99,0,0,0,0,0,95,0,97,98,96,95,1,0,99,0,0,0
l41,14=0,0,0,0,0,0,0,0,0,0,0,0,0,0,0,0,0,0,0,0,100,87,95,92,78,98,51,96,90,91,87,100,0,0,79,99,100,99,92,0,0,0,0
l42,14=0,0,0,0,0,0,0,0,0,0,0,0,0,0,0,0,0,0,0,0,2,99,67,98,97,91,100,39,98,98,100,64,17,0,83,99,100,90,100,0,0,0,0

l0,15=0,100,100,100,100,100,0,53,0,99,99,100,97,0,0,0,0,0,0,0,0,0,0,0,0,0,0,0,0,0,0,0,0,0,0,0,0,0,0,0,0,0,0
l1,15=100,0,100,98,100,100,99,90,0,99,95,95,0,8,51,0,0,0,2,25,0,0,0,0,0,0,0,0,0,0,0,0,4,0,0,0,0,0,0,98,0,0,0
l2,15=100,100,0,100,100,100,99,86,0,95,95,98,98,56,20,0,0,0,0,0,0,0,0,0,0,0,0,0,0,0,0,0,87,0,0,0,0,0,0,0,0,0,0
l3,15=100,96,100,0,100,100,64,0,0,95,65,94,98,94,75,0,0,0,0,0,0,0,0,0,0,0,0,0,0,0,0,0,0,0,0,0,0,0,0,0,0,0,0
l4,15=100,100,100,100,0,100,100,99,63,99,0,98,72,100,0,0,0,0,0,0,0,0,0,0,0,0,0,0,0,0,0,0,0,0,0,0,0,0,0,0,0,0,0
l5,15=100,100,100,99,100,0,100,100,98,94,0,93,98,0,0,0,0,0,0,0,0,0,0,0,0,0,0,0,0,0,0,0,0,0,0,0,0,0,0,0,0,0,0
l6,15=0,100,99,83,100,100,0,98,54,100,2,0,100,100,88,0,0,0,0,0,0,0,0,0,0,0,0,0,0,0,0,0,0,0,0,0,0,0,0,0,0,0,0
l7,15=98,47,98,79,89,99,93,0,99,95,99,98,0,0,0,0,99,100,0,0,0,0,0,0,0,0,0,0,0,0,0,0,0,0,0,0,0,0,0,0,80,0,0
l8,15=0,29,0,0,7,91,21,100,0,91,98,0,0,0,0,95,95,32,0,0,0,0,0,0,0,0,0,0,0,0,0,0,0,0,0,0,0,0,0,0,0,0,0
l9,15=100,100,99,99,96,100,99,100,100,0,100,100,0,0,0,0,0,100,0,0,0,0,0,0,0,0,0,0,0,0,0,0,0,98,0,0,0,0,0,97,40,0,0
l10,15=100,97,99,95,0,9,0,100,99,99,0,100,0,0,0,0,99,99,92,0,67,0,0,0,0,0,0,0,0,0,0,0,0,99,94,0,0,0,0,100,100,0,0
l11,15=100,100,100,93,95,98,0,100,29,100,100,0,0,0,0,0,1,0,1,0,0,0,0,0,5,0,0,0,0,0,0,0,0,61,0,0,0,0,0,77,0,0,0
l12,15=99,0,100,98,0,96,21,0,0,0,0,0,0,100,83,0,0,0,0,0,0,0,0,0,0,0,0,0,0,0,0,0,0,0,0,0,0,0,0,0,0,0,0
l13,15=22,98,91,98,95,99,98,0,0,0,0,0,100,0,97,0,0,0,0,0,0,0,0,0,0,0,0,0,0,0,0,0,0,0,0,0,0,0,0,0,0,0,0
l14,15=0,68,0,0,0,0,99,0,0,0,0,0,100,92,0,0,0,0,0,0,0,0,0,0,0,0,0,0,0,0,0,0,0,0,0,0,0,0,0,0,0,0,0
l15,15=0,0,0,0,0,0,0,0,98,0,0,0,0,0,0,0,98,98,0,0,0,0,0,0,0,0,0,0,0,0,0,0,0,0,0,0,0,0,0,0,0,0,0
l16,15=0,0,0,0,0,0,0,0,93,0,1,0,0,0,0,100,0,99,69,0,0,0,0,0,0,0,0,0,0,0,0,0,0,0,0,0,0,0,0,0,0,0,0
l17,15=0,0,0,0,0,0,0,96,36,74,85,11,0,0,0,99,100,0,79,88,0,0,0,0,0,0,0,0,0,0,0,0,0,0,0,0,0,94,0,0,0,0,0
l18,15=0,0,0,0,0,0,0,0,0,16,99,0,0,0,0,0,98,100,0,100,40,0,89,0,0,100,0,0,0,0,0,0,0,0,0,0,0,0,0,100,83,0,0
l19,15=0,0,0,0,0,0,0,0,0,0,0,0,0,0,0,0,0,91,100,0,100,0,0,0,0,22,0,0,0,0,0,0,0,0,0,0,0,100,0,0,83,0,0
l20,15=0,0,0,0,0,0,0,0,0,0,86,0,0,0,0,0,0,0,91,97,0,1,99,91,99,100,92,98,0,98,98,100,0,0,100,100,99,100,90,0,0,98,24
l21,15=0,0,0,0,0,0,0,0,0,0,0,0,0,0,0,0,0,0,0,0,94,0,0,99,98,99,99,96,98,100,100,95,95,0,98,100,99,88,100,0,0,78,84
l22,15=0,0,0,0,0,0,0,0,0,0,1,0,0,0,0,0,0,0,97,0,100,61,0,95,100,100,99,96,0,95,67,94,0,33,100,100,99,100,99,4,85,97,89
l23,15=0,0,0,0,0,0,0,0,0,0,0,0,0,0,0,0,0,0,0,0,84,100,90,0,100,99,97,92,97,99,100,95,9,0,98,99,82,90,100,0,0,83,99
l24,15=0,0,0,0,0,0,0,0,0,0,0,0,0,0,0,0,0,0,0,0,91,94,99,96,0,100,98,95,78,96,85,86,0,78,96,100,79,90,99,44,0,98,91
l25,15=0,0,0,0,0,0,0,0,0,0,0,0,0,0,0,0,0,0,90,0,99,100,98,99,100,0,74,96,85,96,82,99,0,0,99,100,99,100,88,0,89,96,84
l26,15=0,0,0,0,0,0,0,0,0,0,0,0,0,0,0,0,0,0,0,0,0,100,95,99,100,93,0,96,7,99,100,69,88,0,71,100,8,64,100,0,0,95,86
l27,15=0,0,0,0,0,0,0,0,0,0,0,0,0,0,0,0,0,0,0,0,99,100,98,99,100,99,99,0,0,96,100,97,1,0,99,100,90,93,100,0,0,98,88
l28,15=0,0,0,0,0,0,0,0,0,0,0,0,0,0,0,0,0,0,0,0,0,100,0,99,36,99,0,0,0,99,98,90,96,0,83,84,75,80,100,0,0,92,87
l29,15=0,0,0,0,0,0,0,0,0,0,0,0,0,0,0,0,0,0,0,0,80,100,85,97,99,99,98,91,100,0,100,93,94,0,0,0,88,80,100,31,0,88,87
l30,15=0,0,0,0,0,0,0,0,0,0,0,0,0,0,0,0,0,0,0,0,0,100,77,99,78,86,99,94,99,99,0,53,96,0,98,100,97,87,100,0,0,95,89
l31,15=0,0,0,0,0,0,0,0,0,0,0,0,0,0,0,0,0,0,0,0,100,84,98,99,99,100,62,96,0,96,24,0,0,0,88,0,99,100,0,0,0,100,76
l32,15=0,57,3,8,0,0,0,0,0,0,0,0,0,0,0,0,0,0,0,0,0,96,0,74,0,0,83,0,92,86,82,0,0,0,1,1,0,0,94,0,0,0,78
l33,15=0,0,0,0,0,0,0,0,0,0,100,100,0,0,0,0,0,0,99,0,0,0,12,0,95,0,0,0,0,0,0,0,0,0,0,0,0,99,0,100,99,0,0
l34,15=0,0,0,0,0,0,0,0,0,59,0,0,0,0,0,0,0,0,0,0,100,98,98,97,96,100,77,96,92,29,0,96,0,0,0,100,100,100,0,0,0,85,96
l35,15=0,0,0,0,0,0,0,0,0,0,0,0,0,0,0,0,0,0,0,0,99,100,98,99,100,99,99,96,98,78,100,53,7,0,99,0,99,88,100,0,6,99,87
l36,15=0,0,0,0,0,0,0,0,0,0,0,0,0,0,0,0,0,0,0,0,95,100,98,99,98,99,99,95,98,98,99,100,0,0,99,100,0,100,98,89,0,98,82
l37,15=0,0,0,0,0,0,0,0,2,0,37,0,0,0,0,0,0,31,11,97,100,94,99,80,91,99,78,88,93,0,95,100,0,27,98,97,100,0,91,39,100,99,92
l38,15=0,0,0,0,0,0,0,0,0,0,0,0,0,0,0,0,0,0,0,0,0,100,92,99,99,99,99,94,100,0,98,0,98,0,0,97,73,86,0,0,0,93,88
l39,15=0,100,64,0,0,0,0,1,0,100,100,2,0,0,0,0,0,0,100,79,0,0,0,0,41,0,0,0,0,29,0,0,0,100,0,0,99,24,0,0,96,0,0
l40,15=0,10,0,0,0,0,0,97,1,50,98,47,0,0,0,0,0,0,99,99,100,0,99,0,0,100,0,0,0,0,0,0,0,91,95,0,0,100,0,100,0,77,0
l41,15=0,0,0,0,0,0,0,0,0,0,0,0,0,0,0,0,0,0,0,0,100,0,95,90,100,100,94,97,95,89,96,99,0,0,0,100,100,93,94,0,54,0,85
l42,15=0,0,0,0,0,0,0,0,0,0,0,0,0,0,0,0,0,0,0,0,0,100,98,99,94,99,94,96,100,96,100,98,87,0,91,0,99,95,98,0,0,72,0

