t=2016-04-14_05.12.09

n=40

q0=1
q1=1
q2=1
q3=1
q4=1
q5=1
q6=1
q7=1
q8=1
q9=1
q10=1
q11=1
q12=1
q13=1
q14=1
q15=1
q16=1
q17=1
q18=1
q19=1
q20=1
q21=1
q22=1
q23=1
q24=1
q25=1
q26=1
q27=1
q28=1
q29=1
q30=1
q31=1
q32=1
q33=1
q34=1
q35=1
q36=1
q37=1
q38=1
q39=1

a0=0x141592000c576ce6
a1=0x141592000c5aedbc
a2=0x141592000c5750f4
a3=0x141592000c576658
a4=0x141592000c575890
a5=0x141592000c574ffa
a6=0x141592000c5acf11
a7=0x141592000d9df361
a8=0x141592000c576300
a9=0x141592000c5779b6
a10=0x141592000c5762b9
a11=0x141592000c5af078
a12=0x141592000c575517
a13=0x141592000c5752c3
a14=0x141592000c5a4baa
a15=0x141592000c5776e7
a16=0x141592000c58cdeb
a17=0x141592000c5881fc
a18=0x141592000bd81d33
a19=0x141592000bd84d6a
a20=0x141592000c577233
a21=0x141592000c574527
a22=0x141592000c5746a3
a23=0x141592000c574da3
a24=0x141592000c5741c9
a25=0x141592000da244ea
a26=0x141592000c5ae886
a27=0x141592000c57510e
a28=0x141592000c5ab6c8
a29=0x141592000c574d05
a30=0x141592000edae61f
a31=0x141592000c57667e
a32=0x141592000c577f43
a33=0x141592000c576449
a34=0x1415920010f4117a
a35=0x141592000c575966
a36=0x141592000c574d35
a37=0x141592000c576fb1
a38=0x141592000c5aea5d
a39=0x141592000c59f23f

l0,0=0,97,92,99,86,90,88,77,88,92,0,0,0,52,0,0,0,0,0,0,0,0,0,0,0,0,0,0,0,0,0,0,0,0,0,0,0,0,0,0
l1,0=93,0,92,89,92,91,88,92,85,0,92,0,0,0,0,0,0,0,0,0,0,0,0,0,0,0,0,0,0,0,0,0,0,0,0,0,0,0,0,0
l2,0=93,94,0,0,93,91,91,92,3,91,93,0,0,70,0,0,0,0,0,0,0,0,0,0,0,0,0,0,0,0,0,0,0,0,0,0,0,0,0,0
l3,0=95,80,0,0,93,91,87,59,81,0,82,0,0,0,0,0,0,0,0,0,0,0,0,0,0,0,0,0,0,0,0,0,0,0,0,0,0,0,0,0
l4,0=49,93,92,93,0,91,54,0,0,83,82,0,0,80,0,0,0,0,0,0,0,0,0,0,0,0,0,0,0,0,0,0,0,0,0,0,0,0,0,0
l5,0=93,97,92,93,93,0,88,92,89,92,90,0,0,27,0,0,0,0,0,0,0,0,0,0,0,0,0,0,0,0,0,0,0,0,0,0,0,0,0,0
l6,0=82,87,94,85,61,84,0,92,83,84,86,34,0,78,0,56,61,0,0,0,0,0,0,0,0,0,0,0,0,0,0,0,0,0,0,0,0,0,0,0
l7,0=50,90,91,67,20,87,88,0,83,88,93,46,0,19,0,55,0,0,0,0,0,0,0,0,0,0,0,0,0,0,0,0,0,0,0,0,0,0,0,0
l8,0=27,46,0,60,0,81,84,71,0,92,35,51,73,90,67,81,88,44,0,0,0,69,1,3,25,0,0,0,0,0,0,0,0,0,0,0,0,0,38,0
l9,0=86,0,83,0,78,91,82,90,91,0,93,52,62,84,3,60,66,62,0,0,0,0,5,0,0,0,0,0,0,0,0,0,0,0,0,0,0,0,0,0
l10,0=0,88,92,76,84,82,87,92,79,95,0,81,61,90,0,74,17,0,0,0,0,0,0,0,0,0,0,0,0,0,0,0,0,0,0,0,0,0,0,0
l11,0=0,0,0,0,0,0,54,73,81,49,29,0,94,87,80,92,89,65,0,34,0,66,0,0,27,0,0,0,0,0,0,0,0,0,0,0,76,3,49,0
l12,0=0,0,0,0,0,0,0,0,82,43,27,87,0,83,88,92,87,100,0,0,69,65,0,74,91,84,0,0,0,0,0,0,0,54,0,2,59,0,55,0
l13,0=0,0,12,0,66,0,70,0,89,56,50,55,89,0,85,79,72,76,0,36,32,65,24,38,22,67,0,0,0,0,0,0,0,0,0,0,0,0,39,0
l14,0=0,0,0,0,0,0,0,0,79,4,0,31,89,84,0,88,88,63,0,0,80,0,6,46,51,90,0,0,0,0,0,0,0,31,0,0,8,0,35,0
l15,0=0,0,0,0,0,0,65,43,81,41,25,98,96,85,82,0,80,64,0,0,63,0,17,0,42,0,0,0,0,0,0,0,0,0,0,0,23,0,51,0
l16,0=0,0,0,0,0,0,49,0,84,41,0,31,84,41,81,85,0,68,0,40,63,82,30,15,31,0,0,0,0,0,0,0,0,22,7,44,74,39,57,51
l17,0=0,0,0,0,0,0,0,0,77,48,0,35,95,86,79,90,94,0,0,0,87,83,18,0,30,83,0,0,0,0,0,0,0,33,0,0,79,20,0,0
l18,0=0,0,0,0,0,0,0,0,0,0,0,0,0,0,0,0,0,0,0,0,85,0,64,0,0,0,0,0,0,0,0,0,0,0,0,0,0,0,0,0
l19,0=0,0,0,0,0,0,0,0,2,0,0,39,0,37,0,0,59,0,0,0,88,44,76,0,0,0,2,0,0,3,0,39,0,0,0,0,52,18,47,82
l20,0=0,0,0,0,0,0,0,0,0,0,0,0,49,37,41,51,68,48,48,79,0,93,76,0,0,0,0,0,0,0,0,0,0,0,0,17,89,96,70,61
l21,0=0,0,0,0,0,0,0,0,61,0,0,17,41,47,0,0,92,41,29,30,98,0,75,0,0,0,0,0,0,0,0,1,0,0,0,80,42,43,93,51
l22,0=0,0,0,0,0,0,0,0,42,7,0,0,22,40,8,47,63,32,44,92,98,93,0,0,0,0,51,0,0,0,0,0,0,0,0,43,94,52,48,53
l23,0=0,0,0,0,0,0,0,0,62,0,0,0,85,80,84,0,77,0,0,0,0,0,0,0,88,67,0,0,0,0,0,0,30,28,34,0,0,0,0,0
l24,0=0,0,0,0,0,0,0,0,84,0,0,31,95,80,85,86,86,63,0,0,0,0,0,78,0,84,0,0,0,0,0,0,63,33,29,0,0,0,0,0
l25,0=0,0,0,0,0,0,0,0,7,0,0,0,85,59,88,0,0,64,0,0,0,0,0,18,83,0,65,3,0,0,0,52,67,34,81,0,0,0,0,0
l26,0=0,0,0,0,0,0,0,0,0,0,0,0,0,0,0,0,0,0,0,0,0,0,59,0,0,54,0,71,89,84,88,89,72,72,74,0,0,0,0,0
l27,0=0,0,0,0,0,0,0,0,0,0,0,0,0,0,0,0,0,0,0,0,0,0,0,0,0,0,84,0,89,94,99,83,69,72,76,0,0,0,0,0
l28,0=0,0,0,0,0,0,0,0,0,0,0,0,0,0,0,0,0,0,0,62,0,0,0,0,0,0,91,100,0,94,99,88,76,75,83,0,0,0,0,0
l29,0=0,0,0,0,0,0,0,0,0,0,0,0,0,0,0,0,0,0,0,68,0,0,0,0,0,0,89,100,89,0,99,74,70,72,70,0,0,0,0,0
l30,0=0,0,0,0,0,0,0,0,0,0,0,0,0,0,0,0,0,0,0,0,0,0,0,0,0,0,82,100,89,94,0,71,75,84,0,0,0,0,0,0
l31,0=0,0,0,0,0,0,0,0,0,0,0,0,0,0,0,0,0,0,0,72,0,0,0,0,0,72,88,64,81,69,68,0,83,83,91,0,0,0,0,0
l32,0=0,0,0,0,0,0,0,0,0,0,0,0,0,0,0,0,0,0,0,0,0,0,0,49,68,72,81,59,77,62,70,81,0,85,95,0,0,0,0,0
l33,0=0,0,0,0,0,0,0,0,0,0,0,0,72,0,64,0,67,77,0,0,0,0,0,56,70,77,76,46,69,57,76,79,84,0,85,0,0,0,0,0
l34,0=0,0,0,0,0,0,0,0,0,0,0,0,0,0,0,0,70,0,0,0,0,0,4,64,72,76,80,63,77,63,0,89,94,77,0,0,0,0,0,0
l35,0=0,0,0,0,0,0,0,0,0,0,0,0,1,0,0,0,42,0,0,0,4,68,10,0,0,0,0,0,0,0,0,0,0,0,0,0,72,96,94,41
l36,0=0,0,0,0,0,0,0,0,0,0,0,27,36,17,0,6,75,43,0,35,96,66,36,0,0,0,0,0,0,0,0,0,0,0,0,82,0,97,60,55
l37,0=0,0,0,0,0,0,0,0,0,0,0,0,0,0,0,0,47,9,0,15,93,56,19,0,0,0,0,0,0,0,0,0,0,0,0,83,93,0,37,58
l38,0=0,0,0,0,0,0,0,0,54,0,0,23,83,50,1,82,93,0,0,42,97,91,36,0,0,0,0,0,0,0,0,0,0,0,0,83,94,62,0,58
l39,0=0,0,0,0,0,0,0,0,0,0,0,0,0,0,0,0,70,0,0,39,96,75,29,0,0,0,0,0,0,0,0,0,0,0,0,64,87,96,60,0

l0,1=0,88,82,90,76,83,80,37,28,82,53,0,0,13,0,0,0,0,0,0,0,0,0,0,0,0,0,0,0,0,0,0,0,0,0,0,0,0,0,0
l1,1=89,0,88,86,89,90,76,82,49,67,85,1,0,55,0,0,0,0,0,0,0,0,0,0,0,0,0,0,0,0,0,0,0,0,0,0,0,0,0,0
l2,1=85,91,0,82,76,93,84,86,0,84,93,0,0,0,0,13,0,0,0,0,0,0,0,0,0,0,0,0,0,0,0,0,0,0,0,0,0,0,0,0
l3,1=89,86,74,0,88,81,72,21,0,45,84,0,0,0,0,0,0,0,0,0,0,0,0,0,0,0,0,0,0,0,0,0,0,0,0,0,0,0,0,0
l4,1=66,86,64,81,0,77,75,0,61,74,82,0,0,43,1,0,0,0,0,0,0,0,0,0,0,0,0,0,0,0,0,0,0,0,0,0,0,0,0,0
l5,1=85,90,88,89,87,0,81,89,65,85,86,0,0,0,0,0,0,0,0,0,0,0,0,0,8,0,0,0,0,0,0,0,0,0,0,0,0,0,0,0
l6,1=66,49,85,61,60,75,0,88,66,41,89,37,4,63,0,0,27,0,0,0,0,0,0,0,0,0,0,0,0,0,0,0,0,0,0,0,0,0,0,0
l7,1=31,69,75,25,34,86,84,0,73,83,93,33,23,31,0,11,0,0,0,0,0,0,0,0,0,0,0,0,0,0,0,0,0,0,0,0,0,0,0,0
l8,1=5,15,0,0,52,41,70,76,0,86,81,70,0,82,45,62,39,16,0,0,0,62,35,26,0,0,0,0,0,0,0,0,0,0,0,0,0,0,28,0
l9,1=52,31,67,25,71,76,24,84,83,0,93,67,28,84,26,51,22,15,0,0,0,34,31,0,0,0,0,0,0,0,0,0,0,0,0,0,0,0,0,0
l10,1=38,72,86,69,82,75,84,92,75,89,0,55,0,85,0,47,7,0,0,0,0,26,0,0,0,0,0,0,0,0,0,0,0,0,0,0,0,0,0,0
l11,1=0,0,0,0,0,0,27,36,46,48,50,0,76,82,67,69,36,72,0,32,0,9,0,0,55,0,0,0,0,0,0,0,0,0,0,19,47,0,53,0
l12,1=0,0,0,0,0,0,0,0,0,21,0,82,0,80,71,64,37,78,0,0,35,36,24,75,85,46,0,0,0,0,0,0,0,1,0,0,0,0,57,0
l13,1=0,4,0,0,6,0,26,0,64,73,77,86,68,0,52,30,33,36,0,30,38,54,35,56,0,24,0,0,0,0,0,0,0,0,0,0,0,0,43,0
l14,1=0,0,0,0,0,0,0,0,32,29,0,65,81,71,0,41,61,32,0,0,44,40,0,73,62,73,0,0,0,0,0,0,0,38,0,0,0,0,0,0
l15,1=0,0,0,0,0,0,0,0,44,41,45,91,78,49,38,0,24,41,0,0,38,0,29,40,76,0,0,0,0,0,0,0,0,0,0,0,37,0,30,0
l16,1=0,0,0,0,0,0,6,0,25,28,0,47,43,54,44,20,0,34,0,7,46,59,47,0,41,30,0,0,0,0,0,0,25,1,2,19,36,5,49,10
l17,1=0,0,0,0,0,0,0,0,23,31,0,87,84,70,43,50,40,0,0,1,43,54,43,41,45,20,0,0,0,0,0,0,0,40,0,0,43,0,13,0
l18,1=0,0,0,0,0,0,0,0,0,0,0,0,0,0,0,0,0,0,0,30,56,68,57,0,0,0,0,0,0,0,0,0,0,0,0,0,0,0,0,0
l19,1=0,0,0,0,0,0,0,0,0,0,0,23,0,41,0,0,10,0,32,0,60,40,68,0,0,0,0,0,10,6,0,36,0,0,0,24,41,35,57,59
l20,1=0,0,0,0,0,0,0,0,0,0,0,0,26,44,28,23,30,20,48,67,0,78,68,0,0,0,0,0,0,0,0,0,0,0,0,25,63,59,72,41
l21,1=0,0,0,0,0,0,0,0,40,27,30,2,31,53,25,0,49,18,41,35,65,0,63,0,0,0,26,0,0,0,0,12,28,0,0,57,41,51,66,60
l22,1=0,0,0,0,0,0,0,0,28,27,0,0,27,47,0,25,47,18,47,69,70,76,0,0,0,0,37,0,0,20,0,0,0,0,0,29,69,50,61,61
l23,1=0,0,0,0,0,0,0,0,26,0,0,0,62,69,57,38,0,28,0,0,0,0,0,0,81,46,0,0,0,0,0,0,3,56,42,0,0,0,0,0
l24,1=0,0,0,0,0,0,0,0,0,0,0,60,80,6,65,48,34,41,0,0,0,0,0,78,0,48,0,0,0,0,0,0,47,62,30,0,0,0,0,0
l25,1=0,0,0,0,0,0,0,0,0,0,0,0,62,58,57,0,33,27,0,0,0,0,0,60,68,0,42,0,26,3,0,57,0,61,37,0,0,0,0,0
l26,1=0,0,0,0,0,0,0,0,0,0,0,0,0,0,0,0,0,0,0,0,0,13,47,0,0,50,0,56,70,77,58,79,72,65,57,0,0,0,0,0
l27,1=0,0,0,0,0,0,0,0,0,0,0,0,0,0,0,0,0,0,0,0,0,0,0,0,0,0,62,0,70,82,97,62,70,69,74,0,0,0,0,0
l28,1=0,0,0,0,0,0,0,0,0,0,0,0,0,0,0,0,0,0,0,33,0,0,0,0,0,49,70,82,0,87,97,78,56,60,67,0,0,0,0,0
l29,1=0,0,0,0,0,0,0,0,0,0,0,0,0,0,0,0,0,0,0,34,0,0,13,0,0,2,63,77,73,0,71,74,58,55,54,0,0,0,0,0
l30,1=0,0,0,0,0,0,0,0,0,0,0,0,0,0,0,0,0,0,0,0,0,0,0,0,0,0,68,83,73,87,0,54,58,60,0,0,0,0,0,0
l31,1=0,0,0,0,0,0,0,0,0,0,0,0,0,0,0,0,0,0,0,42,0,27,0,0,0,57,61,48,52,57,42,0,78,73,81,0,0,0,0,0
l32,1=0,0,0,0,0,0,0,0,0,0,0,0,0,0,0,0,15,0,0,0,0,7,0,8,34,0,60,57,28,57,49,76,0,77,89,0,0,0,0,0
l33,1=0,0,0,0,0,0,0,0,0,0,0,0,0,0,18,0,0,24,0,0,0,0,0,28,32,53,54,18,47,20,51,71,75,0,72,0,0,0,0,0
l34,1=0,0,0,0,0,0,0,0,0,0,0,0,0,0,0,0,37,0,0,0,0,0,0,65,58,61,50,56,50,47,0,76,88,73,0,0,0,0,0,0
l35,1=0,0,0,0,0,0,0,0,0,0,0,21,0,0,0,0,20,0,0,20,44,66,46,0,0,0,0,0,0,0,0,0,0,0,0,0,65,67,71,30
l36,1=0,0,0,0,0,0,0,0,0,0,0,45,0,14,0,17,17,13,0,22,59,44,61,0,0,0,0,0,0,0,0,0,0,0,0,39,0,64,74,35
l37,1=0,0,0,0,0,0,0,0,0,0,0,0,0,0,0,0,0,0,0,22,55,62,47,0,0,0,0,0,0,0,0,0,0,0,0,37,63,0,63,40
l38,1=0,0,0,0,0,0,0,0,16,0,0,42,40,47,0,1,29,0,0,43,65,70,57,0,0,0,0,0,0,0,0,0,0,0,0,65,72,64,0,36
l39,1=0,0,0,0,0,0,0,0,0,0,0,0,0,0,0,0,26,0,0,55,58,65,61,0,0,0,0,0,0,0,0,0,0,0,0,29,57,71,62,0

l0,2=0,84,81,75,76,84,69,0,20,77,0,0,0,0,0,0,0,0,0,0,0,0,0,0,0,0,0,0,0,0,0,0,0,0,0,0,0,0,0,0
l1,2=88,0,86,81,79,88,83,76,59,82,80,0,0,0,0,0,0,0,0,0,0,0,0,0,0,0,0,0,0,0,0,0,0,0,0,0,0,0,0,0
l2,2=89,88,0,75,83,90,88,86,0,90,79,0,0,0,0,0,0,0,0,0,0,0,0,0,0,0,0,0,0,0,0,0,0,0,0,0,0,0,0,0
l3,2=86,85,83,0,79,85,28,48,27,1,55,0,0,0,0,0,0,0,0,0,0,0,0,0,0,0,0,0,0,0,0,0,0,0,0,0,0,0,0,0
l4,2=80,80,78,75,0,84,83,65,70,81,68,0,0,0,0,0,0,0,0,0,0,0,0,0,0,0,0,0,0,0,0,0,0,0,0,0,0,0,0,0
l5,2=82,83,85,76,80,0,84,81,77,76,78,0,0,0,0,0,0,0,0,0,0,0,0,0,0,0,0,0,0,0,0,0,0,0,0,0,0,0,0,0
l6,2=36,78,88,26,75,83,0,63,37,60,78,15,28,35,0,29,0,0,0,0,0,0,0,0,0,0,0,0,0,0,0,0,0,0,0,0,0,0,0,0
l7,2=0,54,81,30,39,80,70,0,77,76,84,19,0,43,0,34,5,0,0,0,0,0,0,0,0,0,0,0,0,0,0,0,0,0,0,0,0,0,0,0
l8,2=0,30,0,13,33,61,48,71,0,89,74,52,0,70,0,51,43,38,0,0,0,31,29,0,39,13,0,0,0,0,0,0,0,0,0,0,0,0,35,0
l9,2=37,36,82,19,64,54,47,76,86,0,83,23,30,73,0,35,21,28,0,0,0,20,0,0,0,0,0,0,0,0,0,0,0,0,0,0,0,0,0,0
l10,2=0,67,69,40,51,74,83,85,81,89,0,36,0,63,0,28,0,9,0,0,0,0,0,32,0,0,0,0,0,0,0,0,0,0,0,0,0,0,0,0
l11,2=0,0,0,0,0,0,39,17,40,44,33,0,68,76,61,70,38,88,0,40,24,25,30,37,33,0,0,0,0,0,0,0,0,0,0,25,44,0,24,19
l12,2=0,0,0,0,0,0,36,0,0,38,0,67,0,61,76,65,56,94,0,0,0,16,5,71,92,73,0,0,0,0,0,0,0,0,0,0,0,0,40,0
l13,2=0,0,0,0,0,0,15,26,78,77,61,75,51,0,39,52,49,61,3,34,21,22,17,37,38,15,0,0,0,0,0,0,0,0,0,0,0,0,46,0
l14,2=0,0,0,0,0,0,0,0,4,0,0,50,71,50,0,39,56,56,0,0,30,0,0,79,55,58,0,0,0,0,0,0,0,46,0,0,0,0,41,0
l15,2=0,0,0,0,0,0,39,34,68,44,33,85,65,62,44,0,37,69,0,6,43,0,0,0,67,0,0,0,0,0,0,0,0,0,0,0,32,0,35,0
l16,2=0,0,0,0,0,0,0,0,40,18,0,30,48,48,57,38,0,80,0,38,52,35,49,0,43,39,0,0,0,0,0,0,0,33,0,39,48,29,50,38
l17,2=0,0,0,0,0,0,0,0,40,20,0,70,71,56,49,59,71,0,0,12,44,28,32,46,71,0,0,0,0,0,0,0,0,36,0,0,44,0,47,0
l18,2=0,0,0,0,0,0,0,0,0,0,0,0,0,6,0,0,0,0,0,65,62,49,51,0,0,0,0,0,0,0,0,0,0,0,0,0,0,0,0,0
l19,2=0,0,0,0,0,0,0,0,0,0,0,8,1,39,0,0,33,13,47,0,67,35,63,0,0,0,35,0,0,30,0,44,0,0,0,0,61,0,63,55
l20,2=0,0,0,0,0,0,0,0,0,0,0,0,0,38,39,47,55,44,50,73,0,58,60,0,17,0,0,0,0,0,0,0,0,0,0,56,64,40,69,55
l21,2=0,0,0,0,0,0,0,0,42,35,0,28,31,48,0,4,55,33,46,64,77,0,63,0,0,0,0,0,0,0,0,0,0,40,0,48,57,57,69,54
l22,2=0,0,0,0,0,0,0,0,28,0,0,26,11,32,0,0,55,28,6,77,76,58,0,0,0,0,0,0,0,39,0,0,0,33,0,55,64,48,60,55
l23,2=0,0,0,0,0,0,0,0,0,0,6,21,63,59,72,0,0,60,0,0,0,0,0,0,79,62,0,0,0,0,0,0,0,36,42,0,0,0,0,0
l24,2=0,0,0,0,0,0,0,0,48,0,0,27,66,61,67,56,55,74,0,0,33,0,0,79,0,71,0,0,0,0,0,0,21,43,30,0,35,0,8,0
l25,2=0,0,0,0,0,0,0,0,45,0,0,0,64,45,70,0,54,0,0,0,0,0,0,69,73,0,35,0,0,0,0,65,64,66,54,0,0,0,0,0
l26,2=0,0,0,0,0,0,0,0,0,0,0,0,0,0,0,0,0,0,0,53,0,0,0,0,0,34,0,24,85,83,84,80,72,68,58,0,0,0,0,0
l27,2=0,0,0,0,0,0,0,0,0,0,0,0,0,0,0,0,0,0,0,0,0,0,0,0,0,0,29,0,88,85,90,68,73,53,55,0,0,0,0,0
l28,2=0,0,0,0,0,0,0,0,0,0,0,0,0,0,0,0,0,0,0,31,0,0,0,0,0,0,79,88,0,89,84,80,55,73,58,0,0,0,0,0
l29,2=0,0,0,0,0,0,0,0,0,0,0,0,0,0,0,0,0,0,0,55,0,0,44,0,0,0,71,88,88,0,81,66,66,0,40,0,0,0,0,0
l30,2=0,0,0,0,0,0,0,0,0,0,0,0,0,0,0,0,0,0,0,0,0,0,0,0,0,0,67,91,88,77,0,51,71,67,39,0,0,0,0,0
l31,2=0,0,0,0,0,0,0,0,0,0,0,0,0,0,0,0,0,0,0,54,0,0,0,0,0,49,70,61,70,65,41,0,81,69,71,0,0,0,0,0
l32,2=0,0,0,0,0,0,0,0,0,0,0,0,0,0,0,0,0,0,0,0,0,0,0,0,30,52,65,59,63,63,58,83,0,77,91,0,0,0,0,0
l33,2=0,0,0,0,0,0,0,0,0,0,0,0,0,0,57,0,37,46,0,0,0,36,23,51,47,56,57,54,69,0,56,76,79,0,74,0,0,0,0,0
l34,2=0,0,0,0,0,0,0,0,0,0,0,0,0,0,3,0,35,0,0,0,47,0,0,50,41,52,55,51,66,46,41,78,85,73,0,0,0,0,0,0
l35,2=0,0,0,0,0,0,0,0,0,0,0,0,0,0,0,0,48,0,0,3,53,33,49,0,0,0,0,0,0,0,0,0,0,0,0,0,71,61,73,57
l36,2=0,0,0,0,0,0,0,0,0,0,0,26,0,6,0,20,54,48,0,55,67,32,55,0,12,0,0,0,0,0,0,0,0,0,0,60,0,69,74,51
l37,2=0,0,0,0,0,0,0,0,0,0,0,0,0,0,0,0,36,0,0,0,52,46,47,0,0,0,0,0,0,0,0,0,0,0,0,59,71,0,67,57
l38,2=0,0,0,0,0,0,0,0,20,0,0,0,25,52,28,2,47,29,0,54,72,51,39,0,0,0,0,0,0,0,0,0,0,0,0,60,71,62,0,55
l39,2=0,0,0,0,0,0,0,0,0,0,0,0,0,0,0,0,54,0,0,63,69,54,59,0,0,0,0,0,0,0,0,0,0,0,0,55,56,68,71,0

l0,3=0,81,75,74,85,88,0,35,32,76,0,0,0,0,0,0,0,0,0,0,0,0,0,0,0,0,0,0,0,0,0,0,0,0,0,0,0,0,0,0
l1,3=75,0,79,84,84,94,88,85,67,83,30,0,0,0,0,0,0,0,0,0,0,0,0,0,0,0,0,0,0,0,0,0,0,0,0,0,0,0,0,0
l2,3=74,81,0,84,85,94,92,89,76,86,85,0,0,75,0,0,0,0,0,0,0,0,0,0,0,0,0,0,0,0,0,0,0,0,0,0,0,0,0,0
l3,3=73,80,71,0,68,84,84,0,63,18,70,0,0,0,0,0,0,0,0,0,0,0,0,0,0,0,0,0,0,0,0,0,0,0,0,0,0,0,0,0
l4,3=75,79,82,37,0,90,47,0,39,62,0,0,0,0,0,0,0,0,0,0,0,0,0,0,1,0,0,0,0,0,0,0,0,0,0,0,0,0,0,0
l5,3=74,81,88,83,84,0,88,88,85,84,82,50,0,79,0,0,0,0,0,0,0,0,0,0,0,0,0,0,0,0,0,0,0,0,0,0,0,0,0,0
l6,3=0,81,86,78,80,90,0,85,83,85,86,78,73,63,0,67,79,0,0,0,0,0,0,0,0,0,0,0,0,0,0,0,0,0,0,0,0,0,0,0
l7,3=60,75,81,0,0,89,85,0,85,86,90,0,0,81,0,80,72,0,0,0,0,0,0,0,0,0,0,0,0,0,0,0,0,0,0,0,0,0,0,0
l8,3=1,33,31,30,36,51,37,87,0,86,82,64,26,84,0,85,39,38,0,0,0,40,34,0,44,0,0,0,0,0,0,0,0,0,0,0,0,0,17,0
l9,3=35,39,37,25,52,47,56,84,90,0,90,33,33,87,31,44,0,0,0,0,26,7,0,0,0,0,0,0,0,0,0,0,0,0,0,0,0,0,0,0
l10,3=0,29,80,28,0,83,88,92,85,89,0,32,18,84,27,18,0,0,0,0,0,0,0,27,1,0,0,0,0,0,0,0,0,0,0,0,0,0,20,0
l11,3=0,0,0,0,0,37,73,0,78,67,64,0,88,89,85,95,0,87,0,0,58,63,52,74,79,8,0,0,0,0,0,0,0,0,0,6,81,13,78,7
l12,3=0,0,0,0,0,0,30,0,31,34,0,91,0,46,95,95,38,96,0,32,0,28,32,83,88,80,0,0,0,0,0,0,0,21,0,26,0,0,36,0
l13,3=0,0,30,0,0,42,23,29,90,87,37,91,43,0,0,77,32,39,23,34,26,24,36,34,41,27,0,0,0,0,0,0,0,0,0,0,0,0,32,0
l14,3=0,0,0,0,0,0,0,0,0,37,23,87,94,0,0,35,39,1,0,0,0,0,0,94,85,35,0,0,0,0,0,0,0,20,0,0,0,0,41,0
l15,3=0,0,0,0,0,0,31,35,81,78,15,94,88,87,45,0,79,78,0,10,57,22,0,35,84,0,0,0,0,0,0,0,0,0,0,0,1,0,39,29
l16,3=0,0,0,0,0,0,29,23,35,0,0,0,48,39,60,37,0,84,28,0,78,55,66,0,47,28,0,0,0,0,0,0,0,17,0,0,43,30,40,43
l17,3=0,0,0,0,0,0,0,0,72,0,0,88,94,79,1,78,93,0,0,4,73,33,39,34,80,0,0,0,0,0,0,0,0,0,0,29,73,0,69,15
l18,3=0,0,0,0,0,0,0,0,0,0,0,0,0,60,0,0,60,0,0,80,70,62,61,0,0,0,0,0,0,0,0,0,0,0,0,0,0,0,0,0
l19,3=0,0,0,0,0,0,0,0,0,0,0,0,42,61,0,1,1,0,76,0,87,91,97,0,0,0,54,0,52,48,0,24,0,0,0,49,89,15,82,42
l20,3=0,0,0,0,0,0,0,0,0,18,0,53,0,69,0,67,81,80,48,90,0,92,92,0,46,0,0,0,0,0,0,0,0,0,0,64,87,86,89,81
l21,3=0,0,0,0,0,0,0,0,82,34,0,62,47,57,0,37,80,54,47,92,90,0,91,0,0,0,0,0,0,0,0,0,0,31,0,84,90,83,87,67
l22,3=0,0,0,0,0,0,0,0,62,0,0,57,51,76,0,0,83,60,34,98,92,92,0,0,0,0,0,0,0,47,0,0,0,0,0,88,88,89,73,90
l23,3=0,0,0,0,0,0,0,0,0,0,5,33,84,36,85,27,0,32,0,0,0,0,0,0,84,87,0,0,0,0,0,0,0,0,0,0,0,0,0,0
l24,3=0,0,0,0,1,0,0,0,36,0,0,37,94,40,89,86,40,83,0,0,26,0,0,93,0,87,0,0,0,0,0,0,0,28,0,0,37,0,34,0
l25,3=0,0,0,0,0,0,0,0,0,0,0,1,84,37,77,0,35,0,0,0,0,0,0,89,83,0,11,0,0,4,0,34,39,65,45,0,0,0,0,0
l26,3=0,0,0,0,0,0,0,0,0,0,0,0,0,0,0,0,0,0,0,25,15,0,36,0,0,15,0,73,99,93,91,93,86,40,74,0,0,0,0,0
l27,3=0,0,0,0,0,0,0,0,0,0,0,0,0,0,0,0,0,0,0,0,0,0,0,0,0,0,89,0,99,93,99,87,91,1,23,0,0,0,0,0
l28,3=0,0,0,0,0,0,0,0,0,0,0,0,0,0,0,0,0,0,0,39,0,0,0,0,0,0,96,100,0,96,88,89,81,78,76,0,0,0,0,0
l29,3=0,0,0,0,0,0,0,0,0,0,0,0,0,0,0,0,0,0,0,63,0,0,56,0,0,2,96,98,99,0,87,78,75,43,64,0,0,0,0,0
l30,3=0,0,0,0,0,0,0,0,0,0,0,0,0,0,0,0,0,0,0,0,0,0,0,0,0,0,90,100,86,87,0,75,87,44,1,0,0,0,0,0
l31,3=0,0,0,0,0,0,0,0,0,0,0,0,0,0,0,0,0,0,0,43,0,0,0,0,0,54,96,74,83,76,61,0,95,88,96,0,0,0,0,0
l32,3=0,0,0,0,0,0,0,0,0,0,0,0,18,0,0,0,0,0,0,0,0,0,0,0,0,71,89,70,79,78,75,98,0,91,96,0,0,0,0,0
l33,3=0,0,0,0,0,0,0,0,0,0,0,0,54,0,53,0,22,0,0,0,0,15,0,0,70,88,64,0,86,54,44,91,87,0,92,0,0,0,0,0
l34,3=0,0,0,0,0,0,0,0,0,0,0,0,0,0,7,0,0,0,0,0,0,0,0,27,0,82,86,32,84,80,52,94,95,96,0,0,0,0,0,0
l35,3=0,0,0,0,0,0,0,0,0,0,0,0,28,0,0,0,0,12,0,46,62,60,75,0,0,0,0,0,0,0,0,0,0,0,0,0,91,87,87,85
l36,3=0,0,0,0,0,0,0,0,0,0,0,47,1,8,0,0,68,63,0,76,72,75,66,0,30,0,0,0,0,0,0,0,0,0,0,92,0,86,89,75
l37,3=0,0,0,0,0,0,0,0,0,0,0,0,0,0,0,0,62,0,0,29,82,76,77,0,0,0,0,0,0,0,0,0,0,0,0,90,90,0,83,84
l38,3=0,0,0,0,0,0,0,0,8,0,0,67,54,70,79,60,67,69,0,77,85,76,66,0,39,0,0,0,0,0,0,0,0,0,0,94,92,77,0,88
l39,3=0,0,0,0,0,0,0,0,0,0,0,0,0,0,0,0,71,0,0,1,74,34,80,0,0,0,0,0,0,0,0,0,0,0,0,88,86,89,87,0

l0,4=0,86,77,84,78,82,0,19,67,82,0,0,0,0,0,0,0,0,0,0,0,0,0,0,0,0,0,0,0,0,0,0,0,0,0,0,0,0,0,0
l1,4=86,0,87,86,81,89,84,61,66,72,79,0,0,0,0,0,0,0,0,0,0,0,0,0,0,0,0,0,0,0,0,0,0,0,0,0,0,0,0,0
l2,4=80,82,0,81,86,92,85,79,67,81,90,0,0,73,0,4,0,0,0,0,0,0,0,0,0,0,0,0,0,0,0,0,0,0,0,0,0,0,0,0
l3,4=87,84,88,0,76,84,72,0,65,0,0,0,0,0,0,0,0,0,0,0,0,0,0,0,0,0,0,0,0,0,0,0,0,0,0,0,0,0,0,0
l4,4=86,88,92,85,0,89,79,61,67,72,71,0,0,0,0,0,0,0,0,0,0,0,0,0,0,0,0,0,0,0,0,0,0,0,0,0,0,0,0,0
l5,4=82,89,93,81,77,0,79,75,70,79,89,0,0,69,0,64,0,0,0,0,0,0,0,0,0,0,0,0,0,0,0,0,0,0,0,0,0,0,0,0
l6,4=0,89,92,71,77,88,0,81,66,88,94,73,66,0,0,71,53,0,0,0,0,0,0,0,0,0,0,0,0,0,0,0,0,0,0,0,0,0,0,0
l7,4=54,74,89,0,70,90,85,0,81,95,98,71,0,73,0,79,3,0,0,0,0,0,0,0,0,0,0,0,0,0,0,0,0,0,0,0,0,0,0,0
l8,4=73,72,33,66,61,71,55,64,0,89,83,81,75,84,56,79,67,66,0,0,50,79,66,0,40,0,0,0,0,0,0,0,0,0,0,0,0,0,0,0
l9,4=74,78,79,7,61,78,75,78,83,0,98,78,0,84,0,66,0,69,0,0,65,0,75,0,0,0,0,0,0,0,0,0,0,0,0,0,0,0,0,0
l10,4=0,79,91,0,57,84,83,80,75,94,0,82,70,83,60,77,0,44,0,0,0,0,0,46,0,0,0,0,0,0,0,0,0,0,0,0,0,0,0,0
l11,4=0,0,0,0,0,0,70,64,72,79,84,0,86,81,75,94,73,77,0,0,49,82,73,79,71,63,0,0,0,0,0,0,0,0,0,0,75,63,78,0
l12,4=0,0,0,0,0,0,8,0,71,0,79,85,0,84,87,82,81,83,0,25,70,0,0,83,85,79,0,0,0,0,0,0,58,73,0,0,64,0,77,0
l13,4=0,0,76,0,0,11,0,51,76,83,86,81,79,0,63,83,68,74,0,56,72,80,75,79,71,68,0,0,0,0,0,0,0,0,0,0,0,0,28,0
l14,4=0,0,0,0,0,0,0,0,72,0,83,87,93,81,0,61,75,0,0,0,76,0,0,91,88,77,0,0,0,0,0,0,0,78,73,0,0,0,78,0
l15,4=0,0,0,0,0,63,65,69,72,67,84,93,81,83,61,0,68,73,0,15,75,81,52,78,76,45,0,0,0,0,0,0,0,0,0,0,74,25,75,0
l16,4=0,0,0,0,0,0,68,0,67,0,0,83,91,82,71,83,0,87,70,62,83,83,80,74,82,69,0,0,0,0,0,0,0,0,0,75,75,59,85,77
l17,4=0,0,0,0,0,0,0,0,71,78,41,89,93,84,0,80,92,0,0,1,79,57,74,1,83,19,0,0,0,0,0,0,0,0,0,72,80,0,76,78
l18,4=0,0,0,0,0,0,0,0,0,0,0,0,0,0,0,0,77,0,0,73,34,90,83,0,0,0,0,0,0,0,0,0,0,0,0,0,0,0,0,0
l19,4=0,0,0,0,0,0,0,0,0,0,0,0,54,72,0,0,78,0,75,0,88,96,92,0,0,0,73,0,9,81,0,0,0,0,0,83,76,12,76,79
l20,4=0,0,0,0,0,0,0,0,29,61,0,0,70,69,54,75,84,74,12,85,0,93,92,0,62,0,16,0,1,0,0,0,0,0,0,79,85,78,90,83
l21,4=0,0,0,0,0,0,0,0,66,0,0,76,0,74,0,75,81,50,73,85,88,0,91,0,0,0,0,0,0,0,0,0,0,0,0,77,87,80,83,94
l22,4=0,0,0,0,0,0,0,0,43,72,0,79,23,79,0,28,80,64,70,87,95,96,0,0,0,0,59,0,0,60,0,0,44,27,0,0,85,88,90,43
l23,4=0,0,0,0,0,0,0,0,0,0,0,79,88,83,89,81,70,0,0,0,0,0,0,0,88,89,0,0,0,0,0,0,0,78,82,0,0,0,0,0
l24,4=0,0,0,0,0,0,0,0,42,0,0,78,88,79,86,84,80,79,0,0,70,0,0,93,0,80,0,0,0,0,0,0,0,79,0,0,0,0,0,0
l25,4=0,0,0,0,0,0,0,0,0,0,0,64,93,76,90,42,73,11,0,0,0,0,0,96,91,0,0,0,0,61,0,70,86,95,83,0,0,0,0,0
l26,4=0,0,0,0,0,0,0,0,0,0,0,0,0,0,0,0,0,0,0,75,72,0,30,0,0,0,0,94,100,100,99,100,98,80,98,0,0,0,0,0
l27,4=0,0,0,0,0,0,0,0,0,0,0,0,0,0,0,0,0,0,0,0,0,0,0,0,0,0,95,0,100,100,100,99,93,0,78,0,0,0,0,0
l28,4=0,0,0,0,0,0,0,0,0,0,0,0,0,0,0,0,0,0,0,70,60,0,0,0,0,0,100,100,0,100,98,95,98,96,98,0,0,0,0,0
l29,4=0,0,0,0,0,0,0,0,0,0,0,0,0,0,0,0,0,0,0,78,0,0,82,0,0,83,100,100,100,0,99,87,92,89,91,0,0,0,0,0
l30,4=0,0,0,0,0,0,0,0,0,0,0,0,0,0,0,0,0,0,0,0,0,0,0,0,0,0,99,100,98,100,0,98,97,90,0,0,0,0,0,0
l31,4=0,0,0,0,0,0,0,0,0,0,0,0,0,0,0,0,0,0,0,0,0,0,0,0,0,85,100,95,90,83,93,0,100,100,100,0,0,0,0,0
l32,4=0,0,0,0,0,0,0,0,0,0,0,0,83,0,0,0,0,0,0,0,50,0,15,0,0,98,100,95,100,97,96,100,0,100,100,0,0,0,0,0
l33,4=0,0,0,0,0,0,0,0,0,0,0,0,75,0,70,0,0,0,0,0,0,0,1,83,79,98,74,0,91,82,87,100,100,0,100,0,0,0,0,0
l34,4=0,0,0,0,0,0,0,0,0,0,0,0,0,0,73,0,0,0,0,0,57,0,0,91,3,98,100,78,99,95,4,100,100,100,0,0,0,0,0,0
l35,4=0,0,0,0,0,0,0,0,0,0,0,0,2,0,0,0,69,46,0,49,76,70,0,0,0,0,0,0,0,0,0,0,0,0,0,0,82,87,84,87
l36,4=0,0,0,0,0,0,0,0,0,0,0,60,53,0,0,46,53,70,0,54,81,74,79,0,0,0,0,0,0,0,0,0,0,0,0,88,0,86,81,85
l37,4=0,0,0,0,0,0,0,0,0,0,0,2,0,0,0,5,38,0,0,5,75,76,77,0,0,0,0,0,0,0,0,0,0,0,0,91,85,0,79,85
l38,4=0,0,0,0,0,0,0,0,0,0,0,78,74,14,54,77,82,65,0,56,87,76,86,0,0,0,0,0,0,0,0,0,0,0,0,87,84,80,0,89
l39,4=0,0,0,0,0,0,0,0,0,0,0,0,0,0,0,0,70,55,0,51,79,83,8,0,0,0,0,0,0,0,0,0,0,0,0,88,79,81,83,0

l0,5=0,84,73,70,61,71,70,0,0,69,75,0,0,2,0,0,0,0,0,0,0,0,0,0,0,0,0,0,0,0,0,0,0,0,0,0,0,0,0,0
l1,5=83,0,85,68,82,84,82,34,0,71,75,0,8,36,0,0,0,0,0,0,0,0,0,34,0,0,0,0,0,0,0,0,0,0,0,0,0,0,0,0
l2,5=72,76,0,70,64,79,73,42,2,71,75,0,0,4,0,0,0,0,0,0,0,0,0,0,0,0,0,0,0,0,0,0,0,0,0,0,0,0,0,0
l3,5=72,65,73,0,82,77,68,0,6,56,0,0,0,0,0,0,0,0,0,0,0,0,0,0,0,0,0,0,0,0,0,0,0,0,0,0,0,0,0,0
l4,5=61,83,79,80,0,83,79,65,70,0,74,0,0,44,0,0,0,0,0,0,0,0,0,0,0,0,0,0,0,0,0,0,0,0,0,0,0,0,0,0
l5,5=68,83,81,70,79,0,70,70,56,71,75,66,0,75,0,0,0,0,0,0,0,0,0,0,0,0,0,0,0,0,0,0,0,0,0,0,0,0,0,0
l6,5=43,68,76,65,70,71,0,74,39,77,79,68,0,0,0,0,62,0,0,6,0,0,0,0,0,0,0,0,0,0,0,0,0,0,0,0,0,0,0,0
l7,5=0,53,58,60,63,75,71,0,69,70,88,71,0,54,0,75,0,0,0,0,0,0,0,0,0,0,0,0,0,0,0,0,0,0,0,0,0,0,0,0
l8,5=0,0,0,19,61,54,61,50,0,82,78,77,31,86,55,74,67,40,0,0,0,37,24,49,62,0,0,0,0,0,0,0,0,0,0,0,3,0,0,0
l9,5=43,50,72,60,0,76,71,48,78,0,81,77,32,83,22,74,49,62,0,0,27,1,24,0,61,0,0,0,0,0,0,0,0,0,0,0,0,0,25,0
l10,5=53,64,72,0,58,75,70,80,69,85,0,72,0,71,68,69,0,43,0,0,0,0,0,0,0,0,0,0,0,0,0,0,0,0,0,0,0,0,0,0
l11,5=0,0,0,0,0,37,40,31,27,28,75,0,78,84,80,91,70,42,0,0,22,26,9,45,59,27,0,0,0,0,0,0,0,0,0,0,13,27,34,0
l12,5=0,0,0,0,0,0,0,0,6,0,0,85,0,75,87,73,86,84,0,0,28,0,0,71,80,60,0,0,0,0,0,0,12,1,0,16,11,0,29,0
l13,5=0,0,0,0,14,63,0,0,81,75,72,77,63,0,69,83,67,64,0,14,34,0,23,63,57,44,0,0,0,0,0,0,0,0,0,35,0,0,0,0
l14,5=0,0,0,0,0,0,0,0,16,9,53,85,81,73,0,65,74,39,0,0,37,0,15,82,84,54,0,0,0,0,0,0,0,51,39,0,0,0,31,0
l15,5=0,0,0,0,0,0,0,35,22,22,63,86,75,90,64,0,60,37,0,0,0,31,21,62,75,35,0,0,0,0,0,0,0,0,0,0,10,0,28,29
l16,5=0,0,0,0,0,0,36,0,15,9,0,76,78,65,81,54,0,48,0,28,40,32,23,1,66,35,0,0,0,0,0,0,0,0,0,39,14,10,33,32
l17,5=0,0,0,0,0,0,0,0,19,22,36,86,81,86,77,76,87,0,0,20,50,0,0,0,78,43,0,0,0,0,0,0,0,0,0,36,16,14,0,10
l18,5=0,0,0,0,0,0,0,0,0,0,0,0,0,0,0,0,0,0,0,0,0,60,50,0,0,0,0,0,0,0,0,0,0,0,0,0,0,0,0,0
l19,5=0,0,0,0,0,0,0,0,0,0,0,0,0,24,0,0,50,9,0,0,84,74,80,0,0,0,17,0,0,35,0,0,0,0,0,18,24,4,22,29
l20,5=0,0,0,0,0,0,0,0,0,5,0,3,36,37,48,0,66,60,0,79,0,74,80,0,0,0,0,0,20,0,0,0,2,0,0,48,57,27,60,52
l21,5=0,0,0,0,0,0,0,0,18,4,0,41,2,20,0,50,60,5,37,80,79,0,73,0,18,0,0,0,0,0,0,0,0,0,0,47,30,35,32,72
l22,5=0,0,0,0,0,0,0,0,15,15,0,5,0,54,41,61,58,0,24,85,85,73,0,0,0,0,18,0,0,22,0,0,0,0,0,23,38,40,45,41
l23,5=0,0,0,0,0,0,0,0,29,0,0,65,74,73,79,70,0,0,0,0,0,0,0,0,83,70,0,0,0,0,0,0,0,65,71,0,0,0,0,0
l24,5=0,0,0,0,0,0,0,0,22,22,0,70,80,73,87,78,77,75,0,0,0,1,0,82,0,69,0,0,0,0,0,0,0,59,1,0,8,0,0,0
l25,5=0,0,0,0,0,0,0,0,7,0,0,45,77,60,82,62,64,33,0,0,0,0,0,78,79,0,0,0,0,48,0,0,43,74,61,0,0,0,0,0
l26,5=0,0,0,0,0,0,0,0,0,0,0,0,0,0,0,0,0,0,0,49,37,0,44,0,0,0,0,62,87,89,80,80,81,63,75,0,0,0,0,0
l27,5=0,0,0,0,0,0,0,0,0,0,0,0,0,0,0,0,0,0,0,0,0,0,0,0,0,0,77,0,86,79,92,70,75,0,0,0,0,0,0,0
l28,5=0,0,0,0,0,0,0,0,0,0,0,0,0,0,0,0,0,0,0,0,53,0,0,0,0,0,86,86,0,90,92,66,70,69,64,0,0,0,0,0
l29,5=0,0,0,0,0,0,0,0,0,0,0,0,0,0,0,0,0,0,0,55,0,0,32,0,0,44,86,82,87,0,90,55,67,63,58,0,0,0,0,0
l30,5=0,0,0,0,0,0,0,0,0,0,0,0,0,0,0,0,0,0,0,0,0,0,0,0,0,0,79,87,86,76,0,65,0,70,0,0,0,0,0,0
l31,5=0,0,0,0,0,0,0,0,0,0,0,0,0,0,0,0,12,0,0,0,0,0,0,1,0,0,80,63,57,42,58,0,87,76,82,0,0,0,0,0
l32,5=0,0,0,0,0,0,0,0,0,0,0,0,65,0,0,0,0,0,0,0,37,0,0,2,0,66,78,53,62,70,3,84,0,77,91,0,0,0,0,0
l33,5=0,0,0,0,0,0,0,0,0,0,0,0,29,0,70,0,0,0,0,0,0,0,0,62,62,66,62,0,61,61,58,68,66,0,80,0,0,0,0,0
l34,5=0,0,0,0,0,0,0,0,0,0,0,0,30,0,62,0,28,0,0,0,7,0,0,70,30,58,70,0,61,61,0,81,90,81,0,0,0,0,0,0
l35,5=0,0,0,0,0,0,0,0,0,0,0,0,15,28,0,0,32,17,0,20,24,22,3,0,0,0,0,0,0,0,0,0,0,0,0,0,18,29,15,31
l36,5=0,0,0,0,0,0,0,0,4,0,0,55,25,6,0,36,44,25,0,29,37,30,22,0,4,0,0,0,0,0,0,0,0,0,0,46,0,43,24,46
l37,5=0,0,0,0,0,0,0,0,0,0,0,25,0,0,0,0,19,0,0,0,28,29,13,0,0,0,0,0,0,0,0,0,0,0,0,41,54,0,32,51
l38,5=0,0,0,0,0,0,0,0,0,9,0,65,36,0,50,57,55,0,0,27,69,31,32,0,0,0,0,0,0,0,0,0,0,0,0,55,34,43,0,70
l39,5=0,0,0,0,0,0,0,0,0,0,0,0,0,0,0,6,22,0,0,23,23,34,19,0,0,0,0,0,0,0,0,0,0,0,0,44,35,35,41,0

l0,6=0,90,76,71,88,84,56,1,0,65,66,0,0,0,0,0,0,0,0,0,0,0,0,0,0,0,0,0,0,0,0,0,0,0,0,0,0,0,0,0
l1,6=88,0,77,72,90,86,60,49,0,70,62,0,0,0,0,0,0,0,0,0,0,0,0,19,0,0,0,0,0,0,0,0,0,0,0,0,0,0,0,0
l2,6=81,83,0,69,88,85,58,64,55,76,68,0,0,22,0,0,0,0,0,0,0,0,0,0,0,0,0,0,0,0,0,0,0,0,0,0,0,0,0,0
l3,6=63,81,65,0,90,85,56,0,0,64,0,0,0,0,0,0,0,0,0,0,0,0,0,0,0,0,0,0,0,0,0,0,0,0,0,0,0,0,0,0
l4,6=87,87,82,82,0,87,59,54,64,0,62,0,0,17,0,0,0,0,0,0,0,0,0,38,0,0,0,0,0,0,0,0,0,0,0,0,0,0,0,0
l5,6=83,80,76,72,83,0,52,74,69,75,69,0,0,38,0,0,0,0,0,0,0,0,0,0,0,0,0,0,0,0,0,0,0,0,0,0,0,0,0,0
l6,6=61,80,60,58,57,49,0,73,52,76,69,54,0,15,0,0,42,0,0,0,0,0,5,0,0,0,0,0,0,0,0,0,0,0,0,0,0,0,0,0
l7,6=18,31,55,26,42,81,54,0,70,75,69,55,0,0,0,48,0,0,0,0,0,0,0,0,0,0,0,0,0,0,0,0,0,0,0,0,0,0,0,0
l8,6=0,0,34,0,49,41,36,58,0,74,69,67,36,79,19,49,50,42,0,0,39,36,39,23,28,12,0,0,0,0,0,0,0,0,0,0,0,0,0,0
l9,6=17,54,55,41,0,77,50,68,71,0,70,60,35,78,38,54,30,19,0,0,12,0,17,0,0,0,0,0,0,0,0,0,0,0,0,0,0,0,6,0
l10,6=29,28,58,0,42,56,54,76,70,83,0,61,0,35,0,43,40,0,0,0,0,0,0,0,0,0,0,0,0,0,0,0,0,0,0,0,0,0,0,0
l11,6=0,0,0,0,0,0,28,29,55,44,47,0,45,29,31,73,48,37,0,0,29,0,0,11,30,7,0,0,0,0,0,0,0,0,0,0,6,2,32,0
l12,6=0,0,0,0,0,0,0,0,34,35,0,68,0,26,64,59,64,55,0,0,35,19,0,37,73,61,0,0,0,0,0,0,0,29,33,0,7,0,18,0
l13,6=0,0,0,0,2,10,0,0,71,73,46,62,33,0,28,64,41,50,0,19,21,0,40,6,31,0,0,0,0,0,0,0,0,0,0,23,13,0,18,0
l14,6=0,0,0,0,0,0,0,0,31,37,0,56,59,24,0,40,28,41,0,0,36,0,30,55,57,43,0,0,0,0,0,0,0,30,25,0,0,0,20,1
l15,6=0,0,0,0,0,0,0,39,40,53,41,77,56,47,29,0,50,44,0,0,0,38,33,31,34,22,0,0,0,0,0,0,0,0,0,12,2,0,33,0
l16,6=0,0,0,0,0,0,16,0,34,30,22,50,44,5,3,39,0,48,29,27,35,20,33,12,26,10,0,0,0,0,0,0,0,0,0,26,7,2,34,27
l17,6=0,0,0,0,0,0,0,0,38,32,0,57,49,30,33,55,62,0,0,0,50,32,1,0,38,17,0,0,0,0,0,0,0,21,0,2,23,3,28,0
l18,6=0,0,0,0,0,0,0,0,0,0,0,0,0,3,0,0,40,0,0,40,0,34,0,0,0,0,0,0,0,0,0,0,0,0,0,0,0,0,0,0
l19,6=0,0,0,0,0,0,0,0,0,0,0,0,0,19,0,0,36,0,32,0,60,47,62,0,0,0,0,0,0,2,0,4,0,0,0,1,31,0,28,31
l20,6=0,0,0,0,0,0,0,0,34,2,0,23,23,9,21,0,31,35,0,61,0,58,62,0,0,0,4,0,20,0,0,14,0,2,0,1,44,22,48,34
l21,6=0,0,0,0,0,0,0,0,38,5,0,0,25,0,0,32,34,23,25,50,60,0,59,0,0,0,0,0,0,0,0,0,0,0,0,33,23,24,34,45
l22,6=0,0,0,0,0,0,0,0,44,28,0,0,0,19,19,36,42,0,0,63,61,54,0,0,0,0,19,0,0,0,0,0,0,0,0,28,52,21,46,42
l23,6=0,0,0,0,33,0,0,0,26,0,0,30,54,13,57,44,38,0,0,0,0,0,0,0,72,60,0,0,0,0,0,13,0,42,42,0,0,0,0,0
l24,6=0,0,0,0,0,0,0,0,39,0,0,55,67,52,55,54,47,42,0,0,2,0,0,71,0,48,0,0,0,0,0,0,0,40,23,0,0,0,0,0
l25,6=0,0,0,0,0,0,0,0,24,0,0,29,65,4,60,29,32,26,0,0,0,0,0,71,56,0,0,0,0,0,0,0,16,44,0,0,0,0,0,0
l26,6=0,0,0,0,0,0,0,0,0,0,0,0,0,0,0,0,0,0,0,0,28,0,24,0,0,1,0,55,73,79,56,62,67,35,45,0,0,0,0,0
l27,6=0,0,0,0,0,0,0,0,0,0,0,0,0,0,0,0,0,0,0,0,0,0,0,0,0,0,58,0,70,83,85,51,50,0,0,0,0,0,0,0
l28,6=0,0,0,0,0,0,0,0,0,0,0,0,0,0,0,0,0,0,0,0,34,0,9,0,0,0,68,85,0,87,85,46,46,59,50,0,0,0,0,0
l29,6=0,0,0,0,0,0,0,0,0,0,0,0,0,0,0,0,0,0,0,6,0,0,0,0,0,0,65,76,73,0,39,36,34,50,33,0,0,0,0,0
l30,6=0,0,0,0,0,0,0,0,0,0,0,0,0,0,0,0,0,0,0,0,0,0,0,0,0,0,65,85,70,48,0,38,0,0,42,0,0,0,0,0
l31,6=0,0,0,0,0,0,0,0,0,0,0,0,0,0,0,0,0,0,0,6,27,0,0,23,0,0,62,34,50,35,31,0,79,59,56,0,0,0,0,0
l32,6=0,0,0,0,0,0,0,0,0,0,0,0,2,0,0,0,0,0,0,0,0,0,0,15,0,31,58,26,47,51,3,63,0,77,78,0,0,0,0,0
l33,6=0,0,0,0,0,0,0,0,0,0,0,0,41,0,43,0,0,24,0,0,33,0,0,39,40,44,39,0,44,39,19,64,73,0,69,0,0,0,0,0
l34,6=0,0,0,0,0,0,0,0,0,0,0,0,36,0,30,0,0,0,0,0,33,0,0,45,31,0,47,0,44,32,28,60,85,75,0,0,0,0,0,0
l35,6=0,0,0,0,0,0,0,0,0,0,0,0,0,6,0,1,40,0,0,0,1,42,29,0,0,0,0,0,0,0,0,0,0,0,0,0,30,38,32,40
l36,6=0,0,0,0,0,0,0,0,0,0,0,24,10,2,0,0,35,29,0,32,45,37,44,0,0,0,0,0,0,0,0,0,0,0,0,39,0,40,38,48
l37,6=0,0,0,0,0,0,0,0,0,0,0,13,0,0,0,0,10,0,0,0,32,33,6,0,0,0,0,0,0,0,0,0,0,0,0,45,60,0,29,36
l38,6=0,0,0,0,0,0,0,0,0,3,0,42,21,7,0,37,43,28,0,27,50,41,43,0,0,0,0,0,0,0,0,0,0,0,0,36,60,28,0,44
l39,6=0,0,0,0,0,0,0,0,0,0,0,0,0,0,0,0,34,0,0,16,43,43,41,0,0,0,0,0,0,0,0,0,0,0,0,34,60,32,43,0

l0,7=0,95,90,86,94,92,79,80,75,83,76,0,0,0,0,0,0,0,0,0,0,0,0,0,0,0,0,0,0,0,0,0,0,0,0,0,0,0,0,0
l1,7=98,0,94,89,94,87,75,81,45,65,59,0,0,49,0,0,0,0,0,0,0,0,0,0,0,0,0,0,0,0,0,0,0,0,0,0,0,0,0,0
l2,7=92,92,0,89,88,74,75,24,70,84,70,0,0,0,0,0,0,0,0,0,0,0,0,0,0,0,0,0,0,0,0,0,0,0,0,0,0,0,0,0
l3,7=89,89,88,0,89,84,74,50,0,73,71,0,0,0,0,0,0,0,0,0,0,0,0,0,0,0,0,0,0,0,0,0,0,0,0,0,0,0,0,0
l4,7=98,95,92,93,0,91,78,79,75,0,69,0,0,63,0,0,0,0,0,0,0,0,0,0,0,0,0,0,0,0,0,0,0,0,0,0,0,0,0,0
l5,7=93,91,69,86,89,0,1,90,81,88,76,0,5,52,0,0,0,0,0,0,0,0,0,0,0,0,0,0,0,0,0,0,0,0,0,0,0,0,0,0
l6,7=84,91,91,83,83,0,0,90,0,88,76,34,0,42,0,0,25,0,0,0,0,0,0,0,0,0,0,0,0,0,0,0,0,0,0,0,0,0,0,0
l7,7=34,61,13,52,64,86,75,0,65,88,76,27,10,46,0,55,0,9,0,0,0,0,0,0,0,0,0,0,0,0,0,0,0,0,0,0,0,0,0,0
l8,7=26,5,15,0,71,59,0,26,0,88,76,46,30,82,46,62,48,52,0,1,4,3,47,0,32,0,0,0,0,0,0,0,0,0,0,0,0,0,0,0
l9,7=21,11,19,39,0,75,75,89,83,0,76,42,23,78,1,66,0,24,0,0,9,3,16,13,39,0,0,0,0,0,0,0,0,0,0,0,0,0,14,0
l10,7=43,17,26,54,63,67,67,90,83,88,0,68,0,31,0,61,45,4,0,0,0,0,0,0,0,0,0,0,0,0,0,0,0,0,0,0,0,0,0,0
l11,7=0,0,0,0,0,0,10,5,55,57,55,0,36,55,52,75,52,39,0,0,14,19,35,0,39,27,0,0,0,0,0,0,0,0,0,0,26,0,17,14
l12,7=0,0,0,0,0,0,0,0,32,34,0,45,0,25,70,70,63,51,0,0,14,0,0,77,85,76,0,0,0,0,0,0,0,13,12,0,30,0,13,0
l13,7=0,10,0,0,35,27,11,15,76,82,14,40,20,0,51,65,33,49,0,0,12,0,34,34,59,27,0,0,0,0,0,0,0,0,0,16,29,0,15,0
l14,7=0,0,0,0,0,0,0,0,33,12,0,37,58,44,0,46,50,53,0,0,15,31,27,69,53,57,0,0,0,0,0,0,0,18,0,0,0,0,14,0
l15,7=0,0,0,0,0,0,0,17,48,62,52,86,62,53,45,0,37,42,0,0,18,34,41,48,35,35,0,0,0,0,0,0,0,0,0,0,36,11,17,0
l16,7=0,0,0,0,0,0,8,0,34,0,39,35,33,24,38,29,0,44,25,2,15,29,51,38,40,17,0,0,0,0,0,1,2,1,0,41,41,12,18,0
l17,7=0,0,0,0,0,0,0,0,42,42,0,36,29,46,62,50,51,0,0,6,19,29,41,41,56,0,0,0,0,0,0,0,0,9,0,0,46,0,17,0
l18,7=0,0,0,0,0,0,0,0,0,0,0,0,0,0,0,0,36,0,0,39,41,32,0,0,0,0,0,0,0,0,0,0,0,0,0,0,0,0,0,0
l19,7=0,0,0,0,0,0,0,0,4,0,0,0,4,0,0,0,19,4,31,0,69,52,72,0,0,0,26,0,0,0,0,28,0,0,0,0,35,0,30,0
l20,7=0,0,0,0,0,0,0,0,0,21,0,18,17,16,31,29,38,37,23,67,0,65,73,0,15,0,18,0,1,8,0,16,0,0,0,52,54,13,65,19
l21,7=0,0,0,0,0,0,0,0,18,27,0,10,0,0,31,29,33,24,22,38,73,0,74,0,16,0,13,0,0,0,0,0,0,0,1,42,45,4,61,49
l22,7=0,0,0,0,0,0,0,0,34,23,0,18,0,25,24,26,40,28,0,65,75,63,0,0,0,0,0,0,0,7,0,0,0,0,0,39,55,0,59,47
l23,7=0,0,0,0,0,0,0,0,0,11,0,0,56,31,64,42,41,25,0,0,0,0,0,0,85,84,0,0,0,0,0,0,0,7,51,0,0,0,0,0
l24,7=0,0,0,0,0,0,0,0,35,44,0,35,86,57,57,38,50,58,0,0,16,6,0,88,0,75,0,0,0,0,0,0,0,14,32,0,0,0,0,0
l25,7=0,0,0,0,0,0,0,0,0,23,0,31,78,36,56,29,21,0,0,0,0,0,0,86,70,0,0,0,0,9,0,15,29,30,0,0,0,0,13,0
l26,7=0,0,0,0,0,0,0,0,0,0,0,0,0,0,0,0,0,0,0,41,33,6,0,0,0,0,0,69,74,85,68,69,77,46,65,0,0,0,0,0
l27,7=0,0,0,0,0,0,0,0,0,0,0,0,0,0,0,0,0,0,0,0,0,0,0,0,0,0,65,0,72,85,87,39,59,0,1,0,0,0,0,0
l28,7=0,0,0,0,0,0,0,0,0,0,0,0,0,0,0,0,0,0,0,0,30,0,2,0,0,0,69,88,0,87,87,66,44,49,43,0,0,0,0,0
l29,7=0,0,0,0,0,0,0,0,0,0,0,0,0,0,0,0,0,0,0,0,30,0,38,0,0,17,67,88,74,0,86,60,64,43,2,0,0,0,0,0
l30,7=0,0,0,0,0,0,0,0,0,0,0,0,0,0,0,0,0,0,0,0,0,0,0,0,0,0,60,88,72,85,0,65,53,25,50,0,0,0,0,0
l31,7=0,0,0,0,0,0,0,0,0,0,0,0,0,0,1,0,9,0,0,41,17,0,0,0,0,22,64,20,53,44,46,0,80,84,80,0,0,0,0,0
l32,7=0,0,0,0,0,0,0,0,0,0,0,0,8,0,0,0,26,0,0,0,0,0,0,12,0,47,61,43,39,65,40,71,0,85,84,0,0,0,0,0
l33,7=0,0,0,0,0,0,0,0,0,0,0,0,56,0,46,0,35,38,0,0,26,0,0,48,40,47,49,0,64,41,41,71,80,0,71,0,0,0,0,0
l34,7=0,0,0,0,0,0,0,0,0,0,0,0,27,0,0,0,0,0,0,0,0,6,0,65,34,0,43,22,43,18,41,70,83,55,0,0,0,0,0,0
l35,7=0,0,0,0,0,0,0,0,0,0,0,0,0,7,0,0,42,0,0,0,21,44,52,0,0,0,0,0,0,0,0,0,0,0,0,0,57,48,32,30
l36,7=0,0,0,0,0,0,0,0,0,0,0,0,11,7,0,7,41,28,0,3,31,42,57,0,0,0,0,0,0,0,0,0,0,0,0,59,0,44,63,50
l37,7=0,0,0,0,0,0,0,0,0,0,0,0,0,0,0,14,20,0,0,0,13,0,0,0,0,0,0,0,0,0,0,0,0,0,0,61,57,0,19,26
l38,7=0,0,0,0,0,0,0,0,0,26,0,41,15,37,29,46,44,51,0,10,53,47,57,0,0,0,0,0,0,0,0,0,0,0,0,56,60,13,0,35
l39,7=0,0,0,0,0,0,0,0,0,0,0,0,0,0,0,0,0,0,0,0,16,44,57,0,0,0,0,0,0,0,0,0,0,0,0,58,62,12,21,0

l0,8=0,99,95,91,96,96,94,90,13,88,74,0,0,81,0,0,0,0,0,0,0,0,0,0,0,0,0,0,0,0,0,0,0,0,0,0,0,0,0,0
l1,8=95,0,95,98,96,96,94,94,78,93,0,0,0,64,0,0,0,0,0,0,0,0,0,18,0,0,0,0,0,0,0,0,0,0,0,0,0,0,0,0
l2,8=93,98,0,94,90,97,91,92,0,86,71,0,0,9,0,9,0,0,0,0,0,0,0,0,0,0,0,0,0,0,0,0,0,0,0,0,0,0,0,0
l3,8=77,96,94,0,97,95,93,94,0,82,18,0,0,0,0,0,0,0,0,0,0,0,0,0,0,0,0,0,0,0,0,0,0,0,0,0,0,0,0,0
l4,8=92,98,94,99,0,95,94,93,92,51,64,0,0,87,0,0,0,0,0,0,0,0,0,0,0,0,0,0,0,0,0,0,0,0,0,0,0,0,0,0
l5,8=95,99,96,98,96,0,94,96,93,90,74,55,0,89,0,0,0,0,0,0,0,0,0,0,0,0,0,0,0,0,0,0,0,0,0,0,0,0,0,0
l6,8=88,92,92,91,90,88,0,93,58,93,74,0,0,23,0,9,56,0,0,0,0,0,0,0,0,0,0,0,0,0,0,0,0,0,0,0,0,0,0,0
l7,8=87,91,94,92,89,93,91,0,92,97,97,38,0,95,0,0,18,43,0,0,0,0,0,0,0,0,0,0,0,0,0,0,0,0,0,0,0,0,0,0
l8,8=0,8,0,0,87,92,54,90,0,99,93,94,0,96,87,93,0,55,0,74,0,0,78,0,32,0,0,0,0,0,0,0,0,0,0,0,0,0,0,0
l9,8=82,44,11,66,11,92,91,93,95,0,97,77,24,96,79,94,68,47,0,0,0,58,17,77,57,0,0,0,0,0,0,0,0,0,0,0,0,0,66,0
l10,8=85,0,74,62,80,92,90,93,94,99,0,66,0,87,0,88,1,0,0,0,0,0,0,0,0,0,0,0,0,0,0,0,0,0,0,0,0,0,0,0
l11,8=0,0,0,0,0,26,1,3,63,92,75,0,95,37,90,99,79,59,0,0,27,52,17,92,69,48,0,0,0,0,0,0,0,0,0,4,33,0,61,0
l12,8=0,0,0,0,0,0,0,0,0,8,0,77,0,3,100,99,84,53,0,0,57,0,0,97,97,59,0,0,0,0,0,0,0,59,12,12,13,0,55,0
l13,8=30,0,0,0,63,49,0,56,98,98,76,52,18,0,94,92,68,48,0,0,38,66,0,86,70,43,0,0,0,0,0,0,0,0,0,3,20,0,66,0
l14,8=0,0,0,0,0,0,0,0,45,56,0,58,96,46,0,89,67,59,0,0,57,60,0,94,94,45,0,0,0,0,0,0,0,30,0,0,28,0,0,0
l15,8=0,0,0,0,0,0,0,0,63,92,88,97,67,55,94,0,79,60,0,0,74,72,58,92,59,29,0,0,0,0,0,0,0,0,0,0,23,0,73,0
l16,8=0,0,0,0,0,0,11,0,0,43,0,69,60,21,53,76,0,49,18,75,74,50,83,63,72,10,0,0,0,0,0,31,4,3,31,24,33,42,51,32
l17,8=0,0,0,0,0,0,0,11,39,46,0,71,54,22,98,97,82,0,0,68,73,0,49,57,70,0,0,0,0,0,0,0,0,55,0,1,16,0,67,14
l18,8=0,0,0,0,0,0,0,0,0,0,0,0,0,0,0,0,83,0,0,82,79,76,0,0,0,0,0,0,0,0,0,0,0,0,0,0,0,0,0,0
l19,8=0,0,0,0,0,0,0,0,37,0,0,0,0,0,0,0,77,49,50,0,86,82,91,0,0,0,53,0,0,0,0,52,0,0,0,61,48,0,58,0
l20,8=0,0,0,0,0,0,0,0,0,0,0,0,33,11,45,52,54,29,49,96,0,92,91,0,3,0,0,0,0,0,0,0,0,0,0,31,73,57,83,29
l21,8=0,0,0,0,0,0,0,0,0,39,0,34,7,30,50,52,47,0,41,72,88,0,91,0,0,0,0,0,0,0,0,7,0,0,3,37,36,44,83,38
l22,8=0,0,0,0,0,0,0,0,35,33,0,9,0,0,0,55,78,28,0,95,89,91,0,0,0,0,2,0,0,48,0,1,0,0,0,67,74,0,73,72
l23,8=0,0,0,0,0,0,0,0,0,63,0,59,90,48,94,82,73,33,0,0,0,0,0,0,97,91,0,0,0,0,0,0,73,76,81,0,0,0,0,0
l24,8=0,0,0,14,0,0,0,0,1,69,0,66,96,48,98,79,94,49,0,0,20,0,0,98,0,90,0,0,0,0,0,0,0,0,52,0,5,0,0,0
l25,8=0,0,0,0,0,0,0,0,0,0,0,66,96,45,75,78,54,0,0,0,0,0,0,98,94,0,0,0,0,60,0,45,67,78,72,0,0,0,2,0
l26,8=0,0,0,0,0,0,0,0,0,0,0,0,0,0,0,0,0,0,0,71,0,0,1,0,0,0,0,87,94,92,86,93,86,81,72,0,0,0,0,0
l27,8=0,0,0,0,0,0,0,0,0,0,0,0,0,0,0,0,0,0,0,0,0,0,0,0,0,0,93,0,94,93,94,0,74,0,71,0,0,0,0,0
l28,8=0,0,0,0,0,0,0,0,0,0,0,0,0,0,0,0,0,0,0,2,61,0,0,0,0,0,93,91,0,93,94,93,48,87,72,0,0,0,0,0
l29,8=0,0,0,0,0,0,0,0,0,0,0,0,0,0,0,0,0,0,0,0,0,0,74,0,0,66,93,91,95,0,94,92,52,74,67,0,0,0,0,0
l30,8=0,0,0,0,0,0,0,0,0,0,0,0,0,0,0,0,0,0,0,0,0,0,0,0,0,0,91,91,94,92,0,83,78,74,0,0,0,0,0,0
l31,8=0,0,0,0,0,0,0,0,0,0,0,0,0,0,0,0,66,0,0,56,0,0,5,0,0,21,93,0,89,85,78,0,85,88,85,0,0,0,0,0
l32,8=0,0,0,0,0,0,0,0,0,0,0,0,0,0,0,0,5,0,0,0,0,0,0,78,0,75,92,71,7,59,79,97,0,92,93,0,0,0,0,0
l33,8=0,0,0,0,0,0,0,0,0,0,0,0,73,0,57,0,12,72,0,0,43,0,0,78,20,77,83,0,83,73,79,97,87,0,84,0,0,0,0,0
l34,8=0,0,0,0,0,0,0,0,0,0,0,0,64,0,0,0,73,0,0,0,59,1,0,80,79,77,82,65,79,70,0,98,91,86,0,0,0,0,0,0
l35,8=0,0,0,0,0,0,0,0,0,0,0,0,27,0,0,0,42,0,0,49,42,53,57,0,0,0,0,0,0,0,0,0,0,0,0,0,76,68,59,61
l36,8=0,0,0,0,0,0,0,0,0,0,0,21,14,8,34,40,42,5,0,39,51,49,65,0,6,0,0,0,0,0,0,0,0,0,0,71,0,46,58,36
l37,8=0,0,0,0,0,0,0,0,0,0,0,0,0,0,0,0,44,0,0,0,53,36,0,0,0,0,0,0,0,0,0,0,0,0,0,69,35,0,50,29
l38,8=0,0,0,0,0,0,0,0,0,41,0,28,17,20,0,54,41,19,0,45,68,77,74,0,0,0,0,0,0,0,0,0,0,0,0,43,46,51,0,29
l39,8=0,0,0,0,0,0,0,0,0,0,0,0,0,0,0,0,52,0,0,0,51,75,69,0,0,0,0,0,0,0,0,0,0,0,0,73,70,53,53,0

l0,9=0,100,97,92,99,99,97,89,92,95,94,0,0,0,0,0,0,0,0,0,0,0,0,0,0,0,0,0,0,0,0,0,0,0,0,0,0,0,0,0
l1,9=99,0,98,87,99,100,88,98,95,92,95,0,0,0,0,0,0,0,0,0,0,0,0,0,0,0,0,0,0,0,0,0,0,0,0,0,0,0,0,0
l2,9=99,100,0,93,98,100,99,95,9,71,94,0,34,0,0,5,0,0,0,0,0,0,0,0,0,0,0,0,0,0,0,0,0,0,0,0,0,0,0,0
l3,9=92,95,86,0,99,93,89,87,0,0,0,0,0,0,0,0,0,0,0,0,0,0,0,0,0,0,0,0,0,0,0,0,0,0,0,0,0,0,0,0
l4,9=95,98,95,93,0,95,89,89,95,78,94,0,0,1,32,0,0,0,0,0,0,0,0,0,0,0,0,0,0,0,0,0,0,0,0,0,0,0,0,0
l5,9=99,100,98,93,98,0,99,0,99,97,100,0,0,60,0,0,0,0,0,0,0,0,0,0,0,0,0,0,0,0,0,0,0,0,0,0,0,0,0,0
l6,9=99,50,98,91,92,91,0,99,56,97,100,0,0,53,0,0,46,0,0,0,0,0,0,0,0,0,0,0,0,0,0,0,0,0,0,0,0,0,0,0
l7,9=40,99,98,92,93,0,100,0,99,97,100,76,27,95,0,34,0,0,0,0,0,0,0,0,0,0,0,0,0,0,0,0,0,0,0,0,0,0,0,0
l8,9=30,54,0,8,95,94,96,86,0,98,96,99,0,94,7,85,80,53,0,32,0,0,64,0,0,0,0,0,0,0,0,0,0,0,0,0,0,0,0,0
l9,9=74,52,61,0,71,91,99,100,100,0,100,97,2,98,66,85,89,0,0,0,0,0,0,55,27,0,0,0,0,0,0,0,0,0,0,0,0,0,0,0
l10,9=94,95,77,0,95,95,99,99,97,98,0,0,27,93,0,92,74,42,0,0,0,0,0,51,0,0,0,0,0,0,0,0,0,0,0,0,0,0,0,0
l11,9=0,0,0,0,0,0,0,32,38,67,0,0,98,37,59,96,94,57,0,0,81,76,10,59,61,86,0,0,0,0,0,0,0,0,0,40,77,0,77,0
l12,9=0,0,0,0,0,0,0,0,0,0,3,99,0,37,66,94,96,74,0,0,51,63,24,64,62,99,0,0,0,0,0,0,0,0,0,0,77,0,93,0
l13,9=0,0,0,0,0,19,89,56,90,98,87,99,38,0,39,94,96,0,0,6,84,86,0,61,54,69,0,0,0,0,0,0,0,0,0,0,75,0,85,0
l14,9=0,0,0,0,25,0,0,0,0,67,0,98,99,28,0,91,94,57,0,0,93,84,13,99,99,96,0,0,0,0,0,0,0,3,0,0,80,0,0,0
l15,9=0,0,0,0,0,0,0,0,32,66,83,100,59,37,59,0,95,56,0,0,81,86,61,55,58,0,0,0,0,0,0,0,0,0,0,0,81,0,91,0
l16,9=0,0,0,0,0,0,15,0,24,62,50,92,36,36,54,84,0,55,29,34,91,79,61,59,57,75,0,0,0,0,0,25,0,72,86,0,80,72,92,84
l17,9=0,0,0,0,0,0,0,0,30,0,67,99,38,0,59,93,95,0,0,35,77,82,64,0,48,7,0,0,0,0,0,0,0,81,0,0,80,0,54,84
l18,9=0,0,0,0,0,0,0,0,0,0,0,0,0,0,0,0,84,0,0,0,91,91,0,0,0,0,0,0,0,0,0,0,0,0,0,0,53,0,0,0
l19,9=0,0,0,0,0,0,0,0,16,0,0,0,0,0,0,0,72,55,0,0,91,93,93,0,0,0,0,0,0,0,0,0,0,0,0,81,83,77,0,80
l20,9=0,0,0,0,0,0,0,0,0,0,0,61,23,25,53,60,88,18,16,93,0,98,95,0,9,0,19,0,0,0,0,0,0,1,58,79,89,84,93,89
l21,9=0,0,0,0,0,0,0,0,0,0,0,64,28,29,49,66,65,33,28,59,98,0,95,0,0,0,0,0,0,0,0,0,0,17,0,86,83,73,91,77
l22,9=0,0,0,0,0,0,0,0,49,2,0,1,44,0,21,63,65,50,0,93,99,93,0,0,0,0,0,0,1,68,0,32,0,0,0,86,89,79,92,1
l23,9=0,0,0,0,0,0,0,0,0,55,29,98,99,37,100,88,96,0,0,0,0,0,0,0,100,100,0,0,0,0,0,0,39,97,100,0,0,0,0,0
l24,9=0,0,0,0,0,0,0,0,0,57,0,98,99,38,75,93,97,52,0,0,64,0,0,100,0,100,0,0,0,0,0,0,0,92,84,0,87,0,0,0
l25,9=0,0,0,0,0,0,0,0,0,0,0,94,99,33,58,0,89,1,0,0,0,0,0,100,100,0,0,0,0,64,0,0,39,99,87,0,0,0,70,0
l26,9=0,0,0,0,0,0,0,0,0,0,0,0,0,0,0,0,0,0,0,1,80,0,0,0,0,0,0,88,99,99,100,98,100,88,93,0,0,0,0,0
l27,9=0,0,0,0,0,0,0,0,0,0,0,0,0,0,0,0,0,0,0,0,0,0,0,0,0,0,96,0,99,99,100,96,89,0,0,0,0,0,0,0
l28,9=0,0,0,0,0,0,0,0,0,0,0,0,0,0,0,0,0,0,0,0,77,0,62,0,0,0,97,100,0,99,100,89,0,90,62,0,0,0,0,0
l29,9=0,0,0,0,0,0,0,0,0,0,0,0,0,0,0,0,0,0,0,0,0,0,90,0,0,37,97,100,99,0,100,97,86,86,92,0,0,0,0,0
l30,9=0,0,0,0,0,0,0,0,0,0,0,0,0,0,0,0,0,0,0,0,0,0,0,0,0,0,97,100,99,99,0,98,96,32,94,0,0,0,0,0
l31,9=0,0,0,0,0,0,0,0,0,0,0,0,0,0,0,0,79,0,0,0,0,0,56,0,0,0,96,87,96,98,98,0,100,100,100,0,0,0,0,0
l32,9=0,0,0,0,0,0,0,0,0,0,0,0,1,0,0,0,0,0,0,0,0,0,0,62,0,91,97,86,0,87,96,100,0,100,100,0,0,0,0,0
l33,9=0,0,0,0,0,0,0,0,0,0,0,0,37,0,13,0,87,84,0,0,69,2,0,100,98,100,95,0,97,91,89,100,100,0,100,0,0,0,0,0
l34,9=0,0,0,0,0,0,0,0,0,0,0,0,35,0,39,0,94,0,0,0,94,0,0,98,55,93,95,0,55,98,73,100,100,100,0,0,0,0,0,0
l35,9=0,0,0,0,0,0,0,0,0,0,0,0,0,0,0,0,0,0,0,42,52,73,68,0,0,0,0,0,0,0,0,0,0,0,0,0,88,79,88,76
l36,9=0,0,0,0,0,0,0,0,0,0,0,34,17,17,12,28,32,11,0,21,79,66,57,0,28,0,0,0,0,0,0,0,0,0,0,89,0,78,82,79
l37,9=0,0,0,0,0,0,0,0,0,0,0,0,0,0,0,0,29,0,0,24,73,66,53,0,0,0,0,0,0,0,0,0,0,0,0,83,86,0,82,76
l38,9=0,0,0,0,0,0,0,0,0,0,0,25,23,23,0,49,77,0,0,0,90,84,59,0,0,11,0,0,0,0,0,0,0,0,0,86,85,79,0,80
l39,9=0,0,0,0,0,0,0,0,0,0,0,0,0,0,0,0,65,36,0,29,83,75,0,0,0,0,0,0,0,0,0,0,0,0,0,86,87,80,85,0

l0,10=0,93,91,91,90,86,88,69,67,82,80,0,0,0,0,0,0,0,0,0,0,0,0,0,0,0,0,0,0,0,0,0,0,0,0,0,0,0,0,0
l1,10=93,0,88,80,87,88,84,79,32,55,59,16,0,0,0,0,0,0,0,0,0,0,0,0,0,0,0,0,0,0,0,0,0,0,0,0,0,0,0,0
l2,10=87,87,0,87,86,85,88,86,0,78,61,0,53,0,0,0,0,0,0,0,0,0,0,0,0,0,0,0,0,0,0,0,0,0,0,0,0,0,0,0
l3,10=93,78,87,0,93,69,84,63,0,63,0,0,0,0,0,0,0,0,0,0,0,0,0,0,0,0,0,0,0,0,0,0,0,0,0,0,0,0,0,0
l4,10=88,86,86,95,0,85,58,71,46,69,85,0,0,4,52,0,0,0,0,0,0,0,0,0,0,0,0,0,0,0,0,0,0,0,0,0,0,0,0,0
l5,10=86,87,87,86,86,0,88,85,64,86,87,0,4,74,0,0,0,0,0,0,0,0,0,0,0,0,0,0,0,0,0,0,0,0,0,0,0,0,0,0
l6,10=85,80,82,82,52,84,0,85,76,82,79,0,0,37,0,1,8,0,0,0,0,0,0,0,0,0,0,0,0,0,0,0,0,0,0,0,0,0,0,0
l7,10=67,85,82,73,75,85,88,0,80,88,87,54,50,82,26,0,0,0,0,0,0,0,0,0,0,0,0,0,0,0,0,0,0,0,0,0,0,0,0,0
l8,10=70,4,0,5,50,38,48,81,0,92,70,80,67,83,0,76,35,44,0,4,13,0,64,57,5,0,0,0,0,0,0,0,0,0,0,0,0,0,0,0
l9,10=81,0,59,66,68,72,86,86,85,0,87,78,69,83,37,69,0,0,0,0,0,13,0,14,4,0,0,0,0,0,0,0,0,0,0,0,0,0,0,0
l10,10=72,53,50,0,82,68,82,86,62,88,0,56,0,75,0,71,0,53,0,0,0,0,0,5,0,0,0,0,0,0,0,0,0,0,0,0,0,0,0,0
l11,10=0,2,0,0,0,0,0,37,71,80,54,0,84,79,81,86,11,80,0,0,42,64,0,61,69,44,0,0,0,0,0,0,0,0,0,3,50,0,35,0
l12,10=0,0,0,0,0,0,0,0,62,80,0,89,0,48,92,85,89,92,0,0,44,69,0,90,97,99,0,0,0,0,0,0,0,40,0,0,20,0,40,0
l13,10=0,0,0,0,5,41,27,52,79,86,71,85,80,0,46,80,76,7,0,1,38,57,0,58,58,0,0,0,0,0,0,0,0,0,0,0,0,0,27,0
l14,10=0,0,0,0,61,0,0,0,0,66,0,84,97,49,0,76,79,85,0,0,42,5,0,79,90,65,0,0,0,0,0,0,0,51,0,0,56,0,29,0
l15,10=0,0,0,0,0,0,0,0,70,73,65,92,88,79,45,0,72,82,0,2,28,1,59,34,47,6,0,0,0,0,0,0,0,0,0,0,4,0,16,0
l16,10=0,0,0,0,0,0,0,0,23,0,0,0,87,40,40,47,0,81,12,10,46,61,56,42,57,0,0,0,0,0,0,0,12,0,31,32,51,20,45,50
l17,10=0,0,0,0,0,0,1,0,34,0,42,88,96,1,50,60,87,0,0,6,21,66,66,1,38,7,0,0,0,0,0,0,0,38,0,0,52,0,36,54
l18,10=0,0,0,0,0,0,0,0,0,0,0,0,0,0,0,0,52,0,0,59,75,82,0,0,0,0,0,0,0,0,0,0,0,0,0,0,0,0,0,0
l19,10=0,0,0,0,0,0,0,0,12,0,0,0,0,0,0,10,51,40,42,0,84,80,77,0,0,0,48,0,0,0,0,0,0,0,0,62,0,24,20,40
l20,10=0,0,0,0,0,0,0,0,0,0,0,36,57,23,25,28,62,21,22,72,0,92,87,0,0,0,0,0,0,0,0,0,41,0,0,64,68,26,41,75
l21,10=0,0,0,0,0,0,0,0,0,39,0,36,53,22,3,21,47,48,28,35,90,0,87,0,0,0,0,0,0,0,0,0,0,22,0,63,58,35,44,41
l22,10=0,0,0,0,0,0,0,0,40,5,0,0,0,0,0,34,17,39,0,55,90,89,0,0,0,0,0,0,0,17,0,37,0,0,0,76,73,56,74,55
l23,10=0,0,0,0,0,0,0,0,69,33,0,84,94,48,85,35,78,0,0,0,0,0,0,0,98,99,0,0,0,0,0,41,74,70,15,0,0,0,0,0
l24,10=0,0,0,0,0,0,0,0,0,4,0,81,96,49,92,57,88,84,0,0,0,0,0,95,0,96,0,0,0,0,0,0,0,65,4,0,0,0,32,0
l25,10=0,0,0,36,0,0,0,0,0,0,0,81,97,0,89,46,0,46,0,0,0,0,0,97,97,0,38,0,0,0,0,56,69,85,77,0,0,0,25,0
l26,10=0,0,0,0,0,0,0,0,0,0,0,0,0,0,0,0,0,0,0,32,53,0,0,0,0,42,0,81,95,96,100,99,96,55,77,0,0,0,0,0
l27,10=0,0,0,0,0,0,0,0,0,0,0,0,0,0,0,0,0,0,0,0,0,0,0,0,0,0,87,0,90,96,100,77,0,0,77,0,0,0,0,0
l28,10=0,0,0,0,0,0,0,0,0,0,0,0,0,0,0,0,0,0,0,0,15,0,0,0,0,0,97,95,0,96,100,86,58,72,65,0,0,0,0,0
l29,10=0,0,0,0,0,0,0,0,0,0,0,0,0,0,0,0,0,0,0,0,0,0,51,0,0,0,97,95,95,0,100,83,68,14,69,0,0,0,0,0
l30,10=0,0,0,0,0,0,0,0,0,0,0,0,0,0,0,0,0,0,0,0,0,0,0,0,0,0,97,95,95,96,0,85,77,48,77,0,0,0,0,0
l31,10=0,0,0,0,0,0,0,0,0,0,0,0,0,0,0,0,0,0,0,0,0,0,70,64,0,58,97,84,91,95,100,0,99,98,99,0,0,0,0,0
l32,10=0,0,0,0,0,0,0,0,0,0,0,0,0,0,0,0,7,0,0,0,68,0,3,80,1,58,97,0,41,85,78,99,0,98,99,0,0,0,0,0
l33,10=0,0,0,0,0,0,0,0,0,0,0,0,73,0,55,0,3,30,0,0,0,43,0,96,68,99,88,0,94,25,63,100,99,0,99,0,0,0,0,0
l34,10=0,0,0,0,0,0,0,0,0,0,0,0,0,0,0,0,79,0,0,0,11,0,0,62,33,55,95,82,62,50,49,99,99,96,0,0,0,0,0,0
l35,10=0,0,0,0,0,0,0,0,0,0,0,0,0,0,0,0,29,0,0,17,43,59,67,0,0,0,0,0,0,0,0,0,0,0,0,0,82,40,40,49
l36,10=0,0,0,0,0,0,0,0,0,0,0,19,19,0,13,0,36,26,0,0,46,63,69,0,0,0,0,0,0,0,0,0,0,0,0,82,0,44,39,66
l37,10=0,0,0,0,0,0,0,0,0,0,0,0,0,0,0,0,21,0,0,1,28,59,63,0,0,0,0,0,0,0,0,0,0,0,0,75,65,0,35,63
l38,10=0,0,0,0,0,0,0,0,0,0,0,32,56,6,0,8,59,31,0,1,45,67,72,0,1,1,0,0,0,0,0,0,0,0,0,77,64,29,0,58
l39,10=0,0,0,0,0,0,0,0,0,0,0,0,0,0,0,0,48,41,0,14,48,56,66,0,0,0,0,0,0,0,0,0,0,0,0,55,67,34,42,0

l0,11=0,85,86,88,89,83,75,73,60,67,61,0,0,0,0,0,0,0,0,0,0,0,0,0,0,0,0,0,0,0,0,0,0,0,0,0,0,0,0,0
l1,11=88,0,73,84,84,81,79,79,54,57,0,45,0,22,0,0,0,0,0,0,0,0,0,0,0,0,0,0,0,0,0,0,0,0,0,0,0,0,0,0
l2,11=86,80,0,83,84,81,82,67,0,0,80,0,0,0,0,0,0,0,0,0,0,0,0,0,0,0,0,0,0,0,0,0,0,0,0,0,0,0,0,0
l3,11=91,83,85,0,90,84,0,60,0,54,63,0,0,0,0,0,0,0,0,0,0,0,0,0,0,0,0,0,0,0,0,0,0,0,0,0,0,0,0,0
l4,11=86,79,83,84,0,80,72,70,0,61,70,0,10,0,35,0,0,0,0,0,0,0,0,0,0,0,0,0,0,0,0,0,0,0,0,0,0,0,0,0
l5,11=85,80,86,83,84,0,80,83,71,84,69,0,0,55,1,0,0,0,0,0,0,0,0,0,0,0,0,0,0,0,0,0,0,0,0,0,0,0,0,0
l6,11=73,77,68,2,75,77,0,83,58,81,69,16,0,39,0,58,42,0,0,0,0,0,0,0,0,0,0,0,0,0,0,0,0,0,0,0,0,0,0,0
l7,11=70,80,61,58,82,81,83,0,80,85,85,61,55,81,1,40,8,0,0,0,0,0,0,0,0,0,0,0,0,0,0,0,0,0,0,0,0,0,0,0
l8,11=43,32,0,0,0,65,70,75,0,86,74,56,43,82,17,79,25,60,0,30,0,0,0,35,22,0,0,0,0,0,0,0,0,0,0,0,0,0,0,0
l9,11=47,26,0,42,69,75,77,85,81,0,84,52,41,81,0,76,58,9,0,0,0,42,0,20,17,0,0,0,0,0,0,0,0,0,0,0,0,0,0,0
l10,11=32,0,72,54,71,52,74,85,71,86,0,65,0,72,0,71,0,9,0,0,0,0,1,0,0,0,0,0,0,0,0,0,0,0,0,0,0,0,0,0
l11,11=0,20,0,0,0,0,61,59,72,80,66,0,47,66,77,86,73,72,0,28,14,36,36,48,23,22,0,0,0,0,0,0,0,0,0,17,0,0,67,0
l12,11=0,0,0,0,0,0,0,13,74,70,0,56,0,51,94,83,78,79,0,0,41,39,34,51,93,94,0,0,0,0,0,0,0,0,0,0,0,0,74,0
l13,11=0,2,0,0,0,49,69,77,81,86,75,85,27,0,66,84,69,69,0,25,36,33,1,45,23,19,0,0,0,0,0,0,0,0,0,0,0,0,59,0
l14,11=0,0,0,0,43,0,0,0,0,0,0,43,86,43,0,45,80,77,0,0,36,22,0,53,23,34,0,0,0,0,0,0,0,59,32,19,21,0,66,0
l15,11=0,0,0,0,0,0,65,11,73,69,73,88,60,84,48,0,76,75,0,34,41,39,38,24,0,21,0,0,0,0,0,0,0,0,0,11,21,0,68,0
l16,11=0,0,0,0,0,0,41,0,0,42,0,22,26,37,71,76,0,77,4,0,44,40,39,36,28,6,0,0,0,0,0,0,24,2,25,0,25,61,81,47
l17,11=0,0,0,0,0,0,0,0,62,50,16,31,29,44,70,86,81,0,0,0,37,40,39,39,23,3,0,0,0,0,0,0,0,0,0,0,22,0,64,0
l18,11=0,0,0,0,0,0,0,0,0,0,0,0,0,0,0,0,29,0,0,76,59,74,35,0,0,0,0,0,0,0,0,0,0,0,0,0,0,0,0,0
l19,11=0,0,0,0,0,0,0,0,37,0,0,0,0,15,0,42,3,2,47,0,75,71,71,0,0,0,37,0,8,0,0,0,0,0,0,34,16,21,44,45
l20,11=0,0,0,0,0,0,0,0,0,0,0,0,16,27,24,48,61,46,34,82,0,89,85,0,0,0,0,0,0,0,0,14,28,11,0,19,50,58,62,47
l21,11=0,0,0,0,0,0,0,0,0,48,0,13,18,32,38,47,69,55,43,69,81,0,84,0,5,0,0,0,0,0,0,0,0,0,0,15,44,43,81,36
l22,11=0,0,0,0,0,0,0,0,0,0,0,12,15,0,0,41,54,51,14,68,80,84,0,0,0,0,8,0,0,17,0,9,0,0,0,66,69,45,79,61
l23,11=0,0,0,0,0,0,0,0,45,40,0,52,41,50,87,47,72,55,0,0,0,0,0,0,91,96,0,0,0,0,0,18,53,61,0,0,0,0,0,0
l24,11=0,0,0,0,0,0,0,0,47,48,0,46,90,50,69,34,85,70,0,0,3,0,0,92,0,90,0,0,0,0,0,0,0,0,0,0,0,0,0,0
l25,11=0,0,0,0,0,0,0,0,0,0,0,43,90,41,88,62,48,7,0,0,0,0,0,97,91,0,0,0,0,0,0,39,48,87,0,0,0,0,0,0
l26,11=0,0,0,0,0,0,0,0,0,0,0,0,0,0,0,0,0,0,0,29,1,0,13,0,0,0,0,76,92,84,90,88,78,32,60,0,0,0,0,0
l27,11=0,0,0,0,0,0,0,0,0,0,0,0,0,0,0,0,0,0,0,0,0,0,0,0,0,0,72,0,88,87,92,47,0,0,29,0,0,0,0,0
l28,11=0,0,0,0,0,0,0,0,0,0,0,0,0,0,0,0,0,0,0,20,1,0,0,0,0,0,79,95,0,87,92,77,64,0,43,0,0,0,0,0
l29,11=0,0,0,0,0,0,0,0,0,0,0,0,0,0,0,0,0,0,0,0,0,0,7,0,0,0,77,95,92,0,92,73,27,31,27,0,0,0,0,0
l30,11=0,0,0,0,0,0,0,0,0,0,0,0,0,0,0,0,0,0,0,0,0,0,0,0,0,0,78,95,91,87,0,78,49,66,58,0,0,0,0,0
l31,11=0,0,0,0,0,0,0,0,0,0,0,0,0,0,0,0,0,0,0,0,51,0,57,55,0,66,79,76,87,84,85,0,93,99,100,0,0,0,0,0
l32,11=0,0,0,0,0,0,0,0,0,0,0,0,0,0,0,0,20,0,0,0,15,0,0,20,0,7,79,0,36,26,29,96,0,99,100,0,0,0,0,0
l33,11=0,0,0,0,0,0,0,0,0,0,0,0,0,0,76,0,5,0,0,0,24,0,0,72,1,95,69,0,0,63,75,99,94,0,100,0,0,0,0,0
l34,11=0,0,0,0,0,0,0,0,0,0,0,0,0,0,37,0,57,0,0,0,0,0,0,0,0,0,77,76,37,68,76,99,94,99,0,0,0,0,0,0
l35,11=0,0,0,0,0,0,0,0,0,0,0,3,0,0,18,8,2,0,0,27,25,10,40,0,0,0,0,0,0,0,0,0,0,0,0,0,80,67,73,0
l36,11=0,0,0,0,0,0,0,0,0,0,0,0,0,0,11,29,58,52,0,0,35,33,43,0,0,0,0,0,0,0,0,0,0,0,0,50,0,77,80,63
l37,11=0,0,0,0,0,0,0,0,0,0,0,0,0,0,0,0,52,0,0,2,32,23,33,0,0,0,0,0,0,0,0,0,0,0,0,21,27,0,50,54
l38,11=0,0,0,0,0,0,0,0,0,0,0,14,21,12,21,50,70,34,0,8,39,41,44,0,0,0,0,0,0,0,0,0,0,0,0,24,28,38,0,61
l39,11=0,0,0,0,0,0,0,0,0,0,0,0,0,0,0,0,56,0,0,39,32,0,41,0,0,0,0,0,0,0,0,0,0,0,0,0,80,65,71,0

l0,12=0,93,87,89,85,76,57,6,0,67,42,0,0,0,0,0,0,0,0,0,0,0,0,0,0,0,0,0,0,0,0,0,0,0,0,0,0,0,0,0
l1,12=86,0,80,87,82,76,88,88,22,3,71,54,0,0,0,0,0,0,0,0,0,0,0,0,0,0,0,0,0,0,0,0,0,0,0,0,0,0,0,0
l2,12=85,80,0,86,81,77,88,47,13,48,76,0,0,0,0,0,0,0,0,0,0,0,0,0,0,0,0,0,0,0,0,0,0,0,0,0,0,0,0,0
l3,12=88,88,86,0,88,76,59,17,0,57,72,0,0,0,0,0,0,0,0,0,0,0,0,0,0,0,0,0,0,0,0,0,0,0,0,0,0,0,0,0
l4,12=85,86,79,89,0,68,71,75,56,58,66,0,0,0,47,0,0,0,0,0,0,0,0,53,0,0,0,0,0,0,0,0,0,0,0,0,0,0,0,0
l5,12=84,86,86,86,81,0,76,84,76,84,81,0,0,44,0,0,0,0,0,0,0,0,0,20,0,0,0,0,0,0,0,0,0,0,0,0,0,0,0,0
l6,12=35,82,85,65,76,65,0,84,60,49,80,71,0,64,14,66,8,0,0,0,0,0,0,0,0,0,0,0,0,0,0,0,0,0,0,0,0,0,0,0
l7,12=6,86,43,57,81,76,88,0,86,85,87,46,39,80,0,1,0,0,0,0,0,0,0,0,0,0,0,0,0,0,0,0,0,0,0,0,0,0,0,0
l8,12=0,10,0,36,40,44,63,80,0,87,87,74,66,81,0,75,40,28,0,22,0,40,0,14,62,0,0,0,0,0,0,0,0,0,0,0,0,0,0,0
l9,12=42,0,1,60,41,76,47,88,86,0,87,73,64,80,1,73,52,21,0,0,62,61,0,0,41,0,0,0,0,0,0,0,0,0,0,0,0,0,0,0
l10,12=22,64,72,68,69,42,81,88,86,87,0,70,0,80,0,69,2,0,0,0,0,0,0,1,0,0,0,0,0,0,0,0,0,0,0,0,0,0,0,0
l11,12=0,60,0,0,0,0,66,30,52,72,76,0,76,85,72,87,73,51,0,12,55,59,59,69,0,52,0,0,0,0,0,0,0,0,0,11,17,0,63,0
l12,12=0,0,0,0,0,0,0,0,49,68,0,83,0,70,90,86,82,89,0,0,65,58,54,62,91,93,0,0,0,0,0,0,0,42,0,0,0,0,67,0
l13,12=0,0,0,2,1,25,65,82,85,82,82,82,73,0,77,84,73,47,0,0,66,48,0,73,72,3,0,0,0,0,0,0,0,0,0,0,0,0,12,0
l14,12=0,0,0,0,32,0,4,0,0,17,0,72,83,71,0,82,89,46,0,0,61,65,0,85,92,55,0,0,0,0,0,0,0,68,65,33,35,0,59,0
l15,12=0,0,0,0,0,0,62,0,48,68,73,87,76,85,72,0,73,58,0,43,64,64,9,54,72,72,0,0,0,0,0,0,0,0,0,0,0,0,65,0
l16,12=0,0,0,0,0,0,1,0,13,32,0,58,79,57,79,82,0,52,4,17,62,57,58,41,91,27,0,0,0,0,0,0,0,3,0,8,33,32,72,54
l17,12=0,0,0,0,0,0,0,0,19,34,0,90,83,69,68,85,83,0,0,38,62,68,60,58,61,0,0,0,0,0,0,0,0,13,0,0,33,0,63,0
l18,12=0,0,0,0,0,0,0,0,0,0,0,0,0,0,0,0,46,0,0,56,67,50,0,0,0,0,0,0,0,0,0,0,0,0,0,0,0,0,0,0
l19,12=0,0,0,0,0,0,0,0,23,0,0,0,0,0,0,45,56,19,27,0,82,75,78,0,0,0,53,0,0,45,21,0,0,0,0,29,28,36,54,65
l20,12=0,0,0,0,0,0,0,0,0,43,0,3,45,39,42,45,60,33,25,78,0,85,92,0,0,0,0,0,0,0,0,25,0,0,1,30,81,50,72,48
l21,12=0,0,0,0,0,0,0,0,20,50,0,36,42,36,49,47,65,62,26,80,90,0,91,0,41,0,0,0,0,0,0,0,0,0,0,28,27,22,76,0
l22,12=0,0,0,0,0,0,0,0,0,0,0,32,41,0,0,36,62,28,0,76,89,84,0,0,22,0,0,0,0,0,0,29,0,0,0,47,63,0,75,72
l23,12=0,0,0,0,32,0,0,0,0,1,0,83,72,81,93,59,48,44,0,0,0,0,0,0,95,94,0,0,0,0,0,10,36,62,0,0,0,0,0,0
l24,12=0,0,0,0,0,0,0,0,54,48,0,0,85,73,93,82,91,65,0,0,0,58,10,86,0,89,0,0,0,0,0,0,56,22,0,0,7,0,53,0
l25,12=0,0,0,0,2,0,0,0,0,0,0,55,85,3,59,80,64,0,0,0,0,0,0,97,94,0,0,0,0,12,0,76,35,68,88,0,0,0,0,0
l26,12=0,0,0,0,0,0,0,0,0,0,0,0,0,0,0,0,0,0,0,35,0,0,0,0,0,0,0,80,88,79,95,95,78,39,81,0,0,0,0,0
l27,12=0,0,0,0,0,0,0,0,0,0,0,0,0,0,0,0,0,0,0,0,0,0,0,0,0,0,81,0,85,94,96,84,0,21,23,0,0,0,0,0
l28,12=0,0,0,0,0,0,0,0,0,0,0,0,0,0,0,0,0,0,0,0,0,0,0,0,0,0,88,98,0,95,96,87,75,67,80,0,0,0,0,0
l29,12=0,0,0,0,0,0,0,0,0,0,0,0,0,0,0,0,0,0,0,31,0,0,0,0,0,0,85,98,88,0,96,80,76,64,75,0,0,0,0,0
l30,12=0,0,0,0,0,0,0,0,0,0,0,0,0,0,0,0,0,0,0,0,0,0,0,0,0,0,87,98,88,95,0,82,77,56,46,0,0,0,0,0
l31,12=0,0,0,0,0,0,0,0,0,0,0,0,0,0,0,0,0,0,0,0,71,0,72,24,0,70,88,86,84,90,93,0,96,100,100,0,0,0,0,0
l32,12=0,0,0,0,0,0,0,0,0,0,0,0,0,0,0,0,0,0,0,0,0,0,0,41,70,30,83,0,79,88,90,96,0,100,100,0,0,0,0,0
l33,12=0,0,0,0,0,0,0,0,0,0,0,0,49,0,66,0,0,0,0,0,0,0,0,59,43,79,82,32,67,73,75,100,96,0,100,0,0,0,0,0
l34,12=0,0,0,0,0,0,0,0,0,0,0,0,0,0,69,0,0,0,0,0,21,0,0,0,0,91,88,30,87,93,78,100,96,100,0,0,0,0,0,0
l35,12=0,0,0,0,0,0,0,0,0,0,0,17,0,0,21,0,49,0,0,17,43,37,65,0,0,0,0,0,0,0,0,0,0,0,0,0,89,54,74,55
l36,12=0,0,0,0,0,0,0,0,0,0,0,20,0,0,23,0,64,5,0,13,73,52,69,0,1,0,0,0,0,0,0,0,0,0,0,78,0,57,76,72
l37,12=0,0,0,0,0,0,0,0,0,0,0,0,0,0,0,0,60,0,0,29,64,0,0,0,0,0,0,0,0,0,0,0,0,0,0,46,50,0,0,63
l38,12=0,0,0,0,0,0,0,0,0,0,0,29,56,0,33,50,70,4,0,28,64,65,70,0,32,0,0,0,0,0,0,0,0,0,0,48,50,0,0,62
l39,12=0,0,0,0,0,0,0,0,0,0,0,0,0,0,0,0,64,0,0,48,63,0,74,0,0,0,0,0,0,0,0,0,0,0,0,44,61,49,68,0

l0,13=0,97,92,96,95,88,94,88,75,82,52,0,0,0,0,0,0,0,0,0,0,0,0,0,0,0,0,0,0,0,0,0,0,0,0,0,0,0,0,0
l1,13=92,0,90,95,93,84,90,83,0,76,84,0,1,0,0,0,0,0,0,0,0,0,0,0,0,0,0,0,0,0,0,0,0,0,0,0,0,0,0,0
l2,13=92,95,0,94,92,87,91,83,0,80,84,0,0,21,0,0,0,0,0,0,0,0,0,0,0,0,0,0,0,0,0,0,0,0,0,0,0,0,0,0
l3,13=93,97,91,0,96,87,90,74,21,75,86,0,0,0,0,0,0,0,0,0,0,0,0,0,0,0,0,0,0,0,0,0,0,0,0,0,0,0,0,0
l4,13=92,96,88,96,0,87,91,76,60,71,66,0,0,22,0,0,0,0,0,0,0,0,0,1,0,0,0,0,0,0,0,0,0,0,0,0,0,0,0,0
l5,13=92,90,90,91,93,0,90,75,80,84,84,0,0,69,0,0,0,0,0,0,0,0,0,0,0,0,0,0,0,0,0,0,0,0,0,0,0,0,0,0
l6,13=85,90,88,87,87,84,0,0,82,84,43,83,0,76,0,77,0,0,0,0,0,0,0,0,0,0,0,0,0,0,0,0,0,0,0,0,0,0,0,0
l7,13=50,90,87,85,70,28,0,0,84,86,85,5,19,69,0,40,0,0,0,0,0,0,0,0,0,0,0,0,0,0,0,0,0,0,0,0,0,0,0,0
l8,13=34,0,0,74,59,45,48,80,0,92,84,27,52,86,81,44,43,49,0,64,0,72,27,0,41,0,0,0,0,0,0,0,0,0,0,0,0,0,0,0
l9,13=75,40,76,72,74,83,88,84,84,0,88,79,73,86,39,78,52,51,0,0,54,68,0,0,0,0,0,0,0,0,0,0,0,0,0,0,0,0,0,0
l10,13=21,30,83,80,59,52,25,84,84,92,0,23,0,86,0,46,0,0,0,0,0,0,0,0,0,0,0,0,0,0,0,0,0,0,0,0,0,0,0,0
l11,13=0,0,0,0,0,0,30,0,66,78,27,0,89,91,56,88,50,89,0,0,62,75,72,29,0,50,0,0,0,0,0,0,0,0,0,0,0,0,47,0
l12,13=0,0,0,0,0,0,0,0,60,75,0,58,0,57,98,54,54,72,0,0,70,74,70,27,63,81,0,0,0,0,0,0,0,42,0,0,0,0,60,0
l13,13=0,0,0,0,40,25,29,71,86,89,53,96,55,0,53,88,47,61,0,40,67,78,0,29,0,50,0,0,0,0,0,0,0,0,0,0,0,0,62,0
l14,13=0,0,0,0,0,0,0,0,78,69,0,32,91,65,0,52,55,65,0,0,63,68,0,63,98,59,0,0,0,0,0,0,49,39,42,21,0,0,0,0
l15,13=0,0,0,0,0,0,29,28,56,82,26,96,76,92,52,0,51,68,0,54,63,66,0,29,32,50,0,0,0,0,0,0,0,0,0,0,31,0,58,0
l16,13=0,0,0,0,0,0,0,0,52,58,0,26,57,46,60,53,0,68,50,63,66,69,71,1,34,0,0,0,0,0,0,0,0,17,31,35,43,1,60,63
l17,13=0,0,0,0,0,0,0,0,63,68,0,32,94,63,51,54,53,0,0,62,77,85,71,25,31,39,0,0,0,0,0,0,0,39,0,3,36,0,60,0
l18,13=0,0,0,0,0,0,0,0,0,0,0,0,0,0,0,0,40,0,0,91,89,0,0,0,0,0,0,0,0,0,0,0,0,0,0,0,0,0,0,0
l19,13=0,0,0,0,0,0,0,0,47,0,0,0,0,8,0,40,63,51,64,0,92,92,89,0,0,0,68,0,0,60,8,42,0,0,0,45,13,58,71,82
l20,13=0,0,0,0,0,0,0,0,0,37,0,16,49,35,25,36,44,59,60,94,0,97,94,0,0,0,14,0,0,0,0,45,0,0,22,27,88,76,85,82
l21,13=0,0,0,0,0,0,0,0,48,64,0,23,47,44,36,35,45,62,0,95,94,0,95,0,25,0,0,0,0,0,0,0,0,0,0,26,23,4,86,65
l22,13=0,0,0,0,0,0,0,0,1,0,0,16,41,0,0,0,47,36,0,92,94,97,0,0,0,0,51,0,0,0,0,45,0,0,33,52,52,24,75,93
l23,13=0,0,0,7,3,0,0,0,0,1,0,30,59,63,99,53,6,53,0,0,0,0,0,0,33,99,0,0,0,0,0,0,0,43,19,0,0,0,0,0
l24,13=0,0,0,0,0,0,0,0,73,0,0,0,95,0,99,53,57,64,0,0,0,75,0,31,0,85,0,0,0,0,0,0,74,2,0,0,41,0,15,0
l25,13=0,0,0,0,0,0,0,0,0,0,0,27,95,63,75,53,0,23,0,0,0,0,0,100,98,0,0,0,0,3,0,89,92,56,59,0,0,0,0,0
l26,13=0,0,0,0,0,0,0,0,0,0,0,0,0,0,0,0,0,0,0,56,57,0,56,0,0,0,0,75,96,82,99,100,80,82,0,0,0,0,0,0
l27,13=0,0,0,0,0,0,0,0,0,0,0,0,0,0,0,0,0,0,0,0,0,0,0,0,0,0,81,0,96,99,100,83,73,72,2,0,0,0,0,0
l28,13=0,0,0,0,0,0,0,0,0,0,0,0,0,0,0,0,0,0,0,3,16,0,0,0,0,0,99,97,0,99,100,97,73,77,77,0,0,0,0,0
l29,13=0,0,0,0,0,0,0,0,0,0,0,0,0,0,0,0,0,0,0,57,0,0,0,0,0,0,81,97,96,0,100,87,82,70,81,0,0,0,0,0
l30,13=0,0,0,0,0,0,0,0,0,0,0,0,0,0,0,0,0,0,0,0,0,0,0,0,0,0,99,97,96,99,0,88,74,75,27,0,0,0,0,0
l31,13=0,0,0,0,0,0,0,0,0,0,0,0,0,0,0,0,0,0,0,61,73,0,68,0,0,76,99,93,95,98,100,0,100,100,100,0,0,0,0,0
l32,13=0,0,0,0,0,0,0,0,0,0,0,0,0,0,59,0,0,0,0,0,0,0,0,0,80,86,95,68,85,93,93,100,0,100,100,0,0,0,0,0
l33,13=0,0,0,0,0,0,0,0,0,0,0,0,92,0,87,0,47,90,0,0,0,0,0,97,25,98,98,87,95,97,99,100,100,0,100,0,0,0,0,0
l34,13=0,0,0,0,0,0,0,0,0,0,0,0,11,0,82,0,46,0,0,0,81,0,77,47,0,98,0,9,95,97,84,100,100,100,0,0,0,0,0,0
l35,13=0,0,0,0,0,0,0,0,0,0,0,0,0,0,6,0,35,0,0,38,54,42,72,0,0,0,0,0,0,0,0,0,0,0,0,0,91,90,86,82
l36,13=0,0,0,0,0,0,0,0,0,0,0,0,0,0,0,24,38,39,0,4,81,1,80,0,22,0,0,0,0,0,0,0,0,0,0,69,0,46,71,79
l37,13=0,0,0,0,0,0,0,0,0,0,0,0,0,0,0,0,0,0,0,61,78,0,6,0,0,0,0,0,0,0,0,0,0,0,0,54,41,0,57,71
l38,13=0,0,0,0,0,0,0,0,0,0,0,0,38,33,0,36,41,41,0,62,78,76,77,0,0,0,0,0,0,0,0,0,0,0,0,52,50,38,0,70
l39,13=0,0,0,0,0,0,0,0,0,0,0,0,0,0,0,0,33,0,0,81,69,64,89,0,0,0,0,0,0,0,0,0,0,0,0,50,39,40,65,0

l0,14=0,95,96,100,100,100,100,99,95,99,99,0,0,2,0,0,0,0,0,0,0,0,0,0,0,0,0,0,0,0,0,0,0,0,0,0,0,0,0,0
l1,14=96,0,96,100,100,100,100,95,14,47,48,0,0,40,0,0,0,0,0,0,0,0,0,0,0,0,0,0,0,0,0,0,0,0,0,0,0,0,0,0
l2,14=99,99,0,100,100,100,100,99,92,88,95,0,0,5,0,1,0,0,0,0,0,0,0,0,0,0,0,0,0,0,0,0,0,0,0,0,0,0,0,0
l3,14=96,95,96,0,100,100,100,98,0,99,100,0,0,0,0,0,0,0,0,0,0,0,0,0,0,0,0,0,0,0,0,0,0,0,0,0,0,0,0,0
l4,14=96,95,96,100,0,100,81,0,43,46,100,0,0,39,0,0,0,0,0,0,0,0,0,0,0,0,0,0,0,0,0,0,0,0,0,0,0,0,0,0
l5,14=98,99,100,100,100,0,100,68,93,100,100,0,0,93,0,79,0,0,0,0,0,0,0,0,0,0,0,0,0,0,0,0,0,0,0,0,0,0,0,0
l6,14=85,90,100,100,92,100,0,92,88,95,97,98,0,91,0,91,0,0,0,0,0,0,55,0,0,0,0,0,0,0,0,0,0,0,0,0,0,0,0,0
l7,14=97,99,99,97,9,65,86,0,97,100,100,0,0,95,0,23,49,0,0,0,0,0,0,0,0,0,0,0,0,0,0,0,0,0,0,0,0,0,0,0
l8,14=53,7,50,47,46,42,27,30,0,100,100,30,30,43,42,52,0,0,0,17,47,27,22,0,48,0,0,0,0,0,0,0,0,0,0,0,0,0,0,0
l9,14=82,57,0,51,45,100,54,100,98,0,100,98,0,100,37,99,42,31,0,0,53,43,0,50,0,0,0,0,0,0,0,0,0,0,0,0,0,0,0,0
l10,14=91,88,50,96,100,100,99,100,98,100,0,44,46,100,12,59,0,0,0,0,21,2,0,0,0,0,0,0,0,0,0,0,0,0,0,0,0,0,0,0
l11,14=0,0,0,0,0,0,99,0,46,99,32,0,98,99,99,100,96,98,0,0,53,27,24,50,39,51,0,0,0,0,0,0,0,0,0,0,33,0,52,0
l12,14=0,0,0,0,0,0,0,0,94,0,64,84,0,99,100,94,32,99,0,39,99,60,60,86,99,99,0,0,0,0,0,0,0,95,0,0,0,0,0,0
l13,14=6,53,0,0,46,41,29,30,46,100,79,100,78,0,43,100,28,61,0,13,0,27,0,0,50,49,0,0,0,0,0,0,0,0,0,0,0,0,52,0
l14,14=0,0,0,0,0,0,0,0,45,39,0,62,100,44,0,50,39,28,0,0,26,11,0,86,100,47,0,0,0,0,0,0,40,39,0,0,0,0,53,0
l15,14=0,0,0,0,0,24,26,0,70,99,30,100,63,99,40,0,92,87,0,34,53,22,0,85,99,48,0,0,0,0,0,0,0,0,0,0,0,0,54,0
l16,14=0,0,0,0,0,0,0,9,0,86,0,63,7,33,97,94,0,61,12,50,91,21,59,36,99,0,0,0,0,0,0,0,0,38,46,95,93,35,44,49
l17,14=0,0,0,0,0,0,0,0,0,42,0,98,98,99,99,99,70,0,0,52,99,61,38,55,99,63,0,0,0,0,0,0,0,35,0,48,46,0,97,0
l18,14=0,0,0,0,0,0,0,0,0,0,0,0,0,0,0,0,74,0,0,85,89,1,84,0,0,0,0,0,0,0,0,0,0,0,0,0,0,0,0,0
l19,14=0,0,0,0,0,0,0,0,2,0,0,0,48,4,0,84,50,53,68,0,99,95,91,0,0,0,0,0,0,55,0,48,0,0,0,90,90,79,88,91
l20,14=0,0,0,0,0,0,0,0,0,84,0,56,52,0,22,85,51,55,67,99,0,98,97,0,0,0,45,0,0,0,0,0,0,0,82,92,97,82,96,63
l21,14=0,0,0,0,0,0,0,0,86,88,22,57,49,80,84,85,50,56,0,97,99,0,97,0,88,0,0,0,0,0,0,0,0,0,0,89,88,53,88,59
l22,14=0,0,0,0,0,0,27,0,49,0,0,57,50,0,0,0,62,53,65,95,100,99,0,0,0,0,0,0,0,0,0,1,0,0,2,90,91,82,90,65
l23,14=0,0,0,0,0,0,0,0,0,42,0,30,30,0,100,50,25,28,0,0,0,0,0,0,48,100,0,0,0,0,0,0,36,39,27,0,0,0,0,0
l24,14=0,0,0,0,0,0,0,0,44,0,0,9,64,44,100,94,58,61,0,0,0,28,0,45,0,100,0,0,0,0,0,0,0,0,0,0,44,0,0,0
l25,14=0,0,0,2,1,0,0,0,0,0,0,39,100,43,70,59,0,28,0,0,0,0,0,99,100,0,0,0,6,0,0,0,41,91,100,0,0,0,0,0
l26,14=0,0,0,0,0,0,0,0,0,0,0,0,0,0,0,0,0,0,0,0,88,0,0,0,0,0,0,98,100,99,100,100,99,99,98,0,0,0,0,0
l27,14=0,0,0,0,0,0,0,0,0,0,0,0,0,0,0,0,0,0,0,0,0,0,0,0,0,0,88,0,100,100,100,86,86,85,1,0,0,0,0,0
l28,14=0,0,0,0,0,0,0,0,0,0,0,0,0,0,0,0,0,0,0,0,0,0,7,0,0,18,100,100,0,100,100,91,85,86,89,0,0,0,0,0
l29,14=0,0,0,0,0,0,0,0,0,0,0,0,0,0,0,0,0,0,0,82,0,0,0,0,0,0,88,100,100,0,100,88,87,0,91,0,0,0,0,0
l30,14=0,0,0,0,0,0,0,0,0,0,0,0,0,0,0,0,0,0,0,0,0,0,0,0,0,0,100,100,100,100,0,88,86,86,0,0,0,0,0,0
l31,14=0,0,0,0,0,0,0,0,0,0,0,0,0,0,0,0,0,0,0,56,2,0,26,0,0,0,100,85,98,99,86,0,100,100,100,0,0,0,0,0
l32,14=0,0,0,0,0,0,0,0,0,0,0,0,0,0,82,0,0,0,0,0,0,0,0,81,0,85,98,86,89,99,90,100,0,100,100,0,0,0,0,0
l33,14=0,0,0,0,0,0,0,0,0,0,0,0,98,0,95,0,90,66,0,0,0,0,3,86,0,98,98,91,98,0,98,100,100,0,100,0,0,0,0,0
l34,14=0,0,0,0,0,0,0,0,0,0,0,0,44,0,0,0,80,0,0,0,96,0,30,74,0,99,100,3,100,99,0,100,100,100,0,0,0,0,0,0
l35,14=0,0,0,0,0,0,0,0,0,0,0,0,5,0,3,0,48,29,0,77,84,53,52,0,0,0,0,0,0,0,0,0,0,0,0,0,97,93,92,88
l36,14=0,0,0,0,0,0,0,0,0,0,0,1,0,0,0,0,20,5,0,53,92,42,47,0,82,0,0,0,0,0,0,0,0,0,0,98,0,77,97,60
l37,14=0,0,0,0,0,0,0,0,0,0,0,0,0,0,0,0,3,0,0,50,86,0,53,0,0,0,0,0,0,0,0,0,0,0,0,96,79,0,85,60
l38,14=0,0,0,0,0,0,0,0,0,0,0,20,0,38,79,81,16,24,0,49,97,50,52,0,0,0,0,0,0,0,0,0,0,0,0,97,97,89,0,61
l39,14=0,0,0,0,0,0,0,0,0,0,0,0,0,0,0,0,49,0,0,86,86,56,54,0,0,0,0,0,0,0,0,0,0,0,0,91,85,79,87,0

l0,15=0,99,96,100,98,100,99,99,77,97,98,0,0,0,0,0,0,0,0,0,0,0,0,0,0,0,0,0,0,0,0,0,0,0,0,0,0,0,0,0
l1,15=98,0,96,99,97,98,99,88,1,97,98,0,0,97,0,0,0,0,0,0,0,0,0,0,65,0,0,0,0,0,0,0,0,0,0,0,0,0,0,0
l2,15=100,100,0,99,97,100,100,99,1,94,94,20,0,97,0,0,0,0,0,0,0,0,0,0,0,0,0,0,0,0,0,0,0,0,0,0,0,0,0,0
l3,15=100,100,96,0,97,98,2,0,0,0,98,0,0,0,0,0,0,0,0,0,0,0,0,0,0,0,0,0,0,0,0,0,0,0,0,0,0,0,0,0
l4,15=99,100,96,97,0,100,99,97,0,95,98,0,0,96,0,0,0,0,0,0,0,0,0,0,0,0,0,0,0,0,0,0,0,0,0,0,0,0,0,0
l5,15=98,99,96,99,100,0,99,99,97,97,98,0,0,97,0,90,0,0,0,0,0,0,0,0,0,0,0,0,0,0,0,0,0,0,0,0,0,0,0,0
l6,15=98,99,96,87,96,98,0,99,90,96,98,97,96,97,0,94,30,0,0,0,0,0,11,0,0,0,0,0,0,0,0,0,0,0,0,0,0,0,0,0
l7,15=98,94,96,60,97,98,99,0,97,97,100,0,0,76,90,0,93,0,0,0,0,0,0,0,0,0,0,0,0,0,0,0,0,0,0,0,0,0,0,0
l8,15=93,0,0,30,0,76,57,98,0,100,98,58,58,74,96,94,0,0,0,41,43,73,57,0,97,0,0,0,0,0,0,0,0,0,0,0,0,0,0,0
l9,15=99,96,0,0,54,99,98,100,100,0,100,59,0,100,89,96,61,20,0,0,97,86,42,17,0,0,0,0,0,0,0,0,0,0,0,0,0,0,0,0
l10,15=96,97,2,98,97,98,99,100,97,100,0,0,96,97,92,0,3,0,0,0,0,1,0,0,0,0,0,0,0,0,0,0,0,0,0,0,0,0,0,0
l11,15=0,0,0,0,0,0,62,0,93,96,0,0,100,100,0,100,99,62,0,0,100,77,59,60,89,77,0,0,0,0,0,0,0,0,0,0,59,0,95,0
l12,15=0,0,0,0,0,0,50,0,100,0,100,100,0,100,100,98,99,100,0,24,100,0,60,99,100,100,0,0,0,0,0,0,0,91,0,0,59,3,99,0
l13,15=0,97,93,0,58,86,62,61,94,100,100,100,100,0,99,100,60,62,0,0,0,64,35,57,97,76,0,0,0,0,0,0,0,0,0,0,0,0,0,0
l14,15=0,0,0,0,0,0,0,1,94,99,81,0,100,77,0,98,61,62,0,0,28,12,0,60,100,77,0,0,0,0,0,0,0,99,0,0,0,0,18,0
l15,15=0,0,0,0,0,56,62,0,92,99,0,100,60,77,99,0,61,62,0,0,97,77,0,60,99,75,0,0,0,0,0,0,0,0,0,40,0,0,99,0
l16,15=0,0,0,0,0,0,3,55,0,91,17,60,59,72,99,99,0,62,68,97,98,77,60,15,99,0,0,0,0,0,0,3,16,94,0,57,58,97,80,35
l17,15=0,0,0,0,0,0,0,0,0,96,0,60,60,76,99,98,61,0,0,97,100,77,60,60,99,76,0,0,0,0,0,0,0,95,0,0,58,70,99,47
l18,15=0,0,0,0,0,0,0,0,0,0,0,0,0,0,0,0,86,0,0,42,93,13,81,0,0,0,0,0,0,0,0,0,0,0,0,0,0,0,0,0
l19,15=0,0,0,0,0,0,0,0,16,0,0,0,42,0,0,0,46,46,0,0,100,99,95,0,0,0,13,0,75,73,0,0,0,0,0,0,47,0,35,79
l20,15=0,0,0,0,0,0,0,0,0,96,0,56,60,0,6,95,58,61,60,98,0,100,100,0,0,0,0,0,0,0,0,0,0,0,0,58,73,67,99,99
l21,15=0,0,0,0,0,0,0,0,80,93,15,56,0,65,73,95,59,58,0,98,100,0,100,0,93,0,0,0,1,0,0,0,0,37,64,55,94,94,98,94
l22,15=0,0,0,0,0,0,2,0,73,71,0,42,44,4,0,0,95,48,47,97,100,99,0,0,0,0,0,0,0,0,0,59,0,5,0,39,60,84,75,78
l23,15=0,0,0,0,0,0,0,0,0,54,0,60,100,37,100,100,1,63,0,0,0,0,0,0,100,100,0,0,0,0,0,0,92,100,0,0,0,0,0,0
l24,15=0,0,0,0,0,0,0,0,94,0,0,35,100,77,100,100,98,99,0,0,2,77,0,100,0,77,0,0,0,0,0,0,93,0,0,0,59,0,0,0
l25,15=0,0,0,0,0,0,0,0,0,0,0,84,92,75,84,96,0,53,0,0,0,0,0,100,99,0,74,0,60,0,0,94,86,97,74,0,0,0,0,0
l26,15=0,0,0,0,0,0,0,0,0,0,0,0,0,0,0,0,0,0,0,5,36,0,0,0,0,90,0,87,100,89,100,97,79,33,97,0,0,0,0,0
l27,15=0,0,0,0,0,0,0,0,0,0,0,0,0,0,0,0,0,0,0,0,0,0,0,0,0,0,93,0,100,95,100,92,79,94,94,0,0,0,0,0
l28,15=0,0,0,0,0,0,0,0,0,0,0,0,0,0,0,0,0,0,0,92,0,6,0,0,0,85,99,90,0,95,100,93,78,93,93,0,0,0,0,0
l29,15=0,0,0,0,0,0,0,0,0,0,0,0,0,0,0,0,0,0,0,92,0,0,0,0,0,0,94,90,100,0,100,93,81,93,93,0,0,0,0,0
l30,15=0,0,0,0,0,0,0,0,0,0,0,0,0,0,0,0,0,0,0,0,0,0,0,0,0,0,98,90,100,95,0,91,78,93,0,0,0,0,0,0
l31,15=0,0,0,0,0,0,0,0,0,0,0,0,0,0,0,0,0,0,0,0,0,0,70,0,0,90,98,80,97,89,99,0,86,98,97,0,0,0,0,0
l32,15=0,0,0,0,0,0,0,0,0,0,0,0,74,0,7,0,45,0,0,0,0,0,0,94,93,91,99,80,94,95,100,97,0,98,98,0,0,0,0,0
l33,15=0,0,0,0,0,0,0,0,0,0,0,0,53,0,95,0,69,43,0,0,0,25,33,100,35,93,51,85,98,89,100,99,96,0,98,0,0,0,0,0
l34,15=0,0,0,0,0,0,0,0,0,0,0,0,2,0,0,0,0,0,0,0,0,72,0,0,0,99,98,80,97,89,0,97,87,98,0,0,0,0,0,0
l35,15=0,0,0,0,0,0,0,0,0,0,0,0,25,0,0,68,45,0,0,0,88,64,48,0,0,0,0,0,0,0,0,0,0,0,0,0,97,98,96,95
l36,15=0,0,0,0,0,0,0,0,0,0,0,38,30,0,0,0,57,23,0,88,97,76,54,0,44,0,0,0,0,0,0,0,0,0,0,58,0,96,99,97
l37,15=0,0,0,0,0,0,0,0,0,0,0,0,5,0,0,0,44,0,0,0,31,66,50,0,0,0,0,0,0,0,0,0,0,0,0,95,92,0,94,97
l38,15=0,0,0,0,0,0,0,0,0,0,0,22,28,0,4,90,22,58,0,1,99,74,52,0,0,0,0,0,0,0,0,0,0,0,0,58,63,98,0,94
l39,15=0,0,0,0,0,0,0,0,0,0,0,0,0,0,0,0,10,0,0,89,97,74,53,0,0,0,0,0,0,0,0,0,0,0,0,96,56,98,94,0

