t=2016-04-13_10.35.30

n=40

q0=1
q1=1
q2=1
q3=1
q4=1
q5=1
q6=1
q7=1
q8=1
q9=1
q10=1
q11=1
q12=1
q13=1
q14=1
q15=1
q16=1
q17=1
q18=1
q19=1
q20=1
q21=1
q22=1
q23=1
q24=1
q25=1
q26=1
q27=1
q28=1
q29=1
q30=1
q31=1
q32=1
q33=1
q34=1
q35=1
q36=1
q37=1
q38=1
q39=1

a0=0x141592000c576ce6
a1=0x141592000c5aedbc
a2=0x141592000c5750f4
a3=0x141592000c576658
a4=0x141592000c575890
a5=0x141592000c574ffa
a6=0x141592000c5acf11
a7=0x141592000d9df361
a8=0x141592000c576300
a9=0x141592000c5779b6
a10=0x141592000c5762b9
a11=0x141592000c5af078
a12=0x141592000c575517
a13=0x141592000c5752c3
a14=0x141592000c5a4baa
a15=0x141592000c5776e7
a16=0x141592000c58cdeb
a17=0x141592000c5881fc
a18=0x141592000bd81d33
a19=0x141592000bd84d6a
a20=0x141592000c577233
a21=0x141592000c574527
a22=0x141592000c5746a3
a23=0x141592000c574da3
a24=0x141592000c5741c9
a25=0x141592000da244ea
a26=0x141592000c5ae886
a27=0x141592000c57510e
a28=0x141592000c5ab6c8
a29=0x141592000c574d05
a30=0x141592000edae61f
a31=0x141592000c57667e
a32=0x141592000c577f43
a33=0x141592000c576449
a34=0x1415920010f4117a
a35=0x141592000c575966
a36=0x141592000c574d35
a37=0x141592000c576fb1
a38=0x141592000c5aea5d
a39=0x141592000c59f23f

l0,0=0,87,84,89,89,81,83,65,0,67,83,0,0,0,0,0,0,0,0,0,0,0,0,0,0,0,0,0,0,0,0,0,0,0,0,0,0,0,0,0
l1,0=87,0,87,84,88,82,0,86,74,54,88,0,0,49,0,0,0,0,0,0,0,0,0,0,0,0,0,0,0,0,0,0,0,0,0,0,0,0,0,0
l2,0=77,87,0,85,83,85,91,83,38,70,89,0,0,54,0,0,0,0,0,0,0,0,0,0,0,0,0,0,0,0,0,0,0,0,0,0,0,0,0,0
l3,0=91,82,85,0,90,77,79,75,65,0,83,0,0,0,0,0,0,0,0,0,0,0,0,0,0,0,0,0,0,0,0,0,0,0,0,0,0,0,0,0
l4,0=82,82,78,84,0,78,44,73,37,45,80,0,0,29,0,0,0,0,0,0,0,0,0,0,0,0,0,0,0,0,0,0,0,0,0,0,0,0,0,0
l5,0=87,91,87,77,89,0,84,77,65,72,88,38,0,27,0,0,0,0,0,0,0,0,0,0,0,0,0,0,0,0,0,0,0,0,0,0,0,0,0,0
l6,0=71,0,95,62,35,72,0,87,64,56,71,32,0,54,0,40,32,0,0,0,0,0,0,0,0,0,0,0,0,0,0,0,0,0,0,0,0,0,0,0
l7,0=53,84,83,67,75,73,86,0,65,81,88,58,0,39,0,43,0,0,0,0,0,0,0,0,0,0,0,0,0,0,0,0,0,0,0,0,0,0,0,0
l8,0=0,64,0,39,31,39,61,46,0,90,56,70,25,85,57,70,60,24,0,0,0,41,0,14,34,0,0,0,0,0,0,0,0,0,0,0,0,0,41,0
l9,0=69,26,83,0,35,80,55,88,91,0,89,55,16,75,0,52,50,20,0,0,0,0,30,0,0,0,0,0,0,0,0,0,0,0,0,0,0,0,0,0
l10,0=61,84,87,68,79,78,80,89,70,93,0,69,26,80,0,67,0,0,0,0,0,0,0,0,0,0,0,0,0,0,0,0,0,0,0,0,0,0,0,0
l11,0=0,0,0,0,0,20,41,24,32,73,67,0,51,34,73,90,76,35,0,49,0,3,0,2,49,0,0,0,0,0,0,0,0,0,0,0,35,0,68,0
l12,0=0,0,0,0,0,0,0,0,25,41,40,81,0,69,85,90,55,100,0,0,61,23,0,83,91,79,0,0,0,0,0,0,0,59,0,0,26,0,78,0
l13,0=0,0,26,0,25,0,56,5,87,67,74,81,72,0,81,71,41,38,0,49,0,35,11,67,42,77,0,0,0,0,0,0,0,0,0,0,0,0,60,0
l14,0=0,0,0,0,0,0,0,0,26,0,0,71,45,37,0,71,64,28,0,0,60,0,0,55,54,82,0,0,0,0,0,0,0,65,0,0,29,0,74,0
l15,0=0,0,0,0,0,0,24,3,30,61,61,97,88,32,72,0,60,29,0,0,21,0,8,15,60,0,0,0,0,0,0,0,0,0,0,0,10,0,78,0
l16,0=0,0,0,0,0,0,11,0,29,49,0,67,24,11,70,65,0,33,0,52,61,44,34,15,49,0,0,0,0,0,0,0,0,50,0,19,9,0,84,37
l17,0=0,0,0,0,0,0,0,0,25,70,0,81,85,30,69,79,87,0,0,0,73,36,11,0,49,47,0,0,0,0,0,0,0,77,0,0,35,4,40,0
l18,0=0,0,0,0,0,0,0,0,0,0,0,0,0,0,0,0,0,0,0,0,64,0,23,0,0,0,0,0,0,0,0,0,0,0,0,0,0,0,0,0
l19,0=0,0,0,0,0,0,0,0,6,0,0,20,0,10,0,0,57,0,0,0,83,13,91,0,0,0,12,0,0,6,0,0,0,0,0,0,41,0,24,54
l20,0=0,0,0,0,0,0,0,0,0,0,0,0,13,1,26,11,34,17,26,81,0,55,59,0,0,0,0,0,0,0,0,0,0,0,0,1,81,54,96,92
l21,0=0,0,0,0,0,0,0,0,66,0,0,7,14,43,0,0,68,36,3,44,94,0,78,0,0,0,14,0,0,0,0,11,0,0,0,67,41,10,81,44
l22,0=0,0,0,0,0,0,0,0,11,17,0,0,0,12,0,18,45,16,16,85,94,58,0,0,1,0,15,0,0,0,0,0,7,0,0,26,89,18,81,55
l23,0=0,0,0,0,0,0,0,0,23,0,0,0,57,38,78,45,50,0,0,0,0,0,0,0,79,61,0,0,0,0,0,0,20,55,70,0,0,0,0,0
l24,0=0,0,0,0,0,0,0,0,26,0,0,65,86,27,68,67,59,28,0,0,0,0,1,86,0,78,0,0,0,0,0,0,71,71,70,0,0,0,0,0
l25,0=0,0,0,0,0,0,0,0,8,0,0,0,61,34,85,0,0,27,0,0,0,0,0,39,65,0,28,1,0,0,0,37,63,62,72,0,0,0,0,0
l26,0=0,0,0,0,0,0,0,0,0,0,0,0,0,0,0,0,0,0,0,54,0,18,19,0,0,44,0,67,95,85,81,90,67,59,57,0,0,0,0,0
l27,0=0,0,0,0,0,0,0,0,0,0,0,0,0,0,0,0,0,0,0,0,0,0,0,0,0,0,87,0,95,89,98,81,71,71,77,0,0,0,0,0
l28,0=0,0,0,0,0,0,0,0,0,0,0,0,0,0,0,0,0,0,0,0,0,0,0,0,0,1,62,89,0,89,96,88,72,62,79,0,0,0,0,0
l29,0=0,0,0,0,0,0,0,0,0,0,0,0,0,0,0,0,0,0,0,53,0,0,0,0,0,1,87,100,95,0,98,71,55,58,52,0,0,0,0,0
l30,0=0,0,0,0,0,0,0,0,0,0,0,0,0,0,0,0,0,0,0,0,0,0,0,0,0,0,81,100,95,89,0,63,72,75,0,0,0,0,0,0
l31,0=0,0,0,0,0,0,0,0,0,0,0,0,0,0,0,0,0,0,0,0,0,7,0,0,0,35,78,37,80,68,27,0,86,81,91,0,0,0,0,0
l32,0=0,0,0,0,0,0,0,0,0,0,0,0,0,0,0,0,0,0,0,0,0,0,4,16,50,47,69,40,52,45,45,86,0,86,94,0,0,0,0,0
l33,0=0,0,0,0,0,0,0,0,0,0,0,0,43,0,44,0,34,45,0,0,0,0,0,25,50,47,60,32,44,40,44,74,82,0,76,0,0,0,0,0
l34,0=0,0,0,0,0,0,0,0,0,0,0,0,0,0,3,0,0,0,0,0,49,0,0,43,56,67,72,40,60,34,0,93,93,72,0,0,0,0,0,0
l35,0=0,0,0,0,0,0,0,0,0,0,0,0,0,0,0,0,17,0,0,0,10,23,11,0,0,0,0,0,0,0,0,0,0,0,0,0,34,63,96,59
l36,0=0,0,0,0,0,0,0,0,0,0,0,54,6,0,5,24,10,15,0,61,85,17,17,0,0,0,0,0,0,0,0,0,0,0,0,33,0,43,97,89
l37,0=0,0,0,0,0,0,0,0,0,0,0,0,0,0,0,0,0,2,0,0,75,10,13,0,0,0,0,0,0,0,0,0,0,0,0,38,36,0,23,88
l38,0=0,0,0,0,0,0,0,0,13,0,0,29,20,12,30,56,84,7,0,22,90,30,14,0,0,0,0,0,0,0,0,0,0,0,0,54,40,12,0,92
l39,0=0,0,0,0,0,0,0,0,0,0,0,0,0,0,0,0,34,0,0,52,87,25,17,0,0,0,0,0,0,0,0,0,0,0,0,31,37,47,89,0

l0,1=0,85,72,89,80,81,70,33,3,60,65,0,0,0,0,0,0,0,0,0,0,0,0,0,0,0,0,0,0,0,0,0,0,0,0,0,0,0,0,0
l1,1=62,0,76,83,89,85,50,55,46,53,76,0,0,47,0,0,0,0,0,0,0,0,0,0,0,0,0,0,0,0,0,0,0,0,0,0,0,0,0,0
l2,1=49,87,0,84,72,87,80,73,5,70,86,0,0,0,0,7,0,0,0,0,0,0,0,0,0,0,0,0,0,0,0,0,0,0,0,0,0,0,0,0
l3,1=87,85,75,0,83,78,48,56,0,0,71,0,0,0,0,0,0,0,0,0,0,0,0,0,0,0,0,0,0,0,0,0,0,0,0,0,0,0,0,0
l4,1=58,84,54,83,0,78,52,57,45,48,63,0,0,20,0,0,0,0,0,0,0,0,0,2,0,0,0,0,0,0,0,0,0,0,0,0,0,0,0,0
l5,1=73,89,82,87,86,0,60,75,54,66,80,0,0,11,0,0,0,0,0,0,0,0,0,0,0,0,0,0,0,0,0,0,0,0,0,0,0,0,0,0
l6,1=16,10,81,27,26,30,0,70,30,14,76,15,4,21,0,0,8,0,0,0,0,0,0,0,0,0,0,0,0,0,0,0,0,0,0,0,0,0,0,0
l7,1=9,45,63,45,54,72,78,0,63,68,86,18,0,0,0,16,0,0,0,0,0,0,0,0,0,0,0,0,0,0,0,0,0,0,0,0,0,0,0,0
l8,1=0,37,0,0,47,48,57,59,0,75,57,51,0,76,56,54,37,24,0,0,0,28,18,4,0,0,0,0,0,0,0,0,0,0,0,0,0,0,4,0
l9,1=18,52,66,0,42,69,46,71,81,0,87,46,11,80,28,60,16,21,0,0,0,6,11,0,0,0,0,0,0,0,0,0,0,0,0,0,0,0,0,0
l10,1=26,84,77,56,47,76,74,80,52,80,0,27,0,74,0,39,0,0,0,0,0,1,0,0,0,0,0,0,0,0,0,0,0,0,0,0,0,0,0,0
l11,1=0,0,0,0,0,0,17,2,16,18,20,0,68,84,64,74,30,65,0,15,0,1,0,0,34,0,0,0,0,0,0,0,0,0,0,5,36,0,25,0
l12,1=0,0,0,0,0,0,0,0,0,13,0,65,0,51,69,66,42,68,0,0,39,13,2,65,76,57,0,0,0,0,0,0,0,0,0,0,0,0,33,0
l13,1=0,7,0,0,6,0,27,0,49,54,58,67,37,0,60,34,35,31,0,24,19,15,17,25,29,23,0,0,0,0,0,0,0,0,0,0,0,0,29,0
l14,1=0,0,0,0,0,0,0,0,12,13,0,29,79,46,0,48,42,29,0,0,39,9,0,71,59,56,0,0,0,0,0,0,0,0,0,0,12,0,0,0
l15,1=0,0,0,0,0,0,0,0,22,16,18,88,82,25,41,0,30,35,0,0,9,0,11,10,66,0,0,0,0,0,0,0,0,0,0,0,27,0,0,0
l16,1=0,0,0,0,0,0,0,0,6,7,0,13,15,30,45,31,0,29,0,20,41,20,22,3,30,23,0,0,0,0,0,0,0,9,0,12,27,5,3,14
l17,1=0,0,0,0,0,0,0,0,6,10,0,23,85,43,42,63,40,0,0,0,39,6,6,3,35,13,0,0,0,0,0,0,0,12,0,0,31,0,15,0
l18,1=0,0,0,0,0,0,0,0,0,0,0,0,0,0,0,0,0,0,0,24,53,28,36,0,0,0,0,0,0,0,0,0,0,0,0,0,0,0,0,0
l19,1=0,0,0,0,0,0,0,0,0,0,0,2,0,7,0,0,8,0,16,0,55,13,55,0,0,0,13,0,0,0,0,0,0,0,0,2,27,6,9,22
l20,1=0,0,0,0,0,0,0,0,0,0,0,0,2,11,9,4,23,6,11,42,0,42,45,0,0,0,0,0,0,0,0,0,0,0,0,9,39,28,31,26
l21,1=0,0,0,0,0,0,0,0,7,3,0,2,1,14,4,0,29,3,7,10,66,0,45,0,0,0,2,0,0,0,0,0,4,0,0,18,13,11,22,17
l22,1=0,0,0,0,0,0,0,0,1,3,0,0,0,9,0,9,34,6,9,61,65,43,0,0,0,0,5,0,0,0,0,1,0,0,0,5,38,10,17,28
l23,1=0,0,0,0,0,0,0,0,7,0,0,0,37,40,59,37,27,15,0,0,0,0,0,0,68,42,0,0,0,0,0,0,0,0,26,0,0,0,0,0
l24,1=0,0,0,0,0,0,0,0,0,0,0,27,71,35,62,62,32,26,0,0,0,0,0,72,0,56,0,0,0,0,0,0,33,35,30,0,1,0,0,0
l25,1=0,0,0,0,0,0,0,0,0,0,0,0,43,34,62,0,28,16,0,0,0,0,0,57,53,0,30,0,4,6,0,27,0,18,11,0,0,0,0,0
l26,1=0,0,0,0,0,0,0,0,0,0,0,0,0,0,0,0,0,0,0,37,0,4,26,0,0,21,0,61,58,70,55,56,3,2,6,0,0,0,0,0
l27,1=0,0,0,0,0,0,0,0,0,0,0,0,0,0,0,0,0,0,0,0,0,0,0,0,0,0,54,0,58,75,76,46,3,2,12,0,0,0,0,0
l28,1=0,0,0,0,0,0,0,0,0,0,0,0,0,0,0,0,0,0,0,10,0,0,0,0,0,7,70,83,0,79,59,55,0,2,10,0,0,0,0,0
l29,1=0,0,0,0,0,0,0,0,0,0,0,0,0,0,0,0,0,0,0,0,0,0,0,0,0,1,60,83,60,0,59,52,2,2,7,0,0,0,0,0
l30,1=0,0,0,0,0,0,0,0,0,0,0,0,0,0,0,0,0,0,0,0,0,0,0,0,0,0,55,88,59,77,0,37,0,2,0,0,0,0,0,0
l31,1=0,0,0,0,0,0,0,0,0,0,0,0,0,0,0,0,0,0,0,17,26,5,22,0,0,28,58,38,42,44,27,0,6,2,21,0,0,0,0,0
l32,1=0,0,0,0,0,0,0,0,0,0,0,0,0,0,0,0,2,0,0,0,0,5,0,29,36,0,55,43,22,43,30,53,0,2,71,0,0,0,0,0
l33,1=0,0,0,0,0,0,0,0,0,0,0,0,0,0,0,0,29,31,0,0,0,0,0,0,35,33,49,31,33,22,31,56,27,0,10,0,0,0,0,0
l34,1=0,0,0,0,0,0,0,0,0,0,0,0,0,0,0,0,21,0,0,0,32,0,0,47,35,33,39,38,31,31,0,64,74,2,0,0,0,0,0,0
l35,1=0,0,0,0,0,0,0,0,0,0,0,2,0,0,0,0,11,0,0,5,22,13,16,0,0,0,0,0,0,0,0,0,0,0,0,0,52,45,45,7
l36,1=0,0,0,0,0,0,0,0,0,0,0,9,0,0,0,10,9,4,0,13,43,3,16,0,0,0,0,0,0,0,0,0,0,0,0,26,0,25,40,12
l37,1=0,0,0,0,0,0,0,0,0,0,0,0,0,0,0,0,0,0,0,2,38,3,1,0,0,0,0,0,0,0,0,0,0,0,0,27,41,0,28,33
l38,1=0,0,0,0,0,0,0,0,0,0,0,9,8,15,0,0,3,1,0,6,43,18,10,0,0,0,0,0,0,0,0,0,0,0,0,33,44,25,0,17
l39,1=0,0,0,0,0,0,0,0,0,0,0,0,0,0,0,0,5,0,0,15,35,10,16,0,0,0,0,0,0,0,0,0,0,0,0,3,13,24,18,0

l0,2=0,75,80,76,82,78,26,52,0,75,71,0,0,0,0,0,0,0,0,0,0,0,0,0,0,0,0,0,0,0,0,0,0,0,0,0,0,0,0,0
l1,2=65,0,77,80,83,83,19,48,53,73,76,0,0,0,0,0,0,0,0,0,0,0,0,0,0,0,0,0,0,0,0,0,0,0,0,0,0,0,0,0
l2,2=66,72,0,78,75,85,41,63,0,79,77,0,0,0,0,0,0,0,0,0,0,0,0,0,0,0,0,0,0,0,0,0,0,0,0,0,0,0,0,0
l3,2=73,85,82,0,82,79,20,0,31,49,62,0,0,0,0,0,0,0,0,0,0,0,0,0,0,0,0,0,0,0,0,0,0,0,0,0,0,0,0,0
l4,2=63,76,79,74,0,81,24,52,0,73,63,0,0,0,0,0,0,0,0,0,0,0,0,0,0,0,0,0,0,0,0,0,0,0,0,0,0,0,0,0
l5,2=50,79,82,67,84,0,33,64,59,71,69,0,0,31,0,0,0,0,0,0,0,0,0,0,0,0,0,0,0,0,0,0,0,0,0,0,0,0,0,0
l6,2=29,18,84,18,38,34,0,10,6,31,72,7,13,10,0,14,0,0,0,0,0,0,0,0,0,0,0,0,0,0,0,0,0,0,0,0,0,0,0,0
l7,2=22,48,73,1,62,79,33,0,68,76,83,4,0,29,0,31,2,0,0,0,0,0,0,0,0,0,0,0,0,0,0,0,0,0,0,0,0,0,0,0
l8,2=0,12,0,2,0,32,5,57,0,84,69,41,0,51,3,51,48,26,0,0,0,30,0,0,27,2,0,0,0,0,0,0,0,0,0,0,0,0,2,0
l9,2=23,55,80,13,66,65,24,62,75,0,83,22,34,51,0,48,22,12,0,0,0,0,0,0,0,0,0,0,0,0,0,0,0,0,0,0,0,0,0,0
l10,2=12,79,76,15,22,76,38,65,69,84,0,11,0,50,0,16,0,1,0,0,0,0,0,0,0,0,0,0,0,0,0,0,0,0,0,0,0,0,0,0
l11,2=0,0,0,0,0,0,1,0,23,6,9,0,61,60,39,65,30,73,0,13,7,20,9,34,4,0,0,0,0,0,0,0,0,0,0,9,21,0,41,9
l12,2=0,0,0,0,0,0,1,0,0,12,0,60,0,21,73,60,55,93,0,0,1,14,10,66,85,66,0,0,0,0,0,0,0,0,0,0,0,0,32,0
l13,2=0,0,0,0,0,3,0,17,70,69,67,67,40,0,42,50,50,43,0,5,8,30,16,43,41,0,0,0,0,0,0,0,0,0,0,0,0,0,49,0
l14,2=0,0,0,0,0,0,0,0,10,0,0,40,69,19,0,27,43,37,0,0,25,0,0,70,73,62,0,0,0,0,0,0,0,43,0,0,0,0,45,0
l15,2=0,0,0,0,0,0,1,9,41,17,10,74,69,31,22,0,13,49,0,1,28,1,0,0,64,0,0,0,0,0,0,0,0,0,0,0,8,0,28,11
l16,2=0,0,0,0,0,0,0,0,16,5,0,19,34,12,32,8,0,55,0,23,36,33,34,14,36,35,0,0,0,0,0,0,0,20,0,26,20,21,46,24
l17,2=0,0,0,0,0,0,0,0,16,8,0,55,70,25,24,43,61,0,0,1,12,30,11,39,66,0,0,0,0,0,0,0,0,31,0,0,20,0,47,0
l18,2=0,0,0,0,0,0,0,0,0,0,0,0,0,0,0,0,0,0,0,19,24,35,22,0,0,0,0,0,0,0,0,0,0,0,0,0,0,0,0,0
l19,2=0,0,0,0,0,0,0,0,0,0,0,1,0,8,0,0,11,0,2,0,40,2,51,0,0,0,13,0,0,0,0,15,0,0,0,9,6,8,29,16
l20,2=0,0,0,0,0,0,0,0,0,0,0,3,1,4,7,18,26,3,6,40,0,61,46,0,0,0,0,0,0,0,0,0,0,0,0,27,25,18,58,30
l21,2=0,0,0,0,0,0,0,0,14,2,0,8,5,9,1,1,25,9,12,8,50,0,48,0,0,0,0,0,0,0,0,0,0,18,0,33,25,22,58,30
l22,2=0,0,0,0,0,0,0,0,8,0,0,7,1,5,0,3,35,3,6,48,43,57,0,0,0,0,2,0,0,12,0,5,0,1,0,33,25,24,16,30
l23,2=0,0,0,0,0,0,0,0,0,0,0,29,64,31,66,0,11,27,0,0,0,0,0,0,81,54,0,0,0,0,0,0,0,0,31,0,0,0,0,0
l24,2=0,0,0,0,0,0,0,0,50,0,0,22,64,38,65,60,55,67,0,0,5,0,0,71,0,65,0,0,0,0,0,0,23,45,8,0,18,0,35,0
l25,2=0,0,0,0,0,0,0,0,39,0,0,0,64,7,50,0,28,0,0,0,0,0,0,56,70,0,16,0,0,0,0,39,34,52,44,0,0,0,0,0
l26,2=0,0,0,0,0,0,0,0,0,0,0,0,0,0,0,0,0,0,0,16,0,0,1,0,0,30,0,3,82,76,63,51,56,58,53,0,0,0,0,0
l27,2=0,0,0,0,0,0,0,0,0,0,0,0,0,0,0,0,0,0,0,0,0,0,0,0,0,0,12,0,80,83,80,48,44,49,48,0,0,0,0,0
l28,2=0,0,0,0,0,0,0,0,0,0,0,0,0,0,0,0,0,0,0,0,0,0,0,0,0,0,83,67,0,86,64,45,31,46,31,0,0,0,0,0
l29,2=0,0,0,0,0,0,0,0,0,0,0,0,0,0,0,0,0,0,0,0,0,0,11,0,0,0,55,64,82,0,63,42,38,0,6,0,0,0,0,0
l30,2=0,0,0,0,0,0,0,0,0,0,0,0,0,0,0,0,0,0,0,0,0,0,0,0,0,0,39,80,74,73,0,35,31,42,25,0,0,0,0,0
l31,2=0,0,0,0,0,0,0,0,0,0,0,0,0,0,0,0,0,0,0,17,0,0,8,3,0,35,71,9,43,49,36,0,62,58,60,0,0,0,0,0
l32,2=0,0,0,0,0,0,0,0,0,0,0,0,0,0,0,0,0,0,0,0,0,0,0,0,29,36,22,8,22,49,39,52,0,63,74,0,0,0,0,0
l33,2=0,0,0,0,0,0,0,0,0,0,0,0,0,0,18,0,12,11,0,0,0,16,0,0,32,50,22,6,39,0,41,46,49,0,53,0,0,0,0,0
l34,2=0,0,0,0,0,0,0,0,0,0,0,0,0,0,5,0,0,0,0,0,14,11,0,20,34,39,21,7,25,36,31,54,67,70,0,0,0,0,0,0
l35,2=0,0,0,0,0,0,0,0,0,0,0,0,0,0,0,0,15,0,0,1,15,27,21,0,0,0,0,0,0,0,0,0,0,0,0,0,28,43,64,8
l36,2=0,0,0,0,0,0,0,0,0,0,0,13,0,0,0,3,20,19,0,16,38,46,33,0,1,0,0,0,0,0,0,0,0,0,0,38,0,49,70,24
l37,2=0,0,0,0,0,0,0,0,0,0,0,0,0,0,0,0,3,0,0,1,10,11,13,0,0,0,0,0,0,0,0,0,0,0,0,31,28,0,58,25
l38,2=0,0,0,0,0,0,0,0,0,0,0,5,0,11,5,3,23,17,0,15,42,50,0,0,0,0,0,0,0,0,0,0,0,0,0,51,36,49,0,30
l39,2=0,0,0,0,0,0,0,0,0,0,0,0,0,0,0,0,10,0,0,19,18,36,33,0,0,0,0,0,0,0,0,0,0,0,0,11,17,22,54,0

l0,3=0,45,71,79,81,84,83,64,0,56,4,0,0,0,0,0,0,0,0,0,0,0,0,0,0,0,0,0,0,0,0,0,0,0,0,0,0,0,0,0
l1,3=73,0,63,85,82,88,84,89,60,82,79,11,0,0,0,0,0,0,0,0,0,0,0,0,0,0,0,0,0,0,0,0,0,0,0,0,0,0,0,0
l2,3=87,78,0,85,87,90,92,90,56,84,88,0,0,58,0,0,0,0,0,0,0,0,0,0,0,0,0,0,0,0,0,0,0,0,0,0,0,0,0,0
l3,3=84,88,81,0,87,80,89,40,7,37,71,0,0,0,0,0,0,0,0,0,0,0,0,0,0,0,0,0,0,0,0,0,0,0,0,0,0,0,0,0
l4,3=81,62,79,84,0,86,74,39,0,40,23,0,0,0,0,0,0,0,0,0,0,0,0,0,0,0,0,0,0,0,0,0,0,0,0,0,0,0,0,0
l5,3=86,88,82,80,87,0,88,87,21,40,87,10,0,57,0,4,0,0,0,0,0,0,0,0,0,0,0,0,0,0,0,0,0,0,0,0,0,0,0,0
l6,3=77,73,82,79,72,85,0,80,71,80,88,66,53,52,0,54,10,0,0,0,0,0,0,0,0,0,0,0,0,0,0,0,0,0,0,0,0,0,0,0
l7,3=54,42,81,5,25,88,88,0,78,84,89,0,3,70,0,68,11,0,0,0,0,0,0,0,0,0,0,0,0,0,0,0,0,0,0,0,0,0,0,0
l8,3=0,0,26,0,0,21,47,76,0,85,64,44,35,80,2,64,32,26,0,0,0,40,31,0,42,0,0,0,0,0,0,0,0,0,0,0,0,0,13,0
l9,3=40,34,33,5,5,37,49,46,82,0,89,34,44,76,11,35,5,2,0,0,0,0,0,0,0,0,0,0,0,0,0,0,0,0,0,0,0,0,0,0
l10,3=0,68,79,39,43,88,89,91,80,85,0,16,25,75,17,20,0,0,0,0,0,0,0,0,28,0,0,0,0,0,0,0,0,0,0,0,0,0,4,0
l11,3=0,0,0,0,0,18,73,0,75,58,42,0,86,83,82,91,72,83,0,17,45,40,71,73,76,0,0,0,0,0,0,0,0,0,0,0,35,12,37,0
l12,3=0,0,0,0,0,0,41,0,28,38,0,92,0,31,95,88,32,96,0,22,0,27,20,80,91,89,0,0,0,0,0,0,0,0,0,10,0,0,17,0
l13,3=0,0,17,0,0,27,28,34,84,84,65,86,71,0,14,70,12,44,8,0,27,7,23,47,34,5,0,0,0,0,0,0,0,0,0,0,0,0,20,0
l14,3=0,0,0,0,0,0,0,0,2,27,27,90,92,25,0,16,37,18,0,0,20,2,0,89,91,65,0,0,0,0,0,0,0,31,0,0,0,0,41,0
l15,3=0,0,0,0,0,0,36,67,76,79,9,94,86,73,53,0,69,72,0,7,51,6,0,30,82,11,0,0,0,0,0,0,0,0,0,0,13,0,16,13
l16,3=0,0,0,0,0,0,35,0,28,7,3,26,47,20,69,21,0,65,9,12,66,58,74,16,65,15,0,0,0,0,0,0,0,19,0,0,22,22,16,16
l17,3=0,0,0,0,0,0,0,0,65,2,0,89,92,63,68,73,92,0,0,6,43,55,36,68,81,0,0,0,0,0,0,0,0,0,0,1,33,1,34,26
l18,3=0,0,0,0,0,0,0,0,0,0,0,0,0,10,0,0,8,0,0,46,38,5,33,0,0,0,0,0,0,0,0,0,0,0,0,0,0,0,0,0
l19,3=0,0,0,0,0,0,0,0,0,0,0,3,17,0,0,4,15,0,16,0,79,86,91,0,0,0,0,0,0,12,0,25,0,0,0,8,11,4,19,13
l20,3=0,0,0,0,0,0,0,0,0,3,0,3,0,4,9,59,87,19,14,86,0,91,97,0,12,0,0,0,0,0,0,0,0,0,0,21,37,42,37,38
l21,3=0,0,0,0,0,0,0,0,65,0,0,15,17,9,0,11,86,36,5,83,82,0,90,0,0,0,0,0,0,0,0,0,2,8,0,11,37,34,37,28
l22,3=0,0,0,0,0,0,0,0,34,0,0,13,18,35,0,0,84,19,19,93,89,94,0,0,0,0,25,0,0,22,0,0,0,0,0,56,27,25,36,39
l23,3=0,0,0,0,0,0,0,0,0,0,0,28,83,29,83,29,7,22,0,0,0,0,0,0,90,83,0,0,0,0,0,0,0,17,0,0,0,0,0,0
l24,3=0,0,0,0,0,0,0,0,33,0,18,68,91,22,81,76,78,76,0,0,29,0,0,88,0,87,0,0,0,0,0,0,0,75,0,0,18,0,15,0
l25,3=0,0,0,0,0,0,0,0,0,0,0,15,85,15,79,0,17,0,0,0,0,0,0,84,84,0,9,0,0,4,0,64,71,80,76,0,0,0,0,0
l26,3=0,0,0,0,0,0,0,0,0,0,0,0,0,0,0,0,0,0,0,0,0,0,59,0,0,35,0,78,93,92,92,92,89,46,69,0,0,0,0,0
l27,3=0,0,0,0,0,0,0,0,0,0,0,0,0,0,0,0,0,0,0,0,0,0,0,0,0,0,80,0,93,95,100,87,91,12,4,0,0,0,0,0
l28,3=0,0,0,0,0,0,0,0,0,0,0,0,0,0,0,0,0,0,0,0,0,0,0,0,0,0,93,99,0,95,85,85,79,78,62,0,0,0,0,0
l29,3=0,0,0,0,0,0,0,0,0,0,0,0,0,0,0,0,0,0,0,51,5,0,56,0,0,3,93,96,93,0,94,71,77,44,46,0,0,0,0,0
l30,3=0,0,0,0,0,0,0,0,0,0,0,0,0,0,0,0,0,0,0,0,0,0,0,0,0,0,86,99,84,89,0,66,85,50,0,0,0,0,0,0
l31,3=0,0,0,0,0,0,0,0,0,0,0,0,0,0,0,0,0,0,0,55,0,0,0,7,0,56,92,71,73,71,58,0,96,93,92,0,0,0,0,0
l32,3=0,0,0,0,0,0,0,0,0,0,0,0,0,0,0,0,0,0,0,0,0,1,0,0,0,72,75,57,76,74,77,97,0,90,92,0,0,0,0,0
l33,3=0,0,0,0,0,0,0,0,0,0,0,0,25,0,52,0,33,0,0,0,0,4,0,46,75,86,62,0,79,56,64,92,87,0,88,0,0,0,0,0
l34,3=0,0,0,0,0,0,0,0,0,0,0,0,0,0,0,0,0,0,0,0,23,5,0,0,10,81,76,25,76,73,35,96,96,95,0,0,0,0,0,0
l35,3=0,0,0,0,0,0,0,0,0,0,0,0,8,0,0,0,0,0,0,5,3,14,38,0,0,0,0,0,0,0,0,0,0,0,0,0,36,42,37,37
l36,3=0,0,0,0,0,0,0,0,0,0,0,39,2,0,0,0,63,30,0,20,43,55,41,0,7,0,0,0,0,0,0,0,0,0,0,46,0,43,37,40
l37,3=0,0,0,0,0,0,0,0,0,0,0,0,0,0,0,0,21,0,0,3,67,26,16,0,0,0,0,0,0,0,0,0,0,0,0,54,40,0,37,38
l38,3=0,0,0,0,0,0,0,0,6,0,0,52,58,53,49,41,67,40,0,53,71,69,52,0,6,0,0,0,0,0,0,0,0,0,0,64,45,42,0,34
l39,3=0,0,0,0,0,0,0,0,0,0,0,0,0,0,0,1,31,1,0,11,33,17,42,0,0,0,0,0,0,0,0,0,0,0,0,46,34,30,29,0

l0,4=0,74,69,87,77,81,69,58,13,68,0,0,0,0,0,0,0,0,0,0,0,0,0,0,0,0,0,0,0,0,0,0,0,0,0,0,0,0,0,0
l1,4=76,0,81,87,85,90,73,58,73,58,56,0,0,1,0,0,0,0,0,0,0,0,0,0,0,0,0,0,0,0,0,0,0,0,0,0,0,0,0,0
l2,4=85,84,0,87,85,92,74,84,69,46,78,0,0,68,0,0,0,0,0,0,0,0,0,0,0,0,0,0,0,0,0,0,0,0,0,0,0,0,0,0
l3,4=91,94,77,0,84,80,69,0,0,0,60,0,0,0,0,0,0,0,0,0,0,0,0,0,0,0,0,0,0,0,0,0,0,0,0,0,0,0,0,0
l4,4=64,84,78,80,0,81,58,61,73,38,0,0,0,0,0,0,0,0,0,0,0,0,0,0,0,0,0,0,0,0,0,0,0,0,0,0,0,0,0,0
l5,4=80,82,83,76,82,0,63,83,0,56,72,0,0,71,0,73,0,0,0,0,0,0,0,1,0,0,0,0,0,0,0,0,0,0,0,0,0,0,0,0
l6,4=76,82,83,53,45,49,0,91,30,59,75,50,37,0,0,36,37,0,0,0,0,0,0,0,0,0,0,0,0,0,0,0,0,0,0,0,0,0,0,0
l7,4=54,54,83,0,75,86,79,0,82,87,81,68,4,57,0,76,19,0,0,0,0,0,0,0,0,0,0,0,0,0,0,0,0,0,0,0,0,0,0,0
l8,4=0,44,47,0,56,0,40,76,0,74,67,81,79,87,38,79,80,76,0,0,44,76,69,0,20,0,0,0,0,0,0,0,0,0,0,0,0,0,0,0
l9,4=65,55,45,0,35,73,69,86,87,0,83,80,0,87,0,39,0,62,0,0,32,0,40,0,0,0,0,0,0,0,0,0,0,0,0,0,0,0,0,0
l10,4=0,51,80,59,0,81,79,91,82,92,0,83,73,85,69,77,0,46,0,0,0,0,0,37,1,0,0,0,0,0,0,0,0,0,0,0,0,0,0,0
l11,4=0,0,0,0,0,0,35,24,42,23,36,0,84,83,82,91,48,81,0,0,0,33,37,37,33,32,0,0,0,0,0,0,0,0,0,0,24,26,43,0
l12,4=0,0,0,0,0,0,5,0,41,0,35,83,0,78,89,84,86,92,0,5,41,0,0,76,89,84,0,0,0,0,0,0,13,21,0,0,13,0,35,0
l13,4=0,0,34,0,0,35,0,0,84,50,43,82,58,0,43,81,54,78,0,1,33,29,41,51,12,37,0,0,0,0,0,0,0,0,0,0,0,0,11,0
l14,4=0,0,0,0,0,0,0,0,27,0,43,83,94,60,0,0,72,44,0,0,37,21,3,79,93,78,0,0,0,0,0,10,0,45,31,0,0,0,64,0
l15,4=0,0,0,0,0,28,30,31,74,15,36,94,85,86,0,0,48,37,0,14,35,32,36,33,68,30,0,0,0,0,0,0,0,0,0,0,21,0,37,0
l16,4=0,0,0,0,0,0,7,0,31,0,0,37,47,45,43,12,0,56,21,26,34,35,33,28,41,32,0,0,0,0,0,0,0,0,0,38,21,0,38,43
l17,4=0,0,0,0,0,0,0,0,37,20,18,51,94,51,41,23,72,0,0,0,31,30,36,0,56,21,0,0,0,0,0,0,0,0,0,27,27,0,34,41
l18,4=0,0,0,0,0,0,0,0,0,0,0,0,0,0,0,0,41,0,0,38,28,36,27,0,0,0,0,0,0,0,0,0,0,0,0,0,0,0,0,0
l19,4=0,0,0,0,0,0,0,0,0,0,0,0,8,0,0,0,6,0,28,0,56,44,91,0,0,0,0,0,10,14,0,0,0,0,0,33,24,29,33,41
l20,4=0,0,0,0,0,0,0,0,8,9,0,0,14,8,21,6,33,23,8,41,0,39,48,0,34,0,0,0,8,0,0,0,24,0,0,32,25,30,40,43
l21,4=0,0,0,0,0,0,0,0,27,0,0,33,0,2,4,2,27,14,23,41,37,0,46,0,16,0,0,0,0,0,0,0,0,0,0,20,22,32,35,37
l22,4=0,0,0,0,0,0,0,0,15,10,0,23,0,7,0,4,24,11,14,67,66,39,0,0,0,0,19,0,0,5,1,0,0,19,0,39,28,34,40,45
l23,4=0,0,0,0,0,0,0,0,0,0,0,61,89,81,93,53,32,0,0,0,0,0,0,0,92,95,0,0,0,0,0,0,0,46,44,0,0,0,0,0
l24,4=0,0,0,0,0,0,0,0,25,0,0,32,92,46,93,80,49,82,0,0,31,7,0,91,0,82,0,0,0,0,0,0,0,35,24,0,0,0,1,0
l25,4=0,0,0,0,0,0,0,0,0,0,0,31,94,28,94,5,33,5,0,0,0,0,0,92,92,0,0,0,0,13,0,29,73,78,70,0,0,0,0,0
l26,4=0,0,0,0,0,0,0,0,0,0,0,0,0,0,0,0,0,0,0,0,0,0,74,0,0,0,0,92,97,98,99,99,98,51,96,0,0,0,0,0
l27,4=0,0,0,0,0,0,0,0,0,0,0,0,0,0,0,0,0,0,0,0,0,0,0,0,0,0,98,0,97,98,99,99,87,0,66,0,0,0,0,0
l28,4=0,0,0,0,0,0,0,0,0,0,0,0,0,0,0,0,0,0,0,22,14,0,0,0,0,0,99,100,0,98,86,57,88,59,75,0,0,0,0,0
l29,4=0,0,0,0,0,0,0,0,0,0,0,0,0,0,0,0,0,0,0,12,0,0,20,0,0,23,99,100,97,0,99,41,66,54,72,0,0,0,0,0
l30,4=0,0,0,0,0,0,0,0,0,0,0,0,0,0,0,0,0,0,0,0,0,0,0,0,0,0,99,100,94,98,0,97,91,60,0,0,0,0,0,0
l31,4=0,0,0,0,0,0,0,0,0,0,0,0,0,0,6,0,0,0,0,0,0,0,0,0,0,23,98,31,26,11,57,0,100,96,99,0,0,0,0,0
l32,4=0,0,0,0,0,0,0,0,0,0,0,0,61,0,0,0,0,0,0,0,40,0,0,0,0,95,97,51,94,71,73,99,0,100,100,0,0,0,0,0
l33,4=0,0,0,0,0,0,0,0,0,0,0,0,19,0,36,0,0,0,0,0,0,0,17,39,38,97,30,0,37,27,27,99,99,0,100,0,0,0,0,0
l34,4=0,0,0,0,0,0,0,0,0,0,0,0,0,0,35,0,0,0,0,0,9,0,0,53,24,97,88,19,94,84,0,99,100,97,0,0,0,0,0,0
l35,4=0,0,0,0,0,0,0,0,0,0,0,0,0,0,0,0,21,8,0,13,22,0,26,0,0,0,0,0,0,0,0,0,0,0,0,0,28,44,36,47
l36,4=0,0,0,0,0,0,0,0,0,0,0,14,7,0,0,0,15,19,0,0,31,28,29,0,0,0,0,0,0,0,0,0,0,0,0,35,0,34,33,43
l37,4=0,0,0,0,0,0,0,0,0,0,0,0,0,0,0,0,8,0,0,20,24,29,30,0,0,0,0,0,0,0,0,0,0,0,0,42,26,0,32,44
l38,4=0,0,0,0,0,0,0,0,0,0,0,25,18,0,20,7,43,10,0,26,36,30,36,0,0,0,0,0,0,0,0,0,0,0,0,36,28,33,0,44
l39,4=0,0,0,0,0,0,0,0,0,0,0,0,0,0,0,0,15,6,0,22,22,23,28,0,0,0,0,0,0,0,0,0,0,0,0,36,26,29,29,0

l0,5=0,58,67,75,65,64,66,65,0,66,68,0,0,0,0,0,0,0,0,0,0,0,0,0,0,0,0,0,0,0,0,0,0,0,0,0,0,0,0,0
l1,5=67,0,79,68,83,80,74,70,0,70,73,0,0,0,0,0,0,0,0,0,0,0,0,31,0,0,0,0,0,0,0,0,0,0,0,0,0,0,0,0
l2,5=62,69,0,59,71,75,76,0,14,70,73,0,0,0,0,0,0,0,0,0,0,0,0,0,0,0,0,0,0,0,0,0,0,0,0,0,0,0,0,0
l3,5=79,69,71,0,83,66,58,0,0,28,56,0,0,0,0,0,0,0,0,0,0,0,0,0,0,0,0,0,0,0,0,0,0,0,0,0,0,0,0,0
l4,5=64,69,73,73,0,74,62,77,64,0,68,0,0,53,0,1,0,0,0,0,0,0,0,0,0,0,0,0,0,0,0,0,0,0,0,0,0,0,0,0
l5,5=62,64,77,59,66,0,65,71,41,70,73,52,0,45,0,2,0,0,0,0,0,0,0,0,0,0,0,0,0,0,0,0,0,0,0,0,0,0,0,0
l6,5=62,58,72,31,49,63,0,76,36,71,74,62,0,0,0,0,35,0,0,0,0,0,0,0,0,0,0,0,0,0,0,0,0,0,0,0,0,0,0,0
l7,5=57,48,1,0,63,64,67,0,68,70,86,71,0,0,0,57,0,0,0,0,0,0,0,0,0,0,0,0,0,0,0,0,0,0,0,0,0,0,0,0
l8,5=0,0,0,0,42,5,37,39,0,76,75,75,0,76,32,48,53,21,0,0,2,28,17,0,43,0,0,0,0,0,0,0,0,0,0,0,0,0,0,0
l9,5=31,42,66,31,0,65,66,56,72,0,80,74,0,74,0,52,40,35,0,0,14,0,20,0,29,0,0,0,0,0,0,0,0,0,0,0,0,0,28,0
l10,5=48,47,67,41,54,65,66,71,68,82,0,72,19,61,48,49,0,20,0,0,0,0,0,0,0,0,0,0,0,0,0,0,0,0,0,0,0,0,0,0
l11,5=0,0,0,0,0,6,15,6,20,40,52,0,29,25,64,80,48,26,0,0,0,8,0,11,18,9,0,0,0,0,0,0,0,0,0,0,23,24,36,0
l12,5=0,0,0,0,0,0,0,0,0,0,0,78,0,11,81,37,64,77,0,0,1,0,0,26,45,65,0,0,0,0,0,0,9,11,0,3,15,0,20,0
l13,5=0,0,0,0,9,14,0,0,78,77,50,73,37,0,52,75,44,38,0,4,5,0,12,32,0,4,0,0,0,0,0,0,0,0,0,0,0,0,0,0
l14,5=0,0,0,0,0,0,0,0,9,3,17,75,80,19,0,17,51,20,0,0,9,0,1,49,82,66,0,0,0,0,0,7,0,17,2,0,0,0,35,0
l15,5=0,0,0,0,1,0,0,15,8,18,18,85,31,88,23,0,22,16,0,0,0,11,3,13,43,9,0,0,0,0,0,0,0,0,0,0,17,0,34,14
l16,5=0,0,0,0,0,0,8,0,6,10,0,21,23,7,25,23,0,22,0,11,11,14,2,0,19,13,0,0,0,0,0,0,0,0,0,36,16,28,39,23
l17,5=0,0,0,0,0,0,0,0,14,24,8,66,80,25,48,51,70,0,0,0,31,9,2,0,44,20,0,0,0,0,0,0,0,0,0,13,50,18,0,19
l18,5=0,0,0,0,0,0,0,0,0,0,0,0,0,0,0,0,0,0,0,5,0,59,19,0,0,0,0,0,0,0,0,0,0,0,0,0,0,0,0,0
l19,5=0,0,0,0,0,0,0,0,0,0,0,0,0,5,0,0,18,0,0,0,57,65,53,0,0,0,2,0,7,17,0,0,0,0,0,31,32,0,19,28
l20,5=0,0,0,0,0,0,0,0,0,4,0,0,3,3,11,3,19,18,0,33,0,33,51,0,5,0,0,0,1,0,0,0,7,0,1,15,34,37,28,15
l21,5=0,0,0,0,0,0,0,0,4,0,0,8,0,0,0,15,21,5,8,29,19,0,8,0,6,0,0,0,0,0,0,0,0,0,0,32,32,18,24,32
l22,5=0,0,0,0,0,0,0,0,4,14,0,0,1,7,5,21,21,2,3,58,61,34,0,0,0,0,9,0,0,0,0,0,0,0,0,19,41,34,35,6
l23,5=0,0,0,0,0,0,0,0,1,0,0,30,24,42,38,21,0,0,0,0,0,0,0,0,67,53,0,0,0,0,0,0,0,26,35,0,0,0,0,0
l24,5=0,0,0,0,0,0,0,0,6,10,0,22,72,0,82,21,27,17,0,0,2,8,0,74,0,46,0,0,0,0,0,0,0,24,17,0,0,0,0,0
l25,5=0,0,0,0,0,0,0,0,0,0,0,13,27,5,30,15,19,5,0,0,0,0,0,50,52,0,0,0,0,21,0,0,41,28,31,0,0,0,0,0
l26,5=0,0,0,0,0,0,0,0,0,0,0,0,0,0,0,0,0,0,0,8,9,0,17,0,0,0,0,48,88,93,72,79,60,24,50,0,0,0,0,0
l27,5=0,0,0,0,0,0,0,0,0,0,0,0,0,0,0,0,0,0,0,0,0,0,0,0,0,0,64,0,88,81,87,69,44,0,0,0,0,0,0,0
l28,5=0,0,0,0,0,0,0,0,0,0,0,0,0,0,0,0,0,0,0,18,13,0,0,0,0,0,74,89,0,93,86,64,58,49,51,0,0,0,0,0
l29,5=0,0,0,0,0,0,0,0,0,0,0,0,0,0,0,0,0,0,0,26,0,0,0,0,0,20,74,85,88,0,80,35,45,36,50,0,0,0,0,0
l30,5=0,0,0,0,0,0,0,0,0,0,0,0,0,0,0,0,0,0,0,0,0,0,0,0,0,0,70,89,88,86,0,68,0,52,0,0,0,0,0,0
l31,5=0,0,0,0,0,0,0,0,0,0,0,0,0,0,3,0,1,0,0,0,0,0,0,0,0,0,59,26,39,35,38,0,64,56,75,0,0,0,0,0
l32,5=0,0,0,0,0,0,0,0,0,0,0,0,13,0,0,0,0,0,0,0,15,0,0,0,0,43,41,31,42,61,11,87,0,60,86,0,0,0,0,0
l33,5=0,0,0,0,0,0,0,0,0,0,0,0,7,0,21,0,0,0,0,0,0,0,0,35,28,43,21,0,39,58,40,42,41,0,62,0,0,0,0,0
l34,5=0,0,0,0,0,0,0,0,0,0,0,0,12,0,7,0,0,0,0,0,13,0,0,33,34,36,23,0,37,57,0,82,73,73,0,0,0,0,0,0
l35,5=0,0,0,0,0,0,0,0,0,0,0,0,0,1,0,0,9,0,0,6,2,13,1,0,0,0,0,0,0,0,0,0,0,0,0,0,35,38,7,35
l36,5=0,0,0,0,0,0,0,0,0,0,0,14,1,0,0,9,0,9,0,8,9,12,1,0,0,0,0,0,0,0,0,0,0,0,0,43,0,45,26,35
l37,5=0,0,0,0,0,0,0,0,0,0,0,5,0,0,0,0,5,0,0,0,11,6,1,0,0,0,0,0,0,0,0,0,0,0,0,36,36,0,23,20
l38,5=0,0,0,0,0,0,0,0,0,5,0,21,4,0,20,21,19,0,0,5,16,14,1,0,0,0,0,0,0,0,0,0,0,0,0,23,50,42,0,35
l39,5=0,0,0,0,0,0,0,0,0,0,0,0,0,0,0,0,7,0,0,8,9,14,1,0,0,0,0,0,0,0,0,0,0,0,0,38,41,31,29,0

l0,6=0,82,77,80,73,85,53,6,0,21,56,0,0,0,0,0,0,0,0,0,0,0,0,0,0,0,0,0,0,0,0,0,0,0,0,0,0,0,0,0
l1,6=86,0,86,84,82,87,56,25,27,64,3,0,0,0,0,0,0,0,0,0,0,0,0,5,0,0,0,0,0,0,0,0,0,0,0,0,0,0,0,0
l2,6=84,82,0,84,81,86,56,33,18,69,63,0,0,2,0,0,0,0,0,0,0,0,0,0,0,0,0,0,0,0,0,0,0,0,0,0,0,0,0,0
l3,6=77,65,60,0,82,60,45,0,0,49,0,0,0,0,0,0,0,0,0,0,0,0,0,0,0,0,0,0,0,0,0,0,0,0,0,0,0,0,0,0
l4,6=81,86,81,85,0,58,54,19,26,0,46,0,0,16,0,3,0,0,0,0,0,0,0,10,0,0,0,0,0,0,0,0,0,0,0,0,0,0,0,0
l5,6=80,76,77,77,72,0,53,75,50,64,61,0,0,7,0,0,0,0,0,0,0,0,0,0,0,0,0,0,0,0,0,0,0,0,0,0,0,0,0,0
l6,6=58,64,56,58,57,65,0,75,40,64,61,36,0,0,0,0,34,0,0,0,0,0,0,0,0,0,0,0,0,0,0,0,0,0,0,0,0,0,0,0
l7,6=17,46,42,0,32,79,55,0,54,62,63,39,0,0,0,32,0,0,0,0,0,0,0,0,0,0,0,0,0,0,0,0,0,0,0,0,0,0,0,0
l8,6=0,26,0,0,17,30,25,36,0,64,60,45,39,57,6,22,43,52,0,0,15,26,22,0,11,0,0,0,0,0,0,0,0,0,0,0,0,0,0,0
l9,6=7,49,52,46,0,73,51,52,64,0,63,36,34,49,25,30,24,13,0,0,0,0,13,2,0,0,0,0,0,0,0,0,0,0,0,0,0,0,5,0
l10,6=41,0,53,0,27,63,53,77,61,70,0,39,0,23,0,27,34,0,0,0,0,0,0,0,0,0,0,0,0,0,0,0,0,0,0,0,0,0,0,0
l11,6=0,0,0,0,0,0,11,6,41,24,37,0,35,14,36,52,38,28,0,0,1,0,0,0,14,1,0,0,0,0,0,0,0,0,0,0,7,0,14,0
l12,6=0,0,0,0,0,0,0,0,18,17,0,43,0,9,42,37,49,39,0,0,5,0,1,25,47,43,0,0,0,0,0,0,0,24,3,0,2,0,8,0
l13,6=0,0,0,0,7,0,0,0,61,55,31,34,27,0,32,40,32,31,0,9,6,0,21,17,13,13,0,0,0,0,0,0,0,0,0,5,10,0,8,0
l14,6=0,0,0,0,0,0,0,0,13,16,0,25,56,14,0,14,27,31,0,0,12,0,17,44,27,24,0,0,0,0,0,0,0,25,0,0,0,0,9,0
l15,6=0,0,0,0,3,0,0,23,26,36,32,53,51,26,35,0,45,37,0,0,1,24,14,21,19,6,0,0,0,0,0,0,0,0,0,0,11,0,13,0
l16,6=0,0,0,0,0,0,7,0,15,13,21,20,37,4,12,14,0,34,0,7,4,22,13,1,13,1,0,0,0,0,0,0,0,9,0,3,11,5,17,11
l17,6=0,0,0,0,0,0,0,0,29,13,0,38,39,25,38,37,50,0,0,0,27,21,3,0,18,8,0,0,0,0,0,0,0,10,0,0,7,0,10,2
l18,6=0,0,0,0,0,0,0,0,0,0,0,0,0,4,0,0,32,0,0,22,0,32,0,0,0,0,0,0,0,0,0,0,0,0,0,0,0,0,0,0
l19,6=0,0,0,0,0,0,0,0,0,0,0,0,0,13,0,0,28,0,11,0,37,44,51,0,0,0,0,0,0,15,0,16,0,0,0,10,7,0,1,32
l20,6=0,0,0,0,0,0,0,0,15,0,0,0,18,4,19,0,21,26,0,41,0,49,59,0,0,0,2,0,0,0,0,5,0,13,0,1,22,18,20,25
l21,6=0,0,0,0,0,0,0,0,16,5,0,0,19,0,0,14,34,15,8,30,37,0,45,0,0,0,0,0,0,0,0,0,0,0,0,30,14,9,12,21
l22,6=0,0,0,0,0,0,0,0,22,16,0,0,19,10,19,19,31,7,0,44,40,49,0,0,0,0,22,0,0,0,0,0,0,0,0,3,40,4,16,21
l23,6=0,6,0,1,0,0,0,0,0,0,0,0,37,19,24,15,21,0,0,0,0,0,0,0,39,46,0,0,0,0,0,9,0,24,17,0,0,0,0,0
l24,6=0,0,0,0,0,0,0,0,23,0,0,23,62,21,34,17,27,36,0,0,0,0,0,58,0,27,0,0,0,0,0,0,0,26,13,0,2,0,11,0
l25,6=0,0,0,0,0,0,0,0,0,0,0,5,46,0,26,10,18,19,0,0,0,0,0,53,31,0,0,0,0,1,0,0,22,27,0,0,0,0,0,0
l26,6=0,0,0,0,0,0,0,0,0,0,0,0,0,0,0,0,0,0,0,2,0,0,17,0,0,0,0,44,70,83,75,70,55,27,18,0,0,0,0,0
l27,6=0,0,0,0,0,0,0,0,0,0,0,0,0,0,0,0,0,0,0,0,0,0,0,0,0,0,65,0,66,80,87,53,30,0,0,0,0,0,0,0
l28,6=0,0,0,0,0,0,0,0,0,0,0,0,0,0,0,0,0,0,0,12,0,0,0,0,0,0,77,79,0,87,84,58,33,47,32,0,0,0,0,0
l29,6=0,0,0,0,0,0,0,0,0,0,0,0,0,0,0,0,0,0,0,23,0,0,0,0,0,0,72,80,70,0,30,33,27,33,16,0,0,0,0,0
l30,6=0,0,0,0,0,0,0,0,0,0,0,0,0,0,0,0,0,0,0,0,0,0,0,0,0,0,72,80,66,35,0,45,0,6,19,0,0,0,0,0
l31,6=0,0,0,0,0,0,0,0,0,0,0,0,0,0,0,0,0,0,0,12,6,3,0,18,0,0,66,28,36,25,19,0,52,61,59,0,0,0,0,0
l32,6=0,0,0,0,0,0,0,0,0,0,0,0,0,0,0,0,0,0,0,0,0,0,0,3,0,18,52,19,27,29,0,71,0,61,69,0,0,0,0,0
l33,6=0,0,0,0,0,0,0,0,0,0,0,0,34,0,22,0,21,25,0,0,11,0,0,31,20,33,30,0,33,29,8,59,53,0,50,0,0,0,0,0
l34,6=0,0,0,0,0,0,0,0,0,0,0,0,28,0,0,0,0,0,0,0,0,0,0,33,16,0,36,0,29,26,15,58,66,47,0,0,0,0,0,0
l35,6=0,0,0,0,0,0,0,0,0,0,0,0,0,1,0,0,26,0,0,0,14,22,2,0,0,0,0,0,0,0,0,0,0,0,0,0,16,19,10,29
l36,6=0,0,0,0,0,0,0,0,0,0,0,5,4,2,0,3,30,3,0,0,17,16,21,0,0,0,0,0,0,0,0,0,0,0,0,20,0,26,22,35
l37,6=0,0,0,0,0,0,0,0,0,0,0,0,0,0,0,0,2,0,0,0,12,1,2,0,0,0,0,0,0,0,0,0,0,0,0,21,39,0,14,11
l38,6=0,0,0,0,0,0,0,0,0,0,0,23,20,8,6,15,35,13,0,0,22,28,24,0,0,0,0,0,0,0,0,0,0,0,0,20,30,18,0,36
l39,6=0,0,0,0,0,0,0,0,0,0,0,0,0,0,0,0,26,0,0,16,15,22,14,0,0,0,0,0,0,0,0,0,0,0,0,29,37,22,13,0

l0,7=0,95,83,92,91,85,81,0,58,65,79,0,0,0,0,0,0,0,0,0,0,0,0,0,0,0,0,0,0,0,0,0,0,0,0,0,0,0,0,0
l1,7=82,0,88,92,91,82,81,84,32,75,4,0,0,0,0,0,0,0,0,0,0,0,0,2,0,0,0,0,0,0,0,0,0,0,0,0,0,0,0,0
l2,7=70,88,0,92,91,76,81,40,65,75,11,0,0,0,0,1,0,0,0,0,0,0,0,0,0,0,0,0,0,0,0,0,0,0,0,0,0,0,0,0
l3,7=76,77,74,0,96,74,63,15,51,25,45,0,0,0,0,0,0,0,0,0,0,0,0,0,0,0,0,0,0,0,0,0,0,0,0,0,0,0,0,0
l4,7=75,95,87,94,0,85,81,23,70,0,75,0,0,38,0,3,0,0,0,0,0,0,0,0,0,0,0,0,0,0,0,0,0,0,0,0,0,0,0,0
l5,7=82,89,83,92,91,0,81,87,69,78,86,0,0,3,0,3,0,0,0,0,0,0,0,0,0,0,0,0,0,0,0,0,0,0,0,0,0,0,0,0
l6,7=74,88,87,89,91,82,0,87,0,77,86,15,0,45,0,0,7,0,0,0,0,0,0,0,0,0,0,0,0,0,0,0,0,0,0,0,0,0,0,0
l7,7=0,62,38,46,65,82,84,0,59,78,86,7,6,48,0,47,0,0,0,0,0,0,0,0,0,0,0,0,0,0,0,0,0,0,0,0,0,0,0,0
l8,7=12,35,49,55,64,55,0,45,0,80,84,42,43,63,43,58,45,31,0,0,1,1,9,0,0,0,0,0,0,0,0,0,0,0,0,0,0,0,3,0
l9,7=2,50,58,26,0,62,81,86,80,0,86,25,35,61,25,56,0,8,0,0,18,5,4,3,7,0,0,0,0,0,0,0,0,0,0,0,0,0,19,0
l10,7=33,0,2,61,72,67,75,89,80,79,0,47,0,8,0,49,43,4,0,0,0,0,0,0,0,0,0,0,0,0,0,0,0,0,0,0,0,0,0,0
l11,7=0,0,0,0,0,0,1,2,54,16,12,0,58,43,31,73,47,16,0,0,15,0,4,2,14,9,0,0,0,0,0,0,0,0,0,16,21,0,24,9
l12,7=0,0,0,0,0,0,0,0,10,3,0,42,0,18,61,65,57,26,0,0,15,8,0,19,75,58,0,0,0,0,0,0,0,3,15,0,0,0,13,0
l13,7=0,0,0,0,39,1,13,26,80,42,1,23,35,0,40,59,29,26,0,0,15,2,4,10,16,29,0,0,0,0,0,0,0,0,0,16,1,0,22,0
l14,7=0,0,0,0,0,0,0,0,11,5,0,13,54,23,0,12,36,42,0,0,17,25,4,36,14,40,0,0,0,0,0,0,0,3,0,0,0,0,16,0
l15,7=0,0,0,0,9,0,0,12,46,20,14,68,64,54,40,0,37,26,0,3,16,31,5,16,8,24,0,0,0,0,0,0,0,0,0,0,18,0,25,0
l16,7=0,0,0,0,0,0,0,0,6,0,8,13,53,12,24,11,0,19,7,0,23,31,6,9,14,18,0,0,0,0,0,7,0,0,1,26,29,20,21,20
l17,7=0,0,0,0,0,0,0,0,15,2,0,10,52,36,54,20,52,0,0,0,26,29,0,4,23,0,0,0,0,0,0,0,0,3,0,0,29,0,20,0
l18,7=0,0,0,0,0,0,0,0,0,0,0,0,0,0,0,0,33,0,0,26,33,27,0,0,0,0,0,0,0,0,0,0,0,0,0,0,0,0,0,0
l19,7=0,0,0,0,0,0,0,0,0,0,0,0,5,0,0,0,0,0,9,0,47,45,50,0,0,0,0,0,3,13,0,30,0,0,0,1,13,0,16,36
l20,7=0,0,0,0,0,0,0,0,0,4,0,4,19,10,14,9,25,14,7,48,0,61,56,0,0,0,11,0,0,0,0,0,0,0,0,42,50,11,47,22
l21,7=0,0,0,0,0,0,0,0,4,5,0,0,19,6,13,28,27,24,6,27,52,0,51,0,0,0,0,0,0,0,0,0,0,0,0,44,47,34,31,39
l22,7=0,0,0,0,0,0,0,0,15,8,0,8,1,14,17,23,25,0,0,51,57,63,0,0,0,0,19,0,0,12,0,0,0,0,0,17,55,18,41,36
l23,7=0,0,0,0,0,0,0,0,0,2,0,4,44,14,29,12,30,3,0,0,0,0,0,0,75,62,0,0,0,0,0,6,1,3,26,0,0,0,0,0
l24,7=0,0,0,0,0,0,0,0,0,5,0,14,70,22,24,10,38,39,0,0,0,0,0,60,0,49,0,0,0,0,0,0,0,3,12,0,9,0,1,0
l25,7=0,0,0,0,0,0,0,0,0,0,0,1,62,17,31,9,28,0,0,0,0,0,0,57,50,0,0,0,0,6,0,3,15,22,0,0,0,0,12,0
l26,7=0,0,0,0,0,0,0,0,0,0,0,0,0,0,0,0,0,0,0,0,17,0,16,0,0,0,0,35,65,83,63,77,74,28,54,0,0,0,0,0
l27,7=0,0,0,0,0,0,0,0,0,0,0,0,0,0,0,0,0,0,0,0,0,0,0,0,0,0,51,0,65,88,93,34,52,0,0,0,0,0,0,0
l28,7=0,0,0,0,0,0,0,0,0,0,0,0,0,0,0,0,0,0,0,28,20,0,0,0,0,0,63,87,0,88,93,60,29,37,42,0,0,0,0,0
l29,7=0,0,0,0,0,0,0,0,0,0,0,0,0,0,0,0,0,0,0,33,0,0,18,0,0,11,55,87,65,0,92,72,69,47,14,0,0,0,0,0
l30,7=0,0,0,0,0,0,0,0,0,0,0,0,0,0,0,0,0,0,0,0,0,0,0,0,0,0,52,87,64,83,0,54,34,20,46,0,0,0,0,0
l31,7=0,0,0,0,0,0,0,0,0,0,0,0,0,0,1,0,14,0,0,31,0,0,0,8,0,0,50,2,35,27,43,0,74,73,82,0,0,0,0,0
l32,7=0,0,0,0,0,0,0,0,0,0,0,0,0,0,0,0,0,0,0,0,0,0,8,15,0,26,37,13,15,40,39,79,0,76,88,0,0,0,0,0
l33,7=0,0,0,0,0,0,0,0,0,0,0,0,40,0,25,0,0,26,0,0,25,0,0,25,27,35,13,0,27,26,42,79,73,0,61,0,0,0,0,0
l34,7=0,0,0,0,0,0,0,0,0,0,0,0,33,0,0,0,12,0,0,0,0,0,0,35,18,0,19,9,18,20,40,74,80,54,0,0,0,0,0,0
l35,7=0,0,0,0,0,0,0,0,0,0,0,0,0,2,0,0,17,0,0,0,28,40,1,0,0,0,0,0,0,0,0,0,0,0,0,0,45,51,34,44
l36,7=0,0,0,0,0,0,0,0,0,0,0,1,0,0,0,0,25,3,0,0,34,21,24,0,0,0,0,0,0,0,0,0,0,0,0,47,0,46,32,30
l37,7=0,0,0,0,0,0,0,0,0,0,0,0,0,0,0,0,3,0,0,2,8,9,0,0,0,0,0,0,0,0,0,0,0,0,0,47,50,0,10,24
l38,7=0,0,0,0,0,0,0,0,0,3,0,14,12,19,9,35,27,14,0,8,34,43,18,0,0,2,0,0,0,0,0,0,0,0,0,47,63,39,0,26
l39,7=0,0,0,0,0,0,0,0,0,0,0,0,0,0,0,0,9,0,0,12,31,38,27,0,0,0,0,0,0,0,0,0,0,0,0,46,54,44,23,0

l0,8=0,94,94,90,97,93,92,38,71,82,87,0,0,28,0,0,0,0,0,0,0,0,0,0,0,0,0,0,0,0,0,0,0,0,0,0,0,0,0,0
l1,8=88,0,94,90,97,94,91,77,0,15,78,0,0,8,0,0,0,0,0,0,0,0,0,0,0,0,0,0,0,0,0,0,0,0,0,0,0,0,0,0
l2,8=89,94,0,90,97,95,93,77,0,2,51,0,0,0,0,21,0,0,0,0,0,0,0,0,0,0,0,0,0,0,0,0,0,0,0,0,0,0,0,0
l3,8=88,93,89,0,97,92,76,33,15,0,0,0,0,0,0,0,0,0,0,0,0,0,0,0,0,0,0,0,0,0,0,0,0,0,0,0,0,0,0,0
l4,8=87,94,85,89,0,93,92,57,87,49,84,0,0,44,0,0,0,0,0,0,0,0,0,0,3,0,0,0,0,0,0,0,0,0,0,0,0,0,0,0
l5,8=89,94,94,90,97,0,91,77,91,68,91,64,0,0,0,0,0,0,0,0,0,0,0,0,0,0,0,0,0,0,0,0,0,0,0,0,0,0,0,0
l6,8=84,90,91,85,91,89,0,79,31,87,86,0,0,19,0,0,26,0,0,0,0,0,0,0,0,0,0,0,0,0,0,0,0,0,0,0,0,0,0,0
l7,8=70,88,90,83,91,91,88,0,88,99,99,7,0,47,0,0,5,6,0,0,0,0,0,0,0,0,0,0,0,0,0,0,0,0,0,0,0,0,0,0
l8,8=53,0,0,56,71,55,23,36,0,99,62,82,0,51,35,80,0,17,0,27,0,0,17,0,4,0,0,0,0,0,0,0,0,0,0,0,0,0,0,0
l9,8=84,0,0,0,8,44,86,91,98,0,99,81,10,49,0,72,33,11,0,0,0,42,1,11,15,0,0,0,0,0,0,0,0,0,0,0,0,0,34,0
l10,8=81,67,86,0,91,91,86,93,92,99,0,73,0,45,0,77,16,0,0,0,0,0,0,0,0,0,0,0,0,0,0,0,0,0,0,0,0,0,0,0
l11,8=0,0,0,0,0,18,0,0,70,17,33,0,30,20,30,86,41,11,0,0,6,9,0,11,15,19,0,0,0,0,0,0,0,0,0,14,12,0,32,0
l12,8=0,0,0,0,0,0,0,0,0,5,0,89,0,0,59,53,46,8,0,0,4,0,0,19,85,78,0,0,0,0,0,0,0,0,1,0,4,0,2,0
l13,8=7,2,0,13,26,0,6,35,99,40,43,39,0,0,35,43,19,8,0,0,13,10,0,13,12,16,0,0,0,0,0,0,0,0,0,0,1,0,27,0
l14,8=0,0,0,0,0,0,0,0,34,0,0,35,30,24,0,35,20,33,0,0,8,5,1,33,74,17,0,0,0,0,0,0,0,0,0,0,3,0,0,0
l15,8=0,0,0,0,0,0,0,0,59,17,34,90,29,32,43,0,30,15,0,0,40,28,3,10,14,9,0,0,0,0,0,0,0,0,0,0,7,0,39,0
l16,8=0,0,0,0,0,0,2,0,0,0,6,64,10,7,18,13,0,9,4,25,56,5,9,2,16,2,0,0,0,0,0,0,0,0,2,2,15,2,4,3
l17,8=0,0,0,0,0,0,0,2,36,0,0,67,11,18,43,39,40,0,0,16,52,1,0,3,11,0,0,0,0,0,0,0,0,0,0,0,0,0,3,1
l18,8=0,0,0,0,0,0,0,0,0,0,0,0,0,0,0,0,53,0,0,72,62,49,0,0,0,0,0,0,0,0,0,0,0,0,0,1,0,0,0,0
l19,8=0,0,0,0,0,0,0,0,13,0,0,0,0,0,0,0,49,1,10,0,81,52,19,0,0,0,21,0,24,0,0,49,0,0,0,43,16,0,0,53
l20,8=0,0,0,0,0,0,0,0,0,0,0,0,0,5,8,20,19,0,10,85,0,77,48,0,0,0,12,0,0,0,0,0,0,0,0,29,23,40,61,21
l21,8=0,0,0,0,0,0,0,0,0,0,0,35,0,10,14,20,17,0,9,54,74,0,19,0,0,0,0,0,0,0,0,0,0,0,0,36,17,37,65,26
l22,8=0,0,0,0,0,0,0,0,27,0,0,25,0,0,11,20,30,0,0,78,82,74,0,0,0,0,0,0,0,7,0,0,0,0,0,39,22,33,57,24
l23,8=0,0,0,0,0,0,0,0,0,30,0,48,21,36,40,23,24,9,0,0,0,0,0,0,73,77,0,0,0,0,0,0,2,4,7,0,0,0,0,0
l24,8=0,0,0,0,0,0,0,0,3,10,0,44,30,19,66,18,54,6,0,0,0,0,0,84,0,63,0,0,0,0,0,0,0,0,0,0,0,0,0,0
l25,8=0,0,0,0,0,0,0,0,0,0,0,32,30,17,32,15,19,0,0,0,0,0,0,84,47,0,0,0,0,0,0,0,2,7,0,0,0,0,0,0
l26,8=0,0,0,0,0,0,0,0,0,0,0,0,0,0,0,0,0,0,0,60,19,0,0,0,0,0,0,58,93,94,57,80,67,22,23,0,0,0,0,0
l27,8=0,0,0,0,0,0,0,0,0,0,0,0,0,0,0,0,0,0,0,0,0,0,0,0,0,0,80,0,93,94,91,0,60,0,28,0,0,0,0,0
l28,8=0,0,0,0,0,0,0,0,0,0,0,0,0,0,0,0,0,0,0,74,46,0,0,0,0,0,80,92,0,94,91,80,28,43,25,0,0,0,0,0
l29,8=0,0,0,0,0,0,0,0,0,0,0,0,0,0,0,0,0,0,0,0,0,0,1,0,0,15,80,92,94,0,91,79,12,20,11,0,0,0,0,0
l30,8=0,0,0,0,0,0,0,0,0,0,0,0,0,0,0,0,0,0,0,0,0,0,0,0,0,0,74,92,93,94,0,57,63,16,0,0,0,0,0,0
l31,8=0,0,0,0,0,0,0,0,0,0,0,0,0,0,0,0,11,0,0,29,0,0,0,0,7,6,64,0,41,50,5,0,64,76,52,0,0,0,0,0
l32,8=0,0,0,0,0,0,0,0,0,0,0,0,2,0,0,0,0,0,0,0,0,0,0,8,0,12,69,9,5,3,9,78,0,78,56,0,0,0,0,0
l33,8=0,0,0,0,0,0,0,0,0,0,0,0,7,0,0,0,0,5,0,0,0,0,0,4,6,14,17,0,16,3,3,78,67,0,10,0,0,0,0,0
l34,8=0,0,0,0,0,0,0,0,0,0,0,0,8,0,0,0,33,0,0,0,0,0,0,30,1,13,20,6,13,5,0,79,69,35,0,0,0,0,0,0
l35,8=0,0,0,0,0,0,0,0,0,0,0,2,0,0,0,0,1,0,0,17,26,24,3,0,0,0,0,0,0,0,0,0,0,0,0,0,27,42,54,28
l36,8=0,0,0,0,0,0,0,0,0,0,0,25,0,0,7,2,17,0,0,22,46,22,10,0,0,0,0,0,0,0,0,0,0,0,0,46,0,52,35,24
l37,8=0,0,0,0,0,0,0,0,0,0,0,0,0,0,0,0,5,0,0,0,33,23,1,0,0,0,0,0,0,0,0,0,0,0,0,40,20,0,26,24
l38,8=0,0,0,0,0,0,0,0,0,0,0,31,0,10,0,19,11,0,0,0,57,51,10,0,0,0,0,0,0,0,0,0,0,0,0,43,21,38,0,21
l39,8=0,0,0,0,0,0,0,0,0,0,0,0,0,0,0,0,32,0,0,33,36,49,6,0,0,0,0,0,0,0,0,0,0,0,0,48,17,50,29,0

l0,9=0,100,100,95,95,93,94,93,56,90,90,0,0,1,0,0,0,0,0,0,0,0,0,0,0,0,0,0,0,0,0,0,0,0,0,0,0,0,0,0
l1,9=98,0,100,98,95,100,98,97,84,87,95,0,0,81,0,0,0,0,0,0,0,0,0,39,0,0,0,0,0,0,0,0,0,0,0,0,0,0,0,0
l2,9=98,100,0,99,92,100,100,72,0,30,86,0,25,0,0,0,0,0,0,0,0,0,0,0,0,0,0,0,0,0,0,0,0,0,0,0,0,0,0,0
l3,9=94,99,97,0,95,93,91,88,0,1,83,0,0,11,0,0,0,0,0,0,0,0,0,0,0,0,0,0,0,0,0,0,0,0,0,0,0,0,0,0
l4,9=97,98,94,99,0,84,95,92,94,69,95,0,0,0,1,0,0,0,0,0,0,0,0,0,0,0,0,0,0,0,0,0,0,0,0,0,0,0,0,0
l5,9=98,100,100,99,85,0,100,96,94,89,100,0,0,75,0,0,0,0,0,0,0,0,0,0,0,0,0,0,0,0,0,0,0,0,0,0,0,0,0,0
l6,9=95,95,100,54,81,94,0,100,56,98,99,0,0,77,0,0,72,0,0,0,0,0,0,0,0,0,0,0,0,0,0,0,0,0,0,0,0,0,0,0
l7,9=92,100,38,93,92,93,100,0,100,100,100,20,15,100,0,70,0,0,0,0,0,0,0,0,0,0,0,0,0,0,0,0,0,0,0,0,0,0,0,0
l8,9=47,81,0,0,80,95,97,64,0,100,67,69,20,99,71,89,86,95,0,63,0,0,44,0,1,0,0,0,0,0,0,0,0,0,0,0,0,0,0,0
l9,9=95,84,0,12,44,89,98,100,100,0,100,99,0,100,88,91,89,0,0,0,0,0,0,70,56,0,0,0,0,0,0,0,0,0,0,0,0,0,0,0
l10,9=98,99,97,98,95,98,100,100,97,100,0,0,48,99,28,93,66,69,0,0,0,0,0,46,0,0,0,0,0,0,0,0,0,0,0,0,0,0,0,0
l11,9=0,0,0,0,0,0,0,16,57,59,0,0,99,99,92,100,96,99,0,2,28,21,27,82,93,80,0,0,0,0,0,0,0,0,0,0,66,0,41,0
l12,9=0,0,0,0,0,0,0,0,0,0,0,78,0,54,98,99,99,100,0,0,24,2,3,89,100,100,0,0,0,0,0,0,0,0,1,0,66,0,21,0
l13,9=0,46,0,9,0,79,88,64,92,100,38,92,82,0,50,99,98,74,0,0,33,23,9,52,96,84,0,0,0,0,0,0,0,0,0,0,61,0,47,0
l14,9=0,0,0,0,1,0,0,0,16,33,0,37,99,2,0,98,88,100,0,0,18,4,15,89,100,81,0,0,0,0,0,0,0,0,1,0,0,0,0,0
l15,9=0,0,0,0,0,0,0,4,51,62,42,100,91,98,95,0,96,98,0,0,2,23,37,53,97,0,0,0,0,0,0,0,0,0,0,0,71,5,54,0
l16,9=0,0,0,0,0,0,1,0,13,14,11,36,79,74,77,93,0,95,48,21,37,14,37,41,95,29,0,0,0,0,0,0,0,0,31,1,42,0,53,12
l17,9=0,0,0,0,0,0,0,0,38,0,27,37,88,56,97,98,96,0,0,55,34,8,28,0,9,51,0,0,0,0,0,0,0,20,0,0,20,0,0,14
l18,9=0,0,0,0,0,0,0,0,0,0,0,0,0,0,0,0,89,0,0,0,70,52,0,0,0,0,0,0,0,0,0,0,0,0,0,0,0,0,0,0
l19,9=0,0,0,0,0,0,0,0,5,0,0,0,0,0,0,0,43,59,0,0,94,82,86,0,0,0,73,0,6,0,0,55,0,0,0,49,66,0,41,78
l20,9=0,0,0,0,0,0,0,0,0,0,0,6,29,11,52,61,81,33,27,92,0,93,97,0,0,0,10,0,0,0,0,0,0,0,20,16,77,53,72,41
l21,9=0,0,0,0,0,0,0,0,0,0,0,12,2,34,38,69,61,28,45,90,98,0,93,0,5,0,0,0,0,0,0,0,0,2,0,39,61,40,68,22
l22,9=0,0,0,0,0,0,0,0,27,0,0,7,21,0,32,64,51,50,0,87,99,85,0,0,0,0,57,0,0,20,0,42,0,0,0,60,78,55,81,0
l23,9=0,0,0,0,0,0,0,0,0,2,0,39,99,7,98,14,25,0,0,0,0,0,0,0,100,99,0,0,0,0,0,0,5,3,32,0,0,0,0,0
l24,9=0,0,0,0,0,0,0,0,0,1,0,29,95,17,99,94,97,0,0,0,0,0,0,87,0,97,0,0,0,0,0,0,0,5,6,0,1,0,0,0
l25,9=0,0,0,0,0,0,0,0,0,0,0,8,99,3,80,0,4,0,0,0,0,0,0,89,99,0,0,0,0,0,0,0,12,26,8,0,0,0,0,0
l26,9=0,0,0,0,0,0,0,0,0,0,0,0,0,0,0,0,0,0,0,83,55,0,69,0,0,0,0,85,97,97,98,98,99,84,89,0,0,0,0,0
l27,9=0,0,0,0,0,0,0,0,0,0,0,0,0,0,0,0,0,0,0,0,0,0,0,0,0,0,95,0,97,99,100,91,88,0,0,0,0,0,0,0
l28,9=0,0,0,0,0,0,0,0,0,0,0,0,0,0,0,0,0,0,0,81,0,0,65,0,0,0,96,100,0,99,100,83,5,86,1,0,0,0,0,0
l29,9=0,0,0,0,0,0,0,0,0,0,0,0,0,0,0,0,0,0,0,0,27,0,80,0,0,8,96,100,97,0,100,97,7,86,87,0,0,0,0,0
l30,9=0,0,0,0,0,0,0,0,0,0,0,0,0,0,0,0,0,0,0,0,0,0,0,0,0,0,96,100,97,99,0,93,94,36,88,0,0,0,0,0
l31,9=0,0,0,0,0,0,0,0,0,0,0,0,0,0,0,0,0,0,0,73,0,0,36,0,0,0,93,71,89,94,93,0,100,98,100,0,0,0,0,0
l32,9=0,0,0,0,0,0,0,0,0,0,0,0,0,0,0,0,0,0,0,0,0,0,0,15,0,80,96,12,0,0,94,98,0,98,100,0,0,0,0,0
l33,9=0,0,0,0,0,0,0,0,0,0,0,0,0,0,0,0,1,7,0,0,0,0,0,18,94,99,30,0,39,10,23,98,100,0,96,0,0,0,0,0
l34,9=0,0,0,0,0,0,0,0,0,0,0,0,23,0,19,0,99,0,0,0,29,0,0,44,75,91,95,0,0,42,88,98,100,97,0,0,0,0,0,0
l35,9=0,0,0,0,0,0,0,0,0,0,0,0,0,0,0,0,0,0,0,26,0,39,40,0,0,0,0,0,0,0,0,0,0,0,0,0,79,48,78,14
l36,9=0,0,0,0,0,0,0,0,0,0,0,5,21,8,1,48,34,3,0,34,28,16,32,0,11,0,0,0,0,0,0,0,0,0,0,52,0,51,41,19
l37,9=0,0,0,0,0,0,0,0,0,0,0,0,0,0,0,0,9,0,0,0,22,5,28,0,0,0,0,0,0,0,0,0,0,0,0,34,67,0,41,22
l38,9=0,0,0,0,0,0,0,0,0,0,0,2,23,40,0,66,70,3,0,21,29,27,39,0,0,16,0,0,0,0,0,0,0,0,0,40,71,55,0,19
l39,9=0,0,0,0,0,0,0,0,0,0,0,0,0,0,0,0,56,63,0,73,50,26,0,0,0,0,0,0,0,0,0,0,0,0,0,32,59,68,52,0

l0,10=0,90,90,93,91,80,0,73,28,50,70,0,0,0,0,0,0,0,0,0,0,0,0,0,0,0,0,0,0,0,0,0,0,0,0,0,0,0,0,0
l1,10=92,0,90,93,0,89,89,77,11,4,35,0,0,0,0,0,0,0,0,0,0,0,0,3,0,0,0,0,0,0,0,0,0,0,0,0,0,0,0,0
l2,10=92,90,0,93,66,89,88,66,38,68,68,0,23,0,0,0,0,0,0,0,0,0,0,0,0,0,0,0,0,0,0,0,0,0,0,0,0,0,0,0
l3,10=96,88,87,0,97,89,59,41,0,42,0,0,0,0,0,0,0,0,0,0,0,0,0,0,0,0,0,0,0,0,0,0,0,0,0,0,0,0,0,0
l4,10=90,53,60,95,0,82,61,55,45,26,72,0,0,0,17,0,0,0,0,0,0,0,0,0,0,0,0,0,0,0,0,0,0,0,0,0,0,0,0,0
l5,10=82,81,90,90,89,0,88,85,56,53,79,0,0,60,0,0,0,0,0,0,0,0,0,0,0,0,0,0,0,0,0,0,0,0,0,0,0,0,0,0
l6,10=0,85,82,67,62,83,0,83,77,82,76,0,0,30,0,0,0,0,0,0,0,0,0,0,0,0,0,0,0,0,0,0,0,0,0,0,0,0,0,0
l7,10=69,75,52,60,69,85,88,0,77,86,83,44,24,66,12,5,0,0,0,0,0,0,0,0,0,0,0,0,0,0,0,0,0,0,0,0,0,0,0,0
l8,10=17,0,7,0,34,47,68,60,0,90,50,63,32,73,0,65,21,25,0,14,0,0,40,31,18,0,0,0,0,0,0,0,0,0,0,0,0,0,0,0
l9,10=39,5,37,28,14,51,71,82,82,0,83,62,50,72,40,56,0,0,0,0,0,20,7,14,24,0,0,0,0,0,0,0,0,0,0,0,0,0,0,0
l10,10=56,28,51,0,50,55,63,73,51,86,0,48,0,53,0,59,0,28,0,0,0,0,0,5,0,0,0,0,0,0,0,0,0,0,0,0,0,0,0,0
l11,10=0,0,0,0,0,0,0,25,38,36,45,0,67,65,66,86,0,64,0,0,30,24,0,43,51,45,0,0,0,0,0,0,0,0,0,23,39,0,0,0
l12,10=0,0,0,0,0,0,0,0,22,31,0,74,0,33,89,79,75,84,0,0,43,32,0,77,85,100,0,0,0,0,0,0,0,49,0,0,0,0,38,0
l13,10=0,0,0,0,10,42,47,36,69,68,62,73,48,0,44,72,38,22,0,0,30,25,0,28,57,27,0,0,0,0,0,0,0,0,0,0,16,0,25,0
l14,10=0,0,0,0,17,0,0,0,0,32,0,69,88,32,0,39,44,71,0,0,23,12,33,67,83,62,0,0,0,0,0,0,0,49,0,0,53,0,27,0
l15,10=0,0,0,0,0,0,0,0,37,36,61,88,63,53,54,0,40,55,0,15,34,1,37,25,59,24,0,0,0,0,0,0,0,0,0,0,25,4,16,0
l16,10=0,0,0,0,0,0,0,0,6,0,0,0,64,30,50,28,0,59,6,23,52,33,48,36,80,0,0,0,0,0,0,0,17,6,32,14,54,34,50,27
l17,10=0,0,0,0,0,0,0,0,8,5,51,81,76,16,64,51,57,0,0,24,43,33,58,29,45,28,0,0,0,0,0,0,0,22,0,4,44,0,37,18
l18,10=0,0,0,0,0,0,0,0,0,0,0,0,0,0,0,0,23,0,0,65,76,83,0,0,0,0,0,0,0,0,0,0,0,0,0,0,0,0,0,0
l19,10=0,0,0,0,0,0,0,0,6,0,0,0,0,0,0,10,29,20,46,0,83,74,80,0,0,0,34,0,0,0,0,21,5,0,0,36,12,39,0,31
l20,10=0,0,0,0,0,0,0,0,0,0,0,17,41,18,0,20,46,20,32,83,0,93,91,0,3,0,0,0,0,0,0,0,31,0,0,27,89,63,56,39
l21,10=0,0,0,0,0,0,0,0,0,13,0,37,41,25,14,2,42,33,52,66,91,0,89,0,0,0,0,0,0,0,0,0,0,27,0,37,16,44,47,30
l22,10=0,0,0,0,0,0,0,0,17,4,0,0,0,0,20,12,31,28,0,74,91,86,0,0,0,0,22,0,0,20,0,51,0,0,0,57,61,57,74,36
l23,10=0,0,0,0,0,0,0,0,33,19,0,68,91,9,68,17,42,11,0,0,0,0,0,0,99,99,0,0,0,0,0,0,67,72,23,0,0,0,0,0
l24,10=0,0,0,0,0,0,0,0,18,29,0,75,91,44,93,40,88,39,0,0,8,0,0,98,0,97,0,0,0,0,0,0,0,59,1,0,0,0,2,0
l25,10=0,0,0,8,0,0,0,0,0,0,0,70,91,33,91,32,0,31,0,0,0,0,0,98,98,0,19,0,0,0,0,34,41,96,74,0,0,0,24,0
l26,10=0,0,0,0,0,0,0,0,0,0,0,0,0,0,0,0,0,0,0,44,0,0,46,0,0,23,0,74,97,98,97,96,94,55,78,0,0,0,0,0
l27,10=0,0,0,0,0,0,0,0,0,0,0,0,0,0,0,0,0,0,0,0,0,0,0,0,0,0,85,0,92,98,100,80,0,0,81,0,0,0,0,0
l28,10=0,0,0,0,0,0,0,0,0,0,0,0,0,0,0,0,0,0,0,0,0,0,0,0,0,0,95,96,0,98,100,81,32,67,44,0,0,0,0,0
l29,10=0,0,0,0,0,0,0,0,0,0,0,0,0,0,0,0,0,0,0,0,16,0,33,0,0,0,95,96,97,0,100,84,59,5,63,0,0,0,0,0
l30,10=0,0,0,0,0,0,0,0,0,0,0,0,0,0,0,0,0,0,0,0,0,0,0,0,0,0,95,96,97,98,0,87,75,56,73,0,0,0,0,0
l31,10=0,0,0,0,0,0,0,0,0,0,0,0,0,0,0,0,0,0,0,47,0,0,63,1,0,37,95,74,78,92,95,0,100,100,99,0,0,0,0,0
l32,10=0,0,0,0,0,0,0,0,0,0,0,0,0,0,0,0,14,0,0,11,62,0,0,80,0,42,95,0,67,73,74,98,0,100,99,0,0,0,0,0
l33,10=0,0,0,0,0,0,0,0,0,0,0,0,71,0,65,0,6,1,0,0,10,28,0,91,76,98,86,0,78,21,64,100,100,0,99,0,0,0,0,0
l34,10=0,0,0,0,0,0,0,0,0,0,0,0,0,0,0,0,70,0,0,0,26,0,0,61,42,71,92,51,69,73,77,100,100,100,0,0,0,0,0,0
l35,10=0,0,0,0,0,0,0,0,0,0,0,0,0,0,0,0,3,0,0,27,37,34,51,0,0,0,0,0,0,0,0,0,0,0,0,0,91,62,50,27
l36,10=0,0,0,0,0,0,0,0,0,0,0,0,0,1,20,1,28,11,0,8,70,19,44,0,0,0,0,0,0,0,0,0,0,0,0,55,0,73,48,35
l37,10=0,0,0,0,0,0,0,0,0,0,0,0,0,0,0,0,24,0,0,7,42,17,42,0,0,0,0,0,0,0,0,0,0,0,0,35,70,0,37,33
l38,10=0,0,0,0,0,0,0,0,0,0,0,6,31,5,14,9,44,16,0,0,70,65,71,0,0,4,0,0,0,0,0,0,0,0,0,43,85,59,0,40
l39,10=0,0,0,0,0,0,0,0,0,0,0,0,0,0,0,0,35,24,0,37,65,45,57,0,0,0,0,0,0,0,0,0,0,0,0,37,73,68,48,0

l0,11=0,86,85,92,87,88,44,44,15,40,2,0,0,0,0,0,0,0,0,0,0,0,0,0,0,0,0,0,0,0,0,0,0,0,0,0,0,0,0,0
l1,11=77,0,85,79,86,87,86,86,25,53,60,18,0,0,0,0,0,0,0,0,0,0,0,0,0,0,0,0,0,0,0,0,0,0,0,0,0,0,0,0
l2,11=75,84,0,84,78,88,52,77,39,19,8,0,0,0,0,2,0,0,0,0,0,0,0,0,0,0,0,0,0,0,0,0,0,0,0,0,0,0,0,0
l3,11=77,71,81,0,87,83,51,20,0,26,49,0,0,0,0,0,0,0,0,0,0,0,0,0,0,0,0,0,0,0,0,0,0,0,0,0,0,0,0,0
l4,11=74,74,60,91,0,73,58,41,0,27,45,0,0,0,4,0,0,0,0,0,0,0,0,9,0,0,0,0,0,0,0,0,0,0,0,0,0,0,0,0
l5,11=68,67,85,86,80,0,73,80,37,61,4,0,0,4,0,0,0,0,0,0,0,0,0,0,0,0,0,0,0,0,0,0,0,0,0,0,0,0,0,0
l6,11=24,78,21,51,67,76,0,89,30,80,71,34,0,17,0,42,27,0,0,0,0,0,0,0,0,0,0,0,0,0,0,0,0,0,0,0,0,0,0,0
l7,11=46,78,56,40,59,83,81,0,67,80,84,39,27,62,0,31,0,0,0,0,0,0,0,0,0,0,0,0,0,0,0,0,0,0,0,0,0,0,0,0
l8,11=22,21,26,0,0,43,54,50,0,82,54,49,41,83,1,68,0,46,0,22,0,0,0,22,20,0,0,0,0,0,0,0,0,0,0,0,0,0,0,0
l9,11=26,21,11,26,25,73,71,89,77,0,79,59,39,77,0,46,15,18,0,0,0,30,0,0,13,0,0,0,0,0,0,0,0,0,0,0,0,0,0,0
l10,11=2,21,1,57,56,0,58,86,58,82,0,51,0,48,0,49,0,3,0,1,0,0,0,0,0,0,0,0,0,0,0,0,0,0,0,0,0,0,0,0
l11,11=0,15,0,0,0,1,48,37,21,20,54,0,50,37,20,77,61,58,0,0,0,15,31,33,38,43,0,0,0,0,0,0,0,0,0,46,0,0,47,0
l12,11=0,0,0,0,0,0,0,9,21,19,0,70,0,18,88,65,70,77,0,0,21,35,34,37,95,91,0,0,0,0,0,0,0,0,0,0,0,0,58,0
l13,11=0,0,0,0,0,22,55,45,69,39,59,60,44,0,14,73,54,55,0,0,22,29,0,27,29,40,0,0,0,0,0,0,0,0,0,0,0,0,40,0
l14,11=0,0,0,5,11,0,0,0,0,0,0,58,83,9,0,32,74,66,0,0,0,22,0,37,33,52,0,0,0,0,0,0,0,22,37,26,33,0,49,0
l15,11=0,0,0,0,0,0,52,20,21,18,56,85,57,70,11,0,70,69,0,27,21,29,20,0,14,37,0,0,0,0,0,0,0,0,0,21,38,1,52,0
l16,11=0,0,0,0,0,0,35,0,0,4,0,41,48,14,23,58,0,66,0,21,33,42,31,26,51,33,0,0,0,0,0,0,2,4,48,4,65,50,71,33
l17,11=0,0,0,0,0,0,0,0,19,8,12,74,63,21,23,63,80,0,0,0,24,39,39,31,39,29,0,0,0,0,0,0,0,0,0,0,64,0,39,4
l18,11=0,0,0,0,0,0,0,0,0,0,0,0,0,0,0,0,16,0,0,78,52,78,0,0,0,0,0,0,0,0,0,0,0,0,0,0,0,0,0,0
l19,11=0,0,0,0,0,0,0,0,12,0,1,0,0,0,0,26,32,0,23,0,70,72,77,0,0,0,41,0,0,0,0,6,0,0,4,53,3,0,38,35
l20,11=0,0,0,0,0,0,0,0,0,0,0,0,25,10,0,38,76,33,21,59,0,92,88,0,0,0,28,0,9,0,0,0,9,0,0,68,87,57,50,43
l21,11=0,0,0,0,0,0,0,0,0,16,0,14,33,11,13,28,75,46,22,83,81,0,86,0,0,0,0,0,0,0,0,0,0,0,0,55,56,0,78,29
l22,11=0,0,0,0,0,0,0,0,0,0,0,22,23,0,0,2,34,36,0,42,81,84,0,0,0,0,39,0,0,0,0,17,0,0,0,67,67,4,78,49
l23,11=0,0,0,0,21,0,0,0,7,0,0,61,74,19,45,0,53,50,0,0,0,0,0,0,95,96,0,0,0,0,0,9,16,26,0,0,0,0,0,0
l24,11=0,0,0,0,0,0,0,0,1,11,0,55,83,16,32,0,86,54,0,0,0,0,0,93,0,62,0,0,0,0,0,0,0,0,0,0,0,0,17,0
l25,11=0,0,0,0,0,0,0,0,0,0,0,50,83,33,87,34,32,3,0,0,0,0,0,94,91,0,0,0,0,0,0,27,13,83,5,0,0,0,0,0
l26,11=0,0,0,0,0,0,0,0,0,0,0,0,0,0,0,0,0,0,0,35,16,0,32,0,0,0,0,78,81,87,93,88,80,45,58,0,0,0,0,0
l27,11=0,0,0,0,0,0,0,0,0,0,0,0,0,0,0,0,0,0,0,0,0,0,0,0,0,0,80,0,79,90,94,64,2,0,25,0,0,0,0,0
l28,11=0,0,0,0,0,0,0,0,0,0,0,0,0,0,0,0,0,0,0,0,25,0,0,0,0,0,88,95,0,91,94,44,34,0,27,0,0,0,0,0
l29,11=0,0,0,0,0,0,0,0,0,0,0,0,0,0,0,0,0,0,0,0,0,0,0,0,0,0,87,95,81,0,94,80,33,34,29,0,0,0,0,0
l30,11=0,0,0,0,0,0,0,0,0,0,0,0,0,0,0,0,0,0,0,0,0,0,0,0,0,0,87,95,81,91,0,82,41,49,39,0,0,0,0,0
l31,11=0,0,0,0,0,0,0,0,0,0,0,0,0,0,0,0,0,0,0,4,0,0,47,6,0,29,88,79,71,84,81,0,84,100,100,0,0,0,0,0
l32,11=0,0,0,0,0,0,0,0,0,0,0,0,0,0,0,0,11,0,0,0,5,0,0,16,0,18,88,0,39,34,44,88,0,100,100,0,0,0,0,0
l33,11=0,0,0,0,0,0,0,0,0,0,0,0,0,0,56,0,9,0,0,0,2,0,0,31,7,94,78,0,0,53,88,97,99,0,100,0,0,0,0,0
l34,11=0,0,0,0,0,0,0,0,0,0,0,0,0,0,9,0,68,0,0,5,0,0,0,0,0,8,82,73,25,72,78,97,99,100,0,0,0,0,0,0
l35,11=0,0,0,0,0,0,0,0,0,0,0,5,0,0,0,4,2,0,0,6,22,19,40,0,0,0,0,0,0,0,0,0,0,0,0,0,91,64,68,45
l36,11=0,0,0,0,0,0,0,0,0,0,0,0,0,0,1,19,55,29,0,0,32,24,46,0,0,0,0,0,0,0,0,0,0,0,0,88,0,65,73,47
l37,11=0,0,0,0,0,0,0,0,0,0,0,0,0,0,0,0,53,0,0,0,28,0,0,0,0,0,0,0,0,0,0,0,0,0,0,78,80,0,51,45
l38,11=0,0,0,0,0,0,0,0,0,0,0,22,42,0,12,41,69,2,0,6,25,45,46,0,10,0,0,0,0,0,0,0,0,0,0,81,80,55,0,52
l39,11=0,0,0,0,0,0,0,0,0,0,0,0,0,0,0,0,45,0,0,28,55,35,67,0,0,0,0,0,0,0,0,0,0,0,0,78,77,61,84,0

l0,12=0,90,89,86,86,91,15,25,22,30,3,0,0,0,0,0,0,0,0,0,0,0,0,0,0,0,0,0,0,0,0,0,0,0,0,0,0,0,0,0
l1,12=85,0,77,64,70,37,78,58,17,4,50,20,0,0,0,0,0,0,0,0,0,0,0,0,0,0,0,0,0,0,0,0,0,0,0,0,0,0,0,0
l2,12=85,86,0,80,85,90,88,19,5,53,58,0,0,25,0,0,0,0,0,0,0,0,0,0,0,0,0,0,0,0,0,0,0,0,0,0,0,0,0,0
l3,12=85,84,83,0,86,90,0,6,7,20,29,0,0,0,0,0,0,0,0,0,0,0,0,0,0,0,0,0,0,0,0,0,0,0,0,0,0,0,0,0
l4,12=83,74,79,85,0,60,26,28,9,23,15,0,0,0,14,0,0,0,0,0,0,0,0,36,0,0,0,0,0,0,0,0,0,0,0,0,0,0,0,0
l5,12=85,43,89,82,56,0,55,57,40,82,38,0,0,33,0,0,0,0,0,0,0,0,0,7,0,0,0,0,0,0,0,0,0,0,0,0,0,0,0,0
l6,12=45,85,83,0,58,54,0,82,31,32,74,65,0,40,6,50,0,0,0,0,0,0,0,0,0,0,0,0,0,0,0,0,0,0,0,0,0,0,0,0
l7,12=60,83,35,33,52,73,83,0,45,83,89,44,31,63,0,0,0,0,0,0,0,0,0,0,0,0,0,0,0,0,0,0,0,0,0,0,0,0,0,0
l8,12=35,15,1,33,35,43,32,38,0,85,77,59,53,84,7,50,8,39,0,13,0,38,0,0,14,0,0,0,0,0,0,0,0,0,0,0,0,0,0,0
l9,12=38,0,46,30,37,74,29,67,80,0,87,60,52,79,0,30,37,8,0,0,28,44,0,0,0,0,0,0,0,0,0,0,0,0,0,0,0,0,0,0
l10,12=11,42,42,38,38,27,51,83,45,84,0,57,2,63,0,41,0,0,0,0,0,0,0,0,0,0,0,0,0,0,0,0,0,0,0,0,0,0,0,0
l11,12=0,38,0,0,0,0,37,11,43,60,38,0,66,61,36,84,59,68,0,0,12,40,55,51,0,11,0,0,0,0,0,0,0,0,0,3,21,0,15,0
l12,12=0,0,0,0,0,0,0,0,41,55,0,73,0,54,83,73,69,73,0,0,33,49,58,53,90,94,0,0,0,0,0,0,0,22,0,0,0,0,17,0
l13,12=0,0,0,0,0,27,31,30,75,80,39,80,61,0,36,81,50,55,0,0,31,42,0,57,39,30,0,0,0,0,0,0,0,0,0,0,0,0,0,0
l14,12=0,0,0,0,33,0,1,0,0,1,0,68,85,55,0,42,87,66,0,0,11,45,0,67,96,29,0,0,0,0,0,0,0,50,19,9,5,0,13,0
l15,12=0,0,0,0,0,0,30,0,31,41,34,87,71,75,37,0,60,66,0,12,28,41,45,47,39,19,0,0,0,0,0,0,0,0,0,0,0,0,16,0
l16,12=0,0,0,0,0,0,0,0,1,30,0,62,62,57,43,41,0,72,31,3,39,52,55,0,46,16,0,0,0,0,0,0,0,0,14,12,26,12,30,15
l17,12=0,0,0,0,0,0,0,0,20,18,0,85,84,60,44,49,80,0,0,8,38,60,58,54,18,1,0,0,0,0,0,0,0,17,0,0,28,0,11,0
l18,12=0,0,0,0,0,0,0,0,0,0,0,0,0,0,0,0,61,0,0,56,65,64,0,0,0,0,0,0,0,0,0,0,0,0,0,0,0,0,0,5
l19,12=0,0,0,0,0,0,0,0,26,0,0,0,0,0,0,27,56,46,32,0,81,78,77,0,0,0,27,0,26,0,0,48,9,0,0,0,10,4,31,74
l20,12=0,0,0,0,0,0,0,0,0,39,0,40,41,39,3,26,68,59,29,78,0,93,88,0,0,0,20,0,1,0,0,11,0,0,0,58,81,33,20,36
l21,12=0,0,0,0,0,0,0,0,32,47,0,44,42,43,47,49,68,56,33,80,84,0,87,0,45,0,17,0,0,0,0,0,0,0,0,20,44,18,72,30
l22,12=0,0,0,0,0,0,0,0,0,0,0,49,42,0,0,15,49,44,0,78,84,88,0,0,0,0,21,0,0,0,0,0,0,0,0,47,75,0,60,83
l23,12=0,0,0,0,41,0,0,0,0,0,0,70,65,63,48,36,0,50,0,0,0,0,0,0,93,97,0,0,0,0,0,9,4,48,0,0,0,0,0,0
l24,12=0,0,0,0,0,0,0,0,0,0,0,0,85,52,93,68,87,46,0,0,0,42,0,96,0,94,0,0,0,0,0,1,42,0,0,0,5,0,15,0
l25,12=0,0,0,0,0,0,0,0,0,0,0,31,85,46,38,59,59,0,0,0,0,0,0,97,95,0,0,0,0,0,0,55,40,62,63,0,0,0,0,0
l26,12=0,0,0,0,0,0,0,0,0,0,0,0,0,0,0,0,0,0,0,47,53,10,51,0,0,0,0,73,91,82,97,91,77,69,65,0,0,0,0,0
l27,12=0,0,0,0,0,0,0,0,0,0,0,0,0,0,0,0,0,0,0,0,0,0,0,0,0,0,80,0,89,96,98,82,0,7,17,0,0,0,0,0
l28,12=0,0,0,0,0,0,0,0,0,0,0,0,0,0,0,0,0,0,0,32,24,0,0,0,0,0,87,96,0,96,98,82,68,34,62,0,0,0,0,0
l29,12=0,0,0,0,0,0,0,0,0,0,0,0,0,0,0,0,0,0,0,0,0,0,0,0,0,0,82,96,91,0,98,86,77,71,67,0,0,0,0,0
l30,12=0,0,0,0,0,0,0,0,0,0,0,0,0,0,0,0,0,0,0,0,0,0,0,0,0,0,87,96,91,96,0,81,74,37,36,0,0,0,0,0
l31,12=0,0,0,0,0,0,0,0,0,0,0,0,0,0,0,0,0,0,0,54,50,0,3,30,8,79,87,82,87,90,95,0,98,100,100,0,0,0,0,0
l32,12=0,0,0,0,0,0,0,0,0,0,0,0,0,0,0,0,0,0,0,11,0,0,0,23,71,68,83,0,88,90,92,93,0,100,100,0,0,0,0,0
l33,12=0,0,0,0,0,0,0,0,0,0,0,0,42,0,74,0,0,3,0,0,0,0,0,41,1,89,79,27,71,69,76,99,98,0,100,0,0,0,0,0
l34,12=0,0,0,0,0,0,0,0,0,0,0,0,0,0,67,0,38,0,0,0,0,0,0,0,0,83,87,54,86,85,74,99,98,100,0,0,0,0,0,0
l35,12=0,0,0,0,0,0,0,0,0,0,0,1,0,0,0,0,2,0,0,0,38,29,57,0,0,0,0,0,0,0,0,0,0,0,0,0,91,40,35,5
l36,12=0,0,0,0,0,0,0,0,0,0,0,10,0,0,0,0,64,47,0,0,40,56,67,0,0,0,0,0,0,0,0,0,0,0,0,79,0,41,37,57
l37,12=0,0,0,0,0,0,0,0,0,0,0,0,0,0,0,0,57,0,0,0,38,15,1,0,0,0,0,0,0,0,0,0,0,0,0,74,76,0,18,51
l38,12=0,0,0,0,0,0,0,0,0,0,0,46,58,0,7,8,65,44,0,3,19,61,68,0,3,0,0,0,0,0,0,0,0,0,0,73,76,13,0,56
l39,12=0,0,0,0,0,0,0,0,0,0,0,0,0,0,0,0,49,0,0,36,37,51,72,0,0,0,0,0,0,0,0,0,0,0,0,16,71,62,48,0

l0,13=0,94,93,92,92,89,77,87,44,82,75,0,0,0,0,0,0,0,0,0,0,0,0,0,0,0,0,0,0,0,0,0,0,0,0,0,0,0,0,0
l1,13=92,0,92,92,92,89,75,86,0,22,41,0,3,0,0,0,0,0,0,0,0,0,0,0,0,0,0,0,0,0,0,0,0,0,0,0,0,0,0,0
l2,13=92,94,0,91,92,90,89,80,0,89,81,0,0,15,0,0,0,0,0,0,0,0,0,0,0,0,0,0,0,0,0,0,0,0,0,0,0,0,0,0
l3,13=96,98,94,0,93,89,81,70,25,35,59,0,0,0,0,0,0,0,0,0,0,0,0,0,0,0,0,0,0,0,0,0,0,0,0,0,0,0,0,0
l4,13=93,94,93,91,0,89,89,77,23,56,52,0,0,0,0,0,0,0,0,0,0,0,0,0,0,0,0,0,0,0,0,0,0,0,0,0,0,0,0,0
l5,13=92,94,93,91,92,0,88,71,63,91,87,0,0,39,0,0,0,0,0,0,0,0,0,0,0,0,0,0,0,0,0,0,0,0,0,0,0,0,0,0
l6,13=70,75,93,74,85,89,0,0,56,74,0,68,0,46,0,67,0,0,0,0,0,0,0,0,0,0,0,0,0,0,0,0,0,0,0,0,0,0,0,0
l7,13=66,71,24,68,81,61,0,0,83,91,89,10,2,36,0,9,0,0,0,0,0,0,0,0,0,0,0,0,0,0,0,0,0,0,0,0,0,0,0,0
l8,13=47,1,0,49,45,62,52,75,0,95,75,22,16,85,68,14,13,18,0,28,0,14,11,0,34,0,0,0,0,0,0,0,0,0,0,0,0,0,7,0
l9,13=58,16,63,52,56,77,54,83,83,0,90,47,36,87,50,67,25,13,0,0,18,37,0,0,0,0,0,0,0,0,0,0,0,0,0,0,0,0,0,0
l10,13=55,18,24,60,65,68,0,91,66,95,0,15,0,71,0,37,0,0,0,0,0,0,0,0,0,0,0,0,0,0,0,0,0,0,0,0,0,0,0,0
l11,13=0,0,0,0,0,0,57,27,41,56,45,0,31,95,66,91,61,89,0,0,6,18,34,44,0,3,0,0,0,0,0,0,0,0,0,0,20,0,52,4
l12,13=0,0,0,0,0,0,0,0,28,53,0,38,0,27,93,79,63,91,0,0,8,16,34,37,59,55,0,0,0,0,0,0,0,49,0,0,1,0,52,0
l13,13=0,0,0,0,0,43,41,60,69,91,78,92,19,0,61,91,19,75,0,2,7,15,0,63,20,0,0,0,0,0,0,0,0,0,0,0,0,0,61,0
l14,13=0,0,0,0,0,0,0,0,49,55,0,30,57,39,0,30,83,26,0,0,0,13,0,81,98,29,0,0,0,0,0,0,1,45,23,0,1,0,0,0
l15,13=0,0,0,0,0,0,46,0,22,65,45,93,44,62,58,0,54,85,0,15,6,16,0,38,23,17,0,0,0,0,0,0,0,0,0,0,27,0,50,0
l16,13=0,0,0,0,0,0,0,0,28,46,0,17,25,24,66,41,0,31,37,27,6,19,34,4,20,7,0,0,0,0,0,0,0,5,16,27,32,2,73,49
l17,13=0,0,0,0,0,0,0,0,42,57,0,32,89,37,54,53,57,0,0,26,7,19,38,37,14,4,0,0,0,0,0,0,0,47,0,0,34,0,58,0
l18,13=0,0,0,0,0,0,0,0,0,0,0,0,0,0,0,0,30,0,0,80,60,17,6,0,0,0,0,0,0,0,0,0,0,0,0,0,0,0,0,6
l19,13=0,0,0,0,0,0,0,0,47,0,0,0,0,0,0,24,25,16,68,0,71,55,57,0,0,0,0,0,17,8,0,0,0,0,0,36,0,51,69,74
l20,13=0,0,0,0,0,0,0,0,0,30,0,16,22,13,0,12,23,26,53,93,0,91,96,0,0,0,15,0,0,0,0,11,0,0,0,47,51,85,85,54
l21,13=0,0,0,0,0,0,0,0,42,49,0,39,26,25,32,18,30,27,0,82,94,0,63,0,24,0,6,0,0,0,0,0,0,0,0,0,25,0,86,61
l22,13=0,0,0,0,0,0,0,0,0,0,0,15,17,0,0,0,27,5,0,81,80,55,0,0,0,0,19,0,0,0,0,0,0,0,2,45,79,0,84,93
l23,13=0,0,0,0,3,0,0,0,0,0,0,29,27,40,99,76,2,32,0,0,0,0,0,0,24,100,0,0,0,0,0,0,0,43,36,0,0,0,0,0
l24,13=0,0,0,0,0,0,0,0,49,0,0,4,90,32,99,56,88,80,0,0,0,36,0,48,0,85,0,0,0,0,0,0,62,1,0,0,40,0,31,0
l25,13=0,0,0,0,0,0,0,0,0,0,0,4,90,8,94,43,48,1,0,0,0,0,0,99,98,0,0,0,0,3,0,26,77,95,63,0,0,0,0,0
l26,13=0,0,0,0,0,0,0,0,0,0,0,0,0,0,0,0,0,0,0,0,21,3,24,0,0,0,0,84,97,55,100,100,84,88,0,0,0,0,0,0
l27,13=0,0,0,0,0,0,0,0,0,0,0,0,0,0,0,0,0,0,0,0,0,0,0,0,0,0,77,0,97,84,100,86,70,80,50,0,0,0,0,0
l28,13=0,0,0,0,0,0,0,0,0,0,0,0,0,0,0,0,0,0,0,40,0,0,0,0,0,0,83,97,0,84,100,98,65,88,92,0,0,0,0,0
l29,13=0,0,0,0,0,0,0,0,0,0,0,0,0,0,0,0,0,0,0,34,0,0,0,0,0,0,31,97,97,0,100,56,77,78,83,0,0,0,0,0
l30,13=0,0,0,0,0,0,0,0,0,0,0,0,0,0,0,0,0,0,0,0,0,0,0,0,0,0,83,97,97,84,0,88,71,82,20,0,0,0,0,0
l31,13=0,0,0,0,0,0,0,0,0,0,0,0,0,0,0,0,0,0,0,3,40,0,0,0,0,64,83,97,97,84,100,0,98,100,100,0,0,0,0,0
l32,13=0,0,0,0,0,0,0,0,0,0,0,0,0,0,40,0,0,0,0,0,0,0,0,0,59,64,79,39,70,78,92,100,0,100,100,0,0,0,0,0
l33,13=0,0,0,0,0,0,0,0,0,0,0,0,88,0,83,0,5,21,0,0,0,0,0,54,5,100,82,71,96,73,99,100,98,0,100,0,0,0,0,0
l34,13=0,0,0,0,0,0,0,0,0,0,0,0,0,0,72,0,46,0,0,0,7,0,21,80,0,99,0,36,97,83,26,100,98,100,0,0,0,0,0,0
l35,13=0,0,0,0,0,0,0,0,0,0,0,0,1,0,0,0,6,0,0,2,5,4,29,0,0,0,0,0,0,0,0,0,0,0,0,0,90,95,74,66
l36,13=0,0,0,0,0,0,0,0,0,0,0,3,4,0,0,6,23,16,0,2,8,8,44,0,8,0,0,0,0,0,0,0,0,0,0,54,0,79,79,63
l37,13=0,0,0,0,0,0,0,0,0,0,0,0,0,0,0,0,0,0,0,1,8,3,0,0,0,0,0,0,0,0,0,0,0,0,0,53,47,0,53,63
l38,13=0,0,0,0,0,0,0,0,0,0,0,12,20,15,0,8,24,6,0,20,8,20,39,0,1,0,0,0,0,0,0,0,0,0,0,43,48,61,0,61
l39,13=0,0,0,0,0,0,0,0,0,0,0,0,0,0,0,0,8,0,0,14,4,12,56,0,0,0,0,0,0,0,0,0,0,0,0,50,50,85,75,0

l0,14=0,99,99,99,99,100,52,55,67,99,97,0,0,0,0,0,0,0,0,0,0,0,0,0,0,0,0,0,0,0,0,0,0,0,0,0,0,0,0,0
l1,14=100,0,100,100,100,100,94,4,0,0,70,0,0,37,0,0,0,0,0,0,0,0,0,0,0,0,0,0,0,0,0,0,0,0,0,0,0,0,0,0
l2,14=100,100,0,100,100,100,100,100,87,99,99,0,0,96,0,0,0,0,0,0,0,0,0,0,0,0,0,0,0,0,0,0,0,0,0,0,0,0,0,0
l3,14=100,100,98,0,99,99,99,95,0,95,97,0,0,0,0,0,0,0,0,0,0,0,0,0,0,0,0,0,0,0,0,0,0,0,0,0,0,0,0,0
l4,14=99,99,100,99,0,100,97,29,0,46,99,0,0,21,0,0,0,0,0,0,0,0,0,0,0,0,0,0,0,0,0,0,0,0,0,0,0,0,0,0
l5,14=100,100,100,99,100,0,99,100,94,99,99,0,0,82,1,70,0,0,0,0,0,0,0,0,0,0,0,0,0,0,0,0,0,0,0,0,0,0,0,0
l6,14=92,95,100,92,95,100,0,94,85,94,97,99,0,91,0,92,0,0,0,0,0,0,63,0,0,0,0,0,0,0,0,0,0,0,0,0,0,0,0,0
l7,14=42,11,98,78,76,98,74,0,92,99,100,0,0,89,0,33,90,0,0,0,0,0,0,0,0,0,0,0,0,0,0,0,0,0,0,0,0,0,0,0
l8,14=36,0,40,0,3,44,36,31,0,99,100,57,53,42,39,54,6,0,0,9,36,51,45,0,36,0,0,0,0,0,0,0,0,0,0,0,0,0,2,0
l9,14=58,0,41,48,43,93,44,100,97,0,100,63,0,100,36,93,51,39,0,0,38,52,0,46,0,0,0,0,0,0,0,0,0,0,0,0,0,0,0,0
l10,14=42,54,69,75,99,99,98,100,96,99,0,80,70,99,0,90,0,0,0,0,5,0,0,0,0,0,0,0,0,0,0,0,0,0,0,0,0,0,0,0
l11,14=0,0,0,0,0,0,96,0,24,95,50,0,97,100,97,100,99,98,0,0,40,53,55,61,0,32,0,0,0,0,0,0,0,0,0,0,32,0,49,0
l12,14=0,0,0,0,0,0,0,0,27,0,11,99,0,96,99,97,54,98,0,23,94,0,53,99,83,97,0,0,0,0,0,0,0,52,0,0,0,0,0,0
l13,14=4,46,68,0,63,92,74,57,57,98,98,100,97,0,97,99,93,62,0,24,0,93,0,95,83,57,0,0,0,0,0,0,0,0,0,0,0,0,38,0
l14,14=0,0,0,0,0,0,0,0,36,44,0,99,98,88,0,94,95,29,0,0,2,1,0,99,99,8,0,0,0,0,0,0,0,51,0,0,0,0,48,0
l15,14=0,0,0,0,0,22,31,0,55,96,51,100,96,100,94,0,99,94,0,36,59,52,0,99,83,32,0,0,0,0,0,0,0,0,0,0,0,0,50,0
l16,14=0,0,0,0,0,0,0,12,1,78,0,96,47,39,98,98,0,63,0,44,67,42,87,3,80,17,0,0,0,0,0,0,0,50,53,26,60,23,92,69
l17,14=0,0,0,0,0,0,0,0,0,72,0,99,98,95,97,98,95,0,0,77,94,98,61,98,83,40,0,0,0,0,0,0,0,28,0,14,13,0,95,0
l18,14=0,0,0,0,0,0,0,0,0,0,0,0,0,0,0,0,72,0,0,89,92,0,83,0,0,0,0,0,0,0,0,0,0,0,0,0,0,0,0,0
l19,14=0,0,0,0,0,0,0,0,1,0,0,0,85,9,0,83,87,62,53,0,97,94,87,0,0,0,42,0,67,81,0,0,0,0,0,52,55,0,93,91
l20,14=0,0,0,0,0,0,0,0,4,90,0,90,89,0,1,88,87,62,56,97,0,98,95,0,0,0,1,0,0,0,0,0,0,0,50,56,59,68,97,93
l21,14=0,0,0,0,0,0,0,0,72,86,7,87,36,87,48,87,90,92,0,95,99,0,95,0,83,0,0,0,0,0,0,0,0,0,0,86,93,0,94,91
l22,14=0,0,0,0,0,0,38,0,7,0,0,89,85,0,0,0,93,58,47,91,99,98,0,0,0,0,42,0,0,0,0,0,0,0,0,53,95,0,96,96
l23,14=0,0,0,0,0,0,0,0,0,44,0,96,97,42,99,97,0,46,0,0,0,0,0,0,43,97,0,0,0,0,0,0,37,65,59,0,0,0,0,0
l24,14=0,0,0,0,0,0,0,0,26,0,0,0,98,43,99,97,95,63,0,0,1,47,0,49,0,70,0,0,0,0,0,0,0,0,0,0,21,0,0,0
l25,14=0,0,0,0,0,0,0,0,0,0,0,57,98,99,52,97,39,44,0,0,0,0,0,100,99,0,0,0,9,1,0,0,42,99,100,0,0,0,0,0
l26,14=0,0,0,0,0,0,0,0,0,0,0,0,0,0,0,0,0,0,0,64,72,0,69,0,0,0,0,93,100,92,98,97,97,90,96,0,0,0,0,0
l27,14=0,0,0,0,0,0,0,0,0,0,0,0,0,0,0,0,0,0,0,0,0,0,0,0,0,0,95,0,100,99,99,89,92,88,1,0,0,0,0,0
l28,14=0,0,0,0,0,0,0,0,0,0,0,0,0,0,0,0,0,0,0,78,0,0,0,0,0,32,100,99,0,99,99,97,87,91,99,0,0,0,0,0
l29,14=0,0,0,0,0,0,0,0,0,0,0,0,0,0,0,0,0,0,0,80,0,0,0,0,0,0,94,99,100,0,99,91,94,0,93,0,0,0,0,0
l30,14=0,0,0,0,0,0,0,0,0,0,0,0,0,0,0,0,0,0,0,0,0,0,0,0,0,0,96,99,100,99,0,88,88,88,0,0,0,0,0,0
l31,14=0,0,0,0,0,0,0,0,0,0,0,0,0,0,0,0,0,0,0,0,0,0,0,0,0,0,100,92,97,98,98,0,100,100,100,0,0,0,0,0
l32,14=0,0,0,0,0,0,0,0,0,0,0,0,0,0,54,0,0,0,0,0,0,0,0,93,0,57,100,90,92,97,79,100,0,100,100,0,0,0,0,0
l33,14=0,0,0,0,0,0,0,0,0,0,0,0,96,0,96,0,94,4,0,0,0,0,0,99,63,96,99,92,96,0,97,100,99,0,100,0,0,0,0,0
l34,14=0,0,0,0,0,0,0,0,0,0,0,0,0,0,0,0,91,0,0,0,89,0,6,98,2,98,100,7,99,98,0,100,100,100,0,0,0,0,0,0
l35,14=0,0,0,0,0,0,0,0,0,0,0,0,24,0,0,0,84,13,0,75,87,78,76,0,0,0,0,0,0,0,0,0,0,0,0,0,98,94,94,94
l36,14=0,0,0,0,0,0,0,0,0,0,0,86,0,0,0,0,85,0,0,52,90,79,88,0,22,0,0,0,0,0,0,0,0,0,0,60,0,54,96,96
l37,14=0,0,0,0,0,0,0,0,0,0,0,0,0,0,0,0,59,0,0,0,85,1,1,0,0,0,0,0,0,0,0,0,0,0,0,95,53,0,89,93
l38,14=0,0,0,0,0,0,0,0,0,0,0,88,0,12,86,86,84,26,0,48,97,58,85,0,0,0,0,0,0,0,0,0,0,0,0,60,61,41,0,96
l39,14=0,0,0,0,0,0,0,0,0,0,0,0,0,0,0,0,83,0,0,79,87,85,84,0,0,0,0,0,0,0,0,0,0,0,0,55,55,70,95,0

l0,15=0,98,96,100,99,100,97,99,97,97,0,0,0,0,0,0,0,0,0,0,0,0,0,0,0,0,0,0,0,0,0,0,0,0,0,0,0,0,0,0
l1,15=98,0,96,98,99,99,97,98,98,97,97,0,0,53,0,0,0,0,0,0,0,0,0,0,1,0,0,0,0,0,0,0,0,0,0,0,0,0,0,0
l2,15=98,98,0,93,96,100,97,99,97,95,0,92,0,96,0,0,0,0,0,0,0,0,0,0,0,0,0,0,0,0,0,0,0,0,0,0,0,0,0,0
l3,15=100,100,0,0,99,98,0,0,0,0,95,0,0,0,0,0,0,0,0,0,0,0,0,0,0,0,0,0,0,0,0,0,0,0,0,0,0,0,0,0
l4,15=100,100,96,100,0,100,96,92,0,40,97,0,0,4,0,0,0,0,0,0,0,0,0,0,0,0,0,0,0,0,0,0,0,0,0,0,0,0,0,0
l5,15=98,98,96,98,99,0,97,99,98,97,97,0,0,96,0,89,0,0,0,0,0,0,0,0,0,0,0,0,0,0,0,0,0,0,0,0,0,0,0,0
l6,15=98,98,96,0,96,94,0,99,94,97,97,96,81,81,0,98,0,0,0,0,0,0,32,0,0,0,0,0,0,0,0,0,0,0,0,0,0,0,0,0
l7,15=74,47,96,27,49,98,97,0,99,97,100,0,0,41,30,0,95,0,0,0,0,0,0,0,0,0,0,0,0,0,0,0,0,0,0,0,0,0,0,0
l8,15=55,43,30,0,9,55,60,99,0,100,97,96,72,58,42,98,8,0,0,45,4,85,90,52,60,0,0,0,0,0,0,0,0,0,0,0,0,0,0,0
l9,15=90,28,1,0,0,93,65,100,100,0,100,70,1,99,0,85,94,59,0,0,96,92,4,19,0,0,0,0,0,0,0,0,0,0,0,0,0,0,0,0
l10,15=0,79,0,87,96,98,97,100,99,100,0,0,98,96,38,0,0,0,0,0,0,0,0,0,0,0,0,0,0,0,0,0,0,0,0,0,0,0,0,0
l11,15=0,0,6,0,4,0,62,0,85,98,0,0,99,93,42,100,99,98,0,28,98,99,90,56,61,88,0,0,0,0,0,0,0,0,0,0,56,0,77,0
l12,15=0,0,0,0,0,0,29,0,90,0,99,99,0,98,100,98,99,98,0,5,98,0,93,98,100,100,0,0,0,0,0,0,0,0,0,4,55,0,2,0
l13,15=0,43,43,0,30,56,59,87,85,100,99,99,100,0,42,100,98,98,0,11,27,0,41,58,60,88,0,0,0,0,0,0,0,0,0,0,0,0,26,0
l14,15=0,0,0,0,0,0,0,0,87,91,7,79,100,58,0,97,99,98,0,0,86,0,0,94,100,89,0,0,0,0,0,0,0,95,0,0,2,0,64,0
l15,15=0,0,0,0,0,46,59,0,88,98,0,99,71,59,44,0,100,99,0,0,97,99,0,60,62,87,0,0,0,0,0,0,0,0,0,54,0,0,78,0
l16,15=0,0,0,0,0,0,0,89,0,97,0,88,68,46,59,99,0,92,93,98,94,93,92,0,61,35,0,0,0,0,0,0,0,71,18,54,57,54,75,81
l17,15=0,0,0,0,0,0,0,0,0,97,0,98,72,58,59,99,98,0,0,97,97,99,92,60,61,88,0,0,0,0,0,0,0,84,37,0,54,10,85,1
l18,15=0,0,0,0,0,0,0,0,0,0,0,0,0,0,0,0,89,0,0,84,84,2,77,0,0,0,0,0,0,0,0,0,0,0,0,0,8,0,0,0
l19,15=0,0,0,0,0,0,0,0,35,0,0,5,56,1,0,0,82,74,67,0,98,93,93,0,0,0,67,0,0,66,0,0,0,0,0,17,43,0,61,75
l20,15=0,0,0,0,0,0,0,0,0,98,0,81,69,0,34,91,96,95,90,99,0,100,98,0,4,0,65,0,0,0,0,0,0,0,0,74,55,17,85,85
l21,15=0,0,0,0,0,0,0,0,89,96,3,97,0,0,0,98,93,96,0,99,100,0,98,0,45,0,0,0,0,0,0,0,0,2,57,58,79,23,83,85
l22,15=0,0,0,0,0,0,7,0,81,61,0,79,59,1,0,0,93,73,45,99,98,99,0,0,0,0,44,0,0,21,0,0,0,0,0,65,49,45,74,79
l23,15=0,0,0,0,0,0,0,0,65,91,0,99,99,59,100,100,0,98,0,0,0,0,0,0,99,100,0,0,0,0,0,0,59,98,0,0,0,0,0,0
l24,15=0,0,0,0,0,0,0,0,95,0,0,99,100,59,100,100,100,99,0,0,13,14,0,99,0,100,0,0,0,0,0,0,51,36,0,0,52,0,0,0
l25,15=0,0,0,0,0,0,0,0,0,0,0,87,100,57,98,94,9,96,0,0,0,0,0,100,92,0,79,0,57,0,0,56,59,90,91,0,0,0,0,0
l26,15=0,0,0,0,0,0,0,0,0,0,0,0,0,0,0,0,0,0,0,97,88,0,56,0,0,91,0,100,89,100,99,100,92,87,78,0,0,0,0,0
l27,15=0,0,0,0,0,0,0,0,0,0,0,0,0,0,0,0,0,0,0,0,0,0,0,0,0,0,100,0,89,100,99,98,93,91,78,0,0,0,0,0
l28,15=0,0,0,0,0,0,0,0,0,0,0,0,0,0,0,0,0,0,0,0,0,0,0,0,0,91,100,100,0,100,99,100,93,100,79,0,0,0,0,0
l29,15=0,0,0,0,0,0,0,0,0,0,0,0,0,0,0,0,0,0,0,97,0,0,50,0,0,0,100,100,89,0,99,98,94,97,80,0,0,0,0,0
l30,15=0,0,0,0,0,0,0,0,0,0,0,0,0,0,0,0,0,0,0,0,0,0,0,0,0,0,100,100,89,100,0,97,92,97,0,0,0,0,0,0
l31,15=0,0,0,0,0,0,0,0,0,0,0,0,0,0,0,0,0,0,0,0,0,0,0,0,0,93,100,80,82,100,97,0,97,100,88,0,0,0,0,0
l32,15=0,0,0,0,0,0,0,0,0,0,0,0,77,0,0,0,0,0,0,0,0,0,0,93,82,94,100,99,83,100,98,100,0,100,87,0,0,0,0,0
l33,15=0,0,0,0,0,0,0,0,0,0,0,0,8,0,88,0,99,95,0,0,0,3,0,98,42,96,85,63,85,100,98,100,97,0,89,0,0,0,0,0
l34,15=0,0,0,0,0,0,0,0,0,0,0,0,0,0,0,0,90,70,0,0,0,93,0,0,0,97,99,54,81,99,0,100,97,100,0,0,0,0,0,0
l35,15=0,0,0,0,0,0,0,0,0,0,0,0,7,0,0,69,77,0,0,1,79,19,69,0,0,0,0,0,0,0,0,0,0,0,0,0,81,81,78,86
l36,15=0,0,0,0,0,0,0,0,0,0,0,63,34,0,0,0,96,50,0,86,93,85,82,0,38,0,0,0,0,0,0,0,0,0,0,81,0,55,78,81
l37,15=0,0,0,0,0,0,0,0,0,0,0,0,0,0,0,0,74,0,0,0,49,0,69,0,0,0,0,0,0,0,0,0,0,0,0,96,91,0,69,87
l38,15=0,0,0,0,0,0,0,0,0,0,0,60,2,0,8,78,92,80,0,80,97,92,87,0,0,0,0,0,0,0,0,0,0,0,0,77,59,56,0,85
l39,15=0,0,0,0,0,0,0,0,0,0,0,0,0,0,0,0,72,0,0,79,76,73,80,0,0,0,0,0,0,0,0,0,0,0,0,81,49,55,75,0

