t=2016-04-13_04.34.26

n=40

q0=1
q1=1
q2=1
q3=1
q4=1
q5=1
q6=1
q7=1
q8=1
q9=1
q10=1
q11=1
q12=1
q13=1
q14=1
q15=1
q16=1
q17=1
q18=1
q19=1
q20=1
q21=1
q22=1
q23=1
q24=1
q25=1
q26=1
q27=1
q28=1
q29=1
q30=1
q31=1
q32=1
q33=1
q34=1
q35=1
q36=1
q37=1
q38=1
q39=1

a0=0x141592000c576ce6
a1=0x141592000c5aedbc
a2=0x141592000c5750f4
a3=0x141592000c576658
a4=0x141592000c575890
a5=0x141592000c574ffa
a6=0x141592000c5acf11
a7=0x141592000d9df361
a8=0x141592000c576300
a9=0x141592000c5779b6
a10=0x141592000c5762b9
a11=0x141592000c5af078
a12=0x141592000c575517
a13=0x141592000c5752c3
a14=0x141592000c5a4baa
a15=0x141592000c5776e7
a16=0x141592000c58cdeb
a17=0x141592000c5881fc
a18=0x141592000bd81d33
a19=0x141592000bd84d6a
a20=0x141592000c577233
a21=0x141592000c574527
a22=0x141592000c5746a3
a23=0x141592000c574da3
a24=0x141592000c5741c9
a25=0x141592000da244ea
a26=0x141592000c5ae886
a27=0x141592000c57510e
a28=0x141592000c5ab6c8
a29=0x141592000c574d05
a30=0x141592000edae61f
a31=0x141592000c57667e
a32=0x141592000c577f43
a33=0x141592000c576449
a34=0x1415920010f4117a
a35=0x141592000c575966
a36=0x141592000c574d35
a37=0x141592000c576fb1
a38=0x141592000c5aea5d
a39=0x141592000c59f23f

l0,0=0,93,91,94,92,93,89,85,40,93,90,0,0,0,0,0,0,0,0,0,0,0,0,0,0,0,0,0,0,0,0,0,0,0,0,0,0,0,0,0
l1,0=93,0,91,92,92,94,79,86,84,82,90,0,0,5,0,0,0,0,0,0,0,0,0,0,0,0,0,0,0,0,0,0,0,0,0,0,0,0,0,0
l2,0=88,95,0,85,94,94,95,87,16,90,91,0,0,67,0,0,0,0,0,0,0,0,0,0,0,0,0,0,0,0,0,0,0,0,0,0,0,0,0,0
l3,0=97,93,90,0,93,92,88,84,71,0,72,0,0,0,0,0,0,0,0,0,0,0,0,0,0,0,0,0,0,0,0,0,0,0,0,0,0,0,0,0
l4,0=93,94,91,92,0,92,82,75,79,72,82,0,0,61,0,0,0,0,0,0,0,0,0,0,0,0,0,0,0,0,0,0,0,0,0,0,0,0,0,0
l5,0=90,96,91,82,90,0,88,83,84,92,85,46,0,56,0,0,0,0,0,0,0,0,0,0,0,0,0,0,0,0,0,0,0,0,0,0,0,0,0,0
l6,0=81,61,98,81,83,84,0,85,84,85,84,37,0,62,0,54,56,0,0,0,0,0,0,0,0,0,0,0,0,0,0,0,0,0,0,0,0,0,0,0
l7,0=77,87,87,77,82,84,88,0,84,86,88,75,0,55,0,57,0,0,0,0,0,0,0,0,0,0,0,0,0,0,0,0,0,0,0,0,0,0,0,0
l8,0=0,70,0,12,53,73,80,44,0,93,64,63,63,91,76,83,77,59,0,0,0,44,1,16,70,0,0,0,0,0,0,0,0,0,0,0,0,0,26,0
l9,0=86,64,88,0,62,93,81,84,91,0,90,49,53,83,11,67,67,65,0,0,0,0,0,0,0,0,0,0,0,0,0,0,0,0,0,0,0,0,0,0
l10,0=86,90,90,37,83,83,83,85,80,95,0,83,46,83,0,80,35,0,0,0,0,0,0,0,0,0,0,0,0,0,0,0,0,0,0,0,0,0,0,0
l11,0=0,0,0,0,3,40,61,38,47,51,41,0,81,90,89,92,83,91,0,58,0,24,0,0,76,46,0,0,0,0,0,0,0,0,0,1,69,4,49,0
l12,0=0,0,0,0,0,0,0,0,41,43,12,82,0,84,88,92,71,99,0,0,22,22,0,83,93,80,0,0,0,0,0,0,0,28,0,0,56,0,50,0
l13,0=0,0,36,0,49,5,66,27,91,79,85,86,84,0,90,84,50,76,0,42,58,68,49,79,72,61,0,0,0,0,0,0,0,0,0,0,0,0,55,0
l14,0=0,0,0,0,0,0,0,0,46,13,0,28,78,87,0,84,83,83,0,0,24,0,20,86,86,85,0,0,0,0,0,0,0,29,0,0,58,0,47,0
l15,0=0,0,0,0,0,0,51,21,47,43,39,96,93,85,85,0,74,80,0,43,16,0,24,33,86,0,0,0,0,0,0,0,0,0,0,0,63,0,48,0
l16,0=0,0,0,0,0,0,48,0,45,41,0,26,65,59,90,71,0,93,0,65,15,25,28,40,76,0,0,0,0,0,0,0,0,7,0,19,28,29,55,19
l17,0=0,0,0,0,0,0,0,0,42,47,0,30,93,81,88,87,90,0,0,2,30,26,32,0,81,73,0,0,0,0,0,0,0,30,0,0,84,0,47,0
l18,0=0,0,0,0,0,0,0,0,0,0,0,0,0,0,0,0,0,0,0,0,75,0,63,0,0,0,0,0,0,0,0,0,0,0,0,0,0,0,0,0
l19,0=0,0,0,0,0,0,0,0,0,0,0,19,0,48,0,19,52,0,7,0,62,65,93,0,0,0,0,0,0,0,0,0,0,0,0,0,52,27,66,85
l20,0=0,0,0,0,0,0,0,0,0,0,0,0,55,61,52,44,47,81,88,88,0,91,92,0,0,0,0,0,0,0,0,0,0,0,0,25,94,95,81,68
l21,0=0,0,0,0,0,0,0,0,39,0,0,18,54,72,0,1,68,63,38,64,92,0,92,0,0,0,49,0,0,0,0,4,0,0,0,71,32,0,85,55
l22,0=0,0,0,0,0,0,0,0,29,1,0,0,26,76,32,56,63,66,73,89,93,91,0,0,0,0,6,0,0,0,0,0,43,0,0,51,98,68,69,66
l23,0=0,0,0,0,0,0,0,0,35,0,0,0,75,77,84,12,60,0,0,0,0,0,0,0,84,74,0,0,0,0,0,0,5,30,27,0,0,0,0,0
l24,0=0,0,0,0,0,0,0,0,47,0,0,28,93,83,85,84,78,80,0,0,0,0,0,84,0,80,0,0,0,0,0,0,64,32,25,0,0,0,0,0
l25,0=0,0,0,0,0,0,0,0,24,0,0,16,86,72,90,0,0,76,0,0,0,0,0,73,80,0,63,3,0,0,0,63,77,40,76,0,0,0,0,0
l26,0=0,0,0,0,0,0,0,0,0,0,0,0,0,0,0,0,0,0,0,0,0,57,20,0,0,58,0,73,98,95,86,88,70,65,68,0,0,0,0,0
l27,0=0,0,0,0,0,0,0,0,0,0,0,0,0,0,0,0,0,0,0,0,0,0,0,0,0,0,89,0,98,99,97,76,80,74,77,0,0,0,0,0
l28,0=0,0,0,0,0,0,0,0,0,0,0,0,0,0,0,0,0,0,0,0,0,0,0,0,0,0,91,100,0,99,96,83,78,66,78,0,0,0,0,0
l29,0=0,0,0,0,0,0,0,0,0,0,0,0,0,0,0,0,0,0,0,0,0,0,0,0,0,0,91,100,98,0,97,79,64,63,60,0,0,0,0,0
l30,0=0,0,0,0,0,0,0,0,0,0,0,0,0,0,0,0,0,0,0,0,0,0,0,0,0,0,87,100,98,99,0,66,77,76,0,0,0,0,0,0
l31,0=0,0,0,0,0,0,0,0,0,0,0,0,0,0,1,0,0,0,0,0,0,2,0,21,0,58,82,66,85,68,51,0,86,70,90,0,0,0,0,0
l32,0=0,0,0,0,0,0,0,0,0,0,0,0,0,0,0,0,0,0,0,0,0,0,31,46,59,58,74,64,75,61,52,84,0,87,91,0,0,0,0,0
l33,0=0,0,0,0,0,0,0,0,0,0,0,0,65,0,61,0,43,65,0,0,0,0,0,59,71,63,71,61,78,62,58,77,86,0,82,0,0,0,0,0
l34,0=0,0,0,0,0,0,0,0,0,0,0,0,0,0,6,0,0,0,0,0,20,0,0,69,60,73,75,65,81,62,0,89,95,72,0,0,0,0,0,0
l35,0=0,0,0,0,0,0,0,0,0,0,0,0,0,0,0,0,29,0,0,0,6,27,25,0,0,0,0,0,0,0,0,0,0,0,0,0,44,95,96,28
l36,0=0,0,0,0,0,0,0,0,0,0,0,18,37,0,14,42,28,59,0,62,31,23,46,0,0,0,0,0,0,0,0,0,0,0,0,39,0,97,64,34
l37,0=0,0,0,0,0,0,0,0,0,0,0,0,0,0,0,0,11,0,0,27,27,0,25,0,0,0,0,0,0,0,0,0,0,0,0,45,98,0,0,36
l38,0=0,0,0,0,0,0,0,0,27,0,0,20,65,59,35,69,87,48,0,60,35,31,44,0,0,0,0,0,0,0,0,0,0,0,0,61,99,0,0,37
l39,0=0,0,0,0,0,0,0,0,0,0,0,0,0,0,0,0,45,0,0,88,35,29,46,0,0,0,0,0,0,0,0,0,0,0,0,43,97,97,66,0

l0,1=0,88,44,89,88,86,82,0,62,78,68,0,0,12,0,0,0,0,0,0,0,0,0,0,0,0,0,0,0,0,0,0,0,0,0,0,0,0,0,0
l1,1=72,0,83,84,87,89,79,67,69,72,80,0,0,42,0,0,0,0,0,0,0,0,0,0,0,0,0,0,0,0,0,0,0,0,0,0,0,0,0,0
l2,1=51,97,0,86,87,92,93,71,0,87,89,0,0,0,0,16,0,0,0,0,0,0,0,0,0,0,0,0,0,0,0,0,0,0,0,0,0,0,0,0
l3,1=82,88,73,0,79,85,69,46,0,0,73,0,0,0,0,0,0,0,0,0,0,0,0,0,0,0,0,0,0,0,0,0,0,0,0,0,0,0,0,0
l4,1=78,88,73,67,0,85,68,56,73,72,66,0,0,49,4,0,0,0,0,0,0,0,0,0,0,0,0,0,0,0,0,0,0,0,0,0,0,0,0,0
l5,1=68,92,88,79,86,0,77,79,73,79,75,0,0,29,0,0,0,0,0,0,0,0,0,0,0,0,0,0,0,0,0,0,0,0,0,0,0,0,0,0
l6,1=54,75,84,44,46,69,0,83,69,50,80,48,10,50,0,3,17,0,0,0,0,0,0,0,0,0,0,0,0,0,0,0,0,0,0,0,0,0,0,0
l7,1=0,44,64,21,36,81,83,0,82,84,87,34,19,0,0,0,0,0,0,0,0,0,0,0,0,0,0,0,0,0,0,0,0,0,0,0,0,0,0,0
l8,1=36,46,0,0,60,56,70,68,0,86,67,63,8,81,60,79,54,21,0,0,0,50,34,3,0,0,0,0,0,0,0,0,0,0,0,0,0,0,0,0
l9,1=50,56,67,0,29,71,60,78,92,0,89,58,36,84,29,68,29,26,0,0,0,21,5,0,0,0,0,0,0,0,0,0,0,0,0,0,0,0,0,0
l10,1=45,79,67,46,52,77,79,90,77,90,0,54,0,76,2,46,4,0,0,0,0,9,0,0,0,0,0,0,0,0,0,0,0,0,0,0,0,0,0,0
l11,1=0,0,0,0,0,0,48,34,32,31,42,0,78,83,44,84,39,72,0,16,5,37,0,0,53,0,0,0,0,0,0,0,0,0,0,48,32,0,57,0
l12,1=0,0,0,0,0,0,0,0,7,19,0,72,0,45,81,81,40,79,0,0,41,48,21,71,82,65,0,0,0,0,0,0,0,19,0,0,0,0,52,0
l13,1=0,6,0,0,14,0,41,0,51,76,63,79,72,0,43,44,38,43,0,28,43,43,36,51,37,34,0,0,0,0,0,0,0,0,0,0,0,0,51,0
l14,1=0,0,0,0,2,0,0,0,28,21,0,67,79,46,0,40,42,34,0,0,51,0,47,73,72,75,0,0,0,0,0,0,0,0,0,0,0,0,0,0
l15,1=0,0,2,0,0,0,3,0,38,34,37,88,81,31,37,0,32,41,0,0,4,0,27,25,77,0,0,0,0,0,0,0,0,0,0,0,25,0,20,0
l16,1=0,0,0,0,0,0,23,0,25,5,0,52,45,30,38,22,0,32,0,32,49,53,51,25,48,50,0,0,0,0,0,0,35,0,3,50,29,24,50,22
l17,1=0,0,0,0,0,0,0,0,13,16,0,75,86,39,38,50,44,0,0,0,52,39,50,51,52,42,0,0,0,0,0,0,0,44,0,2,26,0,4,0
l18,1=0,0,0,0,0,0,0,0,0,0,0,0,0,0,0,0,0,0,0,0,65,62,64,0,0,0,0,0,0,0,0,0,0,0,0,0,0,0,0,0
l19,1=0,0,0,0,0,0,0,0,0,0,0,0,0,29,0,0,29,0,0,0,74,0,72,0,0,0,0,0,0,0,0,0,0,0,0,46,47,48,65,60
l20,1=0,0,0,0,0,0,0,0,0,0,0,0,40,31,33,0,37,26,39,70,0,79,73,0,0,0,0,0,0,0,0,0,0,0,0,18,39,70,71,46
l21,1=0,0,0,0,0,0,0,0,48,18,14,47,42,40,4,0,59,19,40,1,79,0,71,0,0,0,17,0,0,0,0,0,0,0,0,68,45,52,67,62
l22,1=0,0,0,0,0,0,0,0,22,0,0,0,32,32,27,29,36,28,47,77,82,79,0,0,0,0,16,0,1,0,0,6,0,0,0,68,48,50,58,65
l23,1=0,0,0,0,0,0,0,0,3,0,0,0,63,38,67,3,5,29,0,0,0,0,0,0,73,67,0,0,0,0,0,0,0,0,63,0,0,0,0,0
l24,1=0,0,0,0,0,0,0,0,0,0,0,59,82,30,44,55,38,30,0,0,0,0,0,78,0,73,0,0,0,0,0,0,49,53,44,0,0,0,0,0
l25,1=0,0,0,0,0,0,0,0,6,0,0,0,63,35,72,0,53,24,0,0,0,0,0,66,72,0,38,0,7,0,0,52,0,62,58,0,0,0,0,0
l26,1=0,0,0,0,0,0,0,0,0,0,0,0,0,0,0,0,0,0,0,2,0,10,18,0,0,56,0,69,69,75,74,76,79,74,57,0,0,0,0,0
l27,1=0,0,0,0,0,0,0,0,0,0,0,0,0,0,0,0,0,0,0,0,0,0,0,0,0,0,67,0,70,84,95,64,71,65,67,0,0,0,0,0
l28,1=0,0,0,0,0,0,0,0,0,0,0,0,0,0,0,0,0,0,0,18,0,0,6,0,0,43,80,88,0,86,81,74,61,65,54,0,0,0,0,0
l29,1=0,0,0,0,0,0,0,0,0,0,0,0,0,0,0,0,0,0,0,0,0,0,0,0,0,0,77,88,72,0,80,64,61,19,22,0,0,0,0,0
l30,1=0,0,0,0,0,0,0,0,0,0,0,0,0,0,0,0,0,0,0,0,0,0,0,0,0,0,67,92,70,86,0,59,60,62,0,0,0,0,0,0
l31,1=0,0,0,0,0,0,0,0,0,0,0,0,0,0,0,0,0,0,0,0,0,0,0,0,0,55,71,52,53,61,51,0,78,67,75,0,0,0,0,0
l32,1=0,0,0,0,0,0,0,0,0,0,0,0,0,0,0,0,28,0,0,0,0,0,0,0,26,0,70,23,15,38,20,72,0,72,87,0,0,0,0,0
l33,1=0,0,0,0,0,0,0,0,0,0,0,0,19,0,0,0,0,22,0,0,0,0,0,0,30,31,64,17,34,19,24,71,74,0,58,0,0,0,0,0
l34,1=0,0,0,0,0,0,0,0,0,0,0,0,0,0,7,0,25,0,0,0,2,0,0,57,27,54,53,27,51,23,0,75,86,72,0,0,0,0,0,0
l35,1=0,0,0,0,0,0,0,0,0,0,0,27,0,0,0,0,23,0,0,27,0,61,56,0,0,0,0,0,0,0,0,0,0,0,0,0,36,71,71,35
l36,1=0,0,0,0,0,0,0,0,0,0,0,52,2,0,0,18,29,18,0,36,67,50,66,0,0,0,0,0,0,0,0,0,0,0,0,73,0,74,81,44
l37,1=0,0,0,0,0,0,0,0,0,0,0,0,0,0,0,0,6,0,0,33,72,34,29,0,0,0,0,0,0,0,0,0,0,0,0,68,36,0,66,45
l38,1=0,0,0,0,0,0,0,0,0,0,0,50,41,27,0,1,29,0,0,51,73,63,47,0,0,0,0,0,0,0,0,0,0,0,0,72,49,66,0,42
l39,1=0,0,0,0,0,0,0,0,0,0,0,0,0,0,0,0,33,0,0,54,66,58,61,0,0,0,0,0,0,0,0,0,0,0,0,60,34,66,65,0

l0,2=0,78,76,77,85,77,78,55,57,70,62,0,0,6,0,0,0,0,0,0,0,0,0,0,0,0,0,0,0,0,0,0,0,0,0,0,0,0,0,0
l1,2=82,0,83,79,86,84,79,64,28,71,79,0,0,0,0,0,0,0,0,0,0,0,0,0,0,0,0,0,0,0,0,0,0,0,0,0,0,0,0,0
l2,2=66,75,0,85,79,90,87,76,16,87,80,0,0,0,0,16,0,0,0,0,0,0,0,0,0,0,0,0,0,0,0,0,0,0,0,0,0,0,0,0
l3,2=85,89,84,0,84,75,37,2,37,1,1,0,0,0,0,0,0,0,0,0,0,0,0,0,0,0,0,0,0,0,0,0,0,0,0,0,0,0,0,0
l4,2=74,78,77,71,0,80,78,59,0,77,53,0,0,0,0,0,0,0,0,0,0,0,0,39,0,0,0,0,0,0,0,0,0,0,0,0,0,0,0,0
l5,2=65,82,84,71,85,0,73,71,54,71,76,0,0,1,0,0,0,0,0,0,0,0,0,0,0,0,0,0,0,0,0,0,0,0,0,0,0,0,0,0
l6,2=57,75,81,33,74,70,0,61,22,63,81,24,23,35,0,37,0,0,0,0,0,0,0,0,0,0,0,0,0,0,0,0,0,0,0,0,0,0,0,0
l7,2=50,64,73,42,57,78,71,0,64,74,86,32,5,48,0,48,12,0,0,0,0,0,0,0,0,0,0,0,0,0,0,0,0,0,0,0,0,0,0,0
l8,2=32,1,0,19,0,43,34,68,0,87,72,53,0,70,20,72,40,38,0,0,0,45,19,0,30,0,0,0,0,0,0,0,0,0,0,0,0,0,6,0
l9,2=34,46,84,8,68,56,63,73,75,0,86,48,24,71,0,55,9,26,0,0,17,13,0,0,0,0,0,0,0,0,0,0,0,0,0,0,0,0,0,0
l10,2=33,71,74,6,44,80,81,78,65,86,0,37,0,64,0,36,0,4,0,0,0,0,0,0,0,0,0,0,0,0,0,0,0,0,0,0,0,0,0,0
l11,2=0,0,0,0,0,0,26,17,30,50,39,0,54,76,69,80,51,74,0,17,29,36,28,28,4,0,0,0,0,0,0,0,0,0,0,29,45,0,29,6
l12,2=0,0,0,0,0,0,26,0,0,48,0,79,0,54,87,79,55,78,0,0,0,44,0,78,89,73,0,0,0,0,0,0,0,0,0,0,0,0,36,0
l13,2=0,0,0,0,0,0,0,19,63,70,56,76,35,0,46,65,51,56,0,26,23,34,25,43,41,34,0,0,0,0,0,0,0,0,0,0,0,0,47,1
l14,2=0,0,0,0,0,0,0,0,24,0,0,71,63,56,0,54,56,52,0,0,45,0,0,78,72,73,0,0,0,0,0,0,0,49,0,0,0,0,48,0
l15,2=0,0,0,0,0,0,27,31,51,50,39,92,59,62,45,0,32,60,0,6,41,0,0,0,75,0,0,0,0,0,0,0,0,0,0,0,8,0,30,16
l16,2=0,0,0,0,0,0,0,0,24,1,0,48,40,53,60,47,0,63,0,36,58,52,46,3,51,52,0,0,0,0,0,0,0,49,2,44,49,27,46,39
l17,2=0,0,0,0,0,0,0,0,26,21,1,84,63,57,50,68,65,0,0,0,46,44,38,46,59,0,0,0,0,0,0,0,0,37,0,0,42,0,46,0
l18,2=0,0,0,0,0,0,0,0,0,0,0,0,0,0,0,0,29,0,0,25,0,52,24,0,0,0,0,0,0,0,0,0,0,0,0,0,0,0,0,0
l19,2=0,0,0,0,0,0,0,0,0,0,0,2,0,60,0,6,38,0,24,0,64,42,60,0,0,0,42,0,0,6,0,37,0,0,0,49,52,40,62,51
l20,2=0,0,0,0,0,0,0,0,0,3,0,35,0,47,43,45,60,43,8,59,0,70,58,0,0,0,0,0,0,0,0,0,0,0,11,43,57,60,66,51
l21,2=0,0,0,0,0,0,0,0,19,11,0,45,36,49,0,0,61,44,18,35,75,0,57,0,0,1,0,0,0,0,0,0,0,43,0,55,58,49,67,55
l22,2=0,0,0,0,0,0,0,0,20,0,0,41,16,52,0,16,60,38,14,68,74,70,0,0,0,0,51,0,0,32,0,37,0,31,0,61,57,48,1,52
l23,2=0,0,0,0,8,0,0,0,0,0,0,38,51,60,72,0,0,59,0,0,0,0,0,0,80,67,0,0,0,0,0,0,0,0,52,0,0,0,0,0
l24,2=0,0,0,0,0,0,0,0,24,0,0,0,54,60,68,69,54,62,0,0,0,0,0,83,0,78,0,0,0,0,0,0,2,47,40,0,11,0,0,0
l25,2=0,0,0,0,0,0,0,0,8,0,0,0,49,55,67,0,55,0,0,0,0,0,0,71,76,0,53,0,0,0,0,54,59,65,55,0,0,0,0,0
l26,2=0,0,0,0,0,0,0,0,0,0,0,0,0,0,0,0,0,0,0,32,0,0,38,0,0,48,0,4,82,82,80,75,71,62,60,0,0,0,0,0
l27,2=0,0,0,0,0,0,0,0,0,0,0,0,0,0,0,0,0,0,0,0,0,0,0,0,0,0,16,0,80,88,88,67,64,55,59,0,0,0,0,0
l28,2=0,0,0,0,0,0,0,0,0,0,0,0,0,0,0,0,0,0,0,8,0,0,0,0,0,0,84,87,0,91,83,67,53,57,50,0,0,0,0,0
l29,2=0,0,0,0,0,0,0,0,0,0,0,0,0,0,0,0,0,0,0,7,0,0,34,0,0,0,82,86,82,0,82,59,52,0,1,0,0,0,0,0
l30,2=0,0,0,0,0,0,0,0,0,0,0,0,0,0,0,0,0,0,0,0,0,0,0,0,0,0,74,90,74,74,0,46,53,56,40,0,0,0,0,0
l31,2=0,0,0,0,0,0,0,0,0,0,0,0,0,0,0,0,0,0,0,32,3,0,35,0,0,57,80,56,67,68,44,0,80,69,74,0,0,0,0,0
l32,2=0,0,0,0,0,0,0,0,0,0,0,0,0,0,0,0,0,0,0,0,0,0,0,0,1,55,75,47,50,59,44,75,0,73,83,0,0,0,0,0
l33,2=0,0,0,0,0,0,0,0,0,0,0,0,0,0,49,0,46,34,0,0,0,46,17,0,48,65,72,47,64,0,60,67,73,0,69,0,0,0,0,0
l34,2=0,0,0,0,0,0,0,0,0,0,0,0,0,0,0,0,37,0,0,0,43,0,0,48,43,58,71,49,62,39,41,67,84,75,0,0,0,0,0,0
l35,2=0,0,0,0,0,0,0,0,0,0,0,14,0,0,0,0,48,0,0,27,33,49,47,0,0,0,0,0,0,0,0,0,0,0,0,0,59,63,78,47
l36,2=0,0,0,0,0,0,0,0,0,0,0,43,0,1,0,3,56,40,0,44,62,56,52,0,1,0,0,0,0,0,0,0,0,0,0,65,0,64,67,51
l37,2=0,0,0,0,0,0,0,0,0,0,0,0,0,0,0,0,14,0,0,17,64,44,37,0,0,0,0,0,0,0,0,0,0,0,0,65,58,0,65,45
l38,2=0,0,0,0,0,0,0,0,0,0,0,37,31,53,36,33,44,31,0,47,66,60,0,0,0,0,0,0,0,0,0,0,0,0,0,67,61,63,0,54
l39,2=0,0,0,0,0,0,0,0,0,0,0,0,0,1,0,0,52,0,0,53,55,59,46,0,0,0,0,0,0,0,0,0,0,0,0,56,51,55,67,0

l0,3=0,78,84,90,85,89,83,81,0,72,0,0,0,0,0,0,0,0,0,0,0,0,0,1,0,0,0,0,0,0,0,0,0,0,0,0,0,0,0,0
l1,3=91,0,84,92,89,89,88,87,70,88,78,0,0,0,0,0,0,0,0,0,0,0,0,0,0,0,0,0,0,0,0,0,0,0,0,0,0,0,0,0
l2,3=91,67,0,93,89,93,92,90,79,89,92,0,0,61,0,0,0,0,0,0,0,0,0,0,0,0,0,0,0,0,0,0,0,0,0,0,0,0,0,0
l3,3=92,89,88,0,89,4,87,0,4,8,81,0,0,0,0,0,0,0,0,0,0,0,0,0,0,0,0,0,0,0,0,0,0,0,0,0,0,0,0,0
l4,3=50,81,88,94,0,91,85,1,0,53,32,0,0,28,0,0,0,0,0,0,0,0,0,0,0,0,0,0,0,0,0,0,0,0,0,0,0,0,0,0
l5,3=90,86,90,29,89,0,87,90,63,79,89,40,0,82,18,8,0,0,0,0,0,0,0,0,0,0,0,0,0,0,0,0,0,0,0,0,0,0,0,0
l6,3=80,80,90,86,82,86,0,85,80,81,93,65,64,72,0,57,75,0,0,0,0,0,0,0,0,0,0,0,0,0,0,0,0,0,0,0,0,0,0,0
l7,3=77,64,85,0,26,86,88,0,86,86,95,0,0,80,0,79,32,0,0,0,0,0,0,0,0,0,0,0,0,0,0,0,0,0,0,0,0,0,0,0
l8,3=0,10,31,2,0,24,43,90,0,89,91,70,24,89,0,87,73,34,0,0,0,39,23,0,37,0,0,0,0,0,0,0,0,0,0,0,0,0,23,0
l9,3=42,27,35,18,38,46,36,88,90,0,96,30,26,89,29,48,0,0,0,0,32,1,0,0,0,0,0,0,0,0,0,0,0,0,0,0,0,0,0,0
l10,3=0,26,88,33,24,88,88,92,88,92,0,37,2,89,8,38,0,0,0,0,0,0,0,14,26,0,0,0,0,0,0,0,0,0,0,0,0,0,5,0
l11,3=0,0,0,0,0,28,68,0,82,35,74,0,87,91,90,94,29,93,0,0,28,72,73,77,79,6,0,0,0,0,0,0,0,0,0,0,76,0,82,0
l12,3=0,0,0,0,0,0,29,0,28,39,0,91,0,40,97,94,33,98,0,26,0,31,0,80,95,82,0,0,0,0,0,0,0,25,0,36,0,0,34,0
l13,3=0,0,15,0,9,36,23,34,90,88,84,85,54,0,0,81,33,56,19,35,36,25,25,29,32,25,0,0,0,0,0,0,0,0,0,0,5,0,31,0
l14,3=0,0,0,0,0,8,0,0,0,36,11,92,91,0,0,38,57,26,0,0,0,2,0,90,94,76,0,0,0,0,0,0,0,21,3,0,0,0,35,0
l15,3=0,0,0,0,0,4,21,39,87,59,36,92,89,88,35,0,80,86,0,18,38,28,5,27,88,0,0,0,0,0,0,0,0,0,0,0,0,0,35,21
l16,3=0,0,0,0,0,0,29,29,32,0,0,25,38,37,75,44,0,82,27,0,59,39,81,16,44,26,0,0,0,0,0,0,0,25,0,0,40,11,36,32
l17,3=0,0,0,0,0,0,0,0,66,0,0,90,91,90,34,83,92,0,0,0,53,48,40,34,84,0,0,0,0,0,0,0,0,0,0,39,58,20,69,23
l18,3=0,0,0,0,0,0,0,0,0,0,0,0,0,58,0,0,57,0,0,0,2,16,62,0,0,0,0,0,0,0,0,0,0,0,0,0,0,0,0,0
l19,3=0,0,0,0,0,0,0,0,0,0,0,0,42,66,0,4,0,0,0,0,84,87,93,0,0,0,0,0,50,58,0,49,0,0,0,0,75,63,79,28
l20,3=0,0,0,0,0,0,0,0,0,53,0,39,0,83,0,73,82,73,8,86,0,90,95,0,38,0,0,0,0,0,0,0,0,0,7,62,85,83,90,87
l21,3=0,0,0,0,0,0,0,0,80,27,0,62,65,73,16,57,75,69,34,82,85,0,92,0,0,0,25,0,0,0,0,0,0,38,0,25,84,79,86,82
l22,3=0,0,0,0,0,0,0,0,58,0,0,61,0,77,0,1,80,66,41,92,86,90,0,0,0,0,61,0,0,49,0,0,0,0,0,92,85,0,90,87
l23,3=0,0,0,0,0,0,0,0,0,0,0,31,82,38,92,42,18,29,0,0,0,0,0,0,91,83,0,0,0,0,0,0,0,26,0,0,0,0,0,0
l24,3=0,0,0,0,0,0,0,0,29,0,23,56,91,28,90,83,80,86,0,0,31,0,0,90,0,81,0,0,0,0,0,0,0,48,0,0,28,0,29,0
l25,3=0,0,0,0,0,0,0,0,0,0,0,4,82,34,83,0,32,0,0,0,0,0,0,85,86,0,22,0,0,7,0,24,35,82,53,0,0,0,0,0
l26,3=0,0,0,0,0,0,0,0,0,0,0,0,0,0,0,0,0,0,0,0,0,22,70,0,0,31,0,76,94,99,93,94,91,52,83,0,0,0,0,0
l27,3=0,0,0,0,0,0,0,0,0,0,0,0,0,0,0,0,0,0,0,0,0,0,0,0,0,0,83,0,94,100,99,83,83,0,16,0,0,0,0,0
l28,3=0,0,0,0,0,0,0,0,0,0,0,0,0,0,0,0,0,0,0,66,0,0,0,0,0,0,94,100,0,100,90,87,85,81,77,0,0,0,0,0
l29,3=0,0,0,0,0,0,0,0,0,0,0,0,0,0,0,0,0,0,0,57,0,0,64,0,0,3,94,100,94,0,96,78,84,49,67,0,0,0,0,0
l30,3=0,0,0,0,0,0,0,0,0,0,0,0,0,0,0,0,0,0,0,0,0,0,0,0,0,0,84,100,83,94,0,69,80,64,0,0,0,0,0,0
l31,3=0,0,0,0,0,0,0,0,0,0,0,0,0,0,0,0,0,0,0,55,0,0,0,3,0,59,94,67,74,78,52,0,95,94,96,0,0,0,0,0
l32,3=0,0,0,0,0,0,0,0,0,0,0,0,1,0,0,0,0,0,0,0,0,0,0,0,0,73,88,70,73,82,79,97,0,92,97,0,0,0,0,0
l33,3=0,0,0,0,0,0,0,0,0,0,0,0,60,0,20,0,62,0,0,0,0,45,0,61,81,86,63,0,82,63,60,89,88,0,92,0,0,0,0,0
l34,3=0,0,0,0,0,0,0,0,0,0,0,0,0,0,26,0,0,0,0,0,37,0,0,26,0,80,83,21,74,78,31,94,95,94,0,0,0,0,0,0
l35,3=0,0,0,0,0,0,0,0,0,0,0,0,38,0,0,0,0,32,0,0,32,0,87,0,0,0,0,0,0,0,0,0,0,0,0,0,87,84,89,85
l36,3=0,0,0,0,0,0,0,0,0,0,0,54,0,18,0,0,68,66,0,75,68,76,75,0,21,0,0,0,0,0,0,0,0,0,0,92,0,84,90,77
l37,3=0,0,0,0,0,0,0,0,0,0,0,0,0,0,0,0,9,15,0,58,72,77,0,0,0,0,0,0,0,0,0,0,0,0,0,91,85,0,84,75
l38,3=0,0,0,0,0,0,0,0,31,0,0,65,60,71,74,62,69,66,0,73,85,76,78,0,12,0,0,0,0,0,0,0,0,0,0,94,87,80,0,84
l39,3=0,0,0,0,0,0,0,0,0,0,0,0,0,0,0,16,73,13,0,4,80,84,91,0,0,0,0,0,0,0,0,0,0,0,0,93,83,76,90,0

l0,4=0,87,75,93,0,89,82,84,0,90,74,0,0,0,0,0,0,0,0,0,0,0,0,0,0,0,0,0,0,0,0,0,0,0,0,0,0,0,0,0
l1,4=89,0,94,90,89,89,91,73,79,92,22,0,0,75,0,0,0,0,0,0,0,0,0,16,0,0,0,0,0,0,0,0,0,0,0,0,0,0,0,0
l2,4=85,91,0,90,89,89,91,86,3,92,96,0,0,81,0,0,0,0,0,0,0,0,0,0,0,0,0,0,0,0,0,0,0,0,0,0,0,0,0,0
l3,4=97,91,92,0,85,85,82,0,77,0,83,0,0,0,0,0,0,0,0,0,0,0,0,0,0,0,0,0,0,0,0,0,0,0,0,0,0,0,0,0
l4,4=0,90,90,82,0,87,70,74,77,76,0,0,0,41,0,0,0,0,0,0,0,0,0,4,0,0,0,0,0,0,0,0,0,0,0,0,0,0,0,0
l5,4=91,87,94,74,83,0,88,91,70,90,88,0,0,80,0,71,0,0,0,0,0,0,0,1,0,0,0,0,0,0,0,0,0,0,0,0,0,0,0,0
l6,4=89,91,94,83,72,87,0,93,82,90,96,78,73,0,0,66,76,0,0,0,0,0,0,0,0,0,0,0,0,0,0,0,0,0,0,0,0,0,0,0
l7,4=92,69,92,0,78,89,91,0,91,96,99,75,0,0,2,74,8,0,0,0,0,0,0,0,0,0,0,0,0,0,0,0,0,0,0,0,0,0,0,0
l8,4=0,66,0,67,70,4,65,79,0,96,85,77,79,89,73,76,78,86,0,0,33,81,76,0,10,0,0,0,0,0,0,0,0,0,0,0,0,0,0,0
l9,4=76,82,79,0,69,79,82,92,93,0,99,78,0,87,0,71,0,86,0,0,64,0,83,0,0,0,0,0,0,0,0,0,0,0,0,0,0,0,1,0
l10,4=67,1,90,70,0,84,90,93,88,96,0,81,79,87,74,77,0,84,0,0,0,0,0,8,0,0,0,0,0,0,0,0,0,0,0,0,0,0,0,0
l11,4=0,0,0,0,0,0,76,74,86,80,85,0,84,87,82,86,80,88,0,0,9,83,81,81,74,43,0,0,0,0,0,0,0,0,0,68,84,0,84,0
l12,4=0,0,0,0,0,0,8,0,85,0,84,82,0,88,91,80,86,95,0,0,48,0,0,84,84,76,0,0,0,0,0,0,37,59,0,0,63,0,85,0
l13,4=0,7,35,0,3,78,0,0,86,81,85,79,80,0,75,79,78,88,0,77,77,79,83,79,0,65,0,0,0,0,0,0,0,0,0,0,0,0,80,0
l14,4=0,0,0,0,0,0,0,0,85,0,84,82,94,87,0,0,81,88,0,0,82,0,0,91,93,72,0,0,0,0,0,0,0,78,72,0,0,0,86,0
l15,4=0,0,0,0,0,65,60,78,85,76,81,89,90,92,0,0,78,86,0,53,79,80,80,79,83,33,0,0,0,0,0,0,0,0,0,0,78,0,82,0
l16,4=0,0,0,0,0,0,68,0,83,0,0,81,91,84,88,72,0,96,70,74,89,82,90,74,78,52,0,0,0,0,0,0,0,53,4,76,79,0,95,82
l17,4=0,0,0,0,0,0,0,0,86,79,74,84,94,90,82,76,93,0,0,0,82,75,83,26,85,47,0,0,0,0,0,0,0,0,0,76,85,0,82,80
l18,4=0,0,0,0,0,0,0,0,0,0,0,0,0,0,0,0,89,0,0,0,0,86,93,0,0,0,0,0,0,0,0,0,0,0,0,0,0,0,0,0
l19,4=0,0,0,0,0,0,0,0,0,0,0,0,0,69,0,13,81,0,0,0,94,94,95,0,0,0,64,0,73,21,0,0,0,0,0,0,87,75,85,84
l20,4=0,0,0,0,0,0,0,0,20,59,0,0,59,74,76,66,89,82,0,92,0,94,95,0,70,0,0,0,6,0,0,0,63,0,0,68,92,83,95,85
l21,4=0,0,0,0,0,0,0,0,82,0,0,74,0,68,10,66,83,67,58,91,93,0,93,0,29,0,0,0,0,0,0,0,9,15,0,55,94,81,78,90
l22,4=0,0,0,0,0,0,0,0,68,71,0,70,0,76,0,65,91,70,70,98,95,94,0,0,0,0,70,0,1,10,16,0,0,35,0,81,94,85,94,5
l23,4=0,0,0,0,0,0,0,0,0,0,0,80,88,88,91,81,76,0,0,0,0,0,0,0,91,86,0,0,0,0,0,0,0,84,77,0,0,0,0,0
l24,4=0,0,0,0,0,0,0,0,25,0,0,77,89,0,92,82,85,92,0,0,79,9,0,96,0,75,0,0,0,0,0,0,0,81,0,0,0,0,0,0
l25,4=0,0,0,0,0,0,0,0,0,0,0,45,94,78,92,39,79,65,0,0,0,0,0,96,91,0,0,0,0,62,0,64,90,93,85,0,0,0,0,0
l26,4=0,0,0,0,0,0,0,0,0,0,0,0,0,0,0,0,0,0,0,84,0,0,89,0,0,0,0,90,100,100,98,100,99,86,99,0,0,0,0,0
l27,4=0,0,0,0,0,0,0,0,0,0,0,0,0,0,0,0,0,0,0,0,0,0,0,0,0,0,99,0,100,100,100,99,90,0,72,0,0,0,0,0
l28,4=0,0,0,0,0,0,0,0,0,0,0,0,0,0,0,0,0,0,0,89,85,42,48,0,0,0,100,100,0,100,98,93,99,94,97,0,0,0,0,0
l29,4=0,0,0,0,0,0,0,0,0,0,0,0,0,0,0,0,0,0,0,70,0,0,5,0,0,66,100,100,100,0,100,90,92,91,95,0,0,0,0,0
l30,4=0,0,0,0,0,0,0,0,0,0,0,0,0,0,0,0,0,0,0,0,0,0,0,0,0,0,100,100,98,100,0,99,94,90,0,0,0,0,0,0
l31,4=0,0,0,0,0,0,0,0,0,0,0,0,0,0,0,0,0,0,0,0,0,0,0,0,0,64,100,86,89,82,89,0,100,100,100,0,0,0,0,0
l32,4=0,0,0,0,0,0,0,0,0,0,0,0,80,0,0,0,0,0,0,0,87,0,0,0,8,89,100,89,96,97,96,100,0,100,100,0,0,0,0,0
l33,4=0,0,0,0,0,0,0,0,0,0,0,0,76,0,81,0,57,0,0,0,0,0,32,90,79,90,71,0,96,73,79,100,100,0,100,0,0,0,0,0
l34,4=0,0,0,0,0,0,0,0,0,0,0,0,0,0,80,0,62,0,0,0,0,0,0,93,47,88,98,74,95,94,1,100,100,100,0,0,0,0,0,0
l35,4=0,0,0,0,0,0,0,0,0,0,0,20,0,0,0,0,76,67,0,0,50,22,81,0,0,0,0,0,0,0,0,0,0,0,0,0,88,90,91,87
l36,4=0,0,0,0,0,0,0,0,0,0,0,51,52,0,0,45,54,83,0,59,80,81,82,0,0,0,0,0,0,0,0,0,0,0,0,81,0,91,90,87
l37,4=0,0,0,0,0,0,0,0,0,0,0,0,0,0,0,0,0,0,0,55,78,78,76,0,0,0,0,0,0,0,0,0,0,0,0,81,86,0,85,80
l38,4=0,0,0,0,0,0,0,0,0,0,0,71,74,55,75,65,81,66,0,71,93,69,89,0,0,0,0,0,0,0,0,0,0,0,0,85,92,84,0,85
l39,4=0,0,0,0,0,0,0,0,0,0,0,0,0,0,0,0,76,68,0,77,83,81,0,0,0,0,0,0,0,0,0,0,0,0,0,80,88,70,88,0

l0,5=0,71,78,85,72,77,79,67,10,80,64,0,0,0,0,0,0,0,0,0,0,0,0,0,0,0,0,0,0,0,0,0,0,0,0,0,0,0,0,0
l1,5=75,0,89,74,87,87,91,66,0,80,51,0,0,43,0,0,0,0,0,0,0,0,0,29,0,0,0,0,0,0,0,0,0,0,0,0,0,0,0,0
l2,5=75,83,0,86,78,84,87,64,0,81,66,0,0,0,0,0,0,0,0,0,0,0,0,0,0,0,0,0,0,0,0,0,0,0,0,0,0,0,0,0
l3,5=89,71,89,0,87,66,76,0,2,71,55,0,0,0,0,0,0,0,0,0,0,0,0,0,0,0,0,0,0,0,0,0,0,0,0,0,0,0,0,0
l4,5=81,81,85,86,0,83,78,62,69,76,60,0,0,60,0,28,0,0,0,0,0,0,0,0,0,0,0,0,0,0,0,0,0,0,0,0,0,0,0,0
l5,5=75,80,85,74,75,0,40,67,65,82,65,31,0,65,0,0,0,0,0,0,0,0,0,0,0,0,0,0,0,0,0,0,0,0,0,0,0,0,0,0
l6,5=75,75,82,74,70,41,0,70,60,81,67,69,0,0,0,0,64,0,0,0,0,0,0,0,0,0,0,0,0,0,0,0,0,0,0,0,0,0,0,0
l7,5=75,70,76,0,69,75,77,0,69,81,78,75,0,0,0,62,0,0,0,0,0,0,0,0,0,0,0,0,0,0,0,0,0,0,0,0,0,0,0,0
l8,5=0,0,0,4,68,41,27,40,0,84,68,75,27,82,49,59,68,69,0,0,2,54,54,55,57,0,0,0,0,0,0,0,0,0,0,0,0,0,0,0
l9,5=47,44,50,61,61,73,76,41,74,0,71,67,0,80,0,60,60,70,0,0,16,0,60,0,36,0,0,0,0,0,0,0,0,0,0,0,0,0,17,0
l10,5=59,19,79,65,64,75,76,71,71,89,0,74,0,61,43,56,24,56,0,0,0,0,0,0,0,0,0,0,0,0,0,0,0,0,0,0,0,0,0,0
l11,5=0,0,0,0,0,16,21,17,57,47,35,0,47,74,73,81,79,84,0,0,0,44,14,52,52,33,0,0,0,0,0,0,0,0,0,8,61,17,21,0
l12,5=0,0,0,0,0,0,0,0,24,0,0,53,0,50,85,56,80,89,0,0,19,0,0,64,74,80,0,0,0,0,0,0,28,25,0,29,43,0,17,0
l13,5=0,0,0,0,36,19,0,0,81,82,28,47,42,0,54,68,70,78,0,7,20,0,56,58,0,49,0,0,0,0,0,0,0,0,0,25,11,0,0,0
l14,5=0,0,0,0,0,0,0,0,31,0,23,52,81,57,0,56,73,72,0,0,23,0,40,80,87,79,0,0,0,0,0,3,0,41,42,0,0,0,17,0
l15,5=0,0,0,0,23,0,0,20,38,39,33,86,44,90,47,0,61,75,0,0,15,51,58,54,72,54,0,0,0,0,0,0,0,0,0,0,62,0,20,1
l16,5=0,0,0,0,0,0,14,0,33,23,0,46,47,51,74,48,0,89,18,21,19,48,66,0,61,44,0,0,0,0,0,13,0,20,24,51,42,12,23,14
l17,5=0,0,0,0,0,0,0,0,45,35,21,53,82,77,75,66,85,0,0,16,25,0,4,17,72,50,0,0,0,0,0,0,0,0,0,43,67,9,0,5
l18,5=0,0,0,0,0,0,0,0,0,0,0,0,0,0,0,0,30,0,0,5,0,60,61,0,0,0,0,0,0,0,0,0,0,0,0,0,0,0,0,0
l19,5=0,0,0,0,0,0,0,0,0,0,0,0,0,17,0,0,55,7,0,0,79,65,77,0,0,0,39,0,52,27,0,0,0,0,0,56,37,8,0,34
l20,5=0,0,0,0,0,0,0,0,10,17,0,0,17,26,38,8,50,50,0,77,0,68,78,0,0,0,0,0,8,0,0,0,33,0,0,0,53,41,70,13
l21,5=0,0,0,0,0,0,0,0,31,0,0,17,0,14,0,45,53,0,37,53,80,0,67,0,18,0,0,0,0,0,0,0,0,0,0,59,61,14,43,32
l22,5=0,0,0,0,0,0,0,0,32,29,0,0,0,38,14,46,64,0,33,81,79,62,0,0,0,0,39,0,0,0,0,0,0,0,0,59,76,22,41,12
l23,5=0,0,0,0,0,0,0,0,44,0,0,53,60,57,63,48,0,0,0,0,0,0,0,0,90,80,0,0,0,0,0,0,0,72,72,0,0,0,0,0
l24,5=0,0,0,0,0,0,0,0,36,19,0,34,76,4,85,57,68,77,0,0,0,11,0,81,0,78,0,0,0,0,0,0,0,40,10,0,6,0,0,0
l25,5=0,0,0,0,0,0,0,0,4,0,0,22,63,43,63,44,64,62,0,0,0,0,0,76,77,0,0,0,0,28,0,0,69,76,65,0,0,0,0,0
l26,5=0,0,0,0,0,0,0,0,0,0,0,0,0,0,0,0,0,0,0,54,0,0,56,0,0,0,0,66,95,89,81,80,79,63,67,0,0,0,0,0
l27,5=0,0,0,0,0,0,0,0,0,0,0,0,0,0,0,0,0,0,0,0,0,0,0,0,0,0,75,0,89,81,90,68,71,0,0,0,0,0,0,0
l28,5=0,0,0,0,0,0,0,0,0,0,0,0,0,0,0,0,0,0,0,57,51,0,0,0,0,0,84,88,0,93,89,67,79,77,73,0,0,0,0,0
l29,5=0,0,0,0,0,0,0,0,0,0,0,0,0,0,0,0,0,0,0,47,0,0,0,0,0,41,83,86,95,0,89,53,67,65,61,0,0,0,0,0
l30,5=0,0,0,0,0,0,0,0,0,0,0,0,0,0,0,0,0,0,0,0,0,0,0,0,0,0,81,88,95,89,0,64,0,66,0,0,0,0,0,0
l31,5=0,0,0,0,0,0,0,0,0,0,0,0,0,0,1,0,36,0,0,2,0,0,0,19,0,0,75,54,64,39,60,0,85,75,79,0,0,0,0,0
l32,5=0,0,0,0,0,0,0,0,0,0,0,0,31,0,0,0,0,0,0,0,47,0,0,0,0,72,78,60,72,59,33,84,0,80,90,0,0,0,0,0
l33,5=0,0,0,0,0,0,0,0,0,0,0,0,27,0,61,0,53,0,0,0,0,0,0,66,66,71,69,0,72,38,61,66,69,0,76,0,0,0,0,0
l34,5=0,0,0,0,0,0,0,0,0,0,0,0,36,0,52,0,52,0,0,0,44,0,0,64,48,64,72,0,70,54,0,79,87,85,0,0,0,0,0,0
l35,5=0,0,0,0,0,0,0,0,0,0,0,0,11,12,0,0,33,23,0,14,0,40,54,0,0,0,0,0,0,0,0,0,0,0,0,0,57,23,17,14
l36,5=0,0,0,0,0,0,0,0,0,0,0,26,23,11,0,39,29,47,0,17,16,40,67,0,0,0,0,0,0,0,0,0,0,0,0,57,0,25,18,26
l37,5=0,0,0,0,0,0,0,0,0,0,0,4,0,0,0,0,14,0,0,1,27,17,62,0,0,0,0,0,0,0,0,0,0,0,0,64,59,0,30,8
l38,5=0,0,0,0,0,0,0,0,0,17,0,31,31,0,41,49,62,0,0,0,46,53,67,0,0,0,0,0,0,0,0,0,0,0,0,64,73,25,0,27
l39,5=0,0,0,0,0,0,0,0,0,0,0,0,0,0,0,0,40,0,0,20,17,47,53,0,0,0,0,0,0,0,0,0,0,0,0,59,77,19,19,0

l0,6=0,90,82,86,91,83,80,23,56,15,62,0,0,0,0,0,0,0,0,0,0,0,0,0,0,0,0,0,0,0,0,0,0,0,0,0,0,0,0,0
l1,6=85,0,90,87,91,73,81,16,50,52,56,0,0,0,0,0,0,0,0,0,0,0,0,5,0,0,0,0,0,0,0,0,0,0,0,0,0,0,0,0
l2,6=85,86,0,86,88,80,79,61,0,57,70,0,0,0,0,0,0,0,0,0,0,0,0,0,0,0,0,0,0,0,0,0,0,0,0,0,0,0,0,0
l3,6=79,90,89,0,91,73,69,0,0,45,38,0,0,0,0,0,0,0,0,0,0,0,0,0,0,0,0,0,0,0,0,0,0,0,0,0,0,0,0,0
l4,6=90,90,89,91,0,80,79,3,49,30,52,0,0,46,0,0,0,0,0,0,0,0,0,0,0,0,0,0,0,0,0,0,0,0,0,0,0,0,0,0
l5,6=80,83,84,80,80,0,77,73,57,52,65,0,0,0,0,0,0,0,0,0,0,0,0,1,0,0,0,0,0,0,0,0,0,0,0,0,0,0,0,0
l6,6=59,83,66,60,64,53,0,72,56,53,65,41,6,8,0,0,47,0,0,0,0,0,1,0,0,0,0,0,0,0,0,0,0,0,0,0,0,0,0,0
l7,6=35,19,68,0,28,71,78,0,61,52,66,33,0,0,0,64,0,0,0,0,0,0,0,0,0,0,0,0,0,0,0,0,0,0,0,0,0,0,0,0
l8,6=32,29,0,0,54,40,38,53,0,56,65,43,15,73,32,37,41,36,0,0,33,27,42,36,32,0,0,0,0,0,0,0,0,0,0,0,0,0,0,0
l9,6=4,56,62,50,36,67,71,65,67,0,65,36,36,66,31,42,28,34,0,0,31,0,34,0,0,0,0,0,0,0,0,0,0,0,0,0,0,0,12,0
l10,6=54,34,54,33,57,53,73,76,63,62,0,41,0,28,0,37,36,0,0,0,0,0,0,0,0,0,0,0,0,0,0,0,0,0,0,0,0,0,0,0
l11,6=0,0,0,0,0,0,26,24,39,34,37,0,28,27,42,78,40,33,0,0,0,0,0,0,36,3,0,0,0,0,0,0,0,0,0,0,16,18,40,0
l12,6=0,0,0,0,0,0,0,0,9,27,0,46,0,20,60,65,51,38,0,0,33,9,0,56,66,61,0,0,0,0,0,0,0,31,21,0,0,0,14,0
l13,6=0,0,0,0,39,0,0,0,65,55,32,37,19,0,46,71,29,38,0,26,39,0,33,31,37,9,0,0,0,0,0,0,0,0,0,12,23,0,33,0
l14,6=0,0,0,0,0,0,0,0,20,27,0,34,66,22,0,33,34,33,0,0,34,0,28,49,48,29,0,0,0,0,0,0,0,36,23,0,0,0,15,0
l15,6=0,0,0,0,0,0,0,26,28,41,34,64,61,40,40,0,39,40,0,0,35,28,33,49,49,19,0,0,0,0,0,0,0,0,0,0,28,0,40,0
l16,6=0,0,0,0,0,0,15,0,11,25,30,33,28,7,34,36,0,37,13,35,32,20,44,20,39,5,0,0,0,0,0,21,0,0,19,13,31,0,41,13
l17,6=0,0,0,0,0,0,0,0,29,27,0,41,35,26,44,45,51,0,0,0,47,16,0,9,46,13,0,0,0,0,0,0,0,30,0,8,25,7,38,0
l18,6=0,0,0,0,0,0,0,0,0,0,0,0,0,0,0,0,28,0,0,35,0,0,0,0,0,0,0,0,0,0,0,0,0,0,0,0,0,0,0,0
l19,6=0,0,0,0,0,0,0,0,0,0,0,0,0,27,0,0,32,0,38,0,61,36,56,0,0,0,38,0,36,8,0,39,0,0,0,37,44,0,22,45
l20,6=0,0,0,0,0,0,0,0,18,20,0,0,12,16,31,32,27,38,0,61,0,42,63,0,0,0,0,0,0,0,0,4,0,6,0,23,44,29,54,27
l21,6=0,0,0,0,0,0,0,0,22,0,0,0,13,0,0,33,35,27,0,43,64,0,57,0,0,0,0,0,0,0,0,0,0,0,0,64,58,31,50,51
l22,6=0,0,0,0,0,0,0,0,25,27,0,0,0,18,32,32,34,0,0,58,64,42,0,0,0,0,25,0,0,0,0,0,0,0,0,28,61,35,48,45
l23,6=0,0,0,2,0,0,0,0,27,0,0,0,53,16,56,38,26,0,0,0,0,0,0,0,72,58,0,0,0,0,0,28,0,38,49,0,0,0,0,0
l24,6=0,0,0,0,0,0,0,0,29,0,0,35,73,33,48,41,41,49,0,0,0,0,0,68,0,44,0,0,0,0,0,0,0,36,24,0,0,0,0,0
l25,6=0,0,0,0,0,0,0,0,11,0,0,10,70,14,59,28,25,23,0,0,0,0,0,55,55,0,0,0,0,1,0,0,24,42,0,0,0,0,0,0
l26,6=0,0,0,0,0,0,0,0,0,0,0,0,0,0,0,0,0,0,0,39,0,0,35,0,0,0,0,50,89,78,80,71,69,36,46,0,0,0,0,0
l27,6=0,0,0,0,0,0,0,0,0,0,0,0,0,0,0,0,0,0,0,0,0,0,0,0,0,0,59,0,85,78,89,54,31,0,0,0,0,0,0,0
l28,6=0,0,0,0,0,0,0,0,0,0,0,0,0,0,0,0,0,0,0,38,13,0,0,0,0,0,68,85,0,82,88,69,36,65,52,0,0,0,0,0
l29,6=0,0,0,0,0,0,0,0,0,0,0,0,0,0,0,0,0,0,0,14,0,0,0,0,0,0,63,82,89,0,49,46,29,38,39,0,0,0,0,0
l30,6=0,0,0,0,0,0,0,0,0,0,0,0,0,0,0,0,0,0,0,0,0,0,0,0,0,0,63,86,85,50,0,49,0,0,40,0,0,0,0,0
l31,6=0,0,0,0,0,0,0,0,0,0,0,0,0,0,0,0,17,0,0,32,27,0,0,28,0,0,61,30,49,38,42,0,71,72,74,0,0,0,0,0
l32,6=0,0,0,0,0,0,0,0,0,0,0,0,0,0,0,0,0,0,0,0,27,0,0,1,0,24,49,29,47,43,0,73,0,71,80,0,0,0,0,0
l33,6=0,0,0,0,0,0,0,0,0,0,0,0,60,0,51,0,2,38,0,0,31,0,0,40,50,42,38,0,48,47,32,66,65,0,65,0,0,0,0,0
l34,6=0,0,0,0,0,0,0,0,0,0,0,0,33,0,31,0,29,0,0,0,2,0,0,37,35,0,33,0,34,38,37,62,80,65,0,0,0,0,0,0
l35,6=0,0,0,0,0,0,0,0,0,0,0,0,0,2,0,0,24,0,0,31,36,32,45,0,0,0,0,0,0,0,0,0,0,0,0,0,39,44,48,31
l36,6=0,0,0,0,0,0,0,0,0,0,0,0,0,3,0,13,30,21,0,23,41,29,54,0,0,0,0,0,0,0,0,0,0,0,0,34,0,46,55,34
l37,6=0,0,0,0,0,0,0,0,0,0,0,7,0,0,0,0,0,0,0,0,33,17,47,0,0,0,0,0,0,0,0,0,0,0,0,38,67,0,47,26
l38,6=0,0,0,0,0,0,0,0,0,3,0,29,3,12,1,37,34,26,0,4,48,32,51,0,0,0,0,0,0,0,0,0,0,0,0,31,41,40,0,29
l39,6=0,0,0,0,0,0,0,0,0,0,0,0,0,0,0,0,27,0,0,40,43,32,48,0,0,0,0,0,0,0,0,0,0,0,0,56,68,46,51,0

l0,7=0,94,85,89,95,93,69,0,80,77,76,0,0,0,0,0,0,0,0,0,0,0,0,26,0,0,0,0,0,0,0,0,0,0,0,0,0,0,0,0
l1,7=92,0,97,91,94,91,74,72,58,81,69,0,0,0,0,0,0,0,0,0,0,0,0,0,0,0,0,0,0,0,0,0,0,0,0,0,0,0,0,0
l2,7=92,91,0,90,94,91,74,65,42,85,0,0,0,0,0,3,0,0,0,0,0,0,0,0,0,0,0,0,0,0,0,0,0,0,0,0,0,0,0,0
l3,7=92,91,91,0,97,86,66,49,78,71,72,0,0,0,0,0,0,0,0,0,0,0,0,0,0,0,0,0,0,0,0,0,0,0,0,0,0,0,0,0
l4,7=92,91,91,95,0,91,74,35,86,40,81,0,0,67,0,2,0,0,0,0,0,0,0,0,7,0,0,0,0,0,0,0,0,0,0,0,0,0,0,0
l5,7=92,91,90,78,95,0,74,79,82,85,80,0,0,1,0,3,0,0,0,0,0,0,0,0,0,0,0,0,0,0,0,0,0,0,0,0,0,0,0,0
l6,7=51,93,91,61,95,91,0,80,0,86,81,55,0,33,0,0,26,0,0,0,0,0,0,0,0,0,0,0,0,0,0,0,0,0,0,0,0,0,0,0
l7,7=0,61,70,59,68,91,74,0,75,86,82,30,6,39,0,66,0,8,0,0,0,0,0,0,0,0,0,0,0,0,0,0,0,0,0,0,0,0,0,0
l8,7=22,31,55,39,69,70,0,30,0,86,82,76,14,82,35,72,55,33,0,0,0,30,28,0,1,0,0,0,0,0,0,0,0,0,0,0,0,0,2,0
l9,7=20,34,67,27,33,73,69,78,88,0,85,70,10,76,25,72,0,19,0,0,38,5,16,0,1,14,0,0,0,0,0,0,0,0,0,0,0,0,35,0
l10,7=43,38,0,41,75,85,69,80,87,86,0,70,0,9,0,65,58,5,0,0,0,0,0,0,0,0,0,0,0,0,0,0,0,0,0,0,0,0,0,0
l11,7=0,0,0,0,0,0,32,3,23,31,49,0,53,24,31,82,59,24,0,0,0,0,19,19,22,0,0,0,0,0,0,0,0,0,0,18,2,0,49,10
l12,7=0,0,0,0,0,0,0,0,7,20,0,74,0,6,42,71,67,34,0,1,35,14,0,27,67,63,0,0,0,0,0,0,0,36,25,0,0,0,27,0
l13,7=0,0,0,0,38,0,32,21,83,56,11,71,9,0,35,71,54,35,0,0,36,0,0,21,27,33,0,0,0,0,0,0,0,0,0,23,19,0,28,0
l14,7=0,0,0,0,0,0,0,0,14,21,0,49,54,21,0,54,55,47,0,0,39,39,21,56,32,44,0,0,0,0,0,0,0,35,0,0,0,0,26,0
l15,7=0,0,0,0,16,1,0,18,21,42,48,86,41,39,36,0,45,29,0,3,46,49,21,25,22,30,0,0,0,0,0,0,0,0,0,0,24,2,53,0
l16,7=0,0,0,0,0,0,24,0,7,1,37,55,18,16,34,47,0,28,14,8,43,45,30,21,26,28,0,0,0,0,0,4,7,23,0,31,47,23,35,0
l17,7=0,0,0,0,0,0,0,0,16,23,11,52,16,24,39,56,62,0,0,0,43,14,17,20,33,0,0,0,0,0,0,0,0,35,0,2,41,0,40,0
l18,7=0,0,0,0,0,0,0,0,0,0,0,0,0,0,0,0,44,0,0,41,44,40,0,0,0,0,0,0,0,0,0,0,0,0,0,0,0,0,0,0
l19,7=0,0,0,0,0,0,0,0,0,0,0,0,8,0,0,20,46,0,13,0,68,54,60,0,0,0,27,0,24,1,0,16,0,0,0,11,54,0,11,45
l20,7=0,0,0,0,0,0,0,0,0,17,0,0,10,12,23,41,47,22,6,71,0,70,69,0,0,0,23,0,9,0,0,8,0,8,0,44,65,40,60,53
l21,7=0,0,0,0,0,0,0,0,18,28,0,0,21,2,32,45,46,25,18,37,75,0,59,0,0,0,0,0,0,0,0,0,5,0,30,42,60,47,54,51
l22,7=0,0,0,0,0,0,0,0,10,19,0,35,0,0,21,38,47,10,0,71,77,69,0,0,0,0,40,0,0,34,0,8,0,0,0,12,64,38,57,50
l23,7=5,0,0,0,0,0,0,0,0,0,0,39,38,17,72,62,51,22,0,0,0,0,0,0,73,62,0,0,0,0,0,0,3,38,47,0,0,0,0,0
l24,7=0,0,0,0,21,0,0,0,0,5,0,51,68,20,32,47,55,42,0,0,0,0,0,67,0,48,0,0,0,0,0,0,0,39,32,0,0,0,0,0
l25,7=0,0,0,0,9,0,0,0,0,22,0,0,62,37,61,50,47,0,0,0,0,0,0,67,60,0,0,0,0,29,0,4,20,43,0,0,0,0,23,0
l26,7=0,0,0,0,0,0,0,0,0,0,0,0,0,0,0,0,0,0,0,34,29,0,43,0,0,0,0,82,86,75,83,64,77,50,61,0,0,0,0,0
l27,7=0,0,0,0,0,0,0,0,0,0,0,0,0,0,0,0,0,0,0,0,0,0,0,0,0,0,84,0,79,75,84,37,51,0,0,0,0,0,0,0
l28,7=0,0,0,0,0,0,0,0,0,0,0,0,0,0,0,0,0,0,0,39,30,0,22,0,0,0,93,88,0,79,85,59,42,73,44,0,0,0,0,0
l29,7=0,0,0,0,0,0,0,0,0,0,0,0,0,0,0,0,0,0,0,1,0,0,40,0,0,17,88,84,87,0,84,42,48,44,29,0,0,0,0,0
l30,7=0,0,0,0,0,0,0,0,0,0,0,0,0,0,0,0,0,0,0,0,0,0,0,0,0,0,82,84,79,75,0,50,46,29,40,0,0,0,0,0
l31,7=0,0,0,0,0,0,0,0,0,0,0,0,0,0,1,0,39,0,0,41,28,0,22,0,0,0,81,24,54,44,47,0,77,76,74,0,0,0,0,0
l32,7=0,0,0,0,0,0,0,0,0,0,0,0,3,0,0,0,42,0,0,0,0,4,0,20,0,37,77,47,44,59,44,61,0,79,82,0,0,0,0,0
l33,7=0,0,0,0,0,0,0,0,0,0,0,0,48,0,54,0,42,44,0,0,26,0,0,51,49,43,60,0,62,55,43,61,78,0,59,0,0,0,0,0
l34,7=0,0,0,0,0,0,0,0,0,0,0,0,38,0,0,0,1,0,0,0,0,35,19,53,44,0,65,5,46,34,46,57,85,65,0,0,0,0,0,0
l35,7=0,0,0,0,0,0,0,0,0,0,0,1,0,4,0,0,45,0,0,0,51,51,4,0,0,0,0,0,0,0,0,0,0,0,0,0,63,59,57,50
l36,7=0,0,0,0,0,0,0,0,0,0,0,0,0,4,0,3,47,11,0,14,56,51,51,0,0,0,0,0,0,0,0,0,0,0,0,47,0,60,60,56
l37,7=0,0,0,0,0,0,0,0,0,0,0,0,0,0,0,0,17,0,0,0,45,49,22,0,0,0,0,0,0,0,0,0,0,0,0,51,67,0,52,14
l38,7=0,0,0,0,0,0,0,0,0,14,0,49,9,12,20,46,47,24,0,0,53,53,37,0,0,0,0,0,0,0,0,0,0,0,0,44,66,52,0,43
l39,7=0,0,0,0,0,0,0,0,0,0,0,0,0,0,0,0,0,0,0,16,52,55,47,0,0,0,0,0,0,0,0,0,0,0,0,43,71,4,52,0

l0,8=0,86,97,97,97,92,87,75,52,93,97,0,0,66,0,0,0,0,0,0,0,0,0,21,0,0,0,0,0,0,0,0,0,0,0,0,0,0,0,0
l1,8=96,0,97,97,97,92,83,92,77,79,97,0,0,0,0,0,0,0,0,0,0,0,0,0,0,0,0,0,0,0,0,0,0,0,0,0,0,0,0,0
l2,8=97,86,0,97,92,95,87,95,0,85,94,0,0,33,0,70,0,0,0,0,0,0,0,0,0,0,0,0,0,0,0,0,0,0,0,0,0,0,0,0
l3,8=96,86,97,0,97,89,82,83,0,0,87,0,0,0,0,0,0,0,0,0,0,0,0,0,0,0,0,0,0,0,0,0,0,0,0,0,0,0,0,0
l4,8=96,86,86,98,0,90,87,82,79,82,95,0,0,85,0,0,0,0,0,0,0,0,0,0,42,0,0,0,0,0,0,0,0,0,0,0,0,0,0,0
l5,8=97,86,97,92,97,0,87,92,79,87,97,60,29,1,0,0,0,0,0,0,0,0,0,0,0,0,0,0,0,0,0,0,0,0,0,0,0,0,0,0
l6,8=87,77,93,82,92,85,0,94,68,91,93,13,0,44,0,0,72,0,0,0,0,0,0,0,0,0,0,0,0,0,0,0,0,0,0,0,0,0,0,0
l7,8=80,81,93,89,89,88,84,0,95,99,100,30,0,94,0,0,39,49,0,0,0,0,0,0,0,0,0,0,0,0,0,0,0,0,0,0,0,0,0,0
l8,8=19,78,0,19,87,52,37,80,0,99,96,92,0,96,48,83,0,83,0,41,0,0,78,0,1,0,0,0,0,0,0,0,0,0,0,0,0,0,0,0
l9,8=85,0,36,0,72,50,84,94,96,0,100,92,64,94,24,85,86,66,0,0,0,12,2,45,51,0,0,0,0,0,0,0,0,0,0,0,0,0,51,0
l10,8=89,81,90,85,89,88,84,94,95,99,0,87,0,93,0,88,6,0,0,0,0,0,0,0,0,0,0,0,0,0,0,0,0,0,0,0,0,0,0,0
l11,8=0,0,0,0,0,12,3,0,90,91,83,0,99,33,53,96,89,83,0,0,31,50,22,44,55,47,0,0,0,0,0,0,0,0,0,39,32,0,48,0
l12,8=0,0,0,0,0,0,0,0,0,18,0,99,0,11,55,88,98,72,0,0,34,23,0,56,97,71,0,0,0,0,0,0,0,45,25,8,10,0,36,0
l13,8=29,0,0,1,65,0,13,79,98,98,93,55,52,0,52,85,68,46,0,0,29,58,0,48,55,57,0,0,0,0,0,0,0,0,0,33,0,0,51,0
l14,8=0,0,0,0,0,0,0,0,54,37,0,80,99,51,0,87,78,94,0,0,53,58,43,88,93,64,0,0,0,0,0,0,0,0,0,0,24,0,32,0
l15,8=0,0,4,0,0,0,0,0,81,84,85,99,87,50,51,0,80,77,0,0,50,64,65,47,46,27,0,0,0,0,0,0,0,0,0,0,24,0,52,0
l16,8=0,0,0,0,0,0,6,0,0,49,0,97,87,28,44,63,0,62,22,41,58,64,87,33,61,33,0,0,0,0,0,30,0,2,30,46,32,14,44,62
l17,8=0,0,0,0,0,0,0,14,46,33,0,97,87,29,55,86,92,0,0,9,55,19,58,16,49,0,0,0,0,0,0,0,0,40,0,18,10,0,47,41
l18,8=0,0,0,0,0,0,0,0,0,0,0,0,0,0,0,0,79,0,0,73,70,62,0,0,0,0,0,0,0,0,0,0,0,0,0,0,0,0,5,0
l19,8=0,0,0,0,0,0,0,0,38,0,0,0,0,0,0,0,76,4,32,0,83,70,82,0,0,0,27,0,40,0,0,75,0,0,0,0,69,0,0,76
l20,8=0,0,0,0,0,0,0,0,0,0,0,7,57,6,32,56,63,43,29,94,0,89,92,0,0,0,48,0,27,0,0,63,0,0,0,59,65,43,71,64
l21,8=0,0,0,0,0,0,0,0,0,36,0,53,44,33,36,58,68,10,24,41,85,0,89,0,0,0,0,0,0,0,0,33,0,1,0,60,45,43,73,72
l22,8=0,0,0,0,0,0,0,0,53,16,0,19,0,0,27,55,81,42,0,87,85,82,0,0,0,0,0,0,0,28,0,64,0,0,0,60,75,39,71,61
l23,8=0,0,0,0,0,0,0,0,0,69,0,75,91,51,74,73,66,61,0,0,0,0,0,0,97,94,0,0,0,0,0,0,66,70,83,0,0,0,0,0
l24,8=0,0,0,1,7,0,0,0,0,62,0,78,99,52,94,67,91,68,0,0,0,0,0,93,0,92,0,0,0,0,0,28,0,8,51,0,0,0,0,0
l25,8=0,0,0,0,0,0,0,0,0,0,0,76,99,49,75,62,65,0,0,0,0,0,0,93,92,0,0,0,0,46,0,47,69,76,71,0,0,0,1,0
l26,8=0,0,0,0,0,0,0,0,0,0,0,0,0,0,0,0,0,0,0,56,61,0,0,0,0,0,0,90,94,95,84,92,87,75,83,0,0,0,0,0
l27,8=0,0,0,0,0,0,0,0,0,0,0,0,0,0,0,0,0,0,0,0,0,0,0,0,0,0,91,0,94,95,93,0,80,0,75,0,0,0,0,0
l28,8=0,0,0,0,0,0,0,0,0,0,0,0,0,0,0,0,0,0,0,76,60,0,0,0,0,0,92,93,0,95,93,91,69,80,75,0,0,0,0,0
l29,8=0,0,0,0,0,0,0,0,0,0,0,0,0,0,0,0,0,0,0,0,0,0,58,0,0,61,91,93,94,0,93,92,65,65,69,0,0,0,0,0
l30,8=0,0,0,0,0,0,0,0,0,0,0,0,0,0,0,0,0,0,0,0,0,0,0,0,0,0,82,93,94,95,0,77,84,63,0,0,0,0,0,0
l31,8=0,0,0,0,0,0,0,0,0,0,0,0,0,0,0,0,32,0,0,71,46,6,62,0,49,27,92,0,86,87,67,0,87,88,87,0,0,0,0,0
l32,8=0,0,0,0,0,0,0,0,0,0,0,0,0,0,0,0,0,0,0,0,0,0,0,72,0,74,88,75,72,77,78,94,0,90,92,0,0,0,0,0
l33,8=0,0,0,0,0,0,0,0,0,0,0,0,72,0,0,0,3,67,0,0,0,0,0,74,49,79,77,0,78,79,77,94,91,0,79,0,0,0,0,0
l34,8=0,0,0,0,0,0,0,0,0,0,0,0,64,0,0,0,65,0,0,0,0,0,0,77,46,73,76,71,76,79,0,92,93,80,0,0,0,0,0,0
l35,8=0,0,0,0,0,0,0,0,0,0,0,42,32,11,0,0,52,0,0,0,32,38,36,0,0,0,0,0,0,0,0,0,0,0,0,0,70,59,62,74
l36,8=0,0,0,0,0,0,0,0,0,0,0,50,39,0,9,38,52,12,0,25,52,40,52,0,0,0,0,0,0,0,0,0,0,0,0,72,0,32,52,70
l37,8=0,0,0,0,0,0,0,0,0,0,0,0,0,0,0,0,27,0,0,0,35,42,33,0,0,0,0,0,0,0,0,0,0,0,0,64,36,0,40,60
l38,8=0,0,0,0,0,0,0,0,0,40,0,49,51,27,5,57,62,41,0,0,58,62,56,0,0,0,0,0,0,0,0,0,0,0,0,72,51,42,0,50
l39,8=0,0,0,0,0,0,0,0,0,0,0,0,0,0,0,0,65,4,0,67,65,61,36,0,0,0,0,0,0,0,0,0,0,0,0,68,69,30,47,0

l0,9=0,100,100,98,96,96,97,89,0,93,94,0,0,0,0,0,0,0,0,0,0,0,0,0,0,0,0,0,0,0,0,0,0,0,0,0,0,0,0,0
l1,9=99,0,100,96,96,97,98,93,95,98,97,0,0,0,0,0,0,0,0,0,0,0,0,9,0,0,0,0,0,0,0,0,0,0,0,0,0,0,0,0
l2,9=99,100,0,98,96,100,100,88,0,91,77,0,15,0,0,3,0,0,0,0,0,0,0,0,0,0,0,0,0,0,0,0,0,0,0,0,0,0,0,0
l3,9=98,93,99,0,96,94,93,87,0,82,88,0,0,0,0,0,0,0,0,0,0,0,0,0,0,0,0,0,0,0,0,0,0,0,0,0,0,0,0,0
l4,9=99,100,99,98,0,96,95,92,95,89,97,0,0,0,47,0,0,0,0,0,0,0,0,0,0,0,0,0,0,0,0,0,0,0,0,0,0,0,0,0
l5,9=98,100,100,98,96,0,100,57,100,96,98,0,0,79,0,0,0,0,0,0,0,0,0,0,0,0,0,0,0,0,0,0,0,0,0,0,0,0,0,0
l6,9=56,68,100,90,83,97,0,100,90,99,99,0,0,87,0,0,61,0,0,0,0,0,0,0,0,0,0,0,0,0,0,0,0,0,0,0,0,0,0,0
l7,9=93,95,58,95,97,82,100,0,100,99,100,23,11,98,0,53,1,0,0,0,0,0,0,0,0,0,0,0,0,0,0,0,0,0,0,0,0,0,0,0
l8,9=0,35,0,2,93,97,98,98,0,99,79,64,0,96,0,67,91,95,0,47,0,0,85,0,0,0,0,0,0,0,0,0,0,0,0,0,0,0,0,0
l9,9=97,64,41,78,85,96,99,100,100,0,100,99,25,98,96,99,91,0,0,0,0,0,0,65,0,0,0,0,0,0,0,0,0,0,0,0,0,0,0,0
l10,9=92,99,97,91,95,99,100,100,100,99,0,18,59,95,1,99,72,89,0,0,0,0,0,42,0,0,0,0,0,0,0,0,0,0,0,0,0,0,0,0
l11,9=0,0,0,0,1,0,0,46,91,90,50,0,86,92,95,100,90,95,0,0,33,84,35,68,33,33,0,0,0,0,0,0,0,0,0,32,69,12,84,0
l12,9=0,0,0,0,0,0,0,0,0,24,4,58,0,89,99,98,96,99,0,0,33,28,11,74,37,98,0,0,0,0,0,0,0,0,9,0,63,0,91,0
l13,9=0,0,0,3,0,75,91,95,99,99,69,98,36,0,92,99,89,36,0,42,31,91,0,67,33,33,0,0,0,0,0,0,0,0,0,0,59,0,89,0
l14,9=0,0,0,0,41,0,0,0,0,97,0,38,98,91,0,71,95,100,0,0,35,89,88,100,100,21,0,0,0,0,0,0,0,0,0,0,67,0,15,0
l15,9=0,0,0,1,0,0,0,16,81,90,69,99,57,93,99,0,95,97,0,0,5,90,75,64,37,0,0,0,0,0,0,0,0,0,0,0,68,18,91,0
l16,9=0,0,0,0,0,0,37,0,77,87,39,36,36,86,92,65,0,89,59,56,33,86,84,63,33,31,0,0,0,0,0,0,0,67,32,0,56,70,92,49
l17,9=0,0,0,0,0,0,0,0,86,0,53,37,38,44,100,72,97,0,0,54,30,75,84,0,1,24,0,0,0,0,0,0,0,85,0,0,22,0,82,56
l18,9=0,0,0,0,0,0,0,0,0,0,0,0,0,0,0,0,85,0,0,0,75,86,69,0,0,0,0,0,0,0,0,0,0,0,0,0,1,0,0,0
l19,9=0,0,0,0,0,0,0,0,37,0,0,0,0,49,0,0,84,65,0,0,85,91,84,0,0,0,75,0,39,0,0,48,0,0,0,0,54,54,72,79
l20,9=0,0,0,0,0,0,0,0,0,0,0,28,29,51,77,0,81,51,57,96,0,97,91,0,0,0,62,0,0,0,0,6,0,0,3,38,67,69,90,55
l21,9=0,0,0,0,0,0,0,0,0,0,0,28,24,73,78,57,77,46,58,56,93,0,91,0,2,0,0,0,0,0,0,0,0,55,0,39,61,58,92,58
l22,9=0,0,0,0,0,0,0,0,74,6,0,2,35,0,73,72,79,74,4,89,93,92,0,0,0,0,62,0,0,34,0,54,0,0,0,77,87,67,92,52
l23,9=0,0,0,0,0,0,0,0,0,83,1,36,98,91,100,66,95,0,0,0,0,0,0,0,100,100,0,0,0,0,0,0,93,98,35,0,0,0,0,0
l24,9=0,0,0,0,0,0,0,0,0,0,0,36,98,94,100,69,97,0,0,0,0,0,0,100,0,65,0,0,0,0,0,0,0,96,29,0,66,0,0,0
l25,9=0,0,0,0,0,0,0,0,0,0,0,34,98,89,46,0,92,72,0,0,0,0,0,100,100,0,0,0,0,17,0,0,88,99,31,0,0,0,75,0
l26,9=0,0,0,0,0,0,0,0,0,0,0,0,0,0,0,0,0,0,0,85,73,0,71,0,0,0,0,79,100,100,100,97,99,90,93,0,0,0,0,0
l27,9=0,0,0,0,0,0,0,0,0,0,0,0,0,0,0,0,0,0,0,0,0,0,0,0,0,0,97,0,100,100,100,94,93,0,0,0,0,0,0,0
l28,9=0,0,0,0,0,0,0,0,0,0,0,0,0,0,0,0,0,0,0,84,0,0,0,0,0,0,97,99,0,100,100,84,0,89,19,0,0,0,0,0
l29,9=0,0,0,0,0,0,0,0,0,0,0,0,0,0,0,0,0,0,0,0,0,0,75,0,0,4,97,99,100,0,100,97,64,89,90,0,0,0,0,0
l30,9=0,0,0,0,0,0,0,0,0,0,0,0,0,0,0,0,0,0,0,0,0,0,0,0,0,0,97,99,100,100,0,97,98,60,89,0,0,0,0,0
l31,9=0,0,0,0,0,0,0,0,0,0,0,0,0,0,0,0,0,0,0,40,24,0,40,0,0,0,95,79,96,96,89,0,100,100,100,0,0,0,0,0
l32,9=0,0,0,0,0,0,0,0,0,0,0,0,0,0,0,0,0,0,0,0,0,0,0,78,1,53,97,44,0,17,98,98,0,100,100,0,0,0,0,0
l33,9=0,0,0,0,0,0,0,0,0,0,0,0,28,0,0,0,33,40,0,0,0,31,0,99,98,98,91,0,98,48,30,98,100,0,100,0,0,0,0,0
l34,9=0,0,0,0,0,0,0,0,0,0,0,0,22,0,5,0,90,0,0,0,16,0,0,97,25,28,96,0,2,84,53,98,100,100,0,0,0,0,0,0
l35,9=0,0,0,0,0,0,0,0,0,0,0,0,0,0,0,0,0,0,0,0,26,74,71,0,0,0,0,0,0,0,0,0,0,0,0,0,89,78,89,50
l36,9=0,0,0,0,0,0,0,0,0,0,0,24,19,16,46,50,36,0,0,33,32,56,77,0,10,0,0,0,0,0,0,0,0,0,0,51,0,78,88,56
l37,9=0,0,0,0,0,0,0,0,0,0,0,0,0,0,0,0,58,0,0,34,31,16,69,0,0,0,0,0,0,0,0,0,0,0,0,40,70,0,90,53
l38,9=0,0,0,0,0,0,0,0,0,0,0,23,29,72,0,57,80,9,0,33,33,85,83,0,0,0,0,0,0,0,0,0,0,0,0,41,68,77,0,54
l39,9=0,0,0,0,0,0,0,0,0,0,0,0,0,0,0,0,66,63,0,53,33,83,70,0,0,0,0,0,0,0,0,0,0,0,0,38,66,69,85,0

l0,10=0,94,92,86,92,75,0,73,0,81,69,0,0,0,0,0,0,0,0,0,0,0,0,0,0,0,0,0,0,0,0,0,0,0,0,0,0,0,0,0
l1,10=93,0,92,79,90,88,82,67,55,68,61,0,0,0,0,0,0,0,0,0,0,0,0,0,0,0,0,0,0,0,0,0,0,0,0,0,0,0,0,0
l2,10=93,90,0,83,89,88,79,75,46,86,80,0,2,0,0,0,0,0,0,0,0,0,0,0,0,0,0,0,0,0,0,0,0,0,0,0,0,0,0,0
l3,10=98,91,92,0,95,88,58,49,0,66,52,0,0,0,0,0,0,0,0,0,0,0,0,0,0,0,0,0,0,0,0,0,0,0,0,0,0,0,0,0
l4,10=93,85,89,85,0,88,58,76,70,64,86,0,0,0,43,0,0,0,0,0,0,0,0,0,0,0,0,0,0,0,0,0,0,0,0,0,0,0,0,0
l5,10=85,91,92,73,92,0,80,86,77,86,87,0,0,74,0,0,0,0,0,0,0,0,0,0,0,0,0,0,0,0,0,0,0,0,0,0,0,0,0,0
l6,10=0,83,85,61,79,84,0,86,78,86,81,0,0,64,0,11,4,0,0,0,0,0,0,0,0,0,0,0,0,0,0,0,0,0,0,0,0,0,0,0
l7,10=74,77,60,68,86,85,81,0,85,90,88,53,44,78,15,0,0,0,0,0,0,0,0,0,0,0,0,0,0,0,0,0,0,0,0,0,0,0,0,0
l8,10=0,35,0,25,71,67,67,78,0,96,69,77,61,83,5,76,6,34,0,48,0,0,57,68,10,0,0,0,0,0,0,0,0,0,0,0,0,0,0,0
l9,10=62,66,68,55,59,67,72,85,85,0,88,72,68,80,66,69,0,0,0,0,0,39,1,49,34,0,0,0,0,0,0,0,0,0,0,0,0,0,0,0
l10,10=67,63,54,59,76,69,67,86,63,88,0,57,0,72,0,72,0,48,0,0,0,0,0,13,0,0,0,0,0,0,0,0,0,0,0,0,0,0,0,0
l11,10=0,0,0,0,0,0,0,32,63,78,62,0,78,81,80,92,46,82,0,0,49,60,0,74,78,44,0,0,0,0,0,0,0,0,0,0,33,0,57,0
l12,10=0,0,0,0,0,0,0,0,49,65,0,86,0,74,95,91,91,95,0,0,65,65,0,97,99,98,0,0,0,0,0,0,0,1,0,0,0,0,67,0
l13,10=0,0,0,0,0,55,36,43,85,89,73,81,68,0,67,88,53,19,0,11,50,56,0,65,77,38,0,0,0,0,0,0,0,0,0,0,0,0,62,0
l14,10=0,0,0,0,46,0,0,0,4,73,0,85,93,73,0,80,65,91,0,0,29,0,59,83,96,54,0,0,0,0,0,0,0,74,0,0,43,0,66,0
l15,10=0,0,0,0,0,0,2,0,63,78,78,89,88,86,78,0,56,48,0,0,64,32,52,0,77,29,0,0,0,0,0,0,0,0,0,0,0,0,69,0
l16,10=0,0,0,0,0,0,0,0,7,0,0,52,78,62,65,65,0,45,5,56,65,64,58,60,93,0,0,0,0,0,0,0,0,1,44,0,20,60,76,50
l17,10=0,0,0,0,0,0,0,0,34,3,62,82,96,55,91,88,64,0,0,63,54,74,70,0,79,24,0,0,0,0,0,0,0,35,0,0,29,0,77,52
l18,10=0,0,0,0,0,0,0,0,0,0,0,0,0,0,0,0,51,0,0,80,75,76,0,0,0,0,0,0,0,0,0,0,0,0,0,0,0,0,0,0
l19,10=0,0,0,0,0,0,0,0,32,0,0,0,0,2,0,0,46,32,38,0,77,77,76,0,0,0,38,0,0,46,0,27,0,0,0,37,0,59,0,67
l20,10=0,0,0,0,0,0,0,0,0,0,0,30,54,48,0,49,54,29,37,88,0,91,86,0,0,0,0,0,0,0,0,0,0,0,0,44,44,67,74,66
l21,10=0,0,0,0,0,0,0,0,0,49,0,55,51,53,0,47,55,38,42,80,90,0,83,0,0,0,0,0,0,0,0,0,0,47,0,42,40,64,74,68
l22,10=0,0,0,0,0,0,0,0,53,12,0,0,0,0,53,51,72,44,0,81,90,80,0,0,0,0,41,0,0,43,0,49,0,0,0,73,72,69,76,72
l23,10=0,0,0,0,0,0,0,0,56,62,0,74,97,76,89,0,58,0,0,0,0,0,0,0,100,99,0,0,0,0,0,8,76,87,0,0,0,0,0,0
l24,10=0,0,0,0,0,0,0,0,0,46,0,81,97,82,95,85,92,48,0,0,1,0,0,99,0,59,0,0,0,0,0,0,0,78,31,0,0,0,28,0
l25,10=0,0,0,33,0,0,0,0,0,0,0,80,97,72,95,72,0,39,0,0,0,0,0,99,99,0,28,0,0,0,0,47,70,99,79,0,0,0,60,0
l26,10=0,0,0,0,0,0,0,0,0,0,0,0,0,0,0,0,0,0,0,62,0,0,57,0,0,36,0,76,97,96,99,98,98,62,79,0,0,0,0,0
l27,10=0,0,0,0,0,0,0,0,0,0,0,0,0,0,0,0,0,0,0,0,0,0,0,0,0,0,84,0,97,96,100,87,0,0,82,0,0,0,0,0
l28,10=0,0,0,0,0,0,0,0,0,0,0,0,0,0,0,0,0,0,0,29,0,0,0,0,0,0,90,95,0,96,100,90,69,79,70,0,0,0,0,0
l29,10=0,0,0,0,0,0,0,0,0,0,0,0,0,0,0,0,0,0,0,61,0,0,56,0,0,0,90,95,97,0,100,92,70,4,68,0,0,0,0,0
l30,10=0,0,0,0,0,0,0,0,0,0,0,0,0,0,0,0,0,0,0,0,0,0,0,0,0,0,90,95,97,96,0,89,83,64,82,0,0,0,0,0
l31,10=0,0,0,0,0,0,0,0,0,0,0,0,0,0,0,0,0,0,0,49,0,0,60,42,0,65,90,72,82,93,96,0,100,100,100,0,0,0,0,0
l32,10=0,0,0,0,0,0,0,0,0,0,0,0,0,0,0,0,0,0,0,0,24,0,0,75,3,49,90,0,61,73,80,99,0,100,100,0,0,0,0,0
l33,10=0,0,0,0,0,0,0,0,0,0,0,0,46,0,81,0,0,9,0,0,0,53,0,97,97,99,85,0,95,31,86,99,100,0,100,0,0,0,0,0
l34,10=0,0,0,0,0,0,0,0,0,0,0,0,10,0,0,0,82,0,0,0,0,0,0,12,66,85,90,81,70,78,81,99,100,100,0,0,0,0,0,0
l35,10=0,0,0,0,0,0,0,0,0,0,0,0,1,0,0,0,0,0,0,41,54,62,61,0,0,0,0,0,0,0,0,0,0,0,0,0,76,71,73,55
l36,10=0,0,0,0,0,0,0,0,0,0,0,43,0,0,61,0,29,5,0,0,69,53,66,0,0,0,0,0,0,0,0,0,0,0,0,55,0,80,78,67
l37,10=0,0,0,0,0,0,0,0,0,0,0,0,0,0,0,0,40,0,0,51,59,65,62,0,0,0,0,0,0,0,0,0,0,0,0,45,45,0,73,60
l38,10=0,0,0,0,0,0,0,0,0,0,0,32,45,55,38,55,58,26,0,0,74,73,74,0,2,12,0,0,0,0,0,0,0,0,0,49,51,71,0,71
l39,10=0,0,0,0,0,0,0,0,0,0,0,0,0,0,0,0,45,0,0,70,63,74,67,0,0,0,0,0,0,0,0,0,0,0,0,46,47,69,75,0

l0,11=0,89,83,93,91,80,39,62,27,55,0,0,0,0,0,0,0,0,0,0,0,0,0,0,0,0,0,0,0,0,0,0,0,0,0,0,0,0,0,0
l1,11=90,0,86,71,83,87,85,85,39,62,61,16,0,10,0,0,0,0,0,0,0,0,0,0,0,0,0,0,0,0,0,0,0,0,0,0,0,0,0,0
l2,11=86,85,0,92,86,89,56,77,53,63,55,0,0,0,0,0,0,0,0,0,0,0,0,0,0,0,0,0,0,0,0,0,0,0,0,0,0,0,0,0
l3,11=90,61,83,0,90,83,6,0,0,44,56,0,0,0,0,0,0,0,0,0,0,0,0,0,0,0,0,0,0,0,0,0,0,0,0,0,0,0,0,0
l4,11=87,67,78,93,0,77,81,62,0,49,63,0,0,0,26,0,0,0,0,0,0,0,0,27,0,0,0,0,0,0,0,0,0,0,0,0,0,0,0,0
l5,11=85,84,87,91,86,0,85,85,44,85,46,0,0,2,0,0,0,0,0,0,0,0,0,0,0,0,0,0,0,0,0,0,0,0,0,0,0,0,0,0
l6,11=14,81,31,50,86,85,0,85,77,84,58,30,0,67,0,42,33,0,0,0,0,0,0,0,0,0,0,0,0,0,0,0,0,0,0,0,0,0,0,0
l7,11=75,83,72,49,84,85,85,0,78,86,79,53,54,80,0,48,0,0,0,0,7,0,0,0,0,0,0,0,0,0,0,0,0,0,0,0,0,0,0,0
l8,11=19,30,49,0,0,17,49,70,0,90,38,47,70,82,22,76,2,57,0,49,0,0,0,21,16,0,0,0,0,0,0,0,0,0,0,0,0,0,0,0
l9,11=23,31,47,51,19,75,79,85,82,0,78,44,62,80,0,50,14,6,0,0,0,62,0,4,3,0,0,0,0,0,0,0,0,0,0,0,0,0,0,0
l10,11=0,57,47,62,71,30,71,86,68,89,0,67,0,68,0,70,0,18,0,0,0,0,0,0,0,0,0,0,0,0,0,0,0,0,0,0,0,0,0,0
l11,11=0,16,0,0,0,0,36,57,74,55,39,0,50,81,52,91,73,76,0,0,0,55,24,26,25,62,0,0,0,0,0,0,0,0,0,32,0,0,66,0
l12,11=0,0,0,0,0,0,0,34,71,49,0,53,0,46,84,57,86,96,0,0,63,63,24,27,99,98,0,0,0,0,0,0,0,0,0,0,0,0,76,0
l13,11=0,1,0,0,0,1,44,77,82,66,41,81,46,0,42,89,66,69,0,10,46,59,0,24,24,65,0,0,0,0,0,0,0,0,0,0,0,0,58,0
l14,11=0,0,0,0,17,0,0,0,3,0,0,84,91,32,0,33,83,81,0,0,4,23,20,87,0,87,0,0,0,0,0,0,0,41,30,33,24,0,61,0
l15,11=0,0,0,0,0,0,39,51,73,56,41,92,87,87,37,0,79,83,0,40,63,58,22,11,0,60,0,0,0,0,0,0,0,0,0,0,20,0,72,0
l16,11=0,0,0,0,0,0,16,0,0,30,0,45,49,30,54,50,0,86,57,0,79,74,29,20,31,47,0,0,0,0,0,0,9,16,33,0,26,20,86,55
l17,11=0,0,0,0,0,0,0,0,65,43,25,54,55,39,55,55,89,0,0,0,61,75,30,23,23,0,0,0,0,0,0,0,0,0,0,0,30,0,67,8
l18,11=0,0,0,0,0,0,0,0,0,0,0,0,0,0,0,0,67,0,0,75,71,71,31,0,0,0,0,0,0,0,0,0,0,0,0,1,0,0,0,0
l19,11=0,0,0,0,0,0,0,0,40,0,0,0,0,3,0,29,0,0,65,0,82,71,49,0,0,0,54,0,0,56,0,32,0,0,0,37,0,9,0,64
l20,11=0,0,0,0,0,0,0,0,0,0,0,0,31,20,0,37,79,48,58,83,0,92,81,0,0,0,42,0,1,0,0,0,0,0,0,48,34,17,75,74
l21,11=0,0,0,0,0,0,0,0,0,60,0,41,35,25,30,43,72,64,64,74,88,0,79,0,0,0,0,0,0,3,0,0,0,0,0,43,34,32,81,73
l22,11=0,0,0,0,0,0,0,0,0,0,0,29,29,0,21,27,63,52,0,64,86,86,0,0,0,0,53,0,0,22,0,26,0,0,0,66,64,15,76,68
l23,11=0,0,0,0,13,0,0,0,40,17,0,53,92,38,73,9,63,60,0,0,0,0,0,0,100,98,0,0,0,0,0,13,39,39,0,0,0,0,0,0
l24,11=0,0,0,0,0,0,0,0,5,8,0,51,92,46,0,0,92,71,0,0,0,0,0,88,0,95,0,0,0,0,0,0,0,15,0,0,0,0,4,0
l25,11=0,0,0,0,0,0,0,0,0,0,0,38,92,55,94,39,45,0,0,0,0,0,0,98,100,0,0,0,0,0,0,59,42,91,0,0,0,0,0,0
l26,11=0,0,0,0,0,0,0,0,0,0,0,0,0,0,0,0,0,0,0,34,32,0,52,0,0,0,0,73,91,86,92,82,79,62,66,0,0,0,0,0
l27,11=0,0,0,0,0,0,0,0,0,0,0,0,0,0,0,0,0,0,0,0,0,0,0,0,0,0,82,0,89,91,95,63,0,0,34,0,0,0,0,0
l28,11=0,0,0,0,0,0,0,0,0,0,0,0,0,0,0,0,0,0,0,16,30,0,0,0,0,0,84,92,0,93,95,72,35,0,30,0,0,0,0,0
l29,11=0,0,0,0,0,0,0,0,0,0,0,0,0,0,0,0,0,0,0,33,0,0,15,0,0,0,84,92,91,0,95,84,28,31,31,0,0,0,0,0
l30,11=0,0,0,0,0,0,0,0,0,0,0,0,0,0,0,0,0,0,0,0,0,0,0,0,0,0,83,92,91,93,0,81,60,75,64,0,0,0,0,0
l31,11=0,0,0,0,0,0,0,0,0,0,0,0,0,0,0,0,0,0,0,31,0,0,33,26,0,46,84,73,84,84,84,0,84,100,100,0,0,0,0,0
l32,11=0,0,0,0,0,0,0,0,0,0,0,0,0,0,0,0,28,0,0,0,25,0,0,18,0,29,84,0,60,42,64,92,0,100,100,0,0,0,0,0
l33,11=0,0,0,0,0,0,0,0,0,0,0,0,0,0,88,0,29,0,0,0,12,0,0,83,32,97,79,0,0,74,93,97,98,0,100,0,0,0,0,0
l34,11=0,0,0,0,0,0,0,0,0,0,0,0,0,0,27,0,67,0,0,9,0,0,0,9,0,4,81,69,67,71,84,97,98,100,0,0,0,0,0,0
l35,11=0,0,0,0,0,0,0,0,0,0,0,17,0,0,17,1,0,0,0,43,66,44,28,0,0,0,0,0,0,0,0,0,0,0,0,0,84,23,79,68
l36,11=0,0,0,0,0,0,0,0,0,0,0,0,0,0,19,22,68,58,0,0,77,45,34,0,0,0,0,0,0,0,0,0,0,0,0,80,0,25,84,78
l37,11=0,0,0,0,0,0,0,0,0,0,0,0,0,0,0,0,66,0,0,0,65,61,18,0,0,0,0,0,0,0,0,0,0,0,0,51,35,0,68,74
l38,11=0,0,0,0,0,0,0,0,0,0,0,37,42,17,26,31,81,38,0,0,73,81,35,0,0,0,0,0,0,0,0,0,0,0,0,52,35,20,0,80
l39,11=0,0,0,0,0,0,0,0,0,0,0,0,0,0,0,0,52,0,0,64,72,74,30,0,0,0,0,0,0,0,0,0,0,0,0,51,82,19,82,0

l0,12=0,93,90,94,90,90,74,73,0,62,61,0,0,0,0,0,0,0,0,0,0,0,0,0,0,0,0,0,0,0,0,0,0,0,0,0,0,0,0,0
l1,12=91,0,85,92,86,87,85,85,0,61,71,51,0,0,0,0,0,0,0,0,0,0,0,0,0,0,0,0,0,0,0,0,0,0,0,0,0,0,0,0
l2,12=90,83,0,91,83,90,89,67,65,76,76,0,0,0,0,0,0,0,0,0,0,0,0,0,0,0,0,0,0,0,0,0,0,0,0,0,0,0,0,0
l3,12=92,88,85,0,90,88,0,48,0,0,66,0,0,0,0,0,0,0,0,0,0,0,0,0,0,0,0,0,0,0,0,0,0,0,0,0,0,0,0,0
l4,12=91,88,83,93,0,59,79,74,54,64,14,0,0,0,39,0,0,0,0,0,0,0,0,55,0,0,0,0,0,0,0,0,0,0,0,0,0,0,0,0
l5,12=87,86,90,88,74,0,84,87,79,84,73,0,0,46,0,0,0,0,0,0,0,0,0,40,0,0,0,0,0,0,0,0,0,0,0,0,0,0,0,0
l6,12=78,86,87,48,80,80,0,86,75,61,77,71,0,72,14,74,1,0,0,0,0,0,0,0,0,0,0,0,0,0,0,0,0,0,0,0,0,0,0,0
l7,12=82,85,65,64,83,87,85,0,81,85,87,34,37,76,0,2,0,0,0,0,0,0,0,0,0,0,0,0,0,0,0,0,0,0,0,0,0,0,0,0
l8,12=5,0,55,48,65,49,49,73,0,90,80,63,62,84,24,73,34,32,0,45,0,58,0,0,43,0,0,0,0,0,0,0,0,0,0,0,0,0,0,0
l9,12=52,33,68,0,63,87,40,87,81,0,87,63,57,79,0,55,33,16,0,0,39,66,0,0,29,0,0,0,0,0,0,0,0,0,0,0,0,0,0,0
l10,12=45,43,69,72,43,37,77,93,78,88,0,41,0,77,0,61,0,0,0,0,0,0,0,2,0,0,0,0,0,0,0,0,0,0,0,0,0,0,0,0
l11,12=0,23,0,0,0,0,51,38,71,75,29,0,63,80,69,87,42,53,0,0,31,36,36,67,57,55,0,0,0,0,0,0,0,0,0,50,40,15,33,0
l12,12=0,0,0,0,0,0,0,0,68,67,0,53,0,78,93,87,51,97,0,0,50,62,47,81,98,99,0,0,0,0,0,0,0,47,0,0,0,0,66,0
l13,12=0,0,0,0,0,35,45,63,83,83,46,85,63,0,72,86,44,49,0,0,43,52,0,76,56,59,0,0,0,0,0,0,0,0,0,0,0,0,0,0
l14,12=0,0,0,0,56,0,1,0,2,0,0,43,89,76,0,55,93,53,0,0,7,66,0,90,98,63,0,0,0,0,0,0,0,65,65,51,54,0,50,0
l15,12=0,0,0,0,0,0,47,0,70,75,44,90,81,85,71,0,46,51,0,45,47,52,0,73,79,65,0,0,0,0,0,0,0,0,0,0,0,0,58,0
l16,12=0,0,0,0,0,0,0,0,54,55,0,40,63,72,83,56,0,55,41,0,55,71,45,41,92,65,0,0,0,0,0,0,0,19,0,23,78,50,74,22
l17,12=0,0,0,0,0,0,0,0,50,55,0,57,79,74,74,60,53,0,0,45,53,83,68,72,61,0,0,0,0,0,0,0,0,39,0,0,73,0,62,0
l18,12=0,0,0,0,0,0,0,0,0,0,0,0,0,0,0,0,81,0,0,72,67,6,0,0,0,0,0,0,0,0,0,0,0,0,0,0,0,0,0,0
l19,12=0,0,0,0,0,0,0,0,38,0,0,0,0,0,0,35,0,31,56,0,81,75,74,0,0,0,39,0,0,32,0,54,0,0,0,50,1,0,43,72
l20,12=0,0,0,0,0,0,0,0,0,51,0,16,40,52,0,40,41,42,26,81,0,93,85,0,0,0,38,0,9,0,0,18,0,0,0,60,79,57,81,38
l21,12=0,0,0,0,0,0,0,0,49,64,0,39,45,58,54,42,43,76,1,82,86,0,85,0,55,0,34,0,0,0,0,0,0,0,3,57,70,62,84,40
l22,12=0,0,0,0,0,0,0,0,0,0,0,29,40,0,0,0,35,42,0,70,86,92,0,0,0,0,46,0,0,0,0,0,0,0,0,67,73,0,76,43
l23,12=0,0,0,0,65,13,0,0,0,0,0,35,66,80,93,47,3,40,0,0,0,0,0,0,98,99,0,0,0,0,0,36,42,63,0,0,0,0,0,0
l24,12=0,0,0,0,0,0,0,0,6,45,0,28,89,56,93,77,93,34,0,0,0,46,0,96,0,93,0,0,0,0,0,7,64,0,0,0,2,0,51,0
l25,12=0,0,0,0,0,0,0,0,0,0,0,46,89,53,60,64,78,1,0,0,0,0,0,98,98,0,0,0,0,0,0,66,62,68,88,0,0,0,0,0
l26,12=0,0,0,0,0,0,0,0,0,0,0,0,0,0,0,0,0,0,0,30,40,13,58,0,0,0,0,74,88,77,94,91,81,68,76,0,0,0,0,0
l27,12=0,0,0,0,0,0,0,0,0,0,0,0,0,0,0,0,0,0,0,0,0,0,0,0,0,0,80,0,87,95,97,81,0,17,12,0,0,0,0,0
l28,12=0,0,0,0,0,0,0,0,0,0,0,0,0,0,0,0,0,0,0,0,59,0,0,0,0,0,83,94,0,96,96,80,66,67,70,0,0,0,0,0
l29,12=0,0,0,0,0,0,0,0,0,0,0,0,0,0,0,0,0,0,0,57,0,0,0,0,0,0,80,94,88,0,96,87,78,70,77,0,0,0,0,0
l30,12=0,0,0,0,0,0,0,0,0,0,0,0,0,0,0,0,0,0,0,0,0,0,0,0,0,0,83,94,88,96,0,85,79,44,44,0,0,0,0,0
l31,12=0,0,0,0,0,0,0,0,0,0,0,0,0,0,0,0,0,0,0,66,54,0,0,57,24,76,83,83,85,95,96,0,97,100,100,0,0,0,0,0
l32,12=0,0,0,0,0,0,0,0,0,0,0,0,0,0,0,0,0,0,0,0,0,0,0,65,69,72,80,0,86,89,90,93,0,100,100,0,0,0,0,0
l33,12=0,0,0,0,0,0,0,0,0,0,0,0,57,0,73,0,15,12,0,0,0,0,0,79,0,90,80,33,76,83,86,100,97,0,100,0,0,0,0,0
l34,12=0,0,0,0,0,0,0,0,0,0,0,0,0,0,64,0,0,0,0,0,0,6,0,21,0,92,83,60,86,84,76,100,97,100,0,0,0,0,0,0
l35,12=0,0,0,0,0,0,0,0,0,0,0,3,0,0,25,0,2,0,0,26,44,24,73,0,0,0,0,0,0,0,0,0,0,0,0,0,87,76,72,32
l36,12=0,0,0,0,0,0,0,0,0,0,0,0,0,0,23,0,43,27,0,0,56,40,79,0,0,0,0,0,0,0,0,0,0,0,0,82,0,80,75,47
l37,12=0,0,0,0,0,0,0,0,0,0,0,0,0,0,0,0,25,0,0,0,30,31,0,0,0,0,0,0,0,0,0,0,0,0,0,74,82,0,42,43
l38,12=0,0,0,0,0,0,0,0,0,0,0,6,46,0,40,20,48,25,0,15,56,77,79,0,48,0,0,0,0,0,0,0,0,0,0,78,86,44,0,46
l39,12=0,0,0,0,0,0,0,0,0,0,0,0,0,0,0,0,26,0,0,67,51,62,81,0,0,0,0,0,0,0,0,0,0,0,0,62,85,73,77,0

l0,13=0,90,89,94,89,89,93,89,83,83,88,0,0,0,0,0,0,0,0,0,0,0,0,0,0,0,0,0,0,0,0,0,0,0,0,0,0,0,0,0
l1,13=88,0,89,95,89,89,91,87,55,58,74,0,0,0,1,0,0,0,0,0,0,0,0,0,0,0,0,0,0,0,0,0,0,0,0,0,0,0,0,0
l2,13=89,93,0,93,92,90,94,80,0,86,90,0,0,47,0,0,0,0,0,0,0,0,0,0,0,0,0,0,0,0,0,0,0,0,0,0,0,0,0,0
l3,13=92,93,89,0,92,89,93,86,4,0,89,0,0,0,0,0,0,0,0,0,0,0,0,0,8,0,0,0,0,0,0,0,0,0,0,0,0,0,0,0
l4,13=88,90,89,94,0,87,93,78,48,20,89,0,0,0,0,0,0,0,0,0,0,0,0,0,0,0,0,0,0,0,0,0,0,0,0,0,0,0,0,0
l5,13=88,90,89,93,85,0,93,84,85,86,90,0,0,64,0,0,0,0,0,0,0,0,0,0,0,0,0,0,0,0,0,0,0,0,0,0,0,0,0,0
l6,13=84,88,91,82,92,89,0,0,74,81,0,79,0,63,0,72,0,0,0,0,0,0,0,0,0,0,0,0,0,0,0,0,0,0,0,0,0,0,0,0
l7,13=85,89,77,54,70,61,0,0,91,89,92,27,0,74,0,5,0,0,0,0,0,0,0,0,0,0,0,0,0,0,0,0,0,0,0,0,0,0,0,0
l8,13=68,62,0,27,23,47,47,85,0,93,84,28,27,85,75,65,25,19,0,65,0,25,3,0,71,0,0,0,0,0,0,0,0,0,0,0,0,0,0,0
l9,13=64,0,72,0,1,85,83,84,92,0,92,64,26,86,57,78,24,21,0,0,61,27,0,0,0,0,0,0,0,0,0,0,0,0,0,0,0,0,0,0
l10,13=70,73,73,31,46,73,0,89,85,94,0,28,0,85,0,69,0,0,0,0,0,0,0,0,0,0,0,0,0,0,0,0,0,0,0,0,0,0,0,0
l11,13=0,0,0,0,0,0,47,40,67,74,69,0,36,96,86,92,32,36,0,0,70,29,27,44,0,57,0,0,0,0,0,0,0,0,0,0,0,0,48,3
l12,13=0,0,0,0,0,0,0,0,43,72,0,48,0,65,97,84,34,62,0,0,84,29,30,51,99,99,0,0,0,0,0,0,0,79,0,0,29,0,79,0
l13,13=0,0,5,0,0,39,45,45,89,94,82,93,29,0,82,92,28,31,0,35,69,29,0,43,0,61,0,0,0,0,0,0,0,0,0,0,0,0,67,0
l14,13=0,0,0,0,0,0,0,0,75,71,0,57,100,77,0,79,92,34,0,0,1,29,0,73,100,79,0,0,0,0,0,0,17,72,27,0,28,0,0,0
l15,13=0,0,0,0,0,0,47,0,66,79,68,93,60,91,81,0,37,46,0,45,73,27,0,46,87,66,0,0,0,0,0,0,0,0,0,0,40,0,72,0
l16,13=0,0,0,0,0,0,0,0,59,64,0,29,34,58,93,83,0,35,43,5,67,28,29,7,95,33,0,0,0,0,0,0,0,5,1,21,41,63,74,56
l17,13=0,0,0,0,0,0,0,0,56,74,0,35,98,80,93,84,37,0,0,61,92,34,32,44,93,0,0,0,0,0,0,0,0,67,0,1,46,0,82,0
l18,13=0,0,0,0,0,0,0,0,0,0,0,0,0,0,0,0,80,0,0,93,91,0,79,0,0,0,0,0,0,0,0,0,0,0,0,0,0,0,0,0
l19,13=0,0,0,0,0,0,0,0,45,0,0,0,1,7,0,40,0,3,74,0,94,95,89,0,0,0,0,0,0,64,0,50,0,0,0,16,15,60,57,83
l20,13=0,0,0,0,0,0,0,0,0,58,0,22,35,56,0,68,22,53,55,95,0,98,97,0,0,0,20,0,0,0,0,57,0,0,0,48,64,70,88,74
l21,13=0,0,0,0,0,0,0,0,57,61,0,28,28,59,66,58,25,56,0,95,96,0,96,0,64,0,24,0,0,0,0,0,0,9,0,23,34,57,85,86
l22,13=0,0,0,0,0,0,0,0,0,1,0,20,27,0,0,0,29,25,40,90,94,97,0,0,0,0,39,0,0,0,0,0,0,0,8,27,54,55,84,91
l23,13=0,0,0,0,0,0,0,0,0,0,0,34,36,70,98,80,1,23,0,0,0,0,0,0,90,100,0,0,0,0,0,0,0,12,4,0,0,0,0,0
l24,13=0,0,0,21,0,0,0,0,72,0,0,0,100,0,98,83,42,35,0,0,0,29,0,45,0,100,0,0,0,0,0,0,80,0,1,0,42,0,0,0
l25,13=0,0,0,0,0,0,0,0,0,0,0,23,100,62,98,80,29,0,0,0,0,0,0,100,100,0,0,0,0,16,0,92,95,93,34,0,0,0,0,0
l26,13=0,0,0,0,0,0,0,0,0,0,0,0,0,0,0,0,0,0,0,0,52,19,71,0,0,0,0,86,99,82,99,99,85,84,0,0,0,0,0,0
l27,13=0,0,0,0,0,0,0,0,0,0,0,0,0,0,0,0,0,0,0,0,0,0,0,0,0,0,89,0,97,100,100,84,70,66,66,0,0,0,0,0
l28,13=0,0,0,0,0,0,0,0,0,0,0,0,0,0,0,0,0,0,0,1,0,0,0,0,0,1,100,100,0,100,100,92,68,76,81,0,0,0,0,0
l29,13=0,0,0,0,0,0,0,0,0,0,0,0,0,0,0,0,0,0,0,65,0,0,0,0,0,3,86,100,99,0,100,83,86,75,86,0,0,0,0,0
l30,13=0,0,0,0,0,0,0,0,0,0,0,0,0,0,0,0,0,0,0,0,0,0,0,0,0,0,97,100,97,98,0,88,75,76,43,0,0,0,0,0
l31,13=0,0,0,0,0,0,0,0,0,0,0,0,0,0,0,0,0,0,0,63,78,0,0,0,0,80,100,98,99,98,100,0,100,100,100,0,0,0,0,0
l32,13=0,0,0,0,0,0,0,0,0,0,0,0,0,0,56,0,0,0,0,0,0,0,0,0,79,76,93,66,75,92,86,100,0,100,100,0,0,0,0,0
l33,13=0,0,0,0,0,0,0,0,0,0,0,0,94,0,90,0,1,54,0,0,0,0,0,29,38,95,93,74,91,86,97,100,100,0,100,0,0,0,0,0
l34,13=0,0,0,0,0,0,0,0,0,0,0,0,12,0,89,0,53,0,0,0,0,0,39,51,69,97,0,44,98,99,80,100,100,100,0,0,0,0,0,0
l35,13=0,0,0,0,0,0,0,0,0,0,0,0,0,0,0,0,24,0,0,18,77,18,32,0,0,0,0,0,0,0,0,0,0,0,0,0,90,97,84,78
l36,13=0,0,0,0,0,0,0,0,0,0,0,0,0,0,17,40,29,19,0,2,82,9,32,0,61,0,0,0,0,0,0,0,0,0,0,57,0,87,87,78
l37,13=0,0,0,0,0,0,0,0,0,0,0,0,0,0,0,0,25,0,0,58,71,11,23,0,0,0,0,0,0,0,0,0,0,0,0,30,47,0,82,64
l38,13=0,0,0,0,0,0,0,0,0,0,0,0,27,22,0,66,30,24,0,63,91,30,32,0,0,0,0,0,0,0,0,0,0,0,0,29,46,77,0,78
l39,13=0,0,0,0,0,0,0,0,0,0,0,0,0,0,0,0,25,0,0,79,72,27,34,0,0,0,0,0,0,0,0,0,0,0,0,27,43,70,83,0

l0,14=0,96,95,98,99,100,100,98,89,97,99,0,0,0,0,0,0,0,0,0,0,0,0,0,0,0,0,0,0,0,0,0,0,0,0,0,0,0,0,0
l1,14=92,0,95,96,99,100,19,0,49,0,41,0,0,40,0,0,0,0,0,0,0,0,0,0,0,0,0,0,0,0,0,0,0,0,0,0,0,0,0,0
l2,14=93,95,0,96,99,100,100,100,43,97,99,0,0,70,0,5,0,0,0,0,0,0,0,0,0,0,0,0,0,0,0,0,0,0,0,0,0,0,0,0
l3,14=93,96,95,0,99,100,100,100,0,0,99,0,0,0,0,0,0,0,0,0,0,0,0,0,0,0,0,0,0,0,0,0,0,0,0,0,0,0,0,0
l4,14=93,96,95,94,0,100,100,0,45,54,100,0,0,0,0,3,0,0,0,0,0,0,0,0,0,0,0,0,0,0,0,0,0,0,0,0,0,0,0,0
l5,14=93,96,96,96,99,0,100,100,96,97,100,0,0,91,0,88,0,0,0,0,0,0,0,0,0,0,0,0,0,0,0,0,0,0,0,0,0,0,0,0
l6,14=91,6,95,90,99,100,0,94,87,95,96,97,0,92,0,89,0,0,0,0,0,0,39,0,0,0,0,0,0,0,0,0,0,0,0,0,0,0,0,0
l7,14=84,0,95,95,0,100,98,0,97,98,100,0,0,97,0,9,84,0,0,0,0,0,0,0,0,0,0,0,0,0,0,0,0,0,0,0,0,0,0,0
l8,14=29,45,5,19,52,54,47,58,0,98,99,49,53,49,55,57,32,0,0,0,52,51,29,0,42,0,0,0,0,0,0,0,0,0,0,0,0,0,0,0
l9,14=45,0,45,0,53,72,51,99,97,0,100,57,0,100,54,78,41,29,0,0,53,54,0,33,1,0,0,0,0,0,0,0,0,0,0,0,0,0,0,0
l10,14=67,52,66,84,99,100,96,100,97,98,0,49,53,100,36,64,0,0,0,0,23,17,0,0,0,0,0,0,0,0,0,0,0,0,0,0,0,0,0,0
l11,14=0,0,0,0,0,0,95,0,47,58,25,0,97,100,99,99,87,72,0,0,55,50,58,56,0,59,0,0,0,0,0,0,0,0,0,0,49,0,70,0
l12,14=0,0,0,0,0,0,0,0,53,0,15,97,0,99,99,98,34,98,0,18,98,51,33,57,95,100,0,0,0,0,0,0,0,29,0,1,1,0,5,0
l13,14=0,60,83,0,0,99,94,97,88,98,67,99,97,0,99,99,85,59,0,0,0,91,0,10,84,98,0,0,0,0,0,0,0,0,0,0,0,0,28,0
l14,14=0,0,0,0,0,0,0,0,49,35,2,86,100,49,0,56,87,57,0,0,0,38,0,57,100,0,0,0,0,0,0,0,21,28,0,0,16,0,57,0
l15,14=0,0,0,0,5,46,87,0,90,58,24,99,97,99,99,0,90,60,0,37,55,54,0,57,86,66,0,0,0,0,0,0,0,0,0,0,1,0,80,0
l16,14=0,0,0,0,0,0,0,61,10,21,0,84,52,25,94,96,0,57,13,81,94,86,59,5,85,2,0,0,0,0,0,0,0,21,14,91,89,0,78,62
l17,14=0,0,0,0,0,0,0,0,0,34,0,97,99,99,99,98,98,0,0,51,98,97,40,57,97,62,0,0,0,0,0,0,0,0,0,42,47,0,98,0
l18,14=0,0,0,0,0,0,0,0,0,0,0,0,0,0,0,0,85,0,0,88,95,0,88,0,0,0,0,0,0,0,0,0,0,0,0,0,0,0,0,0
l19,14=0,0,0,0,0,0,0,0,0,0,0,0,88,0,0,75,84,52,53,0,98,98,90,0,0,0,83,0,0,63,0,84,0,0,0,0,89,80,94,89
l20,14=0,0,0,0,0,0,0,0,5,53,0,75,94,0,0,88,77,56,49,94,0,98,98,0,0,0,0,0,0,0,0,0,0,0,28,94,96,82,98,93
l21,14=0,0,0,0,0,0,0,0,79,87,29,77,92,88,88,88,85,89,0,95,99,0,98,0,78,0,5,0,0,0,0,0,0,0,0,90,88,83,94,93
l22,14=0,0,0,0,0,0,34,0,28,0,0,77,92,0,0,0,88,53,51,93,99,98,0,0,15,0,83,0,0,0,0,0,0,9,0,90,90,0,95,92
l23,14=0,0,0,0,0,0,0,0,0,34,0,47,99,0,100,98,5,30,0,0,0,0,0,0,67,100,0,0,0,0,0,0,35,29,24,0,0,0,0,0
l24,14=0,0,0,0,0,0,0,0,48,1,0,0,100,48,100,88,88,61,0,0,0,51,0,33,0,100,0,0,0,0,0,0,0,0,0,0,47,0,0,0
l25,14=0,0,0,0,0,0,0,0,0,0,0,47,100,54,0,56,3,29,0,0,0,0,0,99,100,0,0,0,5,1,0,0,37,56,92,0,0,0,0,0
l26,14=0,0,0,0,0,0,0,0,0,0,0,0,0,0,0,0,0,0,0,88,28,1,97,0,0,0,0,93,100,97,97,99,95,90,94,0,0,0,0,0
l27,14=0,0,0,0,0,0,0,0,0,0,0,0,0,0,0,0,0,0,0,0,0,0,0,0,0,0,90,0,99,100,100,92,96,88,1,0,0,0,0,0
l28,14=0,0,0,0,0,0,0,0,0,0,0,0,0,0,0,0,0,0,0,7,6,0,0,0,0,42,99,100,0,100,100,96,95,91,94,0,0,0,0,0
l29,14=0,0,0,0,0,0,0,0,0,0,0,0,0,0,0,0,0,0,0,88,19,0,0,0,0,0,89,100,100,0,100,91,95,0,93,0,0,0,0,0
l30,14=0,0,0,0,0,0,0,0,0,0,0,0,0,0,0,0,0,0,0,0,0,0,0,0,0,0,95,100,100,100,0,91,93,90,0,0,0,0,0,0
l31,14=0,0,0,0,0,0,0,0,0,0,0,0,0,0,0,0,0,0,0,87,0,0,0,0,0,0,99,92,96,97,91,0,100,100,100,0,0,0,0,0
l32,14=0,0,0,0,0,0,0,0,0,0,0,0,0,0,93,0,0,0,0,0,0,0,0,80,0,97,97,92,93,97,91,100,0,100,100,0,0,0,0,0
l33,14=0,0,0,0,0,0,0,0,0,0,0,0,91,0,93,0,93,0,0,0,0,0,56,97,0,99,99,90,99,0,100,100,100,0,100,0,0,0,0,0
l34,14=0,0,0,0,0,0,0,0,0,0,0,0,89,0,0,0,98,0,0,0,96,0,2,98,0,99,96,2,96,97,0,100,100,100,0,0,0,0,0,0
l35,14=0,0,0,0,0,0,0,0,0,0,0,0,40,0,0,0,76,18,0,0,95,85,51,0,0,0,0,0,0,0,0,0,0,0,0,0,96,93,97,93
l36,14=0,0,0,0,0,0,0,0,0,0,0,23,6,0,3,0,77,15,0,78,94,83,52,0,32,0,0,0,0,0,0,0,0,0,0,95,0,72,98,88
l37,14=0,0,0,0,0,0,0,0,0,0,0,0,0,0,0,0,0,0,0,45,88,78,0,0,0,0,0,0,0,0,0,0,0,0,0,93,87,0,94,88
l38,14=0,0,0,0,0,0,0,0,0,0,0,49,28,0,90,86,69,33,0,79,98,68,54,0,0,0,0,0,0,0,0,0,0,0,0,95,96,84,0,93
l39,14=0,0,0,0,0,0,0,0,0,0,0,0,0,0,0,0,77,0,0,83,95,90,53,0,0,0,0,0,0,0,0,0,0,0,0,90,88,85,94,0

l0,15=0,96,98,100,100,100,99,96,97,100,91,0,0,0,0,0,0,0,0,0,0,0,0,0,0,0,0,0,0,0,0,0,0,0,0,0,0,0,0,0
l1,15=97,0,98,98,100,98,99,96,98,100,99,0,0,92,7,0,0,0,0,0,0,0,0,0,33,0,0,0,0,0,0,0,0,0,0,0,0,0,0,0
l2,15=97,96,0,98,97,100,99,96,96,100,0,77,0,97,0,0,0,0,0,0,0,0,0,0,0,0,0,0,0,0,0,0,0,0,0,0,0,0,0,0
l3,15=100,99,96,0,100,100,0,0,0,0,99,0,0,0,0,0,0,0,0,0,0,0,0,0,0,0,0,0,0,0,0,0,0,0,0,0,0,0,0,0
l4,15=100,99,98,100,0,100,99,96,96,95,99,0,0,0,0,1,0,0,0,0,0,0,0,0,0,0,0,0,0,0,0,0,0,0,0,0,0,0,0,0
l5,15=97,96,98,98,97,0,97,96,96,100,99,0,4,97,0,89,0,0,0,0,0,0,0,0,0,0,0,0,0,0,0,0,0,0,0,0,0,0,0,0
l6,15=97,96,98,4,97,97,0,96,94,100,99,99,91,93,0,94,0,0,0,0,0,0,1,0,0,0,0,0,0,0,0,0,0,0,0,0,0,0,0,0
l7,15=97,96,98,44,97,98,99,0,98,100,100,0,0,61,14,0,81,0,0,0,0,0,0,0,0,0,0,0,0,0,0,0,0,0,0,0,0,0,0,0
l8,15=96,96,71,19,61,64,97,96,0,100,100,99,97,88,61,61,0,0,0,12,24,82,59,5,95,0,0,0,0,0,0,0,0,0,0,0,0,0,0,0
l9,15=100,15,69,0,86,99,99,99,100,0,100,99,0,99,0,97,98,34,0,0,98,100,2,52,0,0,0,0,0,0,0,0,0,0,0,0,0,0,0,0
l10,15=87,96,0,95,97,98,99,100,98,100,0,0,96,97,42,0,65,0,0,0,1,6,0,0,0,0,0,0,0,0,0,0,0,0,0,0,0,0,0,0
l11,15=0,0,13,0,0,0,99,0,97,99,1,0,100,99,61,98,98,62,0,0,95,84,65,53,98,99,0,0,0,0,0,0,0,0,0,0,98,0,98,0
l12,15=0,0,0,0,0,0,5,0,97,0,99,99,0,99,100,61,81,99,0,21,98,1,65,60,100,100,0,0,0,0,0,0,0,0,0,35,98,0,46,0
l13,15=0,93,97,0,0,64,98,22,95,100,99,100,99,0,61,96,79,62,0,71,0,58,9,59,0,96,0,0,0,0,0,0,0,0,0,0,0,0,0,0
l14,15=0,0,0,0,0,0,0,0,96,2,11,99,100,86,0,61,82,62,0,0,0,0,0,95,100,99,0,0,0,0,0,0,0,63,0,0,85,0,94,0
l15,15=0,0,0,0,2,33,98,0,99,99,0,100,99,88,62,0,81,63,0,0,95,84,0,60,98,96,0,0,0,0,0,0,0,0,0,89,0,0,98,0
l16,15=0,0,0,0,0,0,1,91,0,97,61,99,97,77,62,61,0,60,63,92,88,81,65,0,98,0,0,0,0,0,0,28,31,60,0,94,98,0,94,0
l17,15=0,0,0,0,0,0,0,0,0,98,0,99,99,88,62,95,82,0,0,97,97,84,65,60,98,99,0,0,0,0,0,0,0,63,43,0,97,0,98,0
l18,15=0,0,0,0,0,0,0,0,0,0,0,0,0,0,0,0,93,0,0,41,83,0,88,0,0,0,0,0,0,0,0,0,0,0,0,0,0,0,0,0
l19,15=0,0,0,0,0,0,0,0,0,0,0,0,75,36,0,0,69,47,0,0,98,97,97,0,0,0,73,0,0,53,0,70,0,0,0,0,87,0,82,87
l20,15=0,0,0,0,0,0,0,0,0,94,0,73,96,0,0,49,64,52,52,97,0,100,99,0,7,0,74,0,0,0,0,0,0,0,0,96,97,0,98,92
l21,15=0,0,0,0,0,0,0,0,92,98,39,97,90,41,0,96,96,97,0,97,100,0,99,0,98,0,0,0,0,0,0,0,0,2,64,92,98,93,98,94
l22,15=0,0,0,0,0,0,0,0,77,57,0,72,79,0,0,0,93,48,49,92,98,100,0,0,0,0,73,0,0,0,0,3,0,1,0,81,84,72,82,71
l23,15=0,0,0,0,0,0,0,0,0,91,0,91,100,85,100,73,0,62,0,0,0,0,0,0,100,100,0,0,0,0,0,0,62,77,0,0,0,0,0,0
l24,15=0,0,0,0,0,0,0,0,97,0,0,99,100,0,100,98,83,62,0,0,15,83,0,74,0,100,0,0,0,0,0,0,55,7,0,0,63,0,0,0
l25,15=0,0,0,0,0,0,0,0,0,0,0,100,96,85,100,60,0,62,0,0,0,0,0,99,98,0,85,0,40,0,0,92,62,60,69,0,0,0,0,0
l26,15=0,0,0,0,0,0,0,0,0,0,0,0,0,0,0,0,0,0,0,89,94,0,96,0,0,95,0,84,98,98,97,97,97,84,75,0,0,0,0,0
l27,15=0,0,0,0,0,0,0,0,0,0,0,0,0,0,0,0,0,0,0,0,0,0,0,0,0,0,93,0,98,99,98,91,98,97,77,0,0,0,0,0
l28,15=0,0,0,0,0,0,0,0,0,0,0,0,0,0,0,0,0,0,0,3,0,0,0,0,0,89,98,84,0,99,98,95,97,97,76,0,0,0,0,0
l29,15=0,0,0,0,0,0,0,0,0,0,0,0,0,0,0,0,0,0,0,77,0,0,4,0,0,0,98,84,98,0,98,95,97,96,82,0,0,0,0,0
l30,15=0,0,0,0,0,0,0,0,0,0,0,0,0,0,0,0,0,0,0,0,0,0,0,0,0,0,94,85,98,99,0,91,97,96,0,0,0,0,0,0
l31,15=0,0,0,0,0,0,0,0,0,0,0,0,0,0,0,0,12,0,0,86,0,0,15,0,0,93,98,77,98,99,98,0,98,99,86,0,0,0,0,0
l32,15=0,0,0,0,0,0,0,0,0,0,0,0,38,0,0,0,57,0,0,0,0,0,0,97,93,97,98,79,96,98,97,96,0,99,86,0,0,0,0,0
l33,15=0,0,0,0,0,0,0,0,0,0,0,0,43,0,97,0,95,85,0,0,0,0,18,100,85,98,88,74,100,99,98,99,100,0,98,0,0,0,0,0
l34,15=0,0,0,0,0,0,0,0,0,0,0,0,0,0,45,0,0,10,0,0,0,65,0,0,0,97,98,71,96,98,0,97,98,99,0,0,0,0,0,0
l35,15=0,0,0,0,0,0,0,0,0,0,0,0,60,0,0,41,58,0,0,0,76,56,58,0,0,0,0,0,0,0,0,0,0,0,0,0,98,96,94,94
l36,15=0,0,0,0,0,0,0,0,0,0,0,65,54,0,30,0,69,16,0,78,89,78,61,0,33,0,0,0,0,0,0,0,0,0,0,100,0,95,98,89
l37,15=0,0,0,0,0,0,0,0,0,0,0,0,0,0,0,0,0,0,0,0,0,69,59,0,0,0,0,0,0,0,0,0,0,0,0,99,96,0,92,91
l38,15=0,0,0,0,0,0,0,0,0,0,0,55,26,0,41,47,62,59,0,72,95,81,62,0,0,0,0,0,0,0,0,0,0,0,0,96,98,93,0,94
l39,15=0,0,0,0,0,0,0,0,0,0,0,0,0,0,0,0,0,0,0,76,88,74,58,0,0,0,0,0,0,0,0,0,0,0,0,94,93,93,94,0

