t=2016-04-13_06.04.47

n=40

q0=1
q1=1
q2=1
q3=1
q4=1
q5=1
q6=1
q7=1
q8=1
q9=1
q10=1
q11=1
q12=1
q13=1
q14=1
q15=1
q16=1
q17=1
q18=1
q19=1
q20=1
q21=1
q22=1
q23=1
q24=1
q25=1
q26=1
q27=1
q28=1
q29=1
q30=1
q31=1
q32=1
q33=1
q34=1
q35=1
q36=1
q37=1
q38=1
q39=1

a0=0x141592000c576ce6
a1=0x141592000c5aedbc
a2=0x141592000c5750f4
a3=0x141592000c576658
a4=0x141592000c575890
a5=0x141592000c574ffa
a6=0x141592000c5acf11
a7=0x141592000d9df361
a8=0x141592000c576300
a9=0x141592000c5779b6
a10=0x141592000c5762b9
a11=0x141592000c5af078
a12=0x141592000c575517
a13=0x141592000c5752c3
a14=0x141592000c5a4baa
a15=0x141592000c5776e7
a16=0x141592000c58cdeb
a17=0x141592000c5881fc
a18=0x141592000bd81d33
a19=0x141592000bd84d6a
a20=0x141592000c577233
a21=0x141592000c574527
a22=0x141592000c5746a3
a23=0x141592000c574da3
a24=0x141592000c5741c9
a25=0x141592000da244ea
a26=0x141592000c5ae886
a27=0x141592000c57510e
a28=0x141592000c5ab6c8
a29=0x141592000c574d05
a30=0x141592000edae61f
a31=0x141592000c57667e
a32=0x141592000c577f43
a33=0x141592000c576449
a34=0x1415920010f4117a
a35=0x141592000c575966
a36=0x141592000c574d35
a37=0x141592000c576fb1
a38=0x141592000c5aea5d
a39=0x141592000c59f23f

l0,0=0,79,83,92,84,85,83,76,60,84,81,0,0,0,0,0,0,0,0,0,0,0,0,0,0,0,0,0,0,0,0,0,0,0,0,0,0,0,0,0
l1,0=83,0,83,85,85,85,68,79,82,70,81,0,0,47,0,0,0,0,0,0,0,0,0,0,0,0,0,0,0,0,0,0,0,0,0,0,0,0,0,0
l2,0=78,81,0,74,84,86,90,80,39,82,83,0,0,63,0,0,0,0,0,0,0,0,0,0,0,0,0,0,0,0,0,0,0,0,0,0,0,0,0,0
l3,0=88,80,83,0,84,81,83,74,74,0,70,0,0,0,0,0,0,0,0,0,0,0,0,0,0,0,0,0,0,0,0,0,0,0,0,0,0,0,0,0
l4,0=83,80,83,86,0,85,79,71,70,65,78,0,0,53,0,0,0,0,0,0,0,0,0,0,0,0,0,0,0,0,0,0,0,0,0,0,0,0,0,0
l5,0=80,87,83,70,80,0,83,77,75,83,73,36,0,49,0,0,0,0,0,0,0,0,0,0,0,0,0,0,0,0,0,0,0,0,0,0,0,0,0,0
l6,0=75,46,92,72,77,76,0,86,76,72,73,25,0,55,0,41,45,0,0,0,0,0,0,0,0,0,0,0,0,0,0,0,0,0,0,0,0,0,0,0
l7,0=67,74,81,68,78,76,87,0,79,82,80,47,0,53,0,45,0,0,0,0,0,0,0,0,0,0,0,0,0,0,0,0,0,0,0,0,0,0,0,0
l8,0=0,63,0,28,47,76,80,65,0,92,41,78,56,90,70,78,78,55,0,0,0,45,0,49,70,0,0,0,0,0,0,0,0,0,0,0,0,0,41,0
l9,0=76,50,81,1,45,85,78,85,93,0,85,46,38,86,6,53,61,55,0,0,0,0,7,0,0,0,0,0,0,0,0,0,0,0,0,0,0,0,0,0
l10,0=77,73,85,49,78,78,78,87,70,94,0,69,39,85,1,67,0,0,0,0,0,0,0,0,0,0,0,0,0,0,0,0,0,0,0,0,0,0,0,0
l11,0=0,0,0,0,2,40,47,57,76,64,20,0,70,90,78,95,83,87,0,50,0,18,0,0,48,18,0,0,0,0,0,0,0,0,0,0,74,2,51,0
l12,0=0,0,0,0,0,0,0,0,67,52,10,86,0,83,80,95,76,100,0,0,43,20,0,80,93,83,0,0,0,0,0,0,0,37,0,0,64,0,59,0
l13,0=0,0,49,0,43,4,57,39,92,75,79,83,84,0,79,80,59,76,0,56,0,67,42,75,70,55,0,0,0,0,0,0,0,0,0,0,0,0,45,0
l14,0=0,0,0,0,0,0,0,0,76,12,0,30,66,86,0,80,85,81,0,0,46,0,11,83,87,87,0,0,0,0,0,0,0,40,0,0,14,0,49,0
l15,0=0,0,0,0,0,0,49,29,72,59,18,94,89,85,84,0,70,85,0,0,23,0,14,0,83,0,0,0,0,0,0,0,0,0,0,0,65,0,52,0
l16,0=0,0,0,0,0,0,53,0,71,48,0,28,39,49,82,67,0,92,0,67,43,24,21,35,48,0,0,0,0,0,0,0,0,24,0,13,55,9,65,20
l17,0=0,0,0,0,0,0,0,0,59,52,0,34,86,85,83,86,93,0,0,0,52,26,7,0,49,57,0,0,0,0,0,0,0,48,0,0,77,20,47,0
l18,0=0,0,0,0,0,0,0,0,0,0,0,0,0,0,0,0,0,0,0,0,82,0,61,0,0,0,0,0,0,0,0,0,0,0,0,0,0,0,0,0
l19,0=0,0,0,0,0,0,0,0,1,0,0,9,0,60,0,0,80,0,0,0,86,33,81,0,0,0,52,0,0,0,0,3,0,0,0,0,79,0,51,81
l20,0=0,0,0,0,0,0,0,0,0,0,0,0,30,3,60,21,74,72,79,91,0,91,79,0,0,0,0,0,0,0,0,0,0,0,11,21,95,97,95,84
l21,0=0,0,0,0,0,0,0,0,65,0,0,9,28,61,0,0,80,70,40,64,98,0,79,0,0,0,37,0,0,0,0,17,0,0,0,78,62,39,70,75
l22,0=0,0,0,0,0,0,0,0,43,24,0,0,6,58,14,30,78,40,77,91,98,91,0,0,0,0,42,0,0,0,0,0,17,0,0,29,96,75,64,52
l23,0=0,0,0,0,0,0,0,0,58,0,0,0,61,72,75,0,71,0,0,0,0,0,0,0,88,26,0,0,0,0,0,0,6,35,30,0,0,0,0,0
l24,0=0,0,0,0,0,0,0,0,76,0,0,28,90,81,79,79,80,79,0,0,0,0,0,83,0,78,0,0,0,0,0,0,53,52,28,0,0,0,25,0
l25,0=0,0,0,0,0,0,0,0,39,0,0,2,84,67,85,0,0,75,0,0,0,0,0,23,83,0,63,1,0,0,0,62,64,60,74,0,0,0,0,0
l26,0=0,0,0,0,0,0,0,0,0,0,0,0,0,0,0,0,0,0,0,70,0,39,51,0,0,62,0,79,98,91,91,91,69,69,69,0,0,0,0,0
l27,0=0,0,0,0,0,0,0,0,0,0,0,0,0,0,0,0,0,0,0,0,0,0,0,0,0,0,84,0,98,98,99,85,75,82,78,0,0,0,0,0
l28,0=0,0,0,0,0,0,0,0,0,0,0,0,0,0,0,0,0,0,0,0,0,0,0,0,0,0,91,100,0,98,98,90,76,73,79,0,0,0,0,0
l29,0=0,0,0,0,0,0,0,0,0,0,0,0,0,0,0,0,0,0,0,18,0,0,0,0,0,0,89,100,98,0,99,79,64,70,65,0,0,0,0,0
l30,0=0,0,0,0,0,0,0,0,0,0,0,0,0,0,0,0,0,0,0,0,0,0,0,0,0,0,84,100,98,98,0,81,77,82,0,0,0,0,0,0
l31,0=0,0,0,0,0,0,0,0,0,0,0,0,0,0,0,0,0,0,0,48,0,9,0,7,0,61,88,67,89,61,54,0,87,78,92,0,0,0,0,0
l32,0=0,0,0,0,0,0,0,0,0,0,0,0,0,0,0,0,0,0,0,0,0,0,12,31,63,61,73,62,79,55,57,89,0,91,94,0,0,0,0,0
l33,0=0,0,0,0,0,0,0,0,0,0,0,0,62,0,59,0,55,62,0,0,0,0,0,57,68,59,70,58,78,49,67,88,86,0,77,0,0,0,0,0
l34,0=0,0,0,0,0,0,0,0,0,0,0,0,0,0,0,0,0,0,0,0,45,0,0,67,67,72,71,70,80,55,0,91,94,76,0,0,0,0,0,0
l35,0=0,0,0,0,0,0,0,0,0,0,0,0,0,0,0,0,39,0,0,0,29,23,15,0,0,0,0,0,0,0,0,0,0,0,0,0,75,95,87,28
l36,0=0,0,0,0,0,0,0,0,0,0,0,17,23,0,2,28,50,53,0,70,59,18,30,0,0,0,0,0,0,0,0,0,0,0,0,29,0,97,83,32
l37,0=0,0,0,0,0,0,0,0,0,0,0,0,0,0,0,0,1,29,0,1,53,1,18,0,0,0,0,0,0,0,0,0,0,0,0,32,95,0,0,33
l38,0=0,0,0,0,0,0,0,0,42,0,0,17,41,48,34,67,85,36,0,59,63,30,27,0,0,0,0,0,0,0,0,0,0,0,0,54,95,0,0,34
l39,0=0,0,0,0,0,0,0,0,0,0,0,0,0,0,0,0,68,0,0,87,63,24,27,0,0,0,0,0,0,0,0,0,0,0,0,30,95,97,79,0

l0,1=0,83,62,86,87,83,81,0,55,77,72,0,0,0,0,0,0,0,0,0,0,0,0,0,0,0,0,0,0,0,0,0,0,0,0,0,0,0,0,0
l1,1=72,0,83,86,87,83,76,65,58,69,76,0,0,51,0,0,0,0,0,0,0,0,0,0,0,0,0,0,0,0,0,0,0,0,0,0,0,0,0,0
l2,1=47,91,0,82,85,87,88,72,0,80,83,0,0,0,0,2,0,0,0,0,0,0,0,0,0,0,0,0,0,0,0,0,0,0,0,0,0,0,0,0
l3,1=79,84,82,0,82,83,72,51,0,0,66,0,0,0,0,0,0,0,0,0,0,0,0,0,0,0,0,0,0,0,0,0,0,0,0,0,0,0,0,0
l4,1=76,83,80,72,0,83,65,63,60,65,62,0,0,37,0,0,0,0,0,0,0,0,0,6,0,0,0,0,0,0,0,0,0,0,0,0,0,0,0,0
l5,1=67,86,83,79,85,0,75,79,60,74,70,0,0,31,0,0,0,0,0,0,0,0,0,0,0,0,0,0,0,0,0,0,0,0,0,0,0,0,0,0
l6,1=50,64,81,49,47,67,0,77,52,51,69,44,6,34,0,1,9,0,0,0,0,0,0,0,0,0,0,0,0,0,0,0,0,0,0,0,0,0,0,0
l7,1=0,45,76,22,43,76,79,0,64,76,81,32,13,0,0,0,0,0,0,0,0,0,0,0,0,0,0,0,0,0,0,0,0,0,0,0,0,0,0,0
l8,1=23,47,0,0,72,55,70,70,0,84,66,66,0,72,42,55,53,26,0,0,0,50,39,31,0,0,0,0,0,0,0,0,0,0,0,0,0,0,0,0
l9,1=45,58,72,0,40,67,63,76,74,0,81,64,33,73,19,47,20,23,0,0,0,21,14,0,0,0,0,0,0,0,0,0,0,0,0,0,0,0,0,0
l10,1=41,73,78,52,73,75,77,84,56,84,0,55,0,63,0,41,0,0,0,0,0,14,0,0,0,0,0,0,0,0,0,0,0,0,0,0,0,0,0,0
l11,1=0,0,0,0,0,0,49,26,26,35,40,0,81,73,55,74,38,64,0,41,1,29,0,0,54,0,0,0,0,0,0,0,0,0,0,14,31,0,50,0
l12,1=0,0,0,0,0,0,0,0,2,21,0,74,0,62,66,66,40,73,0,0,47,45,37,74,83,67,0,0,0,0,0,0,0,0,0,0,2,0,47,0
l13,1=0,7,0,0,4,1,41,0,43,71,48,74,62,0,51,44,33,35,0,24,28,48,30,53,34,30,0,0,0,0,0,0,0,0,0,0,0,0,45,0
l14,1=0,0,0,0,2,0,0,0,24,28,0,63,80,57,0,53,62,31,0,0,46,40,13,77,65,73,0,0,0,0,0,0,0,0,1,0,0,0,0,0
l15,1=0,0,0,0,0,0,1,0,26,34,33,86,84,46,36,0,30,35,0,0,32,0,26,31,73,0,0,0,0,0,0,0,0,0,0,0,29,0,16,0
l16,1=0,0,0,0,0,0,17,0,11,14,0,55,55,45,51,21,0,37,0,0,54,54,54,34,47,42,0,0,0,0,0,0,3,0,1,14,26,4,47,11
l17,1=0,0,0,0,0,0,0,0,12,16,0,77,92,51,37,62,44,0,0,0,48,18,36,49,49,34,0,0,0,0,0,0,0,34,0,0,28,1,0,0
l18,1=0,0,0,0,0,0,0,0,0,0,0,0,0,0,0,0,0,0,0,50,70,61,71,0,0,0,0,0,0,0,0,0,0,0,0,0,0,0,0,0
l19,1=0,0,0,0,0,0,0,0,0,0,0,18,0,32,0,0,0,0,29,0,77,45,85,0,0,0,45,0,0,0,0,16,0,0,0,15,61,46,68,61
l20,1=0,0,0,0,0,0,0,0,0,0,0,0,46,34,27,26,42,31,42,79,0,78,83,0,0,0,0,0,0,0,0,0,0,0,0,3,70,74,79,73
l21,1=0,0,0,0,0,0,0,0,26,17,15,27,35,44,19,0,62,14,27,45,79,0,81,0,0,0,13,0,0,0,0,8,0,0,0,48,33,41,75,66
l22,1=0,0,0,0,0,0,0,0,21,7,0,0,34,37,2,29,47,22,34,79,81,78,0,0,0,0,29,0,0,0,0,0,0,0,0,36,70,45,53,69
l23,1=0,0,0,0,0,0,0,0,18,0,0,0,61,52,54,30,27,28,0,0,0,0,0,0,68,61,0,0,0,0,0,0,0,0,35,0,0,0,0,0
l24,1=0,0,0,0,0,0,0,0,0,0,0,57,82,44,56,60,33,29,0,0,0,0,0,78,0,71,0,0,0,0,0,0,46,52,22,0,0,0,0,0
l25,1=0,0,0,0,0,0,0,0,11,0,0,0,58,46,55,0,49,27,0,0,0,0,0,61,65,0,34,0,19,0,0,50,0,52,51,0,0,0,0,0
l26,1=0,0,0,0,0,0,0,0,0,0,0,0,0,0,0,0,0,0,0,62,0,9,52,0,0,49,0,72,81,78,80,68,76,74,66,0,0,0,0,0
l27,1=0,0,0,0,0,0,0,0,0,0,0,0,0,0,0,0,0,0,0,0,0,0,0,0,0,0,72,0,81,87,89,61,66,65,71,0,0,0,0,0
l28,1=0,0,0,0,0,0,0,0,0,0,0,0,0,0,0,0,0,0,0,25,0,0,0,0,0,35,86,77,0,87,84,68,60,70,70,0,0,0,0,0
l29,1=0,0,0,0,0,0,0,0,0,0,0,0,0,0,0,0,0,0,0,0,0,0,0,0,0,0,80,79,81,0,84,66,65,53,61,0,0,0,0,0
l30,1=0,0,0,0,0,0,0,0,0,0,0,0,0,0,0,0,0,0,0,0,0,0,0,0,0,0,72,89,79,86,0,60,57,69,0,0,0,0,0,0
l31,1=0,0,0,0,0,0,0,0,0,0,0,0,0,0,0,0,0,0,0,51,0,2,0,0,0,56,77,57,72,66,49,0,74,69,74,0,0,0,0,0
l32,1=0,0,0,0,0,0,0,0,0,0,0,0,0,0,0,0,16,0,0,0,0,0,0,27,53,0,72,62,53,54,48,67,0,70,79,0,0,0,0,0
l33,1=0,0,0,0,0,0,0,0,0,0,0,0,0,0,0,0,0,40,0,0,0,0,0,0,56,59,70,48,65,33,51,63,68,0,67,0,0,0,0,0
l34,1=0,0,0,0,0,0,0,0,0,0,0,0,0,0,14,0,34,0,0,0,23,0,0,59,59,60,58,60,63,52,0,65,86,68,0,0,0,0,0,0
l35,1=0,0,0,0,0,0,0,0,0,0,0,17,0,0,0,0,22,0,0,33,5,64,69,0,0,0,0,0,0,0,0,0,0,0,0,0,50,74,77,35
l36,1=0,0,0,0,0,0,0,0,0,0,0,48,9,0,0,26,32,19,0,55,73,46,77,0,0,0,0,0,0,0,0,0,0,0,0,33,0,74,84,47
l37,1=0,0,0,0,0,0,0,0,0,0,0,0,0,0,0,0,0,0,0,45,73,44,39,0,0,0,0,0,0,0,0,0,0,0,0,34,49,0,74,47
l38,1=0,0,0,0,0,0,0,0,0,0,0,41,45,36,0,1,26,0,0,59,76,69,47,0,0,0,0,0,0,0,0,0,0,0,0,53,70,75,0,47
l39,1=0,0,0,0,0,0,0,0,0,0,0,0,0,0,0,0,28,0,0,64,71,59,75,0,0,0,0,0,0,0,0,0,0,0,0,26,47,70,74,0

l0,2=0,78,75,80,73,61,76,65,62,76,68,0,0,0,0,0,0,0,0,0,0,0,0,0,0,0,0,0,0,0,0,0,0,0,0,0,0,0,0,0
l1,2=80,0,82,85,80,67,76,68,42,72,78,0,0,0,0,0,0,0,0,0,0,0,0,0,0,0,0,0,0,0,0,0,0,0,0,0,0,0,0,0
l2,2=71,79,0,81,66,77,85,74,18,86,80,0,0,0,0,10,0,0,0,0,0,0,0,0,0,0,0,0,0,0,0,0,0,0,0,0,0,0,0,0
l3,2=82,84,80,0,72,56,28,1,45,0,0,0,0,0,0,0,0,0,0,0,0,0,0,0,0,0,0,0,0,0,0,0,0,0,0,0,0,0,0,0
l4,2=77,78,69,76,0,63,76,63,10,80,62,0,0,0,0,0,0,0,0,0,0,0,0,22,0,0,0,0,0,0,0,0,0,0,0,0,0,0,0,0
l5,2=67,76,80,69,73,0,72,71,58,73,76,0,0,12,0,0,0,0,0,0,0,0,0,0,0,0,0,0,0,0,0,0,0,0,0,0,0,0,0,0
l6,2=59,69,77,28,64,57,0,55,37,69,78,14,20,8,0,10,0,0,0,0,0,0,0,0,0,0,0,0,0,0,0,0,0,0,0,0,0,0,0,0
l7,2=45,64,62,23,46,64,71,0,63,73,86,21,1,21,0,29,0,0,0,0,0,0,0,0,0,0,0,0,0,0,0,0,0,0,0,0,0,0,0,0
l8,2=21,10,0,20,0,28,32,66,0,87,73,40,0,56,3,47,25,37,0,0,0,30,14,0,19,1,0,0,0,0,0,0,0,0,0,0,0,0,3,0
l9,2=25,40,78,0,61,48,63,72,75,0,85,39,25,51,0,36,7,17,0,0,2,2,0,0,0,0,0,0,0,0,0,0,0,0,0,0,0,0,0,0
l10,2=39,69,61,9,37,66,78,76,65,87,0,24,0,44,0,20,0,12,0,0,0,0,0,0,0,0,0,0,0,0,0,0,0,0,0,0,0,0,0,0
l11,2=0,0,0,0,0,0,27,19,46,47,33,0,71,63,52,66,35,78,0,18,25,23,25,20,19,0,0,0,0,0,0,0,0,0,0,25,41,0,28,15
l12,2=0,0,0,0,0,0,20,0,0,46,0,77,0,30,71,63,38,88,0,0,0,28,3,70,87,72,0,0,0,0,0,0,0,0,0,0,0,0,23,0
l13,2=0,0,0,0,0,0,0,23,66,72,49,70,38,0,35,43,33,53,0,22,7,25,16,28,29,20,0,0,0,0,0,0,0,0,0,0,0,0,34,0
l14,2=0,0,0,0,0,0,0,0,34,0,0,57,73,28,0,38,42,48,0,0,26,0,0,75,65,59,0,0,0,0,0,0,0,41,0,0,0,0,39,0
l15,2=0,0,0,0,0,0,24,32,63,45,37,93,72,50,33,0,24,67,0,5,33,0,0,2,70,0,0,0,0,0,0,0,0,0,0,0,20,0,27,19
l16,2=0,0,0,0,0,0,0,0,39,20,0,36,50,24,57,28,0,68,0,12,52,39,49,8,39,28,0,0,0,0,0,0,0,37,0,41,49,0,36,31
l17,2=0,0,0,0,0,0,0,0,41,30,1,85,74,39,48,60,55,0,0,0,31,26,30,36,54,0,0,0,0,0,0,0,0,31,0,2,45,0,29,0
l18,2=0,0,0,0,0,0,0,0,0,0,0,0,0,3,0,0,0,0,0,49,34,46,44,0,0,0,0,0,0,0,0,0,0,0,0,0,0,0,0,0
l19,2=0,0,0,0,0,0,0,0,0,0,0,25,0,27,0,0,5,0,40,0,72,38,72,0,0,0,22,0,0,0,0,45,0,0,0,5,64,16,55,57
l20,2=0,0,0,0,0,0,0,0,0,0,0,17,0,13,19,40,47,36,35,75,0,61,74,0,0,0,0,0,0,0,0,0,0,0,21,41,73,67,65,59
l21,2=0,0,0,0,0,0,0,0,46,27,0,35,37,22,0,0,47,31,39,29,74,0,71,0,0,0,0,0,0,0,0,0,0,34,0,57,74,45,66,60
l22,2=0,0,0,0,0,0,0,0,34,0,0,32,21,21,0,0,47,34,37,82,75,60,0,0,0,0,21,0,0,30,0,5,0,0,0,63,74,48,0,59
l23,2=0,0,0,0,4,0,0,0,0,0,0,19,67,37,59,0,12,56,0,0,0,0,0,0,75,62,0,0,0,0,0,0,0,0,47,0,0,0,0,0
l24,2=0,0,0,0,0,0,0,0,43,0,0,17,70,40,56,57,40,65,0,0,0,0,0,78,0,76,0,0,0,0,0,0,0,38,21,0,32,0,10,0
l25,2=0,0,0,0,0,0,0,0,31,0,0,0,68,27,55,0,39,0,0,0,0,0,0,59,68,0,29,0,0,0,0,49,50,61,41,0,0,0,0,0
l26,2=0,0,0,0,0,0,0,0,0,0,0,0,0,0,0,0,0,0,0,46,0,0,33,0,0,38,0,23,79,79,78,76,77,71,68,0,0,0,0,0
l27,2=0,0,0,0,0,0,0,0,0,0,0,0,0,0,0,0,0,0,0,0,0,0,0,0,0,0,58,0,79,88,87,74,73,65,71,0,0,0,0,0
l28,2=0,0,0,0,0,0,0,0,0,0,0,0,0,0,0,0,0,0,0,0,0,0,0,0,0,1,82,66,0,88,81,74,55,66,54,0,0,0,0,0
l29,2=0,0,0,0,0,0,0,0,0,0,0,0,0,0,0,0,0,0,0,6,0,0,39,0,0,0,76,65,79,0,79,72,65,0,7,0,0,0,0,0
l30,2=0,0,0,0,0,0,0,0,0,0,0,0,0,0,0,0,0,0,0,0,0,0,0,0,0,0,74,76,78,79,0,59,56,62,47,0,0,0,0,0
l31,2=0,0,0,0,0,0,0,0,0,0,0,0,0,0,0,0,0,0,0,50,0,0,20,0,0,47,75,46,70,60,57,0,79,72,72,0,0,0,0,0
l32,2=0,0,0,0,0,0,0,0,0,0,0,0,0,0,0,0,0,0,0,0,0,0,0,0,1,46,65,41,50,56,52,80,0,74,82,0,0,0,0,0
l33,2=0,0,0,0,0,0,0,0,0,0,0,0,0,0,52,0,34,44,0,0,0,36,0,0,44,61,61,28,65,0,65,67,71,0,70,0,0,0,0,0
l34,2=0,0,0,0,0,0,0,0,0,0,0,0,0,0,6,0,11,0,0,0,44,0,0,44,35,47,59,43,60,35,46,71,85,73,0,0,0,0,0,0
l35,2=0,0,0,0,0,0,0,0,0,0,0,0,0,0,0,0,37,0,0,0,30,40,52,0,0,0,0,0,0,0,0,0,0,0,0,0,74,72,67,57
l36,2=0,0,0,0,0,0,0,0,0,0,0,39,0,0,0,9,43,44,0,49,69,54,59,0,10,0,0,0,0,0,0,0,0,0,0,65,0,72,66,59
l37,2=0,0,0,0,0,0,0,0,0,0,0,0,0,0,0,0,0,0,0,15,57,41,41,0,0,0,0,0,0,0,0,0,0,0,0,65,74,0,65,54
l38,2=0,0,0,0,0,0,0,0,4,0,0,28,22,25,27,20,33,21,0,47,71,54,0,0,0,0,0,0,0,0,0,0,0,0,0,65,74,68,0,61
l39,2=0,0,0,0,0,0,0,0,0,0,0,0,0,0,0,6,40,0,0,52,57,48,54,0,0,0,0,0,0,0,0,0,0,0,0,55,65,54,61,0

l0,3=0,86,74,71,86,86,76,74,0,77,0,0,0,0,0,0,0,0,0,0,0,0,0,1,0,0,0,0,0,0,0,0,0,0,0,0,0,0,0,0
l1,3=76,0,73,72,88,87,79,75,57,82,76,0,0,0,0,0,0,0,0,0,0,0,0,0,0,0,0,0,0,0,0,0,0,0,0,0,0,0,0,0
l2,3=77,75,0,68,88,91,93,76,74,82,89,0,0,56,0,0,0,0,0,0,0,0,0,0,0,0,0,0,0,0,0,0,0,0,0,0,0,0,0,0
l3,3=76,88,74,0,88,51,77,0,0,2,74,0,0,0,0,0,0,0,0,0,0,0,0,0,0,0,0,0,0,0,0,0,0,0,0,0,0,0,0,0
l4,3=35,85,85,77,0,92,79,28,0,42,39,0,0,32,0,0,0,0,0,0,0,0,0,0,0,0,0,0,0,0,0,0,0,0,0,0,0,0,0,0
l5,3=77,89,90,42,88,0,76,80,51,77,85,30,0,57,19,1,0,0,0,0,0,0,0,0,0,0,0,0,0,0,0,0,0,0,0,0,0,0,0,0
l6,3=71,83,90,59,79,81,0,80,80,78,95,75,66,54,0,39,62,0,0,0,0,0,0,0,0,0,0,0,0,0,0,0,0,0,0,0,0,0,0,0
l7,3=72,73,80,0,37,83,82,0,84,86,94,0,0,60,0,66,32,0,0,0,0,0,0,0,0,0,0,0,0,0,0,0,0,0,0,0,0,0,0,0
l8,3=0,1,27,0,0,13,64,84,0,87,90,79,28,80,0,81,70,35,0,0,0,57,30,0,33,0,0,0,0,0,0,0,0,0,0,0,0,0,24,0
l9,3=30,40,31,5,37,35,33,82,87,0,97,29,31,79,36,32,0,0,0,0,25,1,0,0,0,0,0,0,0,0,0,0,0,0,0,0,0,0,0,0
l10,3=0,36,82,32,34,87,89,88,84,89,0,33,0,78,16,24,0,0,0,0,0,0,0,21,27,0,0,0,0,0,0,0,0,0,0,0,0,0,9,0
l11,3=0,0,0,0,0,18,78,0,78,44,74,0,90,83,90,91,52,94,0,14,35,69,50,74,79,13,0,0,0,0,0,0,0,0,0,0,65,2,77,0
l12,3=0,0,0,0,0,0,28,0,32,36,0,93,0,40,98,88,36,99,0,21,0,37,25,78,98,78,0,0,0,0,0,0,0,23,0,28,0,0,29,0
l13,3=0,0,13,0,21,30,19,29,88,84,84,92,67,0,0,74,31,57,15,21,23,24,30,43,24,18,0,0,0,0,0,0,0,0,0,0,2,0,27,0
l14,3=0,0,0,0,0,3,0,0,0,31,17,94,93,0,0,30,57,28,0,0,20,0,0,89,97,73,0,0,0,0,0,0,0,26,0,0,0,0,32,0
l15,3=0,0,0,0,0,0,20,33,83,55,35,94,92,74,34,0,63,85,0,13,29,24,0,36,90,0,0,0,0,0,0,0,0,0,0,0,0,0,28,17
l16,3=0,0,0,0,0,0,27,17,43,0,0,18,47,32,76,34,0,84,20,25,77,53,73,29,40,22,0,0,0,0,0,0,0,23,0,0,31,21,34,27
l17,3=0,0,0,0,0,0,0,0,58,0,0,88,93,74,32,82,83,0,0,0,56,27,29,38,90,0,0,0,0,0,0,0,0,0,0,29,56,12,42,18
l18,3=0,0,0,0,0,0,0,0,0,0,0,0,0,44,0,0,40,0,0,62,51,16,47,0,0,0,0,0,0,0,0,0,0,0,0,0,0,0,0,0
l19,3=0,0,0,0,0,0,0,0,0,0,0,0,45,44,0,2,40,0,52,0,87,92,97,0,0,0,0,0,0,45,0,58,0,0,0,0,81,60,78,0
l20,3=0,0,0,0,0,0,0,0,0,36,0,30,0,50,30,77,78,78,43,85,0,93,97,0,64,0,0,0,0,0,0,0,0,0,34,69,85,87,93,90
l21,3=0,0,0,0,0,0,0,0,72,14,0,59,63,47,0,38,76,61,39,87,91,0,92,0,0,0,0,0,0,0,0,0,0,50,0,59,85,79,86,78
l22,3=0,0,0,0,0,0,0,0,52,0,0,40,38,47,0,0,77,64,34,92,92,93,0,0,0,0,63,0,0,66,0,0,0,0,0,94,81,0,92,91
l23,3=0,0,0,0,0,0,0,0,0,0,0,31,84,37,88,27,16,26,0,0,0,0,0,0,97,81,0,0,0,0,0,0,0,26,0,0,0,0,0,0
l24,3=0,0,0,0,0,0,0,0,59,0,29,74,93,32,93,83,69,82,0,0,29,0,0,89,0,82,0,0,0,0,0,0,0,82,0,0,23,0,24,0
l25,3=0,0,0,0,0,0,0,0,0,0,0,20,85,35,86,0,36,0,0,0,0,0,0,87,87,0,14,0,0,6,0,33,44,86,63,0,0,0,0,0
l26,3=0,0,0,0,0,0,0,0,0,0,0,0,0,0,0,0,0,0,0,0,0,0,60,0,0,32,0,72,96,96,96,97,93,58,89,0,0,0,0,0
l27,3=0,0,0,0,0,0,0,0,0,0,0,0,0,0,0,0,0,0,0,0,0,0,0,0,0,0,91,0,96,100,99,90,92,0,27,0,0,0,0,0
l28,3=0,0,0,0,0,0,0,0,0,0,0,0,0,0,0,0,0,0,0,0,0,0,0,0,0,0,97,100,0,100,94,88,82,87,72,0,0,0,0,0
l29,3=0,0,0,0,0,0,0,0,0,0,0,0,0,0,0,0,0,0,0,55,0,0,57,0,0,5,96,99,96,0,96,85,87,58,62,0,0,0,0,0
l30,3=0,0,0,0,0,0,0,0,0,0,0,0,0,0,0,0,0,0,0,0,0,0,0,0,0,0,93,100,91,94,0,77,90,73,0,0,0,0,0,0
l31,3=0,0,0,0,0,0,0,0,0,0,0,0,0,0,0,0,0,0,0,59,0,0,0,18,0,60,97,84,87,86,62,0,96,95,97,0,0,0,0,0
l32,3=0,0,0,0,0,0,0,0,0,0,0,0,3,0,0,0,0,0,0,0,0,0,0,0,0,73,89,82,80,83,81,100,0,95,98,0,0,0,0,0
l33,3=0,0,0,0,0,0,0,0,0,0,0,0,58,0,20,0,62,0,0,0,0,54,0,65,89,86,68,0,89,65,70,91,90,0,92,0,0,0,0,0
l34,3=0,0,0,0,0,0,0,0,0,0,0,0,0,0,4,0,0,0,0,0,53,1,0,14,0,83,88,27,85,84,22,96,96,94,0,0,0,0,0,0
l35,3=0,0,0,0,0,0,0,0,0,0,0,0,25,0,0,0,0,4,0,0,45,21,81,0,0,0,0,0,0,0,0,0,0,0,0,0,85,88,93,83
l36,3=0,0,0,0,0,0,0,0,0,0,0,47,0,13,0,0,65,73,0,62,78,78,71,0,44,0,0,0,0,0,0,0,0,0,0,92,0,87,93,73
l37,3=0,0,0,0,0,0,0,0,0,0,0,0,0,0,0,0,38,6,0,48,80,83,0,0,0,0,0,0,0,0,0,0,0,0,0,92,84,0,82,72
l38,3=0,0,0,0,0,0,0,0,32,0,0,67,54,44,73,61,65,66,0,59,88,82,73,0,35,0,0,0,0,0,0,0,0,0,0,94,90,79,0,85
l39,3=0,0,0,0,0,0,0,0,0,0,0,0,0,0,0,21,73,30,0,0,84,90,88,0,0,0,0,0,0,0,0,0,0,0,0,92,83,79,91,0

l0,4=0,90,70,92,4,93,86,75,0,66,64,0,0,0,0,0,0,0,0,0,0,0,0,0,0,0,0,0,0,0,0,0,0,0,0,0,0,0,0,0
l1,4=85,0,87,91,87,92,88,57,62,69,0,0,0,58,0,0,0,0,0,0,0,0,0,17,0,0,0,0,0,0,0,0,0,0,0,0,0,0,0,0
l2,4=84,90,0,91,87,92,88,80,65,71,91,0,0,76,0,0,0,0,0,0,0,0,0,0,0,0,0,0,0,0,0,0,0,0,0,0,0,0,0,0
l3,4=95,92,87,0,83,89,84,0,63,0,74,0,0,0,0,0,0,0,0,0,0,0,0,0,0,0,0,0,0,0,0,0,0,0,0,0,0,0,0,0
l4,4=0,90,84,86,0,86,70,71,68,58,0,0,0,25,0,0,0,0,0,0,0,0,0,0,0,0,0,0,0,0,0,0,0,0,0,0,0,0,0,0
l5,4=87,86,91,87,85,0,85,82,0,70,85,0,0,81,0,72,0,0,0,0,0,0,0,0,0,0,0,0,0,0,0,0,0,0,0,0,0,0,0,0
l6,4=85,90,89,87,78,88,0,86,71,72,92,80,71,0,0,74,78,0,0,0,0,0,0,0,0,0,0,0,0,0,0,0,0,0,0,0,0,0,0,0
l7,4=85,65,88,0,83,93,92,0,82,82,96,78,0,0,0,81,4,0,0,0,0,0,0,0,0,0,0,0,0,0,0,0,0,0,0,0,0,0,0,0
l8,4=0,57,0,58,68,0,63,74,0,77,77,80,79,88,65,77,77,58,0,0,48,80,72,0,41,0,0,0,0,0,0,0,0,0,0,0,0,0,0,0
l9,4=77,80,72,0,71,77,80,82,82,0,94,79,0,88,0,76,0,61,0,0,65,0,80,0,0,0,0,0,0,0,0,0,0,0,0,0,0,0,0,0
l10,4=73,0,85,74,0,84,88,86,75,82,0,79,78,86,73,78,0,57,0,0,0,0,0,47,5,0,0,0,0,0,0,0,0,0,0,0,0,0,0,0
l11,4=0,0,0,0,0,0,71,50,74,66,81,0,89,85,79,93,83,66,0,0,34,77,81,78,64,60,0,0,0,0,0,0,0,0,0,67,72,0,79,0
l12,4=0,0,0,0,0,0,10,0,74,0,76,91,0,85,88,82,89,89,0,11,55,0,0,81,84,82,0,0,0,0,0,0,31,34,0,0,22,0,79,0
l13,4=0,1,20,0,3,77,0,0,82,72,80,86,87,0,74,82,82,69,0,73,71,74,84,80,0,71,0,0,0,0,0,0,0,0,0,0,1,0,39,0
l14,4=0,0,0,0,0,0,0,0,67,0,79,91,95,83,0,0,84,62,0,0,80,0,0,90,90,75,0,0,0,0,0,0,0,63,72,0,7,0,80,0
l15,4=0,0,0,0,0,59,50,71,72,62,78,94,92,89,0,0,81,60,0,2,74,73,64,74,81,27,0,0,0,0,0,0,0,0,0,0,69,0,74,0
l16,4=0,0,0,0,0,0,63,0,75,0,0,81,91,86,86,83,0,93,62,79,85,85,85,69,80,74,0,0,0,0,0,0,0,0,0,78,69,0,91,79
l17,4=0,0,0,0,0,0,0,0,71,69,71,92,95,88,79,81,96,0,0,0,80,79,84,36,84,69,0,0,0,0,0,0,0,0,0,76,76,0,71,79
l18,4=0,0,0,0,0,0,0,0,0,0,0,0,0,0,0,0,82,0,0,89,0,88,89,0,0,0,0,0,0,0,0,0,0,0,0,0,0,0,0,0
l19,4=0,0,0,0,0,0,0,0,0,0,0,0,16,70,0,0,76,0,68,0,93,92,95,0,0,0,0,0,56,0,0,0,0,0,0,0,84,64,78,88
l20,4=0,0,0,0,0,0,0,0,33,61,0,0,52,78,79,81,83,67,0,92,0,90,95,0,71,0,0,0,20,0,0,0,54,0,0,0,88,76,91,86
l21,4=0,0,0,0,0,0,0,0,66,0,0,73,0,72,0,74,88,50,67,92,92,0,95,0,54,0,0,0,0,0,0,0,0,0,0,24,90,69,74,94
l22,4=0,0,0,0,0,0,0,0,52,70,0,58,0,77,0,52,82,48,57,100,95,93,0,0,0,0,80,0,0,45,0,0,0,38,0,80,89,77,90,82
l23,4=0,0,0,0,0,0,0,0,0,0,0,86,90,88,90,85,84,0,0,0,0,0,0,0,89,91,0,0,0,0,0,0,0,77,84,0,0,0,0,0
l24,4=0,0,0,0,0,0,0,0,53,0,0,79,92,0,91,83,86,77,0,0,77,54,0,98,0,78,0,0,0,0,0,0,0,69,0,0,0,0,0,0
l25,4=0,0,0,0,0,0,0,0,0,0,0,39,95,81,89,34,82,42,0,0,0,0,0,98,88,0,0,0,0,59,0,69,82,81,85,0,0,0,0,0
l26,4=0,0,0,0,0,0,0,0,0,0,0,0,0,0,0,0,0,0,0,0,0,0,91,0,0,0,0,86,100,98,95,98,95,78,91,0,0,0,0,0
l27,4=0,0,0,0,0,0,0,0,0,0,0,0,0,0,0,0,0,0,0,0,0,0,0,0,0,0,95,0,98,97,100,93,81,0,66,0,0,0,0,0
l28,4=0,0,0,0,0,0,0,0,0,0,0,0,0,0,0,0,0,0,0,83,80,0,0,0,0,0,99,100,0,98,94,92,94,90,93,0,0,0,0,0
l29,4=0,0,0,0,0,0,0,0,0,0,0,0,0,0,0,0,0,0,0,6,0,0,79,0,0,77,97,94,100,0,96,87,84,86,85,0,0,0,0,0
l30,4=0,0,0,0,0,0,0,0,0,0,0,0,0,0,0,0,0,0,0,0,0,0,0,0,0,0,97,100,96,97,0,94,85,82,0,0,0,0,0,0
l31,4=0,0,0,0,0,0,0,0,0,0,0,0,0,0,0,0,0,0,0,0,0,0,0,0,0,75,99,86,91,89,89,0,99,100,99,0,0,0,0,0
l32,4=0,0,0,0,0,0,0,0,0,0,0,0,84,0,0,0,0,0,0,0,81,0,0,0,0,95,97,87,100,96,96,100,0,100,99,0,0,0,0,0
l33,4=0,0,0,0,0,0,0,0,0,0,0,0,67,0,74,0,0,0,0,0,0,0,68,88,75,97,83,0,96,77,78,100,99,0,99,0,0,0,0,0
l34,4=0,0,0,0,0,0,0,0,0,0,0,0,0,0,79,0,2,0,0,0,0,0,0,94,8,95,97,75,100,96,0,100,100,100,0,0,0,0,0,0
l35,4=0,0,0,0,0,0,0,0,0,0,0,14,0,0,0,0,69,41,0,0,0,0,77,0,0,0,0,0,0,0,0,0,0,0,0,0,84,85,86,90
l36,4=0,0,0,0,0,0,0,0,0,0,0,53,29,6,0,47,48,62,0,66,74,65,74,0,0,0,0,0,0,0,0,0,0,0,0,84,0,84,89,91
l37,4=0,0,0,0,0,0,0,0,0,0,0,0,0,0,0,0,0,0,0,55,75,65,78,0,0,0,0,0,0,0,0,0,0,0,0,84,83,0,80,82
l38,4=0,0,0,0,0,0,0,0,0,0,0,74,68,21,73,77,80,23,0,73,90,65,87,0,0,0,0,0,0,0,0,0,0,0,0,89,90,80,0,89
l39,4=0,0,0,0,0,0,0,0,0,0,0,0,0,0,0,0,71,49,0,73,79,71,63,0,0,0,0,0,0,0,0,0,0,0,0,83,83,68,85,0

l0,5=0,70,69,85,74,73,77,74,0,74,75,0,0,0,0,0,0,0,0,0,0,0,0,0,0,0,0,0,0,0,0,0,0,0,0,0,0,0,0,0
l1,5=76,0,82,75,87,82,84,73,0,75,51,0,0,0,0,0,0,0,0,0,0,0,0,46,0,0,0,0,0,0,0,0,0,0,0,0,0,0,0,0
l2,5=76,78,0,81,81,78,82,74,0,74,76,0,0,0,0,0,0,0,0,0,0,0,0,0,0,0,0,0,0,0,0,0,0,0,0,0,0,0,0,0
l3,5=87,70,81,0,87,67,74,0,4,61,54,0,0,0,0,0,0,0,0,0,0,0,0,0,0,0,0,0,0,0,0,0,0,0,0,0,0,0,0,0
l4,5=83,81,78,84,0,76,75,68,69,59,70,0,0,67,0,37,0,0,0,0,0,0,0,0,0,0,0,0,0,0,0,0,0,0,0,0,0,0,0,0
l5,5=76,74,71,75,77,0,36,74,55,74,76,64,0,73,0,2,0,0,0,0,0,0,0,0,0,0,0,0,0,0,0,0,0,0,0,0,0,0,0,0
l6,5=76,77,74,75,74,48,0,76,66,75,78,72,0,0,0,0,66,0,0,0,0,0,0,0,0,0,0,0,0,0,0,0,0,0,0,0,0,0,0,0
l7,5=76,68,61,0,72,72,79,0,71,77,89,73,0,0,0,62,0,0,0,0,0,0,0,0,0,0,0,0,0,0,0,0,0,0,0,0,0,0,0,0
l8,5=0,0,0,7,68,50,41,49,0,81,79,78,49,81,61,63,70,71,0,0,7,45,45,51,67,0,0,0,0,0,0,0,0,0,0,0,0,0,0,0
l9,5=57,43,54,65,63,74,75,48,76,0,83,77,22,80,1,59,61,70,0,0,9,0,49,0,46,0,0,0,0,0,0,0,0,0,0,0,0,0,16,0
l10,5=65,31,67,65,65,73,75,80,70,86,0,72,3,67,56,56,4,56,0,0,0,0,0,0,0,0,0,0,0,0,0,0,0,0,0,0,0,0,0,0
l11,5=0,0,0,0,0,27,25,32,47,50,27,0,81,79,80,77,77,82,0,0,12,30,0,51,55,36,0,0,0,0,0,0,0,0,0,0,53,16,22,0
l12,5=0,0,0,0,0,0,0,0,17,2,0,86,0,61,82,60,85,90,0,0,12,0,1,61,82,75,0,0,0,0,0,0,15,14,0,8,50,0,21,0
l13,5=0,0,0,0,37,30,0,0,81,79,21,77,68,0,66,71,73,76,0,3,11,0,46,52,0,45,0,0,0,0,0,0,0,0,0,31,5,0,0,0
l14,5=0,0,0,0,0,0,0,0,23,1,19,83,83,68,0,54,79,70,0,0,16,0,32,77,89,76,0,0,0,0,0,11,0,22,31,0,0,0,22,0
l15,5=0,0,0,0,27,0,0,37,35,37,24,88,74,89,60,0,61,73,0,0,10,35,47,55,81,45,0,0,0,0,0,0,0,0,0,0,50,0,20,18
l16,5=0,0,0,0,0,0,20,0,24,27,0,69,81,59,71,41,0,88,0,13,15,38,49,0,64,43,0,0,0,0,0,15,0,0,30,51,35,12,22,27
l17,5=0,0,0,0,0,0,0,0,35,38,16,87,83,84,73,65,88,0,0,5,20,29,1,7,79,53,0,0,0,0,0,0,0,0,0,32,59,1,0,21
l18,5=0,0,0,0,0,0,0,0,0,0,0,0,0,0,0,0,0,0,0,32,0,63,43,0,0,0,0,0,0,0,0,0,0,0,0,0,0,0,0,0
l19,5=0,0,0,0,0,0,0,0,0,0,0,0,0,12,0,0,53,0,17,0,65,59,73,0,0,0,0,0,14,15,0,0,0,0,0,43,52,9,0,57
l20,5=0,0,0,0,0,0,0,0,8,17,0,17,20,36,37,18,43,51,0,74,0,70,74,0,16,0,18,0,3,0,0,0,20,0,0,0,56,32,68,34
l21,5=0,0,0,0,0,0,0,0,22,9,0,28,0,23,0,30,57,32,30,53,70,0,58,0,40,0,0,0,0,0,0,0,0,0,0,57,54,16,33,63
l22,5=0,0,0,0,0,0,0,0,20,31,0,0,8,44,16,29,57,0,25,80,73,57,0,0,0,0,26,0,0,0,1,0,0,0,0,47,72,22,41,25
l23,5=0,1,0,0,0,0,0,0,32,0,0,62,70,66,71,58,0,0,0,0,0,0,0,0,86,77,0,0,0,0,0,0,0,41,64,0,0,0,0,0
l24,5=0,0,0,0,0,0,0,0,27,24,0,58,82,0,83,64,71,72,0,0,12,32,0,78,0,72,0,0,0,0,0,0,0,23,18,0,0,0,0,0
l25,5=0,0,0,0,0,0,0,0,1,0,0,43,71,51,71,45,65,59,0,0,0,0,0,77,78,0,0,0,0,21,0,0,41,45,50,0,0,0,0,0
l26,5=0,0,0,0,0,0,0,0,0,0,0,0,0,0,0,0,0,0,0,9,42,0,50,0,0,0,0,62,92,94,85,71,79,58,62,0,0,0,0,0
l27,5=0,0,0,0,0,0,0,0,0,0,0,0,0,0,0,0,0,0,0,0,0,0,0,0,0,0,77,0,86,86,91,56,71,0,0,0,0,0,0,0
l28,5=0,0,0,0,0,0,0,0,0,0,0,0,0,0,0,0,0,0,0,53,48,0,0,0,0,0,89,86,0,95,91,61,80,76,67,0,0,0,0,0
l29,5=0,0,0,0,0,0,0,0,0,0,0,0,0,0,0,0,0,0,0,53,0,0,5,0,0,45,88,86,92,0,89,38,71,61,69,0,0,0,0,0
l30,5=0,0,0,0,0,0,0,0,0,0,0,0,0,0,0,0,0,0,0,0,0,0,0,0,0,0,85,86,92,91,0,54,6,60,0,0,0,0,0,0
l31,5=0,0,0,0,0,0,0,0,0,0,0,0,0,0,12,0,34,0,0,1,0,0,0,0,0,0,80,50,50,34,52,0,88,76,76,0,0,0,0,0
l32,5=0,0,0,0,0,0,0,0,0,0,0,0,57,0,0,0,0,0,0,0,35,0,0,0,0,77,84,58,65,68,32,75,0,82,93,0,0,0,0,0
l33,5=0,0,0,0,0,0,0,0,0,0,0,0,50,0,63,0,0,0,0,0,7,0,0,69,72,71,57,0,58,42,62,60,73,0,73,0,0,0,0,0
l34,5=0,0,0,0,0,0,0,0,0,0,0,0,50,0,52,0,57,0,0,0,40,0,0,69,56,66,58,0,50,56,0,71,91,84,0,0,0,0,0,0
l35,5=0,0,0,0,0,0,0,0,0,0,0,0,3,25,0,0,26,15,0,7,0,29,31,0,0,0,0,0,0,0,0,0,0,0,0,0,59,24,18,35
l36,5=0,0,0,0,0,0,0,0,2,0,0,37,28,10,0,31,19,41,0,11,15,31,47,0,0,0,0,0,0,0,0,0,0,0,0,58,0,23,23,41
l37,5=0,0,0,0,0,0,0,0,0,0,0,12,0,0,0,0,25,0,0,5,30,23,42,0,0,0,0,0,0,0,0,0,0,0,0,61,63,0,34,19
l38,5=0,0,0,0,0,0,0,0,0,26,0,45,38,0,48,42,61,0,0,0,45,37,57,0,0,0,0,0,0,0,0,0,0,0,0,59,72,24,0,51
l39,5=0,0,0,0,0,0,0,0,0,0,0,0,0,0,0,0,27,0,0,14,13,38,29,0,0,0,0,0,0,0,0,0,0,0,0,54,77,15,22,0

l0,6=0,76,79,86,84,85,72,15,47,18,60,0,0,0,0,0,0,0,0,0,0,0,0,0,0,0,0,0,0,0,0,0,0,0,0,0,0,0,0,0
l1,6=87,0,88,87,84,81,71,14,35,50,50,0,0,0,0,0,0,0,0,0,0,0,0,16,0,0,0,0,0,0,0,0,0,0,0,0,0,0,0,0
l2,6=85,75,0,87,81,84,70,59,0,54,66,0,0,0,0,0,0,0,0,0,0,0,0,0,0,0,0,0,0,0,0,0,0,0,0,0,0,0,0,0
l3,6=84,76,86,0,84,81,65,0,0,41,24,0,0,0,0,0,0,0,0,0,0,0,0,0,0,0,0,0,0,0,0,0,0,0,0,0,0,0,0,0
l4,6=88,76,86,88,0,85,69,0,35,17,42,0,0,45,0,0,0,0,0,0,0,0,0,12,0,0,0,0,0,0,0,0,0,0,0,0,0,0,0,0
l5,6=84,66,82,85,78,0,67,71,52,53,64,0,0,2,0,0,0,0,0,0,0,0,0,0,0,0,0,0,0,0,0,0,0,0,0,0,0,0,0,0
l6,6=66,68,62,61,61,60,0,71,49,53,64,46,3,10,0,0,47,0,0,0,0,0,1,0,0,0,0,0,0,0,0,0,0,0,0,0,0,0,0,0
l7,6=41,13,67,0,8,80,70,0,59,53,67,50,0,0,0,54,0,0,0,0,0,0,0,0,0,0,0,0,0,0,0,0,0,0,0,0,0,0,0,0
l8,6=38,21,0,0,42,46,39,59,0,61,62,55,15,67,27,34,33,57,0,0,35,35,39,14,37,1,0,0,0,0,0,0,0,0,0,0,0,0,0,0
l9,6=9,43,55,48,23,78,64,58,64,0,65,47,37,59,37,50,40,32,0,0,4,0,22,0,0,0,0,0,0,0,0,0,0,0,0,0,0,0,17,0
l10,6=60,29,45,23,49,62,66,72,62,57,0,50,0,32,0,37,29,0,0,0,0,0,0,0,0,0,0,0,0,0,0,0,0,0,0,0,0,0,0,0
l11,6=0,0,0,0,0,0,29,19,28,40,37,0,30,27,49,68,32,54,0,0,20,0,0,0,44,4,0,0,0,0,0,0,0,0,0,0,26,4,24,0
l12,6=0,0,0,0,0,0,0,0,9,29,0,50,0,22,59,45,59,61,0,0,25,0,0,35,61,69,0,0,0,0,0,0,0,30,23,0,20,0,12,0
l13,6=0,0,0,0,37,0,0,0,64,55,31,40,21,0,44,47,22,55,0,23,10,0,35,19,40,6,0,0,0,0,0,0,0,0,0,9,31,0,18,0
l14,6=0,0,0,0,0,0,0,0,15,32,0,38,51,31,0,31,30,50,0,0,30,0,34,35,53,29,0,0,0,0,0,0,0,32,7,0,1,0,19,0
l15,6=0,0,0,0,0,0,0,26,16,43,31,62,52,36,38,0,32,59,0,0,16,33,32,26,50,12,0,0,0,0,0,0,0,0,0,1,37,0,21,0
l16,6=0,0,0,0,0,0,14,0,3,25,22,34,29,15,33,28,0,64,9,19,28,27,38,15,42,3,0,0,0,0,0,5,0,0,15,10,48,5,23,10
l17,6=0,0,0,0,0,0,0,0,21,29,0,43,34,31,51,42,43,0,0,0,52,23,0,0,50,9,0,0,0,0,0,0,0,23,0,0,27,0,24,0
l18,6=0,0,0,0,0,0,0,0,0,0,0,0,0,4,0,0,33,0,0,31,0,38,0,0,0,0,0,0,0,0,0,0,0,0,0,0,0,0,0,0
l19,6=0,0,0,0,0,0,0,0,0,0,0,0,0,33,0,0,27,0,34,0,59,47,58,0,0,0,0,0,4,40,0,26,0,0,0,5,44,0,0,43
l20,6=0,0,0,0,0,0,0,0,13,0,0,1,12,3,27,0,19,40,0,49,0,61,65,0,4,0,8,0,0,0,0,18,0,21,0,25,51,16,41,26
l21,6=0,0,0,0,0,0,0,0,14,14,0,0,0,0,0,26,35,35,26,39,65,0,58,0,0,0,0,0,0,0,0,0,0,0,0,55,49,16,41,43
l22,6=0,0,0,0,0,0,0,0,15,23,0,0,0,20,28,23,26,0,0,56,69,55,0,0,0,0,25,0,0,4,7,0,0,0,0,21,56,25,41,33
l23,6=0,3,0,0,4,0,0,0,12,0,0,0,45,27,55,45,19,0,0,0,0,0,0,0,62,66,0,0,0,0,0,28,0,42,39,0,0,0,0,0
l24,6=0,0,0,0,0,0,0,0,22,0,0,34,58,44,56,48,48,43,0,0,26,0,0,47,0,45,0,0,0,0,0,0,0,40,28,0,0,0,6,0
l25,6=0,0,0,0,0,0,0,0,6,0,0,19,53,18,54,23,22,23,0,0,0,0,0,43,38,0,0,0,0,0,0,0,29,51,0,0,0,0,0,0
l26,6=0,0,0,0,0,0,0,0,0,0,0,0,0,0,0,0,0,0,0,4,14,0,33,0,0,0,0,53,71,83,61,68,78,27,35,0,0,0,0,0
l27,6=0,0,0,0,0,0,0,0,0,0,0,0,0,0,0,0,0,0,0,0,0,0,0,0,0,0,63,0,70,83,87,51,38,0,0,0,0,0,0,0
l28,6=0,0,0,0,0,0,0,0,0,0,0,0,0,0,0,0,0,0,0,19,0,0,0,0,0,0,75,82,0,86,81,59,52,59,49,0,0,0,0,0
l29,6=0,0,0,0,0,0,0,0,0,0,0,0,0,0,0,0,0,0,0,24,0,0,4,0,0,0,72,85,71,0,32,28,27,22,23,0,0,0,0,0
l30,6=0,0,0,0,0,0,0,0,0,0,0,0,0,0,0,0,0,0,0,0,0,0,0,0,0,0,72,89,70,41,0,39,0,0,25,0,0,0,0,0
l31,6=0,0,0,0,0,0,0,0,0,0,0,0,0,0,0,0,7,0,0,23,12,0,0,12,0,0,69,24,44,31,33,0,79,74,68,0,0,0,0,0
l32,6=0,0,0,0,0,0,0,0,0,0,0,0,5,0,0,0,0,0,0,0,0,0,0,0,0,23,51,20,37,39,3,72,0,75,76,0,0,0,0,0
l33,6=0,0,0,0,0,0,0,0,0,0,0,0,41,0,41,0,0,27,0,0,28,0,0,23,34,51,31,0,37,34,15,59,68,0,61,0,0,0,0,0
l34,6=0,0,0,0,0,0,0,0,0,0,0,0,31,0,25,0,29,0,0,0,0,0,0,26,21,0,38,0,38,27,30,61,84,66,0,0,0,0,0,0
l35,6=0,0,0,0,0,0,0,0,0,0,0,0,0,7,0,0,21,0,0,0,43,45,41,0,0,0,0,0,0,0,0,0,0,0,0,0,65,33,24,32
l36,6=0,0,0,0,0,0,0,0,0,0,0,17,6,13,0,9,24,17,0,23,44,37,45,0,0,0,0,0,0,0,0,0,0,0,0,31,0,35,29,34
l37,6=0,0,0,0,0,0,0,0,0,0,0,0,0,0,0,0,9,0,0,0,32,16,39,0,0,0,0,0,0,0,0,0,0,0,0,46,69,0,26,27
l38,6=0,0,0,0,0,0,0,0,0,10,0,29,11,12,18,22,29,33,0,0,50,45,48,0,0,0,0,0,0,0,0,0,0,0,0,29,59,28,0,32
l39,6=0,0,0,0,0,0,0,0,0,0,0,0,0,0,0,0,22,0,0,34,43,44,43,0,0,0,0,0,0,0,0,0,0,0,0,54,63,28,40,0

l0,7=0,97,81,92,89,88,81,0,73,74,81,0,0,1,0,0,0,0,0,0,0,0,0,10,0,0,0,0,0,0,0,0,0,0,0,0,0,0,0,0
l1,7=90,0,91,93,92,83,85,86,40,71,78,0,0,0,0,0,0,0,0,0,0,0,0,0,0,0,0,0,0,0,0,0,0,0,0,0,0,0,0,0
l2,7=88,92,0,93,88,82,85,49,34,81,0,0,0,0,0,2,0,0,0,0,0,0,0,0,0,0,0,0,0,0,0,0,0,0,0,0,0,0,0,0
l3,7=88,92,83,0,93,77,75,54,51,51,75,0,0,0,0,0,0,0,0,0,0,0,0,0,0,0,0,0,0,0,0,0,0,0,0,0,0,0,0,0
l4,7=88,93,83,96,0,83,85,31,74,38,85,0,0,59,0,16,0,0,0,0,0,0,0,0,13,0,0,0,0,0,0,0,0,0,0,0,0,0,0,0
l5,7=89,89,81,78,91,0,85,88,76,79,85,0,0,0,0,1,0,0,0,0,0,0,0,0,0,0,0,0,0,0,0,0,0,0,0,0,0,0,0,0
l6,7=73,90,83,72,91,83,0,88,0,82,86,55,0,33,0,0,30,0,0,0,0,0,0,0,0,0,0,0,0,0,0,0,0,0,0,0,0,0,0,0
l7,7=0,52,62,51,47,83,85,0,73,82,86,33,7,36,0,63,0,6,0,0,0,0,0,0,0,0,0,0,0,0,0,0,0,0,0,0,0,0,0,0
l8,7=39,25,34,38,67,63,0,28,0,82,86,70,15,71,23,71,45,32,0,1,8,15,23,0,6,0,0,0,0,0,0,0,0,0,0,0,0,0,3,0
l9,7=37,25,41,28,37,67,80,88,85,0,90,65,14,68,18,69,2,13,0,0,19,13,13,0,0,8,0,0,0,0,0,0,0,0,0,0,0,0,34,0
l10,7=69,32,0,42,59,79,80,88,85,82,0,66,0,11,0,66,54,1,0,0,0,0,0,0,0,0,0,0,0,0,0,0,0,0,0,0,0,0,0,0
l11,7=0,0,0,0,0,0,32,2,23,32,52,0,37,20,19,84,53,22,0,0,19,0,17,9,21,1,0,0,0,0,0,0,0,0,0,35,10,0,42,14
l12,7=0,0,0,0,0,0,0,0,9,24,0,76,0,9,39,76,64,33,0,0,21,17,0,19,85,77,0,0,0,0,0,0,0,29,23,0,0,0,27,0
l13,7=0,0,0,0,42,0,34,15,69,51,30,62,11,0,21,72,40,29,0,0,18,0,3,10,26,36,0,0,0,0,0,0,0,0,0,35,6,0,30,0
l14,7=0,0,0,0,0,0,0,0,11,26,0,52,56,20,0,51,57,50,0,0,22,24,18,40,23,48,0,0,0,0,0,0,0,27,0,0,0,0,32,0
l15,7=0,0,0,0,25,1,0,18,26,49,53,84,62,36,23,0,43,30,0,1,25,28,21,17,16,28,0,0,0,0,0,0,0,0,0,0,44,16,43,0
l16,7=0,0,0,0,0,0,29,0,5,3,49,53,18,14,22,46,0,33,13,5,28,32,26,8,18,22,0,0,0,0,0,2,9,5,0,48,52,36,41,15
l17,7=0,0,0,0,0,0,0,0,17,26,9,58,17,20,33,64,61,0,0,0,31,30,20,9,32,0,0,0,0,0,0,0,0,24,0,0,48,0,52,0
l18,7=0,0,0,0,0,0,0,0,0,0,0,0,0,0,0,0,46,0,0,31,50,33,0,0,0,0,0,0,0,0,0,0,0,0,0,0,0,0,0,0
l19,7=0,0,0,0,0,0,0,0,1,0,0,0,8,0,0,0,23,0,14,0,67,56,56,0,0,0,0,0,26,34,0,27,0,0,0,0,49,0,29,39
l20,7=0,0,0,0,0,0,0,0,0,24,0,13,12,13,20,33,47,28,9,70,0,71,63,0,0,0,28,0,10,0,0,12,0,19,0,61,60,44,52,47
l21,7=0,0,0,0,0,0,0,0,20,30,0,1,18,0,28,40,48,33,10,35,74,0,56,0,0,0,0,0,0,0,0,0,17,0,14,63,56,44,52,49
l22,7=0,0,0,0,0,0,0,0,13,26,0,42,0,3,13,37,46,17,0,69,78,70,0,0,0,0,37,0,0,33,0,10,0,0,0,1,64,45,50,47
l23,7=0,0,0,0,0,0,0,0,0,0,0,44,58,15,68,52,45,25,0,0,0,0,0,0,88,81,0,0,0,0,0,0,4,32,42,0,0,0,0,0
l24,7=0,0,0,0,28,0,0,0,2,1,0,51,75,15,22,40,53,44,0,0,0,0,0,56,0,60,0,0,0,0,0,0,0,31,29,0,0,0,0,0
l25,7=0,0,0,0,0,0,0,0,0,23,0,0,71,47,63,36,31,0,0,0,0,0,0,51,67,0,0,0,0,17,0,7,29,38,0,0,0,0,24,0
l26,7=0,0,0,0,0,0,0,0,0,0,0,0,0,0,0,0,0,0,0,0,45,0,42,0,0,0,0,64,81,87,78,75,82,57,65,0,0,0,0,0
l27,7=0,0,0,0,0,0,0,0,0,0,0,0,0,0,0,0,0,0,0,0,0,0,0,0,0,0,76,0,81,87,90,35,60,0,0,0,0,0,0,0
l28,7=0,0,0,0,0,0,0,0,0,0,0,0,0,0,0,0,0,0,0,32,38,0,0,0,0,0,82,85,0,89,90,67,49,61,41,0,0,0,0,0
l29,7=0,0,0,0,0,0,0,0,0,0,0,0,0,0,0,0,0,0,0,43,0,0,32,0,0,21,80,81,81,0,90,66,74,50,20,0,0,0,0,0
l30,7=0,0,0,0,0,0,0,0,0,0,0,0,0,0,0,0,0,0,0,0,0,0,0,0,0,0,75,81,81,87,0,61,57,33,45,0,0,0,0,0
l31,7=0,0,0,0,0,0,0,0,0,0,0,0,0,0,0,0,31,0,0,48,34,0,19,0,0,9,74,24,61,38,41,0,82,79,82,0,0,0,0,0
l32,7=0,0,0,0,0,0,0,0,0,0,0,0,12,0,0,0,37,0,0,0,0,22,0,8,0,41,73,39,39,51,43,76,0,77,87,0,0,0,0,0
l33,7=0,0,0,0,0,0,0,0,0,0,0,0,55,0,52,0,37,51,0,0,47,0,0,20,43,45,48,0,55,41,36,74,81,0,59,0,0,0,0,0
l34,7=0,0,0,0,0,0,0,0,0,0,0,0,40,0,0,0,0,0,0,0,0,30,1,32,41,0,50,10,40,30,36,71,85,53,0,0,0,0,0,0
l35,7=0,0,0,0,0,0,0,0,0,0,0,4,0,8,0,0,46,0,0,0,33,34,0,0,0,0,0,0,0,0,0,0,0,0,0,0,59,58,48,47
l36,7=0,0,0,0,0,0,0,0,0,0,0,0,0,0,0,23,48,23,0,15,45,34,39,0,0,0,0,0,0,0,0,0,0,0,0,65,0,58,54,53
l37,7=0,0,0,0,0,0,0,0,0,0,0,0,0,0,0,0,30,0,0,0,40,41,20,0,0,0,0,0,0,0,0,0,0,0,0,71,65,0,42,0
l38,7=0,0,0,0,0,0,0,0,0,25,0,54,11,16,16,43,49,30,0,5,51,37,27,0,0,3,0,0,0,0,0,0,0,0,0,64,62,53,0,42
l39,7=0,0,0,0,0,0,0,0,0,0,0,0,0,0,0,0,22,0,0,17,51,54,36,0,0,0,0,0,0,0,0,0,0,0,0,62,66,0,42,0

l0,8=0,96,82,98,96,100,96,58,65,93,94,0,0,66,0,0,0,0,0,0,0,0,0,6,0,0,0,0,0,0,0,0,0,0,0,0,0,0,0,0
l1,8=97,0,83,97,96,100,95,88,93,89,94,0,0,0,0,0,0,0,0,0,0,0,0,0,0,0,0,0,0,0,0,0,0,0,0,0,0,0,0,0
l2,8=97,96,0,97,92,100,97,88,0,51,90,0,0,6,0,63,0,0,0,0,0,0,0,0,0,0,0,0,0,0,0,0,0,0,0,0,0,0,0,0
l3,8=96,96,82,0,96,95,89,77,0,0,77,0,0,0,0,0,0,0,0,0,0,0,0,0,3,0,0,0,0,0,0,0,0,0,0,0,0,0,0,0
l4,8=96,96,75,97,0,100,96,77,93,79,93,0,0,75,0,0,0,0,0,0,0,0,0,33,46,0,0,0,0,0,0,0,0,0,0,0,0,0,0,0
l5,8=97,95,86,93,96,0,96,88,94,87,96,58,28,1,0,0,0,0,0,0,0,0,0,0,0,0,0,0,0,0,0,0,0,0,0,0,0,0,0,0
l6,8=91,91,81,89,92,95,0,89,49,92,90,4,0,45,0,0,76,0,0,0,0,0,0,0,0,0,0,0,0,0,0,0,0,0,0,0,0,0,0,0
l7,8=83,90,78,90,88,95,92,0,95,97,99,34,0,90,0,0,0,62,0,0,0,0,0,0,0,0,0,0,0,0,0,0,0,0,0,0,0,0,0,0
l8,8=58,82,0,13,91,65,44,93,0,97,95,93,0,91,50,90,0,92,0,35,0,0,79,0,4,0,0,0,0,0,0,0,0,0,0,0,0,0,0,0
l9,8=92,50,6,0,70,56,92,93,97,0,99,91,66,90,15,90,92,85,0,0,0,50,2,53,48,0,0,0,0,0,0,0,0,0,0,0,0,0,45,0
l10,8=90,92,71,88,89,95,92,93,96,97,0,81,0,87,0,89,16,0,0,0,0,0,0,0,0,0,0,0,0,0,0,0,0,0,0,0,0,0,0,0
l11,8=0,0,0,0,0,18,4,1,58,55,77,0,99,38,48,95,94,94,0,0,27,61,45,45,45,45,0,0,0,0,0,0,0,0,0,44,15,0,43,0
l12,8=0,0,0,0,0,0,0,0,0,17,0,99,0,0,58,84,99,93,0,0,43,3,0,59,95,64,0,0,0,0,0,0,0,65,26,40,7,0,37,0
l13,8=42,0,0,1,48,0,20,74,98,90,89,62,0,0,49,83,69,69,0,0,52,54,0,55,50,46,0,0,0,0,0,0,0,0,0,50,0,0,45,0
l14,8=0,0,0,0,0,0,0,0,43,15,0,77,100,45,0,76,84,94,0,0,60,63,9,79,95,54,0,0,0,0,0,0,0,0,0,0,20,0,0,0
l15,8=0,0,1,0,0,0,0,0,55,48,81,99,92,47,52,0,85,90,0,0,67,66,73,54,40,25,0,0,0,0,0,0,0,0,0,0,20,0,45,0
l16,8=0,0,0,0,0,0,11,0,0,18,1,98,92,17,44,61,0,81,11,37,76,64,80,35,57,25,0,0,0,0,0,38,0,1,41,49,32,4,37,50
l17,8=0,0,0,0,0,0,0,15,43,20,0,97,83,14,53,83,92,0,0,14,68,46,68,29,49,0,0,0,0,0,0,0,0,69,0,0,8,0,45,32
l18,8=0,0,0,0,0,0,0,0,0,0,0,0,0,0,0,0,72,0,0,71,80,66,0,0,0,0,0,0,0,0,0,0,0,0,0,0,0,0,21,0
l19,8=0,0,0,0,0,0,0,0,26,0,0,0,1,0,0,0,74,66,36,0,95,72,83,0,0,0,15,0,47,0,0,72,0,0,0,55,44,0,0,76
l20,8=0,0,0,0,0,0,0,0,0,0,0,0,35,22,24,42,67,59,33,89,0,91,90,0,0,0,21,0,1,0,0,0,0,4,4,60,41,26,70,54
l21,8=0,0,0,0,0,0,0,0,0,16,0,58,31,30,29,41,66,40,14,40,95,0,89,0,0,0,0,0,0,0,0,24,0,21,0,62,28,21,53,65
l22,8=0,0,0,0,0,0,0,0,29,8,0,39,0,0,6,38,76,58,0,84,95,87,0,0,0,0,0,0,0,44,0,53,0,0,0,69,61,21,68,51
l23,8=0,0,0,0,1,0,0,0,0,36,0,74,90,49,89,67,78,74,0,0,0,0,0,0,95,91,0,0,0,0,0,0,63,72,82,0,0,0,0,0
l24,8=0,0,0,46,13,0,0,0,0,37,0,76,100,45,94,67,97,84,0,0,0,0,0,91,0,88,0,0,0,0,0,28,0,47,55,0,2,0,0,0
l25,8=0,0,0,0,0,0,0,0,0,0,0,73,98,49,83,51,74,0,0,0,0,0,0,91,92,0,0,0,0,58,0,55,62,81,78,0,0,0,8,0
l26,8=0,0,0,0,0,0,0,0,0,0,0,0,0,0,0,0,0,0,0,48,71,0,0,0,0,0,0,90,93,92,88,92,80,88,87,0,0,0,0,0
l27,8=0,0,0,0,0,0,0,0,0,0,0,0,0,0,0,0,0,0,0,0,0,0,0,0,0,0,92,0,93,92,94,0,73,0,79,0,0,0,0,0
l28,8=0,0,0,0,0,0,0,0,0,0,0,0,0,0,0,0,0,0,0,75,71,0,0,0,0,0,92,94,0,92,94,92,59,90,81,0,0,0,0,0
l29,8=0,0,0,0,0,0,0,0,0,0,0,0,0,0,0,0,0,0,0,0,0,0,72,0,0,66,91,94,93,0,94,91,54,77,74,0,0,0,0,0
l30,8=0,0,0,0,0,0,0,0,0,0,0,0,0,0,0,0,0,0,0,0,0,0,0,0,0,0,84,94,93,92,0,81,71,80,0,0,0,0,0,0
l31,8=0,0,0,0,0,0,0,0,0,0,0,0,0,0,0,0,60,0,0,71,46,13,70,0,48,59,92,0,85,82,67,0,80,92,90,0,0,0,0,0
l32,8=0,0,0,0,0,0,0,0,0,0,0,0,17,0,0,0,0,0,0,0,0,0,0,80,0,79,89,81,68,68,77,92,0,93,91,0,0,0,0,0
l33,8=0,0,0,0,0,0,0,0,0,0,0,0,77,0,0,0,6,82,0,0,62,12,0,80,67,80,74,0,77,71,74,88,91,0,83,0,0,0,0,0
l34,8=0,0,0,0,0,0,0,0,0,0,0,0,71,0,0,0,76,0,0,0,61,0,0,80,45,67,74,67,72,73,0,89,92,85,0,0,0,0,0,0
l35,8=0,0,0,0,0,0,0,0,0,0,0,8,23,14,0,0,38,0,0,17,33,44,47,0,0,0,0,0,0,0,0,0,0,0,0,0,52,39,62,64
l36,8=0,0,0,0,0,0,0,0,0,0,0,33,15,0,4,27,40,36,0,14,49,46,65,0,1,0,0,0,0,0,0,0,0,0,0,76,0,16,44,65
l37,8=0,0,0,0,0,0,0,0,0,0,0,0,0,0,0,0,36,0,0,0,42,43,46,0,0,0,0,0,0,0,0,0,0,0,0,70,26,0,31,41
l38,8=0,0,0,0,0,0,0,0,0,14,0,41,30,27,0,46,47,50,0,0,59,67,63,0,0,0,0,0,0,0,0,0,0,0,0,79,59,23,0,40
l39,8=0,0,0,0,0,0,0,0,0,0,0,0,0,0,0,0,71,1,0,61,75,74,66,0,0,0,0,0,0,0,0,0,0,0,0,77,51,37,59,0

l0,9=0,99,99,97,97,95,92,96,0,99,91,0,0,1,0,0,0,0,0,0,0,0,0,0,0,0,0,0,0,0,0,0,0,0,0,0,0,0,0,0
l1,9=100,0,99,95,97,94,95,97,92,93,95,0,0,0,0,0,0,0,0,0,0,0,0,0,0,0,0,0,0,0,0,0,0,0,0,0,0,0,0,0
l2,9=100,99,0,97,97,99,99,95,0,90,75,0,23,0,0,3,0,0,0,0,0,0,0,0,0,0,0,0,0,0,0,0,0,0,0,0,0,0,0,0
l3,9=100,96,97,0,97,89,90,95,0,70,82,0,0,0,0,0,0,0,0,0,0,0,0,0,0,0,0,0,0,0,0,0,0,0,0,0,0,0,0,0
l4,9=100,99,96,97,0,93,91,96,92,90,95,0,0,0,67,0,0,0,0,0,0,0,0,0,0,0,0,0,0,0,0,0,0,0,0,0,0,0,0,0
l5,9=100,99,99,97,96,0,99,68,97,99,100,0,0,79,0,0,0,0,0,0,0,0,0,0,0,0,0,0,0,0,0,0,0,0,0,0,0,0,0,0
l6,9=66,87,99,90,83,97,0,100,85,97,100,0,0,86,0,0,70,0,0,0,0,0,0,0,0,0,0,0,0,0,0,0,0,0,0,0,0,0,0,0
l7,9=63,83,64,95,97,92,99,0,99,99,100,30,10,99,0,66,0,0,0,0,0,0,0,0,0,0,0,0,0,0,0,0,0,0,0,0,0,0,0,0
l8,9=0,37,0,0,96,97,89,98,0,100,73,86,0,98,0,74,92,94,0,28,0,0,92,0,0,0,0,0,0,0,0,0,0,0,0,0,0,0,0,0
l9,9=99,79,59,80,93,96,99,100,99,0,100,97,47,99,94,99,95,0,0,0,0,0,2,45,1,0,0,0,0,0,0,0,0,0,0,0,0,0,0,0
l10,9=99,98,97,95,97,99,99,100,99,100,0,17,49,98,4,98,80,86,0,0,0,0,0,27,0,0,0,0,0,0,0,0,0,0,0,0,0,0,0,0
l11,9=0,0,0,0,0,0,0,14,94,94,33,0,98,61,58,99,96,96,0,0,35,78,51,49,33,31,0,0,0,0,0,0,0,0,0,0,72,3,75,0
l12,9=0,0,0,0,0,0,0,0,0,22,1,63,0,60,98,98,100,99,0,0,22,73,2,72,40,100,0,0,0,0,0,0,0,1,16,0,78,0,92,0
l13,9=0,0,0,24,0,66,86,91,98,100,56,97,60,0,58,99,98,0,0,9,35,87,0,49,34,32,0,0,0,0,0,0,0,0,0,0,61,0,92,0
l14,9=0,0,0,0,63,0,0,0,0,95,1,77,99,60,0,79,97,98,0,0,31,78,82,99,100,17,0,0,0,0,0,0,0,0,0,0,75,0,0,0
l15,9=0,0,0,0,0,0,0,12,81,96,55,98,60,61,58,0,98,97,0,0,28,76,79,45,36,0,0,0,0,0,0,0,0,0,0,0,74,53,92,0
l16,9=0,0,0,0,0,0,49,0,71,83,40,44,59,61,58,78,0,97,37,31,41,0,85,50,36,28,0,0,0,0,0,12,0,40,49,0,71,43,95,89
l17,9=0,0,0,0,0,0,0,0,88,0,45,46,63,0,60,80,100,0,0,32,18,90,88,0,2,20,0,0,0,0,0,0,0,49,0,0,0,0,89,92
l18,9=0,0,0,0,0,0,0,0,0,0,0,0,0,0,0,0,94,0,0,0,69,82,0,0,0,0,0,0,0,0,0,0,0,0,0,0,1,0,0,0
l19,9=0,0,0,0,0,0,0,0,52,0,0,0,0,8,0,0,93,84,0,0,92,88,88,0,0,0,80,0,48,0,0,52,0,0,0,0,71,19,72,89
l20,9=0,0,0,0,0,0,0,0,0,0,0,38,43,45,40,53,90,9,35,91,0,96,95,0,0,0,58,0,0,0,0,3,0,0,38,52,75,78,89,91
l21,9=0,0,0,0,0,0,0,0,0,0,0,35,48,51,50,59,21,81,36,32,96,0,95,0,0,0,0,0,0,0,0,0,0,25,0,55,67,73,93,90
l22,9=0,0,0,0,0,0,0,0,74,29,0,8,29,0,77,71,88,81,0,90,96,91,0,0,0,0,72,0,0,39,0,40,0,0,0,54,88,73,93,0
l23,9=0,0,0,0,0,0,0,0,0,83,0,46,99,61,99,78,99,0,0,0,0,0,0,0,100,100,0,0,0,0,0,0,57,59,63,0,0,0,0,0
l24,9=0,0,0,0,0,0,0,0,0,5,0,46,99,61,99,79,100,0,0,0,14,0,0,100,0,96,0,0,0,0,0,0,0,57,46,0,78,0,0,0
l25,9=0,0,0,2,0,0,0,0,0,0,0,44,99,61,42,0,98,83,0,0,0,0,0,100,100,0,0,0,0,14,0,0,53,99,52,0,0,0,71,0
l26,9=0,0,0,0,0,0,0,0,0,0,0,0,0,0,0,0,0,0,0,75,71,0,82,0,0,0,0,76,98,97,94,92,94,79,76,0,0,0,0,0
l27,9=0,0,0,0,0,0,0,0,0,0,0,0,0,0,0,0,0,0,0,0,0,0,0,0,0,0,92,0,98,97,100,84,82,0,0,0,0,0,0,0
l28,9=0,0,0,0,0,0,0,0,0,0,0,0,0,0,0,0,0,0,0,75,0,0,0,0,0,0,100,100,0,97,100,76,0,80,19,0,0,0,0,0
l29,9=0,0,0,0,0,0,0,0,0,0,0,0,0,0,0,0,0,0,0,0,9,0,81,0,0,1,100,100,98,0,100,88,37,79,74,0,0,0,0,0
l30,9=0,0,0,0,0,0,0,0,0,0,0,0,0,0,0,0,0,0,0,0,0,0,0,0,0,0,99,100,98,97,0,85,86,45,79,0,0,0,0,0
l31,9=0,0,0,0,0,0,0,0,0,0,0,0,0,0,0,0,12,0,0,32,17,0,51,0,0,0,99,80,91,95,93,0,98,100,100,0,0,0,0,0
l32,9=0,0,0,0,0,0,0,0,0,0,0,0,0,0,0,0,0,0,0,0,0,0,0,56,0,30,100,37,0,10,96,99,0,100,100,0,0,0,0,0
l33,9=0,0,0,0,0,0,0,0,0,0,0,0,32,0,0,0,56,72,0,0,18,15,0,94,97,97,93,0,94,76,36,99,99,0,100,0,0,0,0,0
l34,9=0,0,0,0,0,0,0,0,0,0,0,0,48,0,3,0,96,0,0,0,39,0,0,97,34,30,100,0,4,73,57,99,99,100,0,0,0,0,0,0
l35,9=0,0,0,0,0,0,0,0,0,0,0,0,0,0,0,0,0,0,0,0,30,64,66,0,0,0,0,0,0,0,0,0,0,0,0,0,89,82,89,82
l36,9=0,0,0,0,0,0,0,0,0,0,0,15,36,0,13,37,53,0,0,13,31,41,80,0,7,0,0,0,0,0,0,0,0,0,0,55,0,84,91,88
l37,9=0,0,0,0,0,0,0,0,0,0,0,0,0,0,0,2,0,0,0,0,31,49,71,0,0,0,0,0,0,0,0,0,0,0,0,53,78,0,91,85
l38,9=0,0,0,0,0,0,0,0,0,0,0,14,42,38,0,65,89,49,0,16,41,88,84,0,0,1,0,0,0,0,0,0,0,0,0,55,78,82,0,91
l39,9=0,0,0,0,0,0,0,0,0,0,0,0,0,0,0,0,86,76,0,27,54,75,0,0,0,0,0,0,0,0,0,0,0,0,0,53,74,77,86,0

l0,10=0,92,90,90,88,84,0,83,27,80,80,0,0,0,0,0,0,0,0,0,0,0,0,0,0,0,0,0,0,0,0,0,0,0,0,0,0,0,0,0
l1,10=95,0,90,88,85,89,89,82,64,73,75,0,0,0,0,0,0,0,0,0,0,0,0,0,0,0,0,0,0,0,0,0,0,0,0,0,0,0,0,0
l2,10=95,88,0,89,83,90,88,85,68,86,83,0,3,0,0,0,0,0,0,0,0,0,0,0,0,0,0,0,0,0,0,0,0,0,0,0,0,0,0,0
l3,10=96,91,92,0,95,88,76,70,0,68,56,0,0,0,0,0,0,0,0,0,0,0,0,0,0,0,0,0,0,0,0,0,0,0,0,0,0,0,0,0
l4,10=95,83,90,89,0,89,77,83,75,74,86,0,0,0,38,0,0,0,0,0,0,0,0,0,0,0,0,0,0,0,0,0,0,0,0,0,0,0,0,0
l5,10=86,89,90,86,87,0,89,88,79,85,85,0,0,77,0,0,0,0,0,0,0,0,0,0,0,0,0,0,0,0,0,0,0,0,0,0,0,0,0,0
l6,10=0,82,83,74,72,86,0,87,77,86,76,0,0,67,0,12,9,0,0,0,0,0,0,0,0,0,0,0,0,0,0,0,0,0,0,0,0,0,0,0
l7,10=79,76,75,74,80,86,87,0,87,89,87,61,52,83,34,0,0,0,0,0,0,0,0,0,0,0,0,0,0,0,0,0,0,0,0,0,0,0,0,0
l8,10=4,54,9,31,68,59,77,82,0,92,68,82,67,84,11,78,7,42,0,43,0,0,63,68,0,0,0,0,0,0,0,0,0,0,0,0,0,0,0,0
l9,10=67,56,71,66,62,65,83,87,88,0,87,80,71,83,67,71,0,0,0,0,0,31,0,34,30,0,0,0,0,0,0,0,0,0,0,0,0,0,0,0
l10,10=65,62,65,63,78,71,78,87,66,91,0,65,0,75,0,70,0,55,0,0,0,0,0,15,0,0,0,0,0,0,0,0,0,0,0,0,0,0,0,0
l11,10=0,0,0,0,0,0,0,32,76,71,62,0,84,82,85,87,36,85,0,0,59,60,0,76,55,45,0,0,0,0,0,0,0,0,0,28,39,0,50,0
l12,10=0,0,0,0,0,0,0,0,62,68,0,89,0,81,97,86,95,95,0,0,70,70,0,92,99,99,0,0,0,0,0,0,0,46,0,5,0,0,66,0
l13,10=0,0,0,0,0,51,40,44,88,86,76,84,77,0,67,83,45,12,0,20,60,57,0,69,52,37,0,0,0,0,0,0,0,0,0,0,0,0,51,0
l14,10=0,0,0,0,47,0,0,0,7,71,0,88,96,77,0,81,51,86,0,0,47,53,56,83,98,55,0,0,0,0,0,0,0,75,0,0,47,0,52,0
l15,10=0,0,0,0,0,0,0,0,76,72,77,91,90,86,80,0,45,51,0,33,49,2,61,32,52,22,0,0,0,0,0,0,0,0,0,0,6,0,47,0
l16,10=0,0,0,0,0,0,0,0,6,0,0,62,93,70,75,71,0,55,17,39,70,69,60,63,60,1,0,0,0,0,0,0,0,0,25,0,20,70,79,42
l17,10=0,0,0,0,0,0,0,0,64,0,68,88,96,61,94,86,54,0,0,43,46,79,77,0,52,25,0,0,0,0,0,0,0,61,0,0,32,0,75,29
l18,10=0,0,0,0,0,0,0,0,0,0,0,0,0,0,0,0,37,0,0,77,78,71,0,0,0,0,0,0,0,0,0,0,0,0,0,0,0,0,0,0
l19,10=0,0,0,0,0,0,0,0,31,0,0,0,0,7,0,56,36,46,49,0,81,66,64,0,0,0,49,0,0,0,0,36,0,0,0,41,0,60,0,66
l20,10=0,0,0,0,0,0,0,0,0,0,0,34,65,59,8,52,44,37,45,84,0,92,90,0,0,0,0,0,0,0,0,0,48,0,0,46,48,69,79,58
l21,10=0,0,0,0,0,0,0,0,0,43,0,61,65,59,55,7,44,50,52,71,89,0,89,0,0,0,1,0,0,0,0,0,0,62,0,45,39,64,72,57
l22,10=0,0,0,0,0,0,0,0,52,2,0,0,0,0,44,51,37,46,0,81,87,85,0,0,0,0,46,0,0,15,0,43,0,0,0,65,62,61,79,57
l23,10=0,0,0,0,0,0,0,0,72,36,0,82,96,77,92,1,49,0,0,0,0,0,0,0,100,100,0,0,0,0,0,1,79,85,8,0,0,0,0,0
l24,10=0,0,0,0,0,0,0,0,0,54,0,88,96,85,98,82,98,51,0,0,2,0,0,99,0,99,0,0,0,0,0,0,0,79,33,0,0,0,41,0
l25,10=0,0,0,53,0,0,0,0,0,0,0,85,96,72,98,69,7,45,0,0,0,0,0,99,100,0,43,0,0,0,0,51,69,97,60,0,0,0,49,0
l26,10=0,0,0,0,0,0,0,0,0,0,0,0,0,0,0,0,0,0,0,61,0,0,47,0,0,31,0,62,97,98,98,98,93,63,68,0,0,0,0,0
l27,10=0,0,0,0,0,0,0,0,0,0,0,0,0,0,0,0,0,0,0,0,0,0,0,0,0,0,82,0,92,98,100,78,0,0,68,0,0,0,0,0
l28,10=0,0,0,0,0,0,0,0,0,0,0,0,0,0,0,0,0,0,0,0,1,0,0,0,0,0,90,93,0,98,100,84,58,71,59,0,0,0,0,0
l29,10=0,0,0,0,0,0,0,0,0,0,0,0,0,0,0,0,0,0,0,0,19,0,43,0,0,0,90,93,97,0,100,80,61,2,59,0,0,0,0,0
l30,10=0,0,0,0,0,0,0,0,0,0,0,0,0,0,0,0,0,0,0,0,0,0,0,0,0,0,90,94,97,98,0,85,77,59,71,0,0,0,0,0
l31,10=0,0,0,0,0,0,0,0,0,0,0,0,0,0,0,0,0,0,0,60,0,0,48,30,0,61,90,58,88,97,97,0,99,100,100,0,0,0,0,0
l32,10=0,0,0,0,0,0,0,0,0,0,0,0,0,0,0,0,0,0,0,21,63,0,0,86,4,46,89,0,56,73,86,98,0,100,100,0,0,0,0,0
l33,10=0,0,0,0,0,0,0,0,0,0,0,0,71,0,81,0,0,41,0,0,0,51,0,94,92,100,71,0,88,11,78,99,99,0,100,0,0,0,0,0
l34,10=0,0,0,0,0,0,0,0,0,0,0,0,1,0,0,0,68,0,0,0,24,0,0,37,39,57,89,63,65,30,46,99,99,100,0,0,0,0,0,0
l35,10=0,0,0,0,0,0,0,0,0,0,0,4,19,0,0,0,2,0,0,42,59,59,64,0,0,0,0,0,0,0,0,0,0,0,0,0,81,75,68,51
l36,10=0,0,0,0,0,0,0,0,0,0,0,42,0,0,50,0,16,25,0,0,71,29,68,0,0,0,0,0,0,0,0,0,0,0,0,59,0,81,75,57
l37,10=0,0,0,0,0,0,0,0,0,0,0,0,0,0,0,0,31,0,0,41,61,63,64,0,0,0,0,0,0,0,0,0,0,0,0,49,46,0,65,53
l38,10=0,0,0,0,0,0,0,0,0,0,0,43,62,58,36,53,47,34,0,0,71,72,76,0,6,10,0,0,0,0,0,0,0,0,0,53,53,74,0,59
l39,10=0,0,0,0,0,0,0,0,0,0,0,0,0,0,0,0,36,25,0,64,67,72,69,0,0,0,0,0,0,0,0,0,0,0,0,46,52,71,76,0

l0,11=0,93,85,90,87,85,44,63,37,59,0,0,0,0,0,0,0,0,0,0,0,0,0,0,0,0,0,0,0,0,0,0,0,0,0,0,0,0,0,0
l1,11=92,0,88,74,84,90,87,83,38,62,62,30,0,9,0,0,0,0,0,0,0,0,0,0,0,0,0,0,0,0,0,0,0,0,0,0,0,0,0,0
l2,11=88,92,0,87,84,90,29,81,53,65,66,0,0,0,0,0,0,0,0,0,0,0,0,0,0,0,0,0,0,0,0,0,0,0,0,0,0,0,0,0
l3,11=94,63,85,0,88,85,34,0,0,42,63,0,0,0,0,0,0,0,0,0,0,0,0,0,0,0,0,0,0,0,0,0,0,0,0,0,0,0,0,0
l4,11=92,73,82,91,0,79,77,61,0,53,69,0,0,0,9,0,0,0,0,0,0,0,0,31,0,0,0,0,0,0,0,0,0,0,0,0,0,0,0,0
l5,11=86,90,88,85,84,0,87,86,48,85,55,0,0,14,0,0,0,0,0,0,0,0,0,0,0,0,0,0,0,0,0,0,0,0,0,0,0,0,0,0
l6,11=17,88,11,36,84,86,0,86,58,84,74,39,0,36,0,50,35,0,0,0,0,0,0,0,0,0,0,0,0,0,0,0,0,0,0,0,0,0,0,0
l7,11=75,88,76,53,83,86,86,0,67,86,84,60,58,81,0,45,0,0,0,0,0,0,0,0,0,0,0,0,0,0,0,0,0,0,0,0,0,0,0,0
l8,11=19,51,60,0,0,25,68,68,0,91,46,64,51,84,25,74,0,11,0,10,0,0,0,17,42,0,0,0,0,0,0,0,0,0,0,0,0,0,0,0
l9,11=23,57,48,32,22,53,84,86,74,0,83,62,24,81,0,62,36,0,0,0,0,46,1,1,22,0,0,0,0,0,0,0,0,0,0,0,0,0,0,0
l10,11=0,67,59,65,75,33,73,88,62,91,0,64,0,68,0,62,0,2,0,0,0,0,0,0,0,0,0,0,0,0,0,0,0,0,0,0,0,0,0,0
l11,11=0,3,0,0,0,0,57,54,60,50,47,0,54,55,72,90,74,66,0,0,8,38,19,26,58,61,0,0,0,0,0,0,0,0,0,11,2,0,66,0
l12,11=0,0,0,0,0,0,0,26,59,49,0,75,0,24,95,89,90,94,0,0,49,49,19,28,92,96,0,0,0,0,0,0,0,0,0,4,0,0,74,0
l13,11=0,0,0,0,0,2,62,75,74,74,48,81,27,0,45,86,65,8,0,3,40,38,2,20,48,61,0,0,0,0,0,0,0,0,0,0,0,0,53,0
l14,11=0,0,0,0,6,0,0,0,1,0,0,60,86,14,0,44,86,72,0,0,0,19,3,28,0,83,0,0,0,0,0,0,0,71,44,16,19,0,67,0
l15,11=0,0,0,0,0,0,62,43,63,50,48,86,55,88,42,0,77,71,0,16,53,42,16,14,10,65,0,0,0,0,0,0,0,0,0,3,18,0,71,0
l16,11=0,0,0,0,0,0,32,0,0,6,0,26,28,13,69,70,0,8,1,6,59,60,19,24,69,31,0,0,0,0,0,0,22,31,54,0,23,59,85,62
l17,11=0,0,0,0,0,0,0,0,51,27,27,54,29,20,80,81,88,0,0,0,55,53,20,23,61,0,0,0,0,0,0,0,0,0,0,0,23,0,69,39
l18,11=0,0,0,0,0,0,0,0,0,0,0,0,0,0,0,0,32,0,0,10,52,68,19,0,0,0,0,0,0,0,0,0,0,0,0,0,0,0,0,0
l19,11=0,0,0,0,0,0,0,0,26,0,0,0,0,2,0,37,19,0,14,0,59,72,66,0,0,0,31,0,0,0,0,31,0,0,0,17,19,54,0,63
l20,11=0,0,0,0,0,0,0,0,0,0,0,0,7,7,0,37,73,3,0,21,0,85,79,0,0,0,13,0,1,0,0,0,19,0,0,21,38,57,82,72
l21,11=0,0,0,0,0,0,0,0,0,10,0,6,6,9,26,36,73,3,12,18,77,0,78,0,31,0,0,0,0,0,0,0,0,0,0,15,21,59,84,69
l22,11=0,0,0,0,0,0,0,0,0,0,0,6,6,0,0,29,61,3,0,14,73,79,0,0,0,0,31,0,0,0,0,33,0,0,0,42,54,51,77,64
l23,11=0,0,0,0,18,0,0,0,39,6,0,50,74,21,89,12,70,50,0,0,0,0,0,0,94,97,0,0,0,0,0,16,51,66,0,0,0,0,0,0
l24,11=0,0,0,0,0,0,0,0,25,25,0,51,86,23,0,2,92,39,0,0,0,0,0,96,0,95,0,0,0,0,0,0,0,0,0,0,0,0,7,0
l25,11=0,0,0,0,0,0,0,0,0,0,0,37,86,27,93,36,1,0,0,0,0,0,0,98,93,0,0,0,0,0,0,41,37,93,0,0,0,0,0,0
l26,11=0,0,0,0,0,0,0,0,0,0,0,0,0,0,0,0,0,0,0,7,32,0,53,0,0,0,0,76,96,87,92,84,86,65,67,0,0,0,0,0
l27,11=0,0,0,0,0,0,0,0,0,0,0,0,0,0,0,0,0,0,0,0,0,0,0,0,0,0,77,0,87,89,96,63,0,0,39,0,0,0,0,0
l28,11=0,0,0,0,0,0,0,0,0,0,0,0,0,0,0,0,0,0,0,0,30,0,0,0,0,0,82,96,0,93,96,75,44,0,38,0,0,0,0,0
l29,11=0,0,0,0,0,0,0,0,0,0,0,0,0,0,0,0,0,0,0,0,0,0,0,0,0,0,81,96,96,0,96,81,38,33,39,0,0,0,0,0
l30,11=0,0,0,0,0,0,0,0,0,0,0,0,0,0,0,0,0,0,0,0,0,0,0,0,0,0,82,96,96,93,0,80,68,70,66,0,0,0,0,0
l31,11=0,0,0,0,0,0,0,0,0,0,0,0,0,0,0,0,1,0,0,2,1,0,26,28,0,53,82,76,82,85,86,0,92,100,100,0,0,0,0,0
l32,11=0,0,0,0,0,0,0,0,0,0,0,0,0,0,0,0,10,0,0,0,26,0,0,19,0,32,82,1,52,41,61,92,0,100,100,0,0,0,0,0
l33,11=0,0,0,0,0,0,0,0,0,0,0,0,0,0,65,0,9,0,0,0,1,0,0,80,2,95,76,0,0,74,88,95,97,0,100,0,0,0,0,0
l34,11=0,0,0,0,0,0,0,0,0,0,0,0,0,0,20,0,64,0,0,0,0,0,0,0,0,0,74,78,77,78,80,95,97,100,0,0,0,0,0,0
l35,11=0,0,0,0,0,0,0,0,0,0,0,5,0,0,14,10,0,0,0,3,53,17,17,0,0,0,0,0,0,0,0,0,0,0,0,0,81,62,78,65
l36,11=0,0,0,0,0,0,0,0,0,0,0,0,0,0,26,41,64,4,0,0,60,25,21,0,0,0,0,0,0,0,0,0,0,0,0,49,0,69,85,77
l37,11=0,0,0,0,0,0,0,0,0,0,0,0,0,0,0,0,60,0,0,2,50,42,7,0,0,0,0,0,0,0,0,0,0,0,0,22,24,0,76,73
l38,11=0,0,0,0,0,0,0,0,0,0,0,39,20,5,44,50,78,4,0,0,60,60,23,0,0,0,0,0,0,0,0,0,0,0,0,22,31,60,0,79
l39,11=0,0,0,0,0,0,0,0,0,0,0,0,0,0,0,0,58,0,0,17,53,51,22,0,0,0,0,0,0,0,0,0,0,0,0,43,83,73,85,0

l0,12=0,92,91,90,91,88,77,73,0,65,65,0,0,0,0,0,0,0,0,0,0,0,0,0,0,0,0,0,0,0,0,0,0,0,0,0,0,0,0,0
l1,12=93,0,86,86,88,80,86,86,0,58,73,60,0,0,0,0,0,0,0,0,0,0,0,0,0,0,0,0,0,0,0,0,0,0,0,0,0,0,0,0
l2,12=92,84,0,89,84,88,94,79,65,73,76,0,0,3,0,0,0,0,0,0,0,0,0,0,0,0,0,0,0,0,0,0,0,0,0,0,0,0,0,0
l3,12=95,86,86,0,91,86,1,52,0,0,65,0,0,0,0,0,0,0,0,0,0,0,0,0,0,0,0,0,0,0,0,0,0,0,0,0,0,0,0,0
l4,12=93,87,80,89,0,58,77,71,61,57,32,0,0,0,39,0,0,0,0,0,0,0,0,62,0,0,0,0,0,0,0,0,0,0,0,0,0,0,0,0
l5,12=91,86,91,88,80,0,87,86,80,82,81,0,0,50,0,0,0,0,0,0,0,0,0,29,0,0,0,0,0,0,0,0,0,0,0,0,0,0,0,0
l6,12=79,86,88,55,83,76,0,86,72,39,79,72,0,62,13,72,0,0,0,0,0,0,0,0,0,0,0,0,0,0,0,0,0,0,0,0,0,0,0,0
l7,12=81,86,67,68,83,81,87,0,81,83,86,44,50,76,0,2,0,0,0,0,0,0,0,0,0,0,0,0,0,0,0,0,0,0,0,0,0,0,0,0
l8,12=2,0,54,39,40,40,56,75,0,87,80,55,67,85,14,68,28,27,0,39,0,44,0,12,37,0,0,0,0,0,0,0,0,0,0,0,0,0,0,0
l9,12=41,52,69,0,36,81,43,86,82,0,85,61,62,81,0,56,35,14,0,0,52,53,0,0,16,0,0,0,0,0,0,0,0,0,0,0,0,0,0,0
l10,12=42,65,69,66,32,35,73,89,75,85,0,54,0,74,0,60,0,0,0,0,0,0,0,0,0,0,0,0,0,0,0,0,0,0,0,0,0,0,0,0
l11,12=0,51,0,0,0,0,66,58,73,48,41,0,80,82,55,87,50,53,0,0,41,49,50,58,60,59,0,0,0,0,0,0,0,0,0,19,41,0,59,0
l12,12=0,0,0,0,0,0,0,2,64,43,0,86,0,74,94,87,84,92,0,0,66,63,50,77,96,97,0,0,0,0,0,0,0,23,0,0,0,0,75,0
l13,12=0,0,0,0,0,20,50,68,82,81,47,85,78,0,52,86,51,47,0,0,52,46,0,66,59,44,0,0,0,0,0,0,0,0,0,0,0,0,0,0
l14,12=0,0,0,0,37,0,1,0,4,1,0,60,96,75,0,49,90,51,0,0,0,70,0,82,96,65,0,0,0,0,0,0,0,72,72,32,46,0,63,0
l15,12=0,0,0,0,0,0,67,0,74,49,46,92,89,89,57,0,63,79,0,41,59,63,3,64,77,69,0,0,0,0,0,0,0,0,0,0,0,0,73,0
l16,12=0,0,0,0,0,0,0,0,51,8,0,45,79,70,67,49,0,52,21,37,69,77,56,52,90,70,0,0,0,0,0,0,0,30,0,40,75,38,82,36
l17,12=0,0,0,0,0,0,0,0,59,8,0,67,95,75,65,52,64,0,0,37,75,77,55,68,63,0,0,0,0,0,0,0,0,44,0,0,72,0,49,0
l18,12=0,0,0,0,0,0,0,0,0,0,0,0,0,0,0,0,67,0,0,66,62,70,0,0,0,0,0,0,0,0,0,0,0,0,0,0,0,0,0,4
l19,12=0,0,0,0,0,0,0,0,53,0,0,0,0,0,0,39,45,40,39,0,82,81,64,0,0,0,66,0,28,0,0,68,36,0,0,51,0,0,63,73
l20,12=0,0,0,0,0,0,0,0,0,40,0,45,60,57,0,37,48,43,32,83,0,90,80,0,0,0,57,0,0,0,0,30,0,0,0,65,82,39,81,70
l21,12=0,0,0,0,0,0,0,0,56,46,0,47,61,57,37,40,71,57,35,83,89,0,78,0,61,0,55,0,0,0,0,0,0,0,0,59,70,41,83,72
l22,12=0,0,0,0,0,0,0,0,0,0,0,48,63,0,0,0,42,40,0,69,89,88,0,0,0,0,61,0,0,0,0,0,0,0,0,69,70,1,79,74
l23,12=0,0,0,0,45,0,0,0,0,0,0,35,85,79,69,33,11,42,0,0,0,0,0,0,96,97,0,0,0,0,0,20,35,63,0,0,0,0,0,0
l24,12=0,0,0,0,0,0,0,0,15,21,0,42,96,64,94,84,90,27,0,0,0,59,0,97,0,95,0,0,0,0,0,20,70,0,0,0,25,0,60,0
l25,12=0,0,0,0,0,0,0,0,0,0,0,48,96,47,59,61,71,0,0,0,0,0,0,98,95,0,0,0,0,0,0,70,64,70,87,0,0,0,0,0
l26,12=0,0,0,0,0,0,0,0,0,0,0,0,0,0,0,0,0,0,0,57,52,32,54,0,0,0,0,76,90,79,94,91,84,72,82,0,0,0,0,0
l27,12=0,0,0,0,0,0,0,0,0,0,0,0,0,0,0,0,0,0,0,0,0,0,0,0,0,0,82,0,86,94,96,86,0,32,26,0,0,0,0,0
l28,12=0,0,0,0,0,0,0,0,0,0,0,0,0,0,0,0,0,0,0,47,48,0,0,0,0,0,87,95,0,95,96,87,71,70,74,0,0,0,0,0
l29,12=0,0,0,0,0,0,0,0,0,0,0,0,0,0,0,0,0,0,0,0,0,0,0,0,0,0,86,95,90,0,96,87,80,72,83,0,0,0,0,0
l30,12=0,0,0,0,0,0,0,0,0,0,0,0,0,0,0,0,0,0,0,0,0,0,0,0,0,0,86,95,90,95,0,85,81,41,43,0,0,0,0,0
l31,12=0,0,0,0,0,0,0,0,0,0,0,0,0,0,0,0,0,0,0,64,59,0,0,55,38,78,87,86,86,85,95,0,97,100,100,0,0,0,0,0
l32,12=0,0,0,0,0,0,0,0,0,0,0,0,0,0,0,0,0,0,0,37,0,0,0,62,67,71,83,0,82,87,90,96,0,100,100,0,0,0,0,0
l33,12=0,0,0,0,0,0,0,0,0,0,0,0,54,0,60,0,17,13,0,0,0,0,0,68,0,88,85,42,80,73,81,98,97,0,100,0,0,0,0,0
l34,12=0,0,0,0,0,0,0,0,0,0,0,0,0,0,65,0,0,0,0,0,0,0,0,2,0,91,87,66,88,85,79,98,97,100,0,0,0,0,0,0
l35,12=0,0,0,0,0,0,0,0,0,0,0,1,0,0,9,0,11,0,0,7,55,34,59,0,0,0,0,0,0,0,0,0,0,0,0,0,89,50,78,42
l36,12=0,0,0,0,0,0,0,0,0,0,0,16,0,0,11,0,38,22,0,0,78,45,67,0,0,0,0,0,0,0,0,0,0,0,0,88,0,56,85,80
l37,12=0,0,0,0,0,0,0,0,0,0,0,0,0,0,0,0,35,0,0,0,45,38,0,0,0,0,0,0,0,0,0,0,0,0,0,82,87,0,51,77
l38,12=0,0,0,0,0,0,0,0,0,0,0,27,70,0,22,23,54,22,0,26,79,81,68,0,54,0,0,0,0,0,0,0,0,0,0,83,88,26,0,81
l39,12=0,0,0,0,0,0,0,0,0,0,0,0,0,0,0,0,34,0,0,59,63,69,67,0,0,0,0,0,0,0,0,0,0,0,0,64,84,48,83,0

l0,13=0,91,93,94,93,92,93,94,83,85,88,0,0,0,0,0,0,0,0,0,0,0,0,0,0,0,0,0,0,0,0,0,0,0,0,0,0,0,0,0
l1,13=92,0,93,95,93,92,93,90,4,78,80,0,0,0,6,0,0,0,0,0,0,0,0,0,0,0,0,0,0,0,0,0,0,0,0,0,0,0,0,0
l2,13=92,91,0,93,93,92,93,88,0,87,91,0,0,63,0,0,0,0,0,0,0,0,0,0,0,0,0,0,0,0,0,0,0,0,0,0,0,0,0,0
l3,13=94,96,93,0,98,92,93,89,2,0,88,0,0,0,0,0,0,0,0,0,0,0,0,0,3,0,0,0,0,0,0,0,0,0,0,0,0,0,0,0
l4,13=92,91,93,93,0,90,93,87,60,43,89,0,0,0,0,0,0,0,0,0,0,0,0,11,0,0,0,0,0,0,0,0,0,0,0,0,0,0,0,0
l5,13=92,91,93,93,89,0,93,88,87,88,88,0,0,84,0,0,0,0,0,0,0,0,0,0,0,0,0,0,0,0,0,0,0,0,0,0,0,0,0,0
l6,13=89,87,93,85,93,92,0,0,77,84,0,83,0,74,0,57,0,0,0,0,0,0,0,0,0,0,0,0,0,0,0,0,0,0,0,0,0,0,0,0
l7,13=90,90,58,57,90,87,0,0,92,88,91,25,8,90,0,1,0,0,0,0,0,0,0,0,0,0,0,0,0,0,0,0,0,0,0,0,0,0,0,0
l8,13=75,0,0,38,42,79,51,87,0,90,76,31,67,91,74,27,26,47,0,58,0,39,13,0,79,0,0,0,0,0,0,0,0,0,0,0,0,0,0,0
l9,13=60,6,73,0,9,88,86,90,92,0,92,60,65,91,58,85,26,55,0,0,23,43,0,0,0,0,0,0,0,0,0,0,0,0,0,0,0,0,0,0
l10,13=75,47,55,51,78,86,0,94,87,90,0,25,0,89,0,29,0,0,0,0,0,0,0,0,0,0,0,0,0,0,0,0,0,0,0,0,0,0,0,0
l11,13=0,0,0,0,0,0,24,70,74,59,26,0,94,98,75,91,30,95,0,0,26,42,44,49,36,45,0,0,0,0,0,0,0,0,0,0,0,0,64,0
l12,13=0,0,0,0,0,0,0,0,50,56,0,54,0,74,89,56,34,89,0,0,28,37,49,55,99,68,0,0,0,0,0,0,0,30,0,0,56,0,80,0
l13,13=0,0,3,0,0,36,24,80,92,90,48,93,68,0,73,91,28,75,0,24,24,42,0,51,0,23,0,0,0,0,0,0,0,0,0,0,0,0,69,0
l14,13=0,0,0,0,0,0,0,0,80,58,0,34,99,91,0,31,58,78,0,0,0,42,0,92,100,60,0,0,0,0,0,0,20,25,26,0,0,0,0,0
l15,13=0,0,0,0,0,0,26,0,68,64,25,93,96,98,72,0,36,89,0,63,27,41,0,51,50,51,0,0,0,0,0,0,0,0,0,0,72,0,73,0
l16,13=0,0,0,0,0,0,0,0,58,45,0,25,81,75,80,31,0,79,38,66,25,38,44,4,59,43,0,0,0,0,0,0,0,0,17,41,77,63,75,68
l17,13=0,0,0,0,0,0,0,0,67,54,0,30,99,91,79,32,35,0,0,67,31,48,51,49,54,0,0,0,0,0,0,0,0,26,0,5,84,0,82,0
l18,13=0,0,0,0,0,0,0,0,0,0,0,0,0,0,0,0,51,0,0,87,89,0,36,0,0,0,0,0,0,0,0,0,0,0,0,0,0,0,0,2
l19,13=0,0,0,0,0,0,0,0,57,0,0,0,0,5,0,35,56,49,72,0,91,94,91,0,0,0,30,0,0,43,0,2,0,0,0,0,66,68,68,81
l20,13=0,0,0,0,0,0,0,0,0,38,0,21,69,63,0,23,27,78,70,92,0,98,97,0,0,0,57,0,0,0,0,64,0,0,8,65,86,81,90,76
l21,13=0,0,0,0,0,0,0,0,59,48,0,25,62,77,61,21,31,81,0,92,91,0,97,0,38,0,43,0,0,0,0,0,0,4,0,39,66,1,86,82
l22,13=0,0,0,0,0,0,0,0,2,0,0,21,60,0,0,0,30,52,0,89,91,97,0,0,0,0,55,0,0,0,0,0,0,0,0,51,87,65,88,93
l23,13=0,0,0,0,2,0,0,0,0,0,0,30,90,89,92,33,16,56,0,0,0,0,0,0,0,100,0,0,0,0,0,0,0,24,0,0,0,0,0,0
l24,13=0,0,0,28,0,0,0,0,78,0,0,12,99,0,98,33,36,80,0,0,0,41,0,0,0,65,0,0,0,0,0,0,77,0,0,0,79,0,10,0
l25,13=0,0,0,0,0,0,0,0,0,0,0,18,99,33,91,33,25,0,0,0,0,0,0,100,100,0,0,0,0,22,0,93,94,62,59,0,0,0,0,0
l26,13=0,0,0,0,0,0,0,0,0,0,0,0,0,0,0,0,0,0,0,42,60,20,64,0,0,0,0,92,97,81,100,99,89,86,0,0,0,0,0,0
l27,13=0,0,0,0,0,0,0,0,0,0,0,0,0,0,0,0,0,0,0,0,0,0,0,0,0,0,87,0,94,99,100,89,77,77,66,0,0,0,0,0
l28,13=0,0,0,0,0,0,0,0,0,0,0,0,0,0,0,0,0,0,0,0,0,0,0,0,0,0,97,98,0,99,100,97,71,78,91,0,0,0,0,0
l29,13=0,0,0,0,0,0,0,0,0,0,0,0,0,0,0,0,0,0,0,34,0,0,0,0,0,3,84,98,97,0,100,91,89,80,90,0,0,0,0,0
l30,13=0,0,0,0,0,0,0,0,0,0,0,0,0,0,0,0,0,0,0,0,0,0,0,0,0,0,97,98,97,99,0,95,81,81,42,0,0,0,0,0
l31,13=0,0,0,0,0,0,0,0,0,0,0,0,0,0,0,0,0,0,0,9,45,0,0,0,0,63,97,98,97,98,100,0,100,100,100,0,0,0,0,0
l32,13=0,0,0,0,0,0,0,0,0,0,0,0,0,0,56,0,0,0,0,15,0,0,0,0,86,87,94,80,83,95,93,100,0,100,100,0,0,0,0,0
l33,13=0,0,0,0,0,0,0,0,0,0,0,0,94,0,87,0,0,82,0,0,0,4,0,78,31,100,97,89,95,93,99,100,100,0,100,0,0,0,0,0
l34,13=0,0,0,0,0,0,0,0,0,0,0,0,27,0,82,0,70,0,0,0,44,0,3,65,0,100,0,75,96,98,82,100,100,100,0,0,0,0,0,0
l35,13=0,0,0,0,0,0,0,0,0,0,0,0,0,0,0,0,28,0,0,0,28,25,46,0,0,0,0,0,0,0,0,0,0,0,0,0,92,93,85,81
l36,13=0,0,0,0,0,0,0,0,0,0,0,0,38,0,0,11,30,54,0,56,30,14,51,0,16,0,0,0,0,0,0,0,0,0,0,71,0,85,87,78
l37,13=0,0,0,0,0,0,0,0,0,0,0,0,0,0,0,0,21,0,0,49,29,0,25,0,0,0,0,0,0,0,0,0,0,0,0,55,86,0,75,73
l38,13=0,0,0,0,0,0,0,0,0,0,0,5,69,56,0,24,33,58,0,65,31,39,51,0,1,0,0,0,0,0,0,0,0,0,0,53,88,81,0,79
l39,13=0,0,0,0,0,0,0,0,0,0,0,0,0,0,0,0,28,0,0,72,27,39,52,0,0,0,0,0,0,0,0,0,0,0,0,52,84,74,79,0

l0,14=0,100,100,100,100,99,100,98,93,99,99,0,0,0,0,0,0,0,0,0,0,0,0,0,0,0,0,0,0,0,0,0,0,0,0,0,0,0,0,0
l1,14=100,0,100,100,100,99,27,0,38,0,45,0,0,29,0,0,0,0,0,0,0,0,0,0,5,0,0,0,0,0,0,0,0,0,0,0,0,0,0,0
l2,14=100,100,0,100,100,100,100,100,43,100,100,0,0,58,0,4,0,0,0,0,0,0,0,0,0,0,0,0,0,0,0,0,0,0,0,0,0,0,0,0
l3,14=100,100,100,0,100,99,100,100,0,0,99,0,0,0,0,0,0,0,0,0,0,0,0,0,0,0,0,0,0,0,0,0,0,0,0,0,0,0,0,0
l4,14=100,100,100,100,0,99,100,0,46,49,100,0,0,0,0,2,0,0,0,0,0,0,0,0,0,0,0,0,0,0,0,0,0,0,0,0,0,0,0,0
l5,14=100,100,100,100,100,0,100,100,97,100,100,0,0,96,0,62,0,0,0,0,0,0,0,0,0,0,0,0,0,0,0,0,0,0,0,0,0,0,0,0
l6,14=98,19,100,95,100,99,0,95,89,96,95,99,0,92,0,92,0,0,0,0,0,0,40,0,0,0,0,0,0,0,0,0,0,0,0,0,0,0,0,0
l7,14=100,0,100,99,0,99,99,0,99,100,100,0,0,99,0,10,71,0,0,0,0,0,0,0,0,0,0,0,0,0,0,0,0,0,0,0,0,0,0,0
l8,14=43,41,31,0,59,41,46,35,0,100,100,27,40,47,50,32,27,0,0,1,33,31,22,0,42,0,0,0,0,0,0,0,0,0,0,0,0,0,0,0
l9,14=43,0,47,0,57,54,48,98,99,0,100,53,0,100,48,74,43,41,0,0,49,52,0,46,0,0,0,0,0,0,0,0,0,0,0,0,0,0,0,0
l10,14=100,68,69,95,100,98,97,100,99,100,0,26,48,100,41,40,0,0,0,0,25,0,0,0,0,0,0,0,0,0,0,0,0,0,0,0,0,0,0,0
l11,14=0,0,0,0,0,0,98,0,25,91,33,0,97,100,99,100,96,99,0,0,69,51,54,95,0,60,0,0,0,0,0,0,0,0,0,0,49,0,58,0
l12,14=0,0,0,0,0,0,0,0,37,0,27,75,0,98,99,66,28,99,0,10,67,4,23,98,98,98,0,0,0,0,0,0,0,43,0,18,0,0,0,0
l13,14=0,31,84,0,0,95,97,70,56,100,90,100,89,0,98,100,42,67,0,9,0,55,0,94,98,86,0,0,0,0,0,0,0,0,0,0,0,0,74,0
l14,14=0,0,0,0,0,0,0,0,27,26,14,58,99,46,0,32,61,58,0,0,9,23,0,99,100,0,0,0,0,0,0,0,27,43,0,0,0,0,44,0
l15,14=0,0,0,0,9,32,64,0,55,58,33,100,79,100,98,0,61,67,0,44,64,24,0,96,98,46,0,0,0,0,0,0,0,0,0,0,38,0,46,0
l16,14=0,0,0,0,0,0,0,25,18,42,0,56,51,25,94,66,0,65,17,89,56,26,53,6,96,0,0,0,0,0,0,0,0,38,42,90,95,25,64,20
l17,14=0,0,0,0,0,0,0,0,0,28,0,97,98,99,99,99,61,0,0,71,68,57,54,95,98,46,0,0,0,0,0,0,0,1,0,47,49,0,82,0
l18,14=0,0,0,0,0,0,0,0,0,0,0,0,0,0,0,0,79,0,0,88,87,34,89,0,0,0,0,0,0,0,0,0,0,0,0,0,0,0,0,0
l19,14=0,0,0,0,0,0,0,0,0,0,0,0,70,1,0,59,58,65,79,0,96,96,91,0,0,0,0,0,0,78,0,0,0,0,0,89,91,89,76,88
l20,14=0,0,0,0,0,0,0,0,0,52,0,53,77,0,0,57,55,62,85,97,0,98,97,0,0,0,0,0,0,0,0,0,0,0,86,91,98,88,96,52
l21,14=0,0,0,0,0,0,0,0,54,54,1,53,76,87,86,58,55,71,0,97,97,0,97,0,93,0,0,0,0,0,0,0,0,0,78,89,90,88,74,89
l22,14=0,0,0,0,0,0,46,0,6,1,0,53,76,0,0,0,97,61,77,94,97,98,0,0,9,0,50,0,0,0,0,0,0,0,0,89,96,0,94,91
l23,14=0,0,0,0,0,0,0,0,0,27,0,26,78,36,100,60,0,41,0,0,0,0,0,0,42,100,0,0,0,0,0,0,35,45,42,0,0,0,0,0
l24,14=0,0,0,0,0,0,0,0,28,4,0,0,82,44,100,66,64,66,0,0,0,30,0,47,0,89,0,0,0,0,0,0,0,0,0,0,49,0,0,0
l25,14=0,0,0,0,0,0,0,0,0,0,0,27,99,47,0,31,0,40,0,0,0,0,0,100,100,0,0,0,5,0,0,0,37,92,99,0,0,0,0,0
l26,14=0,0,0,0,0,0,0,0,0,0,0,0,0,0,0,0,0,0,0,0,10,0,89,0,0,0,0,93,99,83,99,100,89,86,89,0,0,0,0,0
l27,14=0,0,0,0,0,0,0,0,0,0,0,0,0,0,0,0,0,0,0,0,0,0,0,0,0,0,85,0,98,99,100,95,84,83,3,0,0,0,0,0
l28,14=0,0,0,0,0,0,0,0,0,0,0,0,0,0,0,0,0,0,0,0,0,0,0,0,0,37,100,100,0,99,100,99,86,86,91,0,0,0,0,0
l29,14=0,0,0,0,0,0,0,0,0,0,0,0,0,0,0,0,0,0,0,85,0,0,0,0,0,0,85,100,99,0,100,95,86,0,87,0,0,0,0,0
l30,14=0,0,0,0,0,0,0,0,0,0,0,0,0,0,0,0,0,0,0,0,0,0,0,0,0,0,94,100,96,98,0,94,82,84,0,0,0,0,0,0
l31,14=0,0,0,0,0,0,0,0,0,0,0,0,0,0,0,0,0,0,0,0,0,0,0,0,0,0,100,92,95,95,93,0,98,100,99,0,0,0,0,0
l32,14=0,0,0,0,0,0,0,0,0,0,0,0,0,0,92,0,0,0,0,0,0,0,0,90,0,90,100,94,93,97,94,100,0,100,100,0,0,0,0,0
l33,14=0,0,0,0,0,0,0,0,0,0,0,0,95,0,93,0,83,0,0,0,0,0,0,91,0,98,100,91,97,0,98,100,100,0,100,0,0,0,0,0
l34,14=0,0,0,0,0,0,0,0,0,0,0,0,84,0,0,0,94,0,0,0,91,74,0,95,0,98,100,1,98,98,0,100,100,100,0,0,0,0,0,0
l35,14=0,0,0,0,0,0,0,0,0,0,0,0,62,0,0,0,52,38,0,85,63,44,46,0,0,0,0,0,0,0,0,0,0,0,0,0,98,99,91,55
l36,14=0,0,0,0,0,0,0,0,0,0,0,3,0,0,0,10,48,5,0,87,61,31,46,0,66,0,0,0,0,0,0,0,0,0,0,98,0,88,83,50
l37,14=0,0,0,0,0,0,0,0,0,0,0,0,0,0,0,0,0,0,0,59,43,14,0,0,0,0,0,0,0,0,0,0,0,0,0,96,89,0,74,53
l38,14=0,0,0,0,0,0,0,0,0,0,0,32,0,5,83,28,22,33,0,82,68,16,49,0,0,0,0,0,0,0,0,0,0,0,0,95,98,91,0,54
l39,14=0,0,0,0,0,0,0,0,0,0,0,0,0,0,0,0,54,0,0,90,61,50,49,0,0,0,0,0,0,0,0,0,0,0,0,90,90,90,76,0

l0,15=0,99,97,100,100,99,99,98,98,98,74,0,0,0,0,0,0,0,0,0,0,0,0,0,0,0,0,0,0,0,0,0,0,0,0,0,0,0,0,0
l1,15=98,0,97,96,100,96,99,97,98,97,95,0,0,94,0,0,0,0,0,0,0,0,0,0,38,0,0,0,0,0,0,0,0,0,0,0,0,0,0,0
l2,15=98,99,0,96,98,99,99,98,97,98,0,91,0,98,0,0,0,0,0,0,0,0,0,0,0,0,0,0,0,0,0,0,0,0,0,0,0,0,0,0
l3,15=100,100,96,0,100,99,0,0,0,0,95,0,0,0,0,0,0,0,0,0,0,0,0,0,0,0,0,0,0,0,0,0,0,0,0,0,0,0,0,0
l4,15=100,100,97,100,0,99,99,98,89,94,97,0,0,0,0,7,0,0,0,0,0,0,0,0,0,0,0,0,0,0,0,0,0,0,0,0,0,0,0,0
l5,15=98,99,97,96,98,0,99,98,98,98,97,0,0,98,0,41,0,0,0,0,0,0,0,0,0,0,0,0,0,0,0,0,0,0,0,0,0,0,0,0
l6,15=98,99,97,8,97,92,0,98,97,98,97,100,86,94,0,93,2,0,0,0,0,0,0,0,0,0,0,0,0,0,0,0,0,0,0,0,0,0,0,0
l7,15=98,99,97,40,98,96,99,0,99,98,98,0,0,93,0,1,92,0,0,0,0,3,0,0,0,0,0,0,0,0,0,0,0,0,0,0,0,0,0,0
l8,15=98,96,51,14,56,92,98,98,0,100,98,97,89,96,92,90,37,3,0,3,74,56,58,39,96,0,0,0,0,0,0,0,0,0,0,0,0,0,0,0
l9,15=99,55,72,0,89,98,100,99,100,0,100,96,0,100,10,86,58,5,0,0,98,66,13,71,0,0,0,0,0,0,0,0,0,0,0,0,0,0,0,0
l10,15=96,97,0,94,98,96,99,100,99,100,0,1,97,98,79,12,78,0,0,0,0,3,0,0,0,0,0,0,0,0,0,0,0,0,0,0,0,0,0,0
l11,15=0,0,5,0,0,0,100,0,99,98,0,0,100,100,97,100,62,61,0,22,97,61,61,81,100,99,0,0,0,0,0,0,0,0,0,0,84,0,96,0
l12,15=0,0,0,0,0,0,19,0,99,0,99,99,0,99,100,85,61,99,0,42,98,0,59,99,100,100,0,0,0,0,0,0,0,6,0,28,80,0,60,0
l13,15=0,91,82,0,0,93,99,54,99,100,99,100,100,0,99,87,55,58,0,36,4,36,34,80,1,99,0,0,0,0,0,0,0,0,0,0,0,0,0,0
l14,15=0,0,0,0,0,0,0,0,96,0,19,98,100,97,0,81,65,59,0,0,9,0,0,82,100,99,0,0,0,0,0,0,0,92,0,0,2,0,89,0
l15,15=0,0,0,0,4,66,99,0,99,98,0,100,91,99,97,0,62,59,0,0,94,61,0,82,100,97,0,0,0,0,0,0,0,0,0,33,0,0,97,0
l16,15=0,0,0,0,0,0,0,92,0,92,31,99,85,94,99,83,0,59,96,89,91,61,61,0,100,0,0,0,0,0,0,0,37,86,2,57,83,90,91,0
l17,15=0,0,0,0,0,0,0,0,0,97,0,98,91,99,98,91,62,0,0,97,98,61,61,82,100,99,0,0,0,0,0,0,0,91,53,0,84,18,97,0
l18,15=0,0,0,0,0,0,0,0,0,0,0,0,0,0,0,0,93,0,0,74,87,43,80,0,0,0,0,0,0,0,0,0,0,0,0,0,0,0,0,0
l19,15=0,0,0,0,0,0,0,0,11,0,0,8,71,0,0,0,51,49,84,0,100,100,97,0,0,0,11,0,0,70,0,42,0,0,0,44,65,0,82,91
l20,15=0,0,0,0,0,0,0,0,0,93,0,96,83,0,0,80,58,58,89,97,0,100,99,0,0,0,28,0,0,0,0,0,0,0,9,59,83,72,97,98
l21,15=0,0,0,0,0,0,0,0,87,92,0,98,15,52,0,85,58,67,0,97,100,0,99,0,90,0,0,0,0,0,0,0,0,0,54,50,98,95,97,95
l22,15=0,0,0,0,0,0,9,0,78,67,0,81,72,17,0,3,92,50,24,90,100,100,0,0,0,0,41,0,0,0,0,0,0,0,0,44,64,77,84,77
l23,15=0,0,0,0,0,0,0,0,0,89,0,96,98,97,100,84,0,60,0,0,0,0,0,0,100,100,0,0,0,0,0,0,60,98,0,0,0,0,0,0
l24,15=0,0,0,0,0,0,0,0,93,0,0,98,100,5,100,100,97,95,0,0,1,54,0,97,0,100,0,0,0,0,0,0,56,18,0,0,73,0,0,0
l25,15=0,0,0,0,0,0,0,0,0,0,0,93,99,100,96,82,4,50,0,0,0,0,0,84,100,0,45,0,44,0,0,63,59,63,65,0,0,0,0,0
l26,15=0,0,0,0,0,0,0,0,0,0,0,0,0,0,0,0,0,0,0,42,78,0,92,0,0,88,0,96,96,95,86,96,90,56,95,0,0,0,0,0
l27,15=0,0,0,0,0,0,0,0,0,0,0,0,0,0,0,0,0,0,0,0,0,0,0,0,0,0,75,0,96,96,87,92,91,72,95,0,0,0,0,0
l28,15=0,0,0,0,0,0,0,0,0,0,0,0,0,0,0,0,0,0,0,0,0,0,0,0,0,79,84,100,0,96,87,97,90,74,95,0,0,0,0,0
l29,15=0,0,0,0,0,0,0,0,0,0,0,0,0,0,0,0,0,0,0,87,0,0,0,0,0,0,84,100,96,0,87,93,91,72,96,0,0,0,0,0
l30,15=0,0,0,0,0,0,0,0,0,0,0,0,0,0,0,0,0,0,0,0,0,0,0,0,0,0,81,100,96,96,0,91,90,72,0,0,0,0,0,0
l31,15=0,0,0,0,0,0,0,0,0,0,0,0,0,0,0,0,0,0,0,71,0,0,0,0,0,89,84,91,94,95,78,0,96,83,100,0,0,0,0,0
l32,15=0,0,0,0,0,0,0,0,0,0,0,0,78,0,0,0,81,0,0,0,0,0,0,74,92,93,84,94,94,95,81,97,0,83,100,0,0,0,0,0
l33,15=0,0,0,0,0,0,0,0,0,0,0,0,89,0,80,0,82,62,0,0,0,0,0,97,93,94,45,73,94,95,87,98,98,0,100,0,0,0,0,0
l34,15=0,0,0,0,0,0,0,0,0,0,0,0,9,0,28,0,9,23,0,0,81,59,0,0,0,93,79,78,93,93,0,97,96,83,0,0,0,0,0,0
l35,15=0,0,0,0,0,0,0,0,0,0,0,0,40,0,0,19,46,0,0,34,77,38,48,0,0,0,0,0,0,0,0,0,0,0,0,0,98,96,91,95
l36,15=0,0,0,0,0,0,0,0,0,0,0,67,45,0,10,6,54,17,0,78,85,55,51,0,55,0,0,0,0,0,0,0,0,0,0,60,0,95,97,89
l37,15=0,0,0,0,0,0,0,0,0,0,0,0,2,0,0,0,43,0,0,0,50,49,51,0,0,0,0,0,0,0,0,0,0,0,0,95,95,0,89,94
l38,15=0,0,0,0,0,0,0,0,0,0,0,52,29,16,63,68,51,56,0,70,98,60,56,0,0,0,0,0,0,0,0,0,0,0,0,59,98,94,0,97
l39,15=0,0,0,0,0,0,0,0,0,0,0,0,0,0,0,0,0,0,0,74,78,54,49,0,0,0,0,0,0,0,0,0,0,0,0,92,77,95,90,0

