t=2016-04-13_20.55.30

n=40

q0=1
q1=1
q2=1
q3=1
q4=1
q5=1
q6=1
q7=1
q8=1
q9=1
q10=1
q11=1
q12=1
q13=1
q14=1
q15=1
q16=1
q17=1
q18=1
q19=1
q20=1
q21=1
q22=1
q23=1
q24=1
q25=1
q26=1
q27=1
q28=1
q29=1
q30=1
q31=1
q32=1
q33=1
q34=1
q35=1
q36=1
q37=1
q38=1
q39=1

a0=0x141592000c576ce6
a1=0x141592000c5aedbc
a2=0x141592000c5750f4
a3=0x141592000c576658
a4=0x141592000c575890
a5=0x141592000c574ffa
a6=0x141592000c5acf11
a7=0x141592000d9df361
a8=0x141592000c576300
a9=0x141592000c5779b6
a10=0x141592000c5762b9
a11=0x141592000c5af078
a12=0x141592000c575517
a13=0x141592000c5752c3
a14=0x141592000c5a4baa
a15=0x141592000c5776e7
a16=0x141592000c58cdeb
a17=0x141592000c5881fc
a18=0x141592000bd81d33
a19=0x141592000bd84d6a
a20=0x141592000c577233
a21=0x141592000c574527
a22=0x141592000c5746a3
a23=0x141592000c574da3
a24=0x141592000c5741c9
a25=0x141592000da244ea
a26=0x141592000c5ae886
a27=0x141592000c57510e
a28=0x141592000c5ab6c8
a29=0x141592000c574d05
a30=0x141592000edae61f
a31=0x141592000c57667e
a32=0x141592000c577f43
a33=0x141592000c576449
a34=0x1415920010f4117a
a35=0x141592000c575966
a36=0x141592000c574d35
a37=0x141592000c576fb1
a38=0x141592000c5aea5d
a39=0x141592000c59f23f

l0,0=0,96,88,94,81,88,80,62,76,84,0,0,0,46,0,0,0,0,0,0,0,0,0,0,0,0,0,0,0,0,0,0,0,0,0,0,0,0,0,0
l1,0=90,0,88,76,90,88,79,77,67,0,82,0,0,0,0,0,0,0,0,0,0,0,0,0,0,0,0,0,0,0,0,0,0,0,0,0,0,0,0,0
l2,0=81,93,0,0,88,88,81,76,7,80,84,0,0,67,0,0,0,0,0,0,0,0,0,0,0,0,0,0,0,0,0,0,0,0,0,0,0,0,0,0
l3,0=93,77,0,0,90,88,80,56,66,0,76,0,0,0,0,0,0,0,0,0,0,0,0,0,0,0,0,0,0,0,0,0,0,0,0,0,0,0,0,0
l4,0=68,90,87,87,0,88,38,0,0,72,76,0,0,45,0,0,0,0,0,0,0,0,0,0,0,0,0,0,0,0,0,0,0,0,0,0,0,0,0,0
l5,0=79,96,87,82,84,0,68,72,71,80,79,0,0,52,0,0,0,0,0,0,0,0,0,0,0,0,0,0,0,0,0,0,0,0,0,0,0,0,0,0
l6,0=73,76,83,72,70,80,0,80,81,72,76,42,0,74,0,56,61,0,0,0,0,0,0,0,0,0,0,0,0,0,0,0,0,0,0,0,0,0,0,0
l7,0=68,77,78,39,50,80,70,0,73,83,79,65,0,7,0,39,0,0,0,0,0,0,0,0,0,0,0,0,0,0,0,0,0,0,0,0,0,0,0,0
l8,0=63,27,0,26,0,79,57,48,0,90,66,74,40,92,41,76,81,52,0,0,0,72,16,0,45,0,0,0,0,0,0,0,0,0,0,0,0,0,23,0
l9,0=77,0,55,0,81,80,62,81,92,0,86,68,35,72,0,60,58,56,0,0,0,0,33,0,0,0,0,0,0,0,0,0,0,0,0,0,0,0,0,0
l10,0=0,75,80,69,81,78,65,86,68,90,0,67,53,82,0,69,0,0,0,0,0,0,0,0,0,0,0,0,0,0,0,0,0,0,0,0,0,0,0,0
l11,0=0,0,0,0,0,0,29,27,28,80,68,0,51,56,54,91,55,80,0,51,0,48,0,0,61,0,0,0,0,0,0,0,0,0,0,2,48,0,28,0
l12,0=0,0,0,0,0,0,0,0,28,72,51,86,0,84,87,90,82,98,0,0,71,72,0,81,93,59,0,0,0,0,0,0,0,47,0,0,36,0,29,0
l13,0=0,0,12,0,70,0,32,0,89,73,81,83,84,0,88,81,43,66,0,55,0,71,61,77,50,22,0,0,0,0,0,0,0,0,0,0,12,0,27,0
l14,0=0,0,0,0,0,0,0,0,28,3,0,69,52,52,0,51,76,72,0,0,74,0,54,84,76,65,0,0,0,0,0,0,0,48,0,0,10,0,5,0
l15,0=0,0,0,0,0,0,32,15,29,77,64,95,93,52,65,0,50,74,0,0,14,0,59,0,74,0,0,0,0,0,0,0,0,0,0,0,35,0,29,0
l16,0=0,0,0,0,0,0,21,0,30,70,0,62,46,41,53,41,0,89,0,66,69,85,83,63,64,0,0,0,0,0,0,0,0,40,0,30,40,2,30,25
l17,0=0,0,0,0,0,0,0,0,27,80,0,71,70,55,55,53,59,0,0,0,83,83,72,0,70,31,0,0,0,0,0,0,0,48,0,0,42,0,0,0
l18,0=0,0,0,0,0,0,0,0,0,0,0,0,0,0,0,0,0,0,0,0,77,0,76,0,0,0,0,0,0,0,0,0,0,0,0,0,0,0,0,0
l19,0=0,0,0,0,0,0,0,0,5,0,0,23,0,44,0,0,78,0,0,0,83,50,97,0,0,0,9,0,0,0,0,32,0,0,0,3,64,18,51,71
l20,0=0,0,0,0,0,0,0,0,0,0,0,0,32,0,28,1,54,66,86,85,0,93,97,0,0,0,0,0,10,0,0,0,0,0,6,4,60,51,65,56
l21,0=0,0,0,0,0,0,0,0,20,0,0,26,31,37,0,0,94,62,43,43,97,0,96,0,0,0,0,0,0,0,0,0,0,0,0,51,28,1,89,32
l22,0=0,0,0,0,0,0,0,0,8,20,0,0,0,35,22,23,80,47,75,85,97,93,0,0,9,0,21,0,0,0,0,0,19,0,0,41,97,25,73,67
l23,0=0,0,0,0,0,0,0,0,0,0,0,0,77,52,84,0,50,0,0,0,0,0,0,0,84,13,0,0,0,0,0,0,0,36,50,0,0,0,0,0
l24,0=0,0,0,0,0,0,0,0,29,0,0,66,93,50,80,80,53,72,0,0,0,0,35,85,0,40,0,0,0,0,0,0,67,50,48,0,0,0,11,0
l25,0=0,0,0,0,0,0,0,0,2,0,0,0,82,44,87,0,0,68,0,0,0,0,0,31,75,0,25,2,0,0,0,51,68,45,78,0,0,0,0,0
l26,0=0,0,0,0,0,0,0,0,0,0,0,0,0,0,0,0,0,0,0,40,0,0,63,0,0,55,0,74,81,88,95,90,70,68,68,0,0,0,0,0
l27,0=0,0,0,0,0,0,0,0,0,0,0,0,0,0,0,0,0,0,0,0,0,0,0,0,0,0,81,0,81,91,97,71,63,67,77,0,0,0,0,0
l28,0=0,0,0,0,0,0,0,0,0,0,0,0,0,0,0,0,0,0,0,0,44,0,0,0,0,0,91,100,0,91,97,84,69,74,67,0,0,0,0,0
l29,0=0,0,0,0,0,0,0,0,0,0,0,0,0,0,0,0,0,0,0,37,0,0,5,0,0,0,87,100,81,0,97,57,58,65,58,0,0,0,0,0
l30,0=0,0,0,0,0,0,0,0,0,0,0,0,0,0,0,0,0,0,0,0,0,0,0,0,0,0,79,100,81,91,0,52,74,78,0,0,0,0,0,0
l31,0=0,0,0,0,0,0,0,0,0,0,0,0,0,0,0,0,0,0,0,51,0,0,0,0,0,54,85,60,69,55,60,0,87,79,96,0,0,0,0,0
l32,0=0,0,0,0,0,0,0,0,0,0,0,0,0,0,0,0,0,0,0,0,0,0,37,3,39,56,82,58,70,50,61,85,0,85,96,0,0,0,0,0
l33,0=0,0,0,0,0,0,0,0,0,0,0,0,69,0,70,0,69,70,0,0,0,0,0,53,62,71,75,55,68,51,73,77,81,0,79,0,0,0,0,0
l34,0=0,0,0,0,0,0,0,0,0,0,0,0,0,0,0,0,0,0,0,0,56,0,1,62,41,71,75,63,64,52,0,88,93,75,0,0,0,0,0,0
l35,0=0,0,0,0,0,0,0,0,0,0,0,0,0,0,0,0,33,0,0,0,0,67,58,0,0,0,0,0,0,0,0,0,0,0,0,0,41,51,90,22
l36,0=0,0,0,0,0,0,0,0,0,0,0,47,22,24,1,12,42,40,0,51,89,28,95,0,0,0,0,0,0,0,0,0,0,0,0,43,0,51,33,32
l37,0=0,0,0,0,0,0,0,0,0,0,0,0,0,0,0,0,5,0,0,33,90,0,52,0,0,0,0,0,0,0,0,0,0,0,0,52,60,0,17,32
l38,0=0,0,0,0,0,0,0,0,16,0,0,47,44,38,0,47,58,0,0,58,90,92,95,0,0,0,0,0,0,0,0,0,0,0,0,52,60,28,0,32
l39,0=0,0,0,0,0,0,0,0,0,0,0,0,0,0,0,0,49,0,0,63,90,72,89,0,0,0,0,0,0,0,0,0,0,0,0,44,52,55,32,0

l0,1=0,77,83,86,65,81,68,31,34,63,42,0,0,1,0,0,0,0,0,0,0,0,0,0,0,0,0,0,0,0,0,0,0,0,0,0,0,0,0,0
l1,1=87,0,88,81,81,86,61,66,50,58,67,1,0,36,0,0,0,0,0,0,0,0,0,8,0,0,0,0,0,0,0,0,0,0,0,0,0,0,0,0
l2,1=79,83,0,73,65,88,78,68,0,64,74,0,0,0,0,14,0,0,0,0,0,0,0,0,0,0,0,0,0,0,0,0,0,0,0,0,0,0,0,0
l3,1=87,76,79,0,80,81,59,17,0,43,70,0,0,0,0,0,0,0,0,0,0,0,0,0,0,0,0,0,0,0,0,0,0,0,0,0,0,0,0,0
l4,1=62,76,66,79,0,77,60,2,52,62,71,0,0,39,0,0,0,0,0,0,0,0,0,0,0,0,0,0,0,0,0,0,0,0,0,0,0,0,0,0
l5,1=74,82,88,78,72,0,68,70,62,64,68,0,0,0,0,0,0,0,0,0,0,0,0,0,0,0,0,0,0,0,0,0,0,0,0,0,0,0,0,0
l6,1=59,46,79,57,48,67,0,73,63,40,70,48,9,33,0,0,34,0,0,0,0,0,0,0,0,0,0,0,0,0,0,0,0,0,0,0,0,0,0,0
l7,1=31,64,74,27,36,80,73,0,66,70,75,46,1,18,0,9,0,0,0,0,0,0,0,0,0,0,0,0,0,0,0,0,0,0,0,0,0,0,0,0
l8,1=3,21,0,0,50,48,62,66,0,73,63,63,0,69,39,45,51,30,0,0,0,53,31,0,0,0,0,0,0,0,0,0,0,0,0,0,0,0,10,0
l9,1=45,22,65,27,62,67,44,63,83,0,80,59,21,65,34,45,42,36,0,0,0,40,28,0,0,0,0,0,0,0,0,0,0,0,0,0,0,0,0,0
l10,1=32,62,77,67,70,71,74,78,63,77,0,59,0,66,0,41,0,0,0,0,0,10,0,0,0,0,0,0,0,0,0,0,0,0,0,0,0,0,0,0
l11,1=0,0,0,0,0,0,45,18,38,42,54,0,78,75,57,58,59,74,0,10,0,10,0,3,59,0,0,0,0,0,0,0,0,0,0,40,55,0,54,0
l12,1=0,0,0,0,0,0,0,0,0,22,0,84,0,43,80,58,61,82,0,0,37,43,9,57,86,72,0,0,0,0,0,0,0,0,0,0,0,0,54,0
l13,1=0,1,0,0,34,0,40,1,41,51,68,74,41,0,47,33,57,47,0,16,28,45,32,36,24,49,0,0,0,0,0,0,0,0,0,0,0,0,50,0
l14,1=0,0,0,0,0,0,0,0,29,34,0,63,83,23,0,42,62,40,0,0,38,43,0,59,62,73,0,0,0,0,0,0,0,0,0,0,10,0,0,0
l15,1=0,0,1,0,0,0,0,0,34,38,47,86,80,18,44,0,40,52,0,0,19,0,21,16,80,0,0,0,0,0,0,0,0,0,0,0,44,0,12,0
l16,1=0,0,0,0,0,0,33,0,10,22,0,60,38,22,47,29,0,46,0,11,48,53,41,22,33,51,0,0,0,0,0,0,1,38,0,53,40,2,37,33
l17,1=0,0,0,0,0,0,0,0,7,26,0,84,85,33,49,56,68,0,0,0,32,5,24,24,57,53,0,0,0,0,0,0,0,47,0,0,46,0,25,0
l18,1=0,0,0,0,0,0,0,0,0,0,0,0,0,0,0,0,0,0,0,28,53,51,47,0,0,0,0,0,0,0,0,0,0,0,0,0,0,0,0,0
l19,1=0,0,0,0,0,0,0,0,0,0,0,28,0,14,0,0,37,0,18,0,57,44,58,0,0,0,11,0,0,0,0,19,0,0,0,0,41,38,57,53
l20,1=0,0,0,0,0,0,0,0,0,0,0,0,22,15,30,20,47,24,27,61,0,67,61,0,0,0,0,0,22,0,0,0,0,0,0,45,63,45,74,57
l21,1=0,0,0,0,0,0,0,0,43,27,3,0,21,21,30,0,50,19,24,22,62,0,64,0,0,0,0,0,0,0,0,20,24,0,0,57,27,42,67,54
l22,1=0,0,0,0,0,0,0,0,26,21,0,0,17,16,0,28,47,26,31,65,62,65,0,0,4,0,39,0,0,43,0,5,10,0,0,52,56,45,63,55
l23,1=0,0,0,0,0,0,0,0,0,0,0,0,33,25,65,28,49,26,0,0,0,0,0,0,73,61,0,0,0,0,0,0,0,0,55,0,0,0,0,0
l24,1=0,0,0,0,0,0,0,0,0,0,0,63,82,18,55,53,58,48,0,0,0,0,3,62,0,71,0,0,0,0,0,0,26,53,48,0,0,0,0,0
l25,1=0,0,0,0,0,0,0,0,14,0,0,0,52,21,72,0,50,35,0,0,0,0,0,41,61,0,46,0,35,8,0,33,0,53,50,0,0,0,0,0
l26,1=0,0,0,0,0,0,0,0,0,0,0,0,0,0,0,0,0,0,0,0,0,0,39,0,0,40,0,64,80,82,82,71,70,62,60,0,0,0,0,0
l27,1=0,0,0,0,0,0,0,0,0,0,0,0,0,0,0,0,0,0,0,0,0,0,0,0,0,0,59,0,78,84,92,59,67,61,63,0,0,0,0,0
l28,1=0,0,0,0,0,0,0,0,0,0,0,0,0,0,0,0,0,0,0,0,33,0,0,0,0,31,75,88,0,87,89,71,55,61,62,0,0,0,0,0
l29,1=0,0,0,0,0,0,0,0,0,0,0,0,0,0,0,0,0,0,0,0,0,0,39,0,0,0,67,88,80,0,88,60,55,48,51,0,0,0,0,0
l30,1=0,0,0,0,0,0,0,0,0,0,0,0,0,0,0,0,0,0,0,0,0,0,0,0,0,0,59,92,79,86,0,51,55,59,0,0,0,0,0,0
l31,1=0,0,0,0,0,0,0,0,0,0,0,0,0,0,0,0,0,0,0,44,0,31,24,0,0,46,68,51,70,65,56,0,68,69,70,0,0,0,0,0
l32,1=0,0,0,0,0,0,0,0,0,0,0,0,0,0,0,0,30,0,0,0,0,32,11,0,48,0,68,58,51,64,54,67,0,70,82,0,0,0,0,0
l33,1=0,0,0,0,0,0,0,0,0,0,0,0,0,0,0,0,42,41,0,0,0,0,0,2,53,57,66,49,64,48,65,67,70,0,64,0,0,0,0,0
l34,1=0,0,0,0,0,0,0,0,0,0,0,0,0,0,1,0,24,0,0,0,22,0,0,42,53,58,59,59,70,57,0,67,82,69,0,0,0,0,0,0
l35,1=0,0,0,0,0,0,0,0,0,0,0,27,0,0,0,0,42,0,0,0,47,50,30,0,0,0,0,0,0,0,0,0,0,0,0,0,61,56,79,46
l36,1=0,0,0,0,0,0,0,0,0,0,0,57,0,0,0,32,40,25,0,14,56,9,43,0,0,0,0,0,0,0,0,0,0,0,0,69,0,51,79,55
l37,1=0,0,0,0,0,0,0,0,0,0,0,0,0,0,0,0,0,0,0,10,52,51,38,0,0,0,0,0,0,0,0,0,0,0,0,68,60,0,63,59
l38,1=0,0,0,0,0,0,0,0,2,0,0,51,28,19,0,0,46,1,0,30,60,59,43,0,0,0,0,0,0,0,0,0,0,0,0,74,62,52,0,58
l39,1=0,0,0,0,0,0,0,0,0,0,0,0,0,0,0,0,46,0,0,29,57,53,49,0,0,0,0,0,0,0,0,0,0,0,0,53,47,55,61,0

l0,2=0,85,76,79,78,71,62,0,25,68,0,0,0,0,0,0,0,0,0,0,0,0,0,0,0,0,0,0,0,0,0,0,0,0,0,0,0,0,0,0
l1,2=78,0,75,84,77,79,74,66,58,68,77,0,0,0,0,0,0,0,0,0,0,0,0,0,0,0,0,0,0,0,0,0,0,0,0,0,0,0,0,0
l2,2=81,88,0,71,83,83,78,84,0,77,78,0,0,0,0,0,0,0,0,0,0,0,0,0,0,0,0,0,0,0,0,0,0,0,0,0,0,0,0,0
l3,2=77,83,75,0,82,74,41,39,8,0,68,0,0,0,0,0,0,0,0,0,0,0,0,0,0,0,0,0,0,0,0,0,0,0,0,0,0,0,0,0
l4,2=73,77,69,78,0,70,73,57,53,68,64,0,0,0,0,0,0,0,0,0,0,0,0,0,0,0,0,0,0,0,0,0,0,0,0,0,0,0,0,0
l5,2=68,84,80,71,73,0,70,63,61,67,75,0,0,0,0,0,0,0,0,0,0,0,0,0,0,0,0,0,0,0,0,0,0,0,0,0,0,0,0,0
l6,2=48,75,75,36,65,69,0,52,46,63,78,32,39,33,0,20,0,0,0,0,0,0,0,0,0,0,0,0,0,0,0,0,0,0,0,0,0,0,0,0
l7,2=0,64,69,40,56,67,66,0,63,69,86,30,1,52,0,29,19,0,0,0,0,0,0,0,0,0,0,0,0,0,0,0,0,0,0,0,0,0,0,0
l8,2=0,43,0,3,45,56,45,60,0,79,74,46,0,69,0,46,48,39,0,0,0,39,38,2,41,10,0,0,0,0,0,0,0,0,0,0,0,0,27,0
l9,2=50,57,63,8,64,59,49,62,73,0,84,38,38,63,2,28,27,25,0,0,1,24,0,0,0,0,0,0,0,0,0,0,0,0,0,0,0,0,0,0
l10,2=0,67,56,44,61,66,70,78,63,75,0,36,0,57,0,25,0,13,0,0,0,0,0,18,0,0,0,0,0,0,0,0,0,0,0,0,0,0,0,0
l11,2=0,0,0,0,0,0,39,21,50,44,50,0,75,74,71,56,46,78,0,44,40,39,35,18,37,0,0,0,0,0,0,0,0,0,0,40,43,0,41,29
l12,2=0,0,0,0,0,0,43,0,0,37,0,69,0,53,81,49,63,82,0,0,0,36,6,47,82,68,0,0,0,0,0,0,0,0,0,0,0,0,39,0
l13,2=0,0,0,0,0,0,8,33,70,68,58,71,44,0,49,37,48,38,0,38,32,32,28,19,40,12,0,0,0,0,0,0,0,0,0,0,0,0,47,0
l14,2=0,0,0,0,0,0,0,0,0,10,0,53,79,46,0,31,66,43,0,0,10,0,0,49,55,32,0,0,0,0,0,0,0,51,0,0,0,0,49,0
l15,2=0,0,0,0,0,0,39,41,62,47,43,83,72,62,57,0,42,58,0,24,47,1,0,1,62,0,0,0,0,0,0,0,0,0,0,0,39,0,44,0
l16,2=0,0,0,0,0,0,0,0,45,12,0,37,54,55,64,25,0,51,0,22,58,45,64,16,48,12,0,0,0,0,0,0,0,39,0,49,51,39,46,49
l17,2=0,0,0,0,0,0,0,0,51,25,1,71,81,60,59,47,75,0,0,0,45,0,39,28,61,0,0,0,0,0,0,0,0,45,0,0,48,0,48,0
l18,2=0,0,0,0,0,0,0,0,0,0,0,0,0,6,0,0,0,0,0,60,49,46,55,0,0,0,0,0,0,0,0,0,0,0,0,0,0,0,0,0
l19,2=0,0,0,0,0,0,0,0,0,0,0,21,0,43,0,3,36,0,36,0,61,0,71,0,0,0,0,0,0,29,0,41,0,0,0,0,49,28,52,51
l20,2=0,0,0,0,0,0,0,0,0,0,0,2,0,43,0,28,57,28,37,67,0,59,67,0,0,0,0,0,2,0,0,0,0,0,22,63,57,57,59,56
l21,2=0,0,0,0,0,0,0,0,56,36,0,37,38,50,2,0,58,11,43,0,69,0,70,0,0,0,0,0,0,0,0,0,0,45,0,49,52,68,60,57
l22,2=0,0,0,0,0,0,0,0,41,0,0,28,24,45,0,0,62,29,42,73,63,60,0,0,0,0,0,0,1,45,0,0,0,0,0,58,60,61,50,61
l23,2=0,0,0,0,0,0,0,0,1,0,34,0,70,50,75,0,42,41,0,0,0,0,0,0,74,45,0,0,0,0,0,0,0,0,35,0,0,0,0,0
l24,2=0,0,0,0,0,0,0,0,57,0,0,35,75,58,70,50,65,65,0,0,4,0,0,54,0,70,0,0,0,0,0,0,32,61,31,0,39,0,19,0
l25,2=0,0,0,0,0,0,0,0,44,0,0,0,70,43,67,0,51,6,0,0,0,0,0,37,66,0,40,0,0,0,0,46,51,63,41,0,0,0,0,0
l26,2=0,0,0,0,0,0,0,0,0,0,0,0,0,0,0,0,0,0,0,0,0,0,0,0,0,10,0,30,89,75,73,67,72,66,52,0,0,0,0,0
l27,2=0,0,0,0,0,0,0,0,0,0,0,0,0,0,0,0,0,0,0,0,0,0,0,0,0,0,41,0,86,83,91,65,70,53,57,0,0,0,0,0
l28,2=0,0,0,0,0,0,0,0,0,0,0,0,0,0,0,0,0,0,0,0,36,0,2,0,0,0,82,76,0,86,81,68,58,71,55,0,0,0,0,0
l29,2=0,0,0,0,0,0,0,0,0,0,0,0,0,0,0,0,0,0,0,43,0,0,45,0,0,0,73,74,89,0,73,61,64,0,9,0,0,0,0,0
l30,2=0,0,0,0,0,0,0,0,0,0,0,0,0,0,0,0,0,0,0,0,0,0,0,0,0,0,69,82,88,74,0,46,67,64,37,0,0,0,0,0
l31,2=0,0,0,0,0,0,0,0,0,0,0,0,0,0,0,0,0,0,0,59,0,0,0,4,0,24,73,57,70,60,51,0,83,73,67,0,0,0,0,0
l32,2=0,0,0,0,0,0,0,0,0,0,0,0,0,0,0,0,0,0,0,0,0,0,0,0,23,24,65,47,59,61,52,69,0,73,84,0,0,0,0,0
l33,2=0,0,0,0,0,0,0,0,0,0,0,0,0,0,55,0,33,21,0,0,0,25,0,2,48,29,60,31,69,0,54,62,77,0,65,0,0,0,0,0
l34,2=0,0,0,0,0,0,0,0,0,0,0,0,0,0,2,0,0,0,0,0,48,0,0,21,39,27,60,43,68,33,45,72,87,79,0,0,0,0,0,0
l35,2=0,0,0,0,0,0,0,0,0,0,0,0,0,0,0,0,49,0,0,0,49,29,50,0,0,0,0,0,0,0,0,0,0,0,0,0,61,64,74,53
l36,2=0,0,0,0,0,0,0,0,0,0,0,38,2,0,0,7,51,32,0,53,60,38,60,0,13,0,0,0,0,0,0,0,0,0,0,70,0,71,74,39
l37,2=0,0,0,0,0,0,0,0,0,0,0,0,0,0,0,0,37,0,0,32,48,42,56,0,0,0,0,0,0,0,0,0,0,0,0,69,61,0,61,58
l38,2=0,0,0,0,0,0,0,0,19,0,0,13,21,49,44,16,49,27,0,51,66,48,50,0,0,0,0,0,0,0,0,0,0,0,0,71,62,72,0,58
l39,2=0,0,0,0,0,0,0,0,0,0,0,0,0,0,0,0,52,0,0,61,54,47,54,0,0,0,0,0,0,0,0,0,0,0,0,57,50,64,52,0

l0,3=0,87,84,84,84,84,0,47,25,81,0,0,0,0,0,0,0,0,0,0,0,0,0,0,0,0,0,0,0,0,0,0,0,0,0,0,0,0,0,0
l1,3=81,0,85,85,88,91,83,75,65,77,42,0,0,0,0,0,0,0,0,0,0,0,0,0,0,0,0,0,0,0,0,0,0,0,0,0,0,0,0,0
l2,3=77,87,0,77,88,92,88,78,69,74,83,0,0,63,0,0,0,0,0,0,0,0,0,0,0,0,0,0,0,0,0,0,0,0,0,0,0,0,0,0
l3,3=80,88,83,0,81,83,79,0,60,6,71,0,0,0,0,0,0,0,0,0,0,0,0,0,0,0,0,0,0,0,0,0,0,0,0,0,0,0,0,0
l4,3=80,86,85,34,0,86,39,0,39,73,0,0,0,0,0,0,0,0,0,0,0,0,0,0,0,0,0,0,0,0,0,0,0,0,0,0,0,0,0,0
l5,3=77,89,88,78,88,0,83,76,72,72,76,42,0,61,0,0,0,0,0,0,0,0,0,0,0,0,0,0,0,0,0,0,0,0,0,0,0,0,0,0
l6,3=0,86,87,74,79,83,0,73,72,73,84,65,70,53,0,67,69,0,0,0,0,0,0,0,0,0,0,0,0,0,0,0,0,0,0,0,0,0,0,0
l7,3=62,76,76,0,0,80,77,0,76,81,95,0,5,67,0,71,61,0,0,0,0,0,0,0,0,0,0,0,0,0,0,0,0,0,0,0,0,0,0,0
l8,3=0,29,30,27,33,37,31,81,0,87,88,66,19,76,0,77,45,28,0,0,0,36,28,12,31,1,0,0,0,0,0,0,0,0,0,0,0,0,9,0
l9,3=36,36,36,22,54,36,53,80,91,0,96,38,19,77,28,43,0,0,0,0,38,7,0,0,0,0,0,0,0,0,0,0,0,0,0,0,0,0,0,0
l10,3=0,32,79,31,0,76,83,88,82,91,0,37,18,75,25,30,0,0,0,0,0,0,0,20,5,0,0,0,0,0,0,0,0,0,0,0,0,0,18,0
l11,3=0,0,0,0,0,32,30,0,78,37,35,0,86,78,77,92,30,86,0,26,36,29,32,30,66,3,0,0,0,0,0,0,0,0,0,0,34,19,66,1
l12,3=0,0,0,0,0,0,28,0,28,26,4,90,0,42,93,90,46,97,0,30,0,29,22,79,93,86,0,0,0,0,0,0,0,24,0,12,0,0,34,0
l13,3=0,0,31,0,0,31,10,38,92,87,54,88,36,0,16,76,39,31,17,33,38,20,28,28,29,24,0,0,0,0,0,0,0,0,0,0,0,0,29,0
l14,3=0,0,0,0,0,0,0,0,0,35,37,90,92,31,0,40,52,13,0,0,39,0,9,91,86,40,0,0,0,0,0,0,0,32,3,0,0,0,32,0
l15,3=0,0,0,0,0,0,29,44,84,56,23,93,87,75,32,0,74,72,0,13,42,16,0,30,79,0,0,0,0,0,0,0,0,0,0,0,0,0,34,9
l16,3=0,0,0,0,0,0,22,32,34,0,0,19,30,33,69,43,0,74,17,24,80,68,61,20,34,27,0,0,0,0,0,0,0,24,0,22,31,38,32,31
l17,3=0,0,0,0,0,0,0,0,70,2,0,90,92,73,15,77,92,0,0,0,67,29,29,47,79,0,0,0,0,0,0,0,0,20,0,27,66,1,44,30
l18,3=0,0,0,0,0,0,0,0,0,0,0,0,0,53,0,0,20,0,0,68,61,44,61,0,0,0,0,0,0,0,0,0,0,0,0,0,0,0,0,0
l19,3=0,0,0,0,0,0,0,0,0,0,0,3,44,47,0,1,31,0,53,0,84,80,95,0,0,0,0,0,0,58,0,46,0,0,0,28,81,37,73,47
l20,3=0,0,0,0,0,0,0,0,0,24,0,32,0,58,35,65,83,54,47,84,0,88,91,0,41,0,0,0,0,0,0,0,0,0,3,79,88,92,83,82
l21,3=0,0,0,0,0,0,0,0,78,24,0,68,70,49,0,32,85,37,50,86,89,0,92,0,0,0,0,0,0,0,0,0,0,45,0,28,83,87,80,72
l22,3=0,0,0,0,0,0,0,0,62,0,0,58,47,65,0,0,87,31,57,93,95,88,0,0,0,0,0,0,11,66,0,0,0,0,0,84,70,92,38,85
l23,3=0,0,0,0,0,0,0,0,16,0,6,38,79,34,82,38,34,22,0,0,0,0,0,0,93,85,0,0,0,0,0,15,0,0,0,0,0,0,0,0
l24,3=0,0,0,0,0,0,0,0,35,0,0,41,92,33,86,84,44,73,0,0,39,0,0,92,0,85,0,0,0,0,0,0,0,39,0,0,28,0,32,0
l25,3=0,0,0,0,0,0,0,0,25,0,0,4,81,31,78,0,38,0,0,0,0,0,0,86,85,0,12,0,0,2,0,38,44,75,43,0,0,0,0,0
l26,3=0,0,0,0,0,0,0,0,0,0,0,0,0,0,0,0,0,0,0,2,7,0,0,0,0,13,0,79,98,96,93,92,89,58,87,0,0,0,0,0
l27,3=0,0,0,0,0,0,0,0,0,0,0,0,0,0,0,0,0,0,0,0,0,0,0,0,0,0,90,0,98,96,100,93,90,0,0,0,0,0,0,0
l28,3=0,0,0,0,0,0,0,0,0,0,0,0,0,0,0,0,0,0,0,4,3,0,56,0,0,0,93,100,0,96,93,93,87,79,88,0,0,0,0,0
l29,3=0,0,0,0,0,0,0,0,0,0,0,0,0,0,0,0,0,0,0,61,0,0,59,0,0,0,93,100,98,0,91,79,84,53,71,0,0,0,0,0
l30,3=0,0,0,0,0,0,0,0,0,0,0,0,0,0,0,0,0,0,0,0,0,0,0,0,0,0,91,100,91,94,0,82,89,57,0,0,0,0,0,0
l31,3=0,0,0,0,0,0,0,0,0,0,0,0,0,0,0,0,0,0,0,63,0,0,0,58,0,59,93,79,85,78,68,0,97,89,97,0,0,0,0,0
l32,3=0,0,0,0,0,0,0,0,0,0,0,0,1,0,0,0,0,0,0,0,0,0,0,0,0,77,86,77,83,84,83,99,0,87,97,0,0,0,0,0
l33,3=0,0,0,0,0,0,0,0,0,0,0,0,29,0,25,0,67,12,0,0,0,30,0,0,84,85,62,0,89,73,61,91,90,0,95,0,0,0,0,0
l34,3=0,0,0,0,0,0,0,0,0,0,0,0,0,0,27,0,0,0,0,0,58,0,0,37,0,75,84,25,81,81,38,95,97,96,0,0,0,0,0,0
l35,3=0,0,0,0,0,0,0,0,0,0,0,0,17,0,0,0,4,5,0,17,70,0,72,0,0,0,0,0,0,0,0,0,0,0,0,0,87,92,83,81
l36,3=0,0,0,0,0,0,0,0,0,0,0,50,8,0,0,0,58,41,0,71,73,68,62,0,16,0,0,0,0,0,0,0,0,0,0,87,0,92,85,78
l37,3=0,0,0,0,0,0,0,0,0,0,0,0,0,0,0,0,63,0,0,29,78,73,80,0,0,0,0,0,0,0,0,0,0,0,0,88,90,0,72,78
l38,3=0,0,0,0,0,0,0,0,0,0,0,67,51,59,55,46,60,34,0,71,84,72,39,0,31,0,0,0,0,0,0,0,0,0,0,88,90,79,0,81
l39,3=0,0,0,0,0,0,0,0,0,0,0,0,0,0,0,0,55,3,0,50,77,54,83,0,0,0,0,0,0,0,0,0,0,0,0,88,89,91,85,0

l0,4=0,94,73,94,96,83,0,33,74,86,0,0,0,0,0,0,0,0,0,0,0,0,0,0,0,0,0,0,0,0,0,0,0,0,0,0,0,0,0,0
l1,4=91,0,85,90,97,89,91,74,84,87,87,0,0,3,0,0,0,0,0,0,0,0,0,5,0,0,0,0,0,0,0,0,0,0,0,0,0,0,0,0
l2,4=80,85,0,83,92,89,91,86,79,87,87,0,0,64,0,0,0,0,0,0,0,0,0,0,0,0,0,0,0,0,0,0,0,0,0,0,0,0,0,0
l3,4=94,92,91,0,93,88,82,0,80,0,0,0,0,0,0,0,0,0,0,0,0,0,0,0,0,0,0,0,0,0,0,0,0,0,0,0,0,0,0,0
l4,4=91,91,91,90,0,86,91,78,83,82,66,0,0,0,0,0,0,0,0,0,0,0,0,0,0,0,0,0,0,0,0,0,0,0,0,0,0,0,0,0
l5,4=84,88,91,82,88,0,86,86,85,87,87,0,0,55,0,66,0,0,0,0,0,0,0,0,0,0,0,0,0,0,0,0,0,0,0,0,0,0,0,0
l6,4=0,91,90,77,88,83,0,94,73,87,93,81,81,0,0,74,72,0,0,0,0,0,0,0,0,0,0,0,0,0,0,0,0,0,0,0,0,0,0,0
l7,4=50,74,84,0,79,86,90,0,87,90,94,81,0,67,0,78,0,0,0,0,0,0,0,0,0,0,0,0,0,0,0,0,0,0,0,0,0,0,0,0
l8,4=71,71,37,70,76,69,73,79,0,90,78,81,86,75,71,78,72,73,0,0,52,72,73,0,0,0,0,0,0,0,0,0,0,0,0,0,0,0,0,0
l9,4=74,75,78,3,76,72,82,86,91,0,97,80,0,77,0,30,0,74,0,0,72,0,77,0,0,0,0,0,0,0,0,0,0,0,0,0,0,0,0,0
l10,4=0,75,88,0,76,83,90,94,86,90,0,83,86,77,79,78,0,57,0,0,0,0,0,60,0,0,0,0,0,0,0,0,0,0,0,0,0,0,0,0
l11,4=0,0,0,0,0,0,76,64,82,83,77,0,88,71,83,92,73,77,0,0,0,71,71,80,67,60,0,0,0,0,0,0,0,0,0,0,78,49,88,0
l12,4=0,0,0,0,0,0,41,0,81,0,77,90,0,75,94,86,85,90,0,23,75,0,0,85,85,87,0,0,0,0,0,0,50,75,0,44,28,0,88,0
l13,4=0,0,77,0,0,6,0,47,86,85,77,83,87,0,75,79,72,75,0,63,75,65,77,76,0,78,0,0,0,0,0,0,0,0,0,0,2,0,80,0
l14,4=0,0,0,0,0,0,0,0,81,0,76,90,92,70,0,0,80,31,0,0,79,0,28,93,89,86,0,0,0,0,0,6,0,78,66,0,43,0,89,0
l15,4=0,0,0,0,0,56,76,73,81,60,75,95,87,72,0,0,72,74,0,19,76,71,70,78,78,6,0,0,0,0,0,0,0,0,0,0,76,22,86,0
l16,4=0,0,0,0,0,0,74,0,81,0,0,82,91,69,89,74,0,90,57,79,85,69,80,76,73,76,0,0,0,0,0,0,0,0,0,75,73,51,94,78
l17,4=0,0,0,0,0,0,0,0,81,83,41,89,92,73,40,75,90,0,0,0,79,66,73,76,84,15,0,0,0,0,0,0,0,0,0,75,78,0,87,81
l18,4=0,0,0,0,0,0,0,0,0,0,0,0,0,0,0,0,72,0,0,82,31,80,81,0,0,0,0,0,0,0,0,0,0,0,0,0,0,0,0,0
l19,4=0,0,0,0,0,0,0,0,0,0,0,0,55,56,0,0,74,0,62,0,89,87,91,0,0,0,26,0,0,48,0,0,0,0,0,80,78,59,84,83
l20,4=0,0,0,0,0,0,0,0,34,60,0,0,75,61,73,71,84,77,6,92,0,80,91,0,63,0,0,0,65,0,0,0,37,0,0,71,88,84,97,81
l21,4=0,0,0,0,0,0,0,0,83,0,0,82,0,59,0,66,88,68,60,91,89,0,90,0,29,0,0,0,0,0,0,0,0,53,0,68,87,81,97,88
l22,4=0,0,0,0,0,0,0,0,72,76,0,80,0,65,16,46,78,64,63,95,91,89,0,0,0,0,76,0,3,60,0,0,0,47,0,66,87,88,97,80
l23,4=0,0,0,0,0,0,0,0,0,0,1,82,92,74,95,79,73,57,0,0,0,0,0,0,90,95,0,0,0,0,0,0,0,84,78,0,0,0,0,0
l24,4=0,0,0,0,0,0,0,0,1,0,0,82,92,0,95,87,78,88,0,0,79,0,0,93,0,88,0,0,0,0,0,0,0,80,0,0,0,0,0,0
l25,4=0,0,0,0,0,0,0,0,0,0,0,33,92,68,95,6,72,29,0,0,0,0,0,95,90,0,0,0,0,64,0,63,87,94,85,0,0,0,0,0
l26,4=0,0,0,0,0,0,0,0,0,0,0,0,0,0,0,0,0,0,0,23,0,0,81,0,0,0,0,90,100,100,99,100,93,90,94,0,0,0,0,0
l27,4=0,0,0,0,0,0,0,0,0,0,0,0,0,0,0,0,0,0,0,0,0,0,0,0,0,0,100,0,100,100,100,94,83,0,81,0,0,0,0,0
l28,4=0,0,0,0,0,0,0,0,0,0,0,0,0,0,0,0,0,0,0,0,87,0,78,0,0,0,100,100,0,100,99,95,92,95,95,0,0,0,0,0
l29,4=0,0,0,0,0,0,0,0,0,0,0,0,0,0,0,0,0,0,0,68,0,0,78,0,0,78,100,100,100,0,99,91,85,90,88,0,0,0,0,0
l30,4=0,0,0,0,0,0,0,0,0,0,0,0,0,0,0,0,0,0,0,0,0,0,0,0,0,0,98,100,98,100,0,98,87,91,0,0,0,0,0,0
l31,4=0,0,0,0,0,0,0,0,0,0,0,0,0,0,0,0,0,0,0,0,0,0,0,0,0,82,100,90,90,91,90,0,97,100,99,0,0,0,0,0
l32,4=0,0,0,0,0,0,0,0,0,0,0,0,90,0,0,0,0,0,0,0,78,0,9,0,0,95,98,94,98,100,96,100,0,100,99,0,0,0,0,0
l33,4=0,0,0,0,0,0,0,0,0,0,0,0,86,0,79,0,0,0,0,0,0,41,58,78,84,98,88,0,89,86,75,100,97,0,99,0,0,0,0,0
l34,4=0,0,0,0,0,0,0,0,0,0,0,0,0,0,87,0,0,0,0,0,14,0,0,91,18,95,98,76,98,100,0,100,98,100,0,0,0,0,0,0
l35,4=0,0,0,0,0,0,0,0,0,0,0,0,34,0,0,0,67,44,0,49,55,22,29,0,0,0,0,0,0,0,0,0,0,0,0,0,84,90,88,86
l36,4=0,0,0,0,0,0,0,0,0,0,0,59,47,2,10,45,49,71,0,58,83,41,78,0,0,0,0,0,0,0,0,0,0,0,0,85,0,89,88,85
l37,4=0,0,0,0,0,0,0,0,0,0,0,0,0,0,0,0,29,0,0,33,77,45,80,0,0,0,0,0,0,0,0,0,0,0,0,87,90,0,91,82
l38,4=0,0,0,0,0,0,0,0,0,0,0,79,78,43,71,65,80,54,0,70,86,63,85,0,0,0,0,0,0,0,0,0,0,0,0,88,85,84,0,88
l39,4=0,0,0,0,0,0,0,0,0,0,0,0,0,0,0,0,64,62,0,77,79,59,71,0,0,0,0,0,0,0,0,0,0,0,0,85,85,86,90,0

l0,5=0,91,60,80,63,64,71,0,0,83,69,0,0,0,0,0,0,0,0,0,0,0,0,0,0,0,0,0,0,0,0,0,0,0,0,0,0,0,0,0
l1,5=78,0,84,80,89,80,85,63,0,83,80,0,5,9,0,0,0,0,0,0,0,0,0,4,0,0,0,0,0,0,0,0,0,0,0,0,0,0,0,0
l2,5=59,81,0,80,73,71,75,57,1,83,79,0,0,7,0,0,0,0,0,0,0,0,0,0,0,0,0,0,0,0,0,0,0,0,0,0,0,0,0,0
l3,5=60,76,62,0,89,71,72,0,13,49,0,0,0,0,0,0,0,0,0,0,0,0,0,0,0,0,0,0,0,0,0,0,0,0,0,0,0,0,0,0
l4,5=48,90,79,89,0,75,78,69,74,0,68,0,0,44,0,0,0,0,0,0,0,0,0,0,0,0,0,0,0,0,0,0,0,0,0,0,0,0,0,0
l5,5=46,91,70,80,88,0,71,74,71,83,79,60,0,79,0,0,0,0,0,0,0,0,0,0,0,0,0,0,0,0,0,0,0,0,0,0,0,0,0,0
l6,5=32,81,63,62,71,35,0,73,67,81,82,62,0,0,0,0,48,0,0,8,0,0,0,0,0,0,0,0,0,0,0,0,0,0,0,0,0,0,0,0
l7,5=0,70,48,45,61,66,75,0,75,76,87,74,0,51,0,71,0,0,0,0,0,0,0,0,0,0,0,0,0,0,0,0,0,0,0,0,0,0,0,0
l8,5=0,0,0,17,25,14,64,72,0,85,79,70,0,87,24,46,52,73,0,0,9,61,19,19,52,0,0,0,0,0,0,0,0,0,0,0,3,0,0,0
l9,5=31,70,59,50,0,66,74,70,77,0,85,76,0,85,3,45,32,75,0,0,40,0,22,0,50,0,0,0,0,0,0,0,0,0,0,0,0,0,54,0
l10,5=46,73,60,0,65,66,74,78,75,92,0,77,2,79,53,68,0,52,0,0,0,0,0,0,0,0,0,0,0,0,0,0,0,0,0,0,0,0,0,0
l11,5=0,0,0,0,0,7,44,50,78,29,29,0,79,84,52,85,52,80,0,0,41,47,12,18,40,43,0,0,0,0,0,0,0,0,0,0,35,45,65,0
l12,5=0,0,0,0,0,0,0,0,0,0,0,71,0,71,81,36,55,84,0,0,40,0,1,28,73,76,0,0,0,0,0,0,23,2,0,23,32,0,62,0
l13,5=0,0,0,0,6,17,0,0,82,81,27,75,71,0,48,78,52,74,0,23,41,0,17,24,44,58,0,0,0,0,0,0,0,0,0,17,13,0,0,0
l14,5=0,0,0,0,0,0,0,0,38,8,17,65,81,70,0,33,57,69,0,0,55,0,14,56,87,77,0,0,0,0,0,22,0,27,26,0,17,0,61,0
l15,5=0,0,0,0,0,0,0,61,69,22,27,87,76,88,41,0,42,67,0,0,8,58,15,25,55,48,0,0,0,0,0,0,0,0,0,0,33,0,60,44
l16,5=0,0,0,0,0,0,38,0,41,12,0,50,77,60,54,26,0,83,0,49,59,60,17,0,46,47,0,0,0,0,0,11,0,6,15,32,33,42,68,44
l17,5=0,0,0,0,0,0,0,0,60,22,13,66,81,83,52,38,59,0,0,9,71,48,7,0,58,57,0,0,0,0,0,0,0,0,0,26,38,14,0,37
l18,5=0,0,0,0,0,0,0,0,0,0,0,0,0,0,0,0,0,0,0,0,0,71,49,0,0,0,0,0,0,0,0,0,0,0,0,0,0,0,0,0
l19,5=0,0,0,0,0,0,0,0,0,0,0,0,0,16,0,0,37,0,0,0,81,76,77,0,0,0,36,0,0,4,0,0,0,0,0,0,59,0,11,52
l20,5=0,0,0,0,0,0,0,0,1,9,0,12,34,33,32,0,57,59,0,80,0,75,77,0,27,0,0,0,22,0,0,0,23,0,0,52,69,54,74,50
l21,5=0,0,0,0,0,0,0,0,39,5,0,20,0,0,0,28,40,23,58,75,76,0,69,0,25,0,0,0,0,0,0,0,0,0,0,61,66,56,60,63
l22,5=0,0,0,0,0,0,0,0,35,15,0,10,2,51,26,28,42,9,36,84,83,77,0,0,0,0,40,0,0,0,0,0,0,0,0,29,59,52,77,60
l23,5=0,0,0,0,0,0,0,0,53,0,0,58,67,62,71,59,0,0,0,0,0,0,0,0,86,75,0,0,0,0,0,0,0,65,61,0,0,0,0,0
l24,5=0,0,0,0,0,0,0,0,57,19,0,50,81,60,84,64,67,72,0,0,50,41,0,86,0,70,0,0,0,0,0,0,0,25,17,0,16,0,0,0
l25,5=0,0,0,0,0,0,0,0,0,0,0,40,70,55,70,26,42,56,0,0,0,0,0,82,78,0,0,0,0,45,0,0,47,73,32,0,0,0,0,0
l26,5=0,0,0,0,0,0,0,0,0,0,0,0,0,0,0,0,0,0,0,45,0,0,43,0,0,0,0,65,86,90,85,78,79,62,64,0,0,0,0,0
l27,5=0,0,0,0,0,0,0,0,0,0,0,0,0,0,0,0,0,0,0,0,0,0,0,0,0,0,72,0,85,83,93,64,68,0,0,0,0,0,0,0
l28,5=0,0,0,0,0,0,0,0,0,0,0,0,0,0,0,0,0,0,0,0,44,0,34,0,0,0,84,88,0,91,93,54,68,67,59,0,0,0,0,0
l29,5=0,0,0,0,0,0,0,0,0,0,0,0,0,0,0,0,0,0,0,24,0,0,4,0,0,43,84,84,86,0,92,45,64,59,56,0,0,0,0,0
l30,5=0,0,0,0,0,0,0,0,0,0,0,0,0,0,0,0,0,0,0,0,0,0,0,0,0,0,83,88,86,86,0,60,0,72,0,0,0,0,0,0
l31,5=0,0,0,0,0,0,0,0,0,0,0,0,0,0,22,0,19,0,0,0,0,0,0,0,0,0,77,57,58,53,61,0,84,77,73,0,0,0,0,0
l32,5=0,0,0,0,0,0,0,0,0,0,0,0,47,0,0,0,0,0,0,0,47,0,0,19,0,66,70,57,59,65,32,83,0,78,87,0,0,0,0,0
l33,5=0,0,0,0,0,0,0,0,0,0,0,0,44,0,41,0,30,0,0,0,0,0,0,66,57,66,58,0,56,66,64,62,66,0,68,0,0,0,0,0
l34,5=0,0,0,0,0,0,0,0,0,0,0,0,8,0,58,0,40,0,0,0,25,0,0,71,49,63,60,0,57,63,0,76,86,87,0,0,0,0,0,0
l35,5=0,0,0,0,0,0,0,0,0,0,0,0,11,22,0,0,27,14,0,2,35,43,10,0,0,0,0,0,0,0,0,0,0,0,0,0,37,7,40,40
l36,5=0,0,0,0,0,0,0,0,11,0,0,27,39,11,6,18,32,39,0,47,56,56,21,0,2,0,0,0,0,0,0,0,0,0,0,39,0,59,67,65
l37,5=0,0,0,0,0,0,0,0,0,0,0,6,0,0,0,0,20,0,0,1,48,50,15,0,0,0,0,0,0,0,0,0,0,0,0,17,65,0,59,52
l38,5=0,0,0,0,0,0,0,0,0,11,0,39,48,0,42,33,47,0,0,2,63,56,23,0,0,0,0,0,0,0,0,0,0,0,0,38,71,58,0,66
l39,5=0,0,0,0,0,0,0,0,0,0,0,0,0,0,0,10,27,1,0,44,47,63,13,0,0,0,0,0,0,0,0,0,0,0,0,35,66,42,73,0

l0,6=0,93,84,79,94,84,74,6,0,58,59,0,0,0,0,0,0,0,0,0,0,0,0,0,0,0,0,0,0,0,0,0,0,0,0,0,0,0,0,0
l1,6=90,0,85,83,95,88,78,30,0,68,57,0,0,0,0,0,0,0,0,0,0,0,0,31,0,0,0,0,0,0,0,0,0,0,0,0,0,0,0,0
l2,6=78,84,0,73,90,86,75,47,57,72,59,0,0,28,0,0,0,0,0,0,0,0,0,0,0,0,0,0,0,0,0,0,0,0,0,0,0,0,0,0
l3,6=68,85,72,0,96,86,75,0,0,56,0,0,0,0,0,0,0,0,0,0,0,0,0,0,0,0,0,0,0,0,0,0,0,0,0,0,0,0,0,0
l4,6=87,90,88,89,0,91,75,39,63,0,50,0,0,1,0,0,0,0,0,0,0,0,0,19,0,0,0,0,0,0,0,0,0,0,0,0,0,0,0,0
l5,6=82,82,84,79,85,0,67,78,76,71,65,0,0,35,0,0,0,0,0,0,0,0,0,0,0,0,0,0,0,0,0,0,0,0,0,0,0,0,0,0
l6,6=57,78,58,68,65,57,0,75,50,69,57,49,0,13,0,0,38,0,0,0,0,0,0,0,0,0,0,0,0,0,0,0,0,0,0,0,0,0,0,0
l7,6=35,48,52,30,45,81,74,0,77,71,65,47,3,0,0,51,0,0,0,0,0,0,0,0,0,0,0,0,0,0,0,0,0,0,0,0,0,0,0,0
l8,6=0,0,23,0,59,52,50,55,0,73,65,69,46,77,19,51,45,60,0,0,28,25,15,22,32,6,0,0,0,0,0,0,0,0,0,0,0,0,0,0
l9,6=25,45,55,43,0,74,69,68,83,0,70,52,31,74,24,60,20,25,0,0,5,0,7,0,0,0,0,0,0,0,0,0,0,0,0,0,0,0,4,0
l10,6=44,51,54,0,54,72,74,82,82,82,0,56,0,41,0,40,20,0,0,0,0,0,0,0,0,0,0,0,0,0,0,0,0,0,0,0,0,0,0,0
l11,6=0,0,0,0,0,0,26,29,66,29,27,0,59,42,38,81,26,51,0,0,8,0,0,11,32,14,0,0,0,0,0,0,0,0,0,0,30,29,22,0
l12,6=0,0,0,0,0,0,0,0,47,18,0,58,0,35,69,40,40,64,0,0,12,0,2,46,67,65,0,0,0,0,0,0,0,45,20,0,29,0,13,0
l13,6=0,0,1,0,0,16,0,0,79,44,21,41,37,0,31,45,20,59,0,17,3,0,11,0,47,0,0,0,0,0,0,0,0,0,0,24,24,0,4,0
l14,6=0,0,0,0,0,0,0,0,41,24,0,38,64,35,0,35,12,49,0,0,21,0,31,45,46,42,0,0,0,0,0,0,0,43,1,0,16,0,15,0
l15,6=0,0,0,0,0,0,0,41,49,35,24,73,60,55,37,0,25,61,0,0,2,21,11,42,50,0,0,0,0,0,0,0,0,0,0,4,18,2,23,0
l16,6=0,0,0,0,0,0,14,0,46,6,2,35,59,27,11,33,0,66,17,14,5,19,32,24,36,13,0,0,0,0,0,0,0,31,0,35,29,18,24,17
l17,6=0,0,0,0,0,0,0,0,48,15,0,42,64,48,47,44,33,0,0,0,35,12,28,0,49,17,0,0,0,0,0,0,0,36,0,1,35,22,16,0
l18,6=0,0,0,0,0,0,0,0,0,0,0,0,0,3,0,0,35,0,0,36,0,38,0,0,0,0,0,0,0,0,0,0,0,0,0,0,0,0,0,0
l19,6=0,0,0,0,0,0,0,0,0,0,0,0,0,26,0,0,13,0,28,0,60,45,62,0,0,0,2,0,0,0,1,22,0,0,0,34,29,11,17,36
l20,6=0,0,0,0,0,0,0,0,42,4,0,5,32,12,23,0,1,48,0,58,0,64,64,0,0,0,0,0,0,0,0,0,0,12,0,0,40,28,49,25
l21,6=0,0,0,0,0,0,0,0,43,0,0,0,10,0,0,24,19,36,26,46,61,0,59,0,0,0,0,0,0,0,0,0,0,0,0,42,32,33,21,27
l22,6=0,0,0,0,0,0,0,0,44,21,0,0,24,30,21,22,21,31,0,60,63,61,0,0,0,0,25,0,2,0,0,0,0,0,0,39,57,23,48,40
l23,6=0,4,0,0,16,0,0,0,34,0,0,0,57,0,56,52,29,0,0,0,0,0,0,0,63,63,0,0,0,0,0,17,27,49,36,0,0,0,0,0
l24,6=0,0,0,0,0,0,0,0,50,0,0,44,76,35,55,56,41,44,0,0,3,0,0,61,0,44,0,0,0,0,0,0,0,44,25,0,0,0,1,0
l25,6=0,0,0,0,0,0,0,0,23,0,0,21,67,0,56,0,17,29,0,0,0,0,0,55,55,0,0,0,0,0,0,0,31,59,0,0,0,0,0,0
l26,6=0,0,0,0,0,0,0,0,0,0,0,0,0,0,0,0,0,0,0,15,11,0,32,0,0,0,0,46,86,76,62,66,65,44,33,0,0,0,0,0
l27,6=0,0,0,0,0,0,0,0,0,0,0,0,0,0,0,0,0,0,0,0,0,0,0,0,0,0,53,0,82,80,82,53,43,0,0,0,0,0,0,0
l28,6=0,0,0,0,0,0,0,0,0,0,0,0,0,0,0,0,0,0,0,0,23,0,15,0,0,0,55,80,0,84,80,62,55,68,44,0,0,0,0,0
l29,6=0,0,0,0,0,0,0,0,0,0,0,0,0,0,0,0,0,0,0,0,0,0,0,0,0,0,54,79,86,0,41,39,50,52,29,0,0,0,0,0
l30,6=0,0,0,0,0,0,0,0,0,0,0,0,0,0,0,0,0,0,0,0,0,0,0,0,0,0,50,83,82,42,0,46,0,0,34,0,0,0,0,0
l31,6=0,0,0,0,0,0,0,0,0,0,0,0,0,0,0,0,0,0,0,26,0,0,0,19,0,0,53,34,58,34,44,0,79,70,64,0,0,0,0,0
l32,6=0,0,0,0,0,0,0,0,0,0,0,0,0,0,0,0,0,0,0,0,0,0,0,27,0,31,46,16,53,39,0,74,0,71,84,0,0,0,0,0
l33,6=0,0,0,0,0,0,0,0,0,0,0,0,46,0,47,0,23,31,0,0,24,0,0,45,43,45,34,0,57,42,24,58,68,0,64,0,0,0,0,0
l34,6=0,0,0,0,0,0,0,0,0,0,0,0,35,0,21,0,11,0,0,7,0,0,0,41,34,0,36,0,51,35,39,64,83,72,0,0,0,0,0,0
l35,6=0,0,0,0,0,0,0,0,0,0,0,0,0,24,0,0,19,0,0,20,0,23,37,0,0,0,0,0,0,0,0,0,0,0,0,0,41,44,22,31
l36,6=0,0,0,0,0,0,0,0,0,0,0,10,32,28,4,0,16,40,0,17,28,24,47,0,0,0,0,0,0,0,0,0,0,0,0,48,0,50,31,37
l37,6=0,0,0,0,0,0,0,0,0,0,0,7,0,0,0,0,7,0,0,1,24,23,5,0,0,0,0,0,0,0,0,0,0,0,0,58,58,0,22,30
l38,6=0,0,0,0,0,0,0,0,0,0,0,30,35,12,12,27,24,39,0,22,31,27,44,0,0,0,0,0,0,0,0,0,0,0,0,50,59,39,0,33
l39,6=0,0,0,0,0,0,0,0,0,0,0,0,0,0,0,0,17,0,0,26,25,24,43,0,0,0,0,0,0,0,0,0,0,0,0,49,56,35,39,0

l0,7=0,100,95,93,99,97,92,84,80,82,78,0,0,0,0,0,0,0,0,0,0,0,0,0,0,0,0,0,0,0,0,0,0,0,0,0,0,0,0,0
l1,7=99,0,95,93,95,90,89,88,37,57,55,0,0,58,0,0,0,0,0,0,0,0,0,0,0,0,0,0,0,0,0,0,0,0,0,0,0,0,0,0
l2,7=95,94,0,92,95,78,89,56,81,83,68,0,0,0,0,0,0,0,0,0,0,0,0,0,0,0,0,0,0,0,0,0,0,0,0,0,0,0,0,0
l3,7=95,92,94,0,98,90,89,43,0,68,67,0,0,0,0,0,0,0,0,0,0,0,0,0,0,0,0,0,0,0,0,0,0,0,0,0,0,0,0,0
l4,7=99,99,98,99,0,97,95,81,82,0,62,0,0,74,0,0,0,0,0,0,0,0,0,0,0,0,0,0,0,0,0,0,0,0,0,0,0,0,0,0
l5,7=96,93,81,91,95,0,26,93,89,90,79,0,0,56,0,0,0,0,0,0,0,0,0,0,0,0,0,0,0,0,0,0,0,0,0,0,0,0,0,0
l6,7=85,87,90,80,89,19,0,88,0,84,72,36,0,52,0,0,26,0,0,0,0,0,0,0,0,0,0,0,0,0,0,0,0,0,0,0,0,0,0,0
l7,7=57,66,15,32,68,90,89,0,76,90,79,18,19,53,0,40,0,5,0,0,0,0,0,0,0,0,0,0,0,0,0,0,0,0,0,0,0,0,0,0
l8,7=51,13,18,0,43,67,0,77,0,90,79,82,27,85,42,44,20,30,0,0,3,0,13,0,0,0,0,0,0,0,0,0,0,0,0,0,0,0,0,0
l9,7=39,41,22,16,0,81,89,93,94,0,79,54,27,83,12,48,3,15,0,0,16,1,8,6,39,0,0,0,0,0,0,0,0,0,0,0,0,0,36,0
l10,7=63,51,36,38,49,71,68,93,94,90,0,72,0,34,0,67,33,5,0,0,0,0,0,0,0,0,0,0,0,0,0,0,0,0,0,0,0,0,0,0
l11,7=0,0,0,0,0,0,25,12,69,58,35,0,51,63,31,86,20,23,0,0,14,2,10,26,44,14,0,0,0,0,0,0,0,0,0,0,12,0,46,23
l12,7=0,0,0,0,0,0,0,0,46,33,0,78,0,39,65,49,25,33,0,0,14,0,0,64,93,67,0,0,0,0,0,0,0,20,2,0,7,0,24,0
l13,7=0,34,0,0,26,22,35,49,92,81,6,44,15,0,47,48,17,28,0,0,13,0,10,48,65,14,0,0,0,0,0,0,0,0,0,11,16,0,39,0
l14,7=0,0,0,0,0,0,0,0,46,27,0,32,61,52,0,15,21,45,0,0,14,11,11,50,48,40,0,0,0,0,0,0,0,21,0,0,0,0,25,0
l15,7=0,0,0,0,0,0,0,43,68,65,33,86,72,63,32,0,16,26,0,11,16,8,12,53,39,20,0,0,0,0,0,0,0,0,0,0,19,22,42,0
l16,7=0,0,0,0,0,0,14,0,48,16,27,34,29,37,43,13,0,30,30,0,27,12,17,43,46,10,0,0,0,0,0,11,13,1,0,19,31,37,48,0
l17,7=0,0,0,0,0,0,0,0,57,31,3,31,28,54,50,19,21,0,0,3,26,10,1,32,64,0,0,0,0,0,0,0,0,13,0,1,28,0,42,22
l18,7=0,0,0,0,0,0,0,0,0,0,0,0,0,0,0,0,47,0,0,35,38,14,0,0,0,0,0,0,0,0,0,0,0,0,0,0,0,0,0,0
l19,7=0,0,0,0,0,0,0,0,6,0,0,0,4,0,0,3,0,0,28,0,67,42,64,0,0,0,17,0,1,0,0,33,0,0,0,6,0,0,0,7
l20,7=0,0,0,0,0,0,0,0,0,25,0,19,13,24,21,11,26,26,26,65,0,59,65,0,1,0,0,0,15,26,0,0,0,0,0,35,38,33,53,42
l21,7=0,0,0,0,0,0,0,0,15,24,0,8,13,0,24,24,25,25,23,41,69,0,65,0,7,0,0,0,0,0,0,0,0,0,0,33,30,0,50,47
l22,7=0,0,0,0,0,0,0,0,43,26,0,22,0,32,23,13,26,1,0,64,73,65,0,0,0,0,4,0,22,0,0,0,0,0,0,29,38,0,44,46
l23,7=0,0,0,0,0,0,0,0,0,4,0,0,58,51,61,34,34,6,0,0,0,0,0,0,89,86,0,0,0,0,0,0,5,17,35,0,0,0,0,0
l24,7=0,0,0,0,0,0,0,0,0,34,0,37,86,63,47,15,34,45,0,0,2,0,0,77,0,75,0,0,0,0,0,0,0,24,17,0,1,0,0,0
l25,7=0,0,0,0,4,0,0,0,2,15,0,33,80,45,58,32,21,0,0,0,0,0,0,71,79,0,0,0,0,31,0,3,28,45,0,0,0,0,20,0
l26,7=0,0,0,0,0,0,0,0,0,0,0,0,0,0,0,0,0,0,0,12,6,0,26,0,0,0,0,76,76,78,72,74,75,50,68,0,0,0,0,0
l27,7=0,0,0,0,0,0,0,0,0,0,0,0,0,0,0,0,0,0,0,0,0,0,0,0,0,0,73,0,71,78,78,20,52,0,3,0,0,0,0,0
l28,7=0,0,0,0,0,0,0,0,0,0,0,0,0,0,0,0,0,0,0,30,34,0,34,0,0,0,81,84,0,83,75,65,39,52,49,0,0,0,0,0
l29,7=0,0,0,0,0,0,0,0,0,0,0,0,0,0,0,0,0,0,0,0,39,0,0,0,0,15,76,84,76,0,75,56,47,49,29,0,0,0,0,0
l30,7=0,0,0,0,0,0,0,0,0,0,0,0,0,0,0,0,0,0,0,0,0,0,0,0,0,0,62,87,71,78,0,59,47,25,59,0,0,0,0,0
l31,7=0,0,0,0,0,0,0,0,0,0,0,0,0,0,0,0,18,0,0,40,0,0,0,0,0,0,77,6,56,52,45,0,76,78,86,0,0,0,0,0
l32,7=0,0,0,0,0,0,0,0,0,0,0,0,0,0,0,0,15,0,0,0,0,0,0,31,0,44,71,22,50,68,58,75,0,77,88,0,0,0,0,0
l33,7=0,0,0,0,0,0,0,0,0,0,0,0,51,0,41,0,26,50,0,0,8,0,0,42,55,50,53,0,61,54,43,73,71,0,74,0,0,0,0,0
l34,7=0,0,0,0,0,0,0,0,0,0,0,0,42,0,0,0,0,0,0,0,0,0,0,47,46,0,55,20,50,43,40,71,80,66,0,0,0,0,0,0
l35,7=0,0,0,0,0,0,0,0,0,0,0,0,0,7,0,0,13,0,0,2,24,14,13,0,0,0,0,0,0,0,0,0,0,0,0,0,39,59,49,51
l36,7=0,0,0,0,0,0,0,0,0,0,0,0,8,15,0,4,24,19,0,0,34,24,48,0,0,0,0,0,0,0,0,0,0,0,0,61,0,57,52,52
l37,7=0,0,0,0,0,0,0,0,0,0,0,0,0,0,0,6,11,0,0,0,18,0,0,0,0,0,0,0,0,0,0,0,0,0,0,38,39,0,34,45
l38,7=0,0,0,0,0,0,0,0,0,35,0,33,15,36,25,18,15,26,0,0,52,15,16,0,0,0,0,0,0,0,0,0,0,0,0,24,46,38,0,52
l39,7=0,0,0,0,0,0,0,0,0,0,0,0,0,0,0,0,0,0,0,0,23,17,17,0,0,0,0,0,0,0,0,0,0,0,0,32,42,51,42,0

l0,8=0,100,99,95,99,100,99,95,8,95,89,0,0,84,0,0,0,0,0,0,0,0,0,0,0,0,0,0,0,0,0,0,0,0,0,0,0,0,0,0
l1,8=100,0,99,100,100,100,99,99,76,99,0,0,0,64,0,0,0,0,0,0,0,0,0,38,0,0,0,0,0,0,0,0,0,0,0,0,0,0,0,0
l2,8=100,100,0,95,94,100,97,98,0,46,89,0,0,2,0,2,0,0,0,0,0,0,0,0,0,0,0,0,0,0,0,0,0,0,0,0,0,0,0,0
l3,8=93,99,94,0,100,99,99,99,0,83,6,0,0,0,0,0,0,0,0,0,0,0,0,0,5,0,0,0,0,0,0,0,0,0,0,0,0,0,0,0
l4,8=99,100,99,100,0,99,99,96,98,50,85,0,0,93,5,0,0,0,0,0,0,0,0,0,69,0,0,0,0,0,0,0,0,0,0,0,0,0,0,0
l5,8=100,100,99,100,99,0,99,99,98,99,96,71,0,94,0,0,0,0,0,0,0,0,0,0,0,0,0,0,0,0,0,0,0,0,0,0,0,0,0,0
l6,8=92,91,91,87,94,86,0,95,49,95,87,0,0,32,0,5,47,0,0,0,0,0,0,0,0,0,0,0,0,0,0,0,0,0,0,0,0,0,0,0
l7,8=90,91,94,92,90,94,96,0,95,99,96,57,0,93,0,0,3,45,0,0,0,0,0,0,0,0,0,0,0,0,0,0,0,0,0,0,0,0,0,0
l8,8=0,10,0,0,92,92,91,91,0,99,89,93,0,94,78,95,0,59,0,69,0,0,42,0,2,26,0,0,0,0,0,0,0,0,0,0,0,0,0,0
l9,8=81,77,0,77,13,82,96,95,96,0,96,90,71,94,45,95,49,50,0,0,0,35,5,63,79,0,0,0,0,0,0,0,0,0,0,0,0,0,71,0
l10,8=85,0,91,75,76,94,93,95,95,99,0,85,0,91,0,94,0,0,0,0,0,0,0,0,0,0,0,0,0,0,0,0,0,0,0,0,0,0,0,0
l11,8=0,0,0,0,0,40,0,40,55,52,58,0,100,46,82,100,58,59,0,0,7,32,18,66,89,81,0,0,0,0,0,0,0,0,0,40,55,0,66,0
l12,8=0,0,0,0,0,0,0,0,0,17,0,99,0,0,97,100,60,55,0,0,45,0,0,74,97,96,0,0,0,0,0,0,0,15,12,36,47,0,38,0
l13,8=24,4,0,3,68,54,1,91,99,74,58,54,0,0,82,94,38,46,0,0,44,27,0,69,88,68,0,0,0,0,0,0,0,0,0,18,47,0,61,0
l14,8=0,0,0,0,0,0,0,0,43,14,0,80,100,74,0,91,51,60,0,0,65,34,30,77,94,78,0,0,0,0,0,0,0,0,0,0,41,0,0,0
l15,8=0,0,0,0,0,0,0,0,55,51,63,99,96,90,86,0,56,62,0,0,77,30,28,68,86,67,0,0,0,0,0,0,0,0,0,0,50,0,77,0
l16,8=0,0,0,0,0,0,39,0,0,17,0,95,98,25,80,73,0,55,29,55,91,40,41,58,94,43,0,0,0,0,0,25,0,1,38,35,63,53,47,40
l17,8=0,0,0,0,0,0,0,36,26,14,0,96,95,45,94,98,60,0,0,35,86,2,8,26,87,0,0,0,0,0,0,0,0,17,0,19,23,0,66,29
l18,8=0,0,0,0,0,0,0,0,0,0,0,0,0,0,0,0,82,0,0,75,76,69,0,0,0,0,0,0,0,0,0,0,0,0,0,0,0,0,0,0
l19,8=0,0,0,0,0,0,0,0,30,0,0,0,0,0,0,0,76,53,48,0,92,73,81,0,0,0,0,0,0,0,0,54,0,0,0,58,57,0,39,66
l20,8=0,0,0,0,0,0,0,0,0,0,0,0,48,25,47,44,46,36,42,90,0,92,88,0,29,0,0,0,0,0,0,0,0,0,0,54,72,63,78,40
l21,8=0,0,0,0,0,0,0,0,0,25,0,41,35,33,56,45,43,7,34,68,92,0,84,0,0,0,0,0,0,0,0,25,0,7,18,60,64,59,77,46
l22,8=0,0,0,0,0,0,0,0,31,19,0,41,0,0,48,45,79,35,0,88,93,90,0,0,0,0,22,0,23,56,0,0,0,0,0,65,74,55,69,62
l23,8=0,0,0,0,0,0,0,0,0,37,0,87,96,83,93,86,52,38,0,0,0,0,0,0,96,96,0,0,0,0,0,0,38,47,81,0,0,0,0,0
l24,8=0,0,0,48,44,0,0,0,0,40,0,86,100,81,94,83,91,52,0,0,44,0,0,96,0,94,0,0,0,0,0,2,0,34,60,0,14,0,0,0
l25,8=0,0,0,0,0,0,0,0,28,0,0,76,100,74,76,74,44,0,0,0,0,0,0,96,89,0,0,0,0,73,0,1,42,53,74,0,0,0,13,0
l26,8=0,0,0,0,0,0,0,0,0,0,0,0,0,0,0,0,0,0,0,0,2,0,39,0,0,0,0,90,95,94,89,91,87,79,78,0,0,0,0,0
l27,8=0,0,0,0,0,0,0,0,0,0,0,0,0,0,0,0,0,0,0,0,0,0,0,0,0,0,86,0,95,94,96,0,78,0,78,0,0,0,0,0
l28,8=0,0,0,0,0,0,0,0,0,0,0,0,0,0,0,0,0,0,0,0,58,2,59,0,0,0,90,93,0,94,96,91,64,76,68,0,0,0,0,0
l29,8=0,0,0,0,0,0,0,0,0,0,0,0,0,0,0,0,0,0,0,0,24,0,58,0,0,69,90,93,95,0,96,91,60,72,75,0,0,0,0,0
l30,8=0,0,0,0,0,0,0,0,0,0,0,0,0,0,0,0,0,0,0,0,0,0,0,0,0,0,86,93,95,94,0,77,81,72,0,0,0,0,0,0
l31,8=0,0,0,0,0,0,0,0,0,0,0,0,0,0,0,0,73,0,0,65,0,12,0,0,27,0,89,0,91,86,80,0,88,86,88,0,0,0,0,0
l32,8=0,0,0,0,0,0,0,0,0,0,0,0,0,0,0,0,12,0,0,0,0,0,0,75,0,80,90,75,64,78,81,93,0,93,93,0,0,0,0,0
l33,8=0,0,0,0,0,0,0,0,0,0,0,0,71,0,0,0,43,76,0,0,55,7,0,75,74,78,77,0,80,78,80,90,92,0,79,0,0,0,0,0
l34,8=0,0,0,0,0,0,0,0,0,0,0,0,72,0,0,0,73,0,0,0,69,29,0,75,75,80,77,68,80,78,0,89,94,82,0,0,0,0,0,0
l35,8=0,0,0,0,0,0,0,0,0,0,0,11,38,3,0,0,21,0,0,43,53,34,25,0,0,0,0,0,0,0,0,0,0,0,0,0,76,75,46,65
l36,8=0,0,0,0,0,0,0,0,0,0,0,36,41,22,31,34,34,0,0,27,70,31,32,0,4,0,0,0,0,0,0,0,0,0,0,72,0,63,66,55
l37,8=0,0,0,0,0,0,0,0,0,0,0,0,0,0,0,0,33,0,0,0,63,26,15,0,0,0,0,0,0,0,0,0,0,0,0,72,59,0,46,34
l38,8=0,0,0,0,0,0,0,0,0,18,0,39,47,35,0,49,39,38,0,22,78,43,33,0,0,0,0,0,0,0,0,0,0,0,0,64,75,61,0,46
l39,8=0,0,0,0,0,0,0,0,0,0,0,0,0,0,0,0,40,5,0,46,71,67,31,0,0,0,0,0,0,0,0,0,0,0,0,71,73,57,47,0

l0,9=0,100,100,100,98,100,100,100,98,98,99,0,0,11,0,0,0,0,0,0,0,0,0,0,0,0,0,0,0,0,0,0,0,0,0,0,0,0,0,0
l1,9=96,0,99,100,98,100,100,99,98,97,99,0,0,0,0,0,0,0,0,0,0,0,0,6,0,0,0,0,0,0,0,0,0,0,0,0,0,0,0,0
l2,9=96,100,0,100,97,100,100,100,38,97,98,0,90,0,0,0,0,0,0,0,0,0,0,0,0,0,0,0,0,0,0,0,0,0,0,0,0,0,0,0
l3,9=96,95,100,0,99,100,100,99,0,0,0,0,0,0,0,0,0,0,0,0,0,0,0,0,0,0,0,0,0,0,0,0,0,0,0,0,0,0,0,0
l4,9=96,100,100,100,0,100,100,98,99,91,99,0,0,4,61,0,0,0,0,0,0,0,0,0,63,0,0,0,0,0,0,0,0,0,0,0,0,0,0,0
l5,9=94,100,100,100,98,0,100,25,99,99,99,0,0,66,0,0,0,0,0,0,0,0,0,0,0,0,0,0,0,0,0,0,0,0,0,0,0,0,0,0
l6,9=96,58,98,98,89,69,0,100,90,98,99,0,0,91,0,0,23,0,0,0,0,0,0,0,0,0,0,0,0,0,0,0,0,0,0,0,0,0,0,0
l7,9=87,97,98,97,76,11,100,0,99,100,99,81,71,100,1,12,0,0,0,0,0,0,0,0,0,0,0,0,0,0,0,0,0,0,0,0,0,0,0,0
l8,9=81,65,0,11,93,46,76,98,0,100,95,98,0,99,0,28,30,85,0,79,0,0,57,0,0,0,0,0,0,0,0,0,0,0,0,0,0,0,0,0
l9,9=91,63,46,0,48,65,93,100,99,0,100,94,46,100,43,58,41,0,0,0,0,0,3,49,48,0,0,0,0,0,0,0,0,0,0,0,0,0,0,0
l10,9=91,94,64,0,92,99,100,100,96,100,0,0,62,94,0,91,30,70,0,0,0,0,0,35,0,0,0,0,0,0,0,0,0,0,0,0,0,0,0,0
l11,9=0,0,0,0,0,0,0,67,96,92,3,0,99,99,45,93,39,96,0,0,89,83,40,58,63,54,0,0,0,0,0,0,0,0,0,0,74,0,26,0
l12,9=0,0,0,1,0,0,0,0,0,18,1,100,0,93,68,55,39,99,0,0,89,78,13,99,64,100,0,0,0,0,0,0,0,0,0,0,74,0,30,0
l13,9=0,0,0,0,4,13,69,97,98,100,90,99,89,0,36,61,40,42,0,19,88,82,0,58,60,53,0,0,0,0,0,0,0,0,0,0,75,0,27,0
l14,9=0,0,0,0,50,0,0,0,0,90,0,100,100,84,0,30,39,100,0,0,90,83,50,100,100,59,0,0,0,0,0,0,0,29,0,0,46,0,0,0
l15,9=0,0,0,0,0,0,0,0,74,90,93,100,99,98,40,0,39,98,0,0,76,74,49,49,57,0,0,0,0,0,0,0,0,0,0,0,76,0,28,0
l16,9=0,0,0,0,0,0,8,0,52,86,69,96,95,97,43,29,0,95,69,89,96,10,49,58,63,53,0,0,0,0,0,59,0,27,34,0,82,59,33,28
l17,9=0,0,0,0,0,0,0,0,74,0,80,99,99,67,47,29,39,0,0,92,91,87,51,0,47,0,0,0,0,0,0,0,0,32,0,0,55,0,19,30
l18,9=0,0,0,0,0,0,0,0,0,0,0,0,0,0,0,0,58,0,0,0,91,86,0,0,0,0,0,0,0,0,0,0,0,0,0,0,27,0,0,0
l19,9=0,0,0,0,0,0,0,0,36,0,0,0,0,3,0,0,59,73,0,0,93,89,86,0,0,0,43,0,0,0,0,4,0,0,0,76,75,63,0,45
l20,9=0,0,0,0,0,0,0,0,0,0,0,66,71,67,29,23,90,57,58,94,0,96,92,0,30,0,60,0,0,0,0,3,0,0,28,0,84,84,87,86
l21,9=0,0,0,0,0,0,0,0,0,0,0,73,71,72,30,24,21,63,74,93,97,0,87,0,0,0,0,0,0,0,0,0,0,16,0,82,78,63,32,25
l22,9=0,0,0,0,0,0,0,0,63,34,0,58,60,0,27,24,54,63,0,93,98,90,0,0,0,0,0,0,3,30,0,67,0,0,0,80,83,59,84,22
l23,9=0,0,0,0,0,0,0,0,0,80,7,100,100,99,100,29,55,0,0,0,0,0,0,0,100,100,0,0,0,0,0,0,71,40,36,0,0,0,0,0
l24,9=0,0,0,0,23,0,0,0,0,87,0,99,100,98,100,29,87,83,0,0,88,0,0,100,0,70,0,0,0,0,0,0,0,38,34,0,74,0,0,0
l25,9=0,0,0,5,0,0,0,0,0,0,0,96,100,92,48,0,38,0,0,0,0,0,0,100,100,0,0,0,0,26,0,0,64,97,35,0,0,0,25,0
l26,9=0,0,0,0,0,0,0,0,0,0,0,0,0,0,0,0,0,0,0,46,83,0,0,0,0,0,0,87,97,99,99,99,100,89,92,0,0,0,0,0
l27,9=0,0,0,0,0,0,0,0,0,0,0,0,0,0,0,0,0,0,0,0,0,0,0,0,0,0,97,0,97,99,100,96,89,0,0,0,0,0,0,0
l28,9=0,0,0,0,0,0,0,0,0,0,0,0,0,0,0,0,0,0,0,0,0,0,68,0,0,0,99,100,0,99,100,89,0,88,3,0,0,0,0,0
l29,9=0,0,0,0,0,0,0,0,0,0,0,0,0,0,0,0,0,0,0,0,0,0,78,0,0,5,99,100,97,0,100,99,42,88,95,0,0,0,0,0
l30,9=0,0,0,0,0,0,0,0,0,0,0,0,0,0,0,0,0,0,0,0,0,0,0,0,0,0,99,100,97,99,0,99,95,40,87,0,0,0,0,0
l31,9=0,0,0,0,0,0,0,0,0,0,0,0,0,0,0,0,27,0,0,35,61,0,77,0,0,0,96,62,95,96,98,0,97,100,100,0,0,0,0,0
l32,9=0,0,0,0,0,0,0,0,0,0,0,0,18,0,0,0,0,0,0,0,0,0,0,91,0,59,99,44,0,36,95,100,0,100,100,0,0,0,0,0
l33,9=0,0,0,0,0,0,0,0,0,0,0,0,0,0,74,0,89,89,0,0,11,60,0,100,95,99,96,0,96,92,88,100,100,0,100,0,0,0,0,0
l34,9=0,0,0,0,0,0,0,0,0,0,0,0,86,0,22,0,59,0,0,0,94,0,0,100,60,58,99,0,0,82,98,100,100,100,0,0,0,0,0,0
l35,9=0,0,0,0,0,0,0,0,0,0,0,0,0,0,0,0,0,0,0,73,6,71,70,0,0,0,0,0,0,0,0,0,0,0,0,0,84,77,50,39
l36,9=0,0,0,0,0,0,0,0,0,0,0,37,49,46,1,16,23,8,0,63,87,66,44,0,13,0,0,0,0,0,0,0,0,0,0,91,0,71,24,25
l37,9=0,0,0,0,0,0,0,0,0,0,0,0,0,0,0,0,22,0,0,63,80,68,34,0,0,0,0,0,0,0,0,0,0,0,0,83,79,0,25,26
l38,9=0,0,0,0,0,0,0,0,0,0,0,58,65,59,0,22,32,0,0,0,92,87,52,0,0,18,0,0,0,0,0,0,0,0,0,87,81,67,0,29
l39,9=0,0,0,0,0,0,0,0,0,0,0,0,0,0,0,0,29,62,0,76,85,70,25,0,0,0,0,0,0,0,0,0,0,0,0,80,82,77,49,0

l0,10=0,92,90,92,86,88,86,68,72,84,79,0,0,0,0,0,0,0,0,0,0,0,0,0,0,0,0,0,0,0,0,0,0,0,0,0,0,0,0,0
l1,10=88,0,89,78,86,92,80,79,39,43,63,5,0,0,0,0,0,0,0,0,0,0,0,0,0,0,0,0,0,0,0,0,0,0,0,0,0,0,0,0
l2,10=86,85,0,89,85,88,86,87,0,82,68,0,52,0,0,0,0,0,0,0,0,0,0,0,0,0,0,0,0,0,0,0,0,0,0,0,0,0,0,0
l3,10=88,68,90,0,93,78,82,59,0,67,0,0,0,0,0,0,0,0,0,0,0,0,0,0,0,0,0,0,0,0,0,0,0,0,0,0,0,0,0,0
l4,10=86,84,88,92,0,88,58,68,46,68,82,0,0,8,55,0,0,0,0,0,0,0,0,0,0,0,0,0,0,0,0,0,0,0,0,0,0,0,0,0
l5,10=85,86,89,88,85,0,86,87,39,85,82,0,4,65,0,0,0,0,0,0,0,0,0,0,0,0,0,0,0,0,0,0,0,0,0,0,0,0,0,0
l6,10=82,78,83,83,49,86,0,87,72,80,79,0,0,33,0,2,27,0,0,0,0,0,0,0,0,0,0,0,0,0,0,0,0,0,0,0,0,0,0,0
l7,10=62,84,84,78,78,84,86,0,84,86,84,52,34,78,39,3,0,0,0,0,0,0,0,0,0,0,0,0,0,0,0,0,0,0,0,0,0,0,0,0
l8,10=58,5,0,13,42,39,71,86,0,90,43,82,60,81,0,80,36,49,0,23,18,0,45,21,9,0,0,0,0,0,0,0,0,0,0,0,0,0,0,0
l9,10=75,0,36,58,62,67,80,87,84,0,84,77,70,78,55,68,0,0,0,0,0,20,2,8,4,0,0,0,0,0,0,0,0,0,0,0,0,0,0,0
l10,10=69,39,47,0,79,64,72,87,63,85,0,51,0,72,0,73,0,37,0,0,0,0,0,0,0,0,0,0,0,0,0,0,0,0,0,0,0,0,0,0
l11,10=0,0,0,0,0,0,0,31,70,75,44,0,81,80,78,91,0,76,0,0,40,39,0,76,79,64,0,0,0,0,0,0,0,0,0,4,56,0,44,0
l12,10=0,0,0,0,0,0,0,0,31,61,0,91,0,73,92,90,91,93,0,0,46,38,0,92,100,95,0,0,0,0,0,0,0,11,0,0,7,0,44,0
l13,10=0,0,0,0,4,51,46,48,84,86,50,85,81,0,67,84,74,0,0,2,34,28,0,28,69,0,0,0,0,0,0,0,0,0,0,0,0,0,25,0
l14,10=0,0,0,0,67,0,0,2,0,55,0,86,95,73,0,84,79,84,0,0,34,0,0,82,94,79,0,0,0,0,0,0,0,38,0,0,61,0,21,0
l15,10=0,0,0,0,0,0,0,0,47,55,47,94,90,85,73,0,72,80,0,46,18,1,34,11,75,38,0,0,0,0,0,0,0,0,0,0,29,4,14,0
l16,10=0,0,0,0,0,0,20,0,15,0,0,0,90,60,78,78,0,85,38,48,46,35,34,13,92,24,0,0,0,0,0,0,9,0,20,35,53,61,50,35
l17,10=0,0,0,0,0,0,7,0,22,0,23,55,94,8,81,89,87,0,0,56,10,43,50,12,3,40,0,0,0,0,0,0,0,14,0,0,61,0,39,9
l18,10=0,0,0,0,0,0,0,0,0,0,0,0,0,0,0,0,57,0,0,65,74,80,0,0,0,0,0,0,0,0,0,0,0,0,0,0,7,0,0,0
l19,10=0,0,0,0,0,0,0,0,12,0,0,0,0,0,0,46,43,44,49,0,84,74,73,0,0,0,37,0,0,0,0,0,0,0,0,50,0,48,0,43
l20,10=0,0,0,0,0,0,0,0,0,0,0,24,54,43,32,44,69,37,41,85,0,93,84,0,0,0,0,0,0,0,0,0,34,0,0,57,78,57,50,44
l21,10=0,0,0,0,0,0,0,0,0,33,0,26,55,42,22,34,58,58,51,64,91,0,81,0,0,0,0,0,0,0,0,0,0,18,0,56,57,66,49,42
l22,10=0,0,0,0,0,0,0,0,29,16,0,0,0,0,0,45,45,45,0,72,91,90,0,0,0,0,0,0,0,42,0,43,2,0,0,73,66,55,71,38
l23,10=0,0,0,0,0,0,0,0,33,41,0,52,93,75,88,55,81,24,0,0,0,0,0,0,99,97,0,0,0,0,0,38,79,54,0,0,0,0,0,0
l24,10=0,0,0,0,0,0,0,0,24,61,0,85,94,81,92,84,90,78,0,0,32,0,0,96,0,91,0,0,0,0,0,0,0,38,25,0,0,0,35,0
l25,10=0,0,0,32,0,0,0,0,0,0,0,48,95,0,86,50,36,32,0,0,0,0,0,96,99,0,18,0,0,0,0,50,58,95,54,0,0,0,29,0
l26,10=0,0,0,0,0,0,0,0,0,0,0,0,0,0,0,0,0,0,0,47,0,0,0,0,0,15,0,81,98,99,99,100,97,53,79,0,0,0,0,0
l27,10=0,0,0,0,0,0,0,0,0,0,0,0,0,0,0,0,0,0,0,0,0,0,0,0,0,0,78,0,92,99,99,78,0,0,72,0,0,0,0,0
l28,10=0,0,0,0,0,0,0,0,0,0,0,0,0,0,0,0,0,0,0,1,2,0,0,0,0,0,96,96,0,99,99,87,52,73,61,0,0,0,0,0
l29,10=0,0,0,0,0,0,0,0,0,0,0,0,0,0,0,0,0,0,0,0,0,0,45,0,0,0,96,96,98,0,99,86,52,11,63,0,0,0,0,0
l30,10=0,0,0,0,0,0,0,0,0,0,0,0,0,0,0,0,0,0,0,0,0,0,0,0,0,0,95,96,98,99,0,83,71,49,70,0,0,0,0,0
l31,10=0,0,0,0,0,0,0,0,0,0,0,0,0,0,0,0,0,0,0,0,0,0,33,22,0,22,96,79,91,97,99,0,85,100,100,0,0,0,0,0
l32,10=0,0,0,0,0,0,0,0,0,0,0,0,0,0,0,0,13,0,0,0,45,0,10,83,0,17,97,0,31,81,78,100,0,100,100,0,0,0,0,0
l33,10=0,0,0,0,0,0,0,0,0,0,0,0,13,0,36,0,0,8,0,0,2,12,0,96,32,97,53,0,93,18,36,100,99,0,100,0,0,0,0,0
l34,10=0,0,0,0,0,0,0,0,0,0,0,0,0,0,0,0,75,0,0,0,25,0,0,4,45,74,93,77,68,81,82,100,99,100,0,0,0,0,0,0
l35,10=0,0,0,0,0,0,0,0,0,0,0,0,0,0,0,0,34,0,0,44,42,38,49,0,0,0,0,0,0,0,0,0,0,0,0,0,79,73,45,0
l36,10=0,0,0,0,0,0,0,0,0,0,0,9,7,0,33,2,50,47,0,0,47,11,53,0,0,0,0,0,0,0,0,0,0,0,0,73,0,78,46,45
l37,10=0,0,0,0,0,0,0,0,0,0,0,0,0,0,0,0,39,0,0,24,38,32,38,0,0,0,0,0,0,0,0,0,0,0,0,63,72,0,38,45
l38,10=0,0,0,0,0,0,0,0,0,0,0,16,42,15,2,40,68,55,0,0,48,45,56,0,1,21,0,0,0,0,0,0,0,0,0,63,72,67,0,41
l39,10=0,0,0,0,0,0,0,0,0,0,0,0,0,0,0,0,53,51,0,44,47,41,46,0,0,0,0,0,0,0,0,0,0,0,0,0,72,67,45,0

l0,11=0,86,83,90,85,86,73,64,55,61,57,0,0,0,0,0,0,0,0,0,0,0,0,1,0,0,0,0,0,0,0,0,0,0,0,0,0,0,0,0
l1,11=85,0,72,85,84,85,74,78,45,50,0,47,0,35,0,0,0,0,0,0,0,0,0,0,0,0,0,0,0,0,0,0,0,0,0,0,0,0,0,0
l2,11=85,82,0,85,84,86,81,64,0,0,80,0,0,0,0,0,0,0,0,0,0,0,0,0,0,0,0,0,0,0,0,0,0,0,0,0,0,0,0,0
l3,11=85,82,82,0,89,87,0,55,0,35,61,0,0,0,0,0,0,0,0,0,0,0,0,0,0,0,0,0,0,0,0,0,0,0,0,0,0,0,0,0
l4,11=83,80,79,85,0,82,59,63,0,55,65,0,25,0,32,0,0,0,0,0,0,0,0,35,0,0,0,0,0,0,0,0,0,0,0,0,0,0,0,0
l5,11=84,82,82,85,84,0,82,84,71,78,63,0,0,49,0,0,0,0,0,0,0,0,0,0,0,0,0,0,0,0,0,0,0,0,0,0,0,0,0,0
l6,11=69,76,49,1,59,71,0,83,25,68,59,31,0,20,0,26,19,0,0,0,0,0,0,0,0,0,0,0,0,0,0,0,0,0,0,0,0,0,0,0
l7,11=70,82,60,58,83,84,82,0,80,78,85,48,41,83,0,34,0,0,0,0,0,0,0,0,0,0,0,0,0,0,0,0,0,0,0,0,0,0,0,0
l8,11=55,44,0,0,0,66,60,61,0,80,69,65,61,85,0,75,0,51,0,20,4,0,0,52,34,0,0,0,0,0,0,0,0,0,0,0,0,0,0,0
l9,11=62,38,0,12,27,77,69,88,80,0,85,67,60,83,0,60,5,2,0,0,0,59,0,2,55,0,0,0,0,0,0,0,0,0,0,0,0,0,0,0
l10,11=49,0,63,37,69,51,66,88,72,78,0,62,0,76,0,66,0,3,0,0,0,0,0,0,0,0,0,0,0,0,0,0,0,0,0,0,0,0,0,0
l11,11=0,35,0,0,0,0,50,30,22,28,74,0,73,52,27,85,42,74,0,0,38,26,51,78,72,41,0,0,0,0,0,0,0,0,0,28,0,0,34,0
l12,11=0,0,0,0,0,0,0,1,21,25,0,81,0,28,93,75,78,82,0,0,56,53,49,81,90,90,0,0,0,0,0,0,0,0,0,0,0,0,40,0
l13,11=0,18,0,0,0,45,60,42,81,74,77,80,65,0,15,82,37,43,0,9,50,53,15,73,63,44,0,0,0,0,0,0,0,0,0,0,0,0,28,0
l14,11=0,0,0,0,16,0,0,0,0,0,0,79,85,17,0,0,79,74,0,0,0,27,0,86,0,67,0,0,0,0,0,0,0,56,43,28,34,0,31,0
l15,11=0,0,0,0,0,0,57,16,21,25,74,84,76,87,0,0,78,78,0,30,56,47,14,61,5,38,0,0,0,0,0,0,0,0,0,5,32,0,41,0
l16,11=0,0,0,0,0,0,21,0,0,5,0,61,66,19,27,41,0,48,5,0,62,64,51,60,84,9,0,0,0,0,0,0,40,0,44,18,42,37,45,35
l17,11=0,0,0,0,0,0,0,0,19,16,28,80,69,26,26,44,49,0,0,0,55,56,59,69,56,1,0,0,0,0,0,0,0,0,0,0,38,0,36,11
l18,11=0,0,0,0,0,0,0,0,0,0,0,0,0,0,0,0,36,0,0,65,65,63,32,0,0,0,0,0,0,0,0,0,0,0,0,0,0,0,0,0
l19,11=0,0,0,0,0,0,0,0,13,0,0,0,0,6,0,20,0,0,33,0,81,66,63,0,0,0,28,0,18,0,13,0,0,0,0,28,15,0,0,54
l20,11=0,0,0,0,0,0,0,0,0,0,0,0,28,14,0,23,64,26,27,81,0,86,81,0,0,0,0,0,0,0,0,0,33,2,0,31,71,37,68,30
l21,11=0,0,0,0,0,0,0,0,0,16,0,23,31,15,10,19,67,31,29,74,86,0,81,0,19,0,0,0,0,0,0,0,0,0,0,4,31,29,76,24
l22,11=0,0,0,0,0,0,0,0,0,0,0,30,26,1,0,1,21,26,0,59,84,85,0,0,0,0,0,0,1,11,0,28,0,0,0,54,61,30,69,50
l23,11=0,0,0,0,6,0,0,0,10,8,0,76,85,27,57,28,40,32,0,0,0,0,0,0,90,93,0,0,0,0,0,48,54,56,0,0,0,0,1,0
l24,11=0,0,0,0,0,0,0,0,2,20,0,74,87,25,0,0,81,43,0,0,0,0,0,96,0,82,0,0,0,0,0,0,0,0,0,0,0,0,0,0
l25,11=0,0,0,0,0,0,0,0,0,0,0,51,87,29,88,45,20,0,0,0,0,0,0,97,89,0,0,0,0,0,0,55,48,82,0,0,0,0,0,0
l26,11=0,0,0,0,0,0,0,0,0,0,0,0,0,0,0,0,0,0,0,32,20,0,0,0,0,0,0,75,96,94,95,92,84,55,67,0,0,0,0,0
l27,11=0,0,0,0,0,0,0,0,0,0,0,0,0,0,0,0,0,0,0,0,0,0,0,0,0,0,81,0,86,95,95,42,0,0,25,0,0,0,0,0
l28,11=0,0,0,0,0,0,0,0,0,0,0,0,0,0,0,0,0,0,0,16,5,0,17,0,0,0,91,96,0,98,95,83,58,0,37,0,0,0,0,0
l29,11=0,0,0,0,0,0,0,0,0,0,0,0,0,0,0,0,0,0,0,0,0,0,16,0,0,0,88,96,96,0,95,74,25,35,26,0,0,0,0,0
l30,11=0,0,0,0,0,0,0,0,0,0,0,0,0,0,0,0,0,0,0,0,0,0,0,0,0,0,91,96,96,98,0,72,30,52,34,0,0,0,0,0
l31,11=0,0,0,0,0,0,0,0,0,0,0,0,0,0,0,0,0,0,0,0,0,0,55,62,0,51,91,73,65,57,91,0,91,100,100,0,0,0,0,0
l32,11=0,0,0,0,0,0,0,0,0,0,0,0,0,0,0,0,15,0,0,0,19,0,0,33,0,21,91,0,30,19,34,92,0,100,100,0,0,0,0,0
l33,11=0,0,0,0,0,0,0,0,0,0,0,0,0,0,71,0,1,0,0,0,16,0,0,77,0,89,73,0,0,39,86,97,96,0,100,0,0,0,0,0
l34,11=0,0,0,0,0,0,0,0,0,0,0,0,0,0,10,0,37,0,0,0,0,0,0,24,0,3,83,56,30,44,82,97,96,100,0,0,0,0,0,0
l35,11=0,0,0,0,0,0,0,0,0,0,0,12,0,0,8,0,7,0,0,17,36,0,63,0,0,0,0,0,0,0,0,0,0,0,0,0,82,45,43,19
l36,11=0,0,0,0,0,0,0,0,0,0,0,0,0,0,10,13,32,26,0,0,61,51,59,0,0,0,0,0,0,0,0,0,0,0,0,77,0,45,45,42
l37,11=0,0,0,0,0,0,0,0,0,0,0,0,0,0,0,0,25,0,0,0,48,35,46,0,0,0,0,0,0,0,0,0,0,0,0,45,45,0,34,36
l38,11=0,0,0,0,0,0,0,0,0,0,0,36,38,7,11,24,42,21,0,0,64,73,67,0,0,0,0,0,0,0,0,0,0,0,0,46,47,36,0,42
l39,11=0,0,0,0,0,0,0,0,0,0,0,0,0,0,0,0,32,0,0,40,57,36,58,0,0,0,0,0,0,0,0,0,0,0,0,39,75,41,58,0

l0,12=0,91,85,87,87,85,61,2,0,63,24,0,0,0,0,0,0,0,0,0,0,0,0,0,0,0,0,0,0,0,0,0,0,0,0,0,0,0,0,0
l1,12=88,0,79,86,84,85,85,88,0,1,64,53,0,0,0,0,0,0,0,0,0,0,0,0,0,0,0,0,0,0,0,0,0,0,0,0,0,0,0,0
l2,12=88,82,0,85,84,85,85,40,8,45,71,0,0,0,0,0,0,0,0,0,0,0,0,0,0,0,0,0,0,0,0,0,0,0,0,0,0,0,0,0
l3,12=89,86,82,0,87,85,59,29,0,50,58,0,0,0,0,0,0,0,0,0,0,0,0,0,0,0,0,0,0,0,0,0,0,0,0,0,0,0,0,0
l4,12=89,84,75,88,0,77,67,64,45,56,55,0,0,0,26,0,0,0,0,0,0,0,0,44,0,0,0,0,0,0,0,0,0,0,0,0,0,0,0,0
l5,12=87,85,84,85,84,0,76,78,69,82,69,0,0,43,0,0,0,0,0,0,0,0,0,1,0,0,0,0,0,0,0,0,0,0,0,0,0,0,0,0
l6,12=37,83,84,61,73,66,0,82,49,35,70,55,0,53,4,53,0,0,0,0,0,0,0,0,0,0,0,0,0,0,0,0,0,0,0,0,0,0,0,0
l7,12=2,85,20,65,84,85,84,0,79,83,82,39,17,81,0,11,0,0,0,0,0,0,0,0,0,0,0,0,0,0,0,0,0,0,0,0,0,0,0,0
l8,12=0,0,0,43,66,71,70,73,0,84,82,68,65,82,15,70,24,36,0,16,0,25,0,0,26,0,0,0,0,0,0,0,0,0,0,0,0,0,0,0
l9,12=40,0,6,57,63,83,49,88,79,0,82,68,62,81,0,61,37,20,0,0,29,57,0,0,11,0,0,0,0,0,0,0,0,0,0,0,0,0,0,0
l10,12=23,35,58,68,69,67,71,90,76,84,0,65,0,78,0,62,0,0,0,0,0,0,0,0,0,0,0,0,0,0,0,0,0,0,0,0,0,0,0,0
l11,12=0,20,0,0,0,0,73,40,41,46,65,0,78,70,47,84,77,86,0,0,18,38,38,49,0,35,0,0,0,0,0,0,0,0,0,37,36,7,57,0
l12,12=0,0,0,0,0,0,0,0,34,37,0,81,0,42,89,84,86,86,0,0,31,47,36,44,94,93,0,0,0,0,0,0,0,9,0,0,0,0,51,0
l13,12=0,0,0,3,0,48,65,74,79,82,68,85,74,0,50,82,78,76,0,0,31,32,0,44,40,13,0,0,0,0,0,0,0,0,0,0,0,0,22,0
l14,12=0,0,0,0,53,0,1,0,7,0,0,57,87,40,0,71,90,79,0,0,14,46,0,60,94,37,0,0,0,0,0,0,0,43,47,33,39,0,0,0
l15,12=0,0,0,0,0,0,62,0,35,40,55,89,80,83,47,0,79,80,0,12,27,41,14,39,44,38,0,0,0,0,0,0,0,0,0,0,0,0,39,0
l16,12=0,0,0,0,0,0,0,0,3,11,0,48,76,32,55,69,0,85,13,3,41,50,14,17,55,23,0,0,0,0,0,0,0,0,16,38,46,50,63,62
l17,12=0,0,0,0,0,0,0,0,17,13,0,89,83,41,48,72,87,0,0,12,39,54,41,24,22,0,0,0,0,0,0,0,0,7,0,0,45,0,44,0
l18,12=0,0,0,0,0,0,0,0,0,0,0,0,0,0,0,0,66,0,0,59,66,52,0,0,0,0,0,0,0,0,0,0,0,0,0,0,0,0,0,0
l19,12=0,0,0,0,0,0,0,0,19,0,0,0,0,0,0,36,53,40,27,0,77,78,74,0,0,0,46,0,0,31,35,0,0,0,0,19,35,29,42,53
l20,12=0,0,0,0,0,0,0,0,0,21,0,32,45,21,1,42,77,54,28,83,0,86,84,0,0,0,0,0,0,0,0,19,0,0,0,39,75,51,67,53
l21,12=0,0,0,0,0,0,0,0,14,42,0,35,38,28,54,47,77,59,25,83,81,0,84,0,33,0,0,0,0,0,0,0,0,0,0,38,38,29,76,1
l22,12=0,0,0,0,0,0,0,0,0,0,0,35,35,0,0,13,49,38,0,79,81,84,0,0,0,0,0,0,0,0,0,18,0,0,0,71,78,0,71,70
l23,12=0,0,0,0,62,0,0,0,0,0,0,78,79,46,56,65,64,59,0,0,0,0,0,0,94,96,0,0,0,0,0,1,0,28,0,0,0,0,0,0
l24,12=0,0,0,0,0,0,0,0,23,24,0,0,87,63,90,80,90,64,0,0,0,48,0,89,0,92,0,0,0,0,0,1,37,0,0,0,7,0,36,0
l25,12=0,0,0,0,0,0,0,0,0,0,0,41,87,26,51,75,63,0,0,0,0,0,0,95,86,0,0,0,0,3,0,69,49,63,82,0,0,0,0,0
l26,12=0,0,0,0,0,0,0,0,0,0,0,0,0,0,0,0,0,0,0,50,0,0,0,0,0,0,0,68,93,73,94,92,73,48,75,0,0,0,0,0
l27,12=0,0,0,0,0,0,0,0,0,0,0,0,0,0,0,0,0,0,0,0,0,0,0,0,0,0,72,0,89,93,95,79,0,5,12,0,0,0,0,0
l28,12=0,0,0,0,0,0,0,0,0,0,0,0,0,0,0,0,0,0,0,0,0,0,1,0,0,0,85,94,0,93,95,88,64,51,73,0,0,0,0,0
l29,12=0,0,0,0,0,0,0,0,0,0,0,0,0,0,0,0,0,0,0,8,0,0,0,0,0,0,64,94,93,0,95,76,55,43,61,0,0,0,0,0
l30,12=0,0,0,0,0,0,0,0,0,0,0,0,0,0,0,0,0,0,0,1,0,0,0,0,0,0,81,94,93,93,0,79,60,27,28,0,0,0,0,0
l31,12=0,0,0,0,0,0,0,0,0,0,0,0,14,0,0,0,0,0,0,0,62,0,62,23,19,81,85,92,90,90,95,0,94,100,100,0,0,0,0,0
l32,12=0,0,0,0,0,0,0,0,0,0,0,0,0,0,0,0,0,0,0,0,0,0,0,4,34,32,84,0,88,88,89,93,0,100,100,0,0,0,0,0
l33,12=0,0,0,0,0,0,0,0,0,0,0,0,38,0,67,0,0,2,0,0,0,0,0,34,8,57,77,29,64,61,75,97,94,0,100,0,0,0,0,0
l34,12=0,0,0,0,0,0,0,0,0,0,0,0,0,0,46,0,18,0,0,0,0,0,0,0,0,92,85,35,88,92,77,97,94,100,0,0,0,0,0,0
l35,12=0,0,0,0,0,0,0,0,0,0,0,24,0,0,5,0,49,0,0,3,21,35,64,0,0,0,0,0,0,0,0,0,0,0,0,0,87,72,72,62
l36,12=0,0,0,0,0,0,0,0,0,0,0,19,0,0,4,0,74,35,0,2,43,28,64,0,0,0,0,0,0,0,0,0,0,0,0,85,0,74,73,71
l37,12=0,0,0,0,0,0,0,0,0,0,0,0,0,0,0,0,61,0,0,2,32,24,0,0,0,0,0,0,0,0,0,0,0,0,0,65,75,0,0,64
l38,12=0,0,0,0,0,0,0,0,0,0,0,39,47,0,0,36,79,44,0,4,40,73,64,0,11,0,0,0,0,0,0,0,0,0,0,76,78,0,0,58
l39,12=0,0,0,0,0,0,0,0,0,0,0,0,0,0,0,0,69,0,0,29,31,0,67,0,0,0,0,0,0,0,0,0,0,0,0,58,79,49,52,0

l0,13=0,94,90,90,91,91,86,85,80,85,68,0,0,0,0,0,0,0,0,0,0,0,0,0,0,0,0,0,0,0,0,0,0,0,0,0,0,0,0,0
l1,13=89,0,88,89,89,82,83,84,0,70,84,0,0,0,0,0,0,0,0,0,0,0,0,0,0,0,0,0,0,0,0,0,0,0,0,0,0,0,0,0
l2,13=91,91,0,83,88,88,86,82,0,84,86,0,0,24,0,0,0,0,0,0,0,0,0,0,0,0,0,0,0,0,0,0,0,0,0,0,0,0,0,0
l3,13=89,93,84,0,93,91,83,50,22,78,85,0,0,0,0,0,0,0,0,0,0,0,0,0,0,0,0,0,0,0,0,0,0,0,0,0,0,0,0,0
l4,13=89,90,85,85,0,87,84,76,55,77,72,0,0,1,0,0,0,0,0,0,0,0,0,16,0,0,0,0,0,0,0,0,0,0,0,0,0,0,0,0
l5,13=87,88,84,81,87,0,83,48,74,85,86,0,0,65,0,0,0,0,0,0,0,0,0,0,0,0,0,0,0,0,0,0,0,0,0,0,0,0,0,0
l6,13=84,87,86,81,85,85,0,0,73,85,52,74,0,73,0,78,0,0,0,0,0,0,0,0,0,0,0,0,0,0,0,0,0,0,0,0,0,0,0,0
l7,13=83,89,83,77,82,59,0,0,82,89,91,10,36,73,0,25,0,0,0,0,0,0,0,0,0,0,0,0,0,0,0,0,0,0,0,0,0,0,0,0
l8,13=65,0,0,62,70,57,40,52,0,93,87,63,61,88,74,24,68,62,0,21,0,52,24,0,39,0,0,0,0,0,0,0,0,0,0,0,0,0,0,0
l9,13=67,64,61,63,68,85,83,83,83,0,89,69,74,86,55,81,72,63,0,0,45,67,0,0,0,0,0,0,0,0,0,0,0,0,0,0,0,0,0,0
l10,13=49,75,72,72,69,74,20,84,82,93,0,68,0,86,0,27,0,0,0,0,0,0,0,0,0,0,0,0,0,0,0,0,0,0,0,0,0,0,0,0
l11,13=0,0,0,0,0,0,26,0,56,76,53,0,92,94,47,90,82,89,0,0,23,74,71,73,0,24,0,0,0,0,0,0,0,0,0,0,0,0,16,0
l12,13=0,0,0,0,0,0,0,0,0,72,0,89,0,48,95,54,87,99,0,0,28,65,67,63,66,69,0,0,0,0,0,0,0,69,0,0,0,0,20,0
l13,13=0,0,0,0,28,46,26,27,86,90,86,91,80,0,45,90,77,79,0,4,24,71,0,72,0,27,0,0,0,0,0,0,0,0,0,0,0,0,26,0
l14,13=0,0,0,0,0,0,0,0,69,69,0,83,96,75,0,30,95,85,0,0,22,55,0,99,98,30,0,0,0,0,0,0,0,62,48,0,0,0,0,0
l15,13=0,0,0,0,0,0,26,4,34,80,54,92,94,93,44,0,90,93,0,9,23,58,0,77,33,27,0,0,0,0,0,0,0,0,0,0,66,0,21,0
l16,13=0,0,0,0,0,0,0,0,20,65,0,70,82,41,51,32,0,94,22,2,24,69,64,53,37,0,0,0,0,0,0,0,1,54,35,52,74,0,25,44
l17,13=0,0,0,0,0,0,0,0,55,69,0,90,94,51,40,32,92,0,0,14,29,76,64,69,33,25,0,0,0,0,0,0,0,63,0,12,71,0,20,0
l18,13=0,0,0,0,0,0,0,0,0,0,0,0,0,0,0,0,74,0,0,94,88,0,35,0,0,0,0,0,0,0,0,0,0,0,0,0,0,0,0,0
l19,13=0,0,0,0,0,0,0,0,36,0,0,0,0,3,0,17,46,43,54,0,93,96,88,0,0,0,39,0,0,19,5,30,0,0,0,41,49,16,53,75
l20,13=0,0,0,0,0,0,0,0,0,40,0,52,76,25,18,26,83,78,36,98,0,97,95,0,1,0,16,0,0,0,0,22,0,0,0,61,91,29,54,56
l21,13=0,0,0,0,0,0,0,0,31,66,0,76,62,59,23,25,81,84,0,98,95,0,96,0,24,0,0,0,0,0,0,0,0,0,0,0,0,0,80,49
l22,13=0,0,0,0,0,0,0,0,0,0,0,48,43,0,0,0,66,37,0,64,95,97,0,0,0,0,18,0,37,0,0,10,0,0,22,65,87,10,32,75
l23,13=0,0,0,21,9,0,0,0,0,0,0,79,77,63,97,30,32,63,0,0,0,0,0,0,37,98,0,0,0,0,0,0,0,68,0,0,0,0,0,0
l24,13=0,0,0,0,0,0,0,0,67,0,0,0,96,0,98,31,91,85,0,0,1,63,0,87,0,59,0,0,0,0,0,0,65,5,0,0,76,0,0,0
l25,13=0,0,0,0,0,0,0,0,0,0,0,72,96,65,91,30,0,75,0,0,0,0,0,100,98,0,0,0,0,3,0,69,92,94,71,0,0,0,0,0
l26,13=0,0,0,0,0,0,0,0,0,0,0,0,0,0,0,0,0,0,0,50,55,0,38,0,0,0,0,76,99,74,98,100,81,76,0,0,0,0,0,0
l27,13=0,0,0,0,0,0,0,0,0,0,0,0,0,0,0,0,0,0,0,0,0,0,0,0,0,0,87,0,99,100,98,82,71,67,6,0,0,0,0,0
l28,13=0,0,0,0,0,0,0,0,0,0,0,0,0,0,0,0,0,0,0,15,31,0,59,0,0,0,99,97,0,100,98,94,78,83,85,0,0,0,0,0
l29,13=0,0,0,0,0,0,0,0,0,0,0,0,0,0,0,0,0,0,0,51,0,0,0,0,0,1,78,97,99,0,98,86,78,58,79,0,0,0,0,0
l30,13=0,0,0,0,0,0,0,0,0,0,0,0,0,0,0,0,0,0,0,0,0,0,0,0,0,0,99,97,99,100,0,92,70,66,0,0,0,0,0,0
l31,13=0,0,0,0,0,0,0,0,0,0,0,0,0,0,6,0,0,0,0,52,78,0,55,0,0,85,99,95,97,99,97,0,100,100,100,0,0,0,0,0
l32,13=0,0,0,0,0,0,0,0,0,0,0,0,25,0,6,0,8,0,0,0,0,0,0,0,51,82,94,73,86,96,88,100,0,100,100,0,0,0,0,0
l33,13=0,0,0,0,0,0,0,0,0,0,0,0,94,0,72,0,86,84,0,0,0,0,0,87,27,97,99,90,99,94,98,100,100,0,100,0,0,0,0,0
l34,13=0,0,0,0,0,0,0,0,0,0,0,0,0,0,78,0,74,0,0,0,9,0,64,1,0,98,0,19,99,100,10,100,100,100,0,0,0,0,0,0
l35,13=0,0,0,0,0,0,0,0,0,0,0,0,0,0,0,0,55,0,0,10,24,0,72,0,0,0,0,0,0,0,0,0,0,0,0,0,91,88,73,55
l36,13=0,0,0,0,0,0,0,0,0,0,0,0,0,0,0,20,55,53,0,0,30,0,74,0,18,0,0,0,0,0,0,0,0,0,0,78,0,24,54,54
l37,13=0,0,0,0,0,0,0,0,0,0,0,0,0,0,0,0,0,0,0,6,26,0,21,0,0,0,0,0,0,0,0,0,0,0,0,67,75,0,18,48
l38,13=0,0,0,0,0,0,0,0,0,0,0,32,48,32,0,13,67,58,0,13,27,73,76,0,0,0,0,0,0,0,0,0,0,0,0,63,87,18,0,52
l39,13=0,0,0,0,0,0,0,0,0,0,0,0,0,0,0,0,51,0,0,22,25,59,86,0,0,0,0,0,0,0,0,0,0,0,0,63,77,22,21,0

l0,14=0,100,100,100,100,100,100,97,98,99,100,0,0,1,0,0,0,0,0,0,0,0,0,0,0,0,0,0,0,0,0,0,0,0,0,0,0,0,0,0
l1,14=99,0,100,100,100,100,100,99,6,57,58,0,0,51,38,0,0,0,0,0,0,0,0,0,0,0,0,0,0,0,0,0,0,0,0,0,0,0,0,0
l2,14=100,100,0,100,100,100,100,99,96,93,98,0,0,0,0,0,0,0,0,0,0,0,0,0,0,0,0,0,0,0,0,0,0,0,0,0,0,0,0,0
l3,14=99,100,100,0,100,100,100,98,0,99,100,0,0,0,0,0,0,0,0,0,0,0,0,0,0,0,0,0,0,0,0,0,0,0,0,0,0,0,0,0
l4,14=99,100,100,100,0,100,82,0,53,54,100,0,0,47,0,0,0,0,0,0,0,0,0,0,0,0,0,0,0,0,0,0,0,0,0,0,0,0,0,0
l5,14=100,100,100,100,100,0,100,87,95,100,100,0,0,52,0,87,0,0,0,0,0,0,0,0,0,0,0,0,0,0,0,0,0,0,0,0,0,0,0,0
l6,14=90,92,100,100,93,100,0,86,89,97,99,99,0,87,0,91,0,0,0,0,0,0,65,0,0,0,0,0,0,0,0,0,0,0,0,0,0,0,0,0
l7,14=99,99,99,96,5,83,98,0,98,100,100,0,0,53,0,29,87,0,0,0,0,0,0,0,0,0,0,0,0,0,0,0,0,0,0,0,0,0,0,0
l8,14=40,1,23,35,52,43,39,57,0,100,100,34,31,31,54,49,0,0,0,8,28,32,43,0,42,0,0,0,0,0,0,0,0,0,0,0,0,0,0,0
l9,14=80,42,0,50,50,99,46,100,99,0,100,96,0,98,46,97,52,38,0,0,53,52,0,43,0,0,0,0,0,0,0,0,0,0,0,0,0,0,0,0
l10,14=82,65,26,99,100,100,99,100,99,100,0,41,35,98,5,45,0,0,0,0,13,0,0,0,0,0,0,0,0,0,0,0,0,0,0,0,0,0,0,0
l11,14=0,0,0,0,0,0,99,0,52,98,55,0,96,97,98,99,98,98,0,0,58,49,51,77,0,43,0,0,0,0,0,0,0,0,0,0,23,0,53,0
l12,14=0,0,0,0,0,0,0,0,94,0,50,86,0,56,100,97,97,99,0,20,59,17,76,97,81,99,0,0,0,0,0,0,0,95,0,0,0,0,0,0
l13,14=1,27,0,0,53,43,77,55,52,100,99,99,62,0,94,99,51,98,0,11,0,33,0,1,62,27,0,0,0,0,0,0,0,0,0,0,0,0,53,0
l14,14=0,0,0,0,0,0,0,0,57,47,0,75,98,35,0,48,61,45,0,0,0,8,0,97,100,20,0,0,0,0,0,0,30,53,0,0,0,0,48,0
l15,14=0,0,0,0,0,35,44,0,60,98,53,99,59,97,54,0,98,98,0,42,32,32,0,72,77,22,0,0,0,0,0,0,0,0,0,0,0,0,52,0
l16,14=0,0,0,0,0,0,0,51,0,64,0,75,48,7,90,97,0,94,31,77,52,24,97,34,78,0,0,0,0,0,0,0,0,58,36,46,51,38,69,76
l17,14=0,0,0,0,0,0,0,0,0,52,0,98,96,56,98,97,97,0,0,47,59,60,55,83,82,49,0,0,0,0,0,0,0,3,0,24,7,0,99,0
l18,14=0,0,0,0,0,0,0,0,0,0,0,0,0,0,0,0,86,0,0,92,89,14,87,0,0,0,0,0,0,0,0,0,0,0,0,0,0,0,0,0
l19,14=0,0,0,0,0,0,0,0,0,0,0,0,51,0,0,80,90,83,86,0,99,94,94,0,0,0,54,0,0,78,0,26,0,0,0,56,91,66,74,93
l20,14=0,0,0,0,0,0,0,0,6,80,0,70,53,0,0,78,88,82,83,97,0,96,97,0,20,0,31,0,0,0,0,24,0,0,35,51,59,67,99,96
l21,14=0,0,0,0,0,0,0,0,87,85,4,71,51,43,82,79,88,83,0,97,99,0,97,0,68,0,0,0,0,0,0,0,0,0,0,50,38,67,88,87
l22,14=0,0,0,0,0,0,69,0,51,0,0,71,51,0,0,0,93,83,84,97,100,98,0,0,5,0,28,0,69,0,0,0,0,0,0,53,55,69,90,95
l23,14=0,0,0,0,0,0,0,0,0,53,0,32,32,0,100,48,15,43,0,0,0,0,0,0,44,100,0,0,0,0,0,0,37,52,39,0,0,0,0,0
l24,14=0,0,0,0,0,0,0,0,56,0,0,0,70,35,100,99,99,100,0,0,23,32,0,50,0,68,0,0,0,0,0,0,0,0,0,0,36,0,0,0
l25,14=0,0,0,0,0,0,0,0,0,0,0,78,98,37,95,97,0,98,0,0,0,0,0,98,100,0,0,0,4,0,0,0,60,100,98,0,0,0,0,0
l26,14=0,0,0,0,0,0,0,0,0,0,0,0,0,0,0,0,0,0,0,94,96,0,72,0,0,0,0,99,100,99,100,100,99,100,98,0,0,0,0,0
l27,14=0,0,0,0,0,0,0,0,0,0,0,0,0,0,0,0,0,0,0,0,0,0,0,0,0,0,91,0,100,100,100,90,94,97,1,0,0,0,0,0
l28,14=0,0,0,0,0,0,0,0,0,0,0,0,0,0,0,0,0,0,0,59,31,0,84,0,0,15,100,100,0,100,100,93,94,98,95,0,0,0,0,0
l29,14=0,0,0,0,0,0,0,0,0,0,0,0,0,0,0,0,0,0,0,90,0,0,0,0,0,0,91,100,100,0,100,91,94,0,96,0,0,0,0,0
l30,14=0,0,0,0,0,0,0,0,0,0,0,0,0,0,0,0,0,0,0,0,0,0,0,0,0,0,100,100,100,100,0,90,94,98,0,0,0,0,0,0
l31,14=0,0,0,0,0,0,0,0,0,0,0,0,0,0,0,0,0,0,0,75,93,0,0,0,0,0,100,96,99,99,98,0,100,100,99,0,0,0,0,0
l32,14=0,0,0,0,0,0,0,0,0,0,0,0,0,0,95,0,0,0,0,0,1,0,0,90,0,77,99,97,96,99,98,100,0,100,100,0,0,0,0,0
l33,14=0,0,0,0,0,0,0,0,0,0,0,0,96,0,98,0,98,0,0,0,0,0,0,95,0,98,99,95,100,0,98,100,100,0,100,0,0,0,0,0
l34,14=0,0,0,0,0,0,0,0,0,0,0,0,8,0,0,0,92,0,0,0,76,0,0,88,0,100,100,1,100,100,0,100,100,100,0,0,0,0,0,0
l35,14=0,0,0,0,0,0,0,0,0,0,0,0,21,0,0,0,86,65,0,77,47,28,78,0,0,0,0,0,0,0,0,0,0,0,0,0,97,92,92,90
l36,14=0,0,0,0,0,0,0,0,0,0,0,4,0,0,0,0,74,0,0,68,52,3,72,0,28,0,0,0,0,0,0,0,0,0,0,64,0,63,99,87
l37,14=0,0,0,0,0,0,0,0,0,0,0,0,0,0,0,0,16,0,0,13,49,10,81,0,0,0,0,0,0,0,0,0,0,0,0,96,51,0,83,91
l38,14=0,0,0,0,0,0,0,0,0,0,0,52,0,2,72,52,65,85,0,47,55,31,76,0,0,0,0,0,0,0,0,0,0,0,0,60,59,64,0,92
l39,14=0,0,0,0,0,0,0,0,0,0,0,0,0,0,0,0,88,0,0,88,49,49,81,0,0,0,0,0,0,0,0,0,0,0,0,53,51,67,83,0

l0,15=0,99,98,100,100,99,98,97,64,97,96,0,0,0,0,0,0,0,0,0,0,0,0,0,0,0,0,0,0,0,0,0,0,0,0,0,0,0,0,0
l1,15=97,0,98,96,99,97,98,94,0,97,96,0,0,96,44,0,0,0,0,0,0,0,0,0,9,0,0,0,0,0,0,0,0,0,0,0,0,0,0,0
l2,15=100,100,0,96,99,100,100,97,1,93,92,48,0,96,0,0,0,0,0,0,0,0,0,0,0,0,0,0,0,0,0,0,0,0,0,0,0,0,0,0
l3,15=100,100,98,0,99,97,0,0,0,0,96,0,0,0,0,0,0,0,0,0,0,0,0,0,0,0,0,0,0,0,0,0,0,0,0,0,0,0,0,0
l4,15=98,100,98,93,0,100,98,92,0,91,96,0,0,93,0,0,0,0,0,0,0,0,0,0,0,0,0,0,0,0,0,0,0,0,0,0,0,0,0,0
l5,15=97,98,98,96,100,0,98,97,98,97,96,0,0,97,0,94,0,0,0,0,0,0,0,0,0,0,0,0,0,0,0,0,0,0,0,0,0,0,0,0
l6,15=97,97,98,63,99,97,0,97,92,96,96,97,92,92,0,95,18,0,0,0,0,0,33,0,0,0,0,0,0,0,0,0,0,0,0,0,0,0,0,0
l7,15=97,75,98,80,98,97,98,0,99,97,100,0,0,93,94,0,97,0,0,0,0,0,0,0,0,0,0,0,0,0,0,0,0,0,0,0,0,0,0,0
l8,15=51,0,0,45,0,89,87,82,0,100,99,93,96,96,97,97,0,0,0,26,10,89,78,13,96,0,0,0,0,0,0,0,0,0,0,0,0,0,0,0
l9,15=99,70,0,0,82,99,97,99,100,0,100,90,0,100,45,97,87,49,0,0,97,95,15,50,0,0,0,0,0,0,0,0,0,0,0,0,0,0,0,0
l10,15=95,97,3,93,99,97,98,100,99,100,0,0,95,97,75,0,1,0,0,0,0,0,0,0,0,0,0,0,0,0,0,0,0,0,0,0,0,0,0,0
l11,15=0,0,0,0,0,0,98,0,61,81,0,0,99,99,97,100,100,75,0,1,98,99,85,96,84,69,0,0,0,0,0,0,0,0,0,0,61,0,93,0
l12,15=0,0,0,0,0,0,85,0,99,0,99,99,0,100,99,100,100,100,0,38,99,0,87,99,100,100,0,0,0,0,0,0,0,0,0,0,22,0,90,0
l13,15=0,70,90,0,98,96,95,51,61,100,99,100,100,0,99,100,94,75,0,5,2,71,32,97,93,66,0,0,0,0,0,0,0,0,0,0,0,0,0,0
l14,15=0,0,0,0,0,0,0,7,60,67,10,98,99,99,0,100,100,75,0,0,35,0,0,99,100,69,0,0,0,0,0,0,0,99,17,0,0,0,0,0
l15,15=0,0,0,0,0,64,94,0,61,82,0,100,99,99,99,0,100,75,0,0,97,99,13,99,99,66,0,0,0,0,0,0,0,0,0,76,0,0,94,0
l16,15=0,0,0,0,0,0,26,51,0,66,4,94,95,89,99,100,0,74,57,58,95,95,87,0,99,34,0,0,0,0,0,1,0,89,0,85,61,55,91,72
l17,15=0,0,0,0,0,0,0,0,0,81,0,98,99,99,99,100,100,0,0,61,99,99,87,99,99,69,0,0,0,0,0,0,0,97,6,0,61,50,94,0
l18,15=0,0,0,0,0,0,0,0,0,0,0,0,0,0,0,0,94,0,0,25,85,66,81,0,0,0,0,0,0,0,0,0,0,0,0,0,0,0,0,0
l19,15=0,0,0,0,0,0,0,0,10,0,0,0,67,0,0,0,87,58,0,0,99,95,97,0,0,0,40,0,58,70,0,0,0,0,0,0,57,0,0,75
l20,15=0,0,0,0,0,0,0,0,0,81,0,91,96,0,8,95,100,75,57,100,0,100,100,0,0,0,0,0,0,0,0,0,0,0,0,87,60,11,94,99
l21,15=0,0,0,0,0,0,0,0,56,76,3,87,0,67,0,88,97,71,7,100,100,0,100,0,65,0,0,0,27,0,0,0,0,0,48,80,89,54,96,91
l22,15=0,0,0,0,0,0,16,0,47,60,0,74,68,0,0,13,100,60,26,91,100,99,0,0,0,0,0,0,0,0,0,46,0,4,0,63,58,43,72,76
l23,15=0,0,0,0,0,0,0,0,0,48,0,87,100,96,99,100,0,75,0,0,0,0,0,0,100,100,0,0,0,0,0,0,57,100,0,0,0,0,0,0
l24,15=0,0,0,0,0,0,0,0,61,0,0,42,100,93,99,100,100,99,0,0,0,2,0,100,0,79,0,0,0,0,0,0,61,0,0,0,58,0,16,0
l25,15=0,0,0,0,0,0,0,0,0,0,0,98,98,90,97,97,90,70,0,0,0,0,0,97,98,0,60,0,43,1,0,56,55,94,96,0,0,0,0,0
l26,15=0,0,0,0,0,0,0,0,0,0,0,0,0,0,0,0,0,0,0,40,16,0,0,0,0,86,0,95,85,95,98,97,82,10,94,0,0,0,0,0
l27,15=0,0,0,0,0,0,0,0,0,0,0,0,0,0,0,0,0,0,0,0,0,0,0,0,0,0,93,0,85,96,98,92,79,91,91,0,0,0,0,0
l28,15=0,0,0,0,0,0,0,0,0,0,0,0,0,0,0,0,0,0,0,89,0,1,2,0,0,72,98,96,0,96,98,94,79,92,91,0,0,0,0,0
l29,15=0,0,0,0,0,0,0,0,0,0,0,0,0,0,0,0,0,0,0,88,0,0,0,0,0,1,95,96,85,0,98,94,80,92,91,0,0,0,0,0
l30,15=0,0,0,0,0,0,0,0,0,0,0,0,0,0,0,0,0,0,0,0,0,0,0,0,0,0,98,96,85,96,0,91,79,92,0,0,0,0,0,0
l31,15=0,0,0,0,0,0,0,0,0,0,0,0,0,0,0,0,1,0,0,0,0,0,78,0,0,88,97,92,80,94,96,0,86,98,95,0,0,0,0,0
l32,15=0,0,0,0,0,0,0,0,0,0,0,0,75,0,0,0,0,0,0,0,24,0,0,90,91,91,97,92,81,95,97,97,0,98,96,0,0,0,0,0
l33,15=0,0,0,0,0,0,0,0,0,0,0,0,87,0,97,0,97,62,0,0,0,0,28,99,55,72,12,61,81,97,85,99,98,0,98,0,0,0,0,0
l34,15=0,0,0,0,0,0,0,0,0,0,0,0,36,0,88,0,0,0,0,0,1,59,0,0,0,96,96,88,80,95,0,97,86,98,0,0,0,0,0,0
l35,15=0,0,0,0,0,0,0,0,0,0,0,0,41,0,0,66,84,0,0,0,91,80,70,0,0,0,0,0,0,0,0,0,0,0,0,0,98,99,88,92
l36,15=0,0,0,0,0,0,0,0,0,0,0,85,51,0,0,0,100,39,0,57,97,94,82,0,73,0,0,0,0,0,0,0,0,0,0,86,0,61,99,96
l37,15=0,0,0,0,0,0,0,0,0,0,0,0,0,0,0,0,91,0,0,0,3,87,80,0,0,0,0,0,0,0,0,0,0,0,0,98,96,0,92,93
l38,15=0,0,0,0,0,0,0,0,0,0,0,74,70,0,0,86,91,70,0,0,99,95,82,0,34,0,0,0,0,0,0,0,0,0,0,86,61,60,0,96
l39,15=0,0,0,0,0,0,0,0,0,0,0,0,0,0,0,0,83,0,0,53,95,80,79,0,0,0,0,0,0,0,0,0,0,0,0,99,61,99,88,0

