t=2016-04-12_20.02.47

n=40

q0=1
q1=1
q2=1
q3=1
q4=1
q5=1
q6=1
q7=1
q8=1
q9=1
q10=1
q11=1
q12=1
q13=1
q14=1
q15=1
q16=1
q17=1
q18=1
q19=1
q20=1
q21=1
q22=1
q23=1
q24=1
q25=1
q26=1
q27=1
q28=1
q29=1
q30=1
q31=1
q32=1
q33=1
q34=1
q35=1
q36=1
q37=1
q38=1
q39=1

a0=0x141592000c576ce6
a1=0x141592000c5aedbc
a2=0x141592000c5750f4
a3=0x141592000c576658
a4=0x141592000c575890
a5=0x141592000c574ffa
a6=0x141592000c5acf11
a7=0x141592000d9df361
a8=0x141592000c576300
a9=0x141592000c5779b6
a10=0x141592000c5762b9
a11=0x141592000c5af078
a12=0x141592000c575517
a13=0x141592000c5752c3
a14=0x141592000c5a4baa
a15=0x141592000c5776e7
a16=0x141592000c58cdeb
a17=0x141592000c5881fc
a18=0x141592000bd81d33
a19=0x141592000bd84d6a
a20=0x141592000c577233
a21=0x141592000c574527
a22=0x141592000c5746a3
a23=0x141592000c574da3
a24=0x141592000c5741c9
a25=0x141592000da244ea
a26=0x141592000c5ae886
a27=0x141592000c57510e
a28=0x141592000c5ab6c8
a29=0x141592000c574d05
a30=0x141592000edae61f
a31=0x141592000c57667e
a32=0x141592000c577f43
a33=0x141592000c576449
a34=0x1415920010f4117a
a35=0x141592000c575966
a36=0x141592000c574d35
a37=0x141592000c576fb1
a38=0x141592000c5aea5d
a39=0x141592000c59f23f

l0,0=0,86,92,97,91,89,85,31,15,90,89,0,0,0,0,0,0,0,0,0,0,0,0,0,0,0,0,0,0,0,0,0,0,0,0,0,0,0,0,0
l1,0=88,0,93,93,91,90,65,44,77,72,89,0,0,7,0,0,0,0,0,0,0,0,0,0,0,0,0,0,0,0,0,0,0,0,0,0,0,0,0,0
l2,0=75,92,0,81,92,90,92,38,14,80,90,0,0,59,0,0,0,0,0,0,0,0,0,0,0,0,0,0,0,0,0,0,0,0,0,0,0,0,0,0
l3,0=98,89,92,0,90,86,85,42,68,0,64,0,0,0,0,0,0,0,0,0,0,0,0,0,0,0,0,0,0,0,0,0,0,0,0,0,0,0,0,0
l4,0=88,87,92,92,0,89,79,29,68,60,72,0,0,49,0,0,0,0,0,0,0,0,0,0,0,0,0,0,0,0,0,0,0,0,0,0,0,0,0,0
l5,0=77,93,92,81,78,0,80,30,79,81,73,42,0,55,0,0,0,0,0,0,0,0,0,0,0,0,0,0,0,0,0,0,0,0,0,0,0,0,0,0
l6,0=72,46,93,81,76,76,0,30,74,73,69,32,0,58,0,30,14,0,0,0,0,0,0,0,0,0,0,0,0,0,0,0,0,0,0,0,0,0,0,0
l7,0=63,69,69,73,74,76,77,0,67,78,76,45,2,56,0,23,0,0,0,0,0,0,0,0,0,0,0,0,0,0,0,0,0,0,0,0,0,0,0,0
l8,0=0,59,0,40,66,69,68,12,0,91,66,69,51,87,34,54,67,0,0,0,0,41,0,54,75,2,0,0,0,0,0,0,0,0,0,0,0,0,39,0
l9,0=69,59,70,0,62,79,46,30,92,0,89,63,40,68,28,34,15,0,0,0,0,0,14,0,0,0,0,0,0,0,0,0,0,0,0,0,0,0,0,0
l10,0=70,70,77,62,73,74,71,31,74,92,0,65,43,64,0,58,0,0,0,0,0,0,0,0,0,0,0,0,0,0,0,0,0,0,0,0,0,0,0,0
l11,0=0,0,0,0,0,46,45,16,50,49,51,0,85,88,90,88,47,61,0,60,0,19,0,0,81,33,0,0,0,0,0,0,0,0,0,0,69,0,59,0
l12,0=0,0,0,0,0,0,0,0,44,36,24,85,0,82,85,88,25,100,0,0,43,26,0,83,90,84,0,0,0,0,0,0,0,70,0,11,29,0,70,0
l13,0=0,0,51,0,53,39,61,6,90,51,84,80,77,0,84,77,14,39,0,61,0,27,19,78,71,64,0,0,0,0,0,0,0,0,0,0,0,0,60,0
l14,0=0,0,0,0,0,0,0,0,48,26,0,51,60,83,0,38,44,33,0,0,39,0,22,86,83,81,0,0,0,0,0,0,0,76,0,0,43,0,59,0
l15,0=0,0,0,0,0,0,53,10,50,36,51,99,90,82,85,0,25,35,0,0,14,0,18,4,83,0,0,0,0,0,0,0,0,0,0,0,56,0,70,0
l16,0=0,0,0,0,0,0,22,0,46,31,0,41,43,62,85,24,0,37,0,63,41,31,22,50,80,0,0,0,0,0,0,0,0,55,0,38,53,12,74,25
l17,0=0,0,0,0,0,0,0,0,34,41,0,58,89,76,86,41,34,0,0,0,45,32,13,0,78,69,0,0,0,0,0,0,0,75,0,0,73,1,40,0
l18,0=0,0,0,0,0,0,0,0,0,0,0,0,0,0,0,0,0,0,0,0,75,0,65,0,0,0,0,0,0,0,0,0,0,0,0,0,0,0,0,0
l19,0=0,0,0,0,0,0,0,0,5,0,0,19,0,52,0,0,62,0,0,0,85,29,81,0,0,0,12,0,0,0,0,7,0,0,0,41,46,0,52,84
l20,0=0,0,0,0,0,0,0,0,0,0,0,0,42,2,45,3,24,24,80,88,0,89,81,0,0,0,0,0,0,0,0,0,0,0,15,44,81,84,95,85
l21,0=0,0,0,0,0,0,0,0,62,0,0,14,33,67,0,0,82,63,38,43,90,0,81,0,0,0,1,0,0,0,0,0,0,0,0,67,62,47,84,80
l22,0=0,0,0,0,0,0,0,0,14,17,0,0,1,51,38,10,36,14,71,88,90,89,0,0,0,0,4,0,0,0,0,10,6,0,0,64,84,53,77,52
l23,0=0,0,0,0,0,0,0,0,37,0,0,0,61,84,84,13,21,0,0,0,0,0,0,0,86,51,0,0,0,0,0,5,4,70,76,0,0,0,0,0
l24,0=0,0,0,1,0,0,0,0,52,0,0,50,90,80,84,55,46,31,0,0,0,0,0,92,0,77,0,0,0,0,0,0,59,76,77,0,0,0,0,0
l25,0=0,0,0,0,0,0,0,0,25,0,0,19,82,74,89,0,0,43,0,0,0,0,0,42,83,0,14,17,0,1,0,28,56,69,80,0,0,0,0,0
l26,0=0,0,0,0,0,0,0,0,0,0,0,0,0,0,0,0,0,0,0,60,0,3,24,0,0,66,0,74,99,88,92,91,70,61,68,0,0,0,0,0
l27,0=0,0,0,0,0,0,0,0,0,0,0,0,0,0,0,0,0,0,0,0,0,0,0,0,0,10,80,0,99,92,98,83,84,72,82,0,0,0,0,0
l28,0=0,0,0,0,0,0,0,0,0,0,0,0,0,0,0,0,0,0,0,0,0,0,0,0,0,0,86,100,0,92,98,88,84,64,82,0,0,0,0,0
l29,0=0,0,0,0,0,0,0,0,0,0,0,0,0,0,0,0,0,0,0,0,0,0,0,0,0,15,83,100,99,0,98,60,66,57,67,0,0,0,0,0
l30,0=0,0,0,0,0,0,0,0,0,0,0,0,0,0,0,0,0,0,0,0,0,0,0,0,0,0,81,100,99,92,0,51,70,66,0,0,0,0,0,0
l31,0=0,0,0,0,0,0,0,0,0,0,0,0,0,0,0,0,0,0,0,51,0,0,42,27,0,65,81,58,90,74,68,0,89,81,89,0,0,0,0,0
l32,0=0,0,0,0,0,0,0,0,0,0,0,0,0,0,0,0,0,0,0,0,0,0,0,49,59,66,69,56,80,65,69,84,0,86,93,0,0,0,0,0
l33,0=0,0,0,0,0,0,0,0,0,0,0,0,54,0,64,0,50,65,0,0,0,0,0,50,70,69,61,37,80,57,66,76,86,0,77,0,0,0,0,0
l34,0=0,0,0,0,0,0,0,0,0,0,0,0,0,0,0,0,0,0,0,0,57,0,0,58,63,77,67,59,87,67,0,90,95,70,0,0,0,0,0,0
l35,0=0,0,0,0,0,0,0,0,0,0,0,0,0,0,0,0,11,0,0,34,20,30,17,0,0,0,0,0,0,0,0,0,0,0,0,0,61,92,96,36
l36,0=0,0,0,0,0,0,0,0,0,0,0,23,15,0,17,12,15,23,0,59,54,25,26,0,0,0,0,0,0,0,0,0,0,0,0,81,0,95,81,36
l37,0=0,0,0,0,0,0,0,0,0,0,0,0,0,0,0,0,3,1,0,0,53,22,15,0,0,0,0,0,0,0,0,0,0,0,0,82,95,0,0,36
l38,0=0,0,0,0,0,0,0,0,19,0,0,19,36,49,23,28,32,6,0,47,55,34,25,0,0,0,0,0,0,0,0,0,0,0,0,82,96,0,0,36
l39,0=0,0,0,0,0,0,0,0,0,0,0,0,0,0,0,0,22,0,0,88,54,33,27,0,0,0,0,0,0,0,0,0,0,0,0,80,94,91,80,0

l0,1=0,89,68,90,90,62,77,0,56,71,56,0,0,0,0,0,0,0,0,0,0,0,0,0,0,0,0,0,0,0,0,0,0,0,0,0,0,0,0,0
l1,1=78,0,86,87,90,76,72,67,67,66,66,0,0,5,0,0,0,0,0,0,0,0,0,0,0,0,0,0,0,0,0,0,0,0,0,0,0,0,0,0
l2,1=49,92,0,83,85,82,86,71,0,80,78,0,0,0,0,0,0,0,0,0,0,0,0,0,0,0,0,0,0,0,0,0,0,0,0,0,0,0,0,0
l3,1=89,85,85,0,86,64,72,51,0,0,60,0,0,0,0,0,0,0,0,0,0,0,0,0,0,0,0,0,0,0,0,0,0,0,0,0,0,0,0,0
l4,1=81,85,83,73,0,67,64,59,72,66,57,0,0,27,0,0,0,0,0,0,0,0,0,0,0,0,0,0,0,0,0,0,0,0,0,0,0,0,0,0
l5,1=63,89,86,77,87,0,71,75,70,66,65,0,0,0,0,0,0,0,0,0,0,0,0,0,0,0,0,0,0,0,0,0,0,0,0,0,0,0,0,0
l6,1=55,68,79,47,53,60,0,82,63,36,66,37,0,1,0,0,1,0,0,0,0,0,0,0,0,0,0,0,0,0,0,0,0,0,0,0,0,0,0,0
l7,1=0,51,73,21,39,73,77,0,75,72,76,31,5,0,0,0,0,0,0,0,0,0,0,0,0,0,0,0,0,0,0,0,0,0,0,0,0,0,0,0
l8,1=31,41,0,0,71,50,68,70,0,85,58,57,0,78,2,59,1,0,0,0,0,58,20,37,0,5,0,0,0,0,0,0,0,0,0,0,0,0,0,0
l9,1=48,61,78,0,41,60,59,77,85,0,78,53,9,76,0,0,1,1,0,0,0,26,12,0,0,0,0,0,0,0,0,0,0,0,0,0,0,0,0,0
l10,1=44,69,78,54,67,62,72,86,65,85,0,44,0,62,0,3,1,0,0,0,0,11,0,0,0,0,0,0,0,0,0,0,0,0,0,0,0,0,0,0
l11,1=0,0,0,0,0,0,42,27,29,37,38,0,85,86,48,67,57,69,0,37,4,15,0,0,55,0,0,0,0,0,0,0,0,0,0,15,37,0,51,0
l12,1=0,0,0,0,0,0,0,0,5,32,0,76,0,53,82,61,62,82,0,0,20,34,14,72,92,57,0,0,0,0,0,0,0,0,0,0,8,0,53,0
l13,1=0,3,0,0,18,0,39,0,66,65,62,77,79,0,66,28,55,44,0,4,5,35,17,37,5,22,0,0,0,0,0,0,0,0,0,0,0,0,48,0
l14,1=0,0,0,0,12,0,0,0,26,29,0,63,84,43,0,35,62,31,0,0,20,25,8,77,72,58,0,0,0,0,0,0,0,0,0,0,0,0,0,0
l15,1=0,0,0,0,0,0,3,0,31,37,36,83,84,37,33,0,1,35,0,0,1,0,8,18,84,0,0,0,0,0,0,0,0,0,0,0,36,0,0,0
l16,1=0,0,0,0,0,0,18,0,25,24,0,47,51,31,48,13,0,32,0,9,20,36,20,21,49,34,0,0,0,0,0,0,1,12,0,29,32,10,8,29
l17,1=0,0,0,0,0,0,0,0,25,30,0,69,88,43,38,40,67,0,0,0,18,1,7,23,53,33,0,0,0,0,0,0,0,16,0,0,35,0,0,0
l18,1=0,0,0,0,0,0,0,0,0,0,0,0,0,0,0,0,0,0,0,55,38,58,44,0,0,0,0,0,0,0,0,0,0,0,0,0,0,0,0,0
l19,1=0,0,0,0,0,0,0,0,0,0,0,22,0,18,0,0,9,0,38,0,40,35,55,0,0,0,19,0,0,0,0,21,0,0,0,21,46,35,51,47
l20,1=0,0,0,0,0,0,0,0,0,0,0,0,39,18,25,0,53,21,43,72,0,75,54,0,0,0,0,0,0,0,0,0,0,0,0,21,42,55,66,49
l21,1=0,0,0,0,0,0,0,0,26,21,14,11,36,21,22,0,60,5,38,43,47,0,53,0,0,0,2,0,0,0,0,11,4,0,0,40,29,42,58,49
l22,1=0,0,0,0,0,0,0,0,23,13,0,0,35,20,14,23,60,21,45,74,51,75,0,0,8,0,5,0,0,0,0,31,0,0,0,39,58,41,48,52
l23,1=0,0,0,0,0,0,0,0,29,2,0,0,71,37,65,12,51,21,0,0,0,0,0,0,83,57,0,0,0,0,0,0,0,0,66,0,0,0,0,0
l24,1=0,0,0,0,0,0,0,0,0,0,0,63,86,26,50,54,58,30,0,0,0,0,4,80,0,62,0,0,0,0,0,0,24,27,48,0,0,0,0,0
l25,1=0,0,0,0,0,0,0,0,29,0,0,0,66,36,69,7,55,25,0,0,0,0,0,67,71,0,29,0,14,0,0,48,0,46,66,0,0,0,0,0
l26,1=0,0,0,0,0,0,0,0,0,0,0,0,0,0,0,0,0,0,0,54,0,5,17,0,0,36,0,68,57,72,65,74,73,71,61,0,0,0,0,0
l27,1=0,0,0,0,0,0,0,0,0,0,0,0,0,0,0,0,0,0,0,0,0,0,0,0,0,0,58,0,58,84,83,64,68,59,72,0,0,0,0,0
l28,1=0,0,0,0,0,0,0,0,0,0,0,0,0,0,0,0,0,0,0,0,0,0,0,0,0,29,74,82,0,84,73,73,53,57,63,0,0,0,0,0
l29,1=0,0,0,0,0,0,0,0,0,0,0,0,0,0,0,0,0,0,0,0,0,0,0,0,0,0,60,83,58,0,73,64,57,53,61,0,0,0,0,0
l30,1=0,0,0,0,0,0,0,0,0,0,0,0,0,0,0,0,0,0,0,0,0,0,0,0,0,0,58,90,58,82,0,60,57,64,0,0,0,0,0,0
l31,1=0,0,0,0,0,0,0,0,0,0,0,0,0,0,0,0,0,0,0,44,4,11,33,0,0,40,54,55,42,57,40,0,71,70,75,0,0,0,0,0
l32,1=0,0,0,0,0,0,0,0,0,0,0,0,0,0,0,0,19,0,0,0,0,0,0,0,47,0,51,55,33,52,40,70,0,69,86,0,0,0,0,0
l33,1=0,0,0,0,0,0,0,0,0,0,0,0,0,0,0,0,51,49,0,0,0,0,0,2,54,51,50,52,35,47,51,68,70,0,67,0,0,0,0,0
l34,1=0,0,0,0,0,0,0,0,0,0,0,0,0,0,0,0,0,0,0,0,11,0,0,52,53,43,36,54,40,49,0,71,87,61,0,0,0,0,0,0
l35,1=0,0,0,0,0,0,0,0,0,0,0,3,0,0,0,0,39,0,0,28,16,41,23,0,0,0,0,0,0,0,0,0,0,0,0,0,54,59,62,38
l36,1=0,0,0,0,0,0,0,0,0,0,0,37,0,0,0,18,41,12,0,46,30,24,27,0,0,0,0,0,0,0,0,0,0,0,0,50,0,62,69,43
l37,1=0,0,0,0,0,0,0,0,0,0,0,0,0,0,0,0,5,0,0,28,26,18,2,0,0,0,0,0,0,0,0,0,0,0,0,44,46,0,57,48
l38,1=0,0,0,0,0,0,0,0,0,0,0,36,37,22,0,0,0,0,0,48,34,40,18,0,0,0,0,0,0,0,0,0,0,0,0,44,59,55,0,45
l39,1=0,0,0,0,0,0,0,0,0,0,0,0,0,0,0,0,39,0,0,57,33,33,27,0,0,0,0,0,0,0,0,0,0,0,0,33,38,53,54,0

l0,2=0,82,74,48,74,75,72,1,0,56,69,0,0,0,0,0,0,0,0,0,0,0,0,0,0,0,0,0,0,0,0,0,0,0,0,0,0,0,0,0
l1,2=69,0,68,71,79,82,73,1,0,60,80,0,0,0,0,0,0,0,0,0,0,0,0,0,0,0,0,0,0,0,0,0,0,0,0,0,0,0,0,0
l2,2=60,80,0,47,68,85,83,1,0,62,74,0,0,0,0,10,0,0,0,0,0,0,0,0,0,0,0,0,0,0,0,0,0,0,0,0,0,0,0,0
l3,2=71,90,75,0,73,74,54,0,0,1,1,0,0,0,0,0,0,0,0,0,0,0,0,0,0,0,0,0,0,0,0,0,0,0,0,0,0,0,0,0
l4,2=65,82,73,48,0,76,72,1,0,57,53,0,0,0,0,0,0,0,0,0,0,0,0,0,0,0,0,0,0,0,0,0,0,0,0,0,0,0,0,0
l5,2=60,81,80,42,75,0,70,1,0,56,72,0,0,3,0,0,0,0,0,0,0,0,0,0,0,0,0,0,0,0,0,0,0,0,0,0,0,0,0,0
l6,2=60,77,75,20,68,70,0,0,0,54,75,23,31,5,0,29,0,0,0,0,0,0,0,0,0,0,0,0,0,0,0,0,0,0,0,0,0,0,0,0
l7,2=50,74,65,21,56,75,69,0,0,63,81,32,2,60,0,51,0,0,0,0,0,0,0,0,0,0,0,0,0,0,0,0,0,0,0,0,0,0,0,0
l8,2=31,2,0,10,0,47,45,1,0,67,75,49,0,80,19,57,59,0,0,0,0,49,47,0,25,3,0,0,0,0,0,0,0,0,0,0,0,0,3,0
l9,2=39,65,69,4,66,60,67,1,0,0,80,42,39,80,0,55,23,0,0,0,0,22,0,13,0,0,0,0,0,0,0,0,0,0,0,0,0,0,0,0
l10,2=41,77,60,1,37,66,76,1,0,66,0,36,0,71,0,40,0,0,0,0,0,0,0,0,0,0,0,0,0,0,0,0,0,0,0,0,0,0,0,0
l11,2=0,0,0,0,0,0,37,0,0,35,42,0,79,86,51,66,57,42,0,36,40,37,47,37,35,0,0,0,0,0,0,0,0,0,0,26,44,0,10,6
l12,2=0,0,0,0,0,0,35,0,0,34,0,80,0,63,67,64,70,45,0,0,0,42,2,70,78,75,0,0,0,0,0,0,0,0,0,0,0,0,10,0
l13,2=0,0,0,0,0,0,0,0,0,53,59,77,50,0,39,54,57,0,0,32,24,42,50,42,31,39,0,0,0,0,0,0,0,0,0,3,0,0,10,0
l14,2=0,0,0,0,0,0,0,0,0,0,0,66,80,63,0,51,75,0,0,0,40,0,0,73,65,74,0,0,0,0,0,0,0,42,0,0,0,0,10,0
l15,2=0,0,0,0,0,0,37,0,0,33,45,93,78,71,34,0,27,0,0,10,42,0,0,42,58,9,0,0,0,0,0,0,0,0,0,0,27,0,10,14
l16,2=0,0,0,0,0,0,0,0,0,11,0,51,60,58,50,16,0,25,0,32,52,47,63,0,43,49,0,0,0,0,0,0,0,30,0,52,45,0,11,36
l17,2=0,0,0,0,0,0,0,0,0,31,0,87,81,61,37,62,83,0,0,0,41,42,51,42,49,0,0,0,0,0,0,0,0,34,0,0,40,0,10,0
l18,2=0,0,0,0,0,0,0,0,0,0,0,0,0,1,0,0,0,0,0,30,44,47,51,0,0,0,0,0,0,0,0,0,0,0,0,0,0,0,0,0
l19,2=0,0,0,0,0,0,0,0,0,0,0,34,0,44,0,0,36,0,13,0,55,0,75,0,0,0,28,0,0,0,0,32,0,0,0,0,49,0,33,40
l20,2=0,0,0,0,0,0,0,0,0,0,0,14,0,42,24,40,64,0,19,63,0,64,73,0,0,0,0,0,0,0,0,0,0,0,4,42,56,48,48,47
l21,2=0,0,0,0,0,0,0,0,0,24,0,39,39,48,0,0,64,0,24,0,63,0,75,0,0,0,0,0,0,0,0,0,0,30,0,54,58,1,48,47
l22,2=0,0,0,0,0,0,0,0,1,0,0,30,13,42,0,0,64,0,23,69,59,66,0,0,0,0,5,0,0,22,0,26,0,0,0,59,56,27,8,45
l23,2=0,0,0,0,0,0,0,0,0,1,0,0,72,60,60,44,0,0,0,0,0,0,0,0,70,75,0,0,0,0,0,0,0,0,7,0,0,0,0,0
l24,2=0,0,0,0,0,0,0,0,0,0,0,56,77,65,56,57,71,32,0,0,8,0,0,78,0,74,0,0,0,0,0,0,0,33,10,0,21,0,0,0
l25,2=0,0,0,0,0,0,0,0,0,0,0,0,72,53,55,19,63,0,0,0,0,0,0,62,63,0,43,0,0,0,0,50,57,65,49,0,0,0,0,0
l26,2=0,0,0,0,0,0,0,0,0,0,0,0,0,0,0,0,0,0,0,50,0,0,18,0,0,47,0,5,68,63,69,69,63,67,52,0,0,0,0,0
l27,2=0,0,0,0,0,0,0,0,0,0,0,0,0,0,0,0,0,0,0,0,0,0,0,0,0,0,26,0,68,76,82,69,65,66,55,0,0,0,0,0
l28,2=0,0,0,0,0,0,0,0,0,0,0,0,0,0,0,0,0,0,0,0,0,0,0,0,0,0,79,86,0,78,72,61,42,55,35,0,0,0,0,0
l29,2=0,0,0,0,0,0,0,0,0,0,0,0,0,0,0,0,0,0,0,0,0,0,47,0,0,0,71,84,68,0,69,61,46,0,7,0,0,0,0,0
l30,2=0,0,0,0,0,0,0,0,0,0,0,0,0,0,0,0,0,0,0,0,0,0,0,0,0,0,69,92,62,64,0,42,50,64,33,0,0,0,0,0
l31,2=0,0,0,0,0,0,0,0,0,0,0,0,0,0,0,0,0,0,0,42,21,0,46,3,0,46,70,48,52,38,38,0,74,73,62,0,0,0,0,0
l32,2=0,0,0,0,0,0,0,0,0,0,0,0,0,0,0,0,0,0,0,0,0,0,0,0,4,50,62,46,41,40,40,71,0,76,79,0,0,0,0,0
l33,2=0,0,0,0,0,0,0,0,0,0,0,0,0,0,40,0,58,16,0,0,0,43,0,0,35,61,58,48,48,0,50,64,67,0,64,0,0,0,0,0
l34,2=0,0,0,0,0,0,0,0,0,0,0,0,0,0,0,0,0,0,0,0,44,0,0,39,35,48,59,45,44,28,36,72,79,82,0,0,0,0,0,0
l35,2=0,0,0,0,0,0,0,0,0,0,0,0,0,12,0,0,42,0,0,0,35,33,49,0,0,0,0,0,0,0,0,0,0,0,0,0,59,52,50,37
l36,2=0,0,0,0,0,0,0,0,0,0,0,42,1,0,0,13,57,0,0,53,55,50,69,0,3,0,0,0,0,0,0,0,0,0,0,68,0,52,51,37
l37,2=0,0,0,0,0,0,0,0,0,0,0,0,0,0,0,0,2,0,0,5,52,30,44,0,0,0,0,0,0,0,0,0,0,0,0,68,59,0,44,35
l38,2=0,0,0,0,0,0,0,0,0,0,0,35,33,46,22,30,42,0,0,36,57,53,30,0,0,0,0,0,0,0,0,0,0,0,0,70,62,39,0,40
l39,2=0,0,0,0,0,0,0,0,0,0,0,0,0,1,0,0,51,0,0,47,49,50,52,0,0,0,0,0,0,0,0,0,0,0,0,58,42,28,42,0

l0,3=0,84,81,79,81,86,35,0,0,55,0,0,0,0,0,0,0,0,0,0,0,0,0,0,0,0,0,0,0,0,0,0,0,0,0,0,0,0,0,0
l1,3=84,0,75,85,85,87,38,0,32,79,53,0,0,0,0,0,0,0,0,0,0,0,0,0,0,0,0,0,0,0,0,0,0,0,0,0,0,0,0,0
l2,3=83,78,0,75,87,91,41,0,63,79,89,0,0,50,0,0,0,0,0,0,0,0,0,0,0,0,0,0,0,0,0,0,0,0,0,0,0,0,0,0
l3,3=84,93,86,0,85,0,37,0,12,0,75,0,0,0,0,0,0,0,0,0,0,0,0,0,0,0,0,0,0,0,0,0,0,0,0,0,0,0,0,0
l4,3=49,87,87,85,0,90,37,0,0,49,27,0,0,18,0,0,0,0,0,0,0,0,0,0,0,0,0,0,0,0,0,0,0,0,0,0,0,0,0,0
l5,3=85,90,89,0,87,0,38,0,46,75,79,14,0,53,26,11,0,0,0,0,0,0,0,0,0,0,0,0,0,0,0,0,0,0,0,0,0,0,0,0
l6,3=70,89,88,39,76,80,0,0,67,75,84,51,67,42,0,51,28,0,0,0,0,0,0,0,0,0,0,0,0,0,0,0,0,0,0,0,0,0,0,0
l7,3=65,64,74,0,25,85,37,0,78,83,92,0,0,42,0,48,17,0,0,0,0,0,0,0,0,0,0,0,0,0,0,0,0,0,0,0,0,0,0,0
l8,3=0,9,36,1,0,26,25,0,0,84,86,63,15,76,27,85,37,5,0,0,0,40,26,0,23,0,0,0,0,0,0,0,0,0,0,0,0,0,14,0
l9,3=33,33,44,0,34,34,17,0,84,0,93,14,35,76,26,39,0,0,0,0,23,3,0,0,0,0,0,0,0,0,0,0,0,0,0,0,0,0,0,0
l10,3=0,27,86,13,22,85,39,0,81,89,0,33,1,75,4,24,0,0,0,0,0,0,0,0,6,0,0,0,0,0,0,0,0,0,0,0,0,0,10,0
l11,3=0,1,0,0,0,28,18,0,67,28,39,0,87,82,88,93,15,18,0,26,26,31,29,31,72,17,0,0,0,0,0,0,0,0,0,0,15,0,63,0
l12,3=0,0,0,0,0,0,11,0,13,29,0,91,0,30,93,93,17,95,0,30,0,29,10,51,95,87,0,0,0,0,0,0,0,0,0,23,6,0,32,0
l13,3=0,0,25,0,0,32,8,0,86,84,48,84,42,0,25,73,16,6,20,22,26,23,25,20,0,19,0,0,0,0,0,0,0,0,0,0,0,0,35,0
l14,3=0,0,0,0,0,16,0,0,25,31,1,90,91,21,0,34,27,5,0,0,25,0,0,78,94,37,0,0,0,0,0,0,0,2,0,0,0,0,32,0
l15,3=0,0,0,0,0,1,12,0,77,73,29,92,88,79,67,0,36,16,0,15,70,17,0,41,86,0,0,0,0,0,0,0,0,0,0,0,0,0,57,23
l16,3=0,0,0,0,0,0,11,0,28,0,0,20,47,26,72,36,0,29,21,0,78,53,77,0,34,20,0,0,0,0,0,0,0,21,0,0,13,0,36,43
l17,3=0,0,0,0,0,0,0,0,53,3,0,89,91,68,29,75,58,0,0,1,32,29,25,14,79,0,0,0,0,0,0,0,0,3,0,0,24,0,32,38
l18,3=0,0,0,0,0,0,0,0,0,0,0,0,0,41,0,0,7,0,0,65,63,29,43,0,0,0,0,0,0,0,0,0,0,0,0,0,0,0,0,0
l19,3=0,0,0,0,0,0,0,0,0,0,0,13,44,29,0,8,0,0,52,0,90,83,93,0,0,0,0,0,0,22,0,45,0,0,0,0,35,1,48,4
l20,3=0,0,0,0,0,0,0,0,0,35,0,22,0,54,30,68,56,13,49,85,0,87,93,0,51,0,0,0,0,0,0,0,0,0,10,0,58,37,86,80
l21,3=0,0,0,0,0,0,0,0,64,35,0,54,69,58,0,42,52,11,43,81,93,0,93,0,0,0,0,0,0,0,0,0,34,32,0,36,52,1,74,79
l22,3=0,0,0,0,0,0,0,0,55,0,0,59,35,59,0,0,56,11,46,99,97,87,0,0,0,0,42,0,0,38,0,0,0,0,0,82,56,1,81,85
l23,3=0,0,0,0,0,0,0,0,0,0,0,19,86,28,85,33,0,3,0,0,0,0,0,0,90,85,0,0,0,0,0,0,0,4,8,0,0,0,0,0
l24,3=0,0,0,0,0,0,0,0,27,0,0,31,89,14,84,81,34,17,0,0,28,0,0,78,0,81,0,0,0,0,0,0,0,33,0,0,10,0,26,0
l25,3=0,0,0,0,0,0,0,0,0,0,0,15,87,26,81,0,16,0,0,0,0,0,0,66,84,0,14,0,0,4,0,21,25,72,48,0,0,0,0,0
l26,3=0,0,0,0,0,0,0,0,0,0,0,0,0,0,0,0,0,0,0,0,0,0,63,0,0,29,0,81,97,97,93,97,84,49,82,0,0,0,0,0
l27,3=0,0,0,0,0,0,0,0,0,0,0,0,0,0,0,0,0,0,0,0,0,0,0,0,0,0,89,0,97,98,100,94,93,0,28,0,0,0,0,0
l28,3=0,0,0,0,0,0,0,0,0,0,0,0,0,0,0,0,0,0,0,0,0,0,0,0,0,0,94,100,0,98,88,91,80,74,84,0,0,0,0,0
l29,3=0,0,0,0,0,0,0,0,0,0,0,0,0,0,0,0,0,0,0,50,1,0,59,0,0,6,93,99,97,0,92,89,90,43,75,0,0,0,0,0
l30,3=0,0,0,0,0,0,0,0,0,0,0,0,0,0,0,0,0,0,0,0,0,0,0,0,0,0,92,100,92,97,0,79,84,47,0,0,0,0,0,0
l31,3=0,0,0,0,0,0,0,0,0,0,0,0,0,0,0,0,0,0,0,58,0,0,4,20,0,66,94,78,83,79,65,0,96,82,96,0,0,0,0,0
l32,3=0,0,0,0,0,0,0,0,0,0,0,0,0,0,0,0,0,0,0,0,0,24,0,0,0,75,86,62,75,78,79,99,0,79,97,0,0,0,0,0
l33,3=0,0,0,0,0,0,0,0,0,0,0,0,19,0,1,0,25,0,0,0,0,40,0,24,85,87,49,0,79,57,68,92,89,0,92,0,0,0,0,0
l34,3=0,0,0,0,0,0,0,0,0,0,0,0,0,0,20,0,0,0,0,0,64,0,0,38,23,83,81,0,77,78,13,97,96,88,0,0,0,0,0,0
l35,3=0,0,0,0,0,0,0,0,0,0,0,0,37,0,0,0,0,0,0,0,0,10,81,0,0,0,0,0,0,0,0,0,0,0,0,0,61,38,85,77
l36,3=0,0,0,0,0,0,0,0,0,0,0,48,27,8,0,0,32,12,0,63,73,64,73,0,30,0,0,0,0,0,0,0,0,0,0,76,0,37,86,73
l37,3=0,0,0,0,0,0,0,0,0,0,0,0,0,0,0,0,7,1,0,47,81,51,53,0,0,0,0,0,0,0,0,0,0,0,0,77,62,0,76,74
l38,3=0,0,0,0,0,0,0,0,9,0,0,61,64,56,69,60,34,7,0,51,91,66,77,0,24,0,0,0,0,0,0,0,0,0,0,83,62,1,0,84
l39,3=0,0,0,0,0,0,0,0,0,0,0,0,0,0,0,2,30,4,0,0,85,62,86,0,0,0,0,0,0,0,0,0,0,0,0,77,57,14,79,0

l0,4=0,88,75,96,0,91,66,81,0,86,70,0,0,0,0,0,0,0,0,0,0,0,0,0,0,0,0,0,0,0,0,0,0,0,0,0,0,0,0,0
l1,4=78,0,93,93,87,93,79,58,63,88,6,0,0,0,0,0,0,0,0,0,0,0,0,0,0,0,0,0,0,0,0,0,0,0,0,0,0,0,0,0
l2,4=74,93,0,93,85,93,79,81,3,85,94,0,0,69,0,0,0,0,0,0,0,0,0,0,0,0,0,0,0,0,0,0,0,0,0,0,0,0,0,0
l3,4=91,98,93,0,85,85,67,0,65,0,79,0,0,0,0,0,0,0,0,0,0,0,0,0,0,0,0,0,0,0,0,0,0,0,0,0,0,0,0,0
l4,4=0,93,85,86,0,84,49,67,63,78,0,0,0,7,0,0,0,0,0,0,0,0,0,17,0,0,0,0,0,0,0,0,0,0,0,0,0,0,0,0
l5,4=78,89,94,82,82,0,69,85,55,86,89,0,0,64,0,69,0,0,0,0,0,0,0,0,0,0,0,0,0,0,0,0,0,0,0,0,0,0,0,0
l6,4=76,93,93,87,75,88,0,89,69,90,92,72,63,0,0,68,73,0,0,0,0,0,0,0,0,0,0,0,0,0,0,0,0,0,0,0,0,0,0,0
l7,4=75,58,88,0,80,93,77,0,84,91,96,71,0,0,0,76,0,0,0,0,0,0,0,0,0,0,0,0,0,0,0,0,0,0,0,0,0,0,0,0
l8,4=0,55,0,68,68,12,52,74,0,93,79,73,72,84,18,77,77,62,0,0,29,76,59,0,18,0,0,0,0,0,0,0,0,0,0,0,0,0,0,0
l9,4=68,82,77,0,72,80,66,83,87,0,96,75,0,84,32,68,0,62,0,0,45,0,67,0,0,0,0,0,0,0,0,0,0,0,0,0,0,0,0,0
l10,4=63,0,93,77,0,86,78,89,80,94,0,76,68,82,54,75,0,54,0,0,0,0,0,2,0,0,0,0,0,0,0,0,0,0,0,0,0,0,0,0
l11,4=0,0,0,0,0,0,57,44,78,86,79,0,80,79,68,92,80,65,0,1,0,77,62,20,14,34,0,0,0,0,0,0,0,0,0,23,80,0,79,0
l12,4=0,0,0,0,0,0,12,0,79,0,70,84,0,80,76,84,89,80,0,43,26,0,0,23,87,79,0,0,0,0,0,0,7,25,0,0,11,0,79,0
l13,4=0,0,26,0,0,74,0,0,84,87,78,79,73,0,8,78,77,62,0,49,52,72,68,20,2,48,0,0,0,0,0,0,0,0,0,0,0,0,69,0
l14,4=0,0,0,0,0,0,0,0,62,71,78,84,90,46,0,0,83,62,0,0,58,0,0,38,91,67,0,0,0,0,0,4,0,76,41,0,8,0,79,0
l15,4=0,0,0,0,0,63,43,69,78,80,76,92,82,83,0,0,80,62,0,39,51,74,65,20,28,22,0,0,0,0,0,0,0,0,0,0,78,0,74,0
l16,4=0,0,0,0,0,0,52,0,78,0,0,78,86,80,70,78,0,77,71,71,75,85,84,19,29,54,0,0,0,0,0,0,0,67,3,68,71,0,88,13
l17,4=0,0,0,0,0,0,0,0,78,86,57,85,90,83,59,74,93,0,0,0,55,76,65,3,78,45,0,0,0,0,0,0,0,0,0,44,82,0,23,9
l18,4=0,0,0,0,0,0,0,0,0,0,0,0,0,0,0,0,75,0,0,88,42,88,88,0,0,0,0,0,0,0,0,0,0,0,0,0,0,0,0,0
l19,4=0,0,0,0,0,0,0,0,0,0,0,0,64,61,0,12,74,0,79,0,91,91,95,0,0,0,0,0,0,0,0,0,0,0,0,0,79,63,73,10
l20,4=0,0,0,0,0,0,0,0,50,70,0,0,52,73,63,67,83,64,21,90,0,90,95,0,38,0,0,0,23,0,0,0,33,0,0,53,91,69,87,52
l21,4=0,0,0,0,0,0,0,0,76,0,0,63,0,66,2,61,85,55,74,90,92,0,93,0,10,0,0,0,0,0,0,0,7,0,0,6,91,59,84,52
l22,4=0,0,0,0,0,0,0,0,67,87,0,61,0,73,0,50,80,45,76,96,95,90,0,0,0,0,64,0,0,23,0,0,0,33,0,73,90,69,86,11
l23,4=0,0,0,0,6,0,0,0,0,0,0,77,81,80,85,80,79,0,0,0,0,0,0,0,92,89,0,0,0,0,0,0,0,81,73,0,0,0,0,0
l24,4=0,0,0,0,0,0,0,0,75,0,1,62,87,65,83,82,88,68,0,0,58,1,0,44,0,78,0,0,0,0,0,0,0,81,23,0,0,0,11,0
l25,4=0,0,0,0,0,0,0,0,0,0,0,56,87,69,85,35,84,43,0,0,0,0,0,44,92,0,0,0,0,62,0,63,70,92,86,0,0,0,0,0
l26,4=0,0,0,0,0,0,0,0,0,0,0,0,0,0,0,0,0,0,0,2,0,0,84,0,0,0,0,82,99,100,99,99,93,85,93,0,0,0,0,0
l27,4=0,0,0,0,0,0,0,0,0,0,0,0,0,0,0,0,0,0,0,0,0,0,0,0,0,0,99,0,99,100,100,98,76,0,64,0,0,0,0,0
l28,4=0,0,0,0,0,0,0,0,0,0,0,0,0,0,0,0,0,0,0,67,80,0,0,0,0,0,100,100,0,100,97,92,89,96,90,0,0,0,0,0
l29,4=0,0,0,0,0,0,0,0,0,0,0,0,0,0,0,0,0,0,0,6,0,0,26,0,0,63,100,100,99,0,99,89,79,92,83,0,0,0,0,0
l30,4=0,0,0,0,0,0,0,0,0,0,0,0,0,0,0,0,0,0,0,0,0,0,0,0,0,0,100,100,98,100,0,97,83,87,0,0,0,0,0,0
l31,4=0,0,0,0,0,0,0,0,0,0,0,0,0,0,0,0,0,0,0,0,0,0,0,0,0,41,99,80,84,64,87,0,98,99,96,0,0,0,0,0
l32,4=0,0,0,0,0,0,0,0,0,0,0,0,43,0,0,0,0,0,0,0,35,0,0,0,0,95,98,66,98,96,98,99,0,99,99,0,0,0,0,0
l33,4=0,0,0,0,0,0,0,0,0,0,0,0,31,2,48,0,35,0,0,0,0,0,18,21,43,96,45,0,89,74,67,99,91,0,99,0,0,0,0,0
l34,4=0,0,0,0,0,0,0,0,0,0,0,0,0,0,26,0,39,0,0,0,13,0,0,42,7,93,98,24,98,90,4,99,98,100,0,0,0,0,0,0
l35,4=0,0,0,0,0,0,0,0,0,0,0,0,0,0,0,0,64,10,0,0,39,0,72,0,0,0,0,0,0,0,0,0,0,0,0,0,83,74,76,51
l36,4=0,0,0,0,0,0,0,0,0,0,0,51,22,0,0,47,51,58,0,57,76,71,71,0,0,0,0,0,0,0,0,0,0,0,0,82,0,80,84,22
l37,4=0,0,0,0,0,0,0,0,0,0,0,0,0,0,0,0,0,0,0,39,57,38,71,0,0,0,0,0,0,0,0,0,0,0,0,82,83,0,74,8
l38,4=0,0,0,0,0,0,0,0,0,0,0,66,70,46,58,64,76,0,0,67,88,71,84,0,0,0,0,0,0,0,0,0,0,0,0,84,83,73,0,30
l39,4=0,0,0,0,0,0,0,0,0,0,0,0,0,0,0,0,74,47,0,72,68,78,56,0,0,0,0,0,0,0,0,0,0,0,0,81,80,52,84,0

l0,5=0,55,50,87,76,72,24,0,4,67,68,0,0,0,0,0,0,0,0,0,0,0,0,0,0,0,0,0,0,0,0,0,0,0,0,0,0,0,0,0
l1,5=61,0,76,79,88,83,30,0,0,68,58,0,0,0,0,0,0,0,0,0,0,0,0,11,0,0,0,0,0,0,0,0,0,0,0,0,0,0,0,0
l2,5=60,82,0,86,85,82,28,0,0,70,71,0,0,0,0,0,0,0,0,0,0,0,0,0,0,0,0,0,0,0,0,0,0,0,0,0,0,0,0,0
l3,5=87,65,76,0,88,30,23,0,0,57,57,0,0,0,0,0,0,0,0,0,0,0,0,0,0,0,0,0,0,0,0,0,0,0,0,0,0,0,0,0
l4,5=75,79,71,86,0,81,25,0,50,58,61,0,0,50,0,56,0,0,0,0,0,0,0,4,0,0,0,0,0,0,0,0,0,0,0,0,0,0,0,0
l5,5=63,77,74,77,81,0,8,0,48,68,71,24,0,74,0,0,0,0,0,0,0,0,0,0,0,0,0,0,0,0,0,0,0,0,0,0,0,0,0,0
l6,5=75,69,69,78,74,17,0,0,50,72,71,44,0,0,0,1,26,0,0,0,0,0,0,0,0,0,0,0,0,0,0,0,0,0,0,0,0,0,0,0
l7,5=72,66,58,0,72,72,23,0,55,77,81,46,0,0,0,75,0,0,0,0,0,0,0,0,0,0,0,0,0,0,0,0,0,0,0,0,0,0,0,0
l8,5=0,0,0,3,54,23,6,0,0,78,74,54,1,84,20,78,29,1,0,0,0,13,52,16,0,0,0,0,0,0,0,0,0,0,0,0,0,0,0,0
l9,5=57,56,56,72,51,71,23,0,57,0,75,51,2,82,0,71,28,2,0,0,0,0,56,0,0,0,0,0,0,0,0,0,0,0,0,0,0,0,7,0
l10,5=51,46,66,69,57,70,23,0,53,80,0,43,0,39,23,63,14,1,0,0,0,0,0,0,0,0,0,0,0,0,0,0,0,0,0,0,0,0,0,0
l11,5=0,0,0,0,0,14,6,0,50,45,64,0,75,50,28,91,29,4,0,0,0,6,17,17,0,23,0,0,0,0,0,0,0,0,0,0,17,13,25,0
l12,5=0,0,0,0,0,0,0,0,29,20,0,60,0,43,77,75,68,75,0,0,0,0,1,44,47,60,0,0,0,0,0,0,42,24,0,41,11,0,28,0
l13,5=0,0,0,0,39,21,0,0,56,77,48,51,9,0,22,80,29,1,0,3,0,0,51,17,0,12,0,0,0,0,0,0,0,0,0,1,8,0,0,0
l14,5=0,0,0,0,0,0,0,0,42,0,52,61,79,40,0,66,64,45,0,0,0,0,4,50,83,49,0,0,0,0,0,0,0,40,22,0,0,0,30,0
l15,5=0,0,0,0,33,0,0,0,45,41,59,66,71,85,25,0,26,1,0,0,0,13,50,27,0,23,0,0,0,0,0,0,0,0,0,0,18,0,25,25
l16,5=0,0,0,0,0,0,6,0,32,27,4,55,65,38,29,44,0,63,0,12,11,12,57,14,3,24,0,0,0,0,0,2,0,5,0,50,7,1,37,36
l17,5=0,0,0,0,0,0,0,0,43,41,42,63,79,48,28,72,74,0,0,0,14,7,27,17,21,31,0,0,0,0,0,0,0,0,0,45,18,0,0,17
l18,5=0,0,0,0,0,0,0,0,0,0,0,0,0,0,0,0,0,0,0,14,0,55,59,0,0,0,0,0,0,0,0,0,0,0,0,0,0,0,0,0
l19,5=0,0,0,0,0,0,0,0,0,0,0,0,0,22,0,0,21,0,3,0,61,58,77,0,0,0,2,0,20,27,0,18,0,0,0,49,32,30,0,51
l20,5=0,0,0,0,0,0,0,0,3,14,0,4,4,20,10,24,50,47,0,68,0,63,77,0,0,0,8,0,7,0,0,0,28,0,0,52,29,18,48,35
l21,5=0,0,0,0,0,0,0,0,26,0,0,14,0,0,0,46,48,1,11,50,68,0,72,0,0,0,0,0,0,0,0,9,0,0,0,55,19,10,30,54
l22,5=0,0,0,0,0,0,0,0,23,21,0,1,1,26,0,38,44,0,11,74,69,60,0,0,0,0,9,0,0,0,0,0,0,0,0,53,40,13,54,30
l23,5=0,3,0,0,2,0,0,0,35,0,0,40,71,33,73,66,23,1,0,0,0,0,0,0,83,77,0,0,0,0,0,15,0,45,54,0,0,0,0,0
l24,5=0,0,0,0,0,0,0,0,49,14,0,46,73,40,77,72,63,61,0,0,5,7,0,83,0,76,0,0,0,0,0,0,0,43,10,0,11,0,0,0
l25,5=0,0,0,0,0,0,0,0,0,0,0,7,76,34,76,60,56,48,0,0,0,0,0,80,79,0,0,0,0,6,0,0,69,62,51,0,0,0,0,0
l26,5=0,0,0,0,0,0,0,0,0,0,0,0,0,0,0,0,0,0,0,20,37,0,55,0,0,0,0,60,89,89,83,73,75,56,62,0,0,0,0,0
l27,5=0,0,0,0,0,0,0,0,0,0,0,0,0,0,0,0,0,0,0,0,0,0,0,0,0,0,79,0,88,80,89,63,72,0,0,0,0,0,0,0
l28,5=0,0,0,0,0,0,0,0,0,0,0,0,0,0,0,0,0,0,0,48,48,0,0,0,0,0,87,88,0,93,89,63,76,65,66,0,0,0,0,0
l29,5=0,0,0,0,0,0,0,0,0,0,0,0,0,0,0,0,0,0,0,47,0,0,0,0,0,9,86,86,89,0,88,51,73,62,64,0,0,0,0,0
l30,5=0,0,0,0,0,0,0,0,0,0,0,0,0,0,0,0,0,0,0,0,0,0,0,0,0,0,85,88,89,87,0,61,4,59,0,0,0,0,0,0
l31,5=0,0,0,0,0,0,0,0,0,0,0,0,0,0,0,0,13,0,0,22,1,4,0,37,0,0,77,56,63,46,64,0,83,64,70,0,0,0,0,0
l32,5=0,0,0,0,0,0,0,0,0,0,0,0,58,0,0,0,0,0,0,0,52,0,0,0,0,66,75,60,69,66,49,80,0,69,83,0,0,0,0,0
l33,5=0,0,0,0,0,0,0,0,0,0,0,0,40,0,50,0,8,0,0,0,0,0,0,53,40,67,65,0,67,43,64,64,67,0,64,0,0,0,0,0
l34,5=0,0,0,0,0,0,0,0,0,0,0,0,1,0,50,0,4,0,0,0,1,0,0,63,30,63,65,0,66,59,0,77,86,79,0,0,0,0,0,0
l35,5=0,0,0,0,0,0,0,0,0,0,0,0,3,1,0,0,14,0,0,7,1,28,32,0,0,0,0,0,0,0,0,0,0,0,0,0,53,27,23,46
l36,5=0,0,0,0,0,0,0,0,2,0,0,18,7,9,0,35,4,29,0,8,34,36,53,0,0,0,0,0,0,0,0,0,0,0,0,68,0,23,33,56
l37,5=0,0,0,0,0,0,0,0,0,0,0,4,0,0,0,0,0,0,0,6,33,7,43,0,0,0,0,0,0,0,0,0,0,0,0,68,37,0,22,35
l38,5=0,0,0,0,0,0,0,0,0,3,0,29,7,0,17,47,39,0,0,0,46,16,64,0,0,0,0,0,0,0,0,0,0,0,0,67,21,21,0,56
l39,5=0,0,0,0,0,0,0,0,0,0,0,0,0,0,0,3,16,0,0,7,19,41,11,0,0,0,0,0,0,0,0,0,0,0,0,66,39,9,30,0

l0,6=0,79,63,49,70,71,63,24,51,19,59,0,0,0,0,0,0,0,0,0,0,0,0,0,0,0,0,0,0,0,0,0,0,0,0,0,0,0,0,0
l1,6=87,0,66,49,71,64,60,4,40,61,39,0,0,0,0,0,0,0,0,0,0,0,0,3,0,0,0,0,0,0,0,0,0,0,0,0,0,0,0,0
l2,6=82,75,0,48,68,68,60,49,0,65,60,0,0,0,0,0,0,0,0,0,0,0,0,0,0,0,0,0,0,0,0,0,0,0,0,0,0,0,0,0
l3,6=85,79,65,0,85,64,50,0,0,61,28,0,0,0,0,0,0,0,0,0,0,0,0,0,0,0,0,0,0,0,0,0,0,0,0,0,0,0,0,0
l4,6=89,79,67,61,0,68,61,5,55,43,53,0,0,49,0,0,0,0,0,0,0,0,0,0,0,0,0,0,0,0,0,0,0,0,0,0,0,0,0,0
l5,6=81,70,61,48,65,0,56,62,55,63,61,0,0,27,0,0,0,0,0,0,0,0,0,0,0,0,0,0,0,0,0,0,0,0,0,0,0,0,0,0
l6,6=63,74,53,35,49,44,0,69,47,68,61,55,3,8,0,0,32,0,0,0,0,0,1,0,0,0,0,0,0,0,0,0,0,0,0,0,0,0,0,0
l7,6=19,4,52,0,9,70,67,0,56,62,65,40,0,0,0,58,0,0,0,0,0,0,0,0,0,0,0,0,0,0,0,0,0,0,0,0,0,0,0,0
l8,6=16,16,0,0,31,35,43,42,0,72,62,62,17,71,19,39,43,50,0,0,15,28,18,0,17,0,0,0,0,0,0,0,0,0,0,0,0,0,0,0
l9,6=2,45,44,25,21,60,57,48,69,0,61,55,34,62,37,56,19,2,0,0,1,0,9,0,0,0,0,0,0,0,0,0,0,0,0,0,0,0,0,0
l10,6=31,22,38,20,44,45,55,66,59,71,0,55,0,51,0,47,23,0,0,0,0,0,0,0,0,0,0,0,0,0,0,0,0,0,0,0,0,0,0,0
l11,6=0,0,0,0,0,0,31,18,55,35,32,0,54,48,47,76,44,43,0,0,0,0,0,8,23,7,0,0,0,0,0,0,0,0,0,0,5,23,28,0
l12,6=0,0,0,0,0,0,0,0,21,18,0,64,0,38,62,62,59,57,0,0,0,10,5,38,65,65,0,0,0,0,0,0,0,35,0,0,6,0,23,0
l13,6=0,0,0,0,25,3,3,0,67,66,27,34,18,0,39,65,33,48,0,0,3,0,11,0,28,0,0,0,0,0,0,0,0,0,0,0,8,0,25,0
l14,6=0,0,0,0,0,0,0,0,11,18,0,32,60,39,0,41,41,53,0,0,17,0,17,34,33,35,0,0,0,0,0,0,0,35,0,0,9,0,25,0
l15,6=0,0,0,0,0,0,0,26,31,38,25,74,36,53,32,0,41,50,0,0,2,30,11,26,26,3,0,0,0,0,0,0,0,0,0,0,17,0,26,0
l16,6=0,0,0,0,0,0,21,0,16,15,13,28,32,27,39,46,0,52,12,11,12,40,30,6,23,5,0,0,0,0,0,0,0,0,0,11,30,17,38,18
l17,6=0,0,0,0,0,0,0,0,35,17,0,31,32,54,50,58,57,0,0,0,24,24,0,6,31,13,0,0,0,0,0,0,0,23,0,0,21,0,33,0
l18,6=0,0,0,0,0,0,0,0,0,0,0,0,0,1,0,0,35,0,0,38,1,39,0,0,0,0,0,0,0,0,0,0,0,0,0,0,0,0,0,0
l19,6=0,0,0,0,0,0,0,0,0,0,0,0,0,33,0,0,30,0,25,0,46,46,57,0,0,0,1,0,3,32,0,20,0,0,0,28,13,0,19,40
l20,6=0,0,0,0,0,0,0,0,25,0,0,0,0,6,28,0,26,35,0,59,0,63,64,0,0,0,0,0,0,0,0,17,0,23,0,25,42,21,42,31
l21,6=0,0,0,0,0,0,0,0,27,3,0,0,13,0,0,35,39,34,20,48,50,0,50,0,0,0,0,0,2,0,0,1,0,0,0,49,31,0,36,36
l22,6=0,0,0,0,0,0,0,0,31,23,0,0,9,29,24,31,35,0,0,59,55,54,0,0,0,0,19,0,0,0,0,0,0,0,0,2,45,32,36,36
l23,6=0,2,0,0,0,0,0,0,0,0,0,17,45,0,51,54,36,11,0,0,0,0,0,0,67,65,0,0,0,0,0,22,0,36,19,0,0,0,0,0
l24,6=0,0,0,0,0,0,0,0,23,0,0,43,73,47,56,54,46,50,0,0,0,0,0,57,0,56,0,0,0,0,0,0,0,34,10,0,0,0,0,0
l25,6=0,0,0,0,0,0,0,0,0,0,0,25,71,37,58,33,36,35,0,0,0,0,0,55,58,0,0,0,0,7,0,0,37,45,0,0,0,0,0,0
l26,6=0,0,0,0,0,0,0,0,0,0,0,0,0,0,0,0,0,0,0,11,11,0,34,0,0,0,0,56,67,77,61,63,74,35,40,0,0,0,0,0
l27,6=0,0,0,0,0,0,0,0,0,0,0,0,0,0,0,0,0,0,0,0,0,0,0,0,0,0,49,0,66,77,88,47,43,0,0,0,0,0,0,0
l28,6=0,0,0,0,0,0,0,0,0,0,0,0,0,0,0,0,0,0,0,31,19,16,1,0,0,0,59,81,0,81,84,52,49,50,46,0,0,0,0,0
l29,6=0,0,0,0,0,0,0,0,0,0,0,0,0,0,0,0,0,0,0,36,0,0,0,0,0,0,56,80,67,0,38,25,37,33,25,0,0,0,0,0
l30,6=0,0,0,0,0,0,0,0,0,0,0,0,0,0,0,0,0,0,0,0,0,0,0,0,0,0,50,87,66,50,0,40,0,9,29,0,0,0,0,0
l31,6=0,0,0,0,0,0,0,0,0,0,0,0,0,0,0,0,0,0,0,39,27,0,0,20,0,0,49,36,46,43,43,0,77,66,68,0,0,0,0,0
l32,6=0,0,0,0,0,0,0,0,0,0,0,0,0,0,0,0,0,0,0,0,0,0,0,3,0,36,41,36,47,57,8,64,0,67,79,0,0,0,0,0
l33,6=0,0,0,0,0,0,0,0,0,0,0,0,53,0,53,0,0,30,0,0,26,0,0,45,51,55,25,0,50,58,32,54,73,0,66,0,0,0,0,0
l34,6=0,0,0,0,0,0,0,0,0,0,0,0,21,0,0,0,6,0,0,0,8,0,0,45,36,2,26,0,47,40,41,62,81,61,0,0,0,0,0,0
l35,6=0,0,0,0,0,0,0,0,0,0,0,0,0,26,0,0,32,0,0,7,21,41,1,0,0,0,0,0,0,0,0,0,0,0,0,0,36,40,35,49
l36,6=0,0,0,0,0,0,0,0,0,0,0,0,0,21,0,20,35,21,0,0,22,38,39,0,0,0,0,0,0,0,0,0,0,0,0,28,0,47,42,57
l37,6=0,0,0,0,0,0,0,0,0,0,0,4,0,0,0,0,7,0,0,0,11,0,28,0,0,0,0,0,0,0,0,0,0,0,0,54,51,0,35,42
l38,6=0,0,0,0,0,0,0,0,0,0,0,25,3,31,14,31,40,32,0,3,24,38,42,0,0,0,0,0,0,0,0,0,0,0,0,25,38,35,0,51
l39,6=0,0,0,0,0,0,0,0,0,0,0,0,0,0,0,0,33,0,0,37,20,38,30,0,0,0,0,0,0,0,0,0,0,0,0,52,42,33,36,0

l0,7=0,87,81,91,94,84,81,0,80,71,80,0,0,0,0,0,0,0,0,0,0,0,0,0,0,0,0,0,0,0,0,0,0,0,0,0,0,0,0,0
l1,7=78,0,97,92,91,80,83,75,56,64,60,0,0,0,0,0,0,0,0,0,0,0,0,0,0,0,0,0,0,0,0,0,0,0,0,0,0,0,0,0
l2,7=78,81,0,92,91,80,83,65,66,73,0,0,0,0,0,2,0,0,0,0,0,0,0,0,0,0,0,0,0,0,0,0,0,0,0,0,0,0,0,0
l3,7=77,81,83,0,97,59,66,63,70,64,73,0,0,0,0,0,0,0,0,0,0,0,0,0,0,0,0,0,0,0,0,0,0,0,0,0,0,0,0,0
l4,7=78,80,84,97,0,80,83,33,80,44,81,0,0,44,0,0,0,0,0,0,0,0,0,0,0,0,0,0,0,0,0,0,0,0,0,0,0,0,0,0
l5,7=80,73,83,69,91,0,82,83,79,71,81,0,0,21,0,3,0,0,0,0,0,0,0,0,0,0,0,0,0,0,0,0,0,0,0,0,0,0,0,0
l6,7=66,84,92,36,91,80,0,83,0,76,81,36,0,31,0,0,16,0,0,0,0,0,0,0,0,0,0,0,0,0,0,0,0,0,0,0,0,0,0,0
l7,7=0,66,41,0,11,80,84,0,51,81,83,1,19,50,0,38,0,3,0,0,0,0,0,0,0,0,0,0,0,0,0,0,0,0,0,0,0,0,0,0
l8,7=39,29,42,38,45,34,0,33,0,84,83,59,33,56,38,54,16,21,0,0,5,0,38,0,2,0,0,0,0,0,0,0,0,0,0,0,0,0,5,0
l9,7=10,35,44,0,6,58,77,83,84,0,86,54,25,53,20,53,0,6,0,0,21,9,25,0,1,0,0,0,0,0,0,0,0,0,0,0,0,0,39,0
l10,7=56,42,0,5,66,72,78,85,84,75,0,52,0,1,0,45,23,1,0,0,0,0,0,0,0,0,0,0,0,0,0,0,0,0,0,0,0,0,0,0
l11,7=0,0,0,0,0,0,21,0,57,39,38,0,58,40,25,69,23,13,0,0,31,1,26,17,22,1,0,0,0,0,0,0,0,0,0,10,0,0,50,0
l12,7=0,0,0,0,0,0,0,0,36,27,0,68,0,23,68,59,41,21,0,1,31,13,0,36,87,63,0,0,0,0,0,0,0,44,5,0,0,0,43,0
l13,7=0,0,0,0,25,2,23,21,92,66,0,42,25,0,38,47,13,18,0,0,18,0,23,26,27,15,0,0,0,0,0,0,0,0,0,13,15,0,46,0
l14,7=0,0,0,0,0,0,0,0,46,30,0,30,61,37,0,29,17,24,0,0,26,20,24,51,34,28,0,0,0,0,0,0,0,41,0,0,0,0,44,0
l15,7=0,0,0,0,0,3,0,18,57,50,35,76,68,49,35,0,15,16,0,0,31,27,24,35,20,10,0,0,0,0,0,0,0,0,0,0,23,6,51,0
l16,7=0,0,0,0,0,0,9,0,37,12,32,40,51,19,40,18,0,22,23,0,44,25,31,21,25,8,0,0,0,0,0,21,9,32,0,17,29,24,51,0
l17,7=0,0,0,0,0,0,0,0,52,32,4,37,48,40,60,23,23,0,0,9,41,21,0,19,34,0,0,0,0,0,0,0,0,37,0,0,24,0,50,0
l18,7=0,0,0,0,0,0,0,0,0,0,0,0,0,0,0,0,38,0,0,40,53,28,0,0,0,0,0,0,0,0,0,0,0,0,0,0,0,0,0,0
l19,7=0,0,0,0,0,0,0,0,0,0,0,0,16,0,0,0,0,3,30,0,66,45,56,0,0,0,0,0,25,24,0,46,0,0,0,36,0,0,43,30
l20,7=0,0,0,0,0,0,0,0,0,20,0,16,23,10,22,23,18,16,28,59,0,61,68,0,0,0,8,0,26,0,0,0,0,20,0,39,41,40,56,14
l21,7=0,0,0,0,0,0,0,0,17,25,0,2,23,7,29,26,39,22,23,38,70,0,60,0,0,0,0,0,2,0,0,0,0,0,0,59,32,42,54,29
l22,7=0,0,0,0,0,0,0,0,30,26,0,28,1,18,26,23,34,0,0,61,76,59,0,0,0,0,26,0,0,21,0,0,0,0,0,0,56,44,56,24
l23,7=0,0,0,0,0,0,0,0,0,0,0,4,53,31,43,31,13,6,0,0,0,0,0,0,87,67,0,0,0,0,0,2,20,40,43,0,0,0,0,0
l24,7=0,0,0,0,0,0,0,0,13,3,0,31,76,31,47,19,17,22,0,0,0,0,0,72,0,51,0,0,0,0,0,14,0,47,11,0,0,0,0,0
l25,7=0,0,0,0,3,0,0,0,0,18,0,0,71,33,54,24,12,0,0,0,0,0,0,71,76,0,0,0,0,12,0,0,43,55,0,0,0,0,40,0
l26,7=0,0,0,0,0,0,0,0,0,0,0,0,0,0,0,0,0,0,0,0,42,0,37,0,0,0,0,58,81,85,67,82,83,66,61,0,0,0,0,0
l27,7=0,0,0,0,0,0,0,0,0,0,0,0,0,0,0,0,0,0,0,0,0,0,0,0,0,0,69,0,78,85,90,38,68,0,0,0,0,0,0,0
l28,7=0,0,0,0,0,0,0,0,0,0,0,0,0,0,0,0,0,0,0,42,54,10,0,0,0,0,76,90,0,86,90,66,59,70,56,0,0,0,0,0
l29,7=0,0,0,0,0,0,0,0,0,0,0,0,0,0,0,0,0,0,0,40,0,0,40,0,0,26,73,90,81,0,90,73,77,61,4,0,0,0,0,0
l30,7=0,0,0,0,0,0,0,0,0,0,0,0,0,0,0,0,0,0,0,0,0,0,0,0,0,0,64,90,78,85,0,64,62,22,52,0,0,0,0,0
l31,7=0,0,0,0,0,0,0,0,0,0,0,0,0,0,0,0,14,0,0,41,0,0,0,0,2,0,68,3,72,60,64,0,83,83,81,0,0,0,0,0
l32,7=0,0,0,0,0,0,0,0,0,0,0,0,0,0,0,0,17,0,0,0,0,0,0,19,0,42,67,46,55,76,59,79,0,83,87,0,0,0,0,0
l33,7=0,0,0,0,0,0,0,0,0,0,0,0,51,0,45,0,31,32,0,0,35,0,0,32,55,41,52,0,70,54,56,76,79,0,71,0,0,0,0,0
l34,7=0,0,0,0,0,0,0,0,0,0,0,0,40,0,0,0,4,0,0,0,0,0,13,49,42,0,56,10,58,42,59,77,86,74,0,0,0,0,0,0
l35,7=0,0,0,0,0,0,0,0,0,0,0,0,0,12,0,0,17,0,0,21,49,40,0,0,0,0,0,0,0,0,0,0,0,0,0,0,40,53,55,19
l36,7=0,0,0,0,0,0,0,0,0,0,0,0,0,1,0,17,18,8,0,0,51,33,43,0,0,0,0,0,0,0,0,0,0,0,0,25,0,51,57,15
l37,7=0,0,0,0,0,0,0,0,0,0,0,0,0,0,0,1,12,0,0,0,36,22,30,0,0,0,0,0,0,0,0,0,0,0,0,47,31,0,50,9
l38,7=0,0,0,0,0,0,0,0,0,24,0,44,22,20,21,30,20,17,0,16,48,40,41,0,0,1,0,0,0,0,0,0,0,0,0,21,43,44,0,8
l39,7=0,0,0,0,0,0,0,0,0,0,0,0,0,0,0,0,0,0,0,33,43,42,40,0,0,0,0,0,0,0,0,0,0,0,0,65,58,32,44,0

l0,8=0,99,94,98,95,96,81,71,47,73,89,0,0,58,0,0,0,0,0,0,0,0,0,2,0,0,0,0,0,0,0,0,0,0,0,0,0,0,0,0
l1,8=91,0,94,98,95,96,78,92,65,56,92,0,0,0,0,0,0,0,0,0,0,0,0,0,0,0,0,0,0,0,0,0,0,0,0,0,0,0,0,0
l2,8=91,99,0,98,86,98,97,93,0,47,88,0,0,20,0,58,0,0,0,0,0,0,0,0,0,0,0,0,0,0,0,0,0,0,0,0,0,0,0,0
l3,8=90,99,94,0,95,92,75,74,0,0,61,0,0,0,0,0,0,0,0,0,0,0,0,0,7,0,0,0,0,0,0,0,0,0,0,0,0,0,0,0
l4,8=90,99,86,98,0,96,97,85,82,60,92,1,0,78,0,0,0,0,0,0,0,0,0,0,0,0,0,0,0,0,0,0,0,0,0,0,0,0,0,0
l5,8=91,95,94,94,88,0,96,93,82,67,92,36,6,27,0,0,0,0,0,0,0,0,0,0,0,0,0,0,0,0,0,0,0,0,0,0,0,0,0,0
l6,8=65,77,90,53,88,92,0,92,48,91,85,15,0,36,0,0,72,0,0,0,0,0,0,0,0,0,0,0,0,0,0,0,0,0,0,0,0,0,0,0
l7,8=51,89,88,82,72,94,91,0,92,98,100,6,0,87,0,0,4,17,0,0,0,0,0,0,0,0,0,0,0,0,0,0,0,0,0,0,0,0,0,0
l8,8=17,80,0,9,63,65,64,92,0,98,93,90,0,88,60,93,0,85,0,46,0,0,45,0,18,0,0,0,0,0,0,0,0,0,0,0,0,0,0,0
l9,8=63,0,51,0,14,53,90,93,97,0,100,61,32,87,13,92,86,52,0,0,0,27,13,45,35,0,0,0,0,0,0,0,0,0,0,0,0,0,52,0
l10,8=78,84,80,68,79,94,80,93,93,98,0,56,0,80,0,80,50,0,0,0,0,0,0,0,0,0,0,0,0,0,0,0,0,0,0,0,0,0,0,0
l11,8=0,0,0,0,4,11,22,0,72,56,82,0,100,47,80,98,92,84,0,0,31,26,10,27,88,77,0,0,0,0,0,0,0,0,0,16,22,0,54,0
l12,8=0,0,0,0,0,0,0,0,0,19,0,70,0,0,98,98,98,70,0,0,42,0,0,57,96,96,0,0,0,0,0,0,0,34,10,10,8,0,39,0
l13,8=8,0,0,0,29,5,35,93,98,95,97,31,0,0,88,95,54,42,0,0,46,34,0,54,83,75,0,0,0,0,0,0,0,0,0,7,0,0,57,0
l14,8=0,0,0,0,0,0,0,0,52,20,0,45,100,58,0,89,89,92,0,0,62,39,29,67,96,86,0,0,0,0,0,0,0,0,0,0,17,0,21,0
l15,8=0,0,0,0,0,0,0,0,67,53,82,98,61,61,86,0,84,78,0,0,69,38,27,46,80,16,0,0,0,0,0,0,0,0,0,0,17,0,60,0
l16,8=0,0,0,0,0,0,27,0,0,24,13,56,62,22,74,71,0,51,44,61,77,33,43,31,92,44,0,0,0,0,0,11,0,20,25,14,25,36,37,50
l17,8=0,0,0,0,0,0,0,17,56,22,2,58,55,31,96,96,87,0,0,54,72,13,13,13,81,0,0,0,0,0,0,0,0,30,0,0,6,0,44,34
l18,8=0,0,0,0,0,0,0,0,0,0,0,0,0,0,0,0,80,0,0,66,62,43,0,0,0,0,0,0,0,0,0,0,0,0,0,0,0,0,0,0
l19,8=0,0,0,0,0,0,0,0,20,0,0,0,0,0,0,0,72,38,65,0,79,45,76,0,0,0,24,0,56,0,0,55,0,0,0,19,53,0,0,58
l20,8=0,0,0,0,0,0,0,0,0,0,0,0,26,29,47,56,67,33,52,89,0,77,91,0,20,0,0,0,22,0,0,0,0,0,0,33,32,57,65,43
l21,8=0,0,0,0,0,0,0,0,0,29,0,18,22,32,55,59,62,18,37,59,83,0,89,0,0,0,0,0,0,0,0,5,0,0,0,34,28,58,55,58
l22,8=0,0,0,0,0,0,0,0,37,26,0,15,0,0,45,56,72,31,0,83,83,69,0,0,0,0,0,0,0,32,0,0,0,0,0,61,73,54,55,42
l23,8=0,0,0,0,0,0,0,0,0,36,0,37,94,62,94,87,76,33,0,0,0,0,0,0,96,96,0,0,0,0,0,0,53,60,65,0,0,0,0,0
l24,8=0,0,0,31,0,0,0,0,0,37,0,51,100,58,96,81,94,69,0,0,40,0,0,95,0,93,0,0,0,0,0,8,0,9,31,0,0,0,0,0
l25,8=0,0,0,0,0,0,0,0,0,0,0,48,100,75,80,0,70,0,0,0,0,0,0,95,94,0,0,0,0,55,0,0,61,67,45,0,0,0,25,0
l26,8=0,0,0,0,0,0,0,0,0,0,0,0,0,0,0,0,0,0,0,61,46,0,0,0,0,0,0,85,92,91,86,83,85,77,69,0,0,0,0,0
l27,8=0,0,0,0,0,0,0,0,0,0,0,0,0,0,0,0,0,0,0,0,0,0,0,0,0,0,90,0,92,91,93,0,80,0,68,0,0,0,0,0
l28,8=0,0,0,0,0,0,0,0,0,0,0,0,0,0,0,0,0,0,0,70,59,0,0,0,0,0,91,90,0,92,93,83,72,81,71,0,0,0,0,0
l29,8=0,0,0,0,0,0,0,0,0,0,0,0,0,0,0,0,0,0,0,0,0,0,57,0,0,56,90,91,93,0,93,83,60,75,64,0,0,0,0,0
l30,8=0,0,0,0,0,0,0,0,0,0,0,0,0,0,0,0,0,0,0,0,0,0,0,0,0,0,77,90,92,91,0,72,83,77,0,0,0,0,0,0
l31,8=0,0,0,0,0,0,0,0,0,0,0,0,0,0,0,0,65,0,0,66,0,0,0,0,55,0,88,0,81,85,70,0,85,89,87,0,0,0,0,0
l32,8=0,0,0,0,0,0,0,0,0,0,0,0,0,0,0,0,2,0,0,0,0,0,0,77,0,79,89,78,66,77,83,87,0,93,93,0,0,0,0,0
l33,8=0,0,0,0,0,0,0,0,0,0,0,0,83,0,0,0,74,66,0,0,23,0,0,78,49,82,64,0,78,77,83,86,90,0,75,0,0,0,0,0
l34,8=0,0,0,0,0,0,0,0,0,0,0,0,59,0,0,0,77,0,0,0,0,0,0,78,76,80,73,77,73,76,0,87,94,76,0,0,0,0,0,0
l35,8=0,0,0,0,0,0,0,0,0,0,0,10,16,8,0,0,37,0,0,20,31,19,18,0,0,0,0,0,0,0,0,0,0,0,0,0,73,54,51,62
l36,8=0,0,0,0,0,0,0,0,0,0,0,12,20,0,13,42,43,12,0,39,42,15,32,0,0,0,0,0,0,0,0,0,0,0,0,60,0,55,58,44
l37,8=0,0,0,0,0,0,0,0,0,0,0,0,0,0,0,0,42,0,0,0,35,18,13,0,0,0,0,0,0,0,0,0,0,0,0,35,26,0,33,39
l38,8=0,0,0,0,0,0,0,0,0,16,0,13,27,31,0,59,47,29,0,0,60,39,32,0,0,0,0,0,0,0,0,0,0,0,0,48,43,60,0,38
l39,8=0,0,0,0,0,0,0,0,0,0,0,0,0,0,0,0,56,0,0,54,57,46,26,0,0,0,0,0,0,0,0,0,0,0,0,76,66,62,44,0

l0,9=0,98,100,93,98,99,95,86,0,98,90,0,0,0,0,0,0,0,0,0,0,0,0,0,0,0,0,0,0,0,0,0,0,0,0,0,0,0,0,0
l1,9=100,0,100,87,98,94,96,94,95,92,91,0,0,0,0,0,0,0,0,0,0,0,0,0,0,0,0,0,0,0,0,0,0,0,0,0,0,0,0,0
l2,9=100,98,0,93,98,100,100,90,0,55,55,0,52,0,0,0,0,0,0,0,0,0,0,0,0,0,0,0,0,0,0,0,0,0,0,0,0,0,0,0
l3,9=100,92,98,0,98,96,94,87,0,73,89,0,0,0,0,0,0,0,0,0,0,0,0,0,0,0,0,0,0,0,0,0,0,0,0,0,0,0,0,0
l4,9=100,98,96,93,0,93,95,94,96,58,91,0,0,26,1,0,0,0,0,0,0,0,0,0,0,0,0,0,0,0,0,0,0,0,0,0,0,0,0,0
l5,9=100,98,100,91,97,0,99,66,96,98,99,0,0,72,0,0,0,0,0,0,0,0,0,0,0,0,0,0,0,0,0,0,0,0,0,0,0,0,0,0
l6,9=55,95,100,80,69,95,0,99,87,97,100,0,0,79,0,0,33,0,0,0,0,0,0,0,0,0,0,0,0,0,0,0,0,0,0,0,0,0,0,0
l7,9=72,96,90,91,98,49,99,0,98,99,100,30,69,100,0,40,0,0,0,0,0,0,0,0,0,0,0,0,0,0,0,0,0,0,0,0,0,0,0,0
l8,9=0,89,0,0,57,33,75,97,0,99,60,97,0,99,0,52,47,52,0,30,0,0,93,0,0,0,0,0,0,0,0,0,0,0,0,0,0,0,0,0
l9,9=48,95,86,66,30,36,79,99,98,0,100,81,74,100,47,59,53,0,0,0,0,0,8,57,5,0,0,0,0,0,0,0,0,0,0,0,0,0,0,0
l10,9=98,97,98,89,98,99,99,99,97,99,0,5,63,99,0,98,62,72,0,0,0,0,0,64,0,0,0,0,0,0,0,0,0,0,0,0,0,0,0,0
l11,9=0,0,0,0,0,0,0,11,95,36,9,0,95,98,49,98,67,57,0,0,85,62,76,98,97,68,0,0,0,0,0,0,0,0,0,0,54,16,50,0
l12,9=0,0,0,0,0,0,0,0,0,19,3,81,0,93,68,59,57,95,0,0,87,0,52,99,99,99,0,0,0,0,0,0,0,0,0,0,40,0,51,0
l13,9=0,0,0,0,10,28,72,92,97,99,32,85,90,0,19,96,55,0,0,16,85,82,0,92,94,49,0,0,0,0,0,0,0,0,0,1,44,0,49,0
l14,9=0,0,0,0,0,0,0,0,0,39,0,97,96,57,0,95,87,96,0,0,83,76,87,99,99,0,0,0,0,0,0,0,0,2,0,0,46,0,0,0
l15,9=0,0,0,4,0,0,0,11,76,36,34,99,96,98,49,0,54,59,0,0,72,78,84,88,97,0,0,0,0,0,0,0,0,0,0,0,49,22,50,0
l16,9=0,0,0,0,0,0,29,0,70,36,21,64,90,91,45,52,0,54,48,54,89,1,94,92,98,81,0,0,0,0,0,24,0,84,94,0,2,37,51,47
l17,9=0,0,0,0,0,0,0,0,82,0,29,69,94,26,51,60,59,0,0,54,77,77,93,0,87,55,0,0,0,0,0,0,0,88,0,0,44,1,14,45
l18,9=0,0,0,0,0,0,0,0,0,1,0,0,0,0,0,0,58,0,0,0,86,82,0,0,0,0,0,0,0,0,0,0,0,0,0,0,0,0,0,0
l19,9=0,0,0,0,0,0,0,0,6,0,0,0,0,5,0,0,74,78,0,0,91,82,94,0,0,0,80,0,15,0,0,78,0,0,0,0,73,33,0,69
l20,9=0,0,0,0,0,0,0,0,0,0,0,52,73,72,32,30,68,40,35,90,0,90,97,0,4,0,69,0,0,0,0,0,0,0,48,49,84,42,81,71
l21,9=0,0,0,0,0,0,0,0,0,0,0,44,51,70,27,38,12,43,39,55,96,0,95,0,0,0,0,0,0,0,0,0,0,13,0,52,7,34,51,49
l22,9=0,0,0,0,0,0,0,0,72,13,0,43,54,0,26,35,47,68,0,61,96,85,0,0,0,0,77,0,0,27,0,60,0,0,0,74,82,37,74,0
l23,9=0,0,0,0,0,0,0,0,0,27,14,78,96,97,100,53,59,0,0,0,0,0,0,0,100,99,0,0,0,0,0,0,91,100,99,0,0,0,0,0
l24,9=0,0,0,0,0,0,0,0,0,6,0,72,96,98,100,57,96,54,0,0,47,0,0,100,0,98,0,0,0,0,0,2,0,97,6,0,48,0,0,0
l25,9=0,0,0,0,0,0,0,0,0,0,0,84,96,82,0,0,84,21,0,0,0,0,0,100,100,0,12,0,0,1,0,0,83,100,93,0,0,0,40,0
l26,9=0,0,0,0,0,0,0,0,0,0,0,0,0,0,0,0,0,0,0,79,80,0,87,0,0,3,0,88,98,99,95,98,99,87,92,0,0,0,0,0
l27,9=0,0,0,0,0,0,0,0,0,0,0,0,0,0,0,0,0,0,0,0,0,0,0,0,0,0,97,0,98,99,100,93,87,0,0,0,0,0,0,0
l28,9=0,0,0,0,0,0,0,0,0,0,0,0,0,0,0,0,0,0,0,79,0,0,1,0,0,0,99,100,0,99,100,89,0,87,1,0,0,0,0,0
l29,9=0,0,0,0,0,0,0,0,0,0,0,0,0,0,0,0,0,0,0,0,11,0,85,0,0,0,99,100,98,0,100,97,34,87,90,0,0,0,0,0
l30,9=0,0,0,0,0,0,0,0,0,0,0,0,0,0,0,0,0,0,0,0,0,0,0,0,0,0,97,100,98,99,0,97,93,73,93,0,0,0,0,0
l31,9=0,0,0,0,0,0,0,0,0,0,0,0,0,0,0,0,17,0,0,67,0,0,86,0,6,0,97,92,88,94,87,0,100,100,100,0,0,0,0,0
l32,9=0,0,0,0,0,0,0,0,0,0,0,0,36,0,0,0,0,0,0,0,0,0,0,94,0,88,99,41,0,34,92,99,0,100,100,0,0,0,0,0
l33,9=0,0,0,0,0,0,0,0,0,0,0,0,8,0,3,0,69,81,0,0,0,3,0,97,94,95,94,0,88,88,78,99,100,0,100,0,0,0,0,0
l34,9=0,0,0,0,0,0,0,0,0,0,0,0,78,0,0,0,60,0,0,0,87,0,0,95,76,89,95,0,0,92,90,99,100,100,0,0,0,0,0,0
l35,9=0,0,0,0,0,0,0,0,0,0,0,0,0,0,0,0,0,0,0,0,65,69,82,0,0,0,0,0,0,0,0,0,0,0,0,0,88,37,81,40
l36,9=0,0,0,0,0,0,0,0,0,0,0,38,47,33,15,25,0,21,0,27,79,0,87,0,44,0,0,0,0,0,0,0,0,0,0,81,0,46,42,43
l37,9=0,0,0,0,0,0,0,0,0,0,0,0,0,0,0,6,23,0,0,19,75,38,79,0,0,0,0,0,0,0,0,0,0,0,0,48,53,0,45,42
l38,9=0,0,0,0,0,0,0,0,0,0,0,46,64,55,0,31,47,0,0,0,89,82,94,0,0,25,0,0,0,0,0,0,0,0,0,55,55,48,0,46
l39,9=0,0,0,0,0,0,0,0,0,0,0,0,0,0,0,0,43,44,0,45,83,73,0,0,0,0,0,0,0,0,0,0,0,0,0,47,51,39,47,0

l0,10=0,92,88,94,91,79,0,82,0,75,77,0,0,0,0,0,0,0,0,0,0,0,0,0,0,0,0,0,0,0,0,0,0,0,0,0,0,0,0,0
l1,10=95,0,88,93,82,88,88,77,60,58,65,0,0,0,0,0,0,0,0,0,0,0,0,0,0,0,0,0,0,0,0,0,0,0,0,0,0,0,0,0
l2,10=90,86,0,91,85,88,87,86,54,80,82,0,4,0,0,0,0,0,0,0,0,0,0,0,0,0,0,0,0,0,0,0,0,0,0,0,0,0,0,0
l3,10=96,89,89,0,95,86,75,67,0,61,62,0,0,0,0,0,0,0,0,0,0,0,0,0,0,0,0,0,0,0,0,0,0,0,0,0,0,0,0,0
l4,10=94,83,85,93,0,87,75,85,76,64,85,0,0,0,45,0,0,0,0,0,0,0,0,0,0,0,0,0,0,0,0,0,0,0,0,0,0,0,0,0
l5,10=88,86,88,88,88,0,87,89,81,75,85,0,0,77,0,0,0,0,0,0,0,0,0,0,0,0,0,0,0,0,0,0,0,0,0,0,0,0,0,0
l6,10=0,84,82,75,64,85,0,89,73,81,77,0,0,54,0,0,17,0,0,0,0,0,0,0,0,0,0,0,0,0,0,0,0,0,0,0,0,0,0,0
l7,10=75,71,63,73,79,85,87,0,86,82,85,36,51,80,0,0,0,0,0,0,0,0,0,0,0,0,0,0,0,0,0,0,0,0,0,0,0,0,0,0
l8,10=0,38,0,17,56,62,74,82,0,88,63,74,61,82,49,76,11,57,0,34,1,0,52,59,15,0,0,0,0,0,0,0,0,0,0,0,0,0,0,0
l9,10=68,57,40,41,33,39,83,89,86,0,85,54,64,81,58,41,0,0,0,0,0,16,4,20,40,0,0,0,0,0,0,0,0,0,0,0,0,0,0,0
l10,10=63,56,56,62,77,63,72,89,57,82,0,52,0,71,0,63,0,50,0,0,0,0,0,24,0,0,0,0,0,0,0,0,0,0,0,0,0,0,0,0
l11,10=0,0,0,0,0,0,0,51,78,64,28,0,73,82,78,90,17,71,0,0,23,27,0,74,68,54,0,0,0,0,0,0,0,0,0,24,56,0,56,0
l12,10=0,0,0,0,0,0,0,0,55,61,0,60,0,77,91,89,83,97,0,0,39,39,0,97,93,99,0,0,0,0,0,0,0,28,0,24,0,0,61,0
l13,10=0,0,0,0,0,39,34,72,86,78,47,81,77,0,61,84,43,0,0,9,32,34,0,68,69,38,0,0,0,0,0,0,0,0,0,0,0,0,50,0
l14,10=0,0,0,0,28,0,0,0,59,61,0,85,97,71,0,51,48,85,0,0,29,32,33,82,93,73,0,0,0,0,0,0,0,43,0,0,70,0,58,0
l15,10=0,0,0,0,0,0,0,0,80,62,49,90,91,84,74,0,46,85,0,45,30,0,35,0,65,43,0,0,0,0,0,0,0,0,0,0,0,0,64,0
l16,10=0,0,0,0,0,0,7,0,29,0,0,5,83,65,64,37,0,74,45,51,42,39,36,62,89,24,0,0,0,0,0,0,0,0,10,0,63,54,80,57
l17,10=0,0,0,0,0,0,0,0,57,10,9,53,88,4,89,55,55,0,0,59,24,44,50,0,78,35,0,0,0,0,0,0,0,5,0,0,67,0,61,53
l18,10=0,0,0,0,0,0,0,0,0,0,0,0,0,0,0,0,26,0,0,71,69,80,0,0,0,0,0,0,0,0,0,0,0,0,0,0,0,0,0,0
l19,10=0,0,0,0,0,0,0,0,16,0,0,0,0,0,0,28,32,49,60,0,74,74,77,0,0,0,56,0,0,0,0,54,29,0,0,10,0,58,0,49
l20,10=0,0,0,0,0,0,0,0,0,0,0,14,55,50,1,18,41,40,53,79,0,93,88,0,0,0,0,0,0,0,0,0,51,0,0,47,72,59,73,62
l21,10=0,0,0,0,0,0,0,0,0,47,0,27,58,50,51,6,38,56,63,69,91,0,84,0,0,0,5,0,0,0,0,0,0,17,0,44,61,35,71,62
l22,10=0,0,0,0,0,0,0,0,44,21,0,0,0,0,32,28,33,51,0,74,90,83,0,0,0,0,53,0,0,41,0,57,0,0,0,48,68,54,72,58
l23,10=0,0,0,0,0,0,0,0,63,40,0,58,97,75,82,0,47,0,0,0,0,0,0,0,98,100,0,0,0,0,0,33,80,74,9,0,0,0,0,0
l24,10=0,0,0,0,0,0,0,0,1,56,0,52,97,82,91,51,93,72,0,0,1,0,0,99,0,93,0,0,0,0,0,0,0,47,1,0,0,0,30,0
l25,10=0,0,0,0,0,0,0,0,0,0,0,46,97,42,87,33,24,45,0,0,0,0,0,99,91,0,36,0,0,0,0,20,67,97,45,0,0,0,56,0
l26,10=0,0,0,0,0,0,0,0,0,0,0,0,0,0,0,0,0,0,0,61,0,0,68,0,0,37,0,79,96,98,99,98,95,72,75,0,0,0,0,0
l27,10=0,0,0,0,0,0,0,0,0,0,0,0,0,0,0,0,0,0,0,0,0,0,0,0,0,0,80,0,93,98,100,84,0,0,76,0,0,0,0,0
l28,10=0,0,0,0,0,0,0,0,0,0,0,0,0,0,0,0,0,0,0,0,0,0,0,0,0,0,86,94,0,98,100,90,64,83,57,0,0,0,0,0
l29,10=0,0,0,0,0,0,0,0,0,0,0,0,0,0,0,0,0,0,0,0,32,0,58,0,0,0,85,94,96,0,100,89,76,6,67,0,0,0,0,0
l30,10=0,0,0,0,0,0,0,0,0,0,0,0,0,0,0,0,0,0,0,0,0,0,0,0,0,0,85,94,96,98,0,90,82,66,74,0,0,0,0,0
l31,10=0,0,0,0,0,0,0,0,0,0,0,0,0,0,0,0,0,0,0,55,4,0,70,32,0,21,86,77,80,96,94,0,99,100,95,0,0,0,0,0
l32,10=0,0,0,0,0,0,0,0,0,0,0,0,0,0,0,0,1,0,0,31,52,0,0,81,0,64,86,0,60,75,80,98,0,100,98,0,0,0,0,0
l33,10=0,0,0,0,0,0,0,0,0,0,0,0,84,0,81,0,0,35,0,0,5,18,0,97,80,98,81,0,93,30,85,99,100,0,96,0,0,0,0,0
l34,10=0,0,0,0,0,0,0,0,0,0,0,0,0,0,0,0,59,0,0,19,21,0,0,65,59,76,82,81,75,78,84,99,100,100,0,0,0,0,0,0
l35,10=0,0,0,0,0,0,0,0,0,0,0,13,32,0,0,0,0,0,0,8,38,38,48,0,0,0,0,0,0,0,0,0,0,0,0,0,78,64,66,59
l36,10=0,0,0,0,0,0,0,0,0,0,0,3,0,0,43,0,19,36,0,0,40,22,51,0,0,0,0,0,0,0,0,0,0,0,0,61,0,78,75,68
l37,10=0,0,0,0,0,0,0,0,0,0,0,0,0,0,0,0,22,0,0,51,35,0,26,0,0,0,0,0,0,0,0,0,0,0,0,47,80,0,62,61
l38,10=0,0,0,0,0,0,0,0,0,0,0,4,54,54,39,12,43,37,0,0,42,44,57,0,9,28,0,0,0,0,0,0,0,0,0,51,77,64,0,73
l39,10=0,0,0,0,0,0,0,0,0,0,0,0,0,0,0,0,37,33,0,53,44,46,51,0,0,0,0,0,0,0,0,0,0,0,0,50,71,63,69,0

l0,11=0,92,87,89,87,86,43,69,10,58,0,0,0,0,0,0,0,0,0,0,0,0,0,0,0,0,0,0,0,0,0,0,0,0,0,0,0,0,0,0
l1,11=88,0,89,68,80,89,86,81,26,61,71,21,0,26,0,0,0,0,0,0,0,0,0,0,0,0,0,0,0,0,0,0,0,0,0,0,0,0,0,0
l2,11=85,87,0,83,83,89,32,77,50,67,64,0,0,0,0,0,0,0,0,0,0,0,0,0,0,0,0,0,0,0,0,0,0,0,0,0,0,0,0,0
l3,11=89,69,89,0,86,89,38,0,0,25,69,0,0,0,0,0,0,0,0,0,0,0,0,0,0,0,0,0,0,0,0,0,0,0,0,0,0,0,0,0
l4,11=85,81,79,86,0,83,83,68,0,56,70,0,0,0,35,0,0,0,0,0,0,0,0,27,0,0,0,0,0,0,0,0,0,0,0,0,0,0,0,0
l5,11=83,86,88,83,83,0,89,87,45,79,64,0,0,21,0,0,0,0,0,0,0,0,0,0,0,0,0,0,0,0,0,0,0,0,0,0,0,0,0,0
l6,11=43,86,10,43,82,87,0,87,49,83,75,36,0,49,0,40,19,0,0,0,0,0,0,0,0,0,0,0,0,0,0,0,0,0,0,0,0,0,0,0
l7,11=76,85,71,46,80,87,88,0,71,83,80,49,45,78,0,43,0,0,0,0,0,0,0,0,0,0,0,0,0,0,0,0,0,0,0,0,0,0,0,0
l8,11=49,26,47,0,0,62,70,56,0,86,62,61,60,82,58,73,0,19,0,45,0,0,0,25,12,0,0,0,0,0,0,0,0,0,0,0,0,0,0,0
l9,11=58,40,45,47,46,80,81,87,77,0,80,59,41,81,0,46,7,0,0,0,0,16,0,23,25,0,0,0,0,0,0,0,0,0,0,0,0,0,0,0
l10,11=0,66,42,58,64,54,72,87,64,84,0,59,0,66,0,61,0,4,0,4,0,0,0,0,0,0,0,0,0,0,0,0,0,0,0,0,0,0,0,0
l11,11=0,15,0,0,0,0,60,32,23,47,41,0,55,80,79,90,23,26,0,0,1,16,17,67,76,66,0,0,0,0,0,0,0,0,0,47,0,0,62,0
l12,11=0,0,0,0,0,0,0,23,23,47,0,84,0,71,92,74,33,59,0,0,40,19,17,75,98,95,0,0,0,0,0,0,0,0,0,0,0,0,67,0
l13,11=0,7,0,0,0,30,61,62,62,51,46,79,50,0,0,82,18,22,0,2,37,16,0,56,63,64,0,0,0,0,0,0,0,0,0,0,0,0,44,0
l14,11=0,0,0,0,40,0,0,0,15,0,0,60,87,0,0,40,47,47,0,0,0,4,0,79,64,85,0,0,0,0,0,0,0,40,34,59,64,0,51,0
l15,11=0,0,0,0,0,0,62,25,23,46,46,91,85,87,63,0,45,50,0,52,45,17,7,47,0,60,0,0,0,0,0,0,0,0,0,43,57,0,56,0
l16,11=0,0,0,0,0,0,29,0,0,22,0,36,54,54,81,51,0,29,6,26,54,24,16,59,87,3,0,0,0,0,0,0,25,24,58,0,71,62,76,14
l17,11=0,0,0,0,0,0,0,0,18,26,11,52,60,68,83,57,25,0,0,0,42,22,20,65,72,0,0,0,0,0,0,0,0,0,0,0,71,0,46,9
l18,11=0,0,0,0,0,0,0,0,0,0,0,0,0,0,0,0,22,0,0,68,61,72,26,0,0,0,0,0,0,0,0,0,0,0,0,0,0,0,0,4
l19,11=0,0,0,0,0,0,0,0,9,0,0,0,0,0,0,33,12,0,38,0,73,72,69,0,0,0,15,0,0,0,0,13,0,0,12,52,54,48,0,11
l20,11=0,0,0,0,0,0,0,0,0,0,0,0,39,45,0,36,21,15,39,81,0,87,86,0,0,0,2,0,12,0,0,0,4,9,0,66,73,60,64,15
l21,11=0,0,0,0,0,0,0,0,0,33,0,28,38,44,45,34,63,13,35,72,86,0,86,0,5,0,0,0,0,0,0,0,0,0,0,38,61,50,72,11
l22,11=0,0,0,0,0,0,0,0,0,0,0,29,37,0,0,7,18,13,1,70,81,84,0,0,0,0,15,0,0,0,0,31,0,0,0,65,68,0,70,26
l23,11=0,0,0,0,46,0,0,0,2,24,0,68,88,67,86,24,23,19,0,0,0,0,0,0,98,95,0,0,0,0,0,32,35,35,15,0,0,0,0,0
l24,11=0,0,0,0,0,0,0,0,0,17,0,45,88,69,73,0,82,26,0,0,0,0,0,90,0,87,0,0,0,0,0,0,0,0,0,0,0,0,0,0
l25,11=0,0,0,0,0,0,0,0,0,0,0,59,88,66,88,58,5,0,0,0,0,0,0,96,89,0,0,0,0,0,0,32,11,72,0,0,0,0,0,0
l26,11=0,0,0,0,0,0,0,0,0,0,0,0,0,0,0,0,0,0,0,26,13,0,50,0,0,0,0,84,87,87,95,87,85,64,82,0,0,0,0,0
l27,11=0,0,0,0,0,0,0,0,0,0,0,0,0,0,0,0,0,0,0,0,0,0,0,0,0,0,85,0,84,87,96,80,0,0,38,0,0,0,0,0
l28,11=0,0,0,0,0,0,0,0,0,0,0,0,0,0,0,0,0,0,0,0,30,0,0,0,0,0,89,95,0,89,96,84,42,0,33,0,0,0,0,0
l29,11=0,0,0,0,0,0,0,0,0,0,0,0,0,0,0,0,0,0,0,0,0,0,0,0,0,0,87,95,87,0,96,87,36,33,43,0,0,0,0,0
l30,11=0,0,0,0,0,0,0,0,0,0,0,0,0,0,0,0,0,0,0,0,0,0,0,0,0,0,89,95,87,89,0,87,71,73,74,0,0,0,0,0
l31,11=0,0,0,0,0,0,0,0,0,0,0,0,0,0,0,0,0,0,0,9,0,0,30,27,0,31,89,46,72,82,81,0,88,100,100,0,0,0,0,0
l32,11=0,0,0,0,0,0,0,0,0,0,0,0,0,0,0,0,4,0,0,0,8,0,0,37,0,12,89,1,42,43,63,92,0,100,100,0,0,0,0,0
l33,11=0,0,0,0,0,0,0,0,0,0,0,0,0,0,42,0,9,0,0,0,11,0,0,37,0,93,64,0,0,38,89,97,93,0,100,0,0,0,0,0
l34,11=0,0,0,0,0,0,0,0,0,0,0,0,0,0,22,0,39,0,0,13,0,0,0,39,1,0,85,77,39,76,84,97,93,99,0,0,0,0,0,0
l35,11=0,0,0,0,0,0,0,0,0,0,0,9,3,0,25,10,0,0,0,37,39,6,20,0,0,0,0,0,0,0,0,0,0,0,0,0,85,71,64,17
l36,11=0,0,0,0,0,0,0,0,0,0,0,0,0,0,51,33,22,21,0,30,49,22,20,0,0,0,0,0,0,0,0,0,0,0,0,85,0,80,76,22
l37,11=0,0,0,0,0,0,0,0,0,0,0,0,0,0,0,0,17,0,0,50,39,17,0,0,0,0,0,0,0,0,0,0,0,0,0,76,75,0,63,16
l38,11=0,0,0,0,0,0,0,0,0,0,0,32,46,20,39,36,24,2,0,0,46,24,23,0,0,0,0,0,0,0,0,0,0,0,0,72,83,65,0,21
l39,11=0,0,0,0,0,0,0,0,0,0,0,0,0,0,0,0,19,2,0,55,47,26,21,0,0,0,0,0,0,0,0,0,0,0,0,73,80,69,76,0

l0,12=0,85,86,92,94,91,73,71,4,66,59,0,0,0,0,0,0,0,0,0,0,0,0,0,0,0,0,0,0,0,0,0,0,0,0,0,0,0,0,0
l1,12=84,0,81,84,87,81,87,80,0,67,66,64,0,0,0,0,0,0,0,0,0,0,0,0,0,0,0,0,0,0,0,0,0,0,0,0,0,0,0,0
l2,12=82,75,0,85,85,90,89,69,62,71,68,0,0,0,0,0,0,0,0,0,0,0,0,0,0,0,0,0,0,0,0,0,0,0,0,0,0,0,0,0
l3,12=87,75,79,0,93,83,1,55,0,0,66,0,0,0,0,0,0,0,0,0,0,0,0,0,0,0,0,0,0,0,0,0,0,0,0,0,0,0,0,0
l4,12=85,78,77,88,0,57,79,73,60,61,18,0,0,0,46,0,0,0,0,0,0,0,0,57,0,0,0,0,0,0,0,0,0,0,0,0,0,0,0,0
l5,12=82,80,84,84,78,0,87,86,70,81,68,0,0,50,0,0,0,0,0,0,0,0,0,0,0,0,0,0,0,0,0,0,0,0,0,0,0,0,0,0
l6,12=70,78,84,49,86,73,0,86,60,53,78,72,0,51,0,64,0,0,0,0,0,0,0,0,0,0,0,0,0,0,0,0,0,0,0,0,0,0,0,0
l7,12=70,78,59,42,86,83,87,0,73,82,85,59,50,74,0,18,0,0,0,0,0,0,0,0,0,0,0,0,0,0,0,0,0,0,0,0,0,0,0,0
l8,12=19,0,54,35,40,48,61,70,0,85,81,67,68,84,25,63,48,44,0,42,0,32,0,0,42,0,0,0,0,0,0,0,0,0,0,0,0,0,0,0
l9,12=58,40,61,0,38,80,50,86,75,0,82,68,67,80,0,38,49,12,0,0,50,34,0,0,0,0,0,0,0,0,0,0,0,0,0,0,0,0,0,0
l10,12=49,54,62,68,22,46,72,89,70,84,0,64,0,71,2,63,0,0,0,0,0,0,0,2,0,0,0,0,0,0,0,0,0,0,0,0,0,0,0,0
l11,12=0,31,0,0,0,0,75,58,66,72,62,0,79,61,44,86,75,88,0,0,54,28,25,31,32,57,0,0,0,0,0,0,0,0,0,43,34,0,43,0
l12,12=0,0,0,0,0,0,0,13,56,66,0,84,0,55,92,84,80,88,0,0,60,36,38,56,93,98,0,0,0,0,0,0,0,6,0,0,0,0,45,0
l13,12=0,0,0,0,0,42,57,70,76,81,76,82,77,0,46,83,73,77,0,0,55,35,0,56,50,41,0,0,0,0,0,0,0,0,0,0,0,0,3,0
l14,12=0,0,0,0,41,0,0,0,40,2,0,73,92,54,0,48,90,83,0,0,0,39,7,62,93,72,0,0,0,0,0,0,0,43,71,59,41,0,38,0
l15,12=0,0,0,0,0,0,77,2,67,73,67,90,85,86,47,0,77,83,0,45,60,41,2,43,70,72,0,0,0,0,0,0,0,0,0,0,0,0,34,0
l16,12=0,0,0,0,0,0,0,0,39,52,0,73,82,40,52,47,0,91,47,61,71,40,29,22,85,63,0,0,0,0,0,0,0,3,4,47,63,25,49,50
l17,12=0,0,0,0,0,0,0,0,49,54,0,89,87,52,49,54,88,0,0,54,71,42,43,45,30,0,0,0,0,0,0,0,0,4,0,0,54,0,27,15
l18,12=0,0,0,0,0,0,0,0,0,0,0,0,0,0,0,0,65,0,0,58,62,50,0,0,0,0,0,0,0,0,0,0,0,0,0,0,0,0,0,4
l19,12=0,0,0,0,0,0,0,0,45,0,0,0,0,0,0,32,47,46,51,0,86,78,73,0,0,0,33,0,27,3,0,37,6,0,0,48,2,0,33,57
l20,12=0,0,0,0,0,0,0,0,0,49,0,45,53,35,0,31,72,55,48,79,0,92,87,0,0,0,29,0,14,0,0,9,0,0,0,53,74,32,45,57
l21,12=0,0,0,0,0,0,0,0,46,51,0,50,50,36,37,45,60,53,52,79,93,0,87,0,41,0,29,0,0,0,0,0,0,0,0,51,57,31,80,49
l22,12=0,0,0,0,0,0,0,0,0,0,0,50,50,0,1,0,48,48,0,76,92,87,0,0,0,0,30,0,0,0,0,0,0,0,0,69,70,27,59,67
l23,12=0,0,0,0,43,0,0,0,0,0,0,70,88,56,56,42,52,70,0,0,0,0,0,0,93,98,0,0,0,0,0,29,14,1,0,0,0,0,0,0
l24,12=0,0,0,0,0,0,0,0,12,0,0,44,92,44,93,77,92,43,0,0,0,38,0,87,0,90,0,0,0,0,0,29,44,0,0,0,1,0,40,0
l25,12=0,0,0,0,4,0,0,0,0,0,0,60,92,29,43,68,66,0,0,0,0,0,0,97,93,0,0,0,0,0,0,61,52,41,84,0,0,0,0,0
l26,12=0,0,0,0,0,0,0,0,0,0,0,0,0,0,0,0,0,0,0,60,44,18,36,0,0,0,0,81,88,82,93,93,83,74,83,0,0,0,0,0
l27,12=0,0,0,0,0,0,0,0,0,0,0,0,0,0,0,0,0,0,0,0,0,0,0,0,0,0,79,0,87,96,93,85,0,16,18,0,0,0,0,0
l28,12=0,0,0,0,0,0,0,0,0,0,0,0,0,0,0,0,0,0,0,63,72,0,0,0,0,0,89,97,0,97,93,83,80,69,79,0,0,0,0,0
l29,12=0,0,0,0,0,0,0,0,0,0,0,0,0,0,0,0,0,0,0,3,0,0,0,0,0,0,86,97,88,0,93,91,83,75,81,0,0,0,0,0
l30,12=0,0,0,0,0,0,0,0,0,0,0,0,0,0,0,0,0,0,0,0,0,0,0,0,0,0,88,97,88,97,0,86,84,43,35,0,0,0,0,0
l31,12=0,0,0,0,0,0,0,0,0,0,0,0,0,0,0,0,0,0,0,72,67,0,0,63,56,78,89,83,81,91,92,0,98,98,100,0,0,0,0,0
l32,12=0,0,0,0,0,0,0,0,0,0,0,0,0,0,0,0,0,0,0,47,0,0,0,36,69,80,81,0,76,89,88,95,0,100,100,0,0,0,0,0
l33,12=0,0,0,0,0,0,0,0,0,0,0,0,48,0,75,0,24,31,0,0,0,0,0,12,0,77,82,35,66,87,84,100,98,0,100,0,0,0,0,0
l34,12=0,0,0,0,0,0,0,0,0,0,0,0,0,0,50,0,15,0,0,0,0,0,0,0,0,91,88,47,79,90,82,100,98,100,0,0,0,0,0,0
l35,12=0,0,0,0,0,0,0,0,0,0,0,16,0,0,5,0,29,0,0,14,59,16,2,0,0,0,0,0,0,0,0,0,0,0,0,0,85,41,50,59
l36,12=0,0,0,0,0,0,0,0,0,0,0,39,0,0,3,0,65,44,0,0,76,38,5,0,0,0,0,0,0,0,0,0,0,0,0,90,0,43,53,71
l37,12=0,0,0,0,0,0,0,0,0,0,0,0,0,0,0,0,48,0,0,0,65,21,1,0,0,0,0,0,0,0,0,0,0,0,0,76,67,0,24,67
l38,12=0,0,0,0,0,0,0,0,0,0,0,63,67,0,8,24,76,32,0,44,72,47,48,0,25,0,0,0,0,0,0,0,0,0,0,83,70,23,0,71
l39,12=0,0,0,0,0,0,0,0,0,0,0,0,0,0,0,0,47,0,0,57,68,34,51,0,0,0,0,0,0,0,0,0,0,0,0,63,75,41,53,0

l0,13=0,93,93,96,94,91,94,89,73,87,91,0,0,0,0,0,0,0,0,0,0,0,0,0,0,0,0,0,0,0,0,0,0,0,0,0,0,0,0,0
l1,13=93,0,93,97,94,90,93,84,39,57,74,0,0,0,0,0,0,0,0,0,0,0,0,0,0,0,0,0,0,0,0,0,0,0,0,0,0,0,0,0
l2,13=93,93,0,94,94,91,94,52,0,88,90,0,0,60,0,0,0,0,0,0,0,0,0,0,0,0,0,0,0,0,0,0,0,0,0,0,0,0,0,0
l3,13=93,96,93,0,95,91,93,79,1,0,89,0,0,0,0,0,0,0,0,0,0,0,0,0,0,0,0,0,0,0,0,0,0,0,0,0,0,0,0,0
l4,13=93,93,90,95,0,90,94,86,61,0,90,0,0,0,0,0,0,0,0,0,0,0,0,0,0,0,0,0,0,0,0,0,0,0,0,0,0,0,0,0
l5,13=93,88,93,90,88,0,93,52,57,87,89,0,0,83,0,0,0,0,0,0,0,0,0,0,0,0,0,0,0,0,0,0,0,0,0,0,0,0,0,0
l6,13=89,87,90,86,91,89,0,0,61,85,0,82,0,74,0,80,0,0,0,0,0,0,0,0,0,0,0,0,0,0,0,0,0,0,0,0,0,0,0,0
l7,13=90,87,54,89,89,87,0,0,86,92,92,53,1,83,1,11,0,0,0,0,0,0,0,0,0,0,0,0,0,0,0,0,0,0,0,0,0,0,0,0
l8,13=65,17,0,53,69,73,49,51,0,94,88,64,66,85,71,61,60,30,0,20,0,14,0,0,76,0,0,0,0,0,0,0,0,0,0,0,0,0,0,0
l9,13=58,0,48,0,0,87,89,84,88,0,92,70,61,86,49,84,54,39,0,0,3,31,0,3,0,0,0,0,0,0,0,0,0,0,0,0,0,0,0,0
l10,13=58,24,48,67,82,83,0,87,80,94,0,65,0,86,3,70,0,0,0,0,0,0,0,0,0,0,0,0,0,0,0,0,0,0,0,0,0,0,0,0
l11,13=0,0,0,0,0,0,49,31,40,43,23,0,94,97,80,93,76,93,0,0,26,43,58,74,12,20,0,0,0,0,0,0,0,0,0,0,9,0,24,0
l12,13=0,0,0,0,0,0,0,0,0,38,0,90,0,81,100,92,92,98,0,0,28,46,62,79,98,100,0,0,0,0,0,0,0,29,0,0,59,0,24,0
l13,13=0,0,11,0,0,68,44,40,59,94,53,94,80,0,83,93,77,85,0,1,20,45,7,38,48,71,0,0,0,0,0,0,0,0,0,0,0,0,22,0
l14,13=0,0,0,0,0,0,0,0,43,42,2,86,99,86,0,83,97,85,0,0,0,43,0,98,100,89,0,0,0,0,0,0,8,25,46,0,69,0,0,0
l15,13=0,0,0,0,0,0,48,0,32,48,23,94,98,97,82,0,95,97,0,13,26,44,0,76,83,77,0,0,0,0,0,0,0,0,0,0,60,0,21,0
l16,13=0,0,0,0,0,0,0,0,19,33,0,77,96,67,95,87,0,91,36,28,25,42,40,29,93,69,0,0,0,0,0,0,0,0,29,71,77,12,30,22
l17,13=0,0,0,0,0,0,0,0,24,39,0,87,99,90,93,91,96,0,0,25,29,58,14,71,93,41,0,0,0,0,0,0,0,16,0,0,70,0,24,0
l18,13=0,0,0,0,0,0,0,0,0,0,0,0,0,0,0,0,79,0,0,93,91,10,12,0,0,0,0,0,0,0,0,0,0,0,0,0,0,0,0,0
l19,13=0,0,0,0,0,0,0,0,44,0,0,0,0,11,0,56,66,47,62,0,96,93,83,0,0,0,44,0,2,10,0,40,0,0,0,53,59,51,54,68
l20,13=0,0,0,0,0,0,0,0,0,21,0,66,68,25,0,67,78,79,66,95,0,97,93,0,2,0,26,0,0,0,0,50,0,0,0,87,78,40,49,27
l21,13=0,0,0,0,0,0,0,0,31,50,0,76,62,69,55,60,72,84,0,95,96,0,93,0,69,0,43,0,0,0,0,0,0,0,0,72,65,0,84,49
l22,13=0,0,0,0,0,0,0,0,0,0,0,60,52,2,17,2,75,45,0,64,96,97,0,0,0,0,62,0,0,0,0,0,0,0,26,87,79,30,28,54
l23,13=0,0,0,0,63,0,0,0,0,0,0,75,95,87,100,90,64,64,0,0,0,0,0,0,86,100,0,0,0,0,0,0,1,14,12,0,0,0,0,0
l24,13=0,0,0,0,0,0,0,0,44,0,0,38,99,81,100,87,98,90,0,0,1,47,0,78,0,100,0,0,0,0,0,0,26,1,0,0,72,0,0,0
l25,13=0,0,0,0,0,0,0,0,0,0,0,13,97,87,100,91,90,8,0,0,0,0,0,100,100,0,0,0,0,1,0,98,34,35,62,0,0,0,0,0
l26,13=0,0,0,0,0,0,0,0,0,0,0,0,0,0,0,0,0,0,0,58,61,36,64,0,0,0,0,89,97,79,98,99,79,79,0,0,0,0,0,0
l27,13=0,0,0,0,0,0,0,0,0,0,0,0,0,0,0,0,0,0,0,0,0,0,0,0,0,0,86,0,93,100,99,85,75,71,55,0,0,0,0,0
l28,13=0,0,0,0,0,0,0,0,0,0,0,0,0,0,0,0,0,0,0,30,44,0,0,0,0,11,99,97,0,100,99,98,74,77,85,0,0,0,0,0
l29,13=0,0,0,0,0,0,0,0,0,0,0,0,0,0,0,0,0,0,0,22,0,0,0,0,0,4,83,97,97,0,99,83,81,74,85,0,0,0,0,0
l30,13=0,0,0,0,0,0,0,0,0,0,0,0,0,0,0,0,0,0,0,0,0,0,0,0,0,0,99,97,97,100,0,91,76,74,19,0,0,0,0,0
l31,13=0,0,0,0,0,0,0,0,0,0,0,0,0,0,0,0,0,0,0,50,71,0,0,0,0,82,99,93,97,99,99,0,98,100,100,0,0,0,0,0
l32,13=0,0,0,0,0,0,0,0,0,0,0,0,0,0,70,0,16,0,0,1,0,0,0,21,78,91,94,69,85,93,91,100,0,100,100,0,0,0,0,0
l33,13=0,0,0,0,0,0,0,0,0,0,0,0,89,0,84,0,70,73,0,0,0,0,0,73,26,99,99,67,97,77,97,100,100,0,100,0,0,0,0,0
l34,13=0,0,0,0,0,0,0,0,0,0,0,0,0,0,81,0,84,0,0,0,7,0,70,69,0,99,0,39,97,99,77,100,100,100,0,0,0,0,0,0
l35,13=0,0,0,0,0,0,0,0,0,0,0,0,13,0,4,0,65,0,0,5,24,39,70,0,0,0,0,0,0,0,0,0,0,0,0,0,85,47,28,29
l36,13=0,0,0,0,0,0,0,0,0,0,0,0,50,0,17,37,79,41,0,13,27,33,77,0,57,0,0,0,0,0,0,0,0,0,0,96,0,40,31,28
l37,13=0,0,0,0,0,0,0,0,0,0,0,0,0,0,0,0,11,0,0,20,26,0,56,0,0,0,0,0,0,0,0,0,0,0,0,95,83,0,27,25
l38,13=0,0,0,0,0,0,0,0,0,0,0,67,70,49,4,69,79,43,0,27,27,55,74,0,2,0,0,0,0,0,0,0,0,0,0,91,85,40,0,27
l39,13=0,0,0,0,0,0,0,0,0,0,0,0,0,0,0,0,70,0,0,27,25,49,84,0,0,0,0,0,0,0,0,0,0,0,0,91,80,34,28,0

l0,14=0,100,100,100,100,100,100,99,71,98,99,0,0,0,0,0,0,0,0,0,0,0,0,0,0,0,0,0,0,0,0,0,0,0,0,0,0,0,0,0
l1,14=99,0,100,100,100,100,22,0,36,0,44,0,0,33,0,0,0,0,0,0,0,0,0,0,0,0,0,0,0,0,0,0,0,0,0,0,0,0,0,0
l2,14=100,100,0,100,100,100,100,100,27,99,99,0,0,38,0,8,0,0,0,0,0,0,0,0,0,0,0,0,0,0,0,0,0,0,0,0,0,0,0,0
l3,14=100,100,100,0,100,100,100,98,0,0,97,0,0,0,0,0,0,0,0,0,0,0,0,0,0,0,0,0,0,0,0,0,0,0,0,0,0,0,0,0
l4,14=100,100,100,100,0,100,100,0,49,41,100,0,0,0,0,0,0,0,0,0,0,0,0,0,0,0,0,0,0,0,0,0,0,0,0,0,0,0,0,0
l5,14=100,100,100,100,100,0,100,100,96,99,100,0,0,61,0,59,0,0,0,0,0,0,0,0,0,0,0,0,0,0,0,0,0,0,0,0,0,0,0,0
l6,14=97,5,100,91,100,100,0,96,88,95,94,99,0,87,0,95,0,0,0,0,0,0,53,0,0,0,0,0,0,0,0,0,0,0,0,0,0,0,0,0
l7,14=99,0,100,60,0,98,97,0,98,99,100,0,0,58,0,5,55,0,0,0,0,0,0,0,0,0,0,0,0,0,0,0,0,0,0,0,0,0,0,0
l8,14=54,28,6,11,47,49,49,37,0,99,99,29,25,29,29,34,24,0,0,10,47,48,37,0,43,0,0,0,0,0,0,0,0,0,0,0,0,0,0,0
l9,14=55,0,28,0,48,77,55,99,98,0,100,47,0,100,30,88,29,41,0,0,49,49,0,55,0,0,0,0,0,0,0,0,0,0,0,0,0,0,0,0
l10,14=96,80,92,95,100,98,98,100,98,99,0,76,50,100,18,76,0,0,0,0,17,0,0,0,0,0,0,0,0,0,0,0,0,0,0,0,0,0,0,0
l11,14=0,0,0,0,0,0,91,0,13,86,36,0,58,100,63,100,58,95,0,0,53,49,52,56,40,21,0,0,0,0,0,0,0,0,0,0,28,0,34,0
l12,14=0,0,0,0,0,0,0,0,40,0,22,98,0,61,99,62,27,99,0,9,97,5,49,98,98,99,0,0,0,0,0,0,0,55,0,3,0,0,0,0
l13,14=0,27,28,0,0,49,52,36,32,99,98,100,94,0,37,100,28,96,0,12,0,49,0,14,45,27,0,0,0,0,0,0,0,0,0,0,0,0,16,0
l14,14=0,0,0,0,0,0,0,0,33,37,14,98,96,30,0,36,58,95,0,0,45,40,0,99,100,0,0,0,0,0,0,0,31,0,0,0,0,0,36,0
l15,14=0,0,0,0,0,44,48,0,59,86,37,100,58,99,41,0,84,95,0,46,55,49,0,94,98,22,0,0,0,0,0,0,0,0,0,0,0,0,35,0
l16,14=0,0,0,0,0,0,0,14,5,55,0,92,30,20,62,62,0,90,10,86,88,91,93,52,97,10,0,0,0,0,0,0,0,52,24,58,66,4,25,11
l17,14=0,0,0,0,0,0,0,0,0,34,0,98,94,61,63,97,58,0,0,62,97,98,63,98,98,29,0,0,0,0,0,0,0,0,0,34,42,0,63,0
l18,14=0,0,0,0,0,0,0,0,0,0,0,0,0,0,0,0,81,0,0,90,88,11,87,0,0,0,0,0,0,0,0,0,0,0,0,0,0,0,0,0
l19,14=0,0,0,0,0,0,0,0,0,0,0,0,46,0,0,57,53,85,85,0,97,96,92,0,0,0,42,0,1,74,0,0,0,0,0,74,85,86,59,61
l20,14=0,0,0,0,0,0,0,0,2,79,0,85,52,0,28,58,53,85,89,97,0,99,96,0,0,0,4,0,0,0,0,0,0,0,45,73,87,86,98,54
l21,14=0,0,0,0,0,0,0,0,49,94,1,87,52,49,56,61,89,93,0,96,99,0,96,0,89,0,0,0,0,0,0,0,0,0,68,95,89,0,86,90
l22,14=0,0,0,0,0,0,44,0,9,0,0,86,52,0,0,0,69,85,63,95,99,99,0,0,0,0,48,0,0,1,0,0,0,0,0,73,92,4,59,59
l23,14=0,0,0,0,0,0,0,0,0,37,0,46,55,0,98,36,29,48,0,0,0,0,0,0,49,100,0,0,0,0,0,0,45,57,43,0,0,0,0,0
l24,14=0,0,0,0,0,0,0,0,33,7,0,0,81,31,99,52,59,96,0,0,0,49,0,56,0,66,0,0,0,0,0,0,0,0,0,0,9,0,0,0
l25,14=0,0,0,0,0,0,0,0,0,0,0,56,96,40,27,47,29,61,0,0,0,0,0,100,100,0,0,0,22,1,0,0,49,100,100,0,0,0,0,0
l26,14=0,0,0,0,0,0,0,0,0,0,0,0,0,0,0,0,0,0,0,75,66,0,78,0,0,0,0,84,100,92,100,99,95,89,91,0,0,0,0,0
l27,14=0,0,0,0,0,0,0,0,0,0,0,0,0,0,0,0,0,0,0,0,0,0,0,0,0,0,88,0,99,100,100,91,88,84,9,0,0,0,0,0
l28,14=0,0,0,0,0,0,0,0,0,0,0,0,0,0,0,0,0,0,0,33,0,0,0,0,0,68,99,100,0,100,100,99,88,90,95,0,0,0,0,0
l29,14=0,0,0,0,0,0,0,0,0,0,0,0,0,0,0,0,0,0,0,77,0,0,2,0,0,0,85,100,100,0,100,91,88,0,87,0,0,0,0,0
l30,14=0,0,0,0,0,0,0,0,0,0,0,0,0,0,0,0,0,0,0,0,0,0,0,0,0,0,96,100,100,100,0,91,87,90,0,0,0,0,0,0
l31,14=0,0,0,0,0,0,0,0,0,0,0,0,0,0,0,0,0,0,0,0,0,0,0,0,0,0,99,81,98,94,94,0,99,100,99,0,0,0,0,0
l32,14=0,0,0,0,0,0,0,0,0,0,0,0,0,0,56,0,0,0,0,0,0,0,0,95,0,82,99,74,98,99,98,100,0,100,100,0,0,0,0,0
l33,14=0,0,0,0,0,0,0,0,0,0,0,0,84,0,5,0,89,0,0,0,0,0,0,99,0,100,99,81,99,0,100,100,100,0,100,0,0,0,0,0
l34,14=0,0,0,0,0,0,0,0,0,0,0,0,0,0,0,0,99,0,0,0,97,44,8,98,81,99,96,15,99,99,0,100,100,100,0,0,0,0,0,0
l35,14=0,0,0,0,0,0,0,0,0,0,0,0,39,0,0,0,51,39,0,84,84,88,86,0,0,0,0,0,0,0,0,0,0,0,0,0,94,96,97,91
l36,14=0,0,0,0,0,0,0,0,0,0,0,31,3,0,0,0,53,65,0,88,87,90,87,0,30,0,0,0,0,0,0,0,0,0,0,99,0,86,63,53
l37,14=0,0,0,0,0,0,0,0,0,0,0,0,0,0,0,0,0,0,0,77,84,0,0,0,0,0,0,0,0,0,0,0,0,0,0,77,83,0,56,53
l38,14=0,0,0,0,0,0,0,0,0,0,0,81,0,0,41,37,34,79,0,85,97,89,90,0,0,0,0,0,0,0,0,0,0,0,0,75,94,87,0,56
l39,14=0,0,0,0,0,0,0,0,0,0,0,0,0,0,0,0,51,0,0,88,87,92,88,0,0,0,0,0,0,0,0,0,0,0,0,74,85,87,58,0

l0,15=0,98,97,100,100,99,98,97,92,98,69,0,0,0,0,0,0,0,0,0,0,0,0,0,0,0,0,0,0,0,0,0,0,0,0,0,0,0,0,0
l1,15=98,0,97,100,100,99,98,98,97,67,96,0,0,57,56,0,0,0,0,0,0,0,0,0,0,0,0,0,0,0,0,0,0,0,0,0,0,0,0,0
l2,15=98,98,0,98,98,100,98,98,95,98,0,88,0,97,0,0,0,0,0,0,0,0,0,0,0,0,0,0,0,0,0,0,0,0,0,0,0,0,0,0
l3,15=100,100,91,0,100,97,0,0,0,0,96,0,0,0,0,0,0,0,0,0,0,0,0,0,0,0,0,0,0,0,0,0,0,0,0,0,0,0,0,0
l4,15=100,100,100,100,0,99,98,98,84,95,100,0,0,0,0,0,0,0,0,0,0,0,0,0,0,0,0,0,0,0,0,0,0,0,0,0,0,0,0,0
l5,15=98,98,97,98,97,0,98,98,98,98,96,0,1,97,0,90,0,0,0,0,0,0,0,0,0,0,0,0,0,0,0,0,0,0,0,0,0,0,0,0
l6,15=98,98,97,0,96,93,0,98,88,98,96,98,58,95,0,97,0,0,0,0,0,0,21,0,0,0,0,0,0,0,0,0,0,0,0,0,0,0,0,0
l7,15=97,98,97,42,97,97,98,0,98,98,99,0,0,36,37,0,98,0,0,0,0,0,0,0,0,0,0,0,0,0,0,0,0,0,0,0,0,0,0,0
l8,15=96,95,39,1,73,93,94,99,0,100,100,96,76,56,56,98,0,0,0,30,7,54,55,0,96,0,0,0,0,0,0,0,0,0,0,0,0,0,0,0
l9,15=97,7,49,0,87,98,97,99,100,0,100,96,0,100,4,97,95,31,0,0,93,94,2,79,0,0,0,0,0,0,0,0,0,0,0,0,0,0,0,0
l10,15=74,95,0,97,97,97,98,100,98,100,0,5,93,97,6,0,39,0,0,0,0,0,0,0,0,0,0,0,0,0,0,0,0,0,0,0,0,0,0,0
l11,15=0,0,1,0,0,0,99,0,63,61,16,0,76,100,57,100,100,100,0,23,66,60,61,9,100,99,0,0,0,0,0,0,0,0,0,0,98,0,82,0
l12,15=0,0,0,0,0,0,0,0,98,0,99,99,0,100,98,98,99,100,0,0,70,0,60,99,100,100,0,0,0,0,0,0,0,0,0,3,80,0,27,0
l13,15=0,92,59,0,0,95,96,10,61,100,99,100,100,0,56,100,98,99,0,23,2,47,19,3,0,97,0,0,0,0,0,0,0,0,0,0,0,0,0,0
l14,15=0,21,0,0,0,0,0,0,63,41,0,98,100,59,0,98,99,99,0,0,63,0,0,99,100,99,0,0,0,0,0,0,0,93,0,0,0,0,78,0
l15,15=0,0,0,0,2,73,97,0,62,61,0,100,74,59,58,0,99,100,0,0,63,58,0,99,100,96,0,0,0,0,0,0,0,0,0,87,0,0,82,0
l16,15=0,0,0,0,0,0,2,50,0,49,26,99,70,55,57,99,0,92,91,91,63,49,60,0,98,14,0,0,0,0,0,1,0,55,20,94,98,81,79,1
l17,15=0,0,0,0,0,0,0,0,0,60,0,99,76,59,58,99,99,0,0,98,66,61,61,99,99,99,0,0,0,0,0,0,0,91,53,0,97,13,82,0
l18,15=0,0,0,0,0,0,0,0,0,0,0,0,0,0,0,0,90,0,0,50,86,1,32,0,0,0,0,0,0,0,0,0,0,0,0,0,0,0,0,0
l19,15=0,0,0,0,0,0,0,0,3,0,0,0,18,1,0,0,80,76,29,0,96,96,95,0,0,0,64,0,0,67,0,0,0,0,0,77,86,0,63,53
l20,15=0,0,0,0,0,0,0,0,0,60,0,94,74,9,48,94,98,94,81,99,0,100,98,0,0,0,3,0,0,0,0,0,0,0,0,96,97,0,87,60
l21,15=0,0,0,0,0,0,0,0,52,54,0,95,33,32,0,92,88,93,0,98,98,0,98,0,78,0,0,0,4,0,0,0,0,19,74,81,97,81,98,65
l22,15=0,0,0,0,0,0,7,0,42,35,0,80,62,11,0,30,98,77,43,91,96,99,0,0,0,0,53,0,0,56,0,0,0,0,0,82,87,77,68,52
l23,15=0,0,0,0,0,0,0,0,0,57,0,6,100,0,98,99,0,99,0,0,0,0,0,0,100,100,0,0,0,0,0,0,58,94,0,0,0,0,0,0
l24,15=0,0,0,0,0,0,0,0,62,0,0,99,100,0,98,100,100,100,0,0,0,40,0,100,0,100,0,0,0,0,0,0,55,0,0,0,66,0,0,0
l25,15=0,0,0,0,0,0,0,0,0,0,0,98,98,57,95,96,20,98,0,0,0,0,0,86,96,0,91,0,75,6,0,53,49,87,97,0,0,0,0,0
l26,15=0,0,0,0,0,0,0,0,0,0,0,0,0,0,0,0,0,0,0,74,73,0,74,0,0,88,0,81,96,95,100,99,76,76,94,0,0,0,0,0
l27,15=0,0,0,0,0,0,0,0,0,0,0,0,0,0,0,0,0,0,0,0,0,0,0,0,0,0,92,0,96,97,100,94,77,87,94,0,0,0,0,0
l28,15=0,0,0,0,0,0,0,0,0,0,0,0,0,0,0,0,0,0,0,0,0,16,0,0,0,91,96,83,0,97,100,98,76,89,95,0,0,0,0,0
l29,15=0,0,0,0,0,0,0,0,0,0,0,0,0,0,0,0,0,0,0,73,0,0,83,0,0,5,96,83,96,0,100,97,80,87,95,0,0,0,0,0
l30,15=0,0,0,0,0,0,0,0,0,0,0,0,0,0,0,0,0,0,0,0,0,0,0,0,0,0,93,83,96,97,0,92,76,87,0,0,0,0,0,0
l31,15=0,0,0,0,0,0,0,0,0,0,0,0,0,0,0,0,0,0,0,0,0,0,0,0,0,87,96,75,96,96,97,0,84,94,97,0,0,0,0,0
l32,15=0,0,0,0,0,0,0,0,0,0,0,0,52,0,0,0,0,0,0,0,0,0,0,75,94,95,94,77,96,96,99,99,0,93,97,0,0,0,0,0
l33,15=0,0,0,0,0,0,0,0,0,0,0,0,73,0,94,0,80,87,0,0,0,7,0,87,0,96,90,84,98,96,97,99,97,0,98,0,0,0,0,0
l34,15=0,0,0,0,0,0,0,0,0,0,0,0,0,0,0,0,55,6,0,0,0,58,0,0,70,95,92,75,96,94,0,99,84,94,0,0,0,0,0,0
l35,15=0,0,0,0,0,0,0,0,0,0,0,0,31,0,0,64,79,0,0,74,60,34,45,0,0,0,0,0,0,0,0,0,0,0,0,0,98,89,92,92
l36,15=0,0,0,0,0,0,0,0,0,0,0,77,39,0,0,0,88,61,0,80,61,57,54,0,51,0,0,0,0,0,0,0,0,0,0,97,0,91,99,57
l37,15=0,0,0,0,0,0,0,0,0,0,0,0,0,0,0,0,57,0,0,0,0,43,48,0,0,0,0,0,0,0,0,0,0,0,0,96,97,0,79,59
l38,15=0,0,0,0,0,0,0,0,0,0,0,72,31,0,43,81,90,79,0,78,63,57,48,0,0,0,0,0,0,0,0,0,0,0,0,95,98,91,0,60
l39,15=0,0,0,0,0,0,0,0,0,0,0,0,0,0,0,0,8,0,0,78,59,52,47,0,0,0,0,0,0,0,0,0,0,0,0,94,97,88,95,0

