t=2016-04-13_02.03.52

n=40

q0=1
q1=1
q2=1
q3=1
q4=1
q5=1
q6=1
q7=1
q8=1
q9=1
q10=1
q11=1
q12=1
q13=1
q14=1
q15=1
q16=1
q17=1
q18=1
q19=1
q20=1
q21=1
q22=1
q23=1
q24=1
q25=1
q26=1
q27=1
q28=1
q29=1
q30=1
q31=1
q32=1
q33=1
q34=1
q35=1
q36=1
q37=1
q38=1
q39=1

a0=0x141592000c576ce6
a1=0x141592000c5aedbc
a2=0x141592000c5750f4
a3=0x141592000c576658
a4=0x141592000c575890
a5=0x141592000c574ffa
a6=0x141592000c5acf11
a7=0x141592000d9df361
a8=0x141592000c576300
a9=0x141592000c5779b6
a10=0x141592000c5762b9
a11=0x141592000c5af078
a12=0x141592000c575517
a13=0x141592000c5752c3
a14=0x141592000c5a4baa
a15=0x141592000c5776e7
a16=0x141592000c58cdeb
a17=0x141592000c5881fc
a18=0x141592000bd81d33
a19=0x141592000bd84d6a
a20=0x141592000c577233
a21=0x141592000c574527
a22=0x141592000c5746a3
a23=0x141592000c574da3
a24=0x141592000c5741c9
a25=0x141592000da244ea
a26=0x141592000c5ae886
a27=0x141592000c57510e
a28=0x141592000c5ab6c8
a29=0x141592000c574d05
a30=0x141592000edae61f
a31=0x141592000c57667e
a32=0x141592000c577f43
a33=0x141592000c576449
a34=0x1415920010f4117a
a35=0x141592000c575966
a36=0x141592000c574d35
a37=0x141592000c576fb1
a38=0x141592000c5aea5d
a39=0x141592000c59f23f

l0,0=0,80,88,90,84,88,84,79,43,87,89,0,0,0,0,0,0,0,0,0,0,0,0,0,0,0,0,0,0,0,0,0,0,0,0,0,0,0,0,0
l1,0=85,0,90,88,85,89,71,83,69,79,89,0,0,14,0,0,0,0,0,0,0,0,0,0,0,0,0,0,0,0,0,0,0,0,0,0,0,0,0,0
l2,0=80,85,0,79,85,89,91,85,19,84,90,0,0,75,0,0,0,0,0,0,0,0,0,0,0,0,0,0,0,0,0,0,0,0,0,0,0,0,0,0
l3,0=89,84,87,0,84,85,85,73,60,0,80,0,0,0,0,0,0,0,0,0,0,0,0,0,0,0,0,0,0,0,0,0,0,0,0,0,0,0,0,0
l4,0=85,85,90,88,0,87,84,72,62,80,85,0,0,68,0,0,0,0,0,0,0,0,0,0,0,0,0,0,0,0,0,0,0,0,0,0,0,0,0,0
l5,0=81,85,90,78,82,0,85,79,71,86,84,54,0,57,0,0,0,0,0,0,0,0,0,0,0,0,0,0,0,0,0,0,0,0,0,0,0,0,0,0
l6,0=79,32,94,77,77,74,0,81,72,80,83,49,0,49,0,47,47,0,0,0,0,0,0,0,0,0,0,0,0,0,0,0,0,0,0,0,0,0,0,0
l7,0=39,69,85,76,78,71,83,0,76,84,87,77,0,29,0,42,0,0,0,0,0,0,0,0,0,0,0,0,0,0,0,0,0,0,0,0,0,0,0,0
l8,0=0,34,0,48,74,70,84,70,0,92,64,83,72,89,50,78,73,54,0,0,0,77,0,38,46,0,0,0,0,0,0,0,0,0,0,0,0,0,55,0
l9,0=76,27,87,0,68,90,78,81,94,0,92,75,56,82,2,57,60,70,0,0,0,0,51,0,0,0,0,0,0,0,0,0,0,0,0,0,0,0,0,0
l10,0=78,72,88,65,77,73,77,85,69,95,0,82,54,85,0,76,0,0,0,0,0,0,0,0,0,0,0,0,0,0,0,0,0,0,0,0,0,0,0,0
l11,0=0,0,0,0,0,42,42,51,48,47,57,0,90,59,55,94,76,96,0,19,0,25,0,0,31,9,0,0,0,0,0,0,0,0,0,0,73,0,65,0
l12,0=0,0,0,0,0,0,0,0,39,37,17,86,0,81,83,94,69,99,0,0,22,61,0,84,91,77,0,0,0,0,0,0,0,29,0,0,56,0,70,0
l13,0=0,0,43,0,56,1,60,36,93,85,87,85,84,0,85,84,55,85,0,25,0,73,62,54,36,22,0,0,0,0,0,0,0,0,0,0,0,0,51,0
l14,0=0,0,0,0,0,0,0,0,45,18,0,83,84,32,0,64,78,89,0,0,24,0,70,60,36,52,0,0,0,0,0,0,0,33,0,0,21,0,56,0
l15,0=0,0,0,0,0,0,43,31,49,39,53,96,93,52,52,0,67,86,0,0,10,0,46,26,55,0,0,0,0,0,0,0,0,0,0,0,42,0,69,0
l16,0=0,0,0,0,0,0,38,0,47,34,0,72,62,16,28,41,0,93,0,26,22,71,71,26,30,0,0,0,0,0,0,0,0,19,0,47,55,19,78,62
l17,0=0,0,0,0,0,0,0,0,35,37,0,89,93,33,30,65,88,0,0,0,30,73,44,0,31,28,0,0,0,0,0,0,0,32,0,0,76,1,48,0
l18,0=0,0,0,0,0,0,0,0,0,0,0,0,0,0,0,0,0,0,0,0,84,0,76,0,0,0,0,0,0,0,0,0,0,0,0,0,0,0,0,0
l19,0=0,0,0,0,0,0,0,0,4,0,0,29,0,51,0,0,72,0,0,0,86,39,92,0,0,0,32,0,0,0,0,1,0,0,0,35,79,0,69,85
l20,0=0,0,0,0,0,0,0,0,0,0,0,0,48,0,13,5,55,67,54,91,0,92,92,0,0,0,0,0,0,0,0,0,0,0,17,43,85,87,92,98
l21,0=0,0,0,0,0,0,0,0,68,0,0,31,46,59,0,0,74,69,23,36,95,0,92,0,0,0,6,0,0,0,0,0,0,0,0,77,56,35,79,81
l22,0=0,0,0,0,0,0,0,0,23,18,0,0,0,21,13,18,74,42,33,91,95,92,0,0,0,0,7,0,0,0,0,4,0,0,0,75,94,58,79,85
l23,0=0,0,0,0,0,0,0,0,29,0,0,0,83,32,53,10,60,0,0,0,0,0,0,0,85,9,0,0,0,0,0,7,0,38,81,0,0,0,0,0
l24,0=0,0,0,0,0,0,0,0,50,0,0,80,92,31,78,69,72,84,0,0,0,0,1,87,0,49,0,0,0,0,0,0,27,39,68,0,0,0,0,0
l25,0=0,0,0,0,0,0,0,0,10,0,0,23,85,44,86,0,0,78,0,0,0,0,0,23,81,0,53,3,0,0,0,23,40,52,79,0,0,0,0,0
l26,0=0,0,0,0,0,0,0,0,0,0,0,0,0,0,0,0,0,0,0,63,0,2,18,0,0,48,0,75,96,84,92,93,73,56,62,0,0,0,0,0
l27,0=0,0,0,0,0,0,0,0,0,0,0,0,0,0,0,0,0,0,0,0,0,0,0,0,0,1,84,0,96,89,99,82,71,73,80,0,0,0,0,0
l28,0=0,0,0,0,0,0,0,0,0,0,0,0,0,0,0,0,0,0,0,0,0,0,0,0,0,0,87,99,0,89,99,90,76,60,79,0,0,0,0,0
l29,0=0,0,0,0,0,0,0,0,0,0,0,0,0,0,0,0,0,0,0,1,0,0,0,0,0,1,82,100,96,0,99,73,62,53,63,0,0,0,0,0
l30,0=0,0,0,0,0,0,0,0,0,0,0,0,0,0,0,0,0,0,0,0,0,0,0,0,0,0,79,100,96,89,0,62,68,67,0,0,0,0,0,0
l31,0=0,0,0,0,0,0,0,0,0,0,0,0,0,0,0,0,0,0,0,48,0,0,27,46,0,41,82,61,93,59,59,0,85,78,91,0,0,0,0,0
l32,0=0,0,0,0,0,0,0,0,0,0,0,0,0,0,0,0,0,0,0,0,0,0,0,11,46,49,70,62,72,51,65,88,0,87,94,0,0,0,0,0
l33,0=0,0,0,0,0,0,0,0,0,0,0,0,55,0,57,0,50,64,0,0,0,0,0,58,59,54,69,58,66,48,69,83,85,0,77,0,0,0,0,0
l34,0=0,0,0,0,0,0,0,0,0,0,0,0,0,0,0,0,0,0,0,0,40,0,0,63,56,69,72,64,82,53,0,94,92,67,0,0,0,0,0,0
l35,0=0,0,0,0,0,0,0,0,0,0,0,0,0,0,0,0,25,0,0,4,18,64,65,0,0,0,0,0,0,0,0,0,0,0,0,0,77,94,92,80
l36,0=0,0,0,0,0,0,0,0,0,0,0,52,22,0,1,24,44,66,0,28,41,50,91,0,0,0,0,0,0,0,0,0,0,0,0,87,0,97,92,96
l37,0=0,0,0,0,0,0,0,0,0,0,0,0,0,0,0,0,13,0,0,0,39,16,52,0,0,0,0,0,0,0,0,0,0,0,0,87,97,0,0,97
l38,0=0,0,0,0,0,0,0,0,29,0,0,49,72,21,4,51,85,19,0,19,45,83,86,0,0,0,0,0,0,0,0,0,0,0,0,87,97,0,0,97
l39,0=0,0,0,0,0,0,0,0,0,0,0,0,0,0,0,0,53,0,0,34,44,65,91,0,0,0,0,0,0,0,0,0,0,0,0,86,97,97,93,0

l0,1=0,88,64,89,86,77,66,0,67,79,69,0,0,4,0,0,0,0,0,0,0,0,0,0,0,0,0,0,0,0,0,0,0,0,0,0,0,0,0,0
l1,1=82,0,86,88,86,79,63,71,72,71,79,0,0,59,0,0,0,0,0,0,0,0,0,0,0,0,0,0,0,0,0,0,0,0,0,0,0,0,0,0
l2,1=61,90,0,85,82,81,74,75,0,84,80,0,0,0,0,17,0,0,0,0,0,0,0,0,0,0,0,0,0,0,0,0,0,0,0,0,0,0,0,0
l3,1=85,88,84,0,77,76,54,59,0,0,71,0,0,0,0,0,0,0,0,0,0,0,0,0,0,0,0,0,0,0,0,0,0,0,0,0,0,0,0,0
l4,1=82,87,84,72,0,76,52,60,72,69,64,0,0,54,13,0,0,0,0,0,0,0,0,0,0,0,0,0,0,0,0,0,0,0,0,0,0,0,0,0
l5,1=72,88,86,80,82,0,63,79,72,77,74,0,0,40,0,0,0,0,0,0,0,0,0,0,0,0,0,0,0,0,0,0,0,0,0,0,0,0,0,0
l6,1=52,78,84,53,45,63,0,82,73,56,74,47,10,44,0,0,27,0,0,0,0,0,0,0,0,0,0,0,0,0,0,0,0,0,0,0,0,0,0,0
l7,1=0,46,74,44,42,76,65,0,76,77,80,31,25,0,0,0,0,0,0,0,0,0,0,0,0,0,0,0,0,0,0,0,0,0,0,0,0,0,0,0
l8,1=34,31,0,0,67,43,57,79,0,90,68,69,1,72,57,38,54,37,0,0,0,42,41,16,0,0,0,0,0,0,0,0,0,0,0,0,0,0,0,0
l9,1=56,66,74,0,61,65,35,77,81,0,79,64,40,73,34,35,46,53,0,0,0,14,25,0,0,0,0,0,0,0,0,0,0,0,0,0,0,0,0,0
l10,1=46,79,81,59,67,69,64,85,72,87,0,47,0,72,0,29,6,0,0,0,0,4,0,0,0,0,0,0,0,0,0,0,0,0,0,0,0,0,0,0
l11,1=0,0,0,0,0,0,22,16,49,43,41,0,78,81,62,49,50,77,0,22,11,5,0,4,31,0,0,0,0,0,0,0,0,0,0,4,42,0,28,0
l12,1=0,0,0,0,0,0,0,0,8,40,0,77,0,66,71,43,54,80,0,0,27,27,18,67,86,40,0,0,0,0,0,0,0,11,0,0,1,0,30,0
l13,1=0,6,0,0,22,0,18,0,73,81,72,82,71,0,64,16,55,69,0,15,18,30,34,30,25,18,0,0,0,0,0,0,0,0,0,0,0,0,28,0
l14,1=0,0,0,0,14,0,0,0,44,37,0,59,81,63,0,18,56,56,0,0,26,25,30,67,41,41,0,0,0,0,0,0,0,0,0,0,0,0,0,0
l15,1=0,0,2,0,0,0,0,0,49,45,40,88,82,44,36,0,35,66,0,0,0,0,31,17,49,0,0,0,0,0,0,0,0,0,0,0,38,0,3,0
l16,1=0,0,0,0,0,0,5,0,39,33,0,39,48,45,54,6,0,59,0,6,26,35,45,23,22,13,0,0,0,0,0,0,4,24,0,18,33,2,14,15
l17,1=0,0,0,0,0,0,0,0,39,36,0,68,84,56,44,27,61,0,0,0,23,0,39,26,31,4,0,0,0,0,0,0,0,33,0,0,42,0,1,0
l18,1=0,0,0,0,0,0,0,0,0,0,0,0,0,0,0,0,0,0,0,30,63,55,64,0,0,0,0,0,0,0,0,0,0,0,0,0,0,0,0,0
l19,1=0,0,0,0,0,0,0,0,0,0,0,14,0,32,0,0,13,0,22,0,66,36,74,0,0,0,38,0,0,0,0,15,0,0,0,23,52,8,59,47
l20,1=0,0,0,0,0,0,0,0,0,0,0,0,38,32,29,0,54,37,41,74,0,78,74,0,0,0,0,0,0,0,0,1,0,0,0,23,60,33,71,45
l21,1=0,0,0,0,0,0,0,0,54,27,4,1,33,44,20,0,57,8,28,26,68,0,71,0,0,0,13,0,0,0,0,10,8,0,0,60,22,19,62,47
l22,1=0,0,0,0,0,0,0,0,35,19,0,0,21,33,11,6,57,28,34,76,70,77,0,0,2,0,6,0,0,0,0,20,0,0,0,40,66,16,32,48
l23,1=0,0,0,0,0,0,0,0,26,0,0,0,64,55,56,0,45,27,0,0,0,0,0,0,81,39,0,0,0,0,0,0,0,25,29,0,0,0,0,0
l24,1=0,0,0,0,0,0,0,0,0,0,0,51,80,45,64,38,51,56,0,0,0,0,15,72,0,43,0,0,0,0,0,0,34,41,14,0,0,0,0,0
l25,1=0,0,0,0,0,0,0,0,6,0,0,0,59,45,58,0,44,30,0,0,0,0,0,53,64,0,36,0,17,0,0,30,0,50,27,0,0,0,0,0
l26,1=0,0,0,0,0,0,0,0,0,0,0,0,0,0,0,0,0,0,0,35,0,2,14,0,0,33,0,61,74,79,81,70,79,65,43,0,0,0,0,0
l27,1=0,0,0,0,0,0,0,0,0,0,0,0,0,0,0,0,0,0,0,0,0,0,0,0,0,0,70,0,75,85,89,51,67,44,49,0,0,0,0,0
l28,1=0,0,0,0,0,0,0,0,0,0,0,0,0,0,0,0,0,0,0,5,0,0,0,0,0,19,84,85,0,85,86,65,51,48,50,0,0,0,0,0
l29,1=0,0,0,0,0,0,0,0,0,0,0,0,0,0,0,0,0,0,0,0,0,0,0,0,0,0,82,85,75,0,86,61,58,20,19,0,0,0,0,0
l30,1=0,0,0,0,0,0,0,0,0,0,0,0,0,0,0,0,0,0,0,0,0,0,0,0,0,0,70,88,75,85,0,45,51,52,0,0,0,0,0,0
l31,1=0,0,0,0,0,0,0,0,0,0,0,0,0,0,0,0,0,0,0,24,10,8,41,0,0,37,79,40,65,55,50,0,76,63,66,0,0,0,0,0
l32,1=0,0,0,0,0,0,0,0,0,0,0,0,0,0,0,0,3,0,0,0,0,1,0,0,20,0,70,20,20,28,20,67,0,63,81,0,0,0,0,0
l33,1=0,0,0,0,0,0,0,0,0,0,0,0,7,0,0,0,13,16,0,0,0,0,0,13,20,24,62,17,24,19,23,55,71,0,19,0,0,0,0,0
l34,1=0,0,0,0,0,0,0,0,0,0,0,0,0,0,0,0,0,0,0,0,7,0,0,37,24,34,53,22,53,25,0,67,85,53,0,0,0,0,0,0
l35,1=0,0,0,0,0,0,0,0,0,0,0,0,0,0,0,0,40,0,0,21,22,55,57,0,0,0,0,0,0,0,0,0,0,0,0,0,63,35,65,39
l36,1=0,0,0,0,0,0,0,0,0,0,0,34,8,0,0,13,25,21,0,29,40,14,67,0,0,0,0,0,0,0,0,0,0,0,0,42,0,35,42,39
l37,1=0,0,0,0,0,0,0,0,0,0,0,0,0,0,0,0,14,0,2,8,39,42,38,0,0,0,0,0,0,0,0,0,0,0,0,42,61,0,40,46
l38,1=0,0,0,0,0,0,0,0,0,0,0,32,37,40,0,0,41,0,0,30,43,63,48,0,0,0,0,0,0,0,0,0,0,0,0,67,63,31,0,45
l39,1=0,0,0,0,0,0,0,0,0,0,0,0,0,0,0,0,42,0,0,32,36,54,62,0,0,0,0,0,0,0,0,0,0,0,0,34,53,32,39,0

l0,2=0,86,79,76,79,70,76,72,70,74,69,0,0,1,0,0,0,0,0,0,0,0,0,0,0,0,0,0,0,0,0,0,0,0,0,0,0,0,0,0
l1,2=84,0,79,84,85,74,77,76,40,74,79,0,0,0,0,0,0,0,0,0,0,0,0,0,0,0,0,0,0,0,0,0,0,0,0,0,0,0,0,0
l2,2=75,86,0,79,78,80,82,81,36,80,79,0,0,0,0,19,0,0,0,0,0,0,0,0,0,0,0,0,0,0,0,0,0,0,0,0,0,0,0,0
l3,2=84,91,84,0,79,66,64,0,59,5,2,0,0,0,0,0,0,0,0,0,0,0,0,0,0,0,0,0,0,0,0,0,0,0,0,0,0,0,0,0
l4,2=79,86,74,71,0,70,75,66,0,76,59,0,0,0,0,0,0,0,0,0,0,0,0,4,0,0,0,0,0,0,0,0,0,0,0,0,0,0,0,0
l5,2=75,85,81,74,78,0,73,81,72,78,78,0,0,12,0,0,0,0,0,0,0,0,0,0,0,0,0,0,0,0,0,0,0,0,0,0,0,0,0,0
l6,2=69,84,81,37,73,63,0,69,39,74,75,22,32,20,0,28,0,0,0,0,0,0,0,0,0,0,0,0,0,0,0,0,0,0,0,0,0,0,0,0
l7,2=51,75,79,33,49,66,70,0,77,78,82,29,0,47,0,42,0,0,0,0,0,0,0,0,0,0,0,0,0,0,0,0,0,0,0,0,0,0,0,0
l8,2=25,1,0,20,0,35,25,73,0,85,71,40,0,70,13,55,44,46,0,0,0,46,25,0,22,0,0,0,0,0,0,0,0,0,0,0,0,0,5,0
l9,2=34,60,78,7,61,57,70,79,80,0,79,41,36,68,0,46,29,27,0,0,0,18,0,0,0,0,0,0,0,0,0,0,0,0,0,0,0,0,0,0
l10,2=35,81,74,9,21,65,80,81,76,82,0,31,0,65,0,26,0,12,0,0,0,0,0,1,0,0,0,0,0,0,0,0,0,0,0,0,0,0,0,0
l11,2=0,0,0,0,0,0,26,21,49,33,28,0,73,80,76,62,48,81,0,29,31,42,26,21,22,0,0,0,0,0,0,0,0,0,0,5,37,0,44,9
l12,2=0,0,0,0,0,0,18,0,0,31,0,80,0,44,84,61,53,87,0,0,0,42,0,61,88,76,0,0,0,0,0,0,0,0,0,0,0,0,44,0
l13,2=0,0,0,0,0,0,0,24,75,70,50,76,39,0,47,51,47,59,0,33,24,41,29,25,37,42,0,0,0,0,0,0,0,0,0,0,0,0,50,0
l14,2=0,0,0,0,0,0,0,0,28,0,0,68,78,47,0,40,58,56,0,0,28,2,0,63,74,71,0,0,0,0,0,0,0,36,0,0,0,0,45,0
l15,2=0,0,0,0,0,0,25,32,65,31,24,93,78,56,37,0,33,67,0,9,34,0,0,0,74,0,0,0,0,0,0,0,0,0,0,0,17,0,44,18
l16,2=0,0,0,0,0,0,0,0,35,17,0,31,44,35,52,19,0,62,0,13,41,43,43,0,40,43,0,0,0,0,0,0,0,22,0,39,41,0,46,26
l17,2=0,0,0,0,0,0,0,0,36,24,0,84,80,49,41,54,71,0,0,0,34,42,30,23,59,0,0,0,0,0,0,0,0,29,0,0,36,0,46,0
l18,2=0,0,0,0,0,0,0,0,0,0,0,0,0,0,0,0,0,0,0,53,45,55,47,0,0,0,0,0,0,0,0,0,0,0,0,0,0,0,0,0
l19,2=0,0,0,0,0,0,0,0,0,0,0,15,0,43,0,1,29,0,36,0,58,0,71,0,0,0,37,0,0,0,0,24,0,0,0,1,57,1,63,42
l20,2=0,0,0,0,0,0,0,0,0,0,0,5,0,26,17,30,58,33,30,69,0,72,66,0,0,0,0,0,0,0,0,0,0,0,16,46,63,56,70,43
l21,2=0,0,0,0,0,0,0,0,38,20,0,26,28,33,7,0,58,29,33,0,70,0,69,0,0,0,0,0,0,0,0,0,0,27,0,51,59,43,70,43
l22,2=0,0,0,0,0,0,0,0,32,0,0,16,5,36,0,0,58,31,35,75,65,72,0,0,0,0,3,0,0,18,0,24,0,0,0,65,64,45,29,43
l23,2=0,0,0,0,0,0,0,0,0,0,0,32,70,49,73,0,0,47,0,0,0,0,0,0,81,67,0,0,0,0,0,0,0,0,41,0,0,0,0,0
l24,2=0,0,0,0,0,0,0,0,45,0,0,34,73,55,69,55,54,69,0,0,5,0,0,65,0,75,0,0,0,0,0,0,0,32,21,0,26,0,0,0
l25,2=0,0,0,0,0,0,0,0,8,0,0,0,69,55,68,0,46,0,0,0,0,0,0,50,71,0,39,0,0,0,0,48,63,63,63,0,0,0,0,0
l26,2=0,0,0,0,0,0,0,0,0,0,0,0,0,0,0,0,0,0,0,47,0,0,3,0,0,46,0,9,71,77,76,74,76,76,66,0,0,0,0,0
l27,2=0,0,0,0,0,0,0,0,0,0,0,0,0,0,0,0,0,0,0,0,0,0,0,0,0,0,25,0,71,84,86,73,72,61,68,0,0,0,0,0
l28,2=0,0,0,0,0,0,0,0,0,0,0,0,0,0,0,0,0,0,0,0,0,0,0,0,0,0,87,75,0,88,81,67,50,59,55,0,0,0,0,0
l29,2=0,0,0,0,0,0,0,0,0,0,0,0,0,0,0,0,0,0,0,0,0,0,38,0,0,0,80,77,71,0,79,61,48,0,3,0,0,0,0,0
l30,2=0,0,0,0,0,0,0,0,0,0,0,0,0,0,0,0,0,0,0,0,0,0,0,0,0,0,79,85,64,76,0,44,47,51,45,0,0,0,0,0
l31,2=0,0,0,0,0,0,0,0,0,0,0,0,0,0,0,0,0,0,0,43,5,0,32,0,0,48,81,40,48,51,40,0,82,71,75,0,0,0,0,0
l32,2=0,0,0,0,0,0,0,0,0,0,0,0,0,0,0,0,0,0,0,0,0,0,0,0,0,46,67,37,40,56,47,74,0,76,89,0,0,0,0,0
l33,2=0,0,0,0,0,0,0,0,0,0,0,0,0,0,48,0,37,35,0,0,0,34,0,0,34,67,66,34,43,0,57,65,68,0,71,0,0,0,0,0
l34,2=0,0,0,0,0,0,0,0,0,0,0,0,0,0,0,0,1,0,0,0,33,0,0,29,38,50,66,30,40,33,34,74,87,81,0,0,0,0,0,0
l35,2=0,0,0,0,0,0,0,0,0,0,0,0,0,0,0,0,39,0,0,0,34,45,47,0,0,0,0,0,0,0,0,0,0,0,0,0,69,64,76,40
l36,2=0,0,0,0,0,0,0,0,0,0,0,28,0,4,0,1,57,38,0,50,56,62,55,0,3,0,0,0,0,0,0,0,0,0,0,72,0,61,76,39
l37,2=0,0,0,0,0,0,0,0,0,0,0,0,0,0,0,0,0,0,0,4,51,50,40,0,0,0,0,0,0,0,0,0,0,0,0,71,70,0,69,39
l38,2=0,0,0,0,0,0,0,0,0,0,0,25,15,42,28,18,36,30,0,43,62,67,10,0,0,0,0,0,0,0,0,0,0,0,0,73,70,63,0,45
l39,2=0,0,0,0,0,0,0,0,0,0,0,0,0,0,0,0,45,0,0,49,47,59,50,0,0,0,0,0,0,0,0,0,0,0,0,58,50,48,67,0

l0,3=0,74,75,87,83,86,82,76,0,59,0,0,0,0,0,0,0,0,0,0,0,0,0,0,0,0,0,0,0,0,0,0,0,0,0,0,0,0,0,0
l1,3=84,0,72,88,84,86,85,80,60,72,71,0,0,0,0,0,0,0,0,0,0,0,0,0,0,0,0,0,0,0,0,0,0,0,0,0,0,0,0,0
l2,3=84,67,0,87,85,89,90,84,76,71,85,0,0,61,0,0,0,0,0,0,0,0,0,0,0,0,0,0,0,0,0,0,0,0,0,0,0,0,0,0
l3,3=85,79,75,0,84,0,84,0,24,6,74,0,0,0,0,0,0,0,0,0,0,0,0,0,0,0,0,0,0,0,0,0,0,0,0,0,0,0,0,0
l4,3=37,73,86,88,0,89,82,2,0,39,32,0,0,33,0,0,0,0,0,0,0,0,0,0,0,0,0,0,0,0,0,0,0,0,0,0,0,0,0,0
l5,3=85,77,92,0,84,0,82,79,66,66,79,56,0,75,25,14,0,0,0,0,0,0,0,0,0,0,0,0,0,0,0,0,0,0,0,0,0,0,0,0
l6,3=81,80,92,83,80,87,0,86,77,75,92,82,70,67,0,54,79,0,0,0,0,0,0,0,0,0,0,0,0,0,0,0,0,0,0,0,0,0,0,0
l7,3=79,73,84,0,36,84,85,0,83,78,89,0,0,79,0,62,41,0,0,0,0,0,0,0,0,0,0,0,0,0,0,0,0,0,0,0,0,0,0,0
l8,3=0,12,33,6,0,20,53,83,0,79,85,80,18,83,1,78,64,37,0,0,0,38,31,0,27,0,0,0,0,0,0,0,0,0,0,0,0,0,20,0
l9,3=32,40,36,16,45,35,44,84,89,0,92,42,37,85,29,37,0,1,0,0,32,4,0,0,0,0,0,0,0,0,0,0,0,0,0,0,0,0,0,0
l10,3=0,35,87,46,37,86,87,87,83,82,0,46,5,83,20,30,0,0,0,0,0,0,0,20,14,0,0,0,0,0,0,0,0,0,0,0,0,0,22,0
l11,3=0,0,0,0,0,28,74,0,78,53,71,0,88,89,91,86,70,89,0,17,29,56,68,78,77,8,0,0,0,0,0,0,0,0,0,0,66,20,72,0
l12,3=0,0,0,0,0,0,34,0,23,29,0,96,0,40,98,86,38,95,0,30,0,29,18,83,95,89,0,0,0,0,0,0,0,2,0,28,0,0,35,0
l13,3=0,0,23,0,9,26,27,34,89,77,83,93,55,0,0,76,34,65,21,25,35,23,34,36,26,24,0,0,0,0,0,0,0,0,0,0,22,0,36,0
l14,3=0,0,0,0,0,11,0,0,24,28,11,95,91,0,0,28,54,32,0,0,32,0,0,92,95,63,0,0,0,0,0,0,0,0,0,0,0,0,39,0
l15,3=0,0,0,0,0,4,29,30,82,54,24,96,91,89,43,0,73,76,0,11,34,23,0,31,86,0,0,0,0,0,0,0,0,0,0,0,0,0,37,20
l16,3=0,0,0,0,0,0,32,11,37,0,0,39,52,38,82,34,0,78,15,4,82,52,81,0,31,22,0,0,0,0,0,0,0,24,0,0,36,24,36,34
l17,3=0,0,0,0,0,0,0,0,66,2,0,95,91,83,39,75,95,0,0,0,63,27,33,34,81,0,0,0,0,0,0,0,0,8,0,18,66,5,47,26
l18,3=0,0,0,0,0,0,0,0,0,0,0,0,0,60,0,0,32,0,0,64,52,30,40,0,0,0,0,0,0,0,0,0,0,0,0,0,0,0,0,0
l19,3=0,0,0,0,0,0,0,0,0,0,0,1,45,55,0,2,1,0,57,0,91,80,91,0,0,0,0,0,0,28,0,50,0,0,0,0,83,54,71,0
l20,3=0,0,0,0,0,0,0,0,0,24,0,6,0,74,60,64,88,69,57,83,0,87,93,0,65,0,0,0,0,0,0,0,0,0,18,13,90,89,88,88
l21,3=0,0,0,0,0,0,0,0,79,22,0,65,67,71,0,41,88,67,57,82,92,0,90,0,0,0,0,0,0,0,0,0,26,34,0,6,89,78,73,83
l22,3=0,0,0,0,0,0,0,0,60,0,0,67,37,71,0,0,88,54,36,92,96,83,0,0,0,0,62,0,0,51,0,0,0,0,0,94,91,66,87,87
l23,3=0,0,0,0,0,0,0,0,0,0,0,37,82,42,89,31,0,35,0,0,0,0,0,0,87,87,0,0,0,0,0,0,0,30,0,0,0,0,0,0
l24,3=0,0,0,0,0,0,0,0,35,0,6,72,91,36,86,74,82,77,0,0,36,0,0,92,0,84,0,0,0,0,0,0,0,57,0,0,30,0,27,0
l25,3=0,0,0,0,6,0,0,0,0,0,0,19,82,39,82,0,35,0,0,0,0,0,0,84,84,0,27,0,0,12,0,38,28,85,75,0,0,0,0,0
l26,3=0,0,0,0,0,0,0,0,0,0,0,0,0,0,0,0,0,0,0,0,0,0,62,0,0,34,0,82,96,99,92,96,85,41,75,0,0,0,0,0
l27,3=0,0,0,0,0,0,0,0,0,0,0,0,0,0,0,0,0,0,0,0,0,0,0,0,0,0,86,0,96,100,100,85,85,3,30,0,0,0,0,0
l28,3=0,0,0,0,0,0,0,0,0,0,0,0,0,0,0,0,0,0,0,0,0,0,0,0,0,0,96,99,0,100,88,90,83,81,71,0,0,0,0,0
l29,3=0,0,0,0,0,0,0,0,0,0,0,0,0,0,0,0,0,0,0,46,0,0,57,0,0,3,95,98,96,0,94,80,81,39,66,0,0,0,0,0
l30,3=0,0,0,0,0,0,0,0,0,0,0,0,0,0,0,0,0,0,0,0,0,0,0,0,0,0,89,99,89,92,0,72,84,62,0,0,0,0,0,0
l31,3=0,0,0,0,0,0,0,0,0,0,0,0,0,0,0,0,0,0,0,53,0,0,1,0,0,53,96,76,77,78,51,0,97,94,97,0,0,0,0,0
l32,3=0,0,0,0,0,0,0,0,0,0,0,0,1,0,0,0,0,0,0,0,0,30,0,0,0,73,85,69,77,82,80,99,0,92,97,0,0,0,0,0
l33,3=0,0,0,0,0,0,0,0,0,0,0,0,26,0,0,0,54,0,0,0,0,42,0,69,75,91,64,0,82,65,64,92,89,0,94,0,0,0,0,0
l34,3=0,0,0,0,0,0,0,0,0,0,0,0,0,0,5,0,0,0,0,0,55,0,0,39,21,85,85,36,78,82,24,95,97,97,0,0,0,0,0,0
l35,3=0,0,0,0,0,0,0,0,0,0,0,0,18,0,0,0,0,0,0,0,0,0,85,0,0,0,0,0,0,0,0,0,0,0,0,0,89,89,88,85
l36,3=0,0,0,0,0,0,0,0,0,0,0,51,9,39,0,0,79,77,0,63,77,67,79,0,20,0,0,0,0,0,0,0,0,0,0,88,0,87,88,74
l37,3=0,0,0,0,0,0,0,0,0,0,0,2,0,0,0,0,41,0,0,37,84,60,63,0,0,0,0,0,0,0,0,0,0,0,0,91,89,0,72,79
l38,3=0,0,0,0,0,0,0,0,13,0,0,74,58,70,81,62,80,62,0,58,92,66,81,0,6,0,0,0,0,0,0,0,0,0,0,94,91,77,0,85
l39,3=0,0,0,0,0,0,0,0,0,0,0,0,0,0,0,9,83,38,0,0,88,69,88,0,0,0,0,0,0,0,0,0,0,0,0,92,86,87,86,0

l0,4=0,89,58,97,0,86,94,87,0,91,61,0,0,0,0,0,0,0,0,0,0,0,0,0,0,0,0,0,0,0,0,0,0,0,0,0,0,0,0,0
l1,4=86,0,77,93,89,86,94,75,79,87,17,0,0,75,0,0,0,0,0,0,0,0,0,2,0,0,0,0,0,0,0,0,0,0,0,0,0,0,0,0
l2,4=86,89,0,93,88,86,94,84,0,87,82,0,0,79,0,0,0,0,0,0,0,0,0,0,0,0,0,0,0,0,0,0,0,0,0,0,0,0,0,0
l3,4=99,92,77,0,90,80,94,0,76,0,63,0,0,0,0,0,0,0,0,0,0,0,0,0,0,0,0,0,0,0,0,0,0,0,0,0,0,0,0,0
l4,4=0,89,70,85,0,82,83,81,80,80,0,0,0,62,0,0,0,0,0,0,0,0,0,60,0,0,0,0,0,0,0,0,0,0,0,0,0,0,0,0
l5,4=89,87,79,84,84,0,89,83,64,87,78,0,0,81,0,68,0,0,0,0,0,0,0,0,0,0,0,0,0,0,0,0,0,0,0,0,0,0,0,0
l6,4=85,89,77,84,77,82,0,88,78,87,87,82,74,0,0,66,79,0,0,0,0,0,0,0,0,0,0,0,0,0,0,0,0,0,0,0,0,0,0,0
l7,4=88,73,77,0,83,86,94,0,81,91,89,83,0,0,11,75,0,0,0,0,0,0,0,0,0,0,0,0,0,0,0,0,0,0,0,0,0,0,0,0
l8,4=0,71,0,72,74,5,78,82,0,91,70,82,81,89,68,74,83,79,0,0,50,79,67,21,42,0,0,0,0,0,0,0,0,0,0,0,0,0,0,0
l9,4=77,80,62,0,75,77,89,87,82,0,89,81,0,87,0,65,0,79,0,0,69,0,74,0,0,0,0,0,0,0,0,0,0,0,0,0,0,0,0,0
l10,4=69,5,73,76,0,84,94,88,80,91,0,84,80,87,76,76,0,76,0,0,0,0,0,15,0,0,0,0,0,0,0,0,0,0,0,0,0,0,0,0
l11,4=0,0,0,0,0,0,86,76,80,80,71,0,86,87,82,94,85,85,0,0,0,78,62,83,64,78,0,0,0,0,0,0,0,0,0,72,78,0,84,0
l12,4=0,0,0,0,0,0,15,0,75,0,64,89,0,87,88,79,86,94,0,29,59,0,0,85,89,88,0,0,0,0,0,0,51,37,0,0,16,0,84,0
l13,4=0,0,9,0,34,75,0,0,83,82,68,86,82,0,77,78,84,83,0,67,82,75,67,82,0,81,0,0,0,0,0,0,0,0,0,0,1,0,24,0
l14,4=0,0,0,0,0,0,0,0,77,0,65,89,98,86,0,0,86,85,0,0,85,0,0,89,95,86,0,0,0,0,0,3,0,84,59,0,0,0,85,0
l15,4=0,0,0,0,0,60,73,81,80,73,63,97,87,91,0,0,84,81,0,22,82,73,55,82,90,24,0,0,0,0,0,0,0,0,0,0,74,0,82,0
l16,4=0,0,0,0,0,0,79,0,74,0,0,88,87,87,84,82,0,94,65,77,91,85,71,76,88,82,0,0,0,0,0,0,0,65,0,82,73,0,92,80
l17,4=0,0,0,0,0,0,0,0,75,79,52,93,98,90,80,76,92,0,0,0,85,76,60,77,90,80,0,0,0,0,0,0,0,0,0,76,79,0,75,75
l18,4=0,0,0,0,0,0,0,0,0,0,0,0,0,0,0,0,88,0,0,89,17,89,73,0,0,0,0,0,0,0,0,0,0,0,0,0,0,0,0,0
l19,4=0,0,0,0,0,0,0,0,0,0,0,0,55,74,0,2,81,0,77,0,95,95,91,0,0,0,2,0,0,0,0,0,0,0,0,0,77,75,81,80
l20,4=0,0,0,0,0,0,0,0,37,60,0,0,72,82,71,75,88,84,1,91,0,92,90,0,79,0,0,0,33,0,0,0,42,0,0,73,90,72,93,80
l21,4=0,0,0,0,0,0,0,0,72,0,0,82,0,79,0,71,91,74,67,90,94,0,78,0,50,0,0,0,0,0,0,0,3,0,0,65,87,73,87,86
l22,4=0,0,0,0,0,0,0,0,66,70,0,75,0,79,0,56,89,68,68,98,95,92,0,0,0,0,74,0,0,48,0,0,0,42,0,86,86,82,93,72
l23,4=0,0,0,0,8,0,0,0,1,0,0,87,95,89,92,81,77,27,0,0,0,0,0,0,94,93,0,0,0,0,0,0,0,79,85,0,0,0,0,0
l24,4=0,0,0,0,0,0,0,0,62,0,0,80,95,0,91,83,86,90,0,0,85,7,0,97,0,87,0,0,0,0,0,0,0,85,0,0,0,0,0,0
l25,4=0,0,0,0,0,0,0,0,0,0,0,67,98,80,91,23,81,70,0,0,0,0,0,97,94,0,0,0,0,59,0,56,83,94,87,0,0,0,0,0
l26,4=0,0,0,0,0,0,0,0,0,0,0,0,0,0,0,0,0,0,0,23,0,0,62,0,0,0,0,92,100,100,99,100,99,77,97,0,0,0,0,0
l27,4=0,0,0,0,0,0,0,0,0,0,0,0,0,0,0,0,0,0,0,0,0,0,0,0,0,0,98,0,100,100,100,99,85,0,76,0,0,0,0,0
l28,4=0,0,0,0,0,0,0,0,0,0,0,0,0,0,0,0,0,0,0,64,83,0,0,0,0,4,100,100,0,100,95,92,96,92,96,0,0,0,0,0
l29,4=0,0,0,0,0,0,0,0,0,0,0,0,0,0,0,0,0,0,0,1,0,0,50,0,0,79,100,100,100,0,99,90,88,87,88,0,0,0,0,0
l30,4=0,0,0,0,0,0,0,0,0,0,0,0,0,0,0,0,0,0,0,0,0,0,0,0,0,0,100,100,97,100,0,98,88,87,0,0,0,0,0,0
l31,4=0,0,0,0,0,0,0,0,0,0,0,0,0,0,0,0,0,0,0,0,0,0,0,0,0,84,100,88,90,94,90,0,100,99,100,0,0,0,0,0
l32,4=0,0,0,0,0,0,0,0,0,0,0,0,84,0,0,0,0,0,0,0,79,0,0,0,0,95,98,90,99,95,94,100,0,99,100,0,0,0,0,0
l33,4=0,0,0,0,0,0,0,0,0,0,0,0,65,0,68,0,65,0,0,0,0,0,35,86,89,96,70,0,92,83,76,100,100,0,100,0,0,0,0,0
l34,4=0,0,0,0,0,0,0,0,0,0,0,0,0,0,70,0,0,0,0,0,8,0,0,95,54,95,98,77,99,99,1,100,100,100,0,0,0,0,0,0
l35,4=0,0,0,0,0,0,0,0,0,0,0,0,0,0,0,0,75,34,0,0,50,6,54,0,0,0,0,0,0,0,0,0,0,0,0,0,78,84,87,79
l36,4=0,0,0,0,0,0,0,0,0,0,0,64,41,5,0,59,68,77,0,59,84,71,53,0,0,0,0,0,0,0,0,0,0,0,0,87,0,84,90,85
l37,4=0,0,0,0,0,0,0,0,0,0,0,0,0,0,0,0,0,0,0,57,74,69,56,0,0,0,0,0,0,0,0,0,0,0,0,88,80,0,84,62
l38,4=0,0,0,0,0,0,0,0,0,0,0,82,79,16,71,70,81,31,0,75,94,75,66,0,0,0,0,0,0,0,0,0,0,0,0,89,90,79,0,79
l39,4=0,0,0,0,0,0,0,0,0,0,0,0,0,0,0,0,81,68,0,83,81,75,44,0,0,0,0,0,0,0,0,0,0,0,0,85,83,61,87,0

l0,5=0,63,80,86,82,79,84,81,8,60,70,0,0,0,0,0,0,0,0,0,0,0,0,0,0,0,0,0,0,0,0,0,0,0,0,0,0,0,0,0
l1,5=71,0,90,85,90,89,91,81,0,59,61,0,0,41,0,0,0,0,0,0,0,0,0,17,0,0,0,0,0,0,0,0,0,0,0,0,0,0,0,0
l2,5=71,77,0,82,83,85,91,80,0,63,70,0,0,0,0,0,0,0,0,0,0,0,0,0,0,0,0,0,0,0,0,0,0,0,0,0,0,0,0,0
l3,5=85,64,89,0,90,77,81,0,0,36,52,0,0,0,0,0,0,0,0,0,0,0,0,0,0,0,0,0,0,0,0,0,0,0,0,0,0,0,0,0
l4,5=71,74,87,86,0,86,83,75,84,52,62,0,0,74,0,25,0,0,0,0,0,0,0,0,0,0,0,0,0,0,0,0,0,0,0,0,0,0,0,0
l5,5=71,74,85,81,83,0,42,81,69,63,71,55,0,80,0,0,0,0,0,0,0,0,0,0,0,0,0,0,0,0,0,0,0,0,0,0,0,0,0,0
l6,5=71,66,84,81,81,24,0,85,65,63,76,71,0,0,0,0,24,0,0,0,0,0,0,0,0,0,0,0,0,0,0,0,0,0,0,0,0,0,0,0
l7,5=71,63,79,0,78,77,84,0,83,61,86,73,0,0,0,78,0,0,0,0,0,0,0,0,0,0,0,0,0,0,0,0,0,0,0,0,0,0,0,0
l8,5=0,0,0,15,76,67,73,80,0,64,70,75,33,85,64,69,24,23,0,0,3,22,14,49,53,0,0,0,0,0,0,0,0,0,0,0,0,0,0,0
l9,5=64,62,81,72,72,76,80,79,87,0,75,75,30,83,0,70,29,38,0,0,45,0,25,0,42,0,0,0,0,0,0,0,0,0,0,0,0,0,51,0
l10,5=61,57,81,73,70,77,81,82,83,68,0,75,3,69,60,68,11,22,0,0,0,0,0,0,0,0,0,0,0,0,0,0,0,0,0,0,0,0,0,0
l11,5=0,0,0,0,0,26,53,63,51,34,39,0,79,82,78,85,24,27,0,0,43,15,5,40,40,49,0,0,0,0,0,0,0,0,0,0,46,44,65,0
l12,5=0,0,0,0,0,0,0,0,30,9,0,77,0,69,86,63,47,83,0,0,31,0,0,54,71,74,0,0,0,0,0,0,26,37,0,43,29,0,58,0
l13,5=0,0,0,0,57,41,0,0,87,43,29,74,47,0,70,82,23,26,0,13,51,0,13,49,31,51,0,0,0,0,0,0,0,0,0,3,19,0,0,0
l14,5=0,0,0,0,0,0,0,0,36,0,29,54,82,69,0,61,26,22,0,0,54,0,3,71,79,75,0,0,0,0,0,0,0,46,49,0,0,0,62,0
l15,5=0,0,0,0,35,0,0,67,45,29,38,83,78,87,68,0,20,21,0,0,42,21,12,48,62,55,0,0,0,0,0,0,0,0,0,0,47,0,64,14
l16,5=0,0,0,0,0,0,38,0,31,21,0,42,52,53,77,46,0,28,0,44,56,18,15,22,56,49,0,0,0,0,0,9,0,4,0,53,31,18,69,16
l17,5=0,0,0,0,0,0,0,0,39,28,22,49,82,82,78,66,49,0,0,13,67,17,1,17,62,56,0,0,0,0,0,0,0,0,0,49,49,0,0,14
l18,5=0,0,0,0,0,0,0,0,0,0,0,0,0,0,0,0,0,0,0,32,0,66,41,0,0,0,0,0,0,0,0,0,0,0,0,0,0,0,0,0
l19,5=0,0,0,0,0,0,0,0,0,0,0,0,0,14,0,0,43,0,25,0,68,69,72,0,0,0,1,0,12,27,0,13,0,0,0,42,32,34,39,65
l20,5=0,0,0,0,0,0,0,0,0,11,0,9,14,38,44,21,28,28,0,69,0,70,72,0,12,0,11,0,7,0,0,0,21,0,0,51,39,45,71,17
l21,5=0,0,0,0,0,0,0,0,30,5,0,16,0,3,0,41,29,12,40,58,73,0,64,0,29,0,0,0,0,0,0,13,0,0,0,56,40,44,55,39
l22,5=0,0,0,0,0,0,0,0,27,20,0,1,11,40,6,38,16,0,35,75,76,67,0,0,0,0,16,0,0,0,0,0,0,0,0,48,56,46,71,19
l23,5=0,0,0,0,0,0,0,0,38,0,0,39,74,69,79,63,19,0,0,0,0,0,0,0,78,75,0,0,0,0,0,0,0,52,72,0,0,0,0,0
l24,5=0,0,0,0,0,0,0,0,38,23,0,34,79,46,86,71,38,39,0,0,43,15,0,87,0,72,0,0,0,0,0,0,0,47,16,0,8,0,0,0
l25,5=0,0,0,0,0,0,0,0,0,0,0,28,76,54,76,49,24,17,0,0,0,0,0,83,66,0,0,0,0,19,0,0,42,54,68,0,0,0,0,0
l26,5=0,0,0,0,0,0,0,0,0,0,0,0,0,0,0,0,0,0,0,34,43,0,39,0,0,0,0,68,92,91,87,75,78,47,66,0,0,0,0,0
l27,5=0,0,0,0,0,0,0,0,0,0,0,0,0,0,0,0,0,0,0,0,0,0,0,0,0,0,66,0,89,79,94,60,61,0,0,0,0,0,0,0
l28,5=0,0,0,0,0,0,0,0,0,0,0,0,0,0,0,0,0,0,0,49,52,0,0,0,0,0,82,86,0,92,94,62,72,63,66,0,0,0,0,0
l29,5=0,0,0,0,0,0,0,0,0,0,0,0,0,0,0,0,0,0,0,47,0,0,0,0,0,17,82,86,92,0,91,47,62,52,59,0,0,0,0,0
l30,5=0,0,0,0,0,0,0,0,0,0,0,0,0,0,0,0,0,0,0,0,0,0,0,0,0,0,76,86,92,87,0,62,0,57,0,0,0,0,0,0
l31,5=0,0,0,0,0,0,0,0,0,0,0,0,0,0,0,0,10,0,0,31,6,3,0,1,0,0,71,55,44,38,54,0,84,70,80,0,0,0,0,0
l32,5=0,0,0,0,0,0,0,0,0,0,0,0,55,0,0,0,0,0,0,0,56,0,0,0,0,63,68,62,56,59,37,82,0,71,86,0,0,0,0,0
l33,5=0,0,0,0,0,0,0,0,0,0,0,0,30,0,59,0,2,0,0,0,0,0,0,52,55,63,52,0,52,60,66,64,68,0,76,0,0,0,0,0
l34,5=0,0,0,0,0,0,0,0,0,0,0,0,28,0,50,0,0,0,0,0,3,0,0,69,41,54,61,0,51,55,0,76,89,85,0,0,0,0,0,0
l35,5=0,0,0,0,0,0,0,0,0,0,0,0,16,3,0,0,19,4,0,30,31,27,7,0,0,0,0,0,0,0,0,0,0,0,0,0,48,57,52,36
l36,5=0,0,0,0,0,0,0,0,1,0,0,22,18,26,0,40,14,14,0,37,42,16,13,0,5,0,0,0,0,0,0,0,0,0,0,65,0,60,54,40
l37,5=0,0,0,0,0,0,0,0,0,0,0,3,0,0,0,0,3,0,0,34,42,16,10,0,0,0,0,0,0,0,0,0,0,0,0,56,51,0,54,12
l38,5=0,0,0,0,0,0,0,0,0,9,0,27,28,0,50,52,21,0,0,42,64,18,19,0,0,0,0,0,0,0,0,0,0,0,0,64,48,61,0,27
l39,5=0,0,0,0,0,0,0,0,0,0,0,0,0,0,0,2,11,0,0,43,38,17,7,0,0,0,0,0,0,0,0,0,0,0,0,59,57,26,61,0

l0,6=0,84,72,75,83,82,60,41,58,24,77,0,0,0,0,0,0,0,0,0,0,0,0,0,0,0,0,0,0,0,0,0,0,0,0,0,0,0,0,0
l1,6=78,0,83,77,83,74,60,18,49,72,60,0,0,0,0,0,0,0,0,0,0,0,0,4,0,0,0,0,0,0,0,0,0,0,0,0,0,0,0,0
l2,6=74,80,0,77,79,75,60,72,1,72,79,0,0,0,0,0,0,0,0,0,0,0,0,0,0,0,0,0,0,0,0,0,0,0,0,0,0,0,0,0
l3,6=73,84,82,0,84,74,52,0,0,58,43,0,0,0,0,0,0,0,0,0,0,0,0,1,0,0,0,0,0,0,0,0,0,0,0,0,0,0,0,0
l4,6=80,84,83,82,0,79,61,1,56,49,67,0,0,59,0,0,0,0,0,0,0,0,0,3,0,0,0,0,0,0,0,0,0,0,0,0,0,0,0,0
l5,6=73,79,80,74,79,0,60,77,65,72,80,0,0,0,0,0,0,0,0,0,0,0,0,0,0,0,0,0,0,0,0,0,0,0,0,0,0,0,0,0
l6,6=62,79,71,58,70,59,0,79,57,72,80,49,4,0,0,0,35,0,0,0,0,0,0,0,0,0,0,0,0,0,0,0,0,0,0,0,0,0,0,0
l7,6=34,26,71,0,11,73,64,0,67,70,85,61,0,0,0,61,0,0,0,0,0,0,0,0,0,0,0,0,0,0,0,0,0,0,0,0,0,0,0,0
l8,6=33,38,0,0,28,29,38,59,0,73,74,62,38,76,20,28,33,43,0,0,37,30,21,17,34,0,0,0,0,0,0,0,0,0,0,0,0,0,0,0
l9,6=0,62,66,51,26,68,56,68,73,0,80,53,41,69,36,57,28,27,0,0,8,0,13,3,0,0,0,0,0,0,0,0,0,0,0,0,0,0,7,0
l10,6=58,47,66,25,36,59,55,80,68,75,0,53,0,46,0,33,32,0,0,0,0,0,0,0,0,0,0,0,0,0,0,0,0,0,0,0,0,0,0,0
l11,6=0,0,0,0,0,0,33,34,54,47,50,0,55,42,33,69,37,39,0,0,12,0,0,0,41,29,0,0,0,0,0,0,0,0,0,0,3,14,25,0
l12,6=0,0,0,0,0,0,0,0,33,36,0,65,0,36,59,36,54,54,0,0,0,0,0,25,67,66,0,0,0,0,0,0,0,24,4,0,16,0,16,0
l13,6=0,0,0,0,19,0,0,0,71,62,44,43,39,0,28,35,29,38,0,28,18,0,18,6,42,0,0,0,0,0,0,0,0,0,0,29,29,0,23,0
l14,6=0,0,0,0,0,0,0,0,35,41,0,53,63,45,0,28,32,45,0,0,38,0,16,34,55,57,0,0,0,0,0,0,0,21,0,0,0,0,19,0
l15,6=0,0,0,0,0,0,0,43,41,50,47,73,54,53,28,0,36,42,0,0,6,40,21,21,48,43,0,0,0,0,0,0,0,0,0,0,33,0,26,0
l16,6=0,0,0,0,0,0,23,0,33,31,38,46,52,19,24,29,0,44,11,27,8,38,21,4,42,30,0,0,0,0,0,0,0,0,0,21,35,11,28,20
l17,6=0,0,0,0,0,0,0,0,48,38,0,49,53,50,33,33,42,0,0,0,51,39,0,7,50,35,0,0,0,0,0,0,0,11,0,0,35,0,24,0
l18,6=0,0,0,0,0,0,0,0,0,0,0,0,0,0,0,0,32,0,0,36,1,37,0,0,0,0,0,0,0,0,0,0,0,0,0,0,0,0,0,0
l19,6=0,0,0,0,0,0,0,0,0,0,0,0,0,26,0,0,25,0,17,0,55,51,57,0,0,0,2,0,0,33,0,25,0,0,0,0,28,0,22,41
l20,6=0,0,0,0,0,0,0,0,30,4,0,0,0,5,21,0,3,32,0,61,0,60,62,0,0,0,0,0,0,0,0,21,0,15,0,36,38,23,32,35
l21,6=0,0,0,0,0,0,0,0,34,6,0,0,25,0,0,27,34,31,19,45,58,0,50,0,0,0,0,0,0,0,0,6,0,0,0,45,35,10,27,43
l22,6=0,0,0,0,0,0,0,0,30,29,0,0,18,26,20,24,34,0,0,56,61,52,0,0,0,0,25,0,0,0,0,0,0,0,0,33,40,37,31,39
l23,6=0,0,0,8,0,0,0,0,38,10,0,0,52,24,57,32,28,6,0,0,0,0,0,0,69,70,0,0,0,0,0,16,0,24,26,0,0,0,0,0
l24,6=0,0,0,0,0,0,0,0,39,0,0,38,77,46,55,53,40,40,0,0,0,0,0,56,0,58,0,0,0,0,0,0,0,25,8,0,0,0,0,0
l25,6=0,0,0,0,0,0,0,0,4,0,0,14,76,10,61,23,24,27,0,0,0,0,0,55,59,0,0,0,0,3,0,0,20,48,10,0,0,0,0,0
l26,6=0,0,0,0,0,0,0,0,0,0,0,0,0,0,0,0,0,0,0,10,10,0,29,0,0,0,0,61,75,74,68,61,68,32,36,0,0,0,0,0
l27,6=0,0,0,0,0,0,0,0,0,0,0,0,0,0,0,0,0,0,0,0,0,0,0,0,0,0,64,0,69,74,85,48,45,0,0,0,0,0,0,0
l28,6=0,0,0,0,0,0,0,0,0,0,0,0,0,0,0,0,0,0,0,28,25,13,0,0,0,0,76,82,0,80,80,49,45,50,43,0,0,0,0,0
l29,6=0,0,0,0,0,0,0,0,0,0,0,0,0,0,0,0,0,0,0,31,0,0,0,0,0,0,72,84,75,0,42,31,36,32,28,0,0,0,0,0
l30,6=0,0,0,0,0,0,0,0,0,0,0,0,0,0,0,0,0,0,0,0,0,0,0,0,0,0,71,87,70,44,0,39,0,8,26,0,0,0,0,0
l31,6=0,0,0,0,0,0,0,0,0,0,0,0,0,0,0,0,0,0,0,36,25,0,0,16,0,0,70,44,51,41,47,0,70,66,59,0,0,0,0,0
l32,6=0,0,0,0,0,0,0,0,0,0,0,0,0,0,0,0,0,0,0,0,0,0,0,0,0,40,68,34,44,46,4,70,0,68,73,0,0,0,0,0
l33,6=0,0,0,0,0,0,0,0,0,0,0,0,53,0,48,0,0,25,0,0,32,0,0,41,45,54,41,0,46,46,34,60,65,0,61,0,0,0,0,0
l34,6=0,0,0,0,0,0,0,0,0,0,0,0,33,0,0,0,0,0,0,0,0,0,0,34,29,34,49,0,46,40,36,59,83,60,0,0,0,0,0,0
l35,6=0,0,0,0,0,0,0,0,0,0,0,0,0,16,0,0,21,0,0,0,39,37,18,0,0,0,0,0,0,0,0,0,0,0,0,0,49,47,27,45
l36,6=0,0,0,0,0,0,0,0,0,0,0,0,13,12,0,10,31,12,0,17,41,29,28,0,0,0,0,0,0,0,0,0,0,0,0,48,0,33,37,49
l37,6=0,0,0,0,0,0,0,0,0,0,0,12,0,0,0,0,14,0,0,0,34,0,25,0,0,0,0,0,0,0,0,0,0,0,0,51,52,0,25,40
l38,6=0,0,0,0,0,0,0,0,0,1,0,37,24,33,8,23,35,30,0,25,44,37,25,0,0,0,0,0,0,0,0,0,0,0,0,45,46,28,0,44
l39,6=0,0,0,0,0,0,0,0,0,0,0,0,0,0,0,0,20,0,0,40,40,41,35,0,0,0,0,0,0,0,0,0,0,0,0,46,47,40,33,0

l0,7=0,94,82,84,92,93,87,0,79,73,84,0,0,0,0,0,0,0,0,0,0,0,0,35,0,0,0,0,0,0,0,0,0,0,0,0,0,0,0,0
l1,7=89,0,92,87,90,87,92,75,53,73,79,0,0,0,0,0,0,0,0,0,0,0,0,0,0,0,0,0,0,0,0,0,0,0,0,0,0,0,0,0
l2,7=87,90,0,85,90,87,92,69,76,82,0,0,0,0,0,0,0,0,0,0,0,0,0,0,0,0,0,0,0,0,0,0,0,0,0,0,0,0,0,0
l3,7=88,90,87,0,94,79,80,62,72,67,83,0,0,0,0,0,0,0,0,0,0,0,0,0,0,0,0,0,0,0,0,0,0,0,0,0,0,0,0,0
l4,7=88,90,87,91,0,87,92,45,82,34,88,0,0,57,0,0,0,0,0,0,0,0,0,0,0,0,0,0,0,0,0,0,0,0,0,0,0,0,0,0
l5,7=88,85,84,75,91,0,92,82,77,80,88,0,0,2,0,8,0,0,0,0,0,0,0,0,0,0,0,0,0,0,0,0,0,0,0,0,0,0,0,0
l6,7=62,91,90,40,91,88,0,82,0,85,89,36,0,64,0,0,26,0,0,0,0,0,0,0,0,0,0,0,0,0,0,0,0,0,0,0,0,0,0,0
l7,7=0,51,44,38,63,88,93,0,81,85,89,5,21,69,0,60,0,7,0,0,0,0,0,0,0,0,0,0,0,0,0,0,0,0,0,0,0,0,0,0
l8,7=49,14,31,37,67,67,0,58,0,85,84,56,46,80,53,64,36,59,0,3,3,0,25,0,0,0,0,0,0,0,0,0,0,0,0,0,0,0,2,0
l9,7=37,19,46,31,32,72,87,79,86,0,90,50,42,76,40,66,3,23,0,0,9,5,15,0,0,18,0,0,0,0,0,0,0,0,0,0,0,0,12,0
l10,7=56,19,0,36,68,82,87,83,85,85,0,67,0,3,0,57,41,7,0,0,0,0,0,0,0,0,0,0,0,0,0,0,0,0,0,0,0,0,0,0
l11,7=0,0,0,0,0,0,24,1,59,19,19,0,61,58,44,72,43,40,0,0,8,6,15,19,29,0,0,0,0,0,0,0,0,0,0,25,29,1,12,9
l12,7=0,0,0,0,0,0,0,0,33,11,0,58,0,27,66,66,63,54,0,2,9,8,0,36,84,63,0,0,0,0,0,0,0,17,4,0,0,0,7,0
l13,7=0,0,0,5,33,0,28,36,86,44,0,38,31,0,56,62,25,48,0,0,7,0,13,19,34,32,0,0,0,0,0,0,0,0,0,37,18,0,11,0
l14,7=0,0,0,0,0,0,0,0,38,10,0,25,63,48,0,46,45,56,0,0,8,14,18,64,45,52,0,0,0,0,0,0,0,14,0,0,1,0,11,0
l15,7=0,0,0,0,6,1,0,33,62,23,19,83,71,66,50,0,26,43,0,1,10,15,18,35,23,26,0,0,0,0,0,0,0,0,0,0,36,15,12,0
l16,7=0,0,0,0,0,0,24,0,35,2,10,28,57,31,44,37,0,51,27,0,12,16,24,27,29,24,0,0,0,0,0,27,10,9,0,45,43,23,13,11
l17,7=0,0,0,0,0,0,0,0,46,12,2,27,54,48,64,42,52,0,0,0,11,16,0,17,42,0,0,0,0,0,0,0,0,13,0,0,39,0,13,0
l18,7=0,0,0,0,0,0,0,0,0,0,0,0,0,0,0,0,24,0,0,29,40,19,0,0,0,0,0,0,0,0,0,0,0,0,0,0,0,0,0,0
l19,7=0,0,0,0,0,0,0,0,1,0,0,0,20,0,0,2,0,0,34,0,60,49,60,0,0,0,0,0,12,25,0,38,0,0,0,21,0,0,0,43
l20,7=0,0,0,0,0,0,0,0,0,10,0,7,29,26,25,30,31,39,35,63,0,59,66,0,0,0,13,0,10,0,0,0,0,8,0,49,46,35,26,20
l21,7=0,0,0,0,0,0,0,0,18,15,0,6,29,2,31,36,32,39,24,29,68,0,59,0,0,0,0,0,0,0,0,0,0,0,0,44,36,37,28,31
l22,7=0,0,0,0,0,0,0,0,33,15,0,14,1,33,30,30,31,0,0,62,69,56,0,0,0,0,31,0,0,12,0,0,0,0,0,0,44,37,44,44
l23,7=10,0,0,0,0,0,0,0,0,0,0,19,52,37,56,41,26,21,0,0,0,0,0,0,88,70,0,0,0,0,0,0,0,18,26,0,0,0,0,0
l24,7=0,0,0,0,0,0,0,0,0,2,0,25,78,41,48,30,40,53,0,0,0,0,0,75,0,63,0,0,0,0,0,0,0,19,12,0,0,0,0,0
l25,7=0,0,0,0,5,0,0,0,0,14,0,0,72,40,53,31,20,0,0,0,0,0,0,74,74,0,0,0,0,13,0,0,40,47,0,0,0,0,10,0
l26,7=0,0,0,0,0,0,0,0,0,0,0,0,0,0,0,0,0,0,0,0,32,0,38,0,0,0,0,62,71,83,64,71,71,51,45,0,0,0,0,0
l27,7=0,0,0,0,0,0,0,0,0,0,0,0,0,0,0,0,0,0,0,0,0,0,0,0,0,0,68,0,65,83,88,39,61,0,1,0,0,0,0,0
l28,7=0,0,0,0,0,0,0,0,0,0,0,0,0,0,0,0,0,0,0,43,38,18,0,0,0,0,77,86,0,87,90,61,51,53,34,0,0,0,0,0
l29,7=0,0,0,0,0,0,0,0,0,0,0,0,0,0,0,0,0,0,0,38,0,0,41,0,0,24,72,82,71,0,88,58,62,44,3,0,0,0,0,0
l30,7=0,0,0,0,0,0,0,0,0,0,0,0,0,0,0,0,0,0,0,0,0,0,0,0,0,0,67,82,65,83,0,54,55,26,39,0,0,0,0,0
l31,7=0,0,0,0,0,0,0,0,0,0,0,0,0,0,0,0,16,0,0,41,0,0,0,1,0,0,66,12,57,53,48,0,72,76,72,0,0,0,0,0
l32,7=0,0,0,0,0,0,0,0,0,0,0,0,0,0,0,0,21,0,0,0,0,0,3,8,0,40,71,35,42,59,49,72,0,79,82,0,0,0,0,0
l33,7=0,0,0,0,0,0,0,0,0,0,0,0,48,0,39,0,26,33,0,0,31,0,0,49,61,50,54,0,57,61,43,71,72,0,56,0,0,0,0,0
l34,7=0,0,0,0,0,0,0,0,0,0,0,0,35,0,0,0,1,0,0,0,0,0,3,57,43,0,56,28,45,38,47,71,80,62,0,0,0,0,0,0
l35,7=0,0,0,0,0,0,0,0,0,0,0,0,0,29,0,0,30,0,0,1,21,15,0,0,0,0,0,0,0,0,0,0,0,0,0,0,47,50,24,18
l36,7=0,0,0,0,0,0,0,0,0,0,0,2,0,11,0,34,33,28,0,0,16,15,27,0,0,0,0,0,0,0,0,0,0,0,0,52,0,45,27,21
l37,7=0,0,0,0,0,0,0,0,0,0,0,0,0,0,0,0,17,0,0,0,13,15,23,0,0,0,0,0,0,0,0,0,0,0,0,56,53,0,11,9
l38,7=0,0,0,0,0,0,0,0,0,11,0,29,31,37,37,39,32,42,0,0,14,17,26,0,0,1,0,0,0,0,0,0,0,0,0,46,50,36,0,0
l39,7=0,0,0,0,0,0,0,0,0,0,0,0,0,0,0,0,0,0,0,23,48,47,39,0,0,0,0,0,0,0,0,0,0,0,0,51,51,30,0,0

l0,8=0,95,92,96,93,81,91,66,38,86,94,0,0,48,0,0,0,0,0,0,0,0,0,35,0,0,0,0,0,0,0,0,0,0,0,0,0,0,0,0
l1,8=97,0,94,95,93,76,87,94,85,70,94,0,0,0,0,0,0,0,0,0,0,0,0,0,0,0,0,0,0,0,0,0,0,0,0,0,0,0,0,0
l2,8=96,95,0,95,88,83,94,95,0,73,88,0,0,24,0,49,0,0,0,0,0,0,0,0,0,0,0,0,0,0,0,0,0,0,0,0,0,0,0,0
l3,8=97,92,92,0,93,78,85,80,0,0,76,0,0,0,0,0,0,0,0,0,0,0,0,0,7,0,0,0,0,0,0,0,0,0,0,0,0,0,0,0
l4,8=97,95,84,96,0,79,92,79,92,76,94,0,0,74,0,0,0,0,0,0,0,0,0,0,3,0,0,0,0,0,0,0,0,0,0,0,0,0,0,0
l5,8=97,93,97,93,93,0,91,93,92,83,95,77,21,4,0,0,0,0,0,0,0,0,0,0,0,0,0,0,0,0,0,0,0,0,0,0,0,0,0,0
l6,8=90,72,93,50,89,72,0,92,45,93,88,40,0,61,0,0,48,0,0,0,0,0,0,0,0,0,0,0,0,0,0,0,0,0,0,0,0,0,0,0
l7,8=83,85,91,85,88,81,89,0,93,99,99,55,1,93,0,0,2,52,0,0,0,0,0,0,0,0,0,0,0,0,0,0,0,0,0,0,0,0,0,0
l8,8=33,71,0,12,84,81,65,65,0,99,94,96,0,93,75,84,0,80,0,70,0,0,83,0,0,0,0,0,0,0,0,0,0,0,0,0,0,0,0,0
l9,8=88,0,21,0,61,68,89,94,95,0,99,95,65,93,32,79,52,71,0,0,0,80,26,79,79,0,0,0,0,0,0,0,0,0,0,0,0,0,45,0
l10,8=91,81,88,84,89,79,87,94,94,99,0,90,0,86,0,88,47,0,0,0,0,0,0,0,0,0,0,0,0,0,0,0,0,0,0,0,0,0,0,0
l11,8=0,0,0,0,0,38,27,5,58,83,89,0,99,50,76,96,57,82,0,0,31,58,43,74,88,44,0,0,0,0,0,0,0,0,0,37,75,0,41,0
l12,8=0,0,0,0,0,0,0,0,0,19,0,98,0,0,88,60,61,77,0,0,32,0,0,92,99,82,0,0,0,0,0,0,0,28,14,31,53,0,27,0
l13,8=8,0,0,8,66,0,37,57,97,99,91,70,3,0,84,58,39,46,0,0,34,50,0,78,91,50,0,0,0,0,0,0,0,0,0,23,0,0,46,0
l14,8=0,0,0,0,0,0,0,0,41,34,0,75,100,71,0,57,48,82,0,0,51,54,47,90,99,43,0,0,0,0,0,0,0,0,0,0,64,0,13,0
l15,8=0,0,1,0,0,0,0,0,55,79,85,98,99,77,84,0,54,79,0,0,69,73,75,75,83,5,0,0,0,0,0,0,0,0,0,0,70,0,43,0
l16,8=0,0,0,0,0,0,36,0,0,39,25,92,99,25,62,45,0,45,40,58,74,57,87,55,96,19,0,0,0,0,0,49,0,2,20,40,68,50,41,40
l17,8=0,0,0,0,0,0,0,11,31,41,0,93,91,32,87,60,30,0,0,58,57,40,52,59,73,0,0,0,0,0,0,0,0,18,0,0,65,0,22,11
l18,8=0,0,0,0,0,0,0,0,0,0,0,0,0,0,0,0,76,0,0,76,70,69,0,0,0,0,0,0,0,0,0,0,0,0,0,0,0,0,16,0
l19,8=0,0,0,0,0,0,0,0,39,0,0,0,0,0,0,0,73,63,64,0,80,74,86,0,0,0,30,0,55,0,0,78,0,0,0,48,67,0,0,74
l20,8=0,0,0,0,0,0,0,0,0,0,0,1,44,19,37,34,38,53,52,88,0,88,95,0,17,0,0,0,11,0,0,0,0,0,0,47,64,60,75,33
l21,8=0,0,0,0,0,0,0,0,0,41,0,59,29,42,40,34,37,26,47,60,81,0,92,0,0,0,0,0,0,0,0,19,0,0,0,47,53,59,54,40
l22,8=0,0,0,0,0,0,0,0,35,39,0,53,0,0,34,34,79,49,0,85,81,87,0,0,0,0,0,0,0,44,0,0,0,0,0,66,80,51,74,62
l23,8=0,0,0,0,0,0,0,0,0,44,0,70,97,80,90,52,41,40,0,0,0,0,0,0,98,96,0,0,0,0,0,0,69,38,45,0,0,0,0,0
l24,8=0,0,0,23,0,0,0,0,0,54,0,77,100,72,98,49,80,49,0,0,28,0,0,92,0,91,0,0,0,0,0,45,0,0,29,0,0,0,0,0
l25,8=0,0,0,0,0,0,0,0,0,0,0,74,100,70,82,29,39,0,0,0,0,0,0,92,85,0,0,0,0,61,0,60,70,63,39,0,0,0,16,0
l26,8=0,0,0,0,0,0,0,0,0,0,0,0,0,0,0,0,0,0,0,65,34,0,0,0,0,0,0,85,93,92,86,93,87,68,77,0,0,0,0,0
l27,8=0,0,0,0,0,0,0,0,0,0,0,0,0,0,0,0,0,0,0,0,0,0,0,0,0,0,91,0,93,92,93,0,80,0,74,0,0,0,0,0
l28,8=0,0,0,0,0,0,0,0,0,0,0,0,0,0,0,0,0,0,0,77,66,0,0,0,0,0,92,92,0,92,93,93,74,76,78,0,0,0,0,0
l29,8=0,0,0,0,0,0,0,0,0,0,0,0,0,0,0,0,0,0,0,0,0,0,56,0,0,57,92,92,93,0,93,93,69,63,71,0,0,0,0,0
l30,8=0,0,0,0,0,0,0,0,0,0,0,0,0,0,0,0,0,0,0,0,0,0,0,0,0,0,85,92,93,92,0,81,79,64,0,0,0,0,0,0
l31,8=0,0,0,0,0,0,0,0,0,0,0,0,0,0,0,0,50,0,0,62,0,4,0,0,43,48,91,0,82,78,63,0,85,85,88,0,0,0,0,0
l32,8=0,0,0,0,0,0,0,0,0,0,0,0,10,0,0,0,1,0,0,0,0,0,0,67,0,65,92,62,63,67,75,98,0,92,91,0,0,0,0,0
l33,8=0,0,0,0,0,0,0,0,0,0,0,0,77,0,0,0,14,47,0,0,17,0,0,68,0,67,65,0,67,67,73,95,90,0,77,0,0,0,0,0
l34,8=0,0,0,0,0,0,0,0,0,0,0,0,75,0,0,0,64,0,0,0,1,0,0,68,56,65,65,49,64,67,0,92,93,78,0,0,0,0,0,0
l35,8=0,0,0,0,0,0,0,0,0,0,0,25,38,10,0,0,29,0,0,30,42,53,56,0,0,0,0,0,0,0,0,0,0,0,0,0,77,58,65,51
l36,8=0,0,0,0,0,0,0,0,0,0,0,42,30,0,23,19,30,36,0,48,44,50,72,0,0,0,0,0,0,0,0,0,0,0,0,78,0,46,46,34
l37,8=0,0,0,0,0,0,0,0,0,0,0,0,0,0,0,0,24,0,0,0,46,54,56,0,0,0,0,0,0,0,0,0,0,0,0,60,60,0,35,32
l38,8=0,0,0,0,0,0,0,0,0,33,0,47,33,37,3,35,35,49,0,0,60,76,71,0,0,0,0,0,0,0,0,0,0,0,0,68,79,57,0,26
l39,8=0,0,0,0,0,0,0,0,0,0,0,0,0,0,0,0,43,0,0,58,64,73,75,0,0,0,0,0,0,0,0,0,0,0,0,73,69,64,39,0

l0,9=0,100,100,98,96,93,96,96,0,99,78,0,0,0,0,0,0,0,0,0,0,0,0,0,0,0,0,0,0,0,0,0,0,0,0,0,0,0,0,0
l1,9=100,0,100,91,94,93,96,97,91,95,79,0,0,0,0,0,0,0,0,0,0,0,0,0,0,0,0,0,0,0,0,0,0,0,0,0,0,0,0,0
l2,9=100,100,0,98,93,100,100,56,0,57,78,0,11,0,0,0,0,0,0,0,0,0,0,0,0,0,0,0,0,0,0,0,0,0,0,0,0,0,0,0
l3,9=99,93,97,0,96,88,91,96,0,77,71,0,0,0,0,0,0,0,0,0,0,0,0,0,0,0,0,0,0,0,0,0,0,0,0,0,0,0,0,0
l4,9=100,100,95,98,0,91,95,96,94,88,81,0,0,4,39,0,0,0,0,0,0,0,0,0,0,0,0,0,0,0,0,0,0,0,0,0,0,0,0,0
l5,9=100,100,100,98,90,0,100,63,98,99,92,0,0,69,0,0,0,0,0,0,0,0,0,0,0,0,0,0,0,0,0,0,0,0,0,0,0,0,0,0
l6,9=90,96,100,53,54,97,0,99,57,92,92,0,0,49,0,0,60,0,0,0,0,0,0,0,0,0,0,0,0,0,0,0,0,0,0,0,0,0,0,0
l7,9=98,99,53,98,88,84,100,0,99,99,97,63,28,97,0,72,0,0,0,0,0,0,0,0,0,0,0,0,0,0,0,0,0,0,0,0,0,0,0,0
l8,9=0,92,0,0,67,96,99,74,0,100,92,99,0,97,0,88,88,90,0,75,0,0,30,0,0,0,0,0,0,0,0,0,0,0,0,0,0,0,0,0
l9,9=100,96,33,29,51,100,100,99,99,0,96,100,0,98,62,95,95,0,0,0,0,0,0,64,0,0,0,0,0,0,0,0,0,0,0,0,0,0,0,0
l10,9=97,100,95,94,90,100,100,99,99,100,0,58,71,95,0,97,82,82,0,0,1,0,0,30,0,0,0,0,0,0,0,0,0,0,0,0,0,0,0,0
l11,9=0,0,0,0,0,0,0,8,37,36,66,0,97,57,62,99,95,93,0,0,52,33,26,87,94,85,0,0,0,0,0,0,0,0,0,0,86,1,76,0
l12,9=0,0,0,0,0,0,0,0,0,0,7,99,0,33,63,98,96,94,0,0,53,2,2,99,100,99,0,0,0,0,0,0,0,0,0,0,79,0,77,0
l13,9=0,0,0,5,6,67,93,58,99,99,87,100,64,0,59,96,96,1,0,38,52,34,0,87,93,88,0,0,0,0,0,0,0,0,0,0,81,0,76,0
l14,9=0,0,0,0,40,0,0,0,0,36,0,100,99,32,0,98,97,99,0,0,51,31,26,99,100,0,0,0,0,0,0,0,0,0,0,0,83,0,0,0
l15,9=0,0,0,0,0,0,0,10,32,34,95,100,81,34,62,0,95,92,0,0,47,34,25,77,94,0,0,0,0,0,0,0,0,0,0,0,79,73,75,0
l16,9=0,0,0,0,0,0,50,0,30,32,64,94,67,34,59,89,0,90,47,83,53,0,28,78,94,82,0,0,0,0,0,3,0,58,74,0,70,52,76,40
l17,9=0,0,0,0,0,0,0,0,36,0,56,100,68,7,63,99,98,0,0,89,38,34,31,0,83,0,0,0,0,0,0,0,0,59,0,0,82,0,68,41
l18,9=0,0,0,0,0,0,0,0,0,0,0,0,0,0,0,0,91,0,0,0,67,58,0,0,0,0,0,0,0,0,0,0,0,0,0,0,0,0,0,0
l19,9=0,0,0,0,0,0,0,0,13,0,0,0,0,2,0,0,86,81,0,0,93,93,86,0,0,0,73,0,61,1,0,27,0,0,0,0,79,52,62,80
l20,9=0,0,0,0,0,0,0,0,0,0,0,54,46,24,51,70,86,52,41,96,0,98,96,0,1,0,58,0,0,0,0,0,0,0,50,49,84,83,87,81
l21,9=0,0,0,0,0,0,0,0,0,0,0,57,31,25,46,74,0,74,48,91,98,0,93,0,0,0,0,0,0,0,0,0,0,11,0,52,75,78,82,40
l22,9=0,0,0,0,0,0,0,0,29,13,0,54,28,0,44,73,83,77,0,89,98,95,0,0,0,0,66,0,0,55,0,21,0,0,0,85,84,77,87,21
l23,9=0,0,0,0,0,0,0,0,0,21,0,98,99,34,100,89,95,0,0,0,0,0,0,0,100,100,0,0,0,0,0,0,33,76,83,0,0,0,0,0
l24,9=0,0,0,0,0,0,0,0,0,1,0,99,99,34,100,97,98,85,0,0,18,0,0,100,0,100,0,0,0,0,0,1,0,74,5,0,83,0,0,0
l25,9=0,0,0,0,0,0,0,0,0,0,0,89,99,33,0,0,95,0,0,0,0,0,0,100,100,0,0,0,0,7,0,0,33,100,76,0,0,0,68,0
l26,9=0,0,0,0,0,0,0,0,0,0,0,0,0,0,0,0,0,0,0,87,41,0,77,0,0,0,0,84,99,100,98,98,99,85,92,0,0,0,0,0
l27,9=0,0,0,0,0,0,0,0,0,0,0,0,0,0,0,0,0,0,0,0,0,0,0,0,0,0,93,0,99,100,100,95,79,0,0,0,0,0,0,0
l28,9=0,0,0,0,0,0,0,0,0,0,0,0,0,0,0,0,0,0,0,87,0,0,0,0,0,0,97,100,0,100,100,90,0,86,0,0,0,0,0,0
l29,9=0,0,0,0,0,0,0,0,0,0,0,0,0,0,0,0,0,0,0,1,3,0,74,0,0,0,97,100,99,0,100,96,36,86,90,0,0,0,0,0
l30,9=0,0,0,0,0,0,0,0,0,0,0,0,0,0,0,0,0,0,0,0,0,0,0,0,0,0,96,100,99,100,0,96,95,78,91,0,0,0,0,0
l31,9=0,0,0,0,0,0,0,0,0,0,0,0,0,0,0,0,6,0,0,44,0,0,25,0,9,0,95,82,91,95,93,0,98,100,100,0,0,0,0,0
l32,9=0,0,0,0,0,0,0,0,0,0,0,0,9,0,0,0,0,0,0,0,0,0,0,90,0,55,97,38,0,36,96,99,0,100,100,0,0,0,0,0
l33,9=0,0,0,0,0,0,0,0,0,0,0,0,27,0,0,0,52,66,0,0,0,6,0,88,93,98,90,0,94,67,43,99,100,0,99,0,0,0,0,0
l34,9=0,0,0,0,0,0,0,0,0,0,0,0,28,0,0,0,94,0,0,0,48,0,0,91,38,92,95,0,0,93,89,99,100,100,0,0,0,0,0,0
l35,9=0,0,0,0,0,0,0,0,0,0,0,0,0,0,0,0,0,0,0,0,41,29,24,0,0,0,0,0,0,0,0,0,0,0,0,0,84,84,85,35
l36,9=0,0,0,0,0,0,0,0,0,0,0,49,21,17,32,61,42,55,0,59,50,22,28,0,46,0,0,0,0,0,0,0,0,0,0,87,0,88,72,40
l37,9=0,0,0,0,0,0,0,0,0,0,0,0,0,0,0,20,0,0,0,24,46,25,20,0,0,0,0,0,0,0,0,0,0,0,0,49,86,0,73,37
l38,9=0,0,0,0,0,0,0,0,0,0,0,56,40,26,0,70,88,47,0,45,51,33,30,0,0,41,0,0,0,0,0,0,0,0,0,53,88,89,0,39
l39,9=0,0,0,0,0,0,0,0,0,0,0,0,0,0,0,0,84,76,0,84,49,32,2,0,0,0,0,0,0,0,0,0,0,0,0,49,82,85,72,0

l0,10=0,93,92,93,91,78,0,84,0,78,78,0,0,0,0,0,0,0,0,0,0,0,0,0,0,0,0,0,0,0,0,0,0,0,0,0,0,0,0,0
l1,10=91,0,92,93,89,91,90,79,60,66,71,0,0,0,0,0,0,0,0,0,0,0,0,0,0,0,0,0,0,0,0,0,0,0,0,0,0,0,0,0
l2,10=91,88,0,93,89,92,87,85,46,84,82,0,0,0,0,0,0,0,0,0,0,0,0,0,0,0,0,0,0,0,0,0,0,0,0,0,0,0,0,0
l3,10=96,89,93,0,94,89,66,55,0,63,57,0,0,0,0,0,0,0,0,0,0,0,0,0,0,0,0,0,0,0,0,0,0,0,0,0,0,0,0,0
l4,10=91,86,90,93,0,91,77,84,73,62,84,0,0,0,41,0,0,0,0,0,0,0,0,0,0,0,0,0,0,0,0,0,0,0,0,0,0,0,0,0
l5,10=81,88,92,87,90,0,87,88,78,84,85,0,0,74,0,0,0,0,0,0,0,0,0,0,0,0,0,0,0,0,0,0,0,0,0,0,0,0,0,0
l6,10=0,85,88,78,79,86,0,88,80,83,83,0,0,37,0,10,31,0,0,0,0,0,0,0,0,0,0,0,0,0,0,0,0,0,0,0,0,0,0,0
l7,10=73,83,75,77,85,85,87,0,84,88,87,54,46,84,1,0,0,0,0,0,0,0,0,0,0,0,0,0,0,0,0,0,0,0,0,0,0,0,0,0
l8,10=0,31,1,20,74,64,79,86,0,92,74,83,70,86,38,78,10,51,0,28,5,0,61,61,42,0,0,0,0,0,0,0,0,0,0,0,0,0,0,0
l9,10=68,72,72,50,42,67,85,88,84,0,86,81,72,85,42,62,0,0,0,0,0,26,14,42,54,0,0,0,0,0,0,0,0,0,0,0,0,0,0,0
l10,10=62,68,63,64,79,69,75,88,68,88,0,60,0,72,0,72,0,45,0,0,0,0,0,0,0,0,0,0,0,0,0,0,0,0,0,0,0,0,0,0
l11,10=0,0,0,0,0,0,0,29,54,48,66,0,85,87,50,91,56,78,0,0,38,62,0,63,80,66,0,0,0,0,0,0,0,0,0,56,31,0,30,0
l12,10=0,0,0,0,0,0,0,0,36,44,0,89,0,52,97,89,87,97,0,0,56,71,0,81,97,99,0,0,0,0,0,0,0,44,0,43,0,0,43,0
l13,10=0,0,0,0,0,55,52,65,86,87,78,85,76,0,44,86,70,31,0,10,49,59,0,55,78,25,0,0,0,0,0,0,0,0,0,0,0,0,40,0
l14,10=0,0,0,0,35,0,0,0,38,44,0,90,96,46,0,74,87,87,0,0,48,53,41,73,95,89,0,0,0,0,0,0,0,76,0,0,41,0,40,0
l15,10=0,0,0,0,0,0,5,0,54,46,79,90,91,90,48,0,77,77,0,31,48,0,57,0,83,58,0,0,0,0,0,0,0,0,0,0,0,0,46,0
l16,10=0,0,0,0,0,0,11,0,0,0,0,50,91,39,44,56,0,86,8,29,59,71,59,54,93,7,0,0,0,0,0,0,0,0,65,0,41,30,56,65
l17,10=0,0,0,0,0,0,1,0,13,0,65,89,98,10,57,73,88,0,0,32,42,78,70,0,76,37,0,0,0,0,0,0,0,43,0,0,33,0,39,41
l18,10=0,0,0,0,0,0,0,0,0,0,0,0,0,0,0,0,54,0,0,75,75,84,0,0,0,0,0,0,0,0,0,0,0,0,0,0,0,0,0,0
l19,10=0,0,0,0,0,0,0,0,16,0,0,0,0,4,0,43,53,48,37,0,79,70,72,0,0,0,28,0,0,0,0,43,9,0,0,0,0,35,0,60
l20,10=0,0,0,0,0,0,0,0,0,0,0,33,52,32,2,34,71,39,34,83,0,96,90,0,0,0,0,0,0,0,0,0,31,0,0,75,45,41,53,70
l21,10=0,0,0,0,0,0,0,0,0,24,0,58,55,38,31,0,70,63,44,48,89,0,83,0,0,0,5,0,0,0,0,0,0,25,0,70,40,11,51,74
l22,10=0,0,0,0,0,0,0,0,32,14,0,0,0,0,16,39,57,49,0,80,88,85,0,0,0,0,25,0,0,40,0,41,0,0,0,67,64,34,81,60
l23,10=0,0,0,0,0,0,0,0,38,26,0,85,98,48,87,0,81,0,0,0,0,0,0,0,98,100,0,0,0,0,0,0,74,90,25,0,0,0,0,0
l24,10=0,0,0,0,0,0,0,0,3,35,0,90,98,51,98,73,89,79,0,0,1,0,0,100,0,96,0,0,0,0,0,0,0,83,40,0,0,0,17,0
l25,10=0,0,0,7,0,0,0,0,0,0,0,86,98,18,96,64,23,43,0,0,0,0,0,100,97,0,27,0,0,0,0,48,63,100,85,0,0,0,48,0
l26,10=0,0,0,0,0,0,0,0,0,0,0,0,0,0,0,0,0,0,0,60,0,1,50,0,0,33,0,77,95,96,99,98,97,63,76,0,0,0,0,0
l27,10=0,0,0,0,0,0,0,0,0,0,0,0,0,0,0,0,0,0,0,0,0,0,0,0,0,0,85,0,93,96,100,85,0,0,74,0,0,0,0,0
l28,10=0,0,0,0,0,0,0,0,0,0,0,0,0,0,0,0,0,0,0,0,1,0,0,0,0,0,91,96,0,96,100,84,60,75,62,0,0,0,0,0
l29,10=0,0,0,0,0,0,0,0,0,0,0,0,0,0,0,0,0,0,0,0,15,0,41,0,0,0,91,96,95,0,100,90,73,5,66,0,0,0,0,0
l30,10=0,0,0,0,0,0,0,0,0,0,0,0,0,0,0,0,0,0,0,0,0,0,0,0,0,0,91,96,95,96,0,89,83,69,75,0,0,0,0,0
l31,10=0,0,0,0,0,0,0,0,0,0,0,0,0,0,0,0,0,0,0,43,10,0,54,26,0,55,91,78,83,92,95,0,99,100,98,0,0,0,0,0
l32,10=0,0,0,0,0,0,0,0,0,0,0,0,0,0,0,0,0,0,0,21,58,0,0,79,0,47,91,0,45,84,85,100,0,100,98,0,0,0,0,0
l33,10=0,0,0,0,0,0,0,0,0,0,0,0,68,0,83,0,0,14,0,0,31,23,0,98,87,98,79,0,86,17,90,100,99,0,98,0,0,0,0,0
l34,10=0,0,0,0,0,0,0,0,0,0,0,0,0,0,0,0,71,0,0,14,35,0,0,53,70,81,84,50,58,80,85,100,99,100,0,0,0,0,0,0
l35,10=0,0,0,0,0,0,0,0,0,0,0,15,28,0,0,0,0,0,0,0,52,65,66,0,0,0,0,0,0,0,0,0,0,0,0,0,81,45,76,68
l36,10=0,0,0,0,0,0,0,0,0,0,0,33,0,0,6,0,67,47,0,0,57,71,70,0,0,0,0,0,0,0,0,0,0,0,0,85,0,50,53,80
l37,10=0,0,0,0,0,0,0,0,0,0,0,0,0,0,0,0,67,0,0,20,47,0,63,0,0,0,0,0,0,0,0,0,0,0,0,75,50,0,51,69
l38,10=0,0,0,0,0,0,0,0,0,0,0,40,56,10,1,36,76,57,0,0,57,78,70,0,3,19,0,0,0,0,0,0,0,0,0,77,50,46,0,76
l39,10=0,0,0,0,0,0,0,0,0,0,0,0,0,0,0,0,67,30,0,38,55,75,68,0,0,0,0,0,0,0,0,0,0,0,0,72,53,45,50,0

l0,11=0,94,91,93,86,86,35,64,26,55,0,0,0,0,0,0,0,0,0,0,0,0,0,0,0,0,0,0,0,0,0,0,0,0,0,0,0,0,0,0
l1,11=91,0,92,69,76,91,87,85,32,60,57,29,0,18,0,0,0,0,0,0,0,0,0,0,0,0,0,0,0,0,0,0,0,0,0,0,0,0,0,0
l2,11=88,92,0,89,84,91,47,75,51,70,59,0,0,0,0,0,0,0,0,0,0,0,0,0,0,0,0,0,0,0,0,0,0,0,0,0,0,0,0,0
l3,11=91,55,89,0,87,85,32,0,0,32,52,0,0,0,0,0,0,0,0,0,0,0,0,0,0,0,0,0,0,0,0,0,0,0,0,0,0,0,0,0
l4,11=91,71,83,92,0,79,81,58,0,50,62,0,0,0,25,0,0,0,0,0,0,0,0,42,0,0,0,0,0,0,0,0,0,0,0,0,0,0,0,0
l5,11=87,91,92,88,83,0,88,87,49,87,53,0,0,6,0,0,0,0,0,0,0,0,0,0,0,0,0,0,0,0,0,0,0,0,0,0,0,0,0,0
l6,11=32,86,18,59,82,86,0,86,70,85,81,37,0,57,0,37,50,0,0,0,0,0,0,0,0,0,0,0,0,0,0,0,0,0,0,0,0,0,0,0
l7,11=80,88,78,51,82,86,88,0,72,87,85,58,51,84,0,31,0,0,0,0,0,0,0,0,0,0,0,0,0,0,0,0,0,0,0,0,0,0,0,0
l8,11=27,14,13,0,0,61,69,74,0,91,72,45,41,87,24,74,0,65,0,15,0,0,0,41,18,0,0,0,0,0,0,0,0,0,0,0,0,0,0,0
l9,11=32,17,14,41,52,80,81,86,77,0,84,46,39,84,0,39,21,0,0,0,0,53,0,9,0,0,0,0,0,0,0,0,0,0,0,0,0,0,0,0
l10,11=0,64,38,65,67,57,77,88,66,90,0,68,0,73,0,61,0,24,0,1,0,0,0,1,0,0,0,0,0,0,0,0,0,0,0,0,0,0,0,0
l11,11=0,9,0,0,0,0,62,62,58,49,48,0,50,54,41,86,75,83,0,0,1,31,59,83,27,20,0,0,0,0,0,0,0,0,0,55,0,0,70,0
l12,11=0,0,0,0,0,0,0,41,58,47,0,54,0,52,97,56,86,94,0,0,23,53,58,89,95,99,0,0,0,0,0,0,0,0,0,0,0,0,73,0
l13,11=0,2,0,0,0,5,65,79,78,87,50,85,48,0,29,81,72,79,0,7,21,45,0,70,25,23,0,0,0,0,0,0,0,0,0,0,0,0,52,0
l14,11=0,0,0,0,49,0,0,0,39,0,0,53,91,47,0,20,88,88,0,0,0,15,0,90,31,53,0,0,0,0,0,0,0,41,0,63,58,0,58,0
l15,11=0,0,0,0,0,0,66,46,60,49,49,90,51,89,33,0,82,86,0,19,25,52,22,52,0,20,0,0,0,0,0,0,0,0,0,34,59,0,67,0
l16,11=0,0,0,0,0,0,46,0,0,18,0,44,49,45,42,27,0,91,15,12,27,61,60,70,32,3,0,0,0,0,0,0,5,19,34,0,65,64,84,63
l17,11=0,0,0,0,0,0,0,0,50,26,19,54,53,51,40,30,91,0,0,0,23,59,65,77,26,0,0,0,0,0,0,0,0,0,0,0,71,0,56,51
l18,11=0,0,0,0,0,0,0,0,0,0,0,0,0,0,0,0,45,0,0,56,58,77,22,0,0,0,0,0,0,0,0,0,0,0,0,0,0,0,0,0
l19,11=0,0,0,0,0,0,0,0,29,0,0,0,0,3,0,20,42,0,51,0,72,69,57,0,0,0,38,0,0,1,0,23,0,0,7,49,0,44,0,54
l20,11=0,0,0,0,0,0,0,0,0,0,0,0,34,38,0,20,71,55,50,52,0,92,84,0,0,0,8,0,33,0,0,0,2,6,0,71,67,59,75,63
l21,11=0,0,0,0,0,0,0,0,0,39,0,25,37,36,20,19,70,67,54,71,90,0,82,0,2,0,0,0,0,0,0,0,0,0,0,15,57,58,78,66
l22,11=0,0,0,0,0,0,0,0,0,0,0,33,29,0,0,2,54,57,0,56,88,87,0,0,0,0,37,0,0,0,0,34,0,0,0,59,56,0,79,53
l23,11=0,0,0,0,35,0,0,0,1,13,0,52,90,58,78,9,70,54,0,0,0,0,0,0,95,99,0,0,0,0,0,15,43,33,0,0,0,0,0,0
l24,11=0,0,0,0,0,0,0,0,14,3,0,54,91,53,8,0,93,82,0,0,0,0,0,96,0,31,0,0,0,0,0,0,0,0,0,0,0,0,0,0
l25,11=0,0,0,0,0,0,0,0,0,0,0,29,91,59,92,46,11,0,0,0,0,0,0,97,94,0,0,0,0,0,0,32,21,90,0,0,0,0,0,0
l26,11=0,0,0,0,0,0,0,0,0,0,0,0,0,0,0,0,0,0,0,33,21,0,38,0,0,0,0,79,95,94,90,91,86,60,67,0,0,0,0,0
l27,11=0,0,0,0,0,0,0,0,0,0,0,0,0,0,0,0,0,0,0,0,0,0,0,0,0,0,78,0,90,95,94,65,3,0,39,0,0,0,0,0
l28,11=0,0,0,0,0,0,0,0,0,0,0,0,0,0,0,0,0,0,0,0,27,0,0,0,0,0,89,94,0,96,94,74,32,0,29,0,0,0,0,0
l29,11=0,0,0,0,0,0,0,0,0,0,0,0,0,0,0,0,0,0,0,0,0,0,1,0,0,0,87,94,95,0,94,80,32,28,37,0,0,0,0,0
l30,11=0,0,0,0,0,0,0,0,0,0,0,0,0,0,0,0,0,0,0,0,0,0,0,0,0,0,89,94,95,96,0,83,61,77,73,0,0,0,0,0
l31,11=0,0,0,0,0,0,0,0,0,0,0,0,0,0,0,0,0,0,0,24,0,0,44,27,0,59,89,79,88,92,83,0,90,100,100,0,0,0,0,0
l32,11=0,0,0,0,0,0,0,0,0,0,0,0,0,0,0,0,23,0,0,0,7,0,0,36,0,4,89,0,61,28,69,94,0,100,100,0,0,0,0,0
l33,11=0,0,0,0,0,0,0,0,0,0,0,0,0,0,61,0,44,0,0,0,20,0,0,68,1,98,85,0,0,65,89,98,95,0,100,0,0,0,0,0
l34,11=0,0,0,0,0,0,0,0,0,0,0,0,0,0,7,0,77,0,0,11,0,0,0,12,6,0,84,77,72,58,71,98,95,100,0,0,0,0,0,0
l35,11=0,0,0,0,0,0,0,0,0,0,0,14,7,0,10,7,0,0,0,9,21,1,58,0,0,0,0,0,0,0,0,0,0,0,0,0,83,73,72,70
l36,11=0,0,0,0,0,0,0,0,0,0,0,0,0,0,10,7,69,68,0,0,24,48,59,0,0,0,0,0,0,0,0,0,0,0,0,85,0,79,85,75
l37,11=0,0,0,0,0,0,0,0,0,0,0,0,0,0,0,0,62,0,0,1,20,49,0,0,0,0,0,0,0,0,0,0,0,0,0,75,72,0,72,69
l38,11=0,0,0,0,0,0,0,0,0,0,0,40,41,28,18,20,76,30,0,0,24,57,69,0,0,0,0,0,0,0,0,0,0,0,0,77,80,72,0,76
l39,11=0,0,0,0,0,0,0,0,0,0,0,0,0,0,0,0,58,12,0,16,23,51,58,0,0,0,0,0,0,0,0,0,0,0,0,74,81,71,82,0

l0,12=0,86,89,92,90,88,69,75,3,63,48,0,0,0,0,0,0,0,0,0,0,0,0,0,0,0,0,0,0,0,0,0,0,0,0,0,0,0,0,0
l1,12=91,0,85,88,89,85,89,88,0,50,59,49,0,0,0,0,0,0,0,0,0,0,0,0,0,0,0,0,0,0,0,0,0,0,0,0,0,0,0,0
l2,12=91,78,0,88,84,89,90,69,52,72,68,0,0,0,0,0,0,0,0,0,0,0,0,0,0,0,0,0,0,0,0,0,0,0,0,0,0,0,0,0
l3,12=91,79,84,0,90,86,1,48,0,0,60,0,0,0,0,0,0,0,0,0,0,0,0,0,0,0,0,0,0,0,0,0,0,0,0,0,0,0,0,0
l4,12=91,80,79,89,0,56,78,72,44,50,21,0,0,0,44,0,0,0,0,0,0,0,0,44,0,0,0,0,0,0,0,0,0,0,0,0,0,0,0,0
l5,12=89,79,89,88,79,0,87,88,80,84,71,0,0,50,0,0,0,0,0,0,0,0,0,34,0,0,0,0,0,0,0,0,0,0,0,0,0,0,0,0
l6,12=76,79,87,56,80,78,0,84,77,58,78,79,0,60,0,70,0,0,0,0,0,0,0,0,0,0,0,0,0,0,0,0,0,0,0,0,0,0,0,0
l7,12=83,79,62,63,84,85,87,0,83,85,86,56,52,78,0,2,0,0,0,0,0,0,0,0,0,0,0,0,0,0,0,0,0,0,0,0,0,0,0,0
l8,12=17,0,57,46,66,70,48,73,0,88,78,68,69,85,47,67,34,30,0,24,0,34,0,0,18,0,0,0,0,0,0,0,0,0,0,0,0,0,0,0
l9,12=57,46,70,0,62,85,36,88,83,0,86,68,65,79,0,64,41,2,0,0,37,45,0,0,1,0,0,0,0,0,0,0,0,0,0,0,0,0,0,0
l10,12=57,63,74,68,47,60,83,91,80,87,0,68,8,74,0,66,0,0,0,0,0,0,0,20,0,0,0,0,0,0,0,0,0,0,0,0,0,0,0,0
l11,12=0,58,0,0,0,0,50,10,63,77,74,0,85,87,79,91,53,54,0,0,29,45,58,60,9,11,0,0,0,0,0,0,0,0,0,18,20,0,44,0
l12,12=0,0,0,0,0,0,0,7,52,68,0,90,0,78,94,91,81,95,0,0,47,50,59,74,99,98,0,0,0,0,0,0,0,3,0,0,0,0,75,0
l13,12=0,0,0,0,0,60,47,39,83,83,78,87,84,0,74,88,55,46,0,0,42,45,0,64,43,43,0,0,0,0,0,0,0,0,0,0,0,0,0,0
l14,12=0,0,0,0,66,0,0,0,40,0,0,78,95,75,0,85,86,53,0,0,0,49,0,88,99,26,0,0,0,0,0,0,0,75,63,35,21,0,63,0
l15,12=0,0,0,0,0,0,49,0,64,77,72,93,88,92,79,0,56,59,0,31,45,51,16,67,54,49,0,0,0,0,0,0,0,0,0,0,0,0,64,0
l16,12=0,0,0,0,0,0,0,0,23,58,0,77,90,76,88,87,0,56,17,26,51,54,65,42,58,12,0,0,0,0,0,0,0,17,0,18,40,58,80,26
l17,12=0,0,0,0,0,0,0,0,29,53,0,92,92,78,86,91,64,0,0,27,52,59,63,66,28,0,0,0,0,0,0,0,0,48,0,0,32,0,66,11
l18,12=0,0,0,0,0,0,0,0,0,0,0,0,0,0,0,0,57,0,0,57,62,46,0,0,0,0,0,0,0,0,0,0,0,0,0,0,0,0,0,0
l19,12=0,0,0,0,0,0,0,0,35,0,0,0,0,0,0,51,43,33,29,0,85,68,67,0,0,0,40,0,47,1,0,37,21,0,0,34,0,0,34,60
l20,12=0,0,0,0,0,0,0,0,0,54,0,53,60,51,0,52,56,42,26,82,0,88,82,0,0,0,31,0,20,0,0,5,0,0,0,41,52,64,77,54
l21,12=0,0,0,0,0,0,0,0,37,58,0,59,63,54,54,59,71,65,25,82,89,0,81,0,42,0,30,0,0,0,0,0,0,0,0,59,67,58,83,59
l22,12=0,0,0,0,0,0,0,0,0,0,0,59,61,0,1,10,42,30,0,75,89,87,0,0,0,0,29,0,0,0,0,0,0,0,0,40,48,49,70,57
l23,12=0,0,0,0,67,29,0,0,0,0,8,53,90,76,94,78,29,40,0,0,0,0,0,0,99,98,0,0,0,0,0,8,25,68,0,0,0,0,0,0
l24,12=0,0,0,1,0,0,0,0,0,21,0,6,95,55,94,88,87,41,0,0,0,47,0,91,0,95,0,0,0,0,0,26,65,0,0,0,0,0,60,0
l25,12=0,0,0,0,0,0,0,0,0,0,0,44,95,53,31,88,58,0,0,0,0,0,0,98,99,0,0,0,0,1,0,73,77,66,92,0,0,0,0,0
l26,12=0,0,0,0,0,0,0,0,0,0,0,0,0,0,0,0,0,0,0,46,35,13,28,0,0,0,0,80,94,85,93,92,85,59,76,0,0,0,0,0
l27,12=0,0,0,0,0,0,0,0,0,0,0,0,0,0,0,0,0,0,0,0,0,0,0,0,0,0,80,0,91,94,97,86,1,21,22,0,0,0,0,0
l28,12=0,0,0,0,0,0,0,0,0,0,0,0,0,0,0,0,0,0,0,55,57,0,0,0,0,0,89,95,0,94,97,90,73,61,67,0,0,0,0,0
l29,12=0,0,0,0,0,0,0,0,0,0,0,0,0,0,0,0,0,0,0,0,0,0,0,0,0,0,82,96,94,0,97,88,81,65,77,0,0,0,0,0
l30,12=0,0,0,0,0,0,0,0,0,0,0,0,0,0,0,0,0,0,0,0,0,0,0,0,0,0,89,96,94,94,0,88,81,73,40,0,0,0,0,0
l31,12=0,0,0,0,0,0,0,0,0,0,0,0,0,0,0,0,0,0,0,67,53,0,0,42,60,76,89,89,88,90,95,0,97,100,100,0,0,0,0,0
l32,12=0,0,0,0,0,0,0,0,0,0,0,0,0,0,0,0,0,0,0,30,0,0,0,54,65,77,85,3,87,89,92,95,0,100,100,0,0,0,0,0
l33,12=0,0,0,0,0,0,0,0,0,0,0,0,50,0,65,0,7,7,0,0,0,0,0,73,0,70,81,52,78,78,88,100,98,0,100,0,0,0,0,0
l34,12=0,0,0,0,0,0,0,0,0,0,0,0,0,0,71,0,0,0,0,0,0,0,0,0,2,92,83,49,89,88,79,100,98,100,0,0,0,0,0,0
l35,12=0,0,0,0,0,0,0,0,0,0,0,21,0,0,17,0,15,0,0,8,37,37,64,0,0,0,0,0,0,0,0,0,0,0,0,0,81,70,74,32
l36,12=0,0,0,0,0,0,0,0,0,0,0,44,0,0,16,0,55,24,0,0,53,49,67,0,0,0,0,0,0,0,0,0,0,0,0,87,0,72,77,62
l37,12=0,0,0,0,0,0,0,0,0,0,0,0,0,0,0,0,31,0,0,0,42,40,46,0,0,0,0,0,0,0,0,0,0,0,0,51,45,0,35,57
l38,12=0,0,0,0,0,0,0,0,0,0,0,62,76,0,34,36,60,20,0,4,54,62,68,0,10,0,0,0,0,0,0,0,0,0,0,51,45,36,0,63
l39,12=0,0,0,0,0,0,0,0,0,0,0,0,0,0,0,0,35,0,0,41,43,41,71,0,0,0,0,0,0,0,0,0,0,0,0,32,77,67,79,0

l0,13=0,94,92,95,91,91,95,92,84,85,96,0,0,0,0,0,0,0,0,0,0,0,0,0,0,0,0,0,0,0,0,0,0,0,0,0,0,0,0,0
l1,13=93,0,92,97,90,90,95,88,64,63,81,0,0,0,0,0,0,0,0,0,0,0,0,0,0,0,0,0,0,0,0,0,0,0,0,0,0,0,0,0
l2,13=93,94,0,93,90,89,96,85,0,92,96,0,0,15,0,0,0,0,0,0,0,0,0,0,0,0,0,0,0,0,0,0,0,0,0,0,0,0,0,0
l3,13=94,97,92,0,94,91,95,91,2,0,95,0,0,0,0,0,0,0,0,0,0,0,0,0,3,0,0,0,0,0,0,0,0,0,0,0,0,0,0,0
l4,13=93,94,92,94,0,88,95,85,58,18,94,0,0,0,0,0,0,0,0,0,0,0,0,0,0,0,0,0,0,0,0,0,0,0,0,0,0,0,0,0
l5,13=93,92,92,93,85,0,95,86,87,92,92,0,0,47,0,0,0,0,0,0,0,0,0,0,0,0,0,0,0,0,0,0,0,0,0,0,0,0,0,0
l6,13=90,88,92,86,90,90,0,0,81,90,0,81,0,45,0,80,0,0,0,0,0,0,0,0,0,0,0,0,0,0,0,0,0,0,0,0,0,0,0,0
l7,13=92,92,84,91,88,79,0,0,92,92,96,45,7,57,0,8,0,0,0,0,0,0,0,0,0,0,0,0,0,0,0,0,0,0,0,0,0,0,0,0
l8,13=47,59,0,46,43,49,79,85,0,95,92,51,21,88,82,72,67,49,0,72,0,68,11,0,58,0,0,0,0,0,0,0,0,0,0,0,0,0,0,0
l9,13=29,0,79,0,0,84,87,86,93,0,96,57,21,86,68,85,69,62,0,0,68,71,0,0,0,0,0,0,0,0,0,0,0,0,0,0,0,0,0,0
l10,13=31,75,81,52,46,49,0,92,90,95,0,49,0,86,0,77,0,0,0,0,0,0,0,0,0,0,0,0,0,0,0,0,0,0,0,0,0,0,0,0
l11,13=0,0,0,0,0,0,79,67,79,82,81,0,55,92,90,93,84,97,0,0,79,79,25,30,0,19,0,0,0,0,0,0,0,0,0,0,0,0,76,0
l12,13=0,0,0,0,0,0,0,0,28,81,0,75,0,26,99,91,98,98,0,0,88,63,25,32,89,100,0,0,0,0,0,0,0,82,0,0,24,0,81,0
l13,13=0,0,7,0,0,42,74,76,94,95,90,93,23,0,86,93,72,87,0,28,71,75,0,20,15,52,0,0,0,0,0,0,0,0,0,0,0,0,74,0
l14,13=0,0,0,0,0,0,0,0,85,82,0,66,95,30,0,87,99,93,0,0,0,76,0,59,100,62,0,0,0,0,0,0,28,80,63,0,23,0,0,0
l15,13=0,0,0,0,0,0,77,0,64,87,82,93,69,92,86,0,98,98,0,58,80,65,0,33,52,54,0,0,0,0,0,0,0,0,0,0,19,0,74,0
l16,13=0,0,0,0,0,0,0,0,62,71,0,57,32,17,95,89,0,97,40,69,77,66,24,25,59,46,0,0,0,0,0,0,0,4,44,24,25,5,85,65
l17,13=0,0,0,0,0,0,0,0,62,77,0,64,35,30,93,90,98,0,0,76,92,90,15,32,58,13,0,0,0,0,0,0,0,78,0,0,24,0,85,0
l18,13=0,0,0,0,0,0,0,0,0,0,0,0,0,0,0,0,87,0,0,88,90,49,36,0,0,0,0,0,0,0,0,0,0,0,0,0,0,0,0,0
l19,13=0,0,0,0,0,0,0,0,53,0,0,0,0,0,0,53,59,53,63,0,95,89,84,0,0,0,50,0,29,21,0,51,0,0,0,39,57,65,66,66
l20,13=0,0,0,0,0,0,0,0,0,59,0,50,27,13,0,67,81,86,58,95,0,97,93,0,4,0,3,0,0,0,0,21,0,0,0,49,51,60,92,73
l21,13=0,0,0,0,0,0,0,0,64,73,0,62,29,39,65,68,78,87,4,95,96,0,93,0,56,0,9,0,0,0,0,0,0,0,0,31,50,10,92,85
l22,13=0,0,0,0,0,0,0,0,0,0,0,36,22,0,0,0,78,51,0,91,96,97,0,0,0,0,37,0,0,3,0,0,0,0,51,29,31,46,90,92
l23,13=0,0,0,0,0,0,0,0,0,0,0,63,33,4,100,91,83,61,0,0,0,0,0,0,62,100,0,0,0,0,0,0,0,64,65,0,0,0,0,0
l24,13=0,0,0,30,0,0,0,0,84,0,0,0,95,0,100,88,99,96,0,0,0,79,0,38,0,100,0,0,0,0,0,0,63,0,0,0,24,0,22,0
l25,13=0,0,0,4,0,0,0,0,0,0,0,19,95,29,100,93,97,1,0,0,0,0,0,100,100,0,0,0,0,5,0,35,79,98,98,0,0,0,0,0
l26,13=0,0,0,0,0,0,0,0,0,0,0,0,0,0,0,0,0,0,0,32,61,6,58,0,0,0,0,94,98,85,100,99,88,88,35,0,0,0,0,0
l27,13=0,0,0,0,0,0,0,0,0,0,0,0,0,0,0,0,0,0,0,0,0,0,0,0,0,0,83,0,93,99,100,82,74,75,17,0,0,0,0,0
l28,13=0,0,0,0,0,0,0,0,0,0,0,0,0,0,0,0,0,0,0,46,43,0,0,0,0,3,99,99,0,99,100,91,71,89,88,0,0,0,0,0
l29,13=0,0,0,0,0,0,0,0,0,0,0,0,0,0,0,0,0,0,0,27,0,0,1,0,0,3,80,99,98,0,100,90,82,79,92,0,0,0,0,0
l30,13=0,0,0,0,0,0,0,0,0,0,0,0,0,0,0,0,0,0,0,0,0,0,0,0,0,0,99,99,98,99,0,86,79,88,19,0,0,0,0,0
l31,13=0,0,0,0,0,0,0,0,0,0,0,0,0,0,0,0,0,0,0,65,76,0,0,0,0,88,99,99,96,96,99,0,100,100,100,0,0,0,0,0
l32,13=0,0,0,0,0,0,0,0,0,0,0,0,0,0,76,0,10,0,0,22,0,0,0,0,83,91,97,90,43,95,90,99,0,100,100,0,0,0,0,0
l33,13=0,0,0,0,0,0,0,0,0,0,0,0,91,0,93,0,2,78,0,0,0,0,0,37,0,98,98,85,96,94,94,99,100,0,100,0,0,0,0,0
l34,13=0,0,0,0,0,0,0,0,0,0,0,0,0,0,83,0,88,0,0,0,65,0,59,65,19,99,53,21,98,99,50,99,100,100,0,0,0,0,0,0
l35,13=0,0,0,0,0,0,0,0,0,0,0,0,0,0,0,0,57,0,0,25,77,42,27,0,0,0,0,0,0,0,0,0,0,0,0,0,87,69,91,79
l36,13=0,0,0,0,0,0,0,0,0,0,0,0,23,0,41,42,75,57,0,53,79,71,28,0,42,0,0,0,0,0,0,0,0,0,0,91,0,59,91,84
l37,13=0,0,0,0,0,0,0,0,0,0,0,0,0,0,0,0,0,0,0,57,80,8,22,0,0,0,0,0,0,0,0,0,0,0,0,30,32,0,89,70
l38,13=0,0,0,0,0,0,0,0,0,0,0,42,28,5,0,70,82,68,0,47,86,79,29,0,5,0,0,0,0,0,0,0,0,0,0,29,29,57,0,80
l39,13=0,0,0,0,0,0,0,0,0,0,0,0,0,0,0,0,63,0,0,73,77,76,29,0,0,0,0,0,0,0,0,0,0,0,0,29,30,48,87,0

l0,14=0,97,96,98,99,97,100,94,90,94,94,0,0,0,0,0,0,0,0,0,0,0,0,0,0,0,0,0,0,0,0,0,0,0,0,0,0,0,0,0
l1,14=93,0,96,98,99,97,8,0,43,0,40,0,0,42,0,0,0,0,0,0,0,0,0,0,0,0,0,0,0,0,0,0,0,0,0,0,0,0,0,0
l2,14=97,99,0,98,99,97,100,98,42,95,97,0,0,66,0,10,0,0,0,0,0,0,0,0,0,0,0,0,0,0,0,0,0,0,0,0,0,0,0,0
l3,14=97,97,95,0,99,97,97,94,0,0,94,0,0,0,0,0,0,0,0,0,0,0,0,0,0,0,0,0,0,0,0,0,0,0,0,0,0,0,0,0
l4,14=97,97,96,95,0,97,100,0,44,50,97,0,0,0,0,1,0,0,0,0,0,0,0,0,0,0,0,0,0,0,0,0,0,0,0,0,0,0,0,0
l5,14=98,97,100,98,99,0,100,98,91,95,97,0,0,89,0,79,0,0,0,0,0,0,0,0,0,0,0,0,0,0,0,0,0,0,0,0,0,0,0,0
l6,14=95,6,100,94,99,97,0,95,84,91,93,98,0,89,0,89,0,0,0,0,0,0,44,0,0,0,0,0,0,0,0,0,0,0,0,0,0,0,0,0
l7,14=64,0,96,96,0,96,99,0,93,97,99,0,0,96,0,5,90,0,0,0,1,0,0,0,0,0,0,0,0,0,0,0,0,0,0,0,0,0,0,0
l8,14=25,43,7,16,30,33,36,58,0,98,95,37,51,46,42,48,39,0,0,12,48,40,52,0,46,0,0,0,0,0,0,0,0,0,0,0,0,0,0,0
l9,14=34,0,51,0,31,72,44,97,97,0,100,53,0,100,44,69,45,33,0,0,53,44,1,44,13,0,0,0,0,0,0,0,0,0,0,0,0,0,0,0
l10,14=80,52,67,88,99,96,97,98,93,99,0,37,64,97,30,57,0,0,0,0,17,0,0,0,0,0,0,0,0,0,0,0,0,0,0,0,0,0,0,0
l11,14=0,0,0,0,0,0,81,0,46,59,25,0,99,100,99,100,97,62,0,2,95,43,84,77,0,52,0,0,0,0,0,0,0,0,0,4,24,0,42,0
l12,14=0,0,0,0,0,0,0,0,67,0,22,77,0,96,100,94,43,99,0,1,95,23,42,97,96,99,0,0,0,0,0,0,0,48,0,14,7,0,0,0
l13,14=0,82,84,0,0,60,81,94,91,99,96,100,99,0,98,100,93,78,0,9,2,93,0,93,96,96,0,0,0,0,0,0,0,0,0,0,0,0,89,0
l14,14=0,0,0,0,0,0,0,0,46,30,8,75,100,46,0,61,95,60,0,0,38,18,0,97,100,8,0,0,0,0,0,0,6,40,0,0,0,0,40,0
l15,14=0,0,0,0,0,21,76,0,92,58,21,100,99,100,93,0,97,63,0,40,95,70,0,97,96,49,0,0,0,0,0,0,0,0,0,0,0,0,92,0
l16,14=0,0,0,0,0,0,0,44,22,40,0,75,57,47,97,98,0,60,0,53,89,58,95,41,97,51,0,0,0,0,0,0,0,48,36,55,50,6,85,50
l17,14=0,0,0,0,0,0,0,0,0,28,0,92,99,99,99,98,97,0,0,47,98,97,77,99,98,57,0,0,0,0,0,0,0,5,0,26,39,0,98,0
l18,14=0,0,0,0,0,0,0,0,0,0,0,0,0,0,0,0,0,0,0,88,93,73,73,0,0,0,0,0,0,0,0,0,0,0,0,0,0,0,0,0
l19,14=0,0,0,0,0,0,0,0,1,0,0,4,57,12,0,77,61,54,41,0,98,93,95,0,0,0,51,0,0,42,0,0,0,0,0,59,90,55,90,91
l20,14=0,0,0,0,0,0,0,0,8,53,0,70,87,0,11,87,83,56,52,98,0,97,98,0,0,0,25,0,0,0,0,0,0,0,56,61,58,58,98,92
l21,14=0,0,0,0,0,0,0,0,88,91,5,81,71,93,77,87,90,85,20,98,99,0,98,0,89,0,0,0,0,0,0,0,0,0,41,93,92,74,78,90
l22,14=0,0,0,0,0,0,54,0,30,2,0,70,81,0,0,5,93,53,28,96,99,97,0,0,0,0,82,0,0,1,0,0,0,0,0,60,85,53,98,95
l23,14=0,0,0,0,0,0,0,0,0,30,0,39,77,19,98,80,43,36,0,0,0,0,0,0,47,100,0,0,0,0,0,0,43,46,41,0,0,0,0,0
l24,14=0,0,0,0,0,0,0,0,46,18,0,0,100,48,100,91,99,62,0,0,0,42,0,47,0,100,0,0,0,0,0,0,0,0,0,0,23,0,0,0
l25,14=0,0,0,0,0,0,0,0,0,0,0,37,100,49,31,46,46,36,0,0,0,0,0,100,98,0,0,0,5,0,0,0,45,96,95,0,0,0,0,0
l26,14=0,0,0,0,0,0,0,0,0,0,0,0,0,0,0,0,0,0,0,69,76,0,86,0,0,0,0,84,100,88,97,99,91,83,89,0,0,0,0,0
l27,14=0,0,0,0,0,0,0,0,0,0,0,0,0,0,0,0,0,0,0,0,0,0,0,0,0,0,87,0,100,100,99,87,82,75,10,0,0,0,0,0
l28,14=0,0,0,0,0,0,0,0,0,0,0,0,0,0,0,0,0,0,0,7,0,0,0,0,0,48,98,100,0,100,99,96,84,88,96,0,0,0,0,0
l29,14=0,0,0,0,0,0,0,0,0,0,0,0,0,0,0,0,0,0,0,63,0,0,4,0,0,0,88,100,100,0,99,84,84,0,84,0,0,0,0,0
l30,14=0,0,0,0,0,0,0,0,0,0,0,0,0,0,0,0,0,0,0,0,0,0,0,0,0,0,94,100,100,100,0,85,80,84,0,0,0,0,0,0
l31,14=0,0,0,0,0,0,0,0,0,0,0,0,0,0,0,0,0,0,0,0,0,0,0,0,0,0,98,84,99,95,93,0,99,100,99,0,0,0,0,0
l32,14=0,0,0,0,0,0,0,0,0,0,0,0,0,0,78,0,0,0,0,0,0,0,0,92,0,94,98,79,96,99,95,100,0,100,100,0,0,0,0,0
l33,14=0,0,0,0,0,0,0,0,0,0,0,0,97,0,81,0,86,0,0,0,0,0,0,93,0,99,98,83,99,0,96,100,100,0,100,0,0,0,0,0
l34,14=0,0,0,0,0,0,0,0,0,0,0,0,0,0,0,0,94,0,0,0,98,70,8,98,4,99,98,8,99,99,0,100,100,100,0,0,0,0,0,0
l35,14=0,0,0,0,0,0,0,0,0,0,0,0,70,0,7,0,85,13,0,68,93,84,86,0,0,0,0,0,0,0,0,0,0,0,0,0,95,94,95,93
l36,14=0,0,0,0,0,0,0,0,0,0,0,2,57,0,0,0,89,23,0,67,91,88,90,0,55,0,0,0,0,0,0,0,0,0,0,99,0,51,98,89
l37,14=0,0,0,0,0,0,0,0,0,0,0,0,0,0,0,0,0,0,0,23,87,68,72,0,0,0,0,0,0,0,0,0,0,0,0,63,53,0,90,89
l38,14=0,0,0,0,0,0,0,0,0,0,0,62,0,21,68,82,83,22,0,44,97,32,94,0,0,0,0,0,0,0,0,0,0,0,0,62,59,62,0,92
l39,14=0,0,0,0,0,0,0,0,0,0,0,0,0,0,0,0,89,0,0,75,92,88,91,0,0,0,0,0,0,0,0,0,0,0,0,61,57,60,91,0

l0,15=0,98,98,100,100,100,99,97,97,97,53,0,0,0,0,0,0,0,0,0,0,0,0,0,0,0,0,0,0,0,0,0,0,0,0,0,0,0,0,0
l1,15=98,0,98,97,100,98,99,97,98,89,100,0,0,96,53,0,0,0,0,0,0,0,0,0,0,0,0,0,0,0,0,0,0,0,0,0,0,0,0,0
l2,15=98,98,0,97,97,100,99,97,97,97,0,84,0,98,0,0,0,0,0,0,0,0,0,0,0,0,0,0,0,0,0,0,0,0,0,0,0,0,0,0
l3,15=100,100,94,0,100,100,0,0,0,0,98,0,0,0,0,0,0,0,0,0,0,0,0,0,0,0,0,0,0,0,0,0,0,0,0,0,0,0,0,0
l4,15=100,99,98,100,0,100,99,97,97,87,100,0,0,0,0,0,0,0,0,0,0,0,0,0,0,0,0,0,0,0,0,0,0,0,0,0,0,0,0,0
l5,15=98,98,98,97,97,0,99,97,98,97,100,0,0,98,0,87,0,0,0,0,0,0,0,0,0,0,0,0,0,0,0,0,0,0,0,0,0,0,0,0
l6,15=97,98,98,0,97,93,0,97,96,97,100,98,90,95,0,98,3,0,0,0,0,0,25,0,0,0,0,0,0,0,0,0,0,0,0,0,0,0,0,0
l7,15=59,80,98,80,97,98,99,0,98,97,100,0,0,52,4,0,97,0,0,0,0,0,0,0,0,0,0,0,0,0,0,0,0,0,0,0,0,0,0,0
l8,15=57,75,76,9,62,59,71,97,0,100,100,62,98,98,92,99,0,0,0,41,10,90,69,11,61,0,0,0,0,0,0,0,0,0,0,0,0,0,0,0
l9,15=100,3,72,0,92,100,99,99,100,0,100,99,0,100,0,99,99,30,0,0,99,99,0,44,0,0,0,0,0,0,0,0,0,0,0,0,0,0,0,0
l10,15=51,93,0,94,97,98,99,100,98,100,0,0,95,98,30,0,38,0,0,0,0,0,0,0,0,0,0,0,0,0,0,0,0,0,0,0,0,0,0,0
l11,15=0,0,11,0,0,0,73,0,100,74,0,0,100,100,93,100,100,100,0,45,99,100,70,50,63,99,0,0,0,0,0,0,0,0,0,0,61,0,99,0
l12,15=0,0,0,0,0,0,3,0,99,0,60,100,0,100,100,99,99,100,0,0,99,0,63,100,100,99,0,0,0,0,0,0,0,1,0,14,57,0,85,0
l13,15=0,73,95,0,0,60,72,4,99,100,60,100,100,0,94,100,98,99,0,19,0,4,33,60,3,96,0,0,0,0,0,0,0,0,0,7,0,0,46,0
l14,15=0,0,0,0,0,0,0,0,99,1,6,63,100,98,0,99,99,99,0,0,98,0,0,62,100,98,0,0,0,0,0,0,0,64,0,0,0,0,99,0
l15,15=0,0,0,0,0,21,72,0,99,74,0,100,99,98,96,0,99,99,0,0,96,99,0,62,63,96,0,0,0,0,0,0,0,0,0,62,0,0,99,0
l16,15=0,0,0,0,0,0,2,94,0,60,40,63,95,88,96,99,0,94,94,92,98,89,70,0,63,1,0,0,0,0,0,8,0,53,3,68,61,24,96,67
l17,15=0,0,0,0,0,0,0,0,0,72,0,63,99,98,96,99,99,0,0,97,99,99,70,62,63,98,0,0,0,0,0,0,0,60,11,0,61,4,99,27
l18,15=0,0,0,0,0,0,0,0,0,0,0,0,0,0,0,0,88,0,0,69,94,28,73,0,0,0,0,0,0,0,0,0,0,0,0,0,0,0,0,0
l19,15=0,0,0,0,0,0,0,0,11,0,0,14,48,0,0,0,84,82,75,0,99,97,93,0,0,0,79,0,0,78,0,0,0,0,0,57,52,0,77,95
l20,15=0,0,0,0,0,0,0,0,0,66,0,63,95,0,86,91,97,94,93,98,0,100,97,0,0,0,11,0,0,0,0,0,0,0,0,71,61,0,99,97
l21,15=0,0,0,0,0,0,0,0,84,67,0,63,0,2,0,93,96,97,0,98,100,0,97,0,55,0,0,0,8,0,0,0,0,34,44,68,99,57,98,98
l22,15=0,0,0,0,0,0,2,0,74,22,0,51,77,1,0,0,89,83,28,93,99,99,0,0,0,0,22,0,0,4,0,0,0,0,0,57,49,43,78,78
l23,15=0,0,0,0,0,0,0,0,0,69,0,29,100,99,100,100,0,100,0,0,0,0,0,0,100,99,0,0,0,0,0,0,95,65,0,0,0,0,0,0
l24,15=0,0,0,0,0,0,0,0,98,0,0,63,100,0,100,100,100,100,0,0,0,41,0,62,0,99,0,0,0,0,0,0,93,0,0,0,57,0,0,0
l25,15=0,0,0,0,0,0,0,0,0,0,0,64,87,100,100,92,0,87,0,0,0,0,0,89,100,0,97,0,77,5,0,94,95,59,78,0,0,0,0,0
l26,15=0,0,0,0,0,0,0,0,0,0,0,0,0,0,0,0,0,0,0,94,69,0,45,0,0,71,0,97,99,88,98,99,87,69,96,0,0,0,0,0
l27,15=0,0,0,0,0,0,0,0,0,0,0,0,0,0,0,0,0,0,0,0,0,0,0,0,0,0,92,0,99,89,99,93,87,78,96,0,0,0,0,0
l28,15=0,0,0,0,0,0,0,0,0,0,0,0,0,0,0,0,0,0,0,0,0,33,0,0,0,72,98,98,0,89,99,99,91,81,97,0,0,0,0,0
l29,15=0,0,0,0,0,0,0,0,0,0,0,0,0,0,0,0,0,0,0,94,0,0,27,0,0,3,98,98,99,0,99,94,87,78,96,0,0,0,0,0
l30,15=0,0,0,0,0,0,0,0,0,0,0,0,0,0,0,0,0,0,0,0,0,0,0,0,0,0,95,98,99,89,0,93,87,78,0,0,0,0,0,0
l31,15=0,0,0,0,0,0,0,0,0,0,0,0,0,0,0,0,8,0,0,0,0,0,0,0,0,69,98,92,98,88,97,0,97,88,98,0,0,0,0,0
l32,15=0,0,0,0,0,0,0,0,0,0,0,0,45,0,0,0,0,0,0,0,0,0,0,79,93,79,98,97,98,81,98,100,0,88,98,0,0,0,0,0
l33,15=0,0,0,0,0,0,0,0,0,0,0,0,82,0,98,0,92,82,0,0,0,62,0,99,0,76,94,92,98,94,94,99,97,0,98,0,0,0,0,0
l34,15=0,0,0,0,0,0,0,0,0,0,0,0,0,0,0,0,6,2,0,0,2,89,0,0,5,77,96,96,97,78,0,100,97,88,0,0,0,0,0,0
l35,15=0,0,0,0,0,0,0,0,0,0,0,0,51,0,0,67,74,0,0,48,87,64,52,0,0,0,0,0,0,0,0,0,0,0,0,0,99,91,96,93
l36,15=0,0,0,0,0,0,0,0,0,0,0,53,48,0,0,0,84,68,0,67,92,90,59,0,29,0,0,0,0,0,0,0,0,0,0,97,0,57,99,93
l37,15=0,0,0,0,0,0,0,0,0,0,0,0,0,0,0,0,69,0,0,0,0,80,58,0,0,0,0,0,0,0,0,0,0,0,0,95,98,0,96,92
l38,15=0,0,0,0,0,0,0,0,0,0,0,56,42,0,59,84,81,90,0,68,98,97,58,0,0,0,0,0,0,0,0,0,0,0,0,69,98,58,0,97
l39,15=0,0,0,0,0,0,0,0,0,0,0,0,0,0,0,0,22,0,0,80,92,82,54,0,0,0,0,0,0,0,0,0,0,0,0,91,93,64,96,0

