t=2016-04-14_07.57.36

n=40

q0=1
q1=1
q2=1
q3=1
q4=1
q5=1
q6=1
q7=1
q8=1
q9=1
q10=1
q11=1
q12=1
q13=1
q14=1
q15=1
q16=1
q17=1
q18=1
q19=1
q20=1
q21=1
q22=1
q23=1
q24=1
q25=1
q26=1
q27=1
q28=1
q29=1
q30=1
q31=1
q32=1
q33=1
q34=1
q35=1
q36=1
q37=1
q38=1
q39=1

a0=0x141592000c576ce6
a1=0x141592000c5aedbc
a2=0x141592000c5750f4
a3=0x141592000c576658
a4=0x141592000c575890
a5=0x141592000c574ffa
a6=0x141592000c5acf11
a7=0x141592000d9df361
a8=0x141592000c576300
a9=0x141592000c5779b6
a10=0x141592000c5762b9
a11=0x141592000c5af078
a12=0x141592000c575517
a13=0x141592000c5752c3
a14=0x141592000c5a4baa
a15=0x141592000c5776e7
a16=0x141592000c58cdeb
a17=0x141592000c5881fc
a18=0x141592000bd81d33
a19=0x141592000bd84d6a
a20=0x141592000c577233
a21=0x141592000c574527
a22=0x141592000c5746a3
a23=0x141592000c574da3
a24=0x141592000c5741c9
a25=0x141592000da244ea
a26=0x141592000c5ae886
a27=0x141592000c57510e
a28=0x141592000c5ab6c8
a29=0x141592000c574d05
a30=0x141592000edae61f
a31=0x141592000c57667e
a32=0x141592000c577f43
a33=0x141592000c576449
a34=0x1415920010f4117a
a35=0x141592000c575966
a36=0x141592000c574d35
a37=0x141592000c576fb1
a38=0x141592000c5aea5d
a39=0x141592000c59f23f

l0,0=0,94,88,96,88,89,86,79,85,88,0,0,0,31,0,0,0,0,0,0,0,0,0,0,0,0,0,0,0,0,0,0,0,0,0,0,0,0,0,0
l1,0=91,0,89,86,92,89,84,91,80,0,88,0,0,0,0,0,0,0,0,0,0,0,0,0,0,0,0,0,0,0,0,0,0,0,0,0,0,0,0,0
l2,0=91,89,0,0,92,90,89,91,1,89,89,0,0,62,0,0,0,0,0,0,0,0,0,0,0,0,0,0,0,0,0,0,0,0,0,0,0,0,0,0
l3,0=95,71,0,0,92,89,84,63,72,0,80,0,0,0,0,0,0,0,0,0,0,0,0,0,0,0,0,0,0,0,0,0,0,0,0,0,0,0,0,0
l4,0=80,89,88,87,0,87,52,0,0,76,76,0,0,40,0,0,0,0,0,0,0,0,0,0,0,0,0,0,0,0,0,0,0,0,0,0,0,0,0,0
l5,0=91,93,90,87,92,0,86,91,82,89,83,0,0,47,0,0,0,0,0,0,0,0,0,0,0,0,0,0,0,0,0,0,0,0,0,0,0,0,0,0
l6,0=80,81,96,74,38,82,0,90,77,77,80,39,0,69,0,62,62,0,0,0,0,0,0,0,0,0,0,0,0,0,0,0,0,0,0,0,0,0,0,0
l7,0=68,85,88,50,17,89,86,0,79,86,89,64,0,12,0,54,0,0,0,0,0,0,0,0,0,0,0,0,0,0,0,0,0,0,0,0,0,0,0,0
l8,0=68,50,0,35,0,43,69,74,0,92,62,74,23,82,60,78,76,25,0,0,0,64,12,0,37,0,0,0,0,0,0,0,0,0,0,0,0,0,55,0
l9,0=81,0,78,0,55,87,62,87,90,0,90,67,32,69,10,65,60,37,0,0,0,0,17,0,0,0,0,0,0,0,0,0,0,0,0,0,0,0,0,0
l10,0=0,80,89,65,83,78,76,91,73,94,0,74,54,83,0,73,2,0,0,0,0,0,0,0,0,0,0,0,0,0,0,0,0,0,0,0,0,0,0,0
l11,0=0,0,0,0,0,0,27,44,36,76,71,0,50,51,75,96,75,35,0,48,0,42,0,0,45,0,0,0,0,0,0,0,0,0,0,0,26,0,76,0
l12,0=0,0,0,0,0,0,0,0,34,68,54,87,0,82,85,96,78,99,0,0,77,63,0,82,94,84,0,0,0,0,0,0,0,78,0,0,22,0,80,0
l13,0=0,0,16,0,37,0,39,0,87,67,79,84,82,0,77,82,62,47,0,50,0,63,25,45,39,44,0,0,0,0,0,0,0,0,0,0,6,0,65,0
l14,0=0,0,0,0,0,0,0,0,35,25,0,70,50,29,0,85,76,32,0,0,77,0,20,52,71,88,0,0,0,0,0,0,0,76,0,0,2,0,3,0
l15,0=0,0,0,0,0,0,35,19,34,64,69,98,92,31,78,0,70,33,0,10,31,0,20,0,63,0,0,0,0,0,0,0,0,0,0,0,3,0,74,0
l16,0=0,0,0,0,0,0,18,0,35,62,0,68,28,20,82,66,0,36,0,61,68,82,30,35,53,0,0,0,0,0,0,0,0,40,0,6,22,3,86,81
l17,0=0,0,0,0,0,0,0,0,32,72,0,75,78,31,80,90,83,0,0,0,84,82,27,0,55,52,0,0,0,0,0,0,0,79,0,0,25,1,0,0
l18,0=0,0,0,0,0,0,0,0,0,0,0,0,0,0,0,0,0,0,0,0,77,0,77,0,0,0,0,0,0,0,0,0,0,0,0,0,0,0,0,0
l19,0=0,0,0,0,0,0,0,0,1,0,0,18,0,32,0,0,77,0,0,0,83,60,92,0,0,0,0,0,0,2,0,42,0,0,0,34,67,0,54,84
l20,0=0,0,0,0,0,0,0,0,0,0,0,0,17,0,40,6,56,20,33,79,0,91,92,0,0,0,0,0,0,0,0,0,0,0,11,0,56,55,96,96
l21,0=0,0,0,0,0,0,0,0,27,0,0,22,17,23,0,0,85,20,11,46,96,0,92,0,0,0,0,0,0,0,0,0,0,0,0,63,20,21,87,75
l22,0=0,0,0,0,0,0,0,0,21,26,0,0,0,18,32,34,74,18,18,88,96,90,0,0,9,0,26,0,0,0,0,0,1,0,0,19,92,28,78,87
l23,0=0,0,0,0,0,0,0,0,16,0,0,0,68,42,81,0,70,0,0,0,0,0,0,0,83,0,0,0,0,0,0,0,0,61,83,0,0,0,0,0
l24,0=0,0,0,0,0,0,0,0,34,0,0,67,91,28,83,84,72,32,0,0,0,0,12,84,0,64,0,0,0,0,0,0,74,79,84,0,0,0,20,0
l25,0=0,0,0,0,0,0,0,0,4,0,0,0,75,25,89,0,0,30,0,0,0,0,0,0,72,0,34,2,0,0,0,58,80,74,82,0,0,0,0,0
l26,0=0,0,0,0,0,0,0,0,0,0,0,0,0,0,0,0,0,0,0,29,0,0,63,0,0,59,0,78,89,86,92,90,72,56,75,0,0,0,0,0
l27,0=0,0,0,0,0,0,0,0,0,0,0,0,0,0,0,0,0,0,0,0,0,0,0,0,0,0,73,0,89,88,97,71,63,47,70,0,0,0,0,0
l28,0=0,0,0,0,0,0,0,0,0,0,0,0,0,0,0,0,0,0,0,11,2,0,0,0,0,0,81,100,0,91,97,82,65,52,71,0,0,0,0,0
l29,0=0,0,0,0,0,0,0,0,0,0,0,0,0,0,0,0,0,0,0,57,0,0,0,0,0,0,80,100,89,0,97,66,64,49,59,0,0,0,0,0
l30,0=0,0,0,0,0,0,0,0,0,0,0,0,0,0,0,0,0,0,0,0,0,0,0,0,0,0,71,100,89,91,0,67,77,71,0,0,0,0,0,0
l31,0=0,0,0,0,0,0,0,0,0,0,0,0,0,0,0,0,0,0,0,66,0,0,0,0,0,64,75,63,78,66,66,0,87,83,96,0,0,0,0,0
l32,0=0,0,0,0,0,0,0,0,0,0,0,0,0,0,0,0,0,0,0,0,0,0,0,0,52,64,69,61,72,53,67,85,0,85,97,0,0,0,0,0
l33,0=0,0,0,0,0,0,0,0,0,0,0,0,66,0,64,0,67,64,0,0,0,0,0,45,53,66,67,52,71,56,79,80,86,0,83,0,0,0,0,0
l34,0=0,0,0,0,0,0,0,0,0,0,0,0,0,0,0,0,0,0,0,0,62,0,8,66,58,77,60,65,72,58,0,91,94,63,0,0,0,0,0,0
l35,0=0,0,0,0,0,0,0,0,0,0,0,0,0,0,0,0,34,0,0,38,0,70,23,0,0,0,0,0,0,0,0,0,0,0,0,0,26,70,93,71
l36,0=0,0,0,0,0,0,0,0,0,0,0,51,13,6,0,3,63,20,0,54,90,61,34,0,0,0,0,0,0,0,0,0,0,0,0,30,0,54,94,90
l37,0=0,0,0,0,0,0,0,0,0,0,0,0,0,0,0,0,20,1,0,0,90,36,22,0,0,0,0,0,0,0,0,0,0,0,0,30,33,0,51,95
l38,0=0,0,0,0,0,0,0,0,23,0,0,49,25,15,0,74,81,0,0,48,94,89,34,0,0,0,0,0,0,0,0,0,0,0,0,54,33,27,0,95
l39,0=0,0,0,0,0,0,0,0,0,0,0,0,0,0,0,0,66,0,0,57,90,77,31,0,0,0,0,0,0,0,0,0,0,0,0,27,29,71,84,0

l0,1=0,88,88,93,68,81,85,46,48,78,40,0,0,4,0,0,0,0,0,0,0,0,0,0,0,0,0,0,0,0,0,0,0,0,0,0,0,0,0,0
l1,1=91,0,93,87,81,90,81,80,62,70,80,0,0,37,0,0,0,0,0,0,0,0,0,2,0,0,0,0,0,0,0,0,0,0,0,0,0,0,0,0
l2,1=88,91,0,85,63,92,87,83,0,82,84,0,0,0,0,16,0,0,0,0,0,0,0,0,0,0,0,0,0,0,0,0,0,0,0,0,0,0,0,0
l3,1=90,87,84,0,78,80,82,10,0,53,78,0,0,0,0,0,0,0,0,0,0,0,0,0,0,0,0,0,0,0,0,0,0,0,0,0,0,0,0,0
l4,1=64,87,71,84,0,73,71,3,66,81,79,0,0,50,0,0,0,0,0,0,0,0,0,0,0,0,0,0,0,0,0,0,0,0,0,0,0,0,0,0
l5,1=87,90,94,91,76,0,81,86,73,83,78,0,0,0,0,0,0,0,0,0,0,0,0,0,0,0,0,0,0,0,0,0,0,0,0,0,0,0,0,0
l6,1=59,53,88,52,45,68,0,88,79,40,77,45,10,52,0,0,44,0,0,0,0,0,0,0,0,0,0,0,0,0,0,0,0,0,0,0,0,0,0,0
l7,1=19,69,77,34,23,85,87,0,79,81,87,30,8,28,0,12,0,0,0,0,0,0,0,0,0,0,0,0,0,0,0,0,0,0,0,0,0,0,0,0
l8,1=4,13,0,0,26,38,75,73,0,85,72,70,0,79,24,67,59,34,0,0,0,55,37,10,0,0,0,0,0,0,0,0,0,0,0,0,0,0,10,0
l9,1=45,25,74,33,63,72,54,80,91,0,87,67,27,81,23,56,50,41,0,0,0,34,28,0,0,0,0,0,0,0,0,0,0,0,0,0,0,0,0,0
l10,1=31,73,87,71,68,71,87,89,80,89,0,60,0,83,0,55,0,0,0,0,0,11,0,0,0,0,0,0,0,0,0,0,0,0,0,0,0,0,0,0
l11,1=0,0,0,0,0,0,50,40,70,60,31,0,85,80,45,76,71,82,0,14,1,0,0,0,39,0,0,0,0,0,0,0,0,0,0,34,57,0,46,0
l12,1=0,0,0,0,0,0,0,0,0,23,0,83,0,53,75,75,70,91,0,0,47,36,0,46,93,65,0,0,0,0,0,0,0,0,0,0,0,0,52,0
l13,1=0,0,0,0,21,0,55,0,74,71,46,85,66,0,37,47,62,64,0,16,34,51,36,35,0,33,0,0,0,0,0,0,0,0,0,0,0,0,52,0
l14,1=0,0,0,0,0,0,0,0,53,39,0,41,86,36,0,61,69,56,0,0,47,38,0,73,44,70,0,0,0,0,0,0,0,0,0,0,0,0,0,0
l15,1=0,0,0,0,0,0,0,0,59,44,23,93,87,29,34,0,50,72,0,0,28,0,35,13,53,0,0,0,0,0,0,0,0,0,0,0,42,4,33,0
l16,1=0,0,0,0,0,0,31,0,39,20,0,36,51,34,35,49,0,59,0,3,53,52,55,5,16,45,0,0,0,0,0,0,8,21,2,41,51,1,51,50
l17,1=0,0,0,0,0,0,0,0,39,28,0,56,91,42,34,71,74,0,0,0,51,32,42,6,36,40,0,0,0,0,0,0,0,24,0,0,56,0,0,0
l18,1=0,0,0,0,0,0,0,0,0,0,0,0,0,0,0,0,0,0,0,41,62,59,62,0,0,0,0,0,0,0,0,0,0,0,0,0,0,0,0,0
l19,1=0,0,0,0,0,0,0,0,0,0,0,12,0,24,0,0,38,0,23,0,69,51,74,0,0,0,0,0,0,0,0,43,0,0,0,0,61,28,59,63
l20,1=0,0,0,0,0,0,0,0,0,0,0,0,48,27,26,20,66,46,32,60,0,72,74,0,0,0,0,0,0,0,0,0,0,0,1,53,71,57,70,69
l21,1=0,0,0,0,0,0,0,0,51,33,6,0,42,30,24,0,68,37,25,28,72,0,70,0,0,0,4,0,0,0,0,40,31,0,0,66,48,47,70,66
l22,1=0,0,0,0,0,0,0,0,49,30,0,0,15,30,0,40,63,42,28,66,73,68,0,0,8,0,36,0,0,1,0,0,6,0,0,53,71,50,65,68
l23,1=0,0,0,0,0,0,0,0,34,0,0,0,63,42,65,46,56,49,0,0,0,0,0,0,85,61,0,0,0,0,0,0,0,5,69,0,0,0,0,0
l24,1=0,0,0,0,0,0,0,0,0,0,0,45,86,4,42,69,68,69,0,0,0,0,19,78,0,67,0,0,0,0,0,0,38,59,54,0,0,0,0,0
l25,1=0,0,0,0,0,0,0,0,23,0,0,0,68,38,69,0,62,51,0,0,0,0,0,62,80,0,44,0,25,3,0,59,0,61,68,0,0,0,0,0
l26,1=0,0,0,0,0,0,0,0,0,0,0,0,0,0,0,0,0,0,0,0,0,3,43,0,0,45,0,43,78,81,71,76,48,62,56,0,0,0,0,0
l27,1=0,0,0,0,0,0,0,0,0,0,0,0,0,0,0,0,0,0,0,0,0,0,0,0,0,0,57,0,76,83,90,65,58,66,71,0,0,0,0,0
l28,1=0,0,0,0,0,0,0,0,0,0,0,0,0,0,0,0,0,0,0,27,21,0,0,0,0,43,71,81,0,90,89,76,41,60,60,0,0,0,0,0
l29,1=0,0,0,0,0,0,0,0,0,0,0,0,0,0,0,0,0,0,0,8,0,0,20,0,0,10,65,82,78,0,87,66,47,51,53,0,0,0,0,0
l30,1=0,0,0,0,0,0,0,0,0,0,0,0,0,0,0,0,0,0,0,0,0,0,0,0,0,0,57,89,78,90,0,55,41,64,0,0,0,0,0,0
l31,1=0,0,0,0,0,0,0,0,0,0,0,0,0,0,0,0,0,0,0,43,0,38,0,0,0,50,63,34,65,61,53,0,62,78,74,0,0,0,0,0
l32,1=0,0,0,0,0,0,0,0,0,0,0,0,0,0,0,0,41,0,0,0,0,37,13,0,50,0,59,58,60,71,68,73,0,77,85,0,0,0,0,0
l33,1=0,0,0,0,0,0,0,0,0,0,0,0,10,0,0,0,58,51,0,0,0,0,0,14,50,62,55,33,61,53,69,72,60,0,69,0,0,0,0,0
l34,1=0,0,0,0,0,0,0,0,0,0,0,0,0,0,0,0,57,0,0,0,46,0,0,60,50,59,51,40,65,57,0,77,80,78,0,0,0,0,0,0
l35,1=0,0,0,0,0,0,0,0,0,0,0,13,0,0,0,0,55,0,0,0,44,59,49,0,0,0,0,0,0,0,0,0,0,0,0,0,74,70,78,55
l36,1=0,0,0,0,0,0,0,0,0,0,0,26,0,0,0,47,58,48,0,7,64,35,64,0,0,0,0,0,0,0,0,0,0,0,0,77,0,62,79,64
l37,1=0,0,0,0,0,0,0,0,0,0,0,0,0,0,0,0,0,0,0,3,56,54,58,0,0,0,0,0,0,0,0,0,0,0,0,75,72,0,69,70
l38,1=0,0,0,0,0,0,0,0,5,0,0,32,46,30,0,11,59,0,0,28,66,65,65,0,0,0,0,0,0,0,0,0,0,0,0,79,74,66,0,67
l39,1=0,0,0,0,0,0,0,0,0,0,0,0,0,0,0,0,62,0,0,35,58,60,64,0,0,0,0,0,0,0,0,0,0,0,0,61,67,66,64,0

l0,2=0,86,86,79,79,80,69,0,12,76,0,0,0,0,0,0,0,0,0,0,0,0,0,0,0,0,0,0,0,0,0,0,0,0,0,0,0,0,0,0
l1,2=86,0,87,86,82,85,83,77,58,79,81,0,0,0,0,0,0,0,0,0,0,0,0,0,0,0,0,0,0,0,0,0,0,0,0,0,0,0,0,0
l2,2=88,89,0,79,86,87,88,89,0,85,82,0,0,0,0,0,0,0,0,0,0,0,0,0,0,0,0,0,0,0,0,0,0,0,0,0,0,0,0,0
l3,2=86,88,85,0,84,81,44,47,14,0,70,0,0,0,0,0,0,0,0,0,0,0,0,0,0,0,0,0,0,0,0,0,0,0,0,0,0,0,0,0
l4,2=83,81,83,79,0,79,79,69,61,79,71,0,0,0,0,0,0,0,0,0,0,0,0,0,0,0,0,0,0,0,0,0,0,0,0,0,0,0,0,0
l5,2=83,86,89,81,82,0,79,78,69,76,81,0,0,0,0,0,0,0,0,0,0,0,0,0,0,0,0,0,0,0,0,0,0,0,0,0,0,0,0,0
l6,2=43,79,91,28,73,77,0,62,45,70,80,29,28,43,0,31,0,0,0,0,0,0,0,0,0,0,0,0,0,0,0,0,0,0,0,0,0,0,0,0
l7,2=0,65,87,31,49,74,71,0,76,81,85,25,0,50,0,48,18,0,0,0,0,0,0,0,0,0,0,0,0,0,0,0,0,0,0,0,0,0,0,0
l8,2=0,31,0,5,41,52,34,70,0,85,73,53,0,81,0,60,48,44,0,0,0,46,32,11,36,38,0,0,0,0,0,0,0,0,0,0,0,0,36,0
l9,2=39,46,76,4,64,60,45,71,78,0,84,35,23,80,7,46,25,31,0,0,0,27,0,0,0,0,0,0,0,0,0,0,0,0,0,0,0,0,0,0
l10,2=0,63,72,37,53,67,79,87,76,85,0,40,0,74,0,29,0,16,0,0,0,0,0,42,0,0,0,0,0,0,0,0,0,0,0,0,0,0,0,0
l11,2=0,0,0,0,0,0,26,27,44,53,50,0,78,84,76,70,49,85,0,34,31,46,30,42,32,0,0,0,0,0,0,0,0,0,0,32,48,0,35,25
l12,2=0,0,0,0,0,0,32,0,0,40,0,77,0,70,79,70,60,88,0,0,0,43,3,75,88,73,0,0,0,0,0,0,0,0,0,0,0,0,47,0
l13,2=0,0,0,0,0,0,7,37,75,79,64,81,55,0,48,64,55,59,2,36,33,42,25,41,40,33,0,0,0,0,0,0,0,0,0,0,0,0,50,0
l14,2=0,0,0,0,0,0,0,0,0,2,0,68,78,56,0,55,61,61,0,0,18,1,0,75,62,64,0,0,0,0,0,0,0,45,0,0,0,0,52,0
l15,2=0,0,0,0,0,0,27,49,59,54,38,91,75,72,53,0,41,74,0,17,62,1,0,0,74,0,0,0,0,0,0,0,0,0,0,0,33,0,46,0
l16,2=0,0,0,0,0,0,0,0,42,14,0,53,58,60,64,51,0,73,0,9,68,53,55,27,49,50,0,0,0,0,0,0,0,38,0,51,55,33,60,51
l17,2=0,0,0,0,0,0,0,0,43,26,3,80,79,70,55,64,65,0,0,0,59,0,37,55,61,0,0,0,0,0,0,0,0,40,0,0,49,0,54,0
l18,2=0,0,0,0,0,0,0,0,0,0,0,0,0,6,0,0,0,0,0,62,67,62,56,0,0,0,0,0,0,0,0,0,0,0,0,0,0,0,0,0
l19,2=0,0,0,0,0,0,0,0,0,0,0,25,0,48,0,7,13,0,37,0,76,0,67,0,0,0,0,0,23,47,0,36,0,0,0,0,59,0,65,56
l20,2=0,0,0,0,0,0,0,0,0,0,0,2,0,48,0,58,57,50,36,66,0,71,66,0,1,0,0,0,0,0,0,0,0,0,36,67,62,50,73,63
l21,2=0,0,0,0,0,0,0,0,47,41,0,49,46,61,1,5,57,2,43,0,84,0,68,0,0,0,0,0,0,0,0,0,0,46,0,64,56,70,73,61
l22,2=0,0,0,0,0,0,0,0,36,0,0,41,30,48,0,0,57,46,34,72,81,72,0,0,0,0,0,0,0,45,0,0,0,0,0,58,63,56,59,62
l23,2=0,0,0,0,0,0,0,0,2,0,26,8,74,69,75,0,32,62,0,0,0,0,0,0,80,66,0,0,0,0,0,0,0,0,52,0,0,0,0,0
l24,2=0,0,0,0,0,0,0,0,56,0,0,42,77,73,73,64,59,73,0,0,16,0,0,79,0,72,0,0,0,0,0,0,26,56,37,0,40,0,9,0
l25,2=0,0,0,0,0,0,0,0,44,0,0,0,74,64,74,0,56,16,0,0,0,0,0,72,74,0,55,0,0,0,0,58,63,66,64,0,0,0,0,0
l26,2=0,0,0,0,0,0,0,0,0,0,0,0,0,0,0,0,0,0,0,0,0,0,0,0,0,44,0,31,84,81,84,70,65,62,53,0,0,0,0,0
l27,2=0,0,0,0,0,0,0,0,0,0,0,0,0,0,0,0,0,0,0,0,0,0,0,0,0,0,48,0,80,87,92,64,65,49,54,0,0,0,0,0
l28,2=0,0,0,0,0,0,0,0,0,0,0,0,0,0,0,0,0,0,0,45,13,0,15,0,0,0,86,81,0,91,87,70,49,71,61,0,0,0,0,0
l29,2=0,0,0,0,0,0,0,0,0,0,0,0,0,0,0,0,0,0,0,48,0,0,44,0,0,0,78,80,84,0,85,61,60,0,7,0,0,0,0,0
l30,2=0,0,0,0,0,0,0,0,0,0,0,0,0,0,0,0,0,0,0,0,0,0,0,0,0,0,77,91,82,81,0,40,61,62,41,0,0,0,0,0
l31,2=0,0,0,0,0,0,0,0,0,0,0,0,0,0,0,0,0,0,0,52,0,0,0,3,0,60,75,60,70,67,54,0,73,68,73,0,0,0,0,0
l32,2=0,0,0,0,0,0,0,0,0,0,0,0,0,0,0,0,0,0,0,0,0,0,0,0,29,56,69,50,54,67,61,70,0,71,85,0,0,0,0,0
l33,2=0,0,0,0,0,0,0,0,0,0,0,0,0,0,66,0,27,30,0,0,0,39,0,6,55,65,65,39,65,0,63,62,71,0,72,0,0,0,0,0
l34,2=0,0,0,0,0,0,0,0,0,0,0,0,0,0,1,0,0,0,0,0,60,0,0,55,48,64,65,50,65,38,52,71,77,75,0,0,0,0,0,0
l35,2=0,0,0,0,0,0,0,0,0,0,0,3,0,0,0,0,44,0,0,0,63,50,47,0,0,0,0,0,0,0,0,0,0,0,0,0,66,64,76,57
l36,2=0,0,0,0,0,0,0,0,0,0,0,50,0,0,0,10,49,54,0,52,75,48,55,0,12,0,0,0,0,0,0,0,0,0,0,72,0,74,76,38
l37,2=0,0,0,0,0,0,0,0,0,0,0,0,0,0,0,0,32,0,0,13,62,60,53,0,0,0,0,0,0,0,0,0,0,0,0,72,66,0,76,61
l38,2=0,0,0,0,0,0,0,0,14,0,0,0,30,58,41,38,46,43,0,50,78,65,46,0,0,0,0,0,0,0,0,0,0,0,0,73,67,73,0,62
l39,2=0,0,0,0,0,0,0,0,0,0,0,0,0,0,0,0,44,0,0,60,67,61,56,0,0,0,0,0,0,0,0,0,0,0,0,65,57,63,69,0

l0,3=0,85,78,79,88,87,0,42,26,85,0,0,0,0,0,0,0,0,0,0,0,0,0,0,0,0,0,0,0,0,0,0,0,0,0,0,0,0,0,0
l1,3=85,0,82,85,88,89,88,87,75,90,40,0,0,0,0,0,0,0,0,0,0,0,0,0,0,0,0,0,0,0,0,0,0,0,0,0,0,0,0,0
l2,3=85,84,0,84,89,89,93,87,76,90,88,0,0,82,0,0,0,0,0,0,0,0,0,0,0,0,0,0,0,0,0,0,0,0,0,0,0,0,0,0
l3,3=80,85,76,0,84,83,82,0,70,13,77,0,0,0,0,0,0,0,0,0,0,0,0,0,0,0,0,0,0,0,0,0,0,0,0,0,0,0,0,0
l4,3=85,85,83,37,0,87,56,0,36,82,0,0,0,0,0,0,0,0,0,0,0,0,0,0,0,0,0,0,0,0,0,0,0,0,0,0,0,0,0,0
l5,3=85,86,89,84,88,0,87,87,86,90,87,46,0,81,0,0,0,0,0,0,0,0,0,0,0,0,0,0,0,0,0,0,0,0,0,0,0,0,0,0
l6,3=0,84,89,76,82,87,0,80,79,87,88,77,70,59,0,67,73,0,0,0,0,0,0,0,0,0,0,0,0,0,0,0,0,0,0,0,0,0,0,0
l7,3=66,72,83,0,0,87,87,0,86,90,92,0,2,80,0,76,67,0,0,0,0,0,0,0,0,0,0,0,0,0,0,0,0,0,0,0,0,0,0,0
l8,3=0,33,25,21,44,39,41,84,0,90,85,55,32,88,0,82,30,35,0,0,0,37,36,11,30,11,0,0,0,0,0,0,0,0,0,0,0,0,9,0
l9,3=38,35,30,17,58,40,63,86,90,0,93,30,30,90,42,36,0,0,0,0,33,7,0,0,0,0,0,0,0,0,0,0,0,0,0,0,0,0,0,0
l10,3=0,32,80,24,0,80,87,94,86,93,0,32,27,88,40,27,0,0,0,0,0,0,0,32,10,0,0,0,0,0,0,0,0,0,0,0,0,0,19,0
l11,3=0,0,0,0,0,35,48,0,85,40,41,0,89,92,92,96,25,80,0,34,41,37,45,46,81,23,0,0,0,0,0,0,0,0,0,0,51,23,83,3
l12,3=0,0,0,0,0,0,35,0,31,26,2,93,0,42,97,91,32,94,0,30,0,36,38,84,92,87,0,0,0,0,0,0,0,25,0,16,0,0,39,0
l13,3=0,0,29,0,0,31,17,35,92,92,46,91,50,0,3,80,25,42,30,34,38,27,40,36,27,37,0,0,0,0,0,0,0,0,0,0,3,0,34,0
l14,3=0,0,0,0,0,0,0,0,0,35,31,97,94,25,0,34,34,22,0,0,41,0,19,90,92,49,0,0,0,0,0,0,0,42,8,0,0,0,41,1
l15,3=0,0,0,0,0,0,35,38,85,63,21,97,90,92,47,0,79,76,0,11,46,19,0,37,85,0,0,0,0,0,0,0,0,0,0,0,0,0,41,24
l16,3=0,0,0,0,0,0,29,20,35,0,0,20,45,37,88,37,0,79,32,37,83,73,76,35,35,42,0,0,0,0,0,0,0,43,0,0,44,32,41,34
l17,3=0,0,0,0,0,0,0,0,78,4,0,91,94,83,34,80,88,0,0,0,76,37,36,48,81,0,0,0,0,0,0,0,0,22,0,27,77,0,48,32
l18,3=0,0,0,0,0,0,0,0,0,0,0,0,0,66,0,0,53,0,0,75,72,67,63,0,0,0,0,0,0,0,0,0,0,0,0,0,0,0,0,0
l19,3=0,0,0,0,0,0,0,0,0,0,0,0,59,58,0,0,65,0,76,0,89,92,97,0,0,0,0,0,54,72,0,68,0,0,0,5,85,0,88,73
l20,3=0,0,0,0,0,0,0,0,0,44,0,47,0,66,56,79,85,60,60,90,0,93,92,0,47,0,1,0,0,0,0,0,0,0,0,74,86,80,90,89
l21,3=0,0,0,0,0,0,0,0,88,25,0,78,77,60,0,36,86,51,61,91,92,0,93,0,0,0,0,0,0,0,0,0,0,51,0,79,89,83,90,81
l22,3=0,0,0,0,0,0,0,0,64,0,0,73,53,66,3,0,87,25,63,94,96,93,0,0,0,0,0,0,0,66,0,0,0,0,0,86,70,81,73,92
l23,3=0,0,0,0,0,0,0,0,9,0,1,32,84,34,94,36,25,33,0,0,0,0,0,0,91,84,0,0,0,0,0,5,0,0,0,0,0,0,0,0
l24,3=0,0,0,0,0,0,0,0,35,0,1,36,94,34,96,88,28,74,0,0,43,0,0,90,0,85,0,0,0,0,0,0,0,48,0,0,43,0,37,0
l25,3=0,0,0,0,0,0,0,0,25,0,0,11,86,32,79,0,27,0,0,0,0,0,0,87,86,0,13,0,0,3,0,30,39,72,48,0,0,0,0,0
l26,3=0,0,0,0,0,0,0,0,0,0,0,0,0,0,0,0,0,0,0,18,44,0,0,0,0,10,0,72,95,93,96,92,85,63,81,0,0,0,0,0
l27,3=0,0,0,0,0,0,0,0,0,0,0,0,0,0,0,0,0,0,0,0,0,0,0,0,0,0,90,0,95,95,100,90,88,0,2,0,0,0,0,0
l28,3=0,0,0,0,0,0,0,0,0,0,0,0,0,0,0,0,0,0,0,64,0,0,46,0,0,0,93,100,0,95,92,84,83,85,80,0,0,0,0,0
l29,3=0,0,0,0,0,0,0,0,0,0,0,0,0,0,0,0,0,0,0,66,0,0,66,0,0,0,93,100,95,0,91,79,74,58,63,0,0,0,0,0
l30,3=0,0,0,0,0,0,0,0,0,0,0,0,0,0,0,0,0,0,0,0,0,0,0,0,0,0,93,100,89,93,0,78,86,67,0,0,0,0,0,0
l31,3=0,0,0,0,0,0,0,0,0,0,0,0,0,0,0,0,0,0,0,69,0,0,0,59,0,66,93,70,79,75,70,0,94,95,94,0,0,0,0,0
l32,3=0,0,0,0,0,0,0,0,0,0,0,0,18,0,0,0,0,0,0,0,0,0,0,0,0,76,87,79,73,79,80,98,0,92,96,0,0,0,0,0
l33,3=0,0,0,0,0,0,0,0,0,0,0,0,36,0,38,0,57,2,0,0,0,34,0,0,77,86,67,0,86,71,63,90,87,0,91,0,0,0,0,0
l34,3=0,0,0,0,0,0,0,0,0,0,0,0,0,0,43,0,0,0,0,0,46,0,0,40,0,81,81,23,76,79,34,95,94,98,0,0,0,0,0,0
l35,3=0,0,0,0,0,0,0,0,0,0,0,0,18,0,0,0,0,2,0,3,78,59,81,0,0,0,0,0,0,0,0,0,0,0,0,0,90,79,88,88
l36,3=0,0,0,0,0,0,0,0,0,0,0,59,1,14,0,0,68,53,0,74,79,79,71,0,20,0,0,0,0,0,0,0,0,0,0,85,0,76,89,82
l37,3=0,0,0,0,0,0,0,0,0,0,0,0,0,0,0,0,73,0,0,0,88,88,86,0,0,0,0,0,0,0,0,0,0,0,0,87,91,0,88,88
l38,3=0,0,0,0,0,0,0,0,4,0,0,77,62,68,81,63,71,46,0,77,89,85,61,0,32,0,0,0,0,0,0,0,0,0,0,88,90,71,0,90
l39,3=0,0,0,0,0,0,0,0,0,0,0,0,0,0,0,0,71,4,0,33,84,49,83,0,0,0,0,0,0,0,0,0,0,0,0,87,83,82,90,0

l0,4=0,89,63,86,80,79,0,11,60,81,0,0,0,0,0,0,0,0,0,0,0,0,0,0,0,0,0,0,0,0,0,0,0,0,0,0,0,0,0,0
l1,4=88,0,77,86,88,90,86,47,60,76,80,0,0,6,0,0,0,0,0,0,0,0,0,0,0,0,0,0,0,0,0,0,0,0,0,0,0,0,0,0
l2,4=76,82,0,80,83,90,87,55,63,76,85,0,0,78,0,7,0,0,0,0,0,0,0,0,0,0,0,0,0,0,0,0,0,0,0,0,0,0,0,0
l3,4=85,89,77,0,79,81,73,0,62,0,0,0,0,0,0,0,0,0,0,0,0,0,0,0,0,0,0,0,0,0,0,0,0,0,0,0,0,0,0,0
l4,4=88,94,83,85,0,89,73,47,63,71,68,0,0,7,0,0,0,0,0,0,0,0,0,0,0,0,0,0,0,0,0,0,0,0,0,0,0,0,0,0
l5,4=80,90,84,81,79,0,82,64,63,77,86,0,0,73,0,71,0,0,0,0,0,0,0,0,0,0,0,0,0,0,0,0,0,0,0,0,0,0,0,0
l6,4=0,93,82,73,79,86,0,75,62,87,91,75,81,0,0,74,77,0,0,0,0,0,0,0,0,0,0,0,0,0,0,0,0,0,0,0,0,0,0,0
l7,4=43,71,77,0,76,89,87,0,87,92,91,76,0,76,0,79,1,0,0,0,0,0,0,0,0,0,0,0,0,0,0,0,0,0,0,0,0,0,0,0
l8,4=73,72,33,71,70,75,59,62,0,87,79,77,82,84,75,77,83,79,0,0,46,81,74,0,0,0,0,0,0,0,0,0,0,0,0,0,0,0,0,0
l9,4=74,75,70,10,69,78,72,73,90,0,93,77,0,86,0,66,0,79,0,0,78,0,80,0,0,0,0,0,0,0,0,0,0,0,0,0,0,0,0,0
l10,4=0,77,83,7,65,88,85,77,83,92,0,82,80,85,73,77,0,71,0,0,0,0,0,61,0,0,0,0,0,0,0,0,0,0,0,0,0,0,1,0
l11,4=0,0,0,0,0,0,65,59,82,78,80,0,86,81,83,91,84,82,0,0,0,83,76,78,82,76,0,0,0,0,0,0,0,0,0,0,79,46,84,0
l12,4=0,0,0,0,0,0,31,0,82,0,80,82,0,87,91,87,89,91,0,33,77,0,0,85,92,89,0,0,0,0,0,0,53,74,0,65,62,0,83,0
l13,4=0,0,72,0,0,4,0,47,84,79,78,80,85,0,77,82,84,82,0,59,79,77,77,77,0,82,0,0,0,0,0,0,0,0,0,0,17,0,43,0
l14,4=0,0,0,0,0,0,0,0,82,0,80,83,93,80,0,0,88,41,0,0,81,0,30,92,95,88,0,0,0,0,0,0,0,79,60,0,34,0,86,0
l15,4=0,0,0,0,0,64,57,61,82,75,78,88,85,82,0,0,84,79,0,4,79,80,72,77,86,23,0,0,0,0,0,0,0,0,0,0,76,53,81,0
l16,4=0,0,0,0,0,0,54,0,82,0,0,77,92,80,88,81,0,91,58,77,88,85,82,76,86,82,0,0,0,0,0,0,0,0,0,83,77,68,85,84
l17,4=0,0,0,0,0,0,0,0,82,78,61,84,93,83,30,81,96,0,0,6,82,80,75,73,91,10,0,0,0,0,0,0,0,0,0,82,79,0,84,87
l18,4=0,0,0,0,0,0,0,0,0,0,0,0,0,0,0,0,87,0,0,85,70,90,81,0,0,0,0,0,0,0,0,0,0,0,0,0,0,0,0,0
l19,4=0,0,0,0,0,0,0,0,0,0,0,0,59,72,0,0,87,0,70,0,93,96,94,0,0,0,21,0,0,81,0,0,0,0,0,85,85,9,86,87
l20,4=0,0,0,0,0,0,0,0,38,69,0,0,74,77,75,77,89,81,32,92,0,96,94,0,80,0,0,0,71,0,0,0,32,0,0,81,85,79,93,82
l21,4=0,0,0,0,0,0,0,0,86,0,0,76,0,68,0,78,95,69,63,92,93,0,93,0,35,0,0,0,0,0,0,0,0,58,0,79,83,76,92,96
l22,4=0,0,0,0,0,0,0,0,75,80,0,76,5,80,14,60,90,65,66,96,95,96,0,0,0,0,71,0,0,66,0,0,46,39,0,63,85,87,93,65
l23,4=0,0,0,0,0,0,0,0,0,0,3,81,91,82,93,83,83,52,0,0,0,0,0,0,95,95,0,0,0,0,0,0,0,81,71,0,0,0,0,0
l24,4=0,0,0,0,0,0,0,0,0,0,0,76,91,0,93,87,85,86,0,0,81,8,0,92,0,90,0,0,0,0,0,0,0,80,0,0,0,0,0,0
l25,4=0,0,0,0,0,0,0,0,0,0,0,49,93,73,94,17,83,20,0,0,0,0,0,97,98,0,0,0,0,68,0,68,81,92,74,0,0,0,0,0
l26,4=0,0,0,0,0,0,0,0,0,0,0,0,0,0,0,0,0,0,0,55,0,0,80,0,0,0,0,90,100,100,100,100,95,86,85,0,0,0,0,0
l27,4=0,0,0,0,0,0,0,0,0,0,0,0,0,0,0,0,0,0,0,0,0,0,0,0,0,0,99,0,100,100,100,96,91,0,80,0,0,0,0,0
l28,4=0,0,0,0,0,0,0,0,0,0,0,0,0,0,0,0,0,0,0,2,86,0,0,0,0,0,100,100,0,100,99,96,98,96,92,0,0,0,0,0
l29,4=0,0,0,0,0,0,0,0,0,0,0,0,0,0,0,0,0,0,0,89,0,0,84,0,0,86,100,100,100,0,99,93,93,91,87,0,0,0,0,0
l30,4=0,0,0,0,0,0,0,0,0,0,0,0,0,0,0,0,0,0,0,0,0,0,0,0,0,0,99,100,96,99,0,98,92,90,0,0,0,0,0,0
l31,4=0,0,0,0,0,0,0,0,0,0,0,0,0,0,0,0,0,0,0,0,0,0,0,0,0,90,100,91,91,89,93,0,100,98,99,0,0,0,0,0
l32,4=0,0,0,0,0,0,0,0,0,0,0,0,89,0,0,0,0,0,0,0,84,0,72,0,0,97,98,90,98,98,99,100,0,99,100,0,0,0,0,0
l33,4=0,0,0,0,0,0,0,0,0,0,0,0,79,0,76,0,0,0,0,0,0,53,55,83,91,99,87,0,90,89,86,100,100,0,99,0,0,0,0,0
l34,4=0,0,0,0,0,0,0,0,0,0,0,0,0,0,82,0,0,0,0,0,14,0,0,94,38,97,98,77,98,98,1,100,100,100,0,0,0,0,0,0
l35,4=0,0,0,0,0,0,0,0,0,0,0,0,45,0,0,0,78,49,0,52,81,55,36,0,0,0,0,0,0,0,0,0,0,0,0,0,83,85,86,87
l36,4=0,0,0,0,0,0,0,0,0,0,0,58,55,34,9,57,64,73,0,67,83,70,74,0,0,0,0,0,0,0,0,0,0,0,0,86,0,85,85,84
l37,4=0,0,0,0,0,0,0,0,0,0,0,0,0,0,0,7,58,0,0,18,83,75,73,0,0,0,0,0,0,0,0,0,0,0,0,90,86,0,87,86
l38,4=0,0,0,0,0,0,0,0,0,0,0,72,82,9,75,76,86,67,0,75,91,79,88,0,0,0,0,0,0,0,0,0,0,0,0,90,86,82,0,94
l39,4=0,0,0,0,0,0,0,0,0,0,0,0,0,0,0,0,78,65,0,80,86,86,27,0,0,0,0,0,0,0,0,0,0,0,0,87,84,83,88,0

l0,5=0,90,79,73,71,76,79,0,0,74,83,0,0,0,0,0,0,0,0,0,0,0,0,0,0,0,0,0,0,0,0,0,0,0,0,0,0,0,0,0
l1,5=83,0,90,73,84,87,88,69,0,74,83,0,0,5,0,0,0,0,0,0,0,0,0,21,0,0,0,0,0,0,0,0,0,0,0,0,0,0,0,0
l2,5=71,84,0,73,75,85,82,59,1,74,83,0,0,11,0,0,0,0,0,0,0,0,0,0,0,0,0,0,0,0,0,0,0,0,0,0,0,0,0,0
l3,5=71,81,79,0,83,80,79,0,24,73,0,0,0,0,0,0,0,0,0,0,0,0,0,0,0,0,0,0,0,0,0,0,0,0,0,0,0,0,0,0
l4,5=63,90,85,78,0,82,84,71,75,0,82,0,0,57,0,0,0,0,0,0,0,0,0,0,0,0,0,0,0,0,0,0,0,0,0,0,0,0,0,0
l5,5=69,90,88,73,85,0,75,83,69,74,83,40,0,74,0,0,0,0,0,0,0,0,0,0,0,0,0,0,0,0,0,0,0,0,0,0,0,0,0,0
l6,5=66,79,73,42,70,67,0,80,66,71,79,40,0,0,0,0,20,0,0,6,0,0,0,0,0,0,0,0,0,0,0,0,0,0,0,0,0,0,0,0
l7,5=0,66,19,20,64,77,79,0,75,71,90,70,0,49,0,60,0,0,0,0,0,0,0,0,0,0,0,0,0,0,0,0,0,0,0,0,0,0,0,0
l8,5=0,0,0,10,57,40,45,83,0,82,84,65,0,84,30,23,22,55,0,0,0,17,24,59,61,0,0,0,0,0,0,0,0,0,0,0,3,0,0,0
l9,5=70,75,74,27,0,75,79,79,77,0,85,76,0,79,10,38,18,62,0,0,20,0,28,0,59,0,0,0,0,0,0,0,0,0,0,0,0,0,54,0
l10,5=56,71,79,0,69,77,79,85,75,84,0,73,1,69,50,58,0,55,0,0,0,0,0,0,0,0,0,0,0,0,0,0,0,0,0,0,0,0,0,0
l11,5=0,0,0,0,0,32,35,62,77,72,46,0,71,78,73,76,23,60,0,0,22,20,19,53,52,23,0,0,0,0,0,0,0,0,0,0,54,42,64,0
l12,5=0,0,0,0,0,0,0,0,0,0,0,52,0,68,82,24,47,83,0,0,24,0,0,69,83,51,0,0,0,0,0,0,46,1,0,24,46,0,60,0
l13,5=0,0,0,0,14,47,0,0,78,77,42,72,72,0,57,69,21,67,0,26,23,0,27,63,42,26,0,0,0,0,0,0,0,0,0,17,15,0,0,0
l14,5=0,0,0,0,0,0,0,0,45,25,30,31,84,67,0,21,26,57,0,0,25,0,20,83,86,38,0,0,0,0,0,30,0,22,16,0,14,0,61,0
l15,5=0,0,0,0,0,0,0,71,67,66,41,85,73,85,58,0,20,55,0,0,2,19,24,64,78,22,0,0,0,0,0,0,0,0,0,0,50,0,63,51
l16,5=0,0,0,0,0,0,25,0,46,34,0,22,71,55,62,9,0,62,0,52,28,23,27,0,63,26,0,0,0,0,0,0,0,14,10,28,48,46,66,51
l17,5=0,0,0,0,0,0,0,0,64,59,20,31,84,82,73,21,48,0,0,20,29,18,9,0,79,29,0,0,0,0,0,0,0,0,0,23,61,18,0,31
l18,5=0,0,0,0,0,0,0,0,0,0,0,0,0,0,0,0,0,0,0,0,0,58,43,0,0,0,0,0,0,0,0,0,0,0,0,0,0,0,0,0
l19,5=0,0,0,0,0,0,0,0,0,0,0,0,0,21,0,0,16,0,0,0,77,64,72,0,0,0,22,0,0,44,0,0,0,0,0,0,53,5,3,56
l20,5=0,0,0,0,0,0,0,0,11,20,0,14,46,33,40,0,34,51,0,81,0,67,72,0,23,0,0,0,20,0,0,0,19,0,0,40,58,44,71,59
l21,5=0,0,0,0,0,0,0,0,38,10,0,8,0,0,0,8,36,24,48,79,73,0,63,0,25,0,0,0,0,0,0,0,0,0,0,40,58,60,57,67
l22,5=0,0,0,0,0,0,0,0,38,42,0,5,14,45,25,8,19,6,39,85,78,42,0,0,0,0,23,0,0,20,0,0,0,0,0,10,62,62,70,62
l23,5=0,0,0,0,0,0,0,0,55,0,0,57,73,68,73,57,0,0,0,0,0,0,0,0,85,79,0,0,0,0,0,0,0,63,69,0,0,0,0,0
l24,5=0,0,0,0,0,0,0,0,62,49,0,22,84,53,83,65,64,77,0,0,20,16,0,83,0,78,0,0,0,0,0,0,0,23,10,0,36,0,0,0
l25,5=0,0,0,0,0,0,0,0,0,0,0,13,81,56,77,18,24,46,0,0,0,0,0,80,80,0,0,0,0,44,0,0,71,68,20,0,0,0,0,0
l26,5=0,0,0,0,0,0,0,0,0,0,0,0,0,0,0,0,0,0,0,48,27,0,42,0,0,0,0,57,83,94,72,85,80,60,71,0,0,0,0,0
l27,5=0,0,0,0,0,0,0,0,0,0,0,0,0,0,0,0,0,0,0,0,0,0,0,0,0,0,76,0,82,86,92,78,76,0,0,0,0,0,0,0
l28,5=0,0,0,0,0,0,0,0,0,0,0,0,0,0,0,0,0,0,0,0,48,0,12,0,0,0,84,87,0,94,91,76,77,71,70,0,0,0,0,0
l29,5=0,0,0,0,0,0,0,0,0,0,0,0,0,0,0,0,0,0,0,61,0,0,33,0,0,43,84,85,83,0,90,59,65,61,65,0,0,0,0,0
l30,5=0,0,0,0,0,0,0,0,0,0,0,0,0,0,0,0,0,0,0,0,0,0,0,0,0,0,82,87,82,90,0,78,0,73,0,0,0,0,0,0
l31,5=0,0,0,0,0,0,0,0,0,0,0,0,0,0,14,0,1,0,0,0,0,0,0,0,0,0,71,45,57,52,56,0,83,74,77,0,0,0,0,0
l32,5=0,0,0,0,0,0,0,0,0,0,0,0,51,0,0,0,0,0,0,0,22,0,0,20,0,71,76,45,60,74,25,89,0,78,90,0,0,0,0,0
l33,5=0,0,0,0,0,0,0,0,0,0,0,0,40,0,62,0,15,0,0,0,0,0,0,66,67,71,57,0,58,75,59,69,72,0,77,0,0,0,0,0
l34,5=0,0,0,0,0,0,0,0,0,0,0,0,26,0,52,0,34,0,0,0,14,0,0,66,48,62,60,0,59,67,0,85,87,86,0,0,0,0,0,0
l35,5=0,0,0,0,0,0,0,0,0,0,0,0,34,14,0,0,9,20,0,0,15,16,3,0,0,0,0,0,0,0,0,0,0,0,0,0,60,15,38,53
l36,5=0,0,0,0,0,0,0,0,4,0,0,11,42,10,0,6,12,37,0,48,25,21,29,0,15,0,0,0,0,0,0,0,0,0,0,34,0,72,60,68
l37,5=0,0,0,0,0,0,0,0,0,0,0,5,0,0,0,0,7,0,0,0,22,21,25,0,0,0,0,0,0,0,0,0,0,0,0,12,67,0,54,61
l38,5=0,0,0,0,0,0,0,0,0,26,0,15,52,0,44,11,18,0,0,2,46,19,31,0,0,0,0,0,0,0,0,0,0,0,0,33,65,73,0,70
l39,5=0,0,0,0,0,0,0,0,0,0,0,0,0,0,0,1,10,0,0,42,24,21,26,0,0,0,0,0,0,0,0,0,0,0,0,34,70,65,67,0

l0,6=0,78,71,76,90,80,76,1,0,61,60,0,0,0,0,0,0,0,0,0,0,0,0,0,0,0,0,0,0,0,0,0,0,0,0,0,0,0,0,0
l1,6=86,0,72,83,90,80,80,47,0,65,59,0,0,0,0,0,0,0,0,0,0,0,0,36,0,0,0,0,0,0,0,0,0,0,0,0,0,0,0,0
l2,6=70,71,0,74,88,80,78,69,39,70,65,0,0,45,0,0,0,0,0,0,0,0,0,0,0,0,0,0,0,0,0,0,0,0,0,0,0,0,0,0
l3,6=62,71,60,0,90,80,76,0,0,64,0,0,0,0,0,0,0,0,0,0,0,0,0,0,0,0,0,0,0,0,0,0,0,0,0,0,0,0,0,0
l4,6=82,74,77,86,0,84,79,58,51,0,58,0,0,1,0,0,0,0,0,0,0,0,0,32,0,0,0,0,0,0,0,0,0,0,0,0,0,0,0,0
l5,6=76,67,71,79,86,0,73,79,58,70,67,0,0,56,0,0,0,0,0,0,0,0,0,0,0,0,0,0,0,0,0,0,0,0,0,0,0,0,0,0
l6,6=62,62,60,66,70,50,0,75,49,67,65,58,0,12,0,0,59,0,0,0,0,0,0,0,0,0,0,0,0,0,0,0,0,0,0,0,0,0,0,0
l7,6=25,32,48,30,60,75,75,0,59,70,68,52,0,0,0,59,0,0,0,0,0,0,0,0,0,0,0,0,0,0,0,0,0,0,0,0,0,0,0,0
l8,6=0,0,20,0,64,59,60,73,0,70,67,66,49,77,25,55,62,56,0,0,40,24,34,29,39,4,0,0,0,0,0,0,0,0,0,0,0,0,0,0
l9,6=26,42,52,46,0,70,71,70,64,0,76,55,37,74,35,59,32,20,0,0,2,0,9,0,0,0,0,0,0,0,0,0,0,0,0,0,0,0,11,0
l10,6=43,42,54,0,66,62,75,81,62,80,0,60,0,61,0,54,41,0,0,0,0,0,0,0,0,0,0,0,0,0,0,0,0,0,0,0,0,0,0,0
l11,6=0,0,0,0,0,0,46,32,30,28,43,0,59,50,50,72,41,32,0,0,16,0,0,21,42,27,0,0,0,0,0,0,0,0,0,0,29,21,51,0
l12,6=0,0,0,0,0,0,0,0,17,18,0,62,0,47,63,53,51,40,0,0,18,0,0,53,74,63,0,0,0,0,0,0,0,26,26,0,33,0,29,0
l13,6=0,0,0,0,0,26,2,0,58,38,40,60,40,0,41,56,35,34,0,18,2,0,16,25,49,0,0,0,0,0,0,0,0,0,0,24,28,0,28,0
l14,6=0,0,0,0,0,0,0,0,20,27,0,53,62,41,0,36,32,30,0,0,32,0,19,53,64,52,0,0,0,0,0,0,0,19,4,0,0,0,42,0
l15,6=0,0,0,0,0,0,0,41,21,32,38,71,59,65,43,0,43,37,0,0,0,19,13,50,60,5,0,0,0,0,0,0,0,0,0,7,7,1,56,0
l16,6=0,0,0,0,0,0,40,0,1,3,18,52,61,33,28,38,0,43,17,16,14,22,24,24,56,31,0,0,0,0,0,0,0,12,1,29,27,11,57,14
l17,6=0,0,0,0,0,0,0,0,22,13,0,57,62,58,57,53,44,0,0,0,50,14,10,0,62,30,0,0,0,0,0,0,0,15,0,0,38,14,31,0
l18,6=0,0,0,0,0,0,0,0,0,0,0,0,0,4,0,0,43,0,0,31,0,23,0,0,0,0,0,0,0,0,0,0,0,0,0,0,0,0,0,0
l19,6=0,0,0,0,0,0,0,0,0,0,0,0,0,30,0,0,28,0,33,0,62,30,59,0,0,0,0,0,0,0,0,20,0,0,0,0,31,35,38,24
l20,6=0,0,0,0,0,0,0,0,14,1,0,17,20,1,25,0,25,34,0,60,0,55,59,0,0,0,0,0,3,0,0,0,0,11,0,0,39,36,63,23
l21,6=0,0,0,0,0,0,0,0,16,1,0,0,3,0,0,33,32,17,29,49,63,0,54,0,0,0,0,0,0,0,0,0,0,0,0,34,37,34,42,28
l22,6=0,0,0,0,0,0,0,0,18,18,0,0,17,31,23,28,33,13,0,60,64,49,0,0,0,0,18,0,0,0,0,0,0,0,0,31,55,10,53,32
l23,6=0,4,0,0,14,0,0,0,14,0,0,30,54,36,56,44,39,0,0,0,0,0,0,0,72,64,0,0,0,0,0,14,17,40,41,0,0,0,0,0
l24,6=0,0,0,0,0,0,0,0,30,0,0,49,70,52,56,51,53,49,0,0,4,0,0,73,0,51,0,0,0,0,0,0,0,42,36,0,0,0,13,0
l25,6=0,0,0,0,0,0,0,0,8,0,0,26,66,0,57,8,26,22,0,0,0,0,0,68,64,0,0,0,0,0,0,0,22,46,0,0,0,0,0,0
l26,6=0,0,0,0,0,0,0,0,0,0,0,0,0,0,0,0,0,0,0,0,1,0,31,0,0,0,0,57,83,75,51,65,72,30,38,0,0,0,0,0
l27,6=0,0,0,0,0,0,0,0,0,0,0,0,0,0,0,0,0,0,0,0,0,0,0,0,0,0,70,0,82,77,82,52,52,0,0,0,0,0,0,0
l28,6=0,0,0,0,0,0,0,0,0,0,0,0,0,0,0,0,0,0,0,0,28,0,22,0,0,0,70,89,0,79,82,60,57,64,52,0,0,0,0,0
l29,6=0,0,0,0,0,0,0,0,0,0,0,0,0,0,0,0,0,0,0,0,0,0,0,0,0,0,70,83,83,0,44,49,51,40,29,0,0,0,0,0
l30,6=0,0,0,0,0,0,0,0,0,0,0,0,0,0,0,0,0,0,0,0,0,0,0,0,0,0,64,89,82,46,0,52,0,0,39,0,0,0,0,0
l31,6=0,0,0,0,0,0,0,0,0,0,0,0,0,0,0,0,0,0,0,23,0,0,0,26,0,0,63,41,43,44,39,0,78,60,60,0,0,0,0,0
l32,6=0,0,0,0,0,0,0,0,0,0,0,0,0,0,0,0,0,0,0,0,0,0,0,30,0,36,62,18,46,45,0,67,0,70,76,0,0,0,0,0
l33,6=0,0,0,0,0,0,0,0,0,0,0,0,41,0,40,0,42,36,0,0,30,0,0,44,49,47,47,0,41,45,25,62,73,0,63,0,0,0,0,0
l34,6=0,0,0,0,0,0,0,0,0,0,0,0,34,0,24,0,27,0,0,11,0,0,0,42,39,0,47,0,41,39,34,63,83,67,0,0,0,0,0,0
l35,6=0,0,0,0,0,0,0,0,0,0,0,0,0,24,0,0,31,0,0,0,1,21,15,0,0,0,0,0,0,0,0,0,0,0,0,0,57,59,50,33
l36,6=0,0,0,0,0,0,0,0,0,0,0,13,12,21,0,0,27,10,0,31,36,16,25,0,0,0,0,0,0,0,0,0,0,0,0,40,0,63,65,37
l37,6=0,0,0,0,0,0,0,0,0,0,0,10,0,0,0,0,9,0,0,21,34,14,0,0,0,0,0,0,0,0,0,0,0,0,0,46,62,0,45,23
l38,6=0,0,0,0,0,0,0,0,0,2,0,43,28,22,21,40,37,18,0,16,46,19,27,0,1,0,0,0,0,0,0,0,0,0,0,37,59,42,0,35
l39,6=0,0,0,0,0,0,0,0,0,0,0,0,0,0,0,0,31,0,0,30,36,19,23,0,0,0,0,0,0,0,0,0,0,0,0,33,56,41,57,0

l0,7=0,96,88,89,95,97,91,77,76,73,74,0,0,0,0,0,0,0,0,0,0,0,0,0,0,0,0,0,0,0,0,0,0,0,0,0,0,0,0,0
l1,7=97,0,90,90,95,91,88,82,49,58,56,0,0,53,0,0,0,0,0,0,0,0,0,0,0,0,0,0,0,0,0,0,0,0,0,0,0,0,0,0
l2,7=93,92,0,88,90,61,88,70,75,82,66,0,0,0,0,0,0,0,0,0,0,0,0,0,0,0,0,0,0,0,0,0,0,0,0,0,0,0,0,0
l3,7=89,92,88,0,91,89,87,43,0,72,72,0,0,0,0,0,0,0,0,0,0,0,0,0,0,0,0,0,0,0,0,0,0,0,0,0,0,0,0,0
l4,7=97,96,92,95,0,97,89,79,78,0,64,0,0,66,0,0,0,0,0,0,0,0,0,0,0,0,0,0,0,0,0,0,0,0,0,0,0,0,0,0
l5,7=94,91,63,84,90,0,24,87,81,86,75,0,0,59,0,0,0,0,0,0,0,0,0,0,0,0,0,0,0,0,0,0,0,0,0,0,0,0,0,0
l6,7=82,86,81,80,86,13,0,83,0,82,69,38,0,54,0,0,40,0,0,0,0,0,0,0,0,0,0,0,0,0,0,0,0,0,0,0,0,0,0,0
l7,7=45,43,20,59,68,90,88,0,78,86,75,28,19,62,0,48,0,6,0,0,0,0,0,0,0,0,0,0,0,0,0,0,0,0,0,0,0,0,0,0
l8,7=37,3,22,0,48,41,0,68,0,86,75,74,55,85,27,41,57,59,0,5,9,0,30,0,0,0,0,0,0,0,0,0,0,0,0,0,0,0,0,0
l9,7=25,11,34,29,0,60,88,88,91,0,75,68,42,80,16,42,7,25,0,0,36,3,23,13,25,0,0,0,0,0,0,0,0,0,0,0,0,0,16,0
l10,7=55,18,36,64,64,72,75,87,89,86,0,68,0,34,0,66,56,9,0,0,0,0,0,0,0,0,0,0,0,0,0,0,0,0,0,0,0,0,0,0
l11,7=0,0,0,0,0,0,33,17,60,60,51,0,67,49,23,77,56,37,0,0,33,14,24,19,30,29,0,0,0,0,0,0,0,0,0,5,25,0,21,21
l12,7=0,0,0,0,0,0,0,0,33,33,0,75,0,27,46,43,65,62,0,0,30,0,0,43,85,66,0,0,0,0,0,0,0,16,20,0,20,0,14,0
l13,7=0,9,0,0,38,13,46,45,85,76,22,65,32,0,26,40,49,50,0,0,24,0,22,27,36,31,0,0,0,0,0,0,0,0,0,23,29,0,17,0
l14,7=0,0,0,0,0,0,0,0,33,32,0,52,57,36,0,15,46,55,0,0,31,28,24,60,31,46,0,0,0,0,0,0,0,16,0,0,0,0,13,0
l15,7=0,0,0,0,0,0,0,37,59,67,46,81,77,57,20,0,47,46,0,5,32,36,26,33,26,37,0,0,0,0,0,0,0,0,0,0,29,14,18,0
l16,7=0,0,0,0,0,0,26,0,33,11,33,50,57,31,21,14,0,52,33,0,39,33,30,24,27,28,0,0,0,0,0,21,2,6,0,43,35,16,19,0
l17,7=0,0,0,0,0,0,0,0,43,32,7,46,59,39,26,18,60,0,0,7,42,30,10,20,39,0,0,0,0,0,0,0,0,14,0,2,35,0,20,20
l18,7=0,0,0,0,0,0,0,0,0,0,0,0,0,0,0,0,46,0,0,45,42,37,0,0,0,0,0,0,0,0,0,0,0,0,0,0,0,0,0,0
l19,7=0,0,0,0,0,0,0,0,3,0,0,0,6,0,0,0,0,0,34,0,66,50,74,0,0,0,29,0,0,0,0,29,0,0,0,29,0,1,21,0
l20,7=0,0,0,0,0,0,0,0,1,24,0,32,25,15,17,12,52,39,31,70,0,71,77,0,0,0,0,0,6,19,0,0,0,0,0,54,50,15,63,26
l21,7=0,0,0,0,0,0,0,0,19,25,0,20,21,0,21,20,49,31,28,49,69,0,76,0,5,0,0,0,0,0,0,0,0,0,0,46,44,0,57,55
l22,7=0,0,0,0,0,0,0,0,27,27,0,30,0,22,18,13,48,10,0,71,69,71,0,0,0,0,8,0,0,4,0,0,0,0,0,43,51,0,53,49
l23,7=0,0,0,0,0,0,0,0,0,15,0,19,63,31,67,30,49,22,0,0,0,0,0,0,86,85,0,0,0,0,0,0,4,14,41,0,0,0,0,0
l24,7=0,0,0,0,0,0,0,0,0,40,0,54,86,38,24,15,47,59,0,0,3,0,0,92,0,68,0,0,0,0,0,0,0,22,30,0,2,0,0,0
l25,7=0,0,0,0,5,0,0,0,1,25,0,34,75,36,62,45,32,0,0,0,0,0,0,86,72,0,0,0,0,33,0,2,41,59,0,0,0,0,9,0
l26,7=0,0,0,0,0,0,0,0,0,0,0,0,0,0,0,0,0,0,0,33,1,0,13,0,0,0,0,64,74,84,71,67,79,60,55,0,0,0,0,0
l27,7=0,0,0,0,0,0,0,0,0,0,0,0,0,0,0,0,0,0,0,0,0,0,0,0,0,0,74,0,72,84,84,37,60,0,5,0,0,0,0,0
l28,7=0,0,0,0,0,0,0,0,0,0,0,0,0,0,0,0,0,0,0,22,30,0,0,0,0,0,81,86,0,86,84,59,45,65,43,0,0,0,0,0
l29,7=0,0,0,0,0,0,0,0,0,0,0,0,0,0,0,0,0,0,0,0,33,0,0,0,0,27,77,86,74,0,84,54,59,58,21,0,0,0,0,0
l30,7=0,0,0,0,0,0,0,0,0,0,0,0,0,0,0,0,0,0,0,0,0,0,0,0,0,0,69,84,72,84,0,49,51,27,49,0,0,0,0,0
l31,7=0,0,0,0,0,0,0,0,0,0,0,0,0,0,0,0,28,0,0,40,0,0,0,0,0,0,74,11,55,49,42,0,80,84,82,0,0,0,0,0
l32,7=0,0,0,0,0,0,0,0,0,0,0,0,0,0,0,0,37,0,0,0,0,0,0,27,0,44,63,18,40,68,47,65,0,85,85,0,0,0,0,0
l33,7=0,0,0,0,0,0,0,0,0,0,0,0,42,0,53,0,33,41,0,0,17,0,0,48,49,53,52,0,61,52,41,65,77,0,67,0,0,0,0,0
l34,7=0,0,0,0,0,0,0,0,0,0,0,0,35,0,0,0,0,0,0,0,0,0,0,66,45,0,52,23,46,40,37,64,84,66,0,0,0,0,0,0
l35,7=0,0,0,0,0,0,0,0,0,0,0,0,0,7,0,0,47,0,0,7,46,38,32,0,0,0,0,0,0,0,0,0,0,0,0,0,53,58,39,41
l36,7=0,0,0,0,0,0,0,0,0,0,0,6,17,10,0,7,43,33,0,0,45,38,67,0,1,0,0,0,0,0,0,0,0,0,0,61,0,53,60,59
l37,7=0,0,0,0,0,0,0,0,0,0,0,0,0,0,0,8,38,0,0,0,34,0,0,0,0,0,0,0,0,0,0,0,0,0,0,59,50,0,14,31
l38,7=0,0,0,0,0,0,0,0,0,30,0,57,26,32,17,16,52,47,0,19,53,45,38,0,0,3,0,0,0,0,0,0,0,0,0,61,53,18,0,37
l39,7=0,0,0,0,0,0,0,0,0,0,0,0,0,0,0,0,0,5,0,0,41,54,61,0,0,0,0,0,0,0,0,0,0,0,0,61,53,20,20,0

l0,8=0,93,82,84,95,96,92,88,5,90,86,0,0,76,0,0,0,0,0,0,0,0,0,0,0,0,0,0,0,0,0,0,0,0,0,0,0,0,0,0
l1,8=99,0,82,93,95,97,91,92,68,95,0,0,0,60,0,0,0,0,0,0,0,0,0,44,0,0,0,0,0,0,0,0,0,0,0,0,0,0,0,0
l2,8=97,93,0,89,90,98,90,92,0,54,88,0,0,0,0,2,0,0,0,0,0,0,0,0,0,0,0,0,0,0,0,0,0,0,0,0,0,0,0,0
l3,8=88,89,68,0,96,95,90,90,0,85,18,0,0,0,0,0,0,0,0,0,0,0,0,0,15,0,0,0,0,0,0,0,0,0,0,0,0,0,0,0
l4,8=94,93,80,96,0,96,94,90,90,64,80,0,0,82,1,0,0,0,0,0,0,0,0,0,75,0,0,0,0,0,0,0,0,0,0,0,0,0,0,0
l5,8=99,93,75,93,95,0,91,94,91,90,93,65,1,83,0,0,0,0,0,0,0,0,0,0,0,0,0,0,0,0,0,0,0,0,0,0,0,0,0,0
l6,8=86,81,67,80,89,86,0,94,71,92,81,0,0,37,0,2,66,0,0,0,0,0,0,0,0,0,0,0,0,0,0,0,0,0,0,0,0,0,0,0
l7,8=86,84,78,84,86,94,91,0,92,97,99,58,0,92,0,0,12,61,0,0,0,0,0,0,0,0,0,0,0,0,0,0,0,0,0,0,0,0,0,0
l8,8=0,8,0,0,86,92,61,93,0,99,94,95,0,94,81,90,0,87,0,54,0,0,70,0,0,18,0,0,0,0,0,0,0,0,0,0,0,0,0,0
l9,8=85,41,3,48,23,80,89,94,94,0,99,76,60,93,43,90,75,70,0,0,0,31,21,67,73,0,0,0,0,0,0,0,0,0,0,0,0,0,41,0
l10,8=84,0,67,46,66,93,88,94,93,99,0,78,0,81,0,85,4,0,0,0,0,0,0,0,0,0,0,0,0,0,0,0,0,0,0,0,0,0,0,0
l11,8=0,0,0,0,0,27,0,10,91,56,49,0,100,74,90,97,90,92,0,0,3,29,44,78,91,80,0,0,0,0,0,0,0,0,0,35,62,0,37,0
l12,8=0,0,0,0,0,0,0,0,0,20,0,79,0,0,98,97,97,85,0,0,9,0,0,92,97,97,0,0,0,0,0,0,0,14,3,37,55,0,23,0
l13,8=38,1,0,1,52,43,5,78,98,73,54,50,0,0,91,88,63,61,0,0,23,25,0,80,88,67,0,0,0,0,0,0,0,0,0,13,46,0,40,0
l14,8=0,0,0,0,0,0,0,0,61,23,0,56,100,68,0,89,80,94,0,0,36,42,57,91,95,72,0,0,0,0,0,0,0,0,0,0,49,0,0,0
l15,8=0,0,0,0,0,0,0,0,90,56,56,99,97,88,92,0,91,94,0,0,42,36,72,80,89,74,0,0,0,0,0,0,0,0,0,0,53,0,50,0
l16,8=0,0,0,0,0,0,20,0,0,19,0,76,98,35,80,64,0,75,35,45,53,39,66,63,95,34,0,0,0,0,0,24,4,1,10,37,57,49,35,25
l17,8=0,0,0,0,0,0,0,9,47,22,0,77,94,41,97,94,94,0,0,29,46,0,52,44,90,0,0,0,0,0,0,0,0,17,0,2,40,0,40,7
l18,8=0,0,0,0,0,0,0,0,0,0,0,0,0,0,0,0,73,0,0,65,79,60,0,0,0,0,0,0,0,0,0,0,0,0,0,0,0,0,0,0
l19,8=0,0,0,0,0,0,0,0,35,0,0,0,0,0,0,0,65,56,39,0,86,65,80,0,0,0,0,0,25,0,0,34,0,0,0,45,61,0,60,58
l20,8=0,0,0,0,0,0,0,0,0,0,0,0,40,33,46,42,59,53,38,93,0,86,89,0,15,0,0,0,0,0,0,0,0,3,6,47,70,51,82,30
l21,8=0,0,0,0,0,0,0,0,0,23,0,37,12,38,51,45,49,2,36,45,92,0,83,0,0,0,0,0,0,0,0,8,0,16,9,52,57,45,80,34
l22,8=0,0,0,0,0,0,0,0,41,18,0,33,0,0,46,43,66,51,0,85,93,80,0,0,0,0,0,0,0,33,0,0,0,0,0,58,72,40,76,33
l23,8=0,0,0,0,0,0,0,0,0,46,0,62,96,81,93,82,80,61,0,0,0,0,0,0,97,97,0,0,0,0,0,0,60,46,49,0,0,0,0,0
l24,8=0,0,0,34,39,0,0,0,0,43,0,62,100,77,95,81,92,77,0,0,24,0,0,94,0,93,0,0,0,0,0,3,0,42,37,0,16,0,0,0
l25,8=0,0,0,3,0,0,0,0,26,0,0,57,100,70,79,75,69,0,0,0,0,0,0,94,91,0,0,0,0,45,0,1,57,53,45,0,0,0,11,0
l26,8=0,0,0,0,0,0,0,0,0,0,0,0,0,0,0,0,0,0,0,1,0,0,0,0,0,0,0,82,93,93,85,89,89,81,74,0,0,0,0,0
l27,8=0,0,0,0,0,0,0,0,0,0,0,0,0,0,0,0,0,0,0,0,0,0,0,0,0,0,87,0,93,93,92,0,80,0,70,0,0,0,0,0
l28,8=0,0,0,0,0,0,0,0,0,0,0,0,0,0,0,0,0,0,0,65,56,0,40,0,0,0,93,91,0,93,92,89,65,81,67,0,0,0,0,0
l29,8=0,0,0,0,0,0,0,0,0,0,0,0,0,0,0,0,0,0,0,0,0,0,57,0,0,61,93,91,93,0,92,88,61,79,69,0,0,0,0,0
l30,8=0,0,0,0,0,0,0,0,0,0,0,0,0,0,0,0,0,0,0,0,0,0,0,0,0,0,87,91,93,93,0,74,85,73,0,0,0,0,0,0
l31,8=0,0,0,0,0,0,0,0,0,0,0,0,0,0,0,0,68,0,0,58,0,2,2,0,27,0,91,0,85,84,72,0,88,88,87,0,0,0,0,0
l32,8=0,0,0,0,0,0,0,0,0,0,0,0,0,0,0,0,26,0,0,0,0,0,0,76,0,72,91,72,56,63,73,91,0,94,92,0,0,0,0,0
l33,8=0,0,0,0,0,0,0,0,0,0,0,0,65,0,0,0,5,68,0,0,45,21,0,69,71,73,75,0,77,75,69,90,87,0,81,0,0,0,0,0
l34,8=0,0,0,0,0,0,0,0,0,0,0,0,70,0,0,0,70,0,0,0,61,27,0,77,75,70,75,74,75,76,0,88,91,83,0,0,0,0,0,0
l35,8=0,0,0,0,0,0,0,0,0,0,0,7,22,0,0,0,32,0,0,23,23,26,47,0,0,0,0,0,0,0,0,0,0,0,0,0,73,66,57,54
l36,8=0,0,0,0,0,0,0,0,0,0,0,24,26,29,30,25,42,3,0,24,35,21,57,0,7,0,0,0,0,0,0,0,0,0,0,66,0,46,39,30
l37,8=0,0,0,0,0,0,0,0,0,0,0,0,0,0,0,0,40,0,0,0,34,23,30,0,0,0,0,0,0,0,0,0,0,0,0,59,62,0,30,23
l38,8=0,0,0,0,0,0,0,0,0,21,0,34,31,43,0,45,46,50,0,25,42,39,59,0,0,0,0,0,0,0,0,0,0,0,0,61,76,48,0,26
l39,8=0,0,0,0,0,0,0,0,0,0,0,0,0,0,0,0,45,2,0,29,43,55,53,0,0,0,0,0,0,0,0,0,0,0,0,60,68,49,46,0

l0,9=0,100,96,98,95,100,99,91,89,98,92,0,0,0,0,0,0,0,0,0,0,0,0,0,0,0,0,0,0,0,0,0,0,0,0,0,0,0,0,0
l1,9=99,0,98,98,95,100,93,93,93,85,95,0,0,1,0,0,0,0,0,0,0,0,0,33,0,0,0,0,0,0,0,0,0,0,0,0,0,0,0,0
l2,9=99,100,0,99,95,100,100,93,3,64,93,0,58,0,0,3,0,0,0,0,0,0,0,0,0,0,0,0,0,0,0,0,0,0,0,0,0,0,0,0
l3,9=91,93,94,0,95,94,94,90,0,0,0,0,0,0,0,0,0,0,0,0,0,0,0,0,0,0,0,0,0,0,0,0,0,0,0,0,0,0,0,0
l4,9=99,99,97,100,0,96,93,87,92,77,94,0,0,7,57,0,0,0,0,0,0,0,0,0,59,0,0,0,0,0,0,0,0,0,0,0,0,0,0,0
l5,9=99,100,98,100,95,0,98,6,97,99,100,0,0,53,0,0,0,0,0,0,0,0,0,0,0,0,0,0,0,0,0,0,0,0,0,0,0,0,0,0
l6,9=98,84,98,94,84,88,0,99,49,99,99,0,0,52,0,0,29,0,0,0,0,0,0,0,0,0,0,0,0,0,0,0,0,0,0,0,0,0,0,0
l7,9=87,98,98,95,82,10,99,0,98,100,100,74,45,99,2,25,0,0,0,0,0,0,0,0,0,0,0,0,0,0,0,0,0,0,0,0,0,0,0,0
l8,9=83,87,0,6,72,85,86,59,0,100,91,98,0,99,3,51,49,65,0,79,0,0,86,0,0,0,0,0,0,0,0,0,0,0,0,0,0,0,0,0
l9,9=93,88,29,0,56,87,92,98,97,0,100,96,28,99,55,88,62,0,0,0,0,0,1,80,80,0,0,0,0,0,0,0,0,0,0,0,0,0,0,0
l10,9=89,95,69,0,92,97,98,98,91,100,0,0,35,95,0,94,45,58,0,0,0,0,0,70,0,0,0,0,0,0,0,0,0,0,0,0,0,0,0,0
l11,9=0,0,0,0,0,0,0,25,29,61,7,0,94,58,62,99,61,77,0,0,77,75,76,97,98,46,0,0,0,0,0,0,0,0,0,0,46,0,42,0
l12,9=0,0,0,0,0,0,0,0,0,3,0,99,0,56,63,98,67,91,0,0,83,83,19,99,99,100,0,0,0,0,0,0,0,0,0,0,52,0,47,0
l13,9=0,0,0,0,3,9,82,37,56,100,87,98,63,0,50,99,59,0,0,46,79,71,0,90,94,41,0,0,0,0,0,0,0,0,0,0,47,0,47,0
l14,9=0,0,0,0,52,0,0,0,0,59,0,98,95,50,0,59,61,76,0,0,87,78,85,100,100,52,0,0,0,0,0,0,0,60,0,0,41,0,0,0
l15,9=0,0,0,0,0,0,0,0,24,59,93,100,69,57,62,0,61,77,0,0,76,73,82,82,98,0,0,0,0,0,0,0,0,0,0,0,44,0,47,0
l16,9=0,0,0,0,0,0,9,0,18,58,69,92,63,54,57,55,0,73,68,87,89,1,88,91,94,37,0,0,0,0,0,65,0,55,52,0,52,46,48,32
l17,9=0,0,0,0,0,0,0,0,22,0,80,98,69,5,58,59,60,0,0,90,79,80,88,0,74,0,0,0,0,0,0,0,0,59,0,0,49,0,39,34
l18,9=0,0,0,0,0,0,0,0,0,0,0,0,0,0,0,0,87,0,0,0,86,84,0,0,0,0,0,0,0,0,0,0,0,0,0,0,15,0,0,0
l19,9=0,0,0,0,0,0,0,0,21,0,0,0,0,3,0,0,80,76,0,0,91,90,93,0,0,0,0,0,0,0,0,0,0,0,0,63,85,45,29,81
l20,9=0,0,0,0,0,0,0,0,0,0,0,59,45,38,43,44,90,48,57,91,0,98,94,0,21,0,16,0,0,0,0,0,0,0,43,30,90,80,87,88
l21,9=0,0,0,0,0,0,0,0,0,0,0,72,48,40,46,48,9,60,72,89,98,0,93,0,0,0,0,0,0,0,0,0,0,37,0,48,55,49,47,31
l22,9=0,0,0,0,0,0,0,0,31,23,0,55,33,2,43,44,79,70,0,89,99,92,0,0,0,0,0,0,24,57,0,77,0,0,0,72,89,47,87,27
l23,9=0,0,0,0,0,0,0,0,0,59,22,99,95,58,100,56,86,0,0,0,0,0,0,0,100,100,0,0,0,0,0,0,94,66,60,0,0,0,0,0
l24,9=0,0,0,0,23,0,0,0,0,57,0,97,94,57,91,59,98,56,0,0,78,0,0,100,0,77,0,0,0,0,0,0,0,65,55,0,47,0,0,0
l25,9=0,0,0,7,0,0,0,0,0,0,0,94,95,50,63,0,61,0,0,0,0,0,0,100,100,0,1,0,0,44,0,0,82,100,60,0,0,0,41,0
l26,9=0,0,0,0,0,0,0,0,0,0,0,0,0,0,0,0,0,0,0,0,79,0,0,0,0,0,0,82,97,98,95,93,97,86,84,0,0,0,0,0
l27,9=0,0,0,0,0,0,0,0,0,0,0,0,0,0,0,0,0,0,0,0,0,0,0,0,0,0,89,0,97,98,100,86,77,0,0,0,0,0,0,0
l28,9=0,0,0,0,0,0,0,0,0,0,0,0,0,0,0,0,0,0,0,0,56,0,77,0,0,0,97,98,0,98,100,79,0,85,0,0,0,0,0,0
l29,9=0,0,0,0,0,0,0,0,0,0,0,0,0,0,0,0,0,0,0,0,0,0,81,0,0,7,97,98,97,0,100,89,37,84,85,0,0,0,0,0
l30,9=0,0,0,0,0,0,0,0,0,0,0,0,0,0,0,0,0,0,0,0,0,0,0,0,0,0,97,98,97,98,0,93,81,43,83,0,0,0,0,0
l31,9=0,0,0,0,0,0,0,0,0,0,0,0,0,0,0,0,53,0,0,0,0,0,90,0,0,0,95,56,92,96,93,0,100,100,100,0,0,0,0,0
l32,9=0,0,0,0,0,0,0,0,0,0,0,0,8,0,0,0,0,0,0,0,0,0,0,92,0,48,97,34,0,65,94,100,0,100,100,0,0,0,0,0
l33,9=0,0,0,0,0,0,0,0,0,0,0,0,0,0,81,0,84,81,0,0,2,39,0,98,93,97,86,0,91,81,79,100,100,0,100,0,0,0,0,0
l34,9=0,0,0,0,0,0,0,0,0,0,0,0,51,0,33,0,86,0,0,0,88,0,0,98,94,51,88,0,0,96,93,100,100,100,0,0,0,0,0,0
l35,9=0,0,0,0,0,0,0,0,0,0,0,0,0,0,0,0,0,0,0,66,45,63,75,0,0,0,0,0,0,0,0,0,0,0,0,0,89,80,81,45
l36,9=0,0,0,0,0,0,0,0,0,0,0,47,26,27,3,27,32,24,0,50,75,49,76,0,16,0,0,0,0,0,0,0,0,0,0,72,0,52,41,29
l37,9=0,0,0,0,0,0,0,0,0,0,0,0,0,0,0,0,27,0,0,47,69,50,67,0,0,0,0,0,0,0,0,0,0,0,0,61,51,0,39,29
l38,9=0,0,0,0,0,0,0,0,0,0,0,57,34,30,0,44,49,25,0,25,88,77,82,0,0,3,0,0,0,0,0,0,0,0,0,48,53,55,0,30
l39,9=0,0,0,0,0,0,0,0,0,0,0,0,0,0,0,0,45,58,0,74,78,66,59,0,0,0,0,0,0,0,0,0,0,0,0,68,55,52,53,0

l0,10=0,93,90,86,89,87,86,55,69,85,74,0,0,0,0,0,0,0,0,0,0,0,0,0,0,0,0,0,0,0,0,0,0,0,0,0,0,0,0,0
l1,10=91,0,90,75,87,90,80,72,31,42,51,7,0,0,0,0,0,0,0,0,0,0,0,0,0,0,0,0,0,0,0,0,0,0,0,0,0,0,0,0
l2,10=85,86,0,84,89,87,85,84,0,83,64,0,50,0,0,0,0,0,0,0,0,0,0,0,0,0,0,0,0,0,0,0,0,0,0,0,0,0,0,0
l3,10=91,70,85,0,93,66,83,44,0,57,0,0,0,0,0,0,0,0,0,0,0,0,0,0,0,1,0,0,0,0,0,0,0,0,0,0,0,0,0,0
l4,10=86,84,85,92,0,87,49,61,46,67,86,0,0,14,52,1,0,0,0,0,0,0,0,0,0,0,0,0,0,0,0,0,0,0,0,0,0,0,0,0
l5,10=85,86,85,84,88,0,85,86,52,88,85,0,0,76,0,0,0,0,0,0,0,0,0,0,0,0,0,0,0,0,0,0,0,0,0,0,0,0,0,0
l6,10=85,80,83,82,49,84,0,86,79,85,82,0,0,43,0,2,47,1,0,0,0,0,0,0,0,0,0,0,0,0,0,0,0,0,0,0,0,0,0,0
l7,10=69,84,82,75,82,86,85,0,87,88,86,69,42,84,47,1,0,0,0,0,0,0,0,0,0,0,0,0,0,0,0,0,0,0,0,0,0,0,0,0
l8,10=42,8,0,14,40,53,74,80,0,92,64,83,67,85,0,80,57,59,0,27,31,0,51,53,42,0,0,0,0,0,0,0,0,0,0,0,0,0,0,0
l9,10=75,0,51,64,72,74,81,86,87,0,86,83,72,85,47,72,0,0,0,0,0,41,1,41,53,0,0,0,0,0,0,0,0,0,0,0,0,0,0,0
l10,10=70,52,48,0,84,68,77,86,69,88,0,68,0,76,0,75,0,52,0,0,0,0,0,0,0,0,0,0,0,0,0,0,0,0,0,0,0,0,0,0
l11,10=0,4,0,0,0,0,0,47,59,61,58,0,82,81,80,88,0,83,0,0,46,65,0,76,80,73,0,0,0,0,0,0,0,0,0,0,69,0,66,0
l12,10=0,0,0,0,0,0,0,0,30,48,0,92,0,50,90,89,89,93,0,0,50,74,0,91,97,99,0,0,0,0,0,0,0,3,0,0,11,0,71,0
l13,10=0,0,0,0,9,61,42,69,87,88,67,88,79,0,46,84,77,0,0,2,45,59,0,64,77,0,0,0,0,0,0,0,0,0,0,0,0,0,54,0
l14,10=0,0,0,0,42,0,0,7,0,44,0,84,94,46,0,80,80,84,0,0,46,0,0,85,89,84,0,0,0,0,0,0,0,40,0,0,76,0,29,0
l15,10=0,0,0,0,0,0,0,0,50,43,66,93,88,82,51,0,77,86,0,24,27,1,28,31,76,43,0,0,0,0,0,0,0,0,0,0,43,8,57,0
l16,10=0,0,0,0,0,0,23,0,1,0,0,0,86,43,47,57,0,83,20,29,49,65,23,50,89,24,0,0,0,0,0,0,1,0,52,52,69,64,78,57
l17,10=0,0,0,0,0,0,11,0,5,0,42,86,97,0,49,72,84,0,0,32,26,76,49,27,68,30,0,0,0,0,0,0,0,6,1,0,72,0,71,38
l18,10=0,0,0,0,0,0,0,0,0,0,0,0,0,0,0,0,53,0,0,72,72,75,0,0,0,0,0,0,0,0,0,0,0,0,0,0,0,0,0,0
l19,10=0,0,0,0,0,0,0,0,9,0,0,0,0,0,0,35,46,53,45,0,82,71,70,0,0,0,50,0,0,0,0,0,0,0,0,51,0,49,5,47
l20,10=0,0,0,0,0,0,0,0,0,0,0,45,58,25,26,39,74,40,30,90,0,92,82,0,11,0,23,0,0,0,0,0,26,0,0,61,81,59,81,57
l21,10=0,0,0,0,0,0,0,0,0,26,0,51,62,33,6,7,64,67,39,51,91,0,82,0,0,0,0,0,0,0,0,0,0,18,0,62,69,71,75,57
l22,10=0,0,0,0,0,0,0,0,24,9,0,0,0,0,0,36,46,56,0,80,90,86,0,0,0,0,0,0,0,28,0,34,6,0,0,71,75,62,76,50
l23,10=0,0,0,0,0,0,0,0,40,37,0,84,92,49,80,53,81,21,0,0,0,0,0,0,96,99,0,0,0,0,0,37,50,49,0,0,0,0,0,0
l24,10=0,0,0,0,0,0,0,0,11,44,0,85,97,51,89,65,89,82,0,0,36,0,0,93,0,96,0,0,0,0,0,0,0,31,32,0,0,0,58,0
l25,10=0,0,0,31,0,0,0,0,0,0,0,81,97,0,86,52,42,28,0,0,0,0,0,94,96,0,28,0,0,0,0,36,38,91,84,0,0,0,60,0
l26,10=0,0,0,0,0,0,0,0,0,0,0,0,0,0,0,0,0,0,0,51,48,0,0,0,0,21,0,71,97,96,98,98,91,56,64,0,0,0,0,0
l27,10=0,0,0,0,0,0,0,0,0,0,0,0,0,0,0,0,0,0,0,0,0,0,0,0,0,0,76,0,90,96,99,81,0,0,70,0,0,0,0,0
l28,10=0,0,0,0,0,0,0,0,0,0,0,0,0,0,0,0,0,0,0,34,17,0,1,0,0,0,90,95,0,96,99,83,51,72,50,0,0,0,0,0
l29,10=0,0,0,0,0,0,0,0,0,0,0,0,0,0,0,0,0,0,0,0,0,0,36,0,0,0,90,95,97,0,99,84,55,33,53,0,0,0,0,0
l30,10=0,0,0,0,0,0,0,0,0,0,0,0,0,0,0,0,0,0,0,0,0,0,0,0,0,0,89,95,97,96,0,90,72,61,67,0,0,0,0,0
l31,10=0,0,0,0,0,0,0,0,0,0,0,0,0,0,0,0,0,0,0,0,1,0,31,22,0,23,90,72,90,96,97,0,99,99,100,0,0,0,0,0
l32,10=0,0,0,0,0,0,0,0,0,0,0,0,0,0,0,0,6,0,0,0,37,0,12,77,0,20,90,0,31,70,80,99,0,100,100,0,0,0,0,0
l33,10=0,0,0,0,0,0,0,0,0,0,0,0,26,0,38,0,2,12,0,0,0,24,0,91,32,95,53,0,83,21,28,99,100,0,99,0,0,0,0,0
l34,10=0,0,0,0,0,0,0,0,0,0,0,0,0,0,0,0,70,0,0,0,12,0,0,12,36,82,89,74,67,80,84,99,100,99,0,0,0,0,0,0
l35,10=0,0,0,0,0,0,0,0,0,0,0,0,0,0,0,0,37,0,0,40,43,62,44,0,0,0,0,0,0,0,0,0,0,0,0,0,83,77,68,27
l36,10=0,0,0,0,0,0,0,0,0,0,0,22,12,0,5,2,59,43,0,0,45,43,47,0,0,0,0,0,0,0,0,0,0,0,0,81,0,79,72,63
l37,10=0,0,0,0,0,0,0,0,0,0,0,0,0,0,0,0,44,0,0,11,33,64,45,0,0,0,0,0,0,0,0,0,0,0,0,73,77,0,68,61
l38,10=0,0,0,0,0,0,0,0,0,0,0,46,70,3,1,16,73,53,0,0,46,71,50,0,22,9,0,0,0,0,0,0,0,0,0,72,74,73,0,58
l39,10=0,0,0,0,0,0,0,0,0,0,0,0,0,0,0,0,56,59,0,41,43,65,44,0,0,0,0,0,0,0,0,0,0,0,0,47,80,72,68,0

l0,11=0,89,88,88,84,83,72,59,44,54,48,0,0,1,0,0,0,0,0,0,0,0,0,0,0,0,0,0,0,0,0,0,0,0,0,0,0,0,0,0
l1,11=87,0,76,83,83,83,72,74,39,41,0,40,0,27,0,0,0,0,0,0,0,0,0,0,0,0,0,0,0,0,0,0,0,0,0,0,0,0,0,0
l2,11=86,86,0,83,84,86,83,60,0,0,79,0,0,0,0,0,0,0,0,0,0,0,0,0,0,0,0,0,0,0,0,0,0,0,0,0,0,0,0,0
l3,11=89,89,88,0,90,82,0,48,0,33,46,0,0,0,0,0,0,0,0,0,0,0,0,0,0,0,0,0,0,0,0,0,0,0,0,0,0,0,0,0
l4,11=81,84,82,84,0,78,62,58,0,51,62,0,31,0,22,0,0,0,0,0,0,0,0,20,0,0,0,0,0,0,0,0,0,0,0,0,0,0,0,0
l5,11=85,86,87,83,83,0,79,81,62,80,57,0,0,55,3,0,0,0,0,0,0,0,0,0,0,0,0,0,0,0,0,0,0,0,0,0,0,0,0,0
l6,11=76,82,74,5,75,77,0,80,44,77,73,44,0,46,0,37,37,0,0,0,0,0,0,0,0,0,0,0,0,0,0,0,0,0,0,0,0,0,0,0
l7,11=77,86,66,70,81,82,81,0,74,84,83,57,48,82,0,35,0,0,0,0,0,0,0,0,0,0,0,0,0,0,0,0,0,0,0,0,0,0,0,0
l8,11=60,49,0,0,0,58,35,63,0,87,72,73,67,83,0,84,0,56,0,23,2,0,0,53,17,0,0,0,0,0,0,0,0,0,0,0,0,0,0,0
l9,11=69,47,0,57,67,70,43,84,75,0,83,72,62,82,0,50,5,2,0,0,0,53,0,24,14,0,0,0,0,0,0,0,0,0,0,0,0,0,0,0
l10,11=55,0,74,62,72,51,73,84,69,86,0,65,0,75,0,78,0,11,0,0,0,0,0,0,0,0,0,0,0,0,0,0,0,0,0,0,0,0,0,0
l11,11=0,46,0,0,0,0,24,32,37,44,44,0,82,67,27,89,74,78,0,0,16,32,44,72,24,17,0,0,0,0,0,0,0,0,0,54,0,0,19,0
l12,11=0,0,0,0,2,0,0,8,36,42,0,85,0,51,91,57,82,83,0,0,24,60,50,81,86,88,0,0,0,0,0,0,0,0,0,0,0,0,22,0
l13,11=0,5,0,0,0,34,28,48,79,85,51,84,75,0,23,88,69,66,0,4,19,52,3,64,19,17,0,0,0,0,0,0,0,0,0,0,0,0,18,0
l14,11=0,0,0,0,51,0,0,0,0,0,0,83,85,40,0,0,84,80,0,0,0,43,0,76,1,25,0,0,0,0,0,0,0,64,45,59,54,0,17,0
l15,11=0,0,0,0,0,0,26,9,37,43,43,87,85,85,0,0,81,79,0,21,25,54,28,56,0,18,0,0,0,0,0,0,0,0,0,17,57,0,20,0
l16,11=0,0,0,0,0,0,18,0,0,7,0,69,79,46,28,26,0,80,5,0,26,66,43,63,25,1,0,0,0,0,0,0,44,5,54,38,64,20,24,35
l17,11=0,0,0,0,0,0,0,0,31,29,13,85,86,49,27,28,86,0,0,0,24,61,53,63,18,0,0,0,0,0,0,0,0,0,0,0,61,0,17,13
l18,11=0,0,0,0,0,0,0,0,0,0,0,0,0,0,0,0,50,0,0,71,63,69,27,0,0,0,0,0,0,0,0,0,0,0,0,0,0,0,0,0
l19,11=0,0,0,0,0,0,0,0,18,0,0,0,0,6,0,23,0,0,46,0,77,67,58,0,0,0,39,0,3,0,1,0,0,0,0,52,11,0,12,44
l20,11=0,0,0,0,0,0,0,0,0,0,0,0,53,31,0,17,69,48,38,77,0,89,80,0,0,0,0,0,0,0,0,0,39,0,0,53,59,16,66,34
l21,11=0,0,0,0,0,0,0,0,0,32,0,38,50,32,17,16,74,43,40,72,87,0,80,0,11,0,0,0,0,0,0,0,0,0,0,36,43,10,75,25
l22,11=0,0,0,0,0,0,0,0,0,0,0,53,48,0,0,8,50,46,0,64,86,86,0,0,0,0,1,0,0,2,0,28,0,0,0,66,55,11,67,62
l23,11=0,0,0,0,11,0,0,0,16,14,0,79,79,49,51,15,70,48,0,0,0,0,0,0,85,94,0,0,0,0,0,28,48,62,1,0,0,0,0,0
l24,11=0,0,0,0,0,0,0,0,10,35,0,78,88,48,2,0,86,63,0,0,0,3,0,93,0,84,0,0,0,0,0,0,0,0,0,0,0,0,0,0
l25,11=0,0,0,0,0,0,0,0,0,0,0,65,88,37,82,45,13,0,0,0,0,0,0,98,84,0,0,0,0,0,0,42,32,83,1,0,0,0,0,0
l26,11=0,0,0,0,0,0,0,0,0,0,0,0,0,0,0,0,0,0,0,62,7,0,4,0,0,0,0,73,91,88,90,82,82,64,61,0,0,0,0,0
l27,11=0,0,0,0,0,0,0,0,0,0,0,0,0,0,0,0,0,0,0,0,0,0,0,0,0,0,74,0,89,96,93,50,1,0,32,0,0,0,0,0
l28,11=0,0,0,0,0,0,0,0,0,0,0,0,0,0,0,0,0,0,0,20,28,0,24,0,0,0,87,94,0,97,93,79,69,0,45,0,0,0,0,0
l29,11=0,0,0,0,0,0,0,0,0,0,0,0,0,0,0,0,0,0,0,0,0,0,1,0,0,0,82,94,91,0,93,79,40,38,33,0,0,0,0,0
l30,11=0,0,0,0,0,0,0,0,0,0,0,0,0,0,0,0,0,0,0,0,0,0,0,0,0,0,84,94,91,97,0,85,51,54,45,0,0,0,0,0
l31,11=0,0,0,0,0,0,0,0,0,0,0,0,0,0,0,0,0,0,0,0,22,0,49,44,0,44,87,66,84,94,89,0,93,100,99,0,0,0,0,0
l32,11=0,0,0,0,0,0,0,0,0,0,0,0,0,0,0,0,29,0,0,0,14,0,0,33,0,9,87,1,36,28,27,93,0,100,99,0,0,0,0,0
l33,11=0,0,0,0,0,0,0,0,0,0,0,0,0,0,73,0,10,0,0,0,6,0,0,61,0,91,76,0,0,69,86,100,95,0,99,0,0,0,0,0
l34,11=0,0,0,0,0,0,0,0,0,0,0,0,0,0,13,0,55,0,0,0,0,0,0,20,0,1,77,66,49,49,79,100,95,100,0,0,0,0,0,0
l35,11=0,0,0,0,0,0,0,0,0,0,0,26,0,0,11,0,7,0,0,17,17,0,54,0,0,0,0,0,0,0,0,0,0,0,0,0,78,21,21,26
l36,11=0,0,0,0,0,0,0,0,0,0,0,0,0,0,5,7,68,57,0,0,22,48,53,0,0,0,0,0,0,0,0,0,0,0,0,87,0,24,22,47
l37,11=0,0,0,0,0,0,0,0,0,0,0,0,0,0,0,0,62,0,0,0,21,43,50,0,0,0,0,0,0,0,0,0,0,0,0,73,65,0,15,41
l38,11=0,0,0,0,0,0,0,0,0,0,0,65,64,20,5,20,74,49,0,6,27,69,66,0,0,0,0,0,0,0,0,0,0,0,0,76,73,18,0,48
l39,11=0,0,0,0,0,0,0,0,0,0,0,0,0,0,0,0,62,0,0,21,23,16,57,0,0,0,0,0,0,0,0,0,0,0,0,64,68,20,39,0

l0,12=0,91,89,88,87,83,43,3,0,54,39,0,0,0,0,0,0,0,0,0,0,0,0,0,0,0,0,0,0,0,0,0,0,0,0,0,0,0,0,0
l1,12=85,0,73,83,80,78,81,84,17,0,58,51,0,0,6,0,0,0,0,0,0,0,0,0,0,0,0,0,0,0,0,0,0,0,0,0,0,0,0,0
l2,12=87,74,0,82,78,83,82,39,16,49,70,0,0,0,0,0,0,0,0,0,0,0,0,0,0,0,0,0,0,0,0,0,0,0,0,0,0,0,0,0
l3,12=86,83,81,0,87,79,45,19,0,44,60,0,0,0,0,0,0,0,0,0,0,0,0,0,0,0,0,0,0,0,0,0,0,0,0,0,0,0,0,0
l4,12=85,81,74,85,0,69,69,67,44,55,60,0,0,0,41,0,0,0,0,0,0,0,0,46,0,0,0,0,0,0,0,0,0,0,0,0,0,0,0,0
l5,12=84,82,82,83,79,0,70,74,66,81,69,0,0,52,0,0,0,0,0,0,0,0,0,1,0,0,0,0,0,0,0,0,0,0,0,0,0,0,0,0
l6,12=63,82,81,69,77,69,0,81,71,62,76,73,0,70,6,71,1,0,0,0,0,0,0,0,0,0,0,0,0,0,0,0,0,0,0,0,0,0,0,0
l7,12=14,85,20,55,79,78,86,0,82,85,85,43,22,83,0,4,0,0,0,0,0,0,0,0,0,0,0,0,0,0,0,0,0,0,0,0,0,0,0,0
l8,12=0,1,0,32,62,69,70,77,0,87,84,66,48,85,26,75,39,43,0,32,0,25,0,0,40,0,0,0,0,0,0,0,0,0,0,0,0,0,0,0
l9,12=64,0,0,41,62,78,53,83,82,0,84,60,43,85,0,67,53,43,0,0,38,40,0,0,32,0,0,0,0,0,0,0,0,0,0,0,0,0,0,0
l10,12=37,35,44,67,70,66,77,84,81,88,0,62,0,83,0,69,0,0,0,0,0,0,0,5,0,0,0,0,0,0,0,0,0,0,0,0,0,0,0,0
l11,12=0,20,0,0,0,0,71,44,71,74,70,0,54,56,70,83,70,86,0,0,34,36,67,75,0,17,0,0,0,0,0,0,0,0,0,21,24,2,65,0
l12,12=0,0,0,0,0,0,0,0,66,71,0,82,0,46,88,83,76,86,0,0,43,42,65,76,88,93,0,0,0,0,0,0,0,28,0,0,0,0,70,0
l13,12=0,0,0,0,0,48,67,76,83,82,78,85,52,0,73,83,71,79,0,0,40,38,0,76,52,6,0,0,0,0,0,0,0,0,0,0,0,0,33,0
l14,12=0,0,0,0,57,0,0,0,10,0,0,52,88,42,0,78,80,80,0,0,15,41,0,87,89,32,0,0,0,0,0,0,0,59,56,27,36,0,3,0
l15,12=0,0,0,0,0,0,66,0,69,71,64,86,84,85,71,0,71,81,0,37,39,41,25,71,56,42,0,0,0,0,0,0,0,0,0,0,0,0,63,0
l16,12=0,0,0,0,0,0,0,0,38,53,0,44,54,40,82,80,0,85,55,30,42,43,32,61,63,11,0,0,0,0,0,0,0,0,0,18,39,49,72,64
l17,12=0,0,0,0,0,0,0,0,56,59,0,69,57,45,69,81,79,0,0,40,44,43,54,68,41,0,0,0,0,0,0,0,0,21,0,0,39,0,67,0
l18,12=0,0,0,0,0,0,0,0,0,0,0,0,0,0,0,0,51,0,0,56,61,51,0,0,0,0,0,0,0,0,0,0,0,0,0,0,0,0,0,0
l19,12=0,0,0,0,0,0,0,0,44,0,0,0,0,0,0,45,42,48,50,0,81,74,76,0,0,0,37,0,0,42,18,0,0,0,0,26,33,40,47,55
l20,12=0,0,0,0,0,0,0,0,0,46,0,32,32,31,0,44,65,57,48,80,0,82,89,0,0,0,0,0,0,0,0,26,0,0,0,27,77,60,72,50
l21,12=0,0,0,0,0,0,0,0,40,52,0,45,48,31,46,46,58,57,45,82,89,0,88,0,40,0,0,0,0,0,0,0,0,0,0,41,35,43,76,0
l22,12=0,0,0,0,0,0,0,0,0,0,0,36,35,0,0,31,40,51,0,76,88,81,0,0,1,0,0,0,0,0,0,25,0,0,0,40,46,0,76,76
l23,12=0,0,0,0,57,0,0,0,0,0,1,65,51,50,86,78,59,64,0,0,0,0,0,0,92,97,0,0,0,0,0,5,0,39,0,0,0,0,0,0
l24,12=0,0,0,0,0,0,0,0,33,45,0,0,89,62,90,79,81,68,0,0,0,51,0,93,0,93,0,0,0,0,0,10,51,0,0,0,12,0,60,0
l25,12=0,0,0,0,0,0,0,0,0,0,0,52,89,12,40,74,62,0,0,0,0,0,0,98,91,0,0,0,0,3,0,77,53,69,87,0,0,0,0,0
l26,12=0,0,0,0,0,0,0,0,0,0,0,0,0,0,0,0,0,0,0,50,0,0,0,0,0,0,0,72,89,75,85,87,73,60,74,0,0,0,0,0
l27,12=0,0,0,0,0,0,0,0,0,0,0,0,0,0,0,0,0,0,0,0,0,0,0,0,0,0,78,0,86,94,92,84,0,35,45,0,0,0,0,0
l28,12=0,0,0,0,0,0,0,0,0,0,0,0,0,0,0,0,0,0,0,0,0,0,2,0,0,0,90,92,0,94,92,79,73,68,74,0,0,0,0,0
l29,12=0,0,0,0,0,0,0,0,0,0,0,0,0,0,0,0,0,0,0,21,0,0,0,0,0,0,77,92,89,0,92,80,70,61,66,0,0,0,0,0
l30,12=0,0,0,0,0,0,0,0,0,0,0,0,0,0,0,0,0,0,0,0,0,0,0,0,0,0,82,92,89,94,0,85,75,66,66,0,0,0,0,0
l31,12=0,0,0,0,0,0,0,0,0,0,0,0,17,0,0,0,0,0,0,0,56,0,53,26,34,69,90,84,86,91,91,0,95,100,100,0,0,0,0,0
l32,12=0,0,0,0,0,0,0,0,0,0,0,0,0,0,0,0,0,0,0,0,0,0,0,15,42,42,87,0,82,84,88,94,0,100,100,0,0,0,0,0
l33,12=0,0,0,0,0,0,0,0,0,0,0,0,48,0,62,0,0,9,0,0,0,0,0,45,1,70,82,36,62,74,75,98,95,0,100,0,0,0,0,0
l34,12=0,0,0,0,0,0,0,0,0,0,0,0,0,0,61,0,6,0,0,0,0,0,0,0,0,95,90,51,85,92,71,98,95,100,0,0,0,0,0,0
l35,12=0,0,0,0,0,0,0,0,0,0,0,13,0,0,18,0,33,0,0,23,23,27,72,0,0,0,0,0,0,0,0,0,0,0,0,0,87,56,73,61
l36,12=0,0,0,0,0,0,0,0,0,0,0,14,0,0,19,0,61,56,0,20,43,10,74,0,1,0,0,0,0,0,0,0,0,0,0,77,0,62,74,73
l37,12=0,0,0,0,0,0,0,0,0,0,0,0,0,0,0,0,60,0,0,27,38,20,0,0,0,0,0,0,0,0,0,0,0,0,0,38,50,0,0,62
l38,12=0,0,0,0,0,0,0,0,0,0,0,26,27,0,0,32,66,57,0,28,39,46,75,0,17,0,0,0,0,0,0,0,0,0,0,44,49,0,0,65
l39,12=0,0,0,0,0,0,0,0,0,0,0,0,0,0,0,0,57,0,0,40,34,0,77,0,0,0,0,0,0,0,0,0,0,0,0,37,59,55,66,0

l0,13=0,95,90,95,90,94,92,88,79,86,45,0,0,0,0,0,0,0,0,0,0,0,0,0,0,0,0,0,0,0,0,0,0,0,0,0,0,0,0,0
l1,13=93,0,89,94,89,88,89,88,0,83,85,0,0,0,0,0,0,0,0,0,0,0,0,0,0,0,0,0,0,0,0,0,0,0,0,0,0,0,0,0
l2,13=93,94,0,91,88,92,90,80,0,86,85,0,0,21,0,0,0,0,0,0,0,0,0,0,0,0,0,0,0,0,0,0,0,0,0,0,0,0,0,0
l3,13=96,95,89,0,94,90,89,49,7,78,85,0,0,0,0,0,0,0,0,0,0,0,0,0,0,0,0,0,0,0,0,0,0,0,0,0,0,0,0,0
l4,13=92,93,87,92,0,92,89,83,50,77,73,0,0,14,0,0,0,0,0,0,0,0,0,1,0,0,0,0,0,0,0,0,0,0,0,0,0,0,0,0
l5,13=90,89,87,88,88,0,89,44,50,87,85,0,0,80,0,0,0,0,0,0,0,0,0,0,0,0,0,0,0,0,0,0,0,0,0,0,0,0,0,0
l6,13=87,88,87,88,87,89,0,0,78,87,76,87,0,79,0,83,0,0,0,0,0,0,0,0,0,0,0,0,0,0,0,0,0,0,0,0,0,0,0,0
l7,13=50,88,84,85,55,45,0,0,85,88,92,22,37,87,0,72,0,0,0,0,0,0,0,0,0,0,0,0,0,0,0,0,0,0,0,0,0,0,0,0
l8,13=35,0,0,74,48,47,61,51,0,94,86,70,69,88,84,70,67,19,0,39,0,64,31,0,72,0,0,0,0,0,0,0,0,0,0,0,0,0,0,0
l9,13=74,60,71,72,70,88,87,88,85,0,88,76,75,88,69,84,70,39,0,0,64,72,0,0,0,0,0,0,0,0,0,0,0,0,0,0,0,0,0,0
l10,13=24,69,81,84,48,52,41,88,85,94,0,74,0,88,0,79,0,0,0,0,0,0,0,0,0,0,0,0,0,0,0,0,0,0,0,0,0,0,0,0
l11,13=0,0,0,0,0,0,49,0,28,74,77,0,92,95,87,88,79,84,0,0,73,78,73,77,0,46,0,0,0,0,0,0,0,0,0,0,0,0,66,0
l12,13=0,0,0,0,0,0,0,0,0,70,0,91,0,78,97,85,87,57,0,0,79,71,71,73,98,100,0,0,0,0,0,0,0,73,0,0,0,0,75,0
l13,13=0,0,0,0,33,40,44,29,53,90,87,93,82,0,87,87,77,28,0,20,74,77,0,78,46,50,0,0,0,0,0,0,0,0,0,0,0,0,77,0
l14,13=0,0,0,0,0,0,0,0,31,73,0,88,100,88,0,82,90,28,0,0,72,62,0,95,99,53,0,0,0,0,0,0,0,73,68,0,0,0,0,0
l15,13=0,0,0,0,0,0,43,4,16,78,77,95,94,95,82,0,85,50,0,39,73,65,0,78,85,49,0,0,0,0,0,0,0,0,0,0,24,0,71,0
l16,13=0,0,0,0,0,0,0,0,2,57,0,79,83,68,95,85,0,31,15,36,76,76,66,64,92,0,0,0,0,0,0,0,0,58,63,39,28,0,75,70
l17,13=0,0,0,0,0,0,0,0,26,68,0,90,98,83,85,87,88,0,0,46,82,87,77,73,88,46,0,0,0,0,0,0,0,73,0,11,26,0,76,0
l18,13=0,0,0,0,0,0,0,0,0,0,0,0,0,0,0,0,61,0,0,90,91,0,10,0,0,0,0,0,0,0,0,0,0,0,0,0,0,0,0,0
l19,13=0,0,0,0,0,0,0,0,21,0,0,0,0,4,0,46,49,18,61,0,93,93,86,0,0,0,46,0,36,49,0,1,0,0,0,37,22,29,55,72
l20,13=0,0,0,0,0,0,0,0,0,43,0,66,75,45,44,59,73,27,22,92,0,98,97,0,0,0,0,0,0,0,0,18,0,0,0,34,52,30,89,71
l21,13=0,0,0,0,0,0,0,0,18,52,0,77,63,62,53,56,74,44,0,93,95,0,98,0,60,0,0,0,0,0,0,0,0,0,0,28,20,0,85,58
l22,13=0,0,0,0,0,0,0,0,2,0,0,62,54,0,0,0,66,14,0,91,95,98,0,0,0,0,31,0,25,0,0,2,0,0,43,43,31,0,84,95
l23,13=0,0,0,40,0,0,0,0,0,0,0,86,85,80,98,84,68,26,0,0,0,0,0,0,88,100,0,0,0,0,0,0,0,71,0,0,0,0,0,0
l24,13=0,0,0,0,0,0,0,0,31,0,0,0,100,2,98,84,89,28,0,0,9,79,0,87,0,99,0,0,0,0,0,0,51,15,0,0,29,0,0,0
l25,13=0,0,0,0,0,0,0,0,0,0,0,87,100,84,94,84,0,27,0,0,0,0,0,98,99,0,0,0,0,6,0,35,59,94,94,0,0,0,0,0
l26,13=0,0,0,0,0,0,0,0,0,0,0,0,0,0,0,0,0,0,0,53,1,0,59,0,0,0,0,84,99,80,100,99,80,72,0,0,0,0,0,0
l27,13=0,0,0,0,0,0,0,0,0,0,0,0,0,0,0,0,0,0,0,0,0,0,0,0,0,0,81,0,99,100,100,81,79,73,14,0,0,0,0,0
l28,13=0,0,0,0,0,0,0,0,0,0,0,0,0,0,0,0,0,0,0,53,0,0,60,0,0,0,98,98,0,100,100,91,75,80,81,0,0,0,0,0
l29,13=0,0,0,0,0,0,0,0,0,0,0,0,0,0,0,0,0,0,0,58,0,0,0,0,0,0,81,98,99,0,100,87,86,69,79,0,0,0,0,0
l30,13=0,0,0,0,0,0,0,0,0,0,0,0,0,0,0,0,0,0,0,0,0,0,0,0,0,0,98,98,99,100,0,88,80,80,0,0,0,0,0,0
l31,13=0,0,0,0,0,0,0,0,0,0,0,0,0,0,6,0,0,0,0,13,78,0,18,0,0,84,98,98,98,99,99,0,100,100,100,0,0,0,0,0
l32,13=0,0,0,0,0,0,0,0,0,0,0,0,29,0,28,0,0,0,0,0,0,0,0,0,74,88,92,72,80,94,92,100,0,100,100,0,0,0,0,0
l33,13=0,0,0,0,0,0,0,0,0,0,0,0,99,0,86,0,80,66,0,0,0,0,0,83,68,100,98,82,99,96,100,100,100,0,100,0,0,0,0,0
l34,13=0,0,0,0,0,0,0,0,0,0,0,0,15,0,79,0,65,0,0,0,0,0,78,0,0,100,0,21,99,100,27,100,100,100,0,0,0,0,0,0
l35,13=0,0,0,0,0,0,0,0,0,0,0,0,0,0,1,0,63,0,0,29,68,42,70,0,0,0,0,0,0,0,0,0,0,0,0,0,93,87,87,75
l36,13=0,0,0,0,0,0,0,0,0,0,0,0,0,0,0,53,64,18,0,6,88,41,74,0,64,0,0,0,0,0,0,0,0,0,0,82,0,24,87,80
l37,13=0,0,0,0,0,0,0,0,0,0,0,0,0,0,0,0,0,0,0,32,75,0,0,0,0,0,0,0,0,0,0,0,0,0,0,65,24,0,60,68
l38,13=0,0,0,0,0,0,0,0,0,0,0,33,68,62,0,60,67,18,0,37,83,74,74,0,0,0,0,0,0,0,0,0,0,0,0,43,29,10,0,70
l39,13=0,0,0,0,0,0,0,0,0,0,0,0,0,0,0,0,58,0,0,39,63,57,85,0,0,0,0,0,0,0,0,0,0,0,0,36,27,20,75,0

l0,14=0,100,100,100,99,100,96,96,98,99,96,0,0,2,0,0,0,0,0,0,0,0,0,0,0,0,0,0,0,0,0,0,0,0,0,0,0,0,0,0
l1,14=99,0,100,100,99,100,95,94,16,55,50,0,0,42,43,0,0,0,0,0,0,0,0,0,8,0,0,0,0,0,0,0,0,0,0,0,0,0,0,0
l2,14=100,100,0,100,100,100,100,96,93,93,88,0,0,1,0,0,0,0,0,0,0,0,0,0,0,0,0,0,0,0,0,0,0,0,0,0,0,0,0,0
l3,14=99,99,100,0,99,100,96,95,0,99,98,0,0,0,0,0,0,0,0,0,0,0,0,0,0,0,0,0,0,0,0,0,0,0,0,0,0,0,0,0
l4,14=99,99,100,100,0,100,81,0,48,49,98,0,0,41,0,0,0,0,0,0,0,0,0,0,0,0,0,0,0,0,0,0,0,0,0,0,0,0,0,0
l5,14=100,99,100,100,100,0,100,77,96,100,99,0,0,54,0,76,0,0,0,0,0,0,0,0,0,0,0,0,0,0,0,0,0,0,0,0,0,0,0,0
l6,14=91,90,100,99,90,100,0,88,88,99,98,98,0,92,0,88,0,0,0,0,0,0,57,0,0,0,0,0,0,0,0,0,0,0,0,0,0,0,0,0
l7,14=98,99,100,99,11,50,86,0,98,100,100,0,0,51,0,30,79,0,0,0,0,0,0,0,0,0,0,0,0,0,0,0,0,0,0,0,0,0,0,0
l8,14=31,1,35,39,50,30,34,42,0,100,99,29,49,28,34,52,0,0,0,11,50,49,40,0,33,0,0,0,0,0,0,0,0,0,0,0,0,0,0,0
l9,14=86,38,0,41,49,98,76,100,99,0,100,95,0,99,31,96,47,49,0,0,55,50,0,28,0,0,0,0,0,0,0,0,0,0,0,0,0,0,0,0
l10,14=73,63,35,98,100,100,97,100,99,100,0,41,50,99,6,48,0,0,0,0,29,1,0,0,0,0,0,0,0,0,0,0,0,0,0,0,0,0,0,0
l11,14=0,0,0,0,0,0,97,0,45,98,31,0,98,97,96,97,96,98,0,0,58,51,43,41,19,47,0,0,0,0,0,0,0,0,0,0,20,0,35,0
l12,14=0,0,0,0,0,0,0,0,93,0,18,83,0,59,98,90,96,99,0,29,98,38,62,61,63,99,0,0,0,0,0,0,0,74,0,0,0,0,0,0
l13,14=5,24,0,0,48,30,44,40,46,100,68,100,91,0,49,97,46,97,0,16,0,49,0,0,51,31,0,0,0,0,0,0,0,0,0,0,0,0,34,0
l14,14=0,1,0,0,0,0,0,0,47,48,0,60,100,26,0,52,90,56,0,0,0,34,0,61,100,28,0,0,0,0,0,0,19,35,0,0,0,0,26,0
l15,14=0,0,0,0,0,13,33,1,49,98,25,100,89,97,34,0,97,98,0,42,57,50,0,41,61,32,0,0,0,0,0,0,0,0,0,0,0,0,40,0
l16,14=0,0,0,0,0,0,0,38,0,62,0,59,61,14,56,90,0,96,40,78,94,64,94,8,62,0,0,0,0,0,0,0,0,20,30,96,46,7,26,60
l17,14=0,0,0,0,0,0,0,0,0,50,0,98,98,59,53,96,97,0,0,42,98,98,61,39,78,52,0,0,0,0,0,0,0,7,0,53,18,0,68,0
l18,14=0,0,0,0,0,0,0,0,0,0,0,0,0,0,0,0,83,0,0,87,92,2,82,0,0,0,0,0,0,0,0,0,0,0,0,0,0,0,0,0
l19,14=0,0,0,0,0,0,0,0,1,0,0,0,73,2,0,77,86,85,84,0,98,95,88,0,0,0,71,0,48,87,0,0,0,0,0,84,81,46,35,85
l20,14=0,0,0,0,0,0,0,0,8,83,0,53,82,0,0,75,87,86,81,96,0,98,97,0,13,0,1,0,0,0,0,0,0,0,37,89,55,51,68,91
l21,14=0,0,0,0,0,0,0,0,85,87,5,53,76,53,53,76,85,85,0,96,99,0,97,0,54,0,0,0,0,0,0,0,0,0,0,85,43,50,63,80
l22,14=0,0,0,0,0,0,30,0,63,0,0,55,76,0,0,0,92,85,77,92,99,99,0,0,10,0,69,0,6,0,0,0,0,0,0,87,53,52,65,93
l23,14=0,0,0,0,0,0,0,0,0,48,0,32,51,0,97,52,25,55,0,0,0,0,0,0,3,100,0,0,0,0,0,0,29,35,54,0,0,0,0,0
l24,14=0,0,0,0,0,0,0,0,46,0,0,0,93,27,98,90,98,99,0,0,46,48,0,0,0,82,0,0,0,0,0,0,0,0,0,0,23,0,0,0
l25,14=0,0,0,0,4,0,0,0,0,0,0,60,100,32,56,84,0,97,0,0,0,0,0,100,100,0,0,0,3,0,0,0,40,78,99,0,0,0,0,0
l26,14=0,0,0,0,0,0,0,0,0,0,0,0,0,0,0,0,0,0,0,89,32,0,83,0,0,0,0,97,99,98,100,100,99,99,99,0,0,0,0,0
l27,14=0,0,0,0,0,0,0,0,0,0,0,0,0,0,0,0,0,0,0,0,0,0,0,0,0,0,95,0,99,99,100,87,92,93,1,0,0,0,0,0
l28,14=0,0,0,0,0,0,0,0,0,0,0,0,0,0,0,0,0,0,0,77,0,0,51,0,0,16,100,100,0,99,100,87,90,94,94,0,0,0,0,0
l29,14=0,0,0,0,0,0,0,0,0,0,0,0,0,0,0,0,0,0,0,85,0,0,0,0,0,0,95,100,99,0,100,90,94,0,95,0,0,0,0,0
l30,14=0,0,0,0,0,0,0,0,0,0,0,0,0,0,0,0,0,0,0,0,0,0,0,0,0,0,100,100,99,99,0,87,92,93,0,0,0,0,0,0
l31,14=0,0,0,0,0,0,0,0,0,0,0,0,0,0,0,0,0,0,0,0,66,0,0,0,0,0,98,89,99,98,97,0,100,100,99,0,0,0,0,0
l32,14=0,0,0,0,0,0,0,0,0,0,0,0,0,0,67,0,0,0,0,0,1,0,0,65,0,86,98,93,96,98,96,100,0,100,100,0,0,0,0,0
l33,14=0,0,0,0,0,0,0,0,0,0,0,0,98,0,94,0,93,3,0,0,0,0,0,92,0,99,99,88,99,0,99,100,100,0,100,0,0,0,0,0
l34,14=0,0,0,0,0,0,0,0,0,0,0,0,15,0,0,0,87,0,0,0,89,0,3,80,0,100,100,2,99,99,0,100,100,100,0,0,0,0,0,0
l35,14=0,0,0,0,0,0,0,0,0,0,0,0,10,0,0,0,82,56,0,72,84,54,74,0,0,0,0,0,0,0,0,0,0,0,0,0,98,91,92,83
l36,14=0,0,0,0,0,0,0,0,0,0,0,27,0,0,0,0,83,5,0,84,94,67,83,0,16,0,0,0,0,0,0,0,0,0,0,98,0,40,69,82
l37,14=0,0,0,0,0,0,0,0,0,0,0,0,0,0,0,0,0,0,0,28,88,15,81,0,0,0,0,0,0,0,0,0,0,0,0,96,47,0,61,84
l38,14=0,0,0,0,0,0,0,0,0,0,0,43,0,13,20,70,80,89,0,28,97,93,89,0,0,0,0,0,0,0,0,0,0,0,0,97,59,21,0,86
l39,14=0,0,0,0,0,0,0,0,0,0,0,0,0,0,0,0,84,0,0,84,87,90,82,0,0,0,0,0,0,0,0,0,0,0,0,89,44,50,62,0

l0,15=0,98,98,100,99,100,97,97,94,99,92,0,0,0,0,0,0,0,0,0,0,0,0,0,0,0,0,0,0,0,0,0,0,0,0,0,0,0,0,0
l1,15=97,0,98,99,96,98,97,91,0,99,96,0,0,98,64,0,0,0,0,0,0,0,0,0,27,0,0,0,0,0,0,0,0,0,0,0,0,0,0,0
l2,15=100,100,0,99,96,100,100,97,0,99,90,41,0,96,0,0,0,0,0,0,0,0,0,0,0,0,0,0,0,0,0,0,0,0,0,0,0,0,0,0
l3,15=100,100,98,0,96,98,0,0,0,0,96,0,0,0,0,0,0,0,0,0,0,0,0,0,0,0,0,0,0,0,0,0,0,0,0,0,0,0,0,0
l4,15=99,100,98,96,0,100,97,92,0,97,97,0,0,94,0,0,0,0,0,0,0,0,0,0,0,0,0,0,0,0,0,0,0,0,0,0,0,0,0,0
l5,15=97,98,98,99,100,0,97,97,98,99,97,0,0,98,0,93,0,0,0,0,0,0,0,0,0,0,0,0,0,0,0,0,0,0,0,0,0,0,0,0
l6,15=97,98,99,80,96,98,0,97,96,99,97,98,94,94,0,97,12,0,0,0,0,0,52,0,0,0,0,0,0,0,0,0,0,0,0,0,0,0,0,0
l7,15=97,54,98,87,96,98,97,0,99,99,100,0,0,93,93,0,95,0,0,0,0,0,0,0,0,0,0,0,0,0,0,0,0,0,0,0,0,0,0,0
l8,15=58,0,0,49,0,73,52,96,0,100,97,62,58,92,94,97,0,0,0,27,12,90,91,40,93,0,0,0,0,0,0,0,0,0,0,0,0,0,0,0
l9,15=99,56,0,0,84,99,95,99,100,0,100,61,0,99,50,99,86,73,0,0,95,95,17,42,0,0,0,0,0,0,0,0,0,0,0,0,0,0,0,0
l10,15=95,96,3,95,96,98,97,100,99,100,0,0,94,98,79,0,0,0,0,0,0,0,0,0,0,0,0,0,0,0,0,0,0,0,0,0,0,0,0,0
l11,15=0,0,0,0,0,0,62,0,98,100,0,0,99,99,93,100,99,99,0,2,62,98,95,96,0,99,0,0,0,0,0,0,0,0,0,0,96,0,58,0
l12,15=0,0,0,0,0,0,54,0,99,0,86,99,0,98,100,99,99,99,0,36,96,0,97,100,100,100,0,0,0,0,0,0,0,45,0,2,95,0,54,0
l13,15=0,56,58,0,92,76,56,54,98,100,86,100,100,0,100,100,93,99,0,4,0,85,36,93,92,99,0,0,0,0,0,0,0,0,0,0,0,0,0,0
l14,15=0,0,0,0,0,0,0,9,99,70,29,63,99,95,0,99,99,99,0,0,32,0,0,100,100,99,0,0,0,0,0,0,0,99,5,0,0,0,0,0
l15,15=0,0,0,0,0,54,57,0,99,100,0,100,61,96,100,0,99,99,0,0,61,99,3,100,99,98,0,0,0,0,0,0,0,0,0,87,0,0,60,0
l16,15=0,0,0,0,0,0,2,53,0,79,3,62,59,79,100,100,0,94,65,59,60,95,98,0,99,85,0,0,0,0,0,11,0,93,0,95,96,59,51,66
l17,15=0,0,0,0,0,0,0,0,0,99,0,63,61,96,100,99,99,0,0,61,63,98,98,100,99,98,0,0,0,0,0,0,0,97,5,0,94,49,60,0
l18,15=0,0,0,0,0,0,0,0,0,0,0,0,0,0,0,0,83,0,0,48,89,25,76,0,0,0,0,0,0,0,0,0,0,0,0,0,0,0,0,0
l19,15=0,0,0,0,0,0,0,0,29,0,0,0,34,0,0,0,76,65,0,0,99,98,91,0,0,0,0,0,64,47,0,0,0,0,0,0,77,0,0,69
l20,15=0,0,0,0,0,0,0,0,0,96,0,57,58,0,30,91,96,93,59,100,0,100,98,0,0,0,0,0,0,0,0,0,0,0,0,98,96,0,61,86
l21,15=0,0,0,0,0,0,0,0,93,93,0,60,0,67,0,92,87,92,0,100,100,0,99,0,50,0,0,0,12,0,0,0,0,0,59,91,95,58,94,81
l22,15=0,0,0,0,0,0,6,0,80,68,0,53,37,3,0,7,95,68,46,95,99,99,0,0,0,0,61,0,0,16,0,39,0,8,0,80,86,49,51,68
l23,15=0,0,0,0,0,0,0,0,1,65,0,61,100,70,100,100,0,98,0,0,0,0,0,0,100,100,0,0,0,0,0,0,99,100,0,0,0,0,0,0
l24,15=0,0,0,0,0,0,0,0,99,0,0,0,100,95,100,100,99,99,0,0,0,1,0,100,0,99,0,0,0,0,0,0,100,6,0,0,96,0,10,0
l25,15=0,0,0,0,0,0,0,0,0,0,0,97,89,93,97,85,84,97,0,0,0,0,0,98,98,0,93,0,35,0,0,57,98,96,95,0,0,0,0,0
l26,15=0,0,0,0,0,0,0,0,0,0,0,0,0,0,0,0,0,0,0,0,0,0,70,0,0,87,0,94,85,95,98,84,96,35,91,0,0,0,0,0
l27,15=0,0,0,0,0,0,0,0,0,0,0,0,0,0,0,0,0,0,0,0,0,0,0,0,0,0,92,0,85,96,98,71,94,93,90,0,0,0,0,0
l28,15=0,0,0,0,0,0,0,0,0,0,0,0,0,0,0,0,0,0,0,91,0,33,0,0,0,74,97,96,0,96,98,72,94,94,89,0,0,0,0,0
l29,15=0,0,0,0,0,0,0,0,0,0,0,0,0,0,0,0,0,0,0,91,0,0,28,0,0,0,93,96,85,0,98,79,95,94,92,0,0,0,0,0
l30,15=0,0,0,0,0,0,0,0,0,0,0,0,0,0,0,0,0,0,0,0,0,0,0,0,0,0,97,96,85,96,0,71,94,94,0,0,0,0,0,0
l31,15=0,0,0,0,0,0,0,0,0,0,0,0,0,0,0,0,7,0,0,0,0,0,70,0,0,90,97,92,85,94,97,0,98,97,95,0,0,0,0,0
l32,15=0,0,0,0,0,0,0,0,0,0,0,0,57,0,0,0,0,0,0,0,25,0,0,94,91,91,97,93,76,95,97,84,0,96,96,0,0,0,0,0
l33,15=0,0,0,0,0,0,0,0,0,0,0,0,51,0,96,0,96,96,0,0,0,0,47,100,79,95,40,93,94,60,86,87,99,0,99,0,0,0,0,0
l34,15=0,0,0,0,0,0,0,0,0,0,0,0,8,0,86,0,0,0,0,0,15,65,0,0,0,92,97,92,79,95,0,83,98,97,0,0,0,0,0,0
l35,15=0,0,0,0,0,0,0,0,0,0,0,0,24,0,0,72,77,0,0,0,57,80,79,0,0,0,0,0,0,0,0,0,0,0,0,0,99,98,90,96
l36,15=0,0,0,0,0,0,0,0,0,0,0,54,35,0,0,0,90,61,0,51,59,96,92,0,67,0,0,0,0,0,0,0,0,0,0,98,0,61,95,83
l37,15=0,0,0,0,0,0,0,0,0,0,0,0,2,0,0,0,70,0,0,0,0,84,87,0,0,0,0,0,0,0,0,0,0,0,0,97,98,0,69,96
l38,15=0,0,0,0,0,0,0,0,0,0,0,54,36,0,0,91,83,88,0,0,61,93,92,0,14,0,0,0,0,0,0,0,0,0,0,97,96,60,0,83
l39,15=0,0,0,0,0,0,0,0,0,0,0,0,0,0,0,0,73,0,0,56,92,93,89,0,0,0,0,0,0,0,0,0,0,0,0,98,94,99,57,0

