t=2016-04-12_18.17.18

n=40

q0=1
q1=1
q2=1
q3=1
q4=1
q5=1
q6=1
q7=1
q8=1
q9=1
q10=1
q11=1
q12=1
q13=1
q14=1
q15=1
q16=1
q17=1
q18=1
q19=1
q20=1
q21=1
q22=1
q23=1
q24=1
q25=1
q26=1
q27=1
q28=1
q29=1
q30=1
q31=1
q32=1
q33=1
q34=1
q35=1
q36=1
q37=1
q38=1
q39=1

a0=0x141592000c576ce6
a1=0x141592000c5aedbc
a2=0x141592000c5750f4
a3=0x141592000c576658
a4=0x141592000c575890
a5=0x141592000c574ffa
a6=0x141592000c5acf11
a7=0x141592000d9df361
a8=0x141592000c576300
a9=0x141592000c5779b6
a10=0x141592000c5762b9
a11=0x141592000c5af078
a12=0x141592000c575517
a13=0x141592000c5752c3
a14=0x141592000c5a4baa
a15=0x141592000c5776e7
a16=0x141592000c58cdeb
a17=0x141592000c5881fc
a18=0x141592000bd81d33
a19=0x141592000bd84d6a
a20=0x141592000c577233
a21=0x141592000c574527
a22=0x141592000c5746a3
a23=0x141592000c574da3
a24=0x141592000c5741c9
a25=0x141592000da244ea
a26=0x141592000c5ae886
a27=0x141592000c57510e
a28=0x141592000c5ab6c8
a29=0x141592000c574d05
a30=0x141592000edae61f
a31=0x141592000c57667e
a32=0x141592000c577f43
a33=0x141592000c576449
a34=0x1415920010f4117a
a35=0x141592000c575966
a36=0x141592000c574d35
a37=0x141592000c576fb1
a38=0x141592000c5aea5d
a39=0x141592000c59f23f

l0,0=0,87,84,96,85,88,86,78,9,88,64,0,0,0,0,0,0,0,0,0,0,0,0,0,0,0,0,0,0,0,0,0,0,0,0,0,0,0,0,0
l1,0=78,0,85,85,85,90,69,83,74,65,64,0,0,9,0,0,0,0,0,0,0,0,0,0,0,0,0,0,0,0,0,0,0,0,0,0,0,0,0,0
l2,0=79,91,0,74,83,91,90,84,29,77,57,0,0,65,0,0,0,0,0,0,0,0,0,0,0,0,0,0,0,0,0,0,0,0,0,0,0,0,0,0
l3,0=94,90,82,0,84,85,86,79,69,0,45,0,0,0,0,0,0,0,0,0,0,0,0,0,0,0,0,0,0,0,0,0,0,0,0,0,0,0,0,0
l4,0=86,90,85,86,0,88,82,71,71,51,50,0,0,51,0,0,0,0,0,0,0,0,0,0,0,0,0,0,0,0,0,0,0,0,0,0,0,0,0,0
l5,0=79,93,85,77,78,0,84,83,80,76,54,49,0,30,0,0,0,0,0,0,0,0,0,0,0,0,0,0,0,0,0,0,0,0,0,0,0,0,0,0
l6,0=76,52,88,71,74,80,0,86,78,68,53,53,0,66,0,52,49,0,0,0,0,0,0,0,0,0,0,0,0,0,0,0,0,0,0,0,0,0,0,0
l7,0=56,82,78,65,74,76,84,0,78,76,55,68,4,59,0,57,0,0,0,0,0,0,0,0,0,0,0,0,0,0,0,0,0,0,0,0,0,0,0,0
l8,0=0,52,0,41,63,67,78,71,0,89,32,77,47,79,65,79,79,64,0,0,0,70,1,31,51,3,0,0,0,0,0,0,0,0,0,0,0,0,39,0
l9,0=74,52,77,4,67,83,79,81,92,0,65,79,46,69,57,64,60,67,0,0,0,0,22,0,0,0,0,0,0,0,0,0,0,0,0,0,0,0,0,0
l10,0=77,83,82,50,77,79,83,84,78,93,0,81,36,72,0,68,3,0,0,0,0,0,0,0,0,0,0,0,0,0,0,0,0,0,0,0,0,0,0,0
l11,0=0,0,0,0,0,0,29,48,3,2,16,0,64,78,87,91,82,88,0,8,0,25,0,0,82,0,0,0,0,0,0,0,0,0,0,0,64,0,37,0
l12,0=0,0,0,0,0,0,0,0,1,0,7,86,0,76,86,91,62,98,0,0,23,36,0,79,93,77,0,0,0,0,0,0,0,18,0,4,53,0,44,0
l13,0=0,0,54,0,50,0,34,33,88,61,57,77,60,0,82,76,43,68,0,8,0,62,15,65,52,38,0,0,0,0,0,0,0,0,0,0,0,0,40,0
l14,0=0,0,0,0,0,0,0,0,15,0,0,87,66,78,0,85,79,52,0,0,30,0,17,42,85,83,0,0,0,0,0,0,0,19,0,0,26,0,22,0
l15,0=0,0,0,0,0,0,33,40,9,1,15,98,70,79,84,0,69,77,0,0,5,0,14,7,89,0,0,0,0,0,0,0,0,0,0,0,58,0,47,0
l16,0=0,0,0,0,0,0,22,0,1,1,0,82,16,41,83,60,0,58,0,7,21,48,19,14,83,0,0,0,0,0,0,0,0,14,0,44,56,2,49,32
l17,0=0,0,0,0,0,0,0,0,1,0,0,92,70,70,86,88,85,0,0,0,28,47,11,0,77,68,0,0,0,0,0,0,0,19,0,0,73,0,4,0
l18,0=0,0,0,0,0,0,0,0,0,0,0,0,0,0,0,0,0,0,0,0,73,2,63,0,0,0,0,0,0,0,0,0,0,0,0,0,0,0,0,0
l19,0=0,0,0,0,0,0,0,0,0,0,0,44,0,50,0,0,74,0,0,0,75,23,82,0,0,0,32,0,0,0,0,9,0,0,0,51,68,0,43,86
l20,0=0,0,0,0,0,0,0,0,0,0,0,0,15,0,50,1,53,37,65,79,0,89,82,0,0,0,0,0,0,0,0,0,0,0,6,48,85,46,95,88
l21,0=0,0,0,0,0,0,0,0,4,0,0,28,11,68,0,0,83,74,14,6,89,0,82,0,0,0,8,0,0,0,0,0,0,0,0,73,69,40,85,85
l22,0=0,0,0,0,0,0,0,0,0,0,0,0,0,55,52,33,81,26,48,83,89,89,0,0,1,0,11,0,0,0,0,23,7,0,0,69,85,33,53,64
l23,0=0,0,0,0,0,0,0,0,3,0,0,0,55,59,80,11,53,0,0,0,0,0,0,0,90,0,0,0,0,0,0,6,0,20,51,0,0,0,0,0
l24,0=0,0,0,0,0,0,0,0,1,0,0,82,70,48,84,81,79,49,0,0,0,0,0,83,0,76,0,0,0,0,0,0,23,27,32,0,0,0,0,0
l25,0=0,0,0,0,0,0,0,0,0,0,0,0,60,53,91,0,0,69,0,0,0,0,0,32,81,0,52,2,0,0,0,52,44,41,78,0,0,0,0,0
l26,0=0,0,0,0,0,0,0,0,0,0,0,0,0,0,0,0,0,0,0,53,0,1,22,0,0,60,0,78,97,82,93,86,80,56,61,0,0,0,0,0
l27,0=0,0,0,0,0,0,0,0,0,0,0,0,0,0,0,0,0,0,0,0,0,0,0,0,0,1,80,0,97,88,99,81,78,69,74,0,0,0,0,0
l28,0=0,0,0,0,0,0,0,0,0,0,0,0,0,0,0,0,0,0,0,0,0,0,0,0,0,0,83,99,0,88,98,84,81,63,78,0,0,0,0,0
l29,0=0,0,0,0,0,0,0,0,0,0,0,0,0,0,0,0,0,0,0,0,0,0,0,0,0,6,80,100,97,0,99,75,73,55,57,0,0,0,0,0
l30,0=0,0,0,0,0,0,0,0,0,0,0,0,0,0,0,0,0,0,0,0,0,0,0,0,0,0,79,100,97,88,0,73,76,67,0,0,0,0,0,0
l31,0=0,0,0,0,0,0,0,0,0,0,0,0,0,0,0,0,0,0,0,46,0,0,33,33,0,58,77,66,90,59,63,0,86,80,94,0,0,0,0,0
l32,0=0,0,0,0,0,0,0,0,0,0,0,0,0,0,0,0,0,0,0,0,0,0,1,4,64,64,75,66,74,56,70,84,0,83,94,0,0,0,0,0
l33,0=0,0,0,0,0,0,0,0,0,0,0,0,39,0,56,0,61,65,0,0,0,0,0,53,75,64,68,33,66,51,71,80,87,0,77,0,0,0,0,0
l34,0=0,0,0,0,0,0,0,0,0,0,0,0,0,0,0,0,0,0,0,0,45,0,0,58,69,67,75,66,76,56,0,86,91,64,0,0,0,0,0,0
l35,0=0,0,0,0,0,0,0,0,0,0,0,0,0,0,0,0,35,0,0,5,22,36,17,0,0,0,0,0,0,0,0,0,0,0,0,0,77,91,95,57
l36,0=0,0,0,0,0,0,0,0,0,0,0,43,8,0,12,34,45,35,0,11,40,28,28,0,0,0,0,0,0,0,0,0,0,0,0,85,0,53,60,58
l37,0=0,0,0,0,0,0,0,0,0,0,0,0,0,0,0,0,0,0,0,0,41,27,15,0,0,0,0,0,0,0,0,0,0,0,0,88,93,0,0,56
l38,0=0,0,0,0,0,0,0,0,0,0,0,42,16,49,5,56,80,0,0,8,45,38,26,0,0,0,0,0,0,0,0,0,0,0,0,88,95,0,0,58
l39,0=0,0,0,0,0,0,0,0,0,0,0,0,0,0,0,0,49,0,0,40,51,34,28,0,0,0,0,0,0,0,0,0,0,0,0,84,95,53,60,0

l0,1=0,83,60,93,84,64,70,0,69,72,65,0,0,15,0,0,0,0,0,0,0,0,0,0,0,0,0,0,0,0,0,0,0,0,0,0,0,0,0,0
l1,1=75,0,81,90,86,76,62,70,71,71,76,0,0,49,0,0,0,0,0,0,0,0,0,0,0,0,0,0,0,0,0,0,0,0,0,0,0,0,0,0
l2,1=61,84,0,80,72,84,74,76,0,78,78,0,0,0,0,2,0,0,0,0,0,0,0,0,0,0,0,0,0,0,0,0,0,0,0,0,0,0,0,0
l3,1=82,84,77,0,75,67,60,52,0,0,74,0,0,0,0,0,0,0,0,0,0,0,0,0,0,0,0,0,0,0,0,0,0,0,0,0,0,0,0,0
l4,1=79,82,72,69,0,67,54,62,79,71,64,0,0,57,1,0,0,0,0,0,0,0,0,0,0,0,0,0,0,0,0,0,0,0,0,0,0,0,0,0
l5,1=69,81,81,79,75,0,64,80,77,76,71,0,0,3,0,0,0,0,0,0,0,0,0,0,0,0,0,0,0,0,0,0,0,0,0,0,0,0,0,0
l6,1=62,70,78,63,44,56,0,79,75,60,69,53,12,51,0,0,22,0,0,0,0,0,0,0,0,0,0,0,0,0,0,0,0,0,0,0,0,0,0,0
l7,1=0,52,70,35,37,67,66,0,82,83,86,42,19,28,0,0,0,0,0,0,0,0,0,0,0,0,0,0,0,0,0,0,0,0,0,0,0,0,0,0
l8,1=33,6,0,0,59,32,59,72,0,83,62,65,10,74,46,26,46,47,0,0,0,54,48,34,0,0,0,0,0,0,0,0,0,0,0,0,0,0,14,0
l9,1=57,53,71,0,50,54,55,77,89,0,87,63,43,74,25,21,34,48,0,0,0,36,36,8,0,0,0,0,0,0,0,0,0,0,0,0,0,0,0,0
l10,1=43,77,76,56,57,60,66,88,75,87,0,58,0,76,0,19,23,0,0,0,0,7,0,0,0,0,0,0,0,0,0,0,0,0,0,0,0,0,0,0
l11,1=0,0,0,0,0,0,34,20,46,48,49,0,78,81,40,36,37,68,0,43,32,12,0,0,26,0,0,0,0,0,0,0,0,0,0,23,41,0,22,0
l12,1=0,0,0,0,0,0,0,0,29,46,0,77,0,60,75,30,36,75,0,0,42,43,9,66,80,39,0,0,0,0,0,0,0,0,0,0,32,0,21,0
l13,1=0,0,0,0,24,0,33,0,76,75,71,80,72,0,35,0,37,60,0,39,39,43,43,41,24,22,0,0,0,0,0,0,0,0,0,0,0,0,22,0
l14,1=0,0,0,0,4,0,0,0,38,44,2,69,81,61,0,4,41,53,0,0,43,39,20,70,41,43,0,0,0,0,0,0,0,0,0,0,0,0,0,0
l15,1=0,0,0,0,0,0,1,0,44,47,47,89,82,34,21,0,28,66,0,0,2,0,32,0,50,0,0,0,0,0,0,0,0,0,0,0,41,0,0,0
l16,1=0,0,0,0,0,0,8,0,28,41,0,43,44,34,35,0,0,56,0,1,43,47,47,22,25,15,0,0,0,0,0,0,0,4,0,41,41,10,0,19
l17,1=0,0,0,0,0,0,0,0,26,42,0,70,87,42,26,7,41,0,0,0,42,36,25,18,26,1,0,0,0,0,0,0,0,11,0,3,40,0,0,0
l18,1=0,0,0,0,0,0,0,0,0,0,0,0,0,0,0,0,0,0,0,55,59,56,63,0,0,0,0,0,0,0,0,0,0,0,0,0,0,0,0,0
l19,1=0,0,0,0,0,0,0,0,0,0,0,27,0,29,0,0,0,0,28,0,63,47,75,0,0,0,31,0,0,0,0,31,0,0,0,29,57,27,46,61
l20,1=0,0,0,0,0,0,0,0,0,0,0,12,36,28,18,0,43,39,35,64,0,69,74,0,0,0,0,0,0,0,0,0,0,0,0,38,60,41,53,53
l21,1=0,0,0,0,0,0,0,0,53,34,7,3,30,49,9,0,54,37,35,41,66,0,76,0,0,0,7,0,0,0,0,24,6,0,0,64,45,30,52,64
l22,1=0,0,0,0,0,0,0,0,34,25,0,0,12,31,7,0,53,42,38,67,68,69,0,0,0,0,5,0,0,0,0,41,0,0,0,63,63,30,26,66
l23,1=0,0,0,0,0,0,0,0,57,0,0,0,68,61,69,0,37,41,0,0,0,0,0,0,64,39,0,0,0,0,0,0,0,0,35,0,0,0,0,0
l24,1=0,0,0,0,0,0,0,0,0,0,0,63,80,37,41,22,39,51,0,0,0,0,1,71,0,39,0,0,0,0,0,0,16,29,25,0,0,0,0,0
l25,1=0,0,0,0,0,0,0,0,33,0,0,0,64,47,70,0,46,33,0,0,0,0,0,59,51,0,33,0,17,6,0,47,0,55,33,0,0,0,0,0
l26,1=0,0,0,0,0,0,0,0,0,0,0,0,0,0,0,0,0,0,0,49,0,10,37,0,0,46,0,71,75,81,69,77,72,68,48,0,0,0,0,0
l27,1=0,0,0,0,0,0,0,0,0,0,0,0,0,0,0,0,0,0,0,0,0,0,0,0,0,0,68,0,75,90,84,62,61,52,48,0,0,0,0,0
l28,1=0,0,0,0,0,0,0,0,0,0,0,0,0,0,0,0,0,0,0,6,0,0,0,0,0,38,81,86,0,90,72,76,38,48,45,0,0,0,0,0
l29,1=0,0,0,0,0,0,0,0,0,0,0,0,0,0,0,0,0,0,0,0,0,0,0,0,0,11,72,86,75,0,73,69,44,43,42,0,0,0,0,0
l30,1=0,0,0,0,0,0,0,0,0,0,0,0,0,0,0,0,0,0,0,0,0,0,0,0,0,0,68,89,75,88,0,54,43,55,0,0,0,0,0,0
l31,1=0,0,0,0,0,0,0,0,0,0,0,0,0,0,0,0,0,0,0,42,0,19,41,0,0,49,71,54,59,62,37,0,78,60,67,0,0,0,0,0
l32,1=0,0,0,0,0,0,0,0,0,0,0,0,0,0,0,0,0,0,0,0,0,0,0,4,38,0,66,55,44,58,37,72,0,67,78,0,0,0,0,0
l33,1=0,0,0,0,0,0,0,0,0,0,0,0,0,0,0,0,38,45,0,0,0,0,0,0,38,59,58,52,57,47,53,70,74,0,51,0,0,0,0,0
l34,1=0,0,0,0,0,0,0,0,0,0,0,0,0,0,0,0,0,0,0,0,32,0,0,43,40,47,46,55,60,57,0,73,85,53,0,0,0,0,0,0
l35,1=0,0,0,0,0,0,0,0,0,0,0,0,0,0,0,0,32,0,0,27,40,56,57,0,0,0,0,0,0,0,0,0,0,0,0,0,64,40,56,38
l36,1=0,0,0,0,0,0,0,0,0,0,0,44,16,0,0,0,34,44,0,50,62,44,66,0,0,0,0,0,0,0,0,0,0,0,0,68,0,44,40,41
l37,1=0,0,0,0,0,0,0,0,0,0,0,0,0,0,0,0,2,0,0,30,59,43,16,0,0,0,0,0,0,0,0,0,0,0,0,69,66,0,33,43
l38,1=0,0,0,0,0,0,0,0,7,0,0,43,43,34,0,0,0,0,0,46,68,57,51,0,0,0,0,0,0,0,0,0,0,0,0,75,69,40,0,40
l39,1=0,0,0,0,0,0,0,0,0,0,0,0,0,0,0,0,36,0,0,52,60,55,64,0,0,0,0,0,0,0,0,0,0,0,0,55,56,42,32,0

l0,2=0,79,71,75,75,80,76,60,55,47,62,0,0,0,0,0,0,0,0,0,0,0,0,0,0,0,0,0,0,0,0,0,0,0,0,0,0,0,0,0
l1,2=76,0,75,82,85,86,79,65,35,48,77,0,0,0,0,0,0,0,0,0,0,0,0,0,0,0,0,0,0,0,0,0,0,0,0,0,0,0,0,0
l2,2=67,73,0,72,67,90,86,72,28,58,73,0,0,0,0,29,0,0,0,0,0,0,0,0,0,0,0,0,0,0,0,0,0,0,0,0,0,0,0,0
l3,2=79,85,76,0,73,73,58,0,40,0,0,0,0,0,0,0,0,0,0,0,0,0,0,0,0,0,0,0,0,0,0,0,0,0,0,0,0,0,0,0
l4,2=73,79,65,67,0,80,76,53,0,62,50,0,0,2,0,0,0,0,0,0,0,0,0,0,0,0,0,0,0,0,0,0,0,0,0,0,0,0,0,0
l5,2=66,74,82,63,70,0,72,72,62,50,70,0,0,30,0,0,0,0,0,0,0,0,0,0,0,0,0,0,0,0,0,0,0,0,0,0,0,0,0,0
l6,2=63,71,80,38,61,73,0,66,44,46,71,12,24,7,0,25,0,0,0,0,0,0,0,0,0,0,0,0,0,0,0,0,0,0,0,0,0,0,0,0
l7,2=46,60,69,32,55,77,71,0,66,54,83,24,1,54,0,45,0,0,0,0,0,0,0,0,0,0,0,0,0,0,0,0,0,0,0,0,0,0,0,0
l8,2=16,2,0,18,0,41,22,71,0,82,74,37,0,72,9,56,44,38,0,0,0,44,24,0,35,1,0,0,0,0,0,0,0,0,0,0,0,0,10,0
l9,2=40,55,75,6,59,68,64,73,85,0,83,26,19,73,0,49,33,28,0,0,0,22,0,0,0,0,0,0,0,0,0,0,0,0,0,0,0,0,0,0
l10,2=39,68,64,9,24,69,75,81,66,79,0,8,0,62,0,40,0,3,0,0,0,0,0,0,0,0,0,0,0,0,0,0,0,0,0,0,0,0,0,0
l11,2=0,0,0,0,0,0,25,23,32,15,13,0,61,79,44,64,43,71,0,10,27,30,21,17,14,0,0,0,0,0,0,0,0,0,0,6,28,0,21,2
l12,2=0,0,0,0,0,0,20,0,0,15,0,76,0,50,74,63,51,80,0,0,0,27,0,74,87,70,0,0,0,0,0,0,0,0,0,0,3,0,21,0
l13,2=0,0,0,0,0,0,0,29,70,65,22,68,22,0,30,54,44,41,0,11,21,31,21,16,31,2,0,0,0,0,0,0,0,0,0,0,0,0,24,2
l14,2=0,0,0,0,0,0,0,0,11,0,0,60,66,55,0,46,53,45,0,0,25,1,0,74,66,68,0,0,0,0,0,0,0,42,0,0,0,0,24,0
l15,2=0,0,10,0,0,0,25,29,59,16,12,87,68,61,26,0,17,63,0,0,28,0,0,17,70,3,0,0,0,0,0,0,0,0,0,0,21,0,20,10
l16,2=0,0,0,0,0,0,0,0,39,6,0,38,48,42,65,12,0,66,0,14,64,45,55,0,51,45,0,0,0,0,0,0,0,30,0,44,55,4,35,48
l17,2=0,0,0,0,0,0,0,0,28,7,0,80,71,55,26,53,67,0,0,0,9,31,24,18,57,0,0,0,0,0,0,0,0,25,0,0,29,0,20,0
l18,2=0,0,0,0,0,0,0,0,0,0,0,0,0,2,0,0,0,0,0,19,63,57,48,0,0,0,0,0,0,0,0,0,0,0,0,0,0,0,0,0
l19,2=0,0,0,0,0,0,0,0,0,0,0,29,0,44,0,0,38,0,36,0,70,0,66,0,0,0,50,0,0,0,0,33,0,0,0,0,52,18,47,59
l20,2=0,0,0,0,0,0,0,0,0,0,0,23,0,35,26,40,54,10,37,43,0,65,67,0,0,0,0,0,0,0,0,0,0,0,29,47,58,56,52,60
l21,2=0,0,0,0,0,0,0,0,48,23,0,36,33,43,7,0,54,28,34,0,79,0,67,0,0,0,0,0,0,0,0,0,0,31,0,52,59,36,52,60
l22,2=0,0,0,0,0,0,0,0,41,0,0,28,1,39,0,0,54,30,32,52,74,65,0,0,0,0,9,0,0,29,0,24,0,0,0,66,59,49,30,60
l23,2=0,0,0,0,0,0,0,0,0,0,0,29,60,55,61,30,0,43,0,0,0,0,0,0,72,67,0,0,0,0,0,0,0,0,12,0,0,0,0,0
l24,2=0,0,0,0,0,0,0,0,54,0,0,23,67,62,57,52,51,54,0,0,3,0,0,81,0,69,0,0,0,0,0,0,3,30,19,0,20,0,0,0
l25,2=0,0,0,0,0,0,0,0,40,0,0,0,60,52,56,10,50,0,0,0,0,0,0,61,60,0,50,0,0,0,0,46,53,53,60,0,0,0,0,0
l26,2=0,0,0,0,0,0,0,0,0,0,0,0,0,0,0,0,0,0,0,42,0,0,14,0,0,56,0,3,76,66,73,58,70,50,66,0,0,0,0,0
l27,2=0,0,0,0,0,0,0,0,0,0,0,0,0,0,0,0,0,0,0,0,0,0,0,0,0,0,12,0,76,83,86,59,66,48,67,0,0,0,0,0
l28,2=0,0,0,0,0,0,0,0,0,0,0,0,0,0,0,0,0,0,0,0,0,0,0,0,0,0,86,63,0,85,76,55,48,48,58,0,0,0,0,0
l29,2=0,0,0,0,0,0,0,0,0,0,0,0,0,0,0,0,0,0,0,0,0,0,41,0,0,0,82,63,76,0,74,58,54,0,0,0,0,0,0,0
l30,2=0,0,0,0,0,0,0,0,0,0,0,0,0,0,0,0,0,0,0,0,0,0,0,0,0,0,74,73,72,64,0,45,54,50,52,0,0,0,0,0
l31,2=0,0,0,0,0,0,0,0,0,0,0,0,0,0,0,0,0,0,0,33,12,0,39,9,0,50,77,28,63,42,43,0,76,58,80,0,0,0,0,0
l32,2=0,0,0,0,0,0,0,0,0,0,0,0,0,0,0,0,0,0,0,0,0,0,0,0,2,51,68,25,49,51,54,60,0,57,85,0,0,0,0,0
l33,2=0,0,0,0,0,0,0,0,0,0,0,0,0,0,50,0,38,30,0,0,0,37,0,0,33,70,68,20,56,0,56,56,68,0,76,0,0,0,0,0
l34,2=0,0,0,0,0,0,0,0,0,0,0,0,0,0,0,0,0,0,0,0,51,0,0,38,46,54,64,28,47,28,44,62,84,63,0,0,0,0,0,0
l35,2=0,0,0,0,0,0,0,0,0,0,0,0,0,7,0,0,43,0,0,0,45,48,52,0,0,0,0,0,0,0,0,0,0,0,0,0,64,61,54,59
l36,2=0,0,0,0,0,0,0,0,0,0,0,32,10,8,0,28,52,32,0,16,67,58,56,0,9,0,0,0,0,0,0,0,0,0,0,71,0,61,54,58
l37,2=0,0,0,0,0,0,0,0,0,0,0,0,0,0,0,0,2,0,0,3,61,33,43,0,0,0,0,0,0,0,0,0,0,0,0,71,64,0,52,58
l38,2=0,0,0,0,0,0,0,0,9,0,0,24,16,43,19,32,42,22,0,12,73,58,17,0,0,0,0,0,0,0,0,0,0,0,0,73,69,57,0,60
l39,2=0,0,0,0,0,0,0,0,0,0,0,0,0,3,0,0,48,0,0,30,63,58,52,0,0,0,0,0,0,0,0,0,0,0,0,63,50,51,52,0

l0,3=0,81,86,89,56,78,82,46,0,34,0,0,0,0,0,0,0,0,0,0,0,0,0,0,0,0,0,0,0,0,0,0,0,0,0,0,0,0,0,0
l1,3=80,0,76,90,86,81,85,77,41,79,46,5,0,0,0,0,0,0,0,0,0,0,0,0,0,0,0,0,0,0,0,0,0,0,0,0,0,0,0,0
l2,3=76,69,0,77,86,87,91,86,73,76,84,0,0,59,0,0,0,0,0,0,0,0,0,0,0,0,0,0,0,0,0,0,0,0,0,0,0,0,0,0
l3,3=80,86,86,0,86,0,84,0,15,0,71,0,0,0,0,0,0,0,0,0,0,0,0,0,0,0,0,0,0,0,0,0,0,0,0,0,0,0,0,0
l4,3=63,82,86,92,0,84,77,19,0,74,22,0,0,25,0,0,0,0,0,0,0,0,0,0,0,0,0,0,0,0,0,0,0,0,0,0,0,0,0,0
l5,3=75,83,90,2,82,0,79,85,48,69,71,36,0,69,10,11,0,0,0,0,0,0,0,0,0,0,0,0,0,0,0,0,0,0,0,0,0,0,0,0
l6,3=69,77,88,52,70,73,0,78,75,69,73,71,65,35,0,38,76,0,0,0,0,0,0,0,0,0,0,0,0,0,0,0,0,0,0,0,0,0,0,0
l7,3=51,41,84,0,34,75,80,0,83,78,88,0,0,33,0,25,33,0,0,0,0,0,0,0,0,0,0,0,0,0,0,0,0,0,0,0,0,0,0,0
l8,3=0,3,28,0,0,22,42,86,0,83,84,80,9,81,1,73,42,37,0,0,0,34,32,0,17,0,0,0,0,0,0,0,0,0,0,0,0,0,18,0
l9,3=30,35,44,0,41,25,37,87,87,0,89,30,28,79,24,23,0,0,0,0,24,6,0,0,0,0,0,0,0,0,0,0,0,0,0,0,0,0,0,0
l10,3=0,27,83,12,28,73,84,88,81,88,0,36,0,78,10,19,0,0,0,0,0,0,0,3,0,0,0,0,0,0,0,0,0,0,0,0,0,0,22,0
l11,3=0,2,0,0,0,21,32,0,78,32,51,0,88,85,85,87,71,89,0,30,30,51,67,64,76,6,0,0,0,0,0,0,0,0,0,0,64,22,77,0
l12,3=0,0,0,0,0,0,14,0,27,28,0,98,0,37,94,82,35,93,0,40,0,30,12,80,95,78,0,0,0,0,0,0,0,0,0,36,32,0,37,0
l13,3=0,0,18,0,27,26,5,29,87,81,45,94,36,0,0,60,32,45,25,28,28,24,30,28,3,23,0,0,0,0,0,0,0,0,0,0,0,0,30,0
l14,3=0,0,0,0,0,0,0,0,10,28,2,85,92,0,0,18,38,38,0,0,29,0,0,85,94,33,0,0,0,0,0,0,0,18,1,0,0,0,40,0
l15,3=0,0,0,0,0,0,12,34,80,66,24,98,89,79,47,0,77,82,0,28,75,19,0,61,85,0,0,0,0,0,0,0,0,0,0,0,0,0,41,9
l16,3=0,0,0,0,0,0,17,14,38,0,0,43,58,25,73,28,0,83,28,0,83,76,83,0,49,27,0,0,0,0,0,0,0,31,0,0,40,22,57,30
l17,3=0,0,0,0,0,0,0,0,43,0,0,96,92,72,25,67,96,0,0,13,35,25,33,27,19,0,0,0,0,0,0,0,0,18,0,0,75,19,47,24
l18,3=0,0,0,0,0,0,0,0,0,0,0,0,0,44,0,0,46,0,0,66,59,37,46,0,0,0,0,0,0,0,0,0,0,0,0,0,0,0,0,0
l19,3=0,0,0,0,0,0,0,0,0,0,0,8,16,39,0,14,0,3,55,0,88,80,94,0,0,0,0,0,0,35,0,53,0,0,0,0,83,46,61,0
l20,3=0,0,0,0,0,0,0,0,0,32,0,21,0,55,16,63,92,61,54,92,0,83,93,0,13,0,0,0,0,0,0,0,0,0,22,0,90,82,92,87
l21,3=0,0,0,0,0,0,0,0,72,24,0,77,22,57,0,33,90,67,48,85,92,0,93,0,0,0,0,0,0,0,0,0,35,47,0,57,90,73,83,79
l22,3=0,0,0,0,0,0,0,0,65,0,0,74,11,57,0,0,92,64,49,96,100,85,0,0,0,0,54,0,0,69,0,0,0,0,0,84,90,56,90,89
l23,3=0,0,0,0,0,0,0,0,0,0,0,44,81,24,88,21,0,32,0,0,0,0,0,0,95,73,0,0,0,0,0,0,0,0,0,0,0,0,0,0
l24,3=0,0,0,0,0,0,0,0,46,0,0,54,91,30,86,68,48,79,0,0,41,0,0,90,0,71,0,0,0,0,0,0,0,49,0,0,32,0,33,0
l25,3=0,0,0,0,0,0,0,0,0,0,0,11,79,15,82,0,26,0,0,0,0,0,0,87,83,0,9,0,0,0,0,37,34,80,42,0,0,0,0,0
l26,3=0,0,0,0,0,0,0,0,0,0,0,0,0,0,0,0,0,0,0,0,0,0,66,0,0,26,0,83,96,98,89,96,84,59,83,0,0,0,0,0
l27,3=0,0,0,0,0,0,0,0,0,0,0,0,0,0,0,0,0,0,0,0,0,0,0,0,0,0,93,0,96,100,100,93,92,0,46,0,0,0,0,0
l28,3=0,0,0,0,0,0,0,0,0,0,0,0,0,0,0,0,0,0,0,0,0,0,0,0,0,0,98,100,0,100,87,90,82,83,79,0,0,0,0,0
l29,3=0,0,0,0,0,0,0,0,0,0,0,0,0,0,0,0,0,0,0,58,0,0,62,0,0,0,98,99,96,0,94,90,88,61,71,0,0,0,0,0
l30,3=0,0,0,0,0,0,0,0,0,0,0,0,0,0,0,0,0,0,0,0,0,0,0,0,0,0,95,100,85,95,0,76,85,65,0,0,0,0,0,0
l31,3=0,0,0,0,0,0,0,0,0,0,0,0,0,0,0,0,0,0,0,33,0,0,1,0,0,58,98,83,81,79,61,0,97,96,97,0,0,0,0,0
l32,3=0,0,0,0,0,0,0,0,0,0,0,0,0,0,0,0,0,0,0,0,0,17,0,0,0,65,87,70,73,82,75,98,0,94,97,0,0,0,0,0
l33,3=0,0,0,0,0,0,0,0,0,0,0,0,0,0,0,0,18,0,0,0,0,9,0,0,81,77,21,0,82,14,16,91,89,0,91,0,0,0,0,0
l34,3=0,0,0,0,0,0,0,0,0,0,0,0,0,0,1,0,0,0,0,0,27,0,0,4,6,74,83,15,74,83,1,96,97,98,0,0,0,0,0,0
l35,3=0,0,0,0,0,0,0,0,0,0,0,0,12,0,0,0,0,0,0,0,26,31,78,0,0,0,0,0,0,0,0,0,0,0,0,0,89,80,89,85
l36,3=0,0,0,0,0,0,0,0,0,0,0,67,10,0,0,0,83,61,0,66,81,73,72,0,4,0,0,0,0,0,0,0,0,0,0,86,0,86,90,78
l37,3=0,0,0,0,0,0,0,0,0,0,0,2,0,0,0,0,38,10,0,53,82,64,56,0,0,0,0,0,0,0,0,0,0,0,0,83,90,0,83,79
l38,3=0,0,0,0,0,0,0,0,34,0,0,73,23,64,58,53,83,57,0,56,90,72,83,0,4,0,0,0,0,0,0,0,0,0,0,87,92,70,0,89
l39,3=0,0,0,0,0,0,0,0,0,0,0,0,0,0,0,0,81,33,0,0,87,70,85,0,0,0,0,0,0,0,0,0,0,0,0,84,90,76,88,0

l0,4=0,78,77,79,0,93,90,88,0,86,68,0,0,0,0,0,0,0,0,0,0,0,0,0,0,0,0,0,0,0,0,0,0,0,0,0,0,0,0,0
l1,4=74,0,89,73,85,91,94,69,67,84,12,0,0,33,0,0,0,0,0,0,0,0,0,0,0,0,0,0,0,0,0,0,0,0,0,0,0,0,0,0
l2,4=69,92,0,74,84,91,94,85,18,83,89,0,0,69,0,0,0,0,0,0,0,0,0,0,0,0,0,0,0,0,0,0,0,0,0,0,0,0,0,0
l3,4=87,90,86,0,79,86,91,0,64,0,70,0,0,0,0,0,0,0,0,0,0,0,0,0,0,0,0,0,0,0,0,0,0,0,0,0,0,0,0,0
l4,4=0,92,88,59,0,85,80,77,67,75,0,0,0,41,0,0,0,0,0,0,0,0,0,0,0,0,0,0,0,0,0,0,0,0,0,0,0,0,0,0
l5,4=74,88,90,54,79,0,91,88,64,83,81,0,0,68,0,73,0,0,0,0,0,0,0,0,0,0,0,0,0,0,0,0,0,0,0,0,0,0,0,0
l6,4=73,92,90,57,71,87,0,94,75,87,89,72,76,0,0,71,80,0,0,0,0,0,0,0,0,0,0,0,0,0,0,0,0,0,0,0,0,0,0,0
l7,4=72,59,87,0,76,90,94,0,86,93,92,72,8,0,0,76,0,0,0,0,0,0,0,0,0,0,0,0,0,0,0,0,0,0,0,0,0,0,0,0
l8,4=0,66,0,50,71,25,78,81,0,89,77,71,77,85,65,75,80,74,0,0,68,68,63,35,15,0,0,0,0,0,0,0,0,0,0,0,0,0,0,0
l9,4=66,80,75,0,70,76,86,86,88,0,92,74,0,79,1,56,0,74,0,0,79,0,64,0,0,0,0,0,0,0,0,0,0,0,0,0,0,0,0,0
l10,4=61,1,89,48,0,83,94,94,84,93,0,76,76,75,70,77,0,68,0,0,0,0,0,0,0,0,0,0,0,0,0,0,0,0,0,0,0,0,0,0
l11,4=0,0,0,0,0,0,83,74,79,76,80,0,84,79,74,92,82,77,0,0,0,69,65,68,67,32,0,0,0,0,0,0,0,0,0,52,72,0,74,0
l12,4=0,0,0,0,0,0,8,0,81,0,63,81,0,78,84,77,88,94,0,36,45,0,0,69,83,89,0,0,0,0,0,0,6,0,0,0,3,0,76,0
l13,4=0,0,37,0,15,75,0,0,84,80,77,72,78,0,70,76,80,74,0,33,82,67,63,62,70,66,0,0,0,0,0,0,0,0,0,0,0,0,71,0
l14,4=0,0,0,0,0,0,0,0,64,7,78,81,93,73,0,0,86,75,0,0,84,0,0,74,86,86,0,0,0,0,0,8,0,76,38,0,8,0,75,0
l15,4=0,0,0,0,0,65,77,74,79,66,77,96,86,84,0,0,81,74,0,28,82,68,63,65,80,0,0,0,0,0,0,0,0,0,0,0,70,0,73,0
l16,4=0,0,0,0,0,0,75,0,80,0,0,74,87,77,81,74,0,91,64,68,91,82,75,64,74,74,0,0,0,0,0,0,0,56,1,76,65,0,85,78
l17,4=0,0,0,0,0,0,0,0,77,75,58,84,94,82,71,75,95,0,0,0,84,67,60,62,84,62,0,0,0,0,0,0,0,0,0,56,74,0,72,73
l18,4=0,0,0,0,0,0,0,0,0,0,0,0,0,0,0,0,83,0,0,84,38,85,75,0,0,0,0,0,0,0,0,0,0,0,0,0,0,0,0,0
l19,4=0,0,0,0,0,0,0,0,0,0,0,0,62,47,0,0,78,0,76,0,97,93,89,0,0,0,0,0,0,0,0,0,0,0,0,0,71,75,67,80
l20,4=0,0,0,0,0,0,0,0,48,59,0,0,56,68,73,74,89,77,15,88,0,89,85,0,65,0,0,0,41,0,0,0,38,0,0,73,82,78,89,82
l21,4=0,0,0,0,0,0,0,0,76,0,0,65,0,61,2,64,91,68,66,88,95,0,82,0,17,0,0,0,0,0,0,0,13,0,0,13,82,71,84,92
l22,4=0,0,0,0,0,0,0,0,61,71,0,66,0,75,0,54,87,63,72,94,97,89,0,0,0,0,85,0,0,30,1,0,0,36,0,76,78,84,88,80
l23,4=0,0,0,0,0,0,0,0,0,0,2,73,89,75,88,79,70,24,0,0,0,0,0,0,88,95,0,0,0,0,0,0,0,83,84,0,0,0,0,0
l24,4=0,0,0,0,0,0,0,0,54,1,0,68,90,78,88,79,87,83,0,0,84,4,0,92,0,87,0,0,0,0,0,0,0,73,17,0,0,0,40,0
l25,4=0,0,0,0,0,0,0,0,0,0,0,4,94,49,91,0,78,41,0,0,0,0,0,94,88,0,0,0,0,37,0,61,84,95,90,0,0,0,0,0
l26,4=0,0,0,0,0,0,0,0,0,0,0,0,0,0,0,0,0,0,0,0,0,0,78,0,0,0,0,76,100,99,98,100,96,76,97,0,0,0,0,0
l27,4=0,0,0,0,0,0,0,0,0,0,0,0,0,0,0,0,0,0,0,0,0,0,0,0,0,0,99,0,100,99,100,99,86,0,65,0,0,0,0,0
l28,4=0,0,0,0,0,0,0,0,0,0,0,0,0,0,0,0,0,0,0,65,89,0,0,0,0,1,100,100,0,99,96,92,95,93,95,0,0,0,0,0
l29,4=0,0,0,0,0,0,0,0,0,0,0,0,0,0,0,0,0,0,0,3,0,0,41,0,0,81,100,100,100,0,98,89,89,89,90,0,0,0,0,0
l30,4=0,0,0,0,0,0,0,0,0,0,0,0,0,0,0,0,0,0,0,0,0,0,0,0,0,0,100,100,98,99,0,98,91,79,0,0,0,0,0,0
l31,4=0,0,0,0,0,0,0,0,0,0,0,0,0,0,16,0,0,0,0,0,0,0,0,0,0,75,100,75,89,79,91,0,100,100,99,0,0,0,0,0
l32,4=0,0,0,0,0,0,0,0,0,0,0,0,53,0,0,0,0,0,0,0,83,5,0,0,0,96,98,80,97,94,97,100,0,100,99,0,0,0,0,0
l33,4=0,0,0,0,0,0,0,0,0,0,0,0,22,0,35,0,42,0,0,0,0,0,16,79,76,98,58,0,94,65,68,100,99,0,99,0,0,0,0,0
l34,4=0,0,0,0,0,0,0,0,0,0,0,0,0,0,31,0,34,0,0,0,42,0,0,91,51,94,98,36,97,87,0,100,100,100,0,0,0,0,0,0
l35,4=0,0,0,0,0,0,0,0,0,0,0,0,0,0,0,0,73,16,0,0,69,0,63,0,0,0,0,0,0,0,0,0,0,0,0,0,76,87,82,84
l36,4=0,0,0,0,0,0,0,0,0,0,0,54,24,0,0,56,55,72,0,59,86,68,66,0,0,0,0,0,0,0,0,0,0,0,0,82,0,89,80,76
l37,4=0,0,0,0,0,0,0,0,0,0,0,0,0,0,0,0,0,0,0,51,80,60,70,0,0,0,0,0,0,0,0,0,0,0,0,83,77,0,78,71
l38,4=0,0,0,0,0,0,0,0,0,0,0,66,70,47,67,71,84,59,0,57,93,62,75,0,1,0,0,0,0,0,0,0,0,0,0,84,77,81,0,87
l39,4=0,0,0,0,0,0,0,0,0,0,0,0,0,0,0,0,81,61,0,68,83,73,60,0,0,0,0,0,0,0,0,0,0,0,0,82,71,67,84,0

l0,5=0,71,68,86,69,76,80,70,0,74,76,0,0,0,0,0,0,0,0,0,0,0,0,0,0,0,0,0,0,0,0,0,0,0,0,0,0,0,0,0
l1,5=73,0,81,78,83,86,89,68,0,74,60,0,0,0,0,0,0,0,0,0,0,0,0,1,0,0,0,0,0,0,0,0,0,0,0,0,0,0,0,0
l2,5=73,81,0,86,72,82,84,57,0,73,78,0,0,0,0,0,0,0,0,0,0,0,0,0,0,0,0,0,0,0,0,0,0,0,0,0,0,0,0,0
l3,5=86,72,82,0,83,63,79,0,1,50,66,0,0,0,0,0,0,0,0,0,0,0,0,0,0,0,0,0,0,0,0,0,0,0,0,0,0,0,0,0
l4,5=79,81,76,85,0,82,81,33,67,26,29,0,0,23,0,22,0,0,0,0,0,0,0,0,0,0,0,0,0,0,0,0,0,0,0,0,0,0,0,0
l5,5=73,81,73,69,73,0,44,70,58,74,78,46,0,80,0,0,0,0,0,0,0,0,0,18,0,0,0,0,0,0,0,0,0,0,0,0,0,0,0,0
l6,5=74,75,72,76,68,53,0,75,68,74,83,76,0,0,0,1,51,0,0,2,0,0,0,0,0,0,0,0,0,0,0,0,0,0,0,0,0,0,0,0
l7,5=73,71,66,0,66,74,80,0,75,76,87,79,0,0,0,71,0,0,0,0,0,0,0,0,0,0,0,0,0,0,0,0,0,0,0,0,0,0,0,0
l8,5=0,0,0,4,60,25,22,31,0,83,77,80,4,81,13,67,49,21,0,0,2,27,32,21,36,0,0,0,0,0,0,0,0,0,0,0,0,0,0,0
l9,5=45,68,68,62,55,73,79,41,79,0,85,78,4,80,0,70,46,34,0,0,23,0,54,0,29,0,0,0,0,0,0,0,0,0,0,0,0,0,12,0
l10,5=39,37,68,44,56,73,80,73,76,85,0,77,0,31,24,68,1,5,0,0,0,0,0,0,0,0,0,0,0,0,0,0,0,0,0,0,0,0,0,0
l11,5=0,0,0,0,0,10,8,9,35,71,41,0,65,80,69,83,53,25,0,0,14,18,17,23,22,3,0,0,0,0,0,0,0,0,0,0,8,15,40,0
l12,5=0,0,0,0,0,0,0,0,1,2,0,48,0,19,60,31,42,73,0,0,3,0,0,26,40,18,0,0,0,0,0,0,16,18,1,5,5,0,19,0
l13,5=0,0,0,0,14,22,0,0,84,82,13,82,59,0,64,79,52,22,0,8,21,0,27,30,25,7,0,0,0,0,0,0,0,0,0,0,7,0,1,0
l14,5=0,0,0,0,0,0,0,0,4,0,10,55,66,23,0,31,31,9,0,0,21,0,19,55,77,11,0,0,0,0,0,0,0,29,3,0,0,0,22,0
l15,5=0,0,0,0,15,0,0,12,10,21,20,89,63,84,26,0,23,12,0,0,17,21,27,28,45,8,0,0,0,0,0,0,0,0,0,0,8,0,33,17
l16,5=0,0,0,0,0,0,5,0,3,13,0,37,65,19,33,25,0,28,0,13,23,25,29,20,31,6,0,0,0,0,0,0,0,3,0,12,0,4,41,25
l17,5=0,0,0,0,0,0,0,0,7,23,9,79,68,47,38,33,68,0,0,0,27,18,14,19,39,8,0,0,0,0,0,0,0,0,0,6,10,0,0,4
l18,5=0,0,0,0,0,0,0,0,0,0,0,0,0,0,0,0,0,0,0,7,0,67,55,0,0,0,0,0,0,0,0,0,0,0,0,0,0,0,0,0
l19,5=0,0,0,0,0,0,0,0,0,0,0,0,0,9,0,0,20,0,1,0,76,68,74,0,0,0,0,0,14,18,0,6,0,0,0,34,34,12,0,57
l20,5=0,0,0,0,0,0,0,0,0,9,0,1,3,11,14,18,36,19,0,75,0,71,74,0,7,0,2,0,7,0,0,0,10,0,0,18,23,40,59,36
l21,5=0,0,0,0,0,0,0,0,10,3,0,11,4,0,0,37,38,7,14,61,77,0,68,0,15,0,0,0,0,0,0,0,0,0,0,36,19,25,40,59
l22,5=0,0,0,0,0,0,0,0,5,19,0,0,5,15,2,25,31,2,10,79,79,70,0,0,0,0,7,0,0,0,0,0,0,0,0,15,48,35,62,29
l23,5=0,0,0,0,3,0,0,0,4,0,0,11,20,20,27,31,19,5,0,0,0,0,0,0,69,35,0,0,0,0,0,0,0,31,17,0,0,0,0,0
l24,5=0,0,0,0,0,0,0,0,5,15,0,14,40,18,72,39,27,21,0,0,18,19,0,63,0,29,0,0,0,0,0,0,0,29,4,0,6,0,0,0
l25,5=0,0,0,0,0,0,0,0,0,0,0,5,22,9,24,31,22,8,0,0,0,0,0,40,36,0,0,0,0,20,0,0,27,31,16,0,0,0,0,0
l26,5=0,0,0,0,0,0,0,0,0,0,0,0,0,0,0,0,0,0,0,10,24,0,26,0,0,0,0,39,95,87,64,74,59,28,35,0,0,0,0,0
l27,5=0,0,0,0,0,0,0,0,0,0,0,0,0,0,0,0,0,0,0,0,0,0,0,0,0,0,55,0,91,76,92,43,33,0,0,0,0,0,0,0
l28,5=0,0,0,0,0,0,0,0,0,0,0,0,0,0,0,0,0,0,0,18,29,0,0,0,0,0,76,88,0,89,91,48,43,38,35,0,0,0,0,0
l29,5=0,0,0,0,0,0,0,0,0,0,0,0,0,0,0,0,0,0,0,13,0,0,0,0,0,15,76,85,94,0,89,36,34,30,34,0,0,0,0,0
l30,5=0,0,0,0,0,0,0,0,0,0,0,0,0,0,0,0,0,0,0,0,0,0,0,0,0,0,73,88,94,85,0,55,1,44,0,0,0,0,0,0
l31,5=0,0,0,0,0,0,0,0,0,0,0,0,0,0,0,0,4,0,0,13,1,7,0,13,0,0,46,32,29,28,29,0,66,34,49,0,0,0,0,0
l32,5=0,0,0,0,0,0,0,0,0,0,0,0,14,0,0,0,0,0,0,0,28,0,0,0,0,28,49,35,34,35,13,76,0,35,75,0,0,0,0,0
l33,5=0,0,0,0,0,0,0,0,0,0,0,0,18,0,24,0,13,0,0,0,0,0,0,29,23,28,22,0,31,30,33,38,28,0,39,0,0,0,0,0
l34,5=0,0,0,0,0,0,0,0,0,0,0,0,13,0,16,0,0,0,0,0,7,0,0,30,22,26,34,0,29,33,0,75,72,77,0,0,0,0,0,0
l35,5=0,0,0,0,0,0,0,0,0,0,0,0,4,0,0,0,14,0,0,12,24,35,18,0,0,0,0,0,0,0,0,0,0,0,0,0,62,46,37,52
l36,5=0,0,0,0,0,0,0,0,1,0,0,32,11,10,0,34,0,12,0,30,28,36,57,0,2,0,0,0,0,0,0,0,0,0,0,25,0,46,42,62
l37,5=0,0,0,0,0,0,0,0,0,0,0,6,0,0,0,0,2,0,0,4,29,25,47,0,0,0,0,0,0,0,0,0,0,0,0,22,40,0,40,44
l38,5=0,0,0,0,0,0,0,0,0,6,0,49,36,1,30,45,38,0,0,0,43,39,59,0,0,0,0,0,0,0,0,0,0,0,0,22,23,42,0,67
l39,5=0,0,0,0,0,0,0,0,0,0,0,0,0,0,0,4,16,0,0,29,27,41,25,0,0,0,0,0,0,0,0,0,0,0,0,21,41,29,46,0

l0,6=0,90,80,84,71,83,68,17,68,4,70,0,0,0,0,0,0,0,0,0,0,0,0,0,0,0,0,0,0,0,0,0,0,0,0,0,0,0,0,0
l1,6=81,0,87,87,71,80,68,5,50,59,48,0,0,0,0,0,0,0,0,0,0,0,0,11,0,0,0,0,0,0,0,0,0,0,0,0,0,0,0,0
l2,6=80,86,0,87,65,83,68,64,0,65,76,0,0,0,0,0,0,0,0,0,0,0,0,0,0,0,0,0,0,0,0,0,0,0,0,0,0,0,0,0
l3,6=79,90,85,0,71,77,62,0,0,43,35,0,0,0,0,0,0,0,0,0,0,0,0,0,0,0,0,0,0,0,0,0,0,0,0,0,0,0,0,0
l4,6=83,90,88,93,0,82,69,0,42,23,58,0,0,33,0,0,0,0,0,0,0,0,0,3,0,0,0,0,0,0,0,0,0,0,0,0,0,0,0,0
l5,6=78,82,82,81,58,0,66,75,72,62,76,0,0,18,0,0,0,0,0,0,0,0,0,0,0,0,0,0,0,0,0,0,0,0,0,0,0,0,0,0
l6,6=62,82,65,61,46,61,0,74,57,61,77,52,0,1,0,0,35,0,0,0,0,0,0,0,0,0,0,0,0,0,0,0,0,0,0,0,0,0,0,0
l7,6=19,11,71,0,8,80,70,0,70,59,78,57,0,0,0,56,0,0,0,0,0,0,0,0,0,0,0,0,0,0,0,0,0,0,0,0,0,0,0,0
l8,6=17,20,0,0,29,30,28,58,0,64,74,64,17,65,7,40,42,58,0,0,36,23,32,0,10,0,0,0,0,0,0,0,0,0,0,0,0,0,0,0
l9,6=0,62,61,55,22,73,65,64,76,0,77,49,32,59,31,49,38,29,0,0,0,0,24,0,0,0,0,0,0,0,0,0,0,0,0,0,0,0,0,0
l10,6=34,30,61,45,30,63,65,78,71,66,0,55,0,31,0,40,43,0,0,0,0,0,0,0,0,0,0,0,0,0,0,0,0,0,0,0,0,0,0,0
l11,6=0,0,0,0,0,0,8,24,54,20,33,0,38,29,32,65,41,38,0,0,1,0,0,0,22,9,0,0,0,0,0,0,0,0,0,0,4,4,18,0
l12,6=0,0,0,0,0,0,0,0,16,15,0,63,0,6,55,33,54,60,0,0,0,11,5,19,64,51,0,0,0,0,0,0,0,15,0,0,0,0,14,0
l13,6=0,0,0,0,14,1,0,0,70,58,28,61,14,0,27,58,19,56,0,11,12,0,15,0,32,3,0,0,0,0,0,0,0,0,0,11,10,0,15,0
l14,6=0,0,0,0,0,0,0,0,14,17,0,28,41,12,0,18,20,34,0,0,18,0,12,28,34,34,0,0,0,0,0,0,0,19,0,0,0,0,13,0
l15,6=0,0,0,0,0,0,0,31,27,34,25,71,28,36,23,0,37,58,0,0,4,22,13,20,36,8,0,0,0,0,0,0,0,0,0,0,11,0,19,0
l16,6=0,0,0,0,0,0,8,0,16,12,15,42,23,6,16,18,0,59,12,9,15,18,17,0,21,6,0,0,0,0,0,0,0,0,0,11,11,0,20,15
l17,6=0,0,0,0,0,0,0,0,22,13,0,46,23,21,34,43,50,0,0,0,31,16,2,0,28,10,0,0,0,0,0,0,0,6,0,4,6,0,18,0
l18,6=0,0,0,0,0,0,0,0,0,0,0,0,0,0,0,0,24,0,0,27,2,34,0,0,0,0,0,0,0,0,0,0,0,0,0,0,0,0,0,0
l19,6=0,0,0,0,0,0,0,0,0,0,0,0,0,10,0,0,12,0,14,0,56,44,59,0,0,0,0,0,0,15,0,10,0,0,0,13,19,0,2,33
l20,6=0,0,0,0,0,0,0,0,16,0,0,0,0,2,6,0,11,41,0,62,0,61,62,0,0,0,0,0,0,0,0,5,0,4,0,37,52,4,46,17
l21,6=0,0,0,0,0,0,0,0,17,1,0,0,4,0,0,15,29,29,15,36,56,0,50,0,0,0,0,0,0,0,0,0,0,0,0,37,30,0,36,43
l22,6=0,0,0,0,0,0,0,0,20,10,0,0,1,5,8,14,28,0,0,63,63,51,0,0,0,0,12,0,0,0,0,0,0,0,0,0,53,38,44,43
l23,6=0,5,0,0,1,0,0,0,0,0,0,0,17,0,33,19,12,0,0,0,0,0,0,0,61,44,0,0,0,0,0,5,0,23,12,0,0,0,0,0
l24,6=0,0,0,0,0,0,0,0,12,0,0,18,49,17,37,20,21,29,0,0,1,0,0,48,0,24,0,0,0,0,0,0,0,23,6,0,0,0,0,0
l25,6=0,0,0,0,0,0,0,0,0,0,0,12,38,0,29,13,18,25,0,0,0,0,0,30,26,0,0,0,0,3,0,0,8,23,0,0,0,0,0,0
l26,6=0,0,0,0,0,0,0,0,0,0,0,0,0,0,0,0,0,0,0,5,9,0,19,0,0,0,0,50,77,68,58,52,66,17,20,0,0,0,0,0
l27,6=0,0,0,0,0,0,0,0,0,0,0,0,0,0,0,0,0,0,0,0,0,0,0,0,0,0,49,0,73,68,89,21,24,0,0,0,0,0,0,0
l28,6=0,0,0,0,0,0,0,0,0,0,0,0,0,0,0,0,0,0,0,9,16,5,0,0,0,0,59,80,0,72,83,41,39,48,33,0,0,0,0,0
l29,6=0,0,0,0,0,0,0,0,0,0,0,0,0,0,0,0,0,0,0,14,0,0,0,0,0,0,53,81,77,0,19,11,20,18,8,0,0,0,0,0
l30,6=0,0,0,0,0,0,0,0,0,0,0,0,0,0,0,0,0,0,0,0,0,0,0,0,0,0,52,87,74,23,0,17,0,0,11,0,0,0,0,0
l31,6=0,0,0,0,0,0,0,0,0,0,0,0,0,0,0,0,0,0,0,10,18,0,0,9,0,0,48,17,31,13,16,0,63,42,46,0,0,0,0,0
l32,6=0,0,0,0,0,0,0,0,0,0,0,0,0,0,0,0,0,0,0,0,0,0,0,0,0,19,23,17,22,21,3,56,0,37,69,0,0,0,0,0
l33,6=0,0,0,0,0,0,0,0,0,0,0,0,17,0,27,0,0,12,0,0,18,0,0,19,23,22,18,0,22,21,14,28,39,0,23,0,0,0,0,0
l34,6=0,0,0,0,0,0,0,0,0,0,0,0,3,0,3,0,0,0,0,0,0,0,0,17,19,11,15,0,20,13,16,45,71,51,0,0,0,0,0,0
l35,6=0,0,0,0,0,0,0,0,0,0,0,0,0,4,0,0,8,0,0,4,46,40,0,0,0,0,0,0,0,0,0,0,0,0,0,0,32,31,36,45
l36,6=0,0,0,0,0,0,0,0,0,0,0,0,0,7,0,4,27,12,0,8,51,21,37,0,0,0,0,0,0,0,0,0,0,0,0,29,0,32,43,48
l37,6=0,0,0,0,0,0,0,0,0,0,0,0,0,0,0,0,6,0,0,0,7,0,28,0,0,0,0,0,0,0,0,0,0,0,0,40,60,0,33,40
l38,6=0,0,0,0,0,0,0,0,0,0,0,32,7,18,8,23,30,37,0,0,49,41,40,0,0,0,0,0,0,0,0,0,0,0,0,28,38,29,0,48
l39,6=0,0,0,0,0,0,0,0,0,0,0,0,0,0,0,0,20,0,0,32,43,40,34,0,0,0,0,0,0,0,0,0,0,0,0,35,54,50,40,0

l0,7=0,90,91,91,78,85,89,0,85,78,84,0,0,0,0,0,0,0,0,0,0,0,0,0,0,0,0,0,0,0,0,0,0,0,0,0,0,0,0,0
l1,7=84,0,95,91,77,83,87,68,53,73,69,0,3,0,0,0,0,0,0,0,0,0,0,0,0,0,0,0,0,0,0,0,0,0,0,0,0,0,0,0
l2,7=83,88,0,91,77,82,87,56,72,80,0,0,0,0,0,2,0,0,0,0,0,0,0,0,0,0,0,0,0,0,0,0,0,0,0,0,0,0,0,0
l3,7=83,86,93,0,82,58,64,49,79,68,73,0,0,0,0,0,0,0,0,0,0,0,0,0,0,0,0,0,0,0,0,0,0,0,0,0,0,0,0,0
l4,7=83,86,93,93,0,83,89,23,78,30,85,0,0,47,0,0,0,0,0,0,0,0,0,0,0,0,0,0,0,0,0,0,0,0,0,0,0,0,0,0
l5,7=83,80,85,76,77,0,87,76,83,79,87,0,0,0,0,9,0,0,0,0,0,0,0,0,0,0,0,0,0,0,0,0,0,0,0,0,0,0,0,0
l6,7=72,87,94,67,77,81,0,77,0,81,88,17,0,45,0,0,8,0,0,0,0,0,0,0,0,0,0,0,0,0,0,0,0,0,0,0,0,0,0,0
l7,7=0,42,57,66,48,80,88,0,81,81,88,1,4,63,0,36,0,2,0,0,0,0,0,0,0,0,0,0,0,0,0,0,0,0,0,0,0,0,0,0
l8,7=24,4,45,60,54,22,0,46,0,81,73,40,23,72,51,42,24,28,0,0,0,0,26,0,0,0,0,0,0,0,0,0,0,0,0,0,0,0,0,0
l9,7=15,13,63,42,27,71,87,74,89,0,92,41,17,71,16,63,0,2,0,0,8,7,6,2,21,0,0,0,0,0,0,0,0,0,0,0,0,0,11,0
l10,7=64,21,0,64,58,79,80,77,88,83,0,57,0,0,0,51,26,1,0,0,0,0,0,0,0,0,0,0,0,0,0,0,0,0,0,0,0,0,0,0
l11,7=0,0,0,0,0,0,6,0,65,48,11,0,47,59,28,79,26,13,0,0,9,0,7,15,23,18,0,0,0,0,0,0,0,0,0,8,5,0,16,1
l12,7=0,0,0,0,0,0,0,0,13,15,0,46,0,16,54,45,35,23,0,1,9,5,0,44,72,67,0,0,0,0,0,0,0,18,0,0,0,0,5,0
l13,7=0,0,0,3,21,0,6,13,89,79,0,24,10,0,54,44,6,27,0,0,8,0,4,8,28,24,0,0,0,0,0,0,0,0,0,16,2,0,9,0
l14,7=0,0,0,0,0,0,0,0,16,17,0,8,28,24,0,15,12,19,0,0,9,15,7,37,34,29,0,0,0,0,0,0,0,13,0,0,0,0,6,0
l15,7=0,0,0,0,0,0,0,18,56,58,23,74,49,67,39,0,23,24,0,0,11,34,12,40,18,24,0,0,0,0,0,0,0,0,0,0,13,0,30,0
l16,7=0,0,0,0,0,0,4,0,15,0,4,10,30,18,27,12,0,24,11,0,16,23,14,21,23,11,0,0,0,0,0,2,0,10,0,22,11,1,21,0
l17,7=0,0,0,0,0,0,0,0,16,12,0,9,26,35,50,15,30,0,0,1,14,19,0,19,50,0,0,0,0,0,0,0,0,11,0,0,11,0,9,0
l18,7=0,0,0,0,0,0,0,0,0,0,0,0,0,0,0,0,30,0,0,37,34,23,0,0,0,0,0,0,0,0,0,0,0,0,0,0,0,0,0,0
l19,7=0,0,0,0,0,0,0,0,0,0,0,0,5,0,0,0,0,0,16,0,55,31,58,0,0,0,0,0,6,4,0,12,0,0,0,17,0,0,11,29
l20,7=0,0,0,0,0,0,0,0,0,11,0,2,5,11,9,7,20,14,9,62,0,65,71,0,0,0,7,0,2,0,0,0,0,4,0,56,45,10,40,42
l21,7=0,0,0,0,0,0,0,0,0,12,0,0,6,5,10,12,26,9,11,34,59,0,59,0,0,0,0,0,1,0,0,0,0,0,0,56,15,19,36,45
l22,7=0,0,0,0,0,0,0,0,14,17,0,4,0,16,9,7,21,0,0,61,63,60,0,0,0,0,14,0,0,3,0,0,0,0,0,0,41,32,41,42
l23,7=0,0,0,0,0,0,0,0,0,0,0,2,26,14,48,20,14,7,0,0,0,0,0,0,72,70,0,0,0,0,0,0,0,17,17,0,0,0,0,0
l24,7=0,0,0,0,0,0,0,0,0,19,0,8,71,17,31,7,14,19,0,0,0,0,0,62,0,35,0,0,0,0,0,0,0,18,12,0,0,0,0,0
l25,7=0,0,0,0,0,0,0,0,0,5,0,4,46,19,35,9,2,0,0,0,0,0,0,45,42,0,0,0,0,2,0,0,12,23,0,0,0,0,4,0
l26,7=0,0,0,0,0,0,0,0,0,0,0,0,0,0,0,0,0,0,0,0,16,0,12,0,0,0,0,34,74,80,44,68,54,22,28,0,0,0,0,0
l27,7=0,0,0,0,0,0,0,0,0,0,0,0,0,0,0,0,0,0,0,0,0,0,0,0,0,0,69,0,69,80,88,10,18,0,0,0,0,0,0,0
l28,7=0,0,0,0,0,0,0,0,0,0,0,0,0,0,0,0,0,0,0,22,18,11,0,0,0,0,79,85,0,84,90,55,17,42,22,0,0,0,0,0
l29,7=0,0,0,0,0,0,0,0,0,0,0,0,0,0,0,0,0,0,0,21,0,0,14,0,0,15,74,82,74,0,88,22,21,20,1,0,0,0,0,0
l30,7=0,0,0,0,0,0,0,0,0,0,0,0,0,0,0,0,0,0,0,0,0,0,0,0,0,0,58,82,69,80,0,28,18,4,23,0,0,0,0,0
l31,7=0,0,0,0,0,0,0,0,0,0,0,0,0,0,0,0,5,0,0,25,0,0,0,6,1,0,66,7,24,18,23,0,52,61,58,0,0,0,0,0
l32,7=0,0,0,0,0,0,0,0,0,0,0,0,0,0,0,0,3,0,0,0,0,0,1,0,0,24,40,25,20,18,23,58,0,48,65,0,0,0,0,0
l33,7=0,0,0,0,0,0,0,0,0,0,0,0,19,0,24,0,14,26,0,0,12,0,0,25,33,27,26,0,22,16,17,29,27,0,21,0,0,0,0,0
l34,7=0,0,0,0,0,0,0,0,0,0,0,0,14,0,0,0,8,0,0,0,0,0,2,29,26,0,27,3,18,8,21,34,60,24,0,0,0,0,0,0
l35,7=0,0,0,0,0,0,0,0,0,0,0,0,0,8,0,0,17,0,0,4,27,40,0,0,0,0,0,0,0,0,0,0,0,0,0,0,42,44,35,46
l36,7=0,0,0,0,0,0,0,0,0,0,0,0,0,0,0,16,20,5,0,0,28,21,35,0,0,0,0,0,0,0,0,0,0,0,0,60,0,30,37,48
l37,7=0,0,0,0,0,0,0,0,0,0,0,0,0,0,0,0,3,0,0,0,15,31,26,0,0,0,0,0,0,0,0,0,0,0,0,68,29,0,24,24
l38,7=0,0,0,0,0,0,0,0,0,15,0,11,8,23,6,26,20,16,0,0,26,40,32,0,0,12,0,0,0,0,0,0,0,0,0,57,56,17,0,25
l39,7=0,0,0,0,0,0,0,0,0,0,0,0,0,0,0,0,0,0,0,29,29,41,30,0,0,0,0,0,0,0,0,0,0,0,0,64,45,20,26,0

l0,8=0,100,100,98,100,100,98,62,43,99,99,0,0,42,0,0,0,0,0,0,0,0,0,0,0,0,0,0,0,0,0,0,0,0,0,0,0,0,0,0
l1,8=99,0,100,97,100,100,95,98,91,87,98,0,0,0,0,0,0,0,0,0,0,0,0,0,0,0,0,0,0,0,0,0,0,0,0,0,0,0,0,0
l2,8=99,100,0,97,95,100,99,98,0,92,97,0,0,18,0,39,0,0,0,0,0,0,0,0,0,0,0,0,0,0,0,0,0,0,0,0,0,0,0,0
l3,8=99,100,100,0,100,97,87,82,0,0,81,0,0,0,0,0,0,0,0,0,0,0,0,0,0,0,0,0,0,0,0,0,0,0,0,0,0,0,0,0
l4,8=99,100,89,97,0,100,99,83,99,45,98,2,0,46,0,0,0,0,0,0,0,0,0,0,0,0,0,0,0,0,0,0,0,0,0,0,0,0,0,0
l5,8=99,99,100,94,97,0,99,98,97,94,99,53,9,34,0,0,0,0,0,0,0,0,0,0,0,0,0,0,0,0,0,0,0,0,0,0,0,0,0,0
l6,8=94,57,95,89,96,94,0,93,84,94,94,7,0,52,0,0,38,0,0,0,0,0,0,0,0,0,0,0,0,0,0,0,0,0,0,0,0,0,0,0
l7,8=74,96,94,90,94,94,95,0,95,99,99,18,0,96,0,0,2,30,0,0,0,0,0,0,0,0,0,0,0,0,0,0,0,0,0,0,0,0,0,0
l8,8=8,41,0,1,95,80,45,80,0,99,94,95,0,97,86,90,0,55,0,36,0,0,79,0,0,0,0,0,0,0,0,0,0,0,0,0,0,0,0,0
l9,8=90,6,23,0,38,65,95,93,96,0,99,94,40,97,44,89,39,36,0,0,0,38,4,68,42,0,0,0,0,0,0,0,0,0,0,0,0,0,46,0
l10,8=92,94,90,76,94,94,93,93,95,99,0,93,10,96,0,88,17,0,0,0,0,0,0,0,0,0,0,0,0,0,0,0,0,0,0,0,0,0,0,0
l11,8=0,0,0,0,6,9,0,0,91,93,57,0,94,40,71,96,56,55,0,0,22,21,12,44,51,21,0,0,0,0,0,0,0,0,0,6,11,0,27,0
l12,8=0,0,0,0,0,0,0,0,0,23,0,80,0,0,91,96,60,34,0,0,21,0,0,85,93,68,0,0,0,0,0,0,0,29,0,3,4,0,24,0
l13,8=9,0,0,0,34,2,4,55,100,99,84,47,0,0,84,93,14,36,0,0,33,34,0,68,47,36,0,0,0,0,0,0,0,0,0,10,0,0,67,0
l14,8=0,0,0,0,0,0,0,0,45,28,0,25,95,40,0,46,29,37,0,0,32,35,21,69,87,22,0,0,0,0,0,0,0,0,0,0,11,0,15,0
l15,8=0,0,0,0,0,0,0,0,84,88,81,98,58,74,83,0,38,54,0,0,81,63,43,75,46,9,0,0,0,0,0,0,0,0,0,0,18,0,70,0
l16,8=0,0,0,0,0,0,2,0,0,19,5,60,58,13,33,29,0,25,7,37,87,34,65,35,54,5,0,0,0,0,0,12,1,20,9,9,14,22,22,26
l17,8=0,0,0,0,0,0,0,1,42,26,1,58,49,28,88,93,24,0,0,33,61,22,13,39,35,0,0,0,0,0,0,0,0,30,0,0,4,0,29,20
l18,8=0,0,0,0,0,0,0,0,0,0,0,0,0,0,0,0,73,0,0,75,86,64,0,0,0,0,0,0,0,0,0,0,0,0,0,0,0,0,0,0
l19,8=0,0,0,0,0,0,0,0,13,0,0,0,0,0,0,0,70,35,28,0,91,70,88,0,0,0,21,0,30,0,0,58,0,0,0,3,55,0,0,74
l20,8=0,0,0,0,0,0,0,0,0,0,0,0,9,18,15,22,41,33,13,90,0,89,95,0,2,0,0,0,2,0,0,0,0,0,0,28,40,51,74,65
l21,8=0,0,0,0,0,0,0,0,0,18,0,18,7,32,35,45,42,12,6,60,94,0,95,0,0,0,0,0,0,0,0,1,0,0,0,30,33,56,78,74
l22,8=0,0,0,0,0,0,0,0,39,9,0,18,0,0,19,42,71,17,0,83,94,86,0,0,0,0,0,0,0,22,0,0,0,0,0,64,71,48,77,65
l23,8=0,0,0,0,0,0,0,0,0,29,0,23,70,40,46,41,27,27,0,0,0,0,0,0,92,76,0,0,0,0,0,0,34,42,38,0,0,0,0,0
l24,8=0,0,0,1,0,0,0,0,0,30,0,27,95,37,80,39,56,31,0,0,22,0,0,86,0,48,0,0,0,0,0,3,0,0,5,0,0,0,0,0
l25,8=0,0,0,0,0,0,0,0,0,0,0,22,94,37,39,29,26,0,0,0,0,0,0,86,60,0,0,0,0,26,0,25,34,40,28,0,0,0,10,0
l26,8=0,0,0,0,0,0,0,0,0,0,0,0,0,0,0,0,0,0,0,40,27,0,0,0,0,0,0,46,84,93,49,79,76,44,41,0,0,0,0,0
l27,8=0,0,0,0,0,0,0,0,0,0,0,0,0,0,0,0,0,0,0,0,0,0,0,0,0,0,82,0,84,93,92,0,44,0,37,0,0,0,0,0
l28,8=0,0,0,0,0,0,0,0,0,0,0,0,0,0,0,0,0,0,0,41,34,0,0,0,0,0,83,92,0,94,92,79,33,47,42,0,0,0,0,0
l29,8=0,0,0,0,0,0,0,0,0,0,0,0,0,0,0,0,0,0,0,0,0,0,22,0,0,25,83,92,85,0,92,78,32,39,37,0,0,0,0,0
l30,8=0,0,0,0,0,0,0,0,0,0,0,0,0,0,0,0,0,0,0,0,0,0,0,0,0,0,73,92,84,93,0,35,67,42,0,0,0,0,0,0
l31,8=0,0,0,0,0,0,0,0,0,0,0,0,0,0,0,0,33,0,0,38,0,1,0,10,22,16,72,0,44,46,31,0,74,72,65,0,0,0,0,0
l32,8=0,0,0,0,0,0,0,0,0,0,0,0,0,0,0,0,15,0,0,0,0,0,0,42,0,28,53,36,27,37,38,63,0,74,71,0,0,0,0,0
l33,8=0,0,0,0,0,0,0,0,0,0,0,0,47,0,0,0,40,45,0,0,7,0,0,40,0,30,37,0,34,37,35,47,54,0,38,0,0,0,0,0
l34,8=0,0,0,0,0,0,0,0,0,0,0,0,20,0,0,0,37,0,0,0,1,0,0,45,21,25,36,37,31,38,0,54,83,44,0,0,0,0,0,0
l35,8=0,0,0,0,0,0,0,0,0,0,0,5,10,7,0,0,21,0,0,0,43,39,40,0,0,0,0,0,0,0,0,0,0,0,0,0,63,43,72,76
l36,8=0,0,0,0,0,0,0,0,0,0,0,6,2,0,12,23,25,4,0,31,60,28,67,0,0,0,0,0,0,0,0,0,0,0,0,47,0,39,75,61
l37,8=0,0,0,0,0,0,0,0,0,0,0,0,0,0,0,0,25,0,0,0,50,41,33,0,0,0,0,0,0,0,0,0,0,0,0,31,30,0,59,65
l38,8=0,0,0,0,0,0,0,0,0,14,0,10,21,32,0,46,25,13,0,0,79,65,65,0,0,0,0,0,0,0,0,0,0,0,0,46,60,51,0,51
l39,8=0,0,0,0,0,0,0,0,0,0,0,0,0,0,0,0,34,0,0,59,69,68,63,0,0,0,0,0,0,0,0,0,0,0,0,74,59,55,63,0

l0,9=0,100,100,100,99,100,99,97,0,100,99,0,0,4,0,0,0,0,0,0,0,0,0,0,0,0,0,0,0,0,0,0,0,0,0,0,0,0,0,0
l1,9=100,0,100,100,100,100,99,99,100,100,100,0,0,0,0,0,0,0,0,0,0,0,0,57,0,0,0,0,0,0,0,0,0,0,0,0,0,0,0,0
l2,9=100,100,0,100,99,100,99,61,0,61,78,0,30,0,0,0,0,0,0,0,0,0,0,0,0,0,0,0,0,0,0,0,0,0,0,0,0,0,0,0
l3,9=100,99,100,0,100,100,95,97,0,78,92,0,0,0,0,0,0,0,0,0,0,0,0,0,0,0,0,0,0,0,0,0,0,0,0,0,0,0,0,0
l4,9=100,100,100,100,0,99,97,98,100,95,100,0,0,0,0,0,0,0,0,0,0,0,0,0,0,0,0,0,0,0,0,0,0,0,0,0,0,0,0,0
l5,9=100,100,100,100,99,0,99,77,99,100,100,0,0,92,0,0,0,0,0,0,0,0,0,0,0,0,0,0,0,0,0,0,0,0,0,0,0,0,0,0
l6,9=66,98,100,95,90,95,0,99,77,98,100,0,0,66,0,5,46,0,0,0,0,0,0,0,0,0,0,0,0,0,0,0,0,0,0,0,0,0,0,0
l7,9=93,98,88,98,99,85,99,0,100,100,100,28,26,100,0,81,0,0,0,0,0,0,0,0,0,0,0,0,0,0,0,0,0,0,0,0,0,0,0,0
l8,9=0,96,0,0,96,95,58,96,0,100,78,96,6,99,46,91,50,37,0,51,0,0,26,0,0,0,0,0,0,0,0,0,0,0,0,0,0,0,0,0
l9,9=73,99,87,83,87,95,98,99,100,0,100,69,27,100,93,99,58,0,0,0,0,0,0,31,0,0,0,0,0,0,0,0,0,0,0,0,0,0,0,0
l10,9=97,100,95,98,98,100,99,99,99,100,0,31,65,99,0,99,66,63,0,0,1,0,0,51,0,0,0,0,0,0,0,0,0,0,0,0,0,0,0,0
l11,9=0,0,0,0,0,0,0,19,59,56,62,0,95,56,96,100,56,39,0,0,86,52,23,31,96,88,0,0,0,0,0,0,0,0,0,0,66,16,89,0
l12,9=0,0,0,0,0,0,0,0,0,40,25,66,0,55,99,98,65,63,0,0,91,0,7,61,99,98,0,0,0,0,0,0,0,0,0,0,73,0,90,0
l13,9=0,0,0,0,0,80,57,60,100,100,76,65,34,0,80,99,56,1,0,16,91,58,0,30,96,81,0,0,0,0,0,0,0,0,0,0,72,0,89,0
l14,9=0,0,0,0,0,0,0,0,9,60,0,64,99,55,0,99,56,65,0,0,88,35,19,86,100,0,0,0,0,0,0,0,0,0,0,0,61,0,0,0
l15,9=0,0,0,0,0,0,1,9,54,61,78,99,57,56,98,0,56,55,0,0,83,59,23,29,98,0,0,0,0,0,0,0,0,0,0,0,78,66,95,0
l16,9=0,0,0,0,0,0,20,0,43,54,54,37,34,56,80,97,0,39,25,96,96,15,26,31,98,75,0,0,0,0,0,3,0,28,91,0,67,77,93,84
l17,9=0,0,0,0,0,0,0,0,52,0,66,38,35,27,99,100,59,0,0,93,78,54,27,0,86,0,0,0,0,0,0,0,0,83,0,0,75,3,0,79
l18,9=0,0,0,0,0,0,0,0,0,1,0,0,0,0,0,0,62,0,0,0,89,68,0,0,0,0,0,0,0,0,0,0,0,0,0,0,1,0,0,0
l19,9=0,0,0,0,0,0,0,0,7,0,0,0,0,6,0,0,69,57,0,0,91,86,81,0,0,0,77,0,35,0,0,24,0,0,0,0,74,58,0,82
l20,9=0,0,0,0,0,0,0,0,0,0,0,28,30,42,47,56,60,24,17,96,0,94,87,0,3,0,51,0,0,0,0,0,0,0,62,84,83,80,83,85
l21,9=0,0,0,0,0,0,0,0,0,0,0,23,17,46,40,70,21,30,23,93,97,0,87,0,0,0,0,0,0,0,0,0,0,2,0,86,8,71,92,83
l22,9=0,0,0,0,0,0,0,0,50,10,0,21,21,0,40,68,57,51,0,88,97,89,0,0,0,0,69,0,0,39,0,18,0,0,0,83,81,76,81,74
l23,9=0,0,0,0,0,0,0,0,0,45,27,36,99,48,100,95,56,0,0,0,0,0,0,0,100,100,0,0,0,0,0,0,77,99,98,0,0,0,0,0
l24,9=0,0,0,0,0,0,0,0,0,0,0,37,99,56,100,98,98,37,0,0,20,0,0,100,0,100,0,0,0,0,0,0,0,96,0,0,69,0,0,0
l25,9=0,0,0,0,0,0,0,0,0,0,0,28,99,48,0,0,31,0,0,0,0,0,0,100,100,0,7,0,0,0,0,0,59,99,82,0,0,0,49,0
l26,9=0,0,0,0,0,0,0,0,0,0,0,0,0,0,0,0,0,0,0,92,86,0,76,0,0,0,0,89,98,99,98,96,99,85,84,0,0,0,0,0
l27,9=0,0,0,0,0,0,0,0,0,0,0,0,0,0,0,0,0,0,0,0,0,0,0,0,0,0,97,0,98,99,100,88,79,0,0,0,0,0,0,0
l28,9=0,0,0,0,0,0,0,0,0,0,0,0,0,0,0,0,0,0,0,88,0,0,0,0,0,0,100,100,0,99,100,83,0,82,1,0,0,0,0,0
l29,9=0,0,0,0,0,0,0,0,0,0,0,0,0,0,0,0,0,0,0,0,22,0,70,0,0,0,100,100,98,0,100,93,19,84,80,0,0,0,0,0
l30,9=0,0,0,0,0,0,0,0,0,0,0,0,0,0,0,0,0,0,0,0,0,0,0,0,0,0,99,100,98,99,0,90,91,81,83,0,0,0,0,0
l31,9=0,0,0,0,0,0,0,0,0,0,0,0,0,0,0,0,2,0,0,83,0,0,26,0,0,0,98,70,92,96,93,0,99,100,100,0,0,0,0,0
l32,9=0,0,0,0,0,0,0,0,0,0,0,0,3,0,0,0,0,0,0,0,0,0,0,62,0,61,100,37,0,28,98,98,0,100,100,0,0,0,0,0
l33,9=0,0,0,0,0,0,0,0,0,0,0,0,6,0,0,0,39,64,0,0,0,0,0,93,89,96,81,0,95,54,58,98,100,0,100,0,0,0,0,0
l34,9=0,0,0,0,0,0,0,0,0,0,0,0,13,0,0,0,67,0,0,0,76,0,0,95,0,84,95,0,0,89,92,98,100,100,0,0,0,0,0,0
l35,9=0,0,0,0,0,0,0,0,0,0,0,0,0,0,0,0,0,0,0,0,65,50,21,0,0,0,0,0,0,0,0,0,0,0,0,0,80,75,85,73
l36,9=0,0,0,0,0,0,0,0,0,0,0,11,9,11,24,48,15,8,0,57,85,0,23,0,44,0,0,0,0,0,0,0,0,0,0,90,0,81,84,78
l37,9=0,0,0,0,0,0,0,0,0,0,0,0,0,0,0,10,22,0,0,39,79,32,21,0,0,0,0,0,0,0,0,0,0,0,0,85,80,0,83,73
l38,9=0,0,0,0,0,0,0,0,0,0,0,25,24,37,0,60,47,0,0,0,90,58,26,0,0,28,0,0,0,0,0,0,0,0,0,88,79,80,0,77
l39,9=0,0,0,0,0,0,0,0,0,0,0,0,0,0,0,0,42,29,0,81,86,55,0,0,0,0,0,0,0,0,0,0,0,0,0,83,76,77,80,0

l0,10=0,94,87,87,90,80,0,75,0,76,78,0,0,0,0,0,0,0,0,0,0,0,0,0,0,0,0,0,0,0,0,0,0,0,0,0,0,0,0,0
l1,10=92,0,87,87,83,90,87,73,51,64,65,0,0,0,0,0,0,0,0,0,0,0,0,0,0,0,0,0,0,0,0,0,0,0,0,0,0,0,0,0
l2,10=92,92,0,89,86,90,84,81,16,84,83,0,10,0,0,0,0,0,0,0,0,0,0,0,0,0,0,0,0,0,0,0,0,0,0,0,0,0,0,0
l3,10=96,94,82,0,94,89,69,66,0,67,59,0,0,0,0,0,0,0,0,0,0,0,0,0,0,0,0,0,0,0,0,0,0,0,0,0,0,0,0,0
l4,10=92,90,79,88,0,90,74,83,69,64,89,0,0,0,0,0,0,0,0,0,0,0,0,0,0,0,0,0,0,0,0,0,0,0,0,0,0,0,0,0
l5,10=86,93,87,82,90,0,84,86,70,81,88,0,0,77,0,0,0,0,0,0,0,0,0,0,0,0,0,0,0,0,0,0,0,0,0,0,0,0,0,0
l6,10=0,83,83,65,70,86,0,86,65,80,79,0,0,54,0,18,2,0,0,0,0,0,0,0,0,0,0,0,0,0,0,0,0,0,0,0,0,0,0,0
l7,10=77,65,59,66,77,86,84,0,78,88,90,39,37,79,12,2,0,0,0,0,0,0,0,0,0,0,0,0,0,0,0,0,0,0,0,0,0,0,0,0
l8,10=0,25,0,3,66,60,71,83,0,93,69,82,12,85,6,72,30,46,0,25,1,0,42,48,9,0,0,0,0,0,0,0,0,0,0,0,0,0,0,0
l9,10=67,53,63,51,33,34,84,86,81,0,90,80,60,83,34,60,0,2,0,0,0,0,0,12,13,0,0,0,0,0,0,0,0,0,0,0,0,0,0,0
l10,10=69,62,53,56,80,68,73,86,58,88,0,62,0,71,0,68,0,28,0,0,0,0,0,10,0,0,0,0,0,0,0,0,0,0,0,0,0,0,0,0
l11,10=0,0,0,0,0,0,0,45,73,76,53,0,81,86,69,89,47,79,0,0,56,55,2,46,47,73,0,0,0,0,0,0,0,0,0,38,33,0,63,0
l12,10=0,0,0,0,0,0,0,0,35,69,0,91,0,74,96,89,88,96,0,0,70,58,0,68,95,99,0,0,0,0,0,0,0,19,0,2,0,0,70,0
l13,10=0,0,0,0,0,33,37,72,83,84,73,88,72,0,28,83,66,28,0,7,56,46,0,32,48,41,0,0,0,0,0,0,0,0,0,0,0,0,50,0
l14,10=0,0,0,0,0,0,0,0,6,71,0,88,94,40,0,61,85,62,0,0,57,53,35,54,94,90,0,0,0,0,0,0,0,46,0,0,43,0,72,0
l15,10=0,0,0,0,0,0,2,0,72,76,79,92,94,88,67,0,73,80,0,36,59,6,38,0,45,61,0,0,0,0,0,0,0,0,0,0,1,0,70,0
l16,10=0,0,0,0,0,0,12,0,31,0,0,52,89,42,56,51,0,52,15,34,78,64,35,31,56,4,0,0,0,0,0,0,0,0,27,0,40,32,84,41
l17,10=0,0,0,0,0,0,0,0,19,1,51,92,98,58,78,69,89,0,0,39,70,71,53,6,53,52,0,0,0,0,0,0,0,23,0,0,35,0,49,39
l18,10=0,0,0,0,0,0,0,0,0,0,0,0,0,0,0,0,58,0,0,63,76,75,0,0,0,0,0,0,0,0,0,0,0,0,0,0,0,0,0,0
l19,10=0,0,0,0,0,0,0,0,0,0,0,0,0,0,0,37,62,34,40,0,81,66,66,0,0,0,65,0,0,0,0,52,9,0,0,10,0,38,0,52
l20,10=0,0,0,0,0,0,0,0,0,0,0,36,63,51,19,24,73,29,37,77,0,85,88,0,0,0,0,0,0,0,0,0,38,0,0,66,53,40,68,67
l21,10=0,0,0,0,0,0,0,0,0,44,0,56,66,58,39,2,74,40,43,54,88,0,85,0,0,0,6,0,0,0,0,0,0,11,0,57,41,36,74,67
l22,10=0,0,0,0,0,0,0,0,42,4,0,5,0,0,13,39,60,38,0,72,88,77,0,0,0,0,57,0,0,25,0,55,0,0,0,70,58,38,76,57
l23,10=0,0,0,0,0,0,0,0,65,16,0,82,98,76,90,0,78,4,0,0,0,0,0,0,98,100,0,0,0,0,0,21,77,55,6,0,0,0,0,0
l24,10=0,0,0,0,0,0,0,0,3,45,0,88,98,80,98,60,91,52,0,0,0,0,0,100,0,95,0,0,0,0,0,0,0,47,42,0,0,0,33,0
l25,10=0,0,0,0,0,0,0,0,0,0,0,86,98,49,95,47,3,37,0,0,0,0,0,100,97,0,26,0,0,0,0,26,41,98,57,0,0,0,63,0
l26,10=0,0,0,0,0,0,0,0,0,0,0,0,0,0,0,0,0,0,0,62,0,0,50,0,0,15,0,78,96,99,98,99,100,67,79,0,0,0,0,0
l27,10=0,0,0,0,0,0,0,0,0,0,0,0,0,0,0,0,0,0,0,0,0,0,0,0,0,0,84,0,93,99,100,84,0,0,79,0,0,0,0,0
l28,10=0,0,0,0,0,0,0,0,0,0,0,0,0,0,0,0,0,0,0,0,0,0,0,0,0,0,95,98,0,99,100,90,57,76,66,0,0,0,0,0
l29,10=0,0,0,0,0,0,0,0,0,0,0,0,0,0,0,0,0,0,0,0,29,0,45,0,0,0,95,98,96,0,100,92,65,2,71,0,0,0,0,0
l30,10=0,0,0,0,0,0,0,0,0,0,0,0,0,0,0,0,0,0,0,0,0,0,0,0,0,0,95,98,96,99,0,88,82,65,78,0,0,0,0,0
l31,10=0,0,0,0,0,0,0,0,0,0,0,0,0,0,0,0,0,0,0,46,11,0,53,35,0,48,95,73,79,98,97,0,100,99,100,0,0,0,0,0
l32,10=0,0,0,0,0,0,0,0,0,0,0,0,0,0,0,0,0,0,0,20,66,0,0,70,0,24,94,0,46,79,71,99,0,99,100,0,0,0,0,0
l33,10=0,0,0,0,0,0,0,0,0,0,0,0,67,0,76,0,0,32,0,0,8,7,0,95,74,98,90,0,93,19,69,100,100,0,100,0,0,0,0,0
l34,10=0,0,0,0,0,0,0,0,0,0,0,0,7,0,0,0,76,0,0,14,21,0,0,38,48,89,93,66,48,65,80,100,100,99,0,0,0,0,0,0
l35,10=0,0,0,0,0,0,0,0,0,0,0,25,10,0,0,0,0,0,0,8,70,53,45,0,0,0,0,0,0,0,0,0,0,0,0,0,83,45,73,61
l36,10=0,0,0,0,0,0,0,0,0,0,0,24,0,0,13,0,44,18,0,0,78,48,49,0,0,0,0,0,0,0,0,0,0,0,0,76,0,51,79,75
l37,10=0,0,0,0,0,0,0,0,0,0,0,0,0,0,0,0,40,0,0,36,72,24,23,0,0,0,0,0,0,0,0,0,0,0,0,66,52,0,70,43
l38,10=0,0,0,0,0,0,0,0,0,0,0,58,46,35,17,31,79,17,0,0,78,69,56,0,0,25,0,0,0,0,0,0,0,0,0,70,52,44,0,75
l39,10=0,0,0,0,0,0,0,0,0,0,0,0,0,0,0,0,65,17,0,39,74,63,48,0,0,0,0,0,0,0,0,0,0,0,0,62,50,44,72,0

l0,11=0,93,88,92,89,85,25,56,31,64,0,0,0,0,0,0,0,0,0,0,0,0,0,0,0,0,0,0,0,0,0,0,0,0,0,0,0,0,0,0
l1,11=89,0,91,73,86,90,86,80,41,55,69,1,0,9,0,0,0,0,0,0,0,0,0,0,0,0,0,0,0,0,0,0,0,0,0,0,0,0,0,0
l2,11=86,89,0,90,88,91,19,78,57,69,66,0,0,0,0,0,0,0,0,0,0,0,0,0,0,0,0,0,0,0,0,0,0,0,0,0,0,0,0,0
l3,11=90,57,90,0,89,88,25,0,0,30,54,0,0,0,0,0,0,0,0,0,0,0,0,0,0,0,0,0,0,0,0,0,0,0,0,0,0,0,0,0
l4,11=89,79,86,92,0,85,83,60,0,49,61,0,0,0,0,0,0,0,0,0,0,0,0,39,0,0,0,0,0,0,0,0,0,0,0,0,0,0,0,0
l5,11=85,87,91,90,87,0,85,83,51,83,57,0,0,5,0,0,0,0,0,0,0,0,0,0,0,0,0,0,0,0,0,0,0,0,0,0,0,0,0,0
l6,11=16,81,6,29,87,87,0,83,61,81,71,27,0,62,0,54,34,0,0,0,0,0,0,0,0,0,0,0,0,0,0,0,0,0,0,0,0,0,0,0
l7,11=68,82,74,30,80,86,85,0,71,83,83,40,33,77,0,42,0,0,0,0,0,0,0,0,0,0,0,0,0,0,0,0,0,0,0,0,0,0,0,0
l8,11=26,22,18,0,0,60,66,59,0,87,42,40,48,85,55,73,0,60,0,43,0,0,0,28,5,0,0,0,0,0,0,0,0,0,0,0,0,0,0,0
l9,11=31,23,26,23,41,80,78,83,79,0,81,36,33,83,0,60,14,16,0,0,0,30,0,0,2,0,0,0,0,0,0,0,0,0,0,0,0,0,0,0
l10,11=0,58,30,66,72,53,74,83,70,87,0,58,0,71,0,65,0,20,0,0,0,0,0,0,1,0,0,0,0,0,0,0,0,0,0,0,0,0,0,0
l11,11=0,0,0,0,0,0,54,49,70,76,25,0,49,79,77,91,71,81,0,0,0,24,29,43,48,46,0,0,0,0,0,0,0,0,0,8,0,0,55,0
l12,11=0,0,0,0,0,0,0,26,68,72,0,49,0,73,92,88,86,94,0,0,48,40,31,50,97,95,0,0,0,0,0,0,0,0,0,0,0,0,58,0
l13,11=0,0,0,0,0,6,61,66,79,83,26,56,43,0,0,86,66,74,0,0,40,33,0,40,40,44,0,0,0,0,0,0,0,0,0,0,0,0,6,0
l14,11=0,0,0,0,0,0,0,0,51,0,0,37,82,0,0,57,85,87,0,0,0,2,0,87,74,60,0,0,0,0,0,0,0,40,1,14,57,0,37,0
l15,11=0,0,0,0,0,0,58,28,72,78,24,84,59,89,55,0,83,84,0,52,52,34,12,0,0,44,0,0,0,0,0,0,0,0,0,6,54,0,47,0
l16,11=0,0,0,0,0,0,44,0,0,28,0,20,46,62,83,79,0,91,1,27,53,49,31,23,53,0,0,0,0,0,0,0,20,6,18,0,63,62,66,15
l17,11=0,0,0,0,0,0,0,0,63,50,5,25,49,68,83,85,91,0,0,0,50,46,40,25,47,0,0,0,0,0,0,0,0,0,0,0,65,0,0,16
l18,11=0,0,0,0,0,0,0,0,0,0,0,0,0,0,0,0,45,0,0,70,61,73,24,0,0,0,0,0,0,0,0,0,0,0,0,0,0,0,0,0
l19,11=0,0,0,0,0,0,0,0,35,0,0,0,0,0,0,45,43,0,36,0,69,69,56,0,0,0,54,0,0,0,0,19,0,0,1,19,38,45,0,16
l20,11=0,0,0,0,0,0,0,0,0,0,0,0,30,51,0,55,71,55,33,85,0,88,75,0,0,0,2,0,14,0,0,0,9,0,0,23,68,54,50,18
l21,11=0,0,0,0,0,0,0,0,0,50,0,11,29,47,30,45,74,57,36,78,84,0,75,0,13,0,0,0,0,0,0,0,0,0,0,13,49,49,77,17
l22,11=0,0,0,0,0,0,0,0,0,0,0,14,30,0,0,7,56,54,0,67,83,84,0,0,0,0,54,0,0,0,0,52,0,0,0,38,56,0,70,31
l23,11=0,0,0,0,36,0,0,0,22,0,0,32,83,71,92,0,76,38,0,0,0,0,0,0,96,96,0,0,0,0,0,41,55,31,0,0,0,0,0,0
l24,11=0,0,0,0,0,0,0,0,0,1,0,27,83,74,80,0,88,86,0,0,0,0,0,96,0,65,0,0,0,0,0,0,0,0,1,0,0,0,2,0
l25,11=0,0,0,0,0,0,0,0,0,0,0,33,83,61,90,62,0,0,0,0,0,0,0,98,94,0,0,0,0,0,0,45,41,89,0,0,0,0,0,0
l26,11=0,0,0,0,0,0,0,0,0,0,0,0,0,0,0,0,0,0,0,29,19,0,41,0,0,0,0,78,87,90,93,87,80,70,71,0,0,0,0,0
l27,11=0,0,0,0,0,0,0,0,0,0,0,0,0,0,0,0,0,0,0,0,0,0,0,0,0,0,84,0,83,94,95,64,1,0,33,0,0,0,0,0
l28,11=0,0,0,0,0,0,0,0,0,0,0,0,0,0,0,0,0,0,0,0,27,0,0,0,0,0,91,95,0,95,95,79,42,0,30,0,0,0,0,0
l29,11=0,0,0,0,0,0,0,0,0,0,0,0,0,0,0,0,0,0,0,0,0,0,0,0,0,0,88,95,87,0,95,84,36,31,32,0,0,0,0,0
l30,11=0,0,0,0,0,0,0,0,0,0,0,0,0,0,0,0,0,0,0,0,0,0,0,0,0,0,91,95,87,95,0,84,67,82,66,0,0,0,0,0
l31,11=0,0,0,0,0,0,0,0,0,0,0,0,0,0,0,0,0,0,0,9,0,0,41,25,0,36,91,76,77,87,83,0,85,99,99,0,0,0,0,0
l32,11=0,0,0,0,0,0,0,0,0,0,0,0,0,0,0,0,23,0,0,0,23,0,0,21,0,19,91,0,55,26,62,91,0,100,99,0,0,0,0,0
l33,11=0,0,0,0,0,0,0,0,0,0,0,0,0,0,81,0,15,0,0,0,20,0,0,63,0,93,83,0,0,70,89,98,92,0,99,0,0,0,0,0
l34,11=0,0,0,0,0,0,0,0,0,0,0,0,0,0,29,0,73,0,0,16,0,0,0,9,11,0,86,78,37,71,79,98,92,100,0,0,0,0,0,0
l35,11=0,0,0,0,0,0,0,0,0,0,0,6,0,0,27,20,0,0,0,38,45,7,36,0,0,0,0,0,0,0,0,0,0,0,0,0,81,70,56,23
l36,11=0,0,0,0,0,0,0,0,0,0,0,0,0,0,27,47,65,60,0,17,52,35,40,0,0,0,0,0,0,0,0,0,0,0,0,47,0,79,67,26
l37,11=0,0,0,0,0,0,0,0,0,0,0,0,0,0,0,0,58,0,0,50,43,29,0,0,0,0,0,0,0,0,0,0,0,0,0,26,72,0,51,18
l38,11=0,0,0,0,0,0,0,0,0,0,0,13,37,4,27,52,81,0,0,0,44,49,44,0,0,0,0,0,0,0,0,0,0,0,0,26,80,70,0,26
l39,11=0,0,0,0,0,0,0,0,0,0,0,0,0,0,0,0,65,7,0,61,48,41,34,0,0,0,0,0,0,0,0,0,0,0,0,74,70,67,77,0

l0,12=0,89,84,93,92,89,74,66,2,62,60,0,0,0,0,0,0,0,0,0,0,0,0,0,0,0,0,0,0,0,0,0,0,0,0,0,0,0,0,0
l1,12=89,0,80,85,86,83,85,84,0,55,75,39,0,0,0,0,0,0,0,0,0,0,0,0,0,0,0,0,0,0,0,0,0,0,0,0,0,0,0,0
l2,12=87,82,0,88,83,89,86,65,39,73,76,0,0,1,0,0,0,0,0,0,0,0,0,0,0,0,0,0,0,0,0,0,0,0,0,0,0,0,0,0
l3,12=91,83,80,0,92,84,2,40,0,0,67,0,0,0,0,0,0,0,0,0,0,0,0,0,0,0,0,0,0,0,0,0,0,0,0,0,0,0,0,0
l4,12=91,84,79,92,0,56,82,78,44,48,3,0,0,0,42,0,0,0,0,0,0,0,0,52,0,0,0,0,0,0,0,0,0,0,0,0,0,0,0,0
l5,12=87,87,81,85,76,0,85,85,64,83,68,0,0,46,0,0,0,0,0,0,0,0,0,34,0,0,0,0,0,0,0,0,0,0,0,0,0,0,0,0
l6,12=76,87,82,28,83,77,0,85,65,36,80,66,0,50,1,68,0,0,0,0,0,0,0,0,0,0,0,0,0,0,0,0,0,0,0,0,0,0,0,0
l7,12=77,87,60,48,83,84,85,0,69,83,86,59,54,70,0,0,0,0,0,0,0,0,0,0,0,0,0,0,0,0,0,0,0,0,0,0,0,0,0,0
l8,12=10,0,48,31,43,55,71,71,0,89,82,70,67,81,0,69,17,6,0,38,0,42,0,0,49,0,0,0,0,0,0,0,0,0,0,0,0,0,0,0
l9,12=49,41,64,0,32,85,48,85,81,0,86,68,60,80,14,65,27,13,0,0,48,52,0,0,0,0,0,0,0,0,0,0,0,0,0,0,0,0,0,0
l10,12=47,61,59,66,22,51,76,87,74,87,0,59,0,74,7,65,0,0,0,0,0,0,0,17,6,0,0,0,0,0,0,0,0,0,0,0,0,0,0,0
l11,12=0,52,0,0,0,0,75,29,47,42,48,0,80,86,76,90,42,48,0,0,55,61,59,57,0,55,0,0,0,0,0,0,0,0,0,13,19,0,69,0
l12,12=0,0,0,0,0,0,0,20,40,38,0,82,0,75,90,88,77,85,0,0,64,59,57,56,94,100,0,0,0,0,0,0,0,15,0,0,0,0,73,0
l13,12=0,0,0,0,0,40,63,68,80,80,53,83,78,0,77,87,42,42,0,0,58,52,0,76,55,31,0,0,0,0,0,0,0,0,0,0,0,0,0,0
l14,12=0,0,0,0,35,0,0,0,0,23,0,77,93,82,0,81,88,46,0,0,0,60,3,88,95,75,0,0,0,0,0,0,0,59,44,34,8,0,59,0
l15,12=0,0,0,0,0,0,75,0,47,45,50,88,84,88,77,0,43,47,0,47,61,64,26,58,74,76,0,0,0,0,0,0,0,0,0,0,0,0,60,0
l16,12=0,0,0,0,0,0,0,0,10,18,0,74,86,66,85,84,0,49,27,61,74,74,64,53,89,62,0,0,0,0,0,0,0,2,0,22,45,72,80,24
l17,12=0,0,0,0,0,0,0,0,17,19,0,87,91,72,74,87,54,0,0,59,73,72,62,66,37,1,0,0,0,0,0,0,0,4,0,0,41,0,69,4
l18,12=0,0,0,0,0,0,0,0,0,0,0,0,0,0,0,0,65,0,0,53,66,54,0,0,0,0,0,0,0,0,0,0,0,0,0,0,0,0,0,0
l19,12=0,0,0,0,0,0,0,0,23,0,0,0,0,0,0,48,35,11,34,0,81,76,72,0,0,0,38,0,26,5,0,54,15,0,0,23,8,0,53,34
l20,12=0,0,0,0,0,0,0,0,0,26,0,46,52,43,0,53,46,13,35,85,0,88,85,0,0,0,31,0,18,0,0,19,0,0,0,34,63,55,62,28
l21,12=0,0,0,0,0,0,0,0,26,43,0,54,53,47,51,56,68,32,37,81,86,0,84,0,52,0,27,0,0,0,0,0,0,0,0,36,60,50,82,24
l22,12=0,0,0,0,0,0,0,0,0,0,0,52,53,0,1,15,33,11,0,79,86,86,0,0,0,0,37,0,0,0,0,0,0,0,0,44,59,47,69,35
l23,12=0,0,0,0,46,16,0,0,0,0,5,45,72,79,93,64,35,30,0,0,0,0,0,0,95,100,0,0,0,0,0,30,2,0,0,0,0,0,0,0
l24,12=0,0,0,0,0,0,0,0,37,0,3,0,93,69,93,84,92,0,0,0,0,65,0,93,0,97,0,0,0,0,0,29,67,0,0,0,1,0,57,0
l25,12=0,0,0,0,0,0,0,0,0,0,0,59,93,10,83,81,37,3,0,0,0,0,0,99,95,0,0,0,0,0,0,65,76,72,82,0,0,0,0,0
l26,12=0,0,0,0,0,0,0,0,0,0,0,0,0,0,0,0,0,0,0,61,36,14,38,0,0,0,0,80,88,78,95,94,79,13,74,0,0,0,0,0
l27,12=0,0,0,0,0,0,0,0,0,0,0,0,0,0,0,0,0,0,0,0,0,0,0,0,0,0,87,0,84,96,96,83,6,22,33,0,0,0,0,0
l28,12=0,0,0,0,0,0,0,0,0,0,0,0,0,0,0,0,0,0,0,54,59,0,0,0,0,0,93,98,0,97,96,83,75,74,71,0,0,0,0,0
l29,12=0,0,0,0,0,0,0,0,0,0,0,0,0,0,0,0,0,0,0,3,0,0,0,0,0,1,86,98,88,0,96,88,77,46,76,0,0,0,0,0
l30,12=0,0,0,0,0,0,0,0,0,0,0,0,0,0,0,0,0,0,0,0,0,0,0,0,0,0,93,98,88,97,0,85,78,39,36,0,0,0,0,0
l31,12=0,0,0,0,0,0,0,0,0,0,0,0,0,0,0,0,0,0,0,72,59,0,0,5,61,69,93,84,84,91,91,0,97,99,99,0,0,0,0,0
l32,12=0,0,0,0,0,0,0,0,0,0,0,0,0,0,0,0,0,0,0,44,0,0,0,21,72,84,89,0,78,87,86,100,0,99,100,0,0,0,0,0
l33,12=0,0,0,0,0,0,0,0,0,0,0,0,46,0,69,0,0,0,0,0,0,0,0,37,5,83,86,40,80,39,82,100,97,0,100,0,0,0,0,0
l34,12=0,0,0,0,0,0,0,0,0,0,0,0,0,0,67,0,0,0,0,0,0,0,0,0,27,94,89,41,81,88,67,100,97,99,0,0,0,0,0,0
l35,12=0,0,0,0,0,0,0,0,0,0,0,5,0,0,19,0,12,0,0,22,53,44,68,0,0,0,0,0,0,0,0,0,0,0,0,0,85,78,77,32
l36,12=0,0,0,0,0,0,0,0,0,0,0,26,0,0,1,0,43,8,0,0,76,67,73,0,0,0,0,0,0,0,0,0,0,0,0,86,0,87,82,41
l37,12=0,0,0,0,0,0,0,0,0,0,0,0,0,0,0,0,18,0,0,0,61,53,44,0,0,0,0,0,0,0,0,0,0,0,0,54,54,0,63,41
l38,12=0,0,0,0,0,0,0,0,0,0,0,63,67,0,26,32,45,1,0,48,64,76,71,0,37,0,0,0,0,0,0,0,0,0,0,52,54,61,0,39
l39,12=0,0,0,0,0,0,0,0,0,0,0,0,0,0,0,0,33,0,0,62,65,59,75,0,0,0,0,0,0,0,0,0,0,0,0,42,69,76,81,0

l0,13=0,94,94,94,93,91,94,93,79,84,89,0,0,0,0,0,0,0,0,0,0,0,0,0,0,0,0,0,0,0,0,0,0,0,0,0,0,0,0,0
l1,13=92,0,94,94,93,91,88,87,62,59,77,0,0,0,0,0,0,0,0,0,0,0,0,0,0,0,0,0,0,0,0,0,0,0,0,0,0,0,0,0
l2,13=92,94,0,93,93,91,94,79,0,85,89,0,0,68,0,0,0,0,0,0,0,0,0,0,0,0,0,0,0,0,0,0,0,0,0,0,0,0,0,0
l3,13=93,97,94,0,97,91,87,88,4,0,88,0,0,0,0,0,0,0,0,0,0,0,0,0,0,0,0,0,0,0,0,0,0,0,0,0,0,0,0,0
l4,13=92,94,92,94,0,90,94,88,59,10,89,0,0,0,0,0,0,0,0,0,0,0,0,31,0,0,0,0,0,0,0,0,0,0,0,0,0,0,0,0
l5,13=92,91,94,91,88,0,91,87,84,88,87,0,0,83,0,0,0,0,0,0,0,0,0,0,0,0,0,0,0,0,0,0,0,0,0,0,0,0,0,0
l6,13=90,89,91,86,92,89,0,0,82,86,0,84,0,77,0,77,0,0,0,0,0,0,0,0,0,0,0,0,0,0,0,0,0,0,0,0,0,0,0,0
l7,13=89,90,85,77,91,69,0,0,88,90,91,35,19,82,0,18,0,0,0,0,0,0,0,0,0,0,0,0,0,0,0,0,0,0,0,0,0,0,0,0
l8,13=72,30,0,50,47,50,78,87,0,94,88,48,71,87,49,21,50,60,0,45,0,41,0,0,68,0,0,0,0,0,0,0,0,0,0,0,0,0,0,0
l9,13=42,0,72,0,0,87,88,87,88,0,91,73,66,87,32,79,54,55,0,0,33,41,0,0,0,0,0,0,0,0,0,0,0,0,0,0,0,0,0,0
l10,13=45,68,75,62,54,81,0,92,85,94,0,58,0,87,0,34,0,0,0,0,0,0,0,0,0,0,0,0,0,0,0,0,0,0,0,0,0,0,0,0
l11,13=0,0,0,0,0,0,81,57,65,27,30,0,95,94,34,86,64,94,0,0,46,48,26,31,57,0,0,0,0,0,0,0,0,0,0,0,0,0,76,0
l12,13=0,0,0,0,0,0,0,0,58,25,0,78,0,70,62,51,71,99,0,0,50,13,27,35,85,99,0,0,0,0,0,0,0,28,0,0,44,0,79,0
l13,13=0,0,30,0,0,26,76,80,87,94,86,94,67,0,36,86,58,84,0,16,43,44,0,31,58,64,0,0,0,0,0,0,0,0,0,0,0,0,75,0
l14,13=0,0,0,0,0,0,0,0,72,28,0,67,100,88,0,28,77,89,0,0,0,44,1,61,100,90,0,0,0,0,0,0,7,23,31,0,53,0,0,0
l15,13=0,0,0,0,0,0,78,2,59,29,30,94,99,94,33,0,74,99,0,42,47,43,0,31,65,76,0,0,0,0,0,0,0,0,0,0,49,0,77,0
l16,13=0,0,0,0,0,0,0,0,47,22,0,35,91,69,35,30,0,97,54,48,48,50,25,3,73,58,0,0,0,0,0,0,0,0,20,71,70,33,85,73
l17,13=0,0,0,0,0,0,0,0,61,27,0,70,99,89,35,31,72,0,0,50,57,62,20,30,71,52,0,0,0,0,0,0,0,21,0,0,70,0,76,0
l18,13=0,0,0,0,0,0,0,0,0,0,0,0,0,0,0,0,73,0,0,93,94,9,7,0,0,0,0,0,0,0,0,0,0,0,0,0,0,0,0,0
l19,13=0,0,0,0,0,0,0,0,44,0,0,0,0,6,0,44,54,56,57,0,94,78,88,0,0,0,56,0,2,12,0,17,0,0,0,53,54,69,70,73
l20,13=0,0,0,0,0,0,0,0,0,13,0,31,69,41,0,22,58,86,60,95,0,85,95,0,0,0,50,0,0,0,0,20,0,0,0,81,83,75,91,82
l21,13=0,0,0,0,0,0,0,0,46,28,0,34,57,64,23,24,63,87,0,95,94,0,95,0,54,0,56,0,0,0,0,0,0,0,0,74,70,0,91,80
l22,13=0,0,0,0,0,0,0,0,0,0,0,27,53,0,4,0,50,50,0,66,94,85,0,0,0,0,63,0,0,0,0,0,0,0,18,79,82,60,85,90
l23,13=0,0,0,0,3,0,0,0,0,0,0,64,99,89,100,50,50,77,0,0,0,0,0,0,70,100,0,0,0,0,0,0,0,0,5,0,0,0,0,0
l24,13=0,0,0,0,0,0,0,0,72,0,0,36,100,64,100,28,97,94,0,0,0,48,0,32,0,100,0,0,0,0,0,0,35,0,0,0,69,0,0,0
l25,13=0,0,0,1,0,0,0,0,0,0,0,2,100,87,49,31,69,10,0,0,0,0,0,100,100,0,0,0,0,11,0,93,45,36,43,0,0,0,0,0
l26,13=0,0,0,0,0,0,0,0,0,0,0,0,0,0,0,0,0,0,0,58,51,37,70,0,0,0,0,90,97,85,99,99,88,81,6,0,0,0,0,0
l27,13=0,0,0,0,0,0,0,0,0,0,0,0,0,0,0,0,0,0,0,0,0,0,0,0,0,0,88,0,97,99,100,85,77,75,52,0,0,0,0,0
l28,13=0,0,0,0,0,0,0,0,0,0,0,0,0,0,0,0,0,0,0,42,37,0,0,0,0,15,98,95,0,99,100,97,70,82,85,0,0,0,0,0
l29,13=0,0,0,0,0,0,0,0,0,0,0,0,0,0,0,0,0,0,0,8,0,0,0,0,0,0,84,95,97,0,100,84,89,76,83,0,0,0,0,0
l30,13=0,0,0,0,0,0,0,0,0,0,0,0,0,0,0,0,0,0,0,0,0,0,0,0,0,0,98,95,97,99,0,89,81,78,30,0,0,0,0,0
l31,13=0,0,0,0,0,0,0,0,0,0,0,0,0,0,0,0,0,0,0,43,65,0,0,0,0,78,98,93,97,98,100,0,99,100,100,0,0,0,0,0
l32,13=0,0,0,0,0,0,0,0,0,0,0,0,4,0,30,0,0,0,0,1,0,0,0,0,86,87,94,73,80,93,94,100,0,100,100,0,0,0,0,0
l33,13=0,0,0,0,0,0,0,0,0,0,0,0,90,0,35,0,0,36,0,0,0,0,0,6,0,100,98,84,97,91,98,100,99,0,100,0,0,0,0,0
l34,13=0,0,0,0,0,0,0,0,0,0,0,0,0,0,90,0,65,0,0,0,4,0,47,58,15,95,0,74,95,98,58,100,99,100,0,0,0,0,0,0
l35,13=0,0,0,0,0,0,0,0,0,0,0,0,4,0,0,0,46,0,0,17,48,43,25,0,0,0,0,0,0,0,0,0,0,0,0,0,91,78,85,79
l36,13=0,0,0,0,0,0,0,0,0,0,0,0,25,0,8,14,55,49,0,42,52,47,29,0,46,0,0,0,0,0,0,0,0,0,0,91,0,74,92,84
l37,13=0,0,0,0,0,0,0,0,0,0,0,0,0,0,0,0,0,0,0,38,49,0,19,0,0,0,0,0,0,0,0,0,0,0,0,88,82,0,82,74
l38,13=0,0,0,0,0,0,0,0,0,0,0,32,68,37,0,22,59,54,0,46,56,58,28,0,0,0,0,0,0,0,0,0,0,0,0,88,84,73,0,75
l39,13=0,0,0,0,0,0,0,0,0,0,0,0,0,0,0,0,49,0,0,47,49,52,32,0,0,0,0,0,0,0,0,0,0,0,0,84,76,71,81,0

l0,14=0,100,100,100,100,100,100,98,90,99,99,0,0,0,0,0,0,0,0,0,0,0,0,0,0,0,0,0,0,0,0,0,0,0,0,0,0,0,0,0
l1,14=100,0,100,100,100,100,40,0,52,0,52,0,0,44,0,0,0,0,0,0,0,0,0,0,0,0,0,0,0,0,0,0,0,0,0,0,0,0,0,0
l2,14=100,100,0,100,100,100,100,100,44,99,99,0,0,47,0,5,0,0,0,0,0,0,0,0,0,0,0,0,0,0,0,0,0,0,0,0,0,0,0,0
l3,14=100,100,96,0,100,100,99,99,0,0,94,0,0,0,0,0,0,0,0,0,0,0,0,0,0,0,0,0,0,0,0,0,0,0,0,0,0,0,0,0
l4,14=100,100,100,100,0,100,100,0,46,58,100,0,0,0,0,0,0,0,0,0,0,0,0,0,0,0,0,0,0,0,0,0,0,0,0,0,0,0,0,0
l5,14=100,100,100,100,100,0,100,100,95,99,100,0,0,91,0,65,0,0,0,0,0,0,0,0,0,0,0,0,0,0,0,0,0,0,0,0,0,0,0,0
l6,14=96,24,100,94,100,100,0,93,87,94,93,98,0,89,0,89,0,0,0,0,0,0,76,0,0,0,0,0,0,0,0,0,0,0,0,0,0,0,0,0
l7,14=99,0,100,100,0,100,99,0,97,99,100,0,0,93,0,28,59,0,0,0,0,0,0,0,0,0,0,0,0,0,0,0,0,0,0,0,0,0,0,0
l8,14=51,30,16,11,48,45,42,56,0,99,100,27,48,47,34,32,25,0,0,3,21,28,34,0,56,0,0,0,0,0,0,0,0,0,0,0,0,0,0,0
l9,14=53,0,44,0,44,98,42,98,97,0,100,53,0,100,34,94,32,51,0,0,25,30,0,59,0,0,0,0,0,0,0,0,0,0,0,0,0,0,0,0
l10,14=97,94,97,97,100,98,98,100,97,99,0,73,88,99,68,61,0,0,0,0,7,0,0,0,0,0,0,0,0,0,0,0,0,0,0,0,0,0,0,0
l11,14=0,0,0,0,0,0,75,0,25,61,30,0,99,100,74,96,64,97,0,0,26,29,43,71,20,26,0,0,0,0,0,0,0,0,0,22,48,0,24,0
l12,14=0,0,0,0,0,0,0,0,91,0,12,73,0,98,100,58,35,99,0,10,59,1,37,98,98,99,0,0,0,0,0,0,0,45,0,7,0,0,0,0
l13,14=0,16,45,0,0,44,71,60,54,98,97,100,99,0,48,95,29,96,0,3,0,30,0,67,97,56,0,0,0,0,0,0,0,0,0,0,0,0,19,0
l14,14=0,0,0,0,0,0,0,0,54,33,14,73,100,48,0,58,64,97,0,0,2,6,0,99,100,9,0,0,0,0,0,0,1,28,0,5,0,0,25,0
l15,14=0,0,0,0,0,44,38,0,63,61,25,100,99,99,64,0,77,97,0,35,28,24,0,94,98,34,0,0,0,0,0,0,0,0,0,0,0,0,24,0
l16,14=0,0,0,0,0,0,0,28,23,19,0,73,45,30,73,58,0,94,0,44,37,37,98,55,98,28,0,0,0,0,0,0,0,47,41,89,88,13,29,15
l17,14=0,0,0,0,0,0,0,0,0,41,0,73,99,98,74,94,64,0,0,56,59,61,84,98,98,42,0,0,0,0,0,0,0,0,0,43,69,0,57,0
l18,14=0,0,0,0,0,0,0,0,0,0,0,0,0,0,0,0,75,0,0,91,94,35,67,0,0,0,0,0,0,0,0,0,0,0,0,0,0,0,0,0
l19,14=0,0,0,0,0,0,0,0,0,0,0,0,80,0,0,49,61,87,71,0,96,94,98,0,0,0,86,0,0,0,0,65,0,0,0,88,88,91,48,58
l20,14=0,0,0,0,0,0,0,0,8,54,0,67,88,0,1,51,59,87,75,97,0,97,99,0,0,0,13,0,0,0,0,0,0,0,60,88,91,91,82,58
l21,14=0,0,0,0,0,0,0,0,88,95,0,90,5,92,66,79,93,91,1,95,97,0,99,0,84,0,0,0,0,0,0,0,0,0,2,94,94,13,87,95
l22,14=0,0,0,0,0,0,30,0,20,0,0,67,88,0,0,0,68,86,68,94,97,97,0,0,1,0,81,0,0,18,0,0,0,0,0,89,94,0,51,59
l23,14=0,0,0,0,0,0,0,0,0,33,0,38,99,46,99,52,31,56,0,0,0,0,0,0,96,100,0,0,0,0,0,0,50,47,49,0,0,0,0,0
l24,14=0,0,0,0,0,0,0,0,54,0,0,19,100,47,100,59,64,100,0,0,0,27,1,99,0,74,0,0,0,0,0,0,0,0,0,0,6,0,0,0
l25,14=0,0,0,0,0,0,0,0,0,0,0,29,100,62,0,50,32,53,0,0,0,0,0,100,100,0,0,0,13,0,0,0,52,98,99,0,0,0,0,0
l26,14=0,0,0,0,0,0,0,0,0,0,0,0,0,0,0,0,0,0,0,50,89,2,86,0,0,0,0,91,100,91,98,100,91,92,93,0,0,0,0,0
l27,14=0,0,0,0,0,0,0,0,0,0,0,0,0,0,0,0,0,0,0,0,0,0,0,0,0,0,91,0,100,100,99,94,89,88,6,0,0,0,0,0
l28,14=0,0,0,0,0,0,0,0,0,0,0,0,0,0,0,0,0,0,0,43,0,0,0,0,0,70,100,100,0,100,99,99,89,92,97,0,0,0,0,0
l29,14=0,0,0,0,0,0,0,0,0,0,0,0,0,0,0,0,0,0,0,51,0,0,1,0,0,0,89,100,100,0,99,93,89,0,92,0,0,0,0,0
l30,14=0,0,0,0,0,0,0,0,0,0,0,0,0,0,0,0,0,0,0,0,0,0,0,0,0,0,96,100,100,100,0,93,88,92,0,0,0,0,0,0
l31,14=0,0,0,0,0,0,0,0,0,0,0,0,0,0,0,0,0,0,0,0,0,0,0,0,0,0,100,87,98,95,91,0,98,100,100,0,0,0,0,0
l32,14=0,0,0,0,0,0,0,0,0,0,0,0,0,0,54,0,0,0,0,0,0,0,0,96,0,70,100,83,94,100,96,100,0,100,100,0,0,0,0,0
l33,14=0,0,0,0,0,0,0,0,0,0,0,0,93,0,81,0,97,0,0,0,0,0,0,99,0,97,99,87,99,0,98,100,99,0,100,0,0,0,0,0
l34,14=0,0,0,0,0,0,0,0,0,0,0,0,0,0,0,0,99,0,0,0,94,8,56,98,0,100,100,14,100,99,0,100,99,100,0,0,0,0,0,0
l35,14=0,0,0,0,0,0,0,0,0,0,0,4,71,0,5,0,55,33,0,69,56,54,91,0,0,0,0,0,0,0,0,0,0,0,0,0,96,96,87,97
l36,14=0,0,0,0,0,0,0,0,0,0,0,33,0,0,0,0,58,82,0,64,58,48,93,0,2,0,0,0,0,0,0,0,0,0,0,99,0,91,57,56
l37,14=0,0,0,0,0,0,0,0,0,0,0,0,0,0,0,0,0,0,0,51,41,0,0,0,0,0,0,0,0,0,0,0,0,0,0,98,87,0,47,55
l38,14=0,0,0,0,0,0,0,0,0,0,0,37,0,8,48,19,23,87,0,54,59,47,94,0,0,0,0,0,0,0,0,0,0,0,0,95,96,90,0,59
l39,14=0,0,0,0,0,0,0,0,0,0,0,0,0,0,0,0,57,0,0,72,58,58,94,0,0,0,0,0,0,0,0,0,0,0,0,89,88,93,49,0

l0,15=0,99,98,100,100,99,97,98,95,98,49,0,0,0,0,0,0,0,0,0,0,0,0,0,0,0,0,0,0,0,0,0,0,0,0,0,0,0,0,0
l1,15=98,0,98,100,100,99,97,98,96,92,96,0,0,98,15,0,0,0,0,0,0,0,0,0,0,0,0,0,0,0,0,0,0,0,0,0,0,0,0,0
l2,15=98,99,0,99,99,100,97,98,96,98,0,86,0,98,0,0,0,0,0,0,0,0,0,0,0,0,0,0,0,0,0,0,0,0,0,0,0,0,0,0
l3,15=100,100,93,0,100,98,0,0,0,0,95,0,0,0,0,0,0,0,0,0,0,0,0,0,0,0,0,0,0,0,0,0,0,0,0,0,0,0,0,0
l4,15=100,100,100,100,0,99,97,98,94,94,100,0,0,0,0,4,0,0,0,0,0,0,0,0,0,0,0,0,0,0,0,0,0,0,0,0,0,0,0,0
l5,15=98,99,98,99,98,0,96,98,95,98,96,0,1,98,0,94,0,0,0,0,0,0,0,0,0,0,0,0,0,0,0,0,0,0,0,0,0,0,0,0
l6,15=98,99,98,0,98,98,0,98,95,98,96,96,90,95,0,95,1,0,0,0,0,0,30,0,0,0,0,0,0,0,0,0,0,0,0,0,0,0,0,0
l7,15=97,92,98,48,98,98,97,0,96,98,96,0,0,93,5,0,57,0,0,0,0,0,0,0,0,0,0,0,0,0,0,0,0,0,0,0,0,0,0,0
l8,15=97,85,38,0,83,97,89,99,0,100,100,58,95,98,69,55,0,0,0,36,6,51,71,0,97,0,0,0,0,0,0,0,0,0,0,0,0,0,0,0
l9,15=97,19,46,0,93,100,95,99,100,0,100,70,0,100,78,95,82,56,0,0,96,96,1,88,0,0,0,0,0,0,0,0,0,0,0,0,0,0,0,0
l10,15=59,96,0,73,98,98,97,100,96,100,0,0,95,98,6,0,48,0,0,0,0,0,0,0,0,0,0,0,0,0,0,0,0,0,0,0,0,0,0,0
l11,15=0,0,21,0,0,0,100,0,99,81,0,0,99,100,60,97,59,92,0,4,59,62,80,98,100,64,0,0,0,0,0,0,0,0,0,0,97,0,91,0
l12,15=0,0,0,0,0,0,10,0,99,0,61,99,0,99,100,96,61,100,0,1,61,0,75,99,100,100,0,0,0,0,0,0,0,0,0,0,75,0,12,0
l13,15=0,84,61,6,0,98,95,60,96,100,86,100,100,0,91,96,57,91,0,13,0,0,5,89,89,62,0,0,0,0,0,0,0,0,0,0,0,1,0,0
l14,15=0,0,0,0,0,0,0,0,80,80,0,24,100,99,0,55,58,91,0,0,59,0,0,99,100,64,0,0,0,0,0,0,0,62,0,0,0,0,93,0
l15,15=0,0,0,0,18,69,95,0,96,84,0,100,99,99,91,0,59,92,0,0,57,59,0,99,100,62,0,0,0,0,0,0,0,0,0,76,0,0,97,0
l16,15=0,0,0,0,0,0,0,96,0,69,9,61,91,92,91,54,0,87,94,94,55,40,76,0,100,30,0,0,0,0,0,1,1,37,1,77,96,87,86,54
l17,15=0,0,0,0,0,0,0,0,0,83,0,61,99,99,91,94,58,0,0,98,59,61,79,99,100,64,0,0,0,0,0,0,0,61,47,0,97,6,99,2
l18,15=0,0,0,0,0,0,0,0,0,0,0,0,0,0,0,0,90,0,0,83,84,1,74,0,0,0,0,0,0,0,0,0,0,0,0,0,0,0,0,0
l19,15=0,0,0,0,0,0,0,0,12,0,0,11,25,3,0,0,49,66,59,0,99,92,95,0,0,0,48,0,0,82,0,0,0,0,0,59,75,0,71,81
l20,15=0,0,0,0,0,0,0,0,0,78,0,59,95,12,79,53,58,87,92,99,0,99,100,0,5,0,5,0,0,0,0,0,0,0,0,79,98,0,99,99
l21,15=0,0,0,0,0,0,0,0,85,71,3,59,2,23,0,56,53,87,0,99,100,0,99,0,83,0,0,0,4,0,0,0,0,4,48,65,96,82,88,97
l22,15=0,0,0,0,0,0,11,0,77,34,0,48,75,8,1,5,72,71,18,93,99,98,0,0,0,0,34,0,0,64,0,0,0,0,0,60,78,72,74,80
l23,15=0,0,0,0,3,0,0,0,0,82,0,61,100,97,100,60,0,92,0,0,0,0,0,0,100,100,0,0,0,0,0,0,97,63,0,0,0,0,0,0
l24,15=0,0,0,0,0,0,0,0,99,0,0,61,100,33,100,97,59,92,0,0,0,50,0,100,0,64,0,0,0,0,0,0,97,0,0,0,40,0,0,0
l25,15=0,0,0,0,0,0,0,0,0,0,0,59,93,96,99,56,28,91,0,0,0,0,0,85,98,0,54,0,61,4,0,71,96,60,64,0,0,0,0,0
l26,15=0,0,0,0,0,0,0,0,0,0,0,0,0,0,0,0,0,0,0,88,54,0,72,0,0,69,0,96,88,99,93,81,91,80,92,0,0,0,0,0
l27,15=0,0,0,0,0,0,0,0,0,0,0,0,0,0,0,0,0,0,0,0,0,0,0,0,0,0,91,0,88,100,94,75,92,88,92,0,0,0,0,0
l28,15=0,0,0,0,0,0,0,0,0,0,0,0,0,0,0,0,0,0,0,0,0,4,0,0,0,70,96,98,0,100,94,77,91,94,92,0,0,0,0,0
l29,15=0,0,0,0,0,0,0,0,0,0,0,0,0,0,0,0,0,0,0,89,0,0,78,0,0,5,96,98,88,0,94,78,92,89,93,0,0,0,0,0
l30,15=0,0,0,0,0,0,0,0,0,0,0,0,0,0,0,0,0,0,0,0,0,0,0,0,0,0,91,98,88,100,0,74,91,89,0,0,0,0,0,0
l31,15=0,0,0,0,0,0,0,0,0,0,0,0,0,0,0,0,1,0,0,0,0,0,0,0,0,70,96,90,87,100,92,0,97,96,98,0,0,0,0,0
l32,15=0,0,0,0,0,0,0,0,0,0,0,0,0,0,0,0,19,0,0,0,0,0,0,78,95,77,96,97,78,99,93,82,0,96,98,0,0,0,0,0
l33,15=0,0,0,0,0,0,0,0,0,0,0,0,79,0,97,0,74,86,0,0,0,12,0,96,0,76,59,69,97,99,94,85,98,0,99,0,0,0,0,0
l34,15=0,0,0,0,0,0,0,0,0,0,0,0,0,0,0,0,2,30,0,0,0,54,0,0,1,77,95,83,78,95,0,82,97,96,0,0,0,0,0,0
l35,15=0,0,0,0,0,0,0,0,0,0,0,0,53,1,0,40,47,0,0,71,45,40,59,0,0,0,0,0,0,0,0,0,0,0,0,0,98,94,86,95
l36,15=0,0,0,0,0,0,0,0,0,0,0,48,72,0,0,0,51,47,0,79,53,50,64,0,25,0,0,0,0,0,0,0,0,0,0,98,0,96,99,94
l37,15=0,0,0,0,0,0,0,0,0,0,0,0,0,0,0,0,44,0,0,0,0,44,64,0,0,0,0,0,0,0,0,0,0,0,0,98,97,0,95,97
l38,15=0,0,0,0,0,0,0,0,0,0,0,33,26,0,66,48,55,81,0,78,59,53,72,0,0,0,0,0,0,0,0,0,0,0,0,79,98,94,0,98
l39,15=0,0,0,0,0,0,0,0,0,0,0,0,0,0,0,0,0,0,0,77,48,46,60,0,0,0,0,0,0,0,0,0,0,0,0,93,95,94,86,0

