t=2016-04-14_06.42.24

n=40

q0=1
q1=1
q2=1
q3=1
q4=1
q5=1
q6=1
q7=1
q8=1
q9=1
q10=1
q11=1
q12=1
q13=1
q14=1
q15=1
q16=1
q17=1
q18=1
q19=1
q20=1
q21=1
q22=1
q23=1
q24=1
q25=1
q26=1
q27=1
q28=1
q29=1
q30=1
q31=1
q32=1
q33=1
q34=1
q35=1
q36=1
q37=1
q38=1
q39=1

a0=0x141592000c576ce6
a1=0x141592000c5aedbc
a2=0x141592000c5750f4
a3=0x141592000c576658
a4=0x141592000c575890
a5=0x141592000c574ffa
a6=0x141592000c5acf11
a7=0x141592000d9df361
a8=0x141592000c576300
a9=0x141592000c5779b6
a10=0x141592000c5762b9
a11=0x141592000c5af078
a12=0x141592000c575517
a13=0x141592000c5752c3
a14=0x141592000c5a4baa
a15=0x141592000c5776e7
a16=0x141592000c58cdeb
a17=0x141592000c5881fc
a18=0x141592000bd81d33
a19=0x141592000bd84d6a
a20=0x141592000c577233
a21=0x141592000c574527
a22=0x141592000c5746a3
a23=0x141592000c574da3
a24=0x141592000c5741c9
a25=0x141592000da244ea
a26=0x141592000c5ae886
a27=0x141592000c57510e
a28=0x141592000c5ab6c8
a29=0x141592000c574d05
a30=0x141592000edae61f
a31=0x141592000c57667e
a32=0x141592000c577f43
a33=0x141592000c576449
a34=0x1415920010f4117a
a35=0x141592000c575966
a36=0x141592000c574d35
a37=0x141592000c576fb1
a38=0x141592000c5aea5d
a39=0x141592000c59f23f

l0,0=0,94,93,98,88,93,88,81,90,92,0,0,0,38,0,0,0,0,0,0,0,0,0,0,0,0,0,0,0,0,0,0,0,0,0,0,0,0,0,0
l1,0=92,0,93,90,92,93,88,91,84,0,90,0,0,0,0,0,0,0,0,0,0,0,0,0,0,0,0,0,0,0,0,0,0,0,0,0,0,0,0,0
l2,0=92,93,0,0,92,93,92,91,2,92,90,0,0,67,0,0,0,0,0,0,0,0,0,0,0,0,0,0,0,0,0,0,0,0,0,0,0,0,0,0
l3,0=96,85,0,0,92,93,87,64,76,0,84,0,0,0,0,0,0,0,0,0,0,0,0,0,0,0,0,0,0,0,0,0,0,0,0,0,0,0,0,0
l4,0=55,93,93,93,0,93,73,0,0,84,81,0,0,44,0,0,0,0,0,0,0,0,0,0,0,0,0,0,0,0,0,0,0,0,0,0,0,0,0,0
l5,0=92,96,93,93,92,0,88,91,90,92,90,0,0,49,0,0,0,0,0,0,0,0,0,0,0,0,0,0,0,0,0,0,0,0,0,0,0,0,0,0
l6,0=81,83,95,79,48,85,0,91,83,84,83,39,0,69,0,62,69,0,0,0,0,0,0,0,0,0,0,0,0,0,0,0,0,0,0,0,0,0,0,0
l7,0=51,86,93,40,24,90,88,0,86,92,90,78,0,8,0,58,0,0,0,0,0,0,0,0,0,0,0,0,0,0,0,0,0,0,0,0,0,0,0,0
l8,0=40,45,0,20,0,70,82,70,0,92,70,85,37,83,25,77,86,47,0,0,0,59,12,0,59,0,0,0,0,0,0,0,0,0,0,0,0,0,44,0
l9,0=83,0,58,0,64,92,84,89,92,0,90,80,43,73,6,66,69,57,0,0,0,0,14,0,0,0,0,0,0,0,0,0,0,0,0,0,0,0,0,0
l10,0=0,83,93,67,84,82,84,91,78,94,0,79,58,85,0,71,1,0,0,0,0,0,0,0,0,0,0,0,0,0,0,0,0,0,0,0,0,0,0,0
l11,0=0,0,0,0,0,0,53,69,83,78,77,0,63,51,30,92,83,78,0,56,0,24,0,0,75,0,0,0,0,0,0,0,0,0,0,0,28,1,65,0
l12,0=0,0,0,0,0,0,0,0,79,75,66,86,0,80,86,92,84,98,0,0,50,37,0,81,96,66,0,0,0,0,0,0,0,67,0,0,24,0,70,0
l13,0=0,0,6,0,45,0,66,0,89,73,81,88,86,0,76,82,58,72,0,55,0,39,23,65,64,36,0,0,0,0,0,0,0,0,0,0,1,0,52,0
l14,0=0,0,0,0,0,0,0,0,78,19,0,86,64,27,0,84,86,72,0,0,47,0,13,82,87,71,0,0,0,0,0,0,0,68,0,0,1,0,5,0
l15,0=0,0,0,0,0,0,66,27,77,72,70,96,96,25,40,0,66,73,0,0,8,0,20,0,84,0,0,0,0,0,0,0,0,0,0,0,4,0,65,0
l16,0=0,0,0,0,0,0,44,0,82,67,0,85,45,18,30,69,0,82,0,72,49,47,40,66,80,0,0,0,0,0,0,0,0,32,0,31,22,13,80,77
l17,0=0,0,0,0,0,0,0,0,77,80,0,92,81,27,30,84,87,0,0,0,57,48,30,0,84,43,0,0,0,0,0,0,0,74,0,0,29,1,0,0
l18,0=0,0,0,0,0,0,0,0,0,0,0,0,0,0,0,0,0,0,0,0,86,1,70,0,0,0,0,0,0,0,0,0,0,0,0,0,0,0,0,0
l19,0=0,0,0,0,0,0,0,0,8,0,0,33,0,29,0,0,60,0,0,0,89,54,91,0,0,0,1,0,0,3,0,38,0,0,0,1,59,15,55,62
l20,0=0,0,0,0,0,0,0,0,0,0,0,0,33,0,15,3,60,64,81,88,0,88,91,0,0,0,0,0,0,0,0,0,0,0,7,0,60,57,87,92
l21,0=0,0,0,0,0,0,0,0,54,0,0,30,25,15,0,0,79,51,46,51,98,0,91,0,0,0,0,0,0,0,0,0,0,0,0,80,18,24,83,76
l22,0=0,0,0,0,0,0,0,0,47,26,0,0,0,14,7,33,72,42,69,90,98,88,0,0,20,0,22,0,0,0,0,0,1,0,0,52,95,31,75,80
l23,0=0,0,0,0,0,0,0,0,43,0,0,0,77,46,84,0,72,0,0,0,0,0,0,0,86,0,0,0,0,0,0,0,0,52,73,0,0,0,0,0
l24,0=0,0,0,0,0,0,0,0,82,0,0,83,95,26,83,84,76,72,0,0,0,0,8,84,0,51,0,0,0,0,0,0,22,73,70,0,0,0,15,0
l25,0=0,0,0,0,0,0,0,0,6,0,0,0,81,21,87,0,0,62,0,0,0,0,0,0,78,0,20,1,0,0,0,21,25,64,75,0,0,0,0,0
l26,0=0,0,0,0,0,0,0,0,0,0,0,0,0,0,0,0,0,0,0,21,0,0,56,0,0,60,0,71,85,91,93,95,67,51,62,0,0,0,0,0
l27,0=0,0,0,0,0,0,0,0,0,0,0,0,0,0,0,0,0,0,0,0,0,0,0,0,0,0,81,0,85,95,99,84,58,45,64,0,0,0,0,0
l28,0=0,0,0,0,0,0,0,0,0,0,0,0,0,0,0,0,0,0,0,4,0,0,0,0,0,0,89,100,0,95,99,93,67,50,60,0,0,0,0,0
l29,0=0,0,0,0,0,0,0,0,0,0,0,0,0,0,0,0,0,0,0,55,0,0,0,0,0,0,89,100,85,0,99,77,59,47,54,0,0,0,0,0
l30,0=0,0,0,0,0,0,0,0,0,0,0,0,0,0,0,0,0,0,0,0,0,0,0,0,0,0,79,100,85,95,0,71,76,71,0,0,0,0,0,0
l31,0=0,0,0,0,0,0,0,0,0,0,0,0,0,0,0,0,0,0,0,66,0,0,0,0,0,60,84,61,72,72,61,0,83,79,93,0,0,0,0,0
l32,0=0,0,0,0,0,0,0,0,0,0,0,0,0,0,0,0,0,0,0,0,0,0,0,1,51,65,76,54,71,67,64,90,0,82,93,0,0,0,0,0
l33,0=0,0,0,0,0,0,0,0,0,0,0,0,64,0,56,0,55,60,0,0,0,0,0,49,57,65,67,43,63,59,70,83,83,0,78,0,0,0,0,0
l34,0=0,0,0,0,0,0,0,0,0,0,0,0,0,0,0,0,0,0,0,0,58,0,5,63,53,70,76,63,64,71,0,95,91,56,0,0,0,0,0,0
l35,0=0,0,0,0,0,0,0,0,0,0,0,0,0,0,0,0,31,0,0,0,0,34,24,0,0,0,0,0,0,0,0,0,0,0,0,0,32,58,92,58
l36,0=0,0,0,0,0,0,0,0,0,0,0,66,20,8,0,4,63,54,0,53,64,23,42,0,0,0,0,0,0,0,0,0,0,0,0,78,0,57,86,75
l37,0=0,0,0,0,0,0,0,0,0,0,0,0,0,0,0,0,33,0,0,12,64,0,25,0,0,0,0,0,0,0,0,0,0,0,0,79,34,0,58,91
l38,0=0,0,0,0,0,0,0,0,59,0,0,64,33,16,0,69,86,0,0,55,65,52,42,0,0,0,0,0,0,0,0,0,0,0,0,85,35,35,0,96
l39,0=0,0,0,0,0,0,0,0,0,0,0,0,0,0,0,0,69,0,0,65,64,39,42,0,0,0,0,0,0,0,0,0,0,0,0,64,31,60,82,0

l0,1=0,83,84,85,77,77,79,24,36,73,43,0,0,3,0,0,0,0,0,0,0,0,0,0,0,0,0,0,0,0,0,0,0,0,0,0,0,0,0,0
l1,1=89,0,89,82,86,83,72,74,61,64,74,0,0,36,0,0,0,0,0,0,0,0,0,0,0,0,0,0,0,0,0,0,0,0,0,0,0,0,0,0
l2,1=87,90,0,78,75,86,82,81,0,75,83,0,0,0,0,7,0,0,0,0,0,0,0,0,0,0,0,0,0,0,0,0,0,0,0,0,0,0,0,0
l3,1=89,81,75,0,82,77,71,20,0,54,72,0,0,0,0,0,0,0,0,0,0,0,0,0,0,0,0,0,0,0,0,0,0,0,0,0,0,0,0,0
l4,1=73,81,69,76,0,71,66,0,61,66,73,0,0,38,0,0,0,0,0,0,0,0,0,0,0,0,0,0,0,0,0,0,0,0,0,0,0,0,0,0
l5,1=87,87,89,83,82,0,79,82,70,75,80,0,0,0,0,0,0,0,0,0,0,0,0,0,0,0,0,0,0,0,0,0,0,0,0,0,0,0,0,0
l6,1=59,47,85,42,47,69,0,82,77,37,80,31,10,32,0,0,20,0,0,0,0,0,0,0,0,0,0,0,0,0,0,0,0,0,0,0,0,0,0,0
l7,1=16,74,81,29,23,75,81,0,77,76,85,24,6,13,0,6,0,0,0,0,0,0,0,0,0,0,0,0,0,0,0,0,0,0,0,0,0,0,0,0
l8,1=1,7,0,0,29,23,64,72,0,80,69,60,0,66,36,45,38,24,0,0,0,35,26,11,0,0,0,0,0,0,0,0,0,0,0,0,0,0,5,0
l9,1=42,17,70,28,67,63,53,72,86,0,85,61,24,70,27,42,24,29,0,0,0,19,20,0,0,0,0,0,0,0,0,0,0,0,0,0,0,0,0,0
l10,1=23,71,85,65,76,70,81,85,77,81,0,51,0,74,0,37,0,0,0,0,0,2,0,0,0,0,0,0,0,0,0,0,0,0,0,0,0,0,0,0
l11,1=0,0,0,0,0,0,34,17,36,32,41,0,79,74,68,56,50,70,0,11,0,1,0,0,48,0,0,0,0,0,0,0,0,0,0,34,29,0,33,0
l12,1=0,0,0,0,0,0,0,0,0,6,0,75,0,65,77,56,59,79,0,0,37,21,2,65,82,61,0,0,0,0,0,0,0,0,0,0,0,0,42,0
l13,1=0,0,0,0,14,0,31,0,40,35,66,75,68,0,54,27,43,53,0,16,27,27,36,32,0,29,0,0,0,0,0,0,0,0,0,0,0,0,27,0
l14,1=0,0,0,0,0,0,0,0,19,19,0,47,85,30,0,37,54,45,0,0,34,22,0,63,53,59,0,0,0,0,0,0,0,0,0,0,1,0,0,0
l15,1=0,0,0,0,0,0,0,0,25,26,33,86,82,21,46,0,26,66,0,0,22,0,22,20,73,0,0,0,0,0,0,0,0,0,0,0,15,0,12,0
l16,1=0,0,0,0,0,0,11,0,14,12,0,37,47,31,51,29,0,58,0,4,46,45,49,29,31,34,0,0,0,0,0,0,1,20,0,42,16,0,27,42
l17,1=0,0,0,0,0,0,0,0,13,17,0,84,88,40,53,49,68,0,0,0,37,12,26,34,32,32,0,0,0,0,0,0,0,25,0,0,21,0,9,0
l18,1=0,0,0,0,0,0,0,0,0,0,0,0,0,0,0,0,0,0,0,28,50,47,58,0,0,0,0,0,0,0,0,0,0,0,0,0,0,0,0,0
l19,1=0,0,0,0,0,0,0,0,0,0,0,15,0,23,0,0,20,0,15,0,64,38,68,0,0,0,0,0,0,0,0,26,0,0,0,0,22,19,56,63
l20,1=0,0,0,0,0,0,0,0,0,0,0,0,33,21,33,15,49,36,23,68,0,63,70,0,0,0,0,0,0,0,0,0,0,0,2,40,36,25,68,69
l21,1=0,0,0,0,0,0,0,0,41,20,6,0,31,29,32,0,50,31,18,24,69,0,65,0,0,0,6,0,0,0,0,18,17,0,0,57,21,35,62,65
l22,1=0,0,0,0,0,0,0,0,18,17,0,0,15,26,0,26,49,33,24,71,68,58,0,0,6,0,23,0,0,4,0,0,3,0,0,53,54,23,59,70
l23,1=0,0,0,0,0,0,0,0,15,0,0,0,56,42,63,24,39,38,0,0,0,0,0,0,72,50,0,0,0,0,0,0,0,2,58,0,0,0,0,0
l24,1=0,0,0,0,0,0,0,0,0,0,0,49,82,12,64,53,46,57,0,0,0,0,7,69,0,63,0,0,0,0,0,0,16,34,44,0,0,0,0,0
l25,1=0,0,0,0,0,0,0,0,8,0,0,0,55,37,67,0,43,45,0,0,0,0,0,51,61,0,29,0,31,0,0,36,0,46,56,0,0,0,0,0
l26,1=0,0,0,0,0,0,0,0,0,0,0,0,0,0,0,0,0,0,0,0,0,1,36,0,0,34,0,39,75,76,77,78,69,54,52,0,0,0,0,0
l27,1=0,0,0,0,0,0,0,0,0,0,0,0,0,0,0,0,0,0,0,0,0,0,0,0,0,0,55,0,73,85,89,52,60,55,65,0,0,0,0,0
l28,1=0,0,0,0,0,0,0,0,0,0,0,0,0,0,0,0,0,0,0,14,14,0,0,0,0,32,70,76,0,87,85,77,41,53,58,0,0,0,0,0
l29,1=0,0,0,0,0,0,0,0,0,0,0,0,0,0,0,0,0,0,0,6,0,0,20,0,0,5,62,73,76,0,84,67,41,34,49,0,0,0,0,0
l30,1=0,0,0,0,0,0,0,0,0,0,0,0,0,0,0,0,0,0,0,0,0,0,0,0,0,0,55,88,74,85,0,44,41,52,0,0,0,0,0,0
l31,1=0,0,0,0,0,0,0,0,0,0,0,0,0,0,0,0,0,0,0,39,0,26,0,0,0,39,59,33,55,43,44,0,65,64,72,0,0,0,0,0
l32,1=0,0,0,0,0,0,0,0,0,0,0,0,0,0,0,0,28,0,0,0,0,25,4,0,34,0,57,35,37,43,44,75,0,69,83,0,0,0,0,0
l33,1=0,0,0,0,0,0,0,0,0,0,0,0,5,0,0,0,34,41,0,0,0,0,0,10,33,52,55,32,48,34,61,68,65,0,63,0,0,0,0,0
l34,1=0,0,0,0,0,0,0,0,0,0,0,0,0,0,1,0,27,0,0,0,37,0,0,53,34,53,51,40,54,40,0,74,81,64,0,0,0,0,0,0
l35,1=0,0,0,0,0,0,0,0,0,0,0,22,0,0,0,0,35,0,0,0,34,49,46,0,0,0,0,0,0,0,0,0,0,0,0,0,39,35,85,54
l36,1=0,0,0,0,0,0,0,0,0,0,0,38,0,1,0,31,41,39,0,9,52,14,61,0,0,0,0,0,0,0,0,0,0,0,0,70,0,30,65,68
l37,1=0,0,0,0,0,0,0,0,0,0,0,0,0,0,0,0,1,0,0,6,46,43,53,0,0,0,0,0,0,0,0,0,0,0,0,69,36,0,59,73
l38,1=0,0,0,0,0,0,0,0,1,0,0,33,44,30,0,3,48,0,0,31,59,56,59,0,0,0,0,0,0,0,0,0,0,0,0,70,57,35,0,71
l39,1=0,0,0,0,0,0,0,0,0,0,0,0,0,0,0,0,44,0,0,34,51,46,61,0,0,0,0,0,0,0,0,0,0,0,0,56,32,30,42,0

l0,2=0,77,77,79,76,81,58,0,12,69,0,0,0,0,0,0,0,0,0,0,0,0,0,0,0,0,0,0,0,0,0,0,0,0,0,0,0,0,0,0
l1,2=85,0,76,84,79,88,73,58,51,70,67,0,0,0,0,0,0,0,0,0,0,0,0,0,0,0,0,0,0,0,0,0,0,0,0,0,0,0,0,0
l2,2=87,79,0,80,83,89,80,70,0,81,69,0,0,0,0,0,0,0,0,0,0,0,0,0,0,0,0,0,0,0,0,0,0,0,0,0,0,0,0,0
l3,2=84,77,73,0,82,83,39,40,17,0,57,0,0,0,0,0,0,0,0,0,0,0,0,0,0,0,0,0,0,0,0,0,0,0,0,0,0,0,0,0
l4,2=80,73,73,79,0,79,65,54,54,72,58,0,0,0,0,0,0,0,0,0,0,0,0,0,0,0,0,0,0,0,0,0,0,0,0,0,0,0,0,0
l5,2=81,79,80,81,76,0,65,64,64,74,68,0,0,0,0,0,0,0,0,0,0,0,0,0,0,0,0,0,0,0,0,0,0,0,0,0,0,0,0,0
l6,2=39,74,82,25,64,76,0,51,41,59,70,25,22,15,0,20,0,0,0,0,0,0,0,0,0,0,0,0,0,0,0,0,0,0,0,0,0,0,0,0
l7,2=0,59,77,29,41,74,55,0,67,77,78,29,1,21,0,34,5,0,0,0,0,0,0,0,0,0,0,0,0,0,0,0,0,0,0,0,0,0,0,0
l8,2=0,21,0,9,32,45,28,51,0,84,55,51,0,48,0,49,22,36,0,0,0,28,26,5,21,16,0,0,0,0,0,0,0,0,0,0,0,0,19,0
l9,2=29,32,69,4,56,50,33,57,79,0,75,29,19,46,5,33,12,24,0,0,0,18,0,0,0,0,0,0,0,0,0,0,0,0,0,0,0,0,0,0
l10,2=0,66,65,43,46,67,64,68,68,78,0,42,0,33,0,21,0,8,0,0,0,0,0,25,0,0,0,0,0,0,0,0,0,0,0,0,0,0,0,0
l11,2=0,0,0,0,0,0,11,9,42,34,27,0,81,55,64,83,25,73,0,23,14,27,24,30,17,0,0,0,0,0,0,0,0,0,0,16,29,0,21,27
l12,2=0,0,0,0,0,0,27,0,0,26,0,78,0,37,75,76,37,76,0,0,0,26,5,68,88,70,0,0,0,0,0,0,0,0,0,0,0,0,29,0
l13,2=0,0,0,0,0,0,3,23,68,69,37,77,32,0,33,52,25,37,1,26,26,22,26,32,26,14,0,0,0,0,0,0,0,0,0,0,0,0,33,0
l14,2=0,0,0,0,0,0,0,0,0,5,0,57,81,24,0,36,37,44,0,0,8,1,0,73,54,52,0,0,0,0,0,0,0,30,0,0,0,0,30,0
l15,2=0,0,0,0,0,0,19,28,55,38,20,90,72,38,39,0,23,57,0,17,36,0,0,0,70,0,0,0,0,0,0,0,0,0,0,0,10,0,27,0
l16,2=0,0,0,0,0,0,0,0,29,15,0,41,45,33,56,38,0,63,0,22,50,36,56,19,32,27,0,0,0,0,0,0,0,21,0,35,41,23,37,40
l17,2=0,0,0,0,0,0,0,0,32,13,0,81,82,42,56,74,48,0,0,0,36,0,32,42,66,0,0,0,0,0,0,0,0,26,0,0,34,0,36,0
l18,2=0,0,0,0,0,0,0,0,0,0,0,0,0,5,0,0,0,0,0,47,54,42,52,0,0,0,0,0,0,0,0,0,0,0,0,0,0,0,0,0
l19,2=0,0,0,0,0,0,0,0,0,0,0,19,0,30,0,1,18,0,39,0,61,0,71,0,0,0,0,0,23,44,0,30,0,0,0,0,49,19,56,59
l20,2=0,0,0,0,0,0,0,0,0,0,0,3,0,23,0,52,41,30,36,56,0,55,66,0,0,0,0,0,0,0,0,0,0,0,15,48,57,47,65,62
l21,2=0,0,0,0,0,0,0,0,41,24,0,39,31,32,0,8,42,2,36,0,67,0,62,0,0,0,0,0,0,0,0,0,0,34,0,43,43,61,65,62
l22,2=0,0,0,0,0,0,0,0,34,0,0,34,22,26,0,0,41,32,38,61,64,57,0,0,0,0,0,0,0,37,0,0,0,0,0,46,59,55,54,66
l23,2=0,0,0,0,0,0,0,0,4,0,16,11,67,34,70,0,15,47,0,0,0,0,0,0,77,58,0,0,0,0,0,0,0,0,46,0,0,0,0,0
l24,2=0,0,0,0,0,0,0,0,36,0,0,31,74,37,65,66,35,60,0,0,13,0,0,78,0,68,0,0,0,0,0,0,11,46,27,0,25,0,6,0
l25,2=0,0,0,0,0,0,0,0,40,0,0,0,67,33,64,0,30,7,0,0,0,0,0,63,70,0,50,0,0,0,0,45,45,57,55,0,0,0,0,0
l26,2=0,0,0,0,0,0,0,0,0,0,0,0,0,0,0,0,0,0,0,0,0,0,0,0,0,29,0,23,87,81,85,59,62,71,66,0,0,0,0,0
l27,2=0,0,0,0,0,0,0,0,0,0,0,0,0,0,0,0,0,0,0,0,0,0,0,0,0,0,44,0,88,90,93,59,62,56,64,0,0,0,0,0
l28,2=0,0,0,0,0,0,0,0,0,0,0,0,0,0,0,0,0,0,0,40,17,0,10,0,0,0,87,78,0,90,91,61,45,72,55,0,0,0,0,0
l29,2=0,0,0,0,0,0,0,0,0,0,0,0,0,0,0,0,0,0,0,38,0,0,35,0,0,0,77,77,88,0,82,57,53,0,13,0,0,0,0,0
l30,2=0,0,0,0,0,0,0,0,0,0,0,0,0,0,0,0,0,0,0,0,0,0,0,0,0,0,77,88,87,83,0,32,59,70,41,0,0,0,0,0
l31,2=0,0,0,0,0,0,0,0,0,0,0,0,0,0,0,0,0,0,0,45,0,0,0,1,0,39,80,50,70,65,44,0,69,72,78,0,0,0,0,0
l32,2=0,0,0,0,0,0,0,0,0,0,0,0,0,0,0,0,0,0,0,0,0,0,0,0,17,47,69,42,55,69,55,60,0,72,89,0,0,0,0,0
l33,2=0,0,0,0,0,0,0,0,0,0,0,0,0,0,53,0,16,24,0,0,0,27,0,4,54,51,62,31,64,0,62,55,66,0,68,0,0,0,0,0
l34,2=0,0,0,0,0,0,0,0,0,0,0,0,0,0,0,0,0,0,0,0,42,0,0,45,37,49,62,37,64,35,37,66,81,74,0,0,0,0,0,0
l35,2=0,0,0,0,0,0,0,0,0,0,0,0,0,0,0,0,34,0,0,0,48,31,46,0,0,0,0,0,0,0,0,0,0,0,0,0,62,64,70,59
l36,2=0,0,0,0,0,0,0,0,0,0,0,44,0,0,0,13,37,41,0,44,61,29,55,0,5,0,0,0,0,0,0,0,0,0,0,56,0,66,70,41
l37,2=0,0,0,0,0,0,0,0,0,0,0,0,0,0,0,0,21,0,0,13,44,41,47,0,0,0,0,0,0,0,0,0,0,0,0,56,61,0,70,66
l38,2=0,0,0,0,0,0,0,0,10,0,0,0,16,32,30,31,34,32,0,44,65,45,44,0,0,0,0,0,0,0,0,0,0,0,0,57,62,66,0,66
l39,2=0,0,0,0,0,0,0,0,0,0,0,0,0,0,0,0,38,0,0,49,56,42,52,0,0,0,0,0,0,0,0,0,0,0,0,48,50,58,55,0

l0,3=0,85,83,84,84,82,0,34,26,69,0,0,0,0,0,0,0,0,0,0,0,0,0,0,0,0,0,0,0,0,0,0,0,0,0,0,0,0,0,0
l1,3=86,0,84,86,85,88,87,74,71,68,32,0,0,0,0,0,0,0,0,0,0,0,0,0,0,0,0,0,0,0,0,0,0,0,0,0,0,0,0,0
l2,3=86,83,0,84,85,87,90,80,81,70,82,0,0,68,0,0,0,0,0,0,0,0,0,0,0,0,0,0,0,0,0,0,0,0,0,0,0,0,0,0
l3,3=86,86,83,0,82,82,78,0,78,11,68,0,0,0,0,0,0,0,0,0,0,0,0,0,0,0,0,0,0,0,0,0,0,0,0,0,0,0,0,0
l4,3=86,87,84,42,0,85,44,0,41,63,0,0,0,0,0,0,0,0,0,0,0,0,0,0,0,0,0,0,0,0,0,0,0,0,0,0,0,0,0,0
l5,3=86,89,89,84,85,0,86,78,84,70,78,44,0,69,0,0,0,0,0,0,0,0,0,0,0,0,0,0,0,0,0,0,0,0,0,0,0,0,0,0
l6,3=0,87,89,82,76,85,0,82,84,81,90,81,57,50,0,66,65,0,0,0,0,0,0,0,0,0,0,0,0,0,0,0,0,0,0,0,0,0,0,0
l7,3=61,81,84,0,0,85,84,0,90,82,92,0,1,77,0,78,51,0,0,0,0,0,0,0,0,0,0,0,0,0,0,0,0,0,0,0,0,0,0,0
l8,3=0,28,29,30,36,39,35,82,0,86,87,53,20,83,0,84,35,31,0,0,0,36,31,10,28,12,0,0,0,0,0,0,0,0,0,0,0,0,13,0
l9,3=39,33,39,18,47,38,52,78,91,0,92,33,17,84,32,45,0,0,0,0,29,2,0,0,0,0,0,0,0,0,0,0,0,0,0,0,0,0,0,0
l10,3=0,26,82,31,0,74,86,91,90,86,0,30,16,83,29,28,0,0,0,0,0,0,0,26,10,0,0,0,0,0,0,0,0,0,0,0,0,0,19,0
l11,3=0,0,0,0,0,33,44,0,82,36,36,0,82,88,86,94,21,85,0,12,32,28,34,47,74,21,0,0,0,0,0,0,0,0,0,0,42,31,78,0
l12,3=0,0,0,0,0,0,32,0,32,23,2,94,0,42,97,92,35,95,0,16,0,29,25,83,93,88,0,0,0,0,0,0,0,14,0,13,0,0,40,0
l13,3=0,0,30,0,0,32,15,27,91,83,43,91,33,0,0,76,31,35,18,18,35,21,30,35,22,28,0,0,0,0,0,0,0,0,0,0,5,0,38,0
l14,3=0,0,0,0,0,0,0,0,0,31,30,95,89,20,0,38,45,19,0,0,35,0,13,94,93,42,0,0,0,0,0,0,0,20,4,0,0,0,43,0
l15,3=0,0,0,0,0,0,34,33,89,57,20,95,81,84,36,0,64,76,0,10,40,15,0,35,85,0,0,0,0,0,0,0,0,0,0,0,0,0,42,17
l16,3=0,0,0,0,0,0,31,18,35,0,0,15,28,32,79,44,0,79,17,18,76,56,74,27,31,28,0,0,0,0,0,0,0,25,0,0,37,40,43,31
l17,3=0,0,0,0,0,0,0,0,75,0,0,91,89,75,19,78,82,0,0,0,67,31,28,42,80,0,0,0,0,0,0,0,0,7,0,23,70,0,45,24
l18,3=0,0,0,0,0,0,0,0,0,0,0,0,0,61,0,0,32,0,0,59,65,45,62,0,0,0,0,0,0,0,0,0,0,0,0,0,0,0,0,0
l19,3=0,0,0,0,0,0,0,0,0,0,0,0,34,50,0,2,42,0,62,0,91,82,94,0,0,0,0,0,50,66,0,54,0,0,0,19,85,36,76,66
l20,3=0,0,0,0,0,0,0,0,0,31,0,31,0,65,44,76,75,50,53,87,0,87,91,0,44,0,1,0,0,0,0,0,0,0,0,61,87,86,86,77
l21,3=0,0,0,0,0,0,0,0,76,27,0,69,56,52,0,41,75,40,54,86,93,0,91,0,0,0,0,0,0,0,0,0,0,48,0,64,85,82,80,58
l22,3=0,0,0,0,0,0,0,0,57,0,0,61,36,62,1,0,76,27,49,97,95,87,0,0,0,0,0,0,0,65,0,0,0,0,0,81,79,87,45,78
l23,3=0,0,0,0,0,0,0,0,6,0,0,27,81,30,90,38,31,32,0,0,0,0,0,0,91,85,0,0,0,0,0,4,0,0,0,0,0,0,0,0
l24,3=0,0,0,0,0,0,0,0,35,0,0,30,89,30,92,86,34,75,0,0,36,0,0,94,0,85,0,0,0,0,0,0,0,28,0,0,28,0,36,0
l25,3=0,0,0,0,0,0,0,0,28,0,0,6,84,26,85,0,33,0,0,0,0,0,0,90,89,0,12,0,0,1,0,38,42,54,43,0,0,0,0,0
l26,3=0,0,0,0,0,0,0,0,0,0,0,0,0,0,0,0,0,0,0,10,37,0,0,0,0,15,0,68,97,95,90,95,85,68,90,0,0,0,0,0
l27,3=0,0,0,0,0,0,0,0,0,0,0,0,0,0,0,0,0,0,0,0,0,0,0,0,0,0,86,0,97,97,99,93,86,0,2,0,0,0,0,0
l28,3=0,0,0,0,0,0,0,0,0,0,0,0,0,0,0,0,0,0,0,66,0,0,34,0,0,0,91,100,0,97,86,91,78,91,83,0,0,0,0,0
l29,3=0,0,0,0,0,0,0,0,0,0,0,0,0,0,0,0,0,0,0,63,0,0,55,0,0,1,91,100,97,0,83,83,76,67,72,0,0,0,0,0
l30,3=0,0,0,0,0,0,0,0,0,0,0,0,0,0,0,0,0,0,0,0,0,0,0,0,0,0,90,100,93,94,0,77,85,73,0,0,0,0,0,0
l31,3=0,0,0,0,0,0,0,0,0,0,0,0,0,0,0,0,0,0,0,65,0,0,0,53,0,64,89,65,87,76,63,0,93,94,98,0,0,0,0,0
l32,3=0,0,0,0,0,0,0,0,0,0,0,0,10,0,0,0,0,0,0,0,0,0,0,0,0,76,84,77,84,84,74,98,0,96,98,0,0,0,0,0
l33,3=0,0,0,0,0,0,0,0,0,0,0,0,21,0,20,0,55,1,0,0,0,20,0,0,82,90,59,0,86,68,54,92,86,0,95,0,0,0,0,0
l34,3=0,0,0,0,0,0,0,0,0,0,0,0,0,0,32,0,0,0,0,0,38,0,0,34,0,78,80,17,80,83,32,94,93,97,0,0,0,0,0,0
l35,3=0,0,0,0,0,0,0,0,0,0,0,0,16,0,0,0,0,9,0,0,62,38,81,0,0,0,0,0,0,0,0,0,0,0,0,0,87,87,83,77
l36,3=0,0,0,0,0,0,0,0,0,0,0,56,0,23,0,0,45,40,0,57,74,60,61,0,32,0,0,0,0,0,0,0,0,0,0,87,0,86,85,68
l37,3=0,0,0,0,0,0,0,0,0,0,0,3,0,0,0,0,55,0,0,15,81,71,84,0,0,0,0,0,0,0,0,0,0,0,0,83,88,0,78,77
l38,3=0,0,0,0,0,0,0,0,1,0,0,75,40,62,70,58,55,38,0,62,87,67,53,0,43,0,0,0,0,0,0,0,0,0,0,86,91,79,0,83
l39,3=0,0,0,0,0,0,0,0,0,0,0,0,0,0,0,0,63,1,0,57,81,28,83,0,0,0,0,0,0,0,0,0,0,0,0,85,85,86,82,0

l0,4=0,90,73,94,93,82,0,22,76,86,0,0,0,0,0,0,0,0,0,0,0,0,0,0,0,0,0,0,0,0,0,0,0,0,0,0,0,0,0,0
l1,4=88,0,89,93,94,93,94,73,82,87,86,0,0,5,0,0,0,0,0,0,0,0,0,0,0,0,0,0,0,0,0,0,0,0,0,0,0,0,0,0
l2,4=82,84,0,89,91,93,94,89,82,87,87,0,0,87,0,2,0,0,0,0,0,0,0,0,0,0,0,0,0,0,0,0,0,0,0,0,0,0,0,0
l3,4=93,91,93,0,92,93,82,0,82,0,0,0,0,0,0,0,0,0,0,0,0,0,0,0,0,0,0,0,0,0,0,0,0,0,0,0,0,0,0,0
l4,4=88,90,93,93,0,92,94,79,83,83,70,0,0,13,0,0,0,0,0,0,0,0,0,0,0,0,0,0,0,0,0,0,0,0,0,0,0,0,0,0
l5,4=85,89,94,89,88,0,90,89,87,88,86,0,0,78,0,73,0,0,0,0,0,0,0,0,0,0,0,0,0,0,0,0,0,0,0,0,0,0,0,0
l6,4=0,89,93,76,87,87,0,92,80,89,93,80,77,0,0,79,79,0,0,0,0,0,0,0,0,0,0,0,0,0,0,0,0,0,0,0,0,0,0,0
l7,4=55,71,91,0,83,91,93,0,89,92,93,79,0,87,0,83,0,0,0,0,0,0,0,0,0,0,0,0,0,0,0,0,0,0,0,0,0,0,0,0
l8,4=73,69,33,67,80,71,72,79,0,91,80,80,79,90,77,82,78,83,0,0,55,81,75,0,0,0,0,0,0,0,0,0,0,0,0,0,0,0,0,0
l9,4=76,72,78,4,79,76,85,88,92,0,95,77,0,90,0,70,0,82,0,0,77,0,80,0,0,0,0,0,0,0,0,0,0,0,0,0,0,0,0,0
l10,4=0,74,90,0,78,89,93,91,87,92,0,83,79,89,83,80,0,76,0,0,0,0,0,72,0,0,0,0,0,0,0,0,0,0,0,0,0,0,0,0
l11,4=0,0,0,0,0,0,82,64,83,80,82,0,85,91,86,94,83,87,0,0,0,76,74,74,68,66,0,0,0,0,0,0,0,0,0,0,78,45,77,0
l12,4=0,0,0,0,0,0,39,0,79,0,78,82,0,94,91,86,90,93,0,25,79,0,0,86,85,85,0,0,0,0,0,0,64,75,0,58,54,0,75,0
l13,4=0,0,75,0,0,11,0,52,86,83,80,82,81,0,82,84,78,86,0,52,81,64,80,77,0,73,0,0,0,0,0,0,0,0,0,0,15,0,50,0
l14,4=0,0,0,0,0,0,0,0,81,0,82,85,88,91,0,0,87,26,0,0,85,0,49,91,89,85,0,0,0,0,0,0,0,83,84,0,44,0,79,0
l15,4=0,0,0,0,0,61,77,71,83,72,79,91,83,91,0,0,78,83,0,15,82,74,78,72,78,15,0,0,0,0,0,0,0,0,0,0,79,48,75,0
l16,4=0,0,0,0,0,0,79,0,77,0,0,72,83,91,88,83,0,92,73,83,89,76,83,69,76,75,0,0,0,0,0,0,0,0,0,83,80,58,77,76
l17,4=0,0,0,0,0,0,0,0,78,81,52,84,89,93,21,83,94,0,0,10,84,72,76,64,83,14,0,0,0,0,0,0,0,0,0,81,83,0,68,78
l18,4=0,0,0,0,0,0,0,0,0,0,0,0,0,0,0,0,72,0,0,86,58,75,84,0,0,0,0,0,0,0,0,0,0,0,0,0,0,0,0,0
l19,4=0,0,0,0,0,0,0,0,0,0,0,0,35,64,0,0,70,0,80,0,94,81,95,0,0,0,8,0,0,73,0,0,0,0,0,80,81,0,72,77
l20,4=0,0,0,0,0,0,0,0,29,61,0,0,60,81,79,79,80,78,41,96,0,81,94,0,68,0,0,0,63,0,0,0,29,0,0,81,89,75,91,76
l21,4=0,0,0,0,0,0,0,0,78,0,0,71,0,76,0,77,88,68,78,96,94,0,92,0,25,0,0,0,0,0,0,0,0,62,0,78,89,75,87,86
l22,4=0,0,0,0,0,0,0,0,63,79,0,67,0,84,19,54,80,61,79,100,96,85,0,0,0,0,45,0,0,57,0,0,34,42,0,56,90,79,91,35
l23,4=0,0,0,0,0,0,0,0,0,0,2,85,87,91,94,86,83,56,0,0,0,0,0,0,89,94,0,0,0,0,0,0,0,84,89,0,0,0,0,0
l24,4=0,0,0,0,0,0,0,0,0,0,0,77,87,0,94,86,84,92,0,0,83,0,0,94,0,86,0,0,0,0,0,0,0,83,0,0,0,0,0,0
l25,4=0,0,0,0,0,0,0,0,0,0,0,51,89,83,94,31,82,34,0,0,0,0,0,94,92,0,0,0,0,64,0,63,89,92,90,0,0,0,0,0
l26,4=0,0,0,0,0,0,0,0,0,0,0,0,0,0,0,0,0,0,0,53,0,0,80,0,0,0,0,88,98,99,100,100,97,84,98,0,0,0,0,0
l27,4=0,0,0,0,0,0,0,0,0,0,0,0,0,0,0,0,0,0,0,0,0,0,0,0,0,0,100,0,98,99,100,96,86,0,77,0,0,0,0,0
l28,4=0,0,0,0,0,0,0,0,0,0,0,0,0,0,0,0,0,0,0,32,87,0,0,0,0,0,100,100,0,99,92,91,94,91,93,0,0,0,0,0
l29,4=0,0,0,0,0,0,0,0,0,0,0,0,0,0,0,0,0,0,0,94,0,0,84,0,0,76,100,100,98,0,97,90,90,91,91,0,0,0,0,0
l30,4=0,0,0,0,0,0,0,0,0,0,0,0,0,0,0,0,0,0,0,0,0,0,0,0,0,0,98,100,95,98,0,95,91,91,0,0,0,0,0,0
l31,4=0,0,0,0,0,0,0,0,0,0,0,0,0,0,0,0,0,0,0,0,0,0,0,0,0,80,100,93,87,87,87,0,99,98,100,0,0,0,0,0
l32,4=0,0,0,0,0,0,0,0,0,0,0,0,77,0,0,0,0,0,0,0,80,0,67,0,0,91,97,94,97,97,95,100,0,100,100,0,0,0,0,0
l33,4=0,0,0,0,0,0,0,0,0,0,0,0,75,0,79,0,0,0,0,0,0,25,43,84,83,95,79,0,86,84,81,100,99,0,100,0,0,0,0,0
l34,4=0,0,0,0,0,0,0,0,0,0,0,0,0,0,86,0,0,0,0,0,4,0,0,93,16,92,97,84,97,97,2,100,100,100,0,0,0,0,0,0
l35,4=0,0,0,0,0,0,0,0,0,0,0,0,26,0,0,0,65,41,0,54,74,32,38,0,0,0,0,0,0,0,0,0,0,0,0,0,88,80,79,81
l36,4=0,0,0,0,0,0,0,0,0,0,0,49,32,34,3,53,52,71,0,72,87,63,72,0,0,0,0,0,0,0,0,0,0,0,0,87,0,79,78,81
l37,4=0,0,0,0,0,0,0,0,0,0,0,0,0,0,0,8,35,0,0,3,80,59,77,0,0,0,0,0,0,0,0,0,0,0,0,91,90,0,74,79
l38,4=0,0,0,0,0,0,0,0,0,0,0,68,68,36,78,77,79,57,0,77,94,68,87,0,0,0,0,0,0,0,0,0,0,0,0,92,85,76,0,86
l39,4=0,0,0,0,0,0,0,0,0,0,0,0,0,0,0,0,55,57,0,82,80,71,10,0,0,0,0,0,0,0,0,0,0,0,0,88,88,77,82,0

l0,5=0,91,82,81,71,69,78,0,0,78,68,0,0,0,0,0,0,0,0,0,0,0,0,0,0,0,0,0,0,0,0,0,0,0,0,0,0,0,0,0
l1,5=86,0,90,81,90,87,87,76,0,77,72,0,2,1,0,0,0,0,0,0,0,0,0,12,0,0,0,0,0,0,0,0,0,0,0,0,0,0,0,0
l2,5=72,84,0,81,78,81,79,69,1,78,72,0,0,10,0,0,0,0,0,0,0,0,0,0,0,0,0,0,0,0,0,0,0,0,0,0,0,0,0,0
l3,5=73,78,81,0,90,77,78,0,19,64,0,0,0,0,0,0,0,0,0,0,0,0,0,0,0,0,0,0,0,0,0,0,0,0,0,0,0,0,0,0
l4,5=62,89,87,87,0,82,83,76,72,0,67,0,0,53,0,0,0,0,0,0,0,0,0,0,0,0,0,0,0,0,0,0,0,0,0,0,0,0,0,0
l5,5=68,90,84,81,87,0,77,81,69,79,72,46,0,81,0,0,0,0,0,0,0,0,0,0,0,0,0,0,0,0,0,0,0,0,0,0,0,0,0,0
l6,5=66,82,85,81,82,70,0,83,66,79,76,45,0,0,0,0,59,0,0,2,0,0,0,0,0,0,0,0,0,0,0,0,0,0,0,0,0,0,0,0
l7,5=0,44,39,73,76,73,78,0,76,75,83,78,0,56,0,78,0,0,0,0,0,0,0,0,0,0,0,0,0,0,0,0,0,0,0,0,0,0,0,0
l8,5=0,0,0,30,75,46,59,79,0,83,75,61,0,85,49,76,64,74,0,0,6,30,28,27,22,0,0,0,0,0,0,0,0,0,0,0,0,0,0,0
l9,5=70,50,75,73,0,73,78,80,80,0,76,79,0,82,19,76,47,74,0,0,31,0,33,0,21,0,0,0,0,0,0,0,0,0,0,0,0,0,18,0
l10,5=61,74,80,0,74,73,78,83,76,82,0,79,4,77,63,76,0,58,0,0,0,0,0,0,0,0,0,0,0,0,0,0,0,0,0,0,0,0,0,0
l11,5=0,0,0,0,0,30,42,52,76,38,26,0,84,83,80,89,64,79,0,0,24,21,24,25,12,40,0,0,0,0,0,0,0,0,0,0,49,40,23,0
l12,5=0,0,0,0,0,0,0,0,0,0,0,52,0,70,87,70,67,85,0,0,25,0,1,36,49,69,0,0,0,0,0,0,36,1,0,25,46,0,18,0
l13,5=0,0,0,0,37,56,0,0,84,76,23,78,73,0,66,80,62,78,0,9,33,0,30,30,17,58,0,0,0,0,0,0,0,0,0,19,19,0,0,0
l14,5=0,0,0,0,0,0,0,0,49,15,17,33,86,70,0,63,66,65,0,0,31,0,25,58,81,71,0,0,0,0,0,27,0,22,19,0,6,0,19,0
l15,5=0,0,0,0,0,0,0,69,66,33,20,85,81,89,63,0,54,74,0,0,2,26,28,32,25,46,0,0,0,0,0,0,0,0,0,0,46,0,20,21
l16,5=0,0,0,0,0,0,35,0,43,20,0,21,82,56,75,38,0,85,0,19,34,26,30,0,20,43,0,0,0,0,0,1,0,11,10,34,48,34,18,24
l17,5=0,0,0,0,0,0,0,0,62,29,12,34,86,84,79,69,71,0,0,8,43,22,6,0,29,57,0,0,0,0,0,0,0,0,0,32,56,14,0,16
l18,5=0,0,0,0,0,0,0,0,0,0,0,0,0,0,0,0,0,0,0,0,0,61,45,0,0,0,0,0,0,0,0,0,0,0,0,0,0,0,0,0
l19,5=0,0,0,0,0,0,0,0,0,0,0,0,0,16,0,0,43,1,0,0,75,67,71,0,0,0,25,0,0,7,0,0,0,0,0,0,46,0,6,27
l20,5=0,0,0,0,0,0,0,0,7,20,0,9,28,37,40,0,57,57,0,76,0,67,71,0,6,0,0,0,6,0,0,0,15,0,0,41,59,41,64,32
l21,5=0,0,0,0,0,0,0,0,40,7,0,16,0,0,0,35,52,33,38,75,73,0,68,0,4,0,0,0,0,0,0,1,0,0,0,41,60,52,28,63
l22,5=0,0,0,0,0,0,0,0,40,26,0,10,3,48,30,38,49,6,13,79,76,39,0,0,0,0,32,0,0,4,0,0,0,0,0,19,65,51,41,30
l23,5=0,0,0,0,0,0,0,0,55,0,0,63,74,65,78,65,0,0,0,0,0,0,0,0,83,68,0,0,0,0,0,0,0,63,64,0,0,0,0,0
l24,5=0,0,0,0,0,0,0,0,61,31,0,26,86,51,88,72,60,70,0,0,27,19,0,81,0,66,0,0,0,0,0,0,0,24,13,0,32,0,0,0
l25,5=0,0,0,0,0,0,0,0,0,0,0,18,77,62,77,61,56,63,0,0,0,0,0,76,70,0,0,0,0,15,0,0,60,66,26,0,0,0,0,0
l26,5=0,0,0,0,0,0,0,0,0,0,0,0,0,0,0,0,0,0,0,39,18,0,40,0,0,0,0,65,84,93,82,85,78,51,71,0,0,0,0,0
l27,5=0,0,0,0,0,0,0,0,0,0,0,0,0,0,0,0,0,0,0,0,0,0,0,0,0,0,73,0,82,83,90,71,63,0,0,0,0,0,0,0
l28,5=0,0,0,0,0,0,0,0,0,0,0,0,0,0,0,0,0,0,0,0,49,0,15,0,0,0,85,89,0,93,90,66,72,61,62,0,0,0,0,0
l29,5=0,0,0,0,0,0,0,0,0,0,0,0,0,0,0,0,0,0,0,49,0,0,30,0,0,39,84,88,83,0,88,56,57,45,55,0,0,0,0,0
l30,5=0,0,0,0,0,0,0,0,0,0,0,0,0,0,0,0,0,0,0,0,0,0,0,0,0,0,83,89,83,91,0,67,0,62,0,0,0,0,0,0
l31,5=0,0,0,0,0,0,0,0,0,0,0,0,0,0,27,0,1,0,0,0,0,0,0,0,0,0,79,57,48,42,62,0,84,68,79,0,0,0,0,0
l32,5=0,0,0,0,0,0,0,0,0,0,0,0,60,0,0,0,0,0,0,0,32,0,0,14,0,65,76,60,55,64,14,89,0,71,90,0,0,0,0,0
l33,5=0,0,0,0,0,0,0,0,0,0,0,0,51,0,67,0,46,0,0,0,0,0,0,60,39,63,66,0,54,46,67,71,67,0,71,0,0,0,0,0
l34,5=0,0,0,0,0,0,0,0,0,0,0,0,18,0,54,0,44,0,0,0,15,0,0,63,39,59,68,0,54,59,0,86,89,80,0,0,0,0,0,0
l35,5=0,0,0,0,0,0,0,0,0,0,0,0,20,18,0,0,25,21,0,0,18,15,9,0,0,0,0,0,0,0,0,0,0,0,0,0,55,7,15,20
l36,5=0,0,0,0,0,0,0,0,3,0,0,18,27,8,0,26,26,37,0,12,29,24,26,0,3,0,0,0,0,0,0,0,0,0,0,45,0,63,21,36
l37,5=0,0,0,0,0,0,0,0,0,0,0,7,0,0,0,0,16,0,0,0,27,25,25,0,0,0,0,0,0,0,0,0,0,0,0,15,62,0,32,30
l38,5=0,0,0,0,0,0,0,0,0,15,0,19,43,0,47,36,51,0,0,1,39,24,32,0,0,0,0,0,0,0,0,0,0,0,0,45,65,62,0,36
l39,5=0,0,0,0,0,0,0,0,0,0,0,0,0,0,0,15,26,0,0,9,28,28,24,0,0,0,0,0,0,0,0,0,0,0,0,42,63,49,37,0

l0,6=0,97,82,85,93,85,74,3,0,63,64,0,0,0,0,0,0,0,0,0,0,0,0,0,0,0,0,0,0,0,0,0,0,0,0,0,0,0,0,0
l1,6=90,0,84,87,94,87,78,35,0,82,56,0,0,0,0,0,0,0,0,0,0,0,0,41,0,0,0,0,0,0,0,0,0,0,0,0,0,0,0,0
l2,6=79,89,0,84,90,87,78,53,49,85,71,0,0,39,0,0,0,0,0,0,0,0,0,0,0,0,0,0,0,0,0,0,0,0,0,0,0,0,0,0
l3,6=68,88,71,0,94,86,77,0,0,67,0,0,0,0,0,0,0,0,0,0,0,0,0,0,0,0,0,0,0,0,0,0,0,0,0,0,0,0,0,0
l4,6=87,91,88,91,0,90,78,44,58,0,60,0,0,0,0,0,0,0,0,0,0,0,0,27,0,0,0,0,0,0,0,0,0,0,0,0,0,0,0,0
l5,6=82,83,83,86,85,0,71,71,66,85,72,0,0,48,0,0,0,0,0,0,0,0,0,0,0,0,0,0,0,0,0,0,0,0,0,0,0,0,0,0
l6,6=52,82,62,73,53,51,0,69,44,83,71,57,0,20,0,0,53,0,0,0,0,0,4,0,0,0,0,0,0,0,0,0,0,0,0,0,0,0,0,0
l7,6=22,36,52,10,44,79,74,0,69,85,74,46,0,0,0,56,0,0,0,0,0,0,0,0,0,0,0,0,0,0,0,0,0,0,0,0,0,0,0,0
l8,6=0,0,15,0,48,50,51,56,0,85,71,65,40,77,24,43,51,49,0,0,46,31,46,33,32,0,0,0,0,0,0,0,0,0,0,0,0,0,0,0
l9,6=24,54,63,41,0,73,70,62,71,0,81,58,35,72,33,58,26,28,0,0,4,0,31,0,0,0,0,0,0,0,0,0,0,0,0,0,0,0,4,0
l10,6=39,43,62,0,49,57,74,79,70,91,0,57,0,50,0,46,33,0,0,0,0,0,0,0,0,0,0,0,0,0,0,0,0,0,0,0,0,0,0,0
l11,6=0,0,0,0,0,0,38,24,53,34,45,0,48,42,37,75,26,41,0,0,34,0,0,20,36,10,0,0,0,0,0,0,0,0,0,0,42,37,25,0
l12,6=0,0,0,0,0,0,0,0,28,30,0,64,0,38,63,38,42,61,0,0,39,0,9,53,63,67,0,0,0,0,0,0,0,23,5,0,43,0,17,0
l13,6=0,0,0,0,0,25,4,0,64,78,46,58,38,0,32,41,19,51,0,27,11,0,39,33,41,0,0,0,0,0,0,0,0,0,0,26,38,0,8,0
l14,6=0,0,0,0,0,0,0,0,41,32,0,51,54,38,0,22,19,44,0,0,44,0,40,51,49,49,0,0,0,0,0,1,0,23,0,0,0,0,27,0
l15,6=0,0,0,0,0,0,0,34,45,46,42,72,50,52,34,0,27,47,0,0,8,29,35,49,46,0,0,0,0,0,0,0,0,0,0,5,21,0,30,0
l16,6=0,0,0,0,0,0,23,0,25,27,36,47,49,29,20,21,0,53,21,32,30,29,43,19,41,11,0,0,0,0,0,0,0,3,0,31,43,25,32,4
l17,6=0,0,0,0,0,0,0,0,45,28,0,53,57,49,41,31,38,0,0,0,53,26,34,0,45,11,0,0,0,0,0,0,0,7,0,0,44,20,21,0
l18,6=0,0,0,0,0,0,0,0,0,0,0,0,0,3,0,0,30,0,0,38,1,27,0,0,0,0,0,0,0,0,0,0,0,0,0,0,0,0,0,0
l19,6=0,0,0,0,0,0,0,0,0,0,0,0,0,24,0,0,17,0,22,0,69,32,65,0,0,0,0,0,0,2,0,23,0,0,0,12,46,0,25,23
l20,6=0,0,0,0,0,0,0,0,38,1,0,20,24,3,27,0,12,35,0,54,0,55,64,0,0,0,0,0,1,0,0,0,0,9,0,3,52,43,55,20
l21,6=0,0,0,0,0,0,0,0,37,0,0,0,8,0,0,22,20,27,23,42,70,0,61,0,0,0,0,0,0,0,0,0,0,0,0,30,48,42,25,35
l22,6=0,0,0,0,0,0,0,0,41,26,0,0,24,30,29,21,21,20,0,56,70,48,0,0,0,0,23,0,0,0,0,0,0,0,0,28,55,32,49,27
l23,6=0,7,0,0,20,0,0,0,38,0,0,35,49,35,50,44,31,0,0,0,0,0,0,0,62,66,0,0,0,0,0,21,33,50,45,0,0,0,0,0
l24,6=0,0,0,0,0,0,0,0,45,0,0,46,67,44,56,44,49,46,0,0,9,0,0,65,0,56,0,0,0,0,0,0,0,48,30,0,2,0,2,0
l25,6=0,0,0,0,0,0,0,0,20,0,0,30,63,0,64,5,19,28,0,0,0,0,0,64,61,0,0,0,0,0,0,0,36,55,0,0,0,0,0,0
l26,6=0,0,0,0,0,0,0,0,0,0,0,0,0,0,0,0,0,0,0,0,2,0,34,0,0,0,0,46,77,78,65,64,76,38,39,0,0,0,0,0
l27,6=0,0,0,0,0,0,0,0,0,0,0,0,0,0,0,0,0,0,0,0,0,0,0,0,0,0,57,0,75,75,85,47,45,0,0,0,0,0,0,0
l28,6=0,0,0,0,0,0,0,0,0,0,0,0,0,0,0,0,0,0,0,0,35,0,29,0,0,0,67,82,0,82,85,61,49,67,48,0,0,0,0,0
l29,6=0,0,0,0,0,0,0,0,0,0,0,0,0,0,0,0,0,0,0,1,0,0,0,0,0,0,67,72,77,0,40,33,33,37,29,0,0,0,0,0
l30,6=0,0,0,0,0,0,0,0,0,0,0,0,0,0,0,0,0,0,0,0,0,0,0,0,0,0,62,82,75,42,0,40,0,1,38,0,0,0,0,0
l31,6=0,0,0,0,0,0,0,0,0,0,0,0,0,0,0,0,0,0,0,28,0,0,0,33,0,0,60,31,45,34,42,0,83,63,60,0,0,0,0,0
l32,6=0,0,0,0,0,0,0,0,0,0,0,0,0,0,0,0,0,0,0,0,0,0,0,33,0,24,58,15,50,39,0,68,0,76,80,0,0,0,0,0
l33,6=0,0,0,0,0,0,0,0,0,0,0,0,39,0,42,0,32,30,0,0,36,0,0,47,46,59,43,0,54,40,26,58,73,0,70,0,0,0,0,0
l34,6=0,0,0,0,0,0,0,0,0,0,0,0,31,0,24,0,19,0,0,12,0,0,0,52,35,0,47,0,52,31,41,66,86,74,0,0,0,0,0,0
l35,6=0,0,0,0,0,0,0,0,0,0,0,0,0,19,0,0,20,0,0,8,0,30,41,0,0,0,0,0,0,0,0,0,0,0,0,0,58,57,29,26
l36,6=0,0,0,0,0,0,0,0,0,0,0,28,25,23,0,0,18,27,0,35,42,27,47,0,0,0,0,0,0,0,0,0,0,0,0,40,0,55,31,29
l37,6=0,0,0,0,0,0,0,0,0,0,0,12,0,0,0,0,6,0,0,1,38,22,5,0,0,0,0,0,0,0,0,0,0,0,0,44,59,0,23,19
l38,6=0,0,0,0,0,0,0,0,0,3,0,36,25,19,15,22,23,29,0,33,51,31,48,0,0,0,0,0,0,0,0,0,0,0,0,35,62,44,0,31
l39,6=0,0,0,0,0,0,0,0,0,0,0,0,0,0,0,0,19,0,0,35,42,32,44,0,0,0,0,0,0,0,0,0,0,0,0,35,57,48,32,0

l0,7=0,99,93,91,100,99,92,72,66,79,80,0,0,0,0,0,0,0,0,0,0,0,0,0,0,0,0,0,0,0,0,0,0,0,0,0,0,0,0,0
l1,7=98,0,97,95,98,97,87,85,13,53,61,0,0,44,0,0,0,0,0,0,0,0,0,0,0,0,0,0,0,0,0,0,0,0,0,0,0,0,0,0
l2,7=93,96,0,94,94,86,86,50,30,89,71,0,0,0,0,0,0,0,0,0,0,0,0,0,0,0,0,0,0,0,0,0,0,0,0,0,0,0,0,0
l3,7=87,91,91,0,96,96,89,42,0,78,72,0,0,0,0,0,0,0,0,0,0,0,0,0,0,0,0,0,0,0,0,0,0,0,0,0,0,0,0,0
l4,7=97,99,97,100,0,99,92,72,76,0,68,0,0,75,0,0,0,0,0,0,0,0,0,0,0,0,0,0,0,0,0,0,0,0,0,0,0,0,0,0
l5,7=94,96,74,90,94,0,10,95,77,93,81,0,0,49,0,0,0,0,0,0,0,0,0,0,0,0,0,0,0,0,0,0,0,0,0,0,0,0,0,0
l6,7=90,95,93,88,87,14,0,94,0,91,77,28,0,39,0,0,25,0,0,0,0,0,0,0,0,0,0,0,0,0,0,0,0,0,0,0,0,0,0,0
l7,7=63,73,21,42,64,97,90,0,59,93,81,20,11,44,0,58,0,4,0,0,0,0,0,0,0,0,0,0,0,0,0,0,0,0,0,0,0,0,0,0
l8,7=47,14,25,0,38,80,0,51,0,94,80,73,38,87,27,67,56,55,0,8,9,0,16,0,2,0,0,0,0,0,0,0,0,0,0,0,0,0,0,0
l9,7=44,45,32,22,0,89,86,94,91,0,81,62,33,86,12,70,3,23,0,0,28,1,9,17,38,0,0,0,0,0,0,0,0,0,0,0,0,0,39,0
l10,7=71,60,44,48,45,79,67,95,88,94,0,56,0,28,0,59,46,8,0,0,0,0,0,0,0,0,0,0,0,0,0,0,0,0,0,0,0,0,0,0
l11,7=0,0,0,0,0,0,23,12,19,23,56,0,62,33,21,82,45,37,0,0,29,4,13,36,42,29,0,0,0,0,0,0,0,0,0,1,30,0,48,11
l12,7=0,0,0,0,0,0,0,0,12,14,0,70,0,24,41,71,64,62,0,0,27,0,0,80,84,79,0,0,0,0,0,0,0,21,8,0,35,0,37,0
l13,7=0,41,0,0,24,34,33,32,82,47,28,64,22,0,25,64,54,54,0,0,20,0,10,53,59,28,0,0,0,0,0,0,0,0,0,10,28,0,43,0
l14,7=0,0,0,0,0,0,0,0,13,14,0,41,65,29,0,37,50,56,0,0,27,16,14,64,43,63,0,0,0,0,0,0,0,21,0,0,0,0,35,0
l15,7=0,0,0,0,0,0,0,25,19,27,55,80,78,36,20,0,39,42,0,11,27,16,15,49,40,35,0,0,0,0,0,0,0,0,0,0,33,29,45,0
l16,7=0,0,0,0,0,0,23,0,13,5,40,45,37,27,18,39,0,51,36,0,31,18,17,48,45,23,0,0,0,0,0,7,12,6,0,31,46,36,49,0
l17,7=0,0,0,0,0,0,0,0,15,10,6,37,37,33,27,46,53,0,0,1,31,16,5,40,58,0,0,0,0,0,0,0,0,20,0,0,41,0,48,12
l18,7=0,0,0,0,0,0,0,0,0,0,0,0,0,0,0,0,37,0,0,47,50,26,0,0,0,0,0,0,0,0,0,0,0,0,0,0,0,0,0,0
l19,7=0,0,0,0,0,0,0,0,1,0,0,0,8,0,0,2,0,0,35,0,74,51,62,0,0,0,31,0,0,0,0,31,0,0,0,0,0,0,0,0
l20,7=0,0,0,0,0,0,0,0,0,8,0,27,19,20,12,26,42,33,32,64,0,67,62,0,0,0,0,0,11,15,0,0,0,0,0,51,55,32,47,16
l21,7=0,0,0,0,0,0,0,0,3,10,0,16,15,0,12,31,38,28,29,47,80,0,60,0,12,0,0,0,0,0,0,0,0,0,0,40,44,0,46,47
l22,7=0,0,0,0,0,0,0,0,7,10,0,29,0,24,12,31,38,8,0,67,80,66,0,0,0,0,0,0,0,1,0,0,0,0,0,39,54,0,40,45
l23,7=0,0,0,0,0,0,0,0,0,5,0,15,64,27,67,44,51,22,0,0,0,0,0,0,85,84,0,0,0,0,0,0,5,19,45,0,0,0,0,0
l24,7=0,0,0,2,0,0,0,0,1,14,0,46,88,42,29,34,54,62,0,0,6,0,0,86,0,79,0,0,0,0,0,0,0,28,19,0,0,0,0,0
l25,7=0,0,0,0,4,0,0,0,2,9,0,28,79,38,67,38,38,0,0,0,0,0,0,83,78,0,0,0,0,28,0,0,43,50,0,0,0,0,33,0
l26,7=0,0,0,0,0,0,0,0,0,0,0,0,0,0,0,0,0,0,0,56,0,0,6,0,0,0,0,67,78,87,71,64,83,56,52,0,0,0,0,0
l27,7=0,0,0,0,0,0,0,0,0,0,0,0,0,0,0,0,0,0,0,0,0,0,0,0,0,0,69,0,73,85,86,33,61,0,3,0,0,0,0,0
l28,7=0,0,0,0,0,0,0,0,0,0,0,0,0,0,0,0,0,0,0,31,52,0,0,0,0,0,76,87,0,90,86,59,53,60,51,0,0,0,0,0
l29,7=0,0,0,0,0,0,0,0,0,0,0,0,0,0,0,0,0,0,0,0,35,0,0,0,0,27,73,87,78,0,86,60,68,55,15,0,0,0,0,0
l30,7=0,0,0,0,0,0,0,0,0,0,0,0,0,0,0,0,0,0,0,0,0,0,0,0,0,0,66,87,73,85,0,50,56,31,52,0,0,0,0,0
l31,7=0,0,0,0,0,0,0,0,0,0,0,0,0,0,0,0,34,0,0,55,0,0,0,0,0,0,71,14,65,49,54,0,86,82,78,0,0,0,0,0
l32,7=0,0,0,0,0,0,0,0,0,0,0,0,1,0,0,0,40,0,0,0,0,0,0,51,0,48,67,45,52,70,69,68,0,79,81,0,0,0,0,0
l33,7=0,0,0,0,0,0,0,0,0,0,0,0,62,0,56,0,37,47,0,0,20,0,0,54,58,58,60,0,65,54,52,66,81,0,66,0,0,0,0,0
l34,7=0,0,0,0,0,0,0,0,0,0,0,0,44,0,0,0,0,0,0,0,0,0,0,73,51,0,56,29,55,34,57,66,88,69,0,0,0,0,0,0
l35,7=0,0,0,0,0,0,0,0,0,0,0,0,0,11,0,0,37,0,0,0,34,19,15,0,0,0,0,0,0,0,0,0,0,0,0,0,59,50,40,25
l36,7=0,0,0,0,0,0,0,0,0,0,0,1,15,17,0,12,36,25,0,0,50,19,44,0,0,0,0,0,0,0,0,0,0,0,0,57,0,48,44,52
l37,7=0,0,0,0,0,0,0,0,0,0,0,0,0,0,0,16,29,0,0,0,24,0,0,0,0,0,0,0,0,0,0,0,0,0,0,54,57,0,27,17
l38,7=0,0,0,0,0,0,0,0,0,11,0,45,23,25,13,42,43,34,0,0,58,21,17,0,0,1,0,0,0,0,0,0,0,0,0,34,61,35,0,20
l39,7=0,0,0,0,0,0,0,0,0,0,0,0,0,0,0,0,0,4,0,0,27,32,26,0,0,0,0,0,0,0,0,0,0,0,0,52,60,35,39,0

l0,8=0,100,100,94,98,99,98,96,4,93,94,0,0,75,0,0,0,0,0,0,0,0,0,0,0,0,0,0,0,0,0,0,0,0,0,0,0,0,0,0
l1,8=100,0,100,99,98,99,98,99,68,97,0,0,0,56,0,0,0,0,0,0,0,0,0,41,0,0,0,0,0,0,0,0,0,0,0,0,0,0,0,0
l2,8=99,100,0,94,94,99,96,99,0,56,93,0,0,0,0,0,0,0,0,0,0,0,0,0,0,0,0,0,0,0,0,0,0,0,0,0,0,0,0,0
l3,8=92,99,97,0,99,99,98,99,0,84,8,0,0,0,0,0,0,0,0,0,0,0,0,0,16,0,0,0,0,0,0,0,0,0,0,0,0,0,0,0
l4,8=99,100,99,100,0,99,98,98,95,73,85,0,0,88,3,0,0,0,0,0,0,0,0,0,88,0,0,0,0,0,0,0,0,0,0,0,0,0,0,0
l5,8=99,100,100,99,98,0,98,99,96,93,99,77,0,87,0,0,0,0,0,0,0,0,0,0,0,0,0,0,0,0,0,0,0,0,0,0,0,0,0,0
l6,8=93,92,88,87,92,88,0,95,43,93,88,0,0,24,0,8,67,0,0,0,0,0,0,0,0,0,0,0,0,0,0,0,0,0,0,0,0,0,0,0
l7,8=89,96,94,91,87,95,94,0,88,97,98,71,0,92,0,0,10,64,0,0,0,0,0,0,0,0,0,0,0,0,0,0,0,0,0,0,0,0,0,0
l8,8=0,15,0,0,68,91,87,94,0,98,93,94,0,94,51,92,0,92,0,49,0,0,84,0,0,13,0,0,0,0,0,0,0,0,0,0,0,0,0,0
l9,8=87,84,17,55,20,74,95,95,92,0,99,94,77,92,21,70,74,80,0,0,0,66,16,69,84,0,0,0,0,0,0,0,0,0,0,0,0,0,38,0
l10,8=89,0,89,53,47,94,95,95,89,98,0,88,0,88,0,92,0,0,0,0,0,0,0,0,0,0,0,0,0,0,0,0,0,0,0,0,0,0,0,0
l11,8=0,0,0,0,0,35,0,33,54,56,66,0,100,45,51,100,84,92,0,1,15,68,51,78,93,69,0,0,0,0,0,0,0,0,0,53,65,0,36,0
l12,8=0,0,0,0,0,0,0,0,0,11,0,99,0,0,60,68,93,91,0,0,33,0,0,92,98,90,0,0,0,0,0,0,0,59,4,43,43,0,23,0
l13,8=37,1,0,2,35,47,10,93,96,71,72,72,0,0,52,63,56,61,0,0,46,58,0,83,93,54,0,0,0,0,0,0,0,0,0,16,43,0,41,0
l14,8=0,0,0,0,0,0,0,0,43,23,0,80,100,50,0,60,79,95,0,0,67,73,62,91,97,74,0,0,0,0,0,0,0,0,0,0,42,0,0,0
l15,8=0,0,0,0,0,0,0,0,52,56,74,99,98,58,54,0,80,95,0,0,73,84,78,81,86,65,0,0,0,0,0,0,0,0,0,0,46,0,43,0
l16,8=0,0,0,0,0,0,43,0,0,16,0,95,95,19,51,56,0,86,21,50,84,69,76,63,97,35,0,0,0,0,0,44,7,9,41,49,61,33,35,54
l17,8=0,0,0,0,0,0,0,32,27,14,0,97,93,23,57,67,90,0,0,38,77,13,65,47,93,0,0,0,0,0,0,0,0,69,0,9,32,0,35,29
l18,8=0,0,0,0,0,0,0,0,0,0,0,0,0,0,0,0,65,0,0,70,73,74,0,0,0,0,0,0,0,0,0,0,0,0,0,0,0,0,0,0
l19,8=0,0,0,0,0,0,0,0,42,0,0,0,0,0,0,0,61,69,53,0,88,77,90,0,0,0,0,0,10,0,0,49,0,0,0,65,74,0,48,68
l20,8=0,0,0,0,0,0,0,0,0,0,0,0,56,23,35,41,62,61,38,88,0,93,93,0,23,0,0,0,0,0,0,0,0,5,10,60,79,34,78,48
l21,8=0,0,0,0,0,0,0,0,0,32,0,47,43,29,33,44,55,7,33,60,89,0,89,0,0,0,0,0,0,0,0,18,0,33,21,68,63,37,75,61
l22,8=0,0,0,0,0,0,0,0,32,22,0,42,0,0,33,40,65,60,0,84,90,92,0,0,0,0,0,0,3,46,0,0,0,0,0,73,86,32,69,63
l23,8=0,0,0,0,0,0,0,0,0,43,0,82,96,55,94,56,80,71,0,0,0,0,0,0,97,90,0,0,0,0,0,0,69,72,81,0,0,0,0,0
l24,8=0,0,0,32,26,0,0,0,0,44,0,82,100,52,92,56,90,83,0,0,40,0,0,95,0,86,0,0,0,0,0,4,0,69,74,0,5,0,0,0
l25,8=0,0,0,1,0,0,0,0,18,0,0,78,100,51,78,52,67,0,0,0,0,0,0,95,95,0,0,0,0,67,0,1,75,77,80,0,0,0,18,0
l26,8=0,0,0,0,0,0,0,0,0,0,0,0,0,0,0,0,0,0,0,7,0,0,0,0,0,0,0,91,94,93,86,91,90,84,85,0,0,0,0,0
l27,8=0,0,0,0,0,0,0,0,0,0,0,0,0,0,0,0,0,0,0,0,0,0,0,0,0,0,86,0,94,93,91,0,81,0,78,0,0,0,0,0
l28,8=0,0,0,0,0,0,0,0,0,0,0,0,0,0,0,0,0,0,0,72,53,0,62,0,0,0,92,93,0,93,91,92,74,80,78,0,0,0,0,0
l29,8=0,0,0,0,0,0,0,0,0,0,0,0,0,0,0,0,0,0,0,0,0,0,72,0,0,62,92,93,94,0,91,91,71,77,81,0,0,0,0,0
l30,8=0,0,0,0,0,0,0,0,0,0,0,0,0,0,0,0,0,0,0,0,0,0,0,0,0,0,85,93,94,93,0,83,83,76,0,0,0,0,0,0
l31,8=0,0,0,0,0,0,0,0,0,0,0,0,0,0,0,0,63,0,0,62,0,4,0,0,39,0,90,0,84,87,67,0,89,87,89,0,0,0,0,0
l32,8=0,0,0,0,0,0,0,0,0,0,0,0,1,0,0,0,27,0,0,0,0,0,0,73,0,72,89,76,55,66,75,91,0,90,90,0,0,0,0,0
l33,8=0,0,0,0,0,0,0,0,0,0,0,0,74,0,0,0,16,79,0,0,55,28,0,71,74,73,76,0,72,73,72,92,89,0,84,0,0,0,0,0
l34,8=0,0,0,0,0,0,0,0,0,0,0,0,73,0,0,0,67,0,0,0,67,51,0,73,78,72,76,69,70,73,0,92,92,84,0,0,0,0,0,0
l35,8=0,0,0,0,0,0,0,0,0,0,0,14,35,0,0,0,33,0,0,36,52,49,48,0,0,0,0,0,0,0,0,0,0,0,0,0,82,67,53,61
l36,8=0,0,0,0,0,0,0,0,0,0,0,34,43,16,17,21,39,1,0,25,66,39,62,0,4,0,0,0,0,0,0,0,0,0,0,76,0,34,39,53
l37,8=0,0,0,0,0,0,0,0,0,0,0,0,0,0,0,0,41,0,0,0,58,42,35,0,0,0,0,0,0,0,0,0,0,0,0,73,59,0,26,40
l38,8=0,0,0,0,0,0,0,0,0,19,0,42,53,25,0,42,51,58,0,26,75,76,67,0,0,0,0,0,0,0,0,0,0,0,0,75,78,36,0,45
l39,8=0,0,0,0,0,0,0,0,0,0,0,0,0,0,0,0,46,12,0,40,69,66,62,0,0,0,0,0,0,0,0,0,0,0,0,75,81,34,40,0

l0,9=0,100,100,100,100,99,100,100,93,100,100,0,0,4,0,0,0,0,0,0,0,0,0,0,0,0,0,0,0,0,0,0,0,0,0,0,0,0,0,0
l1,9=100,0,100,100,100,99,98,100,98,100,100,0,0,0,0,0,0,0,0,0,0,0,0,25,0,0,0,0,0,0,0,0,0,0,0,0,0,0,0,0
l2,9=100,100,0,100,100,99,99,100,20,58,61,0,86,0,0,2,0,0,0,0,0,0,0,0,0,0,0,0,0,0,0,0,0,0,0,0,0,0,0,0
l3,9=100,100,100,0,100,99,99,100,0,0,0,0,0,0,0,0,0,0,0,0,0,0,0,0,0,0,0,0,0,0,0,0,0,0,0,0,0,0,0,0
l4,9=100,100,100,100,0,99,97,96,97,89,99,0,0,7,62,0,0,0,0,0,0,0,0,0,41,0,0,0,0,0,0,0,0,0,0,0,0,0,0,0
l5,9=100,100,100,99,100,0,98,8,98,100,100,0,0,54,0,0,0,0,0,0,0,0,0,0,0,0,0,0,0,0,0,0,0,0,0,0,0,0,0,0
l6,9=100,42,100,97,92,89,0,100,81,100,99,0,0,75,0,0,49,0,0,0,0,0,0,0,0,0,0,0,0,0,0,0,0,0,0,0,0,0,0,0
l7,9=77,99,100,97,69,9,99,0,100,100,100,67,68,98,1,17,0,0,0,0,0,0,0,0,0,0,0,0,0,0,0,0,0,0,0,0,0,0,0,0
l8,9=76,30,0,22,95,67,90,97,0,100,54,97,0,99,5,32,71,91,0,33,0,0,90,0,0,0,0,0,0,0,0,0,0,0,0,0,0,0,0,0
l9,9=87,32,26,0,47,89,98,100,100,0,100,96,43,98,40,55,81,0,0,0,0,0,2,79,48,0,0,0,0,0,0,0,0,0,0,0,0,0,0,0
l10,9=94,94,76,0,98,96,98,100,93,100,0,0,50,93,0,95,71,76,0,0,0,0,0,74,0,0,0,0,0,0,0,0,0,0,0,0,0,0,0,0
l11,9=0,0,0,0,0,0,0,70,75,33,0,0,98,82,37,99,84,98,0,0,29,51,76,96,60,48,0,0,0,0,0,0,0,0,0,0,76,0,77,0
l12,9=0,0,0,0,0,0,0,0,0,1,0,100,0,77,62,62,86,99,0,0,32,51,22,99,61,100,0,0,0,0,0,0,0,0,0,0,82,0,83,0
l13,9=0,0,0,0,3,8,87,99,91,100,33,96,93,0,30,72,87,0,0,4,32,51,2,91,58,43,0,0,0,0,0,0,0,0,0,0,76,0,79,0
l14,9=0,0,0,0,46,0,0,0,0,34,0,100,99,70,0,36,88,100,0,0,34,57,84,100,99,52,0,0,0,0,0,0,0,29,0,0,41,0,0,0
l15,9=0,0,0,0,0,0,0,1,58,32,33,100,97,82,35,0,81,98,0,0,30,53,77,84,59,0,0,0,0,0,0,0,0,0,0,0,74,0,80,0
l16,9=0,0,0,0,0,0,21,0,47,31,24,89,94,76,35,33,0,94,75,35,36,0,89,95,60,44,0,0,0,0,0,72,0,26,58,0,84,74,83,80
l17,9=0,0,0,0,0,0,0,0,64,0,23,97,98,9,37,37,85,0,0,36,32,52,89,0,47,0,0,0,0,0,0,0,0,30,0,0,81,0,69,81
l18,9=0,0,0,0,0,0,0,0,0,0,0,0,0,0,0,0,83,0,0,0,58,67,0,0,0,0,0,0,0,0,0,0,0,0,0,0,14,0,0,0
l19,9=0,0,0,0,0,0,0,0,40,0,0,0,0,6,0,0,83,83,0,0,94,93,91,0,0,0,0,0,0,0,0,0,0,0,0,83,85,83,1,78
l20,9=0,0,0,0,0,0,0,0,0,0,0,50,59,60,26,20,91,64,64,95,0,98,98,0,25,0,49,0,0,0,0,0,0,0,48,0,89,89,84,83
l21,9=0,0,0,0,0,0,0,0,0,0,0,63,61,60,27,22,1,74,75,58,98,0,91,0,0,0,0,0,0,0,0,0,0,16,0,90,86,78,81,77
l22,9=0,0,0,0,0,0,0,0,66,8,0,48,47,1,29,23,78,74,0,94,99,94,0,0,0,0,0,0,33,62,0,77,0,0,0,90,89,77,81,71
l23,9=0,0,0,0,0,0,0,0,0,31,5,100,99,83,99,36,90,0,0,0,0,0,0,0,99,100,0,0,0,0,0,0,36,38,65,0,0,0,0,0
l24,9=0,0,0,0,11,0,0,0,0,33,0,97,99,82,95,37,98,67,0,0,32,0,0,100,0,67,0,0,0,0,0,0,0,37,57,0,81,0,0,0
l25,9=0,0,0,14,0,0,0,0,0,0,0,94,99,75,36,0,86,0,0,0,0,0,0,100,99,0,0,0,0,43,0,0,34,100,62,0,0,0,71,0
l26,9=0,0,0,0,0,0,0,0,0,0,0,0,0,0,0,0,0,0,0,0,84,0,0,0,0,0,0,86,97,99,99,100,99,84,88,0,0,0,0,0
l27,9=0,0,0,0,0,0,0,0,0,0,0,0,0,0,0,0,0,0,0,0,0,0,0,0,0,0,94,0,97,99,100,95,84,0,0,0,0,0,0,0
l28,9=0,0,0,0,0,0,0,0,0,0,0,0,0,0,0,0,0,0,0,0,63,0,85,0,0,0,99,100,0,99,100,90,0,87,0,0,0,0,0,0
l29,9=0,0,0,0,0,0,0,0,0,0,0,0,0,0,0,0,0,0,0,0,0,0,85,0,0,10,99,100,97,0,100,98,65,84,91,0,0,0,0,0
l30,9=0,0,0,0,0,0,0,0,0,0,0,0,0,0,0,0,0,0,0,0,0,0,0,0,0,0,99,100,97,99,0,96,88,55,86,0,0,0,0,0
l31,9=0,0,0,0,0,0,0,0,0,0,0,0,0,0,0,0,73,0,0,0,0,0,88,0,0,0,97,87,96,98,98,0,98,100,100,0,0,0,0,0
l32,9=0,0,0,0,0,0,0,0,0,0,0,0,30,0,0,0,0,0,0,0,0,0,0,96,0,51,99,89,0,78,98,100,0,100,100,0,0,0,0,0
l33,9=0,0,0,0,0,0,0,0,0,0,0,0,0,0,84,0,90,92,0,0,0,40,0,99,98,100,97,0,96,96,81,100,100,0,100,0,0,0,0,0
l34,9=0,0,0,0,0,0,0,0,0,0,0,0,82,0,17,0,88,0,0,0,36,0,0,100,57,52,92,0,0,99,98,100,100,100,0,0,0,0,0,0
l35,9=0,0,0,0,0,0,0,0,0,0,0,0,0,0,0,0,0,0,0,27,8,53,81,0,0,0,0,0,0,0,0,0,0,0,0,0,88,86,78,76
l36,9=0,0,0,0,0,0,0,0,0,0,0,40,37,43,0,7,52,56,0,19,32,40,83,0,18,0,0,0,0,0,0,0,0,0,0,96,0,80,69,76
l37,9=0,0,0,0,0,0,0,0,0,0,0,0,0,0,0,0,41,0,0,24,31,47,64,0,0,0,0,0,0,0,0,0,0,0,0,85,82,0,67,74
l38,9=0,0,0,0,0,0,0,0,0,0,0,49,49,57,0,23,74,37,0,2,36,53,85,0,0,9,0,0,0,0,0,0,0,0,0,90,85,83,0,77
l39,9=0,0,0,0,0,0,0,0,0,0,0,0,0,0,0,0,72,70,0,31,51,52,73,0,0,0,0,0,0,0,0,0,0,0,0,90,86,86,69,0

l0,10=0,94,87,87,84,83,85,68,63,81,78,0,0,0,0,0,0,0,0,0,0,0,0,0,0,0,0,0,0,0,0,0,0,0,0,0,0,0,0,0
l1,10=86,0,85,72,85,86,79,76,32,37,54,9,0,0,0,0,0,0,0,0,0,0,0,0,0,0,0,0,0,0,0,0,0,0,0,0,0,0,0,0
l2,10=86,88,0,85,84,85,87,87,0,76,65,0,41,0,0,0,0,0,0,0,0,0,0,0,0,0,0,0,0,0,0,0,0,0,0,0,0,0,0,0
l3,10=87,72,84,0,88,62,83,59,0,49,0,0,0,0,0,0,0,0,0,0,0,0,0,0,0,0,0,0,0,0,0,0,0,0,0,0,0,0,0,0
l4,10=83,86,84,91,0,84,58,66,44,56,83,0,0,12,50,0,0,0,0,0,0,0,0,0,0,0,0,0,0,0,0,0,0,0,0,0,0,0,0,0
l5,10=82,87,84,81,83,0,84,87,43,83,82,0,1,67,0,0,0,0,0,0,0,0,0,0,0,0,0,0,0,0,0,0,0,0,0,0,0,0,0,0
l6,10=78,80,78,79,52,82,0,87,71,78,79,0,0,49,0,2,21,0,0,0,0,0,0,0,0,0,0,0,0,0,0,0,0,0,0,0,0,0,0,0
l7,10=64,85,80,73,80,83,86,0,82,86,87,50,41,78,43,0,0,0,0,0,0,0,0,0,0,0,0,0,0,0,0,0,0,0,0,0,0,0,0,0
l8,10=64,6,0,16,54,41,71,83,0,91,73,69,58,82,0,77,35,54,0,34,18,0,49,61,34,0,0,0,0,0,0,0,0,0,0,0,0,0,0,0
l9,10=70,0,54,62,66,68,79,87,82,0,85,68,66,79,57,68,0,0,0,0,0,31,0,39,42,0,0,0,0,0,0,0,0,0,0,0,0,0,0,0
l10,10=69,50,47,0,80,66,75,87,65,85,0,53,0,69,0,72,0,50,0,0,0,0,0,0,0,0,0,0,0,0,0,0,0,0,0,0,0,0,0,0
l11,10=0,3,0,0,0,0,0,35,52,65,69,0,74,81,80,85,0,78,0,0,38,39,0,74,74,42,0,0,0,0,0,0,0,0,0,0,65,0,39,0
l12,10=0,0,0,0,0,0,0,0,36,56,0,82,0,76,91,86,85,93,0,0,42,43,0,92,96,97,0,0,0,0,0,0,0,10,0,0,14,0,41,0
l13,10=0,0,0,0,9,55,48,50,85,86,79,82,70,0,64,81,42,0,0,1,38,34,0,71,72,0,0,0,0,0,0,0,0,0,0,0,0,0,30,0
l14,10=0,0,0,0,70,0,0,1,0,57,0,80,88,74,0,75,76,82,0,0,37,0,0,81,89,79,0,0,0,0,0,0,0,66,0,0,72,0,14,0
l15,10=0,0,0,0,2,0,0,0,46,56,75,88,80,87,66,0,42,71,0,53,21,0,39,52,69,14,0,0,0,0,0,0,0,0,0,0,24,12,23,0
l16,10=0,0,0,0,0,0,17,0,6,0,0,0,82,65,65,42,0,70,33,58,44,34,36,56,83,6,0,0,0,0,0,0,13,0,55,45,58,33,44,41
l17,10=0,0,0,0,0,0,10,0,7,0,37,84,89,1,72,50,48,0,0,64,8,43,54,49,63,7,0,0,0,0,0,0,0,39,0,0,55,0,41,18
l18,10=0,0,0,0,0,0,0,0,0,0,0,0,0,0,0,0,31,0,0,75,69,80,0,0,0,0,0,0,0,0,0,0,0,0,0,0,0,0,0,0
l19,10=0,0,0,0,0,0,0,0,20,0,0,0,0,0,0,28,54,45,55,0,80,74,78,0,0,0,31,0,0,0,0,0,0,0,0,52,0,43,30,52
l20,10=0,0,0,0,0,0,0,0,0,0,0,47,43,50,32,30,45,32,50,86,0,92,88,0,12,0,5,0,0,0,0,0,28,0,0,69,83,45,45,48
l21,10=0,0,0,0,0,0,0,0,0,38,0,50,45,51,19,5,35,55,59,76,92,0,83,0,0,0,0,0,0,0,0,0,0,38,0,64,68,50,45,41
l22,10=0,0,0,0,0,0,0,0,33,10,0,0,0,0,0,32,24,43,0,76,92,88,0,0,0,0,0,0,0,35,0,32,1,0,0,75,76,50,72,38
l23,10=0,0,0,0,0,0,0,0,43,48,0,71,86,76,82,39,43,17,0,0,0,0,0,0,95,98,0,0,0,0,0,34,54,78,1,0,0,0,0,0
l24,10=0,0,0,0,0,0,0,0,16,51,0,77,89,80,89,47,85,68,0,0,28,0,0,96,0,90,0,0,0,0,0,0,0,56,47,0,0,0,35,0
l25,10=0,0,0,48,0,0,0,0,0,0,0,70,90,0,82,37,31,25,0,0,0,0,0,96,92,0,23,0,0,0,0,40,45,87,80,0,0,0,21,0
l26,10=0,0,0,0,0,0,0,0,0,0,0,0,0,0,0,0,0,0,0,60,49,0,0,0,0,17,0,76,96,99,97,98,95,61,80,0,0,0,0,0
l27,10=0,0,0,0,0,0,0,0,0,0,0,0,0,0,0,0,0,0,0,0,0,0,0,0,0,0,80,0,92,99,100,85,0,0,75,0,0,0,0,0
l28,10=0,0,0,0,0,0,0,0,0,0,0,0,0,0,0,0,0,0,0,23,4,0,0,0,0,0,90,97,0,99,100,87,59,75,63,0,0,0,0,0
l29,10=0,0,0,0,0,0,0,0,0,0,0,0,0,0,0,0,0,0,0,0,0,0,32,0,0,0,90,97,96,0,100,90,66,30,64,0,0,0,0,0
l30,10=0,0,0,0,0,0,0,0,0,0,0,0,0,0,0,0,0,0,0,0,0,0,0,0,0,0,90,97,96,99,0,90,75,60,71,0,0,0,0,0
l31,10=0,0,0,0,0,0,0,0,0,0,0,0,0,0,0,0,0,0,0,0,1,0,34,17,0,26,90,79,92,99,100,0,100,100,100,0,0,0,0,0
l32,10=0,0,0,0,0,0,0,0,0,0,0,0,0,0,0,0,4,0,0,0,38,0,4,71,1,25,90,0,30,76,76,100,0,100,100,0,0,0,0,0
l33,10=0,0,0,0,0,0,0,0,0,0,0,0,25,0,36,0,1,9,0,0,0,16,0,92,30,96,52,0,89,22,33,100,100,0,100,0,0,0,0,0
l34,10=0,0,0,0,0,0,0,0,0,0,0,0,0,0,0,0,48,0,0,0,15,0,0,14,44,56,89,59,65,76,60,100,100,100,0,0,0,0,0,0
l35,10=0,0,0,0,0,0,0,0,0,0,0,0,0,0,0,0,25,0,0,54,39,35,62,0,0,0,0,0,0,0,0,0,0,0,0,0,83,60,40,19
l36,10=0,0,0,0,0,0,0,0,0,0,0,9,10,0,36,4,21,28,0,0,41,13,63,0,0,0,0,0,0,0,0,0,0,0,0,85,0,71,41,48
l37,10=0,0,0,0,0,0,0,0,0,0,0,0,0,0,0,0,28,0,0,47,25,21,49,0,0,0,0,0,0,0,0,0,0,0,0,76,78,0,38,46
l38,10=0,0,0,0,0,0,0,0,0,0,0,25,46,17,0,7,43,33,0,40,46,44,64,0,19,5,0,0,0,0,0,0,0,0,0,75,78,37,0,43
l39,10=0,0,0,0,0,0,0,0,0,0,0,0,0,0,0,0,32,43,0,64,38,36,59,0,0,0,0,0,0,0,0,0,0,0,0,51,79,52,38,0

l0,11=0,88,89,91,84,85,72,61,55,65,55,0,0,0,0,0,0,0,0,0,0,0,0,0,0,0,0,0,0,0,0,0,0,0,0,0,0,0,0,0
l1,11=80,0,81,84,84,85,78,76,48,56,0,45,0,27,0,0,0,0,0,0,0,0,0,0,0,0,0,0,0,0,0,0,0,0,0,0,0,0,0,0
l2,11=78,81,0,83,84,85,84,64,0,0,80,0,0,0,0,0,0,0,0,0,0,0,0,0,0,0,0,0,0,0,0,0,0,0,0,0,0,0,0,0
l3,11=80,82,88,0,86,81,0,53,0,50,58,0,0,0,0,0,0,0,0,0,0,0,0,0,0,0,0,0,0,0,0,0,0,0,0,0,0,0,0,0
l4,11=75,78,84,88,0,78,68,61,0,59,63,0,29,0,23,0,0,0,0,0,0,0,0,22,0,0,0,0,0,0,0,0,0,0,0,0,0,0,0,0
l5,11=78,81,89,83,84,0,82,81,64,85,69,0,0,48,2,0,0,0,0,0,0,0,0,0,0,0,0,0,0,0,0,0,0,0,0,0,0,0,0,0
l6,11=69,76,76,3,76,79,0,80,62,80,70,44,0,22,0,57,34,0,0,0,0,0,0,0,0,0,0,0,0,0,0,0,0,0,0,0,0,0,0,0
l7,11=66,82,68,68,83,85,84,0,76,85,84,55,48,80,0,30,0,0,0,0,0,0,0,0,0,0,0,0,0,0,0,0,0,0,0,0,0,0,0,0
l8,11=32,29,0,0,0,70,71,74,0,86,73,70,63,81,0,79,0,56,0,56,7,0,0,38,29,0,0,0,0,0,0,0,0,0,0,0,0,0,0,0
l9,11=38,28,0,36,50,80,77,85,77,0,85,73,61,80,0,72,3,2,0,0,0,46,0,13,32,0,0,0,0,0,0,0,0,0,0,0,0,0,0,0
l10,11=24,0,75,64,73,63,72,85,70,85,0,68,0,75,0,71,0,11,0,0,0,0,0,0,0,0,0,0,0,0,0,0,0,0,0,0,0,0,0,0
l11,11=0,27,0,0,0,0,50,60,69,75,70,0,70,51,20,88,72,77,0,0,44,24,32,48,45,50,0,0,0,0,0,0,0,0,0,54,0,0,43,0
l12,11=0,0,0,0,1,0,0,10,67,71,0,83,0,28,87,87,75,84,0,0,51,42,37,51,91,94,0,0,0,0,0,0,0,0,0,0,0,0,50,0
l13,11=0,8,0,0,0,56,62,78,77,86,75,84,56,0,18,86,66,63,0,30,49,38,3,43,39,47,0,0,0,0,0,0,0,0,0,0,0,0,34,0
l14,11=0,0,0,0,40,0,0,0,0,0,0,82,85,24,0,0,77,80,0,0,0,31,0,49,0,57,0,0,0,0,0,0,0,47,48,63,18,0,39,0
l15,11=0,0,0,0,0,0,58,22,73,71,71,89,75,87,0,0,76,81,0,60,55,38,9,34,0,47,0,0,0,0,0,0,0,0,0,12,20,0,49,1
l16,11=0,0,0,0,0,0,28,0,0,35,0,68,56,22,19,74,0,80,19,15,57,44,32,40,51,2,0,0,0,0,0,0,9,5,46,17,21,14,47,57
l17,11=0,0,0,0,0,0,0,0,60,47,31,83,61,25,21,82,81,0,0,0,52,43,38,41,41,3,0,0,0,0,0,0,0,0,0,0,23,0,45,21
l18,11=0,0,0,0,0,0,0,0,0,0,0,0,0,0,0,0,51,0,0,74,68,69,2,0,0,0,0,0,0,0,0,0,0,0,0,0,0,0,0,0
l19,11=0,0,0,0,0,0,0,0,42,0,0,0,0,0,0,52,5,0,54,0,79,70,65,0,0,0,29,0,0,0,1,0,0,0,0,50,13,0,0,51
l20,11=0,0,0,0,0,0,0,0,0,0,0,0,39,18,0,53,67,53,50,81,0,87,83,0,0,0,0,0,0,0,0,0,11,0,0,57,56,15,69,50
l21,11=0,0,0,0,0,0,0,0,0,44,0,39,40,17,9,51,68,52,52,74,85,0,82,0,20,0,0,0,0,0,0,0,0,0,0,35,18,11,73,43
l22,11=0,0,0,0,0,0,0,0,0,0,0,46,37,0,0,12,53,50,0,62,85,86,0,0,0,0,0,0,0,0,0,17,0,0,0,66,57,11,72,55
l23,11=0,0,0,0,3,0,0,0,35,25,0,80,85,25,48,51,68,55,0,0,0,0,0,0,91,95,0,0,0,0,0,12,18,46,0,0,0,0,0,0
l24,11=0,0,0,0,0,0,0,0,19,67,0,77,90,27,0,0,82,66,0,0,0,2,0,94,0,86,0,0,0,0,0,0,0,0,0,0,0,0,0,0
l25,11=0,0,0,0,0,0,0,0,0,0,0,64,91,25,79,68,13,0,0,0,0,0,0,97,91,0,0,0,0,0,0,23,14,78,0,0,0,0,0,0
l26,11=0,0,0,0,0,0,0,0,0,0,0,0,0,0,0,0,0,0,0,65,1,0,0,0,0,0,0,79,91,88,90,82,82,62,71,0,0,0,0,0
l27,11=0,0,0,0,0,0,0,0,0,0,0,0,0,0,0,0,0,0,0,0,0,0,0,0,0,0,81,0,89,92,91,45,0,0,36,0,0,0,0,0
l28,11=0,0,0,0,0,0,0,0,0,0,0,0,0,0,0,0,0,0,0,8,24,0,13,0,0,0,87,94,0,93,91,79,70,0,47,0,0,0,0,0
l29,11=0,0,0,0,0,0,0,0,0,0,0,0,0,0,0,0,0,0,0,0,0,0,1,0,0,0,84,93,91,0,91,81,41,33,34,0,0,0,0,0
l30,11=0,0,0,0,0,0,0,0,0,0,0,0,0,0,0,0,0,0,0,0,0,0,0,0,0,0,85,94,91,93,0,81,52,57,47,0,0,0,0,0
l31,11=0,0,0,0,0,0,0,0,0,0,0,0,0,0,0,0,0,0,0,0,18,0,50,53,0,61,87,73,86,92,86,0,91,100,100,0,0,0,0,0
l32,11=0,0,0,0,0,0,0,0,0,0,0,0,0,0,0,0,23,0,0,0,21,0,0,23,0,21,87,0,38,32,36,96,0,100,100,0,0,0,0,0
l33,11=0,0,0,0,0,0,0,0,0,0,0,0,0,0,74,0,3,0,0,0,9,0,0,73,0,95,79,0,0,70,88,100,97,0,100,0,0,0,0,0
l34,11=0,0,0,0,0,0,0,0,0,0,0,0,0,0,8,0,48,0,0,0,0,0,0,11,0,0,82,51,51,78,80,99,97,100,0,0,0,0,0,0
l35,11=0,0,0,0,0,0,0,0,0,0,0,17,0,0,5,5,15,0,0,33,43,1,39,0,0,0,0,0,0,0,0,0,0,0,0,0,85,16,46,45
l36,11=0,0,0,0,0,0,0,0,0,0,0,0,0,0,9,34,62,54,0,33,51,38,40,0,0,0,0,0,0,0,0,0,0,0,0,85,0,18,48,71
l37,11=0,0,0,0,0,0,0,0,0,0,0,0,0,0,0,0,58,0,0,0,47,30,25,0,0,0,0,0,0,0,0,0,0,0,0,72,25,0,32,58
l38,11=0,0,0,0,0,0,0,0,0,0,0,55,46,5,8,58,72,37,0,0,54,43,44,0,0,0,0,0,0,0,0,0,0,0,0,78,27,12,0,66
l39,11=0,0,0,0,0,0,0,0,0,0,0,0,0,0,0,0,64,0,0,63,52,36,63,0,0,0,0,0,0,0,0,0,0,0,0,64,78,34,57,0

l0,12=0,91,82,86,90,88,56,3,0,64,46,0,0,0,0,0,0,0,0,0,0,0,0,0,0,0,0,0,0,0,0,0,0,0,0,0,0,0,0,0
l1,12=85,0,79,84,85,86,87,88,18,1,65,48,0,0,0,0,0,0,0,0,0,0,0,0,0,0,0,0,0,0,0,0,0,0,0,0,0,0,0,0
l2,12=85,83,0,84,85,87,87,35,10,47,73,0,0,0,0,0,0,0,0,0,0,0,0,0,0,0,0,0,0,0,0,0,0,0,0,0,0,0,0,0
l3,12=87,88,82,0,87,87,57,20,0,55,64,0,0,0,0,0,0,0,0,0,0,0,0,0,0,0,0,0,0,0,0,0,0,0,0,0,0,0,0,0
l4,12=85,86,75,86,0,78,75,70,49,61,63,0,0,0,43,0,0,0,0,0,0,0,0,51,0,0,0,0,0,0,0,0,0,0,0,0,0,0,0,0
l5,12=85,86,82,84,85,0,80,78,72,84,75,0,0,46,0,0,0,0,0,0,0,0,0,1,0,0,0,0,0,0,0,0,0,0,0,0,0,0,0,0
l6,12=36,85,82,71,80,72,0,83,69,41,78,70,0,63,7,69,1,0,0,0,0,0,0,0,0,0,0,0,0,0,0,0,0,0,0,0,0,0,0,0
l7,12=3,86,34,70,85,85,86,0,82,84,85,44,26,79,0,5,0,0,0,0,0,0,0,0,0,0,0,0,0,0,0,0,0,0,0,0,0,0,0,0
l8,12=0,2,0,44,72,51,47,81,0,86,85,76,75,80,26,75,33,43,0,27,0,37,0,0,53,0,0,0,0,0,0,0,0,0,0,0,0,0,0,0
l9,12=38,0,0,69,72,85,39,88,82,0,85,70,69,79,0,65,54,40,0,0,42,60,0,0,41,0,0,0,0,0,0,0,0,0,0,0,0,0,0,0
l10,12=23,42,63,74,78,47,80,88,82,88,0,70,0,78,0,68,0,0,0,0,0,0,0,5,0,0,0,0,0,0,0,0,0,0,0,0,0,0,0,0
l11,12=0,6,0,0,0,0,48,24,72,46,69,0,80,82,71,85,74,87,0,0,32,58,62,78,0,60,0,0,0,0,0,0,0,0,0,60,26,1,39,0
l12,12=0,0,0,0,0,0,0,0,66,48,0,81,0,76,92,85,81,89,0,0,50,67,63,74,89,90,0,0,0,0,0,0,0,14,0,0,0,0,42,0
l13,12=0,0,0,5,0,29,48,59,81,84,71,82,77,0,72,84,76,78,0,0,45,52,0,76,66,9,0,0,0,0,0,0,0,0,0,0,0,0,13,0
l14,12=0,0,0,0,58,0,0,0,11,0,0,69,86,71,0,81,85,80,0,0,19,60,0,87,89,58,0,0,0,0,0,0,0,49,67,57,38,0,0,0
l15,12=0,0,0,0,0,0,40,0,72,45,66,87,80,83,72,0,76,80,0,25,47,61,28,71,78,71,0,0,0,0,0,0,0,0,0,0,0,0,37,0
l16,12=0,0,0,0,0,0,0,0,16,22,0,53,82,70,82,81,0,87,10,7,51,61,45,53,88,64,0,0,0,0,0,0,0,0,9,56,45,11,41,57
l17,12=0,0,0,0,0,0,0,0,30,26,0,87,86,76,72,83,86,0,0,22,50,65,58,62,65,0,0,0,0,0,0,0,0,20,0,0,47,0,28,0
l18,12=0,0,0,0,0,0,0,0,0,0,0,0,0,0,0,0,55,0,0,57,68,46,0,0,0,0,0,0,0,0,0,0,0,0,0,0,0,0,0,0
l19,12=0,0,0,0,0,0,0,0,34,0,0,0,0,0,0,43,46,52,36,0,81,71,75,0,0,0,48,0,0,30,26,0,0,0,0,0,32,35,31,52
l20,12=0,0,0,0,0,0,0,0,0,33,0,47,52,48,0,50,65,62,36,82,0,82,88,0,0,0,0,0,0,0,0,23,0,0,0,56,73,64,68,54
l21,12=0,0,0,0,0,0,0,0,42,57,0,50,49,50,49,46,65,58,36,84,84,0,87,0,52,0,0,0,0,0,0,0,0,0,0,56,32,37,73,0
l22,12=0,0,0,0,0,0,0,0,0,0,0,50,47,0,0,23,46,54,0,81,84,79,0,0,1,0,0,0,0,0,0,29,0,0,0,75,53,0,42,70
l23,12=0,0,0,0,65,0,0,0,0,0,0,76,73,75,88,76,67,70,0,0,0,0,0,0,93,95,0,0,0,0,0,3,1,33,0,0,0,0,0,0
l24,12=0,0,0,0,0,0,0,0,32,30,0,0,88,70,93,80,85,73,0,0,0,57,1,92,0,89,0,0,0,0,0,4,50,0,0,0,16,0,35,0
l25,12=0,0,0,0,0,0,0,0,0,0,0,53,89,13,42,75,69,0,0,0,0,0,0,98,92,0,0,0,0,4,0,80,54,74,84,0,0,0,0,0
l26,12=0,0,0,0,0,0,0,0,0,0,0,0,0,0,0,0,0,0,0,61,0,0,0,0,0,0,0,73,91,73,86,91,73,61,68,0,0,0,0,0
l27,12=0,0,0,0,0,0,0,0,0,0,0,0,0,0,0,0,0,0,0,0,0,0,0,0,0,0,75,0,87,91,94,78,0,24,17,0,0,0,0,0
l28,12=0,0,0,0,0,0,0,0,0,0,0,0,0,0,0,0,0,0,0,0,0,0,1,0,0,0,87,90,0,91,94,79,68,63,66,0,0,0,0,0
l29,12=0,0,0,0,0,0,0,0,0,0,0,0,0,0,0,0,0,0,0,23,0,0,0,0,0,0,76,90,91,0,94,78,70,59,64,0,0,0,0,0
l30,12=0,0,0,0,0,0,0,0,0,0,0,0,0,0,0,0,0,0,0,0,0,0,0,0,0,0,86,90,91,91,0,79,69,39,32,0,0,0,0,0
l31,12=0,0,0,0,0,0,0,0,0,0,0,0,10,0,0,0,0,0,0,0,54,0,53,24,27,74,87,83,89,87,94,0,94,100,100,0,0,0,0,0
l32,12=0,0,0,0,0,0,0,0,0,0,0,0,0,0,0,0,0,0,0,0,0,0,0,14,62,57,82,0,85,81,88,100,0,100,100,0,0,0,0,0
l33,12=0,0,0,0,0,0,0,0,0,0,0,0,38,0,64,0,0,5,0,0,0,0,0,45,1,68,79,37,65,71,78,100,94,0,100,0,0,0,0,0
l34,12=0,0,0,0,0,0,0,0,0,0,0,0,0,0,60,0,8,0,0,0,0,0,0,0,0,87,87,45,86,84,75,100,94,100,0,0,0,0,0,0
l35,12=0,0,0,0,0,0,0,0,0,0,0,24,0,0,35,0,40,0,0,0,32,51,62,0,0,0,0,0,0,0,0,0,0,0,0,0,83,46,45,48
l36,12=0,0,0,0,0,0,0,0,0,0,0,22,0,0,29,0,57,50,0,4,51,32,68,0,7,0,0,0,0,0,0,0,0,0,0,88,0,48,44,71
l37,12=0,0,0,0,0,0,0,0,0,0,0,0,0,0,0,0,50,0,0,9,47,29,0,0,0,0,0,0,0,0,0,0,0,0,0,74,57,0,0,55
l38,12=0,0,0,0,0,0,0,0,0,0,0,35,43,1,0,52,67,59,0,8,48,63,67,0,46,0,0,0,0,0,0,0,0,0,0,79,59,0,0,58
l39,12=0,0,0,0,0,0,0,0,0,0,0,0,0,0,0,0,63,0,0,37,45,0,69,0,0,0,0,0,0,0,0,0,0,0,0,70,68,42,36,0

l0,13=0,96,91,90,89,94,85,78,85,84,61,0,0,0,0,0,0,0,0,0,0,0,0,0,0,0,0,0,0,0,0,0,0,0,0,0,0,0,0,0
l1,13=92,0,91,90,88,86,89,83,0,76,88,0,0,0,0,0,0,0,0,0,0,0,0,0,0,0,0,0,0,0,0,0,0,0,0,0,0,0,0,0
l2,13=91,93,0,86,86,90,89,77,0,82,88,0,0,13,0,0,0,0,0,0,0,0,0,0,0,0,0,0,0,0,0,0,0,0,0,0,0,0,0,0
l3,13=94,96,92,0,92,90,82,47,19,78,88,0,0,0,0,0,0,0,0,0,0,0,0,0,0,0,0,0,0,0,0,0,0,0,0,0,0,0,0,0
l4,13=92,93,89,89,0,91,85,73,57,74,76,0,0,8,0,0,0,0,0,0,0,0,0,1,0,0,0,0,0,0,0,0,0,0,0,0,0,0,0,0
l5,13=89,90,89,86,85,0,89,45,69,84,88,0,0,38,0,0,0,0,0,0,0,0,0,0,0,0,0,0,0,0,0,0,0,0,0,0,0,0,0,0
l6,13=86,89,88,85,82,87,0,0,83,83,73,86,0,69,0,81,0,0,0,0,0,0,0,0,0,0,0,0,0,0,0,0,0,0,0,0,0,0,0,0
l7,13=83,89,55,67,78,78,0,0,89,86,91,4,18,40,0,40,0,0,0,0,0,0,0,0,0,0,0,0,0,0,0,0,0,0,0,0,0,0,0,0
l8,13=74,0,0,58,62,73,45,53,0,93,88,37,23,89,81,38,37,36,0,69,0,68,27,0,43,0,0,0,0,0,0,0,0,0,0,0,0,0,0,0
l9,13=76,45,68,75,66,86,85,87,89,0,90,83,74,87,55,81,70,61,0,0,71,75,0,0,0,0,0,0,0,0,0,0,0,0,0,0,0,0,0,0
l10,13=65,29,30,67,67,86,22,87,88,93,0,38,0,86,0,44,0,0,0,0,0,0,0,0,0,0,0,0,0,0,0,0,0,0,0,0,0,0,0,0
l11,13=0,0,0,0,0,0,31,1,56,71,75,0,82,90,56,88,45,90,0,0,75,78,73,73,0,27,0,0,0,0,0,0,0,0,0,0,0,0,37,0
l12,13=0,0,0,0,0,0,0,0,4,76,0,66,0,31,96,87,49,70,0,0,80,73,71,74,66,70,0,0,0,0,0,0,0,79,0,0,0,0,40,0
l13,13=0,0,0,0,47,75,30,30,72,88,87,96,27,0,54,85,44,53,0,20,75,78,0,76,25,28,0,0,0,0,0,0,0,0,0,0,0,0,40,0
l14,13=0,0,0,0,0,0,0,0,58,70,0,44,67,32,0,45,57,55,0,0,72,64,0,96,97,33,0,0,0,0,0,0,0,72,59,0,0,0,0,0
l15,13=0,0,0,0,0,0,29,3,39,77,71,98,54,69,52,0,51,59,0,62,75,69,0,78,40,30,0,0,0,0,0,0,0,0,0,0,43,0,40,0
l16,13=0,0,0,0,0,0,0,0,35,65,0,40,27,27,61,49,0,60,22,61,72,72,69,52,40,0,0,0,0,0,0,0,0,24,22,43,42,0,40,47
l17,13=0,0,0,0,0,0,0,0,49,71,0,48,89,33,52,50,52,0,0,70,84,80,75,75,39,29,0,0,0,0,0,0,0,75,0,15,47,0,40,0
l18,13=0,0,0,0,0,0,0,0,0,0,0,0,0,0,0,0,58,0,0,90,90,0,13,0,0,0,0,0,0,0,0,0,0,0,0,0,0,0,0,0
l19,13=0,0,0,0,0,0,0,0,39,0,0,0,0,0,0,29,48,30,64,0,93,96,91,0,0,0,39,0,45,52,0,6,0,0,0,32,32,37,64,80
l20,13=0,0,0,0,0,0,0,0,0,44,0,30,24,20,25,37,43,53,39,94,0,98,96,0,0,0,0,0,0,0,0,34,0,0,0,45,52,50,85,52
l21,13=0,0,0,0,0,0,0,0,37,55,0,35,20,25,30,29,47,51,0,95,97,0,97,0,31,0,0,0,0,0,0,0,0,0,0,33,34,0,84,43
l22,13=0,0,0,0,0,0,0,0,0,0,0,28,16,0,0,0,42,22,0,94,97,98,0,0,0,0,21,0,27,0,0,8,0,0,35,51,50,1,47,96
l23,13=0,0,0,32,0,0,0,0,0,0,0,44,27,29,96,73,36,48,0,0,0,0,0,0,44,99,0,0,0,0,0,0,0,80,0,0,0,0,0,0
l24,13=0,0,0,0,0,0,0,0,57,0,0,0,90,0,96,47,56,56,0,0,20,78,0,88,0,60,0,0,0,0,0,0,74,22,0,0,49,0,0,0
l25,13=0,0,0,0,0,0,0,0,0,0,0,42,90,28,93,49,0,50,0,0,0,0,0,99,97,0,0,0,0,5,0,90,94,95,84,0,0,0,0,0
l26,13=0,0,0,0,0,0,0,0,0,0,0,0,0,0,0,0,0,0,0,62,0,0,67,0,0,0,0,87,100,86,100,100,77,77,0,0,0,0,0,0
l27,13=0,0,0,0,0,0,0,0,0,0,0,0,0,0,0,0,0,0,0,0,0,0,0,0,0,0,78,0,100,100,100,77,71,80,10,0,0,0,0,0
l28,13=0,0,0,0,0,0,0,0,0,0,0,0,0,0,0,0,0,0,0,61,0,0,67,0,0,1,95,99,0,100,100,87,69,76,85,0,0,0,0,0
l29,13=0,0,0,0,0,0,0,0,0,0,0,0,0,0,0,0,0,0,0,63,0,0,0,0,0,0,77,99,100,0,100,80,81,73,81,0,0,0,0,0
l30,13=0,0,0,0,0,0,0,0,0,0,0,0,0,0,0,0,0,0,0,0,0,0,0,0,0,0,94,99,99,100,0,85,73,83,1,0,0,0,0,0
l31,13=0,0,0,0,0,0,0,0,0,0,0,0,0,0,3,0,0,0,0,27,80,0,26,0,0,84,95,98,98,99,99,0,100,100,100,0,0,0,0,0
l32,13=0,0,0,0,0,0,0,0,0,0,0,0,14,0,10,0,7,0,0,0,0,0,0,1,59,86,89,78,85,96,90,100,0,100,100,0,0,0,0,0
l33,13=0,0,0,0,0,0,0,0,0,0,0,0,90,0,80,0,60,82,0,0,0,0,0,86,34,98,95,91,100,97,100,100,100,0,100,0,0,0,0,0
l34,13=0,0,0,0,0,0,0,0,0,0,0,0,1,0,77,0,54,0,0,0,0,0,75,0,0,99,0,20,100,100,54,100,100,100,0,0,0,0,0,0
l35,13=0,0,0,0,0,0,0,0,0,0,0,0,0,0,0,0,38,0,0,36,64,47,81,0,0,0,0,0,0,0,0,0,0,0,0,0,91,92,83,56
l36,13=0,0,0,0,0,0,0,0,0,0,0,0,0,0,0,27,43,30,0,27,85,59,83,0,32,0,0,0,0,0,0,0,0,0,0,77,0,45,48,59
l37,13=0,0,0,0,0,0,0,0,0,0,0,0,0,0,0,0,0,0,0,39,73,0,0,0,0,0,0,0,0,0,0,0,0,0,0,52,42,0,31,51
l38,13=0,0,0,0,0,0,0,0,0,0,0,12,19,22,0,28,42,33,0,57,85,81,81,0,0,0,0,0,0,0,0,0,0,0,0,53,51,27,0,48
l39,13=0,0,0,0,0,0,0,0,0,0,0,0,0,0,0,0,36,0,0,65,67,62,89,0,0,0,0,0,0,0,0,0,0,0,0,48,48,40,41,0

l0,14=0,99,99,100,100,100,99,100,95,100,100,0,0,4,0,0,0,0,0,0,0,0,0,0,0,0,0,0,0,0,0,0,0,0,0,0,0,0,0,0
l1,14=99,0,99,100,100,100,99,93,16,57,43,0,0,57,47,0,0,0,0,0,0,0,0,0,6,0,0,0,0,0,0,0,0,0,0,0,0,0,0,0
l2,14=100,100,0,99,100,100,100,100,75,90,98,0,0,0,0,0,0,0,0,0,0,0,0,0,0,0,0,0,0,0,0,0,0,0,0,0,0,0,0,0
l3,14=99,99,99,0,100,100,99,100,0,99,100,0,0,0,0,0,0,0,0,0,0,0,0,0,0,0,0,0,0,0,0,0,0,0,0,0,0,0,0,0
l4,14=99,99,99,99,0,100,75,0,39,53,100,0,0,56,0,0,0,0,0,0,0,0,0,0,1,0,0,0,0,0,0,0,0,0,0,0,0,0,0,0
l5,14=100,100,100,100,100,0,100,63,84,100,100,0,0,56,0,85,0,0,0,0,0,0,0,0,0,0,0,0,0,0,0,0,0,0,0,0,0,0,0,0
l6,14=94,93,100,100,93,100,0,90,88,99,98,99,0,91,0,89,0,0,0,0,0,0,51,0,0,0,0,0,0,0,0,0,0,0,0,0,0,0,0,0
l7,14=99,99,99,98,7,85,97,0,97,100,100,0,0,54,0,27,79,0,0,0,0,0,0,0,0,0,0,0,0,0,0,0,0,0,0,0,0,0,0,0
l8,14=30,4,44,36,40,52,39,36,0,100,100,45,32,35,51,42,0,0,0,6,38,45,26,0,40,0,0,0,0,0,0,0,0,0,0,0,0,0,0,0
l9,14=84,40,1,43,41,99,56,100,98,0,100,95,0,100,38,98,45,44,0,0,43,47,0,44,0,0,0,0,0,0,0,0,0,0,0,0,0,0,0,0
l10,14=70,74,50,98,100,100,100,100,98,100,0,56,32,100,9,40,0,0,0,0,21,0,0,0,0,0,0,0,0,0,0,0,0,0,0,0,0,0,0,0
l11,14=0,0,0,0,0,0,97,0,25,99,42,0,95,99,97,99,98,99,0,0,47,47,40,55,27,52,0,0,0,0,0,0,0,0,0,0,38,0,47,0
l12,14=0,0,0,0,0,0,0,0,57,0,32,95,0,61,100,98,98,100,0,24,97,23,39,59,96,98,0,0,0,0,0,0,0,98,0,0,0,0,0,0
l13,14=5,41,0,0,40,52,55,34,26,100,98,100,62,0,83,99,42,58,0,16,0,45,0,0,70,50,0,0,0,0,0,0,0,0,0,0,0,0,44,0
l14,14=0,0,0,0,0,0,0,0,26,43,0,89,97,37,0,43,89,33,0,0,0,21,0,59,100,50,0,0,0,0,0,0,30,52,0,0,0,0,41,0
l15,14=0,0,0,0,0,37,40,0,28,96,42,100,58,99,51,0,98,66,0,34,47,46,0,42,95,52,0,0,0,0,0,0,0,0,0,0,0,0,46,0
l16,14=0,0,0,0,0,0,0,15,0,54,0,86,44,10,83,98,0,58,4,43,89,34,61,21,95,0,0,0,0,0,0,0,0,50,55,85,95,40,45,49
l17,14=0,0,0,0,0,0,0,0,0,52,0,98,95,61,86,98,98,0,0,39,97,97,34,47,96,68,0,0,0,0,0,0,0,3,0,38,40,0,97,0
l18,14=0,0,0,0,0,0,0,0,0,0,0,0,0,0,0,0,83,0,0,85,90,1,79,0,0,0,0,0,0,0,0,0,0,0,0,0,0,0,0,0
l19,14=0,0,0,0,0,0,0,0,0,0,0,0,47,6,0,92,93,57,55,0,97,94,91,0,0,0,76,0,45,86,0,0,0,0,0,83,92,75,33,90
l20,14=0,0,0,0,0,0,0,0,2,73,0,78,51,0,0,91,91,55,54,97,0,97,95,0,25,0,0,0,0,0,0,0,0,0,45,83,95,86,97,94
l21,14=0,0,0,0,0,0,0,0,50,82,6,79,47,52,73,92,90,56,0,95,98,0,95,0,84,0,0,0,0,0,0,0,0,0,0,79,88,60,96,87
l22,14=0,0,0,0,0,0,56,0,33,0,0,80,47,0,0,0,96,55,48,95,99,99,0,0,7,0,68,0,3,0,0,0,0,0,0,84,95,87,93,95
l23,14=0,0,0,0,0,0,0,0,0,51,0,49,32,0,100,43,19,32,0,0,0,0,0,0,0,100,0,0,0,0,0,0,39,53,54,0,0,0,0,0
l24,14=0,0,0,0,0,0,0,0,24,0,0,0,67,37,100,98,99,59,0,0,36,43,0,0,0,100,0,0,0,0,0,0,0,0,0,0,43,0,0,0
l25,14=0,0,0,0,4,0,0,0,0,0,0,90,97,45,89,91,0,58,0,0,0,0,0,100,100,0,0,0,7,0,0,0,42,99,100,0,0,0,0,0
l26,14=0,0,0,0,0,0,0,0,0,0,0,0,0,0,0,0,0,0,0,89,52,0,87,0,0,0,0,98,99,97,99,100,98,98,99,0,0,0,0,0
l27,14=0,0,0,0,0,0,0,0,0,0,0,0,0,0,0,0,0,0,0,0,0,0,0,0,0,0,90,0,99,99,100,92,92,90,1,0,0,0,0,0
l28,14=0,0,0,0,0,0,0,0,0,0,0,0,0,0,0,0,0,0,0,73,0,0,50,0,0,24,100,100,0,99,100,92,89,90,89,0,0,0,0,0
l29,14=0,0,0,0,0,0,0,0,0,0,0,0,0,0,0,0,0,0,0,87,1,0,0,0,0,0,90,100,99,0,100,95,94,0,90,0,0,0,0,0
l30,14=0,0,0,0,0,0,0,0,0,0,0,0,0,0,0,0,0,0,0,0,0,0,0,0,0,0,100,100,99,99,0,92,92,90,0,0,0,0,0,0
l31,14=0,0,0,0,0,0,0,0,0,0,0,0,0,0,0,0,0,0,0,0,74,0,0,0,0,0,99,89,97,97,96,0,99,99,100,0,0,0,0,0
l32,14=0,0,0,0,0,0,0,0,0,0,0,0,0,0,86,0,0,0,0,0,1,0,0,67,0,92,99,95,94,97,96,100,0,100,100,0,0,0,0,0
l33,14=0,0,0,0,0,0,0,0,0,0,0,0,94,0,94,0,95,1,0,0,0,0,0,94,0,98,100,89,98,0,99,100,100,0,100,0,0,0,0,0
l34,14=0,0,0,0,0,0,0,0,0,0,0,0,12,0,0,0,93,0,0,0,95,0,1,83,0,100,100,2,99,99,0,100,100,100,0,0,0,0,0,0
l35,14=0,0,0,0,0,0,0,0,0,0,0,0,6,0,0,0,86,33,0,46,81,61,50,0,0,0,0,0,0,0,0,0,0,0,0,0,97,94,97,93
l36,14=0,0,0,0,0,0,0,0,0,0,0,14,0,0,0,0,89,2,0,40,88,45,52,0,47,0,0,0,0,0,0,0,0,0,0,98,0,84,98,88
l37,14=0,0,0,0,0,0,0,0,0,0,0,0,0,0,0,0,1,0,0,3,86,12,55,0,0,0,0,0,0,0,0,0,0,0,0,96,88,0,90,91
l38,14=0,0,0,0,0,0,0,0,0,0,0,71,0,4,63,88,86,22,0,32,97,57,52,0,0,0,0,0,0,0,0,0,0,0,0,97,97,89,0,90
l39,14=0,0,0,0,0,0,0,0,0,0,0,0,0,0,0,0,88,0,0,60,86,85,55,0,0,0,0,0,0,0,0,0,0,0,0,84,88,84,92,0

l0,15=0,98,99,100,98,100,98,99,65,97,99,0,0,0,0,0,0,0,0,0,0,0,0,0,0,0,0,0,0,0,0,0,0,0,0,0,0,0,0,0
l1,15=97,0,99,98,98,97,98,93,1,97,100,0,0,97,48,0,0,0,0,0,0,0,0,0,23,0,0,0,0,0,0,0,0,0,0,0,0,0,0,0
l2,15=100,99,0,98,98,100,100,99,1,95,97,34,0,96,0,0,0,0,0,0,0,0,0,0,0,0,0,0,0,0,0,0,0,0,0,0,0,0,0,0
l3,15=100,97,99,0,98,97,1,0,0,0,100,0,0,0,0,0,0,0,0,0,0,0,0,0,0,0,0,0,0,0,0,0,0,0,0,0,0,0,0,0
l4,15=100,99,99,92,0,100,98,97,0,94,100,0,0,92,0,0,0,0,0,0,0,0,0,0,0,0,0,0,0,0,0,0,0,0,0,0,0,0,0,0
l5,15=97,97,99,98,100,0,98,99,96,97,100,0,0,97,0,95,0,0,0,0,0,0,0,0,0,0,0,0,0,0,0,0,0,0,0,0,0,0,0,0
l6,15=97,97,99,78,97,97,0,99,95,96,100,97,96,94,0,95,16,0,0,0,0,0,54,0,0,0,0,0,0,0,0,0,0,0,0,0,0,0,0,0
l7,15=97,95,99,90,97,97,98,0,97,97,100,0,0,66,63,0,97,0,0,0,0,0,0,0,0,0,0,0,0,0,0,0,0,0,0,0,0,0,0,0
l8,15=83,0,0,61,0,62,87,90,0,100,100,95,69,59,61,97,0,0,0,26,9,92,80,17,57,0,0,0,0,0,0,0,0,0,0,0,0,0,0,0
l9,15=96,92,0,0,63,96,96,99,100,0,100,89,0,100,20,97,89,51,0,0,96,91,11,20,0,0,0,0,0,0,0,0,0,0,0,0,0,0,0,0
l10,15=94,97,9,96,98,97,98,100,97,100,0,0,97,97,79,0,0,0,0,0,0,0,0,0,0,0,0,0,0,0,0,0,0,0,0,0,0,0,0,0
l11,15=0,0,0,0,0,0,98,0,58,79,0,0,99,99,61,100,98,71,0,2,98,99,87,62,0,91,0,0,0,0,0,0,0,0,0,0,63,0,95,0
l12,15=0,0,0,0,0,0,81,0,98,0,99,99,0,99,99,99,98,98,0,33,99,0,87,99,100,99,0,0,0,0,0,0,0,23,0,0,63,2,86,0
l13,15=0,93,93,0,69,64,90,53,60,100,99,100,100,0,64,100,94,71,0,7,0,86,31,58,57,88,0,0,0,0,0,0,0,0,0,0,0,0,0,0
l14,15=0,0,0,0,0,0,0,7,59,60,39,97,99,62,0,99,98,71,0,0,52,0,0,66,100,91,0,0,0,0,0,0,0,98,10,0,0,0,0,0
l15,15=0,0,0,0,0,48,92,0,59,81,0,100,70,62,64,0,98,71,0,0,96,99,2,63,62,87,0,0,0,0,0,0,0,0,0,77,0,0,95,0
l16,15=0,0,0,0,0,0,11,57,0,65,2,99,69,47,64,99,0,68,54,56,96,86,89,0,62,32,0,0,0,0,0,21,0,91,0,85,63,63,94,69
l17,15=0,0,0,0,0,0,0,0,0,80,0,99,70,62,65,99,98,0,0,58,99,99,88,62,62,90,0,0,0,0,0,0,0,92,4,0,62,44,95,6
l18,15=0,0,0,0,0,0,0,0,0,0,0,0,0,0,0,0,81,0,0,20,86,44,69,0,0,0,0,0,0,0,0,0,0,0,0,0,0,0,0,0
l19,15=0,0,0,0,0,0,0,0,24,0,0,2,53,0,0,0,72,58,0,0,99,96,91,0,0,0,0,0,75,79,0,0,0,0,0,0,52,0,0,81
l20,15=0,0,0,0,0,0,0,0,0,75,0,95,68,0,22,94,97,68,54,100,0,100,100,0,0,0,0,0,0,0,0,0,0,0,0,86,63,0,95,99
l21,15=0,0,0,0,0,0,0,0,51,71,3,94,0,41,0,91,90,65,3,100,100,0,100,0,42,0,0,0,34,0,0,0,0,0,49,83,94,62,97,93
l22,15=0,0,0,0,0,0,7,0,44,52,0,82,55,0,0,6,94,59,25,93,100,99,0,0,0,0,45,0,0,9,0,59,0,6,0,70,55,55,86,85
l23,15=0,0,0,0,0,0,0,0,0,56,0,96,100,48,99,100,0,72,0,0,0,0,0,0,100,99,0,0,0,0,0,0,96,99,0,0,0,0,0,0
l24,15=0,0,0,0,0,0,0,0,61,0,0,0,100,62,99,100,98,99,0,0,0,0,0,100,0,94,0,0,0,0,0,0,99,4,0,0,63,0,36,0
l25,15=0,0,0,0,0,0,0,0,0,0,0,100,86,60,99,98,83,71,0,0,0,0,0,99,99,0,61,0,42,0,0,97,97,81,97,0,0,0,0,0
l26,15=0,0,0,0,0,0,0,0,0,0,0,0,0,0,0,0,0,0,0,0,0,0,71,0,0,75,0,85,96,98,98,98,97,22,96,0,0,0,0,0
l27,15=0,0,0,0,0,0,0,0,0,0,0,0,0,0,0,0,0,0,0,0,0,0,0,0,0,0,96,0,96,99,98,98,98,76,97,0,0,0,0,0
l28,15=0,0,0,0,0,0,0,0,0,0,0,0,0,0,0,0,0,0,0,96,0,53,0,0,0,56,97,87,0,99,98,98,97,78,96,0,0,0,0,0
l29,15=0,0,0,0,0,0,0,0,0,0,0,0,0,0,0,0,0,0,0,95,0,0,11,0,0,0,96,87,96,0,98,98,97,78,96,0,0,0,0,0
l30,15=0,0,0,0,0,0,0,0,0,0,0,0,0,0,0,0,0,0,0,0,0,0,0,0,0,0,96,87,96,99,0,97,97,78,0,0,0,0,0,0
l31,15=0,0,0,0,0,0,0,0,0,0,0,0,0,0,1,0,8,0,0,0,0,0,69,0,0,76,96,81,95,98,96,0,98,84,96,0,0,0,0,0
l32,15=0,0,0,0,0,0,0,0,0,0,0,0,67,0,0,0,0,0,0,0,42,0,0,97,97,77,96,81,95,98,95,99,0,86,97,0,0,0,0,0
l33,15=0,0,0,0,0,0,0,0,0,0,0,0,51,0,81,0,98,68,0,0,0,0,36,99,50,75,33,54,95,98,96,99,99,0,97,0,0,0,0,0
l34,15=0,0,0,0,0,0,0,0,0,0,0,0,18,0,60,0,0,0,0,0,21,73,0,0,0,78,97,69,95,98,0,99,99,86,0,0,0,0,0,0
l35,15=0,0,0,0,0,0,0,0,0,0,0,0,33,0,0,71,72,0,0,0,97,73,68,0,0,0,0,0,0,0,0,0,0,0,0,0,99,99,96,95
l36,15=0,0,0,0,0,0,0,0,0,0,0,90,28,0,0,0,92,32,0,45,96,91,85,0,49,0,0,0,0,0,0,0,0,0,0,86,0,64,98,95
l37,15=0,0,0,0,0,0,0,0,0,0,0,0,0,0,0,0,79,0,0,0,0,85,79,0,0,0,0,0,0,0,0,0,0,0,0,97,95,0,92,95
l38,15=0,0,0,0,0,0,0,0,0,0,0,87,24,0,0,88,80,62,0,0,99,92,83,0,27,0,0,0,0,0,0,0,0,0,0,86,63,63,0,96
l39,15=0,0,0,0,0,0,0,0,0,0,0,0,0,0,0,0,69,0,0,52,98,90,82,0,0,0,0,0,0,0,0,0,0,0,0,97,62,96,93,0

