t=2016-04-12_23.48.28

n=40

q0=1
q1=1
q2=1
q3=1
q4=1
q5=1
q6=1
q7=1
q8=1
q9=1
q10=1
q11=1
q12=1
q13=1
q14=1
q15=1
q16=1
q17=1
q18=1
q19=1
q20=1
q21=1
q22=1
q23=1
q24=1
q25=1
q26=1
q27=1
q28=1
q29=1
q30=1
q31=1
q32=1
q33=1
q34=1
q35=1
q36=1
q37=1
q38=1
q39=1

a0=0x141592000c576ce6
a1=0x141592000c5aedbc
a2=0x141592000c5750f4
a3=0x141592000c576658
a4=0x141592000c575890
a5=0x141592000c574ffa
a6=0x141592000c5acf11
a7=0x141592000d9df361
a8=0x141592000c576300
a9=0x141592000c5779b6
a10=0x141592000c5762b9
a11=0x141592000c5af078
a12=0x141592000c575517
a13=0x141592000c5752c3
a14=0x141592000c5a4baa
a15=0x141592000c5776e7
a16=0x141592000c58cdeb
a17=0x141592000c5881fc
a18=0x141592000bd81d33
a19=0x141592000bd84d6a
a20=0x141592000c577233
a21=0x141592000c574527
a22=0x141592000c5746a3
a23=0x141592000c574da3
a24=0x141592000c5741c9
a25=0x141592000da244ea
a26=0x141592000c5ae886
a27=0x141592000c57510e
a28=0x141592000c5ab6c8
a29=0x141592000c574d05
a30=0x141592000edae61f
a31=0x141592000c57667e
a32=0x141592000c577f43
a33=0x141592000c576449
a34=0x1415920010f4117a
a35=0x141592000c575966
a36=0x141592000c574d35
a37=0x141592000c576fb1
a38=0x141592000c5aea5d
a39=0x141592000c59f23f

l0,0=0,83,86,87,47,36,39,40,29,50,43,0,0,0,0,0,0,0,0,0,0,0,0,0,0,0,0,0,0,0,0,0,0,0,0,0,0,0,0,0
l1,0=63,0,86,52,37,82,36,38,32,42,43,0,0,0,0,0,0,0,0,0,0,0,0,0,0,0,0,0,0,0,0,0,0,0,0,0,0,0,0,0
l2,0=77,86,0,38,87,82,88,76,3,59,78,0,0,28,0,0,0,0,0,0,0,0,0,0,0,0,0,0,0,0,0,0,0,0,0,0,0,0,0,0
l3,0=94,86,53,0,89,67,76,36,36,0,25,0,0,0,0,0,0,0,0,0,0,0,0,0,0,0,0,0,0,0,0,0,0,0,0,0,0,0,0,0
l4,0=43,41,86,85,0,27,38,34,30,38,28,0,0,29,0,0,0,0,0,0,0,0,0,0,0,0,0,0,0,0,0,0,0,0,0,0,0,0,0,0
l5,0=41,90,88,37,37,0,77,39,39,67,42,9,0,28,0,0,0,0,0,0,0,0,0,0,0,0,0,0,0,0,0,0,0,0,0,0,0,0,0,0
l6,0=53,49,92,66,78,72,0,86,73,75,69,12,1,41,0,21,32,0,0,0,0,0,0,0,0,0,0,0,0,0,0,0,0,0,0,0,0,0,0,0
l7,0=68,77,80,45,74,70,86,0,75,85,81,39,0,10,0,40,0,0,0,0,0,0,0,0,0,0,0,0,0,0,0,0,0,0,0,0,0,0,0,0
l8,0=0,28,0,20,31,43,81,73,0,91,34,77,35,83,48,76,75,15,0,0,0,30,1,20,56,7,0,0,0,0,0,0,0,0,0,0,0,0,42,0
l9,0=73,30,78,0,29,74,80,82,93,0,82,74,34,70,29,51,29,16,0,0,0,0,11,0,0,0,0,0,0,0,0,0,0,0,0,0,0,0,0,0
l10,0=78,77,86,7,76,70,76,86,53,95,0,70,9,74,0,60,0,0,0,0,0,1,0,0,0,0,0,0,0,0,0,0,0,0,0,0,0,0,0,0
l11,0=0,0,0,0,0,19,4,34,33,35,21,0,57,63,57,94,42,57,0,6,0,3,0,0,63,0,0,0,0,0,0,0,0,0,0,0,30,0,45,0
l12,0=0,0,0,0,0,0,0,0,28,21,3,87,0,76,87,94,33,99,0,0,38,5,0,73,91,76,0,0,0,0,0,0,0,30,0,2,10,0,53,0
l13,0=0,0,28,0,8,17,44,1,75,38,51,75,68,0,57,57,11,18,0,7,8,18,17,33,53,45,0,0,0,0,0,0,0,0,0,0,0,0,42,0
l14,0=0,0,0,0,0,0,0,0,34,11,0,54,78,50,0,79,54,52,0,0,53,0,14,59,86,84,0,0,0,0,0,0,0,31,0,0,0,0,37,0
l15,0=0,0,0,0,0,0,9,8,55,22,22,98,82,51,71,0,24,33,0,2,11,0,6,0,86,0,0,0,0,0,0,0,0,0,0,0,20,0,54,0
l16,0=0,0,0,0,0,0,5,0,30,6,0,22,19,24,52,29,0,34,0,44,27,16,21,16,64,0,0,0,0,0,0,0,0,23,0,0,18,0,58,29
l17,0=0,0,0,0,0,0,0,0,28,0,0,56,82,37,72,79,34,0,0,0,55,18,8,26,70,60,0,0,0,0,0,0,0,36,0,0,33,16,12,0
l18,0=0,0,0,0,0,0,0,0,0,0,0,0,0,0,0,0,3,0,0,0,68,1,46,0,0,0,0,0,0,0,0,0,0,0,0,0,0,0,0,0
l19,0=0,0,0,0,0,0,0,0,2,0,0,2,0,1,0,0,66,0,0,0,72,33,89,0,0,0,8,0,0,0,0,6,0,0,0,9,39,0,42,70
l20,0=0,0,0,0,0,0,0,0,0,0,0,1,2,0,13,1,7,3,65,85,0,82,87,0,0,0,0,0,0,0,0,0,0,0,2,5,69,64,95,90
l21,0=0,0,0,0,0,0,0,0,37,0,0,2,3,4,0,12,46,23,8,14,91,0,87,0,0,0,0,0,0,0,0,0,0,0,0,34,26,21,72,66
l22,0=0,0,0,0,0,0,0,0,12,1,0,0,0,14,12,0,20,2,50,86,92,82,0,0,0,0,4,0,0,0,0,7,0,0,0,12,64,14,75,72
l23,0=0,0,0,0,0,0,0,0,14,0,0,6,72,46,73,0,17,18,0,0,0,0,0,0,86,0,0,0,0,0,0,0,0,37,32,0,0,0,0,0
l24,0=0,0,0,0,0,0,0,0,51,0,1,63,82,33,77,80,49,27,0,0,0,0,0,84,0,73,0,0,0,0,0,0,32,42,23,0,0,0,0,0
l25,0=0,0,0,0,0,0,0,0,20,0,0,0,72,22,90,0,0,17,0,0,0,0,0,0,82,0,13,2,0,0,0,24,26,35,71,0,0,0,0,0
l26,0=0,0,0,0,0,0,0,0,0,0,0,0,0,0,0,0,0,0,0,41,0,0,19,0,0,46,0,71,96,91,92,86,75,61,63,0,0,0,0,0
l27,0=0,0,0,0,0,0,0,0,0,0,0,0,0,0,0,0,0,0,0,0,0,0,0,0,0,8,85,0,96,96,97,73,78,67,74,0,0,0,0,0
l28,0=0,0,0,0,0,0,0,0,0,0,0,0,0,0,0,0,0,0,0,0,0,0,0,0,0,0,90,99,0,96,96,82,79,68,77,0,0,0,0,0
l29,0=0,0,0,0,0,0,0,0,0,0,0,0,0,0,0,0,0,0,0,4,0,0,0,0,0,2,87,100,96,0,97,69,63,58,53,0,0,0,0,0
l30,0=0,0,0,0,0,0,0,0,0,0,0,0,0,0,0,0,0,0,0,0,0,0,0,0,0,0,82,100,96,96,0,59,69,71,0,0,0,0,0,0
l31,0=0,0,0,0,0,0,0,0,0,0,0,0,0,0,0,0,0,0,0,37,0,0,22,5,0,43,81,57,85,70,54,0,88,76,92,0,0,0,0,0
l32,0=0,0,0,0,0,0,0,0,0,0,0,0,0,0,0,0,0,0,0,0,0,0,4,4,47,48,68,55,68,59,59,85,0,85,93,0,0,0,0,0
l33,0=0,0,0,0,0,0,0,0,0,0,0,0,58,0,58,0,58,68,0,0,0,0,0,52,74,60,66,28,75,58,72,80,85,0,78,0,0,0,0,0
l34,0=0,0,0,0,0,0,0,0,0,0,0,0,0,0,7,0,0,0,0,0,40,0,1,59,54,68,70,64,70,65,0,87,95,76,0,0,0,0,0,0
l35,0=0,0,0,0,0,0,0,0,0,0,0,0,0,0,0,0,0,0,0,3,6,11,7,0,0,0,0,0,0,0,0,0,0,0,0,0,31,51,74,33
l36,0=0,0,0,0,0,0,0,0,1,0,0,4,2,0,0,9,1,5,0,19,70,6,31,0,0,0,0,0,0,0,0,0,0,0,0,14,0,55,72,49
l37,0=0,0,0,0,0,0,0,0,0,0,0,0,0,0,0,0,0,2,0,0,55,2,1,0,0,0,0,0,0,0,0,0,0,0,0,23,49,0,0,72
l38,0=0,0,0,0,0,0,0,0,8,0,0,5,7,4,4,16,21,2,0,4,82,19,23,0,0,0,0,0,0,0,0,0,0,0,0,29,50,0,0,54
l39,0=0,0,0,0,0,0,0,0,0,0,0,0,0,0,0,0,10,0,0,50,62,16,27,0,0,0,0,0,0,0,0,0,0,0,0,24,58,73,85,0

l0,1=0,78,65,87,80,79,62,52,61,60,75,0,0,3,0,0,0,0,0,0,0,0,0,0,0,0,0,0,0,0,0,0,0,0,0,0,0,0,0,0
l1,1=81,0,79,86,78,85,67,61,28,57,81,0,0,8,0,0,0,0,0,0,0,0,0,0,0,0,0,0,0,0,0,0,0,0,0,0,0,0,0,0
l2,1=67,83,0,74,73,88,80,70,0,62,82,0,0,0,0,16,0,0,0,0,0,0,0,0,0,0,0,0,0,0,0,0,0,0,0,0,0,0,0,0
l3,1=83,77,68,0,80,81,59,48,0,29,61,0,0,0,0,0,0,0,0,0,0,0,0,0,0,0,0,0,0,0,0,0,0,0,0,0,0,0,0,0
l4,1=72,72,63,78,0,75,61,56,70,56,74,0,0,44,0,0,0,0,0,0,0,0,0,0,0,0,0,0,0,0,0,0,0,0,0,0,0,0,0,0
l5,1=69,82,79,72,72,0,58,70,69,59,76,0,0,39,0,0,0,0,0,0,0,0,0,0,0,0,0,0,0,0,0,0,0,0,0,0,0,0,0,0
l6,1=58,59,80,55,53,62,0,73,63,46,75,48,4,49,0,0,19,0,0,0,0,0,0,0,0,0,0,0,0,0,0,0,0,0,0,0,0,0,0,0
l7,1=40,45,60,48,41,80,70,0,76,70,85,40,26,24,0,0,0,1,0,0,0,0,0,0,0,0,0,0,0,0,0,0,0,0,0,0,0,0,0,0
l8,1=41,0,0,0,66,52,61,68,0,75,70,54,23,68,46,51,39,30,0,0,0,47,28,34,0,0,0,0,0,0,0,0,0,0,0,0,0,0,14,0
l9,1=54,44,62,31,57,71,48,70,87,0,88,50,43,63,44,48,26,35,0,0,0,30,27,0,0,0,0,0,0,0,0,0,0,0,0,0,0,0,0,0
l10,1=53,70,75,55,63,72,66,81,63,78,0,48,0,64,0,45,19,0,0,0,0,21,0,0,13,0,0,0,0,0,0,0,0,0,0,0,0,0,0,0
l11,1=0,0,0,0,0,0,34,27,30,23,50,0,82,73,70,67,36,64,0,22,2,15,0,0,50,0,0,0,0,0,0,0,0,0,0,13,25,0,25,0
l12,1=0,0,0,0,0,0,0,0,8,15,0,66,0,62,83,65,50,77,0,0,32,21,16,67,80,30,0,0,0,0,0,0,0,12,0,0,5,0,25,0
l13,1=0,0,0,0,23,1,31,0,76,64,78,67,71,0,53,41,40,51,0,34,33,28,38,39,38,0,0,0,0,0,0,0,0,0,0,0,0,0,23,0
l14,1=0,0,0,0,0,0,0,0,27,19,0,61,85,56,0,44,60,47,0,0,37,24,4,76,73,40,0,0,0,0,0,0,0,11,0,0,0,0,20,0
l15,1=0,0,5,0,0,0,0,0,36,23,46,74,83,49,54,0,27,56,0,0,2,0,19,34,73,0,0,0,0,0,0,0,0,0,0,0,29,0,4,0
l16,1=0,0,0,0,0,0,11,0,21,4,7,52,59,48,64,15,0,54,0,6,44,31,34,14,48,16,0,0,0,0,0,0,1,5,0,37,22,3,10,14
l17,1=0,0,0,0,0,0,0,0,6,11,0,61,86,55,61,53,59,0,0,0,26,2,18,42,46,3,0,0,0,0,0,0,0,16,0,0,24,5,0,0
l18,1=0,0,0,0,0,0,0,0,0,0,0,0,0,0,0,0,0,0,0,4,58,28,53,0,0,0,0,0,0,0,0,0,0,0,0,0,0,0,0,0
l19,1=0,0,0,0,0,0,0,0,0,0,0,2,0,16,0,0,6,0,4,0,72,23,72,0,0,0,16,0,0,0,0,14,0,0,0,3,42,12,39,49
l20,1=0,0,0,0,0,0,0,0,0,0,0,0,28,19,27,0,43,22,26,59,0,66,70,0,0,0,0,0,0,0,0,0,0,0,4,10,53,26,54,56
l21,1=0,0,0,0,0,0,0,0,17,7,9,12,21,21,18,0,44,11,8,23,69,0,66,0,0,0,3,0,0,0,0,11,0,0,0,51,13,14,54,58
l22,1=0,0,0,0,0,0,0,0,10,7,0,0,22,24,2,6,44,21,15,64,65,59,0,0,0,0,5,0,0,0,0,14,0,0,0,46,64,15,30,58
l23,1=0,0,0,0,0,0,0,0,23,0,0,0,63,56,64,43,9,42,0,0,0,0,0,0,68,25,0,0,0,0,0,0,0,0,44,0,0,0,0,0
l24,1=0,0,0,0,0,0,0,0,0,0,4,53,82,45,70,60,48,45,0,0,0,0,0,79,0,29,0,0,0,0,0,0,23,32,37,0,0,0,0,0
l25,1=0,0,0,0,0,0,0,0,0,0,0,0,64,14,72,0,48,29,0,0,0,0,0,64,62,0,19,0,7,6,0,26,0,42,43,0,0,0,0,0
l26,1=0,0,0,0,0,0,0,0,0,0,0,0,0,0,0,0,0,0,0,50,0,0,24,0,0,17,0,52,82,66,75,71,63,58,53,0,0,0,0,0
l27,1=0,0,0,0,0,0,0,0,0,0,0,0,0,0,0,0,0,0,0,0,0,0,0,0,0,0,65,0,82,75,90,50,52,51,57,0,0,0,0,0
l28,1=0,0,0,0,0,0,0,0,0,0,0,0,0,0,0,0,0,0,0,1,0,0,0,0,0,12,78,72,0,75,83,68,40,44,49,0,0,0,0,0
l29,1=0,0,0,0,0,0,0,0,0,0,0,0,0,0,0,0,0,0,0,0,0,0,0,0,0,3,75,72,82,0,84,57,42,40,44,0,0,0,0,0
l30,1=0,0,0,0,0,0,0,0,0,0,0,0,0,0,0,0,0,0,0,0,0,0,0,0,0,0,65,86,79,75,0,55,43,55,0,0,0,0,0,0
l31,1=0,0,0,0,0,0,0,0,0,0,0,0,0,0,0,0,0,0,0,43,2,26,41,0,0,17,70,34,63,44,50,0,69,56,73,0,0,0,0,0
l32,1=0,0,0,0,0,0,0,0,0,0,0,0,0,0,0,0,6,0,0,0,0,0,0,0,46,0,67,42,45,43,49,66,0,59,81,0,0,0,0,0
l33,1=0,0,0,0,0,0,0,0,0,0,0,0,33,0,13,0,13,38,0,0,0,0,0,1,50,22,62,32,52,29,56,64,61,0,59,0,0,0,0,0
l34,1=0,0,0,0,0,0,0,0,0,0,0,0,0,0,2,0,0,0,0,0,37,0,0,48,52,18,57,41,61,40,0,67,77,50,0,0,0,0,0,0
l35,1=0,0,0,0,0,0,0,0,0,0,0,0,0,0,0,0,20,0,0,0,1,37,31,0,0,0,0,0,0,0,0,0,0,0,0,0,63,29,65,15
l36,1=0,0,0,0,0,0,0,0,0,0,0,30,4,0,0,11,35,30,0,36,55,12,40,0,0,0,0,0,0,0,0,0,0,0,0,51,0,28,64,34
l37,1=0,0,0,0,0,0,0,0,0,0,0,0,0,0,0,0,11,0,0,5,39,5,4,0,0,0,0,0,0,0,0,0,0,0,0,51,47,0,31,36
l38,1=0,0,0,0,0,0,0,0,1,0,0,28,31,24,0,0,8,0,0,43,55,36,30,0,0,0,0,0,0,0,0,0,0,0,0,61,72,26,0,35
l39,1=0,0,0,0,0,0,0,0,0,0,0,0,0,0,0,0,18,0,0,43,49,32,40,0,0,0,0,0,0,0,0,0,0,0,0,19,39,26,36,0

l0,2=0,82,72,73,74,62,55,40,56,56,59,0,0,5,0,0,0,0,0,0,0,0,0,0,0,0,0,0,0,0,0,0,0,0,0,0,0,0,0,0
l1,2=81,0,76,85,76,67,60,19,0,52,64,0,0,0,0,0,0,0,0,0,0,0,0,0,0,0,0,0,0,0,0,0,0,0,0,0,0,0,0,0
l2,2=62,77,0,65,66,72,67,35,31,56,52,0,0,0,0,23,0,0,0,0,0,0,0,0,0,0,0,0,0,0,0,0,0,0,0,0,0,0,0,0
l3,2=80,84,75,0,72,43,22,20,51,29,36,0,0,0,0,0,0,0,0,0,0,0,0,0,0,0,0,0,0,0,0,0,0,0,0,0,0,0,0,0
l4,2=74,81,72,69,0,61,56,39,41,57,39,0,0,0,0,0,0,0,0,0,0,0,0,0,0,0,0,0,0,0,0,0,0,0,0,0,0,0,0,0
l5,2=58,72,79,52,61,0,14,31,53,52,43,0,0,18,0,0,0,0,0,0,0,0,0,0,0,0,0,0,0,0,0,0,0,0,0,0,0,0,0,0
l6,2=51,61,77,37,59,22,0,27,39,49,46,33,20,8,0,15,0,0,0,0,0,0,0,0,0,0,0,0,0,0,0,0,0,0,0,0,0,0,0,0
l7,2=43,26,62,31,49,23,13,0,58,51,73,8,17,21,0,39,0,0,0,0,0,0,0,0,0,0,0,0,0,0,0,0,0,0,0,0,0,0,0,0
l8,2=14,0,6,18,15,7,6,56,0,68,60,58,4,63,12,49,39,32,0,0,0,35,0,0,38,4,0,0,0,0,0,0,0,0,0,0,0,0,0,0
l9,2=43,45,71,21,62,24,19,52,74,0,73,51,24,56,5,42,6,16,0,0,0,0,0,22,0,0,0,0,0,0,0,0,0,0,0,0,0,0,0,0
l10,2=40,64,65,29,45,24,29,68,60,65,0,41,0,34,0,35,0,23,0,0,0,0,0,0,0,0,0,0,0,0,0,0,0,0,0,0,0,0,0,0
l11,2=0,0,0,0,0,0,8,0,45,23,23,0,55,72,67,57,50,82,0,33,15,12,31,35,35,0,0,0,0,0,0,0,0,0,0,32,36,25,36,0
l12,2=0,0,0,0,0,0,8,0,8,22,0,82,0,39,87,56,60,88,0,2,0,39,6,73,90,75,0,0,0,0,0,0,0,0,0,0,0,0,27,0
l13,2=0,0,0,0,0,1,0,15,68,53,52,77,37,0,38,45,50,60,5,22,18,35,20,38,48,17,0,0,0,0,0,0,0,0,0,0,2,0,41,0
l14,2=0,0,0,0,0,0,0,0,39,0,0,70,65,33,0,38,69,57,0,0,26,3,2,72,79,64,0,0,0,0,0,0,0,49,0,0,0,0,39,0
l15,2=0,0,14,0,0,0,0,18,65,23,26,87,57,58,44,0,22,72,0,1,32,7,1,29,74,0,0,0,0,0,0,0,0,0,0,0,19,0,35,18
l16,2=0,0,0,0,0,0,0,0,41,5,1,34,46,41,63,17,0,73,0,5,44,47,58,0,52,41,0,0,0,0,0,0,0,41,0,40,49,0,39,39
l17,2=0,0,0,0,0,0,0,0,38,5,3,82,65,48,49,47,75,0,0,0,31,38,25,35,66,0,0,0,0,0,0,0,0,32,0,27,29,0,33,0
l18,2=0,0,0,0,0,0,0,0,0,0,0,0,0,0,0,0,0,0,0,2,24,36,24,0,0,0,0,0,0,0,0,0,0,0,0,0,0,0,0,0
l19,2=0,0,0,0,0,0,0,0,0,0,0,0,0,17,0,0,1,0,12,0,51,0,67,0,0,0,15,0,0,0,0,10,0,0,0,0,17,0,25,47
l20,2=0,0,0,0,0,0,0,0,0,0,0,6,0,26,13,27,69,21,26,69,0,80,68,0,9,0,0,0,0,0,0,0,0,0,16,48,63,60,57,64
l21,2=0,0,0,0,0,0,0,0,22,4,0,0,20,15,5,3,63,26,28,0,62,0,71,0,0,0,0,0,0,0,0,0,0,19,0,53,60,18,57,66
l22,2=0,0,0,0,0,0,0,0,2,0,0,3,8,22,0,0,69,26,26,77,63,78,0,0,0,0,3,0,0,19,0,9,0,0,0,60,64,17,13,66
l23,2=0,0,0,0,0,0,0,0,0,2,0,55,52,44,79,26,0,57,0,0,0,0,0,0,79,62,0,0,0,0,0,0,0,0,21,0,0,0,0,0
l24,2=0,0,0,0,0,0,0,0,56,0,0,39,56,59,79,53,64,75,0,0,24,0,0,75,0,73,0,0,0,0,0,0,7,42,37,0,13,0,27,0
l25,2=0,0,0,0,0,0,0,0,40,0,0,0,52,34,73,6,60,0,0,0,0,0,0,60,75,0,22,0,0,0,0,34,47,67,70,0,0,0,0,0
l26,2=0,0,0,0,0,0,0,0,0,0,0,0,0,0,0,0,0,0,0,54,0,0,13,0,0,56,0,20,78,67,65,73,60,62,57,0,0,0,0,0
l27,2=0,0,0,0,0,0,0,0,0,0,0,0,0,0,0,0,0,0,0,0,0,0,0,0,0,0,20,0,78,78,77,66,50,57,61,0,0,0,0,0
l28,2=0,0,0,0,0,0,0,0,0,0,0,0,0,0,0,0,0,0,0,0,0,0,0,0,0,0,63,81,0,79,72,72,39,51,53,0,0,0,0,0
l29,2=0,0,0,0,0,0,0,0,0,0,0,0,0,0,0,0,0,0,0,0,0,0,41,0,0,0,51,77,78,0,70,61,41,0,4,0,0,0,0,0
l30,2=0,0,0,0,0,0,0,0,0,0,0,0,0,0,0,0,0,0,0,0,0,0,0,0,0,0,46,88,73,60,0,44,45,51,46,0,0,0,0,0
l31,2=0,0,0,0,0,0,0,0,0,0,0,0,0,0,0,0,0,0,0,50,0,0,38,0,0,56,50,60,59,51,45,0,72,68,74,0,0,0,0,0
l32,2=0,0,0,0,0,0,0,0,0,0,0,0,0,0,0,0,0,0,0,0,0,0,0,0,20,58,42,51,47,49,47,74,0,71,93,0,0,0,0,0
l33,2=0,0,0,0,0,0,0,0,0,0,0,0,0,0,49,0,56,52,0,0,0,37,0,0,44,62,40,40,52,0,51,65,60,0,75,0,0,0,0,0
l34,2=0,0,0,0,0,0,0,0,0,0,0,0,0,0,0,0,6,0,0,0,39,0,0,40,46,59,40,54,52,28,44,74,79,79,0,0,0,0,0,0
l35,2=0,0,0,0,0,0,0,0,0,0,0,1,0,0,0,0,21,0,0,0,18,27,42,0,0,0,0,0,0,0,0,0,0,0,0,0,63,61,53,56
l36,2=0,0,0,0,0,0,0,0,0,0,0,22,4,4,0,9,59,33,0,50,48,62,59,0,4,0,0,0,0,0,0,0,0,0,0,64,0,58,58,60
l37,2=0,0,0,0,0,0,0,0,0,0,0,1,0,0,0,0,0,0,0,0,41,24,16,0,0,0,0,0,0,0,0,0,0,0,0,61,62,0,51,59
l38,2=0,0,0,0,0,0,0,0,3,0,0,12,5,30,9,11,18,21,0,32,51,68,5,0,1,0,0,0,0,0,0,0,0,0,0,68,68,54,0,60
l39,2=0,0,0,0,0,0,0,0,0,0,0,0,0,0,0,7,16,0,0,26,28,55,47,0,0,0,0,0,0,0,0,0,0,0,0,49,41,23,50,0

l0,3=0,86,80,72,78,69,73,73,0,68,0,0,0,0,0,0,0,0,0,0,0,0,0,0,0,0,0,0,0,0,0,0,0,0,0,0,0,0,0,0
l1,3=87,0,79,75,83,76,83,55,44,49,50,0,0,0,0,0,0,0,0,0,0,0,0,0,0,0,0,0,0,0,0,0,0,0,0,0,0,0,0,0
l2,3=86,90,0,75,86,77,88,75,43,46,84,0,0,60,0,0,0,0,0,0,0,0,0,0,0,0,0,0,0,0,0,0,0,0,0,0,0,0,0,0
l3,3=86,86,82,0,83,69,74,0,33,19,34,0,0,0,0,0,0,0,0,0,0,0,0,0,0,0,0,0,0,0,0,0,0,0,0,0,0,0,0,0
l4,3=85,85,80,74,0,50,77,0,0,42,22,0,0,25,0,0,0,0,0,0,0,0,0,0,0,0,0,0,0,0,0,0,0,0,0,0,0,0,0,0
l5,3=79,87,81,60,67,0,75,70,37,41,63,23,0,65,19,5,0,0,0,0,0,0,0,0,0,0,0,0,0,0,0,0,0,0,0,0,0,0,0,0
l6,3=65,80,81,62,66,41,0,70,54,47,66,49,49,46,0,25,49,0,0,0,0,0,0,0,0,0,0,0,0,0,0,0,0,0,0,0,0,0,0,0
l7,3=47,36,70,21,27,47,77,0,65,61,89,0,2,50,0,39,27,0,0,0,0,0,0,0,0,0,0,0,0,0,0,0,0,0,0,0,0,0,0,0
l8,3=0,29,33,14,0,16,41,42,0,77,41,46,27,86,29,70,33,29,0,0,0,39,23,0,28,0,0,0,0,0,0,0,0,0,0,0,0,0,0,0
l9,3=27,37,45,8,35,22,39,80,84,0,90,27,25,84,30,41,0,0,0,0,15,11,0,0,0,0,0,0,0,0,0,0,0,0,0,0,0,0,0,0
l10,3=0,71,76,23,36,43,84,84,67,79,0,40,1,84,0,17,0,0,0,0,0,0,0,1,0,0,0,0,0,0,0,0,0,0,0,0,0,0,4,0
l11,3=0,0,0,0,0,12,60,0,71,21,42,0,85,88,84,92,74,91,0,12,13,49,52,69,63,30,0,0,0,0,0,0,0,0,0,0,70,18,76,0
l12,3=0,0,0,0,0,0,27,0,32,23,0,96,0,53,94,92,33,97,0,23,0,31,4,80,83,92,0,0,0,0,0,0,0,16,0,26,4,0,37,0
l13,3=0,0,25,0,19,16,20,25,87,79,77,91,76,0,0,80,32,76,11,5,18,25,29,66,20,24,0,0,0,0,0,0,0,0,0,0,1,0,13,0
l14,3=0,0,0,0,0,5,0,0,27,21,0,95,91,0,0,17,86,0,0,0,11,0,0,88,82,83,0,0,0,0,0,0,0,24,0,0,0,0,41,0
l15,3=0,0,0,0,0,0,10,30,74,64,11,96,89,80,21,0,74,79,0,4,56,5,0,66,68,0,0,0,0,0,0,0,0,0,0,0,1,0,43,3
l16,3=0,0,0,0,0,0,21,2,36,0,0,37,39,33,78,38,0,84,7,13,72,70,68,13,38,24,0,0,0,0,0,0,0,24,0,9,37,15,43,37
l17,3=0,0,0,0,0,0,0,0,30,0,0,94,91,77,0,74,89,0,0,0,18,33,24,35,67,0,0,0,0,0,0,0,0,1,0,1,44,12,30,26
l18,3=0,0,0,0,0,0,0,0,0,0,0,0,0,38,0,0,17,0,0,37,23,11,16,0,0,0,0,0,0,0,0,0,0,0,0,0,0,0,0,0
l19,3=0,0,0,0,0,0,0,0,0,0,0,0,24,28,0,9,18,0,13,0,82,83,87,0,0,0,0,0,0,14,0,33,0,0,0,25,45,16,36,0
l20,3=0,0,0,0,0,0,0,0,0,11,0,9,0,61,28,69,90,53,19,89,0,86,85,0,44,0,0,0,0,0,0,0,0,0,7,20,78,88,92,88
l21,3=0,0,0,0,0,0,0,0,67,8,0,38,57,46,0,20,84,35,8,81,87,0,87,0,0,0,0,0,0,0,0,0,0,40,0,32,78,69,85,78
l22,3=0,0,0,0,0,0,0,0,23,0,0,39,9,58,0,0,87,12,11,93,88,86,0,0,0,0,34,0,0,27,0,0,0,0,0,79,77,22,87,83
l23,3=0,0,0,0,0,0,0,0,0,0,0,58,78,71,88,71,10,67,0,0,0,0,0,0,82,88,0,0,0,0,0,0,0,36,0,0,0,0,0,0
l24,3=0,0,0,0,0,0,0,0,67,0,0,70,91,50,88,79,73,82,0,0,39,0,0,88,0,86,0,0,0,0,0,0,0,77,0,0,23,0,61,0
l25,3=0,0,0,0,0,0,0,0,0,0,0,31,88,36,85,0,30,1,0,0,0,0,0,87,77,0,12,0,0,0,0,41,50,88,79,0,0,0,0,0
l26,3=0,0,0,0,0,0,0,0,0,0,0,0,0,0,0,0,0,0,0,0,0,0,40,0,0,19,0,67,97,92,96,97,82,58,81,0,0,0,0,0
l27,3=0,0,0,0,0,0,0,0,0,0,0,0,0,0,0,0,0,0,0,0,0,0,0,0,0,0,78,0,97,95,100,88,77,4,15,0,0,0,0,0
l28,3=0,0,0,0,0,0,0,0,0,0,0,0,0,0,0,0,0,0,0,0,0,0,0,0,0,0,94,99,0,95,92,88,76,90,70,0,0,0,0,0
l29,3=0,0,0,0,0,0,0,0,0,0,0,0,0,0,0,0,0,0,0,47,0,0,38,0,0,0,93,98,97,0,92,74,69,59,62,0,0,0,0,0
l30,3=0,0,0,0,0,0,0,0,0,0,0,0,0,0,0,0,0,0,0,0,0,0,0,0,0,0,81,99,85,81,0,69,76,64,0,0,0,0,0,0
l31,3=0,0,0,0,0,0,0,0,0,0,0,0,0,0,0,0,0,0,0,22,0,0,0,9,0,61,94,68,79,78,44,0,95,98,95,0,0,0,0,0
l32,3=0,0,0,0,0,0,0,0,0,0,0,0,2,0,0,0,0,0,0,0,0,0,0,0,0,71,86,58,76,76,71,100,0,96,96,0,0,0,0,0
l33,3=0,0,0,0,0,0,0,0,0,0,0,0,1,0,15,0,29,0,0,0,0,13,0,33,57,87,30,0,88,20,25,93,85,0,90,0,0,0,0,0
l34,3=0,0,0,0,0,0,0,0,0,0,0,0,0,0,12,0,0,0,0,0,17,2,0,16,11,80,83,16,76,75,11,98,95,98,0,0,0,0,0,0
l35,3=0,0,0,0,0,0,0,0,0,0,0,0,13,0,0,0,4,0,0,6,12,13,51,0,0,0,0,0,0,0,0,0,0,0,0,0,81,89,92,84
l36,3=0,0,0,0,0,0,0,0,0,0,0,41,6,0,0,5,72,48,0,47,71,75,46,0,1,0,0,0,0,0,0,0,0,0,0,84,0,89,92,69
l37,3=0,0,0,0,0,0,0,0,0,0,0,4,0,0,0,0,36,5,0,6,74,61,12,0,0,0,0,0,0,0,0,0,0,0,0,86,81,0,80,79
l38,3=0,0,0,0,0,0,0,0,0,0,0,59,38,43,72,40,72,15,0,21,82,63,56,0,28,0,0,0,0,0,0,0,0,0,0,84,86,68,0,75
l39,3=0,0,0,0,0,0,0,0,0,0,0,0,0,0,0,18,47,8,0,0,75,36,45,0,0,0,0,0,0,0,0,0,0,0,0,80,73,65,80,0

l0,4=0,74,58,91,91,87,87,90,17,90,71,0,0,0,0,0,0,0,0,0,0,0,0,0,0,0,0,0,0,0,0,0,0,0,0,0,0,0,0,0
l1,4=84,0,69,79,90,89,83,78,37,88,72,0,0,72,0,0,0,0,0,0,0,0,0,60,0,0,0,0,0,0,0,0,0,0,0,0,0,0,0,0
l2,4=77,69,0,88,90,90,88,86,0,87,89,0,0,81,0,0,0,0,0,0,0,0,0,0,0,0,0,0,0,0,0,0,0,0,0,0,0,0,0,0
l3,4=95,77,80,0,91,91,89,0,67,0,67,0,0,0,0,0,0,0,0,0,0,0,0,0,0,0,0,0,0,0,0,0,0,0,0,0,0,0,0,0
l4,4=78,62,66,75,0,81,72,80,68,83,63,0,0,70,0,0,0,0,0,0,0,0,0,23,0,0,0,0,0,0,0,0,0,0,0,0,0,0,0,0
l5,4=77,73,73,75,86,0,79,87,1,87,79,0,0,79,0,68,0,0,0,0,0,0,0,0,0,0,0,0,0,0,0,0,0,0,0,0,0,0,0,0
l6,4=75,72,74,78,83,89,0,92,70,90,89,84,47,0,0,68,55,0,0,0,0,0,0,0,0,0,0,0,0,0,0,0,0,0,0,0,0,0,0,0
l7,4=80,56,66,15,88,89,88,0,79,92,90,80,6,0,0,78,0,0,0,0,0,0,0,0,0,0,0,0,0,0,0,0,0,0,0,0,0,0,0,0
l8,4=0,0,0,31,38,0,46,80,0,93,71,84,64,88,41,77,61,46,0,0,29,53,49,0,27,0,0,0,0,0,0,0,0,0,0,0,0,0,0,0
l9,4=56,60,32,0,41,43,80,82,81,0,91,80,0,87,21,21,0,44,0,0,27,0,41,0,0,0,0,0,0,0,0,0,0,0,0,0,0,0,0,0
l10,4=36,27,66,31,41,82,82,91,74,93,0,84,32,83,42,47,0,41,0,0,0,0,0,1,0,0,0,0,0,0,0,0,0,0,0,0,0,0,0,0
l11,4=0,0,0,0,0,0,73,44,71,84,73,0,81,83,83,88,65,81,0,0,6,57,74,76,84,34,0,0,0,0,0,0,0,0,0,35,76,28,80,0
l12,4=0,0,0,0,0,0,1,0,71,0,70,88,0,83,88,76,76,92,0,35,32,0,0,80,91,88,0,0,0,0,0,0,42,74,0,0,0,0,80,0
l13,4=0,1,21,0,36,34,0,0,77,85,70,86,74,0,38,76,64,77,0,27,31,30,56,75,58,38,0,0,0,0,0,0,0,0,0,13,0,0,0,0
l14,4=0,0,0,0,0,0,0,0,69,69,67,87,89,81,0,0,76,76,0,0,60,0,0,87,92,83,0,0,0,0,0,0,0,79,8,0,0,0,80,0
l15,4=0,0,0,0,0,73,56,68,71,75,69,91,82,87,3,0,57,77,0,20,56,54,71,76,89,2,0,0,0,0,0,0,0,0,0,0,73,0,79,0
l16,4=0,0,0,0,0,0,68,0,70,0,0,84,81,83,86,74,0,88,68,79,71,65,80,70,85,78,0,0,0,0,0,0,0,64,3,73,78,72,87,68
l17,4=0,0,0,0,0,0,0,0,70,85,59,88,89,87,80,67,92,0,0,0,64,56,68,73,90,70,0,0,0,0,0,0,0,0,0,69,83,0,49,59
l18,4=0,0,0,0,0,0,0,0,0,0,0,0,0,0,0,0,63,0,0,86,14,80,82,0,0,0,0,0,0,0,0,0,0,0,0,0,0,0,0,0
l19,4=0,0,0,0,0,0,0,0,0,0,0,0,34,47,0,0,59,0,75,0,83,87,92,0,0,0,0,0,1,0,0,3,0,0,0,8,80,57,69,65
l20,4=0,0,0,0,0,0,0,0,37,67,0,0,40,72,77,69,72,79,15,89,0,85,92,0,71,0,0,0,8,0,0,0,58,0,0,49,86,80,87,71
l21,4=0,0,0,0,0,0,0,0,65,0,0,74,0,61,3,60,79,62,72,89,83,0,88,0,34,0,0,0,0,0,0,0,7,5,0,0,89,75,73,80
l22,4=0,0,0,0,0,0,0,0,44,70,0,56,0,67,0,48,64,54,66,95,88,86,0,0,0,0,43,0,0,22,0,0,0,18,0,76,88,79,86,53
l23,4=0,3,0,0,1,0,0,0,0,0,0,85,79,85,92,78,62,71,0,0,0,0,0,0,94,92,0,0,0,0,0,0,0,82,86,0,0,0,0,0
l24,4=0,0,0,0,0,0,0,0,33,0,0,80,84,82,90,81,73,87,0,0,58,4,0,97,0,87,0,0,0,0,0,0,0,82,7,0,0,0,65,0
l25,4=0,0,0,0,0,0,0,0,0,0,0,55,89,83,92,2,65,54,0,0,0,0,0,97,94,0,0,0,0,50,0,72,86,98,90,0,0,0,0,0
l26,4=0,0,0,0,0,0,0,0,0,0,0,0,0,0,0,0,0,0,0,0,0,0,76,0,0,0,0,83,100,100,99,100,97,79,94,0,0,0,0,0
l27,4=0,0,0,0,0,0,0,0,0,0,0,0,0,0,0,0,0,0,0,0,0,0,0,0,0,0,93,0,100,100,100,92,86,0,83,0,0,0,0,0
l28,4=0,0,0,0,0,0,0,0,0,0,0,0,0,0,0,0,0,0,0,77,67,0,0,0,0,0,100,100,0,100,95,88,97,93,94,0,0,0,0,0
l29,4=0,0,0,0,0,0,0,0,0,0,0,0,0,0,0,0,0,0,0,1,0,0,42,0,0,71,100,100,100,0,99,83,90,86,86,0,0,0,0,0
l30,4=0,0,0,0,0,0,0,0,0,0,0,0,0,0,0,0,0,0,0,0,0,0,0,0,0,0,100,100,81,100,0,88,91,85,0,0,0,0,0,0
l31,4=0,0,0,0,0,0,0,0,0,0,0,0,0,0,0,0,0,0,0,17,0,0,0,0,0,80,99,74,58,72,93,0,100,100,99,0,0,0,0,0
l32,4=0,0,0,0,0,0,0,0,0,0,0,0,64,0,0,0,0,0,0,0,66,1,0,0,0,85,99,75,98,84,93,100,0,100,100,0,0,0,0,0
l33,4=0,0,0,0,0,0,0,0,0,0,0,0,53,16,72,0,47,0,0,0,0,0,30,77,76,96,75,0,68,63,81,100,100,0,100,0,0,0,0,0
l34,4=0,0,0,0,0,0,0,0,0,0,0,0,0,0,60,0,47,0,0,0,38,0,0,92,59,96,99,66,94,91,0,100,100,100,0,0,0,0,0,0
l35,4=0,0,0,0,0,0,0,0,0,0,0,2,0,7,0,0,51,42,0,7,43,0,59,0,0,0,0,0,0,0,0,0,0,0,0,0,84,86,74,64
l36,4=0,0,0,0,0,0,0,0,0,0,0,45,0,0,0,43,42,63,0,63,68,57,62,0,0,0,0,0,0,0,0,0,0,0,0,81,0,88,77,67
l37,4=0,0,0,0,0,0,0,0,0,0,0,0,0,0,0,0,31,0,0,26,55,31,57,0,0,0,0,0,0,0,0,0,0,0,0,77,85,0,72,52
l38,4=0,0,0,0,0,0,0,0,0,0,0,76,54,0,75,66,66,0,0,59,76,51,76,0,4,0,0,0,0,0,0,0,0,0,0,82,92,83,0,72
l39,4=0,0,0,0,0,0,0,0,0,0,0,0,0,0,0,0,53,44,0,66,61,63,55,0,0,0,0,0,0,0,0,0,0,0,0,78,85,67,80,0

l0,5=0,80,70,82,85,72,83,82,0,62,67,0,0,0,0,0,0,0,0,0,0,0,0,0,0,0,0,0,0,0,0,0,0,0,0,0,0,0,0,0
l1,5=86,0,92,68,94,93,90,79,0,80,81,0,0,20,0,0,0,0,0,0,0,0,0,11,0,0,0,0,0,0,0,0,0,0,0,0,0,0,0,0
l2,5=72,86,0,70,87,87,86,0,3,73,79,0,0,0,0,0,0,0,0,0,0,0,0,0,0,0,0,0,0,0,0,0,0,0,0,0,0,0,0,0
l3,5=86,62,88,0,94,74,82,0,40,9,58,0,0,0,0,0,0,0,0,0,0,0,0,0,0,0,0,0,0,0,0,0,0,0,0,0,0,0,0,0
l4,5=83,90,88,77,0,89,84,78,65,53,11,0,0,53,0,10,0,0,0,0,0,0,0,8,0,0,0,0,0,0,0,0,0,0,0,0,0,0,0,0
l5,5=59,88,90,67,79,0,41,82,47,69,74,41,0,66,0,0,0,0,0,0,0,0,0,0,0,0,0,0,0,0,0,0,0,0,0,0,0,0,0,0
l6,5=69,86,87,63,77,35,0,88,48,79,87,44,0,0,0,0,48,0,0,4,0,0,0,0,0,0,0,0,0,0,0,0,0,0,0,0,0,0,0,0
l7,5=67,73,0,0,74,77,84,0,79,73,91,61,0,0,0,72,0,0,0,0,0,0,0,0,0,0,0,0,0,0,0,0,0,0,0,0,0,0,0,0
l8,5=0,0,0,23,66,43,19,73,0,74,79,65,17,83,12,19,26,61,0,0,3,26,40,44,30,0,0,0,0,0,0,0,0,0,0,0,0,0,0,0
l9,5=45,67,74,10,44,77,83,80,83,0,87,64,0,78,0,15,13,37,0,0,8,2,35,0,13,0,0,0,0,0,0,0,0,0,0,0,0,0,6,0
l10,5=58,65,79,58,33,77,83,84,81,80,0,64,5,24,11,48,5,21,0,0,0,0,0,0,0,0,0,0,0,0,0,0,0,0,0,0,0,0,0,0
l11,5=0,0,0,0,0,26,20,36,49,44,37,0,78,72,28,83,31,73,0,0,12,20,4,58,24,0,0,0,0,0,0,0,0,0,0,0,37,3,21,0
l12,5=0,0,0,0,0,0,0,0,22,0,0,70,0,39,74,29,53,84,0,0,3,1,17,70,50,40,0,0,0,0,0,0,35,26,1,40,10,0,19,0
l13,5=0,2,0,0,39,39,0,0,88,71,13,58,72,0,15,76,41,66,0,6,18,2,46,58,3,10,0,0,0,0,0,0,0,0,0,46,0,0,0,0
l14,5=0,0,0,0,0,0,0,0,30,0,25,72,81,32,0,16,36,55,0,0,18,0,4,82,71,24,0,0,0,0,0,0,0,43,1,0,0,0,21,0
l15,5=0,0,0,0,31,0,0,38,40,26,35,76,68,86,13,0,19,45,0,0,12,23,47,64,37,8,0,0,0,0,0,0,0,0,0,11,42,0,23,14
l16,5=0,0,0,0,0,0,17,0,29,22,0,39,66,36,18,11,0,69,0,13,22,26,47,13,21,9,0,0,0,0,0,0,0,0,1,62,16,19,24,16
l17,5=0,0,0,0,0,0,0,0,40,37,26,59,80,67,24,24,54,0,0,0,25,18,0,35,44,10,0,0,0,0,0,0,0,0,0,27,48,0,0,11
l18,5=0,0,0,0,0,0,0,0,0,0,0,0,0,0,0,0,0,0,0,23,3,58,18,0,0,0,0,0,0,0,0,0,0,0,0,0,0,0,0,0
l19,5=0,0,0,0,0,0,0,0,0,0,0,0,0,15,0,0,24,0,15,0,75,56,70,0,0,0,0,0,15,16,0,3,0,0,0,58,36,0,0,65
l20,5=0,0,0,0,0,0,0,0,0,12,0,1,3,14,14,8,25,33,0,59,0,66,70,0,9,0,7,0,7,0,0,0,25,0,2,44,48,29,58,17
l21,5=0,0,0,0,0,0,0,0,28,14,0,13,0,0,0,8,28,22,31,46,63,0,63,0,9,0,0,0,0,0,0,0,0,0,0,69,46,15,31,43
l22,5=0,0,0,0,0,0,0,0,27,27,0,0,16,20,0,9,16,4,12,62,66,51,0,0,0,0,12,0,0,0,0,0,0,0,0,52,56,22,58,17
l23,5=0,0,0,0,5,0,0,0,27,0,0,34,43,36,65,19,3,1,0,0,0,0,0,0,76,72,0,0,0,0,0,3,0,58,60,0,0,0,0,0
l24,5=0,0,0,0,0,0,0,0,36,22,0,32,65,0,76,23,47,55,0,0,17,11,0,82,0,42,0,0,0,0,0,0,0,50,24,0,18,0,0,0
l25,5=0,0,0,0,0,0,0,0,0,0,0,0,45,33,66,24,53,40,0,0,0,0,0,77,65,0,0,0,0,16,0,0,72,70,58,0,0,0,0,0
l26,5=0,0,0,0,0,0,0,0,0,0,0,0,0,0,0,0,0,0,0,22,31,0,49,0,0,0,0,54,93,90,85,76,78,44,56,0,0,0,0,0
l27,5=0,0,0,0,0,0,0,0,0,0,0,0,0,0,0,0,0,0,0,0,0,0,0,0,0,0,76,0,90,79,94,71,70,0,0,0,0,0,0,0
l28,5=0,0,0,0,0,0,0,0,0,0,0,0,0,0,0,0,0,0,0,39,42,0,0,0,0,0,87,90,0,92,94,70,74,73,59,0,0,0,0,0
l29,5=0,0,0,0,0,0,0,0,0,0,0,0,0,0,0,0,0,0,0,37,0,0,0,0,0,22,86,87,93,0,91,52,56,48,54,0,0,0,0,0
l30,5=0,0,0,0,0,0,0,0,0,0,0,0,0,0,0,0,0,0,0,0,0,0,0,0,0,0,86,90,93,89,0,69,0,59,0,0,0,0,0,0
l31,5=0,0,0,0,0,0,0,0,0,0,0,0,0,0,0,0,0,0,0,15,0,13,0,30,0,0,83,45,57,32,42,0,83,68,68,0,0,0,0,0
l32,5=0,0,0,0,0,0,0,0,0,0,0,0,33,0,0,0,0,0,0,0,48,0,0,0,0,60,75,56,71,54,10,83,0,79,79,0,0,0,0,0
l33,5=0,0,0,0,0,0,0,0,0,0,0,0,32,0,49,0,0,0,0,0,0,0,0,70,51,62,54,0,67,39,55,70,73,0,68,0,0,0,0,0
l34,5=0,0,0,0,0,0,0,0,0,0,0,0,24,0,12,0,26,0,0,0,26,0,0,69,33,53,61,0,60,37,0,81,85,84,0,0,0,0,0,0
l35,5=0,0,0,0,0,0,0,0,0,0,0,0,17,10,0,0,11,1,0,9,15,15,24,0,0,0,0,0,0,0,0,0,0,0,0,0,48,26,19,25
l36,5=0,0,0,0,0,0,0,0,0,0,0,13,12,0,0,5,0,27,0,9,21,19,42,0,1,0,0,0,0,0,0,0,0,0,0,69,0,33,22,24
l37,5=0,0,0,0,0,0,0,0,0,0,0,0,0,0,0,0,9,0,0,4,17,6,29,0,0,0,0,0,0,0,0,0,0,0,0,55,42,0,21,19
l38,5=0,0,0,0,0,0,0,0,0,6,0,24,38,0,13,14,18,0,0,0,26,27,55,0,0,0,0,0,0,0,0,0,0,0,0,68,56,33,0,24
l39,5=0,0,0,0,0,0,0,0,0,0,0,0,0,0,0,0,11,0,0,12,17,21,18,0,0,0,0,0,0,0,0,0,0,0,0,59,53,20,23,0

l0,6=0,92,61,66,73,66,70,7,9,7,82,0,0,0,0,0,0,0,0,0,0,0,0,0,0,0,0,0,0,0,0,0,0,0,0,0,0,0,0,0
l1,6=86,0,68,67,72,70,73,39,0,79,62,0,0,0,0,0,0,0,0,0,0,0,0,24,0,0,0,0,0,0,0,0,0,0,0,0,0,0,0,0
l2,6=84,88,0,67,71,70,73,58,33,80,85,0,0,5,0,0,0,0,0,0,0,0,0,0,0,0,0,0,0,0,0,0,0,0,0,0,0,0,0,0
l3,6=81,92,64,0,74,73,68,10,0,52,22,0,0,0,0,0,0,0,0,0,0,0,0,0,0,0,0,0,0,0,0,0,0,0,0,0,0,0,0,0
l4,6=90,92,67,87,0,76,76,33,55,0,16,0,0,48,0,0,0,0,0,0,0,0,0,16,0,0,0,0,0,0,0,0,0,0,0,0,0,0,0,0
l5,6=77,86,61,65,67,0,70,64,72,79,83,0,0,5,0,0,0,0,0,0,0,0,0,0,0,0,0,0,0,0,0,0,0,0,0,0,0,0,0,0
l6,6=55,75,56,42,55,45,0,64,54,78,85,49,0,1,0,0,27,0,0,0,0,0,0,0,0,0,0,0,0,0,0,0,0,0,0,0,0,0,0,0
l7,6=18,43,40,33,48,63,70,0,68,74,84,51,0,0,0,59,0,0,0,0,0,0,0,0,0,0,0,0,0,0,0,0,0,0,0,0,0,0,0,0
l8,6=15,0,3,0,43,33,41,41,0,79,79,60,32,67,38,47,27,44,0,0,36,34,49,0,16,4,0,0,0,0,0,0,0,0,0,0,0,0,0,0
l9,6=0,38,42,32,2,59,68,39,73,0,84,47,32,63,27,48,22,29,0,0,5,0,27,0,0,0,0,0,0,0,0,0,0,0,0,0,0,0,0,0
l10,6=44,30,45,22,34,52,64,65,71,82,0,49,0,40,0,38,26,0,0,0,0,0,0,0,0,0,0,0,0,0,0,0,0,0,0,0,0,0,0,0
l11,6=0,0,0,0,0,0,25,19,55,41,42,0,54,34,40,75,25,34,0,0,1,0,0,25,13,0,0,0,0,0,0,0,0,0,0,0,8,21,31,0
l12,6=0,0,0,0,0,0,0,0,34,26,0,54,0,20,63,59,50,54,0,0,2,9,16,48,58,57,0,0,0,0,0,0,0,46,6,4,25,0,25,0
l13,6=0,0,0,0,29,0,0,0,77,64,43,43,24,0,37,60,20,35,0,12,16,0,30,30,13,0,0,0,0,0,0,0,0,0,0,20,0,0,18,0
l14,6=0,0,0,0,0,0,0,0,34,27,0,19,62,20,0,36,22,38,0,0,21,0,28,46,17,23,0,0,0,0,0,0,0,43,0,0,0,0,38,0
l15,6=0,0,0,0,0,0,0,25,46,50,33,68,48,41,39,0,22,36,0,0,7,26,28,32,13,0,0,0,0,0,0,0,0,0,0,0,26,0,38,0
l16,6=0,0,0,0,0,0,21,0,32,19,27,18,33,13,28,34,0,41,15,10,10,27,36,16,13,4,0,0,0,0,0,0,0,0,14,11,36,24,36,30
l17,6=0,0,0,0,0,0,0,0,40,22,0,26,32,30,45,48,43,0,0,0,30,26,6,0,14,0,0,0,0,0,0,0,0,19,0,0,25,0,28,0
l18,6=0,0,0,0,0,0,0,0,0,0,0,0,0,1,0,0,20,0,0,28,12,37,0,0,0,0,0,0,0,0,0,0,0,0,0,0,0,0,0,0
l19,6=0,0,0,0,0,0,0,0,0,0,0,0,0,15,0,0,18,0,15,0,61,43,63,0,0,0,0,0,0,15,0,27,0,0,0,18,21,0,6,45
l20,6=0,0,0,0,0,0,0,0,31,1,0,0,13,10,25,5,17,29,0,49,0,53,64,0,3,0,0,0,0,0,0,11,0,21,0,38,47,34,39,40
l21,6=0,0,0,0,0,0,0,0,37,2,0,0,19,0,0,30,22,29,17,31,61,0,54,0,0,0,0,0,2,0,0,0,0,0,0,55,45,0,33,43
l22,6=0,0,0,0,0,0,0,0,43,32,0,0,14,18,25,28,20,0,0,41,64,45,0,0,0,0,32,0,0,0,0,0,0,0,0,22,52,39,33,42
l23,6=0,3,0,0,3,0,0,0,0,0,0,9,48,16,50,42,3,0,0,0,0,0,0,0,62,60,0,0,0,0,0,18,0,46,30,0,0,0,0,0
l24,6=0,0,0,0,0,0,0,0,36,0,0,19,70,19,50,39,24,33,0,0,12,0,0,66,0,26,0,0,0,0,0,0,0,45,20,0,0,0,3,0
l25,6=0,0,0,3,0,0,0,0,13,0,0,0,57,0,51,0,17,1,0,0,0,0,0,57,52,0,0,0,0,0,0,0,40,54,3,0,0,0,0,0
l26,6=0,0,0,0,0,0,0,0,0,0,0,0,0,0,0,0,0,0,0,4,8,0,35,0,0,0,0,63,72,71,70,65,78,44,51,0,0,0,0,0
l27,6=0,0,0,0,0,0,0,0,0,0,0,0,0,0,0,0,0,0,0,0,0,0,0,0,0,0,66,0,71,71,85,53,47,0,0,0,0,0,0,0
l28,6=0,0,0,0,0,0,0,0,0,0,0,0,0,0,0,0,0,0,0,24,30,12,6,0,0,0,75,80,0,72,77,59,59,59,57,0,0,0,0,0
l29,6=0,0,0,0,0,0,0,0,0,0,0,0,0,0,0,0,0,0,0,31,0,0,1,0,0,0,69,80,72,0,46,43,47,51,36,0,0,0,0,0
l30,6=0,0,0,0,0,0,0,0,0,0,0,0,0,0,0,0,0,0,0,0,0,0,0,0,0,0,66,88,71,44,0,58,0,3,45,0,0,0,0,0
l31,6=0,0,0,0,0,0,0,0,0,0,0,0,0,0,0,0,0,0,0,32,29,0,0,22,0,0,61,50,47,28,35,0,71,64,63,0,0,0,0,0
l32,6=0,0,0,0,0,0,0,0,0,0,0,0,0,0,0,0,0,0,0,0,0,0,0,9,0,37,57,42,48,34,0,67,0,67,78,0,0,0,0,0
l33,6=0,0,0,0,0,0,0,0,0,0,0,0,43,0,37,0,0,25,0,0,20,0,0,41,26,49,43,0,48,34,20,57,67,0,64,0,0,0,0,0
l34,6=0,0,0,0,0,0,0,0,0,0,0,0,32,0,12,0,20,0,0,0,0,0,0,39,18,17,41,0,48,21,34,60,87,66,0,0,0,0,0,0
l35,6=0,0,0,0,0,0,0,0,0,0,0,0,0,6,0,0,20,0,0,0,27,29,18,0,0,0,0,0,0,0,0,0,0,0,0,0,45,43,30,48
l36,6=0,0,0,0,0,0,0,0,0,0,0,0,9,0,0,10,22,19,0,2,33,27,38,0,0,0,0,0,0,0,0,0,0,0,0,30,0,51,38,49
l37,6=0,0,0,0,0,0,0,0,0,0,0,0,0,0,0,0,1,0,0,0,19,0,31,0,0,0,0,0,0,0,0,0,0,0,0,28,58,0,29,25
l38,6=0,0,0,0,0,0,0,0,0,0,0,15,13,8,29,38,22,29,0,0,33,29,39,0,2,0,0,0,0,0,0,0,0,0,0,22,44,44,0,48
l39,6=0,0,0,0,0,0,0,0,0,0,0,0,0,0,0,0,4,0,0,19,24,28,34,0,0,0,0,0,0,0,0,0,0,0,0,31,55,33,35,0

l0,7=0,97,86,90,97,96,81,0,60,76,76,0,0,0,0,0,0,0,0,0,0,0,0,0,0,0,0,0,0,0,0,0,0,0,0,0,0,0,0,0
l1,7=93,0,93,93,93,94,83,70,0,94,56,0,0,0,0,0,0,0,0,0,0,0,0,0,0,0,0,0,0,0,0,0,0,0,0,0,0,0,0,0
l2,7=93,95,0,91,91,94,83,57,85,94,12,0,0,0,0,0,0,0,0,0,0,0,0,0,0,0,0,0,0,0,0,0,0,0,0,0,0,0,0,0
l3,7=89,95,84,0,93,94,82,67,79,30,59,0,0,0,0,0,0,0,0,0,0,0,0,0,0,0,0,0,0,0,0,0,0,0,0,0,0,0,0,0
l4,7=93,95,60,98,0,95,85,15,59,0,71,0,0,42,0,1,0,0,0,0,0,0,0,0,14,0,0,0,0,0,0,0,0,0,0,0,0,0,0,0
l5,7=93,95,81,91,91,0,83,92,84,93,76,0,1,31,0,20,0,0,0,0,0,0,0,0,0,0,0,0,0,0,0,0,0,0,0,0,0,0,0,0
l6,7=75,85,84,54,92,96,0,92,0,95,78,40,0,56,0,0,12,0,0,0,0,0,0,0,0,0,0,0,0,0,0,0,0,0,0,0,0,0,0,0
l7,7=0,68,54,72,36,96,83,0,65,95,78,33,16,65,0,51,0,1,0,0,0,0,0,0,0,0,0,0,0,0,0,0,0,0,0,0,0,0,0,0
l8,7=55,0,46,45,51,26,0,42,0,94,74,68,22,80,59,61,15,37,0,0,0,0,25,0,15,0,0,0,0,0,0,0,0,0,0,0,0,0,0,0
l9,7=46,75,68,26,7,82,73,91,94,0,78,65,39,80,39,66,0,8,0,0,16,11,15,0,10,0,0,0,0,0,0,0,0,0,0,0,0,0,32,0
l10,7=68,29,0,57,62,76,71,91,93,94,0,62,0,0,0,56,46,10,0,0,0,0,0,0,0,0,0,0,0,0,0,0,0,0,0,0,0,0,0,0
l11,7=0,0,0,0,0,0,13,9,57,55,46,0,61,57,56,70,29,16,0,0,12,0,11,1,17,8,0,0,0,0,0,0,0,0,0,6,0,0,40,0
l12,7=0,0,0,0,0,0,0,0,11,39,0,68,0,28,71,55,56,22,0,6,12,12,0,36,69,66,0,0,0,0,0,0,0,39,1,0,3,0,29,0
l13,7=0,0,0,1,35,1,14,32,89,73,0,60,35,0,63,60,16,25,0,0,13,0,13,1,26,11,0,0,0,0,0,0,0,0,0,8,0,0,24,0
l14,7=0,0,0,0,0,0,0,0,48,44,0,49,64,38,0,31,17,38,0,0,12,16,14,47,19,21,0,0,0,0,0,0,0,38,0,0,0,0,7,0
l15,7=0,0,0,0,30,2,0,28,56,68,42,74,69,63,48,0,15,22,0,1,13,16,17,28,0,9,0,0,0,0,0,0,0,0,0,0,24,0,37,0
l16,7=0,0,0,0,0,0,9,0,30,4,37,45,57,24,46,23,0,20,20,0,13,16,19,12,18,0,0,0,0,0,0,5,13,21,0,7,28,13,34,3
l17,7=0,0,0,0,0,0,0,0,41,39,27,44,51,37,65,30,18,0,0,6,13,15,0,12,22,0,0,0,0,0,0,0,0,37,0,0,23,0,35,0
l18,7=0,0,0,0,0,0,0,0,0,0,0,0,0,0,0,0,32,0,0,16,24,14,0,0,0,0,0,0,0,0,0,0,0,0,0,0,0,0,0,0
l19,7=0,0,0,0,0,0,0,0,0,0,0,0,24,0,0,0,0,4,38,0,51,26,52,0,0,0,0,0,5,5,0,17,0,0,0,0,22,0,22,21
l20,7=0,0,0,0,0,0,0,0,0,36,0,31,26,27,28,22,42,23,34,27,0,41,42,0,0,0,7,0,6,0,0,0,0,4,0,14,33,22,40,46
l21,7=0,0,0,0,0,0,0,0,16,33,0,1,22,19,33,29,20,15,23,14,33,0,37,0,0,0,0,0,0,0,0,0,0,0,0,15,24,22,32,41
l22,7=0,0,0,0,0,0,0,0,28,36,0,28,0,25,22,26,26,0,0,27,60,36,0,0,0,0,24,0,0,5,0,0,0,0,0,0,34,22,32,38
l23,7=0,0,0,0,0,0,0,0,0,0,0,0,52,0,62,35,15,3,0,0,0,0,0,0,77,78,0,0,0,0,0,0,2,38,19,0,0,0,0,0
l24,7=0,0,0,0,23,0,0,0,15,43,0,44,77,36,47,0,15,20,0,0,0,0,0,70,0,51,0,0,0,0,0,0,0,38,3,0,0,0,0,0
l25,7=0,0,0,0,0,0,0,0,0,1,0,36,68,31,60,23,10,0,0,0,0,0,0,63,53,0,0,0,0,4,0,0,32,45,0,0,0,0,12,0
l26,7=0,0,0,0,0,0,0,0,0,0,0,0,0,0,0,0,0,0,0,0,17,0,15,0,0,0,0,67,76,80,71,71,83,58,37,0,0,0,0,0
l27,7=0,0,0,0,0,0,0,0,0,0,0,0,0,0,0,0,0,0,0,0,0,0,0,0,0,0,74,0,74,80,86,20,56,0,0,0,0,0,0,0
l28,7=0,0,0,0,0,0,0,0,0,0,0,0,0,0,0,0,0,0,0,16,21,4,1,0,0,0,78,87,0,86,94,44,49,58,19,0,0,0,0,0
l29,7=0,0,0,0,0,0,0,0,0,0,0,0,0,0,0,0,0,0,0,20,0,0,20,0,0,22,78,84,76,0,86,50,63,54,11,0,0,0,0,0
l30,7=0,0,0,0,0,0,0,0,0,0,0,0,0,0,0,0,0,0,0,0,0,0,0,0,0,0,63,84,74,80,0,44,52,6,24,0,0,0,0,0
l31,7=0,0,0,0,0,0,0,0,0,0,0,0,0,0,0,0,15,0,0,23,0,0,0,0,0,0,71,17,60,39,43,0,83,76,73,0,0,0,0,0
l32,7=0,0,0,0,0,0,0,0,0,0,0,0,0,0,0,0,16,0,0,0,0,0,0,17,0,37,65,37,52,52,43,76,0,79,83,0,0,0,0,0
l33,7=0,0,0,0,0,0,0,0,0,0,0,0,46,0,47,0,19,23,0,0,11,0,0,31,28,46,54,0,60,45,8,74,82,0,63,0,0,0,0,0
l34,7=0,0,0,0,0,0,0,0,0,0,0,0,37,0,13,0,4,0,0,0,0,0,0,37,19,0,48,2,34,12,20,70,86,49,0,0,0,0,0,0
l35,7=0,0,0,0,0,0,0,0,0,0,0,20,0,20,0,0,24,0,0,0,19,21,0,0,0,0,0,0,0,0,0,0,0,0,0,0,36,27,35,13
l36,7=0,0,0,0,0,0,0,0,0,0,0,0,0,0,0,9,18,10,0,5,19,20,25,0,0,0,0,0,0,0,0,0,0,0,0,6,0,27,41,43
l37,7=0,0,0,0,0,0,0,0,0,0,0,0,0,0,0,0,0,0,0,0,17,14,14,0,0,0,0,0,0,0,0,0,0,0,0,13,34,0,24,1
l38,7=0,0,0,0,0,0,0,0,0,37,0,42,24,16,7,30,18,20,0,4,22,23,21,0,0,0,0,0,0,0,0,0,0,0,0,6,30,24,0,9
l39,7=0,0,0,0,0,0,0,0,0,0,0,0,0,0,0,0,0,0,0,12,20,23,21,0,0,0,0,0,0,0,0,0,0,0,0,7,36,0,20,0

l0,8=0,99,100,100,99,100,99,81,0,95,93,0,0,32,0,0,0,0,0,0,0,0,0,0,0,0,0,0,0,0,0,0,0,0,0,0,0,0,0,0
l1,8=100,0,100,100,99,100,94,94,79,5,93,0,0,0,0,0,0,0,0,0,0,0,0,66,0,0,0,0,0,0,0,0,0,0,0,0,0,0,0,0
l2,8=100,99,0,100,96,100,99,94,63,72,95,0,0,0,0,7,0,0,0,0,0,0,0,0,0,0,0,0,0,0,0,0,0,0,0,0,0,0,0,0
l3,8=100,99,100,0,99,0,0,87,46,0,0,0,0,0,0,0,0,0,0,0,0,0,0,0,0,0,0,0,0,0,0,0,0,0,0,0,0,0,0,0
l4,8=100,99,99,100,0,37,99,92,83,46,93,0,0,85,0,0,0,0,0,0,0,0,0,0,0,0,0,0,0,0,0,0,0,0,0,0,0,0,0,0
l5,8=100,99,100,9,55,0,99,94,88,93,94,3,6,17,0,0,0,0,0,0,0,0,0,0,0,0,0,0,0,0,0,0,0,0,0,0,0,0,0,0
l6,8=91,57,93,0,94,95,0,90,67,95,86,1,0,63,0,2,53,0,0,0,0,0,0,0,0,0,0,0,0,0,0,0,0,0,0,0,0,0,0,0
l7,8=61,93,93,92,91,95,94,0,91,97,96,45,0,94,0,2,58,42,0,0,0,0,0,0,0,0,0,0,0,0,0,0,0,0,0,0,0,0,0,0
l8,8=0,90,0,43,52,94,69,92,0,97,90,93,0,96,88,95,0,81,0,45,0,0,51,0,60,0,0,0,0,0,0,0,0,0,0,0,0,0,0,0
l9,8=92,1,15,0,46,70,94,90,94,0,99,85,46,95,33,92,67,63,0,0,0,51,21,49,67,0,0,0,0,0,0,0,0,0,0,0,0,0,67,0
l10,8=94,93,92,4,90,94,93,90,92,97,0,90,2,91,0,89,30,5,0,0,0,0,0,0,0,0,0,0,0,0,0,0,0,0,0,0,0,0,0,0
l11,8=0,0,0,0,0,1,0,30,77,66,63,0,100,56,61,98,69,71,0,0,14,30,11,35,79,52,0,0,0,0,0,0,0,0,0,21,7,18,58,0
l12,8=0,0,0,0,0,0,0,0,0,24,0,94,0,11,98,98,90,48,0,0,14,0,0,62,98,90,0,0,0,0,0,0,0,36,3,0,21,0,41,0
l13,8=1,0,0,0,18,0,48,74,95,93,78,25,18,0,76,93,42,28,0,0,25,34,0,56,79,46,0,0,0,0,0,0,0,0,0,22,0,0,51,0
l14,8=0,0,0,0,0,0,0,0,43,31,0,31,100,60,0,91,52,89,0,0,29,37,25,60,97,57,0,0,0,0,0,0,0,0,0,0,22,0,38,0
l15,8=0,0,0,0,0,0,0,0,69,68,79,98,99,87,77,0,64,80,0,0,63,40,38,63,78,0,0,0,0,0,0,0,0,0,0,0,0,0,64,0
l16,8=0,0,0,0,0,0,26,4,0,20,7,62,86,29,53,70,0,44,13,35,73,39,53,20,84,14,0,0,0,0,0,16,3,10,20,5,29,27,39,33
l17,8=0,0,0,0,0,0,0,13,33,25,7,41,26,33,80,92,59,0,0,37,52,13,16,15,55,5,0,0,0,0,0,0,0,54,0,0,15,0,51,12
l18,8=0,0,0,0,0,0,0,0,0,0,0,0,0,0,0,0,55,0,0,69,65,55,0,0,0,0,0,0,0,0,0,0,0,0,0,0,0,0,5,0
l19,8=0,0,0,0,0,0,0,0,22,0,0,0,0,0,0,0,43,38,39,0,83,60,90,0,0,0,22,0,36,0,0,55,0,0,0,27,54,33,0,58
l20,8=0,0,0,0,0,0,0,0,0,0,0,0,14,27,36,42,35,25,25,82,0,82,93,0,7,0,16,0,14,0,0,0,0,0,0,25,56,35,64,29
l21,8=0,0,0,0,0,0,0,0,0,38,0,15,10,40,42,43,38,16,16,49,81,0,90,0,0,0,0,0,0,0,0,8,0,1,0,25,23,39,62,38
l22,8=0,0,0,0,0,0,0,0,27,25,0,8,0,0,40,39,52,23,0,75,85,73,0,0,0,0,0,0,0,17,0,0,0,0,0,59,67,28,66,37
l23,8=0,4,0,0,0,0,0,0,0,35,0,34,84,60,80,77,66,40,0,0,0,0,0,0,94,90,0,0,0,0,0,0,64,70,56,0,0,0,0,0
l24,8=0,0,0,0,0,0,0,0,1,46,0,50,100,63,97,76,93,54,0,0,14,0,0,96,0,89,0,0,0,0,0,5,0,0,0,0,0,0,0,0
l25,8=0,0,0,0,0,0,0,0,0,0,0,56,100,70,72,7,40,6,0,0,0,0,0,96,91,0,0,0,0,34,0,30,62,73,67,0,0,0,2,0
l26,8=0,0,0,0,0,0,0,0,0,0,0,0,0,0,0,0,0,0,0,27,39,0,0,0,0,0,0,84,90,94,75,92,86,73,75,0,0,0,0,0
l27,8=0,0,0,0,0,0,0,0,0,0,0,0,0,0,0,0,0,0,0,0,0,0,0,0,0,0,93,0,90,95,94,0,77,0,78,0,0,0,0,0
l28,8=0,0,0,0,0,0,0,0,0,0,0,0,0,0,0,0,0,0,0,63,57,0,0,0,0,0,93,94,0,95,94,93,65,80,77,0,0,0,0,0
l29,8=0,0,0,0,0,0,0,0,0,0,0,0,0,0,0,0,0,0,0,0,0,0,52,0,0,47,93,94,90,0,94,92,61,73,73,0,0,0,0,0
l30,8=0,0,0,0,0,0,0,0,0,0,0,0,0,0,0,0,0,0,0,0,0,0,0,0,0,0,86,94,90,94,0,74,78,76,0,0,0,0,0,0
l31,8=0,0,0,0,0,0,0,0,0,0,0,0,0,0,0,0,28,0,0,44,0,1,0,0,20,18,92,0,77,72,43,0,85,87,85,0,0,0,0,0
l32,8=0,0,0,0,0,0,0,0,0,0,0,0,0,0,0,0,14,0,0,0,0,0,0,58,0,50,92,65,64,62,62,95,0,90,89,0,0,0,0,0
l33,8=0,0,0,0,0,0,0,0,0,0,0,0,61,0,0,0,10,47,0,0,0,0,0,59,0,58,64,0,70,62,53,95,88,0,80,0,0,0,0,0
l34,8=0,0,0,0,0,0,0,0,0,0,0,0,36,0,6,0,45,0,0,0,29,0,0,58,35,49,64,62,67,63,0,92,91,81,0,0,0,0,0,0
l35,8=0,0,0,0,0,0,0,0,0,0,0,7,0,15,0,0,8,0,0,21,15,18,25,0,0,0,0,0,0,0,0,0,0,0,0,0,61,33,54,58
l36,8=0,0,0,0,0,0,0,0,0,0,0,0,10,0,12,7,19,13,0,28,26,16,51,0,0,0,0,0,0,0,0,0,0,0,0,63,0,29,58,41
l37,8=0,0,0,0,0,0,0,0,0,0,0,0,0,0,0,0,8,0,0,11,21,18,22,0,0,0,0,0,0,0,0,0,0,0,0,20,28,0,38,19
l38,8=0,0,0,0,0,0,0,0,0,35,0,13,17,35,14,46,28,20,0,0,55,43,46,0,0,0,0,0,0,0,0,0,0,0,0,55,67,44,0,30
l39,8=0,0,0,0,0,0,0,0,0,0,0,0,0,0,0,0,32,0,0,41,47,37,35,0,0,0,0,0,0,0,0,0,0,0,0,66,53,21,46,0

l0,9=0,96,100,100,97,98,95,83,0,95,95,0,0,0,0,0,0,0,0,0,0,0,0,0,0,0,0,0,0,0,0,0,0,0,0,0,0,0,0,0
l1,9=97,0,100,1,95,99,88,77,85,92,92,0,0,0,0,0,0,0,0,0,0,0,0,0,0,0,0,0,0,0,0,0,0,0,0,0,0,0,0,0
l2,9=97,96,0,100,64,100,97,79,27,65,90,0,69,0,0,0,0,0,0,0,0,0,0,0,0,0,0,0,0,0,0,0,0,0,0,0,0,0,0,0
l3,9=93,29,94,0,98,96,85,75,0,84,83,0,0,0,0,0,0,0,0,0,0,0,0,0,0,0,0,0,0,0,0,0,0,0,0,0,0,0,0,0
l4,9=97,93,78,100,0,99,91,81,92,57,92,0,0,0,0,0,0,0,0,0,0,0,0,0,0,0,0,0,0,0,0,0,0,0,0,0,0,0,0,0
l5,9=97,96,100,100,97,0,97,0,89,96,100,0,0,59,0,0,0,0,0,0,0,0,0,0,0,0,0,0,0,0,0,0,0,0,0,0,0,0,0,0
l6,9=96,83,100,54,61,98,0,100,52,84,100,0,0,43,0,20,22,0,0,0,0,0,0,0,0,0,0,0,0,0,0,0,0,0,0,0,0,0,0,0
l7,9=96,94,78,100,92,0,96,0,93,99,100,68,15,97,0,64,1,0,0,0,0,0,0,0,0,0,0,0,0,0,0,0,0,0,0,0,0,0,0,0
l8,9=0,92,3,0,55,87,91,100,0,100,96,97,52,97,59,65,24,32,0,45,0,0,92,0,0,0,0,0,0,0,0,0,0,0,0,0,0,0,0,0
l9,9=96,62,79,87,54,97,94,100,94,0,100,98,70,98,96,99,80,0,0,0,0,0,4,92,0,0,0,0,0,0,0,0,0,0,0,0,0,0,22,0
l10,9=94,96,89,73,92,100,96,100,92,99,0,79,82,94,0,100,19,22,0,0,0,0,0,76,0,0,0,0,0,0,0,0,0,0,0,0,0,0,0,0
l11,9=0,0,0,0,0,0,0,22,40,36,55,0,98,96,75,100,38,46,0,0,82,83,79,91,97,91,0,0,0,0,0,0,0,0,0,45,50,26,0,0
l12,9=0,0,0,0,0,0,0,0,0,25,48,99,0,58,98,88,60,60,0,0,86,4,24,97,99,100,0,0,0,0,0,0,0,0,11,0,50,0,91,0
l13,9=0,0,0,0,0,73,80,89,91,99,69,100,91,0,58,98,58,18,0,24,83,84,0,80,95,76,0,0,0,0,0,0,0,0,0,0,8,0,76,0
l14,9=0,0,0,0,0,0,0,0,26,55,0,98,98,56,0,71,59,61,0,0,88,88,94,97,100,29,0,0,0,0,0,0,0,0,0,0,0,0,9,0
l15,9=0,0,0,0,0,0,5,60,33,35,72,100,98,59,62,0,59,61,0,0,79,90,87,84,98,0,0,0,0,0,0,0,0,0,0,0,35,12,93,0
l16,9=0,0,0,0,0,0,40,0,13,28,21,92,92,47,54,62,0,33,64,80,88,22,88,79,94,77,0,0,0,0,0,8,0,53,56,32,36,68,88,24
l17,9=0,0,0,0,0,0,0,0,34,0,54,99,98,49,61,68,37,0,0,94,81,91,92,0,89,18,0,0,0,0,0,0,0,87,0,0,42,2,61,7
l18,9=0,0,0,0,0,0,0,0,0,2,0,0,0,0,0,0,88,0,0,0,84,92,0,0,0,0,0,0,0,0,0,0,0,0,0,0,0,0,0,0
l19,9=0,0,0,0,0,0,0,0,1,0,0,0,0,6,0,0,34,24,0,0,88,92,92,0,0,0,29,0,35,2,0,59,0,0,0,0,50,62,64,53
l20,9=0,0,0,0,0,0,0,0,0,0,0,48,71,33,35,48,52,7,50,96,0,99,95,0,39,0,12,0,0,0,0,0,0,0,23,60,55,75,87,49
l21,9=0,0,0,0,0,0,0,0,0,0,0,48,50,34,35,56,13,24,65,94,95,0,92,0,0,0,0,0,0,0,0,0,0,18,0,44,32,65,90,27
l22,9=0,0,0,0,0,0,0,0,27,7,0,41,47,0,38,43,41,37,0,93,95,94,0,0,0,0,20,0,0,36,0,51,0,0,0,62,71,65,89,2
l23,9=0,0,0,0,0,0,0,0,0,33,35,99,98,51,63,59,37,0,0,0,0,0,0,0,100,100,0,0,0,0,0,0,84,96,63,0,0,0,0,0
l24,9=0,0,0,0,0,0,0,0,0,0,0,100,98,58,63,68,60,32,0,0,78,0,0,99,0,100,0,0,0,0,0,0,0,92,55,0,40,0,0,0
l25,9=0,0,0,0,0,0,0,0,0,0,0,95,98,80,43,0,48,6,0,0,0,0,0,99,100,0,3,0,0,20,0,0,84,99,62,0,0,0,55,0
l26,9=0,0,0,0,0,0,0,0,0,0,0,0,0,0,0,0,0,0,0,88,80,0,84,0,0,2,0,88,97,98,96,95,100,83,91,0,0,0,0,0
l27,9=0,0,0,0,0,0,0,0,0,0,0,0,0,0,0,0,0,0,0,0,0,0,0,0,0,0,92,0,97,98,99,92,85,0,0,0,0,0,0,0
l28,9=0,0,0,0,0,0,0,0,0,0,0,0,0,0,0,0,0,0,0,88,0,0,5,0,0,0,98,100,0,98,99,88,0,83,0,0,0,0,0,0
l29,9=0,0,0,0,0,0,0,0,0,0,0,0,0,0,0,0,0,0,0,3,1,0,74,0,0,0,98,100,97,0,99,98,82,83,90,0,0,0,0,0
l30,9=0,0,0,0,0,0,0,0,0,0,0,0,0,0,0,0,0,0,0,0,0,0,0,0,0,0,97,100,97,98,0,98,94,61,87,0,0,0,0,0
l31,9=0,0,0,0,0,0,0,0,0,0,0,0,0,0,0,0,6,0,0,86,0,0,85,0,0,0,94,90,91,94,93,0,99,99,100,0,0,0,0,0
l32,9=0,0,0,0,0,0,0,0,0,0,0,0,74,0,0,0,0,0,0,0,0,0,0,91,0,92,98,37,0,85,98,100,0,99,100,0,0,0,0,0
l33,9=0,0,0,0,0,0,0,0,0,0,0,0,17,0,0,0,47,70,0,0,1,30,0,96,95,99,88,0,94,91,84,100,100,0,100,0,0,0,0,0
l34,9=0,0,0,0,0,0,0,0,0,0,0,0,92,0,8,0,76,0,0,0,87,0,0,92,87,91,92,0,0,93,93,100,100,99,0,0,0,0,0,0
l35,9=0,0,0,0,0,0,0,0,0,0,0,28,0,0,0,0,10,0,0,0,64,67,75,0,0,0,0,0,0,0,0,0,0,0,0,0,78,66,86,14
l36,9=0,0,0,0,0,0,0,0,0,0,0,42,43,0,0,1,2,1,0,53,76,31,85,0,38,0,0,0,0,0,0,0,0,0,0,48,0,80,83,19
l37,9=0,0,0,0,0,0,0,0,0,0,0,0,0,0,0,0,14,0,0,37,65,59,65,0,0,0,0,0,0,0,0,0,0,0,0,37,59,0,71,14
l38,9=0,0,0,0,0,0,0,0,0,0,0,27,44,21,0,44,29,0,0,36,87,89,88,0,0,2,0,0,0,0,0,0,0,0,0,45,47,79,0,19
l39,9=0,0,0,0,0,0,0,0,0,0,0,0,0,0,0,0,28,16,0,67,80,86,2,0,0,0,0,0,0,0,0,0,0,0,0,38,42,67,73,0

l0,10=0,81,87,88,91,81,75,80,35,80,81,0,0,0,0,0,0,0,0,0,0,0,0,0,0,0,0,0,0,0,0,0,0,0,0,0,0,0,0,0
l1,10=89,0,87,61,91,89,77,78,0,68,76,0,0,0,0,0,0,0,0,0,0,0,0,0,0,0,0,0,0,0,0,0,0,0,0,0,0,0,0,0
l2,10=93,78,0,87,88,89,86,76,1,81,81,0,0,0,0,0,0,0,0,0,0,0,0,0,0,0,0,0,0,0,0,0,0,0,0,0,0,0,0,0
l3,10=90,34,90,0,94,88,59,74,0,55,54,0,0,0,0,0,0,0,0,0,0,0,0,0,0,0,0,0,0,0,0,0,0,0,0,0,0,0,0,0
l4,10=89,80,86,86,0,89,7,75,64,70,85,0,0,0,9,0,0,0,0,0,0,0,0,0,0,0,0,0,0,0,0,0,0,0,0,0,0,0,0,0
l5,10=81,76,87,79,90,0,85,84,63,80,84,0,2,78,0,0,0,0,0,0,0,0,0,0,0,0,0,0,0,0,0,0,0,0,0,0,0,0,0,0
l6,10=18,69,80,12,27,85,0,85,66,82,68,0,0,33,0,7,34,0,0,0,0,0,0,0,0,0,0,0,0,0,0,0,0,0,0,0,0,0,0,0
l7,10=21,28,24,34,60,85,85,0,79,86,86,47,40,82,1,2,0,0,0,0,0,0,0,0,0,0,0,0,0,0,0,0,0,0,0,0,0,0,0,0
l8,10=7,0,0,29,47,59,57,71,0,88,56,71,53,83,0,61,18,44,0,25,2,0,33,43,0,0,0,0,0,0,0,0,0,0,0,0,0,0,0,0
l9,10=24,19,54,32,33,39,78,83,79,0,85,73,63,83,44,55,0,0,0,0,0,22,1,23,23,0,0,0,0,0,0,0,0,0,0,0,0,0,0,0
l10,10=24,26,54,57,76,65,59,83,61,86,0,51,0,72,0,55,0,45,0,0,0,0,0,0,0,0,0,0,0,0,0,0,0,0,0,0,0,0,0,0
l11,10=0,0,0,0,0,0,0,36,44,42,49,0,76,82,49,80,48,74,0,0,27,28,0,52,73,57,0,0,0,0,0,0,0,0,0,39,48,0,56,0
l12,10=0,0,0,0,0,0,0,0,35,41,0,89,0,50,97,78,92,95,0,0,58,36,0,95,98,99,0,0,0,0,0,0,0,33,0,0,33,0,62,0
l13,10=0,0,0,0,0,61,41,58,79,83,69,80,68,0,39,73,61,0,0,0,50,25,0,10,69,35,0,0,0,0,0,0,0,0,0,0,1,0,55,0
l14,10=0,0,0,0,7,0,0,0,0,38,0,83,95,47,0,62,71,81,0,0,50,32,33,64,92,74,0,0,0,0,0,0,0,43,0,2,60,0,44,0
l15,10=0,0,0,0,0,0,3,0,43,40,57,89,85,83,42,0,64,73,0,22,31,7,24,0,63,50,0,0,0,0,0,0,0,0,0,0,11,0,43,2
l16,10=0,0,0,0,0,0,23,0,3,0,0,53,74,43,43,42,0,72,17,23,63,37,26,38,91,51,0,0,0,0,0,0,0,0,55,0,54,55,73,63
l17,10=0,0,0,0,0,0,0,0,6,6,34,86,98,0,50,54,85,0,0,25,32,38,44,22,70,51,0,0,0,0,0,0,0,10,0,4,56,32,66,44
l18,10=0,0,0,0,0,0,0,0,0,0,0,0,0,0,0,0,47,0,0,75,72,78,0,0,0,0,0,0,0,0,0,0,0,0,0,0,0,0,0,0
l19,10=0,0,0,0,0,0,0,0,13,0,0,0,0,0,0,26,48,46,38,0,75,77,76,0,0,0,51,0,0,0,0,34,21,0,0,17,42,56,0,69
l20,10=0,0,0,0,0,0,0,0,0,0,0,28,62,36,1,11,57,25,31,80,0,86,95,0,0,0,0,0,0,0,0,0,20,0,0,76,67,61,71,75
l21,10=0,0,0,0,0,0,0,0,0,31,0,48,57,33,16,18,57,55,41,46,87,0,89,0,0,0,1,0,0,0,0,0,0,22,0,67,54,35,68,73
l22,10=0,0,0,0,0,0,0,0,31,11,0,0,0,0,21,8,50,54,0,76,87,80,0,0,0,0,48,0,0,26,0,46,0,0,0,70,61,51,76,63
l23,10=0,0,0,0,0,0,0,0,44,23,0,78,97,0,52,0,65,2,0,0,0,0,0,0,100,99,0,0,0,0,0,14,45,56,0,0,0,0,0,0
l24,10=0,0,0,0,0,0,0,0,0,27,0,84,98,54,63,47,93,72,0,0,0,0,0,99,0,86,0,0,0,0,0,0,0,27,20,0,0,0,38,0
l25,10=0,0,0,20,0,0,0,0,0,0,0,83,98,2,86,44,62,26,0,0,0,0,0,99,97,0,32,0,0,0,0,38,34,100,78,0,0,0,22,0
l26,10=0,0,0,0,0,0,0,0,0,0,0,0,0,0,0,0,0,0,0,64,0,0,70,0,0,25,0,70,97,96,95,93,91,68,75,0,0,0,0,0
l27,10=0,0,0,0,0,0,0,0,0,0,0,0,0,0,0,0,0,0,0,0,0,0,0,0,0,0,68,0,94,96,98,79,0,0,76,0,0,0,0,0
l28,10=0,0,0,0,0,0,0,0,0,0,0,0,0,0,0,0,0,0,0,9,0,0,0,0,0,0,87,90,0,96,94,74,59,77,59,0,0,0,0,0
l29,10=0,0,0,0,0,0,0,0,0,0,0,0,0,0,0,0,0,0,0,0,29,0,35,0,0,0,85,93,97,0,98,84,66,0,64,0,0,0,0,0
l30,10=0,0,0,0,0,0,0,0,0,0,0,0,0,0,0,0,0,0,0,0,0,0,0,0,0,0,78,93,97,96,0,80,71,64,64,0,0,0,0,0
l31,10=0,0,0,0,0,0,0,0,0,0,0,0,0,0,0,0,0,0,0,51,0,0,74,48,0,43,87,70,86,91,90,0,97,100,99,0,0,0,0,0
l32,10=0,0,0,0,0,0,0,0,0,0,0,0,0,0,0,0,2,0,0,39,65,0,0,73,0,62,87,0,67,71,68,99,0,100,99,0,0,0,0,0
l33,10=0,0,0,0,0,0,0,0,0,0,0,0,71,0,41,0,0,52,0,0,0,31,0,97,63,98,72,0,93,7,77,100,100,0,99,0,0,0,0,0
l34,10=0,0,0,0,0,0,0,0,0,0,0,0,7,0,0,0,85,0,0,0,18,0,0,0,74,82,85,70,81,84,81,99,100,100,0,0,0,0,0,0
l35,10=0,0,0,0,0,0,0,0,0,0,0,2,0,0,0,0,0,0,0,4,54,36,39,0,0,0,0,0,0,0,0,0,0,0,0,0,67,57,67,69
l36,10=0,0,0,0,0,0,0,0,0,0,0,1,21,0,5,0,48,44,0,7,58,18,42,0,0,0,0,0,0,0,0,0,0,0,0,82,0,64,69,73
l37,10=0,0,0,0,0,0,0,0,0,0,0,0,0,0,0,0,50,0,0,38,54,0,23,0,0,0,0,0,0,0,0,0,0,0,0,71,64,0,63,66
l38,10=0,0,0,0,0,0,0,0,0,0,0,41,62,32,3,6,57,48,0,0,58,40,46,0,19,0,0,0,0,0,0,0,0,0,0,77,64,61,0,73
l39,10=0,0,0,0,0,0,0,0,0,0,0,0,0,0,0,0,51,26,0,36,59,39,36,0,0,0,0,0,0,0,0,0,0,0,0,69,67,57,72,0

l0,11=0,91,90,91,89,86,60,68,48,62,13,0,0,0,0,0,0,0,0,0,0,0,0,0,0,0,0,0,0,0,0,0,0,0,0,0,0,0,0,0
l1,11=84,0,90,67,85,90,79,78,6,24,61,9,0,0,0,0,0,0,0,0,0,0,0,0,0,0,0,0,0,0,0,0,0,0,0,0,0,0,0,0
l2,11=79,88,0,85,83,91,45,84,2,66,47,0,0,8,0,0,0,0,0,0,0,0,0,0,0,0,0,0,0,0,0,0,0,0,0,0,0,0,0,0
l3,11=87,62,90,0,89,91,0,51,0,4,46,0,0,0,0,0,0,0,0,0,0,0,0,0,0,0,0,0,0,0,0,0,0,0,0,0,0,0,0,0
l4,11=75,84,79,88,0,80,73,63,0,56,54,0,0,0,21,0,0,0,0,0,0,0,0,49,0,0,0,0,0,0,0,0,0,0,0,0,0,0,0,0
l5,11=78,88,86,79,83,0,82,85,51,82,61,0,0,33,0,0,0,0,0,0,0,0,0,0,0,0,0,0,0,0,0,0,0,0,0,0,0,0,0,0
l6,11=57,79,43,0,82,85,0,84,49,80,65,36,0,45,0,25,30,0,0,0,0,0,0,0,0,0,0,0,0,0,0,0,0,0,0,0,0,0,0,0
l7,11=74,85,74,65,76,85,81,0,65,83,78,38,41,75,0,13,0,0,0,0,0,0,0,0,0,0,0,0,0,0,0,0,0,0,0,0,0,0,0,0
l8,11=61,8,0,0,0,44,37,35,0,85,48,62,60,80,0,55,0,59,0,17,0,0,0,56,28,0,0,0,0,0,0,0,0,0,0,0,0,0,0,0
l9,11=57,0,41,30,45,75,71,83,79,0,78,57,56,78,0,40,0,40,0,0,0,44,0,0,1,0,0,0,0,0,0,0,0,0,0,0,0,0,0,0
l10,11=38,58,40,54,54,37,66,85,66,84,0,53,0,56,3,39,0,12,0,0,0,0,0,0,0,0,0,0,0,0,0,0,0,0,0,0,0,0,0,0
l11,11=0,0,0,0,0,0,29,26,39,40,29,0,69,43,23,84,57,81,0,0,3,40,46,64,40,28,0,0,0,0,0,0,0,0,0,32,24,0,22,0
l12,11=0,0,0,0,0,0,0,24,39,41,0,74,0,39,79,58,66,81,0,0,19,54,56,70,77,57,0,0,0,0,0,0,0,0,0,0,0,0,23,0
l13,11=0,0,0,0,0,32,35,38,80,82,39,79,63,0,0,77,56,71,0,0,16,43,0,59,34,32,0,0,0,0,0,0,0,0,0,0,0,0,15,0
l14,11=0,0,0,0,35,0,0,0,0,0,5,75,82,0,0,30,73,79,0,0,0,24,0,77,45,74,0,0,0,0,0,0,0,58,0,4,60,0,20,0
l15,11=0,0,0,0,0,0,34,20,42,41,31,88,78,84,20,0,64,82,0,18,18,40,28,0,26,29,0,0,0,0,0,0,0,0,0,6,50,0,16,0
l16,11=0,0,0,0,0,0,30,0,0,0,0,63,70,37,41,52,0,76,3,13,40,59,57,58,48,0,0,0,0,0,0,0,45,42,60,1,66,24,23,46
l17,11=0,0,0,0,0,0,0,0,38,31,13,84,81,38,25,30,80,0,0,0,19,57,60,52,40,0,0,0,0,0,0,0,0,0,0,0,63,0,5,29
l18,11=0,0,0,0,0,0,0,0,0,0,0,0,0,0,0,0,48,0,0,73,65,59,46,0,0,0,0,0,0,0,0,0,0,0,0,0,0,0,0,0
l19,11=0,0,0,0,0,0,0,0,22,0,0,0,0,0,0,19,46,0,57,0,72,58,67,0,0,0,44,0,0,0,0,14,0,0,2,58,59,37,0,56
l20,11=0,0,0,0,0,0,0,0,0,0,0,0,58,36,0,24,63,63,38,50,0,74,78,0,0,0,0,0,16,0,0,0,17,0,0,69,65,25,24,52
l21,11=0,0,0,0,0,0,0,0,0,30,0,52,54,30,16,20,60,61,38,71,81,0,79,0,15,0,0,0,0,0,0,0,0,0,0,4,62,37,74,51
l22,11=0,0,0,0,0,0,0,0,0,0,0,45,50,0,1,10,50,60,2,62,78,66,0,0,0,0,36,0,0,0,0,56,0,0,0,63,70,13,70,44
l23,11=0,0,0,0,29,0,0,0,24,0,0,74,79,34,81,0,47,25,0,0,0,0,0,0,95,91,0,0,0,0,0,51,58,44,14,0,0,0,0,0
l24,11=0,0,0,0,0,0,0,0,16,25,0,67,82,39,24,12,81,70,0,0,0,2,0,91,0,53,0,0,0,0,0,0,0,0,0,0,0,0,0,0
l25,11=0,0,0,0,0,0,0,0,0,0,0,57,82,33,78,44,0,0,0,0,0,0,0,94,92,0,0,0,0,0,0,63,43,77,0,0,0,0,0,0
l26,11=0,0,0,0,0,0,0,0,0,0,0,0,0,0,0,0,0,0,0,34,9,0,28,0,0,0,0,73,89,80,89,82,74,31,50,0,0,0,0,0
l27,11=0,0,0,0,0,0,0,0,0,0,0,0,0,0,0,0,0,0,0,0,0,0,0,0,0,0,77,0,86,88,95,77,0,0,40,0,0,0,0,0
l28,11=0,0,0,0,0,0,0,0,0,0,0,0,0,0,0,0,0,0,0,0,24,0,0,0,0,0,83,92,0,90,95,78,45,0,31,0,0,0,0,0
l29,11=0,0,0,0,0,0,0,0,0,0,0,0,0,0,0,0,0,0,0,0,0,0,0,0,0,0,80,89,89,0,93,82,31,30,38,0,0,0,0,0
l30,11=0,0,0,0,0,0,0,0,0,0,0,0,0,0,0,0,0,0,0,0,0,0,0,0,0,0,80,92,84,90,0,80,70,75,69,0,0,0,0,0
l31,11=0,0,0,0,0,0,0,0,0,0,0,0,0,0,0,0,0,0,0,14,0,0,41,39,0,56,83,74,72,84,80,0,78,100,100,0,0,0,0,0
l32,11=0,0,0,0,0,0,0,0,0,0,0,0,0,0,0,0,24,0,0,0,14,0,0,64,8,18,83,3,71,62,75,89,0,100,100,0,0,0,0,0
l33,11=0,0,0,0,0,0,0,0,0,0,0,0,0,0,81,0,38,0,0,0,10,0,0,77,0,90,80,0,0,54,86,96,86,0,100,0,0,0,0,0
l34,11=0,0,0,0,0,0,0,0,0,0,0,0,0,0,17,0,59,0,0,14,0,0,0,30,0,0,80,77,50,74,83,96,86,99,0,0,0,0,0,0
l35,11=0,0,0,0,0,0,0,0,0,0,0,0,0,0,2,0,7,0,0,8,31,0,59,0,0,0,0,0,0,0,0,0,0,0,0,0,79,26,22,50
l36,11=0,0,0,0,0,0,0,0,0,0,0,30,0,0,17,3,58,68,0,19,26,46,60,0,0,0,0,0,0,0,0,0,0,0,0,77,0,29,64,52
l37,11=0,0,0,0,0,0,0,0,0,0,0,0,0,0,0,0,51,0,0,14,16,34,0,0,0,0,0,0,0,0,0,0,0,0,0,68,64,0,22,47
l38,11=0,0,0,0,0,0,0,0,0,0,0,56,64,16,10,15,61,1,0,0,21,59,63,0,0,0,0,0,0,0,0,0,0,0,0,69,76,26,0,57
l39,11=0,0,0,0,0,0,0,0,0,0,0,0,0,0,0,0,52,2,0,22,20,49,56,0,0,0,0,0,0,0,0,0,0,0,0,65,70,26,44,0

l0,12=0,88,84,86,88,89,50,59,13,61,8,0,0,0,0,0,0,0,0,0,0,0,0,0,0,0,0,0,0,0,0,0,0,0,0,0,0,0,0,0
l1,12=84,0,80,79,83,85,88,76,0,65,79,25,0,0,0,0,0,0,0,0,0,0,0,0,0,0,0,0,0,0,0,0,0,0,0,0,0,0,0,0
l2,12=82,86,0,80,83,89,88,66,42,75,76,0,0,22,0,0,0,0,0,0,0,0,0,0,0,0,0,0,0,0,0,0,0,0,0,0,0,0,0,0
l3,12=87,83,77,0,88,81,43,39,0,10,59,0,0,0,0,0,0,0,0,0,0,0,0,0,0,0,0,0,0,0,0,0,0,0,0,0,0,0,0,0
l4,12=81,83,74,86,0,81,71,62,4,50,28,0,0,0,39,0,0,0,0,0,0,0,0,49,0,0,0,0,0,0,0,0,0,0,0,0,0,0,0,0
l5,12=79,85,81,80,83,0,79,82,70,83,45,0,0,26,0,0,0,0,0,0,0,0,0,17,0,0,0,0,0,0,0,0,0,0,0,0,0,0,0,0
l6,12=42,85,81,48,82,60,0,83,56,32,81,49,0,43,0,57,0,0,0,0,0,0,0,0,0,0,0,0,0,0,0,0,0,0,0,0,0,0,0,0
l7,12=22,39,28,21,40,66,85,0,33,83,89,20,24,31,0,0,0,0,0,0,0,0,0,0,0,0,0,0,0,0,0,0,0,0,0,0,0,0,0,0
l8,12=7,0,21,19,15,41,36,43,0,86,81,44,15,79,0,54,0,14,0,18,0,18,0,1,20,0,0,0,0,0,0,0,0,0,0,0,0,0,0,0
l9,12=13,10,18,17,18,85,27,81,76,0,85,19,16,79,1,26,10,12,0,0,17,22,0,0,0,0,0,0,0,0,0,0,0,0,0,0,0,0,0,0
l10,12=7,64,49,60,13,34,76,89,72,88,0,31,0,70,2,44,0,0,0,0,0,0,0,14,0,0,0,0,0,0,0,0,0,0,0,0,0,0,0,0
l11,12=0,3,0,0,0,0,61,16,63,64,29,0,44,79,38,84,64,79,0,0,15,34,25,21,0,5,0,0,0,0,0,0,0,0,0,27,21,0,47,0
l12,12=0,0,0,0,0,0,0,21,54,64,0,63,0,59,91,83,71,84,0,0,37,53,51,63,100,100,0,0,0,0,0,0,0,35,0,0,0,0,68,0
l13,12=0,0,1,4,0,21,34,64,72,78,69,74,44,0,50,80,69,71,0,0,18,24,0,42,15,8,0,0,0,0,0,0,0,0,0,0,21,0,0,0
l14,12=0,0,0,0,57,0,0,0,0,33,2,36,89,70,0,52,83,73,0,0,0,63,22,78,100,44,0,0,0,0,0,0,0,60,37,58,24,0,63,0
l15,12=0,0,0,0,0,0,67,0,66,64,59,77,81,83,40,0,70,72,0,21,35,58,15,51,40,31,0,0,0,0,0,0,0,0,0,0,10,0,2,0
l16,12=0,0,0,0,0,0,0,0,0,43,0,33,44,53,44,48,0,76,44,34,43,67,53,0,45,12,0,0,0,0,0,0,0,5,0,39,58,66,68,48
l17,12=0,0,0,0,0,0,0,0,53,43,0,45,52,56,38,57,84,0,0,17,44,72,54,0,10,3,0,0,0,0,0,0,0,10,0,0,56,0,62,3
l18,12=0,0,0,0,0,0,0,0,0,0,0,0,0,0,0,0,62,0,0,64,68,54,0,0,0,0,0,0,0,0,0,0,0,0,0,0,0,0,0,0
l19,12=0,0,0,0,0,0,0,0,39,0,0,0,0,0,0,45,60,53,48,0,80,74,67,0,0,0,52,0,50,1,0,58,22,0,0,60,17,0,30,67
l20,12=0,0,0,0,0,0,0,0,0,53,0,22,37,40,0,35,68,63,47,82,0,89,78,0,0,0,38,0,5,0,0,40,0,0,0,65,68,61,66,58
l21,12=0,0,0,0,0,0,0,0,49,60,0,37,49,49,47,39,68,68,40,82,86,0,78,0,32,0,45,0,0,0,0,0,0,0,0,61,52,60,72,57
l22,12=0,0,0,0,0,0,0,0,0,0,0,44,41,0,15,27,60,53,0,80,85,79,0,0,0,0,44,0,0,0,0,0,0,0,0,70,65,61,65,70
l23,12=0,0,0,0,56,9,0,0,0,0,8,26,45,59,84,39,0,0,0,0,0,0,0,0,100,100,0,0,0,0,0,30,0,55,0,0,0,0,0,0
l24,12=0,0,0,0,0,0,0,0,60,18,0,0,89,52,93,55,84,7,0,0,0,62,0,88,0,62,0,0,0,0,0,1,53,0,0,0,0,0,7,0
l25,12=0,0,0,0,0,0,0,0,0,0,0,39,89,38,45,47,56,19,0,0,0,0,0,100,100,0,0,0,0,0,0,72,51,58,73,0,0,0,0,0
l26,12=0,0,0,0,0,0,0,0,0,0,0,0,0,0,0,0,0,0,0,29,27,13,29,0,0,0,0,80,90,72,91,88,64,37,70,0,0,0,0,0
l27,12=0,0,0,0,0,0,0,0,0,0,0,0,0,0,0,0,0,0,0,0,0,0,0,0,0,0,76,0,85,93,94,84,0,14,16,0,0,0,0,0
l28,12=0,0,0,0,0,0,0,0,0,0,0,0,0,0,0,0,0,0,0,31,28,0,0,0,0,0,81,92,0,93,94,75,62,71,68,0,0,0,0,0
l29,12=0,0,0,0,0,0,0,0,0,0,0,0,0,0,0,0,0,0,0,1,0,0,0,0,0,0,76,92,90,0,94,88,64,49,76,0,0,0,0,0
l30,12=0,0,0,0,0,0,0,0,0,0,0,0,0,0,0,0,0,0,0,0,0,0,0,0,0,0,78,92,90,93,0,84,66,76,75,0,0,0,0,0
l31,12=0,0,0,0,0,0,0,0,0,0,0,0,0,0,0,0,0,0,0,65,59,0,0,59,22,76,81,81,82,84,94,0,82,100,97,0,0,0,0,0
l32,12=0,0,0,0,0,0,0,0,0,0,0,0,0,0,0,0,0,0,0,15,0,0,0,4,75,75,79,0,79,72,68,92,0,100,97,0,0,0,0,0
l33,12=0,0,0,0,0,0,0,0,0,0,0,0,36,0,63,0,8,0,0,0,0,0,0,60,0,69,70,35,75,68,70,96,83,0,97,0,0,0,0,0
l34,12=0,0,0,0,0,0,0,0,0,0,0,0,0,0,58,0,9,0,0,0,0,0,0,0,1,87,81,68,86,81,65,96,83,100,0,0,0,0,0,0
l35,12=0,0,0,0,0,0,0,0,0,0,0,2,0,0,2,0,40,0,0,8,38,3,60,0,0,0,0,0,0,0,0,0,0,0,0,0,71,71,66,60
l36,12=0,0,0,0,0,0,0,0,0,0,0,3,0,9,7,0,67,58,0,8,43,60,62,0,0,0,0,0,0,0,0,0,0,0,0,79,0,75,68,70
l37,12=0,0,0,0,0,0,0,0,0,0,0,0,0,0,0,0,61,0,0,0,9,38,45,0,0,0,0,0,0,0,0,0,0,0,0,76,65,0,58,69
l38,12=0,0,0,0,0,0,0,0,0,0,0,19,29,0,28,3,68,52,0,3,42,69,63,0,0,0,0,0,0,0,0,0,0,0,0,77,67,65,0,70
l39,12=0,0,0,0,0,0,0,0,0,0,0,0,0,0,0,0,59,0,0,43,44,61,65,0,0,0,0,0,0,0,0,0,0,0,0,69,69,71,68,0

l0,13=0,92,95,92,94,89,93,92,90,75,90,0,0,0,0,0,0,0,0,0,0,0,0,0,0,0,0,0,0,0,0,0,0,0,0,0,0,0,0,0
l1,13=93,0,95,96,92,88,87,83,6,64,71,0,0,0,20,0,0,0,0,0,0,0,0,0,0,0,0,0,0,0,0,0,0,0,0,0,0,0,0,0
l2,13=90,92,0,91,94,89,93,43,0,76,90,0,0,37,0,0,0,0,0,0,0,0,0,0,0,0,0,0,0,0,0,0,0,0,0,0,0,0,0,0
l3,13=96,97,95,0,97,91,93,82,2,0,67,0,0,0,0,0,0,0,0,0,0,0,0,0,0,0,0,0,0,0,0,0,0,0,0,0,0,0,0,0
l4,13=90,90,94,92,0,89,93,88,0,22,88,0,0,0,30,0,0,0,0,0,0,0,0,0,0,0,0,0,0,0,0,0,0,0,0,0,0,0,0,0
l5,13=89,88,95,88,90,0,90,87,84,82,86,0,0,47,0,0,0,0,0,0,0,0,0,0,0,0,0,0,0,0,0,0,0,0,0,0,0,0,0,0
l6,13=83,87,94,84,90,89,0,0,76,80,0,88,0,53,0,80,0,0,0,0,0,0,0,0,0,0,0,0,0,0,0,0,0,0,0,0,0,0,0,0
l7,13=86,87,17,69,91,37,0,0,88,85,91,14,22,32,0,0,0,0,0,0,0,0,0,0,0,0,0,0,0,0,0,0,0,0,0,0,0,0,0,0
l8,13=24,5,0,26,0,44,27,57,0,90,85,64,0,81,33,30,1,7,0,22,0,32,0,0,47,0,0,0,0,0,0,0,0,0,0,0,0,0,1,0
l9,13=22,30,29,7,0,78,27,88,92,0,92,46,33,81,32,81,10,6,0,0,21,33,0,0,0,0,0,0,0,0,0,0,0,0,0,0,0,0,0,0
l10,13=60,39,79,57,82,60,0,93,86,90,0,78,0,80,0,73,0,0,0,0,0,0,0,0,0,0,0,0,0,0,0,0,0,0,0,0,0,0,0,0
l11,13=0,0,0,0,0,0,30,0,75,70,74,0,94,90,85,91,47,92,0,0,47,75,69,68,1,23,0,0,0,0,0,0,0,0,0,0,22,0,72,0
l12,13=0,0,0,0,0,0,0,0,0,68,0,94,0,69,99,91,34,86,0,0,53,39,72,77,63,78,0,0,0,0,0,0,0,73,0,7,0,0,76,0
l13,13=0,0,9,0,0,20,17,30,83,89,83,96,76,0,83,91,29,35,0,9,38,69,0,73,19,27,0,0,0,0,0,0,0,0,0,0,0,0,75,0
l14,13=0,0,0,0,40,0,0,0,74,64,0,89,100,76,0,83,40,31,0,0,0,67,39,88,100,34,0,0,0,0,0,0,16,67,31,0,0,0,0,0
l15,13=0,0,0,0,0,0,29,0,12,72,73,96,100,91,76,0,37,53,0,35,48,65,0,68,31,25,0,0,0,0,0,0,0,0,0,0,33,0,53,0
l16,13=0,0,0,0,0,0,0,0,8,60,0,70,89,63,92,87,0,35,23,39,48,68,67,65,36,23,0,0,0,0,0,0,0,50,16,25,36,50,74,43
l17,13=0,0,0,0,0,0,0,0,64,65,0,95,100,77,87,90,36,0,0,35,56,82,71,73,37,0,0,0,0,0,0,0,0,61,0,18,28,0,74,0
l18,13=0,0,0,0,0,0,0,0,0,0,0,0,0,0,0,0,70,0,0,74,82,0,50,0,0,0,0,0,0,0,0,0,0,0,0,0,0,0,0,0
l19,13=0,0,0,0,0,0,0,0,49,0,0,0,0,7,0,55,65,36,54,0,90,88,87,0,0,0,38,0,1,14,0,43,0,0,0,15,13,60,55,77
l20,13=0,0,0,0,0,0,0,0,0,55,0,62,71,52,0,69,26,39,36,81,0,91,90,0,0,0,34,0,0,0,0,44,0,0,0,28,44,77,78,48
l21,13=0,0,0,0,0,0,0,0,51,59,0,75,66,64,54,64,68,76,0,93,91,0,90,0,24,0,42,0,0,0,0,0,0,0,0,35,30,0,83,62
l22,13=0,0,0,0,0,0,0,0,0,0,0,59,67,0,39,0,62,29,0,75,91,91,0,0,0,0,61,0,0,0,0,0,0,0,14,39,68,59,76,83
l23,13=0,0,0,0,0,0,0,0,0,0,0,84,97,77,99,89,18,30,0,0,0,0,0,0,34,100,0,0,0,0,0,0,0,0,0,0,0,0,0,0
l24,13=0,0,0,0,0,0,0,0,81,0,0,0,100,65,99,84,36,35,0,0,1,75,0,71,0,62,0,0,0,0,0,0,78,21,0,0,36,0,0,0
l25,13=0,0,0,0,0,0,0,0,0,0,0,70,100,80,99,86,45,0,0,0,0,0,0,100,100,0,0,0,0,8,0,76,94,100,80,0,0,0,0,0
l26,13=0,0,0,0,0,0,0,0,0,0,0,0,0,0,0,0,0,0,0,51,69,40,66,0,0,0,0,87,97,84,100,99,79,83,1,0,0,0,0,0
l27,13=0,0,0,0,0,0,0,0,0,0,0,0,0,0,0,0,0,0,0,0,0,0,0,0,0,0,91,0,97,96,100,88,76,82,39,0,0,0,0,0
l28,13=0,0,0,0,0,0,0,0,0,0,0,0,0,0,0,0,0,0,0,43,43,0,0,0,0,0,97,96,0,96,100,99,76,83,89,0,0,0,0,0
l29,13=0,0,0,0,0,0,0,0,0,0,0,0,0,0,0,0,0,0,0,26,0,0,0,0,0,0,84,96,97,0,100,90,82,82,93,0,0,0,0,0
l30,13=0,0,0,0,0,0,0,0,0,0,0,0,0,0,0,0,0,0,0,0,0,0,0,0,0,0,97,96,97,96,0,95,76,83,6,0,0,0,0,0
l31,13=0,0,0,0,0,0,0,0,0,0,0,0,0,0,0,0,0,0,0,62,75,0,0,0,0,80,97,95,97,96,100,0,100,100,100,0,0,0,0,0
l32,13=0,0,0,0,0,0,0,0,0,0,0,0,53,0,58,0,0,0,0,0,0,0,0,1,87,89,92,70,80,90,90,100,0,100,100,0,0,0,0,0
l33,13=0,0,0,0,0,0,0,0,0,0,0,0,99,0,90,0,32,30,0,0,0,0,0,0,27,100,97,87,97,84,100,100,100,0,100,0,0,0,0,0
l34,13=0,0,0,0,0,0,0,0,0,0,0,0,38,0,78,0,56,0,0,0,68,0,66,4,55,99,0,40,97,96,71,100,100,100,0,0,0,0,0,0
l35,13=0,0,0,0,0,0,0,0,0,0,0,0,34,0,0,0,19,0,0,18,49,60,70,0,0,0,0,0,0,0,0,0,0,0,0,0,85,86,77,47
l36,13=0,0,0,0,0,0,0,0,0,0,0,29,0,0,0,53,24,0,0,0,50,65,76,0,20,0,0,0,0,0,0,0,0,0,0,82,0,74,85,48
l37,13=0,0,0,0,0,0,0,0,0,0,0,0,0,0,0,0,8,0,0,23,52,0,52,0,0,0,0,0,0,0,0,0,0,0,0,33,39,0,67,48
l38,13=0,0,0,0,0,0,0,0,0,0,0,66,75,59,0,58,26,27,0,36,52,73,76,0,0,0,0,0,0,0,0,0,0,0,0,30,40,71,0,47
l39,13=0,0,0,0,0,0,0,0,0,0,0,0,0,0,0,0,24,0,0,41,50,68,76,0,0,0,0,0,0,0,0,0,0,0,0,47,54,70,72,0

l0,14=0,99,100,100,100,100,92,99,94,99,100,0,0,0,0,0,0,0,0,0,0,0,0,0,0,0,0,0,0,0,0,0,0,0,0,0,0,0,0,0
l1,14=100,0,100,100,100,100,39,0,3,54,4,0,0,23,0,0,0,0,0,0,0,0,0,0,0,0,0,0,0,0,0,0,0,0,0,0,0,0,0,0
l2,14=100,99,0,100,100,100,100,100,84,99,100,0,0,84,0,0,0,0,0,0,0,0,0,0,0,0,0,0,0,0,0,0,0,0,0,0,0,0,0,0
l3,14=100,99,100,0,100,100,100,99,0,0,23,0,0,0,0,0,0,0,0,0,0,0,0,0,0,0,0,0,0,0,0,0,0,0,0,0,0,0,0,0
l4,14=100,98,99,100,0,100,100,11,1,55,100,0,0,32,0,0,0,0,0,0,0,0,0,0,0,0,0,0,0,0,0,0,0,0,0,0,0,0,0,0
l5,14=100,99,100,100,100,0,100,100,94,100,100,0,0,88,0,86,0,0,0,0,0,0,0,0,0,0,0,0,0,0,0,0,0,0,0,0,0,0,0,0
l6,14=91,0,100,88,100,100,0,95,89,98,99,100,0,90,0,94,0,0,0,0,0,0,34,0,0,0,0,0,0,0,0,0,0,0,0,0,0,0,0,0
l7,14=100,11,100,95,96,100,100,0,97,100,100,0,0,97,0,8,98,0,0,0,2,0,0,0,0,0,0,0,0,0,0,0,0,0,0,0,0,0,0,0
l8,14=45,3,35,0,25,47,54,57,0,100,100,26,25,48,55,58,4,0,0,1,18,35,23,0,55,0,0,0,0,0,0,0,0,0,0,0,0,0,26,0
l9,14=45,10,6,25,26,86,56,100,97,0,100,46,0,100,52,98,48,26,0,0,45,36,0,29,0,0,0,0,0,0,0,0,0,0,0,0,0,0,0,0
l10,14=84,47,97,35,100,97,98,100,97,100,0,34,29,100,21,99,0,0,0,0,23,13,0,0,0,0,0,0,0,0,0,0,0,0,0,0,0,0,0,0
l11,14=0,0,0,0,0,0,100,0,49,97,71,0,98,100,98,100,99,99,0,8,97,64,58,68,0,48,0,0,0,0,0,0,0,0,0,11,2,0,93,0
l12,14=0,0,0,0,0,0,0,0,84,1,36,90,0,83,100,98,95,99,0,0,97,8,20,68,99,99,0,0,0,0,0,0,0,64,0,9,0,0,0,0
l13,14=0,33,52,0,25,46,67,50,38,100,96,100,60,0,98,100,48,99,0,0,2,34,4,31,55,51,0,0,0,0,0,0,0,0,0,0,0,0,47,0
l14,14=0,0,0,0,0,0,0,0,44,50,8,59,100,85,0,94,100,100,0,0,8,4,9,68,100,37,0,0,0,0,0,0,13,53,0,0,0,0,47,0
l15,14=0,0,0,0,0,40,96,8,81,97,76,100,60,86,98,0,99,99,0,21,96,43,0,67,99,90,0,0,0,0,0,0,0,0,0,0,0,0,91,0
l16,14=0,0,0,0,0,0,0,63,17,49,3,57,26,39,94,99,0,98,0,11,72,42,56,37,99,31,0,0,0,0,0,0,0,63,13,24,59,0,87,51
l17,14=0,0,0,0,0,0,0,0,2,28,0,58,94,83,98,99,99,0,0,83,98,65,44,68,99,81,0,0,0,0,0,0,0,0,0,4,63,0,94,0
l18,14=0,0,0,0,0,0,0,0,0,0,0,0,0,0,0,0,82,0,0,87,89,34,75,0,0,0,0,0,0,0,0,0,0,0,0,0,0,0,0,0
l19,14=0,0,0,0,0,0,0,0,0,0,0,0,15,0,0,0,55,81,72,0,98,92,91,0,0,0,65,0,23,39,0,0,0,0,0,45,55,85,84,71
l20,14=0,0,0,0,0,0,0,0,0,3,0,49,53,0,0,85,86,89,81,100,0,99,96,0,0,0,39,0,0,0,0,0,0,0,27,53,65,84,94,66
l21,14=0,0,0,0,0,0,0,0,3,79,0,27,6,66,69,86,71,93,2,99,99,0,96,0,87,0,18,0,0,0,0,0,0,0,0,81,76,2,85,77
l22,14=0,0,0,0,0,0,11,0,0,0,0,46,4,0,63,63,85,54,62,92,99,98,0,0,1,0,79,0,0,8,0,0,0,0,0,72,87,0,90,73
l23,14=0,0,0,0,0,0,0,0,0,51,0,27,61,49,100,97,51,49,0,0,0,0,0,0,64,100,0,0,0,0,0,0,47,52,24,0,0,0,0,0
l24,14=0,0,0,0,0,0,0,0,45,0,0,0,65,49,100,98,99,99,0,0,7,35,0,62,0,99,0,0,0,0,0,0,0,0,0,0,0,0,0,0
l25,14=0,0,0,0,0,0,0,0,0,0,0,28,100,84,94,97,97,97,0,0,0,0,0,100,100,0,0,0,37,0,0,0,97,98,96,0,0,0,0,0
l26,14=0,0,0,0,0,0,0,0,0,0,0,0,0,0,0,0,0,0,0,43,72,0,61,0,0,0,0,87,100,86,98,100,93,87,83,0,0,0,0,0
l27,14=0,0,0,0,0,0,0,0,0,0,0,0,0,0,0,0,0,0,0,0,0,0,0,0,0,0,90,0,95,100,99,89,77,80,0,0,0,0,0,0
l28,14=0,0,0,0,0,0,0,0,0,0,0,0,0,0,0,0,0,0,0,20,0,0,0,0,0,68,100,100,0,100,99,97,78,87,90,0,0,0,0,0
l29,14=0,0,0,0,0,0,0,0,0,0,0,0,0,0,0,0,0,0,0,81,0,0,23,0,0,0,89,100,100,0,99,89,80,0,80,0,0,0,0,0
l30,14=0,0,0,0,0,0,0,0,0,0,0,0,0,0,0,0,0,0,0,0,0,0,0,0,0,0,96,100,100,100,0,87,77,87,0,0,0,0,0,0
l31,14=0,0,0,0,0,0,0,0,0,0,0,0,0,0,0,0,0,0,0,0,0,0,0,0,0,0,100,85,100,97,88,0,99,100,100,0,0,0,0,0
l32,14=0,0,0,0,0,0,0,0,0,0,0,0,0,0,79,0,0,0,0,0,0,0,0,96,0,93,100,92,94,99,92,100,0,100,100,0,0,0,0,0
l33,14=0,0,0,0,0,0,0,0,0,0,0,0,67,0,90,0,88,0,0,0,0,0,0,100,0,99,98,85,100,0,98,100,100,0,100,0,0,0,0,0
l34,14=0,0,0,0,0,0,0,0,0,0,0,0,43,0,0,0,99,0,0,0,96,13,70,98,0,98,98,0,100,98,0,100,100,100,0,0,0,0,0,0
l35,14=0,0,0,0,0,0,0,0,0,0,0,38,13,0,0,0,83,17,0,73,81,54,54,0,0,0,0,0,0,0,0,0,0,0,0,0,92,91,87,64
l36,14=0,0,0,0,0,0,0,0,0,0,0,2,0,0,0,0,86,73,0,74,85,43,55,0,0,0,0,0,0,0,0,0,0,0,0,94,0,84,94,58
l37,14=0,0,0,0,0,0,0,0,0,0,0,0,0,0,0,0,0,0,0,69,78,2,13,0,0,0,0,0,0,0,0,0,0,0,0,84,52,0,80,56
l38,14=0,0,0,0,0,0,0,0,0,2,0,21,1,45,79,84,64,87,0,75,98,30,56,0,0,0,0,0,0,0,0,0,0,0,0,56,65,88,0,63
l39,14=0,0,0,0,0,0,0,0,0,0,0,0,0,0,0,0,16,0,0,76,82,55,53,0,0,0,0,0,0,0,0,0,0,0,0,54,55,85,84,0

l0,15=0,100,98,100,99,99,97,89,96,99,31,0,0,0,0,0,0,0,0,0,0,0,0,0,0,0,0,0,0,0,0,0,0,0,0,0,0,0,0,0
l1,15=100,0,98,98,99,98,97,87,87,0,99,0,0,96,95,0,0,0,0,0,0,0,0,0,0,0,0,0,0,0,0,0,0,0,0,0,0,0,0,0
l2,15=99,99,0,98,97,99,97,97,85,99,99,96,0,98,0,0,0,0,0,0,0,0,0,0,0,0,0,0,0,0,0,0,0,0,0,0,0,0,0,0
l3,15=100,100,93,0,99,97,96,0,0,2,94,0,0,0,0,0,0,0,0,0,0,0,0,0,0,0,0,0,0,0,0,0,0,0,0,0,0,0,0,0
l4,15=100,100,98,100,0,99,97,84,91,99,99,0,0,0,0,0,0,0,0,0,0,0,0,0,0,0,0,0,0,0,0,0,0,0,0,0,0,0,0,0
l5,15=99,99,98,98,97,0,72,90,87,99,99,0,0,98,0,78,0,0,0,0,0,0,0,0,0,0,0,0,0,0,0,0,0,0,0,0,0,0,0,0
l6,15=99,99,98,68,97,79,0,97,95,98,99,96,72,95,0,96,0,0,0,0,0,0,52,0,0,0,0,0,0,0,0,0,0,0,0,0,0,0,0,0
l7,15=99,99,98,60,96,97,97,0,98,99,99,33,0,91,1,0,97,0,0,0,0,0,0,0,0,0,0,0,0,0,0,0,0,0,0,0,0,0,0,0
l8,15=72,93,91,36,62,60,94,99,0,100,100,95,98,97,87,98,45,0,0,53,0,94,93,0,97,0,0,0,0,0,0,0,0,0,0,0,0,0,0,0
l9,15=79,0,92,0,71,98,96,100,100,0,100,96,0,100,72,97,73,0,0,0,98,96,15,2,0,0,0,0,0,0,0,0,0,0,0,0,0,0,0,0
l10,15=70,98,92,70,97,97,97,99,98,100,0,0,97,98,21,0,48,0,0,0,0,0,0,0,0,0,0,0,0,0,0,0,0,0,0,0,0,0,0,0
l11,15=0,0,51,0,0,0,99,2,80,74,0,0,100,100,95,99,99,59,0,2,98,98,97,98,98,99,0,0,0,0,0,0,0,0,0,29,64,0,98,0
l12,15=0,0,0,0,0,0,0,0,76,0,96,99,0,99,100,98,99,98,0,1,99,0,94,99,100,100,0,0,0,0,0,0,0,0,0,0,2,0,32,0
l13,15=0,96,96,0,13,62,95,75,79,100,99,100,100,0,99,99,73,59,0,30,54,31,73,95,0,96,0,0,0,0,0,0,0,0,0,0,0,0,92,0
l14,15=0,36,0,0,0,0,0,0,69,68,2,97,100,99,0,97,99,97,0,0,95,0,0,99,100,99,0,0,0,0,0,0,0,98,0,0,1,0,91,0
l15,15=0,0,0,0,0,40,93,0,81,76,0,100,94,100,90,0,76,59,0,0,98,97,0,99,100,79,0,0,0,0,0,0,0,0,0,42,0,0,97,0
l16,15=0,0,0,0,0,0,1,49,19,61,55,99,92,86,99,98,0,56,35,93,94,90,97,0,100,0,0,0,0,0,0,0,0,87,0,52,53,86,88,43
l17,15=0,0,0,0,0,0,0,0,0,43,0,98,99,99,99,98,76,0,0,97,99,98,97,99,100,99,0,0,0,0,0,0,0,88,63,40,57,85,98,0
l18,15=0,0,0,0,0,0,0,0,0,0,0,0,0,0,0,0,94,0,0,75,83,24,82,0,0,0,0,0,0,0,0,0,0,0,0,0,0,0,0,0
l19,15=0,0,0,0,0,0,0,0,11,0,0,2,35,6,0,0,81,44,28,0,100,94,94,0,0,0,64,0,0,55,0,0,0,0,0,38,48,0,74,76
l20,15=0,0,0,0,0,0,0,0,0,69,0,83,92,0,75,91,72,56,49,99,0,99,98,0,0,0,34,0,0,0,0,0,0,0,0,55,57,35,98,89
l21,15=0,0,0,0,0,0,0,0,70,68,0,91,11,21,0,96,85,93,0,99,100,0,97,0,83,0,0,0,6,0,0,0,0,0,53,41,94,86,95,94
l22,15=0,0,0,0,0,0,11,0,62,33,0,70,74,28,0,2,91,43,21,93,99,98,0,0,0,0,57,0,0,35,0,0,0,0,0,53,49,75,75,77
l23,15=0,0,0,0,0,0,0,0,0,56,0,97,100,92,100,99,0,59,0,0,0,0,0,0,100,100,0,0,0,0,0,0,98,100,0,0,0,0,0,0
l24,15=0,0,0,0,0,0,0,0,81,0,0,97,100,0,100,99,76,97,0,0,1,65,0,100,0,100,0,0,0,0,0,0,52,0,0,0,49,0,0,0
l25,15=0,0,0,0,0,0,0,0,0,0,0,83,98,96,85,95,0,52,0,0,0,0,0,96,99,0,88,0,40,5,0,61,96,75,97,0,0,0,0,0
l26,15=0,0,0,0,0,0,0,0,0,0,0,0,0,0,0,0,0,0,0,94,82,0,76,0,0,90,0,91,98,95,84,96,94,0,95,0,0,0,0,0
l27,15=0,0,0,0,0,0,0,0,0,0,0,0,0,0,0,0,0,0,0,0,0,0,0,0,0,0,98,0,98,97,85,96,96,73,96,0,0,0,0,0
l28,15=0,0,0,0,0,0,0,0,0,0,0,0,0,0,0,0,0,0,0,0,0,10,0,0,0,90,98,95,0,97,84,96,94,75,95,0,0,0,0,0
l29,15=0,0,0,0,0,0,0,0,0,0,0,0,0,0,0,0,0,0,0,94,0,0,61,0,0,5,98,95,98,0,79,97,94,73,95,0,0,0,0,0
l30,15=0,0,0,0,0,0,0,0,0,0,0,0,0,0,0,0,0,0,0,0,0,0,0,0,0,0,98,95,98,97,0,95,94,73,0,0,0,0,0,0
l31,15=0,0,0,0,0,0,0,0,0,0,0,0,0,0,0,0,1,0,0,0,0,0,0,0,0,94,98,91,98,96,77,0,98,83,97,0,0,0,0,0
l32,15=0,0,0,0,0,0,0,0,0,0,0,0,46,0,0,0,0,0,0,0,0,0,0,94,95,95,98,92,97,97,82,97,0,83,97,0,0,0,0,0
l33,15=0,0,0,0,0,0,0,0,0,0,0,0,0,0,96,0,96,62,0,0,0,0,0,97,15,96,0,63,98,92,79,97,100,0,99,0,0,0,0,0
l34,15=0,0,0,0,0,0,0,0,0,0,0,0,0,0,3,0,0,16,0,0,0,83,0,0,27,95,98,85,96,94,0,97,98,83,0,0,0,0,0,0
l35,15=0,0,0,0,0,0,0,0,0,0,0,5,0,0,0,63,56,0,0,58,65,58,65,0,0,0,0,0,0,0,0,0,0,0,0,0,98,93,83,86
l36,15=0,0,0,0,0,0,0,0,0,0,0,66,69,0,4,0,68,1,0,66,80,83,86,0,11,0,0,0,0,0,0,0,0,0,0,91,0,89,98,83
l37,15=0,0,0,0,0,0,0,0,0,0,0,0,0,0,0,0,54,0,0,0,21,63,75,0,0,0,0,0,0,0,0,0,0,0,0,90,93,0,86,77
l38,15=0,0,0,0,0,0,0,0,0,0,0,69,68,67,70,78,70,50,0,62,97,80,75,0,0,0,0,0,0,0,0,0,0,0,0,54,58,87,0,87
l39,15=0,0,0,0,0,0,0,0,0,0,0,0,0,0,0,0,0,0,0,66,91,87,74,0,0,0,0,0,0,0,0,0,0,0,0,89,53,90,87,0

