t=2016-04-12_16.16.06

n=40

q0=1
q1=1
q2=1
q3=1
q4=1
q5=1
q6=1
q7=1
q8=1
q9=1
q10=1
q11=1
q12=1
q13=1
q14=1
q15=1
q16=1
q17=1
q18=1
q19=1
q20=1
q21=1
q22=1
q23=1
q24=1
q25=1
q26=1
q27=1
q28=1
q29=1
q30=1
q31=1
q32=1
q33=1
q34=1
q35=1
q36=1
q37=1
q38=1
q39=1

a0=0x141592000c576ce6
a1=0x141592000c5aedbc
a2=0x141592000c5750f4
a3=0x141592000c576658
a4=0x141592000c575890
a5=0x141592000c574ffa
a6=0x141592000c5acf11
a7=0x141592000d9df361
a8=0x141592000c576300
a9=0x141592000c5779b6
a10=0x141592000c5762b9
a11=0x141592000c5af078
a12=0x141592000c575517
a13=0x141592000c5752c3
a14=0x141592000c5a4baa
a15=0x141592000c5776e7
a16=0x141592000c58cdeb
a17=0x141592000c5881fc
a18=0x141592000bd81d33
a19=0x141592000bd84d6a
a20=0x141592000c577233
a21=0x141592000c574527
a22=0x141592000c5746a3
a23=0x141592000c574da3
a24=0x141592000c5741c9
a25=0x141592000da244ea
a26=0x141592000c5ae886
a27=0x141592000c57510e
a28=0x141592000c5ab6c8
a29=0x141592000c574d05
a30=0x141592000edae61f
a31=0x141592000c57667e
a32=0x141592000c577f43
a33=0x141592000c576449
a34=0x1415920010f4117a
a35=0x141592000c575966
a36=0x141592000c574d35
a37=0x141592000c576fb1
a38=0x141592000c5aea5d
a39=0x141592000c59f23f

l0,0=0,92,89,98,92,91,85,79,3,87,89,0,0,0,0,0,0,0,0,0,0,0,0,0,0,0,0,0,0,0,0,0,0,0,0,0,0,0,0,0
l1,0=88,0,89,93,93,91,84,87,54,70,90,0,0,0,0,0,0,0,0,0,0,0,0,0,0,0,0,0,0,0,0,0,0,0,0,0,0,0,0,0
l2,0=84,98,0,77,96,94,93,83,0,82,89,0,0,58,0,0,0,0,0,0,0,0,0,0,0,0,0,0,0,0,0,0,0,0,0,0,0,0,0,0
l3,0=95,92,79,0,93,87,86,79,56,0,73,0,0,0,0,0,0,0,0,0,0,0,0,0,0,0,0,0,0,0,0,0,0,0,0,0,0,0,0,0
l4,0=66,92,89,93,0,76,61,65,64,68,78,0,0,47,0,0,0,0,0,0,0,0,0,0,0,0,0,0,0,0,0,0,0,0,0,0,0,0,0,0
l5,0=83,93,89,81,85,0,78,78,75,82,81,45,0,49,0,0,0,0,0,0,0,0,0,0,0,0,0,0,0,0,0,0,0,0,0,0,0,0,0,0
l6,0=80,75,94,79,76,73,0,78,77,66,80,44,0,69,0,30,51,0,0,0,0,0,0,0,0,0,0,0,0,0,0,0,0,0,0,0,0,0,0,0
l7,0=63,78,84,72,65,67,75,0,76,80,84,32,0,3,0,12,0,0,0,0,0,0,0,0,0,0,0,0,0,0,0,0,0,0,0,0,0,0,0,0
l8,0=0,15,0,55,59,41,70,54,0,88,10,80,9,86,26,51,51,10,0,0,0,19,0,0,44,0,0,0,0,0,0,0,0,0,0,0,0,0,28,0
l9,0=67,39,72,0,62,75,36,77,88,0,91,50,7,57,0,20,16,33,0,0,0,0,0,0,0,0,0,0,0,0,0,0,0,0,0,0,0,0,0,0
l10,0=74,77,85,60,78,53,69,82,57,92,0,76,10,77,0,49,0,0,0,0,0,0,0,0,0,0,0,0,0,0,0,0,0,0,0,0,0,0,0,0
l11,0=0,0,0,0,0,11,14,20,36,20,9,0,45,39,35,91,23,24,0,0,19,3,0,35,38,0,0,0,0,0,0,0,0,0,0,6,55,0,27,0
l12,0=0,0,0,0,0,0,0,0,28,13,3,84,0,78,80,87,24,99,0,4,30,25,14,80,91,59,0,0,0,0,0,0,0,55,0,0,27,0,36,0
l13,0=0,0,40,0,52,0,30,0,79,50,55,75,72,0,76,65,38,0,0,0,0,1,14,67,29,36,0,0,0,0,0,0,0,0,0,0,0,0,25,0
l14,0=0,0,0,0,0,0,0,0,31,0,0,35,72,78,0,60,76,64,0,0,31,0,6,86,84,85,0,0,0,0,0,0,0,58,0,0,0,0,35,0
l15,0=0,0,0,0,0,0,6,10,34,18,9,89,78,64,66,0,25,35,0,0,2,21,0,0,56,9,0,0,0,0,0,0,0,0,0,15,58,0,33,0
l16,0=0,0,0,0,0,0,3,0,22,2,0,11,3,15,37,24,0,34,0,34,22,31,36,12,42,0,0,0,0,0,0,0,0,37,0,42,25,4,36,27
l17,0=0,0,0,0,0,0,0,0,14,11,0,13,59,0,42,36,31,0,0,0,22,32,11,47,36,45,0,0,0,0,0,0,0,53,0,0,62,44,32,1
l18,0=0,0,0,0,0,0,0,0,0,0,0,0,0,0,0,0,0,0,0,0,78,0,75,0,0,0,0,0,0,0,0,0,0,0,0,0,0,0,0,0
l19,0=0,0,0,0,0,0,0,0,0,0,0,0,0,0,0,0,40,0,0,0,79,3,88,0,0,0,6,0,0,0,0,3,0,0,0,16,56,0,5,58
l20,0=0,0,0,0,0,0,0,0,0,0,0,0,5,0,9,0,6,6,59,88,0,93,87,0,0,0,0,0,0,0,0,0,0,0,7,25,81,79,92,69
l21,0=0,0,0,0,0,0,0,0,11,0,0,0,5,1,0,1,78,34,6,9,92,0,87,0,1,0,0,0,0,0,0,0,0,0,0,68,40,8,66,36
l22,0=0,0,0,0,0,0,0,0,0,0,0,0,3,4,4,0,35,3,46,90,92,93,0,0,0,0,4,0,0,0,0,5,5,0,0,73,78,9,76,66
l23,0=0,0,0,0,0,0,0,0,13,0,0,0,48,75,81,5,17,22,0,0,0,0,0,0,86,0,0,0,0,0,0,0,1,56,58,0,0,0,0,0
l24,0=0,0,0,7,0,0,0,0,36,0,0,49,85,27,81,76,75,21,0,0,0,23,0,87,0,81,0,0,0,0,0,0,54,66,55,0,0,0,0,0
l25,0=0,0,0,0,0,0,0,0,23,0,0,0,73,59,84,2,0,36,0,0,0,0,0,0,79,0,58,11,0,0,0,58,69,69,73,0,0,0,0,0
l26,0=0,0,0,0,0,0,0,0,0,0,0,0,0,0,0,0,0,0,0,56,0,0,21,0,0,46,0,63,96,85,94,88,78,70,66,0,0,0,0,0
l27,0=0,0,0,0,0,0,0,0,0,0,0,0,0,0,0,0,0,0,0,0,0,0,0,0,0,6,83,0,96,92,97,78,69,69,72,0,0,0,0,0
l28,0=0,0,0,0,0,0,0,0,0,0,0,0,0,0,0,0,0,0,0,0,0,0,0,0,0,0,88,96,0,92,97,83,65,67,76,0,0,0,0,0
l29,0=0,0,0,0,0,0,0,0,0,0,0,0,0,0,0,0,0,0,0,0,0,0,0,0,0,4,85,100,96,0,97,64,46,56,59,0,0,0,0,0
l30,0=0,0,0,0,0,0,0,0,0,0,0,0,0,0,0,0,0,0,0,0,0,0,0,0,0,0,74,100,96,92,0,59,65,68,0,0,0,0,0,0
l31,0=0,0,0,0,0,0,0,0,0,0,0,0,0,0,0,0,0,0,0,49,0,0,44,0,0,45,81,47,82,69,50,0,84,79,89,0,0,0,0,0
l32,0=0,0,0,0,0,0,0,0,0,0,0,0,0,0,0,0,0,0,0,0,0,0,9,12,41,50,72,45,72,57,56,81,0,84,91,0,0,0,0,0
l33,0=0,0,0,0,0,0,0,0,0,0,0,0,64,0,52,0,64,52,0,0,0,0,0,56,69,67,72,40,76,55,74,78,81,0,81,0,0,0,0,0
l34,0=0,0,0,0,0,0,0,0,0,0,0,0,0,0,9,0,0,0,0,0,50,0,0,60,53,71,73,51,82,60,0,84,91,82,0,0,0,0,0,0
l35,0=0,0,0,0,0,0,0,0,0,0,0,0,0,0,0,0,5,0,0,5,2,3,0,0,0,0,0,0,0,0,0,0,0,0,0,0,67,82,91,8
l36,0=0,0,0,0,0,0,0,0,0,0,0,1,2,0,2,0,5,10,0,29,41,3,44,0,0,0,0,0,0,0,0,0,0,0,0,74,0,78,79,52
l37,0=0,0,0,0,0,0,0,0,0,0,0,0,0,0,0,0,3,5,0,0,27,2,0,0,0,0,0,0,0,0,0,0,0,0,0,77,83,0,1,44
l38,0=0,0,0,0,0,0,0,0,11,0,0,0,5,8,1,1,25,7,0,9,54,29,45,0,0,0,0,0,0,0,0,0,0,0,0,80,92,0,0,53
l39,0=0,0,0,0,0,0,0,0,0,0,0,0,0,0,0,0,10,0,0,30,35,19,31,0,0,0,0,0,0,0,0,0,0,0,0,65,80,82,60,0

l0,1=0,75,72,86,84,78,76,0,53,70,69,0,0,7,0,0,0,0,0,0,0,0,0,0,0,0,0,0,0,0,0,0,0,0,0,0,0,0,0,0
l1,1=71,0,80,85,90,83,68,66,57,69,73,0,0,3,0,0,0,0,0,0,0,0,0,0,0,0,0,0,0,0,0,0,0,0,0,0,0,0,0,0
l2,1=70,82,0,78,72,91,85,65,0,73,84,0,0,0,0,30,0,0,0,0,0,0,0,0,0,0,0,0,0,0,0,0,0,0,0,0,0,0,0,0
l3,1=90,75,74,0,83,81,67,50,0,0,73,0,0,0,0,0,0,0,0,0,0,0,0,0,0,0,0,0,0,0,0,0,0,0,0,0,0,0,0,0
l4,1=82,75,71,78,0,80,62,63,72,70,65,0,0,50,0,0,0,0,0,0,0,0,0,0,0,0,0,0,0,0,0,0,0,0,0,0,0,0,0,0
l5,1=69,71,80,75,71,0,69,72,70,68,73,0,0,30,0,0,0,0,0,0,0,0,0,0,0,0,0,0,0,0,0,0,0,0,0,0,0,0,0,0
l6,1=61,54,80,49,53,60,0,79,64,45,76,52,1,52,0,0,38,0,0,0,0,0,0,0,0,0,0,0,0,0,0,0,0,0,0,0,0,0,0,0
l7,1=0,54,65,42,54,77,78,0,76,73,84,50,33,9,0,0,0,0,0,0,0,0,0,0,0,0,0,0,0,0,0,0,0,0,0,0,0,0,0,0
l8,1=40,1,0,0,61,56,66,72,0,80,63,62,11,83,55,64,44,1,0,0,0,28,25,0,0,0,0,0,0,0,0,0,0,0,0,0,0,0,1,0
l9,1=49,30,68,0,59,63,41,76,85,0,84,60,13,70,42,52,22,32,0,0,0,5,0,0,2,0,0,0,0,0,0,0,0,0,0,0,0,0,0,0
l10,1=55,60,74,59,55,67,76,87,69,82,0,56,0,64,4,47,8,0,0,0,0,0,0,0,6,0,0,0,0,0,0,0,0,0,0,0,0,0,0,0
l11,1=0,0,0,0,0,0,48,24,43,50,33,0,68,81,65,74,26,61,0,9,15,0,0,1,49,13,0,0,0,0,0,0,0,0,0,11,41,0,52,0
l12,1=0,0,0,0,0,0,0,4,32,7,0,69,0,76,81,72,37,79,0,6,49,22,21,71,70,57,0,0,0,0,0,0,0,30,0,0,0,0,57,0
l13,1=0,0,0,0,17,0,38,0,79,74,66,70,65,0,54,42,11,55,0,0,16,0,18,35,2,31,0,0,0,0,0,0,0,0,0,0,9,0,44,0
l14,1=0,0,0,0,0,0,0,0,38,46,0,38,72,61,0,52,71,39,0,0,50,29,7,74,65,64,0,0,0,0,0,0,0,26,0,0,0,0,3,0
l15,1=0,0,1,0,0,0,0,0,54,42,30,75,66,43,55,0,32,43,0,0,0,24,0,17,67,0,0,0,0,0,0,0,0,0,0,0,37,0,0,0
l16,1=0,0,0,0,0,0,20,0,33,24,1,17,30,58,59,36,0,36,0,42,51,35,23,6,49,24,0,0,0,0,0,0,1,22,0,20,40,2,20,51
l17,1=0,0,0,0,0,0,0,0,0,32,0,37,77,56,63,53,45,0,0,0,47,5,14,15,49,20,0,0,0,0,0,0,0,39,0,0,41,18,0,0
l18,1=0,0,0,0,0,0,0,0,0,0,0,0,0,0,0,0,0,0,0,33,58,50,61,0,0,0,0,0,0,0,0,0,0,0,0,0,0,0,0,0
l19,1=0,0,0,0,0,0,0,0,0,0,0,0,0,0,0,0,26,0,16,0,59,42,71,0,0,0,31,0,0,0,0,20,0,0,0,3,47,10,35,38
l20,1=0,0,0,0,0,0,0,0,0,0,0,0,21,16,30,8,35,21,27,70,0,64,69,0,0,0,0,0,0,0,0,0,0,0,1,6,56,54,65,56
l21,1=0,0,0,0,0,0,0,0,14,0,0,4,13,14,23,10,42,15,22,49,65,0,68,0,9,0,1,0,0,0,0,2,1,0,0,22,26,20,62,57
l22,1=0,0,0,0,0,0,0,0,4,0,0,0,15,29,6,1,49,23,29,75,65,64,0,0,1,0,7,0,0,0,0,25,0,0,0,20,67,21,39,58
l23,1=0,0,0,0,0,0,0,0,14,0,0,0,62,59,70,0,2,33,0,0,0,0,0,0,66,55,0,0,0,0,0,0,0,10,41,0,0,0,0,0
l24,1=0,0,0,0,0,0,0,0,0,0,0,36,70,38,71,71,42,35,0,0,0,0,0,79,0,58,0,0,0,0,0,0,51,52,38,0,0,0,0,0
l25,1=0,0,0,0,0,0,0,0,0,0,0,4,58,44,71,0,58,20,0,0,0,0,0,63,60,0,24,0,24,11,0,60,0,59,35,0,0,0,0,0
l26,1=0,0,0,0,0,0,0,0,0,0,0,0,0,0,0,0,0,0,0,58,0,3,32,0,0,27,0,53,70,78,77,73,63,64,51,0,0,0,0,0
l27,1=0,0,0,0,0,0,0,0,0,0,0,0,0,0,0,0,0,0,0,0,0,0,0,0,0,0,55,0,71,86,89,53,55,51,54,0,0,0,0,0
l28,1=0,0,0,0,0,0,0,0,0,0,0,0,0,0,0,0,0,0,0,2,0,0,0,0,0,21,69,73,0,86,85,63,48,50,49,0,0,0,0,0
l29,1=0,0,0,0,0,0,0,0,0,0,0,0,0,0,0,0,0,0,0,0,0,0,0,0,0,6,63,74,71,0,85,61,52,43,42,0,0,0,0,0
l30,1=0,0,0,0,0,0,0,0,0,0,0,0,0,0,0,0,0,0,0,0,0,0,0,0,0,0,55,84,70,86,0,47,50,55,0,0,0,0,0,0
l31,1=0,0,0,0,0,0,0,0,0,0,0,0,0,0,0,0,0,0,0,48,5,4,45,0,0,28,60,38,60,59,43,0,66,66,72,0,0,0,0,0
l32,1=0,0,0,0,0,0,0,0,0,0,0,0,0,0,0,0,16,0,0,0,0,0,0,0,41,0,58,45,37,57,45,73,0,68,84,0,0,0,0,0
l33,1=0,0,0,0,0,0,0,0,0,0,0,0,38,0,0,0,34,42,0,0,0,0,0,0,44,41,56,41,52,47,62,72,65,0,60,0,0,0,0,0
l34,1=0,0,0,0,0,0,0,0,0,0,0,0,0,0,0,0,0,0,0,0,32,0,0,48,50,38,49,54,60,56,0,81,79,66,0,0,0,0,0,0
l35,1=0,0,0,0,0,0,0,0,0,0,0,0,0,0,0,0,20,0,0,10,23,35,30,0,0,0,0,0,0,0,0,0,0,0,0,0,68,65,65,25
l36,1=0,0,0,0,0,0,0,0,0,0,0,7,6,11,2,32,27,22,0,49,54,23,45,0,0,0,0,0,0,0,0,0,0,0,0,34,0,64,72,57
l37,1=0,0,0,0,0,0,0,0,0,0,0,0,0,0,0,0,0,0,0,21,54,5,9,0,0,0,0,0,0,0,0,0,0,0,0,24,60,0,47,57
l38,1=0,0,0,0,0,0,0,0,0,0,0,11,18,31,0,0,0,0,0,58,61,36,21,0,0,0,0,0,0,0,0,0,0,0,0,49,75,52,0,57
l39,1=0,0,0,0,0,0,0,0,0,0,0,0,0,0,0,0,21,0,0,55,57,35,36,0,0,0,0,0,0,0,0,0,0,0,0,6,53,56,60,0

l0,2=0,79,50,79,75,69,72,43,58,60,64,0,0,1,0,0,0,0,0,0,0,0,0,0,0,0,0,0,0,0,0,0,0,0,0,0,0,0,0,0
l1,2=75,0,68,88,81,81,80,45,25,64,76,0,0,0,0,0,0,0,0,0,0,0,0,0,0,0,0,0,0,0,0,0,0,0,0,0,0,0,0,0
l2,2=55,76,0,72,65,88,87,67,32,73,71,0,0,0,0,17,0,0,0,0,0,0,0,0,0,0,0,0,0,0,0,0,0,0,0,0,0,0,0,0
l3,2=85,86,71,0,81,77,54,4,46,0,53,0,0,0,0,0,0,0,0,0,0,0,0,0,0,0,0,0,0,0,0,0,0,0,0,0,0,0,0,0
l4,2=76,81,59,74,0,68,78,60,44,70,57,0,0,0,0,0,0,0,0,0,0,0,0,0,0,0,0,0,0,0,0,0,0,0,0,0,0,0,0,0
l5,2=67,79,72,67,60,0,72,67,55,65,65,0,0,26,0,0,0,0,0,0,0,0,0,0,0,0,0,0,0,0,0,0,0,0,0,0,0,0,0,0
l6,2=60,71,72,47,62,58,0,59,45,61,66,31,35,14,0,0,0,0,0,0,0,0,0,0,0,0,0,0,0,0,0,0,0,0,0,0,0,0,0,0
l7,2=48,41,58,52,63,67,71,0,58,66,81,36,43,53,0,53,0,0,0,0,0,0,0,0,0,0,0,0,0,0,0,0,0,0,0,0,0,0,0,0
l8,2=41,1,0,26,24,50,30,64,0,81,69,59,0,64,3,65,31,0,0,0,0,0,0,0,42,1,0,0,0,0,0,0,0,0,0,0,0,0,6,0
l9,2=46,63,64,13,63,64,72,66,73,0,80,50,43,65,0,55,0,36,0,0,0,0,0,0,3,0,0,0,0,0,0,0,0,0,0,0,0,0,0,0
l10,2=54,71,55,49,52,68,76,75,66,78,0,48,0,60,0,31,16,0,0,0,0,0,0,0,0,0,0,0,0,0,0,0,0,0,0,0,0,0,0,0
l11,2=0,0,0,0,0,0,33,25,45,38,41,0,76,78,69,76,34,76,0,10,0,37,0,39,4,0,0,0,0,0,0,0,0,0,0,5,46,3,38,0
l12,2=0,0,0,0,0,0,0,0,36,32,0,75,0,53,77,76,51,90,0,0,39,33,2,69,90,69,0,0,0,0,0,0,0,0,0,0,15,0,26,0
l13,2=0,0,0,0,0,0,0,37,60,67,66,71,55,0,42,65,47,51,0,0,1,14,6,39,49,5,0,0,0,0,0,0,0,0,0,0,6,0,34,0
l14,2=0,0,0,0,0,0,0,0,44,18,0,70,77,45,0,54,59,51,0,0,28,13,0,71,67,62,0,0,0,0,0,0,0,50,0,0,0,0,6,0
l15,2=0,0,6,0,0,0,0,33,58,40,25,87,68,58,30,0,42,56,0,1,38,2,0,15,72,0,0,0,0,0,0,0,0,0,0,0,36,0,26,3
l16,2=0,0,0,0,0,0,0,0,30,0,0,54,54,40,63,54,0,63,0,19,61,45,66,6,58,47,0,0,0,0,0,0,0,41,0,41,55,0,36,35
l17,2=0,0,0,0,0,0,0,0,10,0,0,74,78,48,50,70,67,0,0,7,41,11,16,47,58,0,0,0,0,0,0,0,0,23,0,0,44,0,18,0
l18,2=0,0,0,0,0,0,0,0,0,0,0,0,0,0,0,0,0,0,0,5,48,34,46,0,0,0,0,0,0,0,0,0,0,0,0,0,0,0,0,0
l19,2=0,0,0,0,0,0,0,0,0,0,0,29,1,0,0,0,12,17,9,0,61,0,72,0,0,0,27,0,0,0,0,38,0,0,0,0,61,8,41,53
l20,2=0,0,0,0,0,0,0,0,0,0,0,2,4,1,3,13,53,26,19,51,0,68,72,0,8,0,0,0,0,0,0,0,0,0,11,54,75,61,62,59
l21,2=0,0,0,0,0,0,0,0,27,0,0,29,26,13,0,3,54,14,32,0,68,0,73,0,0,0,0,0,0,0,0,0,0,27,0,60,72,46,62,63
l22,2=0,0,0,0,0,0,0,0,20,2,0,11,4,1,4,0,55,18,25,57,66,68,0,0,0,0,6,0,0,31,0,32,0,0,0,63,75,45,0,59
l23,2=0,0,0,0,0,0,0,0,0,0,0,58,67,59,71,52,28,37,0,0,0,0,0,0,83,72,0,0,0,0,0,0,0,0,10,0,0,0,0,0
l24,2=0,0,0,0,0,0,0,0,50,0,0,35,73,67,71,71,52,69,0,0,25,15,0,77,0,75,0,0,0,0,0,0,15,54,26,0,0,0,0,0
l25,2=0,0,0,0,0,0,0,0,8,0,0,0,70,46,67,7,46,2,0,0,0,0,0,70,77,0,21,0,0,0,0,57,58,71,54,0,0,0,0,0
l26,2=0,0,0,0,0,0,0,0,0,0,0,0,0,0,0,0,0,0,0,41,0,0,17,0,0,47,0,19,77,76,69,75,68,65,42,0,0,0,0,0
l27,2=0,0,0,0,0,0,0,0,0,0,0,0,0,0,0,0,0,0,0,0,0,0,0,0,0,0,28,0,74,86,84,67,63,60,49,0,0,0,0,0
l28,2=0,0,0,0,0,0,0,0,0,0,0,0,0,0,0,0,0,0,0,0,0,0,0,0,0,0,70,76,0,87,71,71,55,65,41,0,0,0,0,0
l29,2=0,0,0,0,0,0,0,0,0,0,0,0,0,0,0,0,0,0,0,0,0,0,42,0,0,0,54,77,77,0,70,67,56,0,1,0,0,0,0,0
l30,2=0,0,0,0,0,0,0,0,0,0,0,0,0,0,0,0,0,0,0,0,0,0,0,0,0,0,50,86,74,76,0,60,65,69,39,0,0,0,0,0
l31,2=0,0,0,0,0,0,0,0,0,0,0,0,0,0,0,0,0,0,0,34,16,0,42,0,0,48,55,48,67,68,34,0,78,73,66,0,0,0,0,0
l32,2=0,0,0,0,0,0,0,0,0,0,0,0,0,0,0,0,0,0,0,0,0,0,0,0,30,47,46,44,52,65,40,75,0,77,78,0,0,0,0,0
l33,2=0,0,0,0,0,0,0,0,0,0,0,0,0,0,51,0,33,32,0,0,0,39,0,2,51,58,41,39,64,0,42,73,74,0,65,0,0,0,0,0
l34,2=0,0,0,0,0,0,0,0,0,0,0,0,0,0,0,0,4,0,0,0,42,0,0,44,53,57,38,53,59,41,35,76,84,80,0,0,0,0,0,0
l35,2=0,0,0,0,0,0,0,0,0,0,0,0,0,0,0,0,17,0,0,0,36,25,44,0,0,0,0,0,0,0,0,0,0,0,0,0,77,72,62,61
l36,2=0,0,0,0,0,0,0,0,0,0,0,45,0,7,0,8,47,41,0,26,51,48,54,0,0,0,0,0,0,0,0,0,0,0,0,66,0,71,61,60
l37,2=0,0,0,0,0,0,0,0,0,0,0,0,0,0,0,0,0,0,0,0,60,21,39,0,0,0,0,0,0,0,0,0,0,0,0,66,77,0,60,61
l38,2=0,0,0,0,0,0,0,0,3,0,0,31,23,33,2,23,13,14,0,14,64,52,0,0,0,0,0,0,0,0,0,0,0,0,0,67,77,64,0,59
l39,2=0,0,0,0,0,0,0,0,0,0,0,0,0,0,0,0,15,0,0,13,48,41,60,0,0,0,0,0,0,0,0,0,0,0,0,60,69,56,54,0

l0,3=0,0,75,87,82,82,78,70,0,79,0,0,0,0,0,0,0,0,0,0,0,0,0,0,0,0,0,0,0,0,0,0,0,0,0,0,0,0,0,0
l1,3=18,0,61,88,88,83,86,16,48,84,50,0,0,17,0,0,0,0,0,0,0,0,0,0,0,0,0,0,0,0,0,0,0,0,0,0,0,0,0,0
l2,3=53,46,0,71,88,86,90,71,49,77,73,0,0,67,0,0,0,0,0,0,0,0,0,0,0,0,0,0,0,0,0,0,0,0,0,0,0,0,0,0
l3,3=83,90,77,0,87,76,85,0,17,16,1,0,0,0,0,0,0,0,0,0,0,0,0,0,0,0,0,0,0,0,0,0,0,0,0,0,0,0,0,0
l4,3=79,88,79,86,0,77,79,9,0,74,0,0,0,28,0,0,0,0,0,0,0,0,0,0,0,0,0,0,0,0,0,0,0,0,0,0,0,0,0,0
l5,3=61,89,78,57,78,0,79,70,50,63,58,0,0,65,21,0,0,0,0,0,0,0,0,0,0,0,0,0,0,0,0,0,0,0,0,0,0,0,0,0
l6,3=47,46,29,53,74,72,0,64,51,73,58,7,19,40,0,0,29,0,0,0,0,0,0,0,0,0,0,0,0,0,0,0,0,0,0,0,0,0,0,0
l7,3=46,1,16,1,30,80,80,0,71,86,88,0,0,53,0,39,18,0,0,0,0,0,0,0,0,0,0,0,0,0,0,0,0,0,0,0,0,0,0,0
l8,3=0,15,1,16,0,29,47,32,0,87,51,30,15,84,1,71,37,30,0,0,0,27,4,0,38,0,0,0,0,0,0,0,0,0,0,0,0,0,0,0
l9,3=20,26,3,5,34,42,48,75,88,0,87,3,15,85,24,39,0,0,0,0,20,6,0,0,0,0,0,0,0,0,0,0,0,0,0,0,0,0,0,0
l10,3=0,35,16,0,32,79,86,81,65,92,0,4,0,84,4,3,0,0,0,1,0,0,0,7,0,0,0,0,0,0,0,0,0,0,0,0,0,0,13,0
l11,3=0,0,0,0,0,10,72,0,79,42,43,0,92,89,77,92,56,90,0,18,33,35,40,74,73,18,0,0,0,0,0,0,0,0,0,0,67,1,69,0
l12,3=0,0,0,0,0,0,37,0,32,37,0,92,0,46,92,92,34,98,0,24,0,30,0,82,95,84,0,0,0,0,0,0,0,16,0,26,6,0,23,0
l13,3=0,0,1,0,15,32,28,19,91,92,75,88,74,0,7,77,20,74,2,15,27,8,2,22,21,28,0,0,0,0,0,0,0,0,0,0,1,0,18,0
l14,3=0,0,0,0,0,18,0,0,30,34,5,93,95,3,0,16,84,24,0,0,31,0,1,90,95,70,0,0,0,0,0,0,0,30,0,0,0,0,26,0
l15,3=0,0,0,0,0,0,1,23,87,75,0,95,93,85,11,0,62,85,0,16,55,4,0,64,86,0,0,0,0,0,0,0,0,0,0,0,0,0,13,2
l16,3=0,0,0,0,0,0,27,5,38,0,0,23,56,27,70,34,0,81,0,4,80,55,77,0,42,16,0,0,0,0,0,0,0,34,0,0,46,21,26,29
l17,3=0,0,0,0,0,0,0,0,34,0,0,87,95,40,10,51,80,0,0,0,34,31,31,38,86,0,0,0,0,0,0,0,0,0,0,10,31,19,18,26
l18,3=0,0,0,0,0,0,0,0,0,0,0,0,0,0,0,0,33,0,0,33,13,33,19,0,0,0,0,0,0,0,0,0,0,0,0,0,0,0,0,0
l19,3=0,0,0,0,0,0,0,0,0,0,0,0,54,34,0,3,24,0,13,0,88,70,95,0,0,0,0,0,0,2,0,55,0,0,0,21,54,32,13,0
l20,3=0,0,0,0,0,0,0,0,7,10,0,5,0,12,3,20,76,9,0,90,0,78,96,0,4,0,0,0,0,0,0,0,0,0,1,20,80,87,74,80
l21,3=0,0,0,0,0,0,0,0,72,34,0,31,70,7,0,0,69,6,3,80,92,0,91,0,0,0,0,0,0,0,0,0,15,34,0,22,76,40,63,49
l22,3=0,0,0,0,0,0,0,0,31,1,0,26,10,6,0,0,74,7,0,96,94,74,0,0,0,0,2,0,0,2,0,0,0,0,0,73,73,29,57,77
l23,3=0,0,0,0,0,0,0,0,0,0,0,21,82,35,81,45,0,29,0,0,0,0,0,0,93,86,0,0,0,0,0,0,0,30,0,0,0,0,0,0
l24,3=0,0,0,0,0,0,0,0,70,0,0,60,90,5,83,77,73,81,0,0,42,0,0,87,0,83,0,0,0,0,0,0,0,74,0,0,0,0,25,0
l25,3=0,0,0,0,1,0,0,0,0,0,0,11,87,37,82,0,26,0,0,0,0,0,0,86,91,0,16,0,0,0,0,34,32,91,60,0,0,0,0,0
l26,3=0,0,0,0,0,0,0,0,0,0,0,0,0,0,0,0,0,0,0,0,0,0,62,0,0,23,0,63,97,95,94,94,79,59,81,0,0,0,0,0
l27,3=0,0,0,0,0,0,0,0,0,0,0,0,0,0,0,0,0,0,0,0,0,0,0,0,0,0,88,0,97,97,99,92,86,3,25,0,0,0,0,0
l28,3=0,0,0,0,0,0,0,0,0,0,0,0,0,0,0,0,0,0,0,0,0,0,0,0,0,0,94,100,0,97,89,88,73,84,72,0,0,0,0,0
l29,3=0,0,0,0,0,0,0,0,0,0,0,0,0,0,0,0,0,0,0,44,0,0,59,0,0,0,94,96,97,0,94,85,77,57,64,0,0,0,0,0
l30,3=0,0,0,0,0,0,0,0,0,0,0,0,0,0,0,0,0,0,0,0,0,0,0,0,0,0,90,100,92,93,0,71,75,68,0,0,0,0,0,0
l31,3=0,0,0,0,0,0,0,0,0,0,0,0,0,0,0,0,0,0,0,32,0,0,12,3,0,52,90,59,79,74,43,0,92,92,88,0,0,0,0,0
l32,3=0,0,0,0,0,0,0,0,0,0,0,0,3,0,0,0,0,0,0,0,0,2,0,0,0,74,82,42,79,75,73,97,0,91,94,0,0,0,0,0
l33,3=0,0,0,0,0,0,0,0,0,0,0,0,25,0,2,0,30,0,0,0,0,7,0,26,79,88,28,0,88,22,25,91,87,0,87,0,0,0,0,0
l34,3=0,0,0,0,0,0,0,0,0,0,0,0,0,0,0,0,0,0,0,0,8,0,0,1,9,77,76,4,75,73,0,93,92,94,0,0,0,0,0,0
l35,3=0,0,0,0,0,0,0,0,0,0,0,0,39,0,0,0,0,0,0,7,35,1,9,0,0,0,0,0,0,0,0,0,0,0,0,0,77,86,68,73
l36,3=0,0,0,0,0,0,0,0,0,0,0,40,13,0,0,0,11,5,0,16,72,8,3,0,0,0,0,0,0,0,0,0,0,0,0,72,0,87,70,19
l37,3=0,0,0,0,0,0,0,0,0,0,0,0,0,0,0,0,0,0,0,11,80,4,1,0,0,0,0,0,0,0,0,0,0,0,0,75,79,0,21,32
l38,3=0,0,0,0,0,0,0,0,0,0,0,61,61,7,13,1,10,5,0,16,92,8,9,0,2,0,0,0,0,0,0,0,0,0,0,76,79,53,0,62
l39,3=0,0,0,0,0,0,0,0,0,0,0,0,0,0,0,0,9,0,0,0,72,6,4,0,0,0,0,0,0,0,0,0,0,0,0,63,72,44,16,0

l0,4=0,79,62,81,79,86,74,68,0,75,74,0,0,0,0,0,0,0,0,0,0,0,0,0,0,0,0,0,0,0,0,0,0,0,0,0,0,0,0,0
l1,4=77,0,74,77,92,91,77,0,64,77,67,0,0,61,0,0,0,0,0,0,0,0,0,41,0,0,0,0,0,0,0,0,0,0,0,0,0,0,0,0
l2,4=58,91,0,80,92,92,83,79,0,83,80,0,0,66,0,0,0,0,0,0,0,0,0,0,0,0,0,0,0,0,0,0,0,0,0,0,0,0,0,0
l3,4=92,85,79,0,90,84,73,0,69,0,60,0,0,0,0,0,0,0,0,0,0,0,0,0,0,0,0,0,0,0,0,0,0,0,0,0,0,0,0,0
l4,4=73,92,81,79,0,82,59,63,66,76,65,0,0,2,0,0,0,0,0,0,0,0,0,21,0,0,0,0,0,0,0,0,0,0,0,0,0,0,0,0
l5,4=81,91,82,77,88,0,76,79,64,80,79,0,0,65,0,71,0,0,0,0,0,0,0,0,0,0,0,0,0,0,0,0,0,0,0,0,0,0,0,0
l6,4=77,91,82,77,83,86,0,85,72,85,87,76,34,0,0,46,78,0,0,0,0,0,0,0,0,0,0,0,0,0,0,0,0,0,0,0,0,0,0,0
l7,4=83,30,82,6,90,91,85,0,81,88,89,77,13,3,0,77,0,0,0,0,0,0,0,0,0,0,0,0,0,0,0,0,0,0,0,0,0,0,0,0
l8,4=0,45,0,50,50,20,68,73,0,90,74,75,72,83,23,75,77,78,0,0,34,32,4,0,2,0,0,0,0,0,0,0,0,0,0,0,0,0,0,0
l9,4=77,84,66,0,73,80,75,76,82,0,89,76,0,80,1,22,0,73,0,0,37,0,8,0,0,0,0,0,0,0,0,0,0,0,0,0,0,0,0,0
l10,4=33,41,77,32,37,84,83,85,77,89,0,75,47,73,31,50,0,45,0,0,0,0,0,1,0,0,0,0,0,0,0,0,0,0,0,0,0,0,0,0
l11,4=0,0,0,0,0,0,73,62,73,81,72,0,82,83,77,93,80,81,0,0,0,34,16,61,78,43,0,0,0,0,0,0,0,0,0,0,49,0,70,0
l12,4=0,0,0,0,0,0,1,0,74,0,69,85,0,79,87,81,85,91,0,19,50,0,0,70,87,88,0,0,0,0,0,0,15,61,0,0,0,0,71,0
l13,4=0,18,6,0,0,49,0,0,78,83,71,78,73,0,19,78,78,80,0,23,77,10,17,62,41,56,0,0,0,0,0,0,0,0,0,8,0,0,0,0
l14,4=0,0,0,0,0,0,0,0,74,5,67,84,94,39,0,37,84,79,0,0,81,0,0,78,93,86,0,0,0,0,0,0,0,75,32,0,0,0,71,0
l15,4=0,0,0,0,0,28,6,70,73,23,68,91,83,82,18,0,78,67,0,5,78,31,16,61,83,33,0,0,0,0,0,0,0,0,0,0,40,0,70,0
l16,4=0,0,0,0,0,0,8,0,62,0,0,85,88,73,82,17,0,90,9,45,86,37,18,5,78,42,0,0,0,0,0,0,0,15,2,69,32,15,83,34
l17,4=0,0,0,0,0,0,0,0,75,78,14,85,94,85,59,63,92,0,0,0,83,29,7,44,85,23,0,0,0,0,0,0,0,0,0,66,49,0,10,49
l18,4=0,0,0,0,0,0,0,0,0,0,0,0,0,0,0,0,77,0,0,86,17,39,20,0,0,0,0,0,0,0,0,0,0,0,0,0,0,0,0,0
l19,4=0,0,0,0,0,0,0,0,0,0,0,0,3,5,0,0,81,0,72,0,94,40,26,0,0,0,0,0,0,0,0,0,0,0,0,0,44,57,71,57
l20,4=0,0,0,0,0,0,0,0,2,5,0,0,3,12,7,7,31,11,0,91,0,40,26,0,6,0,0,0,0,0,0,0,18,0,0,39,52,65,83,34
l21,4=0,0,0,0,0,0,0,0,7,0,0,71,0,1,0,2,16,3,11,91,88,0,23,0,0,0,0,0,0,0,0,0,1,0,0,27,39,49,8,23
l22,4=0,0,0,0,0,0,0,0,0,3,0,59,0,10,0,0,11,0,9,94,95,40,0,0,0,0,15,0,0,33,0,0,0,8,0,71,38,61,81,15
l23,4=0,0,0,0,0,0,0,0,0,0,0,81,83,82,88,79,48,61,0,0,0,0,0,0,90,93,0,0,0,0,0,0,0,84,87,0,0,0,0,0
l24,4=0,0,0,0,0,0,0,0,15,0,0,73,89,47,87,83,85,87,0,0,83,0,0,91,0,87,0,0,0,0,0,0,0,77,10,0,0,0,68,0
l25,4=0,0,0,0,0,0,0,0,0,0,0,32,94,73,91,52,82,52,0,0,0,0,0,93,93,0,0,0,0,56,0,73,89,90,89,0,0,0,0,0
l26,4=0,0,0,0,0,0,0,0,0,0,0,0,0,0,0,0,0,0,0,1,0,0,22,0,0,0,0,93,100,100,99,99,97,88,99,0,0,0,0,0
l27,4=0,0,0,0,0,0,0,0,0,0,0,0,0,0,0,0,0,0,0,0,0,0,0,0,0,0,100,0,100,100,100,99,89,0,82,0,0,0,0,0
l28,4=0,0,0,0,0,0,0,0,0,0,0,0,0,0,0,0,0,0,0,80,84,0,0,0,0,2,100,100,0,100,95,90,96,96,98,0,0,0,0,0
l29,4=0,0,0,0,0,0,0,0,0,0,0,0,0,0,0,0,0,0,0,4,0,0,15,0,0,76,100,100,100,0,100,89,90,91,93,0,0,0,0,0
l30,4=0,0,0,0,0,0,0,0,0,0,0,0,0,0,0,0,0,0,0,0,0,0,0,0,0,0,100,100,94,100,0,96,91,91,0,0,0,0,0,0
l31,4=0,0,0,0,0,0,0,0,0,0,0,0,0,0,0,0,0,0,0,7,0,0,0,0,0,89,100,88,91,92,92,0,100,98,100,0,0,0,0,0
l32,4=0,0,0,0,0,0,0,0,0,0,0,0,83,0,0,0,0,0,0,0,84,0,0,0,0,97,100,89,98,97,99,99,0,98,100,0,0,0,0,0
l33,4=0,0,0,0,0,0,0,0,0,0,0,0,62,14,71,0,65,0,0,0,0,0,12,79,79,100,64,0,97,85,78,99,100,0,100,0,0,0,0,0
l34,4=0,0,0,0,0,0,0,0,0,0,0,0,0,0,47,0,60,0,0,0,60,0,0,86,61,100,97,69,99,97,1,99,100,100,0,0,0,0,0,0
l35,4=0,0,0,0,0,0,0,0,0,0,0,0,0,0,0,0,3,0,0,0,14,0,0,0,0,0,0,0,0,0,0,0,0,0,0,0,51,85,76,20
l36,4=0,0,0,0,0,0,0,0,0,0,0,24,0,0,0,0,0,5,0,23,35,7,3,0,0,0,0,0,0,0,0,0,0,0,0,80,0,71,18,18
l37,4=0,0,0,0,0,0,0,0,0,0,0,0,0,0,0,0,0,0,0,17,28,0,2,0,0,0,0,0,0,0,0,0,0,0,0,83,54,0,64,11
l38,4=0,0,0,0,0,0,0,0,0,0,0,66,15,0,6,5,74,0,0,35,88,7,20,0,0,0,0,0,0,0,0,0,0,0,0,84,52,75,0,60
l39,4=0,0,0,0,0,0,0,0,0,0,0,0,0,0,0,0,4,0,0,30,27,6,0,0,0,0,0,0,0,0,0,0,0,0,0,71,32,48,14,0

l0,5=0,78,68,89,75,65,69,47,0,70,60,0,0,0,0,0,0,0,0,0,0,0,0,0,0,0,0,0,0,0,0,0,0,0,0,0,0,0,0,0
l1,5=78,0,87,74,86,81,78,45,32,72,60,0,0,7,0,0,0,0,0,0,0,0,0,10,0,0,0,0,0,0,0,0,0,0,0,0,0,0,0,0
l2,5=76,84,0,80,74,77,82,14,19,75,69,0,0,0,0,0,0,0,0,0,0,0,0,0,0,0,0,0,0,0,0,0,0,0,0,0,0,0,0,0
l3,5=85,76,82,0,86,66,67,0,61,67,16,0,0,0,0,0,0,0,0,0,0,0,0,0,0,0,0,0,0,0,0,0,0,0,0,0,0,0,0,0
l4,5=83,89,79,89,0,75,76,44,70,62,36,0,0,30,0,36,0,0,0,0,0,0,0,14,0,0,0,0,0,0,0,0,0,0,0,0,0,0,0,0
l5,5=77,79,81,69,69,0,65,49,63,70,68,15,0,31,0,0,0,0,0,0,0,0,0,0,0,0,0,0,0,0,0,0,0,0,0,0,0,0,0,0
l6,5=77,77,84,66,69,31,0,57,31,75,69,14,0,0,0,0,27,0,0,0,0,0,0,0,0,0,0,0,0,0,0,0,0,0,0,0,0,0,0,0
l7,5=77,40,3,0,60,66,81,0,74,74,88,30,0,0,0,57,0,0,0,0,0,0,0,0,0,0,0,0,0,0,0,0,0,0,0,0,0,0,0,0
l8,5=0,0,0,9,26,10,3,50,0,79,71,32,2,41,13,41,35,44,0,0,0,19,23,8,40,0,0,0,0,0,0,0,0,0,0,0,0,0,0,0
l9,5=8,19,67,10,19,64,72,18,81,0,78,31,0,40,0,29,14,31,0,0,1,0,35,0,17,0,0,0,0,0,0,0,0,0,0,0,0,0,7,0
l10,5=49,58,66,15,52,65,72,55,73,85,0,29,0,13,14,50,1,17,0,0,0,0,0,0,0,0,0,0,0,0,0,0,0,0,0,0,0,0,0,0
l11,5=0,0,0,0,0,2,3,4,49,5,9,0,72,21,67,71,37,69,0,0,0,4,9,24,35,0,0,0,0,0,0,0,0,0,0,0,11,2,39,0
l12,5=0,0,0,0,0,0,0,0,0,0,0,35,0,6,67,39,57,82,0,0,0,0,2,32,59,45,0,0,0,0,0,0,23,26,0,23,8,0,24,0
l13,5=0,0,0,0,10,5,0,0,86,66,4,23,59,0,22,60,37,61,0,0,1,0,34,38,2,12,0,0,0,0,0,0,0,0,0,19,0,0,0,0
l14,5=0,0,0,0,0,0,0,0,16,0,1,36,74,6,0,38,53,44,0,0,3,0,9,71,78,43,0,0,0,0,0,0,0,52,5,0,0,0,30,0
l15,5=0,0,0,0,11,0,0,8,16,4,7,37,44,41,19,0,30,46,0,0,0,12,35,31,62,9,0,0,0,0,0,0,0,0,0,9,20,0,55,15
l16,5=0,0,0,0,0,0,1,0,11,0,0,11,36,3,25,18,0,54,0,0,1,17,36,7,45,8,0,0,0,0,0,0,0,0,0,24,8,4,40,25
l17,5=0,0,0,0,0,0,0,0,17,4,0,18,74,8,27,48,60,0,0,0,3,4,0,5,62,7,0,0,0,0,0,0,0,0,0,11,14,0,0,2
l18,5=0,0,0,0,0,0,0,0,0,0,0,0,0,0,0,0,0,0,0,0,0,21,36,0,0,0,0,0,0,0,0,0,0,0,0,0,0,0,0,0
l19,5=0,0,0,0,0,0,0,0,0,0,0,0,0,4,0,0,6,0,0,0,5,24,62,0,0,0,0,0,23,24,0,17,0,0,0,25,16,5,0,54
l20,5=0,0,0,0,0,0,0,0,0,0,0,0,1,4,22,12,8,37,0,4,0,26,60,0,13,0,5,0,9,0,0,0,16,0,1,27,36,18,59,2
l21,5=0,0,0,0,0,0,0,0,9,0,0,0,0,0,0,19,11,16,0,1,3,0,48,0,16,0,0,0,0,0,0,13,0,0,0,36,22,7,44,52
l22,5=0,0,0,0,0,0,0,0,10,0,0,0,6,3,3,23,8,0,0,7,4,20,0,0,0,0,12,0,0,0,0,0,0,0,0,29,28,9,56,39
l23,5=0,0,0,0,0,0,0,0,7,0,0,12,37,5,45,40,4,0,0,0,0,0,0,0,73,70,0,0,0,0,0,0,0,53,54,0,0,0,0,0
l24,5=0,0,0,0,0,0,0,0,18,2,0,11,70,1,71,47,45,49,0,0,0,5,0,80,0,62,0,0,0,0,0,0,0,48,0,0,7,0,6,0
l25,5=0,0,0,0,0,0,0,0,0,0,0,0,64,7,57,31,41,29,0,0,0,0,0,70,59,0,0,0,0,28,0,0,64,64,51,0,0,0,0,0
l26,5=0,0,0,0,0,0,0,0,0,0,0,0,0,0,0,0,0,0,0,0,0,0,31,0,0,0,0,65,92,89,81,83,71,55,49,0,0,0,0,0
l27,5=0,0,0,0,0,0,0,0,0,0,0,0,0,0,0,0,0,0,0,0,0,0,0,0,0,0,72,0,88,81,90,69,61,0,0,0,0,0,0,0
l28,5=0,0,0,0,0,0,0,0,0,0,0,0,0,0,0,0,0,0,0,5,4,0,0,0,0,0,80,89,0,93,89,70,74,69,64,0,0,0,0,0
l29,5=0,0,0,0,0,0,0,0,0,0,0,0,0,0,0,0,0,0,0,0,0,0,0,0,0,19,80,85,91,0,86,55,54,62,47,0,0,0,0,0
l30,5=0,0,0,0,0,0,0,0,0,0,0,0,0,0,0,0,0,0,0,0,0,0,0,0,0,0,75,89,91,91,0,65,0,64,0,0,0,0,0,0
l31,5=0,0,0,0,0,0,0,0,0,0,0,0,0,0,0,0,1,0,0,0,0,1,0,8,0,0,73,53,52,30,45,0,83,76,76,0,0,0,0,0
l32,5=0,0,0,0,0,0,0,0,0,0,0,0,36,0,0,0,0,0,0,0,4,0,0,0,0,58,76,56,68,50,19,87,0,80,85,0,0,0,0,0
l33,5=0,0,0,0,0,0,0,0,0,0,0,0,21,0,55,0,0,0,0,0,0,0,0,57,57,55,57,0,63,51,61,72,66,0,78,0,0,0,0,0
l34,5=0,0,0,0,0,0,0,0,0,0,0,0,37,0,27,0,0,0,0,0,3,0,0,65,39,56,59,0,62,45,0,86,89,85,0,0,0,0,0,0
l35,5=0,0,0,0,0,0,0,0,0,0,0,0,6,2,0,0,6,1,0,0,0,7,18,0,0,0,0,0,0,0,0,0,0,0,0,0,22,10,31,42
l36,5=0,0,0,0,0,0,0,0,0,0,0,0,8,0,0,23,4,22,0,0,0,6,39,0,1,0,0,0,0,0,0,0,0,0,0,39,0,12,41,51
l37,5=0,0,0,0,0,0,0,0,0,0,0,0,0,0,0,0,5,0,0,0,0,3,24,0,0,0,0,0,0,0,0,0,0,0,0,32,27,0,32,33
l38,5=0,0,0,0,0,0,0,0,0,0,0,0,15,0,15,33,10,0,0,0,0,8,44,0,0,0,0,0,0,0,0,0,0,0,0,40,18,11,0,52
l39,5=0,0,0,0,0,0,0,0,0,0,0,0,0,0,0,0,5,0,0,0,0,9,18,0,0,0,0,0,0,0,0,0,0,0,0,34,29,8,35,0

l0,6=0,86,70,69,86,81,64,2,49,0,55,0,0,0,0,0,0,0,0,0,0,0,0,0,0,0,0,0,0,0,0,0,0,0,0,0,0,0,0,0
l1,6=78,0,80,73,83,80,70,2,0,76,56,0,0,0,0,0,0,0,0,0,0,0,0,26,0,0,0,0,0,0,0,0,0,0,0,0,0,0,0,0
l2,6=73,85,0,72,80,77,70,60,60,79,58,0,0,0,0,0,0,0,0,0,0,0,0,0,0,0,0,0,0,0,0,0,0,0,0,0,0,0,0,0
l3,6=76,86,82,0,86,82,58,0,0,63,33,0,0,0,0,0,0,0,0,0,0,0,0,0,0,0,0,0,0,0,0,0,0,0,0,0,0,0,0,0
l4,6=82,88,86,77,0,84,71,43,51,27,38,0,0,32,0,0,0,0,0,0,0,0,0,7,0,0,0,0,0,0,0,0,0,0,0,0,0,0,0,0
l5,6=73,78,75,68,72,0,64,71,64,76,57,0,0,4,0,0,0,0,0,0,0,0,0,10,0,0,0,0,0,0,0,0,0,0,0,0,0,0,0,0
l6,6=65,76,72,48,48,54,0,71,34,74,59,52,4,7,0,0,33,0,0,0,0,0,1,0,0,0,0,0,0,0,0,0,0,0,0,0,0,0,0,0
l7,6=1,5,49,0,50,74,67,0,63,69,67,53,0,0,0,56,0,0,0,0,0,0,0,0,0,0,0,0,0,0,0,0,0,0,0,0,0,0,0,0
l8,6=4,0,13,0,38,40,31,48,0,82,57,60,39,60,18,41,39,39,0,0,2,25,22,7,13,9,0,0,0,0,0,0,0,0,0,0,0,0,0,0
l9,6=0,46,48,37,12,70,64,59,69,0,63,57,46,56,33,50,30,20,0,0,1,0,14,6,0,0,0,0,0,0,0,0,0,0,0,0,0,0,0,0
l10,6=37,42,47,33,36,55,63,73,66,84,0,51,0,39,0,30,41,0,0,0,0,0,0,0,0,0,0,0,0,0,0,0,0,0,0,0,0,0,0,0
l11,6=0,0,0,0,0,0,30,22,51,23,29,0,56,31,42,70,39,34,0,0,3,0,0,16,13,0,0,0,0,0,0,0,0,0,0,10,0,0,9,0
l12,6=0,0,0,0,0,0,0,0,25,15,0,64,0,14,55,49,58,50,0,0,1,16,9,41,46,46,0,0,0,0,0,0,0,0,0,0,23,0,8,0
l13,6=0,0,0,0,24,0,3,0,72,60,27,51,44,0,21,58,27,34,0,4,11,0,21,21,11,3,0,0,0,0,0,0,0,0,0,8,7,0,6,0
l14,6=0,0,0,0,0,0,0,0,30,16,0,48,65,20,0,26,32,35,0,0,7,0,12,45,39,37,0,0,0,0,0,0,0,0,0,0,0,0,8,0
l15,6=0,0,0,0,0,0,0,31,35,34,23,71,57,48,21,0,37,36,0,0,5,23,24,24,17,0,0,0,0,0,0,0,0,0,0,0,33,0,11,0
l16,6=0,0,0,0,0,0,23,0,14,9,17,35,53,11,19,24,0,40,6,2,13,32,24,11,17,9,0,0,0,0,0,0,0,0,0,10,29,0,7,20
l17,6=0,0,0,0,0,0,0,0,32,13,0,52,57,24,27,43,53,0,0,0,12,18,0,0,22,0,0,0,0,0,0,0,0,0,0,0,23,0,8,3
l18,6=0,0,0,0,0,0,0,0,0,0,0,0,0,0,0,0,4,0,0,17,32,28,0,0,0,0,0,0,0,0,0,0,0,0,0,0,0,0,0,0
l19,6=0,0,0,0,0,0,0,0,0,0,0,0,0,7,0,0,26,0,11,0,51,44,47,0,0,0,2,0,2,24,0,13,0,0,0,12,0,0,7,43
l20,6=0,0,0,0,0,0,0,0,17,5,0,0,0,10,21,0,23,28,5,33,0,49,47,0,0,0,0,0,0,0,0,8,0,0,0,16,40,0,12,27
l21,6=0,0,0,0,0,0,0,0,26,5,0,0,34,0,0,29,36,26,10,25,53,0,44,0,0,0,0,0,1,0,0,2,0,0,0,21,39,0,11,41
l22,6=0,0,0,0,0,0,0,0,25,12,0,0,16,2,18,23,30,0,0,29,55,44,0,0,0,0,29,0,0,0,0,0,0,0,0,13,42,0,12,36
l23,6=0,6,0,0,1,0,0,0,0,0,0,18,50,21,49,29,23,0,0,0,0,0,0,0,47,44,0,0,0,0,0,7,1,0,0,0,0,0,0,0
l24,6=0,0,0,0,0,0,0,0,30,0,0,34,66,23,46,30,35,28,0,0,0,0,0,64,0,26,0,0,0,0,0,0,0,0,0,0,2,0,1,0
l25,6=0,0,0,3,0,0,0,0,17,0,0,7,58,4,50,0,25,1,0,0,0,0,0,57,33,0,0,0,0,0,0,0,15,33,0,0,0,0,0,0
l26,6=0,0,0,0,0,0,0,0,0,0,0,0,0,0,0,0,0,0,0,0,6,0,20,0,0,0,0,43,69,61,65,67,70,0,0,0,0,0,0,0
l27,6=0,0,0,0,0,0,0,0,0,0,0,0,0,0,0,0,0,0,0,0,0,0,0,0,0,0,63,0,65,61,86,49,33,0,0,0,0,0,0,0
l28,6=0,0,0,0,0,0,0,0,0,0,0,0,0,0,0,0,0,0,0,8,16,5,2,0,0,0,72,72,0,68,82,54,28,23,0,0,0,0,0,0
l29,6=0,0,0,0,0,0,0,0,0,0,0,0,0,0,0,0,0,0,0,14,0,0,1,0,0,0,67,78,69,0,6,18,16,0,0,0,0,0,0,0
l30,6=0,0,0,0,0,0,0,0,0,0,0,0,0,0,0,0,0,0,0,0,0,0,0,0,0,0,65,85,65,33,0,26,0,0,0,0,0,0,0,0
l31,6=0,0,0,0,0,0,0,0,0,0,0,0,0,0,0,0,0,0,0,15,14,0,0,20,0,0,62,29,39,28,6,0,75,62,68,0,0,0,0,0
l32,6=0,0,0,0,0,0,0,0,0,0,0,0,0,0,0,0,0,0,0,0,0,0,0,16,0,27,60,32,47,32,0,71,0,61,79,0,0,0,0,0
l33,6=0,0,0,0,0,0,0,0,0,0,0,0,38,0,32,0,0,10,0,0,11,0,0,37,26,31,33,0,43,25,3,60,76,0,64,0,0,0,0,0
l34,6=0,0,0,0,0,0,0,0,0,0,0,0,21,0,20,0,27,0,0,0,0,0,0,45,21,12,45,0,47,19,6,64,82,58,0,0,0,0,0,0
l35,6=0,0,0,0,0,0,0,0,0,0,0,0,4,0,0,5,30,0,0,1,19,35,24,0,0,0,0,0,0,0,0,0,0,0,0,0,44,0,12,43
l36,6=0,0,0,0,0,0,0,0,0,0,0,0,0,2,0,14,33,20,0,0,19,31,36,0,0,0,0,0,0,0,0,0,0,0,0,19,0,0,13,43
l37,6=0,0,0,0,0,0,0,0,0,0,0,0,0,0,0,0,19,0,0,0,4,0,34,0,0,0,0,0,0,0,0,0,0,0,0,20,45,0,9,27
l38,6=0,0,0,0,0,0,0,0,0,1,0,33,19,1,11,31,37,28,0,3,27,33,35,0,0,0,0,0,0,0,0,0,0,0,0,19,44,0,0,41
l39,6=0,0,0,0,0,0,0,0,0,0,0,0,0,0,0,0,16,0,0,21,28,32,34,0,0,0,0,0,0,0,0,0,0,0,0,17,46,0,12,0

l0,7=0,89,84,85,91,88,74,0,77,80,68,0,0,0,0,0,0,0,0,0,0,0,0,0,0,0,0,0,0,0,0,0,0,0,0,0,0,0,0,0
l1,7=91,0,86,88,89,84,76,80,0,85,60,0,0,0,0,0,0,0,0,0,0,0,0,0,0,0,0,0,0,0,0,0,0,0,0,0,0,0,0,0
l2,7=91,91,0,88,87,84,76,50,65,81,18,0,0,0,0,0,0,0,0,0,0,0,0,0,0,0,0,0,0,0,0,0,0,0,0,0,0,0,0,0
l3,7=89,88,82,0,92,81,63,52,56,55,59,0,0,0,0,0,0,0,0,0,0,0,0,0,0,0,0,0,0,0,0,0,0,0,0,0,0,0,0,0
l4,7=92,93,81,92,0,86,80,20,31,7,72,0,0,22,0,1,0,0,0,0,0,0,0,0,0,0,0,0,0,0,0,0,0,0,0,0,0,0,0,0
l5,7=91,89,80,85,89,0,76,88,71,85,74,0,0,3,0,9,0,0,0,0,0,0,0,0,0,0,0,0,0,0,0,0,0,0,0,0,0,0,0,0
l6,7=55,77,83,0,88,85,0,88,0,87,72,18,0,8,0,0,16,0,0,0,0,0,0,0,0,0,0,0,0,0,0,0,0,0,0,0,0,0,0,0
l7,7=0,53,4,7,20,85,76,0,58,87,74,11,5,33,0,44,0,0,0,0,0,0,0,0,0,0,0,0,0,0,0,0,0,0,0,0,0,0,0,0
l8,7=0,0,5,14,32,54,0,20,0,88,68,60,18,44,31,63,19,38,0,0,0,3,30,0,2,0,0,0,0,0,0,0,0,0,0,0,0,0,0,0
l9,7=0,0,1,0,0,72,76,88,87,0,78,57,29,41,10,64,0,4,0,0,9,5,23,0,7,0,0,0,0,0,0,0,0,0,0,0,0,0,17,0
l10,7=0,0,0,0,40,67,62,89,83,88,0,45,0,1,0,52,23,11,0,0,0,0,0,0,0,0,0,0,0,0,0,0,0,0,0,0,0,0,0,0
l11,7=0,0,0,0,4,0,5,3,50,52,13,0,58,8,20,79,26,23,0,0,4,10,19,22,13,9,0,0,0,0,0,0,0,0,0,15,0,8,31,0
l12,7=0,0,0,0,0,0,0,0,14,26,0,65,0,1,57,66,36,29,0,0,5,13,0,47,69,58,0,0,0,0,0,0,0,10,4,0,5,0,20,0
l13,7=0,0,0,0,15,0,6,8,84,64,0,40,26,0,20,56,16,29,0,1,8,0,22,25,12,11,0,0,0,0,0,0,0,0,0,14,1,0,13,0
l14,7=0,0,0,0,0,0,0,0,23,25,0,30,55,3,0,21,22,33,0,0,7,15,23,52,14,19,0,0,0,0,0,0,0,12,1,0,2,0,16,0
l15,7=0,0,0,0,10,2,0,5,47,57,10,70,56,11,20,0,18,29,0,0,2,13,21,37,0,8,0,0,0,0,0,0,0,0,0,0,23,0,24,0
l16,7=0,0,0,0,0,0,2,0,12,5,7,25,52,0,20,20,0,22,11,0,9,18,30,25,12,4,0,0,0,0,0,7,15,6,4,16,28,0,29,12
l17,7=0,0,0,0,0,0,0,0,25,22,6,19,41,1,34,27,26,0,0,0,6,12,2,22,16,0,0,0,0,0,0,0,0,9,0,0,17,0,28,0
l18,7=0,0,0,0,0,0,0,0,0,0,0,0,0,0,0,0,21,0,0,24,33,14,0,0,0,0,0,0,0,0,0,0,0,0,0,0,0,0,0,0
l19,7=0,0,0,0,0,0,0,0,2,0,0,0,7,0,0,0,0,0,29,0,68,24,59,0,0,0,0,0,20,17,0,19,0,0,0,0,15,3,36,39
l20,7=0,0,0,0,0,0,0,0,0,28,0,1,24,3,12,0,24,16,16,58,0,50,66,0,0,0,6,0,18,0,0,0,0,0,0,45,52,32,57,46
l21,7=0,0,0,0,0,0,0,0,19,28,0,3,27,0,13,35,30,17,11,38,68,0,62,0,0,0,0,0,1,0,0,0,0,0,0,36,25,17,51,48
l22,7=0,0,0,0,0,0,0,0,28,32,0,15,0,4,17,31,22,0,0,61,72,44,0,0,0,0,22,0,0,12,0,0,0,0,0,0,50,37,51,43
l23,7=0,0,0,0,0,0,0,0,0,0,0,0,39,3,57,38,21,10,0,0,0,0,0,0,70,69,0,0,0,0,0,0,0,12,32,0,0,0,0,0
l24,7=0,0,0,0,4,0,0,0,14,24,0,22,69,7,18,0,27,32,0,0,0,0,0,76,0,54,0,0,0,0,0,0,0,11,4,0,0,0,0,0
l25,7=0,0,0,0,0,0,0,0,0,6,0,17,62,3,47,12,15,0,0,0,0,0,0,69,56,0,0,0,0,15,0,0,24,13,0,0,0,0,5,0
l26,7=0,0,0,0,0,0,0,0,0,0,0,0,0,0,0,0,0,0,0,0,29,0,37,0,0,0,0,59,74,84,65,69,77,30,41,0,0,0,0,0
l27,7=0,0,0,0,0,0,0,0,0,0,0,0,0,0,0,0,0,0,0,0,0,0,0,0,0,0,71,0,69,84,87,20,51,0,0,0,0,0,0,0
l28,7=0,0,0,0,0,0,0,0,0,0,0,0,0,0,0,0,0,0,0,36,38,6,0,0,0,0,74,86,0,88,92,45,44,31,36,0,0,0,0,0
l29,7=0,0,0,0,0,0,0,0,0,0,0,0,0,0,0,0,0,0,0,40,0,0,40,0,0,26,72,84,77,0,87,54,67,26,7,0,0,0,0,0
l30,7=0,0,0,0,0,0,0,0,0,0,0,0,0,0,0,0,0,0,0,0,0,0,0,0,0,0,61,84,69,84,0,42,46,9,32,0,0,0,0,0
l31,7=0,0,0,0,0,0,0,0,0,0,0,0,0,0,0,0,14,0,0,44,0,0,0,0,0,0,67,9,53,53,44,0,77,66,75,0,0,0,0,0
l32,7=0,0,0,0,0,0,0,0,0,0,0,0,0,0,0,0,23,0,0,0,0,0,0,30,0,35,66,36,25,67,35,74,0,72,88,0,0,0,0,0
l33,7=0,0,0,0,0,0,0,0,0,0,0,0,32,0,30,0,22,37,0,0,21,0,0,35,40,38,48,0,45,37,32,73,79,0,51,0,0,0,0,0
l34,7=0,0,0,0,0,0,0,0,0,0,0,0,27,0,12,0,23,0,0,0,0,0,5,53,21,0,53,15,33,19,39,69,83,44,0,0,0,0,0,0
l35,7=0,0,0,0,0,0,0,0,0,0,0,11,0,3,0,0,22,0,0,0,16,20,0,0,0,0,0,0,0,0,0,0,0,0,0,0,36,39,48,38
l36,7=0,0,0,0,0,0,0,0,0,0,0,0,0,1,0,18,25,11,0,1,16,16,32,0,0,0,0,0,0,0,0,0,0,0,0,30,0,32,58,41
l37,7=0,0,0,0,0,0,0,0,0,0,0,0,0,0,0,0,6,0,0,1,11,18,28,0,0,0,0,0,0,0,0,0,0,0,0,30,35,0,27,5
l38,7=0,0,0,0,0,0,0,0,0,35,0,24,24,0,1,25,23,18,0,11,25,22,31,0,0,0,0,0,0,0,0,0,0,0,0,24,45,23,0,29
l39,7=0,0,0,0,0,0,0,0,0,0,0,0,0,0,0,0,1,0,0,15,14,24,33,0,0,0,0,0,0,0,0,0,0,0,0,38,52,2,24,0

l0,8=0,99,94,87,91,89,97,83,2,88,96,0,0,38,0,0,0,0,0,0,0,0,0,0,0,0,0,0,0,0,0,0,0,0,0,0,0,0,0,0
l1,8=82,0,94,86,91,92,65,83,84,36,95,0,0,0,0,0,0,0,0,0,0,0,0,27,0,0,0,0,0,0,0,0,0,0,0,0,0,0,0,0
l2,8=82,99,0,88,91,93,99,95,58,83,96,0,0,2,0,9,0,0,0,0,0,0,0,0,0,0,0,0,0,0,0,0,0,0,0,0,0,0,0,0
l3,8=83,99,93,0,92,72,49,83,64,0,0,0,0,0,0,0,0,0,0,0,0,0,0,0,0,0,0,0,0,0,0,0,0,0,0,0,0,0,0,0
l4,8=82,99,76,88,0,64,99,77,87,63,90,0,0,67,0,0,0,0,0,0,0,0,0,0,0,0,0,0,0,0,0,0,0,0,0,0,0,0,0,0
l5,8=75,99,95,69,62,0,99,89,89,88,96,7,41,0,0,0,0,0,0,0,0,0,0,0,0,0,0,0,0,0,0,0,0,0,0,0,0,0,0,0
l6,8=48,33,89,46,83,79,0,93,83,88,91,9,0,56,0,4,73,0,0,0,0,0,0,0,0,0,0,0,0,0,0,0,0,0,0,0,0,0,0,0
l7,8=55,92,89,79,79,80,96,0,91,98,99,56,0,88,0,18,41,25,0,0,0,0,0,0,0,0,0,0,0,0,0,0,0,0,0,0,0,0,0,0
l8,8=0,50,1,52,74,66,63,90,0,97,93,92,29,88,76,86,8,75,0,47,1,0,77,0,41,0,0,0,0,0,0,0,0,0,0,0,0,0,0,0
l9,8=54,0,38,25,4,66,76,95,97,0,99,89,37,85,55,87,91,72,0,0,1,59,21,56,49,0,0,0,0,0,0,0,0,0,0,0,0,0,70,0
l10,8=55,76,65,36,76,72,67,96,92,96,0,61,26,80,0,84,79,1,0,0,0,0,0,0,0,0,0,0,0,0,0,0,0,0,0,0,0,0,0,0
l11,8=0,0,0,0,0,3,12,15,90,87,77,0,83,55,54,96,91,72,0,0,19,32,22,42,52,39,0,0,0,0,0,0,0,0,0,9,20,43,61,0
l12,8=0,0,0,0,0,0,0,0,4,33,26,94,0,30,97,96,96,75,0,0,18,8,0,85,99,90,0,0,0,0,0,0,0,33,2,0,6,0,46,0
l13,8=4,0,0,0,39,1,34,93,95,98,88,54,24,0,75,83,56,43,0,0,30,36,0,72,52,29,0,0,0,0,0,0,0,0,0,21,0,0,53,0
l14,8=0,0,0,0,0,0,0,0,66,37,0,52,100,59,0,87,81,88,0,0,41,40,43,85,95,45,0,0,0,0,0,0,0,0,0,0,0,0,0,0
l15,8=0,0,0,0,0,0,12,0,77,84,80,96,62,68,83,0,87,71,0,0,56,60,50,74,54,3,0,0,0,0,0,0,0,0,0,0,19,0,73,0
l16,8=0,0,0,0,0,0,27,5,19,31,18,55,66,25,63,79,0,63,0,27,51,46,83,31,72,9,0,0,0,0,0,18,10,1,17,15,25,43,36,46
l17,8=0,0,0,0,0,0,0,11,52,42,13,44,39,25,91,93,84,0,0,34,45,20,34,34,44,4,0,0,0,0,0,0,0,47,0,0,5,0,58,28
l18,8=0,0,0,0,0,0,0,0,0,0,0,0,0,0,0,0,4,0,0,71,68,0,15,0,0,0,0,0,0,0,0,0,0,0,0,0,0,0,0,0
l19,8=0,0,0,0,0,0,0,0,0,0,0,0,20,0,0,0,15,32,34,0,82,61,90,0,0,0,11,0,50,0,0,48,0,0,0,1,55,60,0,76
l20,8=0,0,0,0,0,0,0,0,0,0,0,3,17,17,11,49,53,37,19,88,0,84,96,0,9,0,4,0,5,0,0,0,0,0,0,20,45,53,65,44
l21,8=0,0,0,0,0,0,0,0,0,0,0,9,12,9,40,53,44,24,22,68,86,0,96,0,0,0,0,0,0,0,0,8,0,0,0,23,37,56,73,53
l22,8=0,0,0,0,0,0,0,0,0,0,0,22,0,25,41,35,55,34,7,84,86,78,0,0,0,0,0,0,0,18,0,0,0,0,0,32,66,48,69,44
l23,8=0,0,0,0,0,0,0,0,0,62,0,48,94,51,72,83,74,45,0,0,0,0,0,0,96,90,0,0,0,0,0,0,50,49,43,0,0,0,0,0
l24,8=0,0,0,0,0,0,0,0,3,62,0,69,100,57,97,82,97,77,0,0,11,0,0,91,0,89,0,0,0,0,0,20,0,1,0,0,0,0,0,0
l25,8=0,0,0,0,0,0,0,0,3,0,0,63,100,46,76,30,60,19,0,0,0,0,0,93,88,0,0,0,0,37,0,26,52,55,39,0,0,0,1,0
l26,8=0,0,0,0,0,0,0,0,0,0,0,0,0,0,0,0,0,0,0,37,39,0,0,0,0,0,0,78,93,93,83,92,86,66,71,0,0,0,0,0
l27,8=0,0,0,0,0,0,0,0,0,0,0,0,0,0,0,0,0,0,0,0,0,0,0,0,0,0,90,0,93,93,94,0,77,0,67,0,0,0,0,0
l28,8=0,0,0,0,0,0,0,0,0,0,0,0,0,0,0,0,0,0,0,72,50,0,0,0,0,0,90,93,0,93,94,92,63,74,70,0,0,0,0,0
l29,8=0,0,0,0,0,0,0,0,0,0,0,0,0,0,0,0,0,0,0,0,3,0,65,0,0,45,90,93,93,0,94,90,59,63,65,0,0,0,0,0
l30,8=0,0,0,0,0,0,0,0,0,0,0,0,0,0,0,0,0,0,0,0,0,0,0,0,0,0,69,93,93,93,0,76,74,65,0,0,0,0,0,0
l31,8=0,0,0,0,0,0,0,0,0,0,0,0,0,0,0,0,53,0,0,57,4,1,4,0,32,4,83,0,79,78,44,0,85,83,84,0,0,0,0,0
l32,8=0,0,0,0,0,0,0,0,0,0,0,0,0,0,0,0,24,0,0,0,0,0,2,65,0,47,86,55,64,70,58,92,0,94,89,0,0,0,0,0
l33,8=0,0,0,0,0,0,0,0,0,0,0,0,64,0,17,0,35,65,0,0,4,1,0,67,31,53,55,0,71,72,54,90,88,0,68,0,0,0,0,0
l34,8=0,0,0,0,0,0,0,0,0,0,0,0,60,0,42,0,74,0,0,0,13,0,0,67,17,52,56,54,68,70,0,88,93,64,0,0,0,0,0,0
l35,8=0,0,0,0,0,0,0,0,0,0,0,12,1,16,0,0,25,0,0,10,25,34,43,0,0,0,0,0,0,0,0,0,0,0,0,0,62,50,62,53
l36,8=0,0,0,0,0,0,0,0,0,0,0,12,3,0,0,18,29,14,0,36,36,26,69,0,0,0,0,0,0,0,0,0,0,0,0,61,0,50,71,50
l37,8=0,0,0,0,0,0,0,0,0,0,0,2,0,0,0,0,27,0,0,28,27,34,40,0,0,0,0,0,0,0,0,0,0,0,0,24,37,0,42,28
l38,8=0,0,0,0,0,0,0,0,0,27,0,27,15,30,7,53,38,32,0,13,51,57,69,0,0,0,0,0,0,0,0,0,0,0,0,39,52,61,0,38
l39,8=0,0,0,0,0,0,0,0,0,0,0,0,0,0,0,0,36,1,0,45,53,56,50,0,0,0,0,0,0,0,0,0,0,0,0,64,58,47,48,0

l0,9=0,96,100,97,96,95,93,93,0,95,79,0,0,0,0,0,0,0,0,0,0,0,0,0,0,0,0,0,0,0,0,0,0,0,0,0,0,0,0,0
l1,9=99,0,99,95,96,95,95,92,89,90,86,0,0,1,0,0,0,0,0,0,0,0,0,86,0,0,0,0,0,0,0,0,0,0,0,0,0,0,0,0
l2,9=99,94,0,97,90,100,100,82,81,35,79,0,71,0,0,0,0,0,0,0,0,0,0,0,0,0,0,0,0,0,0,0,0,0,0,0,0,0,0,0
l3,9=97,82,95,0,96,90,90,85,0,84,75,0,0,0,0,0,0,0,0,0,0,0,0,0,0,0,0,0,0,0,0,0,0,0,0,0,0,0,0,0
l4,9=99,96,87,97,0,98,92,84,94,70,85,0,0,25,0,0,0,0,0,0,0,0,0,0,0,0,0,0,0,0,0,0,0,0,0,0,0,0,0,0
l5,9=97,91,99,97,96,0,100,0,92,89,93,0,0,83,0,0,0,0,0,0,0,0,0,0,0,0,0,0,0,0,0,0,0,0,0,0,0,0,0,0
l6,9=45,73,99,82,37,63,0,98,85,92,93,0,0,79,0,41,59,0,0,0,0,0,0,0,0,0,0,0,0,0,0,0,0,0,0,0,0,0,0,0
l7,9=93,86,85,96,82,0,100,0,100,100,97,80,50,98,0,77,14,0,0,0,0,0,0,0,0,0,0,0,0,0,0,0,0,0,0,0,0,0,0,0
l8,9=0,85,65,0,57,58,84,97,0,100,94,98,63,100,78,92,55,38,0,35,0,0,93,6,0,0,0,0,0,0,0,0,0,0,0,0,0,0,0,0
l9,9=95,78,0,89,64,62,96,99,100,0,97,99,43,98,86,99,90,0,0,0,0,0,0,90,0,0,0,0,0,0,0,0,0,0,0,0,0,0,40,0
l10,9=67,89,90,81,94,100,100,99,99,100,0,74,81,97,0,97,22,31,0,0,0,0,0,86,0,0,0,0,0,0,0,0,0,0,0,0,0,0,0,0
l11,9=0,0,0,0,0,0,0,39,60,61,69,0,97,99,92,100,81,38,0,0,83,75,80,89,96,57,0,0,0,0,0,0,0,0,0,0,28,14,0,0
l12,9=0,0,0,0,0,0,0,0,1,24,38,97,0,88,95,98,87,88,0,0,87,0,43,99,96,100,0,0,0,0,0,0,5,10,20,0,25,0,86,0
l13,9=0,0,0,0,1,79,51,94,97,99,85,99,93,0,76,99,92,25,0,35,86,79,0,68,90,76,0,0,0,0,0,0,0,0,0,0,0,0,81,0
l14,9=0,0,0,0,0,0,0,0,49,61,0,98,98,95,0,99,82,63,0,0,90,79,84,99,97,0,0,0,0,0,0,0,0,0,15,0,1,0,0,0
l15,9=0,0,0,0,0,0,3,22,52,56,93,100,98,99,90,0,82,61,0,0,81,84,83,86,96,0,0,0,0,0,0,0,0,0,0,0,29,15,94,0
l16,9=0,0,0,0,0,0,24,0,24,49,8,91,91,87,76,89,0,35,30,73,89,54,88,69,94,52,0,0,0,0,0,0,0,39,87,0,26,43,92,68
l17,9=0,0,0,0,0,0,0,0,52,0,79,97,99,83,93,97,84,0,0,80,56,91,88,0,82,0,0,0,0,0,0,0,0,85,0,0,26,0,89,75
l18,9=0,0,0,0,0,0,0,0,0,1,0,0,0,0,0,0,86,0,0,0,86,91,0,0,0,0,0,0,0,0,0,0,0,0,0,0,1,0,0,0
l19,9=0,0,0,0,0,0,0,0,2,0,0,0,0,13,0,0,78,33,0,0,89,90,89,0,0,0,42,0,30,0,0,24,0,0,0,0,30,38,70,73
l20,9=0,0,0,0,0,0,0,0,0,0,0,45,76,71,60,67,78,8,17,94,0,98,94,0,25,0,39,0,0,0,0,0,0,0,11,43,58,54,86,76
l21,9=0,0,0,0,0,0,0,0,0,0,0,36,44,68,55,77,34,24,29,81,95,0,89,0,2,0,0,0,0,0,0,0,0,1,0,29,3,40,92,73
l22,9=0,0,0,0,0,0,0,0,40,1,0,15,53,0,51,68,76,19,0,91,95,94,0,0,0,0,39,0,0,20,0,3,0,0,0,49,46,35,91,0
l23,9=0,0,0,0,0,0,0,0,0,53,64,94,97,94,95,92,81,0,0,0,0,0,0,0,98,100,0,0,0,0,0,0,72,96,99,0,0,0,0,0
l24,9=0,0,0,0,0,0,0,0,0,0,0,99,98,97,96,97,97,36,0,0,83,0,0,100,0,100,0,0,0,0,0,0,0,90,70,0,11,0,0,0
l25,9=0,0,0,6,0,0,0,0,0,0,0,87,98,91,0,0,77,0,0,0,0,0,0,100,98,0,3,0,0,19,0,0,74,99,86,0,0,0,1,0
l26,9=0,0,0,0,0,0,0,0,0,0,0,0,0,0,0,0,0,0,0,78,76,0,64,0,0,0,0,83,96,99,96,95,99,85,91,0,0,0,0,0
l27,9=0,0,0,0,0,0,0,0,0,0,0,0,0,0,0,0,0,0,0,0,0,0,0,0,0,0,94,0,96,99,100,87,82,0,0,0,0,0,0,0
l28,9=0,0,0,0,0,0,0,0,0,0,0,0,0,0,0,0,0,0,0,77,0,0,0,0,0,0,98,100,0,99,99,85,0,88,7,0,0,0,0,0
l29,9=0,0,0,0,0,0,0,0,0,0,0,0,0,0,0,0,0,0,0,2,4,0,49,0,0,1,98,100,96,0,100,98,52,88,89,0,0,0,0,0
l30,9=0,0,0,0,0,0,0,0,0,0,0,0,0,0,0,0,0,0,0,0,0,0,0,0,0,0,97,100,96,99,0,98,91,72,87,0,0,0,0,0
l31,9=0,0,0,0,0,0,0,0,0,0,0,0,0,0,0,0,0,0,0,79,0,0,55,0,0,0,94,90,87,91,89,0,100,100,100,0,0,0,0,0
l32,9=0,0,0,0,0,0,0,0,0,0,0,0,78,0,0,0,0,0,0,0,0,0,0,85,0,90,96,57,0,59,96,99,0,100,100,0,0,0,0,0
l33,9=0,0,0,0,0,0,0,0,0,0,0,0,66,0,0,0,61,81,0,0,0,0,0,91,91,99,85,0,90,84,81,99,100,0,100,0,0,0,0,0
l34,9=0,0,0,0,0,0,0,0,0,0,0,0,88,0,58,0,89,0,0,0,83,0,0,88,65,57,87,0,0,90,88,99,100,100,0,0,0,0,0,0
l35,9=0,0,0,0,0,0,0,0,0,0,0,0,0,0,0,0,0,0,0,0,71,72,74,0,0,0,0,0,0,0,0,0,0,0,0,0,74,42,91,62
l36,9=0,0,0,0,0,0,0,0,0,0,0,41,43,0,0,55,45,11,0,49,81,0,82,0,20,0,0,0,0,0,0,0,0,0,0,63,0,52,85,67
l37,9=0,0,0,0,0,0,0,0,0,0,0,0,0,0,0,0,41,0,0,31,75,55,62,0,0,0,0,0,0,0,0,0,0,0,0,22,31,0,76,53
l38,9=0,0,0,0,0,0,0,0,0,1,0,0,52,36,0,71,72,0,0,42,88,89,85,0,0,0,0,0,0,0,0,0,0,0,0,32,28,47,0,65
l39,9=0,0,0,0,0,0,0,0,0,0,0,0,0,0,0,0,62,17,0,65,85,74,0,0,0,0,0,0,0,0,0,0,0,0,0,25,26,41,75,0

l0,10=0,95,90,94,94,77,7,75,0,80,77,0,0,0,0,0,0,0,0,0,0,0,0,0,0,0,0,0,0,0,0,0,0,0,0,0,0,0,0,0
l1,10=94,0,90,93,94,90,78,71,0,75,45,0,0,0,0,0,0,0,0,0,0,0,0,0,0,0,0,0,0,0,0,0,0,0,0,0,0,0,0,0
l2,10=94,94,0,94,89,90,84,81,7,81,78,0,0,0,0,0,0,0,0,0,0,0,0,0,0,0,0,0,0,0,0,0,0,0,0,0,0,0,0,0
l3,10=98,95,91,0,100,90,65,70,0,73,28,0,0,0,0,0,0,0,0,0,0,0,0,0,0,0,0,0,0,0,0,0,0,0,0,0,0,0,0,0
l4,10=94,95,85,94,0,90,41,76,75,80,84,0,0,0,2,0,0,0,0,0,0,0,0,0,0,0,0,0,0,0,0,0,0,0,0,0,0,0,0,0
l5,10=82,90,90,90,94,0,84,87,71,78,81,0,0,80,0,0,0,0,0,0,0,0,0,0,0,0,0,0,0,0,0,0,0,0,0,0,0,0,0,0
l6,10=0,72,84,62,25,84,0,87,71,83,60,0,0,54,0,7,8,0,0,0,0,0,0,0,0,0,0,0,0,0,0,0,0,0,0,0,0,0,0,0
l7,10=69,69,68,77,67,84,84,0,81,87,85,28,30,82,7,0,0,0,0,0,0,0,0,0,0,0,0,0,0,0,0,0,0,0,0,0,0,0,0,0
l8,10=0,0,1,1,45,33,66,79,0,91,36,52,55,87,0,76,10,54,0,39,14,0,7,37,0,0,0,0,0,0,0,0,0,0,0,0,0,0,0,0
l9,10=60,48,56,65,49,32,82,87,83,0,85,75,64,85,33,66,0,3,0,0,0,4,0,23,21,0,0,0,0,0,0,0,0,0,0,0,0,0,0,0
l10,10=62,34,60,63,77,60,70,87,57,87,0,38,0,70,0,68,0,43,0,0,0,0,0,0,0,0,0,0,0,0,0,0,0,0,0,0,0,0,0,0
l11,10=0,0,0,0,0,0,0,0,68,51,20,0,80,82,73,84,21,82,0,0,28,56,7,45,48,65,0,0,0,0,0,0,0,0,0,10,15,0,57,0
l12,10=0,0,0,0,0,0,0,0,54,27,0,89,0,75,94,83,70,95,0,0,63,66,0,96,98,97,0,0,0,0,0,0,0,28,0,1,1,0,63,0
l13,10=0,1,0,0,0,35,17,65,85,82,52,84,70,0,53,82,61,2,0,2,56,47,0,29,68,43,0,0,0,0,0,0,0,0,0,0,5,0,54,0
l14,10=0,0,0,0,16,0,0,0,0,22,0,52,96,75,0,79,67,91,0,0,35,48,18,55,95,83,0,0,0,0,0,0,0,43,0,0,8,0,34,0
l15,10=0,0,0,0,0,0,1,0,70,36,40,91,90,86,69,0,63,85,0,46,0,0,24,0,37,58,0,0,0,0,0,0,0,0,0,0,8,0,40,18
l16,10=0,0,0,0,0,0,2,0,52,0,0,30,86,58,57,66,0,83,5,50,66,66,36,32,59,33,0,0,0,0,0,0,0,0,28,0,14,34,75,65
l17,10=0,0,0,0,0,0,0,0,59,16,22,55,98,22,86,83,69,0,0,54,54,74,35,3,41,62,0,0,0,0,0,0,0,18,0,1,13,0,69,66
l18,10=0,0,0,0,0,0,0,0,0,0,0,0,0,0,0,0,12,0,0,66,70,75,0,0,0,0,0,0,0,0,0,0,0,0,0,0,0,0,0,0
l19,10=0,0,0,0,0,0,0,0,8,0,0,0,0,5,0,34,20,54,52,0,80,69,68,0,0,0,26,0,0,0,0,46,15,0,0,40,12,29,39,63
l20,10=0,0,0,0,0,0,0,0,0,0,0,0,49,43,0,13,31,15,53,68,0,89,85,0,0,0,0,0,0,3,0,0,43,0,0,57,15,37,75,69
l21,10=0,0,0,0,0,0,0,0,0,14,0,33,51,5,26,37,31,74,59,61,90,0,74,0,0,0,4,0,0,0,0,0,0,15,0,56,14,14,74,70
l22,10=0,0,0,0,0,0,0,0,23,0,0,0,15,0,6,45,22,58,0,68,87,78,0,0,0,0,25,0,0,44,0,48,0,0,0,60,29,26,77,60
l23,10=0,0,0,0,0,0,0,0,73,23,0,52,96,21,87,0,65,17,0,0,0,0,0,0,98,97,0,0,0,0,0,19,67,52,0,0,0,0,0,0
l24,10=0,0,0,0,0,0,0,0,0,26,0,86,97,87,94,80,71,86,0,0,50,0,0,96,0,93,0,0,0,0,0,0,0,23,15,0,0,0,20,0
l25,10=0,0,0,8,0,0,0,0,0,0,0,51,97,74,93,71,21,42,0,0,0,0,0,98,97,0,25,0,0,0,0,53,55,99,59,0,0,0,15,0
l26,10=0,0,0,0,0,0,0,0,0,0,0,0,0,0,0,0,0,0,0,56,0,3,55,0,0,28,0,8,91,97,95,98,92,64,70,0,0,0,0,0
l27,10=0,0,0,0,0,0,0,0,0,0,0,0,0,0,0,0,0,0,0,0,0,0,0,0,0,0,76,0,88,96,97,79,0,0,74,0,0,0,0,0
l28,10=0,0,0,0,0,0,0,0,0,0,0,0,0,0,0,0,0,0,0,1,0,0,0,0,0,0,86,94,0,97,97,78,60,69,54,0,0,0,0,0
l29,10=0,0,0,0,0,0,0,0,0,0,0,0,0,0,0,0,0,0,0,0,33,0,27,0,0,0,85,94,91,0,97,88,72,0,68,0,0,0,0,0
l30,10=0,0,0,0,0,0,0,0,0,0,0,0,0,0,0,0,0,0,0,0,0,0,0,0,0,0,83,94,90,97,0,82,78,60,70,0,0,0,0,0
l31,10=0,0,0,0,0,0,0,0,0,0,0,0,0,0,0,0,0,0,0,59,10,0,58,42,0,28,86,71,72,91,91,0,98,100,100,0,0,0,0,0
l32,10=0,0,0,0,0,0,0,0,0,0,0,0,0,0,0,0,0,0,0,31,60,0,0,74,0,49,86,0,32,75,73,99,0,100,100,0,0,0,0,0
l33,10=0,0,0,0,0,0,0,0,0,0,0,0,68,0,70,0,0,42,0,0,0,21,0,95,40,97,74,0,86,5,74,100,100,0,100,0,0,0,0,0
l34,10=0,0,0,0,0,0,0,0,0,0,0,0,8,0,0,0,62,0,0,2,11,0,0,23,37,79,79,79,60,84,84,100,100,100,0,0,0,0,0,0
l35,10=0,0,0,0,0,0,0,0,0,0,0,1,11,0,0,0,1,0,0,21,67,64,40,0,0,0,0,0,0,0,0,0,0,0,0,0,33,35,73,67
l36,10=0,0,0,0,0,0,0,0,0,0,0,21,0,0,12,0,29,44,0,25,69,59,42,0,0,0,0,0,0,0,0,0,0,0,0,63,0,40,72,74
l37,10=0,0,0,0,0,0,0,0,0,0,0,0,0,0,0,0,18,0,0,50,69,1,8,0,0,0,0,0,0,0,0,0,0,0,0,53,17,0,71,64
l38,10=0,0,0,0,0,0,0,0,0,0,0,23,44,24,1,17,33,45,0,11,71,72,45,0,1,1,0,0,0,0,0,0,0,0,0,58,16,40,0,71
l39,10=0,0,0,0,0,0,0,0,0,0,0,0,0,0,0,0,28,32,0,49,66,68,37,0,0,0,0,0,0,0,0,0,0,0,0,52,17,35,70,0

l0,11=0,93,84,92,89,85,0,46,27,59,0,0,0,1,0,0,0,0,0,0,0,0,0,0,0,0,0,0,0,0,0,0,0,0,0,0,0,0,0,0
l1,11=90,0,89,79,90,90,69,78,0,67,71,3,0,0,0,0,0,0,0,0,0,0,0,0,0,0,0,0,0,0,0,0,0,0,0,0,0,0,0,0
l2,11=86,88,0,88,84,90,23,82,9,49,62,0,0,23,0,0,0,0,0,0,0,0,0,0,0,0,0,0,0,0,0,0,0,0,0,0,0,0,0,0
l3,11=90,23,89,0,90,90,0,3,0,38,17,0,0,0,0,0,0,0,0,0,0,0,0,0,0,0,0,0,0,0,0,0,0,0,0,0,0,0,0,0
l4,11=90,86,80,88,0,80,72,52,0,61,16,0,0,0,2,0,0,0,0,0,0,0,0,48,0,0,0,0,0,0,0,0,0,0,0,0,0,0,0,0
l5,11=84,87,89,86,84,0,78,83,36,85,36,0,0,48,0,0,0,0,0,0,0,0,0,0,0,0,0,0,0,0,0,0,0,0,0,0,0,0,0,0
l6,11=0,72,17,6,84,85,0,84,42,85,70,12,0,46,0,28,12,0,0,0,0,0,0,0,0,0,0,0,0,0,0,0,0,0,0,0,0,0,0,0
l7,11=69,80,71,42,79,82,78,0,68,87,83,25,51,78,0,40,0,0,0,0,0,0,0,0,0,0,0,0,0,0,0,0,0,0,0,0,0,0,0,0
l8,11=16,0,3,0,0,23,16,57,0,91,40,42,57,88,0,67,0,50,0,25,0,0,0,49,42,0,0,0,0,0,0,0,0,0,0,0,0,0,0,0
l9,11=20,32,11,33,51,58,75,84,76,0,82,38,57,83,0,37,0,28,0,0,0,28,0,0,12,0,0,0,0,0,0,0,0,0,0,0,0,0,0,0
l10,11=0,55,38,52,60,17,58,84,58,89,0,46,0,66,0,60,0,7,0,2,0,0,0,0,0,0,0,0,0,0,0,0,0,0,0,0,0,0,0,0
l11,11=0,0,0,0,0,0,10,43,68,41,25,0,81,84,64,86,19,68,0,0,13,25,43,76,69,44,0,0,0,0,0,0,0,0,0,46,1,0,21,0
l12,11=0,0,0,0,0,0,0,46,64,36,0,54,0,76,85,51,36,83,0,0,39,38,51,85,98,89,0,0,0,0,0,0,0,0,0,0,0,0,22,0
l13,11=0,0,0,0,0,17,13,67,75,84,25,79,70,0,0,81,20,61,0,0,34,26,0,59,49,44,0,0,0,0,0,0,0,0,0,0,0,0,1,0
l14,11=0,0,0,9,26,0,0,0,0,0,0,29,91,0,0,22,26,67,0,0,0,18,0,85,72,71,0,0,0,0,0,0,0,59,34,34,49,0,17,0
l15,11=0,0,0,0,0,0,13,34,66,53,41,89,82,90,59,0,50,77,0,35,44,27,25,0,34,54,0,0,0,0,0,0,0,0,0,0,45,0,16,0
l16,11=0,0,0,0,0,0,6,0,0,0,0,3,64,44,65,22,0,73,0,21,47,47,51,52,76,0,0,0,0,0,0,0,19,26,55,0,57,47,32,27
l17,11=0,0,0,0,0,0,0,0,63,25,0,32,88,48,66,27,26,0,0,0,43,44,52,54,67,0,0,0,0,0,0,0,0,0,0,0,59,0,14,23
l18,11=0,0,0,0,0,0,0,0,0,0,0,0,0,0,0,0,25,0,0,63,54,63,37,0,0,0,0,0,0,0,0,0,0,0,0,0,0,0,0,4
l19,11=0,0,0,0,0,0,0,0,38,0,0,0,0,0,0,15,11,0,57,0,73,66,63,0,0,0,40,0,0,0,0,22,0,0,25,46,45,40,0,27
l20,11=0,0,0,0,0,0,0,0,0,0,0,0,49,36,0,19,20,49,54,73,0,87,76,0,0,0,2,0,2,0,0,0,9,1,0,63,66,45,24,33
l21,11=0,0,0,0,0,0,0,0,0,24,0,2,51,31,25,18,66,54,54,73,85,0,73,0,28,0,0,0,0,0,0,0,0,0,0,30,52,43,67,28
l22,11=0,0,0,0,0,0,0,0,0,0,0,2,49,0,0,16,19,47,1,66,82,78,0,0,0,0,39,0,0,0,0,41,0,0,0,52,52,12,59,26
l23,11=0,0,0,0,30,0,0,0,39,0,0,28,86,73,80,0,10,36,0,0,0,0,0,0,98,96,0,0,0,0,0,43,59,52,19,0,0,0,0,0
l24,11=0,0,0,0,0,0,0,0,36,9,0,33,91,70,72,3,81,65,0,0,0,0,0,98,0,81,0,0,0,0,0,0,0,1,0,0,0,0,0,0
l25,11=0,0,0,0,0,0,0,0,0,0,0,21,91,67,85,22,0,0,0,0,0,0,0,98,94,0,1,0,0,0,0,58,45,90,0,0,0,0,0,0
l26,11=0,0,0,0,0,0,0,0,0,0,0,0,0,0,0,0,0,0,0,20,16,0,29,0,0,0,0,64,90,79,90,79,70,37,54,0,0,0,0,0
l27,11=0,0,0,0,0,0,0,0,0,0,0,0,0,0,0,0,0,0,0,0,0,0,0,0,0,0,74,0,85,85,96,67,1,0,35,0,0,0,0,0
l28,11=0,0,0,0,0,0,0,0,0,0,0,0,0,0,0,0,0,0,0,0,23,0,0,0,0,0,85,90,0,86,96,53,32,0,28,0,0,0,0,0
l29,11=0,0,0,0,0,0,0,0,0,0,0,0,0,0,0,0,0,0,0,0,0,0,0,0,0,0,78,88,90,0,93,75,33,38,37,0,0,0,0,0
l30,11=0,0,0,0,0,0,0,0,0,0,0,0,0,0,0,0,0,0,0,0,0,0,0,0,0,0,79,90,88,86,0,81,75,78,78,0,0,0,0,0
l31,11=0,0,0,0,0,0,0,0,0,0,0,0,0,0,0,0,0,0,0,25,0,0,52,36,0,52,85,65,67,75,75,0,76,100,100,0,0,0,0,0
l32,11=0,0,0,0,0,0,0,0,0,0,0,0,0,0,0,0,6,0,0,0,21,0,0,45,6,24,85,4,62,42,73,81,0,100,100,0,0,0,0,0
l33,11=0,0,0,0,0,0,0,0,0,0,0,0,0,0,64,0,21,0,0,0,11,0,0,67,3,93,74,0,0,49,89,93,93,0,100,0,0,0,0,0
l34,11=0,0,0,0,0,0,0,0,0,0,0,0,3,0,17,0,70,0,0,19,0,0,0,51,0,0,78,68,64,71,82,93,93,100,0,0,0,0,0,0
l35,11=0,0,0,0,0,0,0,0,0,0,0,1,10,0,13,0,0,0,0,16,40,1,52,0,0,0,0,0,0,0,0,0,0,0,0,0,73,54,22,32
l36,11=0,0,0,0,0,0,0,0,0,0,0,0,0,0,27,17,17,50,0,15,42,35,51,0,0,0,0,0,0,0,0,0,0,0,0,73,0,59,24,35
l37,11=0,0,0,0,0,0,0,0,0,0,0,0,0,0,0,0,17,0,0,20,37,29,0,0,0,0,0,0,0,0,0,0,0,0,0,65,65,0,18,30
l38,11=0,0,0,0,0,0,0,0,0,0,0,3,57,6,37,17,20,1,0,0,42,44,53,0,1,0,0,0,0,0,0,0,0,0,0,66,71,56,0,35
l39,11=0,0,0,0,0,0,0,0,0,0,0,0,0,0,0,0,17,1,0,33,39,38,49,0,0,0,0,0,0,0,0,0,0,0,0,60,70,52,41,0

l0,12=0,89,85,91,92,90,69,72,0,69,55,0,0,0,0,0,0,0,0,0,0,0,0,0,0,0,0,0,0,0,0,0,0,0,0,0,0,0,0,0
l1,12=90,0,79,86,85,85,84,83,1,68,71,38,0,0,0,0,0,0,0,0,0,0,0,0,0,0,0,0,0,0,0,0,0,0,0,0,0,0,0,0
l2,12=90,83,0,87,88,90,88,70,59,72,72,0,0,28,0,0,0,0,0,0,0,0,0,0,0,0,0,0,0,0,0,0,0,0,0,0,0,0,0,0
l3,12=91,86,80,0,92,89,39,51,0,24,64,0,0,0,0,0,0,0,0,0,0,0,0,0,0,0,0,0,0,0,0,0,0,0,0,0,0,0,0,0
l4,12=90,81,78,87,0,82,78,77,27,59,0,0,0,0,31,0,0,0,0,0,0,0,0,7,0,0,0,0,0,0,0,0,0,0,0,0,0,0,0,0
l5,12=87,85,85,84,84,0,84,83,70,83,61,0,0,44,0,0,0,0,0,0,0,0,0,5,0,0,0,0,0,0,0,0,0,0,0,0,0,0,0,0
l6,12=67,84,83,44,85,77,0,82,51,41,79,56,0,41,0,59,0,0,0,0,0,0,0,0,0,0,0,0,0,0,0,0,0,0,0,0,0,0,0,0
l7,12=31,81,18,16,80,82,84,0,31,83,87,9,20,58,0,0,0,0,0,0,0,0,0,0,0,0,0,0,0,0,0,0,0,0,0,0,0,0,0,0
l8,12=0,0,8,9,16,62,32,59,0,86,79,51,25,88,0,51,0,13,0,11,0,12,0,0,30,0,0,0,0,0,0,0,0,0,0,0,0,0,0,0
l9,12=22,19,16,8,20,84,11,80,76,0,87,11,23,83,0,18,5,8,0,0,8,17,0,0,3,0,0,0,0,0,0,0,0,0,0,0,0,0,0,0
l10,12=28,58,38,61,0,26,69,88,72,85,0,31,0,73,3,59,0,0,0,0,0,0,0,1,0,0,0,0,0,0,0,0,0,0,0,0,0,0,0,0
l11,12=0,13,0,0,0,0,65,11,59,55,34,0,74,82,52,80,38,75,0,0,2,6,14,4,0,10,0,0,0,0,0,0,0,0,0,8,23,0,14,0
l12,12=0,0,0,0,0,0,0,6,32,37,0,48,0,74,92,80,68,85,0,0,35,30,16,66,99,92,0,0,0,0,0,0,0,12,0,0,0,0,53,0
l13,12=0,0,2,0,0,8,16,53,73,78,46,80,72,0,63,78,36,70,0,0,12,13,0,39,49,0,0,0,0,0,0,0,0,0,0,0,0,0,0,0
l14,12=0,0,0,0,52,0,0,0,0,21,4,37,90,81,0,47,76,70,0,0,0,35,10,82,99,38,0,0,0,0,0,0,0,39,25,38,32,0,40,0
l15,12=0,0,0,0,0,0,66,0,59,52,38,85,80,88,62,0,68,77,0,19,29,39,7,6,71,31,0,0,0,0,0,0,0,0,0,0,13,0,18,0
l16,12=0,0,0,0,0,0,0,0,0,19,0,26,66,42,62,29,0,73,33,44,35,33,16,0,82,17,0,0,0,0,0,0,0,0,1,29,51,50,44,34
l17,12=0,0,0,0,0,0,0,0,28,25,0,51,85,44,35,51,47,0,0,45,36,34,11,0,32,14,0,0,0,0,0,0,0,8,0,0,52,0,40,0
l18,12=0,0,0,0,0,0,0,0,0,0,0,0,0,0,0,0,31,0,0,37,51,43,0,0,0,0,0,0,0,0,0,0,0,0,0,0,0,0,0,0
l19,12=0,0,0,0,0,0,0,0,20,0,0,0,0,0,0,12,28,39,30,0,57,60,29,0,0,0,23,0,34,4,0,42,22,0,0,32,5,0,30,38
l20,12=0,0,0,0,0,0,0,0,0,22,0,10,41,29,0,13,24,50,30,53,0,82,68,0,0,0,9,0,8,0,0,7,0,0,0,37,54,33,44,41
l21,12=0,0,0,0,0,0,0,0,23,29,0,18,41,32,31,15,32,48,28,54,68,0,68,0,34,0,10,0,0,0,0,0,0,0,0,32,48,34,49,40
l22,12=0,0,0,0,0,0,0,0,0,0,0,18,40,0,17,8,18,40,0,53,67,68,0,0,0,0,11,0,0,0,0,0,0,0,0,42,49,32,43,46
l23,12=0,0,0,0,59,18,0,0,0,0,0,28,79,79,91,36,0,0,0,0,0,0,0,0,97,98,0,0,0,0,0,29,0,35,0,0,0,0,0,0
l24,12=0,0,0,0,0,0,0,0,61,32,0,0,90,65,92,50,76,17,0,0,0,32,0,92,0,77,0,0,0,0,0,24,62,0,0,0,47,0,32,0
l25,12=0,0,0,0,0,0,0,0,0,0,0,33,90,3,66,40,38,38,0,0,0,0,0,97,99,0,0,0,0,0,0,70,70,42,55,0,0,0,0,0
l26,12=0,0,0,0,0,0,0,0,0,0,0,0,0,0,0,0,0,0,0,26,24,14,13,0,0,0,0,40,89,76,87,87,73,23,68,0,0,0,0,0
l27,12=0,0,0,0,0,0,0,0,0,0,0,0,0,0,0,0,0,0,0,0,0,0,0,0,0,0,75,0,84,89,94,83,0,12,18,0,0,0,0,0
l28,12=0,0,0,0,0,0,0,0,0,0,0,0,0,0,0,0,0,0,0,27,23,0,0,0,0,0,82,89,0,90,94,74,58,25,62,0,0,0,0,0
l29,12=0,0,0,0,0,0,0,0,0,0,0,0,0,0,0,0,0,0,0,4,0,0,0,0,0,0,79,89,89,0,94,91,76,58,62,0,0,0,0,0
l30,12=0,0,0,0,0,0,0,0,0,0,0,0,0,0,0,0,0,0,0,0,0,0,0,0,0,0,80,89,89,90,0,85,80,71,66,0,0,0,0,0
l31,12=0,0,0,0,0,0,0,0,0,0,0,0,0,0,0,0,0,0,0,43,43,0,0,5,35,62,82,74,83,82,92,0,94,100,100,0,0,0,0,0
l32,12=0,0,0,0,0,0,0,0,0,0,0,0,0,0,0,0,0,0,0,25,0,0,0,4,69,73,77,0,76,76,81,94,0,100,100,0,0,0,0,0
l33,12=0,0,0,0,0,0,0,0,0,0,0,0,44,0,49,0,0,0,0,0,0,0,0,31,0,75,73,12,74,75,84,98,95,0,100,0,0,0,0,0
l34,12=0,0,0,0,0,0,0,0,0,0,0,0,0,0,35,0,4,0,0,0,0,0,0,0,0,85,80,20,84,82,65,98,95,100,0,0,0,0,0,0
l35,12=0,0,0,0,0,0,0,0,0,0,0,8,0,0,2,0,4,0,0,5,30,4,21,0,0,0,0,0,0,0,0,0,0,0,0,0,59,52,46,30
l36,12=0,0,0,0,0,0,0,0,0,0,0,9,0,0,7,2,21,39,0,0,33,25,21,0,3,0,0,0,0,0,0,0,0,0,0,73,0,54,48,48
l37,12=0,0,0,0,0,0,0,0,0,0,0,0,0,0,0,0,13,0,0,0,18,5,7,0,0,0,0,0,0,0,0,0,0,0,0,48,57,0,33,44
l38,12=0,0,0,0,0,0,0,0,0,0,0,13,43,0,22,0,23,44,0,16,34,37,22,0,0,0,0,0,0,0,0,0,0,0,0,46,68,30,0,50
l39,12=0,0,0,0,0,0,0,0,0,0,0,0,0,0,0,0,18,0,0,45,33,34,22,0,0,0,0,0,0,0,0,0,0,0,0,35,52,48,45,0

l0,13=0,92,93,88,90,92,95,88,84,86,92,0,0,0,0,0,0,0,0,0,0,0,0,0,0,0,0,0,0,0,0,0,0,0,0,0,0,0,0,0
l1,13=93,0,93,93,90,90,94,87,0,71,74,0,5,0,27,0,0,0,0,0,0,0,0,0,0,0,0,0,0,0,0,0,0,0,0,0,0,0,0,0
l2,13=93,92,0,87,89,92,95,77,0,83,93,0,0,72,0,0,0,0,0,0,0,0,0,0,0,0,0,0,0,0,0,0,0,0,0,0,0,0,0,0
l3,13=97,95,93,0,95,92,94,87,12,3,89,0,0,0,0,0,0,0,0,0,0,0,0,0,0,0,0,0,0,0,0,0,0,0,0,0,0,0,0,0
l4,13=93,92,93,88,0,92,95,84,0,43,92,0,0,0,5,0,0,0,0,0,0,0,0,0,0,0,0,0,0,0,0,0,0,0,0,0,0,0,0,0
l5,13=93,69,93,88,87,0,95,81,83,87,90,0,0,61,0,0,0,0,0,0,0,0,0,0,0,0,0,0,0,0,0,0,0,0,0,0,0,0,0,0
l6,13=90,87,92,84,90,92,0,0,70,84,0,90,0,32,0,82,0,0,0,0,0,0,0,0,0,0,0,0,0,0,0,0,0,0,0,0,0,0,0,0
l7,13=87,90,33,50,90,55,0,0,89,87,93,10,19,68,0,0,0,0,0,0,0,0,0,0,0,0,0,0,0,0,0,0,0,0,0,0,0,0,0,0
l8,13=35,0,0,26,0,66,40,80,0,89,93,43,0,88,35,16,1,11,0,29,0,10,0,0,51,0,0,0,0,0,0,0,0,0,0,0,0,0,4,0
l9,13=39,35,37,9,33,86,51,84,91,0,93,47,33,88,27,84,14,11,0,0,20,9,0,0,0,0,0,0,0,0,0,0,0,0,0,0,0,0,0,0
l10,13=71,63,79,67,81,86,0,88,85,89,0,76,0,86,0,66,0,0,0,0,0,0,0,0,0,0,0,0,0,0,0,0,0,0,0,0,0,0,0,0
l11,13=0,0,0,0,0,0,79,1,21,26,54,0,92,96,84,93,33,57,0,0,36,28,24,82,0,44,0,0,0,0,0,0,0,0,0,9,36,0,17,0
l12,13=0,0,0,0,0,0,0,0,0,19,0,95,0,78,98,93,43,92,0,0,39,4,26,90,99,88,0,0,0,0,0,0,0,60,0,50,0,0,36,0
l13,13=0,0,8,0,0,43,48,41,53,89,93,96,75,0,88,93,3,52,0,19,24,26,0,83,70,54,0,0,0,0,0,0,0,0,0,0,0,0,32,0
l14,13=0,0,0,0,5,0,0,0,17,18,0,95,99,90,0,65,68,53,0,0,0,24,0,99,100,72,0,0,0,0,0,0,18,49,23,0,0,0,21,0
l15,13=0,0,0,0,0,0,77,0,8,29,76,96,98,96,86,0,43,93,0,40,37,23,0,85,81,54,0,0,0,0,0,0,0,0,0,0,45,0,22,0
l16,13=0,0,0,0,0,0,0,0,3,16,0,54,86,56,92,64,0,57,20,58,39,28,25,62,94,50,0,0,0,0,0,0,0,4,31,47,45,12,22,5
l17,13=0,0,0,0,0,0,0,0,7,20,0,95,99,86,76,66,43,0,0,66,44,33,21,85,90,0,0,0,0,0,0,0,0,42,0,0,45,0,23,0
l18,13=0,0,0,0,0,0,0,0,0,0,0,0,0,0,0,0,4,0,0,66,70,0,50,0,0,0,0,0,0,0,0,0,0,0,0,0,0,0,0,0
l19,13=0,0,0,0,0,0,0,0,17,0,0,0,0,5,0,28,3,28,38,0,82,88,87,0,0,0,33,0,3,18,0,14,0,0,0,0,0,30,28,22
l20,13=0,0,0,0,0,0,0,0,0,3,0,41,62,31,0,33,2,26,29,80,0,93,91,0,16,0,6,0,0,0,0,9,0,0,0,55,46,27,30,9
l21,13=0,0,0,0,0,0,0,0,6,7,0,57,55,54,39,26,4,49,0,80,82,0,92,0,57,0,15,0,0,0,0,0,0,5,0,48,62,0,41,31
l22,13=0,0,0,0,0,0,0,0,0,0,0,43,50,0,9,0,2,17,0,68,82,93,0,0,0,0,19,0,0,0,0,0,0,0,23,58,48,22,24,29
l23,13=0,0,0,0,0,0,0,0,0,0,0,88,95,88,98,65,25,53,0,0,0,0,0,0,92,100,0,0,0,0,0,0,0,0,4,0,0,0,0,0
l24,13=0,0,0,0,0,0,0,0,26,0,0,0,99,79,99,63,43,58,0,0,12,29,0,87,0,88,0,0,0,0,0,0,29,18,48,0,51,0,0,0
l25,13=0,0,0,22,0,0,0,0,0,0,0,88,99,82,98,70,39,0,0,0,0,0,0,99,99,0,0,0,0,13,0,35,63,91,100,0,0,0,0,0
l26,13=0,0,0,0,0,0,0,0,0,0,0,0,0,0,0,0,0,0,0,46,54,33,72,0,0,0,0,88,96,82,99,99,84,72,0,0,0,0,0,0
l27,13=0,0,0,0,0,0,0,0,0,0,0,0,0,0,0,0,0,0,0,0,0,0,0,0,0,0,89,0,96,97,100,89,82,81,69,0,0,0,0,0
l28,13=0,0,0,0,0,0,0,0,0,0,0,0,0,0,0,0,0,0,0,31,21,0,0,0,0,1,99,99,0,97,100,99,74,79,89,0,0,0,0,0
l29,13=0,0,0,0,0,0,0,0,0,0,0,0,0,0,0,0,0,0,0,28,0,0,0,0,0,0,90,99,96,0,100,92,92,81,90,0,0,0,0,0
l30,13=0,0,0,0,0,0,0,0,0,0,0,0,0,0,0,0,0,0,0,0,0,0,0,0,0,0,99,99,96,97,0,95,84,83,6,0,0,0,0,0
l31,13=0,0,0,0,0,0,0,0,0,0,0,0,0,0,0,0,0,0,0,55,62,0,0,0,0,81,99,99,96,97,100,0,100,100,100,0,0,0,0,0
l32,13=0,0,0,0,0,0,0,0,0,0,0,0,0,0,59,0,0,0,0,13,0,0,0,3,84,90,92,74,81,92,93,100,0,100,100,0,0,0,0,0
l33,13=0,0,0,0,0,0,0,0,0,0,0,0,99,0,90,0,3,49,0,0,0,0,0,0,82,100,98,82,96,92,100,100,100,0,100,0,0,0,0,0
l34,13=0,0,0,0,0,0,0,0,0,0,0,0,0,0,55,0,8,0,0,0,1,0,77,65,85,98,1,61,96,96,73,100,100,100,0,0,0,0,0,0
l35,13=0,0,0,0,0,0,0,0,0,0,0,0,38,0,0,0,1,0,0,0,33,25,24,0,0,0,0,0,0,0,0,0,0,0,0,0,84,35,26,4
l36,13=0,0,0,0,0,0,0,0,0,0,0,0,0,0,0,28,2,1,0,0,34,26,26,0,50,0,0,0,0,0,0,0,0,0,0,87,0,37,43,10
l37,13=0,0,0,0,0,0,0,0,0,0,0,0,0,0,0,0,0,0,0,47,35,0,22,0,0,0,0,0,0,0,0,0,0,0,0,78,48,0,22,6
l38,13=0,0,0,0,0,0,0,0,0,0,0,21,68,57,38,28,2,20,0,51,41,30,30,0,0,0,0,0,0,0,0,0,0,0,0,61,54,26,0,10
l39,13=0,0,0,0,0,0,0,0,0,0,0,0,0,0,0,0,1,0,0,57,26,28,33,0,0,0,0,0,0,0,0,0,0,0,0,59,47,27,22,0

l0,14=0,98,100,100,100,100,98,99,95,98,98,0,0,0,0,0,0,0,0,0,0,0,0,0,0,0,0,0,0,0,0,0,0,0,0,0,0,0,0,0
l1,14=91,0,100,100,100,100,41,53,23,27,39,0,0,25,0,0,0,0,0,0,0,0,0,0,0,0,0,0,0,0,0,0,0,0,0,0,0,0,0,0
l2,14=100,99,0,100,100,100,100,100,91,89,98,0,0,94,0,0,0,0,0,0,0,0,0,0,0,0,0,0,0,0,0,0,0,0,0,0,0,0,0,0
l3,14=100,99,100,0,90,31,93,97,0,16,94,0,0,0,0,0,0,0,0,0,0,0,0,0,0,0,0,0,0,0,0,0,0,0,0,0,0,0,0,0
l4,14=100,99,100,96,0,100,99,41,1,60,98,0,0,32,0,0,0,0,0,0,0,0,0,0,0,0,0,0,0,0,0,0,0,0,0,0,0,0,0,0
l5,14=100,99,100,94,100,0,100,100,94,99,98,0,0,86,0,85,0,0,0,0,0,0,0,0,0,0,0,0,0,0,0,0,0,0,0,0,0,0,0,0
l6,14=95,27,100,70,100,100,0,96,89,96,94,99,0,93,0,94,0,0,0,0,0,0,53,0,0,0,0,0,0,0,0,0,0,0,0,0,0,0,0,0
l7,14=99,39,100,98,31,100,100,0,98,100,99,0,0,94,0,2,92,0,0,0,0,0,0,0,0,0,0,0,0,0,0,0,0,0,0,0,0,0,0,0
l8,14=36,3,34,0,26,43,43,51,0,100,98,42,49,35,34,46,0,0,0,3,33,50,48,0,57,0,0,0,0,0,0,0,0,0,0,0,0,0,4,0
l9,14=36,19,5,13,32,97,44,99,98,0,100,62,0,97,30,98,52,36,0,0,43,51,0,49,0,0,0,0,0,0,0,0,0,0,0,0,0,0,0,0
l10,14=98,9,99,59,100,100,97,100,98,100,0,50,67,97,10,75,0,0,0,0,19,0,0,0,0,0,0,0,0,0,0,0,0,0,0,0,0,0,0,0
l11,14=0,0,0,0,0,0,96,0,89,97,93,0,96,97,59,100,97,97,0,4,97,95,96,89,78,90,0,0,0,0,0,0,0,0,0,0,46,0,59,0
l12,14=0,0,0,0,0,0,0,0,19,0,45,97,0,62,99,70,57,98,0,2,97,0,37,90,97,98,0,0,0,0,0,0,0,29,0,28,0,0,0,0
l13,14=0,13,30,0,31,43,43,47,50,99,98,99,98,0,59,100,52,97,0,13,0,50,0,51,57,52,0,0,0,0,0,0,0,0,0,0,0,0,26,0
l14,14=0,0,0,0,0,0,0,0,79,45,2,97,99,62,0,69,98,97,0,0,0,1,0,100,100,41,0,0,0,0,0,0,24,29,0,0,0,0,24,0
l15,14=0,0,0,0,0,29,93,0,95,97,62,100,96,96,58,0,98,98,0,45,97,73,0,90,97,74,0,0,0,0,0,0,0,0,0,0,32,0,44,0
l16,14=0,0,0,0,0,0,0,43,0,55,0,96,73,17,58,69,0,95,30,74,93,79,92,30,97,26,0,0,0,0,0,0,0,13,44,94,72,10,11,75
l17,14=0,0,0,0,0,0,0,0,0,86,0,98,99,62,59,81,97,0,0,97,97,96,95,90,99,97,0,0,0,0,0,0,0,10,0,46,78,0,59,0
l18,14=0,0,0,0,0,0,0,0,0,0,0,0,0,0,0,0,87,0,0,91,92,3,90,0,0,0,0,0,0,0,0,0,0,0,0,0,0,0,0,0
l19,14=0,0,0,0,0,0,0,0,0,0,0,0,55,1,0,57,84,81,64,0,97,95,92,0,0,0,15,0,1,54,0,0,0,0,0,86,68,55,51,83
l20,14=0,0,0,0,0,0,0,0,0,74,0,87,85,0,0,60,93,84,75,98,0,97,97,0,15,0,12,0,0,0,0,0,0,0,10,93,71,54,96,91
l21,14=0,0,0,0,0,0,0,0,83,79,0,90,9,57,35,81,84,85,0,97,98,0,97,0,86,0,0,0,0,0,0,0,0,0,0,92,93,1,53,94
l22,14=0,0,0,0,0,0,50,0,41,0,0,86,74,0,1,0,93,78,69,93,98,97,0,0,3,0,52,0,0,0,0,0,0,0,0,88,89,0,80,96
l23,14=0,0,0,0,0,0,0,0,0,47,0,43,98,35,99,41,51,53,0,0,0,0,0,0,57,99,0,0,0,0,0,0,31,32,49,0,0,0,0,0
l24,14=0,0,0,0,0,0,0,0,53,0,0,18,99,55,99,69,98,98,0,0,23,50,0,80,0,99,0,0,0,0,0,0,0,0,0,0,7,0,0,0
l25,14=0,0,0,0,0,0,0,0,0,0,0,93,99,63,55,69,84,94,0,0,0,0,0,100,99,0,0,0,13,0,0,0,59,60,100,0,0,0,0,0
l26,14=0,0,0,0,0,0,0,0,0,0,0,0,0,0,0,0,0,0,0,33,92,0,92,0,0,0,0,99,99,98,99,99,98,99,98,0,0,0,0,0
l27,14=0,0,0,0,0,0,0,0,0,0,0,0,0,0,0,0,0,0,0,0,0,0,0,0,0,0,99,0,99,100,100,100,99,99,5,0,0,0,0,0
l28,14=0,0,0,0,0,0,0,0,0,0,0,0,0,0,0,0,0,0,0,36,0,0,0,0,0,69,99,100,0,100,100,98,98,99,98,0,0,0,0,0
l29,14=0,0,0,0,0,0,0,0,0,0,0,0,0,0,0,0,0,0,0,75,0,0,4,0,0,0,99,100,99,0,100,98,98,0,98,0,0,0,0,0
l30,14=0,0,0,0,0,0,0,0,0,0,0,0,0,0,0,0,0,0,0,0,0,0,0,0,0,0,99,100,99,100,0,98,98,99,0,0,0,0,0,0
l31,14=0,0,0,0,0,0,0,0,0,0,0,0,0,0,0,0,0,0,0,0,0,0,0,0,0,0,99,99,98,98,98,0,99,99,99,0,0,0,0,0
l32,14=0,0,0,0,0,0,0,0,0,0,0,0,0,0,85,0,0,0,0,0,0,0,0,98,0,98,99,97,98,100,98,100,0,100,100,0,0,0,0,0
l33,14=0,0,0,0,0,0,0,0,0,0,0,0,98,0,97,0,98,11,0,0,0,0,0,99,0,99,99,97,99,0,100,100,100,0,100,0,0,0,0,0
l34,14=0,0,0,0,0,0,0,0,0,0,0,0,28,0,0,0,97,0,0,0,95,7,0,98,0,98,99,7,99,99,0,100,100,100,0,0,0,0,0,0
l35,14=0,0,0,0,0,0,0,0,0,0,0,0,43,0,1,0,82,22,0,57,84,79,82,0,0,0,0,0,0,0,0,0,0,0,0,0,96,93,88,88
l36,14=0,0,0,0,0,0,0,0,0,0,0,50,0,0,0,8,83,74,0,73,84,80,84,0,1,0,0,0,0,0,0,0,0,0,0,97,0,53,59,82
l37,14=0,0,0,0,0,0,0,0,0,0,0,0,0,0,0,0,51,0,0,64,79,0,0,0,0,0,0,0,0,0,0,0,0,0,0,92,64,0,49,81
l38,14=0,0,0,0,0,0,0,0,0,0,0,86,0,26,18,35,77,81,0,71,97,45,88,0,0,0,0,0,0,0,0,0,0,0,0,97,79,44,0,94
l39,14=0,0,0,0,0,0,0,0,0,0,0,0,0,0,0,0,82,0,0,75,85,81,84,0,0,0,0,0,0,0,0,0,0,0,0,92,66,55,51,0

l0,15=0,98,96,100,99,100,97,96,96,98,54,0,0,0,0,0,0,0,0,0,0,0,0,0,0,0,0,0,0,0,0,0,0,0,0,0,0,0,0,0
l1,15=97,0,96,100,99,100,97,93,94,44,97,0,0,97,76,0,0,0,0,0,0,0,0,0,0,0,0,0,0,0,0,0,0,0,0,0,0,0,0,0
l2,15=97,98,0,98,97,100,97,96,97,98,96,94,0,98,0,0,0,0,0,0,0,0,0,0,0,0,0,0,0,0,0,0,0,0,0,0,0,0,0,0
l3,15=100,100,96,0,99,97,0,46,0,0,82,0,0,0,0,0,0,0,0,0,0,0,0,0,0,0,0,0,0,0,0,0,0,0,0,0,0,0,0,0
l4,15=100,100,98,100,0,100,97,56,80,95,97,0,0,2,0,0,0,0,0,0,0,0,0,0,0,0,0,0,0,0,0,0,0,0,0,0,0,0,0,0
l5,15=97,98,97,98,97,0,87,96,67,98,97,0,0,98,0,71,0,0,0,0,0,0,0,0,0,0,0,0,0,0,0,0,0,0,0,0,0,0,0,0
l6,15=97,98,96,79,96,96,0,96,95,98,97,97,80,97,0,93,0,0,0,0,0,0,54,0,0,0,0,0,0,0,0,0,0,0,0,0,0,0,0,0
l7,15=97,95,96,98,96,97,97,0,97,98,98,45,0,94,26,0,96,0,0,0,0,0,0,0,0,0,0,0,0,0,0,0,0,0,0,0,0,0,0,0
l8,15=86,36,51,28,93,83,95,100,0,100,100,97,97,98,92,97,51,0,0,38,0,75,93,1,95,0,0,0,0,0,0,0,0,0,0,0,0,0,0,0
l9,15=98,0,53,0,96,100,98,99,100,0,100,96,45,100,56,98,96,0,0,0,92,76,1,6,0,0,0,0,0,0,0,0,0,0,0,0,0,0,0,0
l10,15=33,98,74,97,97,97,97,100,97,100,0,0,94,98,2,0,75,0,0,0,0,0,0,0,0,0,0,0,0,0,0,0,0,0,0,0,0,0,0,0
l11,15=0,0,18,0,18,0,98,3,83,61,0,0,99,100,98,100,98,99,0,3,57,79,100,99,98,98,0,0,0,0,0,0,0,0,0,0,99,0,60,0
l12,15=0,0,0,0,0,0,0,0,86,12,70,99,0,100,100,99,98,100,0,0,87,0,99,100,100,100,0,0,0,0,0,0,0,0,0,0,82,0,0,0
l13,15=0,58,54,0,28,97,95,67,80,100,61,100,99,0,96,100,96,99,0,5,6,25,76,92,65,93,0,0,0,0,0,0,0,0,0,0,0,0,59,0
l14,15=0,8,0,0,0,0,0,0,78,55,0,99,99,100,0,99,98,99,0,0,55,0,0,100,100,99,0,0,0,0,0,0,0,59,0,0,0,0,60,0
l15,15=0,0,0,0,0,66,96,0,83,61,0,100,98,100,96,0,99,100,0,0,56,79,0,99,100,94,0,0,0,0,0,0,0,0,0,91,0,0,59,0
l16,15=0,0,0,0,0,0,0,94,34,60,21,99,97,95,99,99,0,94,91,61,57,77,100,0,97,0,0,0,0,0,0,0,0,52,0,94,98,62,58,25
l17,15=0,0,0,0,0,0,0,0,0,44,0,99,99,100,99,99,98,0,0,62,58,79,100,100,98,97,0,0,0,0,0,0,0,57,73,12,99,0,60,0
l18,15=0,0,0,0,0,0,0,0,0,0,0,0,0,0,0,0,82,0,0,86,75,7,77,0,0,0,0,0,0,0,0,0,0,0,0,0,0,0,0,0
l19,15=0,0,0,0,0,0,0,0,22,0,0,0,31,0,0,0,79,72,58,0,97,94,98,0,0,0,71,0,0,60,0,0,0,0,0,77,87,0,50,45
l20,15=0,0,0,0,0,0,0,0,0,61,0,94,97,0,80,98,98,98,92,98,0,99,100,0,8,0,6,0,0,0,0,0,0,0,0,95,100,0,98,59
l21,15=0,0,0,0,0,0,0,0,70,57,0,91,16,22,0,97,90,93,0,98,97,0,100,0,67,0,0,0,10,0,0,0,0,0,62,83,97,56,96,91
l22,15=0,0,0,0,0,0,19,0,66,37,0,79,56,21,0,0,96,80,25,97,96,98,0,0,0,0,50,0,0,45,0,0,0,0,0,81,86,53,74,59
l23,15=0,0,0,0,0,0,0,0,0,38,0,99,99,67,100,100,0,99,0,0,0,0,0,0,100,100,0,0,0,0,0,0,61,60,0,0,0,0,0,0
l24,15=0,0,0,0,0,0,0,0,83,0,0,99,99,25,100,100,99,100,0,0,9,71,0,100,0,100,0,0,0,0,0,0,45,0,0,0,99,0,0,0
l25,15=0,0,0,0,0,0,0,0,0,0,0,99,99,100,87,97,0,91,0,0,0,0,0,93,100,0,91,0,46,9,0,95,57,55,81,0,0,0,0,0
l26,15=0,0,0,0,0,0,0,0,0,0,0,0,0,0,0,0,0,0,0,96,58,0,79,0,0,94,0,82,98,97,87,99,84,71,96,0,0,0,0,0
l27,15=0,0,0,0,0,0,0,0,0,0,0,0,0,0,0,0,0,0,0,0,0,0,0,0,0,0,97,0,98,98,88,97,84,96,96,0,0,0,0,0
l28,15=0,0,0,0,0,0,0,0,0,0,0,0,0,0,0,0,0,0,0,0,0,22,0,0,0,92,98,85,0,98,87,98,84,96,96,0,0,0,0,0
l29,15=0,0,0,0,0,0,0,0,0,0,0,0,0,0,0,0,0,0,0,94,0,0,91,0,0,20,98,85,98,0,88,99,89,96,96,0,0,0,0,0
l30,15=0,0,0,0,0,0,0,0,0,0,0,0,0,0,0,0,0,0,0,0,0,0,0,0,0,0,98,85,98,98,0,97,84,96,0,0,0,0,0,0
l31,15=0,0,0,0,0,0,0,0,0,0,0,0,0,0,0,0,0,0,0,0,0,0,0,0,0,95,98,77,98,97,80,0,88,100,98,0,0,0,0,0
l32,15=0,0,0,0,0,0,0,0,0,0,0,0,52,0,0,0,4,0,0,0,0,0,0,79,95,98,98,77,98,98,88,99,0,100,98,0,0,0,0,0
l33,15=0,0,0,0,0,0,0,0,0,0,0,0,95,0,93,0,95,79,0,0,0,0,0,87,10,96,92,53,97,93,80,99,98,0,98,0,0,0,0,0
l34,15=0,0,0,0,0,0,0,0,0,0,0,0,0,0,0,0,0,50,0,0,0,71,0,0,0,97,97,72,97,97,0,99,89,100,0,0,0,0,0,0
l35,15=0,0,0,0,0,0,0,0,0,0,0,0,14,0,0,60,72,0,0,44,65,44,68,0,0,0,0,0,0,0,0,0,0,0,0,0,100,93,94,90
l36,15=0,0,0,0,0,0,0,0,0,0,0,71,39,0,0,0,79,40,0,52,52,70,80,0,46,0,0,0,0,0,0,0,0,0,0,95,0,62,98,51
l37,15=0,0,0,0,0,0,0,0,0,0,0,0,0,0,0,0,72,0,0,0,0,45,75,0,0,0,0,0,0,0,0,0,0,0,0,94,96,0,57,51
l38,15=0,0,0,0,0,0,0,0,0,0,0,91,15,65,77,92,97,91,0,35,58,78,94,0,0,0,0,0,0,0,0,0,0,0,0,94,100,63,0,58
l39,15=0,0,0,0,0,0,0,0,0,0,0,0,0,0,0,0,2,0,0,48,50,63,86,0,0,0,0,0,0,0,0,0,0,0,0,94,96,62,58,0

