t=2016-04-14_04.42.01

n=40

q0=1
q1=1
q2=1
q3=1
q4=1
q5=1
q6=1
q7=1
q8=1
q9=1
q10=1
q11=1
q12=1
q13=1
q14=1
q15=1
q16=1
q17=1
q18=1
q19=1
q20=1
q21=1
q22=1
q23=1
q24=1
q25=1
q26=1
q27=1
q28=1
q29=1
q30=1
q31=1
q32=1
q33=1
q34=1
q35=1
q36=1
q37=1
q38=1
q39=1

a0=0x141592000c576ce6
a1=0x141592000c5aedbc
a2=0x141592000c5750f4
a3=0x141592000c576658
a4=0x141592000c575890
a5=0x141592000c574ffa
a6=0x141592000c5acf11
a7=0x141592000d9df361
a8=0x141592000c576300
a9=0x141592000c5779b6
a10=0x141592000c5762b9
a11=0x141592000c5af078
a12=0x141592000c575517
a13=0x141592000c5752c3
a14=0x141592000c5a4baa
a15=0x141592000c5776e7
a16=0x141592000c58cdeb
a17=0x141592000c5881fc
a18=0x141592000bd81d33
a19=0x141592000bd84d6a
a20=0x141592000c577233
a21=0x141592000c574527
a22=0x141592000c5746a3
a23=0x141592000c574da3
a24=0x141592000c5741c9
a25=0x141592000da244ea
a26=0x141592000c5ae886
a27=0x141592000c57510e
a28=0x141592000c5ab6c8
a29=0x141592000c574d05
a30=0x141592000edae61f
a31=0x141592000c57667e
a32=0x141592000c577f43
a33=0x141592000c576449
a34=0x1415920010f4117a
a35=0x141592000c575966
a36=0x141592000c574d35
a37=0x141592000c576fb1
a38=0x141592000c5aea5d
a39=0x141592000c59f23f

l0,0=0,98,93,97,87,92,88,81,89,91,0,0,0,48,0,0,0,0,0,0,0,0,0,0,0,0,0,0,0,0,0,0,0,0,0,0,0,0,0,0
l1,0=90,0,93,89,91,92,89,92,82,0,92,0,0,0,0,0,0,0,0,0,0,0,0,0,0,0,0,0,0,0,0,0,0,0,0,0,0,0,0,0
l2,0=90,93,0,0,90,92,91,93,1,91,93,0,0,71,0,0,0,0,0,0,0,0,0,0,0,0,0,0,0,0,0,0,0,0,0,0,0,0,0,0
l3,0=95,82,0,0,91,92,88,65,77,0,81,0,0,0,0,0,0,0,0,0,0,0,0,0,0,0,0,0,0,0,0,0,0,0,0,0,0,0,0,0
l4,0=56,92,93,92,0,92,50,0,0,84,76,0,0,72,0,0,0,0,0,0,0,0,0,0,0,0,0,0,0,0,0,0,0,0,0,0,0,0,0,0
l5,0=90,98,93,92,90,0,89,93,90,92,87,0,0,16,0,0,0,0,0,0,0,0,0,0,0,0,0,0,0,0,0,0,0,0,0,0,0,0,0,0
l6,0=81,84,95,81,56,84,0,92,85,83,85,46,0,72,0,61,58,0,0,0,0,0,0,0,0,0,0,0,0,0,0,0,0,0,0,0,0,0,0,0
l7,0=57,88,93,69,13,88,89,0,84,90,93,67,4,19,0,68,0,0,0,0,0,0,0,0,0,0,0,0,0,0,0,0,0,0,0,0,0,0,0,0
l8,0=44,38,0,65,0,79,83,76,0,92,30,85,70,90,70,80,83,37,0,0,0,64,7,4,63,0,0,0,0,0,0,0,0,0,0,0,0,0,10,0
l9,0=87,0,83,0,76,92,77,89,91,0,93,78,65,78,34,71,64,51,0,0,0,0,22,0,0,0,0,0,0,0,0,0,0,0,0,0,0,0,0,0
l10,0=0,88,93,79,82,85,87,93,80,93,0,78,65,89,0,76,53,0,0,0,0,0,0,0,0,0,0,0,0,0,0,0,0,0,0,0,0,0,0,0
l11,0=0,0,0,0,0,0,54,69,42,33,26,0,90,89,86,94,79,78,0,4,0,45,0,0,72,0,0,0,0,0,0,0,0,0,0,1,72,1,49,0
l12,0=0,0,0,0,0,0,0,0,53,31,17,89,0,82,86,94,81,99,0,0,0,43,8,79,94,85,0,0,0,0,0,0,0,36,0,41,30,0,52,0
l13,0=0,0,15,0,59,0,66,0,89,43,54,85,86,0,84,79,14,67,0,36,41,52,32,43,63,62,0,0,0,0,0,0,0,0,0,0,15,0,43,0
l14,0=0,0,0,0,0,0,0,0,39,1,0,88,87,84,0,83,85,69,0,0,47,0,19,54,84,89,0,0,0,0,0,0,0,27,0,0,8,0,27,0
l15,0=0,0,0,0,0,0,63,49,38,28,24,98,95,83,85,0,75,74,0,0,0,0,25,2,82,0,0,0,0,0,0,0,0,0,0,0,19,0,49,0
l16,0=0,0,0,0,0,0,30,0,42,26,0,81,80,14,87,80,0,79,0,44,33,53,38,19,80,0,0,0,0,0,0,0,0,20,18,46,55,10,53,45
l17,0=0,0,0,0,0,0,0,0,21,26,0,94,94,85,85,89,97,0,0,0,45,54,37,0,81,85,0,0,0,0,0,0,0,30,0,0,78,5,18,0
l18,0=0,0,0,0,0,0,0,0,0,0,0,0,0,0,0,0,0,0,0,0,87,0,74,0,0,0,0,0,0,0,0,0,0,0,0,0,0,0,0,0
l19,0=0,0,0,0,0,0,0,0,0,0,0,0,0,49,0,0,70,0,0,0,90,69,93,0,0,0,0,0,0,0,0,23,0,0,0,0,51,2,42,82
l20,0=0,0,0,0,0,0,0,0,0,0,0,0,13,70,64,0,60,44,71,51,0,91,93,0,0,0,0,0,0,0,0,0,0,0,0,51,92,39,89,73
l21,0=0,0,0,0,0,0,0,0,27,0,0,48,43,57,0,0,86,73,0,32,99,0,93,0,0,0,0,0,0,0,0,2,0,0,0,70,48,16,93,39
l22,0=0,0,0,0,0,0,0,0,4,0,0,0,12,58,33,19,68,41,37,83,99,91,0,0,0,0,44,0,0,0,0,0,0,0,0,51,92,19,69,81
l23,0=0,0,0,0,0,0,0,0,29,0,0,0,79,77,84,0,72,0,0,0,0,0,0,0,85,56,0,0,0,0,0,0,13,25,64,0,0,0,0,0
l24,0=0,0,0,0,0,0,0,0,41,0,0,83,93,71,85,83,82,69,0,0,0,0,0,81,0,84,0,0,0,0,0,0,21,30,66,0,0,0,4,0
l25,0=0,0,0,0,0,0,0,0,1,0,0,4,79,58,88,0,0,67,0,0,0,0,0,16,78,0,42,1,0,0,0,52,23,36,80,0,0,0,0,0
l26,0=0,0,0,0,0,0,0,0,0,0,0,0,0,0,0,0,0,0,0,0,0,0,68,0,0,50,0,70,86,85,84,90,64,69,63,0,0,0,0,0
l27,0=0,0,0,0,0,0,0,0,0,0,0,0,0,0,0,0,0,0,0,0,0,0,0,0,0,0,86,0,86,92,99,87,65,71,68,0,0,0,0,0
l28,0=0,0,0,0,0,0,0,0,0,0,0,0,0,0,0,0,0,0,0,2,0,0,0,0,0,0,86,100,0,92,97,90,65,72,69,0,0,0,0,0
l29,0=0,0,0,0,0,0,0,0,0,0,0,0,0,0,0,0,0,0,0,0,0,0,0,0,0,0,86,100,86,0,98,70,61,72,63,0,0,0,0,0
l30,0=0,0,0,0,0,0,0,0,0,0,0,0,0,0,0,0,0,0,0,0,0,0,0,0,0,0,83,100,86,92,0,80,80,81,0,0,0,0,0,0
l31,0=0,0,0,0,0,0,0,0,0,0,0,0,0,0,0,0,0,0,0,54,0,7,0,0,0,68,81,63,76,68,56,0,83,83,91,0,0,0,0,0
l32,0=0,0,0,0,0,0,0,0,0,0,0,0,0,0,0,0,0,0,0,0,0,0,0,38,62,71,68,59,71,65,56,86,0,84,93,0,0,0,0,0
l33,0=0,0,0,0,0,0,0,0,0,0,0,0,71,0,72,0,69,72,0,0,0,0,0,42,69,75,63,32,59,64,67,82,88,0,85,0,0,0,0,0
l34,0=0,0,0,0,0,0,0,0,0,0,0,0,0,0,3,0,64,0,0,0,0,0,0,60,62,78,72,58,71,63,0,89,95,82,0,0,0,0,0,0
l35,0=0,0,0,0,0,0,0,0,0,0,0,0,3,0,0,0,40,0,0,0,21,51,26,0,0,0,0,0,0,0,0,0,0,0,0,0,75,53,93,40
l36,0=0,0,0,0,0,0,0,0,0,0,0,64,16,34,0,0,64,53,0,33,58,43,54,0,0,0,0,0,0,0,0,0,0,0,0,85,0,31,59,55
l37,0=0,0,0,0,0,0,0,0,0,0,0,0,0,0,0,0,22,8,0,3,56,41,33,0,0,0,0,0,0,0,0,0,0,0,0,89,91,0,44,59
l38,0=0,0,0,0,0,0,0,0,9,0,0,60,75,57,0,82,95,0,0,33,61,61,53,0,0,0,0,0,0,0,0,0,0,0,0,90,92,21,0,58
l39,0=0,0,0,0,0,0,0,0,0,0,0,0,0,0,0,0,73,0,0,42,61,52,52,0,0,0,0,0,0,0,0,0,0,0,0,70,80,53,59,0

l0,1=0,90,88,90,83,88,77,42,46,71,46,0,0,13,0,0,0,0,0,0,0,0,0,0,0,0,0,0,0,0,0,0,0,0,0,0,0,0,0,0
l1,1=92,0,91,90,88,90,68,80,57,59,82,1,0,48,0,0,0,0,0,0,0,0,0,0,0,0,0,0,0,0,0,0,0,0,0,0,0,0,0,0
l2,1=90,92,0,83,76,92,87,86,0,72,89,0,0,0,0,12,0,0,0,0,0,0,0,0,0,0,0,0,0,0,0,0,0,0,0,0,0,0,0,0
l3,1=93,86,84,0,85,88,69,21,0,44,80,0,0,0,0,0,0,0,0,0,0,0,0,0,0,0,0,0,0,0,0,0,0,0,0,0,0,0,0,0
l4,1=77,86,71,83,0,83,66,0,69,64,79,0,0,28,0,0,0,0,0,0,0,0,0,0,0,0,0,0,0,0,0,0,0,0,0,0,0,0,0,0
l5,1=89,91,91,90,86,0,78,88,69,73,84,0,0,0,0,0,0,0,0,0,0,0,0,0,2,0,0,0,0,0,0,0,0,0,0,0,0,0,0,0
l6,1=75,54,89,51,55,75,0,85,70,35,85,39,4,55,0,3,16,0,0,0,0,0,0,0,0,0,0,0,0,0,0,0,0,0,0,0,0,0,0,0
l7,1=35,73,78,18,30,83,87,0,79,75,91,37,16,24,0,6,0,0,0,0,0,0,0,0,0,0,0,0,0,0,0,0,0,0,0,0,0,0,0,0
l8,1=7,10,0,0,38,60,66,76,0,76,79,65,0,65,25,67,41,32,0,0,0,47,32,24,0,0,0,0,0,0,0,0,0,0,0,0,0,0,9,0
l9,1=36,25,60,19,55,80,28,82,86,0,91,52,29,69,19,60,27,35,0,0,0,24,15,0,0,0,0,0,0,0,0,0,0,0,0,0,0,0,0,0
l10,1=38,73,89,56,81,80,85,91,82,81,0,56,0,70,0,51,0,0,0,0,1,4,0,0,0,0,0,0,0,0,0,0,0,0,0,0,0,0,0,0
l11,1=0,0,0,0,0,0,31,39,56,31,42,0,71,67,44,74,43,77,0,0,0,34,0,0,40,0,0,0,0,0,0,0,0,0,0,30,38,0,30,0
l12,1=0,0,0,0,0,0,0,0,0,12,0,73,0,57,78,71,45,86,0,0,8,5,23,73,88,44,0,0,0,0,0,0,0,0,0,0,0,0,32,0
l13,1=0,4,0,0,10,0,28,0,51,45,54,76,64,0,29,24,30,53,0,2,44,39,36,48,0,22,0,0,0,0,0,0,0,0,0,0,10,0,29,0
l14,1=0,0,0,0,0,0,0,0,50,24,0,64,82,43,0,35,63,63,0,0,53,19,0,70,48,71,0,0,0,0,0,0,0,5,0,0,0,0,0,0
l15,1=0,0,0,0,0,0,1,0,58,39,38,81,77,27,26,0,27,77,0,0,33,15,9,37,75,0,0,0,0,0,0,0,0,0,0,0,31,5,14,0
l16,1=0,0,0,0,0,0,4,0,29,22,0,45,45,31,28,6,0,55,28,21,54,43,46,0,29,18,0,0,0,0,0,0,14,0,1,39,36,17,24,10
l17,1=0,0,0,0,0,0,0,0,21,21,0,80,87,45,40,38,53,0,0,0,17,43,10,36,40,17,0,0,0,0,0,0,0,2,0,0,36,0,6,0
l18,1=0,0,0,0,0,0,0,0,0,0,0,0,0,0,0,0,52,0,0,17,65,39,50,0,0,0,0,0,0,0,0,0,0,0,0,0,0,0,0,0
l19,1=0,0,0,0,0,0,0,0,0,0,0,0,0,18,0,0,32,0,14,0,71,27,68,0,0,0,0,0,0,2,0,37,0,0,0,31,21,29,56,59
l20,1=0,0,0,0,0,0,0,0,0,0,0,0,0,41,22,15,41,0,49,73,0,73,72,0,0,0,0,0,0,0,0,0,0,0,0,46,50,47,59,37
l21,1=0,0,0,0,0,0,0,0,51,19,4,25,18,34,0,0,63,48,28,30,72,0,64,0,0,0,5,0,0,0,0,27,2,0,0,52,27,40,64,58
l22,1=0,0,0,0,0,0,0,0,38,12,0,0,32,34,0,0,53,0,29,75,74,66,0,0,0,0,27,0,0,1,0,0,0,0,0,43,50,39,59,61
l23,1=0,0,0,0,0,0,0,0,28,0,0,0,60,44,64,31,0,56,0,0,0,0,0,0,81,44,0,0,0,0,0,0,1,17,38,0,0,0,0,0
l24,1=0,0,0,0,0,0,0,0,0,0,0,64,82,5,48,40,42,70,0,0,0,0,0,77,0,46,0,0,0,0,0,0,40,20,30,0,0,0,0,0
l25,1=0,0,0,0,0,0,0,0,0,0,0,0,57,32,67,0,37,46,0,0,0,0,0,56,60,0,21,0,15,2,0,57,0,22,34,0,0,0,0,0
l26,1=0,0,0,0,0,0,0,0,0,0,0,0,0,0,0,0,0,0,0,0,0,0,44,0,0,28,0,49,75,33,50,80,56,18,45,0,0,0,0,0
l27,1=0,0,0,0,0,0,0,0,0,0,0,0,0,0,0,0,0,0,0,0,0,0,0,0,0,0,68,0,75,64,95,61,61,35,64,0,0,0,0,0
l28,1=0,0,0,0,0,0,0,0,0,0,0,0,0,0,0,0,0,0,0,17,0,0,0,0,0,30,74,88,0,65,95,79,44,20,55,0,0,0,0,0
l29,1=0,0,0,0,0,0,0,0,0,0,0,0,0,0,0,0,0,0,0,4,0,0,19,0,0,0,70,77,79,0,65,70,57,28,58,0,0,0,0,0
l30,1=0,0,0,0,0,0,0,0,0,0,0,0,0,0,0,0,0,0,0,0,0,0,0,0,0,0,72,88,77,65,0,54,45,19,0,0,0,0,0,0
l31,1=0,0,0,0,0,0,0,0,0,0,0,0,0,0,0,0,0,0,0,36,0,15,0,0,0,31,61,40,58,26,28,0,65,38,74,0,0,0,0,0
l32,1=0,0,0,0,0,0,0,0,0,0,0,0,0,0,0,0,23,0,0,0,0,0,0,10,13,0,64,40,15,17,34,74,0,42,84,0,0,0,0,0
l33,1=0,0,0,0,0,0,0,0,0,0,0,0,0,0,12,0,0,22,0,0,0,0,0,21,16,29,53,18,53,6,35,70,62,0,63,0,0,0,0,0
l34,1=0,0,0,0,0,0,0,0,0,0,0,0,0,0,0,0,23,0,0,0,9,0,0,58,33,62,50,43,57,20,0,78,85,37,0,0,0,0,0,0
l35,1=0,0,0,0,0,0,0,0,0,0,0,20,0,0,0,0,27,0,0,22,47,54,40,0,0,0,0,0,0,0,0,0,0,0,0,0,54,57,68,31
l36,1=0,0,0,0,0,0,0,0,0,0,0,44,0,12,0,5,24,35,0,16,64,0,63,0,0,0,0,0,0,0,0,0,0,0,0,59,0,51,46,35
l37,1=0,0,0,0,0,0,0,0,0,0,0,0,0,0,0,0,0,0,0,22,62,57,60,0,0,0,0,0,0,0,0,0,0,0,0,59,54,0,43,39
l38,1=0,0,0,0,0,0,0,0,9,0,0,37,36,26,0,3,39,0,0,33,68,62,58,0,0,0,0,0,0,0,0,0,0,0,0,63,55,51,0,37
l39,1=0,0,0,0,0,0,0,0,0,0,0,0,0,0,0,0,34,0,0,58,63,60,63,0,0,0,0,0,0,0,0,0,0,0,0,52,47,57,42,0

l0,2=0,85,86,74,75,78,64,0,12,78,0,0,0,0,0,0,0,0,0,0,0,0,0,0,0,0,0,0,0,0,0,0,0,0,0,0,0,0,0,0
l1,2=86,0,88,86,79,87,82,74,60,84,80,0,0,0,0,0,0,0,0,0,0,0,0,0,0,0,0,0,0,0,0,0,0,0,0,0,0,0,0,0
l2,2=91,87,0,72,80,89,89,83,0,90,80,0,0,0,0,0,0,0,0,0,0,0,0,0,0,0,0,0,0,0,0,0,0,0,0,0,0,0,0,0
l3,2=85,84,85,0,82,83,34,48,16,3,69,0,0,0,0,0,0,0,0,0,0,0,0,0,0,0,0,0,0,0,0,0,0,0,0,0,0,0,0,0
l4,2=80,78,84,72,0,78,79,63,65,83,70,0,0,0,0,0,0,0,0,0,0,0,0,0,0,0,0,0,0,0,0,0,0,0,0,0,0,0,0,0
l5,2=81,85,89,74,77,0,81,74,70,79,81,0,0,0,0,0,0,0,0,0,0,0,0,0,0,0,0,0,0,0,0,0,0,0,0,0,0,0,0,0
l6,2=42,81,90,19,66,74,0,42,40,63,81,27,31,27,0,35,0,0,0,0,0,0,0,0,0,0,0,0,0,0,0,0,0,0,0,0,0,0,0,0
l7,2=0,63,81,32,47,71,63,0,74,80,86,35,0,34,0,44,33,0,0,0,0,0,0,0,0,0,0,0,0,0,0,0,0,0,0,0,0,0,0,0
l8,2=0,30,0,12,31,53,37,69,0,90,76,57,0,58,0,60,53,38,0,0,0,34,21,0,45,24,0,0,0,0,0,0,0,0,0,0,0,0,32,0
l9,2=34,43,81,13,61,57,41,73,81,0,85,34,32,58,0,45,11,18,0,0,27,0,0,0,0,0,0,0,0,0,0,0,0,0,0,0,0,0,0,0
l10,2=0,67,69,40,48,67,80,80,78,90,0,37,0,55,0,38,0,12,0,0,0,0,0,27,0,0,0,0,0,0,0,0,0,0,0,0,0,0,0,0
l11,2=0,0,0,0,0,0,22,17,33,43,46,0,75,64,65,70,37,74,0,15,37,15,24,38,43,0,0,0,0,0,0,0,0,0,0,14,45,0,30,34
l12,2=0,0,0,0,0,0,33,0,0,38,0,73,0,47,79,62,62,88,0,0,0,27,0,71,91,76,0,0,0,0,0,0,0,0,0,0,0,0,41,0
l13,2=0,0,0,0,0,0,11,28,68,66,56,75,40,0,42,52,52,34,0,39,26,29,27,41,47,18,0,0,0,0,0,0,0,0,0,0,0,0,45,0
l14,2=0,0,0,0,0,0,0,0,2,0,0,63,85,37,0,47,63,37,0,0,42,0,0,74,67,63,0,0,0,0,0,0,0,35,0,0,0,0,44,0
l15,2=0,0,0,0,0,0,29,35,58,43,40,91,81,46,45,0,35,59,0,18,46,0,0,0,67,0,0,0,0,0,0,0,0,0,0,0,33,0,41,1
l16,2=0,0,0,0,0,0,0,1,33,9,0,42,56,40,68,46,0,52,0,36,49,31,34,0,49,42,0,0,0,0,0,0,0,11,1,37,50,31,50,46
l17,2=0,0,0,0,0,0,0,0,37,26,1,84,85,48,63,63,74,0,0,45,47,31,0,45,74,0,0,0,0,0,0,0,0,21,0,0,47,0,46,0
l18,2=0,0,0,0,0,0,0,0,0,0,0,0,0,0,0,0,0,0,0,0,62,36,44,0,0,0,0,0,0,0,0,0,0,0,0,0,0,0,0,0
l19,2=0,0,0,0,0,0,0,0,0,0,0,0,0,36,0,9,26,26,10,0,62,44,61,0,0,0,1,0,0,36,0,35,0,0,0,1,65,12,63,59
l20,2=0,0,0,0,0,0,0,0,0,17,0,3,0,28,44,50,51,26,42,64,0,48,58,0,0,0,0,0,0,0,0,0,0,0,11,48,66,56,64,59
l21,2=0,0,0,0,0,0,0,0,37,9,0,17,34,41,0,24,51,29,43,59,69,0,58,0,0,0,0,0,0,0,0,0,0,30,0,45,55,59,64,61
l22,2=0,0,0,0,0,0,0,0,25,0,0,41,0,36,0,1,51,1,44,74,72,47,0,0,0,0,0,0,0,26,0,0,0,0,0,49,66,57,56,56
l23,2=0,0,0,0,0,0,0,0,0,0,7,30,76,41,70,0,0,35,0,0,0,0,0,0,78,66,0,0,0,0,0,0,0,25,42,0,0,0,0,0
l24,2=0,0,0,0,0,0,0,0,49,0,0,53,82,47,67,59,62,72,0,0,0,0,0,78,0,72,0,0,0,0,0,0,23,32,28,0,38,0,3,0
l25,2=0,0,0,0,0,0,0,0,29,0,0,0,76,32,66,0,58,0,0,0,0,0,0,67,74,0,42,0,0,0,0,48,52,59,55,0,0,0,0,0
l26,2=0,0,0,0,0,0,0,0,0,0,0,0,0,0,0,0,0,0,0,3,0,0,0,0,0,39,0,19,85,80,85,67,67,60,55,0,0,0,0,0
l27,2=0,0,0,0,0,0,0,0,0,0,0,0,0,0,0,0,0,0,0,0,0,0,0,0,0,0,23,0,84,85,91,59,66,44,59,0,0,0,0,0
l28,2=0,0,0,0,0,0,0,0,0,0,0,0,0,0,0,0,0,0,0,0,1,0,0,0,0,0,84,82,0,88,88,64,52,67,52,0,0,0,0,0
l29,2=0,0,0,0,0,0,0,0,0,0,0,0,0,0,0,0,0,0,0,44,0,0,32,0,0,0,75,79,87,0,83,56,58,0,41,0,0,0,0,0
l30,2=0,0,0,0,0,0,0,0,0,0,0,0,0,0,0,0,0,0,0,0,0,0,0,0,0,0,72,86,83,76,0,39,54,55,39,0,0,0,0,0
l31,2=0,0,0,0,0,0,0,0,0,0,0,0,0,0,0,0,0,0,0,42,6,0,0,1,0,41,71,42,66,55,45,0,78,64,74,0,0,0,0,0
l32,2=0,0,0,0,0,0,0,0,0,0,0,0,0,0,0,0,1,0,0,0,0,0,0,0,29,56,61,44,52,59,65,73,0,71,93,0,0,0,0,0
l33,2=0,0,0,0,0,0,0,0,0,0,0,0,0,0,52,0,31,27,0,0,0,27,0,52,51,60,54,47,60,0,59,57,73,0,75,0,0,0,0,0
l34,2=0,0,0,0,0,0,0,0,0,0,0,0,0,0,2,0,27,0,0,0,37,0,0,49,41,57,54,37,54,37,50,68,85,73,0,0,0,0,0,0
l35,2=0,0,0,0,0,0,0,0,0,0,0,0,0,0,0,0,46,0,0,0,56,36,38,0,0,0,0,0,0,0,0,0,0,0,0,0,70,70,66,60
l36,2=0,0,0,0,0,0,0,0,0,0,0,43,0,5,0,23,47,23,0,62,62,31,46,0,20,0,0,0,0,0,0,0,0,0,0,62,0,68,66,57
l37,2=0,0,0,0,0,0,0,0,0,0,0,0,0,0,0,0,33,0,0,1,55,38,42,0,0,0,0,0,0,0,0,0,0,0,0,62,70,0,66,62
l38,2=0,0,0,0,0,0,0,0,11,0,0,0,22,37,37,21,44,27,0,57,62,42,28,0,0,0,0,0,0,0,0,0,0,0,0,63,71,67,0,59
l39,2=0,0,0,0,0,0,0,0,0,0,0,0,0,0,0,0,49,0,0,62,60,42,46,0,0,0,0,0,0,0,0,0,0,0,0,50,66,66,65,0

l0,3=0,88,85,82,80,87,0,50,17,70,0,0,0,0,0,0,0,0,0,0,0,0,0,0,0,0,0,0,0,0,0,0,0,0,0,0,0,0,0,0
l1,3=80,0,89,89,80,91,83,86,47,79,32,0,0,0,0,0,0,0,0,0,0,0,0,0,0,0,0,0,0,0,0,0,0,0,0,0,0,0,0,0
l2,3=80,87,0,87,81,91,86,90,55,80,88,0,0,79,0,0,0,0,0,0,0,0,0,0,0,0,0,0,0,0,0,0,0,0,0,0,0,0,0,0
l3,3=75,88,83,0,65,83,77,0,51,23,75,0,0,0,0,0,0,0,0,0,0,0,0,0,0,0,0,0,0,0,0,0,0,0,0,0,0,0,0,0
l4,3=80,87,89,45,0,87,43,0,36,62,0,0,0,0,0,0,0,0,0,0,0,0,0,0,2,0,0,0,0,0,0,0,0,0,0,0,0,0,0,0
l5,3=80,90,92,89,80,0,82,90,71,79,87,34,0,78,0,0,0,0,0,0,0,0,0,0,0,0,0,0,0,0,0,0,0,0,0,0,0,0,0,0
l6,3=0,87,92,79,69,87,0,82,68,76,90,73,71,65,0,70,62,0,0,0,0,0,0,0,0,0,0,0,0,0,0,0,0,0,0,0,0,0,0,0
l7,3=57,77,89,0,0,87,77,0,76,81,92,0,0,78,0,77,60,0,0,0,0,0,0,0,0,0,0,0,0,0,0,0,0,0,0,0,0,0,0,0
l8,3=0,41,36,36,28,32,31,88,0,80,86,47,37,84,0,84,41,31,0,1,0,33,26,0,36,0,0,0,0,0,0,0,0,0,0,0,0,0,12,0
l9,3=36,47,42,26,43,32,50,84,85,0,94,33,38,85,37,50,0,0,0,0,35,16,0,0,0,0,0,0,0,0,0,0,0,0,0,0,0,0,0,0
l10,3=0,40,88,33,0,80,81,93,76,86,0,32,13,82,30,21,0,0,0,1,0,0,0,30,1,0,0,0,0,0,0,0,0,0,0,0,0,0,12,0
l11,3=0,0,0,0,0,24,68,0,66,60,65,0,89,89,82,95,4,90,0,4,64,61,77,76,77,6,0,0,0,0,0,0,0,0,0,0,73,27,72,18
l12,3=0,0,0,0,0,0,29,0,27,25,0,93,0,48,93,94,43,97,0,0,1,24,21,83,93,87,0,0,0,0,0,0,0,35,0,36,0,0,27,0
l13,3=0,0,33,0,0,22,21,45,87,85,43,85,46,0,0,74,40,34,0,29,32,27,31,35,33,27,0,0,0,0,0,0,0,0,0,0,4,0,25,0
l14,3=0,0,0,0,0,0,0,0,0,26,21,90,94,0,0,33,46,0,0,0,0,0,0,95,84,37,0,0,0,0,0,0,0,32,0,0,0,0,32,0
l15,3=0,0,0,0,0,0,24,47,72,70,9,94,92,84,44,0,71,80,0,17,57,25,0,35,86,0,0,0,0,0,0,0,0,0,0,0,1,0,32,15
l16,3=0,0,0,0,0,0,26,32,31,0,0,1,51,43,59,36,0,91,0,29,79,34,72,0,38,30,0,0,0,0,0,0,0,29,0,26,40,38,26,30
l17,3=0,0,0,0,0,0,0,0,61,0,0,90,94,82,1,78,89,0,0,26,34,28,27,35,80,0,0,0,0,0,0,0,0,0,0,40,67,0,57,20
l18,3=0,0,0,0,0,0,0,0,0,0,0,0,0,0,0,0,11,0,0,51,30,58,74,0,0,0,0,0,0,0,0,0,0,0,0,0,0,0,0,0
l19,3=0,0,0,0,0,0,0,0,0,0,0,0,1,62,0,5,51,4,50,0,86,81,96,0,0,0,41,0,0,60,0,6,0,0,0,66,88,34,78,1
l20,3=0,0,0,0,0,0,0,0,0,37,0,48,5,64,0,74,73,51,9,86,0,87,94,0,43,0,2,0,0,0,0,0,0,0,0,71,83,86,86,81
l21,3=0,0,0,0,0,0,0,0,73,21,0,66,43,60,3,36,73,55,28,88,89,0,95,0,0,0,20,0,0,0,0,0,0,6,0,75,83,85,80,77
l22,3=0,0,0,0,0,0,0,0,43,0,0,61,16,66,0,0,77,33,41,98,96,87,0,0,0,0,0,0,0,34,0,0,0,0,0,81,87,88,64,87
l23,3=0,0,0,0,0,0,0,0,0,0,9,30,85,41,86,28,0,25,0,0,0,0,0,0,91,89,0,0,0,0,0,0,0,0,0,0,0,0,0,0
l24,3=0,0,0,0,0,0,0,0,36,0,0,32,94,41,86,84,44,81,0,0,31,0,0,93,0,88,0,0,0,0,0,0,0,35,0,0,28,0,29,0
l25,3=0,0,0,0,0,0,0,0,0,0,0,5,88,39,79,0,41,0,0,0,0,0,0,87,85,0,10,0,0,1,0,34,24,63,36,0,0,0,0,0
l26,3=0,0,0,0,0,0,0,0,0,0,0,0,0,0,0,0,0,0,0,51,4,4,0,0,0,15,0,66,98,85,83,92,83,64,81,0,0,0,0,0
l27,3=0,0,0,0,0,0,0,0,0,0,0,0,0,0,0,0,0,0,0,0,0,0,0,0,0,0,82,0,96,84,99,83,78,1,28,0,0,0,0,0
l28,3=0,0,0,0,0,0,0,0,0,0,0,0,0,0,0,0,0,0,0,0,0,0,13,0,0,0,94,99,0,90,86,90,77,91,79,0,0,0,0,0
l29,3=0,0,0,0,0,0,0,0,0,0,0,0,0,0,0,0,0,0,0,65,0,0,59,0,0,1,94,99,98,0,82,75,69,59,67,0,0,0,0,0
l30,3=0,0,0,0,0,0,0,0,0,0,0,0,0,0,0,0,0,0,0,0,0,0,0,0,0,0,86,99,85,78,0,66,79,67,2,0,0,0,0,0
l31,3=0,0,0,0,0,0,0,0,0,0,0,0,0,0,0,0,0,0,0,19,0,0,0,1,0,56,93,59,82,64,55,0,92,95,98,0,0,0,0,0
l32,3=0,0,0,0,0,0,0,0,0,0,0,0,9,0,0,0,0,0,0,0,0,0,0,0,0,72,87,73,71,72,71,95,0,93,99,0,0,0,0,0
l33,3=0,0,0,0,0,0,0,0,0,0,0,0,55,0,36,0,24,0,0,0,0,0,0,0,76,86,44,0,87,51,42,88,85,0,93,0,0,0,0,0
l34,3=0,0,0,0,0,0,0,0,0,0,0,0,0,0,5,0,0,0,0,0,9,0,0,27,0,78,81,38,74,70,36,93,92,96,0,0,0,0,0,0
l35,3=0,0,0,0,0,0,0,0,0,0,0,0,31,0,0,0,6,28,0,72,69,67,80,0,0,0,0,0,0,0,0,0,0,0,0,0,88,89,83,87
l36,3=0,0,0,0,0,0,0,0,0,0,0,40,1,17,0,0,58,63,0,71,73,63,76,0,26,0,0,0,0,0,0,0,0,0,0,82,0,87,83,73
l37,3=0,0,0,0,0,0,0,0,0,0,0,0,0,0,0,0,52,0,0,61,77,69,80,0,0,0,0,0,0,0,0,0,0,0,0,82,89,0,76,83
l38,3=0,0,0,0,0,0,0,0,0,0,0,64,50,66,72,66,59,69,0,75,84,63,62,0,32,0,0,0,0,0,0,0,0,0,0,87,89,78,0,87
l39,3=0,0,0,0,0,0,0,0,0,0,0,0,0,0,0,0,62,7,0,21,77,36,91,0,0,0,0,0,0,0,0,0,0,0,0,81,81,89,83,0

l0,4=0,88,64,81,80,82,0,23,75,89,0,0,0,0,0,0,0,0,0,0,0,0,0,0,0,0,0,0,0,0,0,0,0,0,0,0,0,0,0,0
l1,4=90,0,75,83,86,89,92,75,77,83,78,0,0,0,0,0,0,0,0,0,0,0,0,0,0,0,0,0,0,0,0,0,0,0,0,0,0,0,0,0
l2,4=76,82,0,78,84,91,92,85,79,84,82,0,0,81,0,3,0,0,0,0,0,0,0,0,0,0,0,0,0,0,0,0,0,0,0,0,0,0,0,0
l3,4=85,84,82,0,78,85,80,0,74,0,0,0,0,0,0,0,0,0,0,0,0,0,0,0,0,0,0,0,0,0,0,0,0,0,0,0,0,0,0,0
l4,4=90,90,82,82,0,89,90,75,79,79,68,0,0,0,0,0,0,0,0,0,0,0,0,0,0,0,0,0,0,0,0,0,0,0,0,0,0,0,0,0
l5,4=81,90,84,77,77,0,88,87,80,86,84,0,0,76,0,67,0,0,0,0,0,0,0,0,0,0,0,0,0,0,0,0,0,0,0,0,0,0,0,0
l6,4=0,89,82,67,77,85,0,93,77,88,89,68,76,0,0,70,77,0,0,0,0,0,0,0,0,0,0,0,0,0,0,0,0,0,0,0,0,0,0,0
l7,4=47,70,76,0,69,88,92,0,88,93,90,64,0,79,0,79,31,0,0,0,0,0,0,0,0,0,0,0,0,0,0,0,0,0,0,0,0,0,0,0
l8,4=74,70,24,68,70,70,64,81,0,89,78,75,84,88,71,80,81,78,0,1,57,75,57,0,23,0,0,0,0,0,0,0,0,0,0,0,0,0,0,0
l9,4=76,76,64,8,70,75,86,92,90,0,92,71,0,87,0,68,0,78,0,0,62,0,64,0,0,0,0,0,0,0,0,0,0,0,0,0,0,0,2,0
l10,4=0,76,76,1,64,83,92,93,87,93,0,74,80,84,70,77,0,62,0,0,0,0,0,43,0,0,0,0,0,0,0,0,0,0,0,0,0,0,0,0
l11,4=0,0,0,0,0,0,81,79,84,79,77,0,87,85,78,98,82,80,0,0,61,77,61,78,63,67,0,0,0,0,0,0,0,0,0,0,85,67,68,0
l12,4=0,0,0,0,0,0,17,0,72,0,75,82,0,90,89,87,87,89,0,0,49,0,39,87,85,82,0,0,0,0,0,0,68,69,0,5,75,0,69,0
l13,4=0,0,59,0,0,19,0,59,87,81,77,75,85,0,76,80,81,80,0,54,65,75,64,74,60,73,0,0,0,0,0,0,0,0,0,0,1,0,17,0
l14,4=0,0,0,0,0,0,0,0,83,0,73,83,94,84,0,53,83,0,0,0,67,0,2,89,92,80,0,0,0,0,0,0,0,75,70,0,0,0,68,0
l15,4=0,0,0,0,0,62,74,77,84,76,75,89,86,87,60,0,81,78,0,49,65,75,56,75,73,42,0,0,0,0,0,0,0,0,0,0,82,11,66,0
l16,4=0,0,0,0,0,0,74,0,71,0,0,68,92,84,83,79,0,88,60,42,75,77,67,61,68,72,0,0,0,0,0,0,0,0,0,82,83,71,78,78
l17,4=0,0,0,0,0,0,0,0,84,79,42,84,94,90,0,80,93,0,0,53,71,77,64,0,84,10,0,0,0,0,0,0,0,0,0,83,85,0,67,83
l18,4=0,0,0,0,0,0,0,0,0,0,0,0,0,0,0,0,80,0,0,52,18,81,70,0,0,0,0,0,0,0,0,0,0,0,0,0,0,0,0,0
l19,4=0,0,0,0,0,0,0,0,11,0,0,0,3,62,0,17,44,18,53,0,85,92,93,0,0,0,74,0,0,62,0,0,0,0,0,81,86,12,69,79
l20,4=0,0,0,0,0,0,0,0,36,58,0,34,59,78,66,77,79,79,10,87,0,91,92,0,50,0,0,0,5,0,0,0,4,0,0,81,92,82,88,77
l21,4=0,0,0,0,0,0,0,0,72,0,0,59,0,80,0,72,77,75,75,88,82,0,87,0,0,0,0,0,0,0,0,0,0,0,0,88,90,78,64,91
l22,4=0,0,0,0,0,0,0,0,65,75,0,58,55,81,0,46,78,77,45,93,87,93,0,0,0,0,28,0,0,50,0,0,35,1,0,0,88,80,83,81
l23,4=0,0,0,0,0,0,0,0,0,0,1,78,92,87,92,84,76,0,0,0,0,0,0,0,92,91,0,0,0,0,0,0,0,79,79,0,0,0,0,0
l24,4=0,0,0,0,0,0,0,0,47,0,0,70,92,83,90,90,87,86,0,0,66,0,0,93,0,83,0,0,0,0,0,0,0,77,0,0,0,0,0,0
l25,4=0,0,0,0,0,0,0,0,0,0,0,52,94,78,92,43,82,24,0,0,0,0,0,94,96,0,0,0,0,57,0,67,90,98,87,0,0,0,0,0
l26,4=0,0,0,0,0,0,0,0,0,0,0,0,0,0,0,0,0,0,0,63,51,0,9,0,0,0,0,81,100,87,84,97,91,77,85,0,0,0,0,0
l27,4=0,0,0,0,0,0,0,0,0,0,0,0,0,0,0,0,0,0,0,0,0,0,0,0,0,0,92,0,100,96,99,87,83,0,63,0,0,0,0,0
l28,4=0,0,0,0,0,0,0,0,0,0,0,0,0,0,0,0,0,0,0,2,65,0,2,0,0,1,99,98,0,100,81,87,90,87,87,0,0,0,0,0
l29,4=0,0,0,0,0,0,0,0,0,0,0,0,0,0,0,0,0,0,0,72,0,0,72,0,0,73,98,98,100,0,81,81,86,77,81,0,0,0,0,0
l30,4=0,0,0,0,0,0,0,0,0,0,0,0,0,0,0,0,0,0,0,0,0,0,0,0,0,0,94,100,93,82,0,87,89,80,0,0,0,0,0,0
l31,4=0,0,0,0,0,0,0,0,0,0,0,0,0,0,0,0,0,0,0,0,3,0,0,0,0,76,99,79,88,72,79,0,100,97,97,0,0,0,0,0
l32,4=0,0,0,0,0,0,0,0,0,0,0,0,77,0,0,0,0,0,0,0,56,0,50,0,0,92,96,79,97,79,76,100,0,99,100,0,0,0,0,0
l33,4=0,0,0,0,0,0,0,0,0,0,0,0,71,0,73,0,0,0,0,0,0,0,0,67,58,96,81,0,86,66,68,97,97,0,100,0,0,0,0,0
l34,4=0,0,0,0,0,0,0,0,0,0,0,0,0,0,80,0,0,0,0,0,4,0,0,75,2,95,98,69,100,91,15,100,100,100,0,0,0,0,0,0
l35,4=0,0,0,0,0,0,0,0,0,0,0,0,7,0,0,0,64,48,0,60,58,75,0,0,0,0,0,0,0,0,0,0,0,0,0,0,90,85,76,85
l36,4=0,0,0,0,0,0,0,0,0,0,0,39,55,10,0,48,65,72,0,64,72,73,72,0,0,0,0,0,0,0,0,0,0,0,0,87,0,84,75,84
l37,4=0,0,0,0,0,0,0,0,0,0,0,4,0,0,0,0,46,0,0,17,64,76,71,0,0,0,0,0,0,0,0,0,0,0,0,90,93,0,75,80
l38,4=0,0,0,0,0,0,0,0,0,0,0,64,80,11,67,73,82,69,0,71,78,74,81,0,0,0,0,0,0,0,0,0,0,0,0,89,91,79,0,93
l39,4=0,0,0,0,0,0,0,0,0,0,0,0,0,0,0,0,66,55,0,69,64,80,73,0,0,0,0,0,0,0,0,0,0,0,0,87,88,76,77,0

l0,5=0,82,72,69,69,68,65,0,0,63,55,0,0,0,0,0,0,0,0,0,0,0,0,0,0,0,0,0,0,0,0,0,0,0,0,0,0,0,0,0
l1,5=85,0,87,69,87,83,81,21,0,72,76,0,9,31,0,0,0,0,0,0,0,0,0,31,0,0,0,0,0,0,0,0,0,0,0,0,0,0,0,0
l2,5=74,75,0,69,71,78,67,26,0,72,76,0,0,1,0,0,0,0,0,0,0,0,0,0,0,0,0,0,0,0,0,0,0,0,0,0,0,0,0,0
l3,5=73,66,69,0,87,73,65,0,5,56,0,0,0,0,0,0,0,0,0,0,0,0,0,0,0,0,0,0,0,0,0,0,0,0,0,0,0,0,0,0
l4,5=53,80,81,79,0,79,73,61,63,0,63,0,0,40,0,0,0,0,0,0,0,0,0,0,0,0,0,0,0,0,0,0,0,0,0,0,0,0,0,0
l5,5=62,85,81,69,86,0,65,65,43,72,76,42,0,67,0,0,0,0,0,0,0,0,0,0,0,0,0,0,0,0,0,0,0,0,0,0,0,0,0,0
l6,5=41,73,77,66,74,67,0,75,28,69,71,37,0,0,0,0,45,0,0,9,0,0,0,0,0,0,0,0,0,0,0,0,0,0,0,0,0,0,0,0
l7,5=0,57,52,60,54,70,65,0,65,70,88,64,0,40,0,76,0,0,0,0,0,0,0,0,0,0,0,0,0,0,0,0,0,0,0,0,0,0,0,0
l8,5=0,0,0,11,44,46,44,43,0,81,79,80,14,85,40,75,69,30,0,0,0,33,34,48,53,0,0,0,0,0,0,0,0,0,0,0,0,0,0,0
l9,5=40,63,70,65,0,70,65,41,73,0,84,75,27,75,18,72,45,44,0,0,19,0,53,0,56,0,0,0,0,0,0,0,0,0,0,0,0,0,55,0
l10,5=46,67,69,0,69,70,65,74,65,84,0,65,0,64,60,71,0,34,0,0,0,0,0,0,0,0,0,0,0,0,0,0,0,0,0,0,0,0,0,0
l11,5=0,0,0,0,0,33,31,18,21,70,72,0,79,83,80,91,78,33,0,0,27,23,29,57,49,18,0,0,0,0,0,0,0,0,0,0,14,13,66,0
l12,5=0,0,0,0,0,0,0,0,5,4,0,85,0,71,85,74,80,87,0,0,30,0,0,73,73,63,0,0,0,0,0,0,25,3,0,9,13,0,60,0
l13,5=0,0,0,0,9,54,0,0,75,76,59,77,67,0,68,83,72,46,0,24,33,23,50,65,49,31,0,0,0,0,0,0,0,0,0,22,5,0,0,0
l14,5=0,0,0,0,0,0,0,0,15,23,46,86,80,66,0,66,78,29,0,0,39,0,42,85,76,36,0,0,0,0,0,4,0,48,31,0,0,0,60,0
l15,5=0,0,0,0,0,0,0,22,18,49,48,90,71,86,50,0,58,30,0,0,1,27,38,61,65,24,0,0,0,0,0,0,0,0,0,0,13,0,58,44
l16,5=0,0,0,0,0,0,20,0,15,24,0,62,76,57,72,48,0,33,0,27,35,23,54,0,49,22,0,0,0,0,0,3,0,0,1,22,12,9,67,41
l17,5=0,0,0,0,0,0,0,0,21,54,22,88,80,86,74,76,85,0,0,0,52,22,32,0,69,28,0,0,0,0,0,0,0,0,0,20,14,8,0,29
l18,5=0,0,0,0,0,0,0,0,0,0,0,0,0,0,0,0,0,0,0,0,0,56,0,0,0,0,0,0,0,0,0,0,0,0,0,0,0,0,0,0
l19,5=0,0,0,0,0,0,0,0,0,0,0,0,0,19,0,0,49,0,0,0,77,70,73,0,0,0,0,0,32,45,0,0,0,0,0,0,31,0,48,34
l20,5=0,0,0,0,0,0,0,0,0,7,0,25,24,24,40,0,54,45,0,81,0,66,73,0,0,0,19,0,7,0,0,0,8,0,0,30,58,18,74,50
l21,5=0,0,0,0,0,0,0,0,16,7,0,28,0,31,0,47,50,18,28,79,72,0,64,0,12,0,0,0,0,0,0,0,0,0,0,43,34,10,60,62
l22,5=0,0,0,0,0,0,0,0,16,37,0,29,0,49,32,49,52,15,0,83,77,67,0,0,0,0,12,0,0,17,0,0,0,0,0,19,40,14,78,52
l23,5=0,0,0,0,0,0,0,0,29,0,0,62,73,72,77,70,0,0,0,0,0,0,0,0,79,76,0,0,0,0,0,0,10,57,57,0,0,0,0,0
l24,5=0,0,0,0,0,0,0,0,20,51,0,71,80,68,85,80,68,77,0,0,0,1,0,86,0,75,0,0,0,0,0,0,0,56,2,0,9,0,0,0
l25,5=0,0,0,0,0,0,0,0,5,0,0,40,76,54,79,58,53,24,0,0,0,0,0,82,75,0,0,0,0,43,0,0,57,62,53,0,0,0,0,0
l26,5=0,0,0,0,0,0,0,0,0,0,0,0,0,0,0,0,0,0,0,1,28,0,36,0,0,0,0,58,91,92,78,81,76,32,47,0,0,0,0,0
l27,5=0,0,0,0,0,0,0,0,0,0,0,0,0,0,0,0,0,0,0,0,0,0,0,0,0,0,71,0,91,77,92,59,64,0,31,0,0,0,0,0
l28,5=0,0,0,0,0,0,0,0,0,0,0,0,0,0,0,0,0,0,0,44,36,0,0,0,0,0,88,90,0,93,92,59,60,37,50,0,0,0,0,0
l29,5=0,0,0,0,0,0,0,0,0,0,0,0,0,0,0,0,0,0,0,51,0,0,15,0,0,38,87,88,91,0,92,44,53,45,46,0,0,0,0,0
l30,5=0,0,0,0,0,0,0,0,0,0,0,0,0,0,0,0,0,0,0,0,0,0,0,0,0,0,75,90,90,76,0,61,47,59,1,0,0,0,0,0
l31,5=0,0,0,0,0,0,0,0,0,0,0,0,0,0,2,0,2,0,0,0,0,0,0,15,0,0,79,49,62,39,57,0,82,68,72,0,0,0,0,0
l32,5=0,0,0,0,0,0,0,0,0,0,0,0,52,0,0,0,0,0,0,0,35,0,2,30,0,69,74,55,71,65,39,87,0,66,84,0,0,0,0,0
l33,5=0,0,0,0,0,0,0,0,0,0,0,0,16,0,60,0,4,0,0,0,0,0,0,64,52,68,58,0,65,57,55,57,71,0,72,0,0,0,0,0
l34,5=0,0,0,0,0,0,0,0,0,0,0,0,28,0,54,0,9,0,0,0,0,0,0,72,19,63,67,0,66,62,0,78,89,77,0,0,0,0,0,0
l35,5=0,0,0,0,0,0,0,0,0,0,0,0,15,21,0,0,30,12,0,0,18,24,15,0,0,0,0,0,0,0,0,0,0,0,0,0,17,14,43,47
l36,5=0,0,0,0,0,0,0,0,2,0,0,40,28,14,0,38,46,21,0,27,37,32,49,0,9,0,0,0,0,0,0,0,0,0,0,31,0,21,67,62
l37,5=0,0,0,0,0,0,0,0,0,0,0,20,0,0,0,0,25,0,0,0,31,31,40,0,0,0,0,0,0,0,0,0,0,0,0,27,54,0,59,55
l38,5=0,0,0,0,0,0,0,0,0,22,0,50,41,0,44,53,59,0,0,28,55,31,58,0,0,0,0,0,0,0,0,0,0,0,0,35,38,22,0,63
l39,5=0,0,0,0,0,0,0,0,0,0,0,0,0,0,0,8,31,0,0,16,34,37,45,0,0,0,0,0,0,0,0,0,0,0,0,29,42,17,73,0

l0,6=0,92,84,82,93,87,71,4,0,71,62,0,0,0,0,0,0,0,0,0,0,0,0,0,0,0,0,0,0,0,0,0,0,0,0,0,0,0,0,0
l1,6=87,0,84,85,94,91,82,43,0,79,61,0,0,0,0,0,0,0,0,0,0,0,0,11,0,0,0,0,0,0,0,0,0,0,0,0,0,0,0,0
l2,6=75,84,0,79,91,89,77,55,44,87,69,0,0,14,0,0,0,0,0,0,0,0,0,0,0,0,0,0,0,0,0,0,0,0,0,0,0,0,0,0
l3,6=77,82,76,0,94,87,72,0,0,71,0,0,0,0,0,0,0,0,0,0,0,0,0,0,0,0,0,0,0,0,0,0,0,0,0,0,0,0,0,0
l4,6=83,88,90,91,0,92,77,60,51,0,57,0,0,6,0,0,0,0,0,0,0,0,0,32,0,0,0,0,0,0,0,0,0,0,0,0,0,0,0,0
l5,6=79,79,84,83,86,0,66,80,62,82,70,0,0,43,0,0,0,0,0,0,0,0,0,0,0,0,0,0,0,0,0,0,0,0,0,0,0,0,0,0
l6,6=47,77,53,61,60,51,0,80,41,80,70,50,1,14,0,0,43,0,0,0,0,0,0,0,0,0,0,0,0,0,0,0,0,0,0,0,0,0,0,0
l7,6=9,20,54,33,38,83,72,0,62,82,71,55,0,0,0,57,0,0,0,0,0,0,0,0,0,0,0,0,0,0,0,0,0,0,0,0,0,0,0,0
l8,6=0,0,25,0,55,47,54,63,0,83,70,65,36,87,13,53,52,57,0,0,40,46,28,13,28,12,0,0,0,0,0,0,0,0,0,0,0,0,0,0
l9,6=6,48,57,47,0,73,67,71,62,0,71,56,34,80,24,58,34,22,0,0,8,0,8,0,0,0,0,0,0,0,0,0,0,0,0,0,0,0,6,0
l10,6=13,24,52,0,48,67,71,84,62,91,0,59,0,40,0,51,41,0,0,0,0,0,0,0,0,0,0,0,0,0,0,0,0,0,0,0,0,0,0,0
l11,6=0,0,0,0,0,0,25,38,46,51,41,0,36,30,23,75,49,42,0,0,37,0,0,6,28,17,0,0,0,0,0,0,0,0,0,0,9,3,29,0
l12,6=0,0,0,0,0,0,0,0,30,38,0,65,0,27,50,55,54,60,0,0,32,14,0,36,67,56,0,0,0,0,0,0,0,30,19,0,10,0,23,0
l13,6=0,0,0,0,0,9,0,0,57,80,35,61,27,0,22,65,41,57,0,30,9,0,18,5,32,0,0,0,0,0,0,0,0,0,0,34,17,0,12,0
l14,6=0,0,0,0,0,0,0,0,26,39,0,52,59,28,0,39,20,45,0,0,34,0,25,45,58,42,0,0,0,0,0,0,0,34,30,0,0,0,24,0
l15,6=0,0,0,0,0,0,0,41,36,59,39,76,56,57,21,0,49,53,0,0,1,38,28,30,34,29,0,0,0,0,0,0,0,0,0,8,8,0,29,0
l16,6=0,0,0,0,0,0,11,0,24,33,22,46,39,12,0,34,0,58,10,31,32,19,29,4,28,19,0,0,0,0,0,0,0,0,0,39,4,3,27,43
l17,6=0,0,0,0,0,0,0,0,37,34,0,57,41,35,25,54,55,0,0,0,49,33,12,0,35,31,0,0,0,0,0,0,0,15,0,0,28,3,26,4
l18,6=0,0,0,0,0,0,0,0,0,0,0,0,0,0,0,0,16,0,0,38,4,44,0,0,0,0,0,0,0,0,0,0,0,0,0,0,0,0,0,0
l19,6=0,0,0,0,0,0,0,0,0,0,0,0,0,29,0,0,41,0,27,0,61,59,55,0,0,0,0,0,17,24,0,1,0,0,0,14,39,0,23,14
l20,6=0,0,0,0,0,0,0,0,21,3,0,27,21,11,13,0,36,36,6,60,0,68,57,0,0,0,2,0,5,0,0,10,0,3,0,19,48,21,38,49
l21,6=0,0,0,0,0,0,0,0,21,8,0,0,22,1,0,30,35,26,16,52,62,0,55,0,0,0,0,0,0,0,0,0,0,0,0,53,32,22,29,61
l22,6=0,0,0,0,0,0,0,0,26,23,0,0,0,26,14,36,46,10,0,54,68,67,0,0,0,0,30,0,0,0,0,0,0,0,0,46,56,0,38,58
l23,6=0,0,0,0,25,0,0,0,21,0,0,21,57,7,53,38,39,0,0,0,0,0,0,0,66,60,0,0,0,0,0,6,1,34,37,0,0,0,0,0
l24,6=0,0,0,0,0,0,0,0,34,0,0,46,69,45,47,47,48,46,0,0,0,0,0,62,0,45,0,0,0,0,0,0,0,34,29,0,0,0,0,0
l25,6=0,0,0,0,0,0,0,0,17,0,0,19,67,2,50,23,36,27,0,0,0,0,0,65,57,0,0,0,0,0,0,0,19,36,0,0,0,0,0,0
l26,6=0,0,0,0,0,0,0,0,0,0,0,0,0,0,0,0,0,0,0,0,21,0,26,0,0,0,0,52,76,71,64,60,59,28,36,0,0,0,0,0
l27,6=0,0,0,0,0,0,0,0,0,0,0,0,0,0,0,0,0,0,0,0,0,0,0,0,0,0,60,0,74,74,88,47,38,0,0,0,0,0,0,0
l28,6=0,0,0,0,0,0,0,0,0,0,0,0,0,0,0,0,0,0,0,36,33,0,22,0,0,0,66,88,0,78,88,51,51,55,45,0,0,0,0,0
l29,6=0,0,0,0,0,0,0,0,0,0,0,0,0,0,0,0,0,0,0,35,0,0,4,0,0,0,62,80,76,0,47,35,38,35,36,0,0,0,0,0
l30,6=0,0,0,0,0,0,0,0,0,0,0,0,0,0,0,0,0,0,0,0,0,0,0,0,0,0,62,88,74,45,0,40,0,1,38,0,0,0,0,0
l31,6=0,0,0,0,0,0,0,0,0,0,0,0,0,0,0,0,0,0,0,1,19,0,0,22,0,0,61,31,35,28,39,0,78,49,57,0,0,0,0,0
l32,6=0,0,0,0,0,0,0,0,0,0,0,0,0,0,0,0,0,0,0,0,0,0,0,15,0,38,58,30,38,40,7,72,0,71,81,0,0,0,0,0
l33,6=0,0,0,0,0,0,0,0,0,0,0,0,45,0,37,0,0,27,0,0,18,0,0,39,45,46,39,0,38,37,31,58,69,0,65,0,0,0,0,0
l34,6=0,0,0,0,0,0,0,0,0,0,0,0,35,0,20,0,0,0,0,0,29,0,0,34,32,0,35,0,29,27,36,57,85,68,0,0,0,0,0,0
l35,6=0,0,0,0,0,0,0,0,0,0,0,0,0,13,0,0,43,0,0,0,11,48,23,0,0,0,0,0,0,0,0,0,0,0,0,0,37,31,30,54
l36,6=0,0,0,0,0,0,0,0,0,0,0,15,13,7,0,0,34,34,0,33,53,48,32,0,0,0,0,0,0,0,0,0,0,0,0,52,0,33,37,64
l37,6=0,0,0,0,0,0,0,0,0,0,0,12,0,0,0,0,27,0,0,1,48,43,0,0,0,0,0,0,0,0,0,0,0,0,0,57,66,0,33,54
l38,6=0,0,0,0,0,0,0,0,0,1,0,40,23,9,2,38,47,35,0,30,54,51,33,0,0,0,0,0,0,0,0,0,0,0,0,49,65,29,0,60
l39,6=0,0,0,0,0,0,0,0,0,0,0,0,0,0,0,0,42,0,0,3,51,51,27,0,0,0,0,0,0,0,0,0,0,0,0,47,62,28,38,0

l0,7=0,100,91,93,100,100,94,79,64,81,83,0,0,0,0,0,0,0,0,0,0,0,0,0,0,0,0,0,0,0,0,0,0,0,0,0,0,0,0,0
l1,7=100,0,94,92,99,94,89,85,43,64,61,0,0,64,0,0,0,0,0,0,0,0,0,0,0,0,0,0,0,0,0,0,0,0,0,0,0,0,0,0
l2,7=92,95,0,90,97,62,89,45,69,89,50,0,0,0,0,0,0,0,0,0,0,0,0,0,0,0,0,0,0,0,0,0,0,0,0,0,0,0,0,0
l3,7=90,95,91,0,96,94,89,33,0,74,74,0,0,0,0,0,0,0,0,0,0,0,0,0,0,0,0,0,0,0,0,0,0,0,0,0,0,0,0,0
l4,7=100,100,94,96,0,100,94,83,75,0,74,0,0,73,0,0,0,0,0,0,0,0,0,0,0,0,0,0,0,0,0,0,0,0,0,0,0,0,0,0
l5,7=94,95,77,89,97,0,0,95,81,90,84,0,3,64,0,0,0,0,0,0,0,0,0,0,0,0,0,0,0,0,0,0,0,0,0,0,0,0,0,0
l6,7=88,92,89,80,91,0,0,95,0,90,76,22,0,57,0,0,18,0,0,0,0,0,0,0,0,0,0,0,0,0,0,0,0,0,0,0,0,0,0,0
l7,7=33,74,28,57,64,94,89,0,76,90,84,9,6,67,0,63,0,3,0,0,0,0,0,0,0,0,0,0,0,0,0,0,0,0,0,0,0,0,0,0
l8,7=14,9,42,0,65,29,0,47,0,90,84,52,27,87,48,61,33,38,0,0,10,6,37,0,36,0,0,0,0,0,0,0,0,0,0,0,0,0,0,0
l9,7=15,12,54,35,0,53,89,93,90,0,84,33,15,86,1,62,0,14,0,0,22,5,8,14,37,0,0,0,0,0,0,0,0,0,0,0,0,0,28,0
l10,7=45,21,52,63,64,80,70,94,91,90,0,71,0,32,0,75,30,3,0,0,0,0,0,0,0,0,0,0,0,0,0,0,0,0,0,0,0,0,0,0
l11,7=0,0,0,0,0,0,11,1,58,50,22,0,51,69,45,82,33,28,0,0,23,5,30,0,47,27,0,0,0,0,0,0,0,0,0,0,9,0,34,17
l12,7=0,0,0,0,0,0,0,0,30,29,0,47,0,39,70,63,42,35,0,0,23,0,0,73,90,78,0,0,0,0,0,0,0,42,21,0,11,0,20,0
l13,7=0,9,0,0,33,13,12,21,86,78,1,26,16,0,55,62,21,37,0,3,10,0,0,42,67,29,0,0,0,0,0,0,0,0,0,17,12,0,25,0
l14,7=0,0,0,0,0,0,0,0,30,13,0,18,59,54,0,45,32,41,0,0,23,35,19,59,53,57,0,0,0,0,0,2,0,46,0,0,0,0,24,0
l15,7=0,0,0,0,0,0,0,24,55,62,23,86,77,74,49,0,25,31,0,0,25,39,31,53,41,31,0,0,0,0,0,0,0,0,0,0,16,22,34,0
l16,7=0,0,0,0,0,0,7,0,31,1,15,19,30,36,43,33,0,32,18,19,24,34,40,43,42,25,0,0,0,0,0,4,17,25,0,37,23,25,28,0
l17,7=0,0,0,0,0,0,0,0,42,31,0,20,25,58,52,42,33,0,0,19,26,30,35,43,56,0,0,0,0,0,0,0,0,32,0,0,21,0,34,6
l18,7=0,0,0,0,0,0,0,0,0,0,0,0,0,0,0,0,46,0,0,48,46,43,0,0,0,0,0,0,0,0,0,0,0,0,0,0,0,0,0,0
l19,7=0,0,0,0,0,0,0,0,0,0,0,0,0,14,0,0,27,23,27,0,61,44,57,0,0,0,0,0,0,0,0,34,0,0,0,8,26,0,41,0
l20,7=0,0,0,0,0,0,0,0,0,22,0,15,13,11,34,32,26,24,18,67,0,63,61,0,24,0,11,0,0,6,0,7,0,3,0,44,42,27,69,0
l21,7=0,0,0,0,0,0,0,0,19,27,0,1,1,0,32,30,20,18,18,40,65,0,64,0,8,0,7,0,0,0,0,0,0,0,2,42,38,4,58,46
l22,7=0,0,0,0,0,0,0,0,26,21,0,14,0,0,15,28,49,17,0,63,67,61,0,0,0,0,6,0,0,4,0,0,0,0,0,39,43,38,55,44
l23,7=0,0,0,0,0,0,0,0,0,9,0,0,58,41,70,45,31,20,0,0,0,0,0,0,90,86,0,0,0,0,0,0,0,26,66,0,0,0,0,0
l24,7=0,0,0,0,0,0,0,0,31,38,0,18,91,63,54,38,32,43,0,0,23,0,0,85,0,71,0,0,0,0,0,0,0,37,39,0,1,0,0,0
l25,7=0,0,0,0,0,0,0,0,0,13,0,18,80,42,60,46,19,0,0,0,0,0,0,81,79,0,0,0,0,11,0,33,36,53,0,0,0,0,13,0
l26,7=0,0,0,0,0,0,0,0,0,0,0,0,0,0,0,0,0,0,0,0,32,0,14,0,0,0,0,66,83,79,66,64,74,60,66,0,0,0,0,0
l27,7=0,0,0,0,0,0,0,0,0,0,0,0,0,0,0,0,0,0,0,0,0,0,0,0,0,0,68,0,79,83,90,40,55,0,4,0,0,0,0,0
l28,7=0,0,0,0,0,0,0,0,0,0,0,0,0,0,0,0,0,0,0,7,18,0,0,0,0,0,75,87,0,86,90,60,39,68,56,0,0,0,0,0
l29,7=0,0,0,0,0,0,0,0,0,0,0,0,0,0,0,0,0,0,0,0,30,0,12,0,0,20,71,87,83,0,87,54,54,53,19,0,0,0,0,0
l30,7=0,0,0,0,0,0,0,0,0,0,0,0,0,0,0,0,0,0,0,0,0,0,0,0,0,0,61,87,79,83,0,59,49,18,53,0,0,0,0,0
l31,7=0,0,0,0,0,0,0,0,0,0,0,0,0,0,2,0,5,0,0,37,19,0,0,0,0,20,67,14,60,46,45,0,84,82,81,0,0,0,0,0
l32,7=0,0,0,0,0,0,0,0,0,0,0,0,5,0,0,0,20,0,0,0,0,0,0,15,0,34,61,34,31,64,40,67,0,84,84,0,0,0,0,0
l33,7=0,0,0,0,0,0,0,0,0,0,0,0,49,0,54,0,43,43,0,0,29,0,0,44,49,47,52,0,68,53,47,70,84,0,69,0,0,0,0,0
l34,7=0,0,0,0,0,0,0,0,0,0,0,0,31,0,0,0,0,0,0,0,0,5,0,59,35,0,49,19,44,23,45,69,85,62,0,0,0,0,0,0
l35,7=0,0,0,0,0,0,0,0,0,0,0,0,0,3,0,0,30,0,0,8,34,45,40,0,0,0,0,0,0,0,0,0,0,0,0,0,47,59,39,36
l36,7=0,0,0,0,0,0,0,0,0,0,0,0,10,23,0,10,27,18,0,6,41,42,48,0,0,0,0,0,0,0,0,0,0,0,0,54,0,55,62,51
l37,7=0,0,0,0,0,0,0,0,0,0,0,0,0,0,0,7,20,0,0,0,28,0,35,0,0,0,0,0,0,0,0,0,0,0,0,57,44,0,29,25
l38,7=0,0,0,0,0,0,0,0,0,29,0,23,13,44,29,43,48,32,0,17,51,46,48,0,0,1,0,0,0,0,0,0,0,0,0,53,50,27,0,48
l39,7=0,0,0,0,0,0,0,0,0,0,0,0,0,0,0,0,0,0,0,0,0,45,47,0,0,0,0,0,0,0,0,0,0,0,0,54,48,28,35,0

l0,8=0,100,100,93,97,100,99,95,16,92,95,0,0,87,0,0,0,0,0,0,0,0,0,0,0,0,0,0,0,0,0,0,0,0,0,0,0,0,0,0
l1,8=100,0,100,99,100,100,99,99,85,94,0,0,0,70,0,0,0,0,0,0,0,0,0,20,0,0,0,0,0,0,0,0,0,0,0,0,0,0,0,0
l2,8=100,100,0,95,93,100,95,98,0,90,96,0,0,7,0,13,0,0,0,0,0,0,0,0,0,0,0,0,0,0,0,0,0,0,0,0,0,0,0,0
l3,8=76,100,97,0,98,100,99,95,0,83,26,0,0,0,0,0,0,0,0,0,0,0,0,0,1,0,0,0,0,0,0,0,0,0,0,0,0,0,0,0
l4,8=100,100,100,100,0,100,99,96,99,58,93,0,0,94,0,0,0,0,0,0,0,0,0,0,0,0,0,0,0,0,0,0,0,0,0,0,0,0,0,0
l5,8=100,100,100,99,100,0,99,99,98,91,99,60,0,93,0,0,0,0,0,0,0,0,0,0,0,0,0,0,0,0,0,0,0,0,0,0,0,0,0,0
l6,8=95,96,93,91,95,95,0,97,76,92,96,0,0,43,0,9,50,0,0,0,0,0,0,0,0,0,0,0,0,0,0,0,0,0,0,0,0,0,0,0
l7,8=94,95,94,92,91,95,93,0,96,96,99,34,0,94,0,0,5,38,0,0,0,0,0,0,0,0,0,0,0,0,0,0,0,0,0,0,0,0,0,0
l8,8=1,16,0,0,85,92,55,93,0,98,95,92,0,94,90,89,0,54,0,63,0,0,84,0,29,0,0,0,0,0,0,0,0,0,0,0,0,0,0,0
l9,8=92,75,13,79,10,91,93,97,99,0,99,62,29,94,85,90,53,43,0,0,0,69,0,79,57,0,0,0,0,0,0,0,0,0,0,0,0,0,77,0
l10,8=94,0,72,74,82,95,93,97,96,98,0,61,0,94,0,90,3,0,0,0,0,0,0,0,0,0,0,0,0,0,0,0,0,0,0,0,0,0,0,0
l11,8=0,0,0,0,0,20,0,3,80,89,83,0,98,46,88,98,58,56,0,0,36,48,5,84,58,41,0,0,0,0,0,0,0,0,0,6,40,0,69,0
l12,8=0,0,0,0,0,0,0,0,0,6,0,62,0,3,98,97,65,48,0,0,63,0,0,93,98,55,0,0,0,0,0,0,0,64,8,13,12,0,65,0
l13,8=47,0,0,0,53,50,11,57,99,97,89,45,19,0,89,89,52,41,0,0,47,39,0,83,58,36,0,0,0,0,0,0,0,0,0,3,22,0,78,0
l14,8=0,0,0,0,0,0,0,0,54,50,0,48,99,56,0,86,43,59,0,0,57,61,23,92,92,42,0,0,0,0,0,0,0,39,0,0,28,0,0,0
l15,8=0,0,0,0,0,0,0,0,81,90,93,98,75,65,91,0,60,56,0,0,73,67,55,87,48,37,0,0,0,0,0,0,0,0,0,0,23,0,83,0
l16,8=0,0,0,0,0,0,13,0,0,26,0,54,63,28,62,72,0,43,5,74,74,34,73,55,60,13,0,0,0,0,0,22,2,0,21,17,36,48,54,48
l17,8=0,0,0,0,0,0,0,4,51,36,0,55,57,26,96,96,60,0,0,73,70,0,33,25,56,0,0,0,0,0,0,0,0,58,0,3,10,0,81,36
l18,8=0,0,0,0,0,0,0,0,0,0,0,0,0,0,0,0,57,0,0,65,69,83,52,0,0,0,0,0,0,0,0,0,0,0,0,0,0,0,0,0
l19,8=0,0,0,0,0,0,0,0,37,0,0,0,0,0,0,0,59,50,33,0,80,72,88,0,0,0,0,0,0,0,0,27,0,0,0,60,57,0,55,4
l20,8=0,0,0,0,0,0,0,0,0,0,0,0,30,9,46,45,32,28,23,87,0,93,91,0,0,0,0,0,14,1,0,0,0,0,0,33,77,68,88,44
l21,8=0,0,0,0,0,0,0,0,0,41,0,29,12,31,56,49,28,0,26,57,82,0,90,0,0,0,0,0,0,0,0,0,0,0,0,42,39,59,82,58
l22,8=0,0,0,0,0,0,0,0,42,11,0,0,0,0,33,47,70,27,19,86,84,91,0,0,0,0,4,0,0,51,0,0,0,0,0,69,75,46,75,47
l23,8=0,0,0,0,0,0,0,0,0,60,0,49,93,61,90,82,53,36,0,0,0,0,0,0,98,94,0,0,0,0,0,0,69,72,65,0,0,0,0,0
l24,8=0,0,0,13,0,0,0,0,5,64,0,50,99,61,98,74,88,50,0,0,0,0,0,93,0,93,0,0,0,0,0,0,0,1,38,0,5,0,0,0
l25,8=0,0,0,0,0,0,0,0,0,0,0,56,99,56,80,72,39,0,0,0,0,0,0,93,94,0,0,0,0,71,0,35,73,79,56,0,0,0,3,0
l26,8=0,0,0,0,0,0,0,0,0,0,0,0,0,0,0,0,0,0,0,0,0,0,1,0,0,0,0,87,93,94,80,90,88,86,72,0,0,0,0,0
l27,8=0,0,0,0,0,0,0,0,0,0,0,0,0,0,0,0,0,0,0,0,0,0,0,0,0,0,94,0,93,94,94,0,78,0,75,0,0,0,0,0
l28,8=0,0,0,0,0,0,0,0,0,0,0,0,0,0,0,0,0,0,0,3,61,0,33,0,0,0,94,92,0,94,94,90,61,90,69,0,0,0,0,0
l29,8=0,0,0,0,0,0,0,0,0,0,0,0,0,0,0,0,0,0,0,0,25,0,55,0,0,52,94,92,94,0,91,90,67,76,64,0,0,0,0,0
l30,8=0,0,0,0,0,0,0,0,0,0,0,0,0,0,0,0,0,0,0,0,0,0,0,0,0,0,90,92,93,94,0,71,80,76,0,0,0,0,0,0
l31,8=0,0,0,0,0,0,0,0,0,0,0,0,0,0,0,0,56,0,0,37,0,0,0,0,0,17,94,0,88,85,69,0,87,92,89,0,0,0,0,0
l32,8=0,0,0,0,0,0,0,0,0,0,0,0,0,0,0,0,8,0,0,0,0,0,0,72,0,62,93,78,50,69,74,92,0,94,92,0,0,0,0,0
l33,8=0,0,0,0,0,0,0,0,0,0,0,0,78,0,64,0,0,76,0,0,19,0,0,75,22,68,75,0,81,79,70,90,88,0,88,0,0,0,0,0
l34,8=0,0,0,0,0,0,0,0,0,0,0,0,66,0,0,0,62,0,0,0,49,32,0,75,70,67,74,73,80,79,0,90,91,88,0,0,0,0,0,0
l35,8=0,0,0,0,0,0,0,0,0,0,0,0,25,0,0,0,20,0,0,43,44,44,59,0,0,0,0,0,0,0,0,0,0,0,0,0,77,79,66,51
l36,8=0,0,0,0,0,0,0,0,0,0,0,13,14,15,37,31,26,1,0,36,56,40,64,0,1,0,0,0,0,0,0,0,0,0,0,82,0,59,73,53
l37,8=0,0,0,0,0,0,0,0,0,0,0,0,0,0,0,0,26,0,0,0,57,42,4,0,0,0,0,0,0,0,0,0,0,0,0,76,37,0,63,38
l38,8=0,0,0,0,0,0,0,0,0,31,0,20,18,26,0,53,23,19,0,32,67,57,70,0,0,0,0,0,0,0,0,0,0,0,0,45,53,66,0,43
l39,8=0,0,0,0,0,0,0,0,0,0,0,0,0,0,0,0,36,0,0,0,54,71,58,0,0,0,0,0,0,0,0,0,0,0,0,70,68,65,65,0

l0,9=0,100,100,100,97,100,99,100,97,100,100,0,0,1,0,0,0,0,0,0,0,0,0,0,0,0,0,0,0,0,0,0,0,0,0,0,0,0,0,0
l1,9=99,0,99,100,100,100,99,100,98,100,100,0,0,0,0,0,0,0,0,0,0,0,0,0,0,0,0,0,0,0,0,0,0,0,0,0,0,0,0,0
l2,9=99,100,0,100,100,100,99,100,7,63,59,0,30,0,0,5,0,0,0,0,0,0,0,0,0,0,0,0,0,0,0,0,0,0,0,0,0,0,0,0
l3,9=99,100,99,0,100,100,99,100,0,0,0,0,0,0,0,0,0,0,0,0,0,0,0,0,0,0,0,0,0,0,0,0,0,0,0,0,0,0,0,0
l4,9=99,100,99,100,0,100,96,98,98,82,100,0,0,0,45,0,0,0,0,0,0,0,0,0,0,0,0,0,0,0,0,0,0,0,0,0,0,0,0,0
l5,9=99,100,100,100,100,0,99,2,99,100,100,0,0,69,0,0,0,0,0,0,0,0,0,0,0,0,0,0,0,0,0,0,0,0,0,0,0,0,0,0
l6,9=99,79,100,99,96,93,0,100,93,98,99,0,0,56,0,0,71,0,0,0,0,0,0,0,0,0,0,0,0,0,0,0,0,0,0,0,0,0,0,0
l7,9=41,100,97,97,96,3,99,0,99,100,100,48,25,99,0,37,0,0,0,0,0,0,0,0,0,0,0,0,0,0,0,0,0,0,0,0,0,0,0,0
l8,9=33,84,0,7,98,94,79,97,0,100,59,64,0,97,12,89,85,36,0,57,0,0,34,0,0,0,0,0,0,0,0,0,0,0,0,0,0,0,0,0
l9,9=76,79,82,0,82,93,96,100,100,0,100,98,1,99,83,91,91,0,0,0,0,0,0,30,37,0,0,0,0,0,0,0,0,0,0,0,0,0,0,0
l10,9=98,99,84,0,99,97,97,100,98,100,0,0,25,97,0,95,82,34,0,0,0,0,0,31,0,0,0,0,0,0,0,0,0,0,0,0,0,0,0,0
l11,9=0,0,0,0,0,0,0,40,61,60,0,0,99,36,86,99,94,38,0,0,84,79,11,34,52,87,0,0,0,0,0,0,0,0,0,48,77,1,74,0
l12,9=0,0,0,0,0,0,0,0,0,0,1,63,0,36,89,97,98,62,0,0,77,62,20,57,52,99,0,0,0,0,0,0,0,0,0,0,77,0,85,0
l13,9=0,0,0,0,0,16,76,60,99,100,58,86,36,0,42,97,98,0,0,14,85,82,0,34,53,86,0,0,0,0,0,0,0,0,0,0,76,0,77,0
l14,9=0,0,0,0,32,0,0,0,0,60,0,55,99,22,0,96,96,38,0,0,90,76,24,100,100,96,0,0,0,0,0,0,0,3,0,0,75,0,0,0
l15,9=0,0,0,0,0,0,0,0,48,58,59,100,63,36,85,0,96,39,0,0,78,77,31,32,52,0,0,0,0,0,0,0,0,0,0,0,80,0,86,0
l16,9=0,0,0,0,0,0,16,0,35,44,38,53,35,34,78,89,0,36,33,61,88,73,31,33,50,77,0,0,0,0,0,46,0,77,83,0,78,69,86,81
l17,9=0,0,0,0,0,0,0,0,45,0,51,55,37,1,86,95,97,0,0,64,78,72,33,0,45,4,0,0,0,0,0,0,0,83,0,1,75,0,60,80
l18,9=0,0,0,0,0,0,0,0,0,0,0,0,0,0,0,0,92,0,0,0,85,86,3,0,0,0,0,0,0,0,0,0,0,0,0,0,65,0,0,0
l19,9=0,0,0,0,0,0,0,0,29,0,0,0,0,2,0,0,85,52,0,0,88,89,92,0,0,0,42,0,0,0,0,0,0,0,0,81,79,72,0,74
l20,9=0,0,0,0,0,0,0,0,0,0,0,38,16,21,67,65,90,22,29,98,0,96,94,0,5,0,24,0,0,0,0,0,0,0,62,70,88,83,86,82
l21,9=0,0,0,0,0,0,0,0,0,0,0,40,20,30,66,69,75,28,30,78,97,0,92,0,0,0,0,0,0,0,0,0,0,6,0,84,80,71,82,69
l22,9=0,0,0,0,0,0,0,0,67,6,0,12,27,0,56,67,80,47,20,96,95,89,0,0,0,0,5,0,2,39,0,53,0,0,0,86,88,74,82,18
l23,9=0,0,0,0,0,0,0,0,0,49,15,57,99,36,100,95,98,0,0,0,0,0,0,0,100,100,0,0,0,0,0,0,62,98,99,0,0,0,0,0
l24,9=0,0,0,0,0,0,0,0,0,43,0,57,99,35,96,96,99,35,0,0,57,0,0,100,0,100,0,0,0,0,0,0,0,92,85,0,85,0,0,0
l25,9=0,0,0,0,0,0,0,0,0,0,0,55,99,32,87,0,90,0,0,0,0,0,0,100,100,0,0,0,0,36,0,0,63,98,82,0,0,0,76,0
l26,9=0,0,0,0,0,0,0,0,0,0,0,0,0,0,0,0,0,0,0,87,73,0,20,0,0,0,0,88,99,96,100,99,100,88,91,0,0,0,0,0
l27,9=0,0,0,0,0,0,0,0,0,0,0,0,0,0,0,0,0,0,0,0,0,0,0,0,0,0,97,0,99,98,100,99,95,0,0,0,0,0,0,0
l28,9=0,0,0,0,0,0,0,0,0,0,0,0,0,0,0,0,0,0,0,0,63,0,65,0,0,0,98,99,0,98,100,94,0,88,56,0,0,0,0,0
l29,9=0,0,0,0,0,0,0,0,0,0,0,0,0,0,0,0,0,0,0,0,0,0,80,0,0,41,98,99,99,0,100,98,82,87,92,0,0,0,0,0
l30,9=0,0,0,0,0,0,0,0,0,0,0,0,0,0,0,0,0,0,0,0,0,0,0,0,0,0,98,99,99,98,0,99,98,44,93,0,0,0,0,0
l31,9=0,0,0,0,0,0,0,0,0,0,0,0,0,0,0,0,81,0,0,0,0,0,33,0,0,0,97,72,97,95,98,0,100,100,100,0,0,0,0,0
l32,9=0,0,0,0,0,0,0,0,0,0,0,0,1,0,0,0,0,0,0,0,0,0,0,59,0,95,98,69,0,53,94,99,0,100,100,0,0,0,0,0
l33,9=0,0,0,0,0,0,0,0,0,0,0,0,21,0,19,0,90,86,0,0,53,1,0,97,92,100,94,0,98,87,82,99,100,0,100,0,0,0,0,0
l34,9=0,0,0,0,0,0,0,0,0,0,0,0,31,0,44,0,97,0,0,0,85,0,0,95,44,95,97,0,4,68,93,99,100,100,0,0,0,0,0,0
l35,9=0,0,0,0,0,0,0,0,0,0,0,0,0,0,0,0,0,0,0,63,44,63,48,0,0,0,0,0,0,0,0,0,0,0,0,0,86,80,78,70
l36,9=0,0,0,0,0,0,0,0,0,0,0,26,12,17,22,42,54,5,0,41,73,55,30,0,31,0,0,0,0,0,0,0,0,0,0,90,0,82,70,70
l37,9=0,0,0,0,0,0,0,0,0,0,0,0,0,0,0,0,37,0,0,43,69,61,27,0,0,0,0,0,0,0,0,0,0,0,0,81,84,0,69,68
l38,9=0,0,0,0,0,0,0,0,0,0,0,20,18,24,0,59,79,0,0,0,87,79,32,0,0,14,0,0,0,0,0,0,0,0,0,86,85,78,0,71
l39,9=0,0,0,0,0,0,0,0,0,0,0,0,0,0,0,0,79,29,0,54,76,68,1,0,0,0,0,0,0,0,0,0,0,0,0,84,83,81,71,0

l0,10=0,93,87,93,89,89,89,70,73,82,75,0,0,0,0,0,0,0,0,0,0,0,0,0,0,0,0,0,0,0,0,0,0,0,0,0,0,0,0,0
l1,10=91,0,84,85,85,88,82,79,33,58,64,15,0,0,0,0,0,0,0,0,0,0,0,0,0,0,0,0,0,0,0,0,0,0,0,0,0,0,0,0
l2,10=86,84,0,88,86,87,85,84,0,83,69,0,63,0,0,0,0,0,0,0,0,0,0,0,0,0,0,0,0,0,0,0,0,0,0,0,0,0,0,0
l3,10=91,76,85,0,91,71,81,56,0,71,0,0,0,0,0,0,0,0,0,0,0,0,0,0,0,0,0,0,0,0,0,0,0,0,0,0,0,0,0,0
l4,10=86,86,85,94,0,87,64,71,44,71,82,0,0,2,50,0,0,0,0,0,0,0,0,0,0,0,0,0,0,0,0,0,0,0,0,0,0,0,0,0
l5,10=86,84,85,85,86,0,85,85,64,84,83,0,1,82,0,0,0,0,0,0,0,0,0,0,0,0,0,0,0,0,0,0,0,0,0,0,0,0,0,0
l6,10=85,76,81,82,51,85,0,85,67,82,77,0,0,60,0,0,22,1,0,0,0,0,0,0,0,0,0,0,0,0,0,0,0,0,0,0,0,0,0,0
l7,10=75,79,77,74,76,82,85,0,81,87,86,66,57,79,39,0,0,0,0,0,0,0,0,0,0,0,0,0,0,0,0,0,0,0,0,0,0,0,0,0
l8,10=79,8,0,8,44,35,52,84,0,91,79,76,72,86,0,79,58,35,0,26,4,0,56,45,3,0,0,0,0,0,0,0,0,0,0,0,0,0,0,0
l9,10=82,0,60,74,71,74,83,85,85,0,85,77,73,86,68,75,0,0,0,0,0,19,0,11,0,0,0,0,0,0,0,0,0,0,0,0,0,0,0,0
l10,10=76,56,51,0,85,75,81,85,72,88,0,63,0,85,0,78,0,54,0,0,0,0,0,4,0,0,0,0,0,0,0,0,0,0,0,0,0,0,0,0
l11,10=0,4,0,0,0,0,0,61,77,79,67,0,80,89,85,86,0,86,0,0,68,69,0,79,81,71,0,0,0,0,0,0,0,0,0,1,59,0,62,0
l12,10=0,0,0,0,0,0,0,0,70,80,0,86,0,85,93,86,92,95,0,0,74,72,0,92,100,99,0,0,0,0,0,0,0,25,0,0,27,0,72,0
l13,10=0,0,0,0,4,38,25,75,85,86,81,80,82,0,75,80,78,0,0,0,64,57,0,44,51,0,0,0,0,0,0,0,0,0,0,0,0,0,56,0
l14,10=0,0,0,0,54,0,0,0,0,77,0,83,97,83,0,65,81,88,0,0,71,9,0,84,95,88,0,0,0,0,0,0,0,38,0,0,62,0,55,0
l15,10=0,0,0,0,0,0,0,0,77,78,76,87,88,91,80,0,75,63,0,22,65,0,46,7,50,55,0,0,0,0,0,0,0,0,0,0,2,1,41,0
l16,10=0,0,0,0,0,0,1,0,51,0,0,0,86,70,62,45,0,61,12,27,73,66,38,37,59,0,0,0,0,0,0,0,10,0,22,29,57,19,75,56
l17,10=0,0,0,0,0,0,0,0,67,0,59,86,97,5,81,52,84,0,0,23,65,73,55,0,42,56,0,0,0,0,0,0,0,18,0,0,56,0,65,37
l18,10=0,0,0,0,0,0,0,0,0,0,0,0,0,0,0,0,58,0,0,78,73,76,0,0,0,0,0,0,0,0,0,0,0,0,0,0,0,0,0,0
l19,10=0,0,0,0,0,0,0,0,29,0,0,0,0,0,0,22,58,45,43,0,82,75,74,0,0,0,44,0,0,0,0,0,0,0,0,58,0,23,28,37
l20,10=0,0,0,0,0,0,0,0,0,0,0,45,53,51,38,21,65,33,30,87,0,90,86,0,0,0,0,0,0,0,0,0,44,0,0,47,68,30,68,74
l21,10=0,0,0,0,0,0,0,0,0,44,0,48,50,49,22,2,66,52,31,45,91,0,85,0,0,0,0,0,0,0,0,0,0,15,0,52,63,41,68,44
l22,10=0,0,0,0,0,0,0,0,52,6,0,0,0,0,0,25,49,38,0,77,91,86,0,0,0,0,0,0,0,15,0,43,0,0,0,74,68,54,71,48
l23,10=0,0,0,0,0,0,0,0,73,37,0,82,97,83,92,30,81,0,0,0,0,0,0,0,100,100,0,0,0,0,0,58,80,49,18,0,0,0,0,0
l24,10=0,0,0,0,0,0,0,0,0,7,0,84,97,88,93,49,93,61,0,0,0,0,0,98,0,99,0,0,0,0,0,0,0,44,1,0,0,0,60,0
l25,10=0,0,0,49,0,0,0,0,0,0,0,80,97,0,90,38,0,35,0,0,0,0,0,99,100,0,41,0,0,0,0,75,83,98,49,0,0,0,57,0
l26,10=0,0,0,0,0,0,0,0,0,0,0,0,0,0,0,0,0,0,0,60,13,0,0,0,0,46,0,80,96,97,100,98,100,64,80,0,0,0,0,0
l27,10=0,0,0,0,0,0,0,0,0,0,0,0,0,0,0,0,0,0,0,0,0,0,0,0,0,0,87,0,91,97,100,81,0,0,78,0,0,0,0,0
l28,10=0,0,0,0,0,0,0,0,0,0,0,0,0,0,0,0,0,0,0,0,28,0,0,0,0,0,94,95,0,97,100,91,65,84,61,0,0,0,0,0
l29,10=0,0,0,0,0,0,0,0,0,0,0,0,0,0,0,0,0,0,0,0,0,0,53,0,0,0,94,96,96,0,100,88,71,18,62,0,0,0,0,0
l30,10=0,0,0,0,0,0,0,0,0,0,0,0,0,0,0,0,0,0,0,0,0,0,0,0,0,0,94,96,96,97,0,88,80,73,78,0,0,0,0,0
l31,10=0,0,0,0,0,0,0,0,0,0,0,0,0,0,0,0,0,0,0,0,0,0,67,49,0,64,94,80,93,97,100,0,99,100,100,0,0,0,0,0
l32,10=0,0,0,0,0,0,0,0,0,0,0,0,0,0,0,0,16,0,0,0,67,0,0,80,0,67,94,0,35,74,78,99,0,100,100,0,0,0,0,0
l33,10=0,0,0,0,0,0,0,0,0,0,0,0,75,0,61,0,0,22,0,0,0,39,0,99,84,100,83,0,93,22,78,100,99,0,100,0,0,0,0,0
l34,10=0,0,0,0,0,0,0,0,0,0,0,0,0,0,0,0,82,0,0,0,5,0,0,36,32,80,91,73,43,40,76,99,100,100,0,0,0,0,0,0
l35,10=0,0,0,0,0,0,0,0,0,0,0,0,0,0,0,0,41,0,0,32,60,59,53,0,0,0,0,0,0,0,0,0,0,0,0,0,79,45,63,46
l36,10=0,0,0,0,0,0,0,0,0,0,0,31,16,0,21,0,40,28,0,0,68,61,56,0,0,0,0,0,0,0,0,0,0,0,0,60,0,44,65,69
l37,10=0,0,0,0,0,0,0,0,0,0,0,0,0,0,0,0,26,0,0,13,54,48,52,0,0,0,0,0,0,0,0,0,0,0,0,57,68,0,52,57
l38,10=0,0,0,0,0,0,0,0,0,0,0,42,46,26,7,11,67,36,0,2,66,67,60,0,4,11,0,0,0,0,0,0,0,0,0,59,67,25,0,61
l39,10=0,0,0,0,0,0,0,0,0,0,0,0,0,0,0,0,55,36,0,19,68,55,52,0,0,0,0,0,0,0,0,0,0,0,0,43,68,38,65,0

l0,11=0,88,91,87,85,83,73,58,57,64,56,0,0,0,0,0,0,0,0,0,0,0,0,0,0,0,0,0,0,0,0,0,0,0,0,0,0,0,0,0
l1,11=85,0,80,85,85,85,79,75,57,64,0,44,0,27,0,0,0,0,0,0,0,0,0,0,0,0,0,0,0,0,0,0,0,0,0,0,0,0,0,0
l2,11=83,85,0,84,84,85,80,64,0,0,80,0,0,0,0,0,0,0,0,0,0,0,0,0,0,0,0,0,0,0,0,0,0,0,0,0,0,0,0,0
l3,11=87,88,89,0,85,85,0,51,0,52,57,0,0,0,0,0,0,0,0,0,0,0,0,0,0,0,0,0,0,0,0,0,0,0,0,0,0,0,0,0
l4,11=79,83,83,87,0,80,72,65,0,66,67,0,17,0,43,0,0,0,0,0,0,0,0,0,0,0,0,0,0,0,0,0,0,0,0,0,0,0,0,0
l5,11=83,85,89,83,84,0,83,83,68,82,63,0,0,50,0,0,0,0,0,0,0,0,0,0,0,0,0,0,0,0,0,0,0,0,0,0,0,0,0,0
l6,11=65,81,56,7,61,70,0,81,62,76,48,13,0,62,0,55,40,0,0,0,0,0,0,0,0,0,0,0,0,0,0,0,0,0,0,0,0,0,0,0
l7,11=68,84,72,65,79,79,83,0,76,84,86,60,60,79,0,46,1,0,0,0,0,0,0,0,0,0,0,0,0,0,0,0,0,0,0,0,0,0,0,0
l8,11=60,32,0,0,0,72,75,78,0,85,54,53,53,82,0,79,0,67,0,48,0,0,0,33,41,0,0,0,0,0,0,0,0,0,0,0,0,0,0,0
l9,11=55,30,0,31,42,78,80,85,84,0,86,45,42,82,0,74,47,6,0,0,0,39,0,21,30,0,0,0,0,0,0,0,0,0,0,0,0,0,0,0
l10,11=44,0,75,41,70,55,72,85,74,85,0,63,0,81,0,70,0,2,0,0,0,0,0,0,0,0,0,0,0,0,0,0,0,0,0,0,0,0,0,0
l11,11=0,21,0,0,0,0,56,56,78,79,30,0,54,82,82,86,77,80,0,1,0,38,33,47,50,42,0,0,0,0,0,0,0,0,0,15,0,0,69,0
l12,11=0,0,0,0,0,0,0,5,78,76,0,52,0,79,94,84,86,87,0,0,57,40,30,48,96,96,0,0,0,0,0,0,0,0,0,0,0,0,77,0
l13,11=0,5,0,0,0,49,74,80,84,85,32,84,34,0,77,83,79,77,0,39,60,34,0,45,48,37,0,0,0,0,0,0,0,0,0,0,0,0,62,0
l14,11=0,0,0,0,22,0,0,0,0,0,0,30,90,64,0,0,88,84,0,0,46,15,0,53,44,62,0,0,0,0,0,0,0,51,21,16,49,0,66,0
l15,11=0,0,0,0,0,0,67,10,78,75,31,89,60,84,0,0,81,84,0,56,58,43,34,8,5,44,0,0,0,0,0,0,0,0,0,2,54,0,77,0
l16,11=0,0,0,0,0,0,30,0,0,50,0,22,37,66,81,77,0,86,0,0,55,48,39,36,56,28,0,0,0,0,0,0,31,0,19,0,59,64,88,24
l17,11=0,0,0,0,0,0,0,0,66,54,3,30,36,68,84,86,89,0,0,0,52,43,36,39,43,11,0,0,0,0,0,0,0,0,0,0,54,0,72,0
l18,11=0,0,0,0,0,0,0,0,0,0,0,0,0,0,0,0,24,0,0,80,72,75,35,0,0,0,0,0,0,0,0,0,0,0,0,0,0,0,0,0
l19,11=0,0,0,0,0,0,0,0,41,0,0,0,0,23,0,35,0,0,47,0,77,66,64,0,0,0,46,0,0,1,9,0,0,0,0,27,0,21,44,35
l20,11=0,0,0,0,0,0,0,0,0,0,0,0,19,42,31,46,61,45,39,82,0,85,79,0,0,0,0,0,0,0,0,12,34,6,0,15,51,55,70,21
l21,11=0,0,0,0,0,0,0,0,0,52,0,14,20,43,38,42,76,55,49,74,83,0,79,0,1,0,0,0,0,0,0,0,0,0,0,11,49,49,85,0
l22,11=0,0,0,0,0,0,0,0,0,0,0,13,17,0,0,37,48,45,12,67,82,84,0,0,0,0,0,0,0,5,0,37,0,0,0,54,61,45,76,65
l23,11=0,0,0,0,0,0,0,0,37,38,0,48,84,75,88,9,73,64,0,0,0,0,0,0,95,96,0,0,0,0,0,50,60,50,0,0,0,0,0,0
l24,11=0,0,0,0,0,0,0,0,43,56,0,29,90,76,81,0,91,78,0,0,0,0,0,93,0,89,0,0,0,0,0,0,0,0,0,0,0,0,1,0
l25,11=0,0,0,0,0,0,0,0,0,0,0,34,90,48,89,53,46,8,0,0,0,0,0,95,95,0,0,0,0,0,0,61,47,88,0,0,0,0,0,0
l26,11=0,0,0,0,0,0,0,0,0,0,0,0,0,0,0,0,0,0,0,37,0,0,0,0,0,0,0,82,92,89,93,94,88,39,63,0,0,0,0,0
l27,11=0,0,0,0,0,0,0,0,0,0,0,0,0,0,0,0,0,0,0,0,0,0,0,0,0,0,82,0,89,90,94,42,0,0,34,0,0,0,0,0
l28,11=0,0,0,0,0,0,0,0,0,0,0,0,0,0,0,0,0,0,0,19,22,0,0,0,0,0,85,95,0,91,94,84,69,0,42,0,0,0,0,0
l29,11=0,0,0,0,0,0,0,0,0,0,0,0,0,0,0,0,0,0,0,1,0,0,13,0,0,0,83,95,92,0,94,80,32,36,35,0,0,0,0,0
l30,11=0,0,0,0,0,0,0,0,0,0,0,0,0,0,0,0,0,0,0,0,0,0,0,0,0,0,85,95,92,91,0,86,48,76,62,0,0,0,0,0
l31,11=0,0,0,0,0,0,0,0,0,0,0,0,0,0,0,0,0,0,0,0,54,0,54,60,0,62,85,73,86,87,89,0,90,100,100,0,0,0,0,0
l32,11=0,0,0,0,0,0,0,0,0,0,0,0,0,0,0,0,22,0,0,0,23,0,0,24,0,21,84,2,37,26,34,95,0,100,100,0,0,0,0,0
l33,11=0,0,0,0,0,0,0,0,0,0,0,0,0,0,75,0,0,0,0,0,39,0,0,72,2,92,80,0,0,77,87,100,96,0,100,0,0,0,0,0
l34,11=0,0,0,0,0,0,0,0,0,0,0,0,0,0,45,0,69,0,0,0,0,0,0,0,0,1,81,78,33,77,83,100,96,100,0,0,0,0,0,0
l35,11=0,0,0,0,0,0,0,0,0,0,0,3,0,0,32,9,1,0,0,47,48,20,40,0,0,0,0,0,0,0,0,0,0,0,0,0,82,72,77,0
l36,11=0,0,0,0,0,0,0,0,0,0,0,0,0,0,26,37,61,51,0,0,52,38,43,0,0,0,0,0,0,0,0,0,0,0,0,48,0,76,84,27
l37,11=0,0,0,0,0,0,0,0,0,0,0,0,0,0,0,0,54,0,0,1,50,25,28,0,0,0,0,0,0,0,0,0,0,0,0,21,63,0,45,23
l38,11=0,0,0,0,0,0,0,0,0,0,0,15,24,33,53,46,75,45,0,24,57,49,44,0,0,0,0,0,0,0,0,0,0,0,0,24,71,53,0,26
l39,11=0,0,0,0,0,0,0,0,0,0,0,0,0,0,0,0,58,0,0,63,51,0,40,0,0,0,0,0,0,0,0,0,0,0,0,0,77,67,69,0

l0,12=0,95,88,91,91,89,60,10,0,70,45,0,0,0,0,0,0,0,0,0,0,0,0,0,0,0,0,0,0,0,0,0,0,0,0,0,0,0,0,0
l1,12=85,0,79,85,83,85,85,83,20,3,69,45,0,0,0,0,0,0,0,0,0,0,0,0,0,0,0,0,0,0,0,0,0,0,0,0,0,0,0,0
l2,12=84,78,0,84,81,90,86,45,14,39,73,0,0,0,0,0,0,0,0,0,0,0,0,0,0,0,0,0,0,0,0,0,0,0,0,0,0,0,0,0
l3,12=87,89,82,0,91,85,61,14,0,64,69,0,0,0,0,0,0,0,0,0,0,0,0,0,0,0,0,0,0,0,0,0,0,0,0,0,0,0,0,0
l4,12=82,83,77,90,0,78,73,71,60,63,68,0,0,0,47,0,0,0,0,0,0,0,0,49,0,0,0,0,0,0,0,0,0,0,0,0,0,0,0,0
l5,12=81,84,84,84,81,0,77,74,69,84,71,0,0,48,0,0,0,0,0,0,0,0,0,16,0,0,0,0,0,0,0,0,0,0,0,0,0,0,0,0
l6,12=59,83,82,70,74,74,0,79,59,34,77,60,0,67,20,70,0,0,0,0,0,0,0,0,0,0,0,0,0,0,0,0,0,0,0,0,0,0,0,0
l7,12=17,86,26,47,79,82,85,0,80,86,86,41,35,77,0,2,0,0,0,0,0,0,0,0,0,0,0,0,0,0,0,0,0,0,0,0,0,0,0,0
l8,12=0,4,0,30,40,71,78,82,0,89,85,71,65,84,0,83,19,31,0,38,0,37,0,18,64,0,0,0,0,0,0,0,0,0,0,0,0,0,0,0
l9,12=64,0,0,37,40,85,54,83,81,0,86,65,58,82,0,72,36,22,0,0,56,67,0,0,41,0,0,0,0,0,0,0,0,0,0,0,0,0,0,0
l10,12=33,63,67,67,70,53,80,83,81,89,0,63,0,81,0,74,0,0,0,0,0,0,0,0,0,0,0,0,0,0,0,0,0,0,0,0,0,0,0,0
l11,12=0,56,0,0,0,0,76,29,43,51,69,0,76,88,77,84,48,52,0,0,58,63,62,79,0,66,0,0,0,0,0,0,0,0,0,19,38,0,63,0
l12,12=0,0,0,0,0,0,0,0,43,48,0,85,0,78,91,84,81,87,0,0,70,65,48,74,91,93,0,0,0,0,0,0,0,45,0,0,0,0,66,0
l13,12=0,0,0,1,1,39,76,77,82,84,69,73,68,0,80,84,47,45,0,0,56,50,0,79,79,0,0,0,0,0,0,0,0,0,0,0,0,0,22,0
l14,12=0,0,0,0,31,0,2,0,0,10,0,67,80,78,0,79,88,45,0,0,61,68,0,85,94,60,0,0,0,0,0,0,0,67,42,29,43,0,56,0
l15,12=0,0,0,0,0,0,72,0,40,48,62,86,76,89,77,0,49,58,0,49,67,68,2,60,77,72,0,0,0,0,0,0,0,0,0,0,0,0,60,0
l16,12=0,0,0,0,0,0,0,0,9,15,0,61,74,66,84,79,0,55,39,52,68,66,57,44,91,52,0,0,0,0,0,0,0,0,0,16,48,58,71,32
l17,12=0,0,0,0,0,0,0,0,24,19,0,89,80,76,69,79,53,0,0,57,70,67,62,71,65,0,0,0,0,0,0,0,0,10,0,0,48,0,62,0
l18,12=0,0,0,0,0,0,0,0,0,0,0,0,0,0,0,0,56,0,0,59,70,45,0,0,0,0,0,0,0,0,0,0,0,0,0,0,0,0,0,0
l19,12=0,0,0,0,0,0,0,0,18,0,0,0,0,0,0,44,30,31,42,0,87,76,73,0,0,0,33,0,0,37,27,0,0,0,0,21,28,45,47,66
l20,12=0,0,0,0,0,0,0,0,0,26,0,20,43,37,43,52,38,36,40,84,0,88,85,0,0,0,0,0,0,0,0,30,0,0,0,27,81,59,75,38
l21,12=0,0,0,0,0,0,0,0,20,29,0,41,43,37,49,54,76,65,33,86,92,0,84,0,39,0,0,0,0,0,0,0,0,0,0,22,31,28,81,0
l22,12=0,0,0,0,0,0,0,0,0,0,0,39,37,0,0,0,27,29,0,82,92,87,0,0,0,0,0,0,0,1,0,33,0,0,0,41,61,0,74,68
l23,12=0,0,0,0,33,0,0,0,0,2,0,78,69,86,93,62,22,47,0,0,0,0,0,0,94,96,0,0,0,0,0,24,51,65,0,0,0,0,0,0
l24,12=0,0,0,0,0,0,0,0,54,49,0,0,80,78,93,82,90,61,0,0,0,57,0,88,0,90,0,0,0,0,0,0,52,21,0,0,9,0,50,0
l25,12=0,0,0,0,0,0,0,0,0,0,0,45,82,5,48,74,64,0,0,0,0,0,0,96,93,0,0,0,0,6,0,73,44,66,86,0,0,0,0,0
l26,12=0,0,0,0,0,0,0,0,0,0,0,0,0,0,0,0,0,0,0,32,0,0,0,0,0,0,0,71,93,79,93,92,82,38,66,0,0,0,0,0
l27,12=0,0,0,0,0,0,0,0,0,0,0,0,0,0,0,0,0,0,0,0,0,0,0,0,0,0,77,0,86,92,95,75,0,25,20,0,0,0,0,0
l28,12=0,0,0,0,0,0,0,0,0,0,0,0,0,0,0,0,0,0,0,0,0,0,0,0,0,0,88,95,0,94,95,81,76,60,68,0,0,0,0,0
l29,12=0,0,0,0,0,0,0,0,0,0,0,0,0,0,0,0,0,0,0,35,0,0,6,0,0,0,80,95,93,0,95,77,73,58,59,0,0,0,0,0
l30,12=0,0,0,0,0,0,0,0,0,0,0,0,0,0,0,0,0,0,0,0,0,0,0,0,0,0,87,95,91,94,0,79,76,48,44,0,0,0,0,0
l31,12=0,0,0,0,0,0,0,0,0,0,0,0,0,0,0,0,0,0,0,0,65,0,63,36,0,74,88,83,90,86,94,0,97,100,100,0,0,0,0,0
l32,12=0,0,0,0,0,0,0,0,0,0,0,0,0,0,0,0,0,0,0,3,0,0,0,40,58,37,83,0,77,82,87,95,0,100,100,0,0,0,0,0
l33,12=0,0,0,0,0,0,0,0,0,0,0,0,45,0,73,0,0,0,0,0,0,0,0,68,38,75,83,32,66,73,80,100,97,0,100,0,0,0,0,0
l34,12=0,0,0,0,0,0,0,0,0,0,0,0,0,0,71,0,0,0,0,0,9,0,0,0,0,93,88,37,90,87,82,100,97,100,0,0,0,0,0,0
l35,12=0,0,0,0,0,0,0,0,0,0,0,27,0,0,21,0,12,0,0,28,55,33,69,0,0,0,0,0,0,0,0,0,0,0,0,0,88,72,73,39
l36,12=0,0,0,0,0,0,0,0,0,0,0,34,0,0,25,0,41,6,0,33,77,32,68,0,1,0,0,0,0,0,0,0,0,0,0,73,0,81,79,50
l37,12=0,0,0,0,0,0,0,0,0,0,0,0,0,0,0,0,37,0,0,53,65,0,0,0,0,0,0,0,0,0,0,0,0,0,0,40,60,0,0,43
l38,12=0,0,0,0,0,0,0,0,0,0,0,37,59,0,32,33,49,6,0,49,69,70,68,0,41,0,0,0,0,0,0,0,0,0,0,44,62,0,0,40
l39,12=0,0,0,0,0,0,0,0,0,0,0,0,0,0,0,0,42,0,0,64,64,0,72,0,0,0,0,0,0,0,0,0,0,0,0,38,69,70,65,0

l0,13=0,94,88,94,94,90,90,94,84,90,65,0,0,0,0,0,0,0,0,0,0,0,0,0,0,0,0,0,0,0,0,0,0,0,0,0,0,0,0,0
l1,13=95,0,88,93,92,90,89,92,0,74,86,0,1,0,0,0,0,0,0,0,0,0,0,0,0,0,0,0,0,0,0,0,0,0,0,0,0,0,0,0
l2,13=95,93,0,92,92,90,90,88,0,56,86,0,0,28,0,0,0,0,0,0,0,0,0,0,0,0,0,0,0,0,0,0,0,0,0,0,0,0,0,0
l3,13=95,94,91,0,96,92,88,79,19,52,88,0,0,0,0,0,0,0,0,0,0,0,0,0,0,0,0,0,0,0,0,0,0,0,0,0,0,0,0,0
l4,13=95,93,86,93,0,90,87,85,66,77,75,0,0,29,0,0,0,0,0,0,0,0,0,5,0,0,0,0,0,0,0,0,0,0,0,0,0,0,0,0
l5,13=95,88,88,85,92,0,88,83,67,88,86,0,0,70,0,0,0,0,0,0,0,0,0,0,0,0,0,0,0,0,0,0,0,0,0,0,0,0,0,0
l6,13=88,88,86,85,87,88,0,0,79,86,40,85,0,70,0,79,0,0,0,0,0,0,0,0,0,0,0,0,0,0,0,0,0,0,0,0,0,0,0,0
l7,13=82,89,83,36,50,33,0,0,88,91,91,15,36,69,0,25,0,0,0,0,0,0,0,0,0,0,0,0,0,0,0,0,0,0,0,0,0,0,0,0
l8,13=66,0,0,34,33,53,82,86,0,93,85,79,79,90,52,27,72,73,0,45,0,40,10,0,78,0,0,0,0,0,0,0,0,0,0,0,0,0,0,0
l9,13=80,69,73,63,72,84,82,88,90,0,91,82,82,89,23,79,70,67,0,0,39,64,0,0,0,0,0,0,0,0,0,0,0,0,0,0,0,0,0,0
l10,13=44,85,83,39,32,55,65,91,86,93,0,79,0,89,0,29,0,0,0,0,0,0,0,0,0,0,0,0,0,0,0,0,0,0,0,0,0,0,0,0
l11,13=0,0,0,0,0,0,78,0,52,35,27,0,91,98,31,87,75,95,0,0,47,40,29,32,0,71,0,0,0,0,0,0,0,0,0,0,0,0,57,0
l12,13=0,0,0,0,0,0,0,0,47,32,0,92,0,65,61,57,81,100,0,0,49,39,26,29,100,100,0,0,0,0,0,0,0,29,0,0,0,0,74,0
l13,13=0,0,0,0,25,31,78,80,71,92,50,93,80,0,30,87,73,84,0,29,50,40,0,34,0,76,0,0,0,0,0,0,0,0,0,0,0,0,76,0
l14,13=0,0,0,0,0,0,0,0,57,31,0,91,99,72,0,33,87,90,0,0,47,37,0,63,100,88,0,0,0,0,0,0,17,27,45,31,0,0,0,0
l15,13=0,0,0,0,0,0,77,25,38,35,27,93,95,89,30,0,77,97,0,39,43,36,0,32,83,74,0,0,0,0,0,0,0,0,0,0,71,0,72,0
l16,13=0,0,0,0,0,0,0,0,35,22,0,79,89,52,32,33,0,93,55,39,44,36,25,0,93,0,0,0,0,0,0,0,0,12,25,65,72,1,78,69
l17,13=0,0,0,0,0,0,0,0,49,29,0,90,98,72,32,33,81,0,0,40,49,44,26,26,88,51,0,0,0,0,0,0,0,28,0,13,75,0,78,0
l18,13=0,0,0,0,0,0,0,0,0,0,0,0,0,0,0,0,69,0,0,90,93,0,0,0,0,0,0,0,0,0,0,0,0,0,0,0,0,0,0,0
l19,13=0,0,0,0,0,0,0,0,34,0,0,0,0,13,0,26,64,53,72,0,94,93,87,0,0,0,53,0,0,46,7,6,0,0,0,45,21,54,73,83
l20,13=0,0,0,0,0,0,0,0,0,15,0,56,74,46,18,20,72,84,73,94,0,97,94,0,0,0,30,0,0,0,0,45,0,0,17,59,92,82,83,83
l21,13=0,0,0,0,0,0,0,0,39,23,0,71,69,51,23,22,70,85,0,94,95,0,95,0,57,0,0,0,0,0,0,9,0,0,0,46,16,21,83,69
l22,13=0,0,0,0,0,0,0,0,0,0,0,66,67,0,0,0,75,55,0,87,95,98,0,0,0,0,58,0,0,0,0,40,0,0,29,86,87,10,83,89
l23,13=0,0,0,5,0,0,0,0,0,0,0,90,81,71,99,33,34,73,0,0,0,0,0,0,89,100,0,0,0,0,0,0,0,33,23,0,0,0,0,0
l24,13=0,0,0,0,0,0,0,0,57,0,0,0,99,0,99,33,86,89,0,0,0,41,0,34,0,100,0,0,0,0,0,0,28,1,0,0,79,0,14,0
l25,13=0,0,0,0,0,0,0,0,0,0,0,85,99,65,43,32,0,42,0,0,0,0,0,100,100,0,0,0,0,4,0,92,31,40,68,0,0,0,0,0
l26,13=0,0,0,0,0,0,0,0,0,0,0,0,0,0,0,0,0,0,0,62,45,0,58,0,0,0,0,84,98,80,99,99,80,82,0,0,0,0,0,0
l27,13=0,0,0,0,0,0,0,0,0,0,0,0,0,0,0,0,0,0,0,0,0,0,0,0,0,0,74,0,98,99,100,76,73,78,3,0,0,0,0,0
l28,13=0,0,0,0,0,0,0,0,0,0,0,0,0,0,0,0,0,0,0,17,0,0,0,0,0,0,94,97,0,99,100,92,72,75,75,0,0,0,0,0
l29,13=0,0,0,0,0,0,0,0,0,0,0,0,0,0,0,0,0,0,0,59,0,0,0,0,0,0,78,97,98,0,100,77,83,79,75,0,0,0,0,0
l30,13=0,0,0,0,0,0,0,0,0,0,0,0,0,0,0,0,0,0,0,0,0,0,0,0,0,0,94,97,98,99,0,82,75,79,35,0,0,0,0,0
l31,13=0,0,0,0,0,0,0,0,0,0,0,0,0,0,0,0,0,0,0,24,63,5,42,0,0,71,94,97,97,98,100,0,99,100,100,0,0,0,0,0
l32,13=0,0,0,0,0,0,0,0,0,0,0,0,0,0,39,0,0,0,0,0,0,0,0,0,83,81,91,78,85,94,87,100,0,100,100,0,0,0,0,0
l33,13=0,0,0,0,0,0,0,0,0,0,0,0,97,0,66,0,60,96,0,0,0,0,0,99,63,99,94,93,97,97,98,100,99,0,100,0,0,0,0,0
l34,13=0,0,0,0,0,0,0,0,0,0,0,0,25,0,60,0,61,0,0,0,53,0,55,43,0,98,0,9,97,97,72,100,99,100,0,0,0,0,0,0
l35,13=0,0,0,0,0,0,0,0,0,0,0,0,0,0,8,0,53,0,0,26,34,18,31,0,0,0,0,0,0,0,0,0,0,0,0,0,95,93,86,81
l36,13=0,0,0,0,0,0,0,0,0,0,0,0,0,0,0,17,62,66,0,1,55,0,34,0,57,0,0,0,0,0,0,0,0,0,0,90,0,74,82,81
l37,13=0,0,0,0,0,0,0,0,0,0,0,0,0,0,0,0,0,0,0,38,50,0,0,0,0,0,0,0,0,0,0,0,0,0,0,88,76,0,67,75
l38,13=0,0,0,0,0,0,0,0,0,0,0,0,67,43,0,20,67,65,0,38,52,40,30,0,6,0,0,0,0,0,0,0,0,0,0,86,86,60,0,76
l39,13=0,0,0,0,0,0,0,0,0,0,0,0,0,0,0,0,57,0,0,46,43,32,34,0,0,0,0,0,0,0,0,0,0,0,0,81,76,64,78,0

l0,14=0,100,100,100,98,98,97,93,93,95,97,0,0,2,0,0,0,0,0,0,0,0,0,0,0,0,0,0,0,0,0,0,0,0,0,0,0,0,0,0
l1,14=97,0,99,97,97,98,94,86,11,49,50,0,0,47,1,0,0,0,0,0,0,0,0,0,0,0,0,0,0,0,0,0,0,0,0,0,0,0,0,0
l2,14=99,100,0,97,97,98,98,93,85,69,88,0,0,6,0,2,0,0,0,0,0,0,0,0,0,0,0,0,0,0,0,0,0,0,0,0,0,0,0,0
l3,14=97,97,98,0,97,98,96,91,0,78,96,0,0,0,0,0,0,0,0,0,0,0,0,0,0,0,0,0,0,0,0,0,0,0,0,0,0,0,0,0
l4,14=97,97,98,97,0,98,73,0,45,47,96,0,0,40,0,0,0,0,0,0,0,0,0,0,0,0,0,0,0,0,0,0,0,0,0,0,0,0,0,0
l5,14=98,97,99,97,97,0,98,84,89,95,98,0,0,86,0,47,0,0,0,0,0,0,0,0,0,0,0,0,0,0,0,0,0,0,0,0,0,0,0,0
l6,14=89,92,100,97,90,98,0,88,82,91,96,98,0,86,0,86,0,0,0,0,0,0,53,0,0,0,0,0,0,0,0,0,0,0,0,0,0,0,0,0
l7,14=97,96,99,96,14,84,93,0,92,96,100,0,1,86,0,18,52,0,0,0,0,0,0,0,0,0,0,0,0,0,0,0,0,0,0,0,0,0,0,0
l8,14=41,3,37,43,46,49,42,48,0,99,98,48,57,48,39,33,0,0,0,18,32,33,43,0,48,0,0,0,0,0,0,0,0,0,0,0,0,0,0,0
l9,14=82,47,0,50,45,97,49,94,97,0,100,97,0,97,39,93,46,34,0,0,52,54,0,53,0,0,0,0,0,0,0,0,0,0,0,0,0,0,0,0
l10,14=91,88,37,96,97,98,96,94,93,99,0,52,71,97,3,37,0,0,0,0,7,3,0,0,0,0,0,0,0,0,0,0,0,0,0,0,0,0,0,0
l11,14=0,0,0,0,0,0,96,0,49,93,31,0,99,99,95,96,96,92,0,0,33,34,47,58,30,26,0,0,0,0,0,0,0,0,0,0,35,0,28,0
l12,14=0,0,0,0,0,0,0,0,87,0,43,93,0,94,100,57,11,96,0,28,59,60,93,96,83,98,0,0,0,0,0,0,0,92,0,0,0,0,0,0
l13,14=1,44,0,0,46,49,42,47,48,99,68,100,99,0,40,96,33,92,0,17,0,33,0,0,51,26,0,0,0,0,0,0,0,0,0,0,0,0,26,0
l14,14=0,0,0,0,0,0,0,0,50,27,0,80,100,50,0,30,46,40,0,0,9,12,0,96,100,22,0,0,0,0,0,0,41,49,0,0,0,0,23,0
l15,14=0,0,0,0,0,29,35,0,69,59,26,100,99,99,37,0,95,97,0,34,34,28,0,98,89,25,0,0,0,0,0,0,0,0,0,0,0,0,26,0
l16,14=0,0,0,0,0,0,0,23,0,21,0,78,51,48,65,56,0,97,16,43,49,33,95,48,88,0,0,0,0,0,0,0,0,50,31,93,90,29,3,27
l17,14=0,0,0,0,0,0,0,0,0,30,0,98,99,98,67,93,83,0,0,45,61,62,60,72,92,38,0,0,0,0,0,0,0,47,0,44,40,0,58,0
l18,14=0,0,0,0,0,0,0,0,0,0,0,0,0,0,0,0,75,0,0,89,88,0,87,0,0,0,0,0,0,0,0,0,0,0,0,0,0,0,0,0
l19,14=0,0,0,0,0,0,0,0,2,0,0,0,88,8,0,44,60,89,83,0,97,97,91,0,0,0,3,0,9,56,0,3,0,0,0,87,84,72,54,94
l20,14=0,0,0,0,0,0,0,0,4,51,0,70,91,0,12,45,62,89,79,97,0,98,97,0,0,0,42,0,0,0,0,0,0,0,77,87,93,76,57,58
l21,14=0,0,0,0,0,0,0,0,82,56,25,70,88,87,53,45,60,92,0,96,99,0,97,0,74,0,0,0,0,0,0,0,0,0,0,85,81,65,54,55
l22,14=0,0,0,0,0,0,45,0,44,0,0,71,88,0,0,0,88,86,76,93,99,99,0,0,11,0,60,0,0,0,0,31,0,1,0,87,88,72,56,72
l23,14=0,0,0,0,0,0,0,0,0,29,0,47,60,0,99,33,29,40,0,0,0,0,0,0,48,100,0,0,0,0,0,0,41,51,25,0,0,0,0,0
l24,14=0,0,0,0,0,0,0,0,50,0,0,0,100,50,100,56,66,96,0,0,0,34,0,53,0,72,0,0,0,0,0,0,0,0,0,0,41,0,0,0
l25,14=0,0,0,2,1,0,0,0,0,0,0,53,100,50,54,38,0,43,0,0,0,0,0,99,95,0,0,0,2,0,0,0,44,92,97,0,0,0,0,0
l26,14=0,0,0,0,0,0,0,0,0,0,0,0,0,0,0,0,0,0,0,0,89,0,74,0,0,0,0,97,100,99,99,100,98,98,99,0,0,0,0,0
l27,14=0,0,0,0,0,0,0,0,0,0,0,0,0,0,0,0,0,0,0,0,0,0,0,0,0,0,89,0,100,100,99,88,86,86,0,0,0,0,0,0
l28,14=0,0,0,0,0,0,0,0,0,0,0,0,0,0,0,0,0,0,0,55,0,0,1,0,0,21,100,99,0,100,99,90,84,89,87,0,0,0,0,0
l29,14=0,0,0,0,0,0,0,0,0,0,0,0,0,0,0,0,0,0,0,88,0,0,0,0,0,0,89,99,100,0,99,90,87,0,88,0,0,0,0,0
l30,14=0,0,0,0,0,0,0,0,0,0,0,0,0,0,0,0,0,0,0,0,0,0,0,0,0,0,100,99,100,100,0,88,85,88,0,0,0,0,0,0
l31,14=0,0,0,0,0,0,0,0,0,0,0,0,0,0,0,0,0,0,0,0,0,0,53,0,0,0,100,88,97,99,87,0,99,100,99,0,0,0,0,0
l32,14=0,0,0,0,0,0,0,0,0,0,0,0,0,0,79,0,0,0,0,0,0,0,0,91,0,86,97,91,90,99,97,100,0,100,100,0,0,0,0,0
l33,14=0,0,0,0,0,0,0,0,0,0,0,0,98,0,93,0,92,61,0,0,0,0,37,93,0,99,97,90,96,0,98,100,100,0,100,0,0,0,0,0
l34,14=0,0,0,0,0,0,0,0,0,0,0,0,71,0,0,0,78,0,0,0,89,0,23,88,2,100,100,0,100,100,0,100,100,100,0,0,0,0,0,0
l35,14=0,0,0,0,0,0,0,0,0,0,0,0,13,0,1,0,60,38,0,60,51,53,81,0,0,0,0,0,0,0,0,0,0,0,0,0,96,96,90,88
l36,14=0,0,0,0,0,0,0,0,0,0,0,9,0,0,0,0,35,22,0,43,55,44,88,0,60,0,0,0,0,0,0,0,0,0,0,98,0,59,58,55
l37,14=0,0,0,0,0,0,0,0,0,0,0,0,0,0,0,0,7,0,0,41,51,1,85,0,0,0,0,0,0,0,0,0,0,0,0,97,78,0,54,56
l38,14=0,0,0,0,0,0,0,0,0,0,0,54,0,61,21,19,0,88,0,37,61,51,90,0,0,0,0,0,0,0,0,0,0,0,0,97,96,67,0,53
l39,14=0,0,0,0,0,0,0,0,0,0,0,0,0,0,0,0,60,0,0,65,51,56,87,0,0,0,0,0,0,0,0,0,0,0,0,87,81,72,54,0

l0,15=0,96,96,100,100,99,96,98,93,96,97,0,0,0,0,0,0,0,0,0,0,0,0,0,0,0,0,0,0,0,0,0,0,0,0,0,0,0,0,0
l1,15=97,0,96,97,99,97,96,93,0,95,98,0,0,99,1,0,0,0,0,0,0,0,0,0,58,0,0,0,0,0,0,0,0,0,0,0,0,0,0,0
l2,15=100,100,0,97,99,100,100,98,0,95,86,23,0,98,0,0,0,0,0,0,0,0,0,0,0,0,0,0,0,0,0,0,0,0,0,0,0,0,0,0
l3,15=100,98,95,0,95,97,4,0,0,0,98,0,0,0,0,0,0,0,0,0,0,0,0,0,0,0,0,0,0,0,0,0,0,0,0,0,0,0,0,0
l4,15=97,99,95,93,0,99,96,96,0,91,98,0,0,96,0,0,0,0,0,0,0,0,0,0,0,0,0,0,0,0,0,0,0,0,0,0,0,0,0,0
l5,15=97,95,96,97,100,0,96,98,97,96,98,0,0,99,0,92,0,0,0,0,0,0,0,0,0,0,0,0,0,0,0,0,0,0,0,0,0,0,0,0
l6,15=97,95,97,90,99,97,0,98,94,95,98,96,95,97,0,97,31,0,0,0,0,0,24,0,0,0,0,0,0,0,0,0,0,0,0,0,0,0,0,0
l7,15=97,89,96,53,99,97,96,0,97,97,100,0,0,98,85,0,86,0,0,0,0,0,0,0,0,0,0,0,0,0,0,0,0,0,0,0,0,0,0,0
l8,15=92,0,0,30,0,91,92,98,0,100,99,59,87,98,95,60,0,0,0,42,27,60,67,3,97,0,0,0,0,0,0,0,0,0,0,0,0,0,0,0
l9,15=99,89,0,0,75,97,96,100,100,0,100,58,0,100,88,97,56,27,0,0,97,78,37,38,0,0,0,0,0,0,0,0,0,0,0,0,0,0,0,0
l10,15=93,92,3,96,99,97,96,100,97,100,0,0,96,99,94,0,13,0,0,0,0,2,0,0,0,0,0,0,0,0,0,0,0,0,0,0,0,0,0,0
l11,15=0,0,0,0,0,0,96,0,100,89,0,0,98,99,0,100,98,83,0,0,64,62,68,99,92,70,0,0,0,0,0,0,0,0,0,0,99,0,96,0
l12,15=0,0,0,0,0,0,86,0,100,0,63,100,0,100,100,99,98,100,0,13,92,0,68,99,100,100,0,0,0,0,0,0,0,56,0,0,99,4,99,0
l13,15=0,91,58,0,84,96,95,97,100,100,63,100,100,0,96,100,56,83,0,0,0,59,42,94,96,70,0,0,0,0,0,0,0,0,0,0,0,0,0,0
l14,15=0,0,0,0,0,0,0,0,99,91,48,0,98,99,0,61,58,82,0,0,9,6,0,99,100,70,0,0,0,0,0,0,0,62,0,0,0,0,1,0
l15,15=0,0,0,0,0,43,96,0,100,91,0,100,89,99,96,0,58,83,0,0,63,62,8,99,100,69,0,0,0,0,0,0,0,0,0,49,0,0,98,0
l16,15=0,0,0,0,0,0,14,97,0,85,3,62,88,91,97,62,0,79,95,94,64,58,68,6,100,0,0,0,0,0,0,2,16,45,0,64,99,93,88,64
l17,15=0,0,0,0,0,0,0,0,0,89,0,62,89,99,96,79,58,0,0,98,65,62,68,99,100,70,0,0,0,0,0,0,0,59,1,0,99,59,99,54
l18,15=0,0,0,0,0,0,0,0,0,0,0,0,0,0,0,0,91,0,0,43,85,12,83,0,0,0,0,0,0,0,0,0,0,0,0,0,0,0,0,0
l19,15=0,0,0,0,0,0,0,0,16,0,0,0,61,0,0,0,44,64,0,0,100,90,98,0,0,0,0,0,66,68,0,0,0,0,0,0,81,0,37,82
l20,15=0,0,0,0,0,0,0,0,0,90,0,56,87,0,1,57,55,78,85,99,0,99,100,0,0,0,1,0,0,0,0,0,0,0,0,67,99,0,99,99
l21,15=0,0,0,0,0,0,0,0,88,86,19,57,0,83,67,59,57,80,0,99,100,0,100,0,90,0,0,0,0,0,0,0,0,0,51,63,95,89,97,93
l22,15=0,0,0,0,0,0,2,0,76,70,0,47,66,2,0,9,95,65,62,93,100,98,0,0,0,0,1,0,0,0,0,11,0,38,0,51,88,74,80,86
l23,15=0,0,0,0,0,0,0,0,0,44,0,61,100,42,100,100,1,84,0,0,0,0,0,0,100,100,0,0,0,0,0,0,87,100,0,0,0,0,0,0
l24,15=0,0,0,0,0,0,0,0,100,0,0,28,100,99,100,100,98,100,0,0,0,62,0,99,0,70,0,0,0,0,0,0,85,0,0,0,98,0,0,0
l25,15=0,0,0,0,0,0,0,0,0,0,0,85,85,96,96,53,0,79,0,0,0,0,0,98,98,0,59,0,39,0,0,94,87,58,63,0,0,0,0,0
l26,15=0,0,0,0,0,0,0,0,0,0,0,0,0,0,0,0,0,0,0,0,55,0,14,0,0,84,0,98,86,96,99,97,82,22,95,0,0,0,0,0
l27,15=0,0,0,0,0,0,0,0,0,0,0,0,0,0,0,0,0,0,0,0,0,0,0,0,0,0,96,0,86,97,99,95,83,96,95,0,0,0,0,0
l28,15=0,0,0,0,0,0,0,0,0,0,0,0,0,0,0,0,0,0,0,77,0,0,0,0,0,74,96,100,0,96,99,96,82,96,95,0,0,0,0,0
l29,15=0,0,0,0,0,0,0,0,0,0,0,0,0,0,0,0,0,0,0,76,0,0,0,0,0,0,96,100,86,0,99,96,87,96,95,0,0,0,0,0
l30,15=0,0,0,0,0,0,0,0,0,0,0,0,0,0,0,0,0,0,0,0,0,0,0,0,0,0,96,100,86,97,0,94,82,96,0,0,0,0,0,0
l31,15=0,0,0,0,0,0,0,0,0,0,0,0,0,0,0,0,0,0,0,0,0,0,25,0,0,86,95,95,78,95,95,0,90,99,98,0,0,0,0,0
l32,15=0,0,0,0,0,0,0,0,0,0,0,0,68,0,10,0,41,0,0,0,0,0,0,93,96,90,96,95,82,96,94,97,0,99,98,0,0,0,0,0
l33,15=0,0,0,0,0,0,0,0,0,0,0,0,85,0,94,0,62,65,0,0,0,0,55,99,39,90,9,63,80,96,98,99,98,0,100,0,0,0,0,0
l34,15=0,0,0,0,0,0,0,0,0,0,0,0,18,0,0,0,0,0,0,0,0,61,0,0,0,90,96,92,76,95,0,97,91,99,0,0,0,0,0,0
l35,15=0,0,0,0,0,0,0,0,0,0,0,0,43,0,0,44,43,0,0,0,61,44,55,0,0,0,0,0,0,0,0,0,0,0,0,0,99,97,94,93
l36,15=0,0,0,0,0,0,0,0,0,0,0,37,67,0,0,0,56,55,0,78,63,57,68,0,44,0,0,0,0,0,0,0,0,0,0,67,0,94,99,96
l37,15=0,0,0,0,0,0,0,0,0,0,0,0,6,0,0,0,42,0,0,0,0,44,57,0,0,0,0,0,0,0,0,0,0,0,0,95,95,0,92,94
l38,15=0,0,0,0,0,0,0,0,0,0,0,27,64,0,1,54,18,77,0,8,64,57,64,0,0,0,0,0,0,0,0,0,0,0,0,67,99,94,0,96
l39,15=0,0,0,0,0,0,0,0,0,0,0,0,0,0,0,0,15,0,0,79,66,56,66,0,0,0,0,0,0,0,0,0,0,0,0,96,98,95,93,0

