t=2016-04-13_14.22.07

n=40

q0=1
q1=1
q2=1
q3=1
q4=1
q5=1
q6=1
q7=1
q8=1
q9=1
q10=1
q11=1
q12=1
q13=1
q14=1
q15=1
q16=1
q17=1
q18=1
q19=1
q20=1
q21=1
q22=1
q23=1
q24=1
q25=1
q26=1
q27=1
q28=1
q29=1
q30=1
q31=1
q32=1
q33=1
q34=1
q35=1
q36=1
q37=1
q38=1
q39=1

a0=0x141592000c576ce6
a1=0x141592000c5aedbc
a2=0x141592000c5750f4
a3=0x141592000c576658
a4=0x141592000c575890
a5=0x141592000c574ffa
a6=0x141592000c5acf11
a7=0x141592000d9df361
a8=0x141592000c576300
a9=0x141592000c5779b6
a10=0x141592000c5762b9
a11=0x141592000c5af078
a12=0x141592000c575517
a13=0x141592000c5752c3
a14=0x141592000c5a4baa
a15=0x141592000c5776e7
a16=0x141592000c58cdeb
a17=0x141592000c5881fc
a18=0x141592000bd81d33
a19=0x141592000bd84d6a
a20=0x141592000c577233
a21=0x141592000c574527
a22=0x141592000c5746a3
a23=0x141592000c574da3
a24=0x141592000c5741c9
a25=0x141592000da244ea
a26=0x141592000c5ae886
a27=0x141592000c57510e
a28=0x141592000c5ab6c8
a29=0x141592000c574d05
a30=0x141592000edae61f
a31=0x141592000c57667e
a32=0x141592000c577f43
a33=0x141592000c576449
a34=0x1415920010f4117a
a35=0x141592000c575966
a36=0x141592000c574d35
a37=0x141592000c576fb1
a38=0x141592000c5aea5d
a39=0x141592000c59f23f

l0,0=0,87,78,89,80,79,71,63,50,71,64,0,0,0,0,0,0,0,0,0,0,0,0,0,0,0,0,0,0,0,0,0,0,0,0,0,0,0,0,0
l1,0=85,0,80,84,81,81,73,69,71,54,81,0,0,39,0,0,0,0,0,0,0,0,0,0,0,0,0,0,0,0,0,0,0,0,0,0,0,0,0,0
l2,0=77,88,0,71,66,81,83,68,0,71,73,0,0,63,0,0,0,0,0,0,0,0,0,0,0,0,0,0,0,0,0,0,0,0,0,0,0,0,0,0
l3,0=94,86,74,0,82,79,77,55,65,3,59,0,0,0,0,0,0,0,0,0,0,0,0,0,0,0,0,0,0,0,0,0,0,0,0,0,0,0,0,0
l4,0=87,87,58,87,0,79,10,26,56,36,56,0,0,49,0,0,0,0,0,0,0,0,0,0,0,0,0,0,0,0,0,0,0,0,0,0,0,0,0,0
l5,0=73,90,77,71,70,0,75,69,70,74,71,6,0,46,0,0,0,0,0,0,0,0,0,0,0,0,0,0,0,0,0,0,0,0,0,0,0,0,0,0
l6,0=68,71,81,25,0,75,0,76,73,4,74,18,0,59,0,13,18,0,0,0,0,0,0,0,0,0,0,0,0,0,0,0,0,0,0,0,0,0,0,0
l7,0=45,71,68,0,1,75,75,0,43,77,78,31,5,31,0,17,0,0,0,0,0,0,0,0,0,0,0,0,0,0,0,0,0,0,0,0,0,0,0,0
l8,0=0,31,0,2,0,44,43,47,0,86,4,44,37,88,59,43,58,23,0,0,0,54,0,2,9,0,0,0,0,0,0,0,0,0,0,0,0,0,8,0
l9,0=63,0,70,0,0,77,53,70,91,0,90,45,17,72,0,20,23,18,0,0,0,0,7,0,0,0,0,0,0,0,0,0,0,0,0,0,0,0,0,0
l10,0=67,77,78,56,63,70,65,73,66,89,0,58,44,72,0,47,0,0,0,0,0,0,0,0,0,0,0,0,0,0,0,0,0,0,0,0,0,0,0,0
l11,0=0,0,0,0,0,1,11,47,84,73,28,0,68,85,81,93,49,53,0,33,0,28,0,0,73,0,0,0,0,0,0,0,0,0,0,0,48,0,23,0
l12,0=0,0,0,0,0,0,0,0,71,49,15,87,0,83,84,93,44,99,0,0,51,55,0,83,93,68,0,0,0,0,0,0,0,67,0,0,35,0,37,0
l13,0=0,0,20,0,33,0,36,0,90,64,84,80,83,0,78,75,20,43,0,34,0,52,45,64,34,30,0,0,0,0,0,0,0,0,0,0,0,0,26,0
l14,0=0,0,0,0,0,0,0,0,71,0,0,31,65,81,0,57,47,48,0,0,48,0,3,82,79,83,0,0,0,0,0,0,0,66,0,0,28,0,19,0
l15,0=0,0,0,0,0,0,9,10,80,53,28,99,93,82,76,0,45,51,0,0,24,0,42,0,78,0,0,0,0,0,0,0,0,0,0,0,24,0,42,0
l16,0=0,0,0,0,0,0,1,0,69,38,0,27,40,50,84,33,0,55,0,37,46,71,63,60,76,0,0,0,0,0,0,0,0,33,0,44,21,0,43,33
l17,0=0,0,0,0,0,0,0,0,68,68,0,34,74,81,85,66,60,0,0,0,54,72,37,0,83,64,0,0,0,0,0,0,0,63,0,42,46,17,0,0
l18,0=0,0,0,0,0,0,0,0,0,0,0,0,0,0,0,0,0,0,0,0,53,0,47,0,0,0,0,0,0,0,0,0,0,0,0,0,0,0,0,0
l19,0=0,0,0,0,0,0,0,0,9,0,0,16,0,38,0,0,59,0,0,0,75,40,85,0,0,0,0,0,0,0,0,0,0,0,0,0,40,2,4,44
l20,0=0,0,0,0,0,0,0,0,0,0,0,0,26,0,38,7,31,31,43,81,0,81,85,0,0,0,0,0,0,0,0,0,0,0,5,0,79,80,86,85
l21,0=0,0,0,0,0,0,0,0,49,0,0,8,24,44,0,0,77,35,22,19,89,0,85,0,0,0,0,0,0,0,0,5,0,0,0,67,29,7,59,26
l22,0=0,0,0,0,0,0,0,0,21,15,0,0,0,39,0,14,37,27,33,81,87,80,0,0,10,0,27,0,0,0,0,0,10,0,0,42,81,10,50,42
l23,0=0,0,0,0,0,0,0,0,49,0,0,0,79,74,83,0,39,0,0,0,0,0,0,0,85,0,0,0,0,0,0,0,0,53,57,0,0,0,0,0
l24,0=0,0,0,0,0,0,0,0,70,0,0,29,92,75,76,53,44,47,0,0,0,0,9,87,0,62,0,0,0,0,0,0,61,70,52,0,0,0,0,0
l25,0=0,0,0,0,0,0,0,0,20,0,0,4,79,62,79,0,3,38,0,0,0,0,0,0,67,0,29,0,1,0,0,60,56,71,68,0,0,0,0,0
l26,0=0,0,0,0,0,0,0,0,0,0,0,0,0,0,0,0,0,0,0,21,0,0,24,0,0,38,0,60,96,75,88,84,57,50,64,0,0,0,0,0
l27,0=0,0,0,0,0,0,0,0,0,0,0,0,0,0,0,0,0,0,0,0,0,0,0,0,0,0,75,0,96,81,99,70,61,73,71,0,0,0,0,0
l28,0=0,0,0,0,0,0,0,0,0,0,0,0,0,0,0,0,0,0,0,0,0,0,0,0,0,3,88,99,0,81,97,80,69,77,78,0,0,0,0,0
l29,0=0,0,0,0,0,0,0,0,0,0,0,0,0,0,0,0,0,0,0,16,0,0,0,0,0,0,78,99,96,0,98,59,47,50,54,0,0,0,0,0
l30,0=0,0,0,0,0,0,0,0,0,0,0,0,0,0,0,0,0,0,0,0,0,0,0,0,0,0,73,99,96,81,0,56,49,50,0,0,0,0,0,0
l31,0=0,0,0,0,0,0,0,0,0,0,0,0,0,0,2,0,0,0,0,0,0,18,31,0,0,54,80,39,86,58,52,0,82,65,91,0,0,0,0,0
l32,0=0,0,0,0,0,0,0,0,0,0,0,0,0,0,0,0,0,0,0,0,0,0,36,1,46,52,61,39,76,46,55,83,0,83,94,0,0,0,0,0
l33,0=0,0,0,0,0,0,0,0,0,0,0,0,56,0,47,0,42,46,0,0,0,0,0,45,47,59,58,28,72,43,56,79,79,0,71,0,0,0,0,0
l34,0=0,0,0,0,0,0,0,0,0,0,0,0,0,0,0,0,1,0,0,0,40,0,0,64,41,69,66,34,77,44,0,87,95,50,0,0,0,0,0,0
l35,0=0,0,0,0,0,0,0,0,0,0,0,0,0,0,0,0,20,1,0,1,0,49,27,0,0,0,0,0,0,0,0,0,0,0,0,0,47,90,85,31
l36,0=0,0,0,0,0,0,0,0,0,0,0,18,8,6,10,7,26,34,0,32,57,45,79,0,0,0,0,0,0,0,0,0,0,0,0,78,0,52,51,56
l37,0=0,0,0,0,0,0,0,0,0,0,0,0,0,0,0,0,0,8,0,15,56,39,41,0,0,0,0,0,0,0,0,0,0,0,0,85,58,0,29,57
l38,0=0,0,0,0,0,0,0,0,36,0,0,9,40,52,4,51,59,0,0,4,67,71,81,0,0,0,0,0,0,0,0,0,0,0,0,87,64,44,0,58
l39,0=0,0,0,0,0,0,0,0,0,0,0,0,0,0,0,0,34,0,0,42,63,59,80,0,0,0,0,0,0,0,0,0,0,0,0,80,59,52,80,0

l0,1=0,74,55,82,81,76,73,21,12,2,2,0,0,6,0,0,0,0,0,0,0,0,0,0,0,0,0,0,0,0,0,0,0,0,0,0,0,0,0,0
l1,1=65,0,69,79,59,81,55,29,36,8,62,0,0,31,0,0,0,0,0,0,0,0,0,0,0,0,0,0,0,0,0,0,0,0,0,0,0,0,0,0
l2,1=48,76,0,63,14,85,86,29,10,25,55,0,0,0,0,1,0,0,0,0,0,0,0,0,0,0,0,0,0,0,0,0,0,0,0,0,0,0,0,0
l3,1=78,71,69,0,80,78,43,26,5,0,47,0,0,0,0,0,0,0,0,0,0,0,0,0,0,0,0,0,0,0,0,0,0,0,0,0,0,0,0,0
l4,1=71,46,0,71,0,74,66,28,30,23,1,0,0,12,0,0,0,0,0,0,0,0,0,0,0,0,0,0,0,0,0,0,0,0,0,0,0,0,0,0
l5,1=48,77,72,65,68,0,66,44,34,26,46,0,0,0,0,0,0,0,0,0,0,0,0,0,0,0,0,0,0,0,0,0,0,0,0,0,0,0,0,0
l6,1=20,30,63,11,60,58,0,55,30,2,44,16,4,21,0,0,12,0,0,0,0,0,0,0,0,0,0,0,0,0,0,0,0,0,0,0,0,0,0,0
l7,1=1,4,3,13,36,62,68,0,35,23,49,6,4,11,0,0,0,0,0,0,0,0,0,0,0,0,0,0,0,0,0,0,0,0,0,0,0,0,0,0
l8,1=0,5,0,0,26,21,52,32,0,36,19,34,6,62,12,43,25,10,0,0,0,22,13,0,0,0,0,0,0,0,0,0,0,0,0,0,0,0,6,0
l9,1=0,0,10,2,41,50,37,39,76,0,78,23,6,59,0,24,14,9,0,0,0,0,4,0,0,0,0,0,0,0,0,0,0,0,0,0,0,0,0,0
l10,1=4,51,56,37,29,59,66,66,37,36,0,26,0,54,0,19,3,0,0,0,0,0,0,0,0,0,0,0,0,0,0,0,0,0,0,0,0,0,0,0
l11,1=0,0,0,0,0,0,21,2,42,19,24,0,72,74,69,66,25,68,0,21,0,0,0,0,57,0,0,0,0,0,0,0,0,0,0,17,31,0,35,0
l12,1=0,0,0,0,0,0,1,0,21,8,0,69,0,66,80,58,31,80,0,0,33,14,0,53,87,29,0,0,0,0,0,0,0,0,0,0,0,0,34,0
l13,1=0,7,0,0,1,0,16,0,55,31,42,63,38,0,61,7,28,32,0,1,7,18,13,24,8,0,0,0,0,0,0,0,0,0,0,0,0,0,25,0
l14,1=0,0,0,0,0,0,0,0,31,9,0,34,77,51,0,37,48,28,0,0,36,7,0,57,62,47,0,0,0,0,0,0,0,0,0,0,0,0,0,0
l15,1=0,0,0,0,0,0,0,0,36,18,6,82,78,14,46,0,25,39,0,0,2,0,11,5,81,0,0,0,0,0,0,0,0,0,0,0,24,0,0,0
l16,1=0,0,0,0,0,0,0,0,31,9,0,19,23,32,61,19,0,37,0,9,37,24,19,17,44,7,0,0,0,0,0,0,2,14,0,15,27,0,0,40
l17,1=0,0,0,0,0,0,0,0,31,16,0,46,83,45,56,47,32,0,0,0,36,2,11,17,51,7,0,0,0,0,0,0,0,23,0,0,31,0,19,0
l18,1=0,0,0,0,0,0,0,0,0,0,0,0,0,0,0,0,0,0,0,9,39,24,26,0,0,0,0,0,0,0,0,0,0,0,0,0,0,0,0,0
l19,1=0,0,0,0,0,0,0,0,0,0,0,1,0,7,0,0,14,0,16,0,51,10,49,0,0,0,5,0,0,0,0,0,0,0,0,20,39,29,36,49
l20,1=0,0,0,0,0,0,0,0,0,0,0,0,14,22,31,2,28,21,26,53,0,66,49,0,0,0,0,0,0,0,0,0,0,0,0,25,51,45,50,60
l21,1=0,0,0,0,0,0,0,0,26,0,0,0,6,18,1,0,52,8,15,10,60,0,50,0,0,0,9,0,0,0,0,8,12,0,0,46,24,22,44,54
l22,1=0,0,0,0,0,0,0,0,16,0,0,0,0,16,0,5,48,15,25,57,58,66,0,0,1,0,7,0,0,0,0,6,0,0,0,29,50,35,42,58
l23,1=0,0,0,0,0,0,0,0,0,0,0,0,50,44,68,27,15,9,0,0,0,0,0,0,77,23,0,0,0,0,0,0,0,1,34,0,0,0,0,0
l24,1=0,0,0,0,0,0,0,0,0,0,0,33,79,38,72,44,26,27,0,0,0,0,2,65,0,35,0,0,0,0,0,0,28,40,23,0,1,0,0,0
l25,1=0,0,0,0,0,0,0,0,9,0,0,0,59,19,70,0,18,8,0,0,0,0,0,52,75,0,29,0,6,0,0,18,0,25,29,0,0,0,0,0
l26,1=0,0,0,0,0,0,0,0,0,0,0,0,0,0,0,0,0,0,0,1,0,0,6,0,0,17,0,38,65,57,38,27,30,27,32,0,0,0,0,0
l27,1=0,0,0,0,0,0,0,0,0,0,0,0,0,0,0,0,0,0,0,0,0,0,0,0,0,0,56,0,64,73,78,19,21,30,44,0,0,0,0,0
l28,1=0,0,0,0,0,0,0,0,0,0,0,0,0,0,0,0,0,0,0,17,0,0,0,0,0,9,70,74,0,74,69,26,10,23,45,0,0,0,0,0
l29,1=0,0,0,0,0,0,0,0,0,0,0,0,0,0,0,0,0,0,0,0,0,0,0,0,0,0,60,72,68,0,67,20,12,11,23,0,0,0,0,0
l30,1=0,0,0,0,0,0,0,0,0,0,0,0,0,0,0,0,0,0,0,0,0,0,0,0,0,0,56,88,68,73,0,13,11,14,0,0,0,0,0,0
l31,1=0,0,0,0,0,0,0,0,0,0,0,0,0,0,0,0,0,0,0,0,0,19,13,0,0,30,57,26,33,40,23,0,28,32,64,0,0,0,0,0
l32,1=0,0,0,0,0,0,0,0,0,0,0,0,0,0,0,0,16,0,0,0,0,14,0,0,31,0,48,40,21,32,19,24,0,33,81,0,0,0,0,0
l33,1=0,0,0,0,0,0,0,0,0,0,0,0,0,0,0,0,16,24,0,0,0,0,0,1,42,39,43,38,27,20,27,30,25,0,51,0,0,0,0,0
l34,1=0,0,0,0,0,0,0,0,0,0,0,0,0,0,0,0,16,0,0,0,24,0,0,32,40,30,44,35,33,20,0,62,78,32,0,0,0,0,0,0
l35,1=0,0,0,0,0,0,0,0,0,0,0,0,0,0,0,0,12,0,0,5,11,23,15,0,0,0,0,0,0,0,0,0,0,0,0,0,41,52,56,48
l36,1=0,0,0,0,0,0,0,0,0,0,0,12,0,0,0,4,12,9,0,30,49,7,25,0,0,0,0,0,0,0,0,0,0,0,0,39,0,45,61,54
l37,1=0,0,0,0,0,0,0,0,0,0,0,0,0,0,0,0,0,0,0,7,48,4,20,0,0,0,0,0,0,0,0,0,0,0,0,31,40,0,52,61
l38,1=0,0,0,0,0,0,0,0,4,0,0,8,8,23,0,0,0,2,0,12,54,37,13,0,0,0,0,0,0,0,0,0,0,0,0,63,60,45,0,63
l39,1=0,0,0,0,0,0,0,0,0,0,0,0,0,0,0,0,17,0,0,30,49,33,31,0,0,0,0,0,0,0,0,0,0,0,0,25,35,42,46,0

l0,2=0,55,11,2,38,44,52,23,39,52,43,0,0,0,0,0,0,0,0,0,0,0,0,0,0,0,0,0,0,0,0,0,0,0,0,0,0,0,0,0
l1,2=64,0,11,13,44,67,48,32,29,35,61,0,0,0,0,0,0,0,0,0,0,0,0,0,0,0,0,0,0,0,0,0,0,0,0,0,0,0,0,0
l2,2=63,51,0,2,32,71,70,46,0,61,43,0,0,0,0,0,0,0,0,0,0,0,0,0,0,0,0,0,0,0,0,0,0,0,0,0,0,0,0,0
l3,2=62,57,11,0,39,51,52,26,33,0,35,0,0,0,0,0,0,0,0,0,0,0,0,0,0,0,0,0,0,0,0,0,0,0,0,0,0,0,0,0
l4,2=63,57,10,2,0,51,52,45,44,52,31,0,0,0,0,0,0,0,0,0,0,0,0,0,0,0,0,0,0,0,0,0,0,0,0,0,0,0,0,0
l5,2=2,56,12,1,19,0,41,41,40,37,40,0,0,0,0,0,0,0,0,0,0,0,0,0,0,0,0,0,0,0,0,0,0,0,0,0,0,0,0,0
l6,2=32,23,11,0,19,45,0,36,24,35,39,6,3,0,0,9,0,0,0,0,0,0,0,0,0,0,0,0,0,0,0,0,0,0,0,0,0,0,0,0
l7,2=14,23,8,0,12,47,41,0,48,40,56,2,1,0,0,16,0,0,0,0,0,0,0,0,0,0,0,0,0,0,0,0,0,0,0,0,0,0,0,0
l8,2=14,12,0,0,6,27,18,54,0,61,47,13,0,1,0,32,18,14,0,0,0,14,12,0,2,14,0,0,0,0,0,0,0,0,0,0,0,0,2,0
l9,2=18,18,10,0,20,24,34,54,64,0,57,10,1,1,0,17,1,9,0,0,0,4,0,0,0,0,0,0,0,0,0,0,0,0,0,0,0,0,0,0
l10,2=29,29,7,0,13,44,45,58,45,63,0,10,0,0,0,11,0,0,0,0,0,0,0,0,0,0,0,0,0,0,0,0,0,0,0,0,0,0,0,0
l11,2=0,0,0,0,0,0,17,1,35,25,14,0,37,10,23,49,11,85,0,0,1,10,4,0,2,0,0,0,0,0,0,0,0,0,0,0,30,0,11,0
l12,2=0,0,0,0,0,0,15,0,11,26,0,43,0,1,46,48,43,85,0,0,0,11,1,61,89,69,0,0,0,0,0,0,0,0,0,0,0,0,10,0
l13,2=0,0,0,0,0,0,2,15,60,51,27,35,0,0,11,28,25,17,0,0,6,10,15,0,3,8,0,0,0,0,0,0,0,0,0,0,0,0,16,0
l14,2=0,0,0,0,0,0,0,0,15,0,0,19,38,1,0,22,42,25,0,0,9,0,0,64,42,53,0,0,0,0,0,0,0,26,0,0,0,0,18,0
l15,2=0,0,0,0,0,0,17,17,50,29,19,54,9,1,11,0,3,42,0,0,13,0,0,0,7,0,0,0,0,0,0,0,0,0,0,0,11,0,12,0
l16,2=0,0,0,0,0,0,0,0,29,8,0,12,2,1,17,2,0,64,0,0,17,17,31,0,3,38,0,0,0,0,0,0,0,19,0,5,34,23,19,2
l17,2=0,0,0,0,0,0,0,0,29,19,0,48,38,1,15,47,57,0,0,0,2,16,19,0,9,0,0,0,0,0,0,0,0,22,0,0,30,0,18,0
l18,2=0,0,0,0,0,0,0,0,0,0,0,0,0,0,0,0,0,0,0,25,15,3,7,0,0,0,0,0,0,0,0,0,0,0,0,0,0,0,0,0
l19,2=0,0,0,0,0,0,0,0,0,0,0,1,0,1,0,0,11,0,0,0,45,1,73,0,0,0,3,0,0,0,0,3,0,0,0,0,16,0,11,10
l20,2=0,0,0,0,0,0,0,0,0,0,0,1,0,1,2,8,43,2,0,49,0,42,73,0,0,0,0,0,0,0,0,0,0,0,0,28,62,47,60,38
l21,2=0,0,0,0,0,0,0,0,35,16,0,3,0,1,0,0,31,10,0,0,58,0,76,0,0,0,2,0,0,0,0,0,0,3,0,3,55,9,38,6
l22,2=0,0,0,0,0,0,0,0,22,0,0,1,0,1,0,0,45,5,0,59,51,39,0,0,0,0,0,0,0,0,0,0,0,0,0,32,62,47,2,37
l23,2=0,0,0,0,0,0,0,0,0,0,0,3,32,1,41,10,16,19,0,0,0,0,0,0,77,67,0,0,0,0,0,0,0,11,2,0,0,0,0,0
l24,2=0,0,0,0,0,0,0,0,41,0,0,7,35,6,39,41,37,62,0,0,1,0,0,63,0,69,0,0,0,0,0,0,15,38,1,0,29,0,1,0
l25,2=0,0,0,0,0,0,0,0,35,0,0,0,32,1,37,0,32,0,0,0,0,0,0,50,74,0,27,0,0,0,0,31,52,51,47,0,0,0,0,0
l26,2=0,0,0,0,0,0,0,0,0,0,0,0,0,0,0,0,0,0,0,24,0,0,0,0,0,29,0,17,80,71,73,43,57,53,54,0,0,0,0,0
l27,2=0,0,0,0,0,0,0,0,0,0,0,0,0,0,0,0,0,0,0,0,0,0,0,0,0,0,35,0,83,85,90,41,57,53,53,0,0,0,0,0
l28,2=0,0,0,0,0,0,0,0,0,0,0,0,0,0,0,0,0,0,0,0,0,0,0,0,0,0,86,78,0,86,76,43,42,55,51,0,0,0,0,0
l29,2=0,0,0,0,0,0,0,0,0,0,0,0,0,0,0,0,0,0,0,0,0,0,5,0,0,0,75,77,84,0,73,38,53,0,4,0,0,0,0,0
l30,2=0,0,0,0,0,0,0,0,0,0,0,0,0,0,0,0,0,0,0,0,0,0,0,0,0,0,80,85,82,81,0,29,43,39,31,0,0,0,0,0
l31,2=0,0,0,0,0,0,0,0,0,0,0,0,0,0,0,0,0,0,0,29,0,0,0,0,0,44,76,37,54,36,29,0,75,55,54,0,0,0,0,0
l32,2=0,0,0,0,0,0,0,0,0,0,0,0,0,0,0,0,0,0,0,0,0,0,0,0,25,50,67,33,39,43,44,46,0,55,93,0,0,0,0,0
l33,2=0,0,0,0,0,0,0,0,0,0,0,0,0,0,31,0,31,33,0,0,0,23,0,0,18,60,61,36,55,0,46,40,56,0,63,0,0,0,0,0
l34,2=0,0,0,0,0,0,0,0,0,0,0,0,0,0,5,0,2,0,0,0,14,0,0,32,44,61,66,33,46,29,40,47,79,64,0,0,0,0,0,0
l35,2=0,0,0,0,0,0,0,0,0,0,0,0,0,0,0,0,12,0,0,0,5,0,22,0,0,0,0,0,0,0,0,0,0,0,0,0,66,51,63,5
l36,2=0,0,0,0,0,0,0,0,0,0,0,8,0,0,0,0,39,13,0,0,39,26,52,0,1,0,0,0,0,0,0,0,0,0,0,36,0,54,66,4
l37,2=0,0,0,0,0,0,0,0,0,0,0,0,0,0,0,0,7,0,0,0,17,0,11,0,0,0,0,0,0,0,0,0,0,0,0,33,67,0,63,33
l38,2=0,0,0,0,0,0,0,0,4,0,0,2,0,5,0,3,39,7,0,0,48,19,2,0,0,0,0,0,0,0,0,0,0,0,0,40,76,52,0,41
l39,2=0,0,0,0,0,0,0,0,0,0,0,0,0,0,0,0,16,0,0,0,32,3,47,0,0,0,0,0,0,0,0,0,0,0,0,11,5,47,59,0

l0,3=0,1,0,53,0,51,0,1,0,64,2,0,0,0,0,0,0,0,0,0,0,0,0,0,0,0,0,0,0,0,0,0,0,0,0,0,0,0,0,0
l1,3=74,0,0,56,62,55,21,0,26,59,51,0,0,0,0,0,0,0,0,0,0,0,0,0,0,0,0,0,0,0,0,0,0,0,0,0,0,0,0,0
l2,3=73,1,0,56,65,61,23,0,18,54,50,0,0,0,0,0,0,0,0,0,0,0,0,0,0,0,0,0,0,0,0,0,0,0,0,0,0,0,0,0
l3,3=71,1,0,0,66,53,21,0,7,0,26,0,0,0,0,0,0,0,0,0,0,0,0,0,0,0,0,0,0,0,0,0,0,0,0,0,0,0,0,0
l4,3=0,8,0,77,0,29,16,0,9,29,21,0,0,0,0,0,0,0,0,0,0,0,0,0,0,0,0,0,0,0,0,0,0,0,0,0,0,0,0,0
l5,3=60,1,0,50,25,0,17,0,16,50,43,23,0,0,0,0,0,0,0,0,0,0,0,0,0,0,0,0,0,0,0,0,0,0,0,0,0,0,0,0
l6,3=0,0,0,35,24,29,0,0,18,49,43,42,0,0,0,24,27,0,0,0,0,0,0,0,0,0,0,0,0,0,0,0,0,0,0,0,0,0,0,0
l7,3=36,0,0,0,7,29,17,0,19,49,60,0,0,0,0,29,14,0,0,0,0,0,0,0,0,0,0,0,0,0,0,0,0,0,0,0,0,0,0,0
l8,3=0,1,0,9,9,8,9,1,0,71,59,41,0,0,0,50,28,2,0,0,0,31,12,0,13,0,0,0,0,0,0,0,0,0,0,0,0,0,13,0
l9,3=15,0,0,0,11,12,10,1,30,0,65,14,0,0,11,19,0,0,0,0,15,9,0,0,0,0,0,0,0,0,0,0,0,0,0,0,0,0,0,0
l10,3=0,0,0,15,5,35,20,1,23,73,0,18,0,0,10,13,0,0,0,1,0,0,0,0,1,0,0,0,0,0,0,0,0,0,0,0,0,0,3,0
l11,3=0,0,0,0,0,4,16,0,25,46,37,0,7,0,38,82,47,5,0,5,28,42,26,1,40,1,0,0,0,0,0,0,0,0,0,0,2,0,55,0
l12,3=0,0,0,0,0,0,9,0,10,18,0,79,0,0,69,74,30,97,0,9,0,31,1,1,85,77,0,0,0,0,0,0,0,8,0,13,0,0,23,0
l13,3=0,0,0,0,4,10,0,0,31,72,55,70,0,0,1,48,25,5,1,6,21,19,12,1,14,16,0,0,0,0,0,0,0,0,0,0,0,0,21,0
l14,3=0,0,0,0,0,0,0,0,0,25,20,80,28,0,0,10,27,2,0,0,11,0,0,36,81,55,0,0,0,0,0,0,0,24,0,0,0,0,22,0
l15,3=0,0,0,0,0,0,12,0,28,59,24,88,18,0,4,0,54,5,0,7,49,9,0,1,47,0,0,0,0,0,0,0,0,0,0,0,0,0,51,24
l16,3=0,0,0,0,0,0,6,0,12,0,0,26,0,0,18,30,0,12,1,0,59,48,28,0,16,16,0,0,0,0,0,0,0,10,0,0,1,3,37,33
l17,3=0,0,0,0,0,0,0,0,24,0,0,84,28,8,26,70,82,0,0,0,52,50,24,1,76,0,0,0,0,0,0,0,0,0,0,12,4,0,48,32
l18,3=0,0,0,0,0,0,0,0,0,0,0,0,0,0,0,0,23,0,0,46,49,0,29,0,0,0,0,0,0,0,0,0,0,0,0,0,0,0,0,0
l19,3=0,0,0,0,0,0,0,0,0,0,0,1,0,0,0,7,3,0,1,0,81,80,92,0,0,0,0,0,0,0,0,12,0,0,0,6,0,1,29,23
l20,3=0,0,0,0,0,0,0,0,0,1,0,3,0,0,0,54,79,6,1,74,0,87,94,0,23,0,0,0,0,0,0,0,0,0,0,9,58,51,79,81
l21,3=0,0,0,0,0,0,0,0,25,0,0,33,0,0,0,6,76,3,0,62,87,0,92,0,0,0,0,0,0,0,0,0,0,17,0,38,64,2,63,36
l22,3=0,0,0,0,0,0,0,0,4,0,0,14,0,0,0,0,76,0,1,84,90,87,0,0,0,0,29,0,0,8,0,0,0,0,0,65,44,37,74,76
l23,3=0,0,0,0,0,0,0,0,0,0,0,25,24,0,67,20,3,3,0,0,0,0,0,0,84,75,0,0,0,0,0,0,0,0,14,0,0,0,0,0
l24,3=0,0,0,0,0,0,0,0,15,0,0,25,28,0,66,67,36,64,0,0,26,0,0,36,0,72,0,0,0,0,0,0,0,27,0,0,0,0,19,0
l25,3=0,0,0,0,0,0,0,0,0,0,0,0,26,0,65,0,21,0,0,0,0,0,0,35,76,0,0,0,0,0,0,30,43,80,44,0,0,0,0,0
l26,3=0,0,0,0,0,0,0,0,0,0,0,0,0,0,0,0,0,0,0,0,0,1,59,0,0,0,0,66,97,94,95,94,81,59,64,0,0,0,0,0
l27,3=0,0,0,0,0,0,0,0,0,0,0,0,0,0,0,0,0,0,0,0,0,0,0,0,0,0,81,0,97,97,100,90,85,40,0,0,0,0,0,0
l28,3=0,0,0,0,0,0,0,0,0,0,0,0,0,0,0,0,0,0,0,0,0,0,0,0,0,0,95,97,0,97,85,86,75,85,67,0,0,0,0,0
l29,3=0,0,0,0,0,0,0,0,0,0,0,0,0,0,0,0,0,0,0,13,0,0,23,0,0,0,93,97,97,0,97,67,53,26,38,0,0,0,0,0
l30,3=0,0,0,0,0,0,0,0,0,0,0,0,0,0,0,0,0,0,0,0,0,0,0,0,0,0,90,99,91,93,0,71,84,67,0,0,0,0,0,0
l31,3=0,0,0,0,0,0,0,0,0,0,0,0,0,0,0,0,0,0,0,20,0,0,0,0,0,22,92,65,79,51,23,0,94,87,88,0,0,0,0,0
l32,3=0,0,0,0,0,0,0,0,0,0,0,0,0,0,0,0,0,0,0,0,0,0,0,0,0,68,81,27,77,70,72,98,0,88,92,0,0,0,0,0
l33,3=0,0,0,0,0,0,0,0,0,0,0,0,0,0,10,0,15,0,0,0,0,17,0,0,22,77,22,3,45,10,30,94,89,0,86,0,0,0,0,0
l34,3=0,0,0,0,0,0,0,0,0,0,0,0,0,0,0,0,0,0,0,0,9,6,0,4,0,75,76,7,79,67,22,96,94,91,0,0,0,0,0,0
l35,3=0,0,0,0,0,0,0,0,0,0,0,0,0,0,0,0,2,0,0,6,44,35,32,0,0,0,0,0,0,0,0,0,0,0,0,0,62,50,79,76
l36,3=0,0,0,0,0,0,0,0,0,0,0,19,0,0,0,0,62,3,0,29,54,67,28,0,17,0,0,0,0,0,0,0,0,0,0,68,0,56,81,79
l37,3=0,0,0,0,0,0,0,0,0,0,0,0,0,0,0,0,31,0,0,13,58,28,27,0,0,0,0,0,0,0,0,0,0,0,0,65,66,0,72,82
l38,3=0,0,0,0,0,0,0,0,0,0,0,50,0,0,25,28,64,1,0,29,70,58,31,0,25,0,0,0,0,0,0,0,0,0,0,79,68,4,0,64
l39,3=0,0,0,0,0,0,0,0,0,0,0,0,0,0,0,0,50,0,0,18,75,31,78,0,0,0,0,0,0,0,0,0,0,0,0,69,62,54,58,0

l0,4=0,1,2,11,54,55,1,1,0,44,38,0,0,0,0,0,0,0,0,0,0,0,0,0,0,0,0,0,0,0,0,0,0,0,0,0,0,0,0,0
l1,4=31,0,2,13,69,59,2,1,34,44,36,0,0,0,0,0,0,0,0,0,0,0,0,0,0,0,0,0,0,0,0,0,0,0,0,0,0,0,0,0
l2,4=30,1,0,11,69,60,2,1,36,44,46,0,0,17,0,14,0,0,0,0,0,0,0,0,0,0,0,0,0,0,0,0,0,0,0,0,0,0,0,0
l3,4=32,2,3,0,67,58,1,0,23,35,2,0,0,0,0,0,0,0,0,0,0,0,0,0,0,0,0,0,0,0,0,0,0,0,0,0,0,0,0,0
l4,4=29,1,3,13,0,60,2,1,28,38,31,0,0,3,0,0,0,0,0,0,0,0,0,0,0,0,0,0,0,0,0,0,0,0,0,0,0,0,0,0
l5,4=28,1,3,11,62,0,1,1,32,37,44,0,0,14,0,44,0,0,0,0,0,0,0,0,0,0,0,0,0,0,0,0,0,0,0,0,0,0,0,0
l6,4=24,1,2,7,64,53,0,1,32,51,49,29,1,0,0,44,48,0,0,0,0,0,0,0,0,0,0,0,0,0,0,0,0,0,0,0,0,0,0,0
l7,4=25,1,2,5,59,59,2,0,45,59,49,29,0,10,0,47,2,0,0,0,0,0,0,0,0,0,0,0,0,0,0,0,0,0,0,0,0,0,0,0
l8,4=0,1,0,4,38,39,2,1,0,58,41,32,1,19,8,49,55,52,0,0,2,22,36,0,0,0,0,0,0,0,0,0,0,0,0,0,0,0,0,0
l9,4=24,1,1,5,51,44,2,1,49,0,50,32,0,18,0,37,0,50,0,0,3,0,40,0,0,0,0,0,0,0,0,0,0,0,0,0,0,0,0,0
l10,4=24,1,2,7,44,56,2,1,40,62,0,35,1,16,38,48,0,40,0,0,0,0,0,44,0,0,0,0,0,0,0,0,0,0,0,0,0,0,0,0
l11,4=0,0,0,0,0,0,2,0,36,52,37,0,2,18,45,77,54,55,0,0,0,23,32,60,36,22,0,0,0,0,0,0,0,0,0,8,0,0,50,0
l12,4=0,0,0,0,0,0,0,0,38,0,32,46,0,17,65,65,73,85,0,8,3,0,0,65,71,74,0,0,0,0,0,0,0,14,0,0,0,0,46,0
l13,4=0,0,0,0,0,39,0,0,45,52,42,33,1,0,40,51,52,56,0,6,3,12,40,56,33,44,0,0,0,0,0,0,0,0,0,0,0,0,29,0
l14,4=0,0,0,0,0,0,0,0,5,20,40,46,28,15,0,0,59,53,0,0,3,1,11,79,75,63,0,0,0,0,0,0,0,58,13,0,0,0,48,0
l15,4=0,0,0,0,0,38,2,0,37,38,33,58,4,24,0,0,51,47,0,9,3,21,38,46,46,30,0,0,0,0,0,0,0,0,0,0,0,0,48,0
l16,4=0,0,0,0,0,0,2,0,36,0,0,31,20,12,44,45,0,80,26,16,4,26,49,44,43,45,0,0,0,0,0,0,0,22,0,26,0,1,65,28
l17,4=0,0,0,0,0,0,0,0,37,48,31,53,30,37,41,48,81,0,0,0,3,22,43,38,70,0,0,0,0,0,0,0,0,0,0,22,0,0,40,30
l18,4=0,0,0,0,0,0,0,0,0,0,0,0,0,0,0,0,48,0,0,63,0,70,71,0,0,0,0,0,0,0,0,0,0,0,0,0,0,0,0,0
l19,4=0,0,0,0,0,0,0,0,0,0,0,0,1,5,0,0,48,0,32,0,93,90,89,0,0,0,0,0,0,1,0,0,0,0,0,1,0,0,58,35
l20,4=0,0,0,0,0,0,0,0,13,33,0,0,2,20,46,51,69,61,0,76,0,78,90,0,37,0,0,0,1,0,0,0,35,0,0,54,56,38,71,49
l21,4=0,0,0,0,0,0,0,0,46,0,0,37,0,10,11,38,70,22,36,71,91,0,84,0,11,0,0,0,0,0,0,0,0,6,0,0,64,13,61,50
l22,4=0,0,0,0,0,0,0,0,28,43,0,25,0,11,4,20,61,17,30,96,96,82,0,0,0,0,40,0,0,4,0,0,0,0,0,37,67,11,71,40
l23,4=0,0,0,0,0,0,0,0,0,0,5,35,2,18,67,28,55,9,0,0,0,0,0,0,77,77,0,0,0,0,0,0,0,58,53,0,0,0,0,0
l24,4=0,0,0,0,0,0,0,0,6,0,0,28,26,14,68,64,57,76,0,0,3,1,0,84,0,68,0,0,0,0,0,0,0,60,28,0,0,0,0,0
l25,4=0,0,0,0,0,0,0,0,0,0,0,6,28,15,58,4,46,3,0,0,0,0,0,84,79,0,0,0,0,36,0,3,82,84,68,0,0,0,0,0
l26,4=0,0,0,0,0,0,0,0,0,0,0,0,0,0,0,0,0,0,0,0,0,0,74,0,0,0,0,79,99,98,98,96,97,75,91,0,0,0,0,0
l27,4=0,0,0,0,0,0,0,0,0,0,0,0,0,0,0,0,0,0,0,0,0,0,0,0,0,0,93,0,99,98,100,90,80,0,74,0,0,0,0,0
l28,4=0,0,0,0,0,0,0,0,0,0,0,0,0,0,0,0,0,0,0,37,34,0,0,0,0,0,99,100,0,98,92,86,93,88,89,0,0,0,0,0
l29,4=0,0,0,0,0,0,0,0,0,0,0,0,0,0,0,0,0,0,0,2,0,0,3,0,0,56,96,100,99,0,96,83,83,83,86,0,0,0,0,0
l30,4=0,0,0,0,0,0,0,0,0,0,0,0,0,0,0,0,0,0,0,0,0,0,0,0,0,0,96,100,96,98,0,88,85,86,0,0,0,0,0,0
l31,4=0,0,0,0,0,0,0,0,0,0,0,0,0,0,4,0,0,0,0,0,0,0,0,0,0,58,95,81,85,72,80,0,99,96,98,0,0,0,0,0
l32,4=0,0,0,0,0,0,0,0,0,0,0,0,2,0,0,0,0,0,0,0,69,0,0,0,0,80,84,76,97,90,85,97,0,96,100,0,0,0,0,0
l33,4=0,0,0,0,0,0,0,0,0,0,0,0,1,0,28,0,0,0,0,0,0,0,0,69,47,82,57,0,88,66,65,94,96,0,100,0,0,0,0,0
l34,4=0,0,0,0,0,0,0,0,0,0,0,0,0,0,12,0,0,0,0,0,0,0,0,79,48,79,85,69,94,87,10,97,100,97,0,0,0,0,0,0
l35,4=0,0,0,0,0,0,0,0,0,0,0,0,0,0,0,0,38,18,0,0,2,0,44,0,0,0,0,0,0,0,0,0,0,0,0,0,61,48,64,50
l36,4=0,0,0,0,0,0,0,0,0,0,0,13,1,0,5,21,36,40,0,8,2,42,55,0,0,0,0,0,0,0,0,0,0,0,0,62,0,42,61,35
l37,4=0,0,0,0,0,0,0,0,0,0,0,0,0,0,0,0,18,0,0,0,3,17,51,0,0,0,0,0,0,0,0,0,0,0,0,66,63,0,65,38
l38,4=0,0,0,0,0,0,0,0,0,0,0,32,1,8,39,42,54,24,0,16,72,21,62,0,0,0,0,0,0,0,0,0,0,0,0,44,8,3,0,40
l39,4=0,0,0,0,0,0,0,0,0,0,0,0,0,0,0,0,30,28,0,16,6,21,39,0,0,0,0,0,0,0,0,0,0,0,0,65,12,3,70,0

l0,5=0,3,55,50,52,2,11,44,7,53,8,0,0,0,0,0,0,0,0,0,0,0,0,0,0,0,0,0,0,0,0,0,0,0,0,0,0,0,0,0
l1,5=18,0,82,56,63,8,17,44,3,51,6,0,0,0,0,0,0,0,0,0,0,0,0,41,0,0,0,0,0,0,0,0,0,0,0,0,0,0,0,0
l2,5=1,36,0,51,59,12,23,44,12,53,6,0,0,4,0,0,0,0,0,0,0,0,0,0,0,0,0,0,0,0,0,0,0,0,0,0,0,0,0,0
l3,5=0,2,51,0,66,2,11,0,20,52,0,0,0,0,0,0,0,0,0,0,0,0,0,0,0,0,0,0,0,0,0,0,0,0,0,0,0,0,0,0
l4,5=12,33,76,72,0,21,11,43,48,48,5,0,0,10,0,1,0,0,0,0,0,0,0,0,0,0,0,0,0,0,0,0,0,0,0,0,0,0,0,0
l5,5=0,2,69,52,59,0,3,44,50,55,8,0,0,15,0,0,0,0,0,0,0,0,0,0,0,0,0,0,0,0,0,0,0,0,0,0,0,0,0,0
l6,5=0,2,56,49,53,1,0,52,30,58,8,0,0,0,0,0,45,0,0,1,0,0,0,0,0,0,0,0,0,0,0,0,0,0,0,0,0,0,0,0
l7,5=0,2,35,0,53,2,11,0,52,53,8,0,0,0,0,64,0,0,0,0,0,0,0,0,0,0,0,0,0,0,0,0,0,0,0,0,0,0,0,0
l8,5=0,0,0,8,50,2,3,30,0,59,6,0,0,25,26,60,32,35,0,0,0,3,37,10,13,0,0,0,0,0,0,0,0,0,0,0,0,0,0,0
l9,5=0,1,48,20,39,2,11,26,61,0,8,0,0,19,0,57,28,35,0,0,0,0,36,3,12,0,0,0,0,0,0,0,0,0,0,0,0,0,21,0
l10,5=0,2,48,23,49,2,11,52,52,62,0,0,0,11,34,60,0,22,0,0,0,0,0,0,0,0,0,0,0,0,0,0,0,0,0,0,0,0,0,0
l11,5=0,0,0,0,0,1,4,16,19,47,5,0,26,8,53,87,37,40,0,0,0,1,17,40,13,0,0,0,0,0,0,0,0,0,0,0,11,14,20,0
l12,5=0,0,0,0,0,0,0,0,9,20,0,17,0,9,76,68,72,79,0,0,0,0,0,50,66,43,0,0,0,0,0,0,27,9,0,0,10,0,15,0
l13,5=0,0,0,0,36,1,0,0,62,54,5,0,0,0,33,72,37,47,0,1,0,0,33,41,7,0,0,0,0,0,0,0,0,0,0,0,0,0,0,0
l14,5=0,0,0,0,0,0,0,0,10,0,3,18,74,8,0,64,34,42,0,0,0,0,30,65,77,25,0,0,0,0,0,1,0,19,0,0,0,0,17,0
l15,5=0,0,0,0,27,0,0,18,13,36,5,19,31,36,34,0,34,33,0,0,0,1,32,41,36,0,0,0,0,0,0,0,0,0,0,0,12,0,21,0
l16,5=0,0,0,0,0,0,2,0,10,24,0,15,26,6,29,36,0,48,0,1,22,22,43,0,38,0,0,0,0,0,0,8,0,0,0,0,3,13,32,1
l17,5=0,0,0,0,0,0,0,0,14,41,1,17,75,10,48,57,77,0,0,0,4,0,27,9,26,0,0,0,0,0,0,0,0,0,0,0,13,14,0,0
l18,5=0,0,0,0,0,0,0,0,0,0,0,0,0,0,0,0,0,0,0,2,0,48,34,0,0,0,0,0,0,0,0,0,0,0,0,0,0,0,0,0
l19,5=0,0,0,0,0,0,0,0,0,0,0,0,0,2,0,0,14,0,1,0,62,57,71,0,0,0,0,0,0,2,0,0,1,0,0,0,12,0,8,50
l20,5=0,0,0,0,0,0,0,0,3,10,0,0,1,6,24,20,41,41,0,65,0,58,69,0,6,0,0,0,0,0,0,0,25,0,0,3,14,36,46,35
l21,5=0,0,0,0,0,0,0,0,9,0,0,0,0,0,0,32,43,12,18,44,66,0,54,0,5,0,0,0,0,0,0,0,0,0,0,16,29,14,32,52
l22,5=0,0,0,0,0,0,0,0,10,23,0,0,0,3,14,28,28,12,8,73,69,58,0,0,0,0,0,0,0,0,0,0,0,0,0,1,34,28,49,1
l23,5=0,0,0,0,0,0,0,0,0,0,0,0,67,24,70,62,0,0,0,0,0,0,0,0,79,70,0,0,0,0,0,6,0,28,16,0,0,0,0,0
l24,5=0,0,0,0,0,0,0,0,16,34,0,17,69,5,75,76,70,71,0,0,0,1,0,69,0,65,0,0,0,0,0,0,0,25,1,0,0,0,0,0
l25,5=0,0,0,0,0,0,0,0,0,0,0,0,69,8,70,51,32,32,0,0,0,0,0,72,75,0,0,0,0,14,0,0,67,53,28,0,0,0,0,0
l26,5=0,0,0,0,0,0,0,0,0,0,0,0,0,0,0,0,0,0,0,0,37,0,42,0,0,0,0,54,90,88,72,88,75,50,22,0,0,0,0,0
l27,5=0,0,0,0,0,0,0,0,0,0,0,0,0,0,0,0,0,0,0,0,0,0,0,0,0,0,67,0,86,81,87,65,61,0,0,0,0,0,0,0
l28,5=0,0,0,0,0,0,0,0,0,0,0,0,0,0,0,0,0,0,0,39,28,0,0,0,0,0,84,87,0,90,86,53,75,58,18,0,0,0,0,0
l29,5=0,0,0,0,0,0,0,0,0,0,0,0,0,0,0,0,0,0,0,31,0,0,0,0,0,14,82,78,90,0,49,44,65,49,16,0,0,0,0,0
l30,5=0,0,0,0,0,0,0,0,0,0,0,0,0,0,0,0,0,0,0,0,0,0,0,0,0,0,71,87,90,83,0,54,0,58,0,0,0,0,0,0
l31,5=0,0,0,0,0,0,0,0,0,0,0,0,0,0,0,0,25,0,0,0,0,0,0,20,0,0,74,54,62,16,18,0,83,61,73,0,0,0,0,0
l32,5=0,0,0,0,0,0,0,0,0,0,0,0,26,0,0,0,0,0,0,31,52,0,0,0,0,65,76,52,77,49,16,91,0,72,87,0,0,0,0,0
l33,5=0,0,0,0,0,0,0,0,0,0,0,0,24,0,61,0,0,0,0,0,0,0,0,54,59,61,70,0,67,60,62,72,68,0,74,0,0,0,0,0
l34,5=0,0,0,0,0,0,0,0,0,0,0,0,0,0,32,0,0,0,0,0,37,0,0,54,55,60,69,0,67,61,0,89,89,81,0,0,0,0,0,0
l35,5=0,0,0,0,0,0,0,0,0,0,0,0,0,0,0,0,4,5,0,1,0,25,17,0,0,0,0,0,0,0,0,0,0,0,0,0,20,28,8,29
l36,5=0,0,0,0,0,0,0,0,0,0,0,6,1,0,0,19,0,14,0,14,26,31,45,0,0,0,0,0,0,0,0,0,0,0,0,13,0,33,28,33
l37,5=0,0,0,0,0,0,0,0,0,0,0,0,0,0,0,0,6,4,0,0,29,3,27,0,0,0,0,0,0,0,0,0,0,0,0,38,48,0,22,5
l38,5=0,0,0,0,0,0,0,0,0,17,0,0,0,0,26,32,27,0,0,0,46,3,53,0,0,0,0,0,0,0,0,0,0,0,0,0,24,20,0,34
l39,5=0,0,0,0,0,0,0,0,0,0,0,0,0,0,0,0,10,0,0,22,24,42,0,0,0,0,0,0,0,0,0,0,0,0,0,24,34,23,44,0

l0,6=0,90,58,72,26,80,57,0,0,38,58,0,0,0,0,0,0,0,0,0,0,0,0,0,0,0,0,0,0,0,0,0,0,0,0,0,0,0,0,0
l1,6=88,0,61,81,73,79,66,21,29,56,36,0,0,0,0,0,0,0,0,0,0,0,0,7,0,0,0,0,0,0,0,0,0,0,0,0,0,0,0,0
l2,6=86,87,0,80,71,79,65,54,13,60,59,0,0,0,0,0,0,0,0,0,0,0,0,0,0,0,0,0,0,0,0,0,0,0,0,0,0,0,0,0
l3,6=68,83,55,0,75,83,61,0,0,52,0,0,0,0,0,0,0,0,0,0,0,0,0,0,0,0,0,0,0,0,0,0,0,0,0,0,0,0,0,0
l4,6=54,90,58,87,0,74,65,37,37,0,47,0,0,20,0,0,0,0,0,0,0,0,0,13,0,0,0,0,0,0,0,0,0,0,0,0,0,0,0,0
l5,6=84,82,58,81,65,0,60,61,36,59,62,0,0,0,0,0,0,0,0,0,0,0,0,0,0,0,0,0,0,0,0,0,0,0,0,0,0,0,0,0
l6,6=62,80,53,67,45,57,0,60,36,58,62,42,0,0,0,0,29,0,0,0,0,0,0,0,0,0,0,0,0,0,0,0,0,0,0,0,0,0,0,0
l7,6=0,31,5,0,20,72,60,0,37,55,63,29,0,0,0,52,0,0,0,0,0,0,0,0,0,0,0,0,0,0,0,0,0,0,0,0,0,0,0,0
l8,6=0,12,1,0,8,24,25,45,0,61,57,56,8,59,0,44,20,34,0,0,27,22,16,3,2,4,0,0,0,0,0,0,0,0,0,0,0,0,0,0
l9,6=14,37,3,0,1,54,51,42,62,0,68,31,17,3,0,49,23,6,0,0,0,0,13,0,0,0,0,0,0,0,0,0,0,0,0,0,0,0,0,0
l10,6=44,30,3,0,18,62,59,61,59,62,0,43,0,0,0,45,20,0,0,0,0,0,0,0,0,0,0,0,0,0,0,0,0,0,0,0,0,0,0,0
l11,6=0,0,0,0,0,0,22,8,29,30,29,0,23,22,21,66,21,16,0,0,14,0,0,14,16,12,0,0,0,0,0,0,0,0,0,0,17,4,35,0
l12,6=0,0,0,0,0,0,0,0,15,23,0,58,0,16,44,54,45,36,0,0,14,4,9,28,48,57,0,0,0,0,0,0,0,29,17,0,13,0,0,0
l13,6=0,0,0,0,8,0,0,0,62,40,26,43,13,0,21,51,14,21,0,3,13,0,12,0,16,11,0,0,0,0,0,0,0,0,0,4,9,0,0,0
l14,6=0,0,0,0,0,0,0,0,13,20,0,44,38,25,0,38,17,41,0,0,27,0,17,50,44,45,0,0,0,0,0,0,0,37,0,0,0,0,33,0
l15,6=0,0,0,0,0,0,0,12,23,30,29,64,34,33,19,0,23,21,0,0,19,24,16,22,19,12,0,0,0,0,0,0,0,0,0,4,8,0,36,0
l16,6=0,0,0,0,0,0,24,0,10,15,13,28,18,4,16,37,0,30,1,2,0,24,20,10,17,2,0,0,0,0,0,0,0,18,5,13,20,12,34,26
l17,6=0,0,0,0,0,0,0,0,24,19,0,46,20,24,27,49,39,0,0,0,39,18,5,0,22,23,0,0,0,0,0,0,0,23,0,0,20,1,34,0
l18,6=0,0,0,0,0,0,0,0,0,0,0,0,0,1,0,0,16,0,0,30,2,22,0,0,0,0,0,0,0,0,0,0,0,0,0,0,0,0,0,0
l19,6=0,0,0,0,0,0,0,0,0,0,0,0,0,19,0,0,13,0,28,0,52,33,49,0,0,0,0,0,4,4,0,0,0,0,0,7,0,0,5,35
l20,6=0,0,0,0,0,0,0,0,20,3,0,0,5,9,19,17,0,18,0,44,0,50,52,0,0,0,0,0,0,0,0,5,0,1,0,16,31,27,43,36
l21,6=0,0,0,0,0,0,0,0,14,7,0,0,6,0,0,26,20,9,14,33,54,0,43,0,1,0,0,0,0,0,0,0,0,0,0,26,17,0,34,36
l22,6=0,0,0,0,0,0,0,0,16,18,0,0,6,17,17,23,21,0,0,47,60,44,0,0,0,0,12,0,0,0,0,0,0,0,0,11,44,30,42,40
l23,6=0,3,0,0,0,0,0,0,0,0,0,27,33,17,43,37,11,0,0,0,0,0,0,0,48,57,0,0,0,0,0,21,0,38,40,0,0,0,0,0
l24,6=0,0,0,0,0,0,0,0,25,0,0,41,44,32,39,46,33,33,0,0,1,0,0,60,0,49,0,0,0,0,0,0,0,38,9,0,9,0,12,0
l25,6=0,0,0,0,0,0,0,0,4,0,0,17,48,13,46,18,9,8,0,0,0,0,0,59,45,0,13,0,0,0,0,16,16,48,23,0,0,0,0,0
l26,6=0,0,0,0,0,0,0,0,0,0,0,0,0,0,0,0,0,0,0,0,0,0,23,0,0,15,0,40,89,75,69,64,73,38,38,0,0,0,0,0
l27,6=0,0,0,0,0,0,0,0,0,0,0,0,0,0,0,0,0,0,0,0,0,0,0,0,0,0,61,0,83,61,86,51,39,0,0,0,0,0,0,0
l28,6=0,0,0,0,0,0,0,0,0,0,0,0,0,0,0,0,0,0,0,22,0,0,10,0,0,0,69,73,0,77,80,59,58,64,50,0,0,0,0,0
l29,6=0,0,0,0,0,0,0,0,0,0,0,0,0,0,0,0,0,0,0,26,0,0,0,0,0,0,67,75,89,0,41,40,37,43,30,0,0,0,0,0
l30,6=0,0,0,0,0,0,0,0,0,0,0,0,0,0,0,0,0,0,0,0,0,0,0,0,0,0,66,81,83,29,0,44,0,35,33,0,0,0,0,0
l31,6=0,0,0,0,0,0,0,0,0,0,0,0,0,0,0,0,0,0,0,8,15,0,0,30,0,14,64,26,47,23,45,0,75,65,70,0,0,0,0,0
l32,6=0,0,0,0,0,0,0,0,0,0,0,0,0,0,0,0,0,0,0,0,0,0,0,3,0,35,66,22,56,42,0,66,0,70,79,0,0,0,0,0
l33,6=0,0,0,0,0,0,0,0,0,0,0,0,31,0,40,0,19,18,0,0,16,0,0,46,40,49,48,0,55,50,38,59,71,0,64,0,0,0,0,0
l34,6=0,0,0,0,0,0,0,0,0,0,0,0,14,0,0,0,9,0,0,0,0,0,0,40,17,18,46,0,43,14,42,61,86,71,0,0,0,0,0,0
l35,6=0,0,0,0,0,0,0,0,0,0,0,0,0,3,0,5,19,0,0,1,19,27,17,0,0,0,0,0,0,0,0,0,0,0,0,0,29,38,38,42
l36,6=0,0,0,0,0,0,0,0,0,0,0,17,2,10,0,17,19,9,0,0,30,22,27,0,2,0,0,0,0,0,0,0,0,0,0,22,0,36,43,42
l37,6=0,0,0,0,0,0,0,0,0,0,0,0,0,0,0,0,0,0,0,0,30,0,12,0,0,0,0,0,0,0,0,0,0,0,0,32,43,0,34,33
l38,6=0,0,0,0,0,0,0,0,0,3,0,33,1,3,14,34,23,13,0,0,36,25,26,0,0,0,0,0,0,0,0,0,0,0,0,25,38,34,0,37
l39,6=0,0,0,0,0,0,0,0,0,0,0,0,0,0,0,0,14,0,0,19,32,28,25,0,0,0,0,0,0,0,0,0,0,0,0,33,47,28,41,0

l0,7=0,90,76,72,75,84,75,0,9,61,56,0,0,0,0,0,0,0,0,0,0,0,0,0,0,0,0,0,0,0,0,0,0,0,0,0,0,0,0,0
l1,7=64,0,82,76,87,78,81,74,1,62,15,1,0,0,0,0,0,0,0,0,0,0,0,0,0,0,0,0,0,0,0,0,0,0,0,0,0,0,0,0
l2,7=60,84,0,77,87,78,86,60,45,65,44,0,0,0,0,0,0,0,0,0,0,0,0,0,0,0,0,0,0,0,0,0,0,0,0,0,0,0,0,0
l3,7=49,55,80,0,93,24,72,0,1,23,26,0,0,0,0,0,0,0,0,0,0,0,0,0,0,0,0,0,0,0,0,0,0,0,0,0,0,0,0,0
l4,7=31,82,78,81,0,40,78,54,59,30,53,0,0,37,0,0,0,0,0,0,0,0,0,0,0,0,0,0,0,0,0,0,0,0,0,0,0,0,0,0
l5,7=61,83,80,35,56,0,80,78,53,67,55,0,0,4,0,0,0,0,0,0,0,0,0,0,0,0,0,0,0,0,0,0,0,0,0,0,0,0,0,0
l6,7=37,83,79,69,86,64,0,81,0,68,53,17,0,36,0,0,20,0,0,0,0,0,0,0,0,0,0,0,0,0,0,0,0,0,0,0,0,0,0,0
l7,7=2,17,12,0,32,77,83,0,38,67,59,0,2,7,0,0,0,1,0,0,0,0,0,0,0,0,0,0,0,0,0,0,0,0,0,0,0,0,0,0
l8,7=1,0,24,13,68,20,0,46,0,69,56,28,16,50,26,57,30,44,0,0,2,0,28,0,0,0,0,0,0,0,0,0,0,0,0,0,0,0,0,0
l9,7=9,7,12,0,3,26,77,76,65,0,59,21,13,49,0,48,0,1,0,0,19,0,19,0,0,0,0,0,0,0,0,0,0,0,0,0,0,0,12,0
l10,7=37,0,7,3,60,57,50,78,65,70,0,24,0,0,0,49,29,1,0,0,0,0,0,0,0,0,0,0,0,0,0,0,0,0,0,0,0,0,0,0
l11,7=0,0,0,0,0,0,1,0,37,31,27,0,56,25,22,73,29,26,0,0,18,0,16,3,15,0,0,0,0,0,0,0,0,0,0,2,8,0,12,3
l12,7=0,0,0,0,0,0,0,0,7,23,0,34,0,12,56,61,48,40,0,1,18,5,0,15,82,50,0,0,0,0,0,0,0,19,6,0,0,0,9,0
l13,7=0,0,0,0,27,2,4,15,63,56,0,29,22,0,24,53,21,35,0,0,12,4,18,8,19,14,0,0,0,0,0,0,0,0,0,4,3,0,11,0
l14,7=0,0,0,0,0,0,0,0,19,23,0,18,49,19,0,38,35,55,0,0,22,14,20,50,20,30,0,0,0,0,0,3,0,14,0,0,0,0,10,0
l15,7=0,0,0,0,3,0,0,16,29,41,27,40,56,42,21,0,25,30,0,6,19,14,21,10,13,12,0,0,0,0,0,0,0,0,0,0,2,2,13,0
l16,7=0,0,0,0,0,0,3,0,7,0,13,16,34,9,18,29,0,37,7,0,19,16,21,8,14,12,0,0,0,0,0,5,0,0,7,18,8,2,16,16
l17,7=0,0,0,0,0,0,0,0,21,19,2,21,34,18,38,36,38,0,0,3,28,19,0,6,24,0,0,0,0,0,0,0,0,17,0,3,8,0,17,0
l18,7=0,0,0,0,0,0,0,0,0,0,0,0,0,0,0,0,31,0,0,30,32,17,0,0,0,0,0,0,0,0,0,0,0,0,0,0,0,0,0,0
l19,7=0,0,0,0,0,0,0,0,0,0,0,0,10,0,0,14,0,1,7,0,54,34,45,0,0,0,0,0,1,8,0,23,0,0,0,2,0,3,4,27
l20,7=0,0,0,0,0,0,0,0,0,19,0,11,12,1,12,21,33,19,8,58,0,59,55,0,0,0,0,0,0,0,0,0,0,2,0,18,17,0,42,20
l21,7=0,0,0,0,0,0,0,0,3,20,0,5,13,9,24,27,30,21,9,29,65,0,52,0,0,0,0,0,0,0,0,0,0,0,0,38,15,12,18,33
l22,7=0,0,0,0,0,0,0,0,12,20,0,12,0,9,12,22,30,0,0,57,66,56,0,0,0,0,0,0,0,5,0,0,0,0,0,26,37,14,20,35
l23,7=0,0,0,0,0,0,0,0,6,0,0,10,40,17,58,44,30,10,0,0,0,0,0,0,80,57,0,0,0,0,0,15,21,0,26,0,0,0,0,0
l24,7=0,0,0,0,0,0,0,0,0,35,0,25,62,24,28,39,34,53,0,0,0,0,0,60,0,47,0,0,0,0,0,0,0,23,12,0,0,0,0,0
l25,7=0,0,0,0,0,0,0,0,0,6,0,0,60,26,56,38,26,0,0,0,0,0,0,56,65,0,0,0,0,11,0,13,33,29,10,0,0,0,10,0
l26,7=0,0,0,0,0,0,0,0,0,0,0,0,0,0,0,0,0,0,0,0,13,0,1,0,0,0,0,55,69,80,68,72,74,47,54,0,0,0,0,0
l27,7=0,0,0,0,0,0,0,0,0,0,0,0,0,0,0,0,0,0,0,0,0,0,0,0,0,0,71,0,64,81,85,5,62,0,0,0,0,0,0,0
l28,7=0,0,0,0,0,0,0,0,0,0,0,0,0,0,0,0,0,0,0,36,6,3,0,0,0,0,78,84,0,84,85,64,44,57,49,0,0,0,0,0
l29,7=0,0,0,0,0,0,0,0,0,0,0,0,0,0,0,0,0,0,0,30,0,0,25,0,0,30,73,85,69,0,85,61,67,53,0,0,0,0,0,0
l30,7=0,0,0,0,0,0,0,0,0,0,0,0,0,0,0,0,0,0,0,0,0,0,0,0,0,0,61,85,64,79,0,49,55,8,43,0,0,0,0,0
l31,7=0,0,0,0,0,0,0,0,0,0,0,0,0,0,10,0,5,0,0,39,0,0,0,17,0,7,70,0,50,59,57,0,74,70,67,0,0,0,0,0
l32,7=0,0,0,0,0,0,0,0,0,0,0,0,0,0,0,0,0,0,0,0,0,0,7,14,0,38,72,41,33,66,53,71,0,78,86,0,0,0,0,0
l33,7=0,0,0,0,0,0,0,0,0,0,0,0,32,0,45,0,0,29,0,0,23,0,0,16,38,40,51,0,44,42,29,72,77,0,51,0,0,0,0,0
l34,7=0,0,0,0,0,0,0,0,0,0,0,0,26,0,21,0,20,0,0,0,0,0,1,46,37,30,62,8,35,10,48,71,89,48,0,0,0,0,0,0
l35,7=0,0,0,0,0,0,0,0,0,0,0,0,0,4,0,0,32,2,0,0,25,25,24,0,0,0,0,0,0,0,0,0,0,0,0,0,31,39,32,40
l36,7=0,0,0,0,0,0,0,0,0,0,0,4,0,3,0,0,30,16,0,0,26,20,27,0,0,0,0,0,0,0,0,0,0,0,0,32,0,19,38,37
l37,7=0,0,0,0,0,0,0,0,0,0,0,0,0,0,0,0,20,0,0,0,0,17,17,0,0,0,0,0,0,0,0,0,0,0,0,52,19,0,17,0
l38,7=0,0,0,0,0,0,0,0,0,21,0,15,9,11,9,28,31,24,0,0,39,25,26,0,0,0,0,0,0,0,0,0,0,0,0,40,41,9,0,25
l39,7=0,0,0,0,0,0,0,0,0,0,0,0,0,0,0,0,3,0,0,14,25,27,28,0,0,0,0,0,0,0,0,0,0,0,0,33,25,2,16,0

l0,8=0,98,88,90,94,88,70,32,0,82,87,0,0,36,0,0,0,0,0,0,0,0,0,0,0,0,0,0,0,0,0,0,0,0,0,0,0,0,0,0
l1,8=93,0,89,90,83,71,37,36,75,65,0,0,0,0,0,0,0,0,0,0,0,0,0,0,0,0,0,0,0,0,0,0,0,0,0,0,0,0,0,0
l2,8=85,97,0,90,83,95,90,36,7,69,70,12,0,77,0,59,0,0,0,0,0,0,0,0,0,0,0,0,0,0,0,0,0,0,0,0,0,0,0,0
l3,8=89,87,94,0,96,79,32,0,0,0,0,0,0,0,0,0,0,0,0,0,0,0,0,0,0,0,0,0,0,0,0,0,0,0,0,0,0,0,0,0
l4,8=91,88,88,97,0,57,35,34,71,47,85,0,0,80,0,0,0,0,0,0,0,0,0,30,8,0,0,0,0,0,0,0,0,0,0,0,0,0,0,0
l5,8=91,94,97,92,76,0,41,91,83,78,87,34,0,72,0,0,0,0,0,0,0,0,0,0,0,0,0,0,0,0,0,0,0,0,0,0,0,0,0,0
l6,8=84,86,91,76,76,64,0,79,64,80,85,0,0,12,0,0,55,0,0,0,0,0,0,0,0,0,0,0,0,0,0,0,0,0,0,0,0,0,0,0
l7,8=58,81,81,68,72,85,91,0,81,99,98,0,0,87,0,0,1,11,0,0,0,0,0,0,0,0,0,0,0,0,0,0,0,0,0,0,0,0,0,0
l8,8=0,45,0,1,72,58,27,34,0,99,89,56,0,91,73,76,0,68,0,30,0,0,67,0,0,0,0,0,0,0,0,0,0,0,0,0,0,0,0,0
l9,8=45,33,54,0,16,51,36,48,94,0,98,48,38,90,6,73,52,25,0,0,0,20,0,51,52,0,0,0,0,0,0,0,0,0,0,0,0,0,49,0
l10,8=81,0,49,0,75,62,34,92,85,100,0,39,0,82,0,69,0,0,0,0,0,0,0,0,0,0,0,0,0,0,0,0,0,0,0,0,0,0,0,0
l11,8=0,0,0,0,0,22,0,0,86,80,46,0,97,65,81,90,88,85,0,2,8,41,40,55,57,28,0,0,0,0,0,0,0,0,0,7,41,1,31,0
l12,8=0,0,0,0,0,0,0,0,0,29,0,92,0,0,97,90,97,65,0,0,23,0,0,65,98,75,0,0,0,0,0,0,0,24,3,2,37,0,45,0
l13,8=1,0,0,1,57,21,1,32,89,95,54,20,0,0,82,82,53,45,0,0,17,45,0,58,54,34,0,0,0,0,0,0,0,0,0,0,0,0,56,0
l14,8=0,0,0,0,0,0,0,0,54,28,0,37,98,65,0,69,54,90,0,0,32,44,46,63,67,46,0,0,0,0,0,0,0,0,0,0,36,0,0,0
l15,8=0,0,0,0,0,0,0,0,80,78,60,99,62,96,88,0,86,88,0,0,39,48,56,58,38,14,0,0,0,0,0,0,0,0,0,0,34,0,64,0
l16,8=0,0,0,0,0,0,14,0,0,25,0,46,57,23,29,48,0,30,17,25,49,39,58,35,59,7,0,0,0,0,0,29,0,0,15,2,50,40,35,45
l17,8=0,0,0,0,0,0,0,9,48,34,1,57,53,57,96,85,67,0,0,24,47,14,47,16,53,0,0,0,0,0,0,0,0,41,0,0,34,10,54,8
l18,8=0,0,0,0,0,0,0,0,0,0,0,0,0,0,0,0,64,0,0,71,73,59,0,0,0,0,0,0,0,0,0,0,0,0,0,0,0,0,1,0
l19,8=0,0,0,0,0,0,0,0,27,0,0,0,0,0,0,0,63,41,25,0,80,59,85,0,0,0,2,0,46,0,0,43,0,0,0,20,57,0,2,56
l20,8=0,0,0,0,0,0,0,0,0,0,0,0,23,16,31,36,56,32,24,83,0,90,96,0,0,0,0,0,0,0,0,0,0,0,0,17,58,43,60,38
l21,8=0,0,0,0,0,0,0,0,0,32,0,23,5,32,34,40,54,22,21,34,86,0,94,0,0,0,0,0,0,0,0,0,0,15,0,27,50,45,57,51
l22,8=0,0,0,0,0,0,0,0,35,16,0,24,0,0,31,37,72,30,0,78,85,82,0,0,0,0,0,0,0,5,0,0,0,0,0,32,65,40,58,50
l23,8=0,0,0,0,0,0,0,0,0,44,0,32,84,69,86,63,70,20,0,0,0,0,0,0,98,91,0,0,0,0,0,11,46,57,48,0,0,0,0,0
l24,8=0,0,0,0,0,0,0,0,3,43,0,40,98,67,95,48,94,72,0,0,1,0,0,95,0,87,0,0,0,0,0,0,0,39,21,0,10,0,0,0
l25,8=0,0,0,5,0,0,0,0,6,0,0,31,98,52,70,44,36,0,0,0,0,0,0,95,88,0,0,0,0,38,0,0,50,60,42,0,0,0,14,0
l26,8=0,0,0,0,0,0,0,0,0,0,0,0,0,0,0,0,0,0,0,0,52,0,0,0,0,0,0,83,92,92,82,80,71,72,60,0,0,0,0,0
l27,8=0,0,0,0,0,0,0,0,0,0,0,0,0,0,0,0,0,0,0,0,0,0,0,0,0,0,80,0,92,93,91,0,58,0,60,0,0,0,0,0
l28,8=0,0,0,0,0,0,0,0,0,0,0,0,0,0,0,0,0,0,0,62,0,0,0,0,0,0,89,89,0,93,87,80,52,69,55,0,0,0,0,0
l29,8=0,0,0,0,0,0,0,0,0,0,0,0,0,0,0,0,0,0,0,0,0,0,27,0,0,63,88,90,92,0,88,79,50,62,62,0,0,0,0,0
l30,8=0,0,0,0,0,0,0,0,0,0,0,0,0,0,0,0,0,0,0,0,0,0,0,0,0,0,77,91,91,92,0,64,57,41,0,0,0,0,0,0
l31,8=0,0,0,0,0,0,0,0,0,0,0,0,0,0,0,0,35,0,0,40,26,0,0,44,1,0,84,0,80,86,61,0,73,82,76,0,0,0,0,0
l32,8=0,0,0,0,0,0,0,0,0,0,0,0,2,0,0,0,0,0,0,0,0,0,0,70,0,67,88,55,57,71,75,86,0,91,90,0,0,0,0,0
l33,8=0,0,0,0,0,0,0,0,0,0,0,0,63,0,0,0,0,61,0,0,0,34,0,74,69,69,72,0,70,77,68,87,77,0,70,0,0,0,0,0
l34,8=0,0,0,0,0,0,0,0,0,0,0,0,48,0,6,0,68,0,0,0,32,0,0,74,58,70,72,52,68,76,0,85,87,76,0,0,0,0,0,0
l35,8=0,0,0,0,0,0,0,0,0,0,0,10,16,0,0,0,0,0,0,17,23,23,41,0,0,0,0,0,0,0,0,0,0,0,0,0,67,44,55,36
l36,8=0,0,0,0,0,0,0,0,0,0,0,10,10,0,10,19,28,1,0,17,32,23,52,0,7,0,0,0,0,0,0,0,0,0,0,30,0,45,52,39
l37,8=0,0,0,0,0,0,0,0,0,0,0,0,0,0,0,0,31,0,0,0,29,25,43,0,0,0,0,0,0,0,0,0,0,0,0,32,55,0,42,29
l38,8=0,0,0,0,0,0,0,0,0,28,0,8,14,28,0,39,30,26,0,0,42,43,62,0,0,0,0,0,0,0,0,0,0,0,0,32,62,46,0,36
l39,8=0,0,0,0,0,0,0,0,0,0,0,0,0,0,0,0,36,0,0,35,50,53,43,0,0,0,0,0,0,0,0,0,0,0,0,53,64,43,41,0

l0,9=0,100,100,97,99,99,97,93,0,96,82,0,0,2,0,0,0,0,0,0,0,0,0,0,0,0,0,0,0,0,0,0,0,0,0,0,0,0,0,0
l1,9=99,0,100,93,98,79,89,94,86,91,85,0,0,69,0,0,0,0,0,0,0,0,0,18,0,0,0,0,0,0,0,0,0,0,0,0,0,0,0,0
l2,9=97,98,0,95,54,99,100,92,77,0,64,0,46,0,0,1,0,0,0,0,0,0,0,0,0,0,0,0,0,0,0,0,0,0,0,0,0,0,0,0
l3,9=94,91,95,0,98,85,84,84,0,79,0,0,0,0,0,0,0,0,0,0,0,0,0,0,0,0,0,0,0,0,0,0,0,0,0,0,0,0,0,0
l4,9=96,93,4,96,0,86,83,84,85,78,85,0,0,0,0,0,0,0,0,0,0,0,0,4,13,0,0,0,0,0,0,0,0,0,0,0,0,0,0,0
l5,9=97,98,100,97,95,0,97,97,90,94,97,0,0,72,0,0,0,0,0,0,0,0,0,0,0,0,0,0,0,0,0,0,0,0,0,0,0,0,0,0
l6,9=96,68,100,47,44,95,0,100,77,98,100,0,0,77,0,0,19,0,0,0,0,0,0,0,0,0,0,0,0,0,0,0,0,0,0,0,0,0,0,0
l7,9=89,97,89,89,85,95,100,0,97,98,100,0,67,96,0,72,0,0,0,0,0,0,0,0,0,0,0,0,0,0,0,0,0,0,0,0,0,0,0,0
l8,9=0,88,78,0,62,57,78,67,0,98,92,98,25,95,74,80,20,28,0,52,0,0,90,0,0,0,0,0,0,0,0,0,0,0,0,0,0,0,0,0
l9,9=89,89,0,33,39,66,98,100,100,0,100,98,65,95,85,92,25,0,0,0,0,0,4,78,43,0,0,0,0,0,0,0,0,0,0,0,0,0,0,0
l10,9=89,91,68,49,90,94,98,100,95,98,0,0,60,94,0,94,55,54,0,0,0,0,0,24,0,0,0,0,0,0,0,0,0,0,0,0,0,0,0,0
l11,9=0,0,0,0,0,0,0,0,88,86,1,0,98,96,97,98,30,38,0,0,59,65,66,93,57,48,0,0,0,0,0,0,0,0,0,0,22,0,79,0
l12,9=0,0,0,0,0,0,0,0,0,41,1,100,0,89,100,98,56,63,0,0,73,1,21,100,59,100,0,0,0,0,0,0,0,0,6,0,25,0,69,0
l13,9=0,0,0,20,0,30,48,33,89,97,82,99,89,0,75,97,27,0,0,18,69,73,0,92,54,39,0,0,0,0,0,0,0,0,0,0,23,0,77,0
l14,9=0,0,0,0,0,0,0,0,59,88,0,95,98,81,0,93,30,37,0,0,78,83,89,100,98,54,0,0,0,0,0,0,0,79,0,0,7,0,0,0
l15,9=0,0,0,0,0,0,0,7,61,84,92,100,98,96,97,0,31,38,0,0,50,75,76,90,57,0,0,0,0,0,0,0,0,0,0,0,22,40,81,0
l16,9=0,0,0,0,0,0,23,0,36,47,48,84,91,86,90,84,0,32,37,72,90,5,83,90,54,34,0,0,0,0,0,0,0,57,45,0,19,70,85,44
l17,9=0,0,0,0,0,0,0,0,76,0,69,97,99,39,96,98,31,0,0,92,58,83,92,6,48,8,0,0,0,0,0,0,0,84,0,0,15,11,0,48
l18,9=0,0,0,0,0,0,0,0,0,1,0,0,0,0,0,0,47,0,0,0,89,85,0,0,0,0,0,0,0,0,0,0,0,0,0,0,0,0,0,0
l19,9=0,0,0,0,0,0,0,0,12,0,0,0,0,4,0,0,66,82,0,0,90,85,92,0,0,0,53,0,0,0,0,64,0,0,0,36,69,79,0,79
l20,9=0,0,0,0,0,0,0,0,0,0,0,33,64,57,72,32,50,0,25,94,0,98,100,0,10,0,23,0,0,0,0,0,0,0,9,15,68,70,83,61
l21,9=0,0,0,0,0,0,0,0,0,0,0,55,40,69,63,75,10,19,42,94,97,0,94,0,0,0,0,0,0,0,0,0,0,40,0,29,24,70,82,47
l22,9=0,0,0,0,0,0,0,0,54,15,0,37,36,0,72,61,20,24,0,93,97,90,0,0,0,0,23,0,4,12,0,15,0,0,0,75,78,74,80,39
l23,9=0,0,0,0,0,0,0,0,0,78,0,94,97,89,99,83,29,0,0,0,0,0,0,0,99,100,0,0,0,0,0,0,84,94,60,0,0,0,0,0
l24,9=0,0,0,0,0,0,0,0,0,82,0,94,98,93,100,93,90,34,0,0,53,0,0,100,0,96,0,0,0,0,0,0,0,95,45,0,24,0,0,0
l25,9=0,0,0,9,0,0,0,0,0,0,0,88,98,77,89,1,33,1,0,0,0,0,0,100,99,0,0,0,0,6,0,1,38,97,49,0,0,0,57,0
l26,9=0,0,0,0,0,0,0,0,0,0,0,0,0,0,0,0,0,0,0,82,73,0,70,0,0,9,0,79,92,99,91,91,98,82,87,0,0,0,0,0
l27,9=0,0,0,0,0,0,0,0,0,0,0,0,0,0,0,0,0,0,0,0,0,0,0,0,0,0,95,0,92,99,100,86,87,0,0,0,0,0,0,0
l28,9=0,0,0,0,0,0,0,0,0,0,0,0,0,0,0,0,0,0,0,82,0,0,75,0,0,0,98,100,0,99,99,81,3,82,0,0,0,0,0,0
l29,9=0,0,0,0,0,0,0,0,0,0,0,0,0,0,0,0,0,0,0,0,0,0,10,0,0,12,98,100,92,0,100,94,81,79,87,0,0,0,0,0
l30,9=0,0,0,0,0,0,0,0,0,0,0,0,0,0,0,0,0,0,0,0,0,0,0,0,0,0,96,100,91,99,0,89,90,75,93,0,0,0,0,0
l31,9=0,0,0,0,0,0,0,0,0,0,0,0,0,0,0,0,0,0,0,69,0,0,77,0,0,0,98,83,84,97,89,0,99,100,99,0,0,0,0,0
l32,9=0,0,0,0,0,0,0,0,0,0,0,0,17,0,0,0,0,0,0,0,0,0,0,93,0,51,97,86,23,31,96,97,0,100,100,0,0,0,0,0
l33,9=0,0,0,0,0,0,0,0,0,0,0,0,0,0,81,0,62,84,0,0,0,63,0,97,88,97,51,0,87,71,63,99,100,0,100,0,0,0,0,0
l34,9=0,0,0,0,0,0,0,0,0,0,0,0,88,0,0,0,54,0,0,0,80,0,0,95,48,48,89,30,11,89,63,99,100,98,0,0,0,0,0,0
l35,9=0,0,0,0,0,0,0,0,0,0,0,0,0,0,0,0,0,0,0,28,31,65,67,0,0,0,0,0,0,0,0,0,0,0,0,0,77,67,80,40
l36,9=0,0,0,0,0,0,0,0,0,0,0,32,37,29,0,29,1,0,0,43,82,48,77,0,8,0,0,0,0,0,0,0,0,0,0,47,0,77,68,43
l37,9=0,0,0,0,0,0,0,0,0,0,0,0,0,0,0,0,18,0,0,51,68,63,65,0,0,0,0,0,0,0,0,0,0,0,0,25,37,0,70,41
l38,9=0,0,0,0,0,0,0,0,0,0,0,41,37,50,0,54,25,0,0,1,87,84,85,0,0,5,0,0,0,0,0,0,0,0,0,29,27,80,0,41
l39,9=0,0,0,0,0,0,0,0,0,0,0,0,0,0,0,0,19,22,0,69,83,74,34,0,0,0,0,0,0,0,0,0,0,0,0,19,25,75,70,0

l0,10=0,90,78,76,77,39,72,76,0,73,64,0,0,0,0,0,0,0,0,0,0,0,0,0,0,0,0,0,0,0,0,0,0,0,0,0,0,0,0,0
l1,10=92,0,77,73,75,80,71,66,0,37,67,0,0,0,0,0,0,0,0,0,0,0,0,0,0,0,0,0,0,0,0,0,0,0,0,0,0,0,0,0
l2,10=88,81,0,68,66,84,81,57,64,45,74,0,31,0,0,0,0,0,0,0,0,0,0,0,0,0,0,0,0,0,0,0,0,0,0,0,0,0,0,0
l3,10=90,81,72,0,78,59,72,44,0,58,28,0,0,0,0,0,0,0,0,0,0,0,0,0,0,0,0,0,0,0,0,0,0,0,0,0,0,0,0,0
l4,10=90,84,71,76,0,78,66,54,67,70,70,0,0,1,0,0,0,0,0,0,0,0,0,0,0,0,0,0,0,0,0,0,0,0,0,0,0,0,0,0
l5,10=77,83,78,57,73,0,78,77,56,63,73,4,0,72,0,0,0,0,0,0,0,0,0,0,0,0,0,0,0,0,0,0,0,0,0,0,0,0,0,0
l6,10=69,76,72,55,54,80,0,80,72,82,36,0,0,21,0,1,15,0,0,0,0,0,0,0,0,0,0,0,0,0,0,0,0,0,0,0,0,0,0,0
l7,10=84,76,37,51,71,78,84,0,80,85,82,41,25,83,22,20,0,0,0,0,0,0,0,0,0,0,0,0,0,0,0,0,0,0,0,0,0,0,0,0
l8,10=1,0,12,0,51,27,69,68,0,86,35,78,39,82,0,68,44,31,0,26,12,0,19,33,32,0,0,0,0,0,0,0,0,0,0,0,0,0,0,0
l9,10=60,0,41,44,23,48,71,79,81,0,76,66,56,82,47,57,0,0,0,0,0,9,0,21,46,0,0,0,0,0,0,0,0,0,0,0,0,0,0,0
l10,10=49,40,36,38,54,56,57,81,54,87,0,50,0,63,0,63,0,20,0,0,0,0,0,0,0,0,0,0,0,0,0,0,0,0,0,0,0,0,0,0
l11,10=0,0,0,0,0,0,0,25,48,47,26,0,76,79,73,89,41,79,0,0,40,23,0,59,81,55,0,0,0,0,0,0,0,0,0,21,31,0,40,0
l12,10=0,0,0,0,0,0,0,0,25,31,0,79,0,70,95,88,81,96,0,0,49,26,0,75,96,96,0,0,0,0,0,0,0,25,0,1,0,0,57,0
l13,10=0,0,0,0,0,34,12,48,79,83,38,83,43,0,57,79,63,0,0,0,42,23,0,44,75,5,0,0,0,0,0,0,0,0,0,0,0,0,29,0
l14,10=0,0,0,0,0,0,0,0,0,34,0,78,91,70,0,69,69,82,0,0,34,10,8,76,93,70,0,0,0,0,0,0,0,53,0,0,43,0,12,0
l15,10=0,0,0,0,0,0,0,3,43,39,41,88,50,80,71,0,67,83,0,34,38,3,3,23,77,46,0,0,0,0,0,0,0,0,0,0,5,2,41,0
l16,10=0,0,0,0,0,0,0,0,16,0,0,3,49,50,56,53,0,76,25,42,48,27,3,42,90,26,0,0,0,0,0,0,3,0,23,13,40,43,71,31
l17,10=0,0,0,0,0,0,0,0,18,13,9,56,58,0,87,83,80,0,0,41,43,22,25,23,58,45,0,0,0,0,0,0,0,19,0,0,34,21,53,15
l18,10=0,0,0,0,0,0,0,0,0,0,0,0,0,0,0,0,59,0,0,63,59,63,0,0,0,0,0,0,0,0,0,0,0,0,0,0,0,0,0,0
l19,10=0,0,0,0,0,0,0,0,11,0,0,0,0,0,0,25,47,48,38,0,77,63,66,0,0,0,39,0,0,36,0,0,0,0,0,55,27,44,0,47
l20,10=0,0,0,0,0,0,0,0,0,0,0,24,34,34,2,27,64,46,32,78,0,91,80,0,0,0,0,0,0,0,0,0,15,0,0,39,57,51,66,47
l21,10=0,0,0,0,0,0,0,0,0,21,0,32,29,39,23,31,63,63,51,67,92,0,78,0,0,0,16,0,0,0,0,0,0,1,0,31,40,47,66,43
l22,10=0,0,0,0,0,0,0,0,20,10,0,0,0,0,11,15,42,53,0,67,92,74,0,0,0,0,33,0,0,0,0,38,0,0,0,44,60,50,62,45
l23,10=0,0,0,0,0,0,0,0,27,28,0,49,88,73,85,23,66,21,0,0,0,0,0,0,98,95,0,0,0,0,0,3,65,73,27,0,0,0,0,0
l24,10=0,0,0,0,0,0,0,0,1,39,0,80,91,73,96,70,84,74,0,0,1,0,0,95,0,91,0,0,0,0,0,0,0,54,11,1,0,0,22,0
l25,10=0,0,0,23,0,0,0,0,0,0,0,47,91,2,87,62,19,57,0,0,0,0,0,97,96,0,37,0,0,0,0,34,53,89,75,0,0,0,41,0
l26,10=0,0,0,0,0,0,0,0,0,0,0,0,0,0,0,0,0,0,0,47,0,26,36,0,0,31,0,68,92,92,96,95,92,46,69,0,0,0,0,0
l27,10=0,0,0,0,0,0,0,0,0,0,0,0,0,0,0,0,0,0,0,0,0,0,0,0,0,0,78,0,90,94,99,72,0,0,71,0,0,0,0,0
l28,10=0,0,0,0,0,0,0,0,0,0,0,0,0,0,0,0,0,0,0,0,0,0,6,0,0,0,89,94,0,94,99,84,46,60,55,0,0,0,0,0
l29,10=0,0,0,0,0,0,0,0,0,0,0,0,0,0,0,0,0,0,0,0,0,0,0,0,0,0,89,94,93,0,99,84,51,0,55,0,0,0,0,0
l30,10=0,0,0,0,0,0,0,0,0,0,0,0,0,0,0,0,0,0,0,0,0,0,0,0,0,0,87,94,93,94,0,75,68,56,69,0,0,0,0,0
l31,10=0,0,0,0,0,0,0,0,0,0,0,0,0,0,0,0,0,0,0,7,0,0,46,18,0,31,87,72,67,91,90,0,97,99,97,0,0,0,0,0
l32,10=0,0,0,0,0,0,0,0,0,0,0,0,0,0,0,0,13,0,0,1,62,0,0,76,0,34,88,0,31,71,74,99,0,96,100,0,0,0,0,0
l33,10=0,0,0,0,0,0,0,0,0,0,0,0,64,0,62,0,0,39,0,0,0,1,0,87,66,91,79,0,69,0,69,100,100,0,99,0,0,0,0,0
l34,10=0,0,0,0,0,0,0,0,0,0,0,0,22,0,0,0,75,1,0,0,25,0,0,48,48,79,80,76,51,76,74,100,100,96,0,0,0,0,0,0
l35,10=0,0,0,0,0,0,0,0,0,0,0,2,2,0,0,0,21,0,0,25,56,26,26,0,0,0,0,0,0,0,0,0,0,0,0,0,78,59,63,45
l36,10=0,0,0,0,0,0,0,0,0,0,0,0,0,0,25,0,58,51,0,26,67,4,27,0,0,0,0,0,0,0,0,0,0,0,0,48,0,61,69,47
l37,10=0,0,0,0,0,0,0,0,0,0,0,0,0,0,0,0,54,0,0,40,57,12,25,0,0,0,0,0,0,0,0,0,0,0,0,41,55,0,61,46
l38,10=0,0,0,0,0,0,0,0,0,0,0,14,26,20,3,27,68,56,0,0,67,37,32,0,6,11,0,0,0,0,0,0,0,0,0,44,61,59,0,52
l39,10=0,0,0,0,0,0,0,0,0,0,0,0,0,0,0,0,59,40,0,35,65,29,28,0,0,0,0,0,0,0,0,0,0,0,0,43,54,60,67,0

l0,11=0,87,76,88,82,66,44,56,50,49,0,0,0,0,0,0,0,0,0,0,0,0,0,0,0,0,0,0,0,0,0,0,0,0,0,0,0,0,0,0
l1,11=79,0,73,81,80,70,62,79,6,59,64,12,0,6,0,0,0,0,0,0,0,0,0,0,0,0,0,0,0,0,0,0,0,0,0,0,0,0,0,0
l2,11=74,81,0,81,77,72,0,0,54,0,49,0,0,0,0,0,0,0,0,0,0,0,0,0,0,0,0,0,0,0,0,0,0,0,0,0,0,0,0,0
l3,11=80,81,59,0,87,70,29,33,0,45,66,0,0,0,0,0,0,0,0,0,0,0,0,0,0,0,0,0,0,0,0,0,0,0,0,0,0,0,0,0
l4,11=72,78,62,84,0,64,63,62,0,50,56,0,0,0,12,0,0,0,0,0,0,0,0,1,0,0,0,0,0,0,0,0,0,0,0,0,0,0,0,0
l5,11=71,82,72,80,77,0,67,82,61,78,57,0,0,15,0,0,0,0,0,0,0,0,0,0,0,0,0,0,0,0,0,0,0,0,0,0,0,0,0,0
l6,11=33,59,0,32,73,67,0,82,33,75,42,19,0,39,0,11,1,0,0,0,0,0,0,0,0,0,0,0,0,0,0,0,0,0,0,0,0,0,0,0
l7,11=59,79,0,57,77,68,63,0,66,83,81,39,28,79,0,32,1,0,0,0,0,0,0,0,0,0,0,0,0,0,0,0,0,0,0,0,0,0,0,0
l8,11=47,0,35,0,0,33,43,53,0,87,59,56,55,80,5,71,0,29,0,15,0,0,0,20,41,0,0,0,0,0,0,0,0,0,0,0,0,0,1,0
l9,11=15,26,0,25,16,40,57,82,75,0,78,56,44,79,0,22,4,0,0,0,0,32,0,0,37,0,0,0,0,0,0,0,0,0,0,0,0,0,0,0
l10,11=0,56,28,57,44,34,49,82,62,85,0,49,0,66,0,52,0,0,0,0,0,0,0,0,0,0,0,0,0,0,0,0,0,0,0,0,0,0,0,0
l11,11=0,27,0,0,0,0,21,40,54,27,18,0,78,82,28,86,25,65,0,0,12,16,36,61,66,41,0,0,0,0,0,0,0,0,0,40,0,0,37,0
l12,11=0,0,0,0,0,0,0,6,48,22,0,71,0,74,89,51,27,75,0,0,29,32,44,75,94,94,0,0,0,0,0,0,0,0,0,0,0,0,45,0
l13,11=0,0,0,0,0,8,37,71,76,62,25,83,67,0,14,81,19,36,0,0,28,25,0,48,59,50,0,0,0,0,0,0,0,0,0,0,0,0,21,0
l14,11=0,0,0,1,13,0,0,0,0,0,0,63,88,24,0,0,42,66,0,0,0,22,0,75,13,75,0,0,0,0,0,0,0,48,47,18,21,0,26,0
l15,11=0,0,0,0,0,0,30,35,54,25,20,88,83,86,3,0,36,69,0,18,35,24,18,0,19,34,0,0,0,0,0,0,0,0,0,26,22,0,40,0
l16,11=0,0,0,0,0,0,10,0,0,4,0,40,65,46,22,30,0,44,0,9,37,36,39,45,76,0,0,0,0,0,0,0,24,27,43,9,24,31,44,35
l17,11=0,0,0,0,0,0,0,0,42,10,0,71,86,61,26,36,37,0,0,0,33,36,50,51,51,26,0,0,0,0,0,0,0,0,0,0,25,0,37,17
l18,11=0,0,0,0,0,0,0,0,0,0,0,0,0,0,0,0,7,0,0,58,58,71,28,0,0,0,0,0,0,0,0,0,0,0,0,0,0,0,0,0
l19,11=0,0,0,0,0,0,0,0,24,0,0,0,0,0,0,19,13,0,28,0,71,68,68,0,0,0,37,0,0,0,0,0,0,0,0,43,8,19,0,37
l20,11=0,0,0,0,0,0,0,0,0,0,0,3,48,46,0,24,29,27,27,52,0,87,80,0,0,0,11,0,0,0,0,0,22,0,0,46,37,32,37,38
l21,11=0,0,0,0,0,0,0,0,0,18,0,33,52,37,13,20,39,31,30,67,79,0,78,0,2,0,0,0,0,0,0,0,0,0,0,41,36,26,70,38
l22,11=0,0,0,0,0,0,0,0,0,0,0,42,44,2,0,5,16,24,0,59,76,78,0,0,0,0,37,0,0,0,0,38,0,0,0,57,53,28,73,38
l23,11=0,0,0,0,0,0,0,0,4,0,0,65,81,72,31,0,25,35,0,0,0,0,0,0,92,94,0,0,0,0,0,13,56,49,0,0,0,0,1,0
l24,11=0,0,0,0,0,0,0,0,25,20,0,56,89,71,30,10,60,29,0,0,4,0,0,92,0,84,0,0,0,0,0,0,0,27,0,0,0,0,0,0
l25,11=0,0,0,1,0,0,0,0,0,5,0,56,89,72,81,35,0,16,0,0,0,0,0,93,86,0,14,0,0,0,0,37,45,82,53,0,0,0,0,0
l26,11=0,0,0,0,0,0,0,0,0,0,0,0,0,0,0,0,0,0,0,32,31,0,28,0,0,13,0,74,94,81,92,83,75,55,55,0,0,0,0,0
l27,11=0,0,0,0,0,0,0,0,0,0,0,0,0,0,0,0,0,0,0,0,0,0,0,0,0,0,77,0,91,86,93,43,0,0,31,0,0,0,0,0
l28,11=0,0,0,0,0,0,0,0,0,0,0,0,0,0,0,0,0,0,0,0,21,0,0,0,0,0,82,92,0,87,93,68,49,0,30,0,0,0,0,0
l29,11=0,0,0,0,0,0,0,0,0,0,0,0,0,0,0,0,0,0,0,1,0,0,0,0,0,0,79,92,94,0,93,78,29,33,28,0,0,0,0,0
l30,11=0,0,0,0,0,0,0,0,0,0,0,0,0,0,0,0,0,0,0,0,0,0,0,0,0,0,82,93,94,87,0,82,44,56,42,0,0,0,0,0
l31,11=0,0,0,0,0,0,0,0,0,0,0,0,0,0,0,0,0,0,0,0,0,0,49,38,0,50,81,63,79,78,71,0,85,98,99,0,0,0,0,0
l32,11=0,0,0,0,0,0,0,0,0,0,0,0,0,0,0,0,12,0,0,0,18,0,0,33,0,31,81,0,33,27,43,96,0,99,100,0,0,0,0,0
l33,11=0,0,0,0,0,0,0,0,0,0,0,0,0,0,71,0,23,0,0,0,4,0,0,54,47,94,68,0,0,55,84,97,96,0,100,0,0,0,0,0
l34,11=0,0,0,0,0,0,0,0,0,0,0,0,0,0,28,0,26,0,0,0,0,0,0,4,0,60,78,68,59,65,80,97,96,100,0,0,0,0,0,0
l35,11=0,0,0,0,0,0,0,0,0,0,0,14,0,0,3,11,0,0,0,16,31,17,59,0,0,0,0,0,0,0,0,0,0,0,0,0,72,39,45,41
l36,11=0,0,0,0,0,0,0,0,0,0,0,0,0,0,10,21,27,30,0,3,42,32,64,0,0,0,0,0,0,0,0,0,0,0,0,78,0,46,50,45
l37,11=0,0,0,0,0,0,0,0,0,0,0,0,0,0,0,0,21,0,0,0,37,26,48,0,0,0,0,0,0,0,0,0,0,0,0,66,33,0,42,43
l38,11=0,0,0,0,0,0,0,0,0,0,0,40,57,3,13,25,32,17,0,0,37,43,69,1,9,0,0,0,0,0,0,0,0,0,0,73,40,34,0,47
l39,11=0,0,0,0,0,0,0,0,0,0,0,0,0,0,0,0,23,0,0,26,53,33,63,0,0,0,0,0,0,0,0,0,0,0,0,69,68,70,77,0

l0,12=0,86,86,79,82,82,56,63,17,60,54,0,0,0,0,0,0,0,0,0,0,0,0,0,0,0,0,0,0,0,0,0,0,0,0,0,0,0,0,0
l1,12=76,0,82,70,76,76,74,78,2,43,54,41,0,0,0,0,0,0,0,0,0,0,0,0,0,0,0,0,0,0,0,0,0,0,0,0,0,0,0,0
l2,12=77,77,0,70,75,81,76,62,57,72,61,0,0,0,0,0,0,0,0,0,0,0,0,0,0,0,0,0,0,0,0,0,0,0,0,0,0,0,0,0
l3,12=75,79,71,0,77,73,23,47,0,0,57,0,0,0,0,0,0,0,0,0,0,0,0,0,0,0,0,0,0,0,0,0,0,0,0,0,0,0,0,0
l4,12=76,77,74,72,0,71,47,67,47,56,34,0,0,0,38,0,0,0,0,0,0,0,0,52,0,0,0,0,0,0,0,0,0,0,0,0,0,0,0,0
l5,12=73,66,84,70,74,0,56,74,67,76,47,0,0,23,0,0,0,0,0,0,0,0,0,0,0,0,0,0,0,0,0,0,0,0,0,0,0,0,0,0
l6,12=54,56,72,23,63,59,0,75,53,32,61,55,0,52,1,54,0,0,0,0,0,0,0,0,0,0,0,0,0,0,0,0,0,0,0,0,0,0,0,0
l7,12=63,81,45,52,76,79,78,0,73,82,76,23,18,83,0,5,0,0,0,0,0,0,0,0,0,0,0,0,0,0,0,0,0,0,0,0,0,0,0,0
l8,12=15,3,20,0,44,60,40,60,0,87,68,40,53,88,28,60,19,40,0,36,0,12,0,0,0,0,0,0,0,0,0,0,0,0,0,0,0,0,0,0
l9,12=1,0,37,9,46,74,16,76,77,0,78,37,49,84,0,39,0,6,0,0,19,23,0,0,11,0,0,0,0,0,0,0,0,0,0,0,0,0,0,0
l10,12=48,33,46,54,46,44,53,80,68,86,0,30,0,75,0,43,0,0,0,0,0,0,0,10,0,0,0,0,0,0,0,0,0,0,0,0,0,0,0,0
l11,12=0,8,0,0,0,0,32,30,60,50,24,0,73,84,54,87,41,78,0,0,18,9,31,47,0,16,0,0,0,0,0,0,0,0,0,25,34,0,48,0
l12,12=0,0,0,0,0,0,0,0,53,35,0,78,0,73,92,81,77,78,0,0,29,21,33,62,90,93,0,0,0,0,0,0,0,13,0,0,0,0,55,0
l13,12=0,0,0,0,0,16,26,63,75,77,36,78,70,0,43,79,43,68,0,0,21,14,0,67,59,30,0,0,0,0,0,0,0,0,0,0,0,0,19,0
l14,12=0,0,0,0,39,0,0,0,44,9,0,39,84,65,0,46,87,71,0,0,0,28,0,84,90,42,0,0,0,0,0,0,0,38,34,16,8,0,1,0
l15,12=0,0,0,0,0,0,40,0,62,42,31,84,77,85,53,0,49,75,0,38,25,21,19,55,65,32,0,0,0,0,0,0,0,0,0,0,0,0,48,0
l16,12=0,0,0,0,0,0,0,0,24,11,0,20,72,54,62,45,0,76,41,41,33,32,25,19,78,19,0,0,0,0,0,0,0,0,0,35,55,57,66,44
l17,12=0,0,0,0,0,0,0,0,47,21,0,47,83,62,51,51,54,0,0,43,37,37,43,56,58,0,0,0,0,0,0,0,0,1,0,0,55,0,43,0
l18,12=0,0,0,0,0,0,0,0,0,0,0,0,0,0,0,0,63,0,0,55,40,21,6,0,0,0,0,0,0,0,0,0,0,0,0,0,0,0,0,0
l19,12=0,0,0,0,0,0,0,0,21,0,0,0,0,0,0,30,29,49,44,0,69,69,76,0,0,0,20,0,11,0,0,36,2,0,0,0,48,2,54,62
l20,12=0,0,0,0,0,0,0,0,0,16,0,13,46,42,0,32,37,57,39,78,0,89,88,0,0,0,3,0,0,0,0,21,0,0,0,20,78,53,59,51
l21,12=0,0,0,0,0,0,0,0,28,26,0,32,45,45,33,47,65,55,23,79,80,0,87,0,52,0,24,0,0,0,0,0,0,0,0,31,55,34,78,51
l22,12=0,0,0,0,0,0,0,0,0,0,0,14,42,0,0,13,27,42,0,77,79,81,0,0,1,0,19,0,0,0,0,4,0,0,0,49,76,17,74,73
l23,12=0,0,0,0,56,0,0,0,0,0,0,43,72,79,66,44,32,61,0,0,0,0,0,0,88,95,0,0,0,0,0,0,1,37,0,0,0,0,0,0
l24,12=0,0,0,0,0,0,0,0,0,17,0,0,84,77,94,74,87,65,0,0,0,42,0,92,0,89,0,0,0,0,0,7,48,0,0,0,8,0,46,0
l25,12=0,0,0,0,0,0,0,0,0,0,0,20,85,55,72,64,44,0,0,0,0,0,0,97,84,0,0,0,0,0,0,63,67,72,78,0,0,0,0,0
l26,12=0,0,0,0,0,0,0,0,0,0,0,0,0,0,0,0,0,0,0,19,3,5,39,0,0,0,0,60,90,58,91,88,77,51,57,0,0,0,0,0
l27,12=0,0,0,0,0,0,0,0,0,0,0,0,0,0,0,0,0,0,0,0,0,0,0,0,0,0,67,0,84,94,95,71,0,16,27,0,0,0,0,0
l28,12=0,0,0,0,0,0,0,0,0,0,0,0,0,0,0,0,0,0,0,0,15,0,0,0,0,0,77,93,0,94,95,76,66,49,58,0,0,0,0,0
l29,12=0,0,0,0,0,0,0,0,0,0,0,0,0,0,0,0,0,0,0,14,0,0,0,0,0,0,55,94,90,0,95,77,69,33,55,0,0,0,0,0
l30,12=0,0,0,0,0,0,0,0,0,0,0,0,0,0,0,0,0,0,0,0,0,0,0,0,0,0,77,94,90,94,0,74,78,29,30,0,0,0,0,0
l31,12=0,0,0,0,0,0,0,0,0,0,0,0,0,0,0,0,0,0,0,23,37,0,1,12,28,73,75,82,82,83,91,0,98,98,99,0,0,0,0,0
l32,12=0,0,0,0,0,0,0,0,0,0,0,0,0,0,0,0,0,0,0,0,0,0,0,20,46,45,72,0,71,73,80,85,0,97,100,0,0,0,0,0
l33,12=0,0,0,0,0,0,0,0,0,0,0,0,48,0,59,0,0,0,0,0,0,0,0,58,6,79,67,25,54,67,71,95,99,0,100,0,0,0,0,0
l34,12=0,0,0,0,0,0,0,0,0,0,0,0,0,0,46,0,2,0,0,0,0,0,0,0,0,88,75,26,81,77,53,95,99,100,0,0,0,0,0,0
l35,12=0,0,0,0,0,0,0,0,0,0,0,2,0,0,0,0,3,0,0,0,13,2,47,0,0,0,0,0,0,0,0,0,0,0,0,0,85,75,73,36
l36,12=0,0,0,0,0,0,0,0,0,0,0,0,0,0,0,0,35,45,0,10,37,29,57,0,0,0,0,0,0,0,0,0,0,0,0,82,0,71,79,69
l37,12=0,0,0,0,0,0,0,0,0,0,0,0,0,0,0,0,20,0,0,1,27,1,19,0,0,0,0,0,0,0,0,0,0,0,0,62,76,0,40,64
l38,12=0,0,0,0,0,0,0,0,0,0,0,8,49,5,0,5,38,25,0,41,18,40,58,0,26,0,0,0,0,0,0,0,0,0,0,60,82,46,0,65
l39,12=0,0,0,0,0,0,0,0,0,0,0,0,0,0,0,0,26,0,0,58,31,25,62,0,0,0,0,0,0,0,0,0,0,0,0,23,73,73,77,0

l0,13=0,90,81,82,89,79,81,73,66,25,75,0,0,0,0,0,0,0,0,0,0,0,0,0,0,0,0,0,0,0,0,0,0,0,0,0,0,0,0,0
l1,13=92,0,81,85,82,73,80,78,5,61,69,0,0,0,0,0,0,0,0,0,0,0,0,0,0,0,0,0,0,0,0,0,0,0,0,0,0,0,0,0
l2,13=91,92,0,76,84,81,79,47,8,80,74,0,0,27,0,0,0,0,0,0,0,0,0,0,0,0,0,0,0,0,0,0,0,0,0,0,0,0,0,0
l3,13=93,93,77,0,78,74,73,58,0,70,69,0,0,0,0,0,0,0,0,0,0,0,0,0,0,0,0,0,0,0,0,0,0,0,0,0,0,0,0,0
l4,13=92,90,79,69,0,74,80,72,48,52,60,0,0,0,0,0,0,0,0,0,0,0,0,0,0,0,0,0,0,0,0,0,0,0,0,0,0,0,0,0
l5,13=92,85,83,71,79,0,80,45,52,85,74,1,0,69,0,0,0,0,0,0,0,0,0,0,0,0,0,0,0,0,0,0,0,0,0,0,0,0,0,0
l6,13=89,83,80,69,83,78,0,0,67,79,0,75,0,58,0,77,0,0,0,0,0,0,0,0,0,0,0,0,0,0,0,0,0,0,0,0,0,0,0,0
l7,13=82,93,79,70,85,71,0,0,74,87,83,19,5,73,0,3,0,0,0,0,0,0,0,0,0,0,0,0,0,0,0,0,0,0,0,0,0,0,0,0
l8,13=68,0,0,41,58,64,67,44,0,90,77,63,57,80,75,40,18,42,0,29,0,9,7,1,15,0,0,0,0,0,0,0,0,0,0,0,0,0,0,0
l9,13=5,24,67,56,58,72,76,74,85,0,83,65,54,81,55,79,38,46,0,0,16,23,0,0,0,0,0,0,0,0,0,0,0,0,0,0,0,0,0,0
l10,13=72,71,71,65,57,70,0,78,80,90,0,40,0,77,0,48,0,0,0,0,0,0,0,0,0,0,0,0,0,0,0,0,0,0,0,0,0,0,0,0
l11,13=0,0,0,0,0,0,69,1,25,56,57,0,93,94,71,92,29,91,0,0,22,23,37,61,0,12,0,0,0,0,0,0,0,0,0,0,3,0,22,0
l12,13=0,0,0,0,0,0,0,0,9,47,0,85,0,63,95,88,26,90,0,0,25,13,39,53,100,66,0,0,0,0,0,0,0,49,0,0,9,0,28,0
l13,13=0,0,0,0,0,60,60,23,50,85,78,88,63,0,69,91,22,67,0,1,12,16,0,59,7,16,0,0,0,0,0,0,0,0,0,0,0,0,20,0
l14,13=0,0,0,0,0,0,0,0,28,54,0,52,100,76,0,53,55,64,0,0,17,14,0,91,100,37,0,0,0,0,0,0,7,27,10,0,0,0,0,0
l15,13=0,0,0,0,0,0,66,0,18,55,57,89,100,94,71,0,52,85,0,41,24,18,0,62,74,31,0,0,0,0,0,0,0,0,0,8,55,0,25,0
l16,13=0,0,0,0,0,0,0,0,15,43,0,45,74,52,83,56,0,80,47,59,22,20,37,45,87,1,0,0,0,0,0,0,0,48,46,51,62,34,31,20
l17,13=0,0,0,0,0,0,0,0,19,44,0,55,99,74,64,57,31,0,0,63,30,23,40,46,74,14,0,0,0,0,0,0,0,45,0,0,58,0,26,0
l18,13=0,0,0,0,0,0,0,0,0,0,0,0,0,0,0,0,57,0,0,93,84,0,37,0,0,0,0,0,0,0,0,0,0,0,0,0,0,0,0,0
l19,13=0,0,0,0,0,0,0,0,18,0,0,0,0,0,0,48,50,42,57,0,91,94,89,0,0,0,0,0,0,0,0,0,0,0,0,0,49,54,59,61
l20,13=0,0,0,0,0,0,0,0,0,32,0,36,74,46,6,45,23,68,61,95,0,94,93,0,0,0,0,0,0,0,0,20,0,0,0,70,73,76,57,1
l21,13=0,0,0,0,0,0,0,0,23,45,0,65,65,61,40,52,37,72,0,95,91,0,92,0,55,0,0,0,0,0,0,0,0,0,0,53,66,45,85,3
l22,13=0,0,0,0,0,0,0,0,0,0,0,32,49,0,0,0,24,40,0,92,92,95,0,0,0,0,26,0,0,0,0,0,0,0,14,69,83,0,35,78
l23,13=0,0,0,0,0,0,0,0,0,0,0,49,72,78,94,53,21,34,0,0,0,0,0,0,73,100,0,0,0,0,0,0,13,50,63,0,0,0,0,0
l24,13=0,0,0,0,0,0,0,0,27,0,0,0,100,63,97,75,55,71,0,0,0,18,0,63,0,96,0,0,0,0,0,0,45,0,5,0,67,0,6,0
l25,13=0,0,0,1,0,0,0,0,0,0,0,41,100,75,80,54,14,15,0,0,0,0,0,99,100,0,0,0,47,0,0,37,46,89,94,0,0,0,0,0
l26,13=0,0,0,0,0,0,0,0,0,0,0,0,0,0,0,0,0,0,0,0,30,0,55,0,0,0,0,83,90,75,99,99,82,76,1,0,0,0,0,0
l27,13=0,0,0,0,0,0,0,0,0,0,0,0,0,0,0,0,0,0,0,0,0,0,0,0,0,0,77,0,90,98,100,74,60,73,2,0,0,0,0,0
l28,13=0,0,0,0,0,0,0,0,0,0,0,0,0,0,0,0,0,0,0,1,6,0,0,0,0,38,93,97,0,98,100,86,72,76,82,0,0,0,0,0
l29,13=0,0,0,0,0,0,0,0,0,0,0,0,0,0,0,0,0,0,0,0,0,0,0,0,0,0,63,97,90,0,100,79,82,70,76,0,0,0,0,0
l30,13=0,0,0,0,0,0,0,0,0,0,0,0,0,0,0,0,0,0,0,0,0,0,0,0,0,0,93,97,89,98,0,85,76,75,9,0,0,0,0,0
l31,13=0,0,0,0,0,0,0,0,0,0,0,0,0,0,2,0,0,0,0,0,53,0,0,0,0,81,93,93,90,97,100,0,99,100,100,0,0,0,0,0
l32,13=0,0,0,0,0,0,0,0,0,0,0,0,0,0,46,0,0,0,0,0,0,0,0,15,74,80,91,37,73,93,88,100,0,100,100,0,0,0,0,0
l33,13=0,0,0,0,0,0,0,0,0,0,0,0,91,0,84,0,31,42,0,0,0,0,0,45,42,98,89,47,85,79,90,100,99,0,100,0,0,0,0,0
l34,13=0,0,0,0,0,0,0,0,0,0,0,0,15,0,78,0,27,0,0,0,11,0,27,48,64,99,0,0,88,97,71,100,99,100,0,0,0,0,0,0
l35,13=0,0,0,0,0,0,0,0,0,0,0,0,0,0,0,0,18,0,0,0,23,14,47,0,0,0,0,0,0,0,0,0,0,0,0,0,88,93,32,38
l36,13=0,0,0,0,0,0,0,0,0,0,0,0,6,0,0,30,22,39,0,0,26,19,56,0,40,0,0,0,0,0,0,0,0,0,0,87,0,68,56,26
l37,13=0,0,0,0,0,0,0,0,0,0,0,0,0,0,0,0,0,0,0,54,22,4,0,0,0,0,0,0,0,0,0,0,0,0,0,76,67,0,24,25
l38,13=0,0,0,0,0,0,0,0,0,0,0,28,45,52,24,37,27,36,0,62,28,22,49,0,1,0,0,0,0,0,0,0,0,0,0,69,78,66,0,22
l39,13=0,0,0,0,0,0,0,0,0,0,0,0,0,0,0,0,18,0,0,71,11,0,61,0,0,0,0,0,0,0,0,0,0,0,0,69,67,71,30,0

l0,14=0,96,86,100,91,70,77,67,75,72,91,0,0,0,0,0,0,0,0,0,0,0,0,0,0,0,0,0,0,0,0,0,0,0,0,0,0,0,0,0
l1,14=95,0,87,88,85,65,64,23,0,27,72,0,0,29,0,0,0,0,0,0,0,0,0,0,0,0,0,0,0,0,0,0,0,0,0,0,0,0,0,0
l2,14=96,98,0,85,87,65,79,66,67,70,89,0,0,51,0,1,0,0,0,0,0,0,0,0,0,0,0,0,0,0,0,0,0,0,0,0,0,0,0,0
l3,14=95,95,79,0,85,61,74,58,0,55,88,0,0,0,0,0,0,0,0,0,0,0,0,0,0,0,0,0,0,0,0,0,0,0,0,0,0,0,0,0
l4,14=95,92,86,86,0,65,77,0,42,27,91,0,0,0,0,0,0,0,0,0,0,0,0,0,0,0,0,0,0,0,0,0,0,0,0,0,0,0,0,0
l5,14=96,96,89,86,87,0,79,66,69,70,92,0,0,59,0,71,0,0,0,0,0,0,0,0,0,0,0,0,0,0,0,0,0,0,0,0,0,0,0,0
l6,14=92,59,89,82,86,66,0,65,70,69,85,97,0,78,0,82,0,0,0,0,0,0,36,0,0,0,0,0,0,0,0,0,0,0,0,0,0,0,0,0
l7,14=94,83,89,31,0,64,79,0,77,75,100,0,0,49,0,16,80,0,0,0,0,0,0,0,0,0,0,0,0,0,0,0,0,0,0,0,0,0,0,0
l8,14=42,0,15,0,30,35,38,28,0,95,93,45,29,24,25,48,38,0,0,10,27,22,11,0,44,0,0,0,0,0,0,0,0,0,0,0,0,0,0,0
l9,14=42,38,36,34,39,67,39,68,100,0,100,81,0,92,38,88,51,41,0,0,36,40,0,36,0,0,0,0,0,0,0,0,0,0,0,0,0,0,0,0
l10,14=88,86,43,80,85,63,70,95,90,95,0,74,35,83,0,69,0,0,0,0,13,0,0,0,0,0,0,0,0,0,0,0,0,0,0,0,0,0,0,0
l11,14=0,0,0,0,0,0,94,0,46,91,43,0,99,98,92,99,90,98,0,0,82,28,42,91,0,33,0,0,0,0,0,0,0,0,0,0,20,0,27,0
l12,14=0,0,0,0,0,0,0,0,82,0,5,99,0,61,100,99,0,99,0,31,73,0,37,90,92,99,0,0,0,0,0,0,0,36,0,0,0,0,0,0
l13,14=1,76,41,0,9,59,76,64,68,95,93,97,67,0,57,99,75,88,0,9,0,33,0,82,84,59,0,0,0,0,0,0,0,0,0,0,0,0,54,0
l14,14=0,0,0,0,0,0,0,0,49,40,0,89,99,28,0,65,88,53,0,0,0,4,0,92,96,8,0,0,0,0,0,0,4,34,0,0,0,0,27,0
l15,14=0,0,0,0,0,31,41,0,88,94,43,100,80,99,60,0,98,99,0,40,54,25,0,90,89,34,0,0,0,0,0,0,0,0,0,0,8,0,32,0
l16,14=0,0,0,0,0,0,0,29,28,76,0,96,0,12,64,97,0,98,0,76,59,41,56,0,91,7,0,0,0,0,0,0,0,29,41,85,57,17,55,46
l17,14=0,0,0,0,0,0,0,0,0,54,0,96,99,61,64,97,98,0,0,78,78,59,37,95,97,72,0,0,0,0,0,0,0,0,0,42,0,0,77,0
l18,14=0,0,0,0,0,0,0,0,0,0,0,0,0,0,0,0,68,0,0,91,93,0,85,0,0,0,0,0,0,0,0,0,0,0,0,0,0,0,0,0
l19,14=0,0,0,0,0,0,0,0,0,0,0,0,69,0,0,74,90,92,82,0,98,94,93,0,0,0,1,0,0,84,0,0,0,0,0,89,57,19,69,93
l20,14=0,0,0,0,0,0,0,0,1,82,0,92,79,0,0,90,89,93,81,97,0,99,99,0,0,0,0,0,0,0,0,0,0,0,12,92,61,55,92,96
l21,14=0,0,0,0,0,0,0,0,84,85,1,90,0,52,50,82,89,89,0,97,98,0,99,0,84,0,2,0,0,0,0,0,0,0,11,91,91,56,88,96
l22,14=0,0,0,0,0,0,61,0,29,0,0,91,72,0,0,0,94,87,36,97,98,100,0,0,0,0,54,0,0,0,0,0,0,0,29,95,94,17,75,98
l23,14=0,0,0,0,0,0,0,0,0,38,0,50,46,22,92,56,0,52,0,0,0,0,0,0,45,99,0,0,0,0,0,0,4,36,44,0,0,0,0,0
l24,14=0,0,0,0,0,0,0,0,47,0,0,0,95,29,98,89,88,95,0,0,0,29,0,43,0,93,0,0,0,0,0,0,0,0,0,0,20,0,0,0
l25,14=0,0,0,0,0,0,0,0,0,0,0,86,99,38,11,87,36,86,0,0,0,0,0,100,90,0,0,0,29,0,0,0,24,77,92,0,0,0,0,0
l26,14=0,0,0,0,0,0,0,0,0,0,0,0,0,0,0,0,0,0,0,55,4,0,81,0,0,0,0,95,100,94,99,99,93,90,95,0,0,0,0,0
l27,14=0,0,0,0,0,0,0,0,0,0,0,0,0,0,0,0,0,0,0,0,0,0,0,0,0,0,83,0,95,99,100,88,77,82,0,0,0,0,0,0
l28,14=0,0,0,0,0,0,0,0,0,0,0,0,0,0,0,0,0,0,0,0,0,0,0,0,0,68,100,100,0,99,100,91,78,87,93,0,0,0,0,0
l29,14=0,0,0,0,0,0,0,0,0,0,0,0,0,0,0,0,0,0,0,84,0,0,0,0,0,0,82,100,100,0,100,91,79,0,84,0,0,0,0,0
l30,14=0,0,0,0,0,0,0,0,0,0,0,0,0,0,0,0,0,0,0,0,0,0,0,0,0,0,99,100,100,99,0,89,77,86,0,0,0,0,0,0
l31,14=0,0,0,0,0,0,0,0,0,0,0,0,0,0,0,0,1,0,0,48,0,0,0,0,0,0,100,86,98,93,93,0,100,100,100,0,0,0,0,0
l32,14=0,0,0,0,0,0,0,0,0,0,0,0,0,0,54,0,10,0,0,0,0,0,0,84,0,81,100,85,80,95,93,100,0,100,100,0,0,0,0,0
l33,14=0,0,0,0,0,0,0,0,0,0,0,0,91,0,89,0,86,0,0,0,0,0,0,87,14,92,94,88,93,0,95,100,100,0,100,0,0,0,0,0
l34,14=0,0,0,0,0,0,0,0,0,0,0,0,0,0,0,0,79,0,0,0,62,3,38,87,35,93,95,0,98,95,0,100,100,100,0,0,0,0,0,0
l35,14=0,0,0,0,0,0,0,0,0,0,0,0,0,0,0,0,88,0,0,82,69,53,57,0,0,0,0,0,0,0,0,0,0,0,0,0,98,93,79,94
l36,14=0,0,0,0,0,0,0,0,0,0,0,59,0,0,0,1,92,0,0,85,69,55,57,0,54,0,0,0,0,0,0,0,0,0,0,98,0,44,75,93
l37,14=0,0,0,0,0,0,0,0,0,0,0,0,0,0,0,0,44,0,0,10,49,26,0,0,0,0,0,0,0,0,0,0,0,0,0,96,52,0,31,92
l38,14=0,0,0,0,0,0,0,0,0,0,0,62,0,8,20,60,57,66,0,84,78,33,55,0,0,0,0,0,0,0,0,0,0,0,0,97,63,20,0,97
l39,14=0,0,0,0,0,0,0,0,0,0,0,0,0,0,0,0,85,0,0,86,68,55,57,0,0,0,0,0,0,0,0,0,0,0,0,91,55,57,67,0

l0,15=0,91,92,94,97,93,92,93,68,86,86,0,0,0,0,0,0,0,0,0,0,0,0,0,0,0,0,0,0,0,0,0,0,0,0,0,0,0,0,0
l1,15=86,0,91,93,97,92,91,86,85,23,85,0,0,84,38,0,0,0,0,0,0,0,0,0,0,0,0,0,0,0,0,0,0,0,0,0,0,0,0,0
l2,15=89,93,0,93,95,93,95,95,84,68,88,29,0,87,0,0,0,0,0,0,0,0,0,0,0,0,0,0,0,0,0,0,0,0,0,0,0,0,0,0
l3,15=89,91,89,0,94,91,90,69,0,0,86,0,0,0,0,0,0,0,0,0,0,0,0,0,0,0,0,0,0,0,0,0,0,0,0,0,0,0,0,0
l4,15=87,91,90,94,0,91,89,82,16,22,86,0,0,4,0,0,0,0,0,0,0,0,0,0,0,0,0,0,0,0,0,0,0,0,0,0,0,0,0,0
l5,15=89,93,93,93,95,0,91,93,81,85,88,0,0,86,0,79,0,0,0,0,0,0,0,0,0,0,0,0,0,0,0,0,0,0,0,0,0,0,0,0
l6,15=89,93,88,92,89,91,0,93,54,82,88,90,61,74,0,79,0,0,0,0,0,0,29,0,0,0,0,0,0,0,0,0,0,0,0,0,0,0,0,0
l7,15=81,83,93,91,85,92,95,0,92,88,97,0,0,29,74,0,82,0,0,0,0,0,0,0,0,0,0,0,0,0,0,0,0,0,0,0,0,0,0,0
l8,15=44,36,75,0,81,83,54,91,0,98,86,83,90,85,81,83,0,0,0,19,6,81,53,0,80,0,0,0,0,0,0,0,0,0,0,0,0,0,0,0
l9,15=77,0,77,0,23,87,85,91,99,0,100,88,0,90,0,88,70,60,0,0,82,83,5,34,0,0,0,0,0,0,0,0,0,0,0,0,0,0,0,0
l10,15=42,80,83,90,92,91,91,97,90,98,0,0,89,91,0,0,0,0,0,0,0,0,0,0,0,0,0,0,0,0,0,0,0,0,0,0,0,0,0,0
l11,15=0,0,0,0,0,0,87,0,51,49,0,0,96,98,82,99,85,84,0,2,66,89,58,83,0,79,0,0,0,0,0,0,0,0,0,0,50,0,57,0
l12,15=0,0,0,0,0,0,14,0,88,0,87,92,0,93,100,90,88,92,0,8,78,0,63,89,99,100,0,0,0,0,0,0,0,0,0,0,50,0,0,0
l13,15=0,56,81,0,61,86,83,1,53,98,84,99,100,0,86,99,79,85,0,0,0,42,2,59,0,76,0,0,0,0,0,0,0,0,0,0,0,0,32,0
l14,15=0,0,0,0,0,0,0,1,52,13,0,85,100,89,0,91,90,89,0,0,66,0,0,94,99,85,0,0,0,0,0,0,0,79,0,0,6,0,13,0
l15,15=0,0,0,0,0,84,80,0,53,55,0,99,93,95,88,0,95,98,0,0,67,94,0,88,98,73,0,0,0,0,0,0,0,0,0,74,0,0,62,0
l16,15=0,0,0,0,0,0,0,68,0,45,0,98,93,80,99,98,0,81,52,47,69,85,69,72,97,1,0,0,0,0,0,1,0,59,0,88,63,46,63,46
l17,15=0,0,0,0,0,0,0,0,0,53,0,98,99,97,99,98,99,0,0,54,82,100,69,98,97,86,0,0,0,0,0,0,0,79,63,0,54,41,70,0
l18,15=0,0,0,0,0,0,0,0,0,0,0,0,0,0,0,0,90,0,0,83,90,2,55,0,0,0,0,0,0,0,0,0,0,0,0,0,0,0,0,0
l19,15=0,0,0,0,0,0,0,0,9,0,0,0,67,0,0,0,73,81,15,0,99,97,95,0,0,0,30,0,0,41,0,0,0,0,0,52,58,7,57,74
l20,15=0,0,0,0,0,0,0,0,0,58,0,86,93,0,67,93,88,91,57,99,0,100,99,0,0,0,0,0,0,0,0,0,0,0,0,97,62,52,93,69
l21,15=0,0,0,0,0,0,0,0,47,58,0,89,0,28,0,96,88,92,0,99,100,0,99,0,72,0,0,0,1,0,0,0,0,0,65,74,96,55,98,91
l22,15=0,0,0,0,0,0,17,0,40,35,0,72,78,2,0,0,90,83,3,94,100,100,0,0,0,0,28,0,0,67,0,0,0,0,0,85,63,41,96,81
l23,15=0,0,0,0,0,0,0,0,0,43,0,90,94,22,100,94,73,86,0,0,0,0,0,0,93,100,0,0,0,0,0,0,54,92,0,0,0,0,0,0
l24,15=0,0,0,0,0,0,0,0,52,0,0,0,100,0,100,99,92,92,0,0,0,41,0,94,0,81,0,0,0,0,0,0,47,54,0,0,45,0,0,0
l25,15=0,0,0,0,0,0,0,0,0,0,0,88,94,89,81,87,0,83,0,0,0,0,0,96,93,0,47,0,65,3,0,51,52,64,89,0,0,0,0,0
l26,15=0,0,0,0,0,0,0,0,0,0,0,0,0,0,0,0,0,0,0,0,27,0,85,0,0,83,0,97,98,82,98,99,89,8,93,0,0,0,0,0
l27,15=0,0,0,0,0,0,0,0,0,0,0,0,0,0,0,0,0,0,0,0,0,0,0,0,0,0,88,0,98,89,98,92,90,76,85,0,0,0,0,0
l28,15=0,0,0,0,0,0,0,0,0,0,0,0,0,0,0,0,0,0,0,0,0,0,0,0,0,77,95,98,0,89,98,95,90,81,89,0,0,0,0,0
l29,15=0,0,0,0,0,0,0,0,0,0,0,0,0,0,0,0,0,0,0,2,0,0,83,0,0,9,91,98,98,0,98,94,90,77,91,0,0,0,0,0
l30,15=0,0,0,0,0,0,0,0,0,0,0,0,0,0,0,0,0,0,0,0,0,0,0,0,0,0,94,98,98,89,0,91,89,76,0,0,0,0,0,0
l31,15=0,0,0,0,0,0,0,0,0,0,0,0,0,0,0,0,0,0,0,0,0,31,0,0,0,85,95,88,97,82,91,0,99,85,100,0,0,0,0,0
l32,15=0,0,0,0,0,0,0,0,0,0,0,0,70,0,0,0,0,0,0,0,0,0,0,82,87,80,95,87,84,88,95,99,0,85,100,0,0,0,0,0
l33,15=0,0,0,0,0,0,0,0,0,0,0,0,0,0,89,0,87,68,0,0,0,0,0,91,87,87,0,73,92,76,92,99,100,0,99,0,0,0,0,0
l34,15=0,0,0,0,0,0,0,0,0,0,0,0,0,0,0,0,67,30,0,0,1,67,2,0,57,90,93,80,97,81,0,99,99,85,0,0,0,0,0,0
l35,15=0,0,0,0,0,0,0,0,0,0,0,0,14,0,0,53,66,0,0,12,68,62,49,0,0,0,0,0,0,0,0,0,0,0,0,0,96,79,94,84
l36,15=0,0,0,0,0,0,0,0,0,0,0,63,59,0,0,0,83,34,0,41,72,81,53,0,60,0,0,0,0,0,0,0,0,0,0,98,0,57,70,82
l37,15=0,0,0,0,0,0,0,0,0,0,0,0,0,0,0,0,60,0,0,0,60,75,45,0,0,0,0,0,0,0,0,0,0,0,0,97,78,0,63,97
l38,15=0,0,0,0,0,0,0,0,0,0,0,70,0,36,9,91,82,88,0,41,81,95,64,0,0,0,0,0,0,0,0,0,0,0,0,98,63,52,0,95
l39,15=0,0,0,0,0,0,0,0,0,0,0,0,0,0,0,0,56,0,0,40,55,82,51,0,0,0,0,0,0,0,0,0,0,0,0,97,59,91,67,0

