t=2016-04-12_23.18.23

n=40

q0=1
q1=1
q2=1
q3=1
q4=1
q5=1
q6=1
q7=1
q8=1
q9=1
q10=1
q11=1
q12=1
q13=1
q14=1
q15=1
q16=1
q17=1
q18=1
q19=1
q20=1
q21=1
q22=1
q23=1
q24=1
q25=1
q26=1
q27=1
q28=1
q29=1
q30=1
q31=1
q32=1
q33=1
q34=1
q35=1
q36=1
q37=1
q38=1
q39=1

a0=0x141592000c576ce6
a1=0x141592000c5aedbc
a2=0x141592000c5750f4
a3=0x141592000c576658
a4=0x141592000c575890
a5=0x141592000c574ffa
a6=0x141592000c5acf11
a7=0x141592000d9df361
a8=0x141592000c576300
a9=0x141592000c5779b6
a10=0x141592000c5762b9
a11=0x141592000c5af078
a12=0x141592000c575517
a13=0x141592000c5752c3
a14=0x141592000c5a4baa
a15=0x141592000c5776e7
a16=0x141592000c58cdeb
a17=0x141592000c5881fc
a18=0x141592000bd81d33
a19=0x141592000bd84d6a
a20=0x141592000c577233
a21=0x141592000c574527
a22=0x141592000c5746a3
a23=0x141592000c574da3
a24=0x141592000c5741c9
a25=0x141592000da244ea
a26=0x141592000c5ae886
a27=0x141592000c57510e
a28=0x141592000c5ab6c8
a29=0x141592000c574d05
a30=0x141592000edae61f
a31=0x141592000c57667e
a32=0x141592000c577f43
a33=0x141592000c576449
a34=0x1415920010f4117a
a35=0x141592000c575966
a36=0x141592000c574d35
a37=0x141592000c576fb1
a38=0x141592000c5aea5d
a39=0x141592000c59f23f

l0,0=0,91,89,88,84,62,70,52,2,79,85,0,0,0,0,0,0,0,0,0,0,0,0,0,0,0,0,0,0,0,0,0,0,0,0,0,0,0,0,0
l1,0=91,0,89,85,84,86,73,73,75,60,86,0,0,0,0,0,0,0,0,0,0,0,0,0,0,0,0,0,0,0,0,0,0,0,0,0,0,0,0,0
l2,0=84,93,0,67,86,85,79,68,6,69,84,0,0,67,0,0,0,0,0,0,0,0,0,0,0,0,0,0,0,0,0,0,0,0,0,0,0,0,0,0
l3,0=95,82,73,0,84,84,73,67,70,2,72,0,0,0,0,0,0,0,0,0,0,0,0,0,0,0,0,0,0,0,0,0,0,0,0,0,0,0,0,0
l4,0=80,65,89,81,0,65,64,60,76,53,68,0,0,60,0,0,0,0,0,0,0,0,0,0,0,0,0,0,0,0,0,0,0,0,0,0,0,0,0,0
l5,0=24,93,88,64,73,0,77,67,75,72,81,31,0,56,0,0,0,0,0,0,0,0,0,0,0,0,0,0,0,0,0,0,0,0,0,0,0,0,0,0
l6,0=74,75,84,47,65,65,0,69,73,55,74,14,0,63,0,37,48,0,0,0,0,0,0,0,0,0,0,0,0,0,0,0,0,0,0,0,0,0,0,0
l7,0=39,72,70,28,54,59,76,0,69,67,81,29,0,0,0,39,0,0,0,0,0,0,0,0,0,0,0,0,0,0,0,0,0,0,0,0,0,0,0,0
l8,0=0,28,0,8,29,24,48,48,0,87,42,57,33,87,51,58,74,47,0,0,0,50,0,37,32,0,0,0,0,0,0,0,0,0,0,0,0,0,56,0
l9,0=72,33,56,6,28,73,51,65,91,0,86,53,23,73,7,48,55,53,0,0,0,0,16,0,0,0,0,0,0,0,0,0,0,0,0,0,0,0,0,0
l10,0=74,75,76,52,49,67,62,77,73,91,0,67,11,81,1,65,0,0,0,0,0,0,0,0,0,0,0,0,0,0,0,0,0,0,0,0,0,0,0,0
l11,0=0,0,0,0,0,5,18,34,31,51,38,0,85,87,92,93,74,84,0,7,0,0,0,0,42,0,0,0,0,0,0,0,0,0,0,15,36,0,52,0
l12,0=0,0,0,0,0,0,0,0,21,30,1,85,0,82,88,93,72,99,0,0,45,15,0,73,89,75,0,0,0,0,0,0,0,56,0,0,0,0,53,0
l13,0=0,0,16,0,20,0,36,0,81,63,67,77,56,0,65,69,41,53,0,11,0,29,11,41,26,32,0,0,0,0,0,0,0,0,0,0,0,0,38,0
l14,0=0,0,0,0,0,0,0,0,58,12,0,78,75,45,0,74,75,80,0,0,59,0,16,79,51,87,0,0,0,0,0,0,0,59,0,0,6,0,30,0
l15,0=0,0,0,0,2,0,16,23,45,48,30,99,90,44,63,0,62,79,0,0,11,0,10,0,48,0,0,0,0,0,0,0,0,0,0,8,16,0,51,0
l16,0=0,0,0,0,0,0,12,0,23,28,0,66,21,2,62,54,0,85,0,12,31,49,13,16,42,0,0,0,0,0,0,0,0,40,0,15,3,5,66,39
l17,0=0,0,0,0,0,0,0,0,18,37,0,85,89,23,66,82,88,0,0,0,63,32,9,22,43,38,0,0,0,0,0,0,0,60,0,0,22,2,56,0
l18,0=0,0,0,0,0,0,0,0,0,0,0,0,0,0,0,0,0,0,0,0,80,0,50,0,0,0,0,0,0,0,0,0,0,0,0,0,0,0,0,0
l19,0=0,0,0,0,0,0,0,0,0,0,0,14,0,17,0,0,45,0,0,0,76,23,83,0,0,0,12,0,0,0,0,3,0,0,0,19,43,0,31,73
l20,0=0,0,0,0,0,0,0,0,0,0,0,0,6,0,16,3,18,27,58,73,0,87,80,0,0,0,0,0,0,0,0,0,0,0,11,16,45,41,93,93
l21,0=0,0,0,0,0,0,0,0,41,0,1,0,6,33,0,0,83,49,12,9,92,0,81,0,0,0,0,0,0,0,0,3,0,0,0,70,13,10,73,57
l22,0=0,0,0,0,0,0,0,0,5,15,0,0,0,5,13,16,67,23,47,79,92,87,0,0,0,0,10,0,0,0,0,3,7,0,0,34,44,12,75,83
l23,0=0,0,0,0,0,0,0,0,19,0,0,0,75,34,84,0,50,48,0,0,0,0,0,0,79,0,0,0,0,0,0,0,0,55,57,0,0,0,0,0
l24,0=0,0,0,0,0,0,0,0,23,0,0,70,91,25,72,78,72,68,0,0,0,0,0,82,0,53,0,0,0,0,0,0,27,75,48,0,0,0,0,0
l25,0=0,0,0,0,0,0,0,0,14,0,0,0,76,30,90,0,0,64,0,0,0,0,0,0,66,0,38,12,0,2,0,13,43,62,69,0,0,0,0,0
l26,0=0,0,0,0,0,0,0,0,0,0,0,0,0,0,0,0,0,0,0,37,0,0,31,0,0,45,0,69,95,85,95,79,67,59,64,0,0,0,0,0
l27,0=0,0,0,0,0,0,0,0,0,0,0,0,0,0,0,0,0,0,0,0,0,0,0,0,0,3,81,0,95,91,98,70,76,75,78,0,0,0,0,0
l28,0=0,0,0,0,0,0,0,0,0,0,0,0,0,0,0,0,0,0,0,0,0,0,0,0,0,0,91,98,0,91,98,77,79,71,78,0,0,0,0,0
l29,0=0,0,0,0,0,0,0,0,0,0,0,0,0,0,0,0,0,0,0,1,0,0,0,0,0,2,87,99,95,0,98,62,50,55,57,0,0,0,0,0
l30,0=0,0,0,0,0,0,0,0,0,0,0,0,0,0,0,0,0,0,0,0,0,0,0,0,0,0,83,99,95,91,0,53,63,70,0,0,0,0,0,0
l31,0=0,0,0,0,0,0,0,0,0,0,0,0,0,0,0,0,0,0,0,31,0,6,25,4,0,36,86,52,85,51,42,0,84,70,93,0,0,0,0,0
l32,0=0,0,0,0,0,0,0,0,0,0,0,0,0,0,0,0,0,0,0,0,0,0,6,2,44,49,72,49,73,40,53,74,0,85,94,0,0,0,0,0
l33,0=0,0,0,0,0,0,0,0,0,0,0,0,64,0,49,0,56,55,0,0,0,0,0,40,58,64,66,38,79,37,80,70,79,0,80,0,0,0,0,0
l34,0=0,0,0,0,0,0,0,0,0,0,0,0,0,0,0,0,0,0,0,0,46,0,1,50,50,61,71,58,77,48,0,77,94,67,0,0,0,0,0,0
l35,0=0,0,0,0,0,0,0,0,0,0,0,0,0,0,0,0,13,0,0,4,21,21,8,0,0,0,0,0,0,0,0,0,0,0,0,0,20,42,91,33
l36,0=0,0,0,0,0,0,0,0,0,0,0,18,0,0,0,9,4,24,0,9,75,14,21,0,0,0,0,0,0,0,0,0,0,0,0,41,0,38,83,66
l37,0=0,0,0,0,0,0,0,0,0,0,0,0,0,0,0,0,5,10,0,0,68,14,5,0,0,0,0,0,0,0,0,0,0,0,0,42,27,0,0,83
l38,0=0,0,0,0,0,0,0,0,8,0,0,24,6,2,4,31,71,18,0,19,80,58,40,0,0,0,0,0,0,0,0,0,0,0,0,60,28,0,0,70
l39,0=0,0,0,0,0,0,0,0,0,0,0,0,0,0,0,0,43,0,0,38,77,31,36,0,0,0,0,0,0,0,0,0,0,0,0,39,27,37,85,0

l0,1=0,74,82,80,85,59,79,1,63,77,65,0,0,0,0,0,0,0,0,0,0,0,0,0,0,0,0,0,0,0,0,0,0,0,0,0,0,0,0,0
l1,1=79,0,86,80,74,87,66,63,61,68,76,0,0,32,0,0,0,0,0,0,0,0,0,0,0,0,0,0,0,0,0,0,0,0,0,0,0,0,0,0
l2,1=78,76,0,64,77,86,82,65,0,74,78,0,0,0,0,9,0,0,0,0,0,0,0,0,0,0,0,0,0,0,0,0,0,0,0,0,0,0,0,0
l3,1=89,74,78,0,83,83,1,21,0,12,71,0,0,0,0,0,0,0,0,0,0,0,0,0,0,0,0,0,0,0,0,0,0,0,0,0,0,0,0,0
l4,1=85,65,78,77,0,77,70,47,74,74,53,0,0,30,0,0,0,0,0,0,0,0,0,0,0,0,0,0,0,0,0,0,0,0,0,0,0,0,0,0
l5,1=65,78,86,71,74,0,70,73,73,74,74,0,0,2,0,0,0,0,0,0,0,0,0,0,0,0,0,0,0,0,0,0,0,0,0,0,0,0,0,0
l6,1=54,45,73,7,63,66,0,74,68,48,74,41,3,31,0,0,20,0,0,0,0,0,0,0,0,0,0,0,0,0,0,0,0,0,0,0,0,0,0,0
l7,1=16,31,37,31,26,79,70,0,78,73,79,28,5,0,0,0,0,0,0,0,0,0,0,0,0,0,0,0,0,0,0,0,0,0,0,0,0,0,0,0
l8,1=25,2,0,0,54,29,65,70,0,81,68,67,9,64,53,59,54,20,0,0,0,36,32,28,0,0,0,0,0,0,0,0,0,0,0,0,0,0,28,0
l9,1=59,46,61,0,60,65,32,70,89,0,82,59,39,59,45,44,39,21,0,0,0,17,16,0,0,0,0,0,0,0,0,0,0,0,0,0,0,0,0,0
l10,1=43,66,71,51,38,74,69,82,73,85,0,58,0,56,0,36,27,0,0,0,0,6,0,0,1,0,0,0,0,0,0,0,0,0,0,0,0,0,0,0
l11,1=0,0,0,0,0,0,27,16,49,32,46,0,75,62,68,70,60,58,0,18,15,15,0,0,53,0,0,0,0,0,0,0,0,0,0,18,25,0,51,0
l12,1=0,0,0,0,0,0,0,0,9,13,0,72,0,50,80,61,62,65,0,0,41,19,1,55,76,55,0,0,0,0,0,0,0,24,0,0,9,0,41,0
l13,1=0,0,0,0,25,0,26,0,73,69,69,80,64,0,57,37,52,46,0,17,37,30,31,34,36,0,0,0,0,0,0,0,0,0,0,0,0,0,40,0
l14,1=0,0,0,0,0,0,0,0,46,27,0,72,82,40,0,47,68,45,0,0,50,18,5,67,66,68,0,0,0,0,0,0,0,5,0,0,0,0,41,0
l15,1=0,0,1,0,0,0,0,0,50,30,36,89,79,27,43,0,35,53,0,0,1,0,17,17,69,0,0,0,0,0,0,0,0,0,0,3,20,0,0,0
l16,1=0,0,0,0,0,0,3,0,40,8,3,50,45,33,47,27,0,29,0,4,47,38,45,10,44,40,0,0,0,0,0,0,0,12,0,29,24,0,24,41
l17,1=0,0,0,0,0,0,0,0,17,20,0,72,84,44,59,58,73,0,0,0,42,16,28,36,45,14,0,0,0,0,0,0,0,45,0,0,22,0,0,0
l18,1=0,0,0,0,0,0,0,0,0,0,0,0,0,0,0,0,0,0,0,41,50,31,45,0,0,0,0,0,0,0,0,0,0,0,0,0,0,0,0,0
l19,1=0,0,0,0,0,0,0,0,0,0,0,11,0,16,0,0,0,0,16,0,65,20,66,0,0,0,30,0,0,0,0,14,0,0,0,15,28,12,46,42
l20,1=0,0,0,0,0,0,0,0,0,0,0,0,33,21,21,0,61,14,26,71,0,58,65,0,0,0,0,0,0,0,0,0,0,0,7,24,46,34,72,55
l21,1=0,0,0,0,0,0,0,0,37,12,6,11,19,21,7,0,62,9,14,24,77,0,65,0,0,0,0,0,0,0,0,11,2,0,0,47,14,14,72,55
l22,1=0,0,0,0,0,0,0,0,29,6,0,0,4,19,0,23,63,16,20,75,75,55,0,0,0,0,7,0,0,0,0,16,0,0,0,36,55,2,57,55
l23,1=0,0,0,0,0,0,0,0,38,0,0,0,63,38,62,42,12,22,0,0,0,0,0,0,63,60,0,0,0,0,0,0,0,0,49,0,0,0,0,0
l24,1=0,0,0,0,0,0,0,0,0,0,0,58,80,35,57,57,50,29,0,0,0,0,1,67,0,66,0,0,0,0,0,0,39,51,40,0,0,0,0,0
l25,1=0,0,0,0,0,0,0,0,0,0,0,0,62,4,71,0,49,10,0,0,0,0,0,50,60,0,36,0,5,3,0,44,0,57,48,0,0,0,0,0
l26,1=0,0,0,0,0,0,0,0,0,0,0,0,0,0,0,0,0,0,0,49,0,1,9,0,0,43,0,35,76,74,78,65,71,58,44,0,0,0,0,0
l27,1=0,0,0,0,0,0,0,0,0,0,0,0,0,0,0,0,0,0,0,0,0,0,0,0,0,0,53,0,76,81,91,48,65,63,56,0,0,0,0,0
l28,1=0,0,0,0,0,0,0,0,0,0,0,0,0,0,0,0,0,0,0,2,0,0,0,0,0,17,66,77,0,82,87,61,33,55,46,0,0,0,0,0
l29,1=0,0,0,0,0,0,0,0,0,0,0,0,0,0,0,0,0,0,0,0,0,0,0,0,0,3,63,77,76,0,88,49,38,18,27,0,0,0,0,0
l30,1=0,0,0,0,0,0,0,0,0,0,0,0,0,0,0,0,0,0,0,0,0,0,0,0,0,0,53,87,76,81,0,41,36,59,0,0,0,0,0,0
l31,1=0,0,0,0,0,0,0,0,0,0,0,0,0,0,0,0,0,0,0,30,0,20,33,0,0,43,61,28,58,49,50,0,75,70,67,0,0,0,0,0
l32,1=0,0,0,0,0,0,0,0,0,0,0,0,0,0,0,0,1,0,0,0,0,0,0,0,15,0,59,17,17,18,21,59,0,67,78,0,0,0,0,0
l33,1=0,0,0,0,0,0,0,0,0,0,0,0,14,0,1,0,9,14,0,0,0,0,0,0,19,29,54,17,21,13,29,59,69,0,51,0,0,0,0,0
l34,1=0,0,0,0,0,0,0,0,0,0,0,0,0,0,0,0,0,0,0,0,17,0,0,43,18,25,41,20,53,19,0,69,84,60,0,0,0,0,0,0
l35,1=0,0,0,0,0,0,0,0,0,0,0,0,0,0,0,0,22,0,0,4,10,45,41,0,0,0,0,0,0,0,0,0,0,0,0,0,55,38,74,26
l36,1=0,0,0,0,0,0,0,0,0,0,0,18,8,2,0,23,49,1,0,20,67,12,53,0,0,0,0,0,0,0,0,0,0,0,0,45,0,37,78,53
l37,1=0,0,0,0,0,0,0,0,0,0,0,0,0,0,0,0,9,0,0,6,58,14,0,0,0,0,0,0,0,0,0,0,0,0,0,41,35,0,63,54
l38,1=0,0,0,0,0,0,0,0,5,0,0,24,17,20,2,0,1,0,0,35,73,55,35,0,0,0,0,0,0,0,0,0,0,0,0,65,67,32,0,58
l39,1=0,0,0,0,0,0,0,0,0,0,0,0,0,0,0,0,40,0,0,40,66,47,55,0,0,0,0,0,0,0,0,0,0,0,0,30,34,33,71,0

l0,2=0,68,65,86,83,65,55,43,57,67,60,0,0,16,0,0,0,0,0,0,0,0,0,0,0,0,0,0,0,0,0,0,0,0,0,0,0,0,0,0
l1,2=79,0,68,90,83,76,54,31,0,63,73,0,0,0,0,0,0,0,0,0,0,0,0,0,0,0,0,0,0,0,0,0,0,0,0,0,0,0,0,0
l2,2=53,65,0,82,65,82,64,62,40,73,70,0,0,10,0,22,0,0,0,0,0,0,0,0,0,0,0,0,0,0,0,0,0,0,0,0,0,0,0,0
l3,2=87,80,68,0,84,69,0,0,52,0,0,0,0,0,0,0,0,0,0,0,0,0,0,0,0,0,0,0,0,0,0,0,0,0,0,0,0,0,0,0
l4,2=77,68,62,81,0,62,52,43,46,70,49,0,0,3,0,0,0,0,0,0,0,0,0,0,0,0,0,0,0,0,0,0,0,0,0,0,0,0,0,0
l5,2=56,64,70,77,62,0,52,56,52,69,65,0,0,29,0,2,0,0,0,0,0,0,0,0,0,0,0,0,0,0,0,0,0,0,0,0,0,0,0,0
l6,2=63,62,70,0,58,67,0,46,25,64,64,0,14,25,0,12,0,0,0,0,0,0,0,0,0,0,0,0,0,0,0,0,0,0,0,0,0,0,0,0
l7,2=38,42,63,0,38,66,52,0,67,70,74,5,0,47,0,29,0,0,0,0,0,0,0,0,0,0,0,0,0,0,0,0,0,0,0,0,0,0,0,0
l8,2=30,0,10,35,22,37,6,54,0,77,66,35,2,77,31,50,27,26,0,0,0,40,23,0,25,0,0,0,0,0,0,0,0,0,0,0,0,0,7,0
l9,2=42,33,66,0,61,45,46,56,82,0,73,28,14,77,4,37,0,17,0,0,2,22,0,20,0,0,0,0,0,0,0,0,0,0,0,0,0,0,0,0
l10,2=40,61,60,0,42,67,55,67,68,76,0,9,0,69,1,15,11,8,0,0,0,0,0,0,0,0,0,0,0,0,0,0,0,0,0,0,0,0,0,0
l11,2=0,0,0,0,0,0,0,0,39,37,31,0,67,85,63,67,26,69,0,11,14,23,11,32,19,0,0,0,0,0,0,0,0,0,0,5,26,4,30,0
l12,2=0,0,0,0,0,0,7,0,2,29,0,58,0,59,78,62,40,82,0,0,0,29,0,65,83,69,0,0,0,0,0,0,0,0,0,0,11,0,23,0
l13,2=0,0,0,0,0,0,7,16,65,70,48,61,45,0,43,46,23,34,3,13,25,34,31,32,44,20,0,0,0,0,0,0,0,0,0,0,0,0,34,0
l14,2=0,0,0,0,0,0,0,0,39,2,1,43,74,56,0,41,49,44,0,0,20,0,0,66,73,69,0,0,0,0,0,0,0,48,0,0,0,0,10,0
l15,2=0,0,14,0,0,0,0,19,56,46,37,79,71,70,41,0,9,55,0,0,35,0,0,31,66,0,0,0,0,0,0,0,0,0,0,0,28,0,27,14
l16,2=0,0,0,0,0,0,0,0,36,2,0,26,46,52,66,26,0,50,0,6,54,50,53,0,49,39,0,0,0,0,0,0,0,33,0,36,45,6,43,30
l17,2=0,0,0,0,0,0,0,0,35,5,1,67,74,66,52,54,56,0,0,0,19,33,24,29,58,0,0,0,0,0,0,0,0,26,0,0,37,0,0,1
l18,2=0,0,0,0,0,0,0,0,0,0,0,0,0,7,0,0,0,0,0,1,33,37,30,0,0,0,0,0,0,0,0,0,0,0,0,0,0,0,0,0
l19,2=0,0,0,0,0,0,0,0,0,0,0,10,4,41,0,0,1,12,1,0,56,0,60,0,0,0,16,0,0,0,0,20,0,0,0,0,41,7,37,37
l20,2=0,0,0,0,0,0,0,0,0,0,0,3,0,37,10,19,35,12,12,37,0,81,56,0,1,0,0,0,0,0,0,0,0,0,16,42,69,49,57,50
l21,2=0,0,0,0,0,0,0,0,31,1,0,19,27,46,8,0,34,24,14,0,66,0,60,0,0,0,0,0,0,0,0,0,0,15,0,43,65,22,57,55
l22,2=0,0,0,0,0,0,0,0,16,0,0,3,9,41,0,0,36,19,11,44,66,78,0,0,0,0,2,0,0,22,0,17,0,0,0,58,69,24,26,55
l23,2=0,0,0,0,0,0,0,0,0,0,0,35,64,60,71,37,0,36,0,0,0,0,0,0,73,65,0,0,0,0,0,0,0,0,1,0,0,0,0,0
l24,2=0,0,0,0,0,0,0,0,40,0,0,31,67,71,73,57,48,57,0,0,17,0,0,68,0,72,0,0,0,0,0,0,8,37,25,0,16,0,0,0
l25,2=0,0,0,0,0,0,0,0,23,0,0,0,65,49,68,0,40,0,0,0,0,0,0,59,67,0,23,0,0,0,0,49,36,58,48,0,0,0,0,0
l26,2=0,0,0,0,0,0,0,0,0,0,0,0,0,0,0,0,0,0,0,28,0,0,8,0,0,39,0,13,49,85,88,65,59,58,53,0,0,0,0,0
l27,2=0,0,0,0,0,0,0,0,0,0,0,0,0,0,0,0,0,0,0,0,0,0,0,0,0,0,27,0,48,89,92,56,51,48,48,0,0,0,0,0
l28,2=0,0,0,0,0,0,0,0,0,0,0,0,0,0,0,0,0,0,0,0,0,0,0,0,0,0,74,80,0,90,90,64,42,50,49,0,0,0,0,0
l29,2=0,0,0,0,0,0,0,0,0,0,0,0,0,0,0,0,0,0,0,0,0,0,38,0,0,0,66,79,49,0,89,57,42,0,0,0,0,0,0,0
l30,2=0,0,0,0,0,0,0,0,0,0,0,0,0,0,0,0,0,0,0,0,0,0,0,0,0,0,63,84,48,82,0,44,47,51,37,0,0,0,0,0
l31,2=0,0,0,0,0,0,0,0,0,0,0,0,0,0,0,0,0,0,0,26,0,0,37,0,0,44,67,49,40,59,51,0,68,65,66,0,0,0,0,0
l32,2=0,0,0,0,0,0,0,0,0,0,0,0,0,0,0,0,0,0,0,0,0,0,0,0,19,42,60,40,23,54,53,65,0,69,84,0,0,0,0,0
l33,2=0,0,0,0,0,0,0,0,0,0,0,0,0,0,48,0,25,23,0,0,0,34,0,0,34,60,54,30,35,0,55,60,58,0,59,0,0,0,0,0
l34,2=0,0,0,0,0,0,0,0,0,0,0,0,0,0,0,0,3,0,0,0,42,0,0,36,42,51,57,50,31,38,55,69,73,74,0,0,0,0,0,0
l35,2=0,0,0,0,0,0,0,0,0,0,0,0,0,0,0,0,19,0,0,0,27,26,43,0,0,0,0,0,0,0,0,0,0,0,0,0,71,55,60,52
l36,2=0,0,0,0,0,0,0,0,0,0,0,13,0,5,0,15,33,21,0,19,57,69,46,0,0,0,0,0,0,0,0,0,0,0,0,66,0,55,60,52
l37,2=0,0,0,0,0,0,0,0,0,0,0,0,0,0,0,0,8,0,0,3,37,16,12,0,0,0,0,0,0,0,0,0,0,0,0,64,71,0,45,24
l38,2=0,0,0,0,0,0,0,0,9,0,0,15,3,46,7,17,31,0,0,22,60,68,7,0,0,0,0,0,0,0,0,0,0,0,0,71,74,53,0,53
l39,2=0,0,0,0,0,0,0,0,0,0,0,0,0,0,0,0,24,0,0,20,39,63,41,0,0,0,0,0,0,0,0,0,0,0,0,55,63,37,52,0

l0,3=0,84,77,46,79,77,61,67,0,73,0,0,0,10,0,0,0,0,0,0,0,0,0,0,0,0,0,0,0,0,0,0,0,0,0,0,0,0,0,0
l1,3=83,0,74,81,82,83,64,58,61,72,71,0,0,0,0,0,0,0,0,0,0,0,0,0,0,0,0,0,0,0,0,0,0,0,0,0,0,0,0,0
l2,3=83,81,0,76,87,86,82,69,67,69,89,0,0,46,0,0,0,0,0,0,0,0,0,0,0,0,0,0,0,0,0,0,0,0,0,0,0,0,0,0
l3,3=84,91,79,0,84,73,61,0,33,16,0,0,0,0,0,0,0,0,0,0,0,0,0,0,0,0,0,0,0,0,0,0,0,0,0,0,0,0,0,0
l4,3=82,91,80,82,0,54,57,19,0,66,17,0,0,16,0,0,0,0,0,0,0,0,0,0,0,0,0,0,0,0,0,0,0,0,0,0,0,0,0,0
l5,3=83,91,86,69,74,0,60,67,62,29,81,31,0,52,26,6,0,0,0,0,0,0,0,0,0,0,0,0,0,0,0,0,0,0,0,0,0,0,0,0
l6,3=75,82,89,66,73,68,0,64,69,62,84,71,58,30,0,24,53,0,0,0,0,0,0,0,0,0,0,0,0,0,0,0,0,0,0,0,0,0,0,0
l7,3=62,65,67,0,37,77,67,0,74,75,92,0,4,27,0,37,25,0,0,0,0,0,0,0,0,0,0,0,0,0,0,0,0,0,0,0,0,0,0,0
l8,3=0,24,26,30,0,29,29,58,0,78,75,43,34,69,26,80,35,35,0,0,0,40,33,0,29,0,0,0,0,0,0,0,0,0,0,0,0,0,7,0
l9,3=29,45,29,16,40,4,29,69,79,0,92,32,33,67,32,35,0,0,0,0,14,3,0,0,0,0,0,0,0,0,0,0,0,0,0,0,0,0,0,0
l10,3=0,47,81,0,31,78,71,72,74,82,0,37,0,61,3,11,0,0,0,0,0,0,0,4,10,0,0,0,0,0,0,0,0,0,0,0,0,0,6,0
l11,3=0,0,0,0,0,17,60,0,70,57,70,0,91,78,87,94,70,90,0,11,29,54,60,70,69,45,0,0,0,0,0,0,0,0,0,0,58,14,62,0
l12,3=0,0,0,0,0,0,18,0,34,29,0,96,0,44,94,94,32,96,0,22,0,30,13,84,92,87,0,0,0,0,0,0,0,0,0,24,19,0,26,0
l13,3=0,0,11,0,0,23,7,12,81,77,78,93,79,0,0,71,52,74,20,17,19,19,37,55,2,38,0,0,0,0,0,0,0,0,0,0,0,0,33,0
l14,3=0,0,0,0,0,6,0,0,26,25,2,95,95,0,0,3,70,0,0,0,18,0,3,90,91,52,0,0,0,0,0,0,0,20,0,0,0,0,39,0
l15,3=0,0,0,0,0,0,2,19,72,66,5,98,95,72,6,0,69,75,0,19,42,5,0,67,79,0,0,0,0,0,0,0,0,0,0,0,14,0,23,19
l16,3=0,0,0,0,0,0,16,7,37,0,0,37,42,30,78,29,0,86,13,8,69,70,74,5,35,24,0,0,0,0,0,0,0,22,0,17,40,22,40,34
l17,3=0,0,0,0,0,0,0,0,33,0,0,96,95,70,0,69,90,0,0,2,24,31,31,35,70,3,0,0,0,0,0,0,0,3,0,0,27,14,24,26
l18,3=0,0,0,0,0,0,0,0,0,0,0,0,0,20,0,0,33,0,0,40,27,17,16,0,0,0,0,0,0,0,0,0,0,0,0,0,0,0,0,0
l19,3=0,0,0,0,0,0,0,0,0,0,0,0,22,14,0,9,19,0,25,0,76,84,88,0,0,0,0,0,0,20,0,24,0,0,0,1,37,21,19,0
l20,3=0,0,0,0,0,0,0,0,0,7,0,7,0,42,25,63,83,45,18,84,0,90,88,0,48,0,0,0,0,0,0,0,0,0,2,29,62,78,86,83
l21,3=0,0,0,0,0,0,0,0,40,6,0,32,35,29,0,6,79,50,23,86,85,0,88,0,0,0,0,0,0,0,0,0,9,19,0,38,67,70,77,50
l22,3=0,0,0,0,0,0,0,0,17,0,0,31,13,49,0,0,78,23,18,91,86,87,0,0,0,0,25,0,0,31,0,0,0,0,0,86,55,17,79,80
l23,3=0,0,0,0,0,0,0,0,0,0,0,31,84,28,89,32,4,26,0,0,0,0,0,0,90,86,0,0,0,0,0,0,0,26,1,0,0,0,0,0
l24,3=0,0,0,0,0,0,0,0,62,0,0,71,93,36,89,78,69,74,0,0,52,0,0,89,0,80,0,0,0,0,0,0,0,71,0,0,0,0,52,0
l25,3=0,0,0,0,0,0,0,0,0,0,0,27,90,27,83,0,26,0,0,0,0,0,0,88,86,0,18,0,0,0,0,36,47,88,60,0,0,0,0,0
l26,3=0,0,0,0,0,0,0,0,0,0,0,0,0,0,0,0,0,0,0,0,0,0,43,0,0,43,0,81,96,92,81,93,78,54,82,0,0,0,0,0
l27,3=0,0,0,0,0,0,0,0,0,0,0,0,0,0,0,0,0,0,0,0,0,0,0,0,0,0,88,0,96,92,100,87,81,6,9,0,0,0,0,0
l28,3=0,0,0,0,0,0,0,0,0,0,0,0,0,0,0,0,0,0,0,0,0,0,0,0,0,0,98,98,0,97,86,85,76,78,73,0,0,0,0,0
l29,3=0,0,0,0,0,0,0,0,0,0,0,0,0,0,0,0,0,0,0,45,0,0,43,0,0,0,92,94,96,0,87,81,75,53,54,0,0,0,0,0
l30,3=0,0,0,0,0,0,0,0,0,0,0,0,0,0,0,0,0,0,0,0,0,0,0,0,0,0,91,99,89,88,0,67,80,62,0,0,0,0,0,0
l31,3=0,0,0,0,0,0,0,0,0,0,0,0,0,0,0,0,0,0,0,54,0,0,0,28,0,69,98,74,78,71,43,0,91,87,90,0,0,0,0,0
l32,3=0,0,0,0,0,0,0,0,0,0,0,0,0,0,0,0,0,0,0,0,0,0,0,0,0,76,87,68,77,81,74,98,0,91,93,0,0,0,0,0
l33,3=0,0,0,0,0,0,0,0,0,0,0,0,6,0,55,0,59,1,0,0,0,35,0,65,74,88,63,0,81,51,54,87,83,0,87,0,0,0,0,0
l34,3=0,0,0,0,0,0,0,0,0,0,0,0,0,0,1,0,0,0,0,0,34,0,0,33,9,82,81,22,73,76,28,95,91,95,0,0,0,0,0,0
l35,3=0,0,0,0,0,0,0,0,0,0,0,0,20,0,0,0,11,1,0,8,8,18,75,0,0,0,0,0,0,0,0,0,0,0,0,0,66,83,86,81
l36,3=0,0,0,0,0,0,0,0,0,0,0,42,20,0,0,3,67,55,0,40,71,81,66,0,0,0,0,0,0,0,0,0,0,0,0,89,0,83,87,58
l37,3=0,0,0,0,0,0,0,0,0,0,0,2,0,0,0,0,25,2,0,4,57,51,15,0,0,0,0,0,0,0,0,0,0,0,0,89,67,0,53,33
l38,3=0,0,0,0,0,0,0,0,1,0,0,69,46,30,59,13,64,11,0,20,83,73,73,0,16,0,0,0,0,0,0,0,0,0,0,88,75,65,0,68
l39,3=0,0,0,0,0,0,0,0,0,0,0,0,0,0,0,1,55,8,0,0,75,54,67,0,0,0,0,0,0,0,0,0,0,0,0,88,56,39,78,0

l0,4=0,92,80,93,84,93,85,69,0,56,7,0,0,0,0,0,0,0,0,0,0,0,0,0,0,0,0,0,0,0,0,0,0,0,0,0,0,0,0,0
l1,4=73,0,88,81,82,83,65,8,71,68,0,0,0,18,0,0,0,0,0,0,0,0,0,18,0,0,0,0,0,0,0,0,0,0,0,0,0,0,0,0
l2,4=68,65,0,64,61,67,65,68,58,61,69,0,0,65,0,0,0,0,0,0,0,0,0,0,0,0,0,0,0,0,0,0,0,0,0,0,0,0,0,0
l3,4=96,99,91,0,93,69,63,0,69,0,44,0,0,0,0,0,0,0,0,0,0,0,0,0,0,0,0,0,0,0,0,0,0,0,0,0,0,0,0,0
l4,4=66,95,93,81,0,64,58,64,74,51,0,0,0,67,0,0,0,0,0,0,0,0,0,0,0,0,0,0,0,0,0,0,0,0,0,0,0,0,0,0
l5,4=68,69,92,64,57,0,63,71,66,61,72,0,0,66,0,72,0,0,0,0,0,0,0,0,0,0,0,0,0,0,0,0,0,0,0,0,0,0,0,0
l6,4=57,69,90,62,53,69,0,85,58,58,82,66,39,0,0,36,75,0,0,0,0,0,0,0,0,0,0,0,0,0,0,0,0,0,0,0,0,0,0,0
l7,4=69,1,92,25,55,92,91,0,84,83,85,58,0,0,0,74,0,0,0,0,0,0,0,0,0,0,0,0,0,0,0,0,0,0,0,0,0,0,0,0
l8,4=0,56,0,50,41,43,29,74,0,85,71,65,77,81,51,75,81,72,0,0,25,76,50,0,10,0,0,0,0,0,0,0,0,0,0,0,0,0,0,0
l9,4=35,38,41,0,21,23,69,76,85,0,85,35,0,79,27,22,0,35,0,0,34,0,40,0,0,0,0,0,0,0,0,0,0,0,0,0,0,0,0,0
l10,4=16,21,83,37,0,86,91,91,79,85,0,67,45,77,28,34,0,33,0,0,0,0,0,0,0,0,0,0,0,0,0,0,0,0,0,0,0,0,0,0
l11,4=0,0,0,0,0,0,80,42,79,72,72,0,84,80,71,89,82,78,0,4,5,77,60,78,47,31,0,0,0,0,0,0,0,0,0,35,74,0,82,0
l12,4=0,0,0,0,0,0,7,0,79,0,72,72,0,82,88,77,85,91,0,25,39,0,0,84,84,74,0,0,0,0,0,0,4,33,0,0,0,0,83,0
l13,4=0,14,13,0,23,38,0,0,84,72,71,67,80,0,25,75,79,74,0,20,41,37,44,78,58,35,0,0,0,0,0,0,0,8,0,33,0,0,2,0
l14,4=0,0,0,0,0,0,0,0,76,68,70,73,90,74,0,64,83,66,0,0,67,0,0,92,91,69,0,0,0,0,0,0,0,64,16,0,0,0,83,0
l15,4=0,0,0,0,0,75,73,73,79,70,71,84,87,83,63,0,81,48,0,10,64,74,71,80,81,1,0,0,0,0,0,0,0,0,0,0,72,0,82,0
l16,4=0,0,0,0,0,0,72,0,77,0,0,57,89,78,79,73,0,86,22,63,72,80,77,77,78,65,0,0,0,0,0,0,0,41,0,74,71,42,90,65
l17,4=0,0,0,0,0,0,0,0,79,73,64,75,90,84,64,57,95,0,0,0,71,76,74,74,84,53,0,0,0,0,0,0,0,0,0,65,82,0,61,64
l18,4=0,0,0,0,0,0,0,0,0,0,0,0,0,0,0,0,22,0,0,72,76,89,79,0,0,0,0,0,0,0,0,0,0,0,0,0,0,0,0,0
l19,4=0,0,0,0,0,0,0,0,0,0,0,0,62,43,0,1,55,0,70,0,90,93,92,0,0,0,0,0,0,0,0,0,0,0,0,7,77,61,64,75
l20,4=0,0,0,0,0,0,0,0,29,61,0,0,51,72,68,69,87,63,3,81,0,91,92,0,66,0,0,0,27,0,0,0,58,0,2,63,86,70,92,76
l21,4=0,0,0,0,0,0,0,0,59,0,0,48,0,53,0,59,87,47,54,81,87,0,88,0,24,0,0,0,0,0,0,0,15,1,0,60,86,67,87,80
l22,4=0,0,0,0,0,0,0,0,36,65,0,43,0,70,0,42,77,34,64,85,91,92,0,0,0,0,46,0,0,24,0,0,0,28,0,83,88,64,92,65
l23,4=0,0,0,0,0,0,0,0,0,0,0,66,88,79,86,75,79,48,0,0,0,0,0,0,95,77,0,0,0,0,0,0,0,71,67,0,0,0,0,0
l24,4=0,0,0,0,0,0,0,0,15,0,0,46,88,77,89,80,83,86,0,0,67,5,0,97,0,74,0,0,0,0,0,0,0,63,4,0,0,0,76,0
l25,4=0,0,0,0,0,0,0,0,0,0,0,53,90,66,89,25,82,56,0,0,0,0,0,97,91,0,0,0,0,49,0,65,75,88,76,0,0,0,0,0
l26,4=0,0,0,0,0,0,0,0,0,0,0,0,0,0,0,0,0,0,0,7,0,0,80,0,0,0,0,89,99,100,96,99,92,69,98,0,0,0,0,0
l27,4=0,0,0,0,0,0,0,0,0,0,0,0,0,0,0,0,0,0,0,0,0,0,0,0,0,0,99,0,99,100,100,100,87,0,81,0,0,0,0,0
l28,4=0,0,0,0,0,0,0,0,0,0,0,0,0,0,0,0,0,0,0,65,78,0,0,0,0,0,99,100,0,100,93,87,96,93,99,0,0,0,0,0
l29,4=0,0,0,0,0,0,0,0,0,0,0,0,0,0,0,0,0,0,0,6,0,0,32,0,0,73,99,100,99,0,98,84,87,86,93,0,0,0,0,0
l30,4=0,0,0,0,0,0,0,0,0,0,0,0,0,0,0,0,0,0,0,0,0,0,0,0,0,0,99,100,88,100,0,95,87,81,0,0,0,0,0,0
l31,4=0,0,0,0,0,0,0,0,0,0,0,0,0,0,0,0,0,0,0,11,0,0,0,0,0,76,99,84,78,83,90,0,99,98,100,0,0,0,0,0
l32,4=0,0,0,0,0,0,0,0,0,0,0,0,78,0,0,0,0,0,0,0,82,5,0,0,0,80,98,87,96,93,95,100,0,100,100,0,0,0,0,0
l33,4=0,0,0,0,0,0,0,0,0,0,0,0,73,29,70,0,70,0,0,0,0,0,54,94,84,79,54,0,94,76,85,96,97,0,100,0,0,0,0,0
l34,4=0,0,0,0,0,0,0,0,0,0,0,0,0,0,51,0,33,0,0,0,64,0,0,97,71,80,87,74,94,89,0,100,99,100,0,0,0,0,0,0
l35,4=0,0,0,0,0,0,0,0,0,0,0,27,0,40,0,0,66,31,0,0,42,30,62,0,0,0,0,0,0,0,0,0,0,0,0,0,82,75,84,72
l36,4=0,0,0,0,0,0,0,0,0,0,0,37,0,0,0,48,56,52,0,39,68,70,64,0,0,0,0,0,0,0,0,0,0,0,0,82,0,77,86,71
l37,4=0,0,0,0,0,0,0,0,0,0,0,0,0,0,0,0,26,0,0,15,64,46,54,0,0,0,0,0,0,0,0,0,0,0,0,84,81,0,79,69
l38,4=0,0,0,0,0,0,0,0,0,0,0,51,71,0,65,69,86,32,0,13,86,76,81,0,29,0,0,0,0,0,0,0,0,0,0,85,83,70,0,75
l39,4=0,0,0,0,0,0,0,0,0,0,0,0,0,0,0,0,71,30,0,42,78,78,52,0,0,0,0,0,0,0,0,0,0,0,0,85,81,59,86,0

l0,5=0,86,64,61,64,64,65,60,0,62,56,0,0,6,0,0,0,0,0,0,0,0,0,0,0,0,0,0,0,0,0,0,0,0,0,0,0,0,0,0
l1,5=90,0,77,55,92,82,82,69,0,82,74,0,0,14,0,0,0,0,0,0,0,0,0,8,0,0,0,0,0,0,0,0,0,0,0,0,0,0,0,0
l2,5=80,86,0,67,83,81,81,0,2,78,76,0,0,0,0,0,0,0,0,0,0,0,0,0,0,0,0,0,0,0,0,0,0,0,0,0,0,0,0,0
l3,5=90,38,72,0,92,67,64,0,3,50,0,0,0,0,0,0,0,0,0,0,0,0,0,0,0,0,0,0,0,0,0,0,0,0,0,0,0,0,0,0
l4,5=82,88,75,82,0,83,64,60,70,68,53,0,0,63,0,0,0,0,0,0,0,0,0,1,0,0,0,0,0,0,0,0,0,0,0,0,0,0,0,0
l5,5=79,81,67,60,72,0,64,67,66,77,76,46,0,65,0,0,0,0,0,0,0,0,0,0,0,0,0,0,0,0,0,0,0,0,0,0,0,0,0,0
l6,5=82,77,71,54,68,40,0,77,38,81,82,62,0,23,0,0,43,0,0,0,0,0,0,0,0,0,0,0,0,0,0,0,0,0,0,0,0,0,0,0
l7,5=79,72,0,0,63,67,77,0,80,76,90,64,0,0,0,63,0,0,0,0,0,0,0,0,0,0,0,0,0,0,0,0,0,0,0,0,0,0,0,0
l8,5=0,0,0,22,52,20,37,48,0,81,75,75,7,88,42,44,40,47,0,0,3,40,22,31,56,0,0,0,0,0,0,0,0,0,0,0,0,0,0,0
l9,5=19,67,63,22,37,65,72,42,82,0,82,72,0,83,0,30,26,49,0,0,13,0,18,0,24,0,0,0,0,0,0,0,0,0,0,0,0,0,0,0
l10,5=24,34,65,2,50,67,73,68,81,83,0,73,12,42,36,52,8,20,0,0,0,0,0,0,0,0,0,0,0,0,0,0,0,0,0,0,0,0,0,0
l11,5=0,0,0,0,0,15,28,24,33,26,67,0,74,82,54,82,56,73,0,0,14,33,20,52,47,1,0,0,0,0,0,0,0,0,0,1,16,0,30,0
l12,5=0,0,0,0,0,0,0,0,0,0,0,80,0,64,56,52,72,86,0,0,9,4,1,64,69,73,0,0,0,0,0,0,9,13,0,40,6,0,24,0
l13,5=0,0,0,0,43,24,1,0,86,75,7,74,65,0,35,65,54,75,0,12,32,0,33,57,0,32,0,0,0,0,0,0,0,0,0,35,0,0,0,0
l14,5=0,0,0,0,0,0,0,0,19,0,32,83,75,52,0,46,72,69,0,0,40,0,7,80,79,72,0,0,0,0,0,0,0,37,27,0,0,0,36,0
l15,5=0,0,0,0,6,0,0,30,24,17,50,85,68,87,45,0,53,68,0,0,33,38,30,72,71,29,0,0,0,0,0,0,0,0,0,0,15,0,45,21
l16,5=0,0,0,0,0,0,23,0,16,12,6,69,73,52,49,26,0,79,0,9,44,42,28,10,53,27,0,0,0,0,0,0,0,1,0,42,7,6,38,24
l17,5=0,0,0,0,0,0,0,0,32,24,26,82,75,82,53,64,78,0,0,0,49,18,2,7,72,36,0,0,0,0,0,0,0,0,0,17,22,0,0,22
l18,5=0,0,0,0,0,0,0,0,0,0,0,0,0,0,0,0,4,0,0,36,0,59,44,0,0,0,0,0,0,0,0,0,0,0,0,0,0,0,0,0
l19,5=0,0,0,0,0,0,0,0,0,0,0,0,0,23,0,0,36,0,7,0,74,58,72,0,0,0,6,0,14,25,0,6,0,0,0,48,34,14,0,50
l20,5=0,0,0,0,0,0,0,0,0,9,0,0,8,30,24,18,39,44,0,75,0,67,69,0,13,0,9,0,6,0,0,0,7,0,1,47,52,42,67,29
l21,5=0,0,0,0,0,0,0,0,25,6,0,24,0,0,0,32,48,22,23,63,68,0,61,0,9,0,0,0,0,0,0,2,0,0,0,60,36,10,50,53
l22,5=0,0,0,0,0,0,0,0,16,14,0,0,11,37,10,32,38,0,7,79,74,59,0,0,0,0,19,0,0,0,0,0,0,0,0,48,73,16,66,28
l23,5=0,0,0,0,0,0,0,0,15,0,0,55,61,55,47,45,5,0,0,0,0,0,0,0,76,77,0,0,0,0,0,1,0,38,63,0,0,0,0,0
l24,5=0,0,0,0,0,0,0,0,18,14,0,53,73,0,57,56,60,60,0,0,30,23,0,80,0,70,0,0,0,0,0,0,0,30,13,0,2,0,0,0
l25,5=0,0,0,0,0,0,0,0,0,0,0,0,67,48,51,37,49,45,0,0,0,0,0,79,66,0,0,0,0,27,0,0,51,51,56,0,0,0,0,0
l26,5=0,0,0,0,0,0,0,0,0,0,0,0,0,0,0,0,0,0,0,32,31,0,35,0,0,0,0,62,92,94,78,81,68,48,56,0,0,0,0,0
l27,5=0,0,0,0,0,0,0,0,0,0,0,0,0,0,0,0,0,0,0,0,0,0,0,0,0,0,70,0,89,80,91,71,63,0,0,0,0,0,0,0
l28,5=0,0,0,0,0,0,0,0,0,0,0,0,0,0,0,0,0,0,0,43,41,0,0,0,0,0,77,82,0,95,89,70,65,61,66,0,0,0,0,0
l29,5=0,0,0,0,0,0,0,0,0,0,0,0,0,0,0,0,0,0,0,43,0,0,0,0,0,26,76,80,92,0,87,59,61,53,55,0,0,0,0,0
l30,5=0,0,0,0,0,0,0,0,0,0,0,0,0,0,0,0,0,0,0,0,0,0,0,0,0,0,73,82,92,92,0,63,0,51,0,0,0,0,0,0
l31,5=0,0,0,0,0,0,0,0,0,0,0,0,0,0,0,0,0,0,0,23,0,1,0,23,0,0,70,49,41,39,43,0,75,59,75,0,0,0,0,0
l32,5=0,0,0,0,0,0,0,0,0,0,0,0,51,0,0,0,0,0,0,0,43,1,0,0,0,65,70,54,65,64,13,85,0,67,85,0,0,0,0,0
l33,5=0,0,0,0,0,0,0,0,0,0,0,0,48,0,40,0,0,0,0,0,0,0,0,67,58,63,58,0,58,59,53,60,53,0,76,0,0,0,0,0
l34,5=0,0,0,0,0,0,0,0,0,0,0,0,48,0,32,0,5,0,0,0,28,0,0,66,44,59,59,0,48,50,0,81,81,75,0,0,0,0,0,0
l35,5=0,0,0,0,0,0,0,0,0,0,0,0,17,25,0,0,23,0,0,9,21,21,19,0,0,0,0,0,0,0,0,0,0,0,0,0,27,18,29,40
l36,5=0,0,0,0,0,0,0,0,0,0,0,31,19,0,0,25,9,42,0,13,32,20,29,0,0,0,0,0,0,0,0,0,0,0,0,66,0,24,35,53
l37,5=0,0,0,0,0,0,0,0,0,0,0,0,0,0,0,0,8,0,0,2,30,9,27,0,0,0,0,0,0,0,0,0,0,0,0,53,37,0,29,37
l38,5=0,0,0,0,0,0,0,0,0,0,0,43,38,0,32,53,52,0,0,0,60,45,35,0,0,0,0,0,0,0,0,0,0,0,0,66,49,28,0,54
l39,5=0,0,0,0,0,0,0,0,0,0,0,0,0,0,0,0,24,0,0,13,26,36,19,0,0,0,0,0,0,0,0,0,0,0,0,64,47,19,51,0

l0,6=0,91,68,76,85,74,48,1,0,3,77,0,0,0,0,0,0,0,0,0,0,0,0,0,0,0,0,0,0,0,0,0,0,0,0,0,0,0,0,0
l1,6=85,0,84,81,86,83,47,45,0,68,43,0,0,0,0,0,0,0,0,0,0,0,0,35,0,0,0,0,0,0,0,0,0,0,0,0,0,0,0,0
l2,6=80,86,0,80,82,83,47,68,54,74,78,0,0,0,0,0,0,0,0,0,0,0,0,0,0,0,0,0,0,0,0,0,0,0,0,0,0,0,0,0
l3,6=83,83,77,0,86,81,40,0,0,48,1,0,0,0,0,0,0,0,0,0,0,0,0,0,0,0,0,0,0,0,0,0,0,0,0,0,0,0,0,0
l4,6=86,93,85,88,0,73,47,35,58,33,45,0,0,57,0,0,0,0,0,0,0,0,0,6,0,0,0,0,0,0,0,0,0,0,0,0,0,0,0,0
l5,6=79,76,74,77,75,0,42,68,65,68,78,0,0,47,0,0,0,0,0,0,0,0,0,0,0,0,0,0,0,0,0,0,0,0,0,0,0,0,0,0
l6,6=64,75,67,61,51,60,0,68,44,68,79,52,0,12,0,0,42,0,0,0,0,0,0,0,0,0,0,0,0,0,0,0,0,0,0,0,0,0,0,0
l7,6=7,37,56,27,39,77,41,0,65,68,85,55,0,0,0,48,0,0,0,0,0,0,0,0,0,0,0,0,0,0,0,0,0,0,0,0,0,0,0,0
l8,6=2,0,18,0,32,24,15,40,0,69,78,63,35,68,23,49,36,54,0,0,26,27,29,19,23,0,0,0,0,0,0,0,0,0,0,0,0,0,0,0
l9,6=0,52,55,42,12,76,41,54,67,0,79,53,43,66,20,45,26,36,0,0,11,0,26,0,0,0,0,0,0,0,0,0,0,0,0,0,0,0,0,0
l10,6=53,28,51,11,29,66,40,69,66,77,0,58,0,52,0,23,38,0,0,0,0,0,0,0,0,0,0,0,0,0,0,0,0,0,0,0,0,0,0,0
l11,6=0,0,0,0,0,0,15,12,42,44,27,0,56,34,31,67,40,40,0,0,1,0,0,16,27,0,0,0,0,0,0,0,0,0,0,0,2,1,24,0
l12,6=0,0,0,0,0,0,0,0,25,31,0,59,0,20,60,42,54,62,0,0,15,7,19,38,67,63,0,0,0,0,0,0,0,18,11,7,6,0,16,0
l13,6=0,0,0,0,14,7,1,0,72,60,20,53,34,0,22,53,24,36,0,11,18,0,26,22,22,13,0,0,0,0,0,0,0,0,0,21,0,0,19,0
l14,6=0,0,0,0,0,0,0,0,28,32,0,28,65,23,0,19,32,38,0,0,26,0,26,50,42,28,0,0,0,0,0,0,0,15,0,0,0,0,23,0
l15,6=0,0,0,0,0,0,0,15,39,46,20,68,53,60,20,0,41,47,0,0,15,14,26,28,33,0,0,0,0,0,0,0,0,0,0,0,13,0,24,0
l16,6=0,0,0,0,0,0,9,0,25,25,17,22,58,11,23,20,0,51,9,10,24,19,30,6,28,6,0,0,0,0,0,0,0,0,13,27,14,6,23,21
l17,6=0,0,0,0,0,0,0,0,32,31,0,42,54,29,32,33,49,0,0,0,41,16,0,0,35,3,0,0,0,0,0,0,0,7,0,1,5,0,9,0
l18,6=0,0,0,0,0,0,0,0,0,0,0,0,0,1,0,0,25,0,0,18,4,23,0,0,0,0,0,0,0,0,0,0,0,0,0,0,0,0,0,0
l19,6=0,0,0,0,0,0,0,0,0,0,0,0,0,11,0,0,22,0,10,0,62,35,59,0,0,0,0,0,1,6,0,21,0,0,0,26,0,0,0,40
l20,6=0,0,0,0,0,0,0,0,19,6,0,0,7,7,8,7,21,33,0,35,0,51,61,0,4,0,0,0,0,0,0,14,0,1,0,34,30,14,43,30
l21,6=0,0,0,0,0,0,0,0,24,4,0,0,21,0,0,19,34,30,22,22,61,0,51,0,0,0,0,0,3,0,0,0,0,0,0,39,29,0,40,37
l22,6=0,0,0,0,0,0,0,0,25,25,0,0,9,9,8,17,30,0,0,33,63,39,0,0,0,0,30,0,0,0,0,0,0,0,0,25,31,25,42,35
l23,6=0,14,0,0,0,0,0,0,22,0,0,6,40,18,49,24,9,0,0,0,0,0,0,0,67,60,0,0,0,0,0,18,0,15,32,0,0,0,0,0
l24,6=0,0,0,0,0,0,0,0,29,0,0,20,74,20,51,22,34,31,0,0,17,0,0,67,0,48,0,0,0,0,0,0,0,18,25,0,0,0,19,0
l25,6=0,0,0,6,0,0,0,0,15,0,0,0,54,17,49,0,25,16,0,0,0,0,0,57,59,0,0,0,0,0,0,0,20,41,12,0,0,0,0,0
l26,6=0,0,0,0,0,0,0,0,0,0,0,0,0,0,0,0,0,0,0,2,3,0,35,0,0,0,0,52,75,68,64,60,75,28,34,0,0,0,0,0
l27,6=0,0,0,0,0,0,0,0,0,0,0,0,0,0,0,0,0,0,0,0,0,0,0,0,0,0,65,0,70,67,87,53,33,0,0,0,0,0,0,0
l28,6=0,0,0,0,0,0,0,0,0,0,0,0,0,0,0,0,0,0,0,11,15,7,8,0,0,0,77,80,0,70,85,54,45,46,49,0,0,0,0,0
l29,6=0,0,0,0,0,0,0,0,0,0,0,0,0,0,0,0,0,0,0,17,0,0,1,0,0,0,72,84,77,0,46,32,33,33,31,0,0,0,0,0
l30,6=0,0,0,0,0,0,0,0,0,0,0,0,0,0,0,0,0,0,0,0,0,0,0,0,0,0,71,88,72,34,0,40,0,3,31,0,0,0,0,0
l31,6=0,0,0,0,0,0,0,0,0,0,0,0,0,0,0,0,0,0,0,17,20,0,0,28,0,0,66,39,45,29,38,0,70,63,70,0,0,0,0,0
l32,6=0,0,0,0,0,0,0,0,0,0,0,0,0,0,0,0,0,0,0,0,0,0,0,16,0,37,61,36,47,40,0,63,0,67,85,0,0,0,0,0
l33,6=0,0,0,0,0,0,0,0,0,0,0,0,31,0,41,0,0,14,0,0,23,0,0,39,43,45,38,0,44,30,34,52,65,0,67,0,0,0,0,0
l34,6=0,0,0,0,0,0,0,0,0,0,0,0,23,0,27,0,23,0,0,0,0,0,0,36,37,25,38,0,37,27,36,52,84,61,0,0,0,0,0,0
l35,6=0,0,0,0,0,0,0,0,0,0,0,0,2,5,0,0,19,0,0,6,30,22,1,0,0,0,0,0,0,0,0,0,0,0,0,0,42,27,21,44
l36,6=0,0,0,0,0,0,0,0,0,0,0,6,3,3,0,6,31,14,0,0,32,14,41,0,0,0,0,0,0,0,0,0,0,0,0,36,0,27,30,43
l37,6=0,0,0,0,0,0,0,0,0,0,0,0,0,0,0,0,10,0,0,0,13,0,32,0,0,0,0,0,0,0,0,0,0,0,0,37,48,0,26,18
l38,6=0,0,0,0,0,0,0,0,0,0,0,40,14,8,10,24,36,21,0,0,44,19,43,0,2,0,0,0,0,0,0,0,0,0,0,31,34,24,0,45
l39,6=0,0,0,0,0,0,0,0,0,0,0,0,0,0,0,0,16,0,0,18,27,18,36,0,0,0,0,0,0,0,0,0,0,0,0,40,42,11,26,0

l0,7=0,74,76,63,92,82,76,0,53,68,58,0,0,0,0,0,0,0,0,0,0,0,0,0,0,0,0,0,0,0,0,0,0,0,0,0,0,0,0,0
l1,7=75,0,96,64,97,81,76,68,0,84,29,0,0,0,0,0,0,0,0,0,0,0,0,0,0,0,0,0,0,0,0,0,0,0,0,0,0,0,0,0
l2,7=71,93,0,64,90,78,76,64,67,81,42,0,0,2,0,0,0,0,0,0,0,0,0,0,0,0,0,0,0,0,0,0,0,0,0,0,0,0,0,0
l3,7=74,71,77,0,97,81,48,58,66,0,47,0,0,0,0,0,0,0,0,0,0,0,0,0,0,0,0,0,0,0,0,0,0,0,0,0,0,0,0,0
l4,7=74,74,76,70,0,78,76,25,38,34,50,0,0,39,0,2,0,0,0,0,0,0,0,0,4,0,0,0,0,0,0,0,0,0,0,0,0,0,0,0
l5,7=74,70,69,60,90,0,76,81,69,87,59,0,0,0,0,5,0,0,0,0,0,0,0,0,0,0,0,0,0,0,0,0,0,0,0,0,0,0,0,0
l6,7=55,70,75,40,91,81,0,84,6,88,59,16,0,3,0,0,15,0,0,0,0,0,0,0,0,0,0,0,0,0,0,0,0,0,0,0,0,0,0,0
l7,7=0,46,32,48,60,81,76,0,58,88,60,13,0,41,0,43,0,0,0,0,0,0,0,0,0,0,0,0,0,0,0,0,0,0,0,0,0,0,0,0
l8,7=14,0,21,42,49,43,1,24,0,94,75,64,2,76,37,68,19,32,0,2,0,3,13,0,0,0,0,0,0,0,0,0,0,0,0,0,0,0,0,0
l9,7=8,21,18,10,22,58,76,84,89,0,77,21,10,51,14,69,1,4,0,0,11,9,13,0,31,2,0,0,0,0,0,0,0,0,0,0,0,0,12,0
l10,7=31,6,21,40,59,61,70,85,79,94,0,29,0,18,0,57,31,12,0,0,0,0,0,0,0,0,0,0,0,0,0,0,0,0,0,0,0,0,0,0
l11,7=0,0,0,0,1,0,10,2,50,39,26,0,34,49,39,76,37,20,0,0,11,2,10,21,36,24,0,0,0,0,0,0,0,0,0,19,3,1,29,9
l12,7=0,0,0,0,0,0,0,0,8,25,0,43,0,31,58,68,40,37,0,0,11,17,0,47,85,62,0,0,0,0,0,0,0,5,3,0,12,0,12,0
l13,7=0,0,0,0,36,5,8,20,83,65,37,34,9,0,41,56,20,30,0,0,11,10,10,0,44,31,0,0,0,0,0,0,0,0,0,19,2,0,10,0
l14,7=0,0,0,0,0,0,0,0,27,22,0,17,35,44,0,40,30,39,0,0,10,26,10,46,47,51,0,0,0,0,0,0,0,6,4,0,0,0,6,0
l15,7=0,0,0,0,26,7,0,12,41,54,30,83,59,54,33,0,23,27,0,0,13,33,17,40,0,24,0,0,0,0,0,0,0,0,0,0,0,0,37,0
l16,7=0,0,0,0,0,0,0,0,19,7,18,15,32,23,35,36,0,32,21,0,17,42,25,24,45,26,0,0,0,0,0,0,0,2,1,29,33,9,23,2
l17,7=0,0,0,0,0,0,0,0,25,6,0,14,16,43,51,44,37,0,0,10,19,27,0,22,56,0,0,0,0,0,0,0,0,3,0,0,21,0,20,0
l18,7=0,0,0,0,0,0,0,0,0,0,0,0,0,0,0,0,27,0,0,44,26,25,0,0,0,0,0,0,0,0,0,0,0,0,0,0,0,0,0,0
l19,7=0,0,0,0,0,0,0,0,0,0,0,0,3,0,0,0,0,7,19,0,55,46,50,0,0,0,0,0,21,20,0,7,0,0,0,0,0,0,0,29
l20,7=0,0,0,0,0,0,0,0,0,16,0,11,7,24,21,27,31,23,20,66,0,67,53,0,0,0,6,0,21,0,0,0,0,1,0,45,50,13,48,31
l21,7=0,0,0,0,0,0,0,0,1,0,0,2,8,22,31,38,54,21,12,51,56,0,51,0,0,0,0,0,1,0,0,0,0,0,0,43,39,11,34,42
l22,7=0,0,0,0,0,0,0,0,19,27,0,11,0,28,14,31,31,0,0,66,60,64,0,0,0,0,33,0,0,10,0,0,0,0,0,12,49,16,38,30
l23,7=0,0,0,0,0,0,0,0,0,2,0,3,56,0,60,45,23,15,0,0,0,0,0,0,88,63,0,0,0,0,0,0,0,6,46,0,0,0,0,0
l24,7=0,0,0,0,19,0,0,0,1,30,0,18,73,41,42,0,60,66,0,0,0,0,0,59,0,56,0,0,0,0,0,0,0,5,17,0,0,0,0,0
l25,7=0,0,0,4,0,0,0,0,2,15,0,5,67,46,62,27,17,0,0,0,0,0,0,59,79,0,0,0,0,8,0,0,6,14,0,0,0,0,7,0
l26,7=0,0,0,0,0,0,0,0,0,0,0,0,0,0,0,0,0,0,0,0,14,0,26,0,0,0,0,60,77,86,59,74,68,17,57,0,0,0,0,0
l27,7=0,0,0,0,0,0,0,0,0,0,0,0,0,0,0,0,0,0,0,0,0,0,0,0,0,0,69,0,74,86,89,13,38,0,0,0,0,0,0,0
l28,7=0,0,0,0,0,0,0,0,0,0,0,0,0,0,0,0,0,0,0,42,29,11,0,0,0,0,77,82,0,90,90,28,19,20,45,0,0,0,0,0
l29,7=0,0,0,0,0,0,0,0,0,0,0,0,0,0,0,0,0,0,0,42,0,0,24,0,0,24,73,80,77,0,89,39,45,20,30,0,0,0,0,0
l30,7=0,0,0,0,0,0,0,0,0,0,0,0,0,0,0,0,0,0,0,0,0,0,0,0,0,0,61,80,74,86,0,22,21,2,43,0,0,0,0,0
l31,7=0,0,0,0,0,0,0,0,0,0,0,0,0,0,0,0,21,0,0,50,0,0,0,0,0,0,70,11,56,43,36,0,66,68,74,0,0,0,0,0
l32,7=0,0,0,0,0,0,0,0,0,0,0,0,0,0,0,0,19,0,0,0,0,0,0,18,0,35,65,40,39,67,44,73,0,73,86,0,0,0,0,0
l33,7=0,0,0,0,0,0,0,0,0,0,0,0,43,0,34,0,29,38,0,0,13,0,0,31,40,47,58,0,53,48,20,71,74,0,63,0,0,0,0,0
l34,7=0,0,0,0,0,0,0,0,0,0,0,0,26,0,24,0,19,0,0,0,0,0,0,37,32,0,51,9,41,20,30,68,78,41,0,0,0,0,0,0
l35,7=0,0,0,0,0,0,0,0,0,0,0,8,0,15,0,0,27,0,0,1,20,39,2,0,0,0,0,0,0,0,0,0,0,0,0,0,40,45,34,39
l36,7=0,0,0,0,0,0,0,0,0,0,0,0,4,1,0,4,30,14,0,0,20,33,32,0,0,0,0,0,0,0,0,0,0,0,0,49,0,44,43,40
l37,7=0,0,0,0,0,0,0,0,0,0,0,0,0,0,0,0,5,0,0,0,14,21,20,0,0,0,0,0,0,0,0,0,0,0,0,49,42,0,29,23
l38,7=0,0,0,0,0,0,0,0,0,15,0,20,11,29,18,42,33,18,0,15,33,42,32,0,0,0,0,0,0,0,0,0,0,0,0,49,54,19,0,14
l39,7=0,0,0,0,0,0,0,0,0,0,0,0,0,0,0,0,4,0,0,30,20,41,29,0,0,0,0,0,0,0,0,0,0,0,0,45,49,18,17,0

l0,8=0,99,99,99,96,99,98,12,0,95,98,0,0,33,0,0,0,0,0,0,0,0,0,0,0,0,0,0,0,0,0,0,0,0,0,0,0,0,0,0
l1,8=100,0,99,100,96,100,93,94,87,0,95,0,0,61,0,0,0,0,0,0,0,0,0,55,0,0,0,0,0,0,0,0,0,0,0,0,0,0,0,0
l2,8=100,99,0,99,96,100,99,99,0,90,98,0,0,56,0,16,0,0,0,0,0,0,0,0,0,0,0,0,0,0,0,0,0,0,0,0,0,0,0,0
l3,8=100,99,99,0,96,66,0,91,77,0,72,0,0,0,0,0,0,0,0,0,0,0,0,0,0,0,0,0,0,0,0,0,0,0,0,0,0,0,0,0
l4,8=100,99,99,100,0,99,98,93,91,81,98,0,0,85,0,0,0,0,0,0,0,0,0,0,7,0,0,0,0,0,0,0,0,0,0,0,0,0,0,0
l5,8=100,99,99,93,96,0,98,99,96,92,99,3,7,12,0,0,0,0,0,0,0,0,0,0,0,0,0,0,0,0,0,0,0,0,0,0,0,0,0,0
l6,8=89,73,93,12,89,95,0,96,50,93,94,39,0,22,0,0,51,0,0,0,0,0,0,0,0,0,0,0,0,0,0,0,0,0,0,0,0,0,0,0
l7,8=65,93,93,88,78,95,94,0,90,97,99,77,0,88,0,0,60,17,0,0,0,0,0,0,0,0,0,0,0,0,0,0,0,0,0,0,0,0,0,0
l8,8=0,88,0,69,74,92,39,75,0,97,95,93,0,92,80,93,0,58,0,51,0,0,56,0,35,0,0,0,0,0,0,0,0,0,0,0,0,0,0,0
l9,8=86,0,57,32,64,72,93,96,98,0,99,92,48,91,5,93,59,52,0,0,0,71,9,66,47,0,0,0,0,0,0,0,0,0,0,0,0,0,57,0
l10,8=88,86,87,75,79,95,90,96,90,97,0,79,4,90,0,90,5,7,0,0,0,0,0,0,0,0,0,0,0,0,0,0,0,0,0,0,0,0,0,0
l11,8=0,0,0,0,2,0,15,8,63,75,71,0,94,50,67,99,69,59,0,0,34,57,19,61,54,39,0,0,0,0,0,0,0,0,0,15,11,48,70,0
l12,8=0,0,0,0,0,0,0,0,0,28,0,97,0,29,96,99,81,45,0,0,22,1,0,94,98,96,0,0,0,0,0,0,0,47,15,1,14,0,44,0
l13,8=4,3,0,4,18,0,3,52,95,94,93,53,41,0,83,90,46,30,0,0,40,59,0,82,58,48,0,0,0,0,0,0,0,0,0,23,0,0,62,0
l14,8=0,0,0,0,0,0,0,0,43,0,0,41,100,59,0,94,55,94,0,0,51,58,37,89,97,52,0,0,0,0,0,0,0,0,0,0,0,0,19,0
l15,8=0,0,0,0,0,0,0,0,62,78,86,98,98,59,91,0,65,60,0,0,67,57,37,82,49,0,0,0,0,0,0,0,0,0,0,0,0,0,74,0
l16,8=0,0,0,0,0,0,11,4,0,23,4,59,61,19,59,73,0,39,13,59,76,52,54,39,63,16,0,0,0,0,0,24,10,26,26,0,19,43,44,39
l17,8=0,0,0,0,0,0,0,2,39,37,16,53,31,13,91,96,53,0,0,51,73,39,21,32,45,3,0,0,0,0,0,0,0,54,0,0,0,0,51,13
l18,8=0,0,0,0,0,0,0,0,0,0,0,0,0,0,0,0,70,0,0,78,68,63,0,0,0,0,0,0,0,0,0,0,0,0,0,0,0,0,12,0
l19,8=0,0,0,0,0,0,0,0,16,0,0,0,0,0,0,0,56,32,23,0,82,64,85,0,0,0,8,0,37,0,0,61,0,0,0,0,42,10,0,55
l20,8=0,0,0,0,0,0,0,0,0,0,0,3,14,20,39,54,53,32,23,85,0,89,92,0,0,0,4,0,10,0,0,0,0,0,0,34,50,53,65,42
l21,8=0,0,0,0,0,0,0,0,0,36,0,27,14,28,42,50,41,25,16,60,87,0,89,0,0,0,0,0,0,0,0,8,0,4,0,37,20,49,62,52
l22,8=0,0,0,0,0,0,0,0,28,11,0,14,0,0,42,50,61,31,0,80,88,84,0,0,0,0,0,0,0,37,0,0,0,0,0,45,54,47,69,40
l23,8=0,12,0,0,0,0,0,0,0,48,0,36,95,53,90,82,56,38,0,0,0,0,0,0,97,96,0,0,0,0,0,0,65,67,69,0,0,0,0,0
l24,8=0,0,0,0,0,0,0,0,21,41,0,51,100,56,93,81,91,50,0,0,17,0,0,96,0,93,0,0,0,0,0,6,0,0,0,0,0,0,0,0
l25,8=0,0,0,0,0,0,0,0,0,0,0,69,100,71,81,2,40,2,0,0,0,0,0,96,95,0,0,0,0,57,0,32,64,70,67,0,0,0,0,0
l26,8=0,0,0,0,0,0,0,0,0,0,0,0,0,0,0,0,0,0,0,50,51,0,0,0,0,0,0,81,93,94,80,91,86,70,76,0,0,0,0,0
l27,8=0,0,0,0,0,0,0,0,0,0,0,0,0,0,0,0,0,0,0,0,0,0,0,0,0,0,89,0,93,94,94,0,80,0,73,0,0,0,0,0
l28,8=0,0,0,0,0,0,0,0,0,0,0,0,0,0,0,0,0,0,0,71,56,0,0,0,0,0,89,92,0,94,94,92,68,77,75,0,0,0,0,0
l29,8=0,0,0,0,0,0,0,0,0,0,0,0,0,0,0,0,0,0,0,0,0,0,65,0,0,58,89,92,94,0,94,91,63,69,71,0,0,0,0,0
l30,8=0,0,0,0,0,0,0,0,0,0,0,0,0,0,0,0,0,0,0,0,0,0,0,0,0,0,82,92,93,94,0,75,79,71,0,0,0,0,0,0
l31,8=0,0,0,0,0,0,0,0,0,0,0,0,0,0,0,0,54,0,0,69,0,0,0,0,18,25,88,0,86,88,52,0,86,89,88,0,0,0,0,0
l32,8=0,0,0,0,0,0,0,0,0,0,0,0,0,0,0,0,43,0,0,0,0,0,0,64,0,66,88,74,67,75,75,97,0,92,93,0,0,0,0,0
l33,8=0,0,0,0,0,0,0,0,0,0,0,0,75,0,0,0,59,75,0,0,0,0,0,59,37,71,66,0,79,75,73,91,91,0,81,0,0,0,0,0
l34,8=0,0,0,0,0,0,0,0,0,0,0,0,68,0,54,0,70,0,0,0,48,0,0,68,45,67,66,72,76,78,0,92,94,77,0,0,0,0,0,0
l35,8=0,0,0,0,0,0,0,0,0,0,0,7,2,1,0,0,6,0,0,0,33,32,24,0,0,0,0,0,0,0,0,0,0,0,0,0,45,53,58,48
l36,8=0,0,0,0,0,0,0,0,0,0,0,10,6,0,0,0,22,0,0,37,36,30,43,0,0,0,0,0,0,0,0,0,0,0,0,62,0,46,63,51
l37,8=0,0,0,0,0,0,0,0,0,0,0,8,0,0,0,0,20,0,0,5,41,33,23,0,0,0,0,0,0,0,0,0,0,0,0,33,23,0,43,38
l38,8=0,0,0,0,0,0,0,0,0,30,0,23,17,26,12,56,30,22,0,0,61,61,45,0,0,0,0,0,0,0,0,0,0,0,0,51,35,53,0,38
l39,8=0,0,0,0,0,0,0,0,0,0,0,0,0,0,0,0,39,0,0,56,46,60,34,0,0,0,0,0,0,0,0,0,0,0,0,66,41,55,49,0

l0,9=0,97,98,98,99,97,97,93,8,97,91,0,0,0,0,0,0,0,0,0,0,0,0,0,0,0,0,0,0,0,0,0,0,0,0,0,0,0,0,0
l1,9=98,0,100,83,94,96,91,94,92,86,92,0,0,60,0,0,0,0,0,0,0,0,0,5,0,0,0,0,0,0,0,0,0,0,0,0,0,0,0,0
l2,9=97,97,0,98,56,100,100,86,0,71,87,0,33,0,0,0,0,0,0,0,0,0,0,0,0,0,0,0,0,0,0,0,0,0,0,0,0,0,0,0
l3,9=97,88,92,0,99,96,88,92,0,13,85,0,0,0,0,0,0,0,0,0,0,0,0,0,0,0,0,0,0,0,0,0,0,0,0,0,0,0,0,0
l4,9=98,94,54,98,0,98,89,91,97,71,90,0,0,3,0,0,0,0,0,0,0,0,0,0,0,0,0,0,0,0,0,0,0,0,0,0,0,0,0,0
l5,9=95,97,100,98,99,0,98,0,89,87,100,0,0,48,0,0,0,0,0,0,0,0,0,0,0,0,0,0,0,0,0,0,0,0,0,0,0,0,0,0
l6,9=73,83,99,90,96,93,0,99,64,80,100,0,0,39,0,0,47,0,0,0,0,0,0,0,0,0,0,0,0,0,0,0,0,0,0,0,0,0,0,0
l7,9=89,91,82,97,89,2,100,0,100,100,100,41,3,100,0,74,1,0,0,0,0,0,0,0,0,0,0,0,0,0,0,0,0,0,0,0,0,0,0,0
l8,9=0,91,0,0,96,92,78,96,0,100,61,98,0,100,87,94,54,34,0,34,0,0,31,0,0,0,0,0,0,0,0,0,0,0,0,0,0,0,0,0
l9,9=92,0,68,85,87,92,93,99,100,0,100,97,10,100,93,99,85,0,0,0,0,0,1,51,0,0,0,0,0,0,0,0,0,0,0,0,0,0,3,0
l10,9=90,95,81,92,98,97,99,99,95,100,0,19,30,96,0,97,36,24,0,0,0,0,0,24,0,0,0,0,0,0,0,0,0,0,0,0,0,0,0,0
l11,9=0,0,0,0,0,0,0,12,60,61,32,0,99,64,99,100,63,57,0,0,77,46,23,31,95,80,0,0,0,0,0,0,0,0,0,41,74,64,0,0
l12,9=0,0,0,0,0,0,0,0,0,6,43,98,0,58,100,100,78,94,0,0,87,5,3,94,99,100,0,0,0,0,0,0,2,0,47,2,63,0,81,0
l13,9=0,3,0,5,0,57,68,81,98,99,55,88,34,0,82,99,64,0,0,5,80,51,0,23,94,81,0,0,0,0,0,0,0,0,0,0,6,0,70,0
l14,9=0,0,0,0,0,0,0,0,39,61,0,86,99,45,0,100,63,58,0,0,91,55,29,60,99,0,0,0,0,0,0,0,0,0,3,0,0,0,0,0
l15,9=0,0,0,5,0,0,0,23,52,60,56,100,62,68,98,0,77,59,0,0,80,57,27,27,97,0,0,0,0,0,0,0,0,0,0,0,62,0,83,0
l16,9=0,0,0,0,0,0,44,0,35,51,22,53,33,42,94,91,0,32,26,89,91,34,31,27,89,76,0,0,0,0,0,0,0,41,81,9,67,35,85,78
l17,9=0,0,0,0,0,0,0,0,55,0,53,55,37,0,99,100,63,0,0,93,83,66,31,0,82,29,0,0,0,0,0,0,0,82,0,20,69,1,12,81
l18,9=0,0,0,0,0,0,0,0,0,0,0,0,0,0,0,0,77,0,0,0,90,78,0,0,0,0,0,0,0,0,0,0,0,0,0,0,8,0,0,0
l19,9=0,0,0,0,0,0,0,0,3,0,0,0,0,1,0,0,53,26,0,0,91,88,87,0,0,0,60,0,31,0,0,35,0,0,0,0,64,55,62,88
l20,9=0,0,0,0,0,0,0,0,0,0,0,30,25,34,58,76,68,5,22,94,0,97,91,0,43,0,35,0,0,0,0,0,0,0,38,56,79,76,83,87
l21,9=0,0,0,0,0,0,0,0,0,0,0,27,18,25,50,74,35,21,21,93,93,0,88,0,0,0,0,0,0,0,0,0,0,21,0,61,50,54,84,89
l22,9=0,0,0,0,0,0,0,0,40,6,0,29,14,0,51,72,49,22,0,92,93,91,0,0,0,0,47,0,0,29,0,31,0,0,0,57,83,61,82,0
l23,9=0,0,0,0,0,0,0,0,0,58,38,55,98,5,100,90,64,0,0,0,0,0,0,0,100,100,0,0,0,0,0,0,77,91,94,0,0,0,0,0
l24,9=0,0,0,0,0,0,0,0,0,0,0,56,96,49,100,100,80,32,0,0,88,0,0,68,0,100,0,0,0,0,0,0,0,92,76,0,58,0,0,0
l25,9=0,0,0,0,0,0,0,0,0,0,0,64,99,49,26,0,61,1,0,0,0,0,0,99,100,0,3,0,0,5,0,0,78,99,75,0,0,0,9,0
l26,9=0,0,0,0,0,0,0,0,0,0,0,0,0,0,0,0,0,0,0,84,82,0,82,0,0,2,0,84,99,99,93,94,99,86,89,0,0,0,0,0
l27,9=0,0,0,0,0,0,0,0,0,0,0,0,0,0,0,0,0,0,0,0,0,0,0,0,0,0,90,0,99,99,100,91,81,0,0,0,0,0,0,0
l28,9=0,0,0,0,0,0,0,0,0,0,0,0,0,0,0,0,0,0,0,84,0,0,4,0,0,0,95,100,0,99,100,84,0,87,16,0,0,0,0,0
l29,9=0,0,0,0,0,0,0,0,0,0,0,0,0,0,0,0,0,0,0,2,1,0,68,0,0,0,95,100,99,0,100,97,65,85,86,0,0,0,0,0
l30,9=0,0,0,0,0,0,0,0,0,0,0,0,0,0,0,0,0,0,0,0,0,0,0,0,0,0,95,100,99,99,0,98,90,48,83,0,0,0,0,0
l31,9=0,0,0,0,0,0,0,0,0,0,0,0,0,0,0,0,1,0,0,61,0,0,79,0,0,0,91,86,89,92,91,0,96,100,100,0,0,0,0,0
l32,9=0,0,0,0,0,0,0,0,0,0,0,0,39,0,0,0,0,0,0,0,0,0,0,58,0,93,95,50,0,61,98,99,0,100,100,0,0,0,0,0
l33,9=0,0,0,0,0,0,0,0,0,0,0,0,14,0,0,0,37,82,0,0,0,9,0,96,93,100,82,0,95,85,43,99,99,0,100,0,0,0,0,0
l34,9=0,0,0,0,0,0,0,0,0,0,0,0,31,0,68,0,83,0,0,0,90,0,0,89,87,91,89,0,1,91,89,99,99,100,0,0,0,0,0,0
l35,9=0,0,0,0,0,0,0,0,0,0,0,10,5,0,0,0,2,0,0,0,71,43,22,0,0,0,0,0,0,0,0,0,0,0,0,0,83,72,81,67
l36,9=0,0,0,0,0,0,0,0,0,0,0,31,8,0,0,18,34,1,0,54,76,20,21,0,3,0,0,0,0,0,0,0,0,0,0,62,0,82,76,68
l37,9=0,0,0,0,0,0,0,0,0,0,0,6,0,0,0,0,36,0,0,43,76,13,12,0,0,0,0,0,0,0,0,0,0,0,0,49,81,0,69,44
l38,9=0,0,0,0,0,0,0,0,0,0,0,0,16,17,0,71,47,0,0,41,86,56,27,0,0,0,0,0,0,0,0,0,0,0,0,62,81,75,0,68
l39,9=0,0,0,0,0,0,0,0,0,0,0,0,0,0,0,0,47,19,0,75,83,55,0,0,0,0,0,0,0,0,0,0,0,0,0,50,78,61,74,0

l0,10=0,88,88,82,85,0,39,59,29,66,77,0,0,0,0,0,0,0,0,0,0,0,0,0,0,0,0,0,0,0,0,0,0,0,0,0,0,0,0,0
l1,10=83,0,86,79,80,84,76,59,0,32,56,0,0,0,0,0,0,0,0,0,0,0,0,0,0,0,0,0,0,0,0,0,0,0,0,0,0,0,0,0
l2,10=81,84,0,80,81,85,83,76,1,80,74,0,8,1,0,0,0,0,0,0,0,0,0,0,0,0,0,0,0,0,0,0,0,0,0,0,0,0,0,0
l3,10=86,69,85,0,89,84,58,59,0,44,53,0,0,0,0,0,0,0,0,0,0,0,0,0,0,0,0,0,0,0,0,0,0,0,0,0,0,0,0,0
l4,10=79,73,84,80,0,84,0,48,46,50,76,0,0,0,17,0,0,0,0,0,0,0,0,0,0,0,0,0,0,0,0,0,0,0,0,0,0,0,0,0
l5,10=35,83,86,79,80,0,81,83,67,73,78,0,0,72,0,0,0,0,0,0,0,0,0,0,0,0,0,0,0,0,0,0,0,0,0,0,0,0,0,0
l6,10=61,83,86,76,0,84,0,84,71,78,76,0,0,39,0,1,6,0,0,0,0,0,0,0,0,0,0,0,0,0,0,0,0,0,0,0,0,0,0,0
l7,10=69,66,64,67,63,84,81,0,76,82,82,34,26,72,0,0,0,0,0,0,0,0,0,0,0,0,0,0,0,0,0,0,0,0,0,0,0,0,0,0
l8,10=15,0,0,0,12,16,4,27,0,87,9,69,32,78,0,50,5,21,0,24,3,0,25,21,0,0,0,0,0,0,0,0,0,0,0,0,0,0,0,0
l9,10=44,45,48,42,23,43,79,83,76,0,80,69,37,77,19,44,0,0,0,0,0,24,3,18,1,0,0,0,0,0,0,0,0,0,0,0,0,0,0,0
l10,10=36,47,31,38,48,34,7,83,7,85,0,37,0,46,0,37,0,20,0,0,0,0,0,0,0,0,0,0,0,0,0,0,0,0,0,0,0,0,0,0
l11,10=0,0,0,0,0,0,0,11,9,6,9,0,43,52,27,72,9,34,0,0,27,44,0,33,40,30,0,0,0,0,0,0,0,0,0,0,34,0,26,0
l12,10=0,0,0,0,0,0,0,0,7,5,0,68,0,39,89,67,39,89,0,0,37,46,0,50,85,96,0,0,0,0,0,0,0,8,0,0,0,0,42,0
l13,10=0,0,0,0,0,15,4,20,48,80,10,76,41,0,31,68,19,0,0,0,30,42,0,0,48,0,0,0,0,0,0,0,0,0,0,0,1,0,38,0
l14,10=0,0,0,0,13,0,0,0,0,5,0,54,66,42,0,41,25,49,0,0,32,45,22,65,63,41,0,0,0,0,0,0,0,19,0,0,37,0,0,0
l15,10=0,0,0,0,0,0,0,0,9,6,9,84,48,53,21,0,14,51,0,35,28,15,8,0,33,32,0,0,0,0,0,0,0,0,0,0,0,0,40,0
l16,10=0,0,0,0,0,0,1,0,1,0,0,35,47,37,22,20,0,32,3,36,39,45,25,22,47,24,0,0,0,0,0,0,0,0,13,0,34,24,57,32
l17,10=0,0,0,0,0,0,0,0,8,4,9,72,87,0,35,43,49,0,0,36,37,46,19,1,29,29,0,0,0,0,0,0,0,12,0,0,35,0,28,18
l18,10=0,0,0,0,0,0,0,0,0,0,0,0,0,0,0,0,3,0,0,70,59,65,0,0,0,0,0,0,0,0,0,0,0,0,0,0,0,0,0,0
l19,10=0,0,0,0,0,0,0,0,5,0,0,0,0,0,0,17,13,18,16,0,64,49,69,0,0,0,26,0,0,0,0,18,3,0,0,23,19,24,0,25
l20,10=0,0,0,0,0,0,0,0,0,0,0,17,31,29,8,11,16,16,14,75,0,88,88,0,0,0,0,0,0,0,0,0,3,0,0,33,42,33,54,36
l21,10=0,0,0,0,0,0,0,0,0,4,0,37,29,33,15,11,19,24,19,43,78,0,77,0,0,0,0,0,0,0,0,0,0,6,0,28,31,16,46,34
l22,10=0,0,0,0,0,0,0,0,8,1,0,0,0,0,8,9,15,20,0,63,78,72,0,0,0,0,22,0,0,2,0,19,0,0,0,32,39,22,62,18
l23,10=0,0,0,0,0,0,0,0,7,4,0,52,84,16,29,0,15,0,0,0,0,0,0,0,93,96,0,0,0,0,0,8,15,22,0,0,0,0,0,0
l24,10=0,0,0,0,0,0,0,0,0,2,0,54,88,49,82,29,75,35,0,0,1,0,0,93,0,53,0,0,0,0,0,0,0,15,2,0,0,0,32,0
l25,10=0,0,0,12,0,0,0,0,0,0,0,54,89,7,40,21,15,18,0,0,0,0,0,93,86,0,27,0,0,0,0,14,11,60,20,0,0,0,9,0
l26,10=0,0,0,0,0,0,0,0,0,0,0,0,0,0,0,0,0,0,0,59,0,0,51,0,0,23,0,66,96,98,98,97,94,59,62,0,0,0,0,0
l27,10=0,0,0,0,0,0,0,0,0,0,0,0,0,0,0,0,0,0,0,0,0,0,0,0,0,0,79,0,94,98,99,83,0,0,70,0,0,0,0,0
l28,10=0,0,0,0,0,0,0,0,0,0,0,0,0,0,0,0,0,0,0,1,0,0,0,0,0,0,90,92,0,98,99,84,54,76,43,0,0,0,0,0
l29,10=0,0,0,0,0,0,0,0,0,0,0,0,0,0,0,0,0,0,0,0,15,0,29,0,0,0,88,93,96,0,99,89,59,0,45,0,0,0,0,0
l30,10=0,0,0,0,0,0,0,0,0,0,0,0,0,0,0,0,0,0,0,0,0,0,0,0,0,0,85,93,94,98,0,84,79,60,62,0,0,0,0,0
l31,10=0,0,0,0,0,0,0,0,0,0,0,0,0,0,0,0,0,0,0,42,2,0,57,35,0,19,90,73,79,94,90,0,100,100,99,0,0,0,0,0
l32,10=0,0,0,0,0,0,0,0,0,0,0,0,0,0,0,0,0,0,0,24,40,0,0,56,0,19,90,0,41,65,71,99,0,100,99,0,0,0,0,0
l33,10=0,0,0,0,0,0,0,0,0,0,0,0,30,0,76,0,0,26,0,0,0,34,0,86,40,95,74,0,90,3,73,100,100,0,99,0,0,0,0,0
l34,10=0,0,0,0,0,0,0,0,0,0,0,0,12,0,0,0,60,0,0,0,12,0,0,1,33,74,83,70,69,84,82,100,100,100,0,0,0,0,0,0
l35,10=0,0,0,0,0,0,0,0,0,0,0,0,0,0,0,0,0,0,0,6,38,43,23,0,0,0,0,0,0,0,0,0,0,0,0,0,57,35,46,33
l36,10=0,0,0,0,0,0,0,0,0,0,0,29,0,0,15,0,15,23,0,3,39,36,24,0,0,0,0,0,0,0,0,0,0,0,0,41,0,41,46,35
l37,10=0,0,0,0,0,0,0,0,0,0,0,0,0,0,0,0,11,0,0,35,38,12,4,0,0,0,0,0,0,0,0,0,0,0,0,30,43,0,42,31
l38,10=0,0,0,0,0,0,0,0,0,0,0,27,32,18,0,10,16,15,0,0,38,42,25,0,10,0,0,0,0,0,0,0,0,0,0,32,41,34,0,37
l39,10=0,0,0,0,0,0,0,0,0,0,0,0,0,0,0,0,15,16,0,38,39,42,18,0,0,0,0,0,0,0,0,0,0,0,0,30,48,35,50,0

l0,11=0,90,76,92,87,83,45,64,43,62,36,0,0,0,0,0,0,0,0,0,0,0,0,0,0,0,0,0,0,0,0,0,0,0,0,0,0,0,0,0
l1,11=79,0,81,83,85,86,74,73,0,2,68,2,0,2,0,0,0,0,0,0,0,0,0,0,0,0,0,0,0,0,0,0,0,0,0,0,0,0,0,0
l2,11=77,86,0,84,83,85,35,70,2,34,15,0,0,0,0,0,0,0,0,0,0,0,0,0,0,0,0,0,0,0,0,0,0,0,0,0,0,0,0,0
l3,11=81,81,80,0,87,84,18,27,0,0,59,0,0,0,0,0,0,0,0,0,0,0,0,0,0,0,0,0,0,0,0,0,0,0,0,0,0,0,0,0
l4,11=74,85,73,84,0,82,57,45,0,29,60,0,0,0,13,0,0,0,0,0,0,0,0,19,0,0,0,0,0,0,0,0,0,0,0,0,0,0,0,0
l5,11=77,86,80,83,82,0,76,82,58,81,55,0,0,13,0,0,0,0,0,0,0,0,0,0,0,0,0,0,0,0,0,0,0,0,0,0,0,0,0,0
l6,11=32,79,12,17,74,85,0,82,38,82,70,2,0,23,0,47,10,0,0,0,0,0,0,0,0,0,0,0,0,0,0,0,0,0,0,0,0,0,0,0
l7,11=63,63,57,33,60,82,79,0,56,83,86,5,16,57,0,29,0,0,0,0,0,0,0,0,0,0,0,0,0,0,0,0,0,0,0,0,0,0,0,0
l8,11=29,0,0,0,0,38,42,40,0,84,6,6,15,59,0,62,0,31,0,22,0,0,0,22,8,0,0,0,0,0,0,0,0,0,0,0,0,0,0,0
l9,11=34,0,15,6,35,64,58,81,79,0,86,15,20,59,0,44,0,22,0,0,0,37,0,0,1,0,0,0,0,0,0,0,0,0,0,0,0,0,0,0
l10,11=22,15,13,53,67,35,62,83,28,83,0,6,0,30,0,68,0,5,0,0,0,0,0,0,0,0,0,0,0,0,0,0,0,0,0,0,0,0,0,0
l11,11=0,9,0,0,0,0,31,26,21,4,0,0,39,52,36,82,25,49,0,0,0,15,15,26,28,42,0,0,0,0,0,0,0,0,0,23,23,0,10,0
l12,11=0,0,0,0,0,0,0,27,19,4,0,18,0,12,77,66,31,64,0,0,8,21,14,28,88,82,0,0,0,0,0,0,0,0,0,0,0,0,11,0
l13,11=0,0,0,0,0,34,36,43,49,48,4,46,17,0,24,76,25,35,0,0,15,14,0,22,29,37,0,0,0,0,0,0,0,0,0,0,0,0,6,0
l14,11=0,0,0,0,22,0,0,0,0,0,0,3,67,8,0,34,36,41,0,0,0,12,0,30,31,56,0,0,0,0,0,0,0,15,6,22,37,0,10,0
l15,11=0,0,0,0,0,0,40,23,21,4,0,77,42,61,31,0,28,38,0,25,16,21,7,12,27,46,0,0,0,0,0,0,0,0,0,0,10,0,11,0
l16,11=0,0,0,0,0,0,29,0,0,0,0,3,20,12,37,39,0,41,0,23,19,22,18,18,51,0,0,0,0,0,0,0,13,8,12,2,39,21,21,4
l17,11=0,0,0,0,0,0,0,0,19,4,0,9,32,13,38,59,52,0,0,0,7,22,16,20,28,0,0,0,0,0,0,0,0,0,0,0,39,0,0,4
l18,11=0,0,0,0,0,0,0,0,0,0,0,0,0,0,0,0,4,0,0,67,50,58,24,0,0,0,0,0,0,0,0,0,0,0,0,0,0,0,0,0
l19,11=0,0,0,0,0,0,0,0,12,0,0,0,0,0,0,26,10,0,12,0,65,62,56,0,0,0,33,0,0,0,0,2,0,0,1,25,29,18,0,18
l20,11=0,0,0,0,0,0,0,0,0,0,0,0,14,11,0,32,27,38,11,72,0,77,68,0,0,0,0,0,7,0,0,0,3,0,0,33,48,21,12,8
l21,11=0,0,0,0,0,0,0,0,0,4,0,2,15,11,21,27,25,34,10,67,76,0,65,0,6,0,0,0,0,0,0,0,0,0,0,26,33,19,55,6
l22,11=0,0,0,0,0,0,0,0,0,0,0,3,12,0,0,7,19,30,2,59,74,70,0,0,0,0,36,0,0,0,0,23,0,0,0,33,35,0,52,4
l23,11=0,0,0,0,32,0,0,0,12,0,0,3,27,12,49,0,14,21,0,0,0,0,0,0,88,92,0,0,0,0,0,16,20,13,6,0,0,0,0,0
l24,11=0,0,0,0,0,0,0,0,0,0,0,3,72,11,40,28,59,35,0,0,0,2,0,85,0,58,0,0,0,0,0,0,0,0,0,0,0,0,0,0
l25,11=0,0,0,0,0,0,0,0,0,0,0,2,72,9,52,36,0,0,0,0,0,0,0,96,78,0,0,0,0,0,0,18,12,21,0,0,0,0,0,0
l26,11=0,0,0,0,0,0,0,0,0,0,0,0,0,0,0,0,0,0,0,36,6,0,23,0,0,0,0,67,85,76,86,79,68,34,63,0,0,0,0,0
l27,11=0,0,0,0,0,0,0,0,0,0,0,0,0,0,0,0,0,0,0,0,0,0,0,0,0,0,62,0,79,84,92,64,2,0,40,0,0,0,0,0
l28,11=0,0,0,0,0,0,0,0,0,0,0,0,0,0,0,0,0,0,0,0,28,0,0,0,0,0,75,91,0,85,92,61,32,0,34,0,0,0,0,0
l29,11=0,0,0,0,0,0,0,0,0,0,0,0,0,0,0,0,0,0,0,0,0,0,0,0,0,0,71,89,85,0,90,62,31,34,36,0,0,0,0,0
l30,11=0,0,0,0,0,0,0,0,0,0,0,0,0,0,0,0,0,0,0,0,0,0,0,0,0,0,72,91,84,85,0,69,38,67,54,0,0,0,0,0
l31,11=0,0,0,0,0,0,0,0,0,0,0,0,0,0,0,0,0,0,0,9,0,0,40,44,0,50,75,68,70,71,78,0,73,100,100,0,0,0,0,0
l32,11=0,0,0,0,0,0,0,0,0,0,0,0,0,0,0,0,10,0,0,0,6,0,0,32,2,16,75,0,33,24,49,84,0,100,100,0,0,0,0,0
l33,11=0,0,0,0,0,0,0,0,0,0,0,0,0,0,62,0,6,0,0,0,0,0,0,43,0,84,57,0,0,34,80,96,84,0,100,0,0,0,0,0
l34,11=0,0,0,0,0,0,0,0,0,0,0,0,0,0,14,0,40,0,0,12,0,0,0,27,0,6,65,62,48,61,76,96,84,100,0,0,0,0,0,0
l35,11=0,0,0,0,0,0,0,0,0,0,0,0,0,0,0,0,0,0,0,14,8,6,20,0,0,0,0,0,0,0,0,0,0,0,0,0,71,26,20,13
l36,11=0,0,0,0,0,0,0,0,0,0,0,0,0,0,26,0,22,36,0,24,7,19,20,0,0,0,0,0,0,0,0,0,0,0,0,38,0,27,11,10
l37,11=0,0,0,0,0,0,0,0,0,0,0,0,0,0,0,0,22,0,0,27,9,17,0,0,0,0,0,0,0,0,0,0,0,0,0,33,45,0,9,8
l38,11=0,0,0,0,0,0,0,0,0,0,0,3,17,0,24,26,27,0,0,0,8,21,26,0,0,0,0,0,0,0,0,0,0,0,0,33,46,22,0,11
l39,11=0,0,0,0,0,0,0,0,0,0,0,0,0,0,0,0,21,6,0,28,7,19,19,0,0,0,0,0,0,0,0,0,0,0,0,37,60,23,41,0

l0,12=0,87,83,87,89,84,62,59,0,50,28,0,0,0,0,0,0,0,0,0,0,0,0,0,0,0,0,0,0,0,0,0,0,0,0,0,0,0,0,0
l1,12=82,0,84,82,84,84,83,78,1,0,62,41,0,0,0,0,0,0,0,0,0,0,0,0,0,0,0,0,0,0,0,0,0,0,0,0,0,0,0,0
l2,12=81,86,0,82,84,84,87,70,11,75,69,0,0,8,0,0,0,0,0,0,0,0,0,0,0,0,0,0,0,0,0,0,0,0,0,0,0,0,0,0
l3,12=86,82,81,0,87,84,27,37,8,23,47,0,0,0,0,0,0,0,0,0,0,0,0,0,0,0,0,0,0,0,0,0,0,0,0,0,0,0,0,0
l4,12=83,83,77,82,0,77,75,64,8,40,39,0,0,0,24,0,0,0,0,0,0,0,0,58,0,0,0,0,0,0,0,0,0,0,0,0,0,0,0,0
l5,12=81,86,85,83,84,0,80,79,64,74,63,0,0,13,0,0,0,0,0,0,0,0,0,2,0,0,0,0,0,0,0,0,0,0,0,0,0,0,0,0
l6,12=57,84,85,55,80,73,0,79,54,21,71,55,0,29,0,48,0,0,0,0,0,0,0,0,0,0,0,0,0,0,0,0,0,0,0,0,0,0,0,0
l7,12=28,66,24,28,65,83,86,0,30,78,80,13,19,25,0,0,0,0,0,0,0,0,0,0,0,0,0,0,0,0,0,0,0,0,0,0,0,0,0,0
l8,12=5,0,4,11,4,24,14,35,0,73,70,44,22,66,0,27,0,19,0,10,0,8,0,0,14,0,0,0,0,0,0,0,0,0,0,0,0,0,0,0
l9,12=13,1,14,13,17,83,9,78,75,0,78,15,22,64,0,7,5,13,0,0,13,15,0,0,0,0,0,0,0,0,0,0,0,0,0,0,0,0,0,0
l10,12=15,42,51,60,37,45,64,79,71,83,0,35,0,62,1,40,0,0,0,0,0,0,0,0,0,0,0,0,0,0,0,0,0,0,0,0,0,0,0,0
l11,12=0,17,0,0,0,0,42,7,30,38,46,0,48,70,22,69,23,60,0,0,31,21,27,17,0,5,0,0,0,0,0,0,0,0,0,7,0,0,21,0
l12,12=0,0,0,0,0,0,0,2,27,41,0,47,0,35,73,59,42,67,0,0,34,23,29,20,82,85,0,0,0,0,0,0,0,6,0,0,0,0,23,0
l13,12=0,0,0,0,0,18,11,18,68,67,53,78,44,0,23,69,24,47,0,0,11,10,0,18,15,5,0,0,0,0,0,0,0,0,0,0,0,0,0,0
l14,12=0,0,0,0,38,0,0,0,0,16,7,44,70,35,0,23,49,52,0,0,0,24,20,25,73,19,0,0,0,0,0,0,0,21,22,21,0,0,19,0
l15,12=0,0,0,0,0,0,41,0,32,40,48,82,55,71,24,0,27,55,0,26,32,22,24,18,30,12,0,0,0,0,0,0,0,0,0,0,4,0,12,0
l16,12=0,0,0,0,0,0,0,0,0,30,0,41,49,34,25,21,0,50,31,30,35,24,31,0,35,4,0,0,0,0,0,0,0,4,0,24,37,38,24,7
l17,12=0,0,0,0,0,0,0,0,16,34,0,75,81,36,24,37,33,0,0,30,36,23,30,0,24,2,0,0,0,0,0,0,0,2,0,2,35,0,14,0
l18,12=0,0,0,0,0,0,0,0,0,0,0,0,0,0,0,0,47,0,0,45,58,32,0,0,0,0,0,0,0,0,0,0,0,0,0,0,0,0,0,0
l19,12=0,0,0,0,0,0,0,0,27,0,0,0,0,0,0,14,31,39,26,0,75,69,70,0,0,0,18,0,24,2,0,32,7,0,0,20,17,0,27,58
l20,12=0,0,0,0,0,0,0,0,0,28,0,29,35,21,0,14,31,48,28,81,0,82,86,0,0,0,6,0,0,0,0,26,0,0,0,22,68,36,38,21
l21,12=0,0,0,0,0,0,0,0,21,41,0,34,34,28,21,25,42,48,29,80,83,0,85,0,24,0,7,0,0,0,0,0,0,0,0,18,39,35,78,18
l22,12=0,0,0,0,0,0,0,0,0,0,0,35,34,0,6,11,20,37,0,71,83,77,0,0,0,0,13,0,0,0,0,0,0,0,0,44,62,35,67,56
l23,12=0,0,0,0,53,11,0,0,0,0,0,43,50,35,62,19,0,0,0,0,0,0,0,0,87,91,0,0,0,0,0,25,0,21,0,0,0,0,0,0
l24,12=0,0,0,0,0,0,0,0,26,9,0,0,88,31,85,25,63,18,0,0,0,21,0,57,0,58,0,0,0,0,0,8,29,0,0,0,0,0,3,0
l25,12=0,0,0,0,0,0,0,0,0,0,0,35,88,18,26,19,22,19,0,0,0,0,0,94,80,0,0,0,0,0,0,37,32,23,34,0,0,0,0,0
l26,12=0,0,0,0,0,0,0,0,0,0,0,0,0,0,0,0,0,0,0,33,22,17,28,0,0,0,0,59,86,63,85,84,64,52,61,0,0,0,0,0
l27,12=0,0,0,0,0,0,0,0,0,0,0,0,0,0,0,0,0,0,0,0,0,0,0,0,0,0,67,0,82,91,96,75,0,29,25,0,0,0,0,0
l28,12=0,0,0,0,0,0,0,0,0,0,0,0,0,0,0,0,0,0,0,49,32,0,0,0,0,0,84,91,0,91,96,67,58,33,55,0,0,0,0,0
l29,12=0,0,0,0,0,0,0,0,0,0,0,0,0,0,0,0,0,0,0,2,0,0,0,0,0,0,77,91,86,0,96,78,63,61,65,0,0,0,0,0
l30,12=0,0,0,0,0,0,0,0,0,0,0,0,0,0,0,0,0,0,0,0,0,0,0,0,0,0,81,91,86,91,0,76,65,37,42,0,0,0,0,0
l31,12=0,0,0,0,0,0,0,0,0,0,0,0,0,0,0,0,0,0,0,67,50,0,0,52,26,59,84,68,79,83,94,0,87,100,100,0,0,0,0,0
l32,12=0,0,0,0,0,0,0,0,0,0,0,0,0,0,0,0,0,0,0,19,0,0,0,1,54,62,81,0,69,71,79,96,0,100,100,0,0,0,0,0
l33,12=0,0,0,0,0,0,0,0,0,0,0,0,26,0,47,0,12,0,0,0,0,0,0,29,0,54,57,6,43,51,45,98,87,0,100,0,0,0,0,0
l34,12=0,0,0,0,0,0,0,0,0,0,0,0,0,0,22,0,0,0,0,0,0,0,0,0,0,73,83,37,73,75,64,98,87,100,0,0,0,0,0,0
l35,12=0,0,0,0,0,0,0,0,0,0,0,15,0,0,3,0,18,0,0,2,33,4,33,0,0,0,0,0,0,0,0,0,0,0,0,0,73,48,28,16
l36,12=0,0,0,0,0,0,0,0,0,0,0,0,0,0,0,2,23,46,0,7,35,23,34,0,0,0,0,0,0,0,0,0,0,0,0,48,0,45,43,25
l37,12=0,0,0,0,0,0,0,0,0,0,0,0,0,0,0,0,21,0,0,0,35,15,31,0,0,0,0,0,0,0,0,0,0,0,0,30,48,0,14,23
l38,12=0,0,0,0,0,0,0,0,0,0,0,41,26,0,8,5,25,34,0,18,36,26,36,0,0,0,0,0,0,0,0,0,0,0,0,28,45,40,0,24
l39,12=0,0,0,0,0,0,0,0,0,0,0,0,0,0,0,0,20,0,0,35,34,23,40,0,0,0,0,0,0,0,0,0,0,0,0,28,61,46,29,0

l0,13=0,91,92,94,90,90,90,88,48,54,67,0,0,0,0,0,0,0,0,0,0,0,0,0,0,0,0,0,0,0,0,0,0,0,0,0,0,0,0,0
l1,13=87,0,86,96,85,86,84,81,41,13,28,0,0,0,3,0,0,0,0,0,0,0,0,0,0,0,0,0,0,0,0,0,0,0,0,0,0,0,0,0
l2,13=90,90,0,89,86,90,86,60,0,81,87,0,0,37,0,0,0,0,0,0,0,0,0,0,0,0,0,0,0,0,0,0,0,0,0,0,0,0,0,0
l3,13=95,93,86,0,92,87,85,84,26,3,56,0,0,0,0,0,0,0,0,0,0,0,0,0,0,0,0,0,0,0,0,0,0,0,0,0,0,0,0,0
l4,13=87,85,86,92,0,86,85,81,0,10,79,0,0,0,0,0,0,0,0,0,0,0,0,1,0,0,0,0,0,0,0,0,0,0,0,0,0,0,0,0
l5,13=82,84,86,86,85,0,84,84,62,84,87,0,0,34,0,0,0,0,0,0,0,0,0,2,0,0,0,0,0,0,0,0,0,0,0,0,0,0,0,0
l6,13=81,84,85,84,85,86,0,0,75,84,0,81,0,52,0,78,0,0,0,0,0,0,0,0,0,0,0,0,0,0,0,0,0,0,0,0,0,0,0,0
l7,13=74,70,7,76,78,66,0,0,76,87,90,0,0,44,0,0,0,0,0,0,0,0,0,0,0,0,0,0,0,0,0,0,0,0,0,0,0,0,0,0
l8,13=20,18,0,15,0,20,17,68,0,90,87,28,0,79,10,24,3,19,0,13,0,11,0,0,49,0,0,0,0,0,0,0,0,0,0,0,0,0,14,0
l9,13=18,19,12,9,12,86,80,86,79,0,90,43,4,80,6,80,27,14,0,0,13,9,0,0,0,0,0,0,0,0,0,0,0,0,0,0,0,0,0,0
l10,13=47,55,54,32,68,86,0,86,78,92,0,72,0,80,0,77,0,0,0,0,0,0,0,0,0,0,0,0,0,0,0,0,0,0,0,0,0,0,0,0
l11,13=0,0,0,0,0,0,28,0,10,6,16,0,34,86,21,88,50,61,0,0,31,20,25,47,4,50,0,0,0,0,0,0,0,0,0,0,34,0,39,0
l12,13=0,0,0,0,0,0,0,0,0,6,0,86,0,21,63,84,62,83,0,0,35,13,26,52,97,99,0,0,0,0,0,0,0,46,0,15,28,0,39,0
l13,13=0,0,2,0,0,23,17,2,21,88,44,86,24,0,37,84,49,56,0,5,16,19,0,52,29,55,0,0,0,0,0,0,0,0,0,0,0,0,35,0
l14,13=0,0,0,0,0,0,0,0,10,6,0,71,85,21,0,50,84,57,0,0,0,14,21,90,99,75,0,0,0,0,0,0,2,42,35,0,0,0,17,0
l15,13=0,0,0,0,0,0,27,0,9,6,20,92,54,55,19,0,60,68,0,23,32,15,0,50,49,57,0,0,0,0,0,0,0,0,0,0,51,0,39,0
l16,13=0,0,0,0,0,0,0,0,0,5,0,55,28,18,26,53,0,67,17,8,31,7,23,35,55,53,0,0,0,0,0,0,0,29,3,44,22,0,38,25
l17,13=0,0,0,0,0,0,0,0,3,5,0,90,39,21,24,86,89,0,0,28,36,22,23,48,59,0,0,0,0,0,0,0,0,28,0,0,53,0,38,0
l18,13=0,0,0,0,0,0,0,0,0,0,0,0,0,0,0,0,75,0,0,81,83,0,42,0,0,0,0,0,0,0,0,0,0,0,0,0,0,0,0,0
l19,13=0,0,0,0,0,0,0,0,11,0,0,0,0,0,0,26,59,36,26,0,90,88,89,0,0,0,3,0,0,2,0,8,0,0,0,40,8,0,28,68
l20,13=0,0,0,0,0,0,0,0,0,2,0,53,23,13,0,36,48,46,22,87,0,95,96,0,0,0,3,0,0,0,0,9,0,0,0,54,26,0,76,34
l21,13=0,0,0,0,0,0,0,0,9,3,0,58,30,39,13,32,49,70,0,89,91,0,96,0,37,0,4,0,0,0,0,0,0,0,0,48,29,0,75,51
l22,13=0,0,0,0,0,0,0,0,0,0,0,51,24,0,10,0,57,28,0,85,90,95,0,0,0,0,3,0,0,0,0,0,0,0,12,71,65,0,68,81
l23,13=0,0,0,0,0,0,0,0,0,0,0,72,50,46,96,80,27,56,0,0,0,0,0,0,56,100,0,0,0,0,0,0,0,0,0,0,0,0,0,0
l24,13=0,0,0,0,0,0,0,0,12,0,0,0,85,0,96,56,88,60,0,0,2,20,0,54,0,98,0,0,0,0,0,0,12,21,0,0,54,0,0,0
l25,13=0,0,0,0,0,0,0,0,0,0,0,66,85,24,96,71,65,0,0,0,0,0,0,98,99,0,0,0,0,7,0,30,47,91,92,0,0,0,0,0
l26,13=0,0,0,0,0,0,0,0,0,0,0,0,0,0,0,0,0,0,0,42,58,45,64,0,0,0,0,80,97,83,98,99,78,77,0,0,0,0,0,0
l27,13=0,0,0,0,0,0,0,0,0,0,0,0,0,0,0,0,0,0,0,0,0,0,0,0,0,0,81,0,94,99,99,84,71,72,32,0,0,0,0,0
l28,13=0,0,0,0,0,0,0,0,0,0,0,0,0,0,0,0,0,0,0,29,16,0,0,0,0,1,95,97,0,99,99,97,66,74,80,0,0,0,0,0
l29,13=0,0,0,0,0,0,0,0,0,0,0,0,0,0,0,0,0,0,0,30,0,0,0,0,0,2,83,97,97,0,99,86,81,74,77,0,0,0,0,0
l30,13=0,0,0,0,0,0,0,0,0,0,0,0,0,0,0,0,0,0,0,0,0,0,0,0,0,0,95,97,97,99,0,91,76,74,1,0,0,0,0,0
l31,13=0,0,0,0,0,0,0,0,0,0,0,0,0,0,0,0,0,0,0,31,68,0,0,0,0,73,95,95,97,99,99,0,100,100,100,0,0,0,0,0
l32,13=0,0,0,0,0,0,0,0,0,0,0,0,29,0,42,0,0,0,0,1,0,0,0,1,85,84,91,61,74,94,91,100,0,100,100,0,0,0,0,0
l33,13=0,0,0,0,0,0,0,0,0,0,0,0,82,0,68,0,74,51,0,0,0,0,0,0,60,97,95,78,97,85,99,100,100,0,100,0,0,0,0,0
l34,13=0,0,0,0,0,0,0,0,0,0,0,0,11,0,59,0,41,0,0,0,38,0,32,0,36,96,1,33,96,99,47,100,100,100,0,0,0,0,0,0
l35,13=0,0,0,0,0,0,0,0,0,0,0,0,18,0,0,0,35,0,0,3,27,9,26,0,0,0,0,0,0,0,0,0,0,0,0,0,76,78,49,33
l36,13=0,0,0,0,0,0,0,0,0,0,0,30,9,0,0,32,49,10,0,1,33,6,36,0,29,0,0,0,0,0,0,0,0,0,0,83,0,52,59,40
l37,13=0,0,0,0,0,0,0,0,0,0,0,0,0,0,0,0,23,0,0,7,28,0,20,0,0,0,0,0,0,0,0,0,0,0,0,76,20,0,35,29
l38,13=0,0,0,0,0,0,0,0,0,0,0,56,24,18,0,33,49,36,0,7,34,22,30,0,0,0,0,0,0,0,0,0,0,0,0,57,62,0,0,32
l39,13=0,0,0,0,0,0,0,0,0,0,0,0,0,0,0,0,42,0,0,7,27,9,52,0,0,0,0,0,0,0,0,0,0,0,0,69,21,0,40,0

l0,14=0,100,100,100,100,100,100,98,94,98,99,0,0,0,0,0,0,0,0,0,0,0,0,0,0,0,0,0,0,0,0,0,0,0,0,0,0,0,0,0
l1,14=100,0,100,100,100,100,14,0,11,0,98,0,0,23,0,0,0,0,0,0,0,0,0,0,0,0,0,0,0,0,0,0,0,0,0,0,0,0,0,0
l2,14=100,100,0,100,100,100,100,100,64,63,100,0,0,85,0,0,0,0,0,0,0,0,0,0,0,0,0,0,0,0,0,0,0,0,0,0,0,0,0,0
l3,14=100,100,96,0,100,100,100,100,0,86,98,0,0,0,0,0,0,0,0,0,0,0,0,0,0,0,0,0,0,0,0,0,0,0,0,0,0,0,0,0
l4,14=100,100,100,100,0,100,100,0,34,92,100,0,0,0,0,0,0,0,0,0,0,0,0,0,0,0,0,0,0,0,0,0,0,0,0,0,0,0,0,0
l5,14=100,100,100,100,100,0,100,100,94,98,100,0,0,86,0,81,0,0,0,0,0,0,0,0,0,0,0,0,0,0,0,0,0,0,0,0,0,0,0,0
l6,14=96,0,100,98,100,99,0,95,92,94,95,100,0,93,0,87,0,0,0,0,0,0,41,0,0,0,0,0,0,0,0,0,0,0,0,0,0,0,0,0
l7,14=100,0,100,100,26,100,100,0,98,98,100,0,0,94,0,0,88,0,0,0,0,0,0,0,0,0,0,0,0,0,0,0,0,0,0,0,0,0,0,0
l8,14=57,0,44,1,56,40,55,54,0,98,100,45,44,23,44,58,0,0,0,3,17,33,47,0,45,0,0,0,0,0,0,0,0,0,0,0,0,0,21,0
l9,14=57,0,1,0,56,87,57,99,98,0,100,57,0,100,20,91,51,25,0,0,42,47,0,26,0,0,0,0,0,0,0,0,0,0,0,0,10,0,0,0
l10,14=93,88,98,58,100,99,100,100,98,98,0,62,45,100,9,94,0,0,0,0,30,0,0,0,0,0,0,0,0,0,0,0,0,0,0,0,0,0,0,0
l11,14=0,0,0,0,0,0,98,0,51,56,85,0,98,100,61,98,93,93,0,2,40,62,86,61,27,52,0,0,0,0,0,0,0,0,0,62,60,0,23,0
l12,14=0,0,0,0,0,0,0,0,37,0,24,99,0,71,100,94,87,99,0,10,74,0,48,66,58,100,0,0,0,0,0,0,0,41,0,5,0,0,0,0
l13,14=0,15,47,0,23,40,58,44,35,98,97,100,96,0,56,98,50,89,0,10,0,35,0,33,21,27,0,0,0,0,0,0,0,0,0,0,0,0,20,0
l14,14=0,0,0,0,0,0,0,0,38,22,1,97,100,61,0,79,95,93,0,0,5,13,7,93,100,28,0,0,0,0,0,0,1,41,0,5,0,0,23,0
l15,14=0,0,0,0,0,18,69,0,56,55,73,100,95,85,61,0,98,97,0,9,68,32,0,64,58,23,0,0,0,0,0,0,0,0,0,0,24,0,18,0
l16,14=0,0,0,0,0,0,0,21,0,20,0,98,87,9,62,83,0,91,4,39,39,58,91,38,32,19,0,0,0,0,0,0,0,53,45,88,61,3,22,19
l17,14=0,0,0,0,0,0,0,0,0,39,0,98,99,62,61,93,92,0,0,57,74,89,79,66,72,49,0,0,0,0,0,0,0,0,0,25,59,0,47,0
l18,14=0,0,0,0,0,0,0,0,0,0,0,0,0,0,0,0,79,0,0,92,93,3,82,0,0,0,0,0,0,0,0,0,0,0,0,0,0,0,0,0
l19,14=0,0,0,0,0,0,0,0,0,0,0,0,81,2,0,63,72,82,42,0,99,97,96,0,0,0,18,0,0,53,0,0,0,0,0,83,61,51,44,79
l20,14=0,0,0,0,0,0,0,0,0,47,0,83,85,0,0,64,71,79,48,99,0,98,96,0,0,0,1,0,0,0,0,0,0,0,65,91,64,47,81,89
l21,14=0,0,0,0,0,0,0,0,77,86,2,84,0,58,46,66,69,78,0,98,99,0,96,0,34,0,0,0,0,0,0,0,0,0,0,88,88,0,41,65
l22,14=0,0,0,0,0,0,34,0,40,0,0,82,79,0,17,0,93,74,43,97,99,97,0,0,0,0,27,0,0,3,0,0,0,0,0,82,90,0,87,85
l23,14=0,0,0,0,0,0,0,0,0,21,0,47,97,23,99,63,52,42,0,0,0,0,0,0,29,100,0,0,0,0,0,0,33,45,49,0,0,0,0,0
l24,14=0,0,0,0,0,0,0,0,59,0,0,47,97,54,100,79,95,97,0,0,2,38,0,62,0,99,0,0,0,0,0,0,0,0,0,0,25,0,0,0
l25,14=0,0,0,0,0,0,0,0,0,0,0,46,100,63,24,79,53,49,0,0,0,0,0,100,100,0,0,0,15,0,0,0,46,99,99,0,0,0,0,0
l26,14=0,0,0,0,0,0,0,0,0,0,0,0,0,0,0,0,0,0,0,44,65,0,83,0,0,0,0,93,100,93,99,98,94,93,92,0,0,0,0,0
l27,14=0,0,0,0,0,0,0,0,0,0,0,0,0,0,0,0,0,0,0,0,0,0,0,0,0,0,84,0,95,99,100,91,89,86,0,0,0,0,0,0
l28,14=0,0,0,0,0,0,0,0,0,0,0,0,0,0,0,0,0,0,0,22,0,0,0,0,0,66,100,100,0,99,100,97,90,93,95,0,0,0,0,0
l29,14=0,0,0,0,0,0,0,0,0,0,0,0,0,0,0,0,0,0,0,51,0,0,9,0,0,0,83,100,100,0,100,89,92,0,90,0,0,0,0,0
l30,14=0,0,0,0,0,0,0,0,0,0,0,0,0,0,0,0,0,0,0,0,0,0,0,0,0,0,97,100,100,99,0,88,91,93,0,0,0,0,0,0
l31,14=0,0,0,0,0,0,0,0,0,0,0,0,0,0,0,0,0,0,0,0,0,0,0,0,0,0,100,88,99,97,95,0,100,100,100,0,0,0,0,0
l32,14=0,0,0,0,0,0,0,0,0,0,0,0,0,0,64,0,0,0,0,0,0,0,0,90,0,94,100,95,93,99,96,100,0,100,100,0,0,0,0,0
l33,14=0,0,0,0,0,0,0,0,0,0,0,0,92,0,92,0,93,0,0,0,0,0,0,100,0,100,99,86,100,0,99,100,100,0,100,0,0,0,0,0
l34,14=0,0,0,0,0,0,0,0,0,0,0,0,13,0,0,0,98,0,0,0,99,1,18,98,0,100,99,0,100,98,0,100,100,100,0,0,0,0,0,0
l35,14=0,0,0,0,0,0,0,0,0,0,0,5,51,0,0,0,67,0,0,17,42,58,73,0,0,0,0,0,0,0,0,0,0,0,0,0,94,54,30,51
l36,14=0,0,0,0,0,0,0,0,0,1,0,78,0,0,0,21,75,41,0,48,39,54,84,0,0,0,0,0,0,0,0,0,0,0,0,95,0,45,72,46
l37,14=0,0,0,0,0,0,0,0,0,0,0,0,0,0,0,0,0,0,0,19,34,0,0,0,0,0,0,0,0,0,0,0,0,0,0,90,52,0,24,48
l38,14=0,0,0,0,0,0,0,0,0,0,0,75,0,16,19,51,67,74,0,15,74,53,73,0,0,0,0,0,0,0,0,0,0,0,0,93,64,27,0,83
l39,14=0,0,0,0,0,0,0,0,0,0,0,0,0,0,0,0,67,0,0,52,68,78,75,0,0,0,0,0,0,0,0,0,0,0,0,83,55,52,54,0

l0,15=0,100,98,100,100,99,97,98,97,97,87,0,0,0,0,0,0,0,0,0,0,0,0,0,0,0,0,0,0,0,0,0,0,0,0,0,0,0,0,0
l1,15=96,0,98,99,100,98,97,17,97,0,98,0,0,97,97,0,0,0,0,0,0,0,0,0,0,0,0,0,0,0,0,0,0,0,0,0,0,0,0,0
l2,15=96,98,0,96,97,100,97,98,97,97,97,93,0,98,0,0,0,0,0,0,0,0,0,0,0,0,0,0,0,0,0,0,0,0,0,0,0,0,0,0
l3,15=100,100,98,0,100,98,47,0,0,0,36,0,0,0,0,0,0,0,0,0,0,0,0,0,0,0,0,0,0,0,0,0,0,0,0,0,0,0,0,0
l4,15=100,100,98,99,0,100,97,33,91,97,98,0,0,0,0,0,0,0,0,0,0,0,0,0,0,0,0,0,0,0,0,0,0,0,0,0,0,0,0,0
l5,15=96,98,98,96,97,0,68,98,77,97,98,0,0,96,0,54,0,0,0,0,0,0,0,0,0,0,0,0,0,0,0,0,0,0,0,0,0,0,0,0
l6,15=96,98,98,94,97,91,0,98,91,97,98,97,50,94,0,94,0,0,0,0,0,0,43,0,0,0,0,0,0,0,0,0,0,0,0,0,0,0,0,0
l7,15=96,0,98,0,93,97,96,0,97,97,98,47,0,24,3,0,98,0,0,0,0,0,0,0,0,0,0,0,0,0,0,0,0,0,0,0,0,0,0,0
l8,15=72,73,73,31,93,52,92,100,0,100,100,96,96,97,60,97,61,0,0,25,0,90,90,0,82,0,0,0,0,0,0,0,0,0,0,0,0,0,0,0
l9,15=95,0,85,0,95,98,96,100,100,0,100,97,0,100,57,98,96,0,0,0,76,97,2,0,0,0,0,0,0,0,0,0,0,0,0,0,0,0,0,0
l10,15=75,97,91,95,96,98,96,100,97,100,0,0,96,98,59,0,24,0,0,0,0,0,0,0,0,0,0,0,0,0,0,0,0,0,0,0,0,0,0,0
l11,15=0,0,41,0,6,0,98,13,61,61,2,0,100,100,60,99,100,99,0,6,76,96,96,64,60,71,0,0,0,0,0,0,0,0,0,1,94,0,98,0
l12,15=0,0,0,0,0,0,9,0,61,0,95,100,0,99,100,91,99,100,0,0,76,0,92,64,100,100,0,0,0,0,0,0,0,0,0,0,0,0,94,0
l13,15=0,59,85,0,34,93,94,40,57,100,96,100,100,0,64,99,96,99,0,23,25,19,81,32,56,69,0,0,0,0,0,0,0,0,0,0,0,0,94,0
l14,15=0,62,0,0,0,0,0,0,60,59,78,88,100,75,0,92,100,100,0,0,72,0,0,100,100,99,0,0,0,0,0,0,0,74,0,0,2,0,99,0
l15,15=0,0,0,0,0,3,95,0,61,61,0,100,88,59,63,0,99,100,0,0,75,96,0,64,59,70,0,0,0,0,0,0,0,0,0,86,0,0,98,0
l16,15=0,0,0,0,0,0,1,77,10,55,36,100,90,56,64,91,0,97,46,63,74,90,99,0,60,0,0,0,0,0,0,1,0,63,0,88,91,86,99,15
l17,15=0,0,0,0,0,0,0,0,0,14,0,100,93,59,64,98,99,0,0,63,76,98,99,64,60,69,0,0,0,0,0,0,0,69,51,0,92,77,100,1
l18,15=0,0,0,0,0,0,0,0,0,0,0,0,0,0,0,0,87,0,0,78,79,3,89,0,0,0,0,0,0,0,0,0,0,0,0,0,0,0,0,0
l19,15=0,0,0,0,0,0,0,0,0,0,0,7,41,0,0,0,87,75,33,0,100,93,95,0,0,0,74,0,0,66,0,0,0,0,0,64,73,0,74,74
l20,15=0,0,0,0,0,0,0,0,7,57,0,94,91,6,52,88,99,97,50,99,0,99,100,0,0,0,2,0,0,0,0,2,0,0,0,95,96,0,100,97
l21,15=0,0,0,0,0,0,0,0,46,57,0,93,20,21,0,95,95,96,1,99,100,0,99,0,52,0,0,0,1,0,0,0,0,0,59,75,90,83,98,93
l22,15=0,0,0,0,0,0,5,0,41,32,0,67,69,11,0,0,94,80,15,95,98,98,0,0,0,0,72,0,0,43,0,0,0,0,0,71,79,75,83,72
l23,15=0,0,0,0,0,0,0,0,0,39,0,100,96,0,100,92,0,100,0,0,0,0,0,0,100,100,0,0,0,0,0,0,64,92,0,0,0,0,0,0
l24,15=0,0,0,0,0,0,0,0,61,0,0,100,100,55,100,99,100,100,0,0,4,77,0,95,0,71,0,0,0,0,0,0,33,0,1,0,54,0,0,0
l25,15=0,0,0,0,0,0,0,0,0,0,0,98,86,58,98,86,1,99,0,0,0,0,0,99,98,0,97,0,74,23,0,62,56,74,97,0,0,0,0,0
l26,15=0,0,0,0,0,0,0,0,0,0,0,0,0,0,0,0,0,0,0,77,75,0,90,0,0,77,0,98,98,95,97,100,79,11,88,0,0,0,0,0
l27,15=0,0,0,0,0,0,0,0,0,0,0,0,0,0,0,0,0,0,0,0,0,0,0,0,0,0,92,0,98,96,100,95,80,96,89,0,0,0,0,0
l28,15=0,0,0,0,0,0,0,0,0,0,0,0,0,0,0,0,0,0,0,0,0,0,0,0,0,75,99,100,0,96,100,98,79,97,90,0,0,0,0,0
l29,15=0,0,0,0,0,0,0,0,0,0,0,0,0,0,0,0,0,0,0,78,0,0,86,0,0,17,99,100,98,0,100,97,82,95,88,0,0,0,0,0
l30,15=0,0,0,0,0,0,0,0,0,0,0,0,0,0,0,0,0,0,0,0,0,0,0,0,0,0,92,100,98,96,0,95,79,95,0,0,0,0,0,0
l31,15=0,0,0,0,0,0,0,0,0,0,0,0,0,0,0,0,3,0,0,0,72,0,0,0,0,74,99,93,97,95,95,0,86,99,97,0,0,0,0,0
l32,15=0,0,0,0,0,0,0,0,0,0,0,0,63,0,0,0,0,0,0,0,0,0,0,96,92,78,99,99,97,96,100,100,0,99,97,0,0,0,0,0
l33,15=0,0,0,0,0,0,0,0,0,0,0,0,0,0,96,0,97,89,0,0,0,0,0,98,15,94,20,98,98,95,95,100,98,0,97,0,0,0,0,0
l34,15=0,0,0,0,0,0,0,0,0,0,0,0,0,0,1,0,0,12,0,0,0,69,0,0,36,78,97,93,97,93,0,100,86,99,0,0,0,0,0,0
l35,15=0,0,0,0,0,0,0,0,0,0,0,0,44,0,0,61,68,0,0,39,53,57,72,0,0,0,0,0,0,0,0,0,0,0,0,0,96,98,94,89
l36,15=0,0,0,0,0,0,0,0,0,0,0,65,0,0,20,0,91,56,0,50,70,84,88,0,1,0,0,0,0,0,0,0,0,0,0,95,0,97,100,88
l37,15=0,0,0,0,0,0,0,0,0,0,0,0,0,0,0,0,62,0,0,0,0,43,78,0,0,0,0,0,0,0,0,0,0,0,0,94,95,0,86,84
l38,15=0,0,0,0,0,0,0,0,0,0,0,71,48,14,29,77,82,89,0,29,76,85,86,0,0,0,0,0,0,0,0,0,0,0,0,94,96,90,0,96
l39,15=0,0,0,0,0,0,0,0,0,0,0,0,0,0,0,0,0,0,0,53,74,84,89,0,0,0,0,0,0,0,0,0,0,0,0,88,88,97,97,0

