t=2016-04-12_19.32.41

n=40

q0=1
q1=1
q2=1
q3=1
q4=1
q5=1
q6=1
q7=1
q8=1
q9=1
q10=1
q11=1
q12=1
q13=1
q14=1
q15=1
q16=1
q17=1
q18=1
q19=1
q20=1
q21=1
q22=1
q23=1
q24=1
q25=1
q26=1
q27=1
q28=1
q29=1
q30=1
q31=1
q32=1
q33=1
q34=1
q35=1
q36=1
q37=1
q38=1
q39=1

a0=0x141592000c576ce6
a1=0x141592000c5aedbc
a2=0x141592000c5750f4
a3=0x141592000c576658
a4=0x141592000c575890
a5=0x141592000c574ffa
a6=0x141592000c5acf11
a7=0x141592000d9df361
a8=0x141592000c576300
a9=0x141592000c5779b6
a10=0x141592000c5762b9
a11=0x141592000c5af078
a12=0x141592000c575517
a13=0x141592000c5752c3
a14=0x141592000c5a4baa
a15=0x141592000c5776e7
a16=0x141592000c58cdeb
a17=0x141592000c5881fc
a18=0x141592000bd81d33
a19=0x141592000bd84d6a
a20=0x141592000c577233
a21=0x141592000c574527
a22=0x141592000c5746a3
a23=0x141592000c574da3
a24=0x141592000c5741c9
a25=0x141592000da244ea
a26=0x141592000c5ae886
a27=0x141592000c57510e
a28=0x141592000c5ab6c8
a29=0x141592000c574d05
a30=0x141592000edae61f
a31=0x141592000c57667e
a32=0x141592000c577f43
a33=0x141592000c576449
a34=0x1415920010f4117a
a35=0x141592000c575966
a36=0x141592000c574d35
a37=0x141592000c576fb1
a38=0x141592000c5aea5d
a39=0x141592000c59f23f

l0,0=0,91,93,97,93,90,84,85,1,91,86,0,0,0,0,0,0,0,0,0,0,0,0,0,0,0,0,0,0,0,0,0,0,0,0,0,0,0,0,0
l1,0=85,0,93,91,93,91,57,89,76,65,88,0,0,0,0,0,0,0,0,0,0,0,0,0,0,0,0,0,0,0,0,0,0,0,0,0,0,0,0,0
l2,0=82,93,0,78,94,92,87,89,15,86,90,0,0,73,0,0,0,0,0,0,0,0,0,0,0,0,0,0,0,0,0,0,0,0,0,0,0,0,0,0
l3,0=96,92,91,0,92,86,84,84,78,0,71,0,0,0,0,0,0,0,0,0,0,0,0,0,0,0,0,0,0,0,0,0,0,0,0,0,0,0,0,0
l4,0=90,92,93,91,0,90,75,69,79,62,77,0,0,70,0,0,0,0,0,0,0,0,0,0,0,0,0,0,0,0,0,0,0,0,0,0,0,0,0,0
l5,0=83,93,93,78,87,0,81,76,81,85,80,0,0,52,0,0,0,0,0,0,0,0,0,0,0,0,0,0,0,0,0,0,0,0,0,0,0,0,0,0
l6,0=77,60,97,76,82,80,0,79,56,75,30,0,0,72,0,6,12,0,0,0,0,0,0,0,0,0,0,0,0,0,0,0,0,0,0,0,0,0,0,0
l7,0=51,82,84,69,82,77,76,0,40,78,82,1,0,58,0,9,0,0,0,0,0,0,0,0,0,0,0,0,0,0,0,0,0,0,0,0,0,0,0,0
l8,0=0,65,0,41,71,69,77,43,0,92,22,70,64,90,63,79,72,38,0,0,0,48,0,0,34,0,0,0,0,0,0,0,0,0,0,0,0,0,3,0
l9,0=80,72,84,2,77,84,70,79,92,0,89,41,40,79,38,14,18,39,0,0,0,0,8,0,0,0,0,0,0,0,0,0,0,0,0,0,0,0,0,0
l10,0=80,83,85,64,85,80,73,81,60,95,0,62,35,84,0,79,0,0,0,0,0,0,0,0,0,0,0,0,0,0,0,0,0,0,0,0,0,0,0,0
l11,0=0,0,0,0,0,34,51,59,55,21,26,0,93,90,90,97,46,57,0,55,0,27,0,0,72,15,0,0,0,0,0,0,0,0,0,0,63,0,59,0
l12,0=0,0,0,0,0,0,0,0,49,17,9,91,0,85,93,97,40,100,0,0,51,35,0,82,90,83,0,0,0,0,0,0,0,43,0,6,35,0,66,0
l13,0=0,0,51,0,62,11,54,33,90,68,86,86,83,0,92,90,27,78,0,56,0,43,18,75,32,37,0,0,0,0,0,0,0,0,0,0,0,0,58,0
l14,0=0,0,0,0,0,0,0,0,52,13,0,55,87,67,0,87,60,31,0,0,62,0,20,57,84,87,0,0,0,0,0,0,0,45,0,0,45,0,55,0
l15,0=0,0,0,0,0,0,52,14,55,18,24,99,94,83,89,0,40,33,0,0,2,0,15,8,85,0,0,0,0,0,0,0,0,0,0,0,54,0,70,0
l16,0=0,0,0,0,0,0,28,0,53,20,0,50,38,39,91,66,0,35,0,70,56,46,23,23,80,0,0,0,0,0,0,0,0,39,0,40,57,2,76,45
l17,0=0,0,0,0,0,0,0,0,46,18,0,59,94,61,91,92,51,0,0,0,67,43,10,0,79,72,0,0,0,0,0,0,0,48,0,0,75,0,52,0
l18,0=0,0,0,0,0,0,0,0,0,0,0,0,0,0,0,0,0,0,0,0,78,3,79,0,0,0,0,0,0,0,0,0,0,0,0,0,0,0,0,0
l19,0=0,0,0,0,0,0,0,0,8,0,0,33,0,48,0,0,35,0,0,0,88,33,95,0,0,0,37,0,0,0,0,18,0,0,0,45,62,0,45,77
l20,0=0,0,0,0,0,0,0,0,0,0,0,0,33,1,57,5,29,22,48,91,0,85,94,0,0,0,0,0,0,0,0,0,0,0,4,52,85,85,98,88
l21,0=0,0,0,0,0,0,0,0,79,0,0,28,30,64,0,0,55,62,18,45,94,0,94,0,0,0,3,0,0,0,0,0,0,0,0,61,64,42,82,74
l22,0=0,0,0,0,0,0,0,0,29,12,0,0,3,37,48,34,36,14,30,91,94,85,0,0,1,0,13,0,0,0,0,11,3,0,0,61,92,55,83,70
l23,0=0,0,0,0,0,0,0,0,44,0,0,0,83,65,85,5,40,0,0,0,0,0,0,0,85,0,0,0,0,0,0,0,0,39,57,0,0,0,0,0
l24,0=0,0,0,0,0,0,0,0,55,0,0,52,93,59,87,86,56,29,0,0,0,0,0,85,0,83,0,0,0,0,0,0,35,48,49,0,0,0,0,0
l25,0=0,0,0,0,0,0,0,0,40,0,0,38,78,56,91,0,0,40,0,0,0,0,0,0,77,0,53,8,0,3,0,40,35,43,69,0,0,0,0,0
l26,0=0,0,0,0,0,0,0,0,0,0,0,0,0,0,0,0,0,0,0,64,0,1,22,0,0,51,0,72,95,78,89,90,73,72,64,0,0,0,0,0
l27,0=0,0,0,0,0,0,0,0,0,0,0,0,0,0,0,0,0,0,0,0,0,0,0,0,0,6,79,0,95,80,100,79,68,71,70,0,0,0,0,0
l28,0=0,0,0,0,0,0,0,0,0,0,0,0,0,0,0,0,0,0,0,0,0,0,0,0,0,1,84,98,0,80,100,88,70,73,72,0,0,0,0,0
l29,0=0,0,0,0,0,0,0,0,0,0,0,0,0,0,0,0,0,0,0,0,0,0,0,0,0,14,79,100,95,0,100,76,63,69,61,0,0,0,0,0
l30,0=0,0,0,0,0,0,0,0,0,0,0,0,0,0,0,0,0,0,0,0,0,0,0,0,0,0,76,100,95,80,0,69,64,73,0,0,0,0,0,0
l31,0=0,0,0,0,0,0,0,0,0,0,0,0,0,0,0,0,0,0,0,51,0,0,39,34,0,39,81,54,85,58,56,0,82,83,93,0,0,0,0,0
l32,0=0,0,0,0,0,0,0,0,0,0,0,0,0,0,0,0,0,0,0,0,0,0,0,11,62,52,73,52,68,48,60,85,0,85,94,0,0,0,0,0
l33,0=0,0,0,0,0,0,0,0,0,0,0,0,66,0,57,0,41,64,0,0,0,0,0,45,69,68,67,38,68,39,64,82,78,0,79,0,0,0,0,0
l34,0=0,0,0,0,0,0,0,0,0,0,0,0,0,0,0,0,1,0,0,0,66,0,0,71,62,77,69,56,76,50,0,91,89,80,0,0,0,0,0,0
l35,0=0,0,0,0,0,0,0,0,0,0,0,0,1,0,0,0,9,0,0,35,45,46,24,0,0,0,0,0,0,0,0,0,0,0,0,0,72,92,98,64
l36,0=0,0,0,0,0,0,0,0,0,0,0,33,16,0,12,35,17,24,0,59,86,36,34,0,0,0,0,0,0,0,0,0,0,0,0,74,0,95,98,77
l37,0=0,0,0,0,0,0,0,0,0,0,0,0,0,0,0,0,1,0,0,0,86,35,22,0,0,0,0,0,0,0,0,0,0,0,0,75,94,0,0,80
l38,0=0,0,0,0,0,0,0,0,34,0,0,16,37,39,12,60,46,12,0,45,93,49,28,0,0,0,0,0,0,0,0,0,0,0,0,75,97,0,0,80
l39,0=0,0,0,0,0,0,0,0,0,0,0,0,0,0,0,0,21,0,0,85,87,44,33,0,0,0,0,0,0,0,0,0,0,0,0,73,94,93,94,0

l0,1=0,83,59,93,89,66,71,0,5,22,15,0,0,0,0,0,0,0,0,0,0,0,0,0,0,0,0,0,0,0,0,0,0,0,0,0,0,0,0,0
l1,1=79,0,85,87,91,85,69,69,54,60,79,0,0,0,0,0,0,0,0,0,0,0,0,0,0,0,0,0,0,0,0,0,0,0,0,0,0,0,0,0
l2,1=41,87,0,81,81,87,83,70,0,62,81,0,0,0,0,0,0,0,0,0,0,0,0,0,0,0,0,0,0,0,0,0,0,0,0,0,0,0,0,0
l3,1=89,83,76,0,82,74,64,52,0,0,67,0,0,0,0,0,0,0,0,0,0,0,0,0,0,0,0,0,0,0,0,0,0,0,0,0,0,0,0,0
l4,1=85,82,76,72,0,74,55,46,64,54,63,0,0,17,0,0,0,0,0,0,0,0,0,1,0,0,0,0,0,0,0,0,0,0,0,0,0,0,0,0
l5,1=74,82,85,78,81,0,67,81,65,62,76,0,0,0,0,0,0,0,0,0,0,0,0,0,0,0,0,0,0,0,0,0,0,0,0,0,0,0,0,0
l6,1=1,29,82,58,13,33,0,77,30,5,67,57,4,0,0,0,0,0,0,0,0,0,0,0,0,0,0,0,0,0,0,0,0,0,0,0,0,0,0,0
l7,1=0,3,68,46,10,77,74,0,70,66,88,48,4,0,0,0,0,0,0,0,0,0,0,0,0,0,0,0,0,0,0,0,0,0,0,0,0,0,0,0
l8,1=1,3,0,0,23,28,61,76,0,66,21,70,7,80,1,57,9,1,0,0,0,3,3,0,0,0,0,0,0,0,0,0,0,0,0,0,0,0,0,0
l9,1=1,4,67,0,10,31,51,75,81,0,89,62,29,72,0,6,0,0,0,0,0,1,1,0,0,0,0,0,0,0,0,0,0,0,0,0,0,0,0,0
l10,1=3,75,80,55,38,64,73,92,61,74,0,57,0,69,0,14,0,0,0,0,0,0,0,0,0,0,0,0,0,0,0,0,0,0,0,0,0,0,0,0
l11,1=0,0,0,0,0,0,40,28,49,45,50,0,73,83,47,69,36,68,0,31,2,0,0,0,29,0,0,0,0,0,0,0,0,0,0,4,49,0,32,0
l12,1=0,0,0,0,0,0,1,0,27,38,0,77,0,69,81,60,37,78,0,0,39,43,20,41,82,64,0,0,0,0,0,0,0,0,0,0,6,0,30,0
l13,1=0,0,0,0,8,0,38,0,72,66,73,84,70,0,43,27,35,64,0,1,3,37,8,30,0,8,0,0,0,0,0,0,0,0,0,0,0,0,32,0
l14,1=0,0,0,0,13,0,0,0,42,39,0,69,81,65,0,30,52,57,0,0,42,29,5,64,38,71,0,0,0,0,0,0,0,0,0,0,0,0,0,0
l15,1=0,0,1,0,0,0,0,0,57,45,40,86,78,52,36,0,3,64,0,0,0,0,1,0,52,0,0,0,0,0,0,0,0,0,0,0,44,0,0,0
l16,1=0,0,0,0,0,0,5,0,42,31,0,45,46,47,36,4,0,57,0,4,42,48,29,15,26,32,0,0,0,0,0,0,0,3,0,38,46,9,0,12
l17,1=0,0,0,0,0,0,0,0,40,40,0,69,84,60,37,33,44,0,0,0,37,5,14,7,28,19,0,0,0,0,0,0,0,6,0,3,47,0,0,0
l18,1=0,0,0,0,0,0,0,0,0,0,0,0,0,0,0,0,0,0,0,50,55,51,62,0,0,0,0,0,0,0,0,0,0,0,0,0,0,0,0,0
l19,1=0,0,0,0,0,0,0,0,0,0,0,21,0,40,0,0,4,0,40,0,58,45,74,0,0,0,43,0,0,0,0,26,0,0,0,30,54,32,53,46
l20,1=0,0,0,0,0,0,0,0,0,0,0,0,40,39,28,1,40,35,46,68,0,71,74,0,0,0,0,0,0,0,0,0,0,0,0,36,61,45,70,52
l21,1=0,0,0,0,0,0,0,0,46,29,14,2,43,50,24,0,54,26,38,40,60,0,70,0,0,0,11,0,0,0,0,14,8,0,0,57,46,38,61,53
l22,1=0,0,0,0,0,0,0,0,38,22,0,0,35,45,11,17,54,37,43,70,65,71,0,0,2,0,9,0,0,0,0,32,0,0,0,57,64,35,30,58
l23,1=0,0,0,0,0,0,0,0,27,0,0,0,60,65,70,9,33,12,0,0,0,0,0,0,67,71,0,0,0,0,0,0,0,0,40,0,0,0,0,0
l24,1=0,0,0,0,0,0,0,0,0,0,0,61,77,0,45,58,35,55,0,0,0,0,5,68,0,71,0,0,0,0,0,0,23,27,27,0,0,0,0,0
l25,1=0,0,0,0,0,0,0,0,0,0,0,0,59,46,73,0,49,47,0,0,0,0,0,60,52,0,48,0,28,0,0,53,0,61,35,0,0,0,0,0
l26,1=0,0,0,0,0,0,0,0,0,0,0,0,0,0,0,0,0,0,0,51,0,8,29,0,0,45,0,54,82,86,87,73,70,75,53,0,0,0,0,0
l27,1=0,0,0,0,0,0,0,0,0,0,0,0,0,0,0,0,0,0,0,0,0,0,0,0,0,0,67,0,84,91,93,57,54,54,64,0,0,0,0,0
l28,1=0,0,0,0,0,0,0,0,0,0,0,0,0,0,0,0,0,0,0,0,0,0,0,0,0,34,82,78,0,91,90,72,36,52,60,0,0,0,0,0
l29,1=0,0,0,0,0,0,0,0,0,0,0,0,0,0,0,0,0,0,0,0,0,0,0,0,0,4,78,78,84,0,90,64,44,46,52,0,0,0,0,0
l30,1=0,0,0,0,0,0,0,0,0,0,0,0,0,0,0,0,0,0,0,0,0,0,0,0,0,0,67,84,84,91,0,46,41,61,0,0,0,0,0,0
l31,1=0,0,0,0,0,0,0,0,0,0,0,0,0,0,0,0,0,0,0,40,3,17,42,0,0,50,75,40,73,55,52,0,69,72,77,0,0,0,0,0
l32,1=0,0,0,0,0,0,0,0,0,0,0,0,0,0,0,0,4,0,0,0,0,1,0,0,34,0,65,49,52,54,54,68,0,72,87,0,0,0,0,0
l33,1=0,0,0,0,0,0,0,0,0,0,0,0,0,0,0,0,39,48,0,0,0,0,0,0,33,66,62,46,64,51,67,65,63,0,66,0,0,0,0,0
l34,1=0,0,0,0,0,0,0,0,0,0,0,0,0,0,0,0,0,0,0,0,18,0,0,49,39,57,49,49,63,54,0,67,75,63,0,0,0,0,0,0
l35,1=0,0,0,0,0,0,0,0,0,0,0,0,0,0,0,0,29,0,0,21,28,57,34,0,0,0,0,0,0,0,0,0,0,0,0,0,65,49,69,24
l36,1=0,0,0,0,0,0,0,0,0,0,0,39,6,0,0,9,21,29,0,43,56,37,36,0,0,0,0,0,0,0,0,0,0,0,0,60,0,50,52,26
l37,1=0,0,0,0,0,0,0,0,0,0,0,0,0,0,0,0,2,0,0,26,51,34,12,0,0,0,0,0,0,0,0,0,0,0,0,59,65,0,38,37
l38,1=0,0,0,0,0,0,0,0,0,0,0,33,39,42,0,0,0,0,0,47,67,61,27,0,0,0,0,0,0,0,0,0,0,0,0,61,65,48,0,36
l39,1=0,0,0,0,0,0,0,0,0,0,0,0,0,0,0,0,32,0,0,53,54,53,36,0,0,0,0,0,0,0,0,0,0,0,0,47,58,48,39,0

l0,2=0,47,58,1,0,74,73,55,41,59,48,0,0,0,0,0,0,0,0,0,0,0,0,0,0,0,0,0,0,0,0,0,0,0,0,0,0,0,0,0
l1,2=0,0,60,33,19,87,76,60,31,74,76,0,0,0,0,0,0,0,0,0,0,0,0,0,0,0,0,0,0,0,0,0,0,0,0,0,0,0,0,0
l2,2=0,43,0,1,0,90,86,71,21,76,76,0,0,0,0,7,0,0,0,0,0,0,0,0,0,0,0,0,0,0,0,0,0,0,0,0,0,0,0,0
l3,2=5,88,59,0,0,75,44,0,42,0,0,0,0,0,0,0,0,0,0,0,0,0,0,0,0,0,0,0,0,0,0,0,0,0,0,0,0,0,0,0
l4,2=0,47,52,1,0,78,73,53,0,74,48,0,0,0,0,0,0,0,0,0,0,0,0,31,0,0,0,0,0,0,0,0,0,0,0,0,0,0,0,0
l5,2=0,43,60,1,0,0,71,68,58,72,75,0,0,28,0,0,0,0,0,0,0,0,0,0,0,0,0,0,0,0,0,0,0,0,0,0,0,0,0,0
l6,2=0,39,59,1,0,69,0,56,37,62,76,21,28,14,0,29,0,0,0,0,0,0,0,0,0,0,0,0,0,0,0,0,0,0,0,0,0,0,0,0
l7,2=0,41,55,0,0,78,71,0,61,75,82,20,0,53,0,48,0,0,0,0,0,0,0,0,0,0,0,0,0,0,0,0,0,0,0,0,0,0,0,0
l8,2=0,2,1,0,0,55,34,68,0,84,73,41,0,68,1,58,37,38,0,0,0,30,33,0,34,0,0,0,0,0,0,0,0,0,0,0,0,0,1,0
l9,2=0,30,56,0,0,63,65,61,74,0,83,33,40,69,0,52,19,28,0,0,0,17,0,8,0,0,0,0,0,0,0,0,0,0,0,0,0,0,0,0
l10,2=0,39,48,0,0,69,78,78,61,82,0,30,0,60,0,43,0,9,0,0,0,0,0,0,0,0,0,0,0,0,0,0,0,0,0,0,0,0,0,0
l11,2=0,0,0,0,0,0,30,12,37,44,36,0,80,79,69,72,39,68,0,39,0,24,33,34,6,0,0,0,0,0,0,0,0,0,0,2,39,0,10,1
l12,2=0,0,0,0,0,0,23,0,0,32,0,73,0,56,79,70,50,82,0,0,0,24,0,68,87,62,0,0,0,0,0,0,0,0,0,0,0,0,11,0
l13,2=0,0,0,0,0,0,0,22,63,69,51,67,50,0,41,53,41,41,2,38,0,26,36,46,43,2,0,0,0,0,0,0,0,0,0,0,0,0,16,0
l14,2=0,0,0,0,0,0,0,0,14,0,0,56,83,54,0,47,54,39,0,0,0,0,0,73,72,7,0,0,0,0,0,0,0,38,0,0,0,0,13,0
l15,2=0,0,1,0,0,0,26,27,44,37,39,85,81,62,37,0,20,49,0,12,0,0,0,43,68,0,0,0,0,0,0,0,0,0,0,0,27,0,11,9
l16,2=0,0,0,0,0,0,0,0,28,15,0,38,61,48,61,33,0,59,0,28,1,28,54,0,52,2,0,0,0,0,0,0,0,29,0,6,47,0,12,21
l17,2=0,0,0,0,0,0,0,0,28,25,0,77,83,55,40,68,67,0,0,0,0,25,38,43,62,0,0,0,0,0,0,0,0,24,0,0,39,0,10,0
l18,2=0,0,0,0,0,0,0,0,0,0,0,0,0,5,0,0,0,0,0,25,47,38,44,0,0,0,0,0,0,0,0,0,0,0,0,0,0,0,0,0
l19,2=0,0,0,0,0,0,0,0,0,0,0,30,0,50,0,0,18,0,25,0,60,0,61,0,0,0,24,0,0,0,0,2,0,0,0,0,49,15,43,52
l20,2=0,0,0,0,0,0,0,0,0,0,0,6,0,38,26,44,33,24,31,65,0,55,57,0,0,0,0,0,0,0,0,0,0,0,12,9,55,61,63,56
l21,2=0,0,0,0,0,0,0,0,34,25,0,32,37,54,0,0,34,30,35,0,69,0,63,0,0,0,0,0,0,0,0,0,0,24,0,9,58,47,63,56
l22,2=0,0,0,0,0,0,0,0,22,0,0,20,6,43,0,0,35,30,31,70,65,55,0,0,0,0,9,0,0,35,0,2,0,0,0,22,55,47,8,55
l23,2=0,0,0,0,0,0,0,0,0,0,0,16,71,59,66,36,0,35,0,0,0,0,0,0,77,33,0,0,0,0,0,0,0,0,2,0,0,0,0,0
l24,2=0,0,0,0,0,0,0,0,43,0,0,0,73,58,63,60,54,54,0,0,0,0,0,76,0,64,0,0,0,0,0,0,0,28,16,0,27,0,0,0
l25,2=0,0,0,0,0,0,0,0,16,0,0,0,70,37,61,2,48,0,0,0,0,0,0,65,70,0,26,0,0,0,0,29,2,62,44,0,0,0,0,0
l26,2=0,0,0,0,0,0,0,0,0,0,0,0,0,0,0,0,0,0,0,43,0,0,15,0,0,30,0,5,77,86,76,80,72,60,59,0,0,0,0,0
l27,2=0,0,0,0,0,0,0,0,0,0,0,0,0,0,0,0,0,0,0,0,0,0,0,0,0,0,15,0,77,89,86,67,64,46,57,0,0,0,0,0
l28,2=0,0,0,0,0,0,0,0,0,0,0,0,0,0,0,0,0,0,0,0,0,0,0,0,0,0,88,81,0,89,78,75,40,45,38,0,0,0,0,0
l29,2=0,0,0,0,0,0,0,0,0,0,0,0,0,0,0,0,0,0,0,0,0,0,28,0,0,0,82,82,77,0,77,68,57,0,5,0,0,0,0,0
l30,2=0,0,0,0,0,0,0,0,0,0,0,0,0,0,0,0,0,0,0,0,0,0,0,0,0,0,68,88,73,77,0,39,48,54,35,0,0,0,0,0
l31,2=0,0,0,0,0,0,0,0,0,0,0,0,0,0,0,0,0,0,0,40,4,0,32,0,0,27,81,44,65,55,30,0,81,75,76,0,0,0,0,0
l32,2=0,0,0,0,0,0,0,0,0,0,0,0,0,0,0,0,0,0,0,0,0,0,0,0,3,27,69,38,49,58,36,80,0,71,85,0,0,0,0,0
l33,2=0,0,0,0,0,0,0,0,0,0,0,0,0,0,45,0,43,26,0,0,0,31,0,0,46,39,68,26,62,0,46,72,73,0,74,0,0,0,0,0
l34,2=0,0,0,0,0,0,0,0,0,0,0,0,0,0,0,0,0,0,0,0,39,0,0,42,43,30,67,40,53,43,32,77,86,76,0,0,0,0,0,0
l35,2=0,0,0,0,0,0,0,0,0,0,0,0,0,3,0,0,23,0,0,0,0,28,48,0,0,0,0,0,0,0,0,0,0,0,0,0,65,64,67,39
l36,2=0,0,0,0,0,0,0,0,0,0,0,34,4,0,0,13,30,36,0,47,55,43,54,0,8,0,0,0,0,0,0,0,0,0,0,28,0,64,67,54
l37,2=0,0,0,0,0,0,0,0,0,0,0,0,0,0,0,0,0,0,0,20,2,22,43,0,0,0,0,0,0,0,0,0,0,0,0,28,65,0,58,31
l38,2=0,0,0,0,0,0,0,0,0,0,0,25,28,50,18,28,26,23,0,41,58,40,23,0,0,0,0,0,0,0,0,0,0,0,0,31,71,62,0,55
l39,2=0,0,0,0,0,0,0,0,0,0,0,0,0,0,0,0,26,0,0,45,50,38,46,0,0,0,0,0,0,0,0,0,0,0,0,18,45,53,58,0

l0,3=0,83,78,84,73,73,76,59,0,60,0,0,0,0,0,0,0,0,0,0,0,0,0,0,0,0,0,0,0,0,0,0,0,0,0,0,0,0,0,0
l1,3=83,0,75,88,85,79,86,76,31,80,52,0,0,0,0,0,0,0,0,0,0,0,0,0,0,0,0,0,0,0,0,0,0,0,0,0,0,0,0,0
l2,3=82,79,0,87,85,83,90,82,68,79,90,0,0,31,0,0,0,0,0,0,0,0,0,0,0,0,0,0,0,0,0,0,0,0,0,0,0,0,0,0
l3,3=81,93,85,0,85,0,86,0,23,0,79,0,0,0,0,0,0,0,0,0,0,0,0,0,0,0,0,0,0,0,0,0,0,0,0,0,0,0,0,0
l4,3=74,88,86,92,0,80,80,10,0,71,16,0,0,14,0,0,0,0,0,0,0,0,0,0,0,0,0,0,0,0,0,0,0,0,0,0,0,0,0,0
l5,3=83,89,87,0,84,0,85,83,53,70,87,42,0,42,0,11,0,0,0,0,0,0,0,0,0,0,0,0,0,0,0,0,0,0,0,0,0,0,0,0
l6,3=72,86,90,84,78,74,0,81,73,69,94,73,69,34,0,49,65,0,0,0,0,0,0,0,0,0,0,0,0,0,0,0,0,0,0,0,0,0,0,0
l7,3=63,61,86,0,23,76,84,0,78,80,93,0,0,42,0,35,24,0,0,0,0,0,0,0,0,0,0,0,0,0,0,0,0,0,0,0,0,0,0,0
l8,3=0,15,56,6,0,17,77,83,0,87,88,81,23,77,0,72,74,38,0,0,0,68,30,0,31,0,0,0,0,0,0,0,0,0,0,0,0,0,2,0
l9,3=27,43,37,1,29,30,47,82,86,0,94,37,35,76,32,28,0,0,0,0,26,3,0,0,0,0,0,0,0,0,0,0,0,0,0,0,0,0,0,0
l10,3=0,38,86,31,19,76,87,85,83,89,0,42,0,59,0,22,0,0,0,0,0,0,0,1,19,0,0,0,0,0,0,0,0,0,0,0,0,0,4,0
l11,3=0,0,0,0,0,12,69,0,76,58,75,0,89,82,90,90,70,91,0,21,37,55,58,68,72,3,0,0,0,0,0,0,0,0,0,0,45,10,23,0
l12,3=0,0,0,0,0,0,36,0,24,33,0,94,0,31,97,87,29,98,0,18,0,33,6,76,95,75,0,0,0,0,0,0,0,0,0,1,11,0,10,0
l13,3=0,0,21,0,12,21,25,28,90,81,36,91,45,0,4,53,25,41,21,15,26,22,30,26,30,22,0,0,0,0,0,0,0,0,0,0,0,0,10,0
l14,3=0,0,0,0,0,0,0,0,0,33,2,93,96,5,0,24,89,15,0,0,31,0,0,91,95,74,0,0,0,0,0,0,0,1,0,0,0,0,14,0
l15,3=0,0,0,0,0,0,31,32,81,71,24,94,90,77,42,0,70,76,0,12,54,26,0,60,85,0,0,0,0,0,0,0,0,0,0,0,0,0,19,6
l16,3=0,0,0,0,0,0,31,7,38,0,0,36,69,23,77,28,0,86,20,0,70,62,72,0,44,27,0,0,0,0,0,0,0,24,0,0,20,13,14,13
l17,3=0,0,0,0,0,0,0,0,47,0,0,92,96,75,22,72,89,0,0,0,34,32,23,24,81,0,0,0,0,0,0,0,0,11,0,0,40,17,6,9
l18,3=0,0,0,0,0,0,0,0,0,0,0,0,0,44,0,0,33,0,0,67,53,38,22,0,0,0,0,0,0,0,0,0,0,0,0,0,0,0,0,0
l19,3=0,0,0,0,0,0,0,0,0,0,0,17,55,45,0,7,0,0,56,0,74,87,88,0,0,0,0,0,0,14,0,39,0,0,0,0,46,58,9,7
l20,3=0,0,0,0,0,0,0,0,0,36,0,37,0,59,44,74,83,69,51,89,0,92,88,0,63,0,0,0,0,0,0,0,0,0,7,1,74,90,78,86
l21,3=0,0,0,0,0,0,0,0,78,36,0,69,75,58,0,40,83,71,51,78,86,0,85,0,0,0,0,0,0,0,0,0,24,48,0,1,73,77,27,28
l22,3=0,0,0,0,0,0,0,0,63,0,0,73,29,61,0,0,82,54,34,96,92,91,0,0,0,0,56,0,0,23,0,0,0,0,0,76,73,68,76,84
l23,3=0,0,0,0,0,0,0,0,0,0,0,34,84,31,91,24,0,30,0,0,0,0,0,0,95,83,0,0,0,0,0,5,0,19,0,0,0,0,0,0
l24,3=0,0,0,0,0,0,0,0,30,0,8,70,95,5,90,77,71,80,0,0,37,0,0,88,0,81,0,0,0,0,0,0,0,42,0,0,15,0,3,0
l25,3=0,0,0,0,0,0,0,0,0,0,0,0,90,21,85,0,24,0,0,0,0,0,0,84,88,0,14,0,0,2,0,29,36,89,45,0,0,0,0,0
l26,3=0,0,0,0,0,0,0,0,0,0,0,0,0,0,0,0,0,0,0,0,0,0,48,0,0,32,0,72,99,95,91,96,80,53,78,0,0,0,0,0
l27,3=0,0,0,0,0,0,0,0,0,0,0,0,0,0,0,0,0,0,0,0,0,0,0,0,0,0,86,0,98,97,100,92,87,2,44,0,0,0,0,0
l28,3=0,0,0,0,0,0,0,0,0,0,0,0,0,0,0,0,0,0,0,0,0,0,0,0,0,0,94,97,0,99,87,88,76,82,76,0,0,0,0,0
l29,3=0,0,0,0,0,0,0,0,0,0,0,0,0,0,0,0,0,0,0,45,0,0,39,0,0,2,92,90,99,0,91,85,82,51,55,0,0,0,0,0
l30,3=0,0,0,0,0,0,0,0,0,0,0,0,0,0,0,0,0,0,0,0,0,0,0,0,0,0,88,97,90,91,0,67,78,60,0,0,0,0,0,0
l31,3=0,0,0,0,0,0,0,0,0,0,0,0,0,0,0,0,0,0,0,24,0,0,0,15,0,57,94,70,81,73,59,0,95,98,95,0,0,0,0,0
l32,3=0,0,0,0,0,0,0,0,0,0,0,0,0,0,0,0,0,0,0,0,0,6,0,0,0,68,85,59,82,77,76,98,0,92,95,0,0,0,0,0
l33,3=0,0,0,0,0,0,0,0,0,0,0,0,4,0,0,0,22,3,0,0,0,14,0,21,78,82,25,0,89,10,12,86,88,0,92,0,0,0,0,0
l34,3=0,0,0,0,0,0,0,0,0,0,0,0,0,0,5,0,0,0,0,0,34,0,0,22,16,75,83,17,82,76,7,96,95,98,0,0,0,0,0,0
l35,3=0,0,0,0,0,0,0,0,0,0,0,0,42,0,0,0,0,0,0,0,15,8,74,0,0,0,0,0,0,0,0,0,0,0,0,0,74,90,78,85
l36,3=0,0,0,0,0,0,0,0,0,0,0,58,30,0,0,0,67,72,0,62,61,65,61,0,38,0,0,0,0,0,0,0,0,0,0,76,0,89,76,25
l37,3=0,0,0,0,0,0,0,0,0,0,0,2,0,0,0,0,12,0,0,53,63,53,29,0,0,0,0,0,0,0,0,0,0,0,0,76,74,0,29,27
l38,3=0,0,0,0,0,0,0,0,10,0,0,77,71,53,78,57,72,50,0,47,79,67,65,0,20,0,0,0,0,0,0,0,0,0,0,76,76,83,0,53
l39,3=0,0,0,0,0,0,0,0,0,0,0,0,0,0,0,5,70,36,0,0,71,73,67,0,0,0,0,0,0,0,0,0,0,0,0,76,69,81,72,0

l0,4=0,84,69,38,0,85,87,86,0,83,71,0,0,0,0,0,0,0,0,0,0,0,0,0,0,0,0,0,0,0,0,0,0,0,0,0,0,0,0,0
l1,4=80,0,83,31,9,89,93,62,78,83,24,0,0,51,0,0,0,0,0,0,0,0,0,0,0,0,0,0,0,0,0,0,0,0,0,0,0,0,0,0
l2,4=75,86,0,31,9,89,93,80,16,79,87,0,0,66,0,0,0,0,0,0,0,0,0,0,0,0,0,0,0,0,0,0,0,0,0,0,0,0,0,0
l3,4=93,91,81,0,8,81,89,0,73,0,72,0,0,0,0,0,0,0,0,0,0,0,0,0,0,0,0,0,0,0,0,0,0,0,0,0,0,0,0,0
l4,4=0,86,81,25,0,83,78,75,77,74,0,0,0,59,0,0,0,0,0,0,0,0,0,54,0,0,0,0,0,0,0,0,0,0,0,0,0,0,0,0
l5,4=80,84,84,21,8,0,86,83,58,79,80,0,0,67,0,58,0,0,0,0,0,0,0,0,0,0,0,0,0,0,0,0,0,0,0,0,0,0,0,0
l6,4=79,87,84,28,4,86,0,93,76,84,90,80,64,0,0,61,73,0,0,0,0,0,0,0,0,0,0,0,0,0,0,0,0,0,0,0,0,0,0,0
l7,4=77,55,81,0,5,86,94,0,87,90,95,77,0,0,8,70,0,0,0,0,0,0,0,0,0,0,0,0,0,0,0,0,0,0,0,0,0,0,0,0
l8,4=0,58,0,19,4,3,74,81,0,90,79,80,71,79,0,70,74,76,0,0,52,78,73,0,77,0,0,0,0,0,0,0,0,0,0,0,0,0,0,0
l9,4=75,74,73,0,4,79,85,82,88,0,92,80,0,77,14,53,0,76,0,0,58,0,78,0,0,0,0,0,0,0,0,0,0,0,0,0,0,0,0,0
l10,4=69,0,84,21,0,85,92,89,85,91,0,80,68,74,75,74,0,65,0,0,0,0,0,54,0,0,0,0,0,0,0,0,0,0,0,0,0,0,0,0
l11,4=0,0,0,0,0,0,83,76,82,82,80,0,86,76,86,92,76,81,0,0,5,76,82,83,80,0,0,0,0,0,0,0,0,0,0,0,86,0,71,0
l12,4=0,0,0,0,0,0,33,0,82,0,70,87,0,76,92,74,85,96,0,46,38,0,0,85,90,74,0,0,0,0,0,0,70,44,0,0,18,0,69,0
l13,4=0,0,61,0,2,74,0,0,86,86,80,81,78,0,81,73,76,79,0,32,66,68,79,82,50,0,0,0,0,0,0,0,0,0,0,0,0,0,64,0
l14,4=0,0,0,0,0,0,0,0,2,17,76,86,91,72,0,0,81,77,0,0,69,0,0,90,95,0,0,0,0,0,0,14,0,74,23,0,1,0,71,0
l15,4=0,0,0,0,0,63,69,77,83,70,75,92,87,83,0,0,72,77,0,35,69,74,64,82,86,0,0,0,0,0,0,0,0,0,0,0,85,0,69,0
l16,4=0,0,0,0,0,0,75,0,82,0,0,81,88,76,90,67,0,94,68,74,69,79,82,77,81,0,0,0,0,0,0,0,0,62,25,83,78,0,83,79
l17,4=0,0,0,0,0,0,0,0,81,84,61,87,91,84,85,66,95,0,0,0,71,75,72,77,90,0,0,0,0,0,0,0,0,0,0,68,86,0,42,77
l18,4=0,0,0,0,0,0,0,0,0,0,0,0,0,0,0,0,79,0,0,88,37,86,89,0,0,0,0,0,0,0,0,0,0,0,0,0,0,0,0,0
l19,4=0,0,0,0,0,0,0,0,0,0,0,0,60,51,0,2,79,0,71,0,86,88,95,0,0,0,0,0,0,0,0,0,0,0,0,0,82,76,75,78
l20,4=0,0,0,0,0,0,0,0,51,64,0,0,52,71,84,65,88,81,18,92,0,86,95,0,79,0,0,0,32,0,0,0,40,0,0,74,94,80,91,85
l21,4=0,0,0,0,0,0,0,0,77,0,0,75,0,67,0,61,91,68,71,91,88,0,93,0,24,0,0,0,0,0,0,0,0,0,0,37,94,74,85,88
l22,4=0,0,0,0,0,0,0,0,67,76,0,70,0,71,0,51,87,55,67,99,91,86,0,0,0,0,0,0,0,0,0,0,0,31,0,87,92,86,91,76
l23,4=0,0,0,0,3,0,0,0,0,0,0,81,82,79,95,75,78,59,0,0,0,0,0,0,93,78,0,0,0,0,0,0,0,79,78,0,0,0,0,0
l24,4=0,0,0,0,0,0,0,0,80,0,0,79,90,72,95,77,80,87,0,0,70,6,0,95,0,73,0,0,0,0,0,0,0,76,20,0,0,0,0,0
l25,4=0,0,0,0,0,0,0,0,0,0,0,0,91,66,95,18,79,59,0,0,0,0,0,95,92,0,0,0,0,0,0,68,89,85,79,0,0,0,0,0
l26,4=0,0,0,0,0,0,0,0,0,0,0,0,0,0,0,0,0,0,0,7,0,0,89,0,0,0,0,94,99,99,99,100,98,71,94,0,0,0,0,0
l27,4=0,0,0,0,0,0,0,0,0,0,0,0,0,0,0,0,0,0,0,0,0,0,0,0,0,0,100,0,99,99,100,99,87,0,75,0,0,0,0,0
l28,4=0,0,0,0,0,0,0,0,0,0,0,0,0,0,0,0,0,0,0,70,67,0,0,0,0,0,100,100,0,99,96,96,98,89,97,0,0,0,0,0
l29,4=0,0,0,0,0,0,0,0,0,0,0,0,0,0,0,0,0,0,0,2,0,0,54,0,0,48,100,100,99,0,99,90,89,80,90,0,0,0,0,0
l30,4=0,0,0,0,0,0,0,0,0,0,0,0,0,0,0,0,0,0,0,0,0,0,0,0,0,0,100,100,96,99,0,99,89,74,0,0,0,0,0,0
l31,4=0,0,0,0,0,0,0,0,0,0,0,0,0,0,3,0,0,0,0,1,0,0,0,0,0,68,100,92,90,88,93,0,99,99,100,0,0,0,0,0
l32,4=0,0,0,0,0,0,0,0,0,0,0,0,78,0,0,0,0,0,0,0,59,0,0,0,0,81,99,90,98,97,98,100,0,96,100,0,0,0,0,0
l33,4=0,0,0,0,0,0,0,0,0,0,0,0,58,0,74,0,66,0,0,0,0,0,61,91,87,82,0,0,95,68,75,100,99,0,100,0,0,0,0,0
l34,4=0,0,0,0,0,0,0,0,0,0,0,0,0,0,70,0,76,0,0,0,22,0,0,93,70,81,97,78,98,96,2,100,99,100,0,0,0,0,0,0
l35,4=0,0,0,0,0,0,0,0,0,0,0,0,0,0,0,0,69,32,0,0,44,1,73,0,0,0,0,0,0,0,0,0,0,0,0,0,86,86,86,81
l36,4=0,0,0,0,0,0,0,0,0,0,0,55,33,0,0,47,43,73,0,54,77,61,72,0,0,0,0,0,0,0,0,0,0,0,0,89,0,88,90,77
l37,4=0,0,0,0,0,0,0,0,0,0,0,0,0,0,0,0,0,0,0,47,67,58,75,0,0,0,0,0,0,0,0,0,0,0,0,91,88,0,82,61
l38,4=0,0,0,0,0,0,0,0,0,0,0,75,70,49,80,63,82,0,0,68,84,68,89,0,0,0,0,0,0,0,0,0,0,0,0,94,91,80,0,82
l39,4=0,0,0,0,0,0,0,0,0,0,0,0,0,0,0,0,78,60,0,71,73,71,55,0,0,0,0,0,0,0,0,0,0,0,0,86,83,56,88,0

l0,5=0,0,63,73,49,0,52,59,4,0,20,0,0,0,0,0,0,0,0,0,0,0,0,0,0,0,0,0,0,0,0,0,0,0,0,0,0,0,0,0
l1,5=29,0,86,60,77,6,59,59,0,0,20,0,0,8,0,0,0,0,0,0,0,0,0,32,0,0,0,0,0,0,0,0,0,0,0,0,0,0,0,0
l2,5=29,0,0,77,70,0,57,52,0,0,22,0,0,0,0,0,0,0,0,0,0,0,0,0,0,0,0,0,0,0,0,0,0,0,0,0,0,0,0,0
l3,5=38,0,85,0,76,0,52,0,1,0,18,0,0,0,0,0,0,0,0,0,0,0,0,0,0,0,0,0,0,0,0,0,0,0,0,0,0,0,0,0
l4,5=35,29,84,81,0,14,53,55,48,0,19,0,0,26,0,29,0,0,0,0,0,0,0,20,0,0,0,0,0,0,0,0,0,0,0,0,0,0,0,0
l5,5=29,0,79,58,70,0,32,75,44,0,21,56,0,49,0,0,0,0,0,0,0,0,0,0,0,0,0,0,0,0,0,0,0,0,0,0,0,0,0,0
l6,5=30,0,80,71,68,0,0,78,58,0,24,71,0,0,0,0,48,0,0,3,0,0,0,0,0,0,0,0,0,0,0,0,0,0,0,0,0,0,0,0
l7,5=29,0,73,0,66,0,56,0,63,0,27,72,0,0,0,74,0,0,0,0,0,0,0,0,0,0,0,0,0,0,0,0,0,0,0,0,0,0,0,0
l8,5=0,0,0,3,55,0,18,48,0,0,22,82,9,54,0,52,51,32,0,0,2,52,45,48,26,0,0,0,0,0,0,0,0,0,0,0,0,0,0,0
l9,5=28,0,75,53,40,0,55,34,64,0,26,81,42,52,0,71,41,27,0,0,15,0,50,0,12,0,0,0,0,0,0,0,0,0,0,0,0,0,13,0
l10,5=27,0,77,54,40,0,55,81,61,0,0,73,41,34,0,70,14,23,0,0,0,0,0,0,0,0,0,0,0,0,0,0,0,0,0,0,0,0,0,0
l11,5=0,0,0,0,0,0,16,20,53,0,22,0,77,47,2,88,50,38,0,0,19,37,20,42,23,15,0,0,0,0,0,0,0,0,0,0,35,0,28,0
l12,5=0,0,0,0,0,0,0,0,0,0,3,86,0,35,78,49,58,85,0,0,15,0,0,55,48,48,0,0,0,0,0,0,47,21,0,22,25,0,24,0
l13,5=0,0,0,0,28,0,0,0,67,0,17,83,74,0,0,84,51,37,0,8,17,0,51,51,21,1,0,0,0,0,0,0,0,0,0,3,18,0,0,0
l14,5=0,0,0,0,6,0,0,0,44,0,14,88,79,35,0,44,55,39,0,0,22,0,0,64,85,28,0,0,0,0,0,0,0,53,3,0,0,0,28,0
l15,5=0,0,0,0,30,0,0,27,49,0,21,91,79,57,0,0,46,31,0,0,17,52,49,54,29,15,0,0,0,0,0,0,0,0,0,0,35,0,27,26
l16,5=0,0,0,0,0,0,13,0,31,0,0,81,77,27,31,22,0,50,0,13,20,48,47,33,27,15,0,0,0,0,0,3,0,23,0,21,4,0,30,12
l17,5=0,0,0,0,0,0,0,0,54,0,8,90,81,47,15,51,57,0,0,0,25,38,24,36,29,18,0,0,0,0,0,0,0,0,0,17,38,0,0,5
l18,5=0,0,0,0,0,0,0,0,0,0,0,0,0,0,0,0,0,0,0,0,0,63,34,0,0,0,0,0,0,0,0,0,0,0,0,0,0,0,0,0
l19,5=0,0,0,0,0,0,0,0,0,0,0,0,0,6,0,0,46,0,0,0,75,68,68,0,0,0,1,0,29,32,0,20,0,0,0,28,38,0,3,38
l20,5=0,0,0,0,0,0,0,0,5,0,0,11,12,8,3,19,40,33,0,72,0,73,68,0,13,0,7,0,17,0,0,0,28,0,0,21,33,26,65,15
l21,5=0,0,0,0,0,0,0,0,29,0,0,22,5,1,0,23,40,15,20,59,78,0,61,0,14,0,0,0,0,0,0,8,0,0,0,34,31,1,28,47
l22,5=0,0,0,0,0,0,0,0,27,0,0,3,7,17,0,20,37,11,2,76,79,67,0,0,0,0,13,0,0,0,0,0,0,0,0,35,47,24,62,15
l23,5=0,0,0,0,2,0,0,0,21,0,0,62,72,29,68,68,37,13,0,0,0,0,0,0,81,75,0,0,0,0,0,7,0,51,18,0,0,0,0,0
l24,5=0,0,0,0,0,0,0,0,36,0,0,54,78,32,80,66,53,64,0,0,18,34,0,65,0,72,0,0,0,0,0,0,0,52,3,0,17,0,0,0
l25,5=0,0,0,0,0,0,0,0,0,0,0,52,77,19,66,41,38,30,0,0,0,0,0,65,77,0,0,0,0,9,0,0,70,70,47,0,0,0,0,0
l26,5=0,0,0,0,0,0,0,0,0,0,0,0,0,0,0,0,0,0,0,18,42,0,38,0,0,0,0,63,94,87,77,83,81,60,67,0,0,0,0,0
l27,5=0,0,0,0,0,0,0,0,0,0,0,0,0,0,0,0,0,0,0,0,0,0,0,0,0,0,69,0,93,82,87,71,70,0,0,0,0,0,0,0
l28,5=0,0,0,0,0,0,0,0,0,0,0,0,0,0,0,0,0,0,0,49,51,0,0,0,0,0,81,85,0,88,87,76,81,74,73,0,0,0,0,0
l29,5=0,0,0,0,0,0,0,0,0,0,0,0,0,0,0,0,0,0,0,49,0,0,0,0,0,13,79,82,94,0,84,53,70,57,62,0,0,0,0,0
l30,5=0,0,0,0,0,0,0,0,0,0,0,0,0,0,0,0,0,0,0,0,0,0,0,0,0,0,77,85,94,86,0,66,1,59,0,0,0,0,0,0
l31,5=0,0,0,0,0,0,0,0,0,0,0,0,0,0,0,0,13,0,0,25,3,3,0,23,0,0,71,49,61,42,48,0,86,71,75,0,0,0,0,0
l32,5=0,0,0,0,0,0,0,0,0,0,0,0,59,0,0,0,0,0,0,0,42,0,0,0,0,66,55,60,71,66,24,90,0,72,87,0,0,0,0,0
l33,5=0,0,0,0,0,0,0,0,0,0,0,0,55,0,58,0,12,0,0,0,0,0,0,52,42,66,41,0,70,41,57,66,75,0,71,0,0,0,0,0
l34,5=0,0,0,0,0,0,0,0,0,0,0,0,26,0,24,0,19,0,0,0,6,0,0,49,48,60,43,0,69,64,0,86,93,80,0,0,0,0,0,0
l35,5=0,0,0,0,0,0,0,0,0,0,0,0,24,1,0,0,22,7,0,12,17,43,24,0,0,0,0,0,0,0,0,0,0,0,0,0,65,31,33,45
l36,5=0,0,0,0,0,0,0,0,0,0,0,40,32,12,0,20,1,25,0,14,23,44,45,0,1,0,0,0,0,0,0,0,0,0,0,42,0,38,27,40
l37,5=0,0,0,0,0,0,0,0,0,0,0,14,0,0,0,0,4,0,0,9,23,36,33,0,0,0,0,0,0,0,0,0,0,0,0,39,42,0,26,29
l38,5=0,0,0,0,0,0,0,0,0,0,0,61,51,0,0,27,42,0,0,0,27,47,54,0,0,0,0,0,0,0,0,0,0,0,0,40,45,1,0,40
l39,5=0,0,0,0,0,0,0,0,0,0,0,0,0,0,0,1,21,0,0,15,20,44,17,0,0,0,0,0,0,0,0,0,0,0,0,38,44,3,29,0

l0,6=0,90,76,80,82,76,76,30,54,16,78,0,0,0,0,0,0,0,0,0,0,0,0,0,0,0,0,0,0,0,0,0,0,0,0,0,0,0,0,0
l1,6=85,0,82,80,82,73,76,5,32,72,55,0,0,0,0,0,0,0,0,0,0,0,0,0,0,0,0,0,0,0,0,0,0,0,0,0,0,0,0,0
l2,6=82,85,0,80,76,74,75,59,1,75,81,0,0,0,0,0,0,0,0,0,0,0,0,0,0,0,0,0,0,0,0,0,0,0,0,0,0,0,0,0
l3,6=83,90,83,0,82,71,68,0,0,69,45,0,0,0,0,0,0,0,0,0,0,0,0,0,0,0,0,0,0,0,0,0,0,0,0,0,0,0,0,0
l4,6=89,90,85,85,0,74,77,4,48,38,68,0,0,48,0,0,0,0,0,0,0,0,0,10,0,0,0,0,0,0,0,0,0,0,0,0,0,0,0,0
l5,6=83,84,81,76,75,0,76,70,59,74,81,0,0,20,0,0,0,0,0,0,0,0,0,0,0,0,0,0,0,0,0,0,0,0,0,0,0,0,0,0
l6,6=70,84,71,54,63,46,0,70,48,75,81,56,1,18,0,0,38,0,0,0,0,0,0,0,0,0,0,0,0,0,0,0,0,0,0,0,0,0,0,0
l7,6=17,1,69,0,32,69,79,0,59,73,84,52,0,0,0,52,0,0,0,0,0,0,0,0,0,0,0,0,0,0,0,0,0,0,0,0,0,0,0,0
l8,6=23,2,0,0,48,29,60,55,0,80,81,58,28,68,23,45,43,54,0,0,15,0,4,0,8,0,0,0,0,0,0,0,0,0,0,0,0,0,0,0
l9,6=2,3,60,42,32,62,68,63,63,0,82,54,50,63,34,50,29,30,0,0,1,0,0,0,0,0,0,0,0,0,0,0,0,0,0,0,0,0,0,0
l10,6=37,1,48,27,51,45,73,72,61,78,0,56,0,32,0,45,36,0,0,0,0,0,0,0,0,0,0,0,0,0,0,0,0,0,0,0,0,0,0,0
l11,6=0,0,0,0,0,0,47,37,51,44,48,0,62,32,55,65,47,49,0,0,0,0,0,0,39,14,0,0,0,0,0,0,0,0,0,0,6,10,40,0
l12,6=0,0,0,0,0,0,0,0,32,37,0,61,0,22,67,55,57,62,0,0,0,11,2,60,71,61,0,0,0,0,0,0,0,36,0,0,0,0,21,0
l13,6=0,0,0,0,34,6,8,0,64,64,35,45,27,0,49,55,30,46,0,18,5,0,1,0,41,15,0,0,0,0,0,0,0,0,0,11,16,0,28,0
l14,6=0,0,0,0,0,0,0,0,22,33,0,51,65,23,0,36,32,53,0,0,23,0,12,57,50,34,0,0,0,0,0,0,0,32,0,0,2,0,23,0
l15,6=0,0,0,0,0,0,0,39,34,44,36,67,45,33,49,0,35,54,0,0,1,33,9,51,45,9,0,0,0,0,0,0,0,0,0,0,10,0,32,0
l16,6=0,0,0,0,0,0,35,0,29,26,29,46,39,5,41,39,0,56,24,16,8,38,20,17,39,8,0,0,0,0,0,0,0,0,0,3,14,11,34,14
l17,6=0,0,0,0,0,0,0,0,42,28,0,51,38,30,57,54,54,0,0,0,45,36,0,18,47,17,0,0,0,0,0,0,0,21,0,0,6,0,29,0
l18,6=0,0,0,0,0,0,0,0,0,0,0,0,0,7,0,0,31,0,0,29,9,38,0,0,0,0,0,0,0,0,0,0,0,0,0,0,0,0,0,0
l19,6=0,0,0,0,0,0,0,0,0,0,0,0,0,34,0,0,28,0,29,0,57,44,46,0,0,0,1,0,9,38,0,36,0,0,0,24,15,0,27,28
l20,6=0,0,0,0,0,0,0,0,29,1,0,0,0,7,33,0,13,35,0,56,0,57,48,0,0,0,0,0,0,0,0,16,0,20,0,25,50,18,43,20
l21,6=0,0,0,0,0,0,0,0,31,0,0,0,21,0,0,36,37,33,26,45,62,0,44,0,0,0,0,0,10,0,0,2,0,0,0,49,19,0,41,28
l22,6=0,0,0,0,0,0,0,0,31,27,0,0,16,21,32,33,30,0,0,54,63,53,0,0,0,0,15,0,0,0,0,0,0,0,0,7,37,32,44,28
l23,6=0,0,0,0,28,0,0,0,1,0,0,0,49,18,52,39,27,24,0,0,0,0,0,0,70,59,0,0,0,0,0,17,0,32,37,0,0,0,0,0
l24,6=0,0,0,0,0,0,0,0,36,0,0,43,76,45,55,42,37,45,0,0,0,0,0,66,0,48,0,0,0,0,0,0,0,33,29,0,0,0,0,0
l25,6=0,0,0,0,0,0,0,0,6,0,0,20,68,20,55,24,26,30,0,0,0,0,0,62,63,0,0,0,0,18,0,0,20,34,15,0,0,0,0,0
l26,6=0,0,0,0,0,0,0,0,0,0,0,0,0,0,0,0,0,0,0,5,6,0,28,0,0,0,0,49,72,79,61,65,71,38,41,0,0,0,0,0
l27,6=0,0,0,0,0,0,0,0,0,0,0,0,0,0,0,0,0,0,0,0,0,0,0,0,0,0,57,0,72,79,85,46,31,0,0,0,0,0,0,0
l28,6=0,0,0,0,0,0,0,0,0,0,0,0,0,0,0,0,0,0,0,14,21,12,1,0,0,0,66,79,0,84,85,57,49,60,47,0,0,0,0,0
l29,6=0,0,0,0,0,0,0,0,0,0,0,0,0,0,0,0,0,0,0,20,0,0,0,0,0,2,63,83,72,0,43,33,34,44,25,0,0,0,0,0
l30,6=0,0,0,0,0,0,0,0,0,0,0,0,0,0,0,0,0,0,0,0,0,0,0,0,0,0,61,86,72,57,0,41,0,7,22,0,0,0,0,0
l31,6=0,0,0,0,0,0,0,0,0,0,0,0,0,0,0,0,0,0,0,27,28,0,0,28,0,0,59,37,52,51,44,0,71,71,67,0,0,0,0,0
l32,6=0,0,0,0,0,0,0,0,0,0,0,0,0,0,0,0,0,0,0,0,0,0,0,13,0,26,56,34,52,56,2,65,0,60,82,0,0,0,0,0
l33,6=0,0,0,0,0,0,0,0,0,0,0,0,52,0,45,0,0,24,0,0,28,0,0,50,53,44,35,0,54,51,29,48,67,0,58,0,0,0,0,0
l34,6=0,0,0,0,0,0,0,0,0,0,0,0,32,0,4,0,2,0,0,0,2,0,0,44,32,24,39,0,50,40,36,55,83,49,0,0,0,0,0,0
l35,6=0,0,0,0,0,0,0,0,0,0,0,0,0,13,0,0,24,0,0,11,46,42,0,0,0,0,0,0,0,0,0,0,0,0,0,0,24,33,41,32
l36,6=0,0,0,0,0,0,0,0,0,0,0,5,3,1,0,21,34,16,0,7,49,34,24,0,0,0,0,0,0,0,0,0,0,0,0,27,0,46,48,36
l37,6=0,0,0,0,0,0,0,0,0,0,0,7,0,0,0,0,3,0,0,0,30,0,18,0,0,0,0,0,0,0,0,0,0,0,0,50,64,0,40,28
l38,6=0,0,0,0,0,0,0,0,0,0,0,37,7,13,31,33,40,32,0,6,52,40,24,0,0,0,0,0,0,0,0,0,0,0,0,25,39,29,0,33
l39,6=0,0,0,0,0,0,0,0,0,0,0,0,0,0,0,0,24,0,0,40,41,43,31,0,0,0,0,0,0,0,0,0,0,0,0,48,57,35,43,0

l0,7=0,91,91,91,94,91,88,0,84,76,88,0,0,0,0,0,0,0,0,0,0,0,0,10,0,0,0,0,0,0,0,0,0,0,0,0,0,0,0,0
l1,7=90,0,95,91,91,86,92,55,57,75,78,0,0,0,0,0,0,0,0,0,0,0,0,0,0,0,0,0,0,0,0,0,0,0,0,0,0,0,0,0
l2,7=89,87,0,91,91,87,92,49,59,83,0,0,0,0,0,7,0,0,0,0,0,0,0,0,0,0,0,0,0,0,0,0,0,0,0,0,0,0,0,0
l3,7=88,87,92,0,94,81,78,51,79,71,85,0,0,0,0,0,0,0,0,0,0,0,0,0,0,0,0,0,0,0,0,0,0,0,0,0,0,0,0,0
l4,7=90,87,92,96,0,86,92,31,82,36,89,0,0,56,0,0,0,0,0,0,0,0,0,0,0,0,0,0,0,0,0,0,0,0,0,0,0,0,0,0
l5,7=90,84,89,79,92,0,92,68,77,83,90,0,0,17,0,7,0,0,0,0,0,0,0,0,0,0,0,0,0,0,0,0,0,0,0,0,0,0,0,0
l6,7=74,86,92,65,92,88,0,69,0,85,90,20,0,61,0,0,12,0,0,0,0,0,0,0,0,0,0,0,0,0,0,0,0,0,0,0,0,0,0,0
l7,7=0,54,5,57,39,88,91,0,59,87,92,1,0,49,0,48,0,5,0,0,0,0,0,0,0,0,0,0,0,0,0,0,0,0,0,0,0,0,0,0
l8,7=20,22,37,51,29,33,0,34,0,87,85,46,31,76,56,69,42,33,0,0,0,0,45,0,0,0,0,0,0,0,0,0,0,0,0,0,0,0,0,0
l9,7=14,28,18,46,20,69,88,70,90,0,93,31,0,73,39,68,0,4,0,0,0,6,38,0,0,0,0,0,0,0,0,0,0,0,0,0,0,0,45,0
l10,7=68,37,0,61,72,86,85,73,90,87,0,69,0,2,0,65,33,6,0,0,0,0,0,0,0,0,0,0,0,0,0,0,0,0,0,0,0,0,0,0
l11,7=0,0,0,0,0,0,11,0,40,29,31,0,62,60,46,79,47,26,0,0,29,7,35,6,36,3,0,0,0,0,0,0,0,0,0,23,0,0,52,5
l12,7=0,0,0,0,0,0,0,0,24,25,0,47,0,37,68,70,61,29,0,1,30,24,0,53,90,76,0,0,0,0,0,0,0,36,6,0,0,0,33,0
l13,7=0,0,0,5,24,0,13,24,88,65,0,41,40,0,55,67,37,28,0,0,13,0,35,33,45,45,0,0,0,0,0,0,0,0,0,25,7,0,37,0
l14,7=0,0,0,0,0,0,0,0,29,25,0,27,64,51,0,42,45,34,0,0,34,35,35,58,55,55,0,0,0,0,0,0,0,35,0,0,0,0,34,0
l15,7=0,0,0,0,0,0,0,18,40,41,31,81,68,66,55,0,34,28,0,0,35,35,37,45,20,28,0,0,0,0,0,0,0,0,0,0,14,0,51,0
l16,7=0,0,0,0,0,0,7,0,30,13,25,35,59,38,53,39,0,27,11,0,44,42,46,34,34,17,0,0,0,0,0,4,0,33,0,37,14,6,52,0
l17,7=0,0,0,0,0,0,0,0,35,18,0,32,53,55,63,48,48,0,0,0,41,37,0,30,60,0,0,0,0,0,0,0,0,34,0,0,13,0,47,0
l18,7=0,0,0,0,0,0,0,0,0,0,0,0,0,0,0,0,23,0,0,19,41,29,0,0,0,0,0,0,0,0,0,0,0,0,0,0,0,0,0,0
l19,7=0,0,0,0,0,0,0,0,3,0,0,0,27,0,0,0,0,0,16,0,60,46,62,0,0,0,0,0,21,29,0,44,0,0,0,37,0,0,33,49
l20,7=0,0,0,0,0,0,0,0,0,17,0,14,38,30,39,32,36,22,8,49,0,64,73,0,0,0,13,0,18,0,0,0,0,17,0,56,36,15,57,56
l21,7=0,0,0,0,0,0,0,0,14,24,0,4,37,8,41,32,35,26,10,31,63,0,66,0,0,0,0,0,2,0,0,0,0,0,0,58,18,19,50,60
l22,7=0,0,0,0,0,0,0,0,31,25,0,23,4,38,38,32,37,0,0,47,67,59,0,0,0,0,32,0,0,26,0,0,0,0,1,0,58,24,54,54
l23,7=1,0,0,0,0,0,0,0,0,0,0,1,53,43,66,44,37,17,0,0,0,0,0,0,87,76,0,0,0,0,0,0,2,36,49,0,0,0,0,0
l24,7=0,0,0,0,0,0,0,0,0,6,0,27,72,51,60,28,48,33,0,0,0,0,0,75,0,65,0,0,0,0,0,0,0,37,37,0,0,0,0,0
l25,7=0,0,0,0,0,0,0,0,0,9,0,0,68,42,67,29,26,0,0,0,0,0,0,68,69,0,0,0,0,18,0,3,33,42,0,0,0,0,26,0
l26,7=0,0,0,0,0,0,0,0,0,0,0,0,0,0,0,0,0,0,0,0,36,0,51,1,0,0,0,64,75,83,70,78,76,58,59,0,0,0,0,0
l27,7=0,0,0,0,0,0,0,0,0,0,0,0,0,0,0,0,0,0,0,0,0,0,0,0,0,0,73,0,72,83,91,46,59,0,0,0,0,0,0,0
l28,7=0,0,0,0,0,0,0,0,0,0,0,0,0,0,0,0,0,0,0,35,41,11,0,0,0,0,78,82,0,86,91,63,47,58,54,0,0,0,0,0
l29,7=0,0,0,0,0,0,0,0,0,0,0,0,0,0,0,0,0,0,0,39,0,0,48,0,0,22,75,81,75,0,91,72,69,53,10,0,0,0,0,0
l30,7=0,0,0,0,0,0,0,0,0,0,0,0,0,0,0,0,0,0,0,0,0,0,0,0,0,0,71,81,72,83,0,63,56,24,51,0,0,0,0,0
l31,7=0,0,0,0,0,0,0,0,0,0,0,0,0,0,0,0,25,0,0,41,0,0,0,6,6,0,72,23,53,46,45,0,76,75,73,0,0,0,0,0
l32,7=0,0,0,0,0,0,0,0,0,0,0,0,0,0,0,0,13,0,0,0,0,0,3,38,0,39,62,43,42,49,41,82,0,77,83,0,0,0,0,0
l33,7=0,0,0,0,0,0,0,0,0,0,0,0,55,0,54,0,38,40,0,0,36,0,0,48,42,45,54,0,53,46,40,80,77,0,62,0,0,0,0,0
l34,7=0,0,0,0,0,0,0,0,0,0,0,0,33,0,0,0,1,0,0,0,0,0,16,56,32,0,49,11,39,32,41,76,84,56,0,0,0,0,0,0
l35,7=0,0,0,0,0,0,0,0,0,0,0,1,0,21,0,0,32,0,0,9,44,44,0,0,0,0,0,0,0,0,0,0,0,0,0,0,36,31,52,58
l36,7=0,0,0,0,0,0,0,0,0,0,0,0,0,8,0,21,39,11,0,0,45,29,49,0,0,0,0,0,0,0,0,0,0,0,0,46,0,18,56,61
l37,7=0,0,0,0,0,0,0,0,0,0,0,0,0,0,0,0,19,0,0,0,39,24,41,0,0,0,0,0,0,0,0,0,0,0,0,60,26,0,46,48
l38,7=0,0,0,0,0,0,0,0,0,21,0,31,39,40,37,45,37,24,0,6,44,41,48,0,0,11,0,0,0,0,0,0,0,0,0,43,43,17,0,42
l39,7=0,0,0,0,0,0,0,0,0,0,0,0,0,0,0,0,0,0,0,25,43,41,45,0,0,0,0,0,0,0,0,0,0,0,0,66,60,12,36,0

l0,8=0,100,99,100,99,99,93,47,58,97,100,0,0,59,0,0,0,0,0,0,0,0,0,1,0,0,0,0,0,0,0,0,0,0,0,0,0,0,0,0
l1,8=93,0,99,100,100,99,80,88,95,78,100,0,0,0,0,0,0,0,0,0,0,0,0,0,0,0,0,0,0,0,0,0,0,0,0,0,0,0,0,0
l2,8=93,100,0,100,91,99,96,91,0,89,93,0,0,59,0,64,0,0,0,0,0,0,0,0,0,0,0,0,0,0,0,0,0,0,0,0,0,0,0,0
l3,8=93,100,99,0,99,90,79,60,0,0,79,0,0,0,0,0,0,0,0,0,0,0,0,0,6,0,0,0,0,0,0,0,0,0,0,0,0,0,0,0
l4,8=95,100,90,100,0,97,97,71,98,68,100,0,0,89,0,0,0,0,0,0,0,0,0,0,0,0,0,0,0,0,0,0,0,0,0,0,0,0,0,0
l5,8=98,100,99,98,98,0,96,89,98,89,100,40,21,64,0,0,0,0,0,0,0,0,0,0,0,0,0,0,0,0,0,0,0,0,0,0,0,0,0,0
l6,8=65,35,96,83,93,93,0,85,88,92,93,15,0,81,0,0,73,0,0,0,0,0,0,0,0,0,0,0,0,0,0,0,0,0,0,0,0,0,0,0
l7,8=46,94,95,90,85,93,86,0,97,97,100,4,0,94,0,0,2,57,0,0,0,0,0,0,0,0,0,0,0,0,0,0,0,0,0,0,0,0,0,0
l8,8=14,53,0,3,78,63,37,76,0,97,94,91,0,95,62,89,0,87,0,57,0,0,74,0,0,0,0,0,0,0,0,0,0,0,0,0,0,0,0,0
l9,8=59,3,12,0,8,52,86,85,99,0,100,88,70,95,30,86,88,81,0,0,0,61,20,48,53,0,0,0,0,0,0,0,0,0,0,0,0,0,53,0
l10,8=82,68,90,79,84,93,84,84,97,97,0,88,4,94,0,87,44,0,0,0,0,0,0,0,0,0,0,0,0,0,0,0,0,0,0,0,0,0,0,0
l11,8=0,0,0,0,3,7,4,0,95,85,51,0,100,30,61,95,90,89,0,0,36,53,48,36,57,44,0,0,0,0,0,0,0,0,0,25,32,0,45,0
l12,8=0,0,0,0,0,0,0,0,0,34,0,72,0,0,69,95,98,88,0,0,42,3,0,61,97,77,0,0,0,0,0,0,0,22,2,19,13,0,33,0
l13,8=4,0,0,0,54,1,10,77,99,94,58,26,0,0,64,91,54,52,0,0,48,48,0,54,51,57,0,0,0,0,0,0,0,0,0,23,0,0,52,0
l14,8=0,0,0,0,0,0,0,0,71,29,0,37,100,82,0,85,80,96,0,0,59,58,51,60,97,60,0,0,0,0,0,0,0,0,0,0,15,0,18,0
l15,8=0,0,1,0,0,0,0,0,90,73,51,97,81,86,61,0,82,86,0,0,67,61,67,51,46,20,0,0,0,0,0,0,0,0,0,0,30,0,55,0
l16,8=0,0,0,0,0,0,4,0,0,40,7,52,80,26,47,59,0,61,40,61,76,58,79,28,59,26,0,0,0,0,0,37,1,10,14,26,26,24,37,48
l17,8=0,0,0,0,0,0,0,18,77,45,0,50,74,32,66,92,63,0,0,58,74,37,54,12,45,0,0,0,0,0,0,0,0,17,0,0,15,0,43,31
l18,8=0,0,0,0,0,0,0,0,0,0,0,0,0,0,0,0,83,0,0,77,71,50,0,0,0,0,0,0,0,0,0,0,0,0,0,0,0,0,0,0
l19,8=0,0,0,0,0,0,0,0,36,0,0,0,0,0,0,0,77,56,70,0,84,63,82,0,0,0,38,0,63,0,0,69,0,0,0,25,61,0,0,70
l20,8=0,0,0,0,0,0,0,0,0,0,0,0,37,30,30,43,72,50,49,94,0,88,91,0,3,0,0,0,28,0,0,0,0,0,0,54,35,32,69,54
l21,8=0,0,0,0,0,0,0,0,0,44,0,20,33,49,36,46,60,30,36,56,86,0,89,0,0,0,0,0,0,0,0,19,0,0,0,55,30,33,62,68
l22,8=0,0,0,0,0,0,0,0,55,34,0,16,0,0,30,43,74,43,0,89,85,82,0,0,0,0,0,0,0,45,0,0,0,0,0,63,72,31,65,52
l23,8=0,0,0,0,0,0,0,0,0,56,0,34,94,84,90,76,80,52,0,0,0,0,0,0,97,89,0,0,0,0,0,0,51,33,54,0,0,0,0,0
l24,8=0,0,0,24,0,0,0,0,0,63,0,43,100,77,97,66,96,79,0,0,26,0,0,96,0,85,0,0,0,0,0,14,0,5,26,0,0,0,0,0
l25,8=0,0,0,0,0,0,0,0,0,0,0,36,100,78,81,32,74,0,0,0,0,0,0,96,95,0,0,0,0,44,0,13,54,57,43,0,0,0,29,0
l26,8=0,0,0,0,0,0,0,0,0,0,0,0,0,0,0,0,0,0,0,64,51,0,0,0,0,0,0,85,93,94,83,91,85,75,72,0,0,0,0,0
l27,8=0,0,0,0,0,0,0,0,0,0,0,0,0,0,0,0,0,0,0,0,0,0,0,0,0,0,93,0,93,94,93,0,77,0,72,0,0,0,0,0
l28,8=0,0,0,0,0,0,0,0,0,0,0,0,0,0,0,0,0,0,0,73,67,0,0,0,0,0,93,93,0,94,93,91,72,78,73,0,0,0,0,0
l29,8=0,0,0,0,0,0,0,0,0,0,0,0,0,0,0,0,0,0,0,0,0,0,64,0,0,45,93,93,93,0,93,90,61,72,70,0,0,0,0,0
l30,8=0,0,0,0,0,0,0,0,0,0,0,0,0,0,0,0,0,0,0,0,0,0,0,0,0,0,88,93,93,94,0,79,78,69,0,0,0,0,0,0
l31,8=0,0,0,0,0,0,0,0,0,0,0,0,0,0,0,0,69,0,0,65,0,3,0,9,53,6,92,0,85,73,46,0,85,85,83,0,0,0,0,0
l32,8=0,0,0,0,0,0,0,0,0,0,0,0,2,0,0,0,2,0,0,0,0,0,0,74,0,56,92,75,71,52,60,95,0,89,93,0,0,0,0,0
l33,8=0,0,0,0,0,0,0,0,0,0,0,0,73,0,0,0,69,73,0,0,12,0,0,75,9,60,80,0,77,53,57,92,86,0,65,0,0,0,0,0
l34,8=0,0,0,0,0,0,0,0,0,0,0,0,65,0,0,0,75,0,0,0,0,0,0,75,66,61,76,66,74,50,0,90,89,72,0,0,0,0,0,0
l35,8=0,0,0,0,0,0,0,0,0,0,0,8,30,14,0,0,39,0,0,5,36,34,48,0,0,0,0,0,0,0,0,0,0,0,0,0,67,30,59,67
l36,8=0,0,0,0,0,0,0,0,0,0,0,8,19,0,13,24,46,18,0,35,50,33,60,0,0,0,0,0,0,0,0,0,0,0,0,69,0,29,56,59
l37,8=0,0,0,0,0,0,0,0,0,0,0,0,0,0,0,0,33,0,0,0,44,38,47,0,0,0,0,0,0,0,0,0,0,0,0,55,33,0,43,47
l38,8=0,0,0,0,0,0,0,0,0,35,0,11,38,43,0,44,47,35,0,0,62,52,61,0,0,0,0,0,0,0,0,0,0,0,0,72,43,34,0,43
l39,8=0,0,0,0,0,0,0,0,0,0,0,0,0,0,0,0,59,0,0,54,64,57,57,0,0,0,0,0,0,0,0,0,0,0,0,71,62,36,43,0

l0,9=0,97,94,96,97,94,95,92,0,97,98,0,0,0,0,0,0,0,0,0,0,0,0,0,0,0,0,0,0,0,0,0,0,0,0,0,0,0,0,0
l1,9=96,0,94,95,97,92,95,90,93,96,97,0,0,0,0,0,0,0,0,0,0,0,0,0,0,0,0,0,0,0,0,0,0,0,0,0,0,0,0,0
l2,9=96,97,0,95,97,99,96,60,0,96,59,0,24,0,0,0,0,0,0,0,0,0,0,0,0,0,0,0,0,0,0,0,0,0,0,0,0,0,0,0
l3,9=96,94,91,0,97,94,95,91,0,94,96,0,0,0,0,0,0,0,0,0,0,0,0,0,0,0,0,0,0,0,0,0,0,0,0,0,0,0,0,0
l4,9=96,97,87,96,0,91,91,91,93,94,97,0,0,49,6,0,0,0,0,0,0,0,0,0,0,0,0,0,0,0,0,0,0,0,0,0,0,0,0,0
l5,9=96,95,95,95,95,0,96,58,93,97,98,0,0,86,0,0,0,0,0,0,0,0,0,0,0,0,0,0,0,0,0,0,0,0,0,0,0,0,0,0
l6,9=90,91,95,89,89,91,0,95,86,93,98,0,0,89,0,0,27,0,0,0,0,0,0,0,0,0,0,0,0,0,0,0,0,0,0,0,0,0,0,0
l7,9=94,92,76,92,97,51,99,0,98,99,99,11,35,98,0,43,0,0,0,0,0,0,0,0,0,0,0,0,0,0,0,0,0,0,0,0,0,0,0,0
l8,9=0,56,0,0,91,35,40,77,0,97,60,92,0,97,0,54,33,29,0,29,0,0,42,0,0,0,0,0,0,0,0,0,0,0,0,0,0,0,0,0
l9,9=96,88,69,82,87,48,83,95,95,0,98,89,48,98,87,75,46,0,0,0,0,0,2,58,17,0,0,0,0,0,0,0,0,0,0,0,0,0,0,0
l10,9=95,92,85,89,96,92,95,95,94,97,0,3,73,97,0,92,63,75,0,0,0,0,0,44,0,0,0,0,0,0,0,0,0,0,0,0,0,0,0,0
l11,9=0,0,0,0,0,0,0,4,95,95,9,0,98,98,91,100,36,33,0,0,28,38,42,72,93,39,0,0,0,0,0,0,0,0,0,0,84,35,86,0
l12,9=0,0,0,0,0,0,0,0,0,59,3,61,0,93,99,76,38,58,0,0,14,0,21,90,98,97,0,0,0,0,0,0,0,0,0,0,73,0,87,0
l13,9=0,0,0,4,6,30,37,61,95,98,34,96,54,0,55,98,42,2,0,19,13,36,0,56,94,28,0,0,0,0,0,0,0,0,0,0,76,0,88,0
l14,9=0,0,0,0,34,0,0,0,0,95,0,91,97,48,0,78,59,93,0,0,13,34,42,85,100,0,0,0,0,0,0,0,0,1,0,0,75,0,0,0
l15,9=0,0,0,0,0,0,0,3,73,93,34,99,73,97,88,0,37,38,0,0,13,34,40,47,95,0,0,0,0,0,0,0,0,0,0,0,79,43,88,0
l16,9=0,0,0,0,0,0,12,0,76,89,19,33,57,93,75,58,0,31,75,52,55,0,56,74,97,37,0,0,0,0,0,18,0,72,92,0,29,75,93,47
l17,9=0,0,0,0,0,0,0,0,81,0,15,34,57,58,98,62,38,0,0,51,15,43,45,0,85,1,0,0,0,0,0,0,0,86,0,0,69,2,18,44
l18,9=0,0,0,0,0,0,0,0,0,2,0,0,0,0,0,0,56,0,0,0,72,57,0,0,0,0,0,0,0,0,0,0,0,0,0,0,0,0,0,0
l19,9=0,0,0,0,0,0,0,0,14,0,0,0,0,15,0,0,75,49,0,0,90,88,91,0,0,0,83,0,27,0,0,67,0,0,0,0,83,64,0,65
l20,9=0,0,0,0,0,0,0,0,0,0,0,22,44,76,49,26,79,20,63,91,0,95,97,0,4,0,49,0,0,0,0,0,0,0,53,82,85,77,85,83
l21,9=0,0,0,0,0,0,0,0,0,0,0,19,26,79,47,42,0,23,75,57,94,0,97,0,0,0,0,0,0,0,0,0,0,11,0,85,56,70,85,45
l22,9=0,0,0,0,0,0,0,0,79,23,0,17,31,0,42,38,50,48,0,78,94,90,0,0,0,0,68,0,0,16,0,41,0,0,0,86,84,72,80,0
l23,9=0,0,0,0,0,0,0,0,0,65,2,58,97,96,99,59,59,0,0,0,0,0,0,0,99,62,0,0,0,0,0,0,90,99,97,0,0,0,0,0
l24,9=0,0,0,0,0,0,0,0,0,17,0,49,97,98,99,62,99,31,0,0,4,0,0,91,0,48,0,0,0,0,0,0,0,96,1,0,80,0,0,0
l25,9=0,0,0,0,0,0,0,0,0,0,0,32,97,87,0,0,38,0,0,0,0,0,0,83,99,0,1,0,0,5,0,0,85,99,94,0,0,0,79,0
l26,9=0,0,0,0,0,0,0,0,0,0,0,0,0,0,0,0,0,0,0,84,59,0,81,0,0,0,0,84,98,100,97,98,99,86,91,0,0,0,0,0
l27,9=0,0,0,0,0,0,0,0,0,0,0,0,0,0,0,0,0,0,0,0,0,0,0,0,0,0,89,0,98,100,100,94,86,0,0,0,0,0,0,0
l28,9=0,0,0,0,0,0,0,0,0,0,0,0,0,0,0,0,0,0,0,79,0,0,0,0,0,0,99,99,0,100,100,89,0,88,3,0,0,0,0,0
l29,9=0,0,0,0,0,0,0,0,0,0,0,0,0,0,0,0,0,0,0,0,3,0,63,0,0,1,99,100,98,0,100,97,40,86,86,0,0,0,0,0
l30,9=0,0,0,0,0,0,0,0,0,0,0,0,0,0,0,0,0,0,0,0,0,0,0,0,0,0,97,99,97,100,0,96,96,78,90,0,0,0,0,0
l31,9=0,0,0,0,0,0,0,0,0,0,0,0,0,0,0,0,6,0,0,77,0,0,37,0,0,0,96,83,81,95,92,0,99,100,100,0,0,0,0,0
l32,9=0,0,0,0,0,0,0,0,0,0,0,0,36,0,0,0,0,0,0,0,0,0,0,49,0,41,99,79,0,34,96,99,0,100,100,0,0,0,0,0
l33,9=0,0,0,0,0,0,0,0,0,0,0,0,18,0,0,0,85,86,0,0,0,1,0,63,92,67,51,0,58,70,76,99,100,0,99,0,0,0,0,0
l34,9=0,0,0,0,0,0,0,0,0,0,0,0,47,0,0,0,53,0,0,0,14,0,0,75,21,43,73,0,2,84,57,99,100,100,0,0,0,0,0,0
l35,9=0,0,0,0,0,0,0,0,0,0,0,0,0,0,0,0,0,0,0,0,40,41,48,0,0,0,0,0,0,0,0,0,0,0,0,0,90,72,83,39
l36,9=0,0,0,0,0,0,0,0,0,0,0,8,22,43,23,22,0,12,0,22,50,0,51,0,42,0,0,0,0,0,0,0,0,0,0,88,0,85,77,41
l37,9=0,0,0,0,0,0,0,0,0,0,0,0,0,0,0,5,18,0,0,14,47,28,45,0,0,0,0,0,0,0,0,0,0,0,0,81,87,0,79,40
l38,9=0,0,0,0,0,0,0,0,0,0,0,17,35,64,0,37,29,0,0,0,55,53,55,0,0,16,0,0,0,0,0,0,0,0,0,88,88,84,0,42
l39,9=0,0,0,0,0,0,0,0,0,0,0,0,0,0,0,0,27,22,0,41,54,50,0,0,0,0,0,0,0,0,0,0,0,0,0,83,83,74,75,0

l0,10=0,91,90,93,89,81,0,82,0,81,78,0,0,0,0,0,0,0,0,0,0,0,0,5,0,0,0,0,0,0,0,0,0,0,0,0,0,0,0,0
l1,10=90,0,89,92,85,91,87,78,59,75,73,0,0,0,0,0,0,0,0,0,0,0,0,0,0,0,0,0,0,0,0,0,0,0,0,0,0,0,0,0
l2,10=90,88,0,92,86,91,85,83,49,87,81,0,9,0,0,0,0,0,0,0,0,0,0,0,0,0,0,0,0,0,0,0,0,0,0,0,0,0,0,0
l3,10=92,91,90,0,94,90,78,76,0,77,70,0,0,0,0,0,0,0,0,0,0,0,0,0,0,0,0,0,0,0,0,0,0,0,0,0,0,0,0,0
l4,10=90,86,88,92,0,91,78,85,70,72,84,0,0,0,58,0,0,0,0,0,0,0,0,1,0,0,0,0,0,0,0,0,0,0,0,0,0,0,0,0
l5,10=81,87,90,87,91,0,85,88,74,86,85,0,0,79,0,0,0,0,0,0,0,0,0,0,0,0,0,0,0,0,0,0,0,0,0,0,0,0,0,0
l6,10=0,84,86,69,63,85,0,86,68,87,78,0,0,61,0,2,22,0,0,0,0,0,0,0,0,0,0,0,0,0,0,0,0,0,0,0,0,0,0,0
l7,10=73,66,71,70,76,86,85,0,76,90,88,42,27,81,4,0,0,0,0,0,0,0,0,0,0,0,0,0,0,0,0,0,0,0,0,0,0,0,0,0
l8,10=0,32,1,1,63,73,68,78,0,94,68,76,64,86,51,76,42,37,0,33,4,0,58,64,16,0,0,0,0,0,0,0,0,0,0,0,0,0,0,0
l9,10=66,53,61,41,35,56,79,86,82,0,87,71,62,85,46,68,0,0,0,0,0,11,2,26,37,0,0,0,0,0,0,0,0,0,0,0,0,0,0,0
l10,10=64,62,64,70,76,73,75,86,66,91,0,58,0,74,0,70,0,52,0,0,0,0,0,1,0,0,0,0,0,0,0,0,0,0,0,0,0,0,0,0
l11,10=0,0,0,0,0,0,0,35,74,77,52,0,57,83,80,86,27,51,0,0,54,34,0,57,72,71,0,0,0,0,0,0,0,0,0,23,34,0,66,0
l12,10=0,0,0,0,0,0,0,0,50,73,0,55,0,78,94,85,77,96,0,0,64,38,0,77,95,99,0,0,0,0,0,0,0,43,0,19,0,0,70,0
l13,10=0,0,0,0,0,55,54,74,83,87,61,83,49,0,50,83,42,1,0,14,54,37,0,49,73,54,0,0,0,0,0,0,0,0,0,0,0,0,55,0
l14,10=0,0,0,0,10,0,0,0,62,74,0,85,97,71,0,76,53,81,0,0,57,34,36,66,96,85,0,0,0,0,0,0,0,64,0,0,52,0,65,0
l15,10=0,0,0,0,1,0,0,0,75,75,66,89,96,87,74,0,44,71,0,55,58,0,28,0,74,60,0,0,0,0,0,0,0,0,0,0,0,0,70,0
l16,10=0,0,0,0,0,0,14,0,42,0,0,15,53,63,62,65,0,40,20,59,70,42,17,42,91,25,0,0,0,0,0,0,0,0,11,0,48,54,88,56
l17,10=0,0,0,0,0,0,0,0,65,18,43,54,62,39,93,79,55,0,0,67,66,48,42,11,77,37,0,0,0,0,0,0,0,33,0,0,39,0,72,59
l18,10=0,0,0,0,0,0,0,0,0,0,0,0,0,0,0,0,29,0,0,77,79,79,0,0,0,0,0,0,0,0,0,0,0,0,0,0,0,0,0,0
l19,10=0,0,0,0,0,0,0,0,26,0,0,0,0,5,0,40,32,21,36,0,82,70,77,0,0,0,39,0,0,0,0,41,23,0,0,7,0,53,0,54
l20,10=0,0,0,0,0,0,0,0,0,0,0,21,33,48,10,40,43,13,36,87,0,89,91,0,0,0,0,0,0,2,0,0,23,0,0,42,60,61,82,71
l21,10=0,0,0,0,0,0,0,0,0,53,0,30,33,54,44,2,41,24,42,77,90,0,88,0,0,0,5,0,0,0,0,0,0,13,0,38,47,45,80,70
l22,10=0,0,0,0,0,0,0,0,50,21,0,0,0,0,31,43,35,24,0,76,89,84,0,0,0,0,37,0,0,29,0,47,0,0,0,42,63,46,77,57
l23,10=0,0,0,0,0,0,0,0,68,48,0,56,100,75,88,0,50,0,0,0,0,0,0,0,97,100,0,0,0,0,0,10,80,87,38,0,0,0,0,0
l24,10=0,0,0,0,0,0,0,0,21,71,0,53,100,81,94,77,92,53,0,0,1,0,0,100,0,94,0,0,0,0,0,0,0,68,0,0,0,0,40,0
l25,10=0,0,0,0,0,0,0,0,0,0,0,57,100,54,89,63,27,32,0,0,0,0,0,100,94,0,22,0,0,0,0,31,62,97,57,0,0,0,70,0
l26,10=0,0,0,0,0,0,0,0,0,0,0,0,0,0,0,0,0,0,0,65,0,0,60,0,0,17,0,77,95,97,98,99,95,62,72,0,0,0,0,0
l27,10=0,0,0,0,0,0,0,0,0,0,0,0,0,0,0,0,0,0,0,0,0,0,0,0,0,0,85,0,91,97,100,76,0,0,71,0,0,0,0,0
l28,10=0,0,0,0,0,0,0,0,0,0,0,0,0,0,0,0,0,0,0,0,0,0,0,0,0,0,95,94,0,97,100,79,44,72,58,0,0,0,0,0
l29,10=0,0,0,0,0,0,0,0,0,0,0,0,0,0,0,0,0,0,0,0,30,0,44,0,0,0,95,95,95,0,100,82,57,4,61,0,0,0,0,0
l30,10=0,0,0,0,0,0,0,0,0,0,0,0,0,0,0,0,0,0,0,0,0,0,0,0,0,0,95,95,95,97,0,80,73,58,75,0,0,0,0,0
l31,10=0,0,0,0,0,0,0,0,0,0,0,0,0,0,0,0,0,0,0,51,7,0,61,2,0,26,95,74,86,95,98,0,100,100,100,0,0,0,0,0
l32,10=0,0,0,0,0,0,0,0,0,0,0,0,0,0,0,0,0,0,0,36,62,0,0,78,0,69,95,0,40,70,77,100,0,100,100,0,0,0,0,0
l33,10=0,0,0,0,0,0,0,0,0,0,0,0,78,0,72,0,0,14,0,0,0,10,0,96,73,98,88,0,88,12,77,100,100,0,100,0,0,0,0,0
l34,10=0,0,0,0,0,0,0,0,0,0,0,0,0,0,0,0,64,0,0,19,41,0,0,48,54,78,91,47,51,73,75,100,100,100,0,0,0,0,0,0
l35,10=0,0,0,0,0,0,0,0,0,0,0,11,16,0,0,0,0,0,0,13,64,39,40,0,0,0,0,0,0,0,0,0,0,0,0,0,78,59,79,59
l36,10=0,0,0,0,0,0,0,0,0,0,0,4,0,0,44,0,22,6,0,0,71,7,42,0,0,0,0,0,0,0,0,0,0,0,0,52,0,74,86,72
l37,10=0,0,0,0,0,0,0,0,0,0,0,0,0,0,0,0,23,0,0,62,69,0,13,0,0,0,0,0,0,0,0,0,0,0,0,43,62,0,77,58
l38,10=0,0,0,0,0,0,0,0,0,0,0,20,28,45,26,55,45,6,0,0,77,44,46,0,5,23,0,0,0,0,0,0,0,0,0,47,62,62,0,77
l39,10=0,0,0,0,0,0,0,0,0,0,0,0,0,0,0,0,39,6,0,71,71,45,41,0,0,0,0,0,0,0,0,0,0,0,0,42,59,60,81,0

l0,11=0,89,87,93,88,83,50,70,24,68,0,0,0,0,0,0,0,0,0,0,0,0,0,0,0,0,0,0,0,0,0,0,0,0,0,0,0,0,0,0
l1,11=86,0,88,74,83,87,88,84,34,68,78,43,0,39,0,0,0,0,0,0,0,0,0,0,0,0,0,0,0,0,0,0,0,0,0,0,0,0,0,0
l2,11=84,86,0,91,85,88,45,84,59,67,70,0,0,0,0,0,0,0,0,0,0,0,0,0,0,0,0,0,0,0,0,0,0,0,0,0,0,0,0,0
l3,11=86,73,88,0,88,82,37,0,0,40,76,0,0,0,0,0,0,0,0,0,0,0,0,0,0,0,0,0,0,0,0,0,0,0,0,0,0,0,0,0
l4,11=84,76,84,92,0,78,87,75,0,63,77,0,0,0,42,0,0,0,0,0,0,0,0,32,0,0,0,0,0,0,0,0,0,0,0,0,0,0,0,0
l5,11=83,85,88,90,85,0,89,87,56,83,69,0,0,36,0,0,0,0,0,0,0,0,0,0,0,0,0,0,0,0,0,0,0,0,0,0,0,0,0,0
l6,11=35,83,29,59,84,82,0,87,41,83,81,44,0,57,0,58,29,0,0,0,0,0,0,0,0,0,0,0,0,0,0,0,0,0,0,0,0,0,0,0
l7,11=72,79,72,53,79,78,88,0,72,84,87,57,48,79,0,49,0,0,0,0,0,0,0,0,0,0,0,0,0,0,0,0,0,0,0,0,0,0,0,0
l8,11=37,32,50,0,0,54,69,71,0,88,53,71,65,85,51,77,0,36,0,46,0,0,0,28,17,0,0,0,0,0,0,0,0,0,0,0,0,0,0,0
l9,11=43,46,48,48,57,73,81,87,82,0,87,68,56,83,0,66,8,2,0,0,0,19,0,1,5,0,0,0,0,0,0,0,0,0,0,0,0,0,0,0
l10,11=0,62,55,67,70,51,77,87,70,86,0,60,0,72,0,68,0,8,0,2,0,0,0,1,0,0,0,0,0,0,0,0,0,0,0,0,0,0,0,0
l11,11=0,23,0,0,0,0,58,59,24,26,42,0,66,81,73,89,47,45,0,0,3,17,15,48,71,60,0,0,0,0,0,0,0,0,0,51,0,0,44,0
l12,11=0,0,0,0,0,0,0,45,23,23,0,84,0,72,96,87,76,87,0,0,63,21,16,50,97,97,0,0,0,0,0,0,0,0,0,0,0,0,49,0
l13,11=0,25,0,0,0,16,64,76,62,50,42,82,62,0,0,87,43,40,0,4,56,20,0,42,64,67,0,0,0,0,0,0,0,0,0,0,0,0,20,0
l14,11=0,0,0,0,58,0,0,0,17,0,0,83,85,0,0,64,87,62,0,0,0,2,0,71,81,86,0,0,0,0,0,0,0,39,0,64,62,0,39,0
l15,11=0,0,0,0,0,0,62,53,24,26,42,87,82,89,54,0,79,77,0,59,67,20,7,0,40,60,0,0,0,0,0,0,0,0,0,36,57,0,41,0
l16,11=0,0,0,0,0,0,26,0,0,14,0,62,62,58,83,79,0,54,4,42,78,27,17,30,87,3,0,0,0,0,0,0,9,21,51,0,68,39,55,24
l17,11=0,0,0,0,0,0,0,0,22,14,6,85,67,66,85,85,56,0,0,0,72,26,19,47,72,0,0,0,0,0,0,0,0,0,0,0,69,0,35,18
l18,11=0,0,0,0,0,0,0,0,0,0,0,0,0,0,0,0,35,0,0,77,68,69,24,0,0,0,0,0,0,0,0,0,0,0,0,0,0,0,0,4
l19,11=0,0,0,0,0,0,0,0,10,0,0,0,0,0,0,48,16,0,32,0,78,65,65,0,0,0,17,0,0,0,0,12,0,0,8,52,49,33,0,21
l20,11=0,0,0,0,0,0,0,0,0,0,0,0,35,44,0,58,44,29,29,86,0,90,86,0,0,0,3,0,14,0,0,0,1,0,0,70,71,40,44,30
l21,11=0,0,0,0,0,0,0,0,0,18,0,40,39,45,27,54,72,34,31,78,86,0,84,0,3,0,0,0,0,0,0,0,0,0,0,40,61,35,80,27
l22,11=0,0,0,0,0,0,0,0,0,0,0,43,35,0,0,6,30,27,0,69,84,82,0,0,0,0,17,0,0,0,0,28,0,0,0,61,64,0,72,25
l23,11=0,0,0,0,39,0,0,0,10,10,0,81,82,74,88,19,48,35,0,0,0,0,0,0,97,97,0,0,0,0,0,30,22,42,0,0,0,0,0,0
l24,11=0,0,0,0,0,0,0,0,1,12,0,81,85,74,75,0,89,46,0,0,0,0,0,94,0,93,0,0,0,0,0,0,0,0,0,0,0,0,0,0
l25,11=0,0,0,0,0,0,0,0,0,0,0,66,85,76,91,66,2,0,0,0,0,0,0,98,92,0,0,0,0,0,0,40,24,88,1,0,0,0,0,0
l26,11=0,0,0,0,0,0,0,0,0,0,0,0,0,0,0,0,0,0,0,25,5,0,30,0,0,0,0,73,92,88,94,86,85,62,66,0,0,0,0,0
l27,11=0,0,0,0,0,0,0,0,0,0,0,0,0,0,0,0,0,0,0,0,0,0,0,0,0,0,71,0,85,89,97,67,1,0,29,0,0,0,0,0
l28,11=0,0,0,0,0,0,0,0,0,0,0,0,0,0,0,0,0,0,0,0,19,0,0,0,0,0,84,95,0,91,97,65,39,0,25,0,0,0,0,0
l29,11=0,0,0,0,0,0,0,0,0,0,0,0,0,0,0,0,0,0,0,0,0,0,0,0,0,0,82,95,92,0,97,76,38,33,30,0,0,0,0,0
l30,11=0,0,0,0,0,0,0,0,0,0,0,0,0,0,0,0,0,0,0,0,0,0,0,0,0,0,84,95,92,91,0,77,65,72,65,0,0,0,0,0
l31,11=0,0,0,0,0,0,0,0,0,0,0,0,0,0,0,0,0,0,0,9,0,0,25,12,0,27,84,49,81,84,87,0,89,99,100,0,0,0,0,0
l32,11=0,0,0,0,0,0,0,0,0,0,0,0,0,0,0,0,4,0,0,0,5,0,0,30,0,9,84,0,31,37,65,89,0,99,100,0,0,0,0,0
l33,11=0,0,0,0,0,0,0,0,0,0,0,0,0,0,27,0,6,0,0,0,13,0,0,32,0,95,58,0,0,41,84,91,95,0,100,0,0,0,0,0
l34,11=0,0,0,0,0,0,0,0,0,0,0,0,0,0,9,0,66,0,0,11,0,0,0,14,7,0,77,56,17,68,76,97,95,99,0,0,0,0,0,0
l35,11=0,0,0,0,0,0,0,0,0,0,0,20,0,0,26,19,0,0,0,40,68,5,18,0,0,0,0,0,0,0,0,0,0,0,0,0,84,44,52,29
l36,11=0,0,0,0,0,0,0,0,0,0,0,0,0,0,40,56,37,38,0,38,76,23,21,0,0,0,0,0,0,0,0,0,0,0,0,88,0,47,54,33
l37,11=0,0,0,0,0,0,0,0,0,0,0,0,0,0,0,0,32,0,0,44,67,20,0,0,0,0,0,0,0,0,0,0,0,0,0,81,75,0,46,29
l38,11=0,0,0,0,0,0,0,0,0,0,0,52,50,5,27,53,49,4,0,0,77,26,25,0,0,0,0,0,0,0,0,0,0,0,0,84,77,43,0,34
l39,11=0,0,0,0,0,0,0,0,0,0,0,0,0,0,0,0,36,1,0,69,71,25,20,0,0,0,0,0,0,0,0,0,0,0,0,80,80,44,81,0

l0,12=0,90,88,95,93,90,47,15,0,4,8,0,0,0,0,0,0,0,0,0,0,0,0,0,0,0,0,0,0,0,0,0,0,0,0,0,0,0,0,0
l1,12=86,0,85,88,92,85,86,86,0,3,23,6,0,0,0,0,0,0,0,0,0,0,0,0,0,0,0,0,0,0,0,0,0,0,0,0,0,0,0,0
l2,12=85,85,0,90,86,90,89,76,54,77,75,0,0,2,0,0,0,0,0,0,0,0,0,0,0,0,0,0,0,0,0,0,0,0,0,0,0,0,0,0
l3,12=89,86,84,0,93,89,1,3,0,0,13,0,0,0,0,0,0,0,0,0,0,0,0,0,0,0,0,0,0,0,0,0,0,0,0,0,0,0,0,0
l4,12=86,86,82,90,0,17,79,77,8,2,0,0,0,0,36,0,0,0,0,0,0,0,0,53,0,0,0,0,0,0,0,0,0,0,0,0,0,0,0,0
l5,12=86,86,88,88,76,0,86,87,71,84,59,0,0,59,0,0,0,0,0,0,0,0,0,34,0,0,0,0,0,0,0,0,0,0,0,0,0,0,0,0
l6,12=69,86,85,41,86,80,0,87,60,41,79,73,0,58,1,66,0,0,0,0,0,0,0,0,0,0,0,0,0,0,0,0,0,0,0,0,0,0,0,0
l7,12=71,86,37,51,86,83,86,0,77,85,86,61,47,76,0,7,0,0,0,0,0,0,0,0,0,0,0,0,0,0,0,0,0,0,0,0,0,0,0,0
l8,12=17,0,32,34,41,48,69,76,0,88,78,72,68,89,24,63,42,48,0,43,0,53,0,0,52,0,0,0,0,0,0,0,0,0,0,0,0,0,0,0
l9,12=53,26,38,0,34,84,44,87,82,0,87,71,62,84,0,37,43,19,0,0,52,56,0,0,0,0,0,0,0,0,0,0,0,0,0,0,0,0,0,0
l10,12=45,37,47,70,13,37,77,91,77,87,0,59,0,76,0,63,0,0,0,0,0,0,0,10,0,0,0,0,0,0,0,0,0,0,0,0,0,0,0,0
l11,12=0,18,0,0,0,0,73,34,74,79,68,0,81,83,46,83,65,87,0,0,55,55,45,27,32,46,0,0,0,0,0,0,0,0,0,42,63,0,37,0
l12,12=0,0,0,0,0,0,0,11,65,72,0,82,0,76,95,82,83,92,0,0,63,64,57,64,95,99,0,0,0,0,0,0,0,1,0,0,0,0,44,0
l13,12=0,0,0,6,0,36,60,73,82,84,74,83,76,0,44,83,64,75,0,0,60,58,0,56,56,21,0,0,0,0,0,0,0,0,0,0,0,0,0,0
l14,12=0,0,0,0,41,0,0,0,39,0,1,76,91,78,0,42,92,81,0,0,0,66,7,70,95,73,0,0,0,0,0,0,0,48,54,60,52,0,36,0
l15,12=0,0,0,0,0,0,68,0,75,78,72,89,83,91,46,0,66,80,0,53,66,69,10,51,74,72,0,0,0,0,0,0,0,0,0,0,0,0,31,0
l16,12=0,0,0,0,0,0,0,0,28,52,0,70,82,62,52,42,0,91,44,69,72,75,51,13,87,41,0,0,0,0,0,0,0,7,5,63,76,37,47,30
l17,12=0,0,0,0,0,0,0,0,50,59,0,87,88,67,49,45,78,0,0,61,75,78,62,56,34,0,0,0,0,0,0,0,0,8,0,0,74,0,26,10
l18,12=0,0,0,0,0,0,0,0,0,0,0,0,0,0,0,0,63,0,0,62,66,56,0,0,0,0,0,0,0,0,0,0,0,0,0,0,0,0,0,0
l19,12=0,0,0,0,0,0,0,0,41,0,0,0,0,0,0,29,50,54,41,0,83,73,65,0,0,0,48,0,25,9,0,46,17,0,0,33,6,0,30,56
l20,12=0,0,0,0,0,0,0,0,0,49,0,47,50,37,0,32,63,70,38,83,0,92,83,0,0,0,36,0,17,0,0,10,0,0,0,57,85,43,42,42
l21,12=0,0,0,0,0,0,0,0,51,51,0,51,47,40,28,48,69,70,43,84,90,0,83,0,46,0,31,0,0,0,0,0,0,0,0,46,64,35,80,36
l22,12=0,0,0,0,0,0,0,0,0,0,0,52,49,0,3,5,51,58,0,80,89,90,0,0,0,0,36,0,0,0,0,0,0,0,0,62,75,33,48,50
l23,12=0,0,0,0,38,0,0,0,0,0,1,60,83,77,57,35,43,70,0,0,0,0,0,0,95,99,0,0,0,0,0,32,5,27,0,0,0,0,0,0
l24,12=0,0,0,0,0,0,0,0,48,0,0,66,91,74,95,78,92,69,0,0,0,67,0,94,0,92,0,0,0,0,0,14,47,0,0,0,0,0,43,0
l25,12=0,0,0,0,0,0,0,0,0,0,0,67,91,34,50,50,69,0,0,0,0,0,0,100,95,0,0,0,0,0,0,65,45,48,88,0,0,0,0,0
l26,12=0,0,0,0,0,0,0,0,0,0,0,0,0,0,0,0,0,0,0,48,39,13,25,0,0,0,0,66,92,83,96,93,77,69,69,0,0,0,0,0
l27,12=0,0,0,0,0,0,0,0,0,0,0,0,0,0,0,0,0,0,0,0,0,0,0,0,0,0,72,0,87,95,97,78,0,20,19,0,0,0,0,0
l28,12=0,0,0,0,0,0,0,0,0,0,0,0,0,0,0,0,0,0,0,57,61,0,0,0,0,0,84,93,0,97,97,76,71,69,63,0,0,0,0,0
l29,12=0,0,0,0,0,0,0,0,0,0,0,0,0,0,0,0,0,0,0,3,0,0,0,0,0,0,80,93,92,0,97,79,75,69,71,0,0,0,0,0
l30,12=0,0,0,0,0,0,0,0,0,0,0,0,0,0,0,0,0,0,0,0,0,0,0,0,0,0,83,93,92,97,0,79,76,41,30,0,0,0,0,0
l31,12=0,0,0,0,0,0,0,0,0,0,0,0,0,0,0,0,0,0,0,71,57,0,0,57,44,80,84,83,88,94,94,0,99,100,99,0,0,0,0,0
l32,12=0,0,0,0,0,0,0,0,0,0,0,0,0,0,0,0,0,0,0,42,0,0,0,31,60,72,82,0,82,91,92,93,0,100,99,0,0,0,0,0
l33,12=0,0,0,0,0,0,0,0,0,0,0,0,41,0,75,0,22,8,0,0,0,0,0,16,0,74,70,22,69,80,80,96,99,0,99,0,0,0,0,0
l34,12=0,0,0,0,0,0,0,0,0,0,0,0,0,0,50,0,11,0,0,0,0,0,0,0,0,88,83,38,81,88,74,96,99,100,0,0,0,0,0,0
l35,12=0,0,0,0,0,0,0,0,0,0,0,7,0,0,4,0,27,0,0,16,57,33,69,0,0,0,0,0,0,0,0,0,0,0,0,0,91,54,49,45
l36,12=0,0,0,0,0,0,0,0,0,0,0,44,0,0,0,0,68,64,0,0,76,73,74,0,0,0,0,0,0,0,0,0,0,0,0,89,0,55,52,53
l37,12=0,0,0,0,0,0,0,0,0,0,0,0,0,0,0,0,53,0,0,0,68,46,23,0,0,0,0,0,0,0,0,0,0,0,0,84,88,0,7,50
l38,12=0,0,0,0,0,0,0,0,0,0,0,60,69,0,7,7,71,52,0,50,73,81,75,0,23,0,0,0,0,0,0,0,0,0,0,81,88,16,0,54
l39,12=0,0,0,0,0,0,0,0,0,0,0,0,0,0,0,0,48,0,0,69,72,59,74,0,0,0,0,0,0,0,0,0,0,0,0,73,86,54,50,0

l0,13=0,93,91,96,94,92,92,93,81,88,87,0,0,0,0,0,0,0,0,0,0,0,0,0,0,0,0,0,0,0,0,0,0,0,0,0,0,0,0,0
l1,13=93,0,91,97,94,92,92,89,45,63,77,0,0,0,0,0,0,0,0,0,0,0,0,0,0,0,0,0,0,0,0,0,0,0,0,0,0,0,0,0
l2,13=93,93,0,93,94,92,92,54,0,88,91,0,0,67,0,0,0,0,0,0,0,0,0,0,0,0,0,0,0,0,0,0,0,0,0,0,0,0,0,0
l3,13=96,97,91,0,96,92,92,89,0,0,87,0,0,0,0,0,0,0,0,0,0,0,0,0,0,0,0,0,0,0,0,0,0,0,0,0,0,0,0,0
l4,13=93,93,91,96,0,90,92,91,56,2,88,0,0,0,1,0,0,0,0,0,0,0,0,2,0,0,0,0,0,0,0,0,0,0,0,0,0,0,0,0
l5,13=93,91,91,93,89,0,92,55,53,90,86,0,0,79,0,0,0,0,0,0,0,0,0,0,0,0,0,0,0,0,0,0,0,0,0,0,0,0,0,0
l6,13=89,91,91,90,94,92,0,0,72,85,0,84,0,68,0,85,0,0,0,0,0,0,0,0,0,0,0,0,0,0,0,0,0,0,0,0,0,0,0,0
l7,13=92,93,54,80,93,90,0,0,90,90,91,37,22,84,0,9,0,0,0,0,0,0,0,0,0,0,0,0,0,0,0,0,0,0,0,0,0,0,0,0
l8,13=71,19,0,34,72,75,64,56,0,92,89,59,40,90,53,68,68,47,0,48,0,28,6,0,73,0,0,0,0,0,0,0,0,0,0,0,0,0,0,0
l9,13=67,1,65,0,0,88,86,90,92,0,94,79,41,92,42,87,69,60,0,0,19,26,0,0,0,0,0,0,0,0,0,0,0,0,0,0,0,0,0,0
l10,13=70,31,45,36,86,85,0,93,86,92,0,46,0,88,3,76,0,0,0,0,0,0,0,0,0,0,0,0,0,0,0,0,0,0,0,0,0,0,0,0
l11,13=0,0,0,0,0,0,57,22,46,44,45,0,58,99,76,96,80,97,0,0,27,24,69,72,0,43,0,0,0,0,0,0,0,0,0,0,28,0,23,0
l12,13=0,0,0,0,0,0,0,0,0,41,0,82,0,51,98,94,93,100,0,0,31,19,71,92,98,99,0,0,0,0,0,0,0,41,0,0,62,0,21,0
l13,13=0,0,7,0,0,67,50,27,68,92,91,96,42,0,70,96,74,92,0,12,24,23,0,74,69,72,0,0,0,0,0,0,0,0,0,0,0,0,22,0
l14,13=0,0,0,0,0,0,0,0,51,44,1,58,97,93,0,89,96,93,0,0,0,23,0,99,100,92,0,0,0,0,0,0,11,37,11,0,66,0,0,0
l15,13=0,0,0,0,0,0,56,0,42,51,46,96,60,99,66,0,95,100,0,40,28,22,0,78,81,77,0,0,0,0,0,0,0,0,0,0,66,0,22,0
l16,13=0,0,0,0,0,0,0,0,28,37,0,50,55,65,93,90,0,99,35,50,29,26,77,30,90,68,0,0,0,0,0,0,0,5,4,71,87,34,29,27
l17,13=0,0,0,0,0,0,0,0,34,44,0,58,59,92,83,93,93,0,0,52,33,30,71,79,90,54,0,0,0,0,0,0,0,27,0,0,77,0,24,0
l18,13=0,0,0,0,0,0,0,0,0,0,0,0,0,0,0,0,78,0,0,93,93,1,14,0,0,0,0,0,0,0,0,0,0,0,0,0,0,0,0,0
l19,13=0,0,0,0,0,0,0,0,41,0,0,0,0,0,0,54,65,63,63,0,97,90,90,0,0,0,38,0,4,12,0,31,0,0,0,49,60,59,61,62
l20,13=0,0,0,0,0,0,0,0,0,28,0,46,48,50,0,68,78,89,68,96,0,94,95,0,0,0,37,0,0,0,0,38,0,0,0,82,83,76,48,31
l21,13=0,0,0,0,0,0,0,0,40,57,0,69,45,67,55,65,74,89,0,96,96,0,95,0,74,0,43,0,0,0,0,0,0,0,0,70,75,0,80,53
l22,13=0,0,0,0,0,0,0,0,0,0,0,38,41,0,1,0,72,51,0,74,96,94,0,0,0,0,60,0,0,0,0,0,0,0,14,83,84,60,28,56
l23,13=0,0,0,0,0,0,0,0,0,0,0,57,59,93,99,92,64,85,0,0,0,0,0,0,78,100,0,0,0,0,0,0,2,0,0,0,0,0,0,0
l24,13=0,0,0,21,0,0,0,0,51,0,0,0,97,59,99,91,96,96,0,0,0,24,0,61,0,100,0,0,0,0,0,0,49,0,0,0,79,0,0,0
l25,13=0,0,0,0,0,0,0,0,0,0,0,39,97,91,99,96,92,15,0,0,0,0,0,100,100,0,0,0,2,12,0,58,61,46,39,0,0,0,0,0
l26,13=0,0,0,0,0,0,0,0,0,0,0,0,0,0,0,0,0,0,0,53,52,31,70,0,0,0,0,86,96,77,100,100,86,82,0,0,0,0,0,0
l27,13=0,0,0,0,0,0,0,0,0,0,0,0,0,0,0,0,0,0,0,0,0,0,0,0,0,0,83,0,93,100,100,85,73,70,54,0,0,0,0,0
l28,13=0,0,0,0,0,0,0,0,0,0,0,0,0,0,0,0,0,0,0,43,43,0,0,0,0,4,98,97,0,100,100,96,70,80,80,0,0,0,0,0
l29,13=0,0,0,0,0,0,0,0,0,0,0,0,0,0,0,0,0,0,0,13,0,0,0,0,0,3,85,97,96,0,100,87,83,76,75,0,0,0,0,0
l30,13=0,0,0,0,0,0,0,0,0,0,0,0,0,0,0,0,0,0,0,0,0,0,0,0,0,0,98,97,96,100,0,89,76,77,19,0,0,0,0,0
l31,13=0,0,0,0,0,0,0,0,0,0,0,0,0,0,0,0,0,0,0,54,66,0,0,0,0,78,98,96,96,99,100,0,100,100,100,0,0,0,0,0
l32,13=0,0,0,0,0,0,0,0,0,0,0,0,0,0,63,0,0,0,0,10,0,0,0,1,80,91,94,72,80,92,92,100,0,100,100,0,0,0,0,0
l33,13=0,0,0,0,0,0,0,0,0,0,0,0,84,0,85,0,73,73,0,0,0,0,0,5,0,99,98,82,95,87,98,100,100,0,100,0,0,0,0,0
l34,13=0,0,0,0,0,0,0,0,0,0,0,0,0,0,67,0,84,0,0,0,27,0,72,62,0,99,0,54,96,99,63,100,100,100,0,0,0,0,0,0
l35,13=0,0,0,0,0,0,0,0,0,0,0,0,3,0,1,0,65,0,0,19,30,27,75,0,0,0,0,0,0,0,0,0,0,0,0,0,93,84,26,31
l36,13=0,0,0,0,0,0,0,0,0,0,0,0,33,0,22,46,78,53,0,41,30,25,84,0,61,0,0,0,0,0,0,0,0,0,0,92,0,78,44,30
l37,13=0,0,0,0,0,0,0,0,0,0,0,0,0,0,0,0,0,0,0,39,32,0,67,0,0,0,0,0,0,0,0,0,0,0,0,90,89,0,25,25
l38,13=0,0,0,0,0,0,0,0,0,0,0,44,48,51,0,70,79,68,0,44,33,30,81,0,3,0,0,0,0,0,0,0,0,0,0,86,93,71,0,29
l39,13=0,0,0,0,0,0,0,0,0,0,0,0,0,0,0,0,70,0,0,46,28,30,89,0,0,0,0,0,0,0,0,0,0,0,0,83,83,68,28,0

l0,14=0,99,100,100,100,100,100,98,62,99,99,0,0,0,0,0,0,0,0,0,0,0,0,0,0,0,0,0,0,0,0,0,0,0,0,0,0,0,0,0
l1,14=100,0,100,100,100,100,22,0,38,0,52,0,0,44,0,0,0,0,0,0,0,0,0,0,0,0,0,0,0,0,0,0,0,0,0,0,0,0,0,0
l2,14=100,99,0,100,100,100,100,100,25,100,100,0,0,34,0,5,0,0,0,0,0,0,0,0,0,0,0,0,0,0,0,0,0,0,0,0,0,0,0,0
l3,14=100,99,100,0,100,100,100,99,0,0,99,0,0,0,0,0,0,0,0,0,0,0,0,0,0,0,0,0,0,0,0,0,0,0,0,0,0,0,0,0
l4,14=100,99,100,100,0,100,100,0,47,40,100,0,0,0,0,6,0,0,0,0,0,0,0,0,0,0,0,0,0,0,0,0,0,0,0,0,0,0,0,0
l5,14=100,99,100,100,100,0,100,100,96,100,100,0,0,80,0,93,0,0,0,0,0,0,0,0,0,0,0,0,0,0,0,0,0,0,0,0,0,0,0,0
l6,14=98,10,100,95,100,100,0,95,86,98,94,99,0,91,0,91,0,0,0,0,0,0,62,0,0,0,0,0,0,0,0,0,0,0,0,0,0,0,0,0
l7,14=99,0,100,63,0,98,98,0,97,100,100,0,0,61,0,2,92,0,0,0,0,0,0,0,0,0,0,0,0,0,0,0,0,0,0,0,0,0,0,0
l8,14=45,46,8,5,41,49,54,34,0,100,99,39,44,33,27,41,35,0,0,6,52,47,42,0,40,0,0,0,0,0,0,0,0,0,0,0,0,0,0,0
l9,14=46,0,27,0,39,73,55,99,97,0,100,41,0,100,27,75,41,33,0,0,57,48,0,54,0,0,0,0,0,0,0,0,0,0,0,0,0,0,0,0
l10,14=99,83,57,61,100,98,98,100,97,100,0,55,45,100,1,77,0,0,0,0,22,0,0,0,0,0,0,0,0,0,0,0,0,0,0,0,0,0,0,0
l11,14=0,0,0,0,0,0,95,0,22,69,47,0,75,100,63,100,98,82,0,0,58,47,50,59,29,42,0,0,0,0,0,0,0,0,0,1,28,0,31,0
l12,14=0,0,0,0,0,0,0,0,29,0,23,98,0,62,100,98,38,99,0,10,93,0,49,99,97,99,0,0,0,0,0,0,0,57,0,6,0,0,0,0
l13,14=0,52,22,0,0,69,94,34,28,99,98,99,98,0,75,100,42,98,0,13,0,48,0,50,96,54,0,0,0,0,0,0,0,0,0,0,0,0,31,0
l14,14=0,0,0,0,0,0,0,0,29,30,2,98,100,34,0,43,98,81,0,0,40,26,0,99,100,36,0,0,0,0,0,0,35,0,0,0,0,0,32,0
l15,14=0,0,0,0,1,39,54,0,59,69,48,99,75,100,45,0,98,82,0,34,60,47,0,98,97,40,0,0,0,0,0,0,0,0,0,0,0,0,32,0
l16,14=0,0,0,0,0,0,0,11,4,37,0,95,31,25,59,98,0,79,6,55,90,80,92,49,97,28,0,0,0,0,0,0,0,54,36,84,49,0,41,17
l17,14=0,0,0,0,0,0,0,0,0,36,0,98,98,62,63,98,98,0,0,84,97,96,76,99,97,53,0,0,0,0,0,0,0,0,0,36,40,0,60,0
l18,14=0,0,0,0,0,0,0,0,0,0,0,0,0,0,0,0,83,0,0,90,93,4,83,0,0,0,0,0,0,0,0,0,0,0,0,0,0,0,0,0
l19,14=0,0,0,0,0,0,0,0,0,0,0,0,65,0,0,86,94,74,72,0,97,91,86,0,0,0,45,0,0,69,0,0,0,0,0,88,59,54,57,56
l20,14=0,0,0,0,0,0,0,0,2,67,0,89,68,0,12,88,92,74,73,99,0,96,96,0,0,0,3,0,0,0,0,0,0,0,71,90,56,54,96,53
l21,14=0,0,0,0,0,0,0,0,55,97,1,92,65,67,51,89,93,95,0,99,98,0,96,0,91,0,0,0,0,0,0,0,0,0,14,94,92,27,93,90
l22,14=0,0,0,0,0,0,53,0,6,0,0,89,67,0,0,0,96,73,56,97,98,96,0,0,0,0,47,0,0,3,0,0,0,0,0,89,80,1,58,58
l23,14=0,0,0,0,0,0,0,0,0,30,0,41,76,17,99,78,39,39,0,0,0,0,0,0,83,100,0,0,0,0,0,0,45,59,54,0,0,0,0,0
l24,14=0,0,0,0,0,0,0,0,28,2,0,14,84,34,100,98,99,84,0,0,1,48,0,60,0,91,0,0,0,0,0,0,0,0,5,0,6,0,0,0
l25,14=0,0,0,0,0,0,0,0,0,0,0,40,100,32,24,83,40,43,0,0,0,0,0,100,100,0,0,0,38,6,0,0,48,100,100,0,0,0,0,0
l26,14=0,0,0,0,0,0,0,0,0,0,0,0,0,0,0,0,0,0,0,76,70,0,82,0,0,0,0,88,100,91,96,100,94,85,87,0,0,0,0,0
l27,14=0,0,0,0,0,0,0,0,0,0,0,0,0,0,0,0,0,0,0,0,0,0,0,0,0,0,90,0,97,99,100,87,86,77,1,0,0,0,0,0
l28,14=0,0,0,0,0,0,0,0,0,0,0,0,0,0,0,0,0,0,0,24,0,0,0,0,0,65,100,100,0,99,100,98,91,89,92,0,0,0,0,0
l29,14=0,0,0,0,0,0,0,0,0,0,0,0,0,0,0,0,0,0,0,78,0,0,4,0,0,0,90,100,100,0,100,86,91,0,89,0,0,0,0,0
l30,14=0,0,0,0,0,0,0,0,0,0,0,0,0,0,0,0,0,0,0,0,0,0,0,0,0,0,96,100,100,99,0,85,86,85,0,0,0,0,0,0
l31,14=0,0,0,0,0,0,0,0,0,0,0,0,0,0,0,0,0,0,0,0,0,0,0,0,0,0,100,84,99,94,91,0,99,100,100,0,0,0,0,0
l32,14=0,0,0,0,0,0,0,0,0,0,0,0,0,0,56,0,0,0,0,0,0,0,0,95,0,89,100,86,93,98,94,100,0,100,100,0,0,0,0,0
l33,14=0,0,0,0,0,0,0,0,0,0,0,0,91,0,1,0,93,0,0,0,0,0,0,99,0,100,100,83,100,0,99,100,100,0,100,0,0,0,0,0
l34,14=0,0,0,0,0,0,0,0,0,0,0,0,0,0,0,0,98,0,0,0,97,34,13,99,88,99,100,24,100,98,0,100,100,100,0,0,0,0,0,0
l35,14=0,0,0,0,0,0,0,0,0,0,0,0,46,0,0,0,88,31,0,86,87,87,82,0,0,0,0,0,0,0,0,0,0,0,0,0,99,95,96,92
l36,14=0,0,0,0,0,0,0,0,0,0,0,58,0,0,0,0,92,47,0,60,89,89,84,0,13,0,0,0,0,0,0,0,0,0,0,97,0,55,61,52
l37,14=0,0,0,0,0,0,0,0,0,0,0,0,0,0,0,0,0,0,0,60,85,0,0,0,0,0,0,0,0,0,0,0,0,0,0,92,50,0,56,50
l38,14=0,0,0,0,0,0,0,0,0,0,0,85,0,25,42,54,56,51,0,52,97,88,92,0,0,0,0,0,0,0,0,0,0,0,0,92,62,55,0,55
l39,14=0,0,0,0,0,0,0,0,0,0,0,0,0,0,0,0,90,0,0,90,89,89,84,0,0,0,0,0,0,0,0,0,0,0,0,89,52,55,57,0

l0,15=0,98,98,100,100,100,96,99,89,97,62,0,0,0,0,0,0,0,0,0,0,0,0,0,0,0,0,0,0,0,0,0,0,0,0,0,0,0,0,0
l1,15=97,0,98,100,100,100,96,99,98,84,96,0,0,65,57,0,0,0,0,0,0,0,0,0,0,0,0,0,0,0,0,0,0,0,0,0,0,0,0,0
l2,15=97,98,0,98,97,100,96,99,98,97,0,89,0,98,0,0,0,0,0,0,0,0,0,0,0,0,0,0,0,0,0,0,0,0,0,0,0,0,0,0
l3,15=100,100,90,0,100,97,0,0,0,0,95,0,0,0,0,0,0,0,0,0,0,0,0,0,0,0,0,0,0,0,0,0,0,0,0,0,0,0,0,0
l4,15=100,100,100,100,0,100,96,99,85,90,100,0,0,0,0,0,0,0,0,0,0,0,0,0,0,0,0,0,0,0,0,0,0,0,0,0,0,0,0,0
l5,15=97,98,98,98,97,0,94,99,98,97,96,0,0,98,0,85,0,0,0,0,0,0,0,0,0,0,0,0,0,0,0,0,0,0,0,0,0,0,0,0
l6,15=97,98,98,0,97,93,0,98,95,97,96,97,85,95,0,98,0,0,0,0,0,0,28,0,0,0,0,0,0,0,0,0,0,0,0,0,0,0,0,0
l7,15=94,98,98,48,93,97,96,0,99,97,97,0,0,37,51,0,96,0,0,0,0,0,0,0,0,0,0,0,0,0,0,0,0,0,0,0,0,0,0,0
l8,15=91,96,56,0,45,66,64,100,0,100,100,95,97,62,58,70,0,0,0,25,1,52,55,0,96,0,0,0,0,0,0,0,0,0,0,0,0,0,0,0
l9,15=92,13,72,0,67,99,66,99,100,0,100,93,0,100,15,94,95,40,0,0,96,92,1,0,0,0,0,0,0,0,0,0,0,0,0,0,0,0,0,0
l10,15=64,97,0,57,97,97,96,100,99,100,0,0,94,98,0,0,78,0,0,0,0,0,0,0,0,0,0,0,0,0,0,0,0,0,0,0,0,0,0,0
l11,15=0,0,4,0,0,0,71,0,53,62,0,0,100,100,57,100,99,100,0,9,88,61,61,44,99,100,0,0,0,0,0,0,0,0,0,0,99,0,98,0
l12,15=0,0,0,0,0,0,0,0,75,0,82,98,0,100,99,95,97,100,0,1,89,0,60,99,100,100,0,0,0,0,0,0,0,0,0,1,73,0,21,0
l13,15=0,95,84,0,0,66,64,16,52,99,100,99,99,0,58,95,96,99,0,9,0,2,17,74,86,96,0,0,0,0,0,0,0,0,0,0,0,0,50,0
l14,15=0,10,0,0,0,0,0,0,53,42,0,87,100,62,0,72,97,99,0,0,88,0,0,83,100,99,0,0,0,0,0,0,0,61,0,0,0,0,91,0
l15,15=0,0,0,0,1,49,64,0,52,63,0,100,98,62,58,0,98,100,0,0,84,57,0,79,99,96,0,0,0,0,0,0,0,0,0,90,0,0,97,0
l16,15=0,0,0,0,0,0,0,90,0,43,40,96,90,59,58,72,0,94,67,59,86,44,58,0,99,1,0,0,0,0,0,0,0,31,33,90,98,77,95,8
l17,15=0,0,0,0,0,0,0,0,0,61,0,97,99,62,58,82,97,0,0,63,88,61,62,82,99,98,0,0,0,0,0,0,0,60,62,0,98,9,99,2
l18,15=0,0,0,0,0,0,0,0,0,0,0,0,0,0,0,0,89,0,0,81,88,0,75,0,0,0,0,0,0,0,0,0,0,0,0,0,0,0,0,0
l19,15=0,0,0,0,0,0,0,0,11,0,0,1,56,0,0,0,76,77,51,0,99,93,93,0,0,0,76,0,0,78,0,0,0,0,0,74,81,0,73,79
l20,15=0,0,0,0,0,0,0,0,0,62,0,91,90,0,50,63,96,96,74,99,0,100,98,0,0,0,10,0,0,0,0,0,0,0,0,99,98,0,99,99
l21,15=0,0,0,0,0,0,0,0,52,56,0,90,0,3,0,63,90,96,0,99,100,0,98,0,82,0,0,0,8,0,0,0,0,18,77,79,97,78,95,92
l22,15=0,0,0,0,0,0,10,0,51,34,0,75,72,1,0,0,91,79,7,93,99,99,0,0,0,0,61,0,0,67,0,0,0,0,0,75,84,72,76,77
l23,15=0,0,0,0,0,0,0,0,0,24,0,19,100,50,99,73,0,100,0,0,0,0,0,0,100,100,0,0,0,0,0,0,59,64,0,0,0,0,0,0
l24,15=0,0,0,0,0,0,0,0,52,0,0,97,100,0,99,100,99,100,0,0,0,31,0,83,0,100,0,0,0,0,0,0,53,0,0,0,86,0,0,0
l25,15=0,0,0,0,0,0,0,0,0,0,0,98,95,63,96,71,0,99,0,0,0,0,0,81,99,0,81,0,78,4,0,65,49,54,98,0,0,0,0,0
l26,15=0,0,0,0,0,0,0,0,0,0,0,0,0,0,0,0,0,0,0,94,52,0,74,0,0,75,0,97,97,83,97,98,75,92,88,0,0,0,0,0
l27,15=0,0,0,0,0,0,0,0,0,0,0,0,0,0,0,0,0,0,0,0,0,0,0,0,0,0,95,0,97,86,97,96,75,92,88,0,0,0,0,0
l28,15=0,0,0,0,0,0,0,0,0,0,0,0,0,0,0,0,0,0,0,0,0,12,0,0,0,76,97,98,0,86,97,96,75,93,88,0,0,0,0,0
l29,15=0,0,0,0,0,0,0,0,0,0,0,0,0,0,0,0,0,0,0,92,0,0,82,0,0,4,97,98,97,0,97,98,77,93,97,0,0,0,0,0
l30,15=0,0,0,0,0,0,0,0,0,0,0,0,0,0,0,0,0,0,0,0,0,0,0,0,0,0,97,98,97,86,0,96,75,93,0,0,0,0,0,0
l31,15=0,0,0,0,0,0,0,0,0,0,0,0,0,0,0,0,0,0,0,0,0,0,0,0,0,73,97,96,96,85,94,0,81,96,98,0,0,0,0,0
l32,15=0,0,0,0,0,0,0,0,0,0,0,0,51,0,0,0,0,0,0,0,0,0,0,77,95,78,97,96,95,84,96,98,0,96,98,0,0,0,0,0
l33,15=0,0,0,0,0,0,0,0,0,0,0,0,55,0,97,0,94,90,0,0,0,24,0,96,0,80,95,97,99,94,95,100,85,0,98,0,0,0,0,0
l34,15=0,0,0,0,0,0,0,0,0,0,0,0,0,0,0,0,61,21,0,0,0,57,0,0,25,78,95,96,95,75,0,98,81,96,0,0,0,0,0,0
l35,15=0,0,0,0,0,0,0,0,0,0,0,0,42,0,0,43,69,0,0,41,68,31,45,0,0,0,0,0,0,0,0,0,0,0,0,0,99,94,92,90
l36,15=0,0,0,0,0,0,0,0,0,0,0,75,44,0,0,0,86,58,0,53,80,52,52,0,46,0,0,0,0,0,0,0,0,0,0,99,0,95,99,91
l37,15=0,0,0,0,0,0,0,0,0,0,0,0,0,0,0,0,63,0,0,0,0,47,52,0,0,0,0,0,0,0,0,0,0,0,0,99,98,0,95,98
l38,15=0,0,0,0,0,0,0,0,0,0,0,71,36,0,19,54,80,88,0,49,87,54,52,0,0,0,0,0,0,0,0,0,0,0,0,95,99,93,0,94
l39,15=0,0,0,0,0,0,0,0,0,0,0,0,0,0,0,0,0,0,0,51,72,49,47,0,0,0,0,0,0,0,0,0,0,0,0,90,97,93,95,0

