t=2016-04-12_17.46.58

n=40

q0=1
q1=1
q2=1
q3=1
q4=1
q5=1
q6=1
q7=1
q8=1
q9=1
q10=1
q11=1
q12=1
q13=1
q14=1
q15=1
q16=1
q17=1
q18=1
q19=1
q20=1
q21=1
q22=1
q23=1
q24=1
q25=1
q26=1
q27=1
q28=1
q29=1
q30=1
q31=1
q32=1
q33=1
q34=1
q35=1
q36=1
q37=1
q38=1
q39=1

a0=0x141592000c576ce6
a1=0x141592000c5aedbc
a2=0x141592000c5750f4
a3=0x141592000c576658
a4=0x141592000c575890
a5=0x141592000c574ffa
a6=0x141592000c5acf11
a7=0x141592000d9df361
a8=0x141592000c576300
a9=0x141592000c5779b6
a10=0x141592000c5762b9
a11=0x141592000c5af078
a12=0x141592000c575517
a13=0x141592000c5752c3
a14=0x141592000c5a4baa
a15=0x141592000c5776e7
a16=0x141592000c58cdeb
a17=0x141592000c5881fc
a18=0x141592000bd81d33
a19=0x141592000bd84d6a
a20=0x141592000c577233
a21=0x141592000c574527
a22=0x141592000c5746a3
a23=0x141592000c574da3
a24=0x141592000c5741c9
a25=0x141592000da244ea
a26=0x141592000c5ae886
a27=0x141592000c57510e
a28=0x141592000c5ab6c8
a29=0x141592000c574d05
a30=0x141592000edae61f
a31=0x141592000c57667e
a32=0x141592000c577f43
a33=0x141592000c576449
a34=0x1415920010f4117a
a35=0x141592000c575966
a36=0x141592000c574d35
a37=0x141592000c576fb1
a38=0x141592000c5aea5d
a39=0x141592000c59f23f

l0,0=0,87,84,92,89,81,81,76,44,78,79,0,0,0,0,0,0,0,0,0,0,0,0,0,0,0,0,0,0,0,0,0,0,0,0,0,0,0,0,0
l1,0=85,0,88,88,89,84,67,81,69,63,80,0,0,0,0,0,0,0,0,0,0,0,0,0,0,0,0,0,0,0,0,0,0,0,0,0,0,0,0,0
l2,0=81,88,0,78,88,83,93,82,27,68,82,0,0,64,0,0,0,0,0,0,0,0,0,0,0,0,0,0,0,0,0,0,0,0,0,0,0,0,0,0
l3,0=93,88,83,0,88,80,82,76,55,0,70,0,0,0,0,0,0,0,0,0,0,0,0,0,0,0,0,0,0,0,0,0,0,0,0,0,0,0,0,0
l4,0=85,88,87,87,0,82,77,70,64,67,79,0,0,62,0,0,0,0,0,0,0,0,0,0,0,0,0,0,0,0,0,0,0,0,0,0,0,0,0,0
l5,0=80,89,87,78,83,0,82,76,70,68,75,53,0,46,0,0,0,0,0,0,0,0,0,0,0,0,0,0,0,0,0,0,0,0,0,0,0,0,0,0
l6,0=79,54,91,75,78,78,0,87,68,65,69,52,0,58,0,42,50,0,0,0,0,0,0,0,0,0,0,0,0,0,0,0,0,0,0,0,0,0,0,0
l7,0=40,81,80,70,77,77,80,0,70,79,83,73,0,49,0,41,0,0,0,0,0,0,0,0,0,0,0,0,0,0,0,0,0,0,0,0,0,0,0,0
l8,0=0,71,0,15,72,67,78,70,0,89,69,85,72,88,57,74,79,35,0,0,0,57,0,7,69,14,0,0,0,0,0,0,0,0,0,0,0,0,58,0
l9,0=73,61,80,0,69,81,71,84,84,0,84,74,59,74,34,53,58,26,0,0,0,0,41,0,0,0,0,0,0,0,0,0,0,0,0,0,0,0,0,0
l10,0=70,79,82,56,75,76,76,84,66,95,0,75,55,77,0,62,3,0,0,0,0,0,0,0,0,0,0,0,0,0,0,0,0,0,0,0,0,0,0,0
l11,0=0,0,0,0,0,46,40,22,27,74,68,0,93,87,86,89,81,52,0,33,0,26,0,0,79,0,0,0,0,0,0,0,0,0,0,0,29,0,59,0
l12,0=0,0,0,0,0,0,0,0,22,57,28,89,0,84,83,89,73,95,0,0,32,34,0,85,92,82,0,0,0,0,0,0,0,21,0,3,19,0,66,0
l13,0=0,0,45,0,24,0,48,6,82,73,77,86,84,0,84,71,52,39,0,31,0,43,47,80,62,14,0,0,0,0,0,0,0,0,0,0,0,0,56,0
l14,0=0,0,0,0,0,0,0,0,26,52,0,83,87,85,0,76,81,27,0,0,35,0,69,84,85,54,0,0,0,0,0,0,0,38,0,0,20,0,60,0
l15,0=0,0,0,0,0,0,38,17,25,56,65,97,94,82,83,0,73,43,0,0,4,0,31,0,85,0,0,0,0,0,0,0,0,0,0,0,22,0,68,0
l16,0=0,0,0,0,0,0,26,0,25,53,0,76,58,47,83,58,0,34,0,37,30,42,70,47,82,0,0,0,0,0,0,0,0,15,0,18,25,7,71,33
l17,0=0,0,0,0,0,0,0,0,18,58,0,94,94,77,85,83,91,0,0,0,35,38,33,0,80,28,0,0,0,0,0,0,0,34,0,0,30,0,25,0
l18,0=0,0,0,0,0,0,0,0,0,0,0,0,0,0,0,0,0,0,0,0,74,0,76,0,0,0,0,0,0,0,0,0,0,0,0,0,0,0,0,0
l19,0=0,0,0,0,0,0,0,0,1,0,0,36,0,48,0,0,49,0,0,0,79,26,94,0,0,0,12,0,0,0,0,7,0,0,0,23,70,0,65,86
l20,0=0,0,0,0,0,0,0,0,0,0,0,0,46,12,46,3,48,20,53,90,0,78,94,0,0,0,0,0,0,0,0,0,0,0,16,24,59,57,97,95
l21,0=0,0,0,0,0,0,0,0,67,0,0,29,40,72,0,0,60,49,21,22,85,0,94,0,0,0,1,0,0,0,0,1,0,0,0,71,69,19,88,83
l22,0=0,0,0,0,0,0,0,0,6,29,0,0,3,51,41,23,59,11,53,91,85,78,0,0,1,0,4,0,0,0,0,9,0,0,0,36,57,22,87,86
l23,0=0,0,0,0,0,0,0,0,10,0,0,0,84,85,84,0,66,0,0,0,0,0,0,0,87,3,0,0,0,0,0,0,1,41,71,0,0,0,0,0
l24,0=0,0,0,0,0,0,0,0,25,0,0,81,94,82,84,77,81,25,0,0,0,0,4,86,0,51,0,0,0,0,0,0,9,63,60,0,0,0,0,0
l25,0=0,0,0,0,0,0,0,0,18,0,0,0,86,67,88,0,0,42,0,0,0,0,0,31,85,0,25,10,0,0,0,20,42,59,75,0,0,0,0,0
l26,0=0,0,0,0,0,0,0,0,0,0,0,0,0,0,0,0,0,0,0,58,0,1,26,0,0,66,0,79,97,89,91,85,68,61,65,0,0,0,0,0
l27,0=0,0,0,0,0,0,0,0,0,0,0,0,0,0,0,0,0,0,0,0,0,0,0,0,0,6,78,0,97,95,98,71,76,68,79,0,0,0,0,0
l28,0=0,0,0,0,0,0,0,0,0,0,0,0,0,0,0,0,0,0,0,0,0,0,0,0,0,0,86,99,0,95,97,83,79,69,82,0,0,0,0,0
l29,0=0,0,0,0,0,0,0,0,0,0,0,0,0,0,0,0,0,0,0,0,0,0,0,0,0,1,83,100,97,0,97,62,57,57,60,0,0,0,0,0
l30,0=0,0,0,0,0,0,0,0,0,0,0,0,0,0,0,0,0,0,0,0,0,0,0,0,0,0,78,100,97,95,0,54,62,67,0,0,0,0,0,0
l31,0=0,0,0,0,0,0,0,0,0,0,0,0,0,0,0,0,0,0,0,43,0,6,44,15,0,59,81,63,89,74,54,0,88,76,94,0,0,0,0,0
l32,0=0,0,0,0,0,0,0,0,0,0,0,0,0,0,0,0,0,0,0,0,0,0,3,51,58,68,68,63,82,67,55,81,0,85,95,0,0,0,0,0
l33,0=0,0,0,0,0,0,0,0,0,0,0,0,71,0,71,0,51,50,0,0,0,0,0,66,80,78,69,53,80,65,74,77,83,0,78,0,0,0,0,0
l34,0=0,0,0,0,0,0,0,0,0,0,0,0,0,0,0,0,35,0,0,0,50,0,0,64,61,83,67,69,87,70,0,84,92,71,0,0,0,0,0,0
l35,0=0,0,0,0,0,0,0,0,0,0,0,0,0,0,0,0,13,0,0,11,5,29,50,0,0,0,0,0,0,0,0,0,0,0,0,0,51,89,97,49
l36,0=0,0,0,0,0,0,0,0,0,0,0,48,15,0,13,22,30,17,0,33,48,23,91,0,0,0,0,0,0,0,0,0,0,0,0,44,0,36,83,57
l37,0=0,0,0,0,0,0,0,0,0,0,0,0,0,0,0,0,5,0,0,0,48,19,42,0,0,0,0,0,0,0,0,0,0,0,0,44,36,0,1,57
l38,0=0,0,0,0,0,0,0,0,11,0,0,16,50,45,14,47,79,0,0,28,52,34,88,0,0,0,0,0,0,0,0,0,0,0,0,61,61,2,0,58
l39,0=0,0,0,0,0,0,0,0,0,0,0,0,0,0,0,0,37,0,0,53,52,34,92,0,0,0,0,0,0,0,0,0,0,0,0,44,37,35,80,0

l0,1=0,88,59,88,76,77,75,0,59,75,51,0,0,0,0,0,0,0,0,0,0,0,0,0,0,0,0,0,0,0,0,0,0,0,0,0,0,0,0,0
l1,1=71,0,78,88,76,80,68,48,56,67,57,0,0,9,0,0,0,0,0,0,0,0,0,0,0,0,0,0,0,0,0,0,0,0,0,0,0,0,0,0
l2,1=46,88,0,82,72,85,83,52,0,73,64,0,0,0,0,13,0,0,0,0,0,0,0,0,0,0,0,0,0,0,0,0,0,0,0,0,0,0,0,0
l3,1=82,88,72,0,74,79,64,41,0,0,57,0,0,0,0,0,0,0,0,0,0,0,0,0,0,0,0,0,0,0,0,0,0,0,0,0,0,0,0,0
l4,1=80,88,70,79,0,79,61,42,66,67,37,0,0,32,0,0,0,0,0,0,0,0,0,0,0,0,0,0,0,0,0,0,0,0,0,0,0,0,0,0
l5,1=52,87,78,81,73,0,71,60,58,72,42,0,0,0,0,0,0,0,0,0,0,0,0,0,0,0,0,0,0,0,0,0,0,0,0,0,0,0,0,0
l6,1=47,72,78,64,56,64,0,54,56,46,21,27,2,26,0,0,5,0,0,0,0,0,0,0,0,0,0,0,0,0,0,0,0,0,0,0,0,0,0,0
l7,1=0,42,65,48,40,71,77,0,60,73,66,14,1,6,0,0,0,0,0,0,0,0,0,0,0,0,0,0,0,0,0,0,0,0,0,0,0,0,0,0
l8,1=23,28,0,0,61,52,65,58,0,83,39,54,0,80,34,51,31,22,0,0,0,47,33,8,0,0,0,0,0,0,0,0,0,0,0,0,0,0,6,0
l9,1=25,62,60,0,51,66,48,54,80,0,65,47,8,69,16,39,9,43,0,0,0,23,16,0,0,0,0,0,0,0,0,0,0,0,0,0,0,0,0,0
l10,1=38,76,74,56,63,68,77,74,56,79,0,23,0,50,4,27,0,0,0,0,0,9,0,0,0,0,0,0,0,0,0,0,0,0,0,0,0,0,0,0
l11,1=0,0,0,0,0,0,27,24,49,38,32,0,75,81,49,60,32,68,0,25,16,6,0,0,17,0,0,0,0,0,0,0,0,0,0,17,25,0,41,0
l12,1=0,0,0,0,0,0,0,0,19,25,0,74,0,43,79,58,18,74,0,0,31,32,25,34,79,33,0,0,0,0,0,0,0,0,0,0,5,0,37,0
l13,1=0,0,0,0,11,0,27,0,72,75,56,72,45,0,40,28,31,59,0,21,19,36,29,23,1,0,0,0,0,0,0,0,0,0,0,0,0,0,35,0
l14,1=0,0,0,0,0,0,0,0,31,29,0,45,81,39,0,35,39,54,0,0,35,30,26,66,39,54,0,0,0,0,0,0,0,2,6,0,0,0,0,0
l15,1=0,0,0,0,0,0,0,0,46,36,23,83,79,29,27,0,9,64,0,0,3,0,30,6,46,0,0,0,0,0,0,0,0,0,0,0,23,0,0,0
l16,1=0,0,0,0,0,0,2,0,32,21,0,30,23,29,37,17,0,54,0,16,37,44,45,6,8,14,0,0,0,0,0,0,0,15,0,35,20,2,18,34
l17,1=0,0,0,0,0,0,0,0,28,29,0,68,85,39,28,49,37,0,0,0,29,21,31,6,12,9,0,0,0,0,0,0,0,23,0,2,22,0,0,0
l18,1=0,0,0,0,0,0,0,0,0,0,0,0,0,0,0,0,0,0,0,41,52,53,63,0,0,0,0,0,0,0,0,0,0,0,0,0,0,0,0,0
l19,1=0,0,0,0,0,0,0,0,0,0,0,16,0,22,0,0,4,0,34,0,54,34,74,0,0,0,43,0,0,0,0,12,0,0,0,18,54,17,53,53
l20,1=0,0,0,0,0,0,0,0,0,0,0,2,21,25,16,0,31,14,36,59,0,75,73,0,0,0,0,0,0,0,0,0,0,0,0,33,47,27,65,57
l21,1=0,0,0,0,0,0,0,0,38,20,5,0,19,31,16,0,34,14,32,29,59,0,69,0,0,0,11,0,0,0,0,7,6,0,0,60,24,19,62,56
l22,1=0,0,0,0,0,0,0,0,26,12,0,0,10,24,7,18,34,19,37,63,67,75,0,0,0,0,5,0,0,0,0,20,0,0,0,55,65,19,36,58
l23,1=0,0,0,0,0,0,0,0,19,0,0,0,39,39,57,8,13,25,0,0,0,0,0,0,69,44,0,0,0,0,0,0,0,4,61,0,0,0,0,0
l24,1=0,0,0,0,0,0,0,0,0,0,0,37,76,28,45,56,32,37,0,0,0,0,1,68,0,48,0,0,0,0,0,0,18,33,16,0,0,0,0,0
l25,1=0,0,0,0,0,0,0,0,4,0,0,0,47,28,65,0,29,24,0,0,0,0,0,52,51,0,40,0,11,5,0,36,0,47,54,0,0,0,0,0
l26,1=0,0,0,0,0,0,0,0,0,0,0,0,0,0,0,0,0,0,0,37,0,5,28,0,0,37,0,64,80,66,68,80,64,62,50,0,0,0,0,0
l27,1=0,0,0,0,0,0,0,0,0,0,0,0,0,0,0,0,0,0,0,0,0,0,0,0,0,0,69,0,80,79,86,63,52,53,63,0,0,0,0,0
l28,1=0,0,0,0,0,0,0,0,0,0,0,0,0,0,0,0,0,0,0,2,0,0,0,0,0,28,83,85,0,79,79,76,35,43,51,0,0,0,0,0
l29,1=0,0,0,0,0,0,0,0,0,0,0,0,0,0,0,0,0,0,0,0,0,0,0,0,0,10,77,86,80,0,79,70,37,40,46,0,0,0,0,0
l30,1=0,0,0,0,0,0,0,0,0,0,0,0,0,0,0,0,0,0,0,0,0,0,0,0,0,0,69,93,79,78,0,58,35,54,0,0,0,0,0,0
l31,1=0,0,0,0,0,0,0,0,0,0,0,0,0,0,0,0,0,0,0,35,0,19,41,0,0,38,73,46,60,42,43,0,59,58,77,0,0,0,0,0
l32,1=0,0,0,0,0,0,0,0,0,0,0,0,0,0,0,0,0,0,0,0,0,0,0,0,27,0,68,52,44,40,46,76,0,58,85,0,0,0,0,0
l33,1=0,0,0,0,0,0,0,0,0,0,0,0,3,0,0,0,12,34,0,0,0,0,0,0,28,50,66,44,52,22,54,73,55,0,69,0,0,0,0,0
l34,1=0,0,0,0,0,0,0,0,0,0,0,0,0,0,29,0,0,0,0,0,22,0,0,47,29,43,52,55,60,41,0,75,70,50,0,0,0,0,0,0
l35,1=0,0,0,0,0,0,0,0,0,0,0,0,0,0,0,0,12,0,0,12,22,50,56,0,0,0,0,0,0,0,0,0,0,0,0,0,49,34,64,44
l36,1=0,0,0,0,0,0,0,0,0,0,0,19,0,0,0,24,12,16,0,35,52,31,64,0,0,0,0,0,0,0,0,0,0,0,0,64,0,34,64,53
l37,1=0,0,0,0,0,0,0,0,0,0,0,0,0,0,0,0,3,0,0,16,49,27,20,0,0,0,0,0,0,0,0,0,0,0,0,57,39,0,57,58
l38,1=0,0,0,0,0,0,0,0,2,0,0,18,23,24,0,0,5,0,0,36,53,56,39,0,0,0,0,0,0,0,0,0,0,0,0,65,63,28,0,53
l39,1=0,0,0,0,0,0,0,0,0,0,0,0,0,0,0,0,12,0,0,43,49,47,60,0,0,0,0,0,0,0,0,0,0,0,0,48,36,29,53,0

l0,2=0,82,74,77,68,73,72,70,56,69,44,0,0,0,0,0,0,0,0,0,0,0,0,1,0,0,0,0,0,0,0,0,0,0,0,0,0,0,0,0
l1,2=71,0,78,85,79,78,74,74,17,75,68,0,0,0,0,0,0,0,0,0,0,0,0,0,0,0,0,0,0,0,0,0,0,0,0,0,0,0,0,0
l2,2=42,73,0,80,56,82,78,84,16,83,53,0,0,0,0,15,0,0,0,0,0,0,0,0,0,0,0,0,0,0,0,0,0,0,0,0,0,0,0,0
l3,2=75,86,80,0,66,72,40,4,35,0,0,0,0,0,0,0,0,0,0,0,0,0,0,0,0,0,0,0,0,0,0,0,0,0,0,0,0,0,0,0
l4,2=67,82,71,68,0,77,71,60,6,79,27,0,0,0,0,0,0,0,0,0,0,0,0,0,0,0,0,0,0,0,0,0,0,0,0,0,0,0,0,0
l5,2=42,76,78,65,59,0,57,81,45,77,42,0,0,8,0,0,0,0,0,0,0,0,0,0,0,0,0,0,0,0,0,0,0,0,0,0,0,0,0,0
l6,2=37,71,69,33,53,71,0,69,31,74,40,16,18,1,0,19,0,0,0,0,0,0,0,0,0,0,0,0,0,0,0,0,0,0,0,0,0,0,0,0
l7,2=27,70,55,34,46,72,57,0,51,77,67,18,0,31,0,33,0,0,0,0,0,0,0,0,0,0,0,0,0,0,0,0,0,0,0,0,0,0,0,0
l8,2=17,0,0,10,0,40,21,77,0,89,61,38,1,61,7,40,38,26,0,0,0,17,12,0,24,11,0,0,0,0,0,0,0,0,0,0,0,0,0,0
l9,2=20,54,75,0,58,63,56,82,82,0,66,31,20,58,0,37,21,12,0,0,0,9,0,0,0,0,0,0,0,0,0,0,0,0,0,0,0,0,0,0
l10,2=21,68,50,8,32,67,64,85,46,87,0,22,0,37,0,25,0,1,0,0,0,0,0,3,0,0,0,0,0,0,0,0,0,0,0,0,0,0,0,0
l11,2=0,0,0,0,0,0,18,12,43,39,14,0,80,68,73,58,53,77,0,33,22,14,14,31,5,0,0,0,0,0,0,0,0,0,0,11,27,0,8,2
l12,2=0,0,0,0,0,0,17,0,0,35,0,81,0,39,79,53,69,83,0,0,0,14,0,74,86,70,0,0,0,0,0,0,0,0,0,0,1,0,7,0
l13,2=0,0,0,0,0,0,0,29,70,74,41,84,28,0,29,43,44,37,0,36,18,17,17,45,34,4,0,0,0,0,0,0,0,0,0,1,0,0,15,0
l14,2=0,0,0,0,0,0,0,0,27,0,0,68,82,40,0,28,71,35,0,0,26,5,0,75,75,66,0,0,0,0,0,0,0,8,0,0,0,0,29,0
l15,2=0,0,5,0,0,0,6,33,52,38,13,94,80,53,29,0,1,56,0,2,32,0,0,28,70,0,0,0,0,0,0,0,0,0,0,0,13,0,10,3
l16,2=0,0,0,0,0,0,0,0,30,15,0,22,56,43,62,1,0,57,0,25,58,18,42,0,32,28,0,0,0,0,0,0,0,2,0,23,46,0,30,28
l17,2=0,0,0,0,0,0,0,0,34,30,0,85,83,42,33,46,82,0,0,0,28,15,15,32,57,0,0,0,0,0,0,0,0,0,0,0,23,0,25,0
l18,2=0,0,0,0,0,0,0,0,0,0,0,0,0,1,0,0,0,0,0,36,50,28,29,0,0,0,0,0,0,0,0,0,0,0,0,0,0,0,0,0
l19,2=0,0,0,0,0,0,0,0,0,0,0,10,0,42,0,0,24,0,22,0,65,0,52,0,0,0,47,0,0,0,0,16,0,0,0,0,53,2,51,50
l20,2=0,0,0,0,0,0,0,0,0,0,0,9,0,23,18,30,57,12,34,64,0,36,47,0,0,0,0,0,0,0,0,0,0,0,1,26,62,60,57,53
l21,2=0,0,0,0,0,0,0,0,43,23,0,19,27,32,12,0,58,12,28,0,76,0,53,0,0,0,0,0,0,0,0,0,0,2,0,42,62,29,57,56
l22,2=0,0,0,0,0,0,0,0,27,0,0,11,6,29,0,0,57,11,28,71,72,36,0,0,0,0,4,0,0,15,0,9,0,0,0,44,62,44,17,54
l23,2=0,0,0,0,0,0,0,0,0,0,0,31,76,49,69,16,0,23,0,0,0,0,0,0,82,67,0,0,0,0,0,0,0,0,16,0,0,0,0,0
l24,2=0,0,0,0,0,0,0,0,56,0,0,2,76,57,68,49,70,60,0,0,0,0,0,78,0,70,0,0,0,0,0,0,3,3,0,0,11,0,0,0
l25,2=0,0,0,0,0,0,0,0,29,0,0,0,76,18,61,0,66,0,0,0,0,0,0,69,73,0,32,0,0,0,0,56,60,42,52,0,0,0,0,0
l26,2=0,0,0,0,0,0,0,0,0,0,0,0,0,0,0,0,0,0,0,47,0,0,6,0,0,43,0,5,76,77,80,70,76,50,48,0,0,0,0,0
l27,2=0,0,0,0,0,0,0,0,0,0,0,0,0,0,0,0,0,0,0,0,0,0,0,0,0,0,18,0,75,84,88,61,60,39,46,0,0,0,0,0
l28,2=0,0,0,0,0,0,0,0,0,0,0,0,0,0,0,0,0,0,0,0,0,0,0,0,0,0,89,84,0,86,85,69,42,39,33,0,0,0,0,0
l29,2=0,0,0,0,0,0,0,0,0,0,0,0,0,0,0,0,0,0,0,0,0,0,24,0,0,0,82,83,76,0,80,60,53,0,1,0,0,0,0,0
l30,2=0,0,0,0,0,0,0,0,0,0,0,0,0,0,0,0,0,0,0,0,0,0,0,0,0,0,72,88,71,68,0,41,56,44,32,0,0,0,0,0
l31,2=0,0,0,0,0,0,0,0,0,0,0,0,0,0,0,0,0,0,0,40,0,0,20,1,0,36,82,51,59,46,45,0,82,50,61,0,0,0,0,0
l32,2=0,0,0,0,0,0,0,0,0,0,0,0,0,0,0,0,0,0,0,0,0,0,0,0,15,36,68,43,41,46,50,71,0,50,77,0,0,0,0,0
l33,2=0,0,0,0,0,0,0,0,0,0,0,0,0,0,39,0,52,25,0,0,0,18,0,0,38,59,68,34,58,0,56,64,75,0,61,0,0,0,0,0
l34,2=0,0,0,0,0,0,0,0,0,0,0,0,0,0,0,0,32,0,0,0,40,0,0,44,22,42,68,47,51,27,48,70,86,53,0,0,0,0,0,0
l35,2=0,0,0,0,0,0,0,0,0,0,0,0,0,2,0,0,31,0,0,0,33,20,30,0,0,0,0,0,0,0,0,0,0,0,0,0,68,67,62,50
l36,2=0,0,0,0,0,0,0,0,0,0,0,26,1,0,0,5,48,18,0,49,59,29,38,0,3,0,0,0,0,0,0,0,0,0,0,55,0,67,62,52
l37,2=0,0,0,0,0,0,0,0,0,0,0,0,0,0,0,0,0,0,0,3,51,17,24,0,0,0,0,0,0,0,0,0,0,0,0,55,68,0,44,46
l38,2=0,0,0,0,0,0,0,0,5,0,0,16,15,34,17,17,29,11,0,39,65,30,8,0,0,0,0,0,0,0,0,0,0,0,0,55,69,53,0,53
l39,2=0,0,0,0,0,0,0,0,0,0,0,0,0,0,0,0,31,0,0,50,52,29,33,0,0,0,0,0,0,0,0,0,0,0,0,40,52,44,52,0

l0,3=0,79,73,92,86,77,72,76,0,77,0,0,0,0,0,0,0,0,0,0,0,0,0,1,0,0,0,0,0,0,0,0,0,0,0,0,0,0,0,0
l1,3=80,0,57,89,86,79,77,65,53,85,44,2,0,0,0,0,0,0,0,0,0,0,0,0,0,0,0,0,0,0,0,0,0,0,0,0,0,0,0,0
l2,3=27,28,0,88,90,85,86,77,55,78,74,0,0,59,0,0,0,0,0,0,0,0,0,0,0,0,0,0,0,0,0,0,0,0,0,0,0,0,0,0
l3,3=82,84,75,0,90,0,72,0,15,1,60,0,0,0,0,0,0,0,0,0,0,0,0,0,0,0,0,0,0,0,0,0,0,0,0,0,0,0,0,0
l4,3=19,73,75,89,0,81,71,7,0,76,0,0,0,29,0,0,0,0,0,0,0,0,0,0,0,0,0,0,0,0,0,0,0,0,0,0,0,0,0,0
l5,3=20,81,81,0,82,0,67,71,44,67,54,1,0,62,2,9,0,0,0,0,0,0,0,0,0,0,0,0,0,0,0,0,0,0,0,0,0,0,0,0
l6,3=17,32,80,76,62,56,0,73,62,74,62,3,45,51,0,33,38,0,0,0,0,0,0,0,0,0,0,0,0,0,0,0,0,0,0,0,0,0,0,0
l7,3=17,24,60,0,24,66,71,0,75,86,79,0,0,69,0,37,18,0,0,0,0,0,0,0,0,0,0,0,0,0,0,0,0,0,0,0,0,0,0,0
l8,3=0,3,23,16,0,19,33,56,0,88,53,47,15,84,0,77,36,31,0,0,0,40,26,0,31,0,0,0,0,0,0,0,0,0,0,0,0,0,20,0
l9,3=4,14,27,12,29,21,31,78,88,0,80,1,17,84,17,35,0,0,0,0,19,6,0,0,0,0,0,0,0,0,0,0,0,0,0,0,0,0,0,0
l10,3=0,14,62,43,9,63,81,87,68,94,0,4,0,84,0,17,0,0,0,0,0,0,0,0,9,0,0,0,0,0,0,0,0,0,0,0,0,0,14,0
l11,3=0,1,0,0,0,22,69,0,74,28,58,0,84,92,81,87,57,91,0,14,24,50,64,73,79,7,0,0,0,0,0,0,0,0,0,0,68,19,73,0
l12,3=0,0,0,0,0,0,26,0,25,30,0,96,0,45,91,87,34,97,0,17,0,31,1,84,95,90,0,0,0,0,0,0,0,0,0,34,22,0,30,0
l13,3=0,0,15,0,19,18,11,26,86,82,68,91,74,0,0,76,30,79,20,17,23,22,28,4,2,19,0,0,0,0,0,0,0,0,0,0,0,0,26,0
l14,3=0,0,0,0,0,0,0,0,25,30,1,94,89,0,0,28,81,28,0,0,24,0,0,93,95,75,0,0,0,0,0,0,0,30,0,0,0,0,32,0
l15,3=0,0,0,0,0,2,20,36,80,68,18,97,84,84,6,0,68,82,0,14,63,12,0,65,87,0,0,0,0,0,0,0,0,0,0,0,0,0,58,13
l16,3=0,0,0,0,0,0,29,13,38,0,0,40,58,37,75,41,0,85,24,0,77,70,75,0,38,29,0,0,0,0,0,0,0,26,0,0,43,20,43,38
l17,3=0,0,0,0,0,0,0,0,34,0,0,94,89,82,4,67,92,0,0,1,24,30,30,25,83,0,0,0,0,0,0,0,0,0,0,0,42,20,28,28
l18,3=0,0,0,0,0,0,0,0,0,0,0,0,0,57,0,0,35,0,0,58,58,27,34,0,0,0,0,0,0,0,0,0,0,0,0,0,0,0,0,0
l19,3=0,0,0,0,0,0,0,0,0,0,0,7,32,49,0,10,0,0,54,0,91,84,91,0,0,0,0,0,0,32,0,41,0,0,0,0,64,57,39,1
l20,3=0,0,0,0,0,0,0,0,0,32,0,19,0,71,1,65,81,56,48,79,0,88,91,0,62,0,0,0,0,0,0,0,0,0,2,1,85,90,85,90
l21,3=0,0,0,0,0,0,0,0,78,28,0,63,66,63,0,30,79,55,44,72,93,0,91,0,0,0,0,0,0,0,0,0,17,28,0,52,83,77,77,84
l22,3=0,0,0,0,0,0,0,0,57,0,0,73,12,74,0,0,79,39,42,87,97,88,0,0,0,0,51,0,0,58,0,0,0,0,0,91,71,73,84,90
l23,3=0,0,0,0,0,0,0,0,0,0,0,41,80,33,87,40,0,30,0,0,0,0,0,0,94,88,0,0,0,0,0,0,0,23,0,0,0,0,0,0
l24,3=0,0,0,0,0,0,0,0,37,0,0,79,88,5,80,75,80,82,0,0,31,0,0,92,0,81,0,0,0,0,0,0,0,75,0,0,37,0,27,0
l25,3=0,0,0,0,2,0,0,0,0,0,0,9,84,37,75,0,34,0,0,0,0,0,0,89,88,0,9,0,0,0,0,39,31,86,75,0,0,0,0,0
l26,3=0,0,0,0,0,0,0,0,0,0,0,0,0,0,0,0,0,0,0,0,0,0,61,0,0,46,0,87,98,96,95,97,87,59,89,0,0,0,0,0
l27,3=0,0,0,0,0,0,0,0,0,0,0,0,0,0,0,0,0,0,0,0,0,0,0,0,0,0,94,0,98,96,100,95,89,1,27,0,0,0,0,0
l28,3=0,0,0,0,0,0,0,0,0,0,0,0,0,0,0,0,0,0,0,0,0,0,0,0,0,0,96,100,0,97,94,93,85,90,82,0,0,0,0,0
l29,3=0,0,0,0,0,0,0,0,0,0,0,0,0,0,0,0,0,0,0,46,0,0,61,0,0,0,95,100,98,0,97,92,85,53,76,0,0,0,0,0
l30,3=0,0,0,0,0,0,0,0,0,0,0,0,0,0,0,0,0,0,0,0,0,0,0,0,0,0,94,100,92,93,0,84,86,75,0,0,0,0,0,0
l31,3=0,0,0,0,0,0,0,0,0,0,0,0,0,0,0,0,0,0,0,36,0,0,0,1,0,70,96,78,84,82,68,0,95,92,98,0,0,0,0,0
l32,3=0,0,0,0,0,0,0,0,0,0,0,0,9,0,0,0,0,0,0,0,0,5,0,0,0,80,87,71,84,85,88,99,0,92,98,0,0,0,0,0
l33,3=0,0,0,0,0,0,0,0,0,0,0,0,3,0,19,0,20,0,0,0,0,1,0,20,82,90,23,0,88,18,31,92,87,0,94,0,0,0,0,0
l34,3=0,0,0,0,0,0,0,0,0,0,0,0,0,0,0,0,0,0,0,0,22,0,0,9,2,82,83,8,82,80,11,98,95,96,0,0,0,0,0,0
l35,3=0,0,0,0,0,0,0,0,0,0,0,0,22,0,0,0,0,0,0,0,0,9,77,0,0,0,0,0,0,0,0,0,0,0,0,0,86,88,82,87
l36,3=0,0,0,0,0,0,0,0,0,0,0,53,16,6,0,0,53,57,0,54,77,68,70,0,19,0,0,0,0,0,0,0,0,0,0,87,0,90,86,76
l37,3=0,0,0,0,0,0,0,0,0,0,0,1,0,0,0,0,7,3,0,42,80,54,35,0,0,0,0,0,0,0,0,0,0,0,0,91,83,0,71,81
l38,3=0,0,0,0,0,0,0,0,20,0,0,68,65,65,23,50,62,46,0,38,92,57,76,0,31,0,0,0,0,0,0,0,0,0,0,93,87,76,0,82
l39,3=0,0,0,0,0,0,0,0,0,0,0,0,0,0,0,2,55,12,0,0,88,67,84,0,0,0,0,0,0,0,0,0,0,0,0,90,79,84,81,0

l0,4=0,93,70,96,0,97,91,86,0,78,79,0,0,0,0,0,0,0,0,0,0,0,0,0,0,0,0,0,0,0,0,0,0,0,0,0,0,0,0,0
l1,4=87,0,80,92,87,95,94,60,66,82,41,0,0,73,0,0,0,0,0,0,0,0,0,0,0,0,0,0,0,0,0,0,0,0,0,0,0,0,0,0
l2,4=86,90,0,92,86,95,94,92,25,81,95,0,0,81,0,0,0,0,0,0,0,0,0,0,0,0,0,0,0,0,0,0,0,0,0,0,0,0,0,0
l3,4=99,96,95,0,90,91,97,0,67,0,81,0,0,0,0,0,0,0,0,0,0,0,0,0,0,0,0,0,0,0,0,0,0,0,0,0,0,0,0,0
l4,4=0,89,80,81,0,88,79,86,58,69,0,0,0,3,0,0,0,0,0,0,0,0,0,18,0,0,0,0,0,0,0,0,0,0,0,0,0,0,0,0
l5,4=87,90,89,81,83,0,87,92,53,81,91,0,0,82,0,71,0,0,0,0,0,0,0,0,0,0,0,0,0,0,0,0,0,0,0,0,0,0,0,0
l6,4=80,90,88,78,77,94,0,96,62,83,95,75,71,0,0,74,82,0,0,0,0,0,0,0,0,0,0,0,0,0,0,0,0,0,0,0,0,0,0,0
l7,4=91,63,87,0,82,95,93,0,79,88,99,79,0,0,0,80,0,0,0,0,0,0,0,0,0,0,0,0,0,0,0,0,0,0,0,0,0,0,0,0
l8,4=0,69,0,66,73,8,70,85,0,90,86,75,72,89,57,78,84,80,0,0,63,75,74,0,2,0,0,0,0,0,0,0,0,0,0,0,0,0,0,0
l9,4=72,80,68,0,76,82,83,90,84,0,99,81,0,85,38,28,0,81,0,0,74,0,80,0,0,0,0,0,0,0,0,0,0,0,0,0,0,0,0,0
l10,4=64,20,83,71,0,90,94,96,74,89,0,80,73,84,74,77,0,72,0,0,0,0,0,4,0,0,0,0,0,0,0,0,0,0,0,0,0,0,0,0
l11,4=0,0,0,0,0,0,78,84,72,72,85,0,82,85,82,96,87,83,0,1,20,80,82,84,77,70,0,0,0,0,0,0,0,0,0,31,85,0,81,0
l12,4=0,0,0,0,0,0,13,0,73,0,73,83,0,79,82,80,90,95,0,24,28,0,0,85,88,86,0,0,0,0,0,0,17,13,0,0,3,0,82,0
l13,4=0,28,50,0,0,78,0,0,79,72,84,77,77,0,0,80,85,81,0,48,79,73,81,83,43,69,0,0,0,0,0,0,0,0,0,0,0,0,75,0
l14,4=0,0,0,0,0,0,0,0,68,45,85,84,89,0,0,0,92,82,0,0,80,0,0,90,91,86,0,0,0,0,0,0,0,79,32,0,10,0,83,0
l15,4=0,0,0,0,0,75,72,83,72,62,83,95,82,84,0,0,85,81,0,37,79,75,81,84,84,0,0,0,0,0,0,0,0,0,0,0,83,0,78,0
l16,4=0,0,0,0,0,0,69,0,74,0,0,81,82,85,83,82,0,91,54,76,86,85,86,66,83,75,0,0,0,0,0,0,0,37,11,82,76,0,88,82
l17,4=0,0,0,0,0,0,0,0,69,71,53,86,89,84,72,75,96,0,0,0,80,73,75,84,85,66,0,0,0,0,0,0,0,0,0,68,87,0,72,77
l18,4=0,0,0,0,0,0,0,0,0,0,0,0,0,0,0,0,89,0,0,90,38,87,88,0,0,0,0,0,0,0,0,0,0,0,0,0,0,0,0,0
l19,4=0,0,0,0,0,0,0,0,0,0,0,0,54,54,0,0,81,0,68,0,95,92,97,0,0,0,0,0,0,17,0,0,0,0,0,0,78,62,77,80
l20,4=0,0,0,0,0,0,0,0,46,54,0,0,48,76,71,73,90,79,12,91,0,89,97,0,74,0,0,0,43,0,0,0,51,0,6,78,91,66,91,85
l21,4=0,0,0,0,0,0,0,0,67,0,0,71,0,69,3,68,95,71,65,91,91,0,94,0,44,0,0,0,0,0,0,0,6,0,0,15,91,62,85,91
l22,4=0,0,0,0,0,0,0,0,58,62,0,69,0,76,0,55,92,67,66,96,95,89,0,0,0,0,68,0,0,50,12,0,0,15,0,86,91,70,91,78
l23,4=0,0,0,0,0,0,0,0,0,0,0,77,84,81,85,80,51,42,0,0,0,0,0,0,91,93,0,0,0,0,0,0,0,77,75,0,0,0,0,0
l24,4=0,0,0,0,0,0,0,0,0,0,0,75,86,69,89,84,91,88,0,0,80,14,0,96,0,84,0,0,0,0,0,0,0,81,3,0,0,0,0,0
l25,4=0,0,0,0,0,0,0,0,0,0,0,24,89,51,90,4,75,37,0,0,0,0,0,96,91,0,0,0,0,37,0,48,85,99,87,0,0,0,0,0
l26,4=0,0,0,0,0,0,0,0,0,0,0,0,0,0,0,0,0,0,0,5,0,0,89,0,0,0,0,82,100,100,100,100,100,56,99,0,0,0,0,0
l27,4=0,0,0,0,0,0,0,0,0,0,0,0,0,0,0,0,0,0,0,0,0,0,0,0,0,0,99,0,100,100,100,93,26,0,13,0,0,0,0,0
l28,4=0,0,0,0,0,0,0,0,0,0,0,0,0,0,0,0,0,0,0,18,83,0,0,0,0,10,100,100,0,100,96,95,98,96,97,0,0,0,0,0
l29,4=0,0,0,0,0,0,0,0,0,0,0,0,0,0,0,0,0,0,0,35,0,0,34,0,0,74,100,100,100,0,99,93,92,91,91,0,0,0,0,0
l30,4=0,0,0,0,0,0,0,0,0,0,0,0,0,0,0,0,0,0,0,0,0,0,0,0,0,0,100,100,96,100,0,94,92,86,0,0,0,0,0,0
l31,4=0,0,0,0,0,0,0,0,0,0,0,0,0,0,0,0,0,0,0,1,0,0,0,0,0,58,100,41,94,72,85,0,100,99,99,0,0,0,0,0
l32,4=0,0,0,0,0,0,0,0,0,0,0,0,67,0,0,0,0,0,0,0,78,0,0,0,0,96,97,10,98,98,92,100,0,99,100,0,0,0,0,0
l33,4=0,0,0,0,0,0,0,0,0,0,0,0,33,17,43,0,55,0,0,0,0,0,23,85,66,98,29,0,89,54,69,99,100,0,100,0,0,0,0,0
l34,4=0,0,0,0,0,0,0,0,0,0,0,0,0,0,32,0,64,0,0,0,54,0,0,93,37,96,97,10,96,85,0,99,100,100,0,0,0,0,0,0
l35,4=0,0,0,0,0,0,0,0,0,0,0,0,0,0,0,0,78,34,0,0,54,1,79,0,0,0,0,0,0,0,0,0,0,0,0,0,85,75,87,84
l36,4=0,0,0,0,0,0,0,0,0,0,0,54,17,0,0,56,63,71,0,55,86,72,76,0,0,0,0,0,0,0,0,0,0,0,0,88,0,74,89,84
l37,4=0,0,0,0,0,0,0,0,0,0,0,0,0,0,0,0,0,0,0,60,75,65,76,0,0,0,0,0,0,0,0,0,0,0,0,87,86,0,82,67
l38,4=0,0,0,0,0,0,0,0,0,0,0,71,62,48,69,68,87,46,0,66,91,71,86,0,0,0,0,0,0,0,0,0,0,0,0,90,87,69,0,87
l39,4=0,0,0,0,0,0,0,0,0,0,0,0,0,0,0,0,84,60,0,72,78,77,61,0,0,0,0,0,0,0,0,0,0,0,0,84,84,49,89,0

l0,5=0,73,69,81,77,76,80,81,37,70,70,0,0,0,0,0,0,0,0,0,0,0,0,0,0,0,0,0,0,0,0,0,0,0,0,0,0,0,0,0
l1,5=63,0,85,77,89,86,88,79,0,72,67,0,1,22,0,0,0,0,0,0,0,0,0,0,0,0,0,0,0,0,0,0,0,0,0,0,0,0,0,0
l2,5=63,83,0,81,81,82,84,79,0,70,73,0,0,0,0,0,0,0,0,0,0,0,0,0,0,0,0,0,0,0,0,0,0,0,0,0,0,0,0,0
l3,5=77,71,86,0,89,60,80,0,31,57,62,0,0,0,0,0,0,0,0,0,0,0,0,0,0,0,0,0,0,0,0,0,0,0,0,0,0,0,0,0
l4,5=69,84,81,82,0,81,80,37,58,38,36,0,0,40,0,28,0,0,0,0,0,0,0,9,0,0,0,0,0,0,0,0,0,0,0,0,0,0,0,0
l5,5=63,84,81,54,81,0,50,81,72,70,74,71,0,79,0,1,0,0,0,0,0,0,0,0,0,0,0,0,0,0,0,0,0,0,0,0,0,0,0,0
l6,5=63,75,73,74,77,43,0,85,69,70,71,80,0,0,0,0,56,0,0,0,0,0,0,0,0,0,0,0,0,0,0,0,0,0,0,0,0,0,0,0
l7,5=63,71,50,0,76,75,81,0,73,70,83,80,0,0,0,80,0,0,0,0,0,0,0,0,0,0,0,0,0,0,0,0,0,0,0,0,0,0,0,0
l8,5=0,0,0,18,46,12,23,81,0,71,72,80,10,79,38,30,27,47,0,0,0,35,22,0,36,0,0,0,0,0,0,0,0,0,0,0,2,0,0,0
l9,5=58,69,68,34,44,74,80,79,75,0,75,80,12,79,0,45,27,56,0,0,0,2,30,0,22,0,0,0,0,0,0,0,0,0,0,0,0,0,19,0
l10,5=49,33,68,36,34,74,80,81,73,73,0,80,6,56,39,33,18,0,0,0,0,0,0,0,0,0,0,0,0,0,0,0,0,0,0,0,0,0,0,0
l11,5=0,0,0,0,0,4,15,32,73,62,45,0,64,79,69,85,27,50,0,0,17,15,0,21,16,10,0,0,0,0,0,0,0,0,0,0,26,17,26,0
l12,5=0,0,0,0,0,0,0,0,7,1,0,59,0,33,69,21,36,81,0,0,14,0,7,37,43,29,0,0,0,0,0,0,21,7,0,4,16,0,11,0
l13,5=0,0,0,0,14,7,0,0,78,68,27,80,56,0,57,79,27,57,0,9,26,0,17,23,10,16,0,0,0,0,0,0,0,0,0,4,12,0,0,0
l14,5=0,0,0,0,0,0,0,0,23,0,24,61,68,32,0,17,25,35,0,0,32,0,2,69,75,24,0,0,0,0,0,3,0,14,0,0,0,0,21,0
l15,5=0,0,0,0,16,0,0,37,32,23,32,86,58,80,40,0,22,33,0,0,26,28,24,23,38,13,0,0,0,0,0,0,0,0,0,0,27,0,26,4
l16,5=0,0,0,0,0,0,9,0,23,14,0,47,64,36,47,9,0,51,0,21,35,38,33,9,22,12,0,0,0,0,0,2,0,0,0,14,10,10,33,4
l17,5=0,0,0,0,0,0,0,0,30,27,17,86,71,64,53,20,47,0,0,9,44,9,10,14,33,14,0,0,0,0,0,0,0,0,0,8,26,0,0,2
l18,5=0,0,0,0,0,0,0,0,0,0,0,0,0,0,0,0,0,0,0,12,0,68,54,0,0,0,0,0,0,0,0,0,0,0,0,0,0,0,0,0
l19,5=0,0,0,0,0,0,0,0,0,0,0,0,0,20,0,0,35,0,7,0,70,65,67,0,0,0,2,0,11,15,0,5,0,0,0,31,26,16,0,58
l20,5=0,0,0,0,0,0,0,0,2,6,0,3,7,14,15,6,22,35,0,66,0,71,66,0,4,0,11,0,1,0,0,0,12,0,0,20,47,40,63,11
l21,5=0,0,0,0,0,0,0,0,32,1,0,13,10,0,0,12,31,17,38,53,71,0,66,0,8,0,0,0,0,0,0,8,0,0,0,42,50,38,38,36
l22,5=0,0,0,0,0,0,0,0,16,11,0,2,7,24,3,11,20,3,22,71,76,68,0,0,0,0,19,0,0,0,0,0,0,0,0,13,64,27,61,5
l23,5=0,0,0,0,0,0,0,0,0,0,0,33,35,33,33,19,6,16,0,0,0,0,0,0,68,34,0,0,0,0,0,4,0,20,29,0,0,0,0,0
l24,5=0,0,0,0,0,0,0,0,27,19,0,28,50,17,75,20,18,37,0,0,22,14,0,71,0,29,0,0,0,0,0,0,0,13,0,0,14,0,0,0
l25,5=0,0,0,0,0,0,0,0,1,0,0,20,40,24,34,10,17,19,0,0,0,0,0,43,36,0,0,0,0,5,0,0,34,29,29,0,0,0,0,0
l26,5=0,0,0,0,0,0,0,0,0,0,0,0,0,0,0,0,0,0,0,14,23,0,24,0,0,0,0,45,78,79,82,58,62,26,42,0,0,0,0,0
l27,5=0,0,0,0,0,0,0,0,0,0,0,0,0,0,0,0,0,0,0,0,0,0,0,0,0,0,47,0,75,69,92,40,32,0,0,0,0,0,0,0
l28,5=0,0,0,0,0,0,0,0,0,0,0,0,0,0,0,0,0,0,0,27,31,0,0,0,0,0,74,86,0,79,92,37,43,36,45,0,0,0,0,0
l29,5=0,0,0,0,0,0,0,0,0,0,0,0,0,0,0,0,0,0,0,26,0,0,0,0,0,13,73,77,77,0,90,19,34,28,41,0,0,0,0,0
l30,5=0,0,0,0,0,0,0,0,0,0,0,0,0,0,0,0,0,0,0,0,0,0,0,0,0,0,70,86,77,76,0,44,1,33,0,0,0,0,0,0
l31,5=0,0,0,0,0,0,0,0,0,0,0,0,0,0,0,0,2,0,0,23,2,12,0,16,0,0,42,31,33,26,36,0,68,36,50,0,0,0,0,0
l32,5=0,0,0,0,0,0,0,0,0,0,0,0,30,0,0,0,0,0,0,0,30,0,0,0,0,26,38,34,40,38,27,65,0,38,73,0,0,0,0,0
l33,5=0,0,0,0,0,0,0,0,0,0,0,0,26,0,30,0,0,0,0,0,0,0,0,34,30,27,27,0,40,33,42,34,32,0,48,0,0,0,0,0
l34,5=0,0,0,0,0,0,0,0,0,0,0,0,9,0,17,0,17,0,0,0,24,0,0,35,4,23,27,0,37,36,0,63,74,59,0,0,0,0,0,0
l35,5=0,0,0,0,0,0,0,0,0,0,0,0,14,13,0,0,12,6,0,12,24,48,27,0,0,0,0,0,0,0,0,0,0,0,0,0,53,50,29,38
l36,5=0,0,0,0,0,0,0,0,2,0,0,28,11,6,0,15,0,28,0,23,38,48,52,0,3,0,0,0,0,0,0,0,0,0,0,35,0,63,35,32
l37,5=0,0,0,0,0,0,0,0,0,0,0,12,0,0,0,0,4,0,0,16,37,39,38,0,0,0,0,0,0,0,0,0,0,0,0,28,57,0,28,15
l38,5=0,0,0,0,0,0,0,0,0,7,0,42,36,0,35,22,24,0,0,0,60,60,60,0,0,0,0,0,0,0,0,0,0,0,0,32,63,57,0,25
l39,5=0,0,0,0,0,0,0,0,0,0,0,0,0,0,0,0,13,0,0,27,30,54,12,0,0,0,0,0,0,0,0,0,0,0,0,28,62,30,36,0

l0,6=0,88,86,85,81,82,57,15,30,18,63,0,0,0,0,0,0,0,0,0,0,0,0,0,0,0,0,0,0,0,0,0,0,0,0,0,0,0,0,0
l1,6=87,0,92,85,82,78,58,12,29,72,49,0,0,0,0,0,0,0,0,0,0,0,0,19,0,0,0,0,0,0,0,0,0,0,0,0,0,0,0,0
l2,6=87,86,0,85,80,82,56,57,0,81,66,0,0,0,0,0,0,0,0,0,0,0,0,0,0,0,0,0,0,0,0,0,0,0,0,0,0,0,0,0
l3,6=86,87,91,0,85,74,46,0,0,58,23,0,0,0,0,0,0,0,0,0,0,0,0,0,0,0,0,0,0,0,0,0,0,0,0,0,0,0,0,0
l4,6=88,88,90,87,0,79,56,5,14,32,36,0,0,49,0,0,0,0,0,0,0,0,0,0,0,0,0,0,0,0,0,0,0,0,0,0,0,0,0,0
l5,6=86,83,86,83,75,0,54,68,45,76,66,0,0,2,0,0,0,0,0,0,0,0,0,0,0,0,0,0,0,0,0,0,0,0,0,0,0,0,0,0
l6,6=71,83,72,68,61,63,0,68,36,77,67,51,5,4,0,0,55,0,0,0,0,0,1,0,0,0,0,0,0,0,0,0,0,0,0,0,0,0,0,0
l7,6=40,13,72,0,16,75,55,0,47,69,71,43,0,0,0,60,0,0,0,0,0,0,0,0,0,0,0,0,0,0,0,0,0,0,0,0,0,0,0,0
l8,6=25,17,0,0,16,39,39,60,0,77,66,55,17,76,3,54,56,51,0,0,26,14,17,0,26,1,0,0,0,0,0,0,0,0,0,0,0,0,0,0
l9,6=3,58,68,62,28,72,51,55,56,0,67,49,38,74,28,58,51,30,0,0,0,0,13,0,0,0,0,0,0,0,0,0,0,0,0,0,0,0,0,0
l10,6=68,45,61,28,29,62,52,69,49,83,0,50,0,50,0,48,48,0,0,0,0,0,0,0,0,0,0,0,0,0,0,0,0,0,0,0,0,0,0,0
l11,6=0,0,0,0,0,0,13,19,23,16,17,0,51,39,40,69,44,21,0,0,1,0,0,9,23,13,0,0,0,0,0,0,0,0,0,0,9,12,23,0
l12,6=0,0,0,0,0,0,0,0,4,9,0,45,0,28,50,42,66,40,0,0,0,2,1,32,62,56,0,0,0,0,0,0,0,24,2,0,0,0,16,0
l13,6=0,0,0,0,7,0,0,0,53,44,15,35,23,0,35,63,28,48,0,17,8,0,16,11,45,2,0,0,0,0,0,0,0,0,0,9,20,0,19,0
l14,6=0,0,0,0,0,0,0,0,2,12,0,15,54,31,0,23,28,27,0,0,19,0,11,44,39,35,0,0,0,0,0,0,0,26,0,0,0,0,19,0
l15,6=0,0,0,0,0,0,0,21,4,25,13,62,40,58,19,0,49,48,0,0,4,9,10,35,52,7,0,0,0,0,0,0,0,0,0,0,12,0,19,0
l16,6=0,0,0,0,0,0,12,0,3,4,8,17,37,18,17,26,0,53,21,17,11,11,11,7,26,11,0,0,0,0,0,0,0,0,0,5,12,10,26,4
l17,6=0,0,0,0,0,0,0,0,7,5,0,31,37,42,46,55,62,0,0,0,42,8,0,8,46,13,0,0,0,0,0,0,0,8,0,1,10,0,21,0
l18,6=0,0,0,0,0,0,0,0,0,0,0,0,0,2,0,0,38,0,0,33,5,43,0,0,0,0,0,0,0,0,0,0,0,0,0,0,0,0,0,0
l19,6=0,0,0,0,0,0,0,0,0,0,0,0,0,20,0,0,22,0,22,0,59,47,54,0,0,0,1,0,0,15,0,20,0,0,0,13,8,0,5,50
l20,6=0,0,0,0,0,0,0,0,7,0,0,0,5,11,13,0,15,34,0,58,0,60,57,0,4,0,0,0,0,0,0,16,0,11,0,26,49,19,51,25
l21,6=0,0,0,0,0,0,0,0,6,1,0,0,10,0,0,20,41,23,22,40,63,0,52,0,0,0,0,0,1,0,0,11,0,0,0,47,37,0,48,33
l22,6=0,0,0,0,0,0,0,0,10,13,0,0,8,28,16,29,39,0,0,55,67,55,0,0,0,0,19,0,0,0,0,0,0,0,0,0,51,42,50,47
l23,6=0,0,0,0,0,0,0,0,0,0,0,6,22,13,32,24,21,17,0,0,0,0,0,0,57,50,0,0,0,0,0,11,1,32,10,0,0,0,0,0
l24,6=0,0,0,0,0,0,0,0,5,0,0,21,57,30,32,31,29,24,0,0,12,0,0,62,0,33,0,0,0,0,0,0,0,28,0,0,3,0,0,0
l25,6=0,0,0,5,0,0,0,0,1,0,0,6,32,0,31,14,26,19,0,0,0,0,0,39,29,0,0,0,0,0,0,0,12,35,0,0,0,0,0,0
l26,6=0,0,0,0,0,0,0,0,0,0,0,0,0,0,0,0,0,0,0,7,1,0,23,0,0,0,0,39,74,68,67,54,61,27,24,0,0,0,0,0
l27,6=0,0,0,0,0,0,0,0,0,0,0,0,0,0,0,0,0,0,0,0,0,0,0,0,0,0,56,0,74,68,86,29,14,0,0,0,0,0,0,0
l28,6=0,0,0,0,0,0,0,0,0,0,0,0,0,0,0,0,0,0,0,14,12,3,0,0,0,0,64,74,0,70,82,49,31,57,34,0,0,0,0,0
l29,6=0,0,0,0,0,0,0,0,0,0,0,0,0,0,0,0,0,0,0,16,0,0,0,0,0,0,64,75,74,0,29,15,14,30,19,0,0,0,0,0
l30,6=0,0,0,0,0,0,0,0,0,0,0,0,0,0,0,0,0,0,0,0,0,0,0,0,0,0,63,85,74,31,0,30,0,11,21,0,0,0,0,0
l31,6=0,0,0,0,0,0,0,0,0,0,0,0,0,0,0,0,0,0,0,20,13,3,0,16,0,0,56,15,26,19,22,0,60,53,47,0,0,0,0,0
l32,6=0,0,0,0,0,0,0,0,0,0,0,0,0,0,0,0,0,0,0,0,0,0,0,11,0,20,33,20,25,29,3,53,0,52,71,0,0,0,0,0
l33,6=0,0,0,0,0,0,0,0,0,0,0,0,22,0,28,0,0,16,0,0,15,0,0,29,27,27,26,0,26,30,19,36,33,0,38,0,0,0,0,0
l34,6=0,0,0,0,0,0,0,0,0,0,0,0,16,0,11,0,16,0,0,0,0,0,0,27,2,1,26,0,23,17,20,42,72,55,0,0,0,0,0,0
l35,6=0,0,0,0,0,0,0,0,0,0,0,0,0,20,0,0,36,0,0,10,42,24,0,0,0,0,0,0,0,0,0,0,0,0,0,0,45,52,43,43
l36,6=0,0,0,0,0,0,0,0,0,0,0,2,0,17,0,27,39,24,0,16,44,21,28,0,0,0,0,0,0,0,0,0,0,0,0,25,0,58,55,39
l37,6=0,0,0,0,0,0,0,0,0,0,0,1,0,0,0,0,15,0,0,0,30,0,19,0,0,0,0,0,0,0,0,0,0,0,0,48,58,0,44,31
l38,6=0,0,0,0,0,0,0,0,0,0,0,21,19,19,12,31,44,31,0,0,49,24,26,0,0,0,0,0,0,0,0,0,0,0,0,26,46,42,0,36
l39,6=0,0,0,0,0,0,0,0,0,0,0,0,0,0,0,0,34,0,0,37,37,26,35,0,0,0,0,0,0,0,0,0,0,0,0,43,57,39,48,0

l0,7=0,98,91,93,96,95,86,0,67,77,89,0,0,0,0,0,0,0,0,0,0,0,0,2,0,0,0,0,0,0,0,0,0,0,0,0,0,0,0,0
l1,7=96,0,98,93,96,91,92,81,40,74,76,0,0,0,0,0,0,0,0,0,0,0,0,0,0,0,0,0,0,0,0,0,0,0,0,0,0,0,0,0
l2,7=93,93,0,92,96,90,92,83,51,88,2,0,0,2,0,0,0,0,0,0,0,0,0,0,0,0,0,0,0,0,0,0,0,0,0,0,0,0,0,0
l3,7=92,93,92,0,99,55,67,61,50,67,76,0,0,0,0,0,0,0,0,0,0,0,0,0,0,0,0,0,0,0,0,0,0,0,0,0,0,0,0,0
l4,7=96,93,92,97,0,91,92,25,39,16,90,0,0,50,0,0,0,0,0,0,0,0,0,0,0,0,0,0,0,0,0,0,0,0,0,0,0,0,0,0
l5,7=96,92,86,79,96,0,87,95,70,87,90,0,2,2,0,1,0,0,0,0,0,0,0,0,0,0,0,0,0,0,0,0,0,0,0,0,0,0,0,0
l6,7=75,93,92,56,96,91,0,95,0,93,91,43,0,57,0,0,35,0,0,0,0,0,0,0,0,0,0,0,0,0,0,0,0,0,0,0,0,0,0,0
l7,7=0,68,72,51,32,91,91,0,78,93,91,14,2,65,0,31,0,5,0,0,0,0,0,0,0,0,0,0,0,0,0,0,0,0,0,0,0,0,0,0
l8,7=32,17,63,48,30,29,0,75,0,93,81,72,22,78,15,31,23,34,0,1,13,9,37,0,7,0,0,0,0,0,0,0,0,0,0,0,0,0,4,0
l9,7=18,42,73,32,8,70,84,95,88,0,91,68,26,77,10,64,3,7,0,0,15,15,26,0,8,5,0,0,0,0,0,0,0,0,0,0,0,0,15,0
l10,7=67,63,0,56,73,82,81,95,87,93,0,66,0,8,0,37,35,2,0,0,2,0,0,0,0,0,0,0,0,0,0,0,0,0,0,0,0,0,0,0
l11,7=0,0,0,0,0,0,15,4,47,18,12,0,46,56,10,74,25,14,0,0,20,1,25,15,24,19,0,0,0,0,0,0,0,0,0,8,6,0,26,4
l12,7=0,0,0,0,0,0,0,0,6,8,0,71,0,18,28,37,49,20,0,2,18,11,0,43,71,53,0,0,0,0,0,0,0,20,0,0,0,0,11,0
l13,7=0,0,0,3,6,0,18,31,86,43,0,67,13,0,15,38,13,27,0,0,16,5,27,14,31,20,0,0,0,0,0,0,0,0,0,13,5,0,14,0
l14,7=0,0,0,0,0,0,0,0,11,5,0,28,31,29,0,10,15,21,0,0,21,16,29,32,31,37,0,0,0,0,0,0,0,16,0,0,0,0,11,0
l15,7=0,0,0,0,0,0,0,27,44,27,21,78,47,63,12,0,21,29,0,0,27,20,30,40,10,21,0,0,0,0,0,0,0,0,0,0,13,0,29,0
l16,7=0,0,0,0,0,0,6,0,8,0,9,32,39,19,11,5,0,17,12,2,25,21,32,21,24,14,0,0,0,0,0,2,0,6,0,16,11,8,18,0
l17,7=0,0,0,0,0,0,0,0,16,3,1,28,36,36,14,10,26,0,0,1,33,18,0,20,46,0,0,0,0,0,0,0,0,16,0,0,11,0,16,0
l18,7=0,0,0,0,0,0,0,0,0,0,0,0,0,0,0,0,32,0,0,26,50,36,1,0,0,0,0,0,0,0,0,0,0,0,0,0,0,0,0,0
l19,7=0,0,0,0,0,0,0,0,0,0,0,0,1,2,0,0,5,4,8,0,65,47,63,0,0,0,0,0,7,22,0,19,0,0,0,17,0,0,4,35
l20,7=0,0,0,0,0,0,0,0,0,2,0,11,6,9,5,5,27,21,6,63,0,66,70,0,0,0,12,0,5,0,0,0,0,6,0,50,53,16,40,35
l21,7=0,0,0,0,0,0,0,0,3,5,0,15,7,8,13,10,29,19,0,38,72,0,64,0,5,0,0,0,0,0,0,0,0,0,0,49,33,15,53,54
l22,7=0,0,0,0,0,0,0,0,9,5,0,16,0,13,8,7,35,0,1,63,79,63,0,0,0,0,18,0,0,17,0,0,0,0,0,0,58,28,55,55
l23,7=0,0,0,0,0,0,0,0,0,0,0,16,31,25,48,19,20,11,0,0,0,0,0,0,71,59,0,0,0,0,0,1,2,19,18,0,0,0,0,0
l24,7=0,0,0,0,1,0,0,0,0,5,0,27,56,26,11,0,14,18,0,0,0,0,0,60,0,38,0,0,0,0,0,0,0,20,0,0,0,0,0,0
l25,7=0,0,0,2,0,0,0,0,0,2,0,15,41,24,44,14,12,0,0,0,0,0,0,48,39,0,0,0,0,16,0,0,16,22,0,0,0,0,9,0
l26,7=0,0,0,0,0,0,0,0,0,0,0,0,0,0,0,0,0,0,0,0,20,0,35,2,0,0,0,45,68,80,42,65,65,32,31,0,0,0,0,0
l27,7=0,0,0,0,0,0,0,0,0,0,0,0,0,0,0,0,0,0,0,0,0,0,0,0,0,0,65,0,68,80,86,9,20,0,0,0,0,0,0,0
l28,7=0,0,0,0,0,0,0,0,0,0,0,0,0,0,0,0,0,0,0,17,27,7,0,0,0,0,76,86,0,82,91,46,22,36,28,0,0,0,0,0
l29,7=0,0,0,0,0,0,0,0,0,0,0,0,0,0,0,0,0,0,0,13,0,0,33,0,0,15,74,85,69,0,86,40,42,30,0,0,0,0,0,0
l30,7=0,0,0,0,0,0,0,0,0,0,0,0,0,0,0,0,0,0,0,0,0,0,0,0,0,0,63,85,68,80,0,40,25,14,27,0,0,0,0,0
l31,7=0,0,0,0,0,0,0,0,0,0,0,0,0,0,0,0,7,0,0,20,0,0,0,11,0,0,67,2,39,40,29,0,65,66,67,0,0,0,0,0
l32,7=0,0,0,0,0,0,0,0,0,0,0,0,0,0,0,0,0,0,0,0,0,0,0,17,0,19,42,30,29,44,28,62,0,57,73,0,0,0,0,0
l33,7=0,0,0,0,0,0,0,0,0,0,0,0,16,0,29,0,3,31,0,0,22,0,0,26,28,24,27,0,37,35,24,48,42,0,19,0,0,0,0,0
l34,7=0,0,0,0,0,0,0,0,0,0,0,0,10,0,10,0,1,0,0,0,0,0,19,27,17,0,31,10,27,21,25,49,73,28,0,0,0,0,0,0
l35,7=0,0,0,0,0,0,0,0,0,0,0,6,0,16,0,0,18,0,0,10,44,38,0,0,0,0,0,0,0,0,0,0,0,0,0,0,55,36,35,37
l36,7=0,0,0,0,0,0,0,0,0,0,0,0,0,2,0,12,19,10,0,0,42,32,44,0,0,0,0,0,0,0,0,0,0,0,0,50,0,30,39,41
l37,7=0,0,0,0,0,0,0,0,0,0,0,0,0,0,0,0,11,0,0,0,34,26,30,0,0,0,0,0,0,0,0,0,0,0,0,64,43,0,30,17
l38,7=0,0,0,0,0,0,0,0,0,3,0,45,10,17,7,16,19,16,0,2,47,41,39,0,0,6,0,0,0,0,0,0,0,0,0,45,55,25,0,8
l39,7=0,0,0,0,0,0,0,0,0,0,0,0,0,0,0,0,0,0,0,33,45,38,34,0,0,0,0,0,0,0,0,0,0,0,0,52,57,19,22,0

l0,8=0,98,85,96,85,98,92,65,34,83,88,0,0,62,0,0,0,0,0,0,0,0,0,0,0,0,0,0,0,0,0,0,0,0,0,0,0,0,0,0
l1,8=94,0,83,92,85,89,77,85,67,66,85,0,0,0,0,0,0,0,0,0,0,0,0,0,0,0,0,0,0,0,0,0,0,0,0,0,0,0,0,0
l2,8=94,95,0,93,79,93,95,92,0,57,84,0,0,7,0,32,0,0,0,0,0,0,0,0,0,0,0,0,0,0,0,0,0,0,0,0,0,0,0,0
l3,8=94,94,82,0,85,87,75,60,0,0,52,0,0,0,0,0,0,0,0,0,0,0,0,0,0,0,0,0,0,0,0,0,0,0,0,0,0,0,0,0
l4,8=93,95,70,93,0,92,95,56,82,37,86,0,0,63,0,0,0,0,0,0,0,0,0,45,0,0,0,0,0,0,0,0,0,0,0,0,0,0,0,0
l5,8=94,94,86,84,81,0,94,94,84,76,89,31,9,6,0,0,0,0,0,0,0,0,0,0,0,0,0,0,0,0,0,0,0,0,0,0,0,0,0,0
l6,8=87,62,86,80,80,87,0,92,75,82,85,22,0,67,0,0,32,0,0,0,0,0,0,0,0,0,0,0,0,0,0,0,0,0,0,0,0,0,0,0
l7,8=71,90,83,81,68,88,87,0,89,96,95,2,0,90,0,0,0,63,0,0,0,0,0,0,0,0,0,0,0,0,0,0,0,0,0,0,0,0,0,0
l8,8=13,49,0,10,49,54,54,86,0,96,89,91,0,92,50,61,0,83,0,11,0,0,50,0,0,0,0,0,0,0,0,0,0,0,0,0,0,0,0,0
l9,8=84,5,36,0,14,44,87,92,92,0,93,88,8,91,6,77,32,70,0,0,0,12,32,36,40,0,0,0,0,0,0,0,0,0,0,0,0,0,61,0
l10,8=87,86,72,71,76,87,84,92,90,96,0,79,1,85,0,70,20,0,0,0,0,0,0,0,0,0,0,0,0,0,0,0,0,0,0,0,0,0,0,0
l11,8=0,0,0,0,0,7,12,0,90,56,32,0,90,37,57,88,52,86,0,6,8,4,16,23,53,39,0,0,0,0,0,0,0,0,0,32,34,0,54,0
l12,8=0,0,0,0,0,0,0,0,0,0,0,76,0,18,68,55,57,59,0,0,0,2,0,54,88,83,0,0,0,0,0,0,0,7,2,26,16,0,38,0
l13,8=8,0,0,0,21,0,10,90,94,97,47,36,41,0,63,47,0,43,0,0,0,17,0,42,49,60,0,0,0,0,0,0,0,0,0,24,0,0,68,0
l14,8=0,0,0,0,0,0,0,0,28,6,0,27,88,32,0,31,24,62,0,0,8,9,26,39,71,50,0,0,0,0,0,0,0,0,0,0,15,0,30,0
l15,8=0,0,0,0,0,0,0,0,79,46,41,97,89,84,58,0,39,83,0,0,27,12,34,43,50,26,0,0,0,0,0,0,0,0,0,0,41,0,71,0
l16,8=0,0,0,0,0,0,9,0,0,7,6,56,89,0,35,17,0,38,15,39,39,12,47,14,60,14,0,0,0,0,0,14,0,0,9,21,28,27,40,33
l17,8=0,0,0,0,0,0,0,16,35,10,0,58,83,19,66,51,26,0,0,23,48,0,25,16,42,0,0,0,0,0,0,0,0,6,0,0,30,0,52,22
l18,8=0,0,0,0,0,0,0,0,0,0,0,0,0,0,0,0,72,0,0,80,80,49,0,0,0,0,0,0,0,0,0,0,0,0,0,0,0,0,0,0
l19,8=0,0,0,0,0,0,0,0,2,0,0,0,0,0,0,0,71,38,44,0,88,53,81,0,0,0,25,0,36,0,0,46,0,0,0,25,54,0,0,55
l20,8=0,0,0,0,0,0,0,0,0,0,0,1,0,0,0,22,39,56,24,91,0,68,91,0,0,0,0,0,6,0,0,0,0,0,0,50,58,47,77,44
l21,8=0,0,0,0,0,0,0,0,0,11,0,9,26,24,31,24,41,0,13,55,89,0,88,0,0,0,0,0,0,0,0,0,0,0,0,56,45,49,78,57
l22,8=0,0,0,0,0,0,0,0,26,12,0,20,0,0,19,28,72,53,0,86,89,65,0,0,0,0,0,0,0,33,0,0,0,0,0,65,68,39,75,47
l23,8=0,0,0,0,9,0,0,0,0,16,0,18,73,32,71,28,26,36,0,0,0,0,0,0,88,83,0,0,0,0,0,0,31,30,52,0,0,0,0,0
l24,8=0,0,0,9,0,0,0,0,0,20,0,29,90,29,82,23,56,47,0,0,0,0,0,86,0,63,0,0,0,0,0,1,0,16,0,0,0,0,0,0
l25,8=0,0,0,0,0,0,0,0,0,0,0,32,90,29,50,22,22,0,0,0,0,0,0,86,53,0,0,0,0,37,0,21,30,46,31,0,0,0,20,0
l26,8=0,0,0,0,0,0,0,0,0,0,0,0,0,0,0,0,0,0,0,37,21,0,0,0,0,0,0,74,86,94,61,80,70,50,56,0,0,0,0,0
l27,8=0,0,0,0,0,0,0,0,0,0,0,0,0,0,0,0,0,0,0,0,0,0,0,0,0,0,88,0,86,94,93,0,43,0,52,0,0,0,0,0
l28,8=0,0,0,0,0,0,0,0,0,0,0,0,0,0,0,0,0,0,0,43,44,0,0,0,0,0,89,93,0,94,93,79,31,51,54,0,0,0,0,0
l29,8=0,0,0,0,0,0,0,0,0,0,0,0,0,0,0,0,0,0,0,0,0,0,37,0,0,32,88,93,86,0,93,79,32,43,46,0,0,0,0,0
l30,8=0,0,0,0,0,0,0,0,0,0,0,0,0,0,0,0,0,0,0,0,0,0,0,0,0,0,82,93,86,94,0,44,60,48,0,0,0,0,0,0
l31,8=0,0,0,0,0,0,0,0,0,0,0,0,0,0,0,0,33,0,0,41,0,0,0,0,3,27,82,0,58,62,40,0,70,72,78,0,0,0,0,0
l32,8=0,0,0,0,0,0,0,0,0,0,0,0,2,0,0,0,0,0,0,0,0,0,0,49,0,45,67,44,48,51,47,60,0,74,80,0,0,0,0,0
l33,8=0,0,0,0,0,0,0,0,0,0,0,0,42,0,0,0,0,46,0,0,0,0,0,50,39,46,55,0,52,50,46,54,56,0,55,0,0,0,0,0
l34,8=0,0,0,0,0,0,0,0,0,0,0,0,44,0,0,0,42,0,0,0,3,0,0,52,23,45,54,43,51,50,0,50,78,51,0,0,0,0,0,0
l35,8=0,0,0,0,0,0,0,0,0,0,0,15,25,21,0,0,22,0,0,3,27,12,27,0,0,0,0,0,0,0,0,0,0,0,0,0,65,44,67,54
l36,8=0,0,0,0,0,0,0,0,0,0,0,11,22,0,3,10,23,42,0,26,34,7,51,0,0,0,0,0,0,0,0,0,0,0,0,78,0,45,69,57
l37,8=0,0,0,0,0,0,0,0,0,0,0,0,0,0,0,0,22,0,0,0,32,14,21,0,0,0,0,0,0,0,0,0,0,0,0,50,50,0,46,42
l38,8=0,0,0,0,0,0,0,0,0,9,0,10,37,44,10,26,27,46,0,0,42,24,51,0,0,0,0,0,0,0,0,0,0,0,0,80,69,46,0,33
l39,8=0,0,0,0,0,0,0,0,0,0,0,0,0,0,0,0,32,23,0,49,46,49,41,0,0,0,0,0,0,0,0,0,0,0,0,76,60,47,50,0

l0,9=0,99,99,97,92,94,90,93,0,96,82,0,0,6,0,0,0,0,0,0,0,0,0,0,0,0,0,0,0,0,0,0,0,0,0,0,0,0,0,0
l1,9=99,0,99,90,91,93,92,93,94,95,86,0,0,0,0,0,0,0,0,0,0,0,0,0,0,0,0,0,0,0,0,0,0,0,0,0,0,0,0,0
l2,9=99,99,0,97,90,99,99,62,0,58,83,0,61,0,0,0,0,0,0,0,0,0,0,0,0,0,0,0,0,0,0,0,0,0,0,0,0,0,0,0
l3,9=98,88,92,0,94,89,82,88,0,63,81,0,0,0,0,0,0,0,0,0,0,0,0,0,0,0,0,0,0,0,0,0,0,0,0,0,0,0,0,0
l4,9=99,99,94,97,0,93,86,93,96,86,86,0,0,0,0,0,0,0,0,0,0,0,0,0,0,0,0,0,0,0,0,0,0,0,0,0,0,0,0,0
l5,9=99,96,98,97,89,0,99,71,97,97,99,0,0,88,0,0,0,0,0,0,0,0,0,0,0,0,0,0,0,0,0,0,0,0,0,0,0,0,0,0
l6,9=91,92,99,94,77,98,0,100,51,97,99,0,0,83,0,9,19,0,0,0,0,0,0,0,0,0,0,0,0,0,0,0,0,0,0,0,0,0,0,0
l7,9=93,97,84,97,88,88,99,0,99,100,99,29,18,100,1,26,0,0,0,0,0,0,0,0,0,0,0,0,0,0,0,0,0,0,0,0,0,0,0,0
l8,9=0,87,0,0,87,92,89,70,0,100,95,95,37,99,5,34,27,48,0,50,15,0,33,6,0,0,0,0,0,0,0,0,0,0,0,0,0,0,0,0
l9,9=98,93,81,83,77,97,97,100,99,0,99,97,0,100,98,59,34,0,0,0,0,0,8,85,0,0,0,0,0,0,0,0,0,0,0,0,0,0,0,0
l10,9=97,94,90,93,88,98,98,100,99,100,0,42,67,98,0,93,41,71,0,0,2,3,0,81,0,0,0,0,0,0,0,0,0,0,0,0,0,0,0,0
l11,9=0,0,0,0,0,0,0,12,59,60,41,0,94,98,98,94,33,50,0,0,39,25,25,85,93,68,0,0,0,0,0,0,0,0,0,0,70,28,63,0
l12,9=0,0,0,0,0,0,0,0,0,0,10,95,0,97,99,59,35,71,0,0,49,0,6,98,100,100,0,0,0,0,0,0,0,0,41,0,73,0,66,0
l13,9=0,0,0,2,0,82,88,60,88,100,58,96,74,0,93,94,42,6,0,17,45,29,12,79,95,62,0,0,0,0,0,0,0,0,0,0,59,0,65,0
l14,9=0,0,0,0,0,0,0,0,0,61,0,83,100,95,0,43,33,70,0,0,47,22,28,99,100,0,0,0,0,0,0,0,0,0,0,0,44,0,0,0
l15,9=0,0,0,2,0,0,0,17,57,63,60,97,92,98,98,0,33,50,0,1,42,29,28,75,98,0,0,0,0,0,0,0,0,0,0,0,74,73,69,0
l16,9=0,0,0,0,0,0,11,0,44,57,44,59,75,96,92,36,0,49,68,76,50,27,33,85,98,65,0,0,0,0,0,27,0,69,94,0,70,74,70,33
l17,9=0,0,0,0,0,0,0,0,49,0,34,59,78,2,99,37,34,0,0,85,32,28,34,0,85,0,0,0,0,0,0,0,0,81,0,0,73,3,0,30
l18,9=0,0,0,0,0,0,0,0,0,3,0,0,0,0,0,0,52,0,0,0,73,53,4,0,0,0,0,0,0,0,0,0,0,0,0,0,0,0,0,0
l19,9=0,0,0,0,0,0,0,0,0,0,0,0,0,5,0,0,43,43,0,0,92,86,86,0,0,0,46,0,37,0,0,38,0,0,0,0,78,37,0,68
l20,9=0,0,0,0,0,0,0,0,0,0,0,45,51,44,63,27,50,31,49,94,0,95,95,0,4,0,22,0,0,0,0,0,0,0,43,67,81,80,90,78
l21,9=0,0,0,0,0,0,0,0,0,0,0,37,2,70,40,25,29,8,60,90,95,0,94,0,0,0,0,0,0,0,0,0,0,38,0,69,53,72,77,33
l22,9=0,0,0,0,0,0,0,0,44,22,0,25,21,0,61,31,39,29,0,84,95,86,0,0,0,0,31,0,0,26,0,23,0,0,0,66,80,67,89,0
l23,9=0,0,0,0,0,0,0,0,0,43,36,59,100,37,100,24,37,0,0,0,0,0,0,0,100,100,0,0,0,0,0,0,54,98,98,0,0,0,0,0
l24,9=0,0,0,0,0,0,0,0,0,0,0,93,100,98,100,61,98,48,0,0,10,0,0,100,0,100,0,0,0,0,0,0,0,95,55,0,58,0,0,0
l25,9=0,0,0,0,0,0,0,0,0,0,0,57,100,59,0,0,60,0,0,0,0,0,0,100,100,0,1,0,0,6,0,0,61,99,72,0,0,0,35,0
l26,9=0,0,0,0,0,0,0,0,0,0,0,0,0,0,0,0,0,0,0,78,82,0,81,0,0,0,0,94,99,100,98,98,99,91,94,0,0,0,0,0
l27,9=0,0,0,0,0,0,0,0,0,0,0,0,0,0,0,0,0,0,0,0,0,0,0,0,0,0,98,0,99,100,100,92,89,0,0,0,0,0,0,0
l28,9=0,0,0,0,0,0,0,0,0,0,0,0,0,0,0,0,0,0,0,74,0,0,14,0,0,0,100,100,0,100,100,86,0,87,6,0,0,0,0,0
l29,9=0,0,0,0,0,0,0,0,0,0,0,0,0,0,0,0,0,0,0,1,23,0,70,0,0,0,100,100,99,0,100,98,24,87,88,0,0,0,0,0
l30,9=0,0,0,0,0,0,0,0,0,0,0,0,0,0,0,0,0,0,0,0,0,0,0,0,0,0,99,100,99,100,0,97,96,67,93,0,0,0,0,0
l31,9=0,0,0,0,0,0,0,0,0,0,0,0,0,0,0,0,19,0,0,74,2,0,32,0,0,0,96,75,92,94,94,0,100,100,100,0,0,0,0,0
l32,9=0,0,0,0,0,0,0,0,0,0,0,0,21,0,0,0,0,0,0,0,0,0,0,85,0,68,100,44,0,27,98,99,0,100,100,0,0,0,0,0
l33,9=0,0,0,0,0,0,0,0,0,0,0,0,17,0,0,0,49,67,0,0,0,0,0,95,84,99,85,0,95,73,63,99,100,0,100,0,0,0,0,0
l34,9=0,0,0,0,0,0,0,0,0,0,0,0,54,0,0,0,52,0,0,0,47,0,0,97,78,63,97,0,1,98,87,99,100,100,0,0,0,0,0,0
l35,9=0,0,0,0,0,0,0,0,0,0,0,0,0,0,0,0,0,0,0,0,32,24,25,0,0,0,0,0,0,0,0,0,0,0,0,0,83,74,87,26
l36,9=0,0,0,0,0,0,0,0,0,0,0,14,23,30,19,18,13,17,0,56,41,9,29,0,41,0,0,0,0,0,0,0,0,0,0,74,0,83,61,27
l37,9=0,0,0,0,0,0,0,0,0,0,0,0,0,0,0,13,7,0,0,42,40,15,21,0,0,0,0,0,0,0,0,0,0,0,0,65,81,0,62,27
l38,9=0,0,0,0,0,0,0,0,0,0,0,32,33,55,0,22,31,4,0,0,48,31,33,0,0,5,0,0,0,0,0,0,0,0,0,74,80,81,0,29
l39,9=0,0,0,0,0,0,0,0,0,0,0,0,0,0,0,0,25,36,0,76,46,29,6,0,0,0,0,0,0,0,0,0,0,0,0,67,79,62,61,0

l0,10=0,91,84,88,94,80,0,78,0,83,81,0,0,0,0,0,0,0,0,0,0,0,0,0,0,0,0,0,0,0,0,0,0,0,0,0,0,0,0,0
l1,10=93,0,83,88,90,91,90,76,51,67,74,0,0,0,0,0,0,0,0,0,0,0,0,2,0,0,0,0,0,0,0,0,0,0,0,0,0,0,0,0
l2,10=93,88,0,88,91,91,85,81,21,83,81,0,19,0,0,0,0,0,0,0,0,0,0,0,0,0,0,0,0,0,0,0,0,0,0,0,0,0,0,0
l3,10=97,91,84,0,98,91,66,60,0,61,66,0,0,0,0,0,0,0,0,0,0,0,0,0,0,0,0,0,0,0,0,0,0,0,0,0,0,0,0,0
l4,10=93,84,82,88,0,91,75,84,64,67,86,0,0,0,22,0,0,0,0,0,0,0,0,0,0,0,0,0,0,0,0,0,0,0,0,0,0,0,0,0
l5,10=83,88,83,84,94,0,86,87,73,80,86,0,0,82,0,0,0,0,0,0,0,0,0,0,0,0,0,0,0,0,0,0,0,0,0,0,0,0,0,0
l6,10=0,83,77,66,71,84,0,86,71,83,76,0,0,46,0,17,19,0,0,0,0,0,0,0,0,0,0,0,0,0,0,0,0,0,0,0,0,0,0,0
l7,10=69,73,60,62,82,84,85,0,82,88,87,55,48,81,20,6,0,0,0,0,0,0,0,0,0,0,0,0,0,0,0,0,0,0,0,0,0,0,0,0
l8,10=0,29,0,8,67,59,72,77,0,92,65,83,61,90,12,77,13,48,0,45,2,0,44,62,47,0,0,0,0,0,0,0,0,0,0,0,0,0,0,0
l9,10=61,59,59,33,39,47,82,87,83,0,87,78,59,86,36,54,0,0,0,0,0,14,1,15,15,0,0,0,0,0,0,0,0,0,0,0,0,0,0,0
l10,10=54,59,50,52,79,67,75,87,55,87,0,61,0,75,19,76,0,54,0,0,0,0,0,0,0,0,0,0,0,0,0,0,0,0,0,0,0,0,0,0
l11,10=0,0,0,0,0,0,0,39,71,75,62,0,81,88,50,86,54,73,0,0,54,41,3,57,75,72,0,0,0,0,0,0,0,0,0,49,43,0,62,0
l12,10=0,0,0,0,0,0,0,0,50,68,0,91,0,60,98,85,91,98,0,0,66,39,0,77,98,98,0,0,0,0,0,0,0,22,0,23,0,0,64,0
l13,10=0,0,0,0,0,49,55,73,82,86,75,86,76,0,46,85,76,27,0,0,55,31,4,37,69,0,0,0,0,0,0,0,0,0,0,0,0,0,56,0
l14,10=0,0,0,0,18,0,0,0,4,73,0,89,95,55,0,53,87,88,0,0,41,9,32,61,98,83,0,0,0,0,0,0,0,40,0,0,56,0,60,0
l15,10=0,0,0,0,0,0,11,0,73,74,76,93,96,90,49,0,77,78,0,49,60,14,31,7,74,34,0,0,0,0,0,0,0,0,0,0,0,0,69,0
l16,10=0,0,0,0,0,0,20,0,17,0,0,32,87,39,43,42,0,62,25,57,70,39,17,42,91,33,0,0,0,0,0,0,0,0,39,0,57,26,77,60
l17,10=0,0,0,0,0,0,0,0,57,18,58,92,99,22,61,52,90,0,0,67,65,44,46,17,79,61,0,0,0,0,0,0,0,22,0,0,57,0,54,67
l18,10=0,0,0,0,0,0,0,0,0,0,0,0,0,0,0,0,64,0,0,74,74,75,0,0,0,0,0,0,0,0,0,0,0,0,0,0,0,0,0,0
l19,10=0,0,0,0,0,0,0,0,0,0,0,0,0,0,0,28,58,36,48,0,80,65,77,0,0,0,37,0,0,0,0,17,8,0,0,6,0,38,0,57
l20,10=0,0,0,0,0,0,0,0,1,0,0,46,57,39,1,13,74,31,49,83,0,89,89,0,0,0,0,0,0,2,0,0,17,0,0,72,70,42,74,74
l21,10=0,0,0,0,0,0,0,0,0,53,0,57,54,33,36,3,72,45,53,75,91,0,88,0,0,0,3,0,0,0,0,0,0,5,0,67,57,20,74,72
l22,10=0,0,0,0,0,0,0,0,44,28,0,13,3,2,20,28,59,37,0,75,91,81,0,0,0,0,34,0,0,44,0,16,0,0,0,68,69,37,76,64
l23,10=0,0,0,0,0,0,0,0,64,35,0,82,99,52,80,1,80,3,0,0,0,0,0,0,99,97,0,0,0,0,0,2,52,76,29,0,0,0,0,0
l24,10=0,0,0,0,0,0,0,0,11,54,0,88,99,60,98,66,92,61,0,0,1,0,0,99,0,93,0,0,0,0,0,0,0,21,22,0,0,0,60,0
l25,10=0,0,0,12,0,0,0,0,0,0,0,83,99,4,96,30,31,41,0,0,0,0,0,99,98,0,34,0,0,0,0,38,25,98,87,0,0,0,62,0
l26,10=0,0,0,0,0,0,0,0,0,0,0,0,0,0,0,0,0,0,0,63,0,0,63,0,0,26,0,77,97,99,99,98,96,61,78,0,0,0,0,0
l27,10=0,0,0,0,0,0,0,0,0,0,0,0,0,0,0,0,0,0,0,0,0,0,0,0,0,0,83,0,94,99,100,85,0,0,80,0,0,0,0,0
l28,10=0,0,0,0,0,0,0,0,0,0,0,0,0,0,0,0,0,0,0,1,1,0,0,0,0,0,92,95,0,99,100,86,57,71,67,0,0,0,0,0
l29,10=0,0,0,0,0,0,0,0,0,0,0,0,0,0,0,0,0,0,0,0,44,0,55,0,0,0,92,95,97,0,100,93,66,0,72,0,0,0,0,0
l30,10=0,0,0,0,0,0,0,0,0,0,0,0,0,0,0,0,0,0,0,0,0,0,0,0,0,0,92,95,97,99,0,90,80,68,83,0,0,0,0,0
l31,10=0,0,0,0,0,0,0,0,0,0,0,0,0,0,0,0,0,0,0,54,8,0,62,2,0,45,92,72,80,96,99,0,99,100,100,0,0,0,0,0
l32,10=0,0,0,0,0,0,0,0,0,0,0,0,0,0,0,0,2,0,0,32,64,0,0,83,0,45,92,0,58,78,82,98,0,100,100,0,0,0,0,0
l33,10=0,0,0,0,0,0,0,0,0,0,0,0,64,0,85,0,0,33,0,0,0,0,0,98,44,95,86,0,95,0,83,99,99,0,100,0,0,0,0,0
l34,10=0,0,0,0,0,0,0,0,0,0,0,0,19,0,0,0,77,0,0,4,21,0,0,41,70,90,90,45,43,81,89,99,99,100,0,0,0,0,0,0
l35,10=0,0,0,0,0,0,0,0,0,0,0,18,18,0,0,0,0,0,0,4,63,29,39,0,0,0,0,0,0,0,0,0,0,0,0,0,85,45,67,69
l36,10=0,0,0,0,0,0,0,0,0,0,0,9,0,0,14,2,55,21,0,0,70,19,42,0,0,0,0,0,0,0,0,0,0,0,0,85,0,53,79,78
l37,10=0,0,0,0,0,0,0,0,0,0,0,0,0,0,0,0,67,0,0,59,66,0,14,0,0,0,0,0,0,0,0,0,0,0,0,75,72,0,67,63
l38,10=0,0,0,0,0,0,0,0,0,0,0,55,39,14,20,25,80,23,0,0,76,46,48,0,28,30,0,0,0,0,0,0,0,0,0,79,74,47,0,79
l39,10=0,0,0,0,0,0,0,0,0,0,0,0,0,0,0,0,70,19,0,60,66,38,37,0,0,0,0,0,0,0,0,0,0,0,0,70,73,42,71,0

l0,11=0,93,87,84,89,84,33,59,30,66,0,0,0,0,0,0,0,0,0,0,0,0,0,0,0,0,0,0,0,0,0,0,0,0,0,0,0,0,0,0
l1,11=93,0,90,59,85,89,85,84,30,65,69,4,0,1,0,0,0,0,0,0,0,0,0,0,0,0,0,0,0,0,0,0,0,0,0,0,0,0,0,0
l2,11=89,90,0,76,86,90,21,81,43,68,60,0,0,0,0,0,0,0,0,0,0,0,0,0,0,0,0,0,0,0,0,0,0,0,0,0,0,0,0,0
l3,11=93,34,88,0,89,88,36,1,0,29,61,0,0,0,0,0,0,0,0,0,0,0,0,0,0,0,0,0,0,0,0,0,0,0,0,0,0,0,0,0
l4,11=93,53,80,83,0,82,81,59,0,45,65,0,3,0,1,0,0,0,0,0,0,0,0,43,0,0,0,0,0,0,0,0,0,0,0,0,0,0,0,0
l5,11=88,91,90,78,86,0,85,86,51,87,58,0,0,44,0,0,0,0,0,0,0,0,0,0,0,0,0,0,0,0,0,0,0,0,0,0,0,0,0,0
l6,11=8,84,6,31,86,87,0,85,51,86,78,47,0,62,0,57,39,0,0,0,0,0,0,0,0,0,0,0,0,0,0,0,0,0,0,0,0,0,0,0
l7,11=76,81,75,33,79,84,85,0,70,86,85,59,53,77,0,42,0,0,0,0,0,0,0,0,0,0,0,0,0,0,0,0,0,0,0,0,0,0,0,0
l8,11=36,16,28,0,0,56,38,50,0,90,42,69,69,83,31,73,0,69,0,13,0,0,0,30,11,0,0,0,0,0,0,0,0,0,0,0,0,0,0,0
l9,11=43,20,29,35,56,74,47,85,78,0,84,73,65,81,0,66,18,1,0,0,0,43,0,11,0,0,0,0,0,0,0,0,0,0,0,0,0,0,0,0
l10,11=0,45,25,46,69,53,68,85,63,90,0,55,0,70,6,68,0,0,0,1,0,0,0,0,0,0,0,0,0,0,0,0,0,0,0,0,0,0,0,0
l11,11=0,1,0,0,0,0,33,41,40,27,23,0,83,82,79,90,66,81,0,0,2,27,32,39,75,69,0,0,0,0,0,0,0,0,0,39,0,0,13,0
l12,11=0,0,0,0,0,0,0,23,39,26,0,85,0,77,91,86,78,90,0,0,22,49,33,44,96,95,0,0,0,0,0,0,0,0,0,0,0,0,22,0
l13,11=0,0,0,0,0,41,37,55,76,54,24,81,75,0,0,87,59,74,0,1,19,36,0,33,63,61,0,0,0,0,0,0,0,0,0,0,0,0,8,0
l14,11=0,0,0,0,7,0,0,0,0,0,0,79,91,0,0,59,81,84,0,0,0,18,0,77,71,89,0,0,0,0,0,0,0,22,39,53,63,0,14,0
l15,11=0,0,0,0,0,0,31,18,42,26,23,88,88,87,61,0,79,82,0,12,23,44,10,0,0,66,0,0,0,0,0,0,0,0,0,7,60,0,19,0
l16,11=0,0,0,0,0,0,24,0,0,8,0,60,75,65,82,79,0,86,5,9,25,60,30,28,77,2,0,0,0,0,0,0,6,13,38,0,73,21,24,32
l17,11=0,0,0,0,0,0,0,0,36,12,2,85,90,74,85,85,86,0,0,0,23,56,38,36,55,0,0,0,0,0,0,0,0,0,0,0,75,0,10,29
l18,11=0,0,0,0,0,0,0,0,0,0,0,0,0,0,0,0,49,0,0,38,55,68,40,0,0,0,0,0,0,0,0,0,0,0,0,0,0,0,0,4
l19,11=0,0,0,0,0,0,0,0,24,0,0,0,0,0,0,51,38,0,52,0,73,64,63,0,0,0,45,0,0,0,0,19,0,0,13,56,54,18,0,30
l20,11=0,0,0,0,0,0,0,0,0,0,0,0,47,51,0,55,77,52,50,40,0,87,82,0,0,0,3,0,12,0,0,0,3,0,0,68,75,23,20,38
l21,11=0,0,0,0,0,0,0,0,0,18,0,46,53,49,36,48,76,64,52,53,89,0,80,0,5,0,0,0,0,0,0,0,0,0,0,34,65,19,72,35
l22,11=0,0,0,0,0,0,0,0,0,0,0,49,46,0,0,7,57,53,0,46,86,82,0,0,0,0,43,0,0,0,0,49,0,0,0,62,69,0,67,45
l23,11=0,0,0,0,60,0,0,0,35,10,0,77,91,66,85,0,60,59,0,0,0,0,0,0,96,95,0,0,0,0,0,39,26,19,0,0,0,0,0,0
l24,11=0,0,0,0,0,0,0,0,0,13,0,77,91,71,78,0,88,84,0,0,0,0,0,90,0,93,0,0,0,0,0,0,0,7,0,0,0,0,2,0
l25,11=0,0,0,0,0,0,0,0,0,0,0,69,91,60,89,60,0,0,0,0,0,0,0,92,92,0,0,0,0,0,0,58,22,91,0,0,0,0,0,0
l26,11=0,0,0,0,0,0,0,0,0,0,0,0,0,0,0,0,0,0,0,27,22,0,48,0,0,0,0,79,91,89,93,86,79,71,73,0,0,0,0,0
l27,11=0,0,0,0,0,0,0,0,0,0,0,0,0,0,0,0,0,0,0,0,0,0,0,0,0,0,83,0,88,89,96,67,0,0,42,0,0,0,0,0
l28,11=0,0,0,0,0,0,0,0,0,0,0,0,0,0,0,0,0,0,0,0,27,0,0,0,0,0,86,96,0,91,96,72,41,0,33,0,0,0,0,0
l29,11=0,0,0,0,0,0,0,0,0,0,0,0,0,0,0,0,0,0,0,0,0,0,0,0,0,0,84,96,91,0,96,84,33,43,37,0,0,0,0,0
l30,11=0,0,0,0,0,0,0,0,0,0,0,0,0,0,0,0,0,0,0,0,0,0,0,0,0,0,86,96,91,91,0,83,70,83,76,0,0,0,0,0
l31,11=0,0,0,0,0,0,0,0,0,0,0,0,0,0,0,0,0,0,0,7,0,0,53,30,0,57,86,70,64,86,84,0,85,100,100,0,0,0,0,0
l32,11=0,0,0,0,0,0,0,0,0,0,0,0,0,0,0,0,25,0,0,0,8,0,0,35,0,27,86,0,43,47,63,87,0,100,100,0,0,0,0,0
l33,11=0,0,0,0,0,0,0,0,0,0,0,0,0,0,78,0,42,0,0,0,7,0,0,78,11,95,81,0,0,79,94,97,95,0,100,0,0,0,0,0
l34,11=0,0,0,0,0,0,0,0,0,0,0,0,0,0,49,0,75,0,0,5,0,0,0,9,0,1,82,76,32,76,81,97,95,100,0,0,0,0,0,0
l35,11=0,0,0,0,0,0,0,0,0,0,0,14,4,0,26,19,0,0,0,10,18,10,35,0,0,0,0,0,0,0,0,0,0,0,0,0,87,24,20,39
l36,11=0,0,0,0,0,0,0,0,0,0,0,0,0,0,48,47,60,52,0,6,23,37,37,0,0,0,0,0,0,0,0,0,0,0,0,86,0,26,24,42
l37,11=0,0,0,0,0,0,0,0,0,0,0,0,0,0,0,0,62,0,0,10,21,38,0,0,0,0,0,0,0,0,0,0,0,0,0,77,81,0,18,33
l38,11=0,0,0,0,0,0,0,0,0,0,0,48,59,18,23,53,80,11,0,0,24,59,42,0,2,0,0,0,0,0,0,0,0,0,0,81,86,23,0,43
l39,11=0,0,0,0,0,0,0,0,0,0,0,0,0,0,0,0,68,14,0,13,22,45,36,0,0,0,0,0,0,0,0,0,0,0,0,78,81,23,71,0

l0,12=0,85,89,92,93,89,77,74,1,62,58,0,0,0,0,0,0,0,0,0,0,0,0,0,0,0,0,0,0,0,0,0,0,0,0,0,0,0,0,0
l1,12=91,0,86,86,89,86,86,89,0,59,70,52,0,0,0,0,0,0,0,0,0,0,0,0,0,0,0,0,0,0,0,0,0,0,0,0,0,0,0,0
l2,12=91,79,0,88,87,89,89,71,42,70,72,0,0,7,0,0,0,0,0,0,0,0,0,0,0,0,0,0,0,0,0,0,0,0,0,0,0,0,0,0
l3,12=95,78,84,0,93,85,0,53,0,0,62,0,0,0,0,0,0,0,0,0,0,0,0,0,0,0,0,0,0,0,0,0,0,0,0,0,0,0,0,0
l4,12=91,80,83,88,0,59,82,84,57,53,5,0,0,0,31,0,0,0,0,0,0,0,0,60,0,0,0,0,0,0,0,0,0,0,0,0,0,0,0,0
l5,12=90,83,89,87,78,0,85,89,71,83,71,0,0,61,0,0,0,0,0,0,0,0,0,37,0,0,0,0,0,0,0,0,0,0,0,0,0,0,0,0
l6,12=73,83,87,40,80,79,0,89,69,49,75,66,0,55,0,67,0,0,0,0,0,0,0,0,0,0,0,0,0,0,0,0,0,0,0,0,0,0,0,0
l7,12=73,83,41,53,84,87,85,0,72,84,86,41,34,75,0,4,0,0,0,0,0,0,0,0,0,0,0,0,0,0,0,0,0,0,0,0,0,0,0,0
l8,12=12,0,36,29,68,69,45,62,0,89,79,58,45,88,2,46,28,39,0,42,0,46,0,0,42,0,0,0,0,0,0,0,0,0,0,0,0,0,0,0
l9,12=61,30,40,0,59,87,39,89,79,0,85,65,41,84,0,46,26,15,0,0,44,55,0,23,8,0,0,0,0,0,0,0,0,0,0,0,0,0,0,0
l10,12=53,46,62,66,30,60,70,93,76,88,0,56,6,80,0,69,0,0,0,0,0,0,0,15,0,0,0,0,0,0,0,0,0,0,0,0,0,0,0,0
l11,12=0,17,0,0,0,0,53,18,42,72,70,0,51,86,47,90,47,82,0,0,62,65,67,70,0,9,0,0,0,0,0,0,0,0,0,24,29,0,11,0
l12,12=0,0,0,0,0,0,0,14,34,60,0,81,0,79,95,89,76,91,0,0,66,63,62,75,97,99,0,0,0,0,0,0,0,27,0,0,0,0,47,0
l13,12=0,0,0,0,0,57,41,49,79,80,76,80,50,0,51,88,46,75,0,0,57,55,0,68,30,0,0,0,0,0,0,0,0,0,0,0,0,0,0,0
l14,12=0,0,0,0,55,0,0,0,9,9,0,66,89,81,0,54,89,81,0,0,0,65,20,91,97,49,0,0,0,0,0,0,0,39,37,55,39,0,40,0
l15,12=0,0,0,0,0,0,50,0,45,71,73,86,83,90,52,0,47,79,0,45,65,64,25,57,71,39,0,0,0,0,0,0,0,0,0,0,0,0,36,0
l16,12=0,0,0,0,0,0,0,0,14,50,0,56,52,58,55,53,0,90,58,62,73,75,69,0,79,9,0,0,0,0,0,0,0,0,0,28,62,47,48,3
l17,12=0,0,0,0,0,0,0,0,17,54,0,77,61,75,51,56,58,0,0,60,76,76,69,66,16,0,0,0,0,0,0,0,0,2,0,0,49,0,32,2
l18,12=0,0,0,0,0,0,0,0,0,0,0,0,0,0,0,0,68,0,0,67,63,64,0,0,0,0,0,0,0,0,0,0,0,0,0,0,0,0,0,1
l19,12=0,0,0,0,0,0,0,0,21,0,0,0,0,0,0,33,44,54,56,0,80,70,73,0,0,0,37,0,44,5,0,49,24,0,0,33,1,0,30,53
l20,12=0,0,0,0,0,0,0,0,0,50,0,40,37,48,0,35,50,68,55,84,0,86,88,0,0,0,29,0,26,0,0,9,0,0,0,50,79,59,44,34
l21,12=0,0,0,0,0,0,0,0,27,55,0,48,46,51,46,55,73,73,54,81,87,0,87,0,42,0,26,0,0,0,0,0,0,0,0,45,63,50,84,33
l22,12=0,0,0,0,0,0,0,0,0,0,0,47,34,0,6,23,43,54,0,77,87,83,0,0,0,0,29,0,0,0,0,0,0,0,0,62,74,45,55,35
l23,12=0,0,0,0,73,11,0,0,0,31,7,63,52,72,92,29,0,62,0,0,0,0,0,0,97,99,0,0,0,0,0,37,5,43,0,0,0,0,0,0
l24,12=0,0,0,0,0,0,0,0,11,51,0,0,89,21,95,84,89,1,0,0,0,63,0,95,0,94,0,0,0,0,0,28,69,0,0,0,0,0,39,0
l25,12=0,0,0,0,0,0,0,0,0,1,0,42,89,0,69,56,40,0,0,0,0,0,0,98,97,0,0,0,0,0,0,77,82,41,84,0,0,0,0,0
l26,12=0,0,0,0,0,0,0,0,0,0,0,0,0,0,0,0,0,0,0,53,31,24,39,0,0,0,0,69,91,78,91,90,76,62,71,0,0,0,0,0
l27,12=0,0,0,0,0,0,0,0,0,0,0,0,0,0,0,0,0,0,0,0,0,0,0,0,0,0,76,0,89,96,92,77,0,14,10,0,0,0,0,0
l28,12=0,0,0,0,0,0,0,0,0,0,0,0,0,0,0,0,0,0,0,56,51,0,0,0,0,0,87,98,0,97,92,81,65,62,64,0,0,0,0,0
l29,12=0,0,0,0,0,0,0,0,0,0,0,0,0,0,0,0,0,0,0,2,0,0,0,0,0,0,80,98,91,0,92,80,69,66,71,0,0,0,0,0
l30,12=0,0,0,0,0,0,0,0,0,0,0,0,0,0,0,0,0,0,0,0,0,0,0,0,0,0,87,98,91,97,0,79,70,44,37,0,0,0,0,0
l31,12=0,0,0,0,0,0,0,0,0,0,0,0,0,0,0,0,0,0,0,69,54,0,0,53,47,71,87,81,84,92,88,0,96,100,100,0,0,0,0,0
l32,12=0,0,0,0,0,0,0,0,0,0,0,0,0,0,0,0,0,0,0,42,0,0,0,23,70,74,85,0,85,90,85,95,0,100,100,0,0,0,0,0
l33,12=0,0,0,0,0,0,0,0,0,0,0,0,48,0,51,0,0,2,0,0,0,0,0,68,0,74,76,43,67,69,66,99,98,0,100,0,0,0,0,0
l34,12=0,0,0,0,0,0,0,0,0,0,0,0,0,0,54,0,0,0,0,0,0,0,0,0,0,90,87,55,83,82,64,99,98,100,0,0,0,0,0,0
l35,12=0,0,0,0,0,0,0,0,0,0,0,13,0,0,12,0,19,0,0,22,59,45,73,0,0,0,0,0,0,0,0,0,0,0,0,0,85,66,49,33
l36,12=0,0,0,0,0,0,0,0,0,0,0,14,0,0,3,0,47,42,0,0,78,63,80,0,0,0,0,0,0,0,0,0,0,0,0,86,0,72,53,45
l37,12=0,0,0,0,0,0,0,0,0,0,0,0,0,0,0,0,31,0,0,0,69,55,45,0,0,0,0,0,0,0,0,0,0,0,0,81,80,0,8,39
l38,12=0,0,0,0,0,0,0,0,0,0,0,34,32,0,17,25,54,36,0,44,75,76,79,0,30,0,0,0,0,0,0,0,0,0,0,83,81,32,0,47
l39,12=0,0,0,0,0,0,0,0,0,0,0,0,0,0,0,0,33,0,0,66,70,59,79,0,0,0,0,0,0,0,0,0,0,0,0,62,82,68,52,0

l0,13=0,93,91,92,94,92,91,92,87,89,92,0,0,0,0,0,0,0,0,0,0,0,0,0,0,0,0,0,0,0,0,0,0,0,0,0,0,0,0,0
l1,13=94,0,92,93,94,92,90,88,38,56,69,0,0,0,0,0,0,0,0,0,0,0,0,0,0,0,0,0,0,0,0,0,0,0,0,0,0,0,0,0
l2,13=94,93,0,92,94,92,91,54,0,90,94,0,0,27,0,0,0,0,0,0,0,0,0,0,0,0,0,0,0,0,0,0,0,0,0,0,0,0,0,0
l3,13=96,96,92,0,98,92,88,91,3,0,90,0,0,0,0,0,0,0,0,0,0,0,0,0,0,0,0,0,0,0,0,0,0,0,0,0,0,0,0,0
l4,13=94,93,91,93,0,90,91,90,58,4,93,0,0,0,0,0,0,0,0,0,0,0,0,0,0,0,0,0,0,0,0,0,0,0,0,0,0,0,0,0
l5,13=94,91,91,92,92,0,91,55,54,91,92,0,0,51,0,0,0,0,0,0,0,0,0,0,0,0,0,0,0,0,0,0,0,0,0,0,0,0,0,0
l6,13=92,88,90,88,94,92,0,0,63,90,0,84,0,54,0,83,0,0,0,0,0,0,0,0,0,0,0,0,0,0,0,0,0,0,0,0,0,0,0,0
l7,13=93,92,56,91,94,89,0,0,91,91,94,50,6,63,0,1,0,0,0,0,0,0,0,0,0,0,0,0,0,0,0,0,0,0,0,0,0,0,0,0
l8,13=45,25,0,28,59,75,75,62,0,95,92,73,25,88,56,71,69,53,0,42,0,41,0,61,73,0,0,0,0,0,0,0,0,0,0,0,0,0,0,0
l9,13=45,3,47,0,0,87,84,91,91,0,94,77,25,90,19,85,69,54,0,0,40,41,0,0,0,0,0,0,0,0,0,0,0,0,0,0,0,0,0,0
l10,13=48,38,49,48,76,82,0,93,88,95,0,77,0,88,0,79,0,0,0,0,0,0,0,0,0,0,0,0,0,0,0,0,0,0,0,0,0,0,0,0
l11,13=0,0,0,0,0,0,78,8,28,41,78,0,36,99,46,90,82,75,0,0,47,46,53,71,0,58,0,0,0,0,0,0,0,0,0,0,1,0,52,0
l12,13=0,0,0,0,0,0,0,0,1,42,0,94,0,32,71,89,98,85,0,0,48,39,55,80,99,98,0,0,0,0,0,0,0,82,0,0,70,0,52,0
l13,13=0,0,8,0,0,78,75,30,59,95,95,95,29,0,46,90,77,70,0,24,43,46,0,71,76,68,0,0,0,0,0,0,0,0,0,0,0,0,51,0
l14,13=0,0,0,0,0,0,0,0,31,39,0,92,93,35,0,86,99,74,0,0,0,43,0,96,99,85,0,0,0,0,0,0,19,77,51,0,43,0,0,0
l15,13=0,0,0,0,0,0,77,0,18,49,80,95,60,99,45,0,99,79,0,43,47,37,0,73,86,67,0,0,0,0,0,0,0,0,0,0,63,0,52,0
l16,13=0,0,0,0,0,0,0,0,9,39,0,81,35,28,47,88,0,76,27,46,50,46,55,45,92,26,0,0,0,0,0,0,2,3,19,58,76,55,59,45
l17,13=0,0,0,0,0,0,0,0,16,42,0,94,36,35,47,89,98,0,0,49,55,56,55,81,95,38,0,0,0,0,0,0,0,58,0,0,78,0,59,0
l18,13=0,0,0,0,0,0,0,0,0,0,0,0,0,0,0,0,85,0,0,93,92,2,18,0,0,0,0,0,0,0,0,0,0,0,0,0,0,0,0,0
l19,13=0,0,0,0,0,0,0,0,50,0,0,0,0,7,0,59,73,59,54,0,96,92,86,0,0,0,47,0,0,17,0,25,0,0,0,30,57,60,60,70
l20,13=0,0,0,0,0,0,0,0,0,34,0,64,29,19,0,71,87,72,39,96,0,96,92,0,0,0,35,0,0,0,0,13,0,0,0,78,81,82,86,45
l21,13=0,0,0,0,0,0,0,0,31,53,0,77,31,45,40,72,81,72,0,96,96,0,93,0,37,0,37,0,0,0,0,0,0,0,0,64,61,0,86,85
l22,13=0,0,0,0,0,0,0,0,0,0,0,58,23,0,1,0,82,47,0,58,95,96,0,0,0,0,60,0,0,0,0,0,0,0,38,77,81,57,63,90
l23,13=0,0,0,0,0,0,0,0,6,0,0,93,50,31,99,89,12,73,0,0,0,0,0,0,57,99,0,0,0,0,0,0,0,0,0,0,0,0,0,0
l24,13=0,0,0,9,0,0,0,0,31,0,0,0,93,30,99,86,99,75,0,0,9,48,0,41,0,99,0,0,0,0,0,0,30,25,9,0,78,0,1,0
l25,13=0,0,0,0,0,0,0,0,0,0,0,78,93,36,50,90,89,34,0,0,0,0,0,99,99,0,0,0,0,25,0,36,38,100,100,0,0,0,0,0
l26,13=0,0,0,0,0,0,0,0,0,0,0,0,0,0,0,0,0,0,0,52,57,52,65,0,0,0,0,90,98,89,98,99,87,78,0,0,0,0,0,0
l27,13=0,0,0,0,0,0,0,0,0,0,0,0,0,0,0,0,0,0,0,0,0,0,0,0,0,0,84,0,96,100,100,82,81,70,57,0,0,0,0,0
l28,13=0,0,0,0,0,0,0,0,0,0,0,0,0,0,0,0,0,0,0,40,38,0,0,0,0,0,97,96,0,100,100,98,76,79,82,0,0,0,0,0
l29,13=0,0,0,0,0,0,0,0,0,0,0,0,0,0,0,0,0,0,0,21,0,0,0,0,0,3,80,96,98,0,100,83,89,70,81,0,0,0,0,0
l30,13=0,0,0,0,0,0,0,0,0,0,0,0,0,0,0,0,0,0,0,0,0,0,0,0,0,0,97,96,98,100,0,88,83,74,17,0,0,0,0,0
l31,13=0,0,0,0,0,0,0,0,0,0,0,0,0,0,0,0,0,0,0,39,70,0,0,0,0,82,97,95,98,100,100,0,100,100,100,0,0,0,0,0
l32,13=0,0,0,0,0,0,0,0,0,0,0,0,0,0,47,0,22,0,0,4,0,0,0,0,84,94,93,69,84,98,91,100,0,100,100,0,0,0,0,0
l33,13=0,0,0,0,0,0,0,0,0,0,0,0,90,0,45,0,58,59,0,0,0,0,0,0,71,97,97,80,98,94,97,100,100,0,100,0,0,0,0,0
l34,13=0,0,0,0,0,0,0,0,0,0,0,0,21,0,69,0,81,0,0,0,0,0,67,0,65,99,0,51,98,100,54,100,100,100,0,0,0,0,0,0
l35,13=0,0,0,0,0,0,0,0,0,0,0,0,3,0,0,0,68,0,0,26,47,36,54,0,0,0,0,0,0,0,0,0,0,0,0,0,91,91,59,49
l36,13=0,0,0,0,0,0,0,0,0,0,0,0,25,0,13,47,81,48,0,41,50,21,60,0,36,0,0,0,0,0,0,0,0,0,0,93,0,83,70,53
l37,13=0,0,0,0,0,0,0,0,0,0,0,0,0,0,0,0,9,0,0,42,51,0,45,0,0,0,0,0,0,0,0,0,0,0,0,87,84,0,54,47
l38,13=0,0,0,0,0,0,0,0,0,0,0,57,26,27,0,63,81,54,0,50,53,52,59,0,0,0,0,0,0,0,0,0,0,0,0,86,88,74,0,49
l39,13=0,0,0,0,0,0,0,0,0,0,0,0,0,0,0,0,74,0,0,48,48,45,63,0,0,0,0,0,0,0,0,0,0,0,0,79,81,69,56,0

l0,14=0,100,100,100,100,100,100,97,65,98,97,0,0,0,0,0,0,0,0,0,0,0,0,0,0,0,0,0,0,0,0,0,0,0,0,0,0,0,0,0
l1,14=99,0,100,100,100,100,27,0,54,0,89,0,0,25,0,0,0,0,0,0,0,0,0,0,0,0,0,0,0,0,0,0,0,0,0,0,0,0,0,0
l2,14=100,100,0,100,100,100,100,100,41,99,100,0,0,82,0,2,0,0,0,0,0,0,0,0,0,0,0,0,0,0,0,0,0,0,0,0,0,0,0,0
l3,14=100,100,100,0,100,100,100,98,0,0,95,0,0,0,0,0,0,0,0,0,0,0,0,0,0,0,0,0,0,0,0,0,0,0,0,0,0,0,0,0
l4,14=100,100,100,100,0,100,100,0,52,47,100,0,0,0,0,0,0,0,0,0,0,0,0,6,0,0,0,0,0,0,0,0,0,0,0,0,0,0,0,0
l5,14=100,100,100,100,100,0,100,100,96,99,100,0,0,63,0,53,0,0,0,0,0,0,0,0,0,0,0,0,0,0,0,0,0,0,0,0,0,0,0,0
l6,14=98,14,100,96,100,100,0,96,91,97,95,97,0,91,0,93,0,0,0,0,0,0,51,0,0,0,0,0,0,0,0,0,0,0,0,0,0,0,0,0
l7,14=99,0,100,99,0,99,99,0,99,99,100,0,0,60,0,33,97,0,0,0,0,0,0,0,0,0,0,0,0,0,0,0,0,0,0,0,0,0,0,0
l8,14=57,44,6,25,52,29,30,40,0,99,99,52,45,33,32,48,53,0,0,3,39,54,49,1,25,0,0,0,0,0,0,0,0,0,0,0,0,0,0,0
l9,14=57,0,52,0,52,98,30,99,99,0,100,80,0,100,18,97,56,50,0,0,44,55,0,23,2,0,0,0,0,0,0,0,0,0,0,0,0,0,0,0
l10,14=98,71,93,97,100,98,98,100,99,99,0,64,62,100,22,90,0,0,0,0,13,0,0,0,0,0,0,0,0,0,0,0,0,0,0,0,0,0,0,0
l11,14=0,0,0,0,0,0,60,0,55,61,91,0,94,100,60,99,97,98,0,0,80,95,97,61,0,63,0,0,0,0,0,0,0,0,0,0,44,0,66,0
l12,14=0,0,0,0,0,0,0,0,40,0,31,97,0,62,99,85,51,99,0,5,80,0,49,61,60,99,0,0,0,0,0,0,0,44,0,22,0,0,0,0
l13,14=0,33,46,0,1,29,30,38,34,98,97,100,98,0,32,99,55,96,0,4,0,53,0,0,51,40,0,0,0,0,0,0,0,0,0,0,0,0,36,0
l14,14=0,0,0,0,0,0,0,0,36,9,37,97,100,35,0,68,97,98,0,0,13,8,0,62,100,0,0,0,0,0,0,0,16,43,0,18,0,0,37,0
l15,14=0,0,0,0,0,19,53,0,63,61,87,100,94,100,60,0,98,98,0,28,78,91,0,61,60,61,0,0,0,0,0,0,0,0,0,0,0,0,58,0
l16,14=0,0,0,0,0,0,0,24,11,28,0,91,39,14,59,85,0,93,1,22,70,89,94,15,60,28,0,0,0,0,0,0,0,77,43,92,55,0,22,39
l17,14=0,0,0,0,0,0,0,0,0,51,0,97,98,62,60,97,97,0,0,59,80,96,97,62,61,60,0,0,0,0,0,0,0,11,0,52,59,0,66,0
l18,14=0,0,0,0,0,0,0,0,0,0,0,0,0,0,0,0,77,0,0,87,90,1,90,0,0,0,0,0,0,0,0,0,0,0,0,0,0,0,0,0
l19,14=0,0,0,0,0,0,0,0,0,0,0,0,78,0,0,76,88,87,50,0,99,92,93,0,0,0,53,0,0,70,0,0,0,0,0,91,76,48,56,89
l20,14=0,0,0,0,0,0,0,0,6,51,1,86,81,0,1,77,89,87,52,98,0,96,98,0,13,0,14,0,0,0,0,0,0,0,21,91,60,48,93,88
l21,14=0,0,0,0,0,0,0,0,56,86,0,87,26,59,47,80,88,87,0,98,100,0,98,0,54,0,0,0,0,0,0,0,0,0,3,93,92,5,83,94
l22,14=0,0,0,0,0,0,15,0,13,0,0,87,80,0,0,0,92,87,34,96,100,96,0,0,0,0,72,0,0,5,0,0,0,0,0,91,64,5,57,95
l23,14=0,0,0,0,5,0,0,0,0,29,0,71,95,0,99,85,8,87,0,0,0,0,0,0,48,100,0,0,0,0,0,0,41,51,42,0,0,0,0,0
l24,14=0,0,0,0,0,0,0,0,37,0,0,0,96,54,99,87,100,100,0,0,27,53,0,54,0,71,0,0,0,0,0,0,0,0,0,0,25,0,0,0
l25,14=0,0,0,0,11,0,0,0,0,0,0,84,100,59,0,86,78,91,0,0,0,0,0,100,99,0,0,0,26,0,0,0,91,98,100,0,0,0,0,0
l26,14=0,0,0,0,0,0,0,0,0,0,0,0,0,0,0,0,0,0,0,74,77,0,86,0,0,0,0,90,99,91,99,100,97,85,95,0,0,0,0,0
l27,14=0,0,0,0,0,0,0,0,0,0,0,0,0,0,0,0,0,0,0,0,0,0,0,0,0,0,93,0,98,100,100,90,92,87,2,0,0,0,0,0
l28,14=0,0,0,0,0,0,0,0,0,0,0,0,0,0,0,0,0,0,0,32,0,0,0,0,0,70,100,99,0,100,100,100,95,87,97,0,0,0,0,0
l29,14=0,0,0,0,0,0,0,0,0,0,0,0,0,0,0,0,0,0,0,86,0,0,8,0,0,0,93,99,99,0,100,90,96,0,90,0,0,0,0,0
l30,14=0,0,0,0,0,0,0,0,0,0,0,0,0,0,0,0,0,0,0,0,0,0,0,0,0,0,97,99,99,100,0,90,93,85,0,0,0,0,0,0
l31,14=0,0,0,0,0,0,0,0,0,0,0,0,0,0,0,0,0,0,0,0,0,0,0,0,0,0,100,88,98,95,97,0,99,100,100,0,0,0,0,0
l32,14=0,0,0,0,0,0,0,0,0,0,0,0,0,0,49,0,0,0,0,0,0,0,0,62,0,76,100,80,87,99,98,100,0,100,100,0,0,0,0,0
l33,14=0,0,0,0,0,0,0,0,0,0,0,0,92,0,91,0,86,5,0,0,0,0,0,97,0,98,100,88,98,0,100,100,100,0,100,0,0,0,0,0
l34,14=0,0,0,0,0,0,0,0,0,0,0,0,31,0,0,0,97,0,0,0,87,11,4,95,0,99,100,8,98,99,0,100,100,100,0,0,0,0,0,0
l35,14=0,0,0,0,0,0,0,0,0,0,0,0,71,0,6,0,86,55,0,48,69,84,88,0,0,0,0,0,0,0,0,0,0,0,0,0,95,93,94,94
l36,14=0,0,0,0,0,0,0,0,0,0,0,30,0,0,0,0,88,82,0,40,69,87,90,0,16,0,0,0,0,0,0,0,0,0,0,97,0,48,66,87
l37,14=0,0,0,0,0,0,0,0,0,0,0,0,0,0,0,0,0,0,0,23,66,0,0,0,0,0,0,0,0,0,0,0,0,0,0,96,60,0,55,87
l38,14=0,0,0,0,0,0,0,0,0,0,0,87,0,0,20,67,85,86,0,20,78,85,94,0,0,0,0,0,0,0,0,0,0,0,0,97,62,50,0,93
l39,14=0,0,0,0,0,0,0,0,0,0,0,0,0,0,0,0,88,0,0,52,70,89,91,0,0,0,0,0,0,0,0,0,0,0,0,91,61,48,56,0

l0,15=0,97,97,100,100,99,98,99,91,95,43,0,0,0,0,0,0,0,0,0,0,0,0,0,0,0,0,0,0,0,0,0,0,0,0,0,0,0,0,0
l1,15=97,0,97,100,100,99,98,96,96,87,98,0,0,86,56,0,0,0,0,0,0,0,0,0,0,0,0,0,0,0,0,0,0,0,0,0,0,0,0,0
l2,15=97,97,0,98,98,99,98,99,96,95,1,92,0,98,0,0,0,0,0,0,0,0,0,0,0,0,0,0,0,0,0,0,0,0,0,0,0,0,0,0
l3,15=100,99,94,0,100,98,0,0,0,0,98,0,0,0,0,0,0,0,0,0,0,0,0,0,0,0,0,0,0,0,0,0,0,0,0,0,0,0,0,0
l4,15=100,99,100,100,0,99,98,99,92,91,100,0,0,0,0,0,0,0,0,0,0,0,0,0,0,0,0,0,0,0,0,0,0,0,0,0,0,0,0,0
l5,15=97,97,97,98,97,0,98,99,96,95,98,0,0,98,0,89,0,0,0,0,0,0,0,0,0,0,0,0,0,0,0,0,0,0,0,0,0,0,0,0
l6,15=97,97,97,0,97,97,0,99,96,95,98,98,89,97,0,95,0,0,0,0,0,0,54,0,0,0,0,0,0,0,0,0,0,0,0,0,0,0,0,0
l7,15=71,71,97,78,97,98,98,0,96,95,98,0,0,59,5,0,98,0,0,0,0,0,0,0,0,0,0,0,0,0,0,0,0,0,0,0,0,0,0,0
l8,15=71,62,38,1,93,97,95,100,0,99,100,95,98,71,55,59,0,0,0,15,10,86,92,0,60,0,0,0,0,0,0,0,0,0,0,0,0,0,0,0
l9,15=96,7,50,0,91,98,98,100,99,0,100,95,0,100,5,95,97,71,0,0,98,96,0,10,0,0,0,0,0,0,0,0,0,0,0,0,0,0,0,0
l10,15=52,96,0,96,97,98,98,100,96,99,0,0,97,98,29,0,91,0,0,0,0,0,0,0,0,0,0,0,0,0,0,0,0,0,0,0,0,0,0,0
l11,15=0,0,27,0,0,0,100,0,98,69,0,0,100,100,59,99,100,100,0,2,61,96,99,93,61,62,0,0,0,0,0,0,0,0,0,0,98,0,100,0
l12,15=0,0,0,0,0,0,0,0,98,0,69,100,0,100,100,66,100,100,0,0,62,0,99,99,100,100,0,0,0,0,0,0,0,0,0,36,57,0,67,0
l13,15=0,52,60,0,0,97,98,22,96,99,69,100,100,0,59,98,98,100,0,1,4,13,3,52,58,61,0,0,0,0,0,0,0,0,0,0,0,0,2,0
l14,15=0,1,0,0,0,0,0,0,92,54,3,97,100,72,0,60,100,100,0,0,62,0,0,100,100,62,0,0,0,0,0,0,0,62,0,0,0,0,99,0
l15,15=0,0,0,0,0,70,98,0,98,69,0,100,100,72,59,0,100,100,0,0,61,95,0,93,62,61,0,0,0,0,0,0,0,0,0,95,0,0,99,0
l16,15=0,0,0,0,0,0,0,92,0,50,26,98,92,65,60,60,0,95,76,60,61,92,99,0,62,0,0,0,0,0,0,0,0,30,0,98,96,91,98,38
l17,15=0,0,0,0,0,0,0,0,0,69,0,100,100,72,60,98,100,0,0,63,62,95,99,93,62,62,0,0,0,0,0,0,0,61,87,0,97,0,99,1
l18,15=0,0,0,0,0,0,0,0,0,0,0,0,0,0,0,0,96,0,0,81,96,3,82,0,0,0,0,0,0,0,0,0,0,0,0,0,0,0,0,0
l19,15=0,0,0,0,0,0,0,0,3,0,0,2,46,0,0,0,88,76,62,0,99,98,99,0,0,0,73,0,0,49,0,0,0,0,0,79,73,0,79,81
l20,15=0,0,0,0,0,0,0,0,0,69,0,95,98,0,56,60,99,97,83,99,0,100,99,0,7,0,8,0,0,0,0,0,0,0,0,99,97,0,99,97
l21,15=0,0,0,0,0,0,0,0,84,62,0,95,0,20,0,57,96,96,0,99,100,0,99,0,55,0,0,0,11,0,0,0,0,0,76,86,95,88,98,93
l22,15=0,0,0,0,0,0,14,0,73,27,0,78,69,0,0,0,98,77,4,90,99,99,0,0,0,0,53,0,0,43,0,0,0,0,0,81,75,78,81,77
l23,15=0,0,0,0,0,0,0,0,0,35,0,98,100,67,100,60,0,100,0,0,0,0,0,0,100,100,0,0,0,0,0,0,61,100,0,0,0,0,0,0
l24,15=0,0,0,0,0,0,0,0,98,0,0,100,100,32,100,99,100,100,0,0,27,74,0,93,0,62,0,0,0,0,0,0,46,0,0,0,95,0,0,0
l25,15=0,0,0,0,0,0,0,0,0,0,0,83,98,65,94,58,0,96,0,0,0,0,0,99,98,0,82,0,66,10,0,80,55,56,95,0,0,0,0,0
l26,15=0,0,0,0,0,0,0,0,0,0,0,0,0,0,0,0,0,0,0,89,80,0,72,0,0,81,0,96,89,93,96,98,79,88,90,0,0,0,0,0
l27,15=0,0,0,0,0,0,0,0,0,0,0,0,0,0,0,0,0,0,0,0,0,0,0,0,0,0,88,0,89,95,96,89,78,93,90,0,0,0,0,0
l28,15=0,0,0,0,0,0,0,0,0,0,0,0,0,0,0,0,0,0,0,0,0,17,0,0,0,85,97,99,0,95,96,96,79,94,91,0,0,0,0,0
l29,15=0,0,0,0,0,0,0,0,0,0,0,0,0,0,0,0,0,0,0,87,0,0,79,0,0,11,96,99,88,0,95,91,82,93,91,0,0,0,0,0
l30,15=0,0,0,0,0,0,0,0,0,0,0,0,0,0,0,0,0,0,0,0,0,0,0,0,0,0,88,99,89,95,0,45,78,93,0,0,0,0,0,0
l31,15=0,0,0,0,0,0,0,0,0,0,0,0,0,0,0,0,0,0,0,0,0,0,0,0,0,82,97,92,83,93,93,0,87,99,98,0,0,0,0,0
l32,15=0,0,0,0,0,0,0,0,0,0,0,0,36,0,0,0,2,0,0,0,0,0,0,94,89,94,97,95,81,95,96,98,0,99,98,0,0,0,0,0
l33,15=0,0,0,0,0,0,0,0,0,0,0,0,74,0,97,0,98,96,0,0,0,0,0,100,10,88,86,96,86,78,96,100,96,0,99,0,0,0,0,0
l34,15=0,0,0,0,0,0,0,0,0,0,0,0,3,0,0,0,0,62,0,0,0,61,0,0,10,94,96,92,76,91,0,98,87,99,0,0,0,0,0,0
l35,15=0,0,0,0,0,0,0,0,0,0,0,0,63,0,0,49,79,0,0,49,57,46,83,0,0,0,0,0,0,0,0,0,0,0,0,0,98,95,96,90
l36,15=0,0,0,0,0,0,0,0,0,0,0,81,50,0,0,0,90,51,0,51,58,81,87,0,28,0,0,0,0,0,0,0,0,0,0,100,0,95,99,88
l37,15=0,0,0,0,0,0,0,0,0,0,0,0,0,0,0,0,81,0,0,0,0,74,84,0,0,0,0,0,0,0,0,0,0,0,0,99,97,0,96,93
l38,15=0,0,0,0,0,0,0,0,0,0,0,79,53,0,22,54,92,86,0,29,62,90,94,0,0,0,0,0,0,0,0,0,0,0,0,98,98,94,0,92
l39,15=0,0,0,0,0,0,0,0,0,0,0,0,0,0,0,0,3,0,0,50,59,77,85,0,0,0,0,0,0,0,0,0,0,0,0,98,95,95,98,0

