t=2016-04-14_07.12.29

n=40

q0=1
q1=1
q2=1
q3=1
q4=1
q5=1
q6=1
q7=1
q8=1
q9=1
q10=1
q11=1
q12=1
q13=1
q14=1
q15=1
q16=1
q17=1
q18=1
q19=1
q20=1
q21=1
q22=1
q23=1
q24=1
q25=1
q26=1
q27=1
q28=1
q29=1
q30=1
q31=1
q32=1
q33=1
q34=1
q35=1
q36=1
q37=1
q38=1
q39=1

a0=0x141592000c576ce6
a1=0x141592000c5aedbc
a2=0x141592000c5750f4
a3=0x141592000c576658
a4=0x141592000c575890
a5=0x141592000c574ffa
a6=0x141592000c5acf11
a7=0x141592000d9df361
a8=0x141592000c576300
a9=0x141592000c5779b6
a10=0x141592000c5762b9
a11=0x141592000c5af078
a12=0x141592000c575517
a13=0x141592000c5752c3
a14=0x141592000c5a4baa
a15=0x141592000c5776e7
a16=0x141592000c58cdeb
a17=0x141592000c5881fc
a18=0x141592000bd81d33
a19=0x141592000bd84d6a
a20=0x141592000c577233
a21=0x141592000c574527
a22=0x141592000c5746a3
a23=0x141592000c574da3
a24=0x141592000c5741c9
a25=0x141592000da244ea
a26=0x141592000c5ae886
a27=0x141592000c57510e
a28=0x141592000c5ab6c8
a29=0x141592000c574d05
a30=0x141592000edae61f
a31=0x141592000c57667e
a32=0x141592000c577f43
a33=0x141592000c576449
a34=0x1415920010f4117a
a35=0x141592000c575966
a36=0x141592000c574d35
a37=0x141592000c576fb1
a38=0x141592000c5aea5d
a39=0x141592000c59f23f

l0,0=0,97,85,97,87,88,87,81,82,92,0,0,0,39,0,0,0,0,0,0,0,0,0,0,0,0,0,0,0,0,0,0,0,0,0,0,0,0,0,0
l1,0=89,0,85,88,89,88,87,89,82,0,90,0,0,0,0,0,0,0,0,0,0,0,0,0,0,0,0,0,0,0,0,0,0,0,0,0,0,0,0,0
l2,0=89,90,0,0,89,89,92,89,0,92,90,0,0,65,0,0,0,0,0,0,0,0,0,0,0,0,0,0,0,0,0,0,0,0,0,0,0,0,0,0
l3,0=93,77,0,0,89,88,87,61,73,0,84,0,0,0,0,0,0,0,0,0,0,0,0,0,0,0,0,0,0,0,0,0,0,0,0,0,0,0,0,0
l4,0=59,88,85,91,0,88,64,0,0,81,84,0,0,63,0,0,0,0,0,0,0,0,0,0,0,0,0,0,0,0,0,0,0,0,0,0,0,0,0,0
l5,0=89,95,86,91,89,0,88,89,84,92,84,0,0,56,0,0,0,0,0,0,0,0,0,0,0,0,0,0,0,0,0,0,0,0,0,0,0,0,0,0
l6,0=73,79,91,79,61,79,0,91,80,82,78,24,0,69,0,54,65,0,0,0,0,0,0,0,0,0,0,0,0,0,0,0,0,0,0,0,0,0,0,0
l7,0=47,84,83,67,42,82,88,0,83,91,90,41,0,15,0,32,0,0,0,0,0,0,0,0,0,0,0,0,0,0,0,0,0,0,0,0,0,0,0,0
l8,0=41,18,0,59,0,76,80,74,0,92,65,50,44,89,41,72,80,55,0,0,0,64,19,0,20,0,0,0,0,0,0,0,0,0,0,0,0,0,60,0
l9,0=77,0,59,0,74,86,74,88,92,0,92,43,37,79,12,60,62,59,0,0,0,0,31,0,0,0,0,0,0,0,0,0,0,0,0,0,0,0,0,0
l10,0=0,84,85,71,78,76,79,92,74,94,0,71,54,88,0,65,0,0,0,0,0,0,0,0,0,0,0,0,0,0,0,0,0,0,0,0,0,0,0,0
l11,0=0,0,0,0,0,0,53,78,80,79,73,0,56,77,53,94,85,91,0,20,0,38,0,0,26,0,0,0,0,0,0,0,0,0,0,0,53,1,78,0
l12,0=0,0,0,0,0,0,0,0,78,76,59,88,0,82,84,94,81,99,0,0,27,63,0,80,94,57,0,0,0,0,0,0,0,47,0,0,46,0,83,0
l13,0=0,0,5,0,64,0,67,0,87,70,81,57,84,0,84,78,66,71,0,21,0,60,56,65,21,30,0,0,0,0,0,0,0,0,0,0,8,0,65,0
l14,0=0,0,0,0,0,0,0,0,79,32,0,51,57,52,0,49,85,84,0,0,27,0,43,80,54,67,0,0,0,0,0,0,0,47,0,0,2,0,6,0
l15,0=0,0,0,0,0,0,61,42,80,71,61,97,93,54,75,0,70,84,0,1,6,0,52,0,46,0,0,0,0,0,0,0,0,0,0,0,9,0,77,0
l16,0=0,0,0,0,0,0,51,0,83,58,0,49,53,41,54,40,0,99,0,26,22,77,70,50,31,0,0,0,0,0,0,0,0,34,0,33,49,43,86,76
l17,0=0,0,0,0,0,0,0,0,78,80,0,55,79,54,51,51,95,0,0,0,28,75,60,0,31,31,0,0,0,0,0,0,0,48,0,0,54,2,0,0
l18,0=0,0,0,0,0,0,0,0,0,0,0,0,0,0,0,0,0,0,0,0,79,1,77,0,0,0,0,0,0,0,0,0,0,0,0,0,0,0,0,0
l19,0=0,0,0,0,0,0,0,0,4,0,0,23,0,51,0,0,64,0,0,0,85,63,90,0,0,0,3,0,0,0,0,38,0,0,0,6,62,0,57,59
l20,0=0,0,0,0,0,0,0,0,0,0,0,0,38,0,36,1,72,70,67,54,0,92,90,0,0,0,0,0,0,0,0,0,0,0,5,0,70,96,96,98
l21,0=0,0,0,0,0,0,0,0,64,0,0,22,35,43,0,0,89,66,37,25,98,0,89,0,0,0,0,0,0,0,0,0,0,0,0,58,43,40,92,76
l22,0=0,0,0,0,0,0,0,0,52,32,0,0,0,39,21,21,78,54,56,91,98,91,0,0,5,0,52,0,0,0,0,0,2,0,0,37,92,55,88,79
l23,0=0,0,0,0,0,0,0,0,36,0,0,0,77,65,83,0,76,0,0,0,0,0,0,0,84,0,0,0,0,0,0,0,0,40,46,0,0,0,0,0
l24,0=0,0,0,0,0,0,0,0,80,0,0,47,92,50,84,79,81,84,0,0,0,0,24,85,0,39,0,0,0,0,0,0,35,49,43,0,0,0,24,0
l25,0=0,0,0,0,0,0,0,0,8,0,0,0,83,44,89,0,0,77,0,0,0,0,0,0,68,0,51,1,0,0,0,33,44,45,59,0,0,0,0,0
l26,0=0,0,0,0,0,0,0,0,0,0,0,0,0,0,0,0,0,0,0,21,0,0,63,0,0,55,0,76,89,94,95,92,75,67,66,0,0,0,0,0
l27,0=0,0,0,0,0,0,0,0,0,0,0,0,0,0,0,0,0,0,0,0,0,0,0,0,0,0,84,0,89,99,99,76,63,61,64,0,0,0,0,0
l28,0=0,0,0,0,0,0,0,0,0,0,0,0,0,0,0,0,0,0,0,1,0,0,0,0,0,0,90,99,0,99,99,88,72,64,62,0,0,0,0,0
l29,0=0,0,0,0,0,0,0,0,0,0,0,0,0,0,0,0,0,0,0,41,0,0,0,0,0,0,88,100,89,0,99,71,64,59,51,0,0,0,0,0
l30,0=0,0,0,0,0,0,0,0,0,0,0,0,0,0,0,0,0,0,0,0,0,0,0,0,0,0,84,100,89,99,0,72,75,75,0,0,0,0,0,0
l31,0=0,0,0,0,0,0,0,0,0,0,0,0,0,0,0,0,0,0,0,60,0,0,0,0,0,56,87,62,81,65,61,0,88,85,92,0,0,0,0,0
l32,0=0,0,0,0,0,0,0,0,0,0,0,0,0,0,0,0,0,0,0,0,0,0,0,0,48,59,80,59,78,55,62,89,0,88,93,0,0,0,0,0
l33,0=0,0,0,0,0,0,0,0,0,0,0,0,70,0,65,0,58,67,0,0,0,0,0,47,48,63,70,55,73,50,81,84,85,0,80,0,0,0,0,0
l34,0=0,0,0,0,0,0,0,0,0,0,0,0,0,0,0,0,0,0,0,0,40,0,13,59,56,70,80,64,81,53,0,90,91,73,0,0,0,0,0,0
l35,0=0,0,0,0,0,0,0,0,0,0,0,0,0,0,0,0,40,0,0,1,0,56,46,0,0,0,0,0,0,0,0,0,0,0,0,0,64,96,95,57
l36,0=0,0,0,0,0,0,0,0,0,0,0,46,33,18,1,0,62,61,0,21,33,49,87,0,0,0,0,0,0,0,0,0,0,0,0,55,0,96,96,81
l37,0=0,0,0,0,0,0,0,0,0,0,0,0,0,0,0,0,33,2,0,6,32,2,57,0,0,0,0,0,0,0,0,0,0,0,0,57,69,0,54,96
l38,0=0,0,0,0,0,0,0,0,61,0,0,39,46,39,0,38,94,0,0,24,32,80,88,0,0,0,0,0,0,0,0,0,0,0,0,57,70,59,0,96
l39,0=0,0,0,0,0,0,0,0,0,0,0,0,0,0,0,0,74,0,0,30,33,67,87,0,0,0,0,0,0,0,0,0,0,0,0,47,60,97,88,0

l0,1=0,89,85,91,75,86,84,32,42,86,30,0,0,1,0,0,0,0,0,0,0,0,0,0,0,0,0,0,0,0,0,0,0,0,0,0,0,0,0,0
l1,1=90,0,89,87,92,92,77,83,58,70,81,0,0,43,0,0,0,0,0,0,0,0,0,0,0,0,0,0,0,0,0,0,0,0,0,0,0,0,0,0
l2,1=89,90,0,81,74,92,88,88,0,87,88,0,0,0,0,7,0,0,0,0,0,0,0,0,0,0,0,0,0,0,0,0,0,0,0,0,0,0,0,0
l3,1=93,89,76,0,90,86,75,22,0,56,75,0,0,0,0,0,0,0,0,0,0,0,0,0,0,0,0,0,0,0,0,0,0,0,0,0,0,0,0,0
l4,1=67,88,65,83,0,78,70,1,61,80,76,0,0,41,0,0,0,0,0,0,0,0,0,0,0,0,0,0,0,0,0,0,0,0,0,0,0,0,0,0
l5,1=88,91,89,89,88,0,84,89,70,89,84,0,0,0,0,0,0,0,0,0,0,0,0,0,0,0,0,0,0,0,0,0,0,0,0,0,0,0,0,0
l6,1=58,46,86,52,44,76,0,86,74,50,83,48,14,40,0,0,21,0,0,0,0,0,0,0,0,0,0,0,0,0,0,0,0,0,0,0,0,0,0,0
l7,1=26,70,77,32,23,88,88,0,80,81,92,42,4,25,0,9,0,0,0,0,0,0,0,0,0,0,0,0,0,0,0,0,0,0,0,0,0,0,0,0
l8,1=3,19,0,0,33,39,71,77,0,90,74,73,0,79,40,53,38,18,0,0,0,38,34,13,0,0,0,0,0,0,0,0,0,0,0,0,0,0,10,0
l9,1=46,36,65,30,67,74,35,81,90,0,92,69,35,77,33,48,26,24,0,0,0,18,23,0,0,0,0,0,0,0,0,0,0,0,0,0,0,0,0,0
l10,1=34,73,85,67,82,79,88,92,82,91,0,58,0,76,0,43,0,0,0,0,0,4,0,0,0,0,0,0,0,0,0,0,0,0,0,0,0,0,0,0
l11,1=0,0,0,0,0,0,30,20,48,69,43,0,80,79,68,64,42,69,0,41,0,1,0,0,48,0,0,0,0,0,0,0,0,0,0,25,31,0,44,0
l12,1=0,0,0,0,0,0,0,0,0,29,0,78,0,74,71,61,47,76,0,0,51,30,0,63,85,48,0,0,0,0,0,0,0,0,0,0,0,0,51,0
l13,1=0,1,0,0,15,0,27,0,52,74,70,83,69,0,56,30,40,38,0,28,34,29,32,42,0,30,0,0,0,0,0,0,0,0,0,0,0,0,44,0
l14,1=0,0,0,0,0,0,0,0,36,46,0,59,85,49,0,47,49,33,0,0,50,30,0,62,53,69,0,0,0,0,0,0,0,0,0,0,1,0,0,0
l15,1=0,0,2,0,0,0,0,0,41,57,37,86,82,39,57,0,26,44,0,0,22,0,31,28,62,0,0,0,0,0,0,0,0,0,0,0,24,1,23,0
l16,1=0,0,0,0,0,0,2,0,24,47,0,49,54,47,61,34,0,33,0,27,51,34,48,31,38,26,0,0,0,0,0,0,21,41,1,22,17,8,41,31
l17,1=0,0,0,0,0,0,0,0,20,52,0,85,91,54,66,58,53,0,0,0,46,17,39,32,42,22,0,0,0,0,0,0,0,42,0,0,30,0,17,0
l18,1=0,0,0,0,0,0,0,0,0,0,0,0,0,0,0,0,0,0,0,47,62,56,58,0,0,0,0,0,0,0,0,0,0,0,0,0,0,0,0,0
l19,1=0,0,0,0,0,0,0,0,0,0,0,26,0,36,0,0,27,0,26,0,68,36,69,0,0,0,0,0,0,0,0,28,0,0,0,0,28,28,65,61
l20,1=0,0,0,0,0,0,0,0,0,0,0,0,46,41,43,16,41,31,35,68,0,65,69,0,0,0,0,0,0,0,0,0,0,0,1,32,42,42,73,66
l21,1=0,0,0,0,0,0,0,0,58,44,9,1,42,43,42,0,46,26,29,48,72,0,72,0,0,0,2,0,0,0,0,20,38,0,0,59,24,44,68,62
l22,1=0,0,0,0,0,0,0,0,36,36,0,0,17,43,0,31,44,27,35,71,72,65,0,0,12,0,32,0,0,3,0,0,9,0,0,36,66,35,65,68
l23,1=0,0,0,0,0,0,0,0,19,0,0,0,68,55,63,37,38,29,0,0,0,0,0,0,79,45,0,0,0,0,0,0,0,2,60,0,0,0,0,0
l24,1=0,0,0,0,0,0,0,0,0,0,0,63,80,8,66,55,43,37,0,0,0,0,9,64,0,50,0,0,0,0,0,0,48,50,49,0,0,0,0,0
l25,1=0,0,0,0,0,0,0,0,16,0,0,0,65,48,66,0,39,26,0,0,0,0,0,49,78,0,30,0,30,7,0,34,0,58,55,0,0,0,0,0
l26,1=0,0,0,0,0,0,0,0,0,0,0,0,0,0,0,0,0,0,0,0,0,2,36,0,0,47,0,49,75,79,75,78,77,60,56,0,0,0,0,0
l27,1=0,0,0,0,0,0,0,0,0,0,0,0,0,0,0,0,0,0,0,0,0,0,0,0,0,0,63,0,73,82,91,63,66,53,61,0,0,0,0,0
l28,1=0,0,0,0,0,0,0,0,0,0,0,0,0,0,0,0,0,0,0,14,29,0,0,0,0,46,76,72,0,87,89,74,54,64,62,0,0,0,0,0
l29,1=0,0,0,0,0,0,0,0,0,0,0,0,0,0,0,0,0,0,0,13,0,0,17,0,0,4,72,73,77,0,88,69,53,44,51,0,0,0,0,0
l30,1=0,0,0,0,0,0,0,0,0,0,0,0,0,0,0,0,0,0,0,0,0,0,0,0,0,0,63,83,77,86,0,51,52,58,0,0,0,0,0,0
l31,1=0,0,0,0,0,0,0,0,0,0,0,0,0,0,0,0,0,0,0,42,0,32,0,0,0,50,70,45,56,55,44,0,80,64,70,0,0,0,0,0
l32,1=0,0,0,0,0,0,0,0,0,0,0,0,0,0,0,0,32,0,0,0,0,36,10,0,52,0,68,43,49,55,55,76,0,67,83,0,0,0,0,0
l33,1=0,0,0,0,0,0,0,0,0,0,0,0,2,0,0,0,38,48,0,0,0,0,0,7,58,62,60,42,50,43,60,72,73,0,62,0,0,0,0,0
l34,1=0,0,0,0,0,0,0,0,0,0,0,0,0,0,0,0,37,0,0,0,44,0,0,41,56,61,59,44,55,45,0,72,86,62,0,0,0,0,0,0
l35,1=0,0,0,0,0,0,0,0,0,0,0,30,0,0,0,0,34,0,0,0,49,40,51,0,0,0,0,0,0,0,0,0,0,0,0,0,47,55,79,55
l36,1=0,0,0,0,0,0,0,0,0,0,0,53,0,5,0,31,31,22,0,27,63,5,62,0,0,0,0,0,0,0,0,0,0,0,0,49,0,44,81,61
l37,1=0,0,0,0,0,0,0,0,0,0,0,0,0,0,0,0,0,0,0,22,60,39,55,0,0,0,0,0,0,0,0,0,0,0,0,48,44,0,72,67
l38,1=0,0,0,0,0,0,0,0,3,0,0,50,49,44,0,10,37,0,0,51,69,47,64,0,0,0,0,0,0,0,0,0,0,0,0,78,70,44,0,65
l39,1=0,0,0,0,0,0,0,0,0,0,0,0,0,0,0,0,37,0,0,56,62,41,60,0,0,0,0,0,0,0,0,0,0,0,0,37,39,45,65,0

l0,2=0,86,84,86,82,85,71,0,10,71,0,0,0,0,0,0,0,0,0,0,0,0,0,0,0,0,0,0,0,0,0,0,0,0,0,0,0,0,0,0
l1,2=79,0,87,87,84,88,85,81,54,77,82,0,0,0,0,0,0,0,0,0,0,0,0,0,0,0,0,0,0,0,0,0,0,0,0,0,0,0,0,0
l2,2=84,91,0,85,90,92,92,92,0,84,84,0,0,0,0,0,0,0,0,0,0,0,0,0,0,0,0,0,0,0,0,0,0,0,0,0,0,0,0,0
l3,2=78,86,83,0,84,85,39,45,17,0,65,0,0,0,0,0,0,0,0,0,0,0,0,0,0,0,0,0,0,0,0,0,0,0,0,0,0,0,0,0
l4,2=74,81,84,85,0,84,83,60,60,78,65,0,0,0,0,0,0,0,0,0,0,0,0,0,0,0,0,0,0,0,0,0,0,0,0,0,0,0,0,0
l5,2=75,86,87,85,84,0,83,85,72,77,82,0,0,0,0,0,0,0,0,0,0,0,0,0,0,0,0,0,0,0,0,0,0,0,0,0,0,0,0,0
l6,2=34,77,90,23,70,79,0,64,34,62,82,27,22,22,0,26,0,0,0,0,0,0,0,0,0,0,0,0,0,0,0,0,0,0,0,0,0,0,0,0
l7,2=0,52,83,29,47,79,65,0,81,81,87,28,0,31,0,32,11,0,0,0,0,0,0,0,0,0,0,0,0,0,0,0,0,0,0,0,0,0,0,0
l8,2=0,32,0,7,38,53,36,68,0,85,69,53,0,68,0,58,43,38,0,0,0,43,32,5,29,34,0,0,0,0,0,0,0,0,0,0,0,0,22,0
l9,2=29,45,78,2,63,57,41,79,83,0,87,34,20,70,1,37,24,27,0,0,1,27,0,0,0,0,0,0,0,0,0,0,0,0,0,0,0,0,0,0
l10,2=0,64,71,31,48,72,82,92,71,85,0,40,0,57,0,27,0,6,0,0,0,0,0,22,0,0,0,0,0,0,0,0,0,0,0,0,0,0,0,0
l11,2=0,0,0,0,0,0,31,19,37,37,45,0,74,71,63,77,44,84,0,30,25,41,37,36,25,0,0,0,0,0,0,0,0,0,0,23,43,0,30,30
l12,2=0,0,0,0,0,0,40,0,0,26,0,77,0,47,75,71,60,89,0,0,0,41,10,68,92,77,0,0,0,0,0,0,0,0,0,0,0,0,41,0
l13,2=0,0,0,0,0,0,5,36,75,70,50,80,36,0,34,56,46,41,1,28,24,39,27,33,34,34,0,0,0,0,0,0,0,0,0,0,0,0,39,0
l14,2=0,0,0,0,0,0,0,0,0,7,0,64,74,39,0,43,62,44,0,0,15,1,0,74,54,62,0,0,0,0,0,0,0,34,0,0,0,0,42,0
l15,2=0,0,0,0,0,0,32,42,52,37,37,91,73,47,41,0,41,61,0,23,41,0,0,0,67,0,0,0,0,0,0,0,0,0,0,0,28,0,36,0
l16,2=0,0,0,0,0,0,0,0,30,21,0,47,53,37,62,40,0,69,0,23,52,47,55,34,37,47,0,0,0,0,0,0,0,27,0,42,49,37,46,46
l17,2=0,0,0,0,0,0,0,0,31,17,2,81,76,51,48,70,70,0,0,0,42,0,45,39,56,0,0,0,0,0,0,0,0,32,0,0,43,0,44,0
l18,2=0,0,0,0,0,0,0,0,0,0,0,0,0,2,0,0,0,0,0,61,59,54,58,0,0,0,0,0,0,0,0,0,0,0,0,0,0,0,0,0
l19,2=0,0,0,0,0,0,0,0,0,0,0,20,0,35,0,3,21,0,37,0,66,0,65,0,0,0,0,0,31,43,0,47,0,0,0,0,59,16,58,59
l20,2=0,0,0,0,0,0,0,0,0,0,0,1,0,32,0,46,61,39,30,63,0,69,65,0,4,0,0,0,0,0,0,0,0,0,34,56,65,49,63,60
l21,2=0,0,0,0,0,0,0,0,34,30,0,45,32,38,0,2,59,0,33,0,73,0,68,0,0,0,0,0,0,0,0,0,0,29,0,48,54,59,62,60
l22,2=0,0,0,0,0,0,0,0,26,0,0,38,25,37,0,0,59,33,34,72,74,69,0,0,0,0,0,0,0,34,0,0,0,1,0,53,66,56,56,62
l23,2=0,0,0,0,0,0,0,0,1,0,23,13,69,48,68,0,20,50,0,0,0,0,0,0,79,65,0,0,0,0,0,0,0,0,54,0,0,0,0,0
l24,2=0,0,0,0,0,0,0,0,31,0,0,36,71,55,65,64,60,67,0,0,13,0,0,74,0,71,0,0,0,0,0,0,17,38,42,0,38,0,9,0
l25,2=0,0,0,0,0,0,0,0,29,0,0,0,69,42,62,0,53,3,0,0,0,0,0,61,71,0,33,0,0,0,0,49,52,54,55,0,0,0,0,0
l26,2=0,0,0,0,0,0,0,0,0,0,0,0,0,0,0,0,0,0,0,0,0,0,0,0,0,44,0,33,85,74,68,71,69,58,67,0,0,0,0,0
l27,2=0,0,0,0,0,0,0,0,0,0,0,0,0,0,0,0,0,0,0,0,0,0,0,0,0,0,44,0,83,85,88,70,68,39,70,0,0,0,0,0
l28,2=0,0,0,0,0,0,0,0,0,0,0,0,0,0,0,0,0,0,0,43,5,0,19,0,0,0,79,81,0,87,72,72,52,59,61,0,0,0,0,0
l29,2=0,0,0,0,0,0,0,0,0,0,0,0,0,0,0,0,0,0,0,42,0,0,44,0,0,0,67,79,85,0,67,63,62,0,14,0,0,0,0,0
l30,2=0,0,0,0,0,0,0,0,0,0,0,0,0,0,0,0,0,0,0,0,0,0,0,0,0,0,71,89,82,74,0,53,62,58,47,0,0,0,0,0
l31,2=0,0,0,0,0,0,0,0,0,0,0,0,0,0,0,0,0,0,0,46,0,0,0,5,0,50,67,56,64,55,46,0,72,61,76,0,0,0,0,0
l32,2=0,0,0,0,0,0,0,0,0,0,0,0,0,0,0,0,0,0,0,0,0,0,0,0,12,59,59,52,51,55,50,72,0,60,85,0,0,0,0,0
l33,2=0,0,0,0,0,0,0,0,0,0,0,0,0,0,51,0,24,25,0,0,0,34,0,3,49,62,57,29,60,0,53,61,71,0,73,0,0,0,0,0
l34,2=0,0,0,0,0,0,0,0,0,0,0,0,0,0,1,0,0,0,0,0,45,0,0,44,45,60,57,40,61,38,44,65,78,72,0,0,0,0,0,0
l35,2=0,0,0,0,0,0,0,0,0,0,0,0,0,0,0,0,43,0,0,0,53,44,51,0,0,0,0,0,0,0,0,0,0,0,0,0,69,59,71,58
l36,2=0,0,0,0,0,0,0,0,0,0,0,45,0,0,0,8,54,41,0,57,65,44,61,0,11,0,0,0,0,0,0,0,0,0,0,63,0,65,71,56
l37,2=0,0,0,0,0,0,0,0,0,0,0,0,0,0,0,0,27,0,0,20,48,54,55,0,0,0,0,0,0,0,0,0,0,0,0,63,69,0,70,63
l38,2=0,0,0,0,0,0,0,0,6,0,0,0,24,37,35,26,48,32,0,56,69,57,48,0,0,0,0,0,0,0,0,0,0,0,0,66,69,64,0,63
l39,2=0,0,0,0,0,0,0,0,0,0,0,0,0,0,0,0,55,0,0,62,62,55,60,0,0,0,0,0,0,0,0,0,0,0,0,54,60,58,58,0

l0,3=0,90,81,82,87,76,0,42,20,82,0,0,0,0,0,0,0,0,0,0,0,0,0,0,0,0,0,0,0,0,0,0,0,0,0,0,0,0,0,0
l1,3=86,0,82,88,82,89,90,84,71,83,38,0,0,0,0,0,0,0,0,0,0,0,0,0,0,0,0,0,0,0,0,0,0,0,0,0,0,0,0,0
l2,3=86,90,0,86,82,89,94,89,83,85,92,0,0,82,0,0,0,0,0,0,0,0,0,0,0,0,0,0,0,0,0,0,0,0,0,0,0,0,0,0
l3,3=80,91,78,0,76,64,88,0,69,8,73,0,0,0,0,0,0,0,0,0,0,0,0,0,0,0,0,0,0,0,0,0,0,0,0,0,0,0,0,0
l4,3=86,89,85,50,0,82,47,0,38,74,0,0,0,0,0,0,0,0,0,0,0,0,0,0,0,0,0,0,0,0,0,0,0,0,0,0,0,0,0,0
l5,3=86,92,88,88,82,0,90,88,86,86,85,56,0,81,0,0,0,0,0,0,0,0,0,0,0,0,0,0,0,0,0,0,0,0,0,0,0,0,0,0
l6,3=0,91,87,82,73,84,0,84,78,82,93,76,70,51,0,61,61,0,0,0,0,0,0,0,0,0,0,0,0,0,0,0,0,0,0,0,0,0,0,0
l7,3=58,78,83,0,0,83,86,0,87,87,95,0,0,79,0,71,59,0,0,0,0,0,0,0,0,0,0,0,0,0,0,0,0,0,0,0,0,0,0,0
l8,3=0,35,26,36,34,38,38,85,0,88,89,62,31,86,0,85,39,39,0,0,0,35,33,14,39,7,0,0,0,0,0,0,0,0,0,0,0,0,9,0
l9,3=35,38,28,24,58,36,40,81,92,0,95,41,18,85,28,52,0,0,0,0,24,4,0,0,0,0,0,0,0,0,0,0,0,0,0,0,0,0,0,0
l10,3=0,26,79,37,0,71,89,92,87,90,0,37,26,85,24,34,0,0,0,0,0,0,0,29,11,0,0,0,0,0,0,0,0,0,0,0,0,0,12,0
l11,3=0,0,0,0,0,34,37,0,79,37,31,0,88,86,88,92,27,88,0,32,26,37,38,44,82,14,0,0,0,0,0,0,0,0,0,0,46,35,76,0
l12,3=0,0,0,0,0,0,33,0,28,24,4,94,0,46,98,90,35,96,0,43,0,34,33,80,96,89,0,0,0,0,0,0,0,20,0,22,1,0,33,0
l13,3=0,0,25,0,0,30,15,37,92,87,41,90,39,0,0,79,34,42,22,29,26,23,33,42,32,26,0,0,0,0,0,0,0,0,0,0,1,0,31,0
l14,3=0,0,0,0,0,0,0,0,0,31,25,95,93,26,0,47,43,28,0,0,29,0,12,91,95,44,0,0,0,0,0,0,0,33,2,0,0,0,34,1
l15,3=0,0,0,0,0,0,32,41,86,58,21,96,89,85,32,0,76,78,0,15,33,16,0,42,88,0,0,0,0,0,0,0,0,0,0,0,0,0,33,17
l16,3=0,0,0,0,0,0,27,22,30,0,0,18,36,33,81,48,0,79,24,33,77,63,68,36,44,23,0,0,0,0,0,0,0,31,0,0,42,45,35,34
l17,3=0,0,0,0,0,0,0,0,69,2,0,92,93,75,21,81,91,0,0,0,70,35,33,51,82,0,0,0,0,0,0,0,0,15,0,33,73,0,37,30
l18,3=0,0,0,0,0,0,0,0,0,0,0,0,0,59,0,0,31,0,0,63,61,51,55,0,0,0,0,0,0,0,0,0,0,0,0,0,0,0,0,0
l19,3=0,0,0,0,0,0,0,0,0,0,0,4,50,42,0,2,43,0,45,0,81,87,90,0,0,0,0,0,45,39,0,48,0,0,0,49,85,47,77,31
l20,3=0,0,0,0,0,0,0,0,0,37,0,36,0,54,52,78,74,66,42,85,0,91,90,0,52,0,4,0,0,0,0,0,0,0,0,77,86,88,82,76
l21,3=0,0,0,0,0,0,0,0,78,26,0,64,68,49,0,32,75,49,45,87,87,0,90,0,0,0,0,0,0,0,0,0,0,52,0,75,88,89,81,38
l22,3=0,0,0,0,0,0,0,0,59,0,0,62,51,55,4,0,77,37,52,95,91,91,0,0,0,0,0,0,0,44,0,0,0,0,0,89,78,92,55,77
l23,3=0,0,0,0,0,0,0,0,6,0,1,40,87,33,89,46,27,34,0,0,0,0,0,0,95,91,0,0,0,0,0,5,0,0,0,0,0,0,0,0
l24,3=0,0,0,0,0,0,0,0,32,0,1,45,93,35,91,86,36,80,0,0,31,0,0,90,0,93,0,0,0,0,0,0,0,40,0,0,40,0,32,0
l25,3=0,0,0,0,0,0,0,0,22,0,0,11,89,32,75,0,31,0,0,0,0,0,0,85,86,0,16,0,0,1,0,37,33,60,41,0,0,0,0,0
l26,3=0,0,0,0,0,0,0,0,0,0,0,0,0,0,0,0,0,0,0,4,37,0,0,0,0,19,0,77,97,90,93,93,90,63,77,0,0,0,0,0
l27,3=0,0,0,0,0,0,0,0,0,0,0,0,0,0,0,0,0,0,0,0,0,0,0,0,0,0,89,0,97,95,100,91,92,0,3,0,0,0,0,0
l28,3=0,0,0,0,0,0,0,0,0,0,0,0,0,0,0,0,0,0,0,56,0,0,35,0,0,0,93,100,0,95,88,90,85,89,72,0,0,0,0,0
l29,3=0,0,0,0,0,0,0,0,0,0,0,0,0,0,0,0,0,0,0,59,0,0,55,0,0,0,93,100,97,0,88,79,83,62,60,0,0,0,0,0
l30,3=0,0,0,0,0,0,0,0,0,0,0,0,0,0,0,0,0,0,0,0,0,0,0,0,0,0,91,100,92,88,0,75,87,70,0,0,0,0,0,0
l31,3=0,0,0,0,0,0,0,0,0,0,0,0,0,0,0,0,0,0,0,63,0,0,0,52,0,52,93,68,86,62,65,0,96,93,95,0,0,0,0,0
l32,3=0,0,0,0,0,0,0,0,0,0,0,0,19,0,0,0,0,0,0,0,0,0,0,0,0,77,84,83,82,76,84,97,0,95,97,0,0,0,0,0
l33,3=0,0,0,0,0,0,0,0,0,0,0,0,26,0,14,0,60,0,0,0,0,23,0,0,83,92,62,0,87,62,62,91,89,0,92,0,0,0,0,0
l34,3=0,0,0,0,0,0,0,0,0,0,0,0,0,0,30,0,0,0,0,0,35,0,0,40,0,87,84,23,83,80,33,93,96,94,0,0,0,0,0,0
l35,3=0,0,0,0,0,0,0,0,0,0,0,0,18,0,0,0,0,6,0,24,54,48,70,0,0,0,0,0,0,0,0,0,0,0,0,0,90,87,84,76
l36,3=0,0,0,0,0,0,0,0,0,0,0,47,2,12,0,0,55,48,0,67,67,73,51,0,30,0,0,0,0,0,0,0,0,0,0,90,0,89,84,62
l37,3=0,0,0,0,0,0,0,0,0,0,0,3,0,0,0,0,60,0,0,33,75,79,74,0,0,0,0,0,0,0,0,0,0,0,0,89,88,0,78,73
l38,3=0,0,0,0,0,0,0,0,1,0,0,69,54,57,69,57,62,48,0,69,79,77,33,0,43,0,0,0,0,0,0,0,0,0,0,90,92,85,0,80
l39,3=0,0,0,0,0,0,0,0,0,0,0,0,0,0,0,0,67,2,0,48,69,0,67,0,0,0,0,0,0,0,0,0,0,0,0,89,83,89,84,0

l0,4=0,88,74,91,87,87,0,33,68,83,0,0,0,0,0,0,0,0,0,0,0,0,0,0,0,0,0,0,0,0,0,0,0,0,0,0,0,0,0,0
l1,4=85,0,85,91,94,93,92,69,71,79,83,0,0,5,0,0,0,0,0,0,0,0,0,0,0,0,0,0,0,0,0,0,0,0,0,0,0,0,0,0
l2,4=72,82,0,84,91,95,91,78,71,81,88,0,0,73,0,6,0,0,0,0,0,0,0,0,0,0,0,0,0,0,0,0,0,0,0,0,0,0,0,0
l3,4=80,88,87,0,86,88,82,0,70,0,0,0,0,0,0,0,0,0,0,0,0,0,0,0,0,0,0,0,0,0,0,0,0,0,0,0,0,0,0,0
l4,4=85,94,91,91,0,93,90,70,71,77,74,0,0,14,0,0,0,0,0,0,0,0,0,0,0,0,0,0,0,0,0,0,0,0,0,0,0,0,0,0
l5,4=76,90,92,84,86,0,87,79,71,85,88,0,0,70,0,73,0,0,0,0,0,0,0,0,0,0,0,0,0,0,0,0,0,0,0,0,0,0,0,0
l6,4=0,94,91,80,85,92,0,85,69,85,94,79,77,0,0,64,81,0,0,0,0,0,0,0,0,0,0,0,0,0,0,0,0,0,0,0,0,0,0,0
l7,4=47,73,89,0,81,93,90,0,80,90,94,78,0,76,0,82,0,0,0,0,0,0,0,0,0,0,0,0,0,0,0,0,0,0,0,0,0,0,0,0
l8,4=71,78,44,76,78,83,78,76,0,87,85,86,78,87,81,83,81,79,0,0,57,67,75,0,0,0,0,0,0,0,0,0,0,0,0,0,0,0,0,0
l9,4=71,79,78,10,76,84,85,82,83,0,97,85,0,87,0,55,0,78,0,0,80,0,75,0,0,0,0,0,0,0,0,0,0,0,0,0,0,0,0,0
l10,4=0,79,91,0,74,91,90,86,77,90,0,88,76,86,78,81,0,58,0,0,0,0,0,66,0,0,0,0,0,0,0,0,0,0,0,0,0,0,0,0
l11,4=0,0,0,0,0,0,85,62,74,82,84,0,83,83,84,91,85,82,0,0,0,67,66,83,73,65,0,0,0,0,0,0,0,0,0,0,81,48,81,0
l12,4=0,0,0,0,0,0,45,0,75,0,82,92,0,85,93,87,89,91,0,28,78,0,0,88,92,87,0,0,0,0,0,0,67,69,0,67,53,0,83,0
l13,4=0,0,76,0,0,22,0,56,78,84,82,89,82,0,80,82,82,80,0,48,80,50,71,82,0,79,0,0,0,0,0,0,0,0,0,0,21,0,50,0
l14,4=0,0,0,0,0,0,0,0,74,0,84,92,92,83,0,0,88,28,0,0,84,0,29,93,94,85,0,0,0,0,0,0,0,83,80,0,40,0,85,0
l15,4=0,0,0,0,0,72,79,73,75,79,80,95,83,84,0,0,83,80,0,18,81,64,68,81,87,18,0,0,0,0,0,0,0,0,0,0,79,52,79,0
l16,4=0,0,0,0,0,0,82,0,74,0,0,88,88,81,84,69,0,92,59,74,89,65,73,79,83,81,0,0,0,0,0,0,0,0,0,79,78,68,88,81
l17,4=0,0,0,0,0,0,0,0,74,82,53,94,93,84,29,71,92,0,0,7,84,53,66,75,92,9,0,0,0,0,0,0,0,0,0,77,81,0,80,82
l18,4=0,0,0,0,0,0,0,0,0,0,0,0,0,0,0,0,83,0,0,72,50,75,72,0,0,0,0,0,0,0,0,0,0,0,0,0,0,0,0,0
l19,4=0,0,0,0,0,0,0,0,0,0,0,0,49,63,0,0,80,0,68,0,94,78,89,0,0,0,6,0,0,80,0,0,0,0,0,80,82,0,80,82
l20,4=0,0,0,0,0,0,0,0,33,70,0,0,65,73,78,62,85,80,14,83,0,75,88,0,68,0,0,0,64,0,0,0,34,0,0,79,89,80,92,80
l21,4=0,0,0,0,0,0,0,0,77,0,0,83,0,61,0,61,92,70,65,83,94,0,88,0,23,0,0,0,0,0,0,0,0,44,0,71,90,81,87,92
l22,4=0,0,0,0,0,0,0,0,66,79,0,81,0,73,23,36,86,65,67,85,95,80,0,0,0,0,68,0,0,64,0,0,38,25,0,71,90,82,90,0
l23,4=0,0,0,0,0,0,0,0,0,0,3,88,91,85,96,83,79,56,0,0,0,0,0,0,94,92,0,0,0,0,0,0,0,85,86,0,0,0,0,0
l24,4=0,0,0,0,0,0,0,0,0,0,0,85,90,0,96,88,86,90,0,0,84,0,0,96,0,87,0,0,0,0,0,0,0,85,0,0,0,0,0,0
l25,4=0,0,0,0,0,0,0,0,0,0,0,45,93,76,96,29,82,19,0,0,0,0,0,99,96,0,0,0,0,72,0,71,88,94,87,0,0,0,0,0
l26,4=0,0,0,0,0,0,0,0,0,0,0,0,0,0,0,0,0,0,0,41,0,0,76,0,0,0,0,87,100,100,100,100,98,83,96,0,0,0,0,0
l27,4=0,0,0,0,0,0,0,0,0,0,0,0,0,0,0,0,0,0,0,0,0,0,0,0,0,0,99,0,99,100,100,96,92,0,86,0,0,0,0,0
l28,4=0,0,0,0,0,0,0,0,0,0,0,0,0,0,0,0,0,0,0,7,86,0,0,0,0,0,100,100,0,100,99,94,98,94,98,0,0,0,0,0
l29,4=0,0,0,0,0,0,0,0,0,0,0,0,0,0,0,0,0,0,0,80,0,0,77,0,0,74,100,100,100,0,99,88,88,85,92,0,0,0,0,0
l30,4=0,0,0,0,0,0,0,0,0,0,0,0,0,0,0,0,0,0,0,0,0,0,0,0,0,0,99,100,93,99,0,97,91,86,0,0,0,0,0,0
l31,4=0,0,0,0,0,0,0,0,0,0,0,0,0,0,0,0,0,0,0,0,0,0,0,0,0,81,100,90,87,88,92,0,100,96,100,0,0,0,0,0
l32,4=0,0,0,0,0,0,0,0,0,0,0,0,89,0,0,0,0,0,0,0,80,0,68,0,0,94,98,87,95,99,98,100,0,100,100,0,0,0,0,0
l33,4=0,0,0,0,0,0,0,0,0,0,0,0,78,0,77,0,0,0,0,0,0,36,47,88,91,95,85,0,89,91,88,100,100,0,100,0,0,0,0,0
l34,4=0,0,0,0,0,0,0,0,0,0,0,0,0,0,83,0,0,0,0,0,5,0,0,98,14,92,98,78,93,96,3,100,100,100,0,0,0,0,0,0
l35,4=0,0,0,0,0,0,0,0,0,0,0,0,34,0,0,0,69,43,0,45,70,25,31,0,0,0,0,0,0,0,0,0,0,0,0,0,87,84,81,85
l36,4=0,0,0,0,0,0,0,0,0,0,0,60,46,31,3,35,60,75,0,63,84,51,69,0,0,0,0,0,0,0,0,0,0,0,0,84,0,83,80,84
l37,4=0,0,0,0,0,0,0,0,0,0,0,0,0,0,0,4,44,0,0,28,78,50,66,0,0,0,0,0,0,0,0,0,0,0,0,86,91,0,80,86
l38,4=0,0,0,0,0,0,0,0,0,0,0,80,71,31,74,57,85,65,0,65,91,52,78,0,0,0,0,0,0,0,0,0,0,0,0,87,85,80,0,91
l39,4=0,0,0,0,0,0,0,0,0,0,0,0,0,0,0,0,64,59,0,71,77,64,0,0,0,0,0,0,0,0,0,0,0,0,0,84,86,81,83,0

l0,5=0,85,70,78,74,69,73,0,0,75,66,0,0,0,0,0,0,0,0,0,0,0,0,0,0,0,0,0,0,0,0,0,0,0,0,0,0,0,0,0
l1,5=90,0,81,77,89,86,85,68,0,76,69,0,4,1,0,0,0,0,0,0,0,0,0,4,0,0,0,0,0,0,0,0,0,0,0,0,0,0,0,0
l2,5=80,78,0,78,77,80,75,63,1,76,70,0,0,10,0,0,0,0,0,0,0,0,0,0,0,0,0,0,0,0,0,0,0,0,0,0,0,0,0,0
l3,5=80,75,70,0,89,78,73,0,14,53,0,0,0,0,0,0,0,0,0,0,0,0,0,0,0,0,0,0,0,0,0,0,0,0,0,0,0,0,0,0
l4,5=60,84,78,85,0,85,82,68,68,0,68,0,0,44,0,0,0,0,0,0,0,0,0,0,0,0,0,0,0,0,0,0,0,0,0,0,0,0,0,0
l5,5=76,85,77,78,90,0,70,75,56,76,71,62,0,69,0,0,0,0,0,0,0,0,0,0,0,0,0,0,0,0,0,0,0,0,0,0,0,0,0,0
l6,5=49,77,72,71,75,62,0,80,50,77,72,62,0,0,0,0,31,0,0,8,0,0,0,0,0,0,0,0,0,0,0,0,0,0,0,0,0,0,0,0
l7,5=0,66,57,61,71,75,74,0,73,67,84,66,0,39,0,77,0,0,0,0,0,0,0,0,0,0,0,0,0,0,0,0,0,0,0,0,0,0,0,0
l8,5=0,0,0,20,72,47,62,78,0,86,73,73,0,84,32,77,32,42,0,0,6,40,17,15,66,0,0,0,0,0,0,0,0,0,0,0,0,0,0,0
l9,5=55,70,70,69,0,75,73,73,82,0,79,74,1,77,11,77,26,59,0,0,44,0,15,0,62,0,0,0,0,0,0,0,0,0,0,0,0,0,26,0
l10,5=65,67,70,0,66,75,72,80,71,90,0,66,3,66,50,72,0,47,0,0,0,0,0,0,0,0,0,0,0,0,0,0,0,0,0,0,0,0,0,0
l11,5=0,0,0,0,0,34,47,59,63,31,27,0,82,59,76,92,41,54,0,0,49,28,11,13,51,40,0,0,0,0,0,0,0,0,0,0,42,27,42,0
l12,5=0,0,0,0,0,0,0,0,0,0,0,82,0,58,86,78,62,88,0,0,45,0,0,27,82,76,0,0,0,0,0,0,8,5,0,36,38,0,27,0
l13,5=0,0,0,0,29,53,0,0,84,79,25,72,75,0,56,86,36,70,0,15,51,0,19,19,43,51,0,0,0,0,0,0,0,0,0,25,14,0,0,0
l14,5=0,0,0,0,0,0,0,0,38,10,23,81,84,54,0,67,48,44,0,0,57,0,14,48,85,79,0,0,0,0,0,26,0,23,39,0,11,0,34,0
l15,5=0,0,0,0,0,0,0,68,55,23,27,86,79,88,49,0,36,43,0,0,6,34,16,20,78,42,0,0,0,0,0,0,0,0,0,0,38,0,40,41
l16,5=0,0,0,0,0,0,40,0,40,11,0,64,81,45,62,53,0,57,0,44,64,44,19,0,61,45,0,0,0,0,0,1,0,12,32,52,43,18,41,47
l17,5=0,0,0,0,0,0,0,0,54,23,18,81,84,65,74,77,65,0,0,11,73,31,6,0,80,48,0,0,0,0,0,0,0,0,0,43,53,6,0,32
l18,5=0,0,0,0,0,0,0,0,0,0,0,0,0,0,0,0,0,0,0,0,0,64,42,0,0,0,0,0,0,0,0,0,0,0,0,0,0,0,0,0
l19,5=0,0,0,0,0,0,0,0,0,0,0,0,0,18,0,0,30,0,0,0,82,69,75,0,0,0,29,0,0,25,0,0,0,0,0,0,52,0,10,48
l20,5=0,0,0,0,0,0,0,0,4,11,0,17,30,43,37,0,51,62,0,77,0,69,75,0,21,0,0,0,6,0,0,0,1,0,0,59,68,29,74,57
l21,5=0,0,0,0,0,0,0,0,38,4,0,29,0,0,0,50,50,26,44,75,80,0,67,0,37,0,0,0,0,0,0,0,0,0,0,61,61,37,34,62
l22,5=0,0,0,0,0,0,0,0,38,11,0,14,2,42,24,54,36,5,22,81,84,61,0,0,0,0,40,0,0,11,0,0,0,0,0,15,69,39,51,59
l23,5=0,0,0,0,0,0,0,0,45,0,0,59,70,62,76,72,0,0,0,0,0,0,0,0,82,79,0,0,0,0,0,0,0,65,66,0,0,0,0,0
l24,5=0,0,0,0,0,0,0,0,49,19,0,60,82,41,87,79,60,73,0,0,46,26,0,78,0,73,0,0,0,0,0,0,0,30,23,0,29,0,0,0
l25,5=0,0,0,0,0,0,0,0,0,0,0,40,73,46,79,63,43,39,0,0,0,0,0,77,76,0,0,0,0,32,0,0,39,71,48,0,0,0,0,0
l26,5=0,0,0,0,0,0,0,0,0,0,0,0,0,0,0,0,0,0,0,44,7,0,42,0,0,0,0,59,81,92,75,83,68,62,66,0,0,0,0,0
l27,5=0,0,0,0,0,0,0,0,0,0,0,0,0,0,0,0,0,0,0,0,0,0,0,0,0,0,75,0,80,80,91,70,54,0,0,0,0,0,0,0
l28,5=0,0,0,0,0,0,0,0,0,0,0,0,0,0,0,0,0,0,0,0,51,0,20,0,0,0,85,88,0,94,91,65,58,67,60,0,0,0,0,0
l29,5=0,0,0,0,0,0,0,0,0,0,0,0,0,0,0,0,0,0,0,55,0,0,30,0,0,40,85,82,81,0,89,50,53,61,60,0,0,0,0,0
l30,5=0,0,0,0,0,0,0,0,0,0,0,0,0,0,0,0,0,0,0,0,0,0,0,0,0,0,82,88,81,87,0,64,0,65,0,0,0,0,0,0
l31,5=0,0,0,0,0,0,0,0,0,0,0,0,0,0,24,0,0,0,0,0,0,0,0,0,0,0,82,55,55,53,56,0,71,79,76,0,0,0,0,0
l32,5=0,0,0,0,0,0,0,0,0,0,0,0,55,0,0,0,0,0,0,0,52,0,0,6,0,67,77,57,60,77,8,93,0,75,85,0,0,0,0,0
l33,5=0,0,0,0,0,0,0,0,0,0,0,0,45,0,64,0,29,0,0,0,0,0,0,63,69,67,67,0,60,66,63,69,63,0,71,0,0,0,0,0
l34,5=0,0,0,0,0,0,0,0,0,0,0,0,27,0,45,0,39,0,0,0,19,0,0,65,48,60,68,0,61,69,0,83,76,83,0,0,0,0,0,0
l35,5=0,0,0,0,0,0,0,0,0,0,0,0,24,23,0,0,20,17,0,0,44,27,1,0,0,0,0,0,0,0,0,0,0,0,0,0,55,19,28,41
l36,5=0,0,0,0,0,0,0,0,5,0,0,35,30,16,0,41,24,34,0,43,55,39,17,0,18,0,0,0,0,0,0,0,0,0,0,61,0,42,36,62
l37,5=0,0,0,0,0,0,0,0,0,0,0,19,0,0,0,0,13,0,0,0,47,34,18,0,0,0,0,0,0,0,0,0,0,0,0,4,60,0,31,54
l38,5=0,0,0,0,0,0,0,0,0,9,0,50,39,0,31,48,31,0,0,3,67,31,20,0,0,0,0,0,0,0,0,0,0,0,0,62,70,42,0,63
l39,5=0,0,0,0,0,0,0,0,0,0,0,0,0,0,0,26,23,0,0,35,51,44,16,0,0,0,0,0,0,0,0,0,0,0,0,60,71,35,46,0

l0,6=0,92,82,72,90,78,65,4,0,64,62,0,0,0,0,0,0,0,0,0,0,0,0,0,0,0,0,0,0,0,0,0,0,0,0,0,0,0,0,0
l1,6=90,0,82,73,92,78,67,40,0,78,57,0,0,0,0,0,0,0,0,0,0,0,0,23,0,0,0,0,0,0,0,0,0,0,0,0,0,0,0,0
l2,6=82,84,0,65,88,78,66,57,50,79,65,0,0,40,0,0,0,0,0,0,0,0,0,0,0,0,0,0,0,0,0,0,0,0,0,0,0,0,0,0
l3,6=70,84,69,0,92,78,66,0,0,62,0,0,0,0,0,0,0,0,0,0,0,0,0,0,0,0,0,0,0,0,0,0,0,0,0,0,0,0,0,0
l4,6=84,87,84,79,0,83,66,56,57,0,57,0,0,1,0,0,0,0,0,0,0,0,0,22,0,0,0,0,0,0,0,0,0,0,0,0,0,0,0,0
l5,6=84,84,82,72,80,0,60,78,61,79,69,0,0,40,0,0,0,0,0,0,0,0,0,0,0,0,0,0,0,0,0,0,0,0,0,0,0,0,0,0
l6,6=63,81,62,58,58,45,0,76,49,77,65,45,1,20,0,0,40,0,0,0,0,0,0,0,0,0,0,0,0,0,0,0,0,0,0,0,0,0,0,0
l7,6=21,33,46,18,39,76,65,0,64,79,72,43,0,0,0,54,0,0,0,0,0,0,0,0,0,0,0,0,0,0,0,0,0,0,0,0,0,0,0,0
l8,6=0,0,20,0,49,43,49,50,0,80,68,56,46,70,17,46,39,48,0,0,40,30,40,20,19,3,0,0,0,0,0,0,0,0,0,0,0,0,0,0
l9,6=22,48,60,25,0,68,64,77,66,0,76,47,28,70,20,57,16,25,0,0,6,0,11,0,0,0,0,0,0,0,0,0,0,0,0,0,0,0,2,0
l10,6=44,33,59,0,48,54,65,78,66,86,0,52,0,47,0,45,22,0,0,0,0,0,0,0,0,0,0,0,0,0,0,0,0,0,0,0,0,0,0,0
l11,6=0,0,0,0,0,0,36,33,54,40,44,0,57,48,27,73,26,47,0,0,26,0,0,13,26,16,0,0,0,0,0,0,0,0,0,0,41,24,23,0
l12,6=0,0,0,0,0,0,0,0,35,33,0,60,0,38,52,34,40,62,0,0,32,0,4,32,54,60,0,0,0,0,0,0,0,23,4,0,42,0,14,0
l13,6=0,0,0,0,0,11,2,0,65,77,31,52,37,0,22,38,19,46,0,20,4,0,22,20,29,0,0,0,0,0,0,0,0,0,0,30,31,0,8,0
l14,6=0,0,0,0,0,0,0,0,30,35,0,49,60,42,0,22,20,48,0,0,36,0,30,51,44,51,0,0,0,0,0,1,0,22,0,0,0,0,20,0
l15,6=0,0,0,0,0,0,0,41,41,56,38,67,52,52,28,0,27,54,0,0,5,34,23,30,33,4,0,0,0,0,0,0,0,0,0,1,15,0,22,0
l16,6=0,0,0,0,0,0,16,0,32,33,32,48,54,34,6,24,0,57,16,26,27,31,34,11,30,18,0,0,0,0,0,0,0,5,0,36,45,14,24,18
l17,6=0,0,0,0,0,0,0,0,36,34,0,50,56,50,30,31,36,0,0,0,48,29,19,0,31,19,0,0,0,0,0,0,0,5,0,0,44,9,19,0
l18,6=0,0,0,0,0,0,0,0,0,0,0,0,0,2,0,0,30,0,0,38,1,30,0,0,0,0,0,0,0,0,0,0,0,0,0,0,0,0,0,0
l19,6=0,0,0,0,0,0,0,0,0,0,0,0,0,38,0,0,15,0,35,0,61,32,56,0,0,0,0,0,0,0,0,32,0,0,0,0,48,1,23,22
l20,6=0,0,0,0,0,0,0,0,29,3,0,20,34,3,19,0,13,37,0,62,0,57,56,0,0,0,0,0,6,0,0,0,0,12,0,9,49,33,43,26
l21,6=0,0,0,0,0,0,0,0,33,2,0,0,9,0,0,17,20,30,33,45,62,0,50,0,0,0,0,0,0,0,0,0,0,0,0,43,49,34,21,29
l22,6=0,0,0,0,0,0,0,0,36,31,0,0,26,36,22,15,22,22,0,64,62,50,0,0,0,0,27,0,0,0,0,0,0,0,0,38,55,5,42,28
l23,6=0,4,0,0,8,0,0,0,26,0,0,29,56,37,43,46,31,0,0,0,0,0,0,0,53,62,0,0,0,0,0,26,18,44,43,0,0,0,0,0
l24,6=0,0,0,0,0,0,0,0,38,0,0,44,67,44,44,53,44,49,0,0,6,0,0,64,0,51,0,0,0,0,0,0,0,46,28,0,1,0,1,0
l25,6=0,0,0,0,0,0,0,0,16,0,0,25,63,0,47,8,17,25,0,0,0,0,0,60,49,0,0,0,0,0,0,0,19,51,0,0,0,0,0,0
l26,6=0,0,0,0,0,0,0,0,0,0,0,0,0,0,0,0,0,0,0,0,4,0,24,0,0,0,0,59,82,72,69,73,67,35,39,0,0,0,0,0
l27,6=0,0,0,0,0,0,0,0,0,0,0,0,0,0,0,0,0,0,0,0,0,0,0,0,0,0,62,0,81,73,86,62,48,0,0,0,0,0,0,0
l28,6=0,0,0,0,0,0,0,0,0,0,0,0,0,0,0,0,0,0,0,0,31,0,23,0,0,0,67,81,0,76,86,72,50,61,49,0,0,0,0,0
l29,6=0,0,0,0,0,0,0,0,0,0,0,0,0,0,0,0,0,0,0,0,0,0,0,0,0,0,67,80,82,0,52,49,39,43,32,0,0,0,0,0
l30,6=0,0,0,0,0,0,0,0,0,0,0,0,0,0,0,0,0,0,0,0,0,0,0,0,0,0,62,82,81,50,0,58,0,0,36,0,0,0,0,0
l31,6=0,0,0,0,0,0,0,0,0,0,0,0,0,0,1,0,0,0,0,29,0,0,0,32,0,0,62,42,58,39,46,0,73,63,65,0,0,0,0,0
l32,6=0,0,0,0,0,0,0,0,0,0,0,0,0,0,0,0,0,0,0,0,0,0,0,22,0,35,61,28,56,49,0,78,0,71,77,0,0,0,0,0
l33,6=0,0,0,0,0,0,0,0,0,0,0,0,48,0,36,0,25,22,0,0,34,0,0,45,41,49,37,0,48,42,30,70,69,0,63,0,0,0,0,0
l34,6=0,0,0,0,0,0,0,0,0,0,0,0,37,0,20,0,16,0,0,6,0,0,0,46,24,0,46,0,55,39,43,69,77,70,0,0,0,0,0,0
l35,6=0,0,0,0,0,0,0,0,0,0,0,0,0,28,0,0,19,0,0,0,16,33,32,0,0,0,0,0,0,0,0,0,0,0,0,0,58,47,23,30
l36,6=0,0,0,0,0,0,0,0,0,0,0,22,32,21,0,0,16,33,0,31,34,32,38,0,0,0,0,0,0,0,0,0,0,0,0,50,0,47,27,34
l37,6=0,0,0,0,0,0,0,0,0,0,0,12,0,0,0,0,3,0,0,0,31,31,4,0,0,0,0,0,0,0,0,0,0,0,0,52,59,0,19,22
l38,6=0,0,0,0,0,0,0,0,0,6,0,33,34,23,10,17,23,30,0,31,43,33,38,0,0,0,0,0,0,0,0,0,0,0,0,40,65,36,0,32
l39,6=0,0,0,0,0,0,0,0,0,0,0,0,0,0,0,0,17,0,0,34,32,33,38,0,0,0,0,0,0,0,0,0,0,0,0,41,55,37,29,0

l0,7=0,95,86,92,93,92,90,76,61,77,79,0,0,0,0,0,0,0,0,0,0,0,0,0,0,0,0,0,0,0,0,0,0,0,0,0,0,0,0,0
l1,7=93,0,90,92,92,86,90,78,20,61,60,0,0,55,0,0,0,0,0,0,0,0,0,0,0,0,0,0,0,0,0,0,0,0,0,0,0,0,0,0
l2,7=91,92,0,91,89,77,90,42,40,85,69,0,0,0,0,0,0,0,0,0,0,0,0,0,0,0,0,0,0,0,0,0,0,0,0,0,0,0,0,0
l3,7=85,92,86,0,91,86,89,45,0,75,73,0,0,0,0,0,0,0,0,0,0,0,0,0,0,0,0,0,0,0,0,0,0,0,0,0,0,0,0,0
l4,7=93,95,91,97,0,92,89,76,68,0,69,0,0,73,0,0,0,0,0,0,0,0,0,0,0,0,0,0,0,0,0,0,0,0,0,0,0,0,0,0
l5,7=91,92,70,91,90,0,18,91,70,87,79,0,0,53,0,0,0,0,0,0,0,0,0,0,0,0,0,0,0,0,0,0,0,0,0,0,0,0,0,0
l6,7=81,89,82,85,81,21,0,85,0,84,76,37,0,53,0,0,30,0,0,0,0,0,0,0,0,0,0,0,0,0,0,0,0,0,0,0,0,0,0,0
l7,7=36,70,13,27,61,85,90,0,63,87,79,16,23,55,0,61,0,4,0,0,0,0,0,0,0,0,0,0,0,0,0,0,0,0,0,0,0,0,0,0
l8,7=38,8,16,0,70,63,0,45,0,87,79,72,50,79,52,69,54,63,0,2,3,0,36,0,3,0,0,0,0,0,0,0,0,0,0,0,0,0,0,0
l9,7=25,24,21,15,0,79,90,90,83,0,79,60,41,79,23,78,5,24,0,0,12,0,21,16,37,0,0,0,0,0,0,0,0,0,0,0,0,0,14,0
l10,7=52,37,32,39,62,74,77,91,78,87,0,64,0,40,0,68,50,8,0,0,0,0,0,0,0,0,0,0,0,0,0,0,0,0,0,0,0,0,0,0
l11,7=0,0,0,0,0,0,32,7,26,35,35,0,64,59,49,88,54,47,0,0,10,6,28,40,45,29,0,0,0,0,0,0,0,0,0,3,26,0,22,9
l12,7=0,0,0,0,0,0,0,0,14,27,0,76,0,37,72,83,68,59,0,0,12,0,0,73,91,72,0,0,0,0,0,0,0,14,3,0,24,0,11,0
l13,7=0,17,0,0,44,26,40,23,76,64,12,40,35,0,51,77,43,57,0,0,10,0,20,46,59,33,0,0,0,0,0,0,0,0,0,17,20,0,11,0
l14,7=0,0,0,0,0,0,0,0,15,25,0,29,66,50,0,49,53,62,0,0,12,14,30,63,54,53,0,0,0,0,0,0,0,15,0,0,0,0,12,0
l15,7=0,0,0,0,0,0,0,28,21,42,32,82,77,63,46,0,39,52,0,5,10,15,31,57,41,37,0,0,0,0,0,0,0,0,0,0,28,34,18,0
l16,7=0,0,0,0,0,0,26,0,14,2,27,30,52,39,48,40,0,55,31,0,13,15,40,44,51,30,0,0,0,0,0,24,8,1,0,36,36,38,20,0
l17,7=0,0,0,0,0,0,0,0,16,22,9,27,53,50,57,54,56,0,0,1,14,13,15,36,59,0,0,0,0,0,0,0,0,12,0,0,29,0,21,8
l18,7=0,0,0,0,0,0,0,0,0,0,0,0,0,0,0,0,35,0,0,40,44,22,0,0,0,0,0,0,0,0,0,0,0,0,0,0,0,0,0,0
l19,7=0,0,0,0,0,0,0,0,0,0,0,0,4,0,0,0,0,0,31,0,62,40,70,0,0,0,29,0,0,0,0,40,0,0,0,0,0,0,0,0
l20,7=0,0,0,0,0,0,0,0,0,14,0,13,29,26,33,31,42,37,28,55,0,56,73,0,0,0,0,0,14,8,0,0,0,0,0,50,41,43,54,17
l21,7=0,0,0,0,0,0,0,0,6,19,0,6,22,0,38,39,35,34,23,43,67,0,75,0,19,0,0,0,0,0,0,0,0,0,0,43,32,0,45,55
l22,7=0,0,0,0,0,0,0,0,13,20,0,14,0,33,36,36,39,15,0,55,71,54,0,0,0,0,0,0,0,7,0,0,0,0,0,43,40,0,43,49
l23,7=0,0,0,0,0,0,0,0,0,10,0,5,59,41,68,62,50,18,0,0,0,0,0,0,90,73,0,0,0,0,0,0,2,9,33,0,0,0,0,0
l24,7=0,0,0,1,0,0,0,0,0,27,0,33,87,57,55,40,53,65,0,0,2,0,0,83,0,66,0,0,0,0,0,0,0,16,13,0,0,0,0,0
l25,7=0,0,0,0,6,0,0,0,0,8,0,19,81,35,68,51,29,0,0,0,0,0,0,79,79,0,0,0,0,17,0,0,35,52,0,0,0,0,12,0
l26,7=0,0,0,0,0,0,0,0,0,0,0,0,0,0,0,0,0,0,0,36,0,0,3,0,0,0,0,68,82,85,73,78,75,51,53,0,0,0,0,0
l27,7=0,0,0,0,0,0,0,0,0,0,0,0,0,0,0,0,0,0,0,0,0,0,0,0,0,0,69,0,79,83,82,32,60,0,3,0,0,0,0,0
l28,7=0,0,0,0,0,0,0,0,0,0,0,0,0,0,0,0,0,0,0,22,39,0,0,0,0,0,70,85,0,87,82,71,49,58,47,0,0,0,0,0
l29,7=0,0,0,0,0,0,0,0,0,0,0,0,0,0,0,0,0,0,0,0,39,0,0,0,0,18,70,85,82,0,82,72,62,52,24,0,0,0,0,0
l30,7=0,0,0,0,0,0,0,0,0,0,0,0,0,0,0,0,0,0,0,0,0,0,0,0,0,0,61,85,79,82,0,66,60,22,54,0,0,0,0,0
l31,7=0,0,0,0,0,0,0,0,0,0,0,0,0,0,0,0,26,0,0,38,0,0,0,0,0,0,66,7,66,51,52,0,80,83,74,0,0,0,0,0
l32,7=0,0,0,0,0,0,0,0,0,0,0,0,0,0,0,0,30,0,0,0,0,0,0,39,0,39,66,48,51,65,46,78,0,79,81,0,0,0,0,0
l33,7=0,0,0,0,0,0,0,0,0,0,0,0,56,0,59,0,30,38,0,0,17,0,0,48,57,45,52,0,70,53,47,80,79,0,72,0,0,0,0,0
l34,7=0,0,0,0,0,0,0,0,0,0,0,0,41,0,0,0,0,0,0,0,0,0,0,58,54,0,48,25,55,42,50,79,85,59,0,0,0,0,0,0
l35,7=0,0,0,0,0,0,0,0,0,0,0,0,0,12,0,0,38,0,0,0,16,17,35,0,0,0,0,0,0,0,0,0,0,0,0,0,46,59,31,19
l36,7=0,0,0,0,0,0,0,0,0,0,0,0,23,16,0,23,35,32,0,0,45,17,51,0,0,0,0,0,0,0,0,0,0,0,0,57,0,58,47,55
l37,7=0,0,0,0,0,0,0,0,0,0,0,0,0,0,0,26,22,0,0,0,13,0,0,0,0,0,0,0,0,0,0,0,0,0,0,47,42,0,12,15
l38,7=0,0,0,0,0,0,0,0,0,18,0,31,31,42,36,45,43,44,0,0,50,17,40,0,0,2,0,0,0,0,0,0,0,0,0,45,51,38,0,17
l39,7=0,0,0,0,0,0,0,0,0,0,0,1,0,0,0,0,0,6,0,0,12,26,43,0,0,0,0,0,0,0,0,0,0,0,0,49,47,49,15,0

l0,8=0,98,95,87,94,93,97,84,4,90,92,0,0,50,0,0,0,0,0,0,0,0,0,0,0,0,0,0,0,0,0,0,0,0,0,0,0,0,0,0
l1,8=95,0,95,93,95,93,97,89,67,95,0,0,0,47,0,0,0,0,0,0,0,0,0,37,0,0,0,0,0,0,0,0,0,0,0,0,0,0,0,0
l2,8=94,98,0,88,90,93,95,90,0,54,92,0,0,0,0,1,0,0,0,0,0,0,0,0,0,0,0,0,0,0,0,0,0,0,0,0,0,0,0,0
l3,8=89,98,91,0,95,92,96,88,0,85,18,0,0,0,0,0,0,0,0,0,0,0,0,0,23,0,0,0,0,0,0,0,0,0,0,0,0,0,0,0
l4,8=94,98,95,93,0,92,97,88,86,69,86,0,0,60,1,0,0,0,0,0,0,0,0,0,79,0,0,0,0,0,0,0,0,0,0,0,0,0,0,0
l5,8=94,98,95,93,95,0,93,92,87,91,96,72,1,58,0,0,0,0,0,0,0,0,0,0,0,0,0,0,0,0,0,0,0,0,0,0,0,0,0,0
l6,8=87,94,89,85,90,78,0,95,47,94,88,0,0,16,0,2,41,0,0,0,0,0,0,0,0,0,0,0,0,0,0,0,0,0,0,0,0,0,0,0
l7,8=86,95,92,86,88,86,91,0,89,99,98,68,0,82,0,0,5,40,0,0,0,0,0,0,0,0,0,0,0,0,0,0,0,0,0,0,0,0,0,0
l8,8=0,17,0,0,76,82,84,91,0,100,94,92,0,90,51,88,0,51,0,66,0,0,80,0,0,13,0,0,0,0,0,0,0,0,0,0,0,0,0,0
l9,8=87,84,8,49,17,74,92,94,93,0,98,91,75,87,33,70,46,46,0,0,0,57,18,75,82,0,0,0,0,0,0,0,0,0,0,0,0,0,62,0
l10,8=84,0,84,45,44,84,88,94,92,99,0,84,0,61,0,82,0,0,0,0,0,0,0,0,0,0,0,0,0,0,0,0,0,0,0,0,0,0,0,0
l11,8=0,0,0,0,0,34,0,21,58,56,83,0,99,41,55,97,55,54,0,0,17,61,52,81,90,75,0,0,0,0,0,0,0,0,0,23,44,0,61,0
l12,8=0,0,0,0,0,0,0,0,0,12,0,97,0,0,61,76,60,46,0,0,45,0,0,95,99,92,0,0,0,0,0,0,0,38,3,18,33,0,44,0
l13,8=34,2,0,3,33,43,7,77,98,73,87,64,0,0,54,68,30,29,0,0,49,52,0,86,92,62,0,0,0,0,0,0,0,0,0,11,32,0,65,0
l14,8=0,0,0,0,0,0,0,0,41,20,0,82,99,43,0,67,48,55,0,0,59,70,67,91,95,67,0,0,0,0,0,0,0,0,0,0,33,0,0,0
l15,8=0,0,0,0,0,0,0,0,58,56,91,97,96,56,55,0,53,56,0,0,79,80,81,84,87,68,0,0,0,0,0,0,0,0,0,0,30,0,75,0
l16,8=0,0,0,0,0,0,37,0,0,13,0,93,94,17,51,53,0,47,18,51,86,61,83,66,92,30,0,0,0,0,0,44,2,1,15,19,50,47,60,30
l17,8=0,0,0,0,0,0,0,23,27,16,0,96,91,23,56,71,56,0,0,32,78,14,56,59,89,0,0,0,0,0,0,0,0,51,0,1,19,0,73,20
l18,8=0,0,0,0,0,0,0,0,0,0,0,0,0,0,0,0,60,0,0,74,72,68,0,0,0,0,0,0,0,0,0,0,0,0,0,0,0,0,0,0
l19,8=0,0,0,0,0,0,0,0,32,0,0,0,0,0,0,0,56,31,37,0,87,77,93,0,0,0,0,0,2,0,0,59,0,0,0,43,58,0,61,55
l20,8=0,0,0,0,0,0,0,0,0,0,0,0,40,21,31,39,31,21,35,97,0,90,93,0,20,0,0,0,0,0,0,0,0,7,7,32,65,55,83,31
l21,8=0,0,0,0,0,0,0,0,0,29,0,56,28,31,35,44,30,5,34,47,87,0,93,0,0,0,0,0,0,0,0,18,0,21,11,37,57,51,83,36
l22,8=0,0,0,0,0,0,0,0,33,22,0,54,0,0,30,41,58,18,0,91,88,88,0,0,0,0,0,0,0,49,0,0,0,0,0,60,68,47,78,47
l23,8=0,0,0,0,0,0,0,0,0,39,0,84,96,50,88,66,51,36,0,0,0,0,0,0,99,94,0,0,0,0,0,0,68,60,79,0,0,0,0,0
l24,8=0,0,0,30,27,0,0,0,0,41,0,85,99,47,92,61,92,45,0,0,33,0,0,96,0,92,0,0,0,0,0,4,0,50,53,0,3,0,0,0
l25,8=0,0,0,1,0,0,0,0,13,0,0,79,99,42,80,61,40,0,0,0,0,0,0,96,95,0,0,0,0,76,0,6,72,69,68,0,0,0,21,0
l26,8=0,0,0,0,0,0,0,0,0,0,0,0,0,0,0,0,0,0,0,12,0,0,0,0,0,0,0,88,93,93,90,94,82,73,74,0,0,0,0,0
l27,8=0,0,0,0,0,0,0,0,0,0,0,0,0,0,0,0,0,0,0,0,0,0,0,0,0,0,89,0,93,94,94,0,74,0,72,0,0,0,0,0
l28,8=0,0,0,0,0,0,0,0,0,0,0,0,0,0,0,0,0,0,0,66,55,0,56,0,0,0,94,91,0,95,94,94,71,71,68,0,0,0,0,0
l29,8=0,0,0,0,0,0,0,0,0,0,0,0,0,0,0,0,0,0,0,0,3,0,71,0,0,67,94,91,93,0,94,93,62,69,73,0,0,0,0,0
l30,8=0,0,0,0,0,0,0,0,0,0,0,0,0,0,0,0,0,0,0,0,0,0,0,0,0,0,89,91,93,93,0,81,73,66,0,0,0,0,0,0
l31,8=0,0,0,0,0,0,0,0,0,0,0,0,0,0,0,0,66,0,0,63,0,2,0,0,28,0,92,0,86,86,77,0,81,79,80,0,0,0,0,0
l32,8=0,0,0,0,0,0,0,0,0,0,0,0,0,0,0,0,19,0,0,0,0,0,0,77,0,71,93,75,69,81,80,95,0,88,92,0,0,0,0,0
l33,8=0,0,0,0,0,0,0,0,0,0,0,0,73,0,0,0,6,74,0,0,65,18,0,77,76,73,84,0,79,80,79,93,88,0,76,0,0,0,0,0
l34,8=0,0,0,0,0,0,0,0,0,0,0,0,71,0,0,0,69,0,0,0,67,47,0,78,77,74,84,70,76,83,0,94,90,73,0,0,0,0,0,0
l35,8=0,0,0,0,0,0,0,0,0,0,0,18,26,1,0,0,17,0,0,21,35,47,47,0,0,0,0,0,0,0,0,0,0,0,0,0,72,73,59,60
l36,8=0,0,0,0,0,0,0,0,0,0,0,40,33,15,13,19,20,1,0,17,48,37,56,0,4,0,0,0,0,0,0,0,0,0,0,66,0,49,66,36
l37,8=0,0,0,0,0,0,0,0,0,0,0,0,0,0,0,0,22,0,0,0,39,42,36,0,0,0,0,0,0,0,0,0,0,0,0,66,50,0,45,21
l38,8=0,0,0,0,0,0,0,0,0,15,0,46,40,20,0,41,22,19,0,16,66,73,64,0,0,0,0,0,0,0,0,0,0,0,0,42,65,51,0,32
l39,8=0,0,0,0,0,0,0,0,0,0,0,0,0,0,0,0,24,4,0,29,54,68,56,0,0,0,0,0,0,0,0,0,0,0,0,64,63,47,63,0

l0,9=0,99,99,97,92,98,97,94,91,95,94,0,0,3,0,0,0,0,0,0,0,0,0,0,0,0,0,0,0,0,0,0,0,0,0,0,0,0,0,0
l1,9=96,0,99,96,95,100,92,96,92,90,95,0,0,0,0,0,0,0,0,0,0,0,0,18,0,0,0,0,0,0,0,0,0,0,0,0,0,0,0,0
l2,9=96,99,0,99,95,100,99,96,6,53,77,0,85,0,0,2,0,0,0,0,0,0,0,0,0,0,0,0,0,0,0,0,0,0,0,0,0,0,0,0
l3,9=89,91,94,0,96,90,94,94,0,0,0,0,0,0,0,0,0,0,0,0,0,0,0,0,0,0,0,0,0,0,0,0,0,0,0,0,0,0,0,0
l4,9=94,99,96,99,0,97,96,93,90,73,96,0,0,3,61,0,0,0,0,0,0,0,0,0,49,0,0,0,0,0,0,0,0,0,0,0,0,0,0,0
l5,9=96,99,99,99,95,0,99,6,100,98,100,0,0,48,0,0,0,0,0,0,0,0,0,0,0,0,0,0,0,0,0,0,0,0,0,0,0,0,0,0
l6,9=95,48,98,97,76,89,0,100,52,96,100,0,0,48,0,0,39,0,0,0,0,0,0,0,0,0,0,0,0,0,0,0,0,0,0,0,0,0,0,0
l7,9=52,98,97,96,68,13,99,0,100,100,100,73,60,100,3,36,0,0,0,0,0,0,0,0,0,0,0,0,0,0,0,0,0,0,0,0,0,0,0,0
l8,9=49,57,0,18,53,89,93,97,0,100,80,99,0,98,5,57,83,89,0,44,0,0,49,0,0,0,0,0,0,0,0,0,0,0,0,0,0,0,0,0
l9,9=60,56,40,0,24,86,97,99,100,0,100,98,36,100,43,70,86,0,0,0,0,0,2,48,65,0,0,0,0,0,0,0,0,0,0,0,0,0,0,0
l10,9=84,95,81,0,86,97,99,99,94,99,0,0,45,91,0,94,77,73,0,0,1,0,0,40,0,0,0,0,0,0,0,0,0,0,0,0,0,0,0,0
l11,9=0,0,0,0,0,0,0,73,33,32,5,0,98,36,37,97,94,98,0,0,51,47,31,59,85,87,0,0,0,0,0,0,0,0,0,0,70,0,81,0
l12,9=0,0,0,0,0,0,0,0,0,1,0,100,0,33,62,74,97,99,0,0,53,50,11,78,86,100,0,0,0,0,0,0,0,0,0,0,68,0,91,0
l13,9=0,0,0,0,0,11,91,97,62,100,62,100,89,0,33,83,96,0,0,10,51,41,0,54,82,76,0,0,0,0,0,0,0,0,0,0,71,0,86,0
l14,9=0,0,0,0,23,0,0,0,0,32,0,100,98,33,0,61,95,100,0,0,54,53,39,100,100,93,0,0,0,0,0,0,0,30,0,0,40,0,0,0
l15,9=0,0,0,0,0,0,0,0,22,32,64,100,97,35,35,0,95,98,0,0,47,47,34,48,79,0,0,0,0,0,0,0,0,0,0,0,62,0,91,0
l16,9=0,0,0,0,0,0,18,0,21,31,46,91,90,33,35,56,0,91,41,51,58,0,41,58,81,88,0,0,0,0,0,32,0,27,85,0,74,75,91,79
l17,9=0,0,0,0,0,0,0,0,26,0,51,98,98,0,37,60,97,0,0,52,51,52,42,0,73,0,0,0,0,0,0,0,0,31,0,0,68,0,82,81
l18,9=0,0,0,0,0,0,0,0,0,0,0,0,0,0,0,0,91,0,0,0,58,83,0,0,0,0,0,0,0,0,0,0,0,0,0,0,30,0,0,0
l19,9=0,0,0,0,0,0,0,0,17,0,0,0,0,2,0,0,83,80,0,0,95,89,77,0,0,0,0,0,0,0,0,0,0,0,0,70,69,78,53,80
l20,9=0,0,0,0,0,0,0,0,0,0,0,47,68,23,26,43,93,62,24,94,0,98,85,0,40,0,48,0,0,0,0,0,0,0,71,9,82,85,91,88
l21,9=0,0,0,0,0,0,0,0,0,0,0,65,73,24,27,45,4,79,44,58,98,0,79,0,0,0,0,0,0,0,0,0,0,15,0,80,76,76,91,77
l22,9=0,0,0,0,0,0,0,0,40,6,0,41,50,0,27,47,81,78,0,92,99,94,0,0,0,0,0,0,30,74,0,46,0,0,0,80,79,74,91,70
l23,9=0,0,0,0,0,0,0,0,0,32,13,100,99,36,100,59,96,0,0,0,0,0,0,0,100,100,0,0,0,0,0,0,37,39,99,0,0,0,0,0
l24,9=0,0,0,0,7,0,0,0,0,31,0,98,99,35,90,60,98,67,0,0,49,0,0,100,0,99,0,0,0,0,0,0,0,38,91,0,73,0,0,0
l25,9=0,0,0,6,0,0,0,0,0,0,0,98,99,32,37,0,95,0,0,0,0,0,0,100,100,0,1,0,0,45,0,0,36,99,96,0,0,0,81,0
l26,9=0,0,0,0,0,0,0,0,0,0,0,0,0,0,0,0,0,0,0,0,87,0,0,0,0,0,0,86,99,100,98,99,97,83,90,0,0,0,0,0
l27,9=0,0,0,0,0,0,0,0,0,0,0,0,0,0,0,0,0,0,0,0,0,0,0,0,0,0,98,0,99,100,99,97,86,0,0,0,0,0,0,0
l28,9=0,0,0,0,0,0,0,0,0,0,0,0,0,0,0,0,0,0,0,0,39,0,66,0,0,0,99,98,0,100,99,89,0,85,0,0,0,0,0,0
l29,9=0,0,0,0,0,0,0,0,0,0,0,0,0,0,0,0,0,0,0,0,0,0,75,0,0,8,99,98,99,0,99,99,46,82,93,0,0,0,0,0
l30,9=0,0,0,0,0,0,0,0,0,0,0,0,0,0,0,0,0,0,0,0,0,0,0,0,0,0,99,98,99,100,0,96,90,53,88,0,0,0,0,0
l31,9=0,0,0,0,0,0,0,0,0,0,0,0,0,0,0,0,79,0,0,0,1,0,77,0,0,0,97,87,97,99,98,0,96,99,99,0,0,0,0,0
l32,9=0,0,0,0,0,0,0,0,0,0,0,0,15,0,0,0,0,0,0,0,0,0,0,73,0,92,99,84,0,76,96,100,0,100,100,0,0,0,0,0
l33,9=0,0,0,0,0,0,0,0,0,0,0,0,0,0,90,0,89,93,0,0,0,36,0,98,99,100,96,0,97,98,91,100,99,0,99,0,0,0,0,0
l34,9=0,0,0,0,0,0,0,0,0,0,0,0,78,0,20,0,94,0,0,0,58,0,0,97,79,93,97,0,0,99,96,100,99,99,0,0,0,0,0,0
l35,9=0,0,0,0,0,0,0,0,0,0,0,0,0,0,0,0,0,0,0,35,11,65,50,0,0,0,0,0,0,0,0,0,0,0,0,0,79,84,90,80
l36,9=0,0,0,0,0,0,0,0,0,0,0,34,38,16,0,26,53,34,0,31,50,36,32,0,25,0,0,0,0,0,0,0,0,0,0,85,0,85,85,72
l37,9=0,0,0,0,0,0,0,0,0,0,0,0,0,0,0,0,48,0,0,35,45,39,19,0,0,0,0,0,0,0,0,0,0,0,0,75,68,0,83,76
l38,9=0,0,0,0,0,0,0,0,0,0,0,43,56,23,0,47,81,31,0,0,59,52,37,0,0,14,0,0,0,0,0,0,0,0,0,81,79,86,0,78
l39,9=0,0,0,0,0,0,0,0,0,0,0,0,0,0,0,0,78,74,0,41,51,43,26,0,0,0,0,0,0,0,0,0,0,0,0,76,73,79,81,0

l0,10=0,93,86,93,92,85,88,75,70,82,83,0,0,0,0,0,0,0,0,0,0,0,0,0,0,0,0,0,0,0,0,0,0,0,0,0,0,0,0,0
l1,10=89,0,84,87,88,88,84,77,43,54,66,6,0,0,0,0,0,0,0,0,0,0,0,0,0,0,0,0,0,0,0,0,0,0,0,0,0,0,0,0
l2,10=87,88,0,89,88,85,88,89,0,81,68,0,61,0,0,0,0,0,0,0,0,0,0,0,0,0,0,0,0,0,0,0,0,0,0,0,0,0,0,0
l3,10=89,74,85,0,94,74,86,61,0,66,0,0,0,0,0,0,0,0,0,0,0,0,0,0,0,3,0,0,0,0,0,0,0,0,0,0,0,0,0,0
l4,10=87,86,85,93,0,85,63,71,45,68,84,0,0,14,59,0,0,0,0,0,0,0,0,0,0,0,0,0,0,0,0,0,0,0,0,0,0,0,0,0
l5,10=87,88,85,88,88,0,88,89,58,84,82,0,0,80,0,0,0,0,0,0,0,0,0,0,0,0,0,0,0,0,0,0,0,0,0,0,0,0,0,0
l6,10=85,82,81,84,66,82,0,89,71,80,81,0,0,54,0,2,44,3,0,0,0,0,0,0,0,0,0,0,0,0,0,0,0,0,0,0,0,0,0,0
l7,10=72,87,83,82,84,84,88,0,85,85,86,58,53,86,41,1,0,0,0,0,0,0,0,0,0,0,0,0,0,0,0,0,0,0,0,0,0,0,0,0
l8,10=73,7,0,19,56,47,61,88,0,90,46,78,72,86,0,76,57,52,0,27,21,0,68,65,29,0,0,0,0,0,0,0,0,0,0,0,0,0,0,0
l9,10=77,0,50,69,74,72,85,89,85,0,85,73,74,86,36,68,0,0,0,0,0,43,0,45,30,0,0,0,0,0,0,0,0,0,0,0,0,0,0,0
l10,10=74,61,48,0,85,67,82,89,65,85,0,59,0,79,0,71,0,54,0,0,0,0,0,1,0,0,0,0,0,0,0,0,0,0,0,0,0,0,0,0
l11,10=0,6,0,0,0,0,0,42,64,66,44,0,83,80,77,83,0,79,0,0,41,67,0,73,77,48,0,0,0,0,0,0,0,0,0,2,57,0,40,0
l12,10=0,0,0,0,0,0,0,0,46,48,0,83,0,65,91,85,89,91,0,0,44,65,0,90,97,98,0,0,0,0,0,0,0,7,0,0,26,0,39,0
l13,10=0,0,0,0,15,59,35,50,85,85,48,80,82,0,41,80,69,0,0,1,39,56,0,72,46,0,0,0,0,0,0,0,0,0,0,0,0,0,29,0
l14,10=0,0,0,0,67,0,0,4,0,45,0,82,93,64,0,76,83,82,0,0,40,0,0,84,90,82,0,0,0,0,0,0,0,67,0,0,61,0,18,0
l15,10=0,0,0,0,0,0,0,0,59,45,47,90,89,80,43,0,70,82,0,8,28,2,60,56,46,26,0,0,0,0,0,0,0,0,0,0,41,4,7,0
l16,10=0,0,0,0,0,0,11,0,19,0,0,0,86,50,39,39,0,73,38,17,45,61,57,61,52,19,0,0,0,0,0,0,24,0,59,60,58,9,44,36
l17,10=0,0,0,0,0,0,9,0,27,0,24,83,95,2,45,48,82,0,0,12,9,70,68,58,38,19,0,0,0,0,0,0,0,49,1,0,61,0,40,30
l18,10=0,0,0,0,0,0,0,0,0,0,0,0,0,0,0,0,62,0,0,73,70,84,0,0,0,0,0,0,0,0,0,0,0,0,0,0,0,0,0,0
l19,10=0,0,0,0,0,0,0,0,18,0,0,0,0,1,0,29,55,45,53,0,82,79,81,0,0,0,35,0,0,0,0,0,0,0,0,58,0,32,25,58
l20,10=0,0,0,0,0,0,0,0,0,0,0,50,61,41,17,26,75,43,44,87,0,94,89,0,9,0,13,0,0,0,0,0,53,0,0,71,72,35,43,59
l21,10=0,0,0,0,0,0,0,0,0,36,0,52,66,38,7,7,67,63,58,49,89,0,89,0,0,0,0,0,0,0,0,0,0,46,0,70,60,39,44,51
l22,10=0,0,0,0,0,0,0,0,36,12,0,0,0,0,0,31,50,56,0,74,89,90,0,0,0,0,0,0,0,24,0,52,6,0,0,74,68,40,71,51
l23,10=0,0,0,0,0,0,0,0,48,39,0,77,92,67,75,32,75,14,0,0,0,0,0,0,94,98,0,0,0,0,0,49,81,89,0,0,0,0,0,0
l24,10=0,0,0,0,0,0,0,0,18,45,0,83,94,68,91,46,90,78,0,0,31,0,0,95,0,96,0,0,0,0,0,0,0,56,38,0,0,0,33,0
l25,10=0,0,0,55,0,0,0,0,0,0,0,74,96,0,87,39,47,27,0,0,0,0,0,95,95,0,18,0,0,0,0,62,67,94,80,0,0,0,32,0
l26,10=0,0,0,0,0,0,0,0,0,0,0,0,0,0,0,0,0,0,0,61,57,0,0,0,0,24,0,78,98,96,98,95,92,67,81,0,0,0,0,0
l27,10=0,0,0,0,0,0,0,0,0,0,0,0,0,0,0,0,0,0,0,0,0,0,0,0,0,0,82,0,93,96,100,82,0,0,82,0,0,0,0,0
l28,10=0,0,0,0,0,0,0,0,0,0,0,0,0,0,0,0,0,0,0,30,14,0,4,0,0,0,89,95,0,96,100,85,66,66,60,0,0,0,0,0
l29,10=0,0,0,0,0,0,0,0,0,0,0,0,0,0,0,0,0,0,0,0,0,0,27,0,0,0,89,96,98,0,100,89,73,19,67,0,0,0,0,0
l30,10=0,0,0,0,0,0,0,0,0,0,0,0,0,0,0,0,0,0,0,0,0,0,0,0,0,0,87,96,98,96,0,88,77,62,79,0,0,0,0,0
l31,10=0,0,0,0,0,0,0,0,0,0,0,0,0,0,0,0,0,0,0,0,1,0,38,30,0,25,87,77,91,91,99,0,100,100,99,0,0,0,0,0
l32,10=0,0,0,0,0,0,0,0,0,0,0,0,0,0,0,0,10,0,0,0,36,0,10,81,0,21,89,0,26,67,73,99,0,100,99,0,0,0,0,0
l33,10=0,0,0,0,0,0,0,0,0,0,0,0,19,0,42,0,1,4,0,0,0,21,0,95,31,98,55,0,84,18,42,99,100,0,99,0,0,0,0,0
l34,10=0,0,0,0,0,0,0,0,0,0,0,0,0,0,0,0,75,0,0,0,17,0,0,26,28,63,82,78,70,72,78,99,100,100,0,0,0,0,0,0
l35,10=0,0,0,0,0,0,0,0,0,0,0,0,0,0,0,0,38,0,0,33,40,58,63,0,0,0,0,0,0,0,0,0,0,0,0,0,74,42,40,10
l36,10=0,0,0,0,0,0,0,0,0,0,0,34,22,0,5,0,58,38,0,0,43,56,65,0,0,0,0,0,0,0,0,0,0,0,0,89,0,47,40,57
l37,10=0,0,0,0,0,0,0,0,0,0,0,0,0,0,0,0,47,0,0,4,31,52,58,0,0,0,0,0,0,0,0,0,0,0,0,75,73,0,32,53
l38,10=0,0,0,0,0,0,0,0,0,0,0,48,61,14,1,2,72,51,0,0,47,71,70,0,14,6,0,0,0,0,0,0,0,0,0,78,68,25,0,48
l39,10=0,0,0,0,0,0,0,0,0,0,0,0,0,0,0,0,60,51,0,31,42,58,59,0,0,0,0,0,0,0,0,0,0,0,0,16,70,41,37,0

l0,11=0,85,88,88,87,86,79,71,59,72,54,0,0,0,0,0,0,0,0,0,0,0,0,5,0,0,0,0,0,0,0,0,0,0,0,0,0,0,0,0
l1,11=88,0,84,87,87,86,81,84,55,62,0,40,0,34,0,0,0,0,0,0,0,0,0,0,0,0,0,0,0,0,0,0,0,0,0,0,0,0,0,0
l2,11=87,84,0,87,87,86,82,71,0,0,84,0,0,0,0,0,0,0,0,0,0,0,0,0,0,0,0,0,0,0,0,0,0,0,0,0,0,0,0,0
l3,11=89,84,88,0,90,86,0,59,0,51,59,0,0,0,0,0,0,0,0,0,0,0,0,0,0,0,0,0,0,0,0,0,0,0,0,0,0,0,0,0
l4,11=85,84,86,90,0,84,78,74,0,69,76,0,16,0,42,0,0,0,0,0,0,0,0,32,0,0,0,0,0,0,0,0,0,0,0,0,0,0,0,0
l5,11=86,83,88,87,87,0,82,85,74,85,71,0,0,53,0,0,0,0,0,0,0,0,0,0,0,0,0,0,0,0,0,0,0,0,0,0,0,0,0,0
l6,11=75,80,56,5,80,77,0,83,67,81,70,14,0,43,0,54,39,0,0,0,0,0,0,0,0,0,0,0,0,0,0,0,0,0,0,0,0,0,0,0
l7,11=75,84,70,69,86,85,82,0,81,85,85,56,55,82,0,41,0,0,0,0,0,0,0,0,0,0,0,0,0,0,0,0,0,0,0,0,0,0,0,0
l8,11=61,17,0,0,0,73,69,73,0,86,75,66,50,83,0,80,0,66,0,22,4,0,0,66,21,0,0,0,0,0,0,0,0,0,0,0,0,0,0,0
l9,11=61,16,0,50,75,82,73,87,82,0,85,44,40,82,0,72,6,2,0,0,0,42,0,30,18,0,0,0,0,0,0,0,0,0,0,0,0,0,0,0
l10,11=55,0,81,69,79,67,77,87,76,85,0,71,0,79,0,73,0,11,0,0,0,0,0,0,0,0,0,0,0,0,0,0,0,0,0,0,0,0,0,0
l11,11=0,13,0,0,0,0,58,60,75,78,70,0,51,54,44,81,62,76,0,0,20,23,59,77,25,21,0,0,0,0,0,0,0,0,0,28,0,0,62,0
l12,11=0,0,0,0,1,0,0,3,69,72,0,49,0,45,91,79,75,81,0,0,23,36,62,80,93,92,0,0,0,0,0,0,0,0,0,0,0,0,69,0
l13,11=0,3,0,0,0,51,69,78,82,85,74,80,28,0,41,80,61,73,0,12,23,38,7,76,24,20,0,0,0,0,0,0,0,0,0,0,0,0,54,0
l14,11=0,0,0,0,60,0,0,0,0,0,0,45,86,41,0,0,78,79,0,0,0,34,0,81,1,27,0,0,0,0,0,0,0,58,38,37,40,0,61,0
l15,11=0,0,0,0,0,0,61,19,73,72,71,83,58,84,0,0,78,79,0,20,25,39,28,67,0,22,0,0,0,0,0,0,0,0,0,12,40,0,63,0
l16,11=0,0,0,0,0,0,39,0,0,12,0,22,27,39,48,44,0,77,9,1,25,42,59,65,28,0,0,0,0,0,0,0,27,2,31,23,46,63,74,57
l17,11=0,0,0,0,0,0,0,0,63,41,19,25,27,42,49,47,78,0,0,0,25,39,70,73,25,0,0,0,0,0,0,0,0,0,0,0,42,0,60,20
l18,11=0,0,0,0,0,0,0,0,0,0,0,0,0,0,0,0,39,0,0,70,68,65,1,0,0,0,0,0,0,0,0,0,0,0,0,0,0,0,0,1
l19,11=0,0,0,0,0,0,0,0,41,0,0,0,0,8,0,28,18,0,53,0,80,71,70,0,0,0,41,0,0,0,1,0,0,0,0,29,22,0,8,54
l20,11=0,0,0,0,0,0,0,0,0,0,0,0,21,31,0,31,67,57,46,81,0,87,85,0,0,0,0,0,0,0,0,2,41,0,0,32,69,60,78,53
l21,11=0,0,0,0,0,0,0,0,0,49,0,14,20,31,26,27,69,59,53,73,88,0,86,0,15,0,0,0,0,0,0,0,0,0,0,17,33,50,82,40
l22,11=0,0,0,0,0,0,0,0,0,0,0,17,20,0,0,6,38,55,0,61,87,84,0,0,0,0,0,0,0,0,0,17,0,0,0,63,66,45,73,65
l23,11=0,0,0,0,13,0,0,0,34,29,0,43,81,38,81,30,65,51,0,0,0,0,0,0,92,94,0,0,0,0,0,13,58,50,0,0,0,0,0,0
l24,11=0,0,0,0,0,0,0,0,22,66,0,44,88,44,3,0,85,71,0,0,0,0,0,92,0,85,0,0,0,0,0,0,0,0,0,0,0,0,0,0
l25,11=0,0,0,0,0,0,0,0,0,0,0,33,88,31,84,66,8,0,0,0,0,0,0,97,91,0,0,0,0,0,0,21,41,86,0,0,0,0,0,0
l26,11=0,0,0,0,0,0,0,0,0,0,0,0,0,0,0,0,0,0,0,59,3,0,1,0,0,0,0,80,92,89,88,80,83,67,66,0,0,0,0,0
l27,11=0,0,0,0,0,0,0,0,0,0,0,0,0,0,0,0,0,0,0,0,0,0,0,0,0,0,82,0,90,92,92,44,2,0,37,0,0,0,0,0
l28,11=0,0,0,0,0,0,0,0,0,0,0,0,0,0,0,0,0,0,0,17,23,0,25,0,0,0,87,95,0,93,92,74,71,0,45,0,0,0,0,0
l29,11=0,0,0,0,0,0,0,0,0,0,0,0,0,0,0,0,0,0,0,0,0,0,0,0,0,0,84,95,92,0,92,78,30,30,29,0,0,0,0,0
l30,11=0,0,0,0,0,0,0,0,0,0,0,0,0,0,0,0,0,0,0,0,0,0,0,0,0,0,84,95,92,93,0,85,37,51,44,0,0,0,0,0
l31,11=0,0,0,0,0,0,0,0,0,0,0,0,0,0,0,0,0,0,0,0,22,0,61,53,0,61,87,71,82,88,84,0,93,100,98,0,0,0,0,0
l32,11=0,0,0,0,0,0,0,0,0,0,0,0,0,0,0,0,24,0,0,0,9,0,0,34,0,5,87,0,39,25,22,93,0,100,99,0,0,0,0,0
l33,11=0,0,0,0,0,0,0,0,0,0,0,0,0,0,73,0,10,0,0,0,4,0,0,68,0,88,73,0,0,76,83,100,98,0,99,0,0,0,0,0
l34,11=0,0,0,0,0,0,0,0,0,0,0,0,0,0,19,0,44,0,0,0,0,0,0,22,0,1,75,73,53,68,77,100,98,100,0,0,0,0,0,0
l35,11=0,0,0,0,0,0,0,0,0,0,0,3,0,0,16,4,16,0,0,9,19,0,75,0,0,0,0,0,0,0,0,0,0,0,0,0,86,70,72,40
l36,11=0,0,0,0,0,0,0,0,0,0,0,0,0,0,17,17,49,56,0,0,25,29,70,0,0,0,0,0,0,0,0,0,0,0,0,52,0,73,79,75
l37,11=0,0,0,0,0,0,0,0,0,0,0,0,0,0,0,0,45,0,0,0,23,25,53,0,0,0,0,0,0,0,0,0,0,0,0,41,47,0,48,52
l38,11=0,0,0,0,0,0,0,0,0,0,0,16,21,15,13,30,66,53,0,0,27,44,79,0,0,0,0,0,0,0,0,0,0,0,0,47,47,54,0,76
l39,11=0,0,0,0,0,0,0,0,0,0,0,0,0,0,0,0,52,0,0,23,25,19,68,0,0,0,0,0,0,0,0,0,0,0,0,35,79,67,71,0

l0,12=0,93,91,91,86,81,66,5,0,71,44,0,0,0,0,0,0,0,0,0,0,0,0,0,0,0,0,0,0,0,0,0,0,0,0,0,0,0,0,0
l1,12=88,0,87,88,83,79,84,85,20,2,79,53,0,0,6,0,0,0,0,0,0,0,0,0,0,0,0,0,0,0,0,0,0,0,0,0,0,0,0,0
l2,12=85,86,0,87,82,81,84,38,20,54,82,0,0,0,0,0,0,0,0,0,0,0,0,0,0,0,0,0,0,0,0,0,0,0,0,0,0,0,0,0
l3,12=89,88,89,0,89,80,69,28,0,58,75,0,0,0,0,0,0,0,0,0,0,0,0,0,0,0,0,0,0,0,0,0,0,0,0,0,0,0,0,0
l4,12=85,86,87,89,0,76,81,77,62,68,80,0,0,0,48,0,0,0,0,0,0,0,0,47,0,0,0,0,0,0,0,0,0,0,0,0,0,0,0,0
l5,12=85,86,89,87,83,0,82,83,80,86,84,0,0,54,0,0,0,0,0,0,0,0,0,0,0,0,0,0,0,0,0,0,0,0,0,0,0,0,0,0
l6,12=63,84,88,75,78,70,0,81,69,64,81,72,0,68,8,71,1,0,0,0,0,0,0,0,0,0,0,0,0,0,0,0,0,0,0,0,0,0,0,0
l7,12=11,86,41,67,83,79,84,0,85,86,87,57,38,82,0,7,0,0,0,0,0,0,0,0,0,0,0,0,0,0,0,0,0,0,0,0,0,0,0,0
l8,12=0,8,0,53,73,43,47,80,0,86,87,77,73,83,36,77,29,29,0,52,0,43,0,0,33,0,0,0,0,0,0,0,0,0,0,0,0,0,0,0
l9,12=64,0,0,66,75,79,38,84,85,0,87,75,74,82,0,71,39,27,0,0,64,65,0,0,22,0,0,0,0,0,0,0,0,0,0,0,0,0,0,0
l10,12=38,66,74,76,77,43,78,87,84,87,0,70,0,81,0,72,0,0,0,0,0,0,0,8,0,0,0,0,0,0,0,0,0,0,0,0,0,0,0,0
l11,12=0,50,0,0,0,0,48,26,73,75,71,0,79,84,73,83,46,51,0,0,61,62,58,59,0,27,0,0,0,0,0,0,0,0,0,13,44,3,67,0
l12,12=0,0,0,0,0,0,0,0,69,68,0,82,0,75,92,83,80,85,0,0,74,68,63,57,89,95,0,0,0,0,0,0,0,33,0,0,0,0,73,0
l13,12=0,0,0,0,0,31,47,59,84,86,79,82,78,0,77,83,47,47,0,0,66,59,0,59,43,5,0,0,0,0,0,0,0,0,0,0,0,0,22,0
l14,12=0,0,0,0,64,0,0,0,15,3,0,66,86,72,0,70,83,48,0,0,39,67,0,69,89,39,0,0,0,0,0,0,0,71,42,41,51,0,0,0
l15,12=0,0,0,0,0,0,43,0,66,69,69,87,80,86,72,0,49,63,0,63,71,65,28,53,44,44,0,0,0,0,0,0,0,0,0,0,0,0,66,0
l16,12=0,0,0,0,0,0,0,0,31,51,0,63,80,68,84,71,0,52,30,36,75,67,44,35,50,26,0,0,0,0,0,0,0,0,0,7,53,70,78,28
l17,12=0,0,0,0,0,0,0,0,56,62,0,87,85,73,73,71,54,0,0,57,74,67,64,55,42,0,0,0,0,0,0,0,0,49,0,0,56,0,68,0
l18,12=0,0,0,0,0,0,0,0,0,0,0,0,0,0,0,0,63,0,0,63,63,51,0,0,0,0,0,0,0,0,0,0,0,0,0,0,0,0,0,0
l19,12=0,0,0,0,0,0,0,0,37,0,0,0,0,0,0,40,31,28,41,0,81,74,79,0,0,0,47,0,0,23,11,0,0,0,0,2,42,53,51,40
l20,12=0,0,0,0,0,0,0,0,0,45,0,40,53,43,2,49,68,48,43,84,0,86,88,0,0,0,0,0,0,0,0,41,0,0,0,32,73,70,69,39
l21,12=0,0,0,0,0,0,0,0,39,47,0,45,49,47,50,52,67,59,42,88,88,0,88,0,45,0,0,0,0,0,0,0,0,0,0,53,42,52,81,0
l22,12=0,0,0,0,0,0,0,0,0,0,0,45,45,0,0,22,25,29,0,83,87,84,0,0,1,0,0,0,0,0,0,53,0,0,0,50,60,0,74,50
l23,12=0,0,0,0,66,0,0,0,0,0,0,78,75,78,89,70,42,44,0,0,0,0,0,0,92,99,0,0,0,0,0,4,0,39,0,0,0,0,0,0
l24,12=0,0,0,0,0,0,0,0,38,53,0,0,88,73,94,80,84,68,0,0,0,65,3,92,0,95,0,0,0,0,0,16,60,0,0,0,15,0,54,0
l25,12=0,0,0,0,0,0,0,0,0,0,0,52,88,16,49,78,68,0,0,0,0,0,0,97,93,0,0,0,0,8,0,76,59,68,85,0,0,0,0,0
l26,12=0,0,0,0,0,0,0,0,0,0,0,0,0,0,0,0,0,0,0,65,0,0,0,0,0,0,0,66,92,77,85,91,81,68,78,0,0,0,0,0
l27,12=0,0,0,0,0,0,0,0,0,0,0,0,0,0,0,0,0,0,0,0,0,0,0,0,0,0,77,0,88,92,92,87,0,25,31,0,0,0,0,0
l28,12=0,0,0,0,0,0,0,0,0,0,0,0,0,0,0,0,0,0,0,0,0,0,7,0,0,0,84,92,0,92,92,85,76,67,76,0,0,0,0,0
l29,12=0,0,0,0,0,0,0,0,0,0,0,0,0,0,0,0,0,0,0,28,0,0,0,0,0,0,81,92,92,0,92,89,79,65,69,0,0,0,0,0
l30,12=0,0,0,0,0,0,0,0,0,0,0,0,0,0,0,0,0,0,0,0,0,0,0,0,0,0,82,92,92,92,0,87,82,32,33,0,0,0,0,0
l31,12=0,0,0,0,0,0,0,0,0,0,0,0,18,0,0,0,0,0,0,0,61,0,61,27,42,78,84,80,90,89,92,0,95,100,100,0,0,0,0,0
l32,12=0,0,0,0,0,0,0,0,0,0,0,0,0,0,0,0,0,0,0,0,0,0,0,10,40,51,79,0,85,83,86,95,0,100,100,0,0,0,0,0
l33,12=0,0,0,0,0,0,0,0,0,0,0,0,49,0,70,0,0,5,0,0,0,0,0,55,0,71,74,31,66,69,74,99,95,0,100,0,0,0,0,0
l34,12=0,0,0,0,0,0,0,0,0,0,0,0,0,0,56,0,4,0,0,0,0,0,0,0,0,96,84,48,90,88,59,99,95,100,0,0,0,0,0,0
l35,12=0,0,0,0,0,0,0,0,0,0,0,31,0,0,25,0,4,0,0,0,35,41,61,0,0,0,0,0,0,0,0,0,0,0,0,0,83,73,77,36
l36,12=0,0,0,0,0,0,0,0,0,0,0,31,0,0,27,0,37,11,0,32,76,19,69,0,0,0,0,0,0,0,0,0,0,0,0,83,0,83,80,47
l37,12=0,0,0,0,0,0,0,0,0,0,0,0,0,0,0,0,38,0,0,26,67,37,0,0,0,0,0,0,0,0,0,0,0,0,0,47,62,0,0,42
l38,12=0,0,0,0,0,0,0,0,0,0,0,54,56,1,0,38,45,10,0,31,70,73,72,0,16,0,0,0,0,0,0,0,0,0,0,51,67,0,0,41
l39,12=0,0,0,0,0,0,0,0,0,0,0,0,0,0,0,0,39,0,0,67,63,0,73,0,0,0,0,0,0,0,0,0,0,0,0,44,67,75,65,0

l0,13=0,92,94,95,93,93,88,88,79,86,69,0,0,0,0,0,0,0,0,0,0,0,0,0,0,0,0,0,0,0,0,0,0,0,0,0,0,0,0,0
l1,13=93,0,92,94,92,88,88,88,0,79,87,0,0,0,0,0,0,0,0,0,0,0,0,0,0,0,0,0,0,0,0,0,0,0,0,0,0,0,0,0
l2,13=93,91,0,90,89,90,89,88,0,53,87,0,0,17,0,0,0,0,0,0,0,0,0,0,0,0,0,0,0,0,0,0,0,0,0,0,0,0,0,0
l3,13=96,92,91,0,95,89,88,78,17,53,88,0,0,0,0,0,0,0,0,0,0,0,0,0,0,0,0,0,0,0,0,0,0,0,0,0,0,0,0,0
l4,13=92,91,89,93,0,89,88,85,61,78,83,0,0,6,0,0,0,0,0,0,0,0,0,0,0,0,0,0,0,0,0,0,0,0,0,0,0,0,0,0
l5,13=89,89,90,90,89,0,88,85,62,86,87,0,0,61,0,0,0,0,0,0,0,0,0,0,0,0,0,0,0,0,0,0,0,0,0,0,0,0,0,0
l6,13=87,88,89,87,88,88,0,0,82,86,50,85,0,70,0,81,0,0,0,0,0,0,0,0,0,0,0,0,0,0,0,0,0,0,0,0,0,0,0,0
l7,13=72,88,86,30,48,42,0,0,87,86,90,12,16,61,0,67,0,0,0,0,0,0,0,0,0,0,0,0,0,0,0,0,0,0,0,0,0,0,0,0
l8,13=61,0,0,26,28,54,79,87,0,91,87,47,27,81,82,72,72,57,0,73,0,40,17,0,72,0,0,0,0,0,0,0,0,0,0,0,0,0,0,0
l9,13=79,73,77,71,73,87,85,88,87,0,87,75,74,84,73,80,71,68,0,0,74,69,0,0,0,0,0,0,0,0,0,0,0,0,0,0,0,0,0,0
l10,13=48,81,80,33,27,64,72,88,86,92,0,48,0,82,0,76,0,0,0,0,0,0,0,0,0,0,0,0,0,0,0,0,0,0,0,0,0,0,0,0
l11,13=0,0,0,0,0,0,79,1,55,49,47,0,83,90,85,91,78,90,0,0,79,47,30,25,0,71,0,0,0,0,0,0,0,0,0,0,0,0,69,0
l12,13=0,0,0,0,0,0,0,0,3,47,0,91,0,52,98,90,84,97,0,0,84,45,26,25,97,99,0,0,0,0,0,0,0,76,0,0,0,0,77,0
l13,13=0,0,0,0,20,38,76,82,66,88,54,92,32,0,82,89,76,78,0,37,80,46,0,28,57,81,0,0,0,0,0,0,0,0,0,0,0,0,76,0
l14,13=0,0,0,0,0,0,0,0,57,48,0,55,76,57,0,82,91,84,0,0,77,40,0,61,98,85,0,0,0,0,0,0,0,74,39,0,0,0,0,0
l15,13=0,0,0,0,0,0,73,33,51,51,47,95,63,78,77,0,87,90,0,63,80,43,0,28,81,77,0,0,0,0,0,0,0,0,0,0,26,0,74,0
l16,13=0,0,0,0,0,0,0,0,44,40,0,50,32,43,94,88,0,90,44,62,82,47,25,20,88,0,0,0,0,0,0,0,0,66,14,28,26,0,79,56
l17,13=0,0,0,0,0,0,0,0,50,45,0,58,90,57,82,90,92,0,0,69,90,48,26,27,84,75,0,0,0,0,0,0,0,75,0,8,29,0,78,0
l18,13=0,0,0,0,0,0,0,0,0,0,0,0,0,0,0,0,69,0,0,93,91,0,13,0,0,0,0,0,0,0,0,0,0,0,0,0,0,0,0,0
l19,13=0,0,0,0,0,0,0,0,33,0,0,0,0,2,0,49,55,46,64,0,93,93,88,0,0,0,46,0,47,39,0,3,0,0,0,6,16,48,64,76
l20,13=0,0,0,0,0,0,0,0,0,31,0,39,29,30,42,63,82,85,64,94,0,95,93,0,5,0,0,0,0,0,0,29,0,0,0,28,53,84,84,59
l21,13=0,0,0,0,0,0,0,0,33,42,0,42,26,45,50,59,80,82,0,95,94,0,94,0,52,0,0,0,0,0,0,0,0,0,0,17,20,0,86,59
l22,13=0,0,0,0,0,0,0,0,0,0,0,36,25,0,0,0,81,47,0,89,94,95,0,0,0,0,43,0,27,0,0,0,0,0,27,32,29,0,82,86
l23,13=0,0,0,16,0,0,0,0,0,0,0,53,32,53,100,85,68,70,0,0,0,0,0,0,91,99,0,0,0,0,0,0,0,78,0,0,0,0,0,0
l24,13=0,0,0,0,0,0,0,0,56,0,0,0,92,1,100,85,88,86,0,0,14,43,0,32,0,99,0,0,0,0,0,0,50,24,0,0,29,0,0,0
l25,13=0,0,0,0,0,0,0,0,0,0,0,52,92,56,97,84,0,74,0,0,0,0,0,99,98,0,0,0,0,3,0,52,63,96,62,0,0,0,0,0
l26,13=0,0,0,0,0,0,0,0,0,0,0,0,0,0,0,0,0,0,0,55,0,0,56,0,0,0,0,79,99,80,100,97,73,80,0,0,0,0,0,0
l27,13=0,0,0,0,0,0,0,0,0,0,0,0,0,0,0,0,0,0,0,0,0,0,0,0,0,0,75,0,99,99,100,80,68,80,17,0,0,0,0,0
l28,13=0,0,0,0,0,0,0,0,0,0,0,0,0,0,0,0,0,0,0,56,0,0,35,0,0,1,96,99,0,99,100,84,69,83,79,0,0,0,0,0
l29,13=0,0,0,0,0,0,0,0,0,0,0,0,0,0,0,0,0,0,0,55,0,0,0,0,0,0,76,99,99,0,100,80,76,74,78,0,0,0,0,0
l30,13=0,0,0,0,0,0,0,0,0,0,0,0,0,0,0,0,0,0,0,0,0,0,0,0,0,0,96,99,99,99,0,84,70,83,1,0,0,0,0,0
l31,13=0,0,0,0,0,0,0,0,0,0,0,0,0,0,5,0,0,0,0,10,78,0,7,0,0,83,96,98,99,98,99,0,100,100,100,0,0,0,0,0
l32,13=0,0,0,0,0,0,0,0,0,0,0,0,11,0,24,0,4,0,0,0,0,0,0,1,74,81,89,68,86,95,93,100,0,100,100,0,0,0,0,0
l33,13=0,0,0,0,0,0,0,0,0,0,0,0,92,0,91,0,75,81,0,0,0,0,0,63,68,99,94,90,99,94,100,100,100,0,100,0,0,0,0,0
l34,13=0,0,0,0,0,0,0,0,0,0,0,0,9,0,86,0,66,0,0,0,3,0,36,0,0,99,0,37,99,99,34,100,100,100,0,0,0,0,0,0
l35,13=0,0,0,0,0,0,0,0,0,0,0,0,0,0,0,0,68,0,0,11,79,26,26,0,0,0,0,0,0,0,0,0,0,0,0,0,91,92,86,69
l36,13=0,0,0,0,0,0,0,0,0,0,0,0,0,0,0,61,79,58,0,30,91,29,28,0,62,0,0,0,0,0,0,0,0,0,0,77,0,81,85,71
l37,13=0,0,0,0,0,0,0,0,0,0,0,0,0,0,0,0,0,0,0,47,84,0,0,0,0,0,0,0,0,0,0,0,0,0,0,56,25,0,60,63
l38,13=0,0,0,0,0,0,0,0,0,0,0,10,28,38,0,63,76,59,0,67,89,47,30,0,0,0,0,0,0,0,0,0,0,0,0,33,32,61,0,63
l39,13=0,0,0,0,0,0,0,0,0,0,0,0,0,0,0,0,63,0,0,73,78,43,29,0,0,0,0,0,0,0,0,0,0,0,0,31,30,65,74,0

l0,14=0,99,100,99,100,100,99,100,95,100,96,0,0,5,0,0,0,0,0,0,0,0,0,0,0,0,0,0,0,0,0,0,0,0,0,0,0,0,0,0
l1,14=99,0,100,99,100,99,99,95,15,51,45,0,0,44,44,0,0,0,0,0,0,0,0,0,6,0,0,0,0,0,0,0,0,0,0,0,0,0,0,0
l2,14=100,100,0,98,100,100,100,100,81,70,93,0,0,2,0,0,0,0,0,0,0,0,0,0,0,0,0,0,0,0,0,0,0,0,0,0,0,0,0,0
l3,14=99,99,100,0,100,99,99,100,0,91,99,0,0,0,0,0,0,0,0,0,0,0,0,0,0,0,0,0,0,0,0,0,0,0,0,0,0,0,0,0
l4,14=99,99,100,99,0,100,78,0,39,44,99,0,0,43,0,0,0,0,0,0,0,0,0,0,0,0,0,0,0,0,0,0,0,0,0,0,0,0,0,0
l5,14=100,100,100,99,100,0,100,90,86,100,100,0,0,87,0,50,0,0,0,0,0,0,0,0,0,0,0,0,0,0,0,0,0,0,0,0,0,0,0,0
l6,14=92,94,100,97,93,100,0,92,89,98,97,99,0,92,0,91,0,0,0,0,0,0,51,0,0,0,0,0,0,0,0,0,0,0,0,0,0,0,0,0
l7,14=99,99,99,98,7,52,97,0,97,100,100,0,0,88,0,20,63,0,0,0,0,0,0,0,0,0,0,0,0,0,0,0,0,0,0,0,0,0,0,0
l8,14=29,3,42,40,26,25,42,48,0,100,100,46,51,45,35,32,0,0,0,17,51,51,40,0,45,0,0,0,0,0,0,0,0,0,0,0,0,0,0,0
l9,14=86,49,0,51,44,98,55,98,98,0,100,94,0,99,33,98,42,35,0,0,51,56,0,37,0,0,0,0,0,0,0,0,0,0,0,0,0,0,0,0
l10,14=78,83,39,98,100,99,98,100,98,100,0,61,57,99,6,29,0,0,0,0,21,0,0,0,0,0,0,0,0,0,0,0,0,0,0,0,0,0,0,0
l11,14=0,0,0,0,0,0,97,0,38,98,24,0,98,98,98,99,96,98,0,0,53,54,44,46,31,57,0,0,0,0,0,0,0,0,0,0,47,0,53,0
l12,14=0,0,0,0,0,0,0,0,85,0,15,94,0,98,100,59,74,100,0,28,97,38,61,97,98,99,0,0,0,0,0,0,0,96,0,0,0,0,0,0
l13,14=3,51,0,0,26,24,65,46,40,100,65,100,98,0,56,99,32,61,0,14,0,54,0,0,84,57,0,0,0,0,0,0,0,0,0,0,0,0,50,0
l14,14=0,1,0,0,0,0,0,0,40,12,0,90,100,49,0,34,71,27,0,0,0,39,0,97,100,55,0,0,0,0,0,0,40,54,0,0,0,0,36,0
l15,14=0,0,0,0,0,9,44,0,40,59,22,100,98,98,35,0,92,69,0,42,53,50,0,57,95,55,0,0,0,0,0,0,0,0,0,0,0,0,52,0
l16,14=0,0,0,0,0,0,0,38,0,11,0,87,93,32,55,59,0,60,11,60,95,63,98,30,94,0,0,0,0,0,0,0,0,52,49,65,90,15,30,34
l17,14=0,0,0,0,0,0,0,0,0,29,0,97,98,98,57,97,86,0,0,52,97,96,52,62,98,75,0,0,0,0,0,0,0,8,0,55,51,0,98,0
l18,14=0,0,0,0,0,0,0,0,0,0,0,0,0,0,0,0,76,0,0,83,91,3,78,0,0,0,0,0,0,0,0,0,0,0,0,0,0,0,0,0
l19,14=0,0,0,0,0,0,0,0,0,0,0,0,88,7,0,48,86,51,51,0,98,92,98,0,0,0,73,0,25,69,0,0,0,0,0,85,83,73,73,85
l20,14=0,0,0,0,0,0,0,0,3,52,0,75,92,0,0,48,67,52,50,96,0,97,98,0,35,0,0,0,0,0,0,2,0,0,51,83,96,83,98,91
l21,14=0,0,0,0,0,0,0,0,81,54,0,77,91,81,47,49,68,51,0,95,99,0,98,0,80,0,0,0,0,0,0,0,0,0,0,85,80,80,90,82
l22,14=0,0,0,0,0,0,61,0,47,0,0,78,91,0,0,0,80,49,43,92,100,97,0,0,5,0,76,0,0,0,0,0,0,0,0,86,95,87,90,88
l23,14=0,0,0,0,0,0,0,0,0,27,0,48,54,0,100,33,18,28,0,0,0,0,0,0,5,100,0,0,0,0,0,0,44,53,55,0,0,0,0,0
l24,14=0,0,0,0,0,0,0,0,39,0,0,0,100,50,100,59,77,63,0,0,38,52,0,0,0,100,0,0,0,0,0,0,0,0,0,0,54,0,0,0
l25,14=0,0,0,0,0,0,0,0,0,0,0,91,100,58,59,55,0,60,0,0,0,0,0,100,100,0,0,0,1,0,0,0,50,98,99,0,0,0,0,0
l26,14=0,0,0,0,0,0,0,0,0,0,0,0,0,0,0,0,0,0,0,81,30,0,91,0,0,0,0,98,100,98,98,100,97,98,98,0,0,0,0,0
l27,14=0,0,0,0,0,0,0,0,0,0,0,0,0,0,0,0,0,0,0,0,0,0,0,0,0,0,84,0,100,100,100,90,85,81,0,0,0,0,0,0
l28,14=0,0,0,0,0,0,0,0,0,0,0,0,0,0,0,0,0,0,0,59,0,0,44,0,0,14,99,100,0,100,98,90,78,83,84,0,0,0,0,0
l29,14=0,0,0,0,0,0,0,0,0,0,0,0,0,0,0,0,0,0,0,78,0,0,0,0,0,0,84,100,100,0,100,92,87,0,83,0,0,0,0,0
l30,14=0,0,0,0,0,0,0,0,0,0,0,0,0,0,0,0,0,0,0,0,0,0,0,0,0,0,99,100,100,100,0,90,85,83,0,0,0,0,0,0
l31,14=0,0,0,0,0,0,0,0,0,0,0,0,0,0,0,0,0,0,0,0,58,0,0,0,0,0,99,80,98,98,95,0,99,99,100,0,0,0,0,0
l32,14=0,0,0,0,0,0,0,0,0,0,0,0,0,0,63,0,0,0,0,0,1,0,0,88,0,89,99,84,85,98,94,100,0,100,100,0,0,0,0,0
l33,14=0,0,0,0,0,0,0,0,0,0,0,0,96,0,91,0,94,1,0,0,0,0,0,93,0,97,99,81,99,0,97,100,100,0,100,0,0,0,0,0
l34,14=0,0,0,0,0,0,0,0,0,0,0,0,13,0,0,0,83,0,0,0,85,0,0,88,0,98,99,2,100,100,0,100,100,100,0,0,0,0,0,0
l35,14=0,0,0,0,0,0,0,0,0,0,0,0,30,0,0,0,64,30,0,71,90,64,78,0,0,0,0,0,0,0,0,0,0,0,0,0,96,95,92,86
l36,14=0,0,0,0,0,0,0,0,0,0,0,18,0,0,0,0,47,1,0,69,93,65,86,0,64,0,0,0,0,0,0,0,0,0,0,98,0,59,98,83
l37,14=0,0,0,0,0,0,0,0,0,0,0,0,0,0,0,0,0,0,0,0,91,7,84,0,0,0,0,0,0,0,0,0,0,0,0,96,81,0,83,85
l38,14=0,0,0,0,0,0,0,0,0,0,0,71,0,53,31,37,46,31,0,25,96,83,89,0,0,0,0,0,0,0,0,0,0,0,0,98,96,51,0,78
l39,14=0,0,0,0,0,0,0,0,0,0,0,0,0,0,0,0,65,0,0,86,91,79,85,0,0,0,0,0,0,0,0,0,0,0,0,88,81,82,86,0

l0,15=0,99,99,100,100,100,99,97,93,98,98,0,0,0,0,0,0,0,0,0,0,0,0,0,0,0,0,0,0,0,0,0,0,0,0,0,0,0,0,0
l1,15=98,0,99,98,96,97,99,93,0,98,99,0,0,98,57,0,0,0,0,0,0,0,0,0,20,0,0,0,0,0,0,0,0,0,0,0,0,0,0,0
l2,15=100,100,0,98,97,100,100,97,0,92,93,42,0,96,0,0,0,0,0,0,0,0,0,0,0,0,0,0,0,0,0,0,0,0,0,0,0,0,0,0
l3,15=100,100,99,0,97,97,3,0,0,0,99,0,0,0,0,0,0,0,0,0,0,0,0,0,0,0,0,0,0,0,0,0,0,0,0,0,0,0,0,0
l4,15=98,100,99,94,0,100,98,94,0,90,99,0,0,96,0,0,0,0,0,0,0,0,0,0,0,0,0,0,0,0,0,0,0,0,0,0,0,0,0,0
l5,15=98,98,99,98,100,0,99,97,97,98,99,0,0,98,0,88,0,0,0,0,0,0,0,0,0,0,0,0,0,0,0,0,0,0,0,0,0,0,0,0
l6,15=98,98,99,88,96,97,0,97,96,96,99,97,93,94,0,95,15,0,0,0,0,0,44,0,0,0,0,0,0,0,0,0,0,0,0,0,0,0,0,0
l7,15=98,82,99,84,96,97,99,0,98,98,100,0,0,94,72,0,98,0,0,0,0,0,0,0,0,0,0,0,0,0,0,0,0,0,0,0,0,0,0,0
l8,15=55,0,0,41,0,54,67,96,0,100,99,61,96,96,70,57,0,0,0,55,14,91,64,17,59,0,0,0,0,0,0,0,0,0,0,0,0,0,0,0
l9,15=99,81,0,0,50,100,95,99,100,0,100,59,0,100,30,96,56,68,0,0,94,95,12,23,0,0,0,0,0,0,0,0,0,0,0,0,0,0,0,0
l10,15=95,97,2,97,97,97,99,100,98,100,0,0,94,98,85,0,0,0,0,0,0,0,0,0,0,0,0,0,0,0,0,0,0,0,0,0,0,0,0,0
l11,15=0,0,0,0,0,0,79,0,96,63,0,0,99,98,73,99,99,99,0,13,97,99,68,61,0,99,0,0,0,0,0,0,0,0,0,0,98,0,98,0
l12,15=0,0,0,0,0,0,71,0,99,0,62,99,0,100,100,97,99,100,0,55,98,0,66,100,99,100,0,0,0,0,0,0,0,27,0,0,94,1,95,0
l13,15=0,83,92,0,56,56,72,88,98,100,62,100,100,0,74,99,58,99,0,7,0,79,24,60,59,97,0,0,0,0,0,0,0,0,0,0,0,0,0,0
l14,15=0,0,0,0,0,0,0,11,99,53,25,63,99,98,0,59,63,99,0,0,48,0,0,65,99,99,0,0,0,0,0,0,0,58,7,0,0,0,0,0
l15,15=0,0,0,0,0,32,77,0,99,65,0,100,99,98,74,0,63,99,0,0,96,99,4,62,65,94,0,0,0,0,0,0,0,0,0,68,0,0,99,0
l16,15=0,0,0,0,0,0,13,91,0,48,0,60,98,86,73,58,0,94,91,95,97,85,68,0,65,76,0,0,0,0,0,17,0,57,0,90,98,91,95,80
l17,15=0,0,0,0,0,0,0,0,0,63,0,64,99,98,74,65,63,0,0,97,98,99,68,62,65,98,0,0,0,0,0,0,0,59,3,0,97,77,99,6
l18,15=0,0,0,0,0,0,0,0,0,0,0,0,0,0,0,0,85,0,0,27,78,42,77,0,0,0,0,0,0,0,0,0,0,0,0,0,0,0,0,0
l19,15=0,0,0,0,0,0,0,0,41,0,0,4,74,0,0,0,48,77,0,0,98,96,95,0,0,0,0,0,72,76,0,0,0,0,0,0,83,0,0,77
l20,15=0,0,0,0,0,0,0,0,0,63,0,59,98,0,8,56,62,97,85,98,0,100,99,0,0,0,0,0,0,0,0,0,0,0,0,93,98,0,99,98
l21,15=0,0,0,0,0,0,0,0,90,62,2,59,0,77,0,58,54,97,6,96,100,0,100,0,36,0,0,0,19,0,0,0,0,0,33,89,98,92,97,97
l22,15=0,0,0,0,0,0,10,0,74,42,0,47,74,2,0,6,91,80,49,92,100,99,0,0,0,0,54,0,0,5,0,67,0,6,0,73,89,85,73,77
l23,15=0,0,0,0,0,0,0,0,1,44,0,63,100,84,100,98,0,100,0,0,0,0,0,0,99,100,0,0,0,0,0,0,90,98,0,0,0,0,0,0
l24,15=0,0,0,0,0,0,0,0,99,0,0,0,100,98,100,99,99,99,0,0,0,1,0,100,0,99,0,0,0,0,0,0,90,5,0,0,98,0,27,0
l25,15=0,0,0,0,0,0,0,0,0,0,0,87,99,98,92,55,58,83,0,0,0,0,0,98,93,0,73,0,43,0,0,95,80,54,84,0,0,0,0,0
l26,15=0,0,0,0,0,0,0,0,0,0,0,0,0,0,0,0,0,0,0,0,0,0,81,0,0,87,0,96,96,96,93,98,76,39,80,0,0,0,0,0
l27,15=0,0,0,0,0,0,0,0,0,0,0,0,0,0,0,0,0,0,0,0,0,0,0,0,0,0,71,0,96,99,93,95,72,82,71,0,0,0,0,0
l28,15=0,0,0,0,0,0,0,0,0,0,0,0,0,0,0,0,0,0,0,85,0,44,0,0,0,69,83,99,0,99,93,95,71,87,70,0,0,0,0,0
l29,15=0,0,0,0,0,0,0,0,0,0,0,0,0,0,0,0,0,0,0,83,0,0,18,0,0,0,79,99,96,0,93,94,72,86,74,0,0,0,0,0
l30,15=0,0,0,0,0,0,0,0,0,0,0,0,0,0,0,0,0,0,0,0,0,0,0,0,0,0,83,99,96,99,0,94,71,87,0,0,0,0,0,0
l31,15=0,0,0,0,0,0,0,0,0,0,0,0,0,0,0,0,9,0,0,0,0,0,82,0,0,91,83,91,94,96,88,0,75,98,85,0,0,0,0,0
l32,15=0,0,0,0,0,0,0,0,0,0,0,0,79,0,0,0,0,0,0,0,35,0,0,88,85,91,83,91,89,98,90,98,0,98,86,0,0,0,0,0
l33,15=0,0,0,0,0,0,0,0,0,0,0,0,94,0,79,0,62,89,0,0,0,0,25,100,55,96,46,93,95,96,93,100,88,0,100,0,0,0,0,0
l34,15=0,0,0,0,0,0,0,0,0,0,0,0,23,0,53,0,0,0,0,0,13,69,0,0,0,95,78,91,94,96,0,98,86,98,0,0,0,0,0,0
l35,15=0,0,0,0,0,0,0,0,0,0,0,0,51,0,0,43,44,0,0,0,91,75,55,0,0,0,0,0,0,0,0,0,0,0,0,0,98,99,97,97
l36,15=0,0,0,0,0,0,0,0,0,0,0,46,50,0,0,0,57,78,0,72,96,96,64,0,27,0,0,0,0,0,0,0,0,0,0,93,0,99,99,98
l37,15=0,0,0,0,0,0,0,0,0,0,0,0,2,0,0,0,51,0,0,0,0,88,61,0,0,0,0,0,0,0,0,0,0,0,0,98,97,0,96,97
l38,15=0,0,0,0,0,0,0,0,0,0,0,36,55,0,0,52,48,89,0,0,94,95,62,0,5,0,0,0,0,0,0,0,0,0,0,92,98,96,0,97
l39,15=0,0,0,0,0,0,0,0,0,0,0,0,0,0,0,0,42,0,0,73,95,84,63,0,0,0,0,0,0,0,0,0,0,0,0,99,97,99,95,0

