t=2016-04-13_21.10.32

n=40

q0=1
q1=1
q2=1
q3=1
q4=1
q5=1
q6=1
q7=1
q8=1
q9=1
q10=1
q11=1
q12=1
q13=1
q14=1
q15=1
q16=1
q17=1
q18=1
q19=1
q20=1
q21=1
q22=1
q23=1
q24=1
q25=1
q26=1
q27=1
q28=1
q29=1
q30=1
q31=1
q32=1
q33=1
q34=1
q35=1
q36=1
q37=1
q38=1
q39=1

a0=0x141592000c576ce6
a1=0x141592000c5aedbc
a2=0x141592000c5750f4
a3=0x141592000c576658
a4=0x141592000c575890
a5=0x141592000c574ffa
a6=0x141592000c5acf11
a7=0x141592000d9df361
a8=0x141592000c576300
a9=0x141592000c5779b6
a10=0x141592000c5762b9
a11=0x141592000c5af078
a12=0x141592000c575517
a13=0x141592000c5752c3
a14=0x141592000c5a4baa
a15=0x141592000c5776e7
a16=0x141592000c58cdeb
a17=0x141592000c5881fc
a18=0x141592000bd81d33
a19=0x141592000bd84d6a
a20=0x141592000c577233
a21=0x141592000c574527
a22=0x141592000c5746a3
a23=0x141592000c574da3
a24=0x141592000c5741c9
a25=0x141592000da244ea
a26=0x141592000c5ae886
a27=0x141592000c57510e
a28=0x141592000c5ab6c8
a29=0x141592000c574d05
a30=0x141592000edae61f
a31=0x141592000c57667e
a32=0x141592000c577f43
a33=0x141592000c576449
a34=0x1415920010f4117a
a35=0x141592000c575966
a36=0x141592000c574d35
a37=0x141592000c576fb1
a38=0x141592000c5aea5d
a39=0x141592000c59f23f

l0,0=0,92,88,95,81,82,84,71,79,80,0,0,0,45,0,0,0,0,0,0,0,0,0,0,0,0,0,0,0,0,0,0,0,0,0,0,0,0,0,0
l1,0=91,0,88,80,89,83,84,86,71,0,82,0,0,0,0,0,0,0,0,0,0,0,0,0,0,0,0,0,0,0,0,0,0,0,0,0,0,0,0,0
l2,0=85,90,0,0,85,83,89,82,3,77,78,0,0,64,0,0,0,0,0,0,0,0,0,0,0,0,0,0,0,0,0,0,0,0,0,0,0,0,0,0
l3,0=95,77,0,0,89,82,84,62,69,0,78,0,0,0,0,0,0,0,0,0,0,0,0,0,0,0,0,0,0,0,0,0,0,0,0,0,0,0,0,0
l4,0=73,89,87,88,0,82,50,0,0,72,72,0,0,43,0,0,0,0,0,0,0,0,0,0,0,0,0,0,0,0,0,0,0,0,0,0,0,0,0,0
l5,0=81,92,85,84,82,0,80,81,76,77,67,0,0,55,0,0,0,0,0,0,0,0,0,0,0,0,0,0,0,0,0,0,0,0,0,0,0,0,0,0
l6,0=77,79,83,75,62,78,0,85,83,73,66,8,0,66,0,54,56,0,0,0,0,0,0,0,0,0,0,0,0,0,0,0,0,0,0,0,0,0,0,0
l7,0=68,79,81,41,24,78,80,0,78,83,72,57,0,0,0,54,0,0,0,0,0,0,0,0,0,0,0,0,0,0,0,0,0,0,0,0,0,0,0,0
l8,0=63,26,0,28,0,73,62,44,0,86,55,70,42,91,61,79,83,61,0,0,0,44,19,0,68,0,0,0,0,0,0,0,0,0,0,0,0,0,19,0
l9,0=79,0,58,0,79,79,73,86,92,0,87,61,42,70,5,62,64,66,0,0,0,0,29,0,0,0,0,0,0,0,0,0,0,0,0,0,0,0,0,0
l10,0=0,79,82,70,76,75,76,85,72,87,0,62,64,84,0,65,2,0,0,0,0,0,0,0,0,0,0,0,0,0,0,0,0,0,0,0,0,0,0,0
l11,0=0,0,0,0,0,0,33,28,29,76,48,0,52,53,83,94,87,92,0,39,0,17,0,0,78,0,0,0,0,0,0,0,0,0,0,1,79,0,25,0
l12,0=0,0,0,0,0,0,0,0,29,69,32,84,0,85,87,92,82,100,0,0,23,24,0,84,94,83,0,0,0,0,0,0,0,45,0,0,61,0,27,0
l13,0=0,0,5,0,69,0,46,0,91,74,85,79,82,0,86,82,68,76,0,38,0,28,60,81,69,67,0,0,0,0,0,0,0,0,0,0,21,0,21,0
l14,0=0,0,0,0,0,0,0,0,27,1,0,52,52,50,0,80,84,83,0,0,24,0,54,84,86,85,0,0,0,0,0,0,0,49,0,0,18,0,0,0
l15,0=0,0,0,0,0,0,43,15,29,72,48,95,90,50,82,0,80,85,0,0,2,0,50,0,86,0,0,0,0,0,0,0,0,0,0,0,54,0,26,0
l16,0=0,0,0,0,0,0,26,0,28,61,0,47,50,37,83,65,0,98,0,49,21,28,76,70,86,0,0,0,0,0,0,0,0,24,0,48,61,4,29,24
l17,0=0,0,0,0,0,0,0,0,25,73,0,56,66,53,83,84,95,0,0,0,27,27,59,0,88,78,0,0,0,0,0,0,0,49,0,0,69,0,0,0
l18,0=0,0,0,0,0,0,0,0,0,0,0,0,0,0,0,0,0,0,0,0,79,0,74,0,0,0,0,0,0,0,0,0,0,0,0,0,0,0,0,0
l19,0=0,0,0,0,0,0,0,0,4,0,0,12,0,56,0,0,75,0,0,0,79,43,91,0,0,0,3,0,0,0,0,31,0,0,0,0,77,35,73,81
l20,0=0,0,0,0,0,0,0,0,0,0,0,0,30,0,49,0,86,76,81,72,0,89,91,0,0,0,0,0,36,0,0,0,0,0,14,5,95,87,68,58
l21,0=0,0,0,0,0,0,0,0,20,0,0,22,27,35,0,0,93,62,47,37,94,0,91,0,0,0,0,0,0,0,0,0,0,0,0,58,46,0,90,40
l22,0=0,0,0,0,0,0,0,0,11,22,0,0,0,30,41,28,78,45,70,86,94,89,0,0,20,0,60,0,0,4,0,0,17,0,0,58,92,45,73,80
l23,0=0,0,0,0,0,0,0,0,0,0,0,0,81,47,83,0,80,0,0,0,0,0,0,0,88,24,0,0,0,0,0,0,0,32,45,0,0,0,0,0
l24,0=0,0,0,0,0,0,0,0,29,0,0,50,90,48,83,79,82,83,0,0,0,0,28,86,0,82,0,0,0,0,0,0,43,48,41,0,0,0,12,0
l25,0=0,0,0,0,0,0,0,0,0,0,0,0,82,40,89,0,0,73,0,0,0,0,0,31,83,0,59,1,0,0,0,33,41,44,76,0,0,0,0,0
l26,0=0,0,0,0,0,0,0,0,0,0,0,0,0,0,0,0,0,0,0,24,0,0,60,0,0,48,0,73,85,85,94,89,73,56,64,0,0,0,0,0
l27,0=0,0,0,0,0,0,0,0,0,0,0,0,0,0,0,0,0,0,0,0,0,0,0,0,0,0,81,0,85,87,99,78,63,51,69,0,0,0,0,0
l28,0=0,0,0,0,0,0,0,0,0,0,0,0,0,0,0,0,0,0,0,2,53,0,0,0,0,0,91,99,0,88,99,85,73,54,61,0,0,0,0,0
l29,0=0,0,0,0,0,0,0,0,0,0,0,0,0,0,0,0,0,0,0,41,0,0,32,0,0,0,85,99,85,0,98,69,62,53,53,0,0,0,0,0
l30,0=0,0,0,0,0,0,0,0,0,0,0,0,0,0,0,0,0,0,0,0,0,0,0,0,0,0,83,100,85,88,0,63,74,74,0,0,0,0,0,0
l31,0=0,0,0,0,0,0,0,0,0,0,0,0,0,0,0,0,0,0,0,59,0,0,0,0,0,48,84,57,77,52,52,0,87,78,95,0,0,0,0,0
l32,0=0,0,0,0,0,0,0,0,0,0,0,0,0,0,0,0,0,0,0,0,0,0,20,0,56,51,77,56,70,49,54,86,0,86,95,0,0,0,0,0
l33,0=0,0,0,0,0,0,0,0,0,0,0,0,66,0,59,0,58,71,0,0,0,0,0,49,61,63,70,52,65,49,74,82,85,0,76,0,0,0,0,0
l34,0=0,0,0,0,0,0,0,0,0,0,0,0,0,0,0,0,0,0,0,0,37,0,30,56,60,62,71,60,68,50,0,92,92,62,0,0,0,0,0,0
l35,0=0,0,0,0,0,0,0,0,0,0,0,0,0,0,0,0,39,0,0,0,0,21,67,0,0,0,0,0,0,0,0,0,0,0,0,0,66,86,91,23
l36,0=0,0,0,0,0,0,0,0,0,0,0,33,21,17,6,25,62,44,0,42,31,6,91,0,0,0,0,0,0,0,0,0,0,0,0,69,0,90,31,30
l37,0=0,0,0,0,0,0,0,0,0,0,0,0,0,0,0,0,1,0,0,33,30,0,62,0,0,0,0,0,0,0,0,0,0,0,0,80,93,0,17,31
l38,0=0,0,0,0,0,0,0,0,18,0,0,31,41,36,0,64,95,0,0,41,31,30,91,0,0,0,0,0,0,0,0,0,0,0,0,80,95,53,0,31
l39,0=0,0,0,0,0,0,0,0,0,0,0,0,0,0,0,0,76,0,0,48,31,24,83,0,0,0,0,0,0,0,0,0,0,0,0,68,82,90,31,0

l0,1=0,78,76,87,61,75,65,33,23,60,32,0,0,1,0,0,0,0,0,0,0,0,0,0,0,0,0,0,0,0,0,0,0,0,0,0,0,0,0,0
l1,1=84,0,85,84,85,79,65,72,41,57,67,0,0,39,0,0,0,0,0,0,0,0,0,7,0,0,0,0,0,0,0,0,0,0,0,0,0,0,0,0
l2,1=79,82,0,68,68,82,77,74,0,64,78,0,0,0,0,15,0,0,0,0,0,0,0,0,0,0,0,0,0,0,0,0,0,0,0,0,0,0,0,0
l3,1=84,77,74,0,81,74,64,20,0,40,68,0,0,0,0,0,0,0,0,0,0,0,0,0,0,0,0,0,0,0,0,0,0,0,0,0,0,0,0,0
l4,1=64,77,59,77,0,68,57,6,45,64,68,0,0,45,0,0,0,0,0,0,0,0,0,0,0,0,0,0,0,0,0,0,0,0,0,0,0,0,0,0
l5,1=75,82,85,78,73,0,68,74,51,63,70,0,0,0,0,0,0,0,0,0,0,0,0,0,1,0,0,0,0,0,0,0,0,0,0,0,0,0,0,0
l6,1=57,50,75,48,47,65,0,79,52,47,74,41,9,51,0,0,33,0,0,0,0,0,0,0,0,0,0,0,0,0,0,0,0,0,0,0,0,0,0,0
l7,1=36,71,69,22,33,74,70,0,53,66,80,37,2,24,0,11,0,0,0,0,0,0,0,0,0,0,0,0,0,0,0,0,0,0,0,0,0,0,0,0
l8,1=2,27,0,0,35,42,61,68,0,75,65,66,0,71,22,62,53,27,0,0,0,43,31,0,0,0,0,0,0,0,0,0,0,0,0,0,0,0,5,0
l9,1=61,39,62,22,67,61,40,69,67,0,80,62,22,69,19,55,37,26,0,0,0,34,26,0,0,0,0,0,0,0,0,0,0,0,0,0,0,0,0,0
l10,1=37,67,71,66,70,66,71,86,52,72,0,64,0,73,0,53,0,0,0,0,0,6,0,0,0,0,0,0,0,0,0,0,0,0,0,0,0,0,0,0
l11,1=0,0,0,0,0,0,41,17,31,38,37,0,79,74,39,73,61,73,0,14,0,7,0,4,50,0,0,0,0,0,0,0,0,0,0,29,34,0,44,0
l12,1=0,0,0,0,0,0,0,0,0,17,0,83,0,48,69,71,68,84,0,0,45,33,8,74,82,52,0,0,0,0,0,0,0,0,0,0,0,0,51,0
l13,1=0,2,0,0,29,0,44,2,33,52,63,75,50,0,35,43,58,43,0,21,40,37,37,58,18,31,0,0,0,0,0,0,0,0,0,0,0,0,43,0
l14,1=0,0,0,0,0,0,0,0,24,34,0,54,85,32,0,48,66,33,0,0,47,32,0,73,52,66,0,0,0,0,0,0,0,0,0,0,3,0,0,0
l15,1=0,0,4,0,0,0,0,0,30,40,36,91,82,28,32,0,42,50,0,0,28,0,27,25,75,0,0,0,0,0,0,0,0,0,0,0,26,0,13,0
l16,1=0,0,0,0,0,0,26,0,8,18,0,54,42,34,34,21,0,45,0,14,56,45,46,26,29,26,0,0,0,0,0,0,15,25,0,45,20,0,42,31
l17,1=0,0,0,0,0,0,0,0,7,26,0,85,91,40,35,58,71,0,0,0,47,10,36,26,54,18,0,0,0,0,0,0,0,33,0,0,28,0,23,0
l18,1=0,0,0,0,0,0,0,0,0,0,0,0,0,0,0,0,0,0,0,45,64,48,52,0,0,0,0,0,0,0,0,0,0,0,0,0,0,0,0,0
l19,1=0,0,0,0,0,0,0,0,0,0,0,28,0,24,0,0,39,0,25,0,67,37,58,0,0,0,10,0,0,0,0,45,0,0,0,0,30,19,56,52
l20,1=0,0,0,0,0,0,0,0,0,0,0,0,33,23,24,29,59,32,30,65,0,60,58,0,0,0,0,0,17,0,0,0,0,0,0,46,41,31,71,60
l21,1=0,0,0,0,0,0,0,0,45,26,9,0,30,34,24,0,56,27,24,30,71,0,60,0,0,0,0,0,0,0,0,34,36,0,0,61,25,48,67,58
l22,1=0,0,0,0,0,0,0,0,20,22,0,0,24,30,0,31,57,33,33,70,70,59,0,0,4,0,25,0,0,22,0,41,17,0,0,52,57,33,65,61
l23,1=0,0,0,0,0,0,0,0,0,0,0,0,37,35,60,26,45,26,0,0,0,0,0,0,74,42,0,0,0,0,0,0,0,0,44,0,0,0,0,0
l24,1=0,0,0,0,0,0,0,0,0,0,0,62,87,26,39,66,61,46,0,0,0,0,5,77,0,53,0,0,0,0,0,0,43,37,37,0,0,0,0,0
l25,1=0,0,0,0,0,0,0,0,8,0,0,0,49,29,65,0,50,34,0,0,0,0,0,56,57,0,24,0,35,1,0,46,0,37,37,0,0,0,0,0
l26,1=0,0,0,0,0,0,0,0,0,0,0,0,0,0,0,0,0,0,0,21,0,0,37,0,0,47,0,62,83,57,73,70,67,64,55,0,0,0,0,0
l27,1=0,0,0,0,0,0,0,0,0,0,0,0,0,0,0,0,0,0,0,0,0,0,0,0,0,0,61,0,80,67,88,54,62,54,61,0,0,0,0,0
l28,1=0,0,0,0,0,0,0,0,0,0,0,0,0,0,0,0,0,0,0,0,43,0,0,0,0,42,75,83,0,69,88,70,48,54,58,0,0,0,0,0
l29,1=0,0,0,0,0,0,0,0,0,0,0,0,0,0,0,0,0,0,0,0,0,0,37,0,0,6,68,82,83,0,81,60,49,43,48,0,0,0,0,0
l30,1=0,0,0,0,0,0,0,0,0,0,0,0,0,0,0,0,0,0,0,0,0,0,0,0,0,0,61,89,82,68,0,57,48,54,0,0,0,0,0,0
l31,1=0,0,0,0,0,0,0,0,0,0,0,0,0,0,0,0,0,0,0,39,0,23,35,0,0,47,65,50,69,34,46,0,64,66,71,0,0,0,0,0
l32,1=0,0,0,0,0,0,0,0,0,0,0,0,0,0,0,0,32,0,0,0,0,33,18,0,36,0,63,54,45,32,45,68,0,67,85,0,0,0,0,0
l33,1=0,0,0,0,0,0,0,0,0,0,0,0,0,0,0,0,44,35,0,0,0,0,0,2,34,57,57,44,63,22,51,69,64,0,60,0,0,0,0,0
l34,1=0,0,0,0,0,0,0,0,0,0,0,0,0,0,0,0,35,0,0,0,31,0,0,59,39,54,57,52,69,30,0,69,86,66,0,0,0,0,0,0
l35,1=0,0,0,0,0,0,0,0,0,0,0,20,0,0,0,0,45,0,0,0,43,46,43,0,0,0,0,0,0,0,0,0,0,0,0,0,40,38,78,42
l36,1=0,0,0,0,0,0,0,0,0,0,0,48,0,0,0,30,49,33,0,19,64,11,52,0,0,0,0,0,0,0,0,0,0,0,0,62,0,35,72,56
l37,1=0,0,0,0,0,0,0,0,0,0,0,0,0,0,0,0,2,0,0,13,59,45,52,0,0,0,0,0,0,0,0,0,0,0,0,63,40,0,61,66
l38,1=0,0,0,0,0,0,0,0,0,0,0,49,39,30,0,0,56,10,0,36,69,52,54,0,0,0,0,0,0,0,0,0,0,0,0,71,65,39,0,62
l39,1=0,0,0,0,0,0,0,0,0,0,0,0,0,0,0,0,51,0,0,36,62,47,54,0,0,0,0,0,0,0,0,0,0,0,0,55,36,36,59,0

l0,2=0,84,81,74,78,67,64,0,17,67,0,0,0,0,0,0,0,0,0,0,0,0,0,0,0,0,0,0,0,0,0,0,0,0,0,0,0,0,0,0
l1,2=74,0,80,79,79,76,74,69,53,65,65,0,0,0,0,0,0,0,0,0,0,0,0,0,0,0,0,0,0,0,0,0,0,0,0,0,0,0,0,0
l2,2=81,87,0,67,83,80,80,84,0,75,63,0,0,0,0,0,0,0,0,0,0,0,0,0,0,0,0,0,0,0,0,0,0,0,0,0,0,0,0,0
l3,2=73,84,74,0,79,70,46,47,7,0,59,0,0,0,0,0,0,0,0,0,0,0,0,0,0,0,0,0,0,0,0,0,0,0,0,0,0,0,0,0
l4,2=68,78,73,72,0,65,70,64,54,65,54,0,0,0,0,0,0,0,0,0,0,0,0,0,0,0,0,0,0,0,0,0,0,0,0,0,0,0,0,0
l5,2=61,83,83,66,72,0,67,71,58,66,63,0,0,0,0,0,0,0,0,0,0,0,0,0,0,0,0,0,0,0,0,0,0,0,0,0,0,0,0,0
l6,2=25,77,83,30,66,64,0,67,39,59,66,35,38,39,0,37,0,0,0,0,0,0,0,0,0,0,0,0,0,0,0,0,0,0,0,0,0,0,0,0
l7,2=0,67,73,37,59,61,60,0,63,69,72,35,0,51,0,48,22,0,0,0,0,0,0,0,0,0,0,0,0,0,0,0,0,0,0,0,0,0,0,0
l8,2=0,32,0,2,43,43,42,69,0,78,60,48,0,73,0,60,39,38,0,0,0,55,28,10,50,34,0,0,0,0,0,0,0,0,0,0,0,0,24,0
l9,2=34,45,68,4,61,53,47,73,72,0,69,42,38,67,3,47,21,27,0,0,1,44,0,0,0,0,0,0,0,0,0,0,0,0,0,0,0,0,0,0
l10,2=0,72,64,43,61,62,69,82,63,73,0,43,0,63,0,41,0,17,0,0,0,0,0,44,0,0,0,0,0,0,0,0,0,0,0,0,0,0,0,0
l11,2=0,0,0,0,0,0,32,27,48,47,44,0,73,81,55,78,35,85,0,20,31,50,26,38,28,0,0,0,0,0,0,0,0,0,0,34,51,0,20,35
l12,2=0,0,0,0,0,0,38,0,0,42,0,78,0,60,67,74,52,91,0,0,0,50,5,75,89,78,0,0,0,0,0,0,0,0,0,0,0,0,25,0
l13,2=0,0,0,0,0,0,5,45,65,65,49,71,46,0,38,58,37,41,0,19,27,45,24,45,43,31,0,0,0,0,0,0,0,0,0,0,0,0,39,0
l14,2=0,0,0,0,0,0,0,0,0,7,3,61,81,49,0,52,50,51,0,0,8,0,0,77,62,60,0,0,0,0,0,0,0,48,0,0,0,0,42,0
l15,2=0,0,0,0,0,0,27,50,56,49,41,91,72,63,43,0,35,70,0,14,41,1,0,5,74,0,0,0,0,0,0,0,0,0,0,0,45,0,27,0
l16,2=0,0,0,0,0,0,0,0,41,7,0,46,68,58,57,45,0,71,0,17,61,58,55,31,44,40,0,0,0,0,0,0,0,19,0,51,62,39,40,48
l17,2=0,0,0,0,0,0,0,0,43,27,3,85,83,67,48,75,58,0,0,0,42,0,33,51,64,0,0,0,0,0,0,0,0,40,0,0,57,0,36,0
l18,2=0,0,0,0,0,0,0,0,0,0,0,0,0,3,0,0,0,0,0,37,50,62,52,0,0,0,0,0,0,0,0,0,0,0,0,0,0,0,0,0
l19,2=0,0,0,0,0,0,0,0,0,0,0,27,0,45,0,2,35,0,35,0,65,0,74,0,0,0,0,0,2,16,0,36,0,0,0,0,65,24,50,54
l20,2=0,0,0,0,0,0,0,0,0,0,0,0,0,40,0,50,50,33,27,41,0,68,67,0,0,0,0,0,0,0,0,0,0,0,30,68,68,55,53,57
l21,2=0,0,0,0,0,0,0,0,50,38,0,48,44,55,0,2,50,11,39,0,74,0,74,0,0,0,0,0,0,0,0,0,0,47,0,60,64,62,59,56
l22,2=0,0,0,0,0,0,0,0,36,0,0,31,28,49,0,0,50,37,36,46,70,72,0,0,0,0,0,0,0,34,0,4,0,0,0,63,71,61,48,56
l23,2=0,0,0,0,0,0,0,0,2,0,27,0,70,55,62,0,26,41,0,0,0,0,0,0,79,67,0,0,0,0,0,0,0,0,39,0,0,0,0,0
l24,2=0,0,0,0,0,0,0,0,54,0,0,33,79,65,59,70,50,78,0,0,6,0,0,80,0,73,0,0,0,0,0,0,17,49,34,0,44,0,13,0
l25,2=0,0,0,0,0,0,0,0,41,0,0,0,70,46,55,0,36,1,0,0,0,0,0,67,72,0,42,0,0,0,0,54,35,57,44,0,0,0,0,0
l26,2=0,0,0,0,0,0,0,0,0,0,0,0,0,0,0,0,0,0,0,0,0,0,1,0,0,36,0,29,76,77,74,75,55,68,40,0,0,0,0,0
l27,2=0,0,0,0,0,0,0,0,0,0,0,0,0,0,0,0,0,0,0,0,0,0,0,0,0,0,42,0,70,79,86,69,49,60,49,0,0,0,0,0
l28,2=0,0,0,0,0,0,0,0,0,0,0,0,0,0,0,0,0,0,0,0,9,0,14,0,0,0,73,73,0,86,79,76,40,74,54,0,0,0,0,0
l29,2=0,0,0,0,0,0,0,0,0,0,0,0,0,0,0,0,0,0,0,25,0,0,41,0,0,0,65,72,76,0,70,67,47,0,0,0,0,0,0,0
l30,2=0,0,0,0,0,0,0,0,0,0,0,0,0,0,0,0,0,0,0,0,0,0,0,0,0,0,63,80,73,69,0,45,51,69,35,0,0,0,0,0
l31,2=0,0,0,0,0,0,0,0,0,0,0,0,0,0,0,0,0,0,0,30,0,0,0,6,0,40,67,58,51,57,40,0,64,73,73,0,0,0,0,0
l32,2=0,0,0,0,0,0,0,0,0,0,0,0,0,0,0,0,0,0,0,0,0,0,0,0,24,44,63,44,37,57,44,75,0,75,78,0,0,0,0,0
l33,2=0,0,0,0,0,0,0,0,0,0,0,0,0,0,40,0,17,26,0,0,0,31,0,3,54,60,58,27,45,0,54,69,56,0,67,0,0,0,0,0
l34,2=0,0,0,0,0,0,0,0,0,0,0,0,0,0,1,0,0,0,0,0,40,0,0,48,43,60,60,37,46,22,38,73,73,73,0,0,0,0,0,0
l35,2=0,0,0,0,0,0,0,0,0,0,0,0,0,0,0,0,46,0,0,0,55,50,47,0,0,0,0,0,0,0,0,0,0,0,0,0,72,61,60,54
l36,2=0,0,0,0,0,0,0,0,0,0,0,44,0,0,0,16,48,44,0,33,65,52,63,0,18,0,0,0,0,0,0,0,0,0,0,73,0,66,62,44
l37,2=0,0,0,0,0,0,0,0,0,0,0,0,0,0,0,0,34,0,0,14,51,60,54,0,0,0,0,0,0,0,0,0,0,0,0,71,72,0,49,57
l38,2=0,0,0,0,0,0,0,0,8,0,0,4,24,58,30,27,49,37,0,36,69,65,45,0,0,0,0,0,0,0,0,0,0,0,0,73,73,68,0,61
l39,2=0,0,0,0,0,0,0,0,0,0,0,0,0,0,0,0,48,0,0,37,62,62,61,0,0,0,0,0,0,0,0,0,0,0,0,69,65,61,48,0

l0,3=0,83,82,81,80,74,0,51,28,73,0,0,0,0,0,0,0,0,0,0,0,0,0,0,0,0,0,0,0,0,0,0,0,0,0,0,0,0,0,0
l1,3=81,0,84,85,87,86,79,74,68,66,32,0,0,0,0,0,0,0,0,0,0,0,0,0,0,0,0,0,0,0,0,0,0,0,0,0,0,0,0,0
l2,3=80,82,0,76,87,86,86,80,68,68,79,0,0,71,0,0,0,0,0,0,0,0,0,0,0,0,0,0,0,0,0,0,0,0,0,0,0,0,0,0
l3,3=81,83,82,0,78,73,70,0,59,7,60,0,0,0,0,0,0,0,0,0,0,0,0,0,0,0,0,0,0,0,0,0,0,0,0,0,0,0,0,0
l4,3=81,85,85,45,0,80,29,0,44,56,0,0,0,0,0,0,0,0,0,0,0,0,0,0,0,0,0,0,0,0,0,0,0,0,0,0,0,0,0,0
l5,3=80,90,90,77,87,0,81,77,69,62,72,48,0,69,0,0,0,0,0,0,0,0,0,0,0,0,0,0,0,0,0,0,0,0,0,0,0,0,0,0
l6,3=0,83,90,74,79,79,0,75,73,67,87,72,71,56,0,61,73,0,0,0,0,0,0,0,0,0,0,0,0,0,0,0,0,0,0,0,0,0,0,0
l7,3=59,71,76,0,0,77,74,0,79,78,92,0,7,73,0,63,68,0,0,0,0,0,0,0,0,0,0,0,0,0,0,0,0,0,0,0,0,0,0,0
l8,3=1,29,33,33,35,39,33,83,0,82,82,65,34,83,0,78,39,29,0,0,0,33,36,17,29,0,0,0,0,0,0,0,0,0,0,0,0,0,11,0
l9,3=31,31,35,26,52,39,59,84,89,0,92,42,34,85,30,42,0,1,0,0,31,4,0,0,0,0,0,0,0,0,0,0,0,0,0,0,0,0,0,0
l10,3=0,27,79,34,0,71,81,88,86,85,0,38,32,83,29,19,0,0,0,0,0,0,0,24,8,0,0,0,0,0,0,0,0,0,0,0,0,0,26,0
l11,3=0,0,0,0,0,38,33,0,79,27,36,0,89,86,84,85,30,89,0,20,38,21,42,33,68,11,0,0,0,0,0,0,0,0,0,0,36,11,67,4
l12,3=0,0,0,0,0,0,33,0,39,21,1,95,0,48,93,79,36,98,0,29,0,26,38,85,93,89,0,0,0,0,0,0,0,20,0,20,3,0,42,0
l13,3=0,0,30,0,0,37,17,40,89,77,56,94,47,0,21,72,33,34,28,28,37,18,39,32,27,32,0,0,0,0,0,0,0,0,0,0,0,0,37,0
l14,3=0,0,0,0,0,0,0,0,0,31,36,98,94,34,0,35,39,25,0,0,43,0,22,91,91,41,0,0,0,0,0,0,0,24,5,0,0,0,42,0
l15,3=0,0,0,0,0,0,32,45,81,52,20,99,89,86,39,0,79,78,0,13,44,20,0,34,74,0,0,0,0,0,0,0,0,0,0,0,0,0,41,8
l16,3=0,0,0,0,0,0,30,30,41,0,0,29,48,39,80,38,0,87,19,30,86,64,77,28,29,37,0,0,0,0,0,0,0,21,0,9,36,28,43,34
l17,3=0,0,0,0,0,0,0,0,75,4,0,95,94,81,26,73,91,0,0,0,75,20,37,54,84,0,0,0,0,0,0,0,0,21,0,39,60,1,62,28
l18,3=0,0,0,0,0,0,0,0,0,0,0,0,0,61,0,0,31,0,0,64,70,42,57,0,0,0,0,0,0,0,0,0,0,0,0,0,0,0,0,0
l19,3=0,0,0,0,0,0,0,0,0,0,0,3,57,53,0,0,52,0,43,0,91,73,94,0,0,0,0,0,0,62,0,51,0,0,0,35,70,0,83,55
l20,3=0,0,0,0,0,0,0,0,0,32,0,42,0,59,54,56,89,64,38,82,0,76,92,0,42,0,2,0,0,0,0,0,0,0,4,77,81,86,89,83
l21,3=0,0,0,0,0,0,0,0,81,28,0,76,78,49,0,21,89,53,42,84,95,0,93,0,0,0,0,0,0,0,0,0,0,51,0,39,75,83,85,76
l22,3=0,0,0,0,0,0,0,0,65,0,0,69,58,66,3,0,89,27,55,94,99,80,0,0,0,0,0,0,7,68,0,0,0,0,0,87,70,89,67,87
l23,3=0,0,0,0,0,0,0,0,10,0,2,44,85,41,87,36,32,32,0,0,0,0,0,0,89,86,0,0,0,0,0,11,0,0,0,0,0,0,0,0
l24,3=0,0,0,0,0,0,0,0,42,0,0,46,94,40,88,75,34,78,0,0,43,0,0,91,0,90,0,0,0,0,0,0,0,30,0,0,27,0,42,0
l25,3=0,0,0,0,0,0,0,0,24,0,0,4,88,34,81,0,29,0,0,0,0,0,0,87,86,0,17,0,0,2,0,30,47,65,41,0,0,0,0,0
l26,3=0,0,0,0,0,0,0,0,0,0,0,0,0,0,0,0,0,0,0,0,53,0,0,0,0,24,0,58,99,94,91,87,85,64,83,0,0,0,0,0
l27,3=0,0,0,0,0,0,0,0,0,0,0,0,0,0,0,0,0,0,0,0,0,0,0,0,0,0,87,0,95,88,99,81,88,0,2,0,0,0,0,0
l28,3=0,0,0,0,0,0,0,0,0,0,0,0,0,0,0,0,0,0,0,17,0,0,63,0,0,0,95,100,0,97,92,83,80,87,82,0,0,0,0,0
l29,3=0,0,0,0,0,0,0,0,0,0,0,0,0,0,0,0,0,0,0,53,0,0,62,0,0,0,95,100,99,0,89,73,77,62,69,0,0,0,0,0
l30,3=0,0,0,0,0,0,0,0,0,0,0,0,0,0,0,0,0,0,0,0,0,0,0,0,0,0,93,100,87,85,0,72,83,66,0,0,0,0,0,0
l31,3=0,0,0,0,0,0,0,0,0,0,0,0,0,0,0,0,0,0,0,51,0,0,0,48,0,61,94,67,91,80,50,0,96,94,96,0,0,0,0,0
l32,3=0,0,0,0,0,0,0,0,0,0,0,0,1,0,0,0,0,0,0,0,0,0,0,0,0,80,87,66,87,82,78,94,0,95,98,0,0,0,0,0
l33,3=0,0,0,0,0,0,0,0,0,0,0,0,33,0,21,0,62,9,0,0,0,16,0,0,80,89,65,0,92,65,44,89,91,0,93,0,0,0,0,0
l34,3=0,0,0,0,0,0,0,0,0,0,0,0,0,0,28,0,0,0,0,0,54,0,0,34,0,81,84,12,84,78,32,91,96,95,0,0,0,0,0,0
l35,3=0,0,0,0,0,0,0,0,0,0,0,0,20,0,0,0,3,11,0,9,74,0,81,0,0,0,0,0,0,0,0,0,0,0,0,0,83,86,87,84
l36,3=0,0,0,0,0,0,0,0,0,0,0,65,10,0,0,0,78,59,0,61,79,45,75,0,19,0,0,0,0,0,0,0,0,0,0,85,0,87,89,81
l37,3=0,0,0,0,0,0,0,0,0,0,0,0,0,0,0,0,81,0,0,2,83,57,84,0,0,0,0,0,0,0,0,0,0,0,0,83,85,0,82,77
l38,3=0,0,0,0,0,0,0,0,1,0,0,79,64,67,72,36,77,55,0,66,93,50,57,0,35,0,0,0,0,0,0,0,0,0,0,88,90,78,0,80
l39,3=0,0,0,0,0,0,0,0,0,0,0,0,0,0,0,0,77,2,0,46,88,42,89,0,0,0,0,0,0,0,0,0,0,0,0,87,84,88,88,0

l0,4=0,90,66,90,92,84,0,42,73,84,0,0,0,0,0,0,0,0,0,0,0,0,0,0,0,0,0,0,0,0,0,0,0,0,0,0,0,0,0,0
l1,4=92,0,83,88,91,89,89,74,76,83,84,0,0,6,0,0,0,0,0,0,0,0,0,13,0,0,0,0,0,0,0,0,0,0,0,0,0,0,0,0
l2,4=81,82,0,81,89,92,87,86,70,82,87,0,0,82,0,1,0,0,0,0,0,0,0,0,0,0,0,0,0,0,0,0,0,0,0,0,0,0,0,0
l3,4=96,95,86,0,89,89,79,0,72,0,0,0,0,0,0,0,0,0,0,0,0,0,0,0,0,0,0,0,0,0,0,0,0,0,0,0,0,0,0,0
l4,4=92,92,85,87,0,89,87,77,77,78,65,0,0,0,0,0,0,0,0,0,0,0,0,0,0,0,0,0,0,0,0,0,0,0,0,0,0,0,0,0
l5,4=86,84,87,80,84,0,85,86,79,86,85,0,0,71,0,75,0,0,0,0,0,0,0,0,0,0,0,0,0,0,0,0,0,0,0,0,0,0,0,0
l6,4=0,88,85,74,84,88,0,93,75,86,91,78,78,0,0,74,79,0,0,0,0,0,0,0,0,0,0,0,0,0,0,0,0,0,0,0,0,0,0,0
l7,4=62,78,84,0,78,89,87,0,82,92,93,75,0,81,0,84,1,0,0,0,0,0,0,0,0,0,0,0,0,0,0,0,0,0,0,0,0,0,0,0
l8,4=73,70,41,70,74,73,72,77,0,89,78,77,85,87,71,81,80,76,0,0,54,74,69,0,0,0,0,0,0,0,0,0,0,0,0,0,0,0,0,0
l9,4=77,75,73,0,76,78,80,92,84,0,93,75,0,87,0,28,0,75,0,0,79,0,72,0,0,0,0,0,0,0,0,0,0,0,0,0,0,0,0,0
l10,4=0,77,84,0,72,86,87,93,81,92,0,79,85,86,77,81,0,63,0,0,0,0,0,66,0,0,0,0,0,0,0,0,0,0,0,0,0,0,0,0
l11,4=0,0,0,0,0,0,80,70,78,79,80,0,87,84,83,94,81,78,0,0,0,78,65,84,78,56,0,0,0,0,0,0,0,0,0,0,70,52,81,0
l12,4=0,0,0,0,0,0,51,0,77,0,80,87,0,89,91,85,88,89,0,22,81,0,0,90,90,85,0,0,0,0,0,0,64,77,0,36,24,0,81,0
l13,4=0,0,70,0,0,10,0,47,79,80,79,79,87,0,78,82,81,78,0,55,84,71,70,82,0,70,0,0,0,0,0,0,0,0,0,0,0,0,74,0
l14,4=0,0,0,0,0,0,0,0,77,0,80,87,93,84,0,0,84,43,0,0,88,0,27,96,92,77,0,0,0,0,0,10,0,79,71,0,35,0,82,0
l15,4=0,0,0,0,0,58,75,74,78,69,79,93,87,85,0,0,80,77,0,6,85,74,70,82,84,3,0,0,0,0,0,0,0,0,0,0,68,21,78,0
l16,4=0,0,0,0,0,0,78,0,76,0,0,80,90,84,88,80,0,90,70,86,92,78,68,82,84,66,0,0,0,0,0,0,0,0,0,63,66,62,85,83
l17,4=0,0,0,0,0,0,0,0,78,79,53,90,93,88,53,81,94,0,0,0,87,75,65,82,89,14,0,0,0,0,0,0,0,0,0,63,72,0,81,84
l18,4=0,0,0,0,0,0,0,0,0,0,0,0,0,0,0,0,80,0,0,85,67,81,75,0,0,0,0,0,0,0,0,0,0,0,0,0,0,0,0,0
l19,4=0,0,0,0,0,0,0,0,0,0,0,0,41,55,0,0,78,0,80,0,93,95,94,0,0,0,18,0,0,0,0,0,0,0,0,58,74,63,79,83
l20,4=0,0,0,0,0,0,0,0,32,65,0,0,75,78,84,78,85,82,38,96,0,95,90,0,77,0,0,0,71,0,0,0,32,0,0,57,78,84,92,86
l21,4=0,0,0,0,0,0,0,0,79,0,0,78,0,77,0,74,92,72,80,96,94,0,89,0,27,0,0,0,0,0,0,0,0,67,0,59,76,79,91,94
l22,4=0,0,0,0,0,0,0,0,66,80,0,70,2,82,23,53,81,68,79,98,96,95,0,0,0,0,60,0,35,60,0,0,4,59,0,43,79,82,92,56
l23,4=0,0,0,0,0,0,0,0,0,0,0,77,93,85,92,84,81,51,0,0,0,0,0,0,92,90,0,0,0,0,0,0,0,82,85,0,0,0,0,0
l24,4=0,0,0,0,0,0,0,0,0,0,0,76,93,0,92,86,82,85,0,0,87,0,0,96,0,85,0,0,0,0,0,0,0,82,0,0,0,0,0,0
l25,4=0,0,0,0,0,0,0,0,0,0,0,33,93,76,92,8,83,32,0,0,0,0,0,99,94,0,0,0,0,60,0,69,88,94,85,0,0,0,0,0
l26,4=0,0,0,0,0,0,0,0,0,0,0,0,0,0,0,0,0,0,0,78,0,0,81,0,0,0,0,87,100,100,100,100,97,90,99,0,0,0,0,0
l27,4=0,0,0,0,0,0,0,0,0,0,0,0,0,0,0,0,0,0,0,0,0,0,0,0,0,0,100,0,100,100,100,96,91,0,80,0,0,0,0,0
l28,4=0,0,0,0,0,0,0,0,0,0,0,0,0,0,0,0,0,0,0,0,92,0,69,0,0,0,100,100,0,100,100,97,94,98,99,0,0,0,0,0
l29,4=0,0,0,0,0,0,0,0,0,0,0,0,0,0,0,0,0,0,0,81,0,0,76,0,0,82,100,100,100,0,100,92,89,92,94,0,0,0,0,0
l30,4=0,0,0,0,0,0,0,0,0,0,0,0,0,0,0,0,0,0,0,0,0,0,0,0,0,0,100,100,99,99,0,97,96,94,0,0,0,0,0,0
l31,4=0,0,0,0,0,0,0,0,0,0,0,0,0,0,0,0,0,0,0,0,0,0,0,0,0,86,100,85,93,92,93,0,99,99,100,0,0,0,0,0
l32,4=0,0,0,0,0,0,0,0,0,0,0,0,88,0,0,0,0,0,0,0,84,0,1,0,0,94,97,84,98,97,99,100,0,99,100,0,0,0,0,0
l33,4=0,0,0,0,0,0,0,0,0,0,0,0,81,0,79,0,0,0,0,0,0,29,59,88,90,94,79,0,89,87,82,100,99,0,100,0,0,0,0,0
l34,4=0,0,0,0,0,0,0,0,0,0,0,0,0,0,86,0,0,0,0,0,20,0,0,96,13,94,97,64,98,97,0,100,99,100,0,0,0,0,0,0
l35,4=0,0,0,0,0,0,0,0,0,0,0,0,42,0,0,0,71,46,0,69,70,54,36,0,0,0,0,0,0,0,0,0,0,0,0,0,77,84,83,85
l36,4=0,0,0,0,0,0,0,0,0,0,0,55,46,9,15,53,55,70,0,67,83,67,65,0,0,0,0,0,0,0,0,0,0,0,0,66,0,83,83,86
l37,4=0,0,0,0,0,0,0,0,0,0,0,0,0,0,0,2,39,0,0,33,83,71,70,0,0,0,0,0,0,0,0,0,0,0,0,71,80,0,86,87
l38,4=0,0,0,0,0,0,0,0,0,0,0,74,80,56,80,75,82,61,0,82,93,75,77,0,0,0,0,0,0,0,0,0,0,0,0,71,79,80,0,94
l39,4=0,0,0,0,0,0,0,0,0,0,0,0,0,0,0,0,69,63,0,83,80,81,25,0,0,0,0,0,0,0,0,0,0,0,0,66,77,81,85,0

l0,5=0,93,75,61,69,72,77,0,0,83,77,0,0,0,0,0,0,0,0,0,0,0,0,0,0,0,0,0,0,0,0,0,0,0,0,0,0,0,0,0
l1,5=90,0,88,56,92,90,85,52,0,82,79,0,4,6,0,0,0,0,0,0,0,0,0,12,0,0,0,0,0,0,0,0,0,0,0,0,0,0,0,0
l2,5=76,81,0,55,82,81,79,44,0,83,79,0,0,8,0,0,0,0,0,0,0,0,0,0,0,0,0,0,0,0,0,0,0,0,0,0,0,0,0,0
l3,5=75,78,75,0,92,81,77,0,24,75,0,0,0,0,0,0,0,0,0,0,0,0,0,0,0,0,0,0,0,0,0,0,0,0,0,0,0,0,0,0
l4,5=67,90,84,72,0,88,81,72,79,0,75,0,0,51,0,0,0,0,0,0,0,0,0,0,0,0,0,0,0,0,0,0,0,0,0,0,0,0,0,0
l5,5=66,92,82,56,90,0,75,76,77,83,79,46,0,78,0,0,0,0,0,0,0,0,0,0,0,0,0,0,0,0,0,0,0,0,0,0,0,0,0,0
l6,5=44,78,76,50,73,40,0,72,74,79,75,46,0,0,0,0,41,0,0,2,0,0,0,0,0,0,0,0,0,0,0,0,0,0,0,0,0,0,0,0
l7,5=0,29,64,46,71,74,77,0,80,78,85,76,0,52,0,75,0,0,0,0,0,0,0,0,0,0,0,0,0,0,0,0,0,0,0,0,0,0,0,0
l8,5=0,0,0,9,78,18,24,63,0,83,79,58,0,88,36,55,44,40,0,0,5,50,48,50,70,0,0,0,0,0,0,0,0,0,0,0,3,0,0,0
l9,5=45,36,75,45,0,74,76,67,82,0,80,80,0,84,7,53,35,42,0,0,36,0,59,0,64,0,0,0,0,0,0,0,0,0,0,0,0,0,32,0
l10,5=61,74,77,0,61,74,76,78,80,86,0,76,0,75,60,70,0,34,0,0,0,0,0,0,0,0,0,0,0,0,0,0,0,0,0,0,0,0,0,0
l11,5=0,0,0,0,0,16,20,40,82,82,33,0,53,84,79,88,45,44,0,0,32,42,32,47,56,40,0,0,0,0,0,0,0,0,0,0,33,26,40,0
l12,5=0,0,0,0,0,0,0,0,0,0,0,53,0,75,80,53,47,79,0,0,33,0,0,68,82,77,0,0,0,0,0,0,45,8,0,41,29,0,35,0
l13,5=0,0,0,0,25,21,0,0,84,82,30,78,58,0,72,80,44,44,0,7,39,0,53,60,59,53,0,0,0,0,0,0,0,0,0,23,5,0,0,0
l14,5=0,0,0,0,0,0,0,0,44,28,23,34,80,73,0,49,46,40,0,0,44,0,36,77,86,77,0,0,0,0,0,20,0,60,42,0,23,0,38,0
l15,5=0,0,0,0,0,0,0,50,72,65,26,88,55,90,62,0,38,39,0,0,2,47,48,65,80,49,0,0,0,0,0,0,0,0,0,0,32,0,37,40
l16,5=0,0,0,0,0,0,15,0,48,31,0,28,50,57,64,32,0,47,0,16,47,57,51,0,63,39,0,0,0,0,0,9,0,19,24,49,31,25,43,39
l17,5=0,0,0,0,0,0,0,0,67,63,17,34,80,87,79,50,50,0,0,5,55,41,24,0,83,58,0,0,0,0,0,0,0,0,0,40,34,10,0,26
l18,5=0,0,0,0,0,0,0,0,0,0,0,0,0,0,0,0,0,0,0,0,0,66,48,0,0,0,0,0,0,0,0,0,0,0,0,0,0,0,0,0
l19,5=0,0,0,0,0,0,0,0,0,0,0,0,0,21,0,0,31,0,0,0,77,69,70,0,0,0,35,0,0,4,0,0,0,0,0,0,44,0,0,49
l20,5=0,0,0,0,0,0,0,0,7,20,0,14,27,34,38,0,43,30,0,77,0,67,70,0,26,0,0,0,16,0,0,0,18,0,0,52,63,48,68,48
l21,5=0,0,0,0,0,0,0,0,53,7,0,12,0,0,0,26,40,11,30,75,76,0,59,0,28,0,0,0,0,0,0,0,0,0,0,60,63,42,52,62
l22,5=0,0,0,0,0,0,0,0,48,43,0,8,2,53,13,24,38,2,10,83,78,71,0,0,0,0,40,0,0,0,0,0,0,0,0,44,57,35,68,52
l23,5=0,0,0,0,0,0,0,0,62,0,0,64,75,72,73,69,0,0,0,0,0,0,0,0,89,80,0,0,0,0,0,0,1,66,66,0,0,0,0,0
l24,5=0,0,0,0,0,0,0,0,65,54,0,27,78,64,81,79,61,71,0,0,33,36,0,80,0,71,0,0,0,0,0,0,0,63,28,0,13,0,0,0
l25,5=0,0,0,0,0,0,0,0,0,0,0,23,76,63,79,43,35,30,0,0,0,0,0,79,83,0,0,0,0,19,0,0,75,73,63,0,0,0,0,0
l26,5=0,0,0,0,0,0,0,0,0,0,0,0,0,0,0,0,0,0,0,41,0,0,33,0,0,0,0,65,88,92,83,84,81,54,69,0,0,0,0,0
l27,5=0,0,0,0,0,0,0,0,0,0,0,0,0,0,0,0,0,0,0,0,0,0,0,0,0,0,72,0,86,82,93,73,62,0,0,0,0,0,0,0
l28,5=0,0,0,0,0,0,0,0,0,0,0,0,0,0,0,0,0,0,0,0,48,0,4,0,0,0,86,89,0,92,90,67,71,62,65,0,0,0,0,0
l29,5=0,0,0,0,0,0,0,0,0,0,0,0,0,0,0,0,0,0,0,44,0,0,0,0,0,34,86,87,88,0,88,54,63,57,59,0,0,0,0,0
l30,5=0,0,0,0,0,0,0,0,0,0,0,0,0,0,0,0,0,0,0,0,0,0,0,0,0,0,82,89,88,87,0,66,0,67,0,0,0,0,0,0
l31,5=0,0,0,0,0,0,0,0,0,0,0,0,0,0,6,0,11,0,0,0,0,0,0,0,0,0,77,69,65,57,67,0,84,70,75,0,0,0,0,0
l32,5=0,0,0,0,0,0,0,0,0,0,0,0,51,0,0,0,0,0,0,0,46,0,0,29,0,65,74,70,69,73,6,88,0,74,88,0,0,0,0,0
l33,5=0,0,0,0,0,0,0,0,0,0,0,0,33,0,54,0,20,0,0,0,0,0,0,60,69,65,69,0,65,55,67,68,74,0,72,0,0,0,0,0
l34,5=0,0,0,0,0,0,0,0,0,0,0,0,11,0,39,0,25,0,0,0,17,0,10,63,45,61,70,0,67,73,0,83,87,81,0,0,0,0,0,0
l35,5=0,0,0,0,0,0,0,0,0,0,0,0,20,16,0,0,28,7,0,0,29,43,21,0,0,0,0,0,0,0,0,0,0,0,0,0,31,11,35,45
l36,5=0,0,0,0,0,0,0,0,9,0,0,18,29,9,0,24,31,20,0,15,44,55,53,0,2,0,0,0,0,0,0,0,0,0,0,64,0,36,47,63
l37,5=0,0,0,0,0,0,0,0,0,0,0,11,0,0,0,0,20,0,0,0,37,51,40,0,0,0,0,0,0,0,0,0,0,0,0,16,59,0,59,52
l38,5=0,0,0,0,0,0,0,0,0,28,0,23,32,0,41,31,45,0,0,1,55,49,55,0,0,0,0,0,0,0,0,0,0,0,0,62,67,38,0,64
l39,5=0,0,0,0,0,0,0,0,0,0,0,0,0,0,0,10,25,0,0,11,39,63,34,0,0,0,0,0,0,0,0,0,0,0,0,58,67,21,65,0

l0,6=0,94,80,84,93,77,68,3,0,61,63,0,0,0,0,0,0,0,0,0,0,0,0,0,0,0,0,0,0,0,0,0,0,0,0,0,0,0,0,0
l1,6=91,0,81,92,95,81,73,48,0,73,62,0,0,0,0,0,0,0,0,0,0,0,0,42,0,0,0,0,0,0,0,0,0,0,0,0,0,0,0,0
l2,6=75,88,0,74,90,81,70,66,60,80,65,0,0,39,0,0,0,0,0,0,0,0,0,0,0,0,0,0,0,0,0,0,0,0,0,0,0,0,0,0
l3,6=69,87,68,0,95,79,69,0,0,60,0,0,0,0,0,0,0,0,0,0,0,0,0,0,0,0,0,0,0,0,0,0,0,0,0,0,0,0,0,0
l4,6=89,92,82,92,0,84,71,58,59,0,53,0,0,6,0,0,0,0,0,0,0,0,0,33,0,0,0,0,0,0,0,0,0,0,0,0,0,0,0,0
l5,6=83,84,80,87,84,0,60,84,73,78,67,0,0,49,0,0,0,0,0,0,0,0,0,0,0,0,0,0,0,0,0,0,0,0,0,0,0,0,0,0
l6,6=60,79,64,71,61,51,0,79,64,73,67,51,0,13,0,0,59,0,0,0,0,0,4,0,0,0,0,0,0,0,0,0,0,0,0,0,0,0,0,0
l7,6=34,42,55,33,49,74,68,0,71,78,68,43,0,0,0,59,0,0,0,0,0,0,0,0,0,0,0,0,0,0,0,0,0,0,0,0,0,0,0,0
l8,6=0,0,28,0,55,46,45,69,0,79,67,60,46,79,27,56,61,58,0,0,35,27,33,25,33,3,0,0,0,0,0,0,0,0,0,0,1,0,0,0
l9,6=32,48,59,46,0,66,59,75,74,0,72,49,29,73,43,59,26,17,0,0,3,0,18,0,0,0,0,0,0,0,0,0,0,0,0,0,0,0,10,0
l10,6=39,49,62,0,54,58,68,86,74,85,0,51,0,59,0,58,27,0,0,0,0,0,0,0,0,0,0,0,0,0,0,0,0,0,0,0,0,0,0,0
l11,6=0,0,0,0,0,0,25,28,57,43,30,0,32,52,52,78,32,27,0,0,31,0,0,9,31,13,0,0,0,0,0,0,0,0,0,0,24,35,48,0
l12,6=0,0,0,0,0,0,0,0,43,37,0,53,0,51,65,57,39,40,0,0,34,0,7,45,74,69,0,0,0,0,0,0,0,45,3,0,22,0,45,0
l13,6=0,0,0,0,0,10,0,0,71,71,29,29,26,0,52,64,29,27,0,28,7,0,21,0,35,0,0,0,0,0,0,0,0,0,0,16,29,0,22,0
l14,6=0,0,0,0,0,0,0,0,30,38,0,27,57,48,0,48,27,28,0,0,42,0,22,55,60,53,0,0,0,0,0,0,0,48,0,0,19,0,40,0
l15,6=0,0,0,0,0,0,0,34,40,60,30,67,55,61,51,0,34,33,0,0,18,26,17,44,37,0,0,0,0,0,0,0,0,0,0,2,18,0,50,0
l16,6=0,0,0,0,0,0,13,0,33,30,16,26,32,34,34,44,0,37,36,31,19,23,26,25,33,12,0,0,0,0,0,0,0,26,0,11,24,23,53,33
l17,6=0,0,0,0,0,0,0,0,45,38,0,31,34,55,56,58,39,0,0,0,50,17,16,0,37,26,0,0,0,0,0,0,0,33,0,0,31,20,50,0
l18,6=0,0,0,0,0,0,0,0,0,0,0,0,0,1,0,0,48,0,0,38,5,46,0,0,0,0,0,0,0,0,0,0,0,0,0,0,0,0,0,0
l19,6=0,0,0,0,0,0,0,0,0,0,0,0,0,34,0,0,28,0,35,0,60,49,58,0,0,0,26,0,0,0,2,27,0,0,0,18,29,0,31,33
l20,6=0,0,0,0,0,0,0,0,31,4,0,1,16,6,38,0,6,26,0,64,0,64,58,0,0,0,3,0,0,0,0,0,0,13,0,0,29,33,59,37
l21,6=0,0,0,0,0,0,0,0,32,2,0,0,13,0,0,40,32,19,37,57,60,0,59,0,0,0,0,0,0,0,0,0,0,0,0,26,29,34,45,41
l22,6=0,0,0,0,0,0,0,0,38,28,0,0,9,38,36,34,32,9,0,65,61,64,0,0,0,0,32,0,1,0,0,0,0,0,0,21,53,25,54,42
l23,6=0,1,0,0,23,0,0,0,24,0,0,0,58,0,59,55,42,0,0,0,0,0,0,0,76,70,0,0,0,0,0,30,39,47,54,0,0,0,0,0
l24,6=0,0,0,0,0,0,0,0,47,0,0,45,70,53,58,57,58,53,0,0,14,0,0,62,0,58,0,0,0,0,0,0,0,46,23,0,0,0,1,0
l25,6=0,0,0,0,0,0,0,0,18,0,0,11,65,0,58,0,28,19,0,0,0,0,0,64,67,0,0,0,0,0,0,0,40,52,0,0,0,0,0,0
l26,6=0,0,0,0,0,0,0,0,0,0,0,0,0,0,0,0,0,0,0,19,23,0,27,0,0,0,0,44,88,73,42,59,60,36,42,0,0,0,0,0
l27,6=0,0,0,0,0,0,0,0,0,0,0,0,0,0,0,0,0,0,0,0,0,0,0,0,0,0,60,0,84,73,77,43,45,0,0,0,0,0,0,0
l28,6=0,0,0,0,0,0,0,0,0,0,0,0,0,0,0,0,0,0,0,1,18,0,21,0,0,0,72,76,0,81,71,56,52,62,45,0,0,0,0,0
l29,6=0,0,0,0,0,0,0,0,0,0,0,0,0,0,0,0,0,0,0,0,0,0,0,0,0,0,68,76,88,0,28,33,53,48,40,0,0,0,0,0
l30,6=0,0,0,0,0,0,0,0,0,0,0,0,0,0,0,0,0,0,0,0,0,0,0,0,0,0,63,82,84,24,0,38,0,0,42,0,0,0,0,0
l31,6=0,0,0,0,0,0,0,0,0,0,0,0,0,0,0,0,0,0,0,26,10,0,0,32,0,0,68,34,52,34,33,0,78,64,78,0,0,0,0,0
l32,6=0,0,0,0,0,0,0,0,0,0,0,0,0,0,0,0,0,0,0,0,0,0,0,33,0,27,60,32,61,49,0,70,0,72,85,0,0,0,0,0
l33,6=0,0,0,0,0,0,0,0,0,0,0,0,46,0,47,0,41,29,0,0,33,0,0,54,52,61,46,0,59,47,24,62,74,0,76,0,0,0,0,0
l34,6=0,0,0,0,0,0,0,0,0,0,0,0,27,0,25,0,21,0,0,3,0,0,0,47,37,0,47,0,62,43,34,65,79,74,0,0,0,0,0,0
l35,6=0,0,0,0,0,0,0,0,0,0,0,0,0,24,0,0,30,0,0,10,11,28,22,0,0,0,0,0,0,0,0,0,0,0,0,0,32,54,52,42
l36,6=0,0,0,0,0,0,0,0,0,0,0,5,5,23,3,6,29,13,0,33,48,27,31,0,0,0,0,0,0,0,0,0,0,0,0,29,0,59,61,52
l37,6=0,0,0,0,0,0,0,0,0,0,0,2,0,0,0,0,3,0,0,3,38,25,9,0,0,0,0,0,0,0,0,0,0,0,0,49,62,0,50,26
l38,6=0,0,0,0,0,0,0,0,0,2,0,18,15,12,26,40,34,20,0,4,50,31,32,0,0,0,0,0,0,0,0,0,0,0,0,31,58,43,0,45
l39,6=0,0,0,0,0,0,0,0,0,0,0,0,0,0,0,0,29,0,0,24,44,28,31,0,0,0,0,0,0,0,0,0,0,0,0,31,61,34,55,0

l0,7=0,100,96,96,100,98,97,83,76,68,83,0,0,0,0,0,0,0,0,0,0,0,0,0,0,0,0,0,0,0,0,0,0,0,0,0,0,0,0,0
l1,7=99,0,96,96,97,94,91,82,27,60,60,0,0,52,0,0,0,0,0,0,0,0,0,0,0,0,0,0,0,0,0,0,0,0,0,0,0,0,0,0
l2,7=91,95,0,96,96,80,91,38,48,83,49,0,0,0,0,0,0,0,0,0,0,0,0,0,0,0,0,0,0,0,0,0,0,0,0,0,0,0,0,0
l3,7=92,95,96,0,100,92,91,47,0,55,74,0,0,0,0,0,0,0,0,0,0,0,0,0,0,0,0,0,0,0,0,0,0,0,0,0,0,0,0,0
l4,7=98,100,98,99,0,98,97,79,82,0,70,0,0,68,0,0,0,0,0,0,0,0,0,0,0,0,0,0,0,0,0,0,0,0,0,0,0,0,0,0
l5,7=94,95,76,94,96,0,23,91,86,91,83,0,0,54,0,0,0,0,0,0,0,0,0,0,0,0,0,0,0,0,0,0,0,0,0,0,0,0,0,0
l6,7=83,88,89,83,88,15,0,87,0,85,82,32,0,53,0,0,42,0,0,0,0,0,0,0,0,0,0,0,0,0,0,0,0,0,0,0,0,0,0,0
l7,7=40,72,43,61,70,93,90,0,72,92,83,18,13,55,0,62,0,1,0,0,0,0,0,0,0,0,0,0,0,0,0,0,0,0,0,0,0,0,0,0
l8,7=27,7,50,0,75,77,0,50,0,92,83,77,26,83,45,73,46,27,0,8,14,0,16,0,0,0,0,0,0,0,0,0,0,0,0,0,0,0,0,0
l9,7=26,45,71,51,0,84,90,91,92,0,83,59,23,79,15,75,12,11,0,0,35,3,10,1,36,0,0,0,0,0,0,0,0,0,0,0,0,0,38,0
l10,7=56,61,73,68,69,78,74,91,92,92,0,73,0,21,0,65,53,3,0,0,0,0,0,0,0,0,0,0,0,0,0,0,0,0,0,0,0,0,0,0
l11,7=0,0,0,0,0,0,37,6,40,32,31,0,49,31,46,85,45,19,0,0,40,13,10,3,35,35,0,0,0,0,0,0,0,0,0,0,12,0,55,30
l12,7=0,0,0,0,0,0,0,0,21,22,0,72,0,22,69,75,51,26,0,0,41,0,0,22,88,77,0,0,0,0,0,0,0,46,14,0,5,0,47,0
l13,7=0,41,0,0,47,33,44,25,88,46,15,40,18,0,54,74,38,24,0,0,36,0,8,16,62,31,0,0,0,0,0,0,0,0,0,27,23,0,48,0
l14,7=0,0,0,0,0,0,0,0,22,18,0,33,57,24,0,40,41,42,0,0,41,32,12,55,44,55,0,0,0,0,0,0,0,49,0,0,0,0,48,0
l15,7=0,0,0,0,0,0,0,26,37,34,34,83,65,46,42,0,37,20,0,13,43,39,10,13,33,37,0,0,0,0,0,0,0,0,0,0,25,38,52,0
l16,7=0,0,0,0,0,0,22,0,21,13,27,34,27,21,47,37,0,21,14,0,47,35,15,11,40,32,0,0,0,0,0,3,13,14,0,47,33,40,57,0
l17,7=0,0,0,0,0,0,0,0,31,19,0,35,27,26,54,46,45,0,0,2,48,31,0,8,48,0,0,0,0,0,0,0,0,44,0,0,28,0,55,23
l18,7=0,0,0,0,0,0,0,0,0,0,0,0,0,0,0,0,47,0,0,42,48,19,0,0,0,0,0,0,0,0,0,0,0,0,0,0,0,0,0,0
l19,7=0,0,0,0,0,0,0,0,5,0,0,0,1,0,0,1,0,0,27,0,66,40,66,0,0,0,5,0,3,0,0,35,0,0,0,9,4,0,38,2
l20,7=0,0,0,0,0,0,0,0,0,15,0,21,10,15,25,32,41,17,13,62,0,64,66,0,1,0,0,0,5,9,0,0,0,0,0,44,39,34,65,46
l21,7=0,0,0,0,0,0,0,0,7,14,0,11,14,0,34,38,41,17,10,47,70,0,66,0,6,0,0,0,0,0,0,0,0,0,0,47,33,0,53,53
l22,7=0,0,0,0,0,0,0,0,16,18,0,21,0,16,32,35,43,1,0,66,72,67,0,0,0,0,4,0,13,0,0,0,0,0,0,43,48,0,54,53
l23,7=0,0,0,0,0,0,0,0,0,3,0,0,60,26,72,46,47,4,0,0,0,0,0,0,88,85,0,0,0,0,0,0,12,37,55,0,0,0,0,0
l24,7=0,0,0,0,0,0,0,0,0,22,0,34,85,29,56,40,49,42,0,0,11,0,0,82,0,76,0,0,0,0,0,0,0,51,41,0,1,0,0,0
l25,7=0,0,0,0,4,0,0,0,1,9,0,32,78,41,70,37,37,0,0,0,0,0,0,79,84,0,0,0,0,21,0,3,40,54,0,0,0,0,34,0
l26,7=0,0,0,0,0,0,0,0,0,0,0,0,0,0,0,0,0,0,0,22,11,0,7,0,0,0,0,61,74,83,49,64,73,59,53,0,0,0,0,0
l27,7=0,0,0,0,0,0,0,0,0,0,0,0,0,0,0,0,0,0,0,0,0,0,0,0,0,0,72,0,70,83,77,23,61,0,5,0,0,0,0,0
l28,7=0,0,0,0,0,0,0,0,0,0,0,0,0,0,0,0,0,0,0,34,40,0,40,0,0,0,76,83,0,85,72,57,43,61,42,0,0,0,0,0
l29,7=0,0,0,0,0,0,0,0,0,0,0,0,0,0,0,0,0,0,0,0,40,0,0,0,0,21,68,83,74,0,73,48,49,57,35,0,0,0,0,0
l30,7=0,0,0,0,0,0,0,0,0,0,0,0,0,0,0,0,0,0,0,0,0,0,0,0,0,0,64,90,70,83,0,49,50,23,48,0,0,0,0,0
l31,7=0,0,0,0,0,0,0,0,0,0,0,0,0,0,0,0,38,0,0,44,0,0,0,0,0,0,70,3,60,52,43,0,78,86,83,0,0,0,0,0
l32,7=0,0,0,0,0,0,0,0,0,0,0,0,0,0,0,0,36,0,0,0,0,0,0,12,0,55,71,28,41,66,43,67,0,86,87,0,0,0,0,0
l33,7=0,0,0,0,0,0,0,0,0,0,0,0,48,0,52,0,33,50,0,0,20,0,0,44,55,46,57,0,65,54,41,62,74,0,74,0,0,0,0,0
l34,7=0,0,0,0,0,0,0,0,0,0,0,0,34,0,0,0,0,0,0,0,0,0,0,69,51,0,63,25,53,48,45,64,82,74,0,0,0,0,0,0
l35,7=0,0,0,0,0,0,0,0,0,0,0,0,0,2,0,0,35,0,0,0,52,37,9,0,0,0,0,0,0,0,0,0,0,0,0,0,47,58,57,59
l36,7=0,0,0,0,0,0,0,0,0,0,0,0,5,9,0,13,40,12,0,0,54,39,43,0,0,0,0,0,0,0,0,0,0,0,0,54,0,54,60,63
l37,7=0,0,0,0,0,0,0,0,0,0,0,0,0,0,0,20,29,0,0,0,36,0,0,0,0,0,0,0,0,0,0,0,0,0,0,58,44,0,43,51
l38,7=0,0,0,0,0,0,0,0,0,17,0,32,14,18,33,49,39,17,0,10,56,39,16,0,0,2,0,0,0,0,0,0,0,0,0,54,52,34,0,58
l39,7=0,0,0,0,0,0,0,0,0,0,0,0,0,0,0,0,0,0,0,14,49,40,23,0,0,0,0,0,0,0,0,0,0,0,0,53,47,47,56,0

l0,8=0,99,99,95,98,100,98,93,7,95,91,0,0,86,0,0,0,0,0,0,0,0,0,0,0,0,0,0,0,0,0,0,0,0,0,0,0,0,0,0
l1,8=100,0,99,100,98,100,98,99,72,100,0,0,0,67,0,0,0,0,0,0,0,0,0,38,0,0,0,0,0,0,0,0,0,0,0,0,0,0,0,0
l2,8=100,99,0,95,95,100,94,96,0,87,91,0,0,3,0,0,0,0,0,0,0,0,0,0,0,0,0,0,0,0,0,0,0,0,0,0,0,0,0,0
l3,8=75,95,92,0,98,100,98,96,0,82,8,0,0,0,0,0,0,0,0,0,0,0,0,0,14,0,0,0,0,0,0,0,0,0,0,0,0,0,0,0
l4,8=99,99,98,100,0,100,98,98,99,45,79,0,0,92,6,0,0,0,0,0,0,0,0,0,74,0,0,0,0,0,0,0,0,0,0,0,0,0,0,0
l5,8=100,99,98,100,98,0,98,99,99,98,98,76,0,89,0,0,0,0,0,0,0,0,0,0,0,0,0,0,0,0,0,0,0,0,0,0,0,0,0,0
l6,8=92,89,90,88,95,82,0,93,86,95,84,0,0,37,0,1,74,0,0,0,0,0,0,0,0,0,0,0,0,0,0,0,0,0,0,0,0,0,0,0
l7,8=89,91,92,94,90,95,92,0,96,100,98,70,0,90,0,0,4,42,0,0,0,0,0,0,0,0,0,0,0,0,0,0,0,0,0,0,0,0,0,0
l8,8=0,15,0,0,81,94,65,92,0,100,90,94,0,95,82,93,0,57,0,48,0,0,58,0,0,37,0,0,0,0,0,0,0,0,0,0,0,0,0,0
l9,8=87,80,0,82,11,49,92,93,96,0,98,95,84,94,42,94,84,42,0,0,0,62,9,46,43,0,0,0,0,0,0,0,0,0,0,0,0,0,73,0
l10,8=89,0,90,75,51,95,92,93,96,100,0,91,0,87,0,92,0,0,0,0,0,0,0,0,0,0,0,0,0,0,0,0,0,0,0,0,0,0,0,0
l11,8=0,0,0,0,0,17,0,48,94,93,84,0,100,49,81,100,95,55,0,1,18,59,31,54,51,82,0,0,0,0,0,0,0,0,0,22,32,0,61,0
l12,8=0,0,0,0,0,0,0,0,0,50,0,98,0,0,86,99,100,53,0,0,57,0,0,59,96,95,0,0,0,0,0,0,0,16,6,17,26,0,45,0
l13,8=37,4,0,1,43,28,2,91,100,97,87,64,0,0,81,93,54,39,0,0,56,57,0,54,51,69,0,0,0,0,0,0,0,0,0,12,24,0,66,0
l14,8=0,0,0,0,1,0,0,0,66,36,0,79,100,74,0,92,88,58,0,0,62,73,37,65,81,71,0,0,0,0,0,0,0,0,0,0,29,0,0,0
l15,8=0,0,0,0,0,0,0,0,94,93,90,98,99,89,82,0,91,59,0,0,83,77,46,54,41,68,0,0,0,0,0,0,0,0,0,0,31,0,81,0
l16,8=0,0,0,0,0,0,16,0,0,36,0,94,98,28,77,74,0,43,15,43,90,65,55,42,57,44,0,0,0,0,0,39,6,7,22,23,34,30,53,56
l17,8=0,0,0,0,0,0,0,30,85,47,0,96,97,38,84,99,97,0,0,33,85,12,25,15,54,0,0,0,0,0,0,0,0,22,0,5,11,0,68,31
l18,8=0,0,0,0,0,0,0,0,0,0,0,0,0,0,0,0,77,0,0,75,76,71,0,0,0,0,0,0,0,0,0,0,0,0,0,0,0,0,0,0
l19,8=0,0,0,0,0,0,0,0,30,0,0,0,0,0,0,0,73,49,32,0,93,81,87,0,0,0,0,0,0,0,0,50,0,0,0,58,43,0,50,62
l20,8=0,0,0,0,0,0,0,0,0,0,0,0,63,29,44,60,73,30,24,91,0,94,89,0,10,0,0,0,0,0,0,0,0,0,0,44,64,34,78,62
l21,8=0,0,0,0,0,0,0,0,0,42,0,54,32,42,45,60,65,6,22,49,93,0,87,0,0,0,0,0,0,0,0,12,0,5,8,46,35,34,75,66
l22,8=0,0,0,0,0,0,0,0,48,30,0,51,0,0,43,57,72,30,0,86,94,90,0,0,0,0,17,0,28,39,0,0,0,0,0,76,68,31,67,62
l23,8=0,0,0,0,0,0,0,0,0,71,0,83,95,83,95,87,89,39,0,0,0,0,0,0,96,95,0,0,0,0,0,0,73,42,54,0,0,0,0,0
l24,8=0,0,0,46,25,0,0,0,0,72,0,82,100,82,92,84,96,51,0,0,56,0,0,96,0,94,0,0,0,0,0,7,0,34,43,0,16,0,0,0
l25,8=0,0,0,0,0,0,0,0,43,0,0,74,100,71,84,80,78,0,0,0,0,0,0,96,93,0,0,0,0,45,0,9,76,51,52,0,0,0,26,0
l26,8=0,0,0,0,0,0,0,0,0,0,0,0,0,0,0,0,0,0,0,0,6,0,35,0,0,0,0,89,89,93,88,92,87,83,83,0,0,0,0,0
l27,8=0,0,0,0,0,0,0,0,0,0,0,0,0,0,0,0,0,0,0,0,0,0,0,0,0,0,82,0,89,93,94,0,79,0,83,0,0,0,0,0
l28,8=0,0,0,0,0,0,0,0,0,0,0,0,0,0,0,0,0,0,0,6,55,0,51,0,0,0,93,92,0,93,94,92,64,75,74,0,0,0,0,0
l29,8=0,0,0,0,0,0,0,0,0,0,0,0,0,0,0,0,0,0,0,0,22,0,59,0,0,70,93,92,89,0,94,90,67,74,78,0,0,0,0,0
l30,8=0,0,0,0,0,0,0,0,0,0,0,0,0,0,0,0,0,0,0,0,0,0,0,0,0,0,82,92,89,93,0,80,83,73,0,0,0,0,0,0
l31,8=0,0,0,0,0,0,0,0,0,0,0,0,0,0,0,0,74,0,0,58,0,2,0,0,39,0,93,0,85,84,74,0,85,88,88,0,0,0,0,0
l32,8=0,0,0,0,0,0,0,0,0,0,0,0,0,0,0,0,22,0,0,0,0,0,0,77,0,69,91,66,57,69,82,93,0,92,94,0,0,0,0,0
l33,8=0,0,0,0,0,0,0,0,0,0,0,0,77,0,0,0,45,66,0,0,48,18,0,70,75,68,82,0,81,73,74,93,87,0,86,0,0,0,0,0
l34,8=0,0,0,0,0,0,0,0,0,0,0,0,77,0,0,0,78,0,0,0,69,53,0,77,78,74,81,63,76,78,0,91,90,84,0,0,0,0,0,0
l35,8=0,0,0,0,0,0,0,0,0,0,0,3,48,3,0,0,29,0,0,33,45,54,38,0,0,0,0,0,0,0,0,0,0,0,0,0,71,75,57,66
l36,8=0,0,0,0,0,0,0,0,0,0,0,45,54,16,22,27,57,0,0,2,63,47,43,0,0,0,0,0,0,0,0,0,0,0,0,61,0,37,70,67
l37,8=0,0,0,0,0,0,0,0,0,0,0,0,0,0,0,0,52,0,0,0,48,42,21,0,0,0,0,0,0,0,0,0,0,0,0,76,37,0,49,53
l38,8=0,0,0,0,0,0,0,0,0,39,0,50,59,42,0,69,59,34,0,37,80,73,42,0,0,0,0,0,0,0,0,0,0,0,0,53,44,34,0,62
l39,8=0,0,0,0,0,0,0,0,0,0,0,0,0,0,0,0,61,9,0,38,67,69,44,0,0,0,0,0,0,0,0,0,0,0,0,80,67,34,58,0

l0,9=0,99,100,99,100,100,100,99,96,100,100,0,0,5,0,0,0,0,0,0,0,0,0,0,0,0,0,0,0,0,0,0,0,0,0,0,0,0,0,0
l1,9=100,0,100,99,100,100,100,100,99,100,100,0,0,0,0,0,0,0,0,0,0,0,0,9,0,0,0,0,0,0,0,0,0,0,0,0,0,0,0,0
l2,9=99,99,0,99,100,100,100,100,36,90,61,0,73,0,0,3,0,0,0,0,0,0,0,0,0,0,0,0,0,0,0,0,0,0,0,0,0,0,0,0
l3,9=99,99,100,0,100,100,100,100,0,0,0,0,0,0,0,0,0,0,0,0,0,0,0,0,0,0,0,0,0,0,0,0,0,0,0,0,0,0,0,0
l4,9=99,99,99,100,0,99,98,95,100,91,98,0,0,3,79,0,0,0,0,0,0,0,0,0,45,0,0,0,0,0,0,0,0,0,0,0,0,0,0,0
l5,9=99,99,100,99,99,0,100,24,99,100,100,0,0,72,0,0,0,0,0,0,0,0,0,0,0,0,0,0,0,0,0,0,0,0,0,0,0,0,0,0
l6,9=99,75,99,98,95,88,0,100,91,98,99,0,0,86,0,0,61,0,0,0,0,0,0,0,0,0,0,0,0,0,0,0,0,0,0,0,0,0,0,0
l7,9=65,100,99,96,94,24,100,0,100,100,100,30,64,100,1,32,0,0,0,0,0,0,0,0,0,0,0,0,0,0,0,0,0,0,0,0,0,0,0,0
l8,9=57,60,0,21,97,95,94,97,0,100,59,67,0,99,0,90,76,93,0,54,0,0,53,0,0,0,0,0,0,0,0,0,0,0,0,0,0,0,0,0
l9,9=93,54,50,0,75,87,98,100,100,0,100,100,37,100,85,92,92,0,0,0,0,0,2,51,38,0,0,0,0,0,0,0,0,0,0,0,0,0,0,0
l10,9=96,95,71,0,97,93,99,100,93,100,0,0,57,91,0,93,78,78,0,0,0,0,0,45,0,0,0,0,0,0,0,0,0,0,0,0,0,0,0,0
l11,9=0,0,0,0,0,0,0,58,98,84,1,0,98,98,96,98,94,98,0,0,47,46,45,60,48,67,0,0,0,0,0,0,0,0,0,0,75,0,54,0
l12,9=0,0,0,0,0,0,0,0,0,15,0,66,0,94,98,96,96,99,0,0,53,51,10,99,50,100,0,0,0,0,0,0,0,0,0,0,86,0,60,0
l13,9=1,0,0,0,1,30,92,98,100,100,37,62,78,0,73,96,95,54,0,13,52,54,0,59,49,59,0,0,0,0,0,0,0,0,0,0,72,0,58,0
l14,9=0,0,0,0,70,0,0,0,0,83,0,38,100,87,0,97,96,100,0,0,52,51,47,100,100,77,0,0,0,0,0,0,0,32,0,0,55,0,0,0
l15,9=0,0,0,0,0,0,0,0,57,83,36,100,88,98,90,0,94,98,0,0,48,48,44,50,48,0,0,0,0,0,0,0,0,0,0,0,79,0,59,0
l16,9=0,0,0,0,0,0,27,0,39,83,20,34,78,90,86,92,0,94,75,63,56,6,49,59,48,72,0,0,0,0,0,56,0,33,32,0,86,60,60,35
l17,9=0,0,0,0,0,0,0,0,61,0,23,36,82,68,97,96,95,0,0,65,47,50,49,0,40,0,0,0,0,0,0,0,0,33,0,2,77,0,46,35
l18,9=0,0,0,0,0,0,0,0,0,2,0,0,0,0,0,0,92,0,0,0,59,55,0,0,0,0,0,0,0,0,0,0,0,0,0,0,26,0,0,0
l19,9=0,0,0,0,0,0,0,0,31,0,0,0,0,1,0,0,79,86,0,0,93,88,85,0,0,0,67,0,0,0,0,0,0,0,0,69,67,69,6,82
l20,9=0,0,0,0,0,0,0,0,0,0,0,24,57,75,62,70,92,74,57,89,0,97,90,0,22,0,65,0,0,0,0,0,0,0,23,38,87,73,86,92
l21,9=0,0,0,0,0,0,0,0,0,0,0,26,56,71,61,74,51,78,72,80,99,0,85,0,0,0,0,0,0,0,0,0,0,23,0,39,85,65,58,33
l22,9=0,0,0,0,0,0,0,0,50,35,0,22,47,1,59,71,79,79,0,85,100,92,0,0,0,0,0,0,4,27,0,67,0,0,0,74,87,64,84,17
l23,9=0,0,0,0,0,0,0,0,0,80,1,43,100,99,100,92,96,0,0,0,0,0,0,0,100,100,0,0,0,0,0,0,97,41,37,0,0,0,0,0
l24,9=0,0,0,0,28,0,0,0,0,81,0,36,100,97,99,97,96,90,0,0,49,0,0,100,0,95,0,0,0,0,0,0,0,38,34,0,76,0,0,0
l25,9=0,0,0,3,0,0,0,0,0,0,0,36,100,89,95,0,94,0,0,0,0,0,0,100,100,0,0,0,0,17,0,0,84,99,36,0,0,0,52,0
l26,9=0,0,0,0,0,0,0,0,0,0,0,0,0,0,0,0,0,0,0,77,84,0,0,0,0,0,0,89,98,100,99,99,100,89,91,0,0,0,0,0
l27,9=0,0,0,0,0,0,0,0,0,0,0,0,0,0,0,0,0,0,0,0,0,0,0,0,0,0,95,0,98,100,100,98,87,0,0,0,0,0,0,0
l28,9=0,0,0,0,0,0,0,0,0,0,0,0,0,0,0,0,0,0,0,0,37,0,62,0,0,0,97,100,0,100,100,95,0,90,1,0,0,0,0,0
l29,9=0,0,0,0,0,0,0,0,0,0,0,0,0,0,0,0,0,0,0,0,0,0,83,0,0,6,97,100,98,0,100,99,56,89,99,0,0,0,0,0
l30,9=0,0,0,0,0,0,0,0,0,0,0,0,0,0,0,0,0,0,0,0,0,0,0,0,0,0,97,100,98,100,0,99,92,57,90,0,0,0,0,0
l31,9=0,0,0,0,0,0,0,0,0,0,0,0,0,0,0,0,69,0,0,0,32,0,53,0,0,0,95,96,97,98,98,0,98,100,100,0,0,0,0,0
l32,9=0,0,0,0,0,0,0,0,0,0,0,0,22,0,0,0,0,0,0,0,0,0,0,95,0,76,97,92,0,31,94,100,0,100,100,0,0,0,0,0
l33,9=0,0,0,0,0,0,0,0,0,0,0,0,0,0,84,0,88,87,0,0,1,55,0,100,97,100,96,0,98,93,87,100,100,0,100,0,0,0,0,0
l34,9=0,0,0,0,0,0,0,0,0,0,0,0,71,0,49,0,93,0,0,0,56,0,0,99,46,77,96,0,0,82,73,100,100,100,0,0,0,0,0,0
l35,9=0,0,0,0,0,0,0,0,0,0,0,0,0,0,0,0,0,0,0,49,37,42,46,0,0,0,0,0,0,0,0,0,0,0,0,0,92,76,67,47
l36,9=0,0,0,0,0,0,0,0,0,0,0,10,37,42,2,47,50,24,0,33,49,38,44,0,7,0,0,0,0,0,0,0,0,0,0,50,0,80,51,32
l37,9=0,0,0,0,0,0,0,0,0,0,0,0,0,0,0,0,47,0,0,48,47,42,30,0,0,0,0,0,0,0,0,0,0,0,0,47,84,0,53,31
l38,9=0,0,0,0,0,0,0,0,0,0,0,21,51,60,0,65,82,0,0,15,55,51,49,0,0,15,0,0,0,0,0,0,0,0,0,37,83,75,0,30
l39,9=0,0,0,0,0,0,0,0,0,0,0,0,0,0,0,0,74,76,0,51,60,50,0,0,0,0,0,0,0,0,0,0,0,0,0,46,86,77,65,0

l0,10=0,92,86,90,87,86,86,70,75,85,80,0,0,0,0,0,0,0,0,0,0,0,0,0,0,0,0,0,0,0,0,0,0,0,0,0,0,0,0,0
l1,10=93,0,87,79,86,89,80,80,47,30,56,9,0,0,0,0,0,0,0,0,0,0,0,0,0,0,0,0,0,0,0,0,0,0,0,0,0,0,0,0
l2,10=88,86,0,86,86,86,86,87,0,78,66,0,48,0,0,0,0,0,0,0,0,0,0,0,0,0,0,0,0,0,0,0,0,0,0,0,0,0,0,0
l3,10=93,76,84,0,95,72,81,59,0,66,0,0,0,0,0,0,0,0,0,0,0,0,0,0,0,0,0,0,0,0,0,0,0,0,0,0,0,0,0,0
l4,10=89,83,83,89,0,86,58,70,53,71,83,0,0,6,62,0,0,0,0,0,0,0,0,0,0,0,0,0,0,0,0,0,0,0,0,0,0,0,0,0
l5,10=87,87,85,86,87,0,86,87,40,85,85,0,4,77,0,0,0,0,0,0,0,0,0,0,0,0,0,0,0,0,0,0,0,0,0,0,0,0,0,0
l6,10=85,78,81,80,34,83,0,87,72,80,80,0,0,45,0,2,21,1,0,0,0,0,0,0,0,0,0,0,0,0,0,0,0,0,0,0,0,0,0,0
l7,10=62,83,78,71,82,84,86,0,86,87,86,47,28,83,32,3,0,0,0,0,0,0,0,0,0,0,0,0,0,0,0,0,0,0,0,0,0,0,0,0
l8,10=59,9,0,8,23,33,69,83,0,91,69,68,54,86,0,72,26,29,0,36,13,0,50,60,34,0,0,0,0,0,0,0,0,0,0,0,0,0,0,0
l9,10=74,0,33,52,60,64,82,87,86,0,86,66,62,85,43,64,0,0,0,0,0,30,2,38,45,0,0,0,0,0,0,0,0,0,0,0,0,0,0,0
l10,10=64,38,42,0,80,57,73,87,60,87,0,47,0,71,0,67,0,43,0,0,0,0,0,1,0,0,0,0,0,0,0,0,0,0,0,0,0,0,0,0
l11,10=0,2,0,0,0,0,0,33,71,76,56,0,80,83,77,87,0,78,0,0,48,52,0,78,71,58,0,0,0,0,0,0,0,0,0,0,54,0,58,0
l12,10=0,0,0,0,0,0,0,0,38,67,0,83,0,80,95,89,87,89,0,0,63,62,0,93,98,96,0,0,0,0,0,0,0,21,0,0,9,0,65,0
l13,10=0,0,0,0,3,46,45,56,86,86,76,75,78,0,60,82,42,0,0,2,38,47,0,73,72,0,0,0,0,0,0,0,0,0,0,0,0,0,43,0
l14,10=0,0,0,0,39,0,0,6,0,64,0,78,94,70,0,81,78,83,0,0,36,2,1,84,89,81,0,0,0,0,0,0,0,44,0,0,60,0,27,0
l15,10=0,0,0,0,0,0,1,0,60,65,69,88,88,86,74,0,42,52,0,52,36,0,52,58,66,22,0,0,0,0,0,0,0,0,0,0,28,5,44,0
l16,10=0,0,0,0,0,0,7,0,9,0,0,0,81,65,70,47,0,51,34,60,66,57,56,66,76,11,0,0,0,0,0,0,23,0,11,8,57,58,72,37
l17,10=0,0,0,0,0,0,5,0,31,0,48,83,94,9,75,61,51,0,0,63,36,63,63,59,58,22,0,0,0,0,0,0,0,24,0,0,62,0,63,13
l18,10=0,0,0,0,0,0,0,0,0,0,0,0,0,0,0,0,35,0,0,81,69,73,0,0,0,0,0,0,0,0,0,0,0,0,0,0,1,0,0,0
l19,10=0,0,0,0,0,0,0,0,8,0,0,0,0,0,0,26,41,30,47,0,82,61,74,0,0,0,34,0,0,0,0,0,0,0,0,36,0,48,30,39
l20,10=0,0,0,0,0,0,0,0,0,0,0,40,51,44,16,28,46,23,48,90,0,86,83,0,5,0,0,0,0,0,0,0,44,0,0,42,72,54,73,43
l21,10=0,0,0,0,0,0,0,0,0,29,0,43,49,44,15,8,40,40,54,76,94,0,81,0,0,0,0,0,0,0,0,0,0,29,0,43,60,62,72,38
l22,10=0,0,0,0,0,0,0,0,19,12,0,0,0,0,0,31,27,31,0,76,94,76,0,0,0,0,0,0,0,16,0,51,4,0,0,67,65,54,74,35
l23,10=0,0,0,0,0,0,0,0,45,47,0,78,92,80,90,41,50,22,0,0,0,0,0,0,98,97,0,0,0,0,0,53,77,72,0,0,0,0,0,0
l24,10=0,0,0,0,0,0,0,0,35,61,0,78,94,83,94,60,87,51,0,0,35,0,0,95,0,92,0,0,0,0,0,0,0,47,26,0,0,0,53,0
l25,10=0,0,0,24,0,0,0,0,0,0,0,70,95,0,90,42,28,25,0,0,0,0,0,95,98,0,21,0,0,0,0,48,56,95,52,0,0,0,40,0
l26,10=0,0,0,0,0,0,0,0,0,0,0,0,0,0,0,0,0,0,0,49,6,0,0,0,0,17,0,76,97,98,100,100,99,55,77,0,0,0,0,0
l27,10=0,0,0,0,0,0,0,0,0,0,0,0,0,0,0,0,0,0,0,0,0,0,0,0,0,0,81,0,92,98,100,73,0,0,62,0,0,0,0,0
l28,10=0,0,0,0,0,0,0,0,0,0,0,0,0,0,0,0,0,0,0,0,14,0,21,0,0,0,99,94,0,98,100,86,55,78,56,0,0,0,0,0
l29,10=0,0,0,0,0,0,0,0,0,0,0,0,0,0,0,0,0,0,0,0,0,0,35,0,0,0,99,94,97,0,100,80,52,18,53,0,0,0,0,0
l30,10=0,0,0,0,0,0,0,0,0,0,0,0,0,0,0,0,0,0,0,0,0,0,0,0,0,0,99,94,97,98,0,80,60,57,56,0,0,0,0,0
l31,10=0,0,0,0,0,0,0,0,0,0,0,0,0,0,0,0,0,0,0,0,0,0,31,20,0,22,99,73,90,97,98,0,100,100,100,0,0,0,0,0
l32,10=0,0,0,0,0,0,0,0,0,0,0,0,0,0,0,0,4,0,0,0,37,0,5,76,0,19,99,0,31,79,78,100,0,100,100,0,0,0,0,0
l33,10=0,0,0,0,0,0,0,0,0,0,0,0,27,0,37,0,0,12,0,0,4,13,0,95,25,97,70,0,94,15,32,100,100,0,100,0,0,0,0,0
l34,10=0,0,0,0,0,0,0,0,0,0,0,0,0,0,0,0,59,0,0,0,31,0,0,8,38,74,96,50,64,56,61,100,100,100,0,0,0,0,0,0
l35,10=0,0,0,0,0,0,0,0,0,0,0,0,0,0,0,0,17,0,0,55,44,49,64,0,0,0,0,0,0,0,0,0,0,0,0,0,82,70,63,8
l36,10=0,0,0,0,0,0,0,0,0,0,0,22,14,0,24,0,6,9,0,0,64,50,63,0,0,0,0,0,0,0,0,0,0,0,0,55,0,73,65,41
l37,10=0,0,0,0,0,0,0,0,0,0,0,0,0,0,0,0,14,0,0,31,37,46,53,0,0,0,0,0,0,0,0,0,0,0,0,46,68,0,61,43
l38,10=0,0,0,0,0,0,0,0,0,0,0,48,53,14,7,8,41,12,0,0,65,61,65,0,6,8,0,0,0,0,0,0,0,0,0,45,67,65,0,40
l39,10=0,0,0,0,0,0,0,0,0,0,0,0,0,0,0,0,34,29,0,54,57,57,59,0,0,0,0,0,0,0,0,0,0,0,0,0,71,64,61,0

l0,11=0,87,85,84,85,83,77,71,48,68,60,0,0,0,0,0,0,0,0,0,0,0,0,0,0,0,0,0,0,0,0,0,0,0,0,0,0,0,0,0
l1,11=87,0,76,83,83,81,78,79,42,52,0,41,0,30,0,0,0,0,0,0,0,0,0,0,0,0,0,0,0,0,0,0,0,0,0,0,0,0,0,0
l2,11=86,83,0,82,83,82,80,69,0,0,79,0,0,0,0,0,0,0,0,0,0,0,0,0,0,0,0,0,0,0,0,0,0,0,0,0,0,0,0,0
l3,11=88,84,83,0,87,81,0,62,0,37,64,0,0,0,0,0,0,0,0,0,0,0,0,0,0,0,0,0,0,0,0,0,0,0,0,0,0,0,0,0
l4,11=81,77,79,83,0,79,72,71,0,62,74,0,27,0,30,0,0,0,0,0,0,0,0,28,0,0,0,0,0,0,0,0,0,0,0,0,0,0,0,0
l5,11=86,83,83,82,83,0,83,86,66,82,63,0,0,48,0,0,0,0,0,0,0,0,0,0,0,0,0,0,0,0,0,0,0,0,0,0,0,0,0,0
l6,11=71,77,58,0,62,71,0,83,23,70,48,38,0,29,0,34,39,0,0,0,0,0,0,0,0,0,0,0,0,0,0,0,0,0,0,0,0,0,0,0
l7,11=67,83,49,59,82,82,85,0,77,82,85,48,45,84,0,33,0,0,0,0,0,0,0,0,0,0,0,0,0,0,0,0,0,0,0,0,0,0,0,0
l8,11=57,37,0,0,0,61,61,61,0,83,67,64,63,84,0,72,0,55,0,31,0,0,0,41,35,0,0,0,0,0,0,0,0,0,0,0,0,0,0,0
l9,11=65,35,0,18,20,67,75,87,78,0,85,66,63,84,0,46,8,15,0,0,0,26,0,4,40,0,0,0,0,0,0,0,0,0,0,0,0,0,0,0
l10,11=50,0,64,42,70,51,67,87,66,82,0,65,0,73,0,60,0,7,0,0,0,0,0,0,0,0,0,0,0,0,0,0,0,0,0,0,0,0,0,0
l11,11=0,32,0,0,0,0,51,44,21,21,47,0,76,54,48,86,70,79,0,0,37,12,13,56,70,46,0,0,0,0,0,0,0,0,0,26,0,0,60,0
l12,11=0,0,0,0,0,0,0,2,16,20,0,82,0,44,88,64,78,89,0,0,58,21,14,57,88,89,0,0,0,0,0,0,0,0,0,0,0,0,68,0
l13,11=0,8,0,0,0,46,60,76,77,76,52,85,76,0,28,84,60,69,0,14,57,19,2,50,58,45,0,0,0,0,0,0,0,0,0,0,0,0,44,0
l14,11=0,0,0,0,18,0,0,0,0,0,0,81,85,32,0,0,80,82,0,0,0,11,0,61,1,80,0,0,0,0,0,0,0,20,26,35,46,0,49,0
l15,11=0,0,0,0,0,0,54,24,23,19,45,87,82,88,0,0,77,82,0,30,62,16,3,40,2,42,0,0,0,0,0,0,0,0,0,4,41,0,62,0
l16,11=0,0,0,0,0,0,26,0,0,4,0,70,77,33,46,55,0,82,7,0,70,19,15,47,79,12,0,0,0,0,0,0,5,1,22,9,56,59,72,31
l17,11=0,0,0,0,0,0,0,0,15,13,10,82,84,39,42,58,81,0,0,0,60,22,18,48,61,4,0,0,0,0,0,0,0,0,0,0,54,0,59,8
l18,11=0,0,0,0,0,0,0,0,0,0,0,0,0,0,0,0,49,0,0,67,65,61,18,0,0,0,0,0,0,0,0,0,0,0,0,0,0,0,0,0
l19,11=0,0,0,0,0,0,0,0,5,0,0,0,0,7,0,35,1,0,43,0,74,62,65,0,0,0,49,0,37,0,5,0,0,0,0,42,0,0,5,47
l20,11=0,0,0,0,0,0,0,0,0,0,0,0,41,23,0,42,70,41,34,77,0,90,82,0,0,0,1,0,0,0,0,0,6,1,0,27,70,55,65,29
l21,11=0,0,0,0,0,0,0,0,0,16,0,32,48,23,18,35,73,52,39,69,81,0,81,0,29,0,0,0,0,0,0,0,0,0,0,6,49,45,76,20
l22,11=0,0,0,0,0,0,0,0,0,0,0,40,40,0,0,10,47,39,0,57,81,87,0,0,0,0,0,0,5,15,0,25,0,0,0,55,61,42,68,53
l23,11=0,0,0,0,6,0,0,0,6,4,0,79,84,47,53,43,67,61,0,0,0,0,0,0,87,91,0,0,0,0,0,19,16,23,3,0,0,0,2,0
l24,11=0,0,0,0,0,0,0,0,1,17,0,79,88,41,3,0,84,64,0,0,0,2,0,93,0,85,0,0,0,0,0,0,0,0,0,0,0,0,0,0
l25,11=0,0,0,0,0,0,0,0,0,0,0,57,88,33,84,39,27,0,0,0,0,0,0,98,89,0,0,0,0,0,0,33,14,82,0,0,0,0,0,0
l26,11=0,0,0,0,0,0,0,0,0,0,0,0,0,0,0,0,0,0,0,52,13,0,0,0,0,0,0,72,96,88,94,85,80,26,48,0,0,0,0,0
l27,11=0,0,0,0,0,0,0,0,0,0,0,0,0,0,0,0,0,0,0,0,0,0,0,0,0,0,83,0,93,88,95,35,0,0,29,0,0,0,0,0
l28,11=0,0,0,0,0,0,0,0,0,0,0,0,0,0,0,0,0,0,0,29,19,0,16,0,0,0,87,95,0,89,95,82,44,0,28,0,0,0,0,0
l29,11=0,0,0,0,0,0,0,0,0,0,0,0,0,0,0,0,0,0,0,0,0,0,19,0,0,0,86,95,96,0,95,59,15,15,19,0,0,0,0,0
l30,11=0,0,0,0,0,0,0,0,0,0,0,0,0,0,0,0,0,0,0,0,0,0,0,0,0,0,87,95,96,89,0,59,23,28,28,0,0,0,0,0
l31,11=0,0,0,0,0,0,0,0,0,0,0,0,0,0,0,0,0,0,0,0,0,0,48,52,0,51,87,74,82,85,81,0,62,100,99,0,0,0,0,0
l32,11=0,0,0,0,0,0,0,0,0,0,0,0,0,0,0,0,24,0,0,0,25,0,0,20,0,22,87,2,31,35,37,84,0,100,100,0,0,0,0,0
l33,11=0,0,0,0,0,0,0,0,0,0,0,0,0,0,75,0,2,0,0,0,23,0,0,80,0,90,79,0,0,68,89,95,93,0,100,0,0,0,0,0
l34,11=0,0,0,0,0,0,0,0,0,0,0,0,0,0,19,0,54,0,0,0,0,0,0,20,0,1,73,72,61,74,78,95,93,100,0,0,0,0,0,0
l35,11=0,0,0,0,0,0,0,0,0,0,0,6,0,0,7,2,17,0,0,15,42,0,19,0,0,0,0,0,0,0,0,0,0,0,0,0,84,68,67,13
l36,11=0,0,0,0,0,0,0,0,0,0,0,0,0,0,25,30,59,46,0,0,64,18,19,0,0,0,0,0,0,0,0,0,0,0,0,81,0,74,75,43
l37,11=0,0,0,0,0,0,0,0,0,0,0,0,0,0,0,0,51,0,0,0,56,14,10,0,0,0,0,0,0,0,0,0,0,0,0,37,59,0,50,30
l38,11=0,0,0,0,0,0,0,0,0,0,0,52,52,9,18,40,69,34,0,0,68,19,21,0,0,0,0,0,0,0,0,0,0,0,0,43,64,59,0,42
l39,11=0,0,0,0,0,0,0,0,0,0,0,0,0,0,0,0,60,0,0,36,59,11,40,0,0,0,0,0,0,0,0,0,0,0,0,29,72,67,63,0

l0,12=0,90,87,87,87,87,66,1,0,67,48,0,0,0,0,0,0,0,0,0,0,0,0,0,0,0,0,0,0,0,0,0,0,0,0,0,0,0,0,0
l1,12=86,0,79,84,86,87,84,84,5,1,69,53,0,0,0,0,0,0,0,0,0,0,0,0,0,0,0,0,0,0,0,0,0,0,0,0,0,0,0,0
l2,12=86,77,0,84,84,87,84,43,7,47,76,0,0,0,0,0,0,0,0,0,0,0,0,0,0,0,0,0,0,0,0,0,0,0,0,0,0,0,0,0
l3,12=88,82,81,0,89,87,65,33,0,51,68,0,0,0,0,0,0,0,0,0,0,0,0,0,0,0,0,0,0,0,0,0,0,0,0,0,0,0,0,0
l4,12=86,79,78,85,0,78,70,72,49,61,67,0,0,0,33,0,0,0,0,0,0,0,0,59,0,0,0,0,0,0,0,0,0,0,0,0,0,0,0,0
l5,12=86,81,83,84,85,0,78,79,71,84,77,0,0,39,0,0,0,0,0,0,0,0,0,0,0,0,0,0,0,0,0,0,0,0,0,0,0,0,0,0
l6,12=48,80,82,61,74,63,0,79,50,32,73,60,0,52,7,51,0,0,0,0,0,0,0,0,0,0,0,0,0,0,0,0,0,0,0,0,0,0,0,0
l7,12=2,81,20,56,85,86,84,0,79,83,86,44,28,83,0,8,0,0,0,0,0,0,0,0,0,0,0,0,0,0,0,0,0,0,0,0,0,0,0,0
l8,12=0,0,0,44,38,46,68,73,0,84,83,65,55,84,16,63,21,29,0,28,0,28,0,0,41,0,0,0,0,0,0,0,0,0,0,0,0,0,0,0
l9,12=52,0,5,50,36,83,44,84,79,0,86,65,54,83,0,55,32,20,0,0,27,47,0,0,19,0,0,0,0,0,0,0,0,0,0,0,0,0,0,0
l10,12=31,45,67,65,65,39,70,84,76,84,0,62,0,76,0,47,0,0,0,0,0,0,0,0,0,0,0,0,0,0,0,0,0,0,0,0,0,0,0,0
l11,12=0,48,0,0,0,0,73,22,52,47,45,0,75,84,38,81,54,81,0,0,21,37,49,69,0,16,0,0,0,0,0,0,0,0,0,49,51,6,28,0
l12,12=0,0,0,0,0,0,0,0,43,44,0,82,0,71,88,81,74,82,0,0,31,49,49,60,92,92,0,0,0,0,0,0,0,14,0,0,0,0,32,0
l13,12=0,0,0,5,0,23,64,71,78,81,53,83,69,0,38,80,55,73,0,0,28,39,0,69,51,10,0,0,0,0,0,0,0,0,0,0,0,0,5,0
l14,12=0,0,0,0,21,0,1,0,8,0,0,60,80,62,0,50,78,74,0,0,21,49,0,84,92,35,0,0,0,0,0,0,0,53,47,48,56,0,0,0
l15,12=0,0,0,0,0,0,61,0,44,42,42,86,71,88,41,0,55,74,0,25,30,40,28,55,65,37,0,0,0,0,0,0,0,0,0,0,0,0,24,0
l16,12=0,0,0,0,0,0,0,0,2,6,0,54,69,22,50,51,0,79,35,17,36,55,42,52,82,18,0,0,0,0,0,0,0,0,16,53,65,15,35,20
l17,12=0,0,0,0,0,0,0,0,16,7,0,85,79,72,40,53,63,0,0,21,36,55,55,51,30,0,0,0,0,0,0,0,0,23,0,0,66,0,21,0
l18,12=0,0,0,0,0,0,0,0,0,0,0,0,0,0,0,0,51,0,0,67,61,54,0,0,0,0,0,0,0,0,0,0,0,0,0,0,0,0,0,0
l19,12=0,0,0,0,0,0,0,0,21,0,0,0,0,0,0,31,37,27,31,0,77,75,76,0,0,0,38,0,0,0,13,0,0,0,0,45,45,28,22,35
l20,12=0,0,0,0,0,0,0,0,0,27,0,13,24,14,1,34,65,49,26,86,0,86,86,0,0,0,0,0,0,0,0,32,0,0,0,50,77,43,57,49
l21,12=0,0,0,0,0,0,0,0,24,41,0,34,22,14,48,52,61,57,24,88,84,0,86,0,31,0,0,0,0,0,0,0,0,0,0,49,47,23,67,0
l22,12=0,0,0,0,0,0,0,0,0,0,0,16,19,0,0,6,29,15,0,84,83,84,0,0,0,0,0,0,10,0,0,40,0,0,0,66,73,0,43,42
l23,12=0,0,0,0,40,0,0,0,0,0,0,76,73,68,52,49,45,58,0,0,0,0,0,0,95,95,0,0,0,0,0,2,0,47,0,0,0,0,0,0
l24,12=0,0,0,0,0,0,0,0,27,24,0,0,81,69,88,80,78,55,0,0,0,53,1,91,0,91,0,0,0,0,0,7,60,2,0,0,18,0,28,0
l25,12=0,0,0,0,0,0,0,0,0,0,0,48,82,27,58,76,58,0,0,0,0,0,0,93,94,0,0,0,0,5,0,72,58,64,85,0,0,0,0,0
l26,12=0,0,0,0,0,0,0,0,0,0,0,0,0,0,0,0,0,0,0,49,0,0,0,0,0,0,0,80,91,69,85,86,80,48,71,0,0,0,0,0
l27,12=0,0,0,0,0,0,0,0,0,0,0,0,0,0,0,0,0,0,0,0,0,0,0,0,0,0,84,0,90,92,95,81,0,25,28,0,0,0,0,0
l28,12=0,0,0,0,0,0,0,0,0,0,0,0,0,0,0,0,0,0,0,0,0,0,33,0,0,0,91,99,0,92,95,86,74,51,72,0,0,0,0,0
l29,12=0,0,0,0,0,0,0,0,0,0,0,0,0,0,0,0,0,0,0,0,0,0,0,0,0,0,80,99,91,0,95,73,69,48,60,0,0,0,0,0
l30,12=0,0,0,0,0,0,0,0,0,0,0,0,0,0,0,0,0,0,0,0,0,0,0,0,0,0,87,99,91,92,0,76,71,29,28,0,0,0,0,0
l31,12=0,0,0,0,0,0,0,0,0,0,0,0,13,0,0,0,0,0,0,0,60,0,62,21,24,69,91,90,81,86,89,0,98,100,97,0,0,0,0,0
l32,12=0,0,0,0,0,0,0,0,0,0,0,0,0,0,0,0,0,0,0,0,0,0,0,10,47,51,86,0,78,84,85,92,0,100,99,0,0,0,0,0
l33,12=0,0,0,0,0,0,0,0,0,0,0,0,36,0,69,0,0,2,0,0,0,0,0,48,5,67,80,29,60,73,69,99,98,0,99,0,0,0,0,0
l34,12=0,0,0,0,0,0,0,0,0,0,0,0,0,0,40,0,12,0,0,0,0,0,0,0,0,92,90,24,78,90,73,99,98,100,0,0,0,0,0,0
l35,12=0,0,0,0,0,0,0,0,0,0,0,7,0,0,1,0,18,0,0,7,14,32,60,0,0,0,0,0,0,0,0,0,0,0,0,0,85,43,33,38
l36,12=0,0,0,0,0,0,0,0,0,0,0,7,0,0,2,0,44,14,0,11,38,30,64,0,2,0,0,0,0,0,0,0,0,0,0,83,0,54,41,42
l37,12=0,0,0,0,0,0,0,0,0,0,0,0,0,0,0,0,39,0,0,14,27,31,0,0,0,0,0,0,0,0,0,0,0,0,0,68,74,0,0,40
l38,12=0,0,0,0,0,0,0,0,0,0,0,21,31,0,0,7,57,15,0,16,33,61,61,0,19,0,0,0,0,0,0,0,0,0,0,74,78,0,0,36
l39,12=0,0,0,0,0,0,0,0,0,0,0,0,0,0,0,0,49,0,0,42,26,0,68,0,0,0,0,0,0,0,0,0,0,0,0,63,73,43,31,0

l0,13=0,93,91,92,92,88,91,89,86,87,69,0,0,0,0,0,0,0,0,0,0,0,0,0,0,0,0,0,0,0,0,0,0,0,0,0,0,0,0,0
l1,13=92,0,90,93,91,85,89,88,0,72,87,0,0,0,0,0,0,0,0,0,0,0,0,0,0,0,0,0,0,0,0,0,0,0,0,0,0,0,0,0
l2,13=92,91,0,89,86,87,89,86,0,85,88,0,0,24,0,0,0,0,0,0,0,0,0,0,0,0,0,0,0,0,0,0,0,0,0,0,0,0,0,0
l3,13=91,94,87,0,94,85,89,81,28,74,88,0,0,0,0,0,0,0,0,0,0,0,0,0,0,0,0,0,0,0,0,0,0,0,0,0,0,0,0,0
l4,13=92,90,87,92,0,86,89,84,64,74,77,0,0,5,0,0,0,0,0,0,0,0,0,12,0,0,0,0,0,0,0,0,0,0,0,0,0,0,0,0
l5,13=87,87,87,87,86,0,89,83,85,87,88,0,0,50,0,0,0,0,0,0,0,0,0,0,0,0,0,0,0,0,0,0,0,0,0,0,0,0,0,0
l6,13=86,86,87,86,86,85,0,0,80,87,58,84,0,60,0,78,0,0,0,0,0,0,0,0,0,0,0,0,0,0,0,0,0,0,0,0,0,0,0,0
l7,13=87,88,52,41,84,73,0,0,87,89,92,9,28,55,0,25,0,0,0,0,0,0,0,0,0,0,0,0,0,0,0,0,0,0,0,0,0,0,0,0
l8,13=70,0,0,30,67,72,76,86,0,94,86,46,36,89,55,26,33,51,0,40,0,18,24,0,60,0,0,0,0,0,0,0,0,0,0,0,0,0,0,0
l9,13=72,41,67,68,67,85,87,86,87,0,89,75,67,89,52,79,68,58,0,0,43,67,0,0,0,0,0,0,0,0,0,0,0,0,0,0,0,0,0,0
l10,13=48,32,28,43,66,85,53,88,87,94,0,50,0,88,0,26,0,0,0,0,0,0,0,0,0,0,0,0,0,0,0,0,0,0,0,0,0,0,0,0
l11,13=0,0,0,0,0,0,81,1,69,49,47,0,83,95,37,87,41,89,0,0,27,28,66,78,0,22,0,0,0,0,0,0,0,0,0,0,0,0,62,0
l12,13=0,0,0,0,0,0,0,0,0,46,0,82,0,45,65,50,45,99,0,0,27,22,64,65,82,74,0,0,0,0,0,0,0,43,0,0,0,0,68,0
l13,13=0,0,0,0,22,60,74,78,91,92,88,93,50,0,37,85,38,83,0,8,26,26,0,74,0,24,0,0,0,0,0,0,0,0,0,0,0,0,74,0
l14,13=0,0,0,0,0,0,0,0,82,46,0,57,66,56,0,29,49,85,0,0,26,21,0,99,96,30,0,0,0,0,0,0,0,43,31,0,0,0,0,0
l15,13=0,0,0,0,0,0,73,26,59,49,46,94,57,72,36,0,45,93,0,37,26,22,0,78,67,24,0,0,0,0,0,0,0,0,0,0,70,0,69,0
l16,13=0,0,0,0,0,0,0,0,51,38,0,48,51,33,42,30,0,93,50,34,25,26,67,23,68,0,0,0,0,0,0,0,1,8,3,57,68,0,75,60
l17,13=0,0,0,0,0,0,0,0,65,45,0,57,91,56,34,30,47,0,0,44,31,31,68,68,65,21,0,0,0,0,0,0,0,41,0,13,73,0,72,0
l18,13=0,0,0,0,0,0,0,0,0,0,0,0,0,0,0,0,45,0,0,80,89,0,15,0,0,0,0,0,0,0,0,0,0,0,0,0,0,0,0,0
l19,13=0,0,0,0,0,0,0,0,40,0,0,0,0,0,0,20,20,49,66,0,95,89,91,0,0,0,35,0,27,49,0,6,0,0,0,51,44,47,54,70
l20,13=0,0,0,0,0,0,0,0,0,29,0,38,40,21,21,24,32,89,59,86,0,92,95,0,2,0,9,0,0,0,0,18,0,0,0,67,85,74,90,76
l21,13=0,0,0,0,0,0,0,0,37,41,0,44,38,39,23,23,34,83,0,87,96,0,96,0,48,0,0,0,0,0,0,0,0,0,0,21,0,0,89,60
l22,13=0,0,0,0,0,0,0,0,1,0,0,34,25,0,0,0,32,48,0,68,96,91,0,0,0,0,9,0,37,0,0,17,0,0,13,80,79,12,86,85
l23,13=0,0,0,6,5,0,0,0,0,0,0,58,50,53,99,30,11,70,0,0,0,0,0,0,70,100,0,0,0,0,0,0,0,45,0,0,0,0,0,0
l24,13=0,0,0,0,0,0,0,0,81,0,0,0,92,0,99,29,58,90,0,0,3,26,0,91,0,61,0,0,0,0,0,0,49,13,0,0,81,0,0,0
l25,13=0,0,0,0,0,0,0,0,0,0,0,56,93,55,63,29,0,80,0,0,0,0,0,99,96,0,0,0,0,6,0,53,60,92,51,0,0,0,0,0
l26,13=0,0,0,0,0,0,0,0,0,0,0,0,0,0,0,0,0,0,0,51,51,0,41,0,0,0,0,86,98,81,100,100,92,85,0,0,0,0,0,0
l27,13=0,0,0,0,0,0,0,0,0,0,0,0,0,0,0,0,0,0,0,0,0,0,0,0,0,0,92,0,98,99,100,94,76,73,8,0,0,0,0,0
l28,13=0,0,0,0,0,0,0,0,0,0,0,0,0,0,0,0,0,0,0,20,27,0,64,0,0,0,97,96,0,99,100,99,83,86,80,0,0,0,0,0
l29,13=0,0,0,0,0,0,0,0,0,0,0,0,0,0,0,0,0,0,0,55,0,0,0,0,0,0,87,96,98,0,100,85,86,68,68,0,0,0,0,0
l30,13=0,0,0,0,0,0,0,0,0,0,0,0,0,0,0,0,0,0,0,0,0,0,0,0,0,0,97,96,98,99,0,100,76,75,0,0,0,0,0,0
l31,13=0,0,0,0,0,0,0,0,0,0,0,0,0,0,8,0,0,0,0,48,85,0,75,0,0,90,97,94,95,98,99,0,100,100,100,0,0,0,0,0
l32,13=0,0,0,0,0,0,0,0,0,0,0,0,13,0,4,0,6,0,0,0,0,0,0,0,73,80,92,71,84,94,93,100,0,100,100,0,0,0,0,0
l33,13=0,0,0,0,0,0,0,0,0,0,0,0,91,0,61,0,52,90,0,0,0,0,0,91,50,98,97,85,97,95,99,100,100,0,100,0,0,0,0,0
l34,13=0,0,0,0,0,0,0,0,0,0,0,0,2,0,68,0,49,0,0,0,11,0,82,0,0,88,0,16,97,98,25,100,100,100,0,0,0,0,0,0
l35,13=0,0,0,0,0,0,0,0,0,0,0,0,0,0,0,0,29,0,0,34,27,1,73,0,0,0,0,0,0,0,0,0,0,0,0,0,90,79,88,75
l36,13=0,0,0,0,0,0,0,0,0,0,0,0,0,0,0,22,32,62,0,11,32,0,69,0,44,0,0,0,0,0,0,0,0,0,0,93,0,66,92,68
l37,13=0,0,0,0,0,0,0,0,0,0,0,0,0,0,0,0,0,0,0,38,29,0,0,0,0,0,0,0,0,0,0,0,0,0,0,88,67,0,63,65
l38,13=0,0,0,0,0,0,0,0,0,0,0,17,32,26,0,16,34,62,0,36,32,32,79,0,0,0,0,0,0,0,0,0,0,0,0,85,85,50,0,65
l39,13=0,0,0,0,0,0,0,0,0,0,0,0,0,0,0,0,30,0,0,47,23,19,86,0,0,0,0,0,0,0,0,0,0,0,0,80,66,53,75,0

l0,14=0,100,100,99,100,100,100,100,96,100,99,0,0,1,0,0,0,0,0,0,0,0,0,0,0,0,0,0,0,0,0,0,0,0,0,0,0,0,0,0
l1,14=100,0,100,99,100,100,100,100,7,60,58,0,0,42,48,0,0,0,0,0,0,0,0,0,4,0,0,0,0,0,0,0,0,0,0,0,0,0,0,0
l2,14=100,100,0,99,100,100,100,100,79,76,98,0,0,3,0,0,0,0,0,0,0,0,0,0,0,0,0,0,0,0,0,0,0,0,0,0,0,0,0,0
l3,14=100,100,100,0,100,100,100,100,0,95,99,0,0,0,0,0,0,0,0,0,0,0,0,0,0,0,0,0,0,0,0,0,0,0,0,0,0,0,0,0
l4,14=100,100,100,99,0,100,81,0,41,52,99,0,0,37,0,0,0,0,0,0,0,0,0,0,0,0,0,0,0,0,0,0,0,0,0,0,0,0,0,0
l5,14=100,100,100,100,100,0,100,72,79,100,100,0,0,91,0,82,0,0,0,0,0,0,0,0,0,0,0,0,0,0,0,0,0,0,0,0,0,0,0,0
l6,14=89,92,100,98,93,100,0,95,90,96,98,99,0,93,0,94,0,0,0,0,0,0,52,0,0,0,0,0,0,0,0,0,0,0,0,0,0,0,0,0
l7,14=98,99,98,99,19,86,100,0,98,100,100,0,0,90,0,39,91,0,0,0,0,0,0,0,0,0,0,0,0,0,0,0,0,0,0,0,0,0,0,0
l8,14=41,0,35,40,45,52,39,36,0,100,100,47,42,41,60,52,0,0,0,6,29,26,20,0,52,0,0,0,0,0,0,0,0,0,0,0,0,0,0,0
l9,14=85,47,0,41,45,99,49,100,99,0,100,99,0,100,54,98,45,38,0,0,45,49,0,53,0,0,0,0,0,0,0,0,0,0,0,0,0,0,0,0
l10,14=91,78,39,98,100,100,100,100,99,100,0,55,48,100,3,51,0,0,0,0,14,0,0,0,0,0,0,0,0,0,0,0,0,0,0,0,0,0,0,0
l11,14=0,0,0,0,0,0,99,0,27,98,54,0,97,98,98,98,99,98,0,0,48,49,41,80,0,54,0,0,0,0,0,0,0,0,0,0,25,0,43,0
l12,14=0,0,0,0,0,0,0,0,56,0,52,100,0,97,100,97,99,99,0,27,65,16,48,98,100,99,0,0,0,0,0,0,0,90,0,0,0,0,0,0
l13,14=7,48,0,0,48,52,72,34,27,100,97,100,97,0,95,98,44,86,0,13,0,27,0,1,67,42,0,0,0,0,0,0,0,0,0,0,0,0,40,0
l14,14=0,1,0,0,0,0,0,0,28,26,0,97,100,42,0,52,53,39,0,0,0,4,0,98,100,37,0,0,0,0,0,0,10,36,0,0,0,0,30,0
l15,14=0,0,0,0,0,40,41,0,29,64,51,100,97,98,60,0,99,86,0,30,33,26,0,77,100,38,0,0,0,0,0,0,0,0,0,0,0,0,41,0
l16,14=0,0,0,0,0,0,0,17,0,25,0,97,86,40,90,97,0,85,17,55,59,12,65,39,99,0,0,0,0,0,0,0,0,40,45,91,43,15,34,29
l17,14=0,0,0,0,0,0,0,0,0,32,0,100,97,97,97,97,99,0,0,48,65,61,29,83,100,63,0,0,0,0,0,0,0,2,0,38,3,0,80,0
l18,14=0,0,0,0,0,0,0,0,0,0,0,0,0,0,0,0,72,0,0,78,90,7,76,0,0,0,0,0,0,0,0,0,0,0,0,0,0,0,0,0
l19,14=0,0,0,0,0,0,0,0,0,0,0,0,81,2,0,80,87,74,49,0,99,94,95,0,0,0,55,0,22,88,0,51,0,0,0,88,82,50,1,88
l20,14=0,0,0,0,0,0,0,0,2,53,0,85,84,0,0,81,86,74,49,96,0,97,97,0,44,0,26,0,0,0,0,21,0,0,26,88,55,49,80,62
l21,14=0,0,0,0,0,0,0,0,48,55,2,85,83,92,81,81,84,72,0,94,99,0,97,0,86,0,0,0,0,0,0,0,0,0,0,85,9,48,71,52
l22,14=0,0,0,0,0,0,65,0,26,0,0,86,82,0,0,0,93,74,44,89,99,98,0,0,9,0,42,0,43,0,0,41,0,0,0,87,52,52,73,73
l23,14=0,0,0,0,0,0,0,0,0,33,0,52,44,0,100,52,17,38,0,0,0,0,0,0,53,100,0,0,0,0,0,0,27,36,53,0,0,0,0,0
l24,14=0,0,0,0,0,0,0,0,28,0,0,0,100,42,100,98,100,88,0,0,25,28,0,55,0,82,0,0,0,0,0,0,0,0,0,0,29,0,0,0
l25,14=0,0,0,0,0,0,0,0,0,0,0,100,100,58,96,95,0,87,0,0,0,0,0,99,100,0,0,0,6,0,0,0,38,95,99,0,0,0,0,0
l26,14=0,0,0,0,0,0,0,0,0,0,0,0,0,0,0,0,0,0,0,87,92,0,88,0,0,0,0,95,98,98,100,100,99,93,99,0,0,0,0,0
l27,14=0,0,0,0,0,0,0,0,0,0,0,0,0,0,0,0,0,0,0,0,0,0,0,0,0,0,89,0,98,98,100,91,88,85,1,0,0,0,0,0
l28,14=0,0,0,0,0,0,0,0,0,0,0,0,0,0,0,0,0,0,0,24,0,0,54,0,0,19,100,98,0,98,100,93,86,85,80,0,0,0,0,0
l29,14=0,0,0,0,0,0,0,0,0,0,0,0,0,0,0,0,0,0,0,79,0,0,0,0,0,0,89,100,98,0,100,91,90,0,81,0,0,0,0,0
l30,14=0,0,0,0,0,0,0,0,0,0,0,0,0,0,0,0,0,0,0,0,0,0,0,0,0,0,100,100,98,98,0,91,89,85,0,0,0,0,0,0
l31,14=0,0,0,0,0,0,0,0,0,0,0,0,0,0,1,0,0,0,0,70,82,0,47,0,0,0,99,78,97,98,95,0,100,99,99,0,0,0,0,0
l32,14=0,0,0,0,0,0,0,0,0,0,0,0,0,0,88,0,0,0,0,0,2,0,0,80,0,83,99,85,86,98,94,100,0,100,100,0,0,0,0,0
l33,14=0,0,0,0,0,0,0,0,0,0,0,0,92,0,94,0,92,1,0,0,0,0,0,87,0,98,99,81,98,0,99,100,100,0,100,0,0,0,0,0
l34,14=0,0,0,0,0,0,0,0,0,0,0,0,8,0,0,0,82,0,0,0,71,0,0,79,0,100,100,1,98,98,0,100,100,100,0,0,0,0,0,0
l35,14=0,0,0,0,0,0,0,0,0,0,0,0,26,0,0,0,82,47,0,58,56,28,47,0,0,0,0,0,0,0,0,0,0,0,0,0,93,93,94,83
l36,14=0,0,0,0,0,0,0,0,0,0,0,5,0,0,0,0,72,0,0,51,62,0,50,0,71,0,0,0,0,0,0,0,0,0,0,97,0,38,80,50
l37,14=0,0,0,0,0,0,0,0,0,0,0,0,0,0,0,0,7,0,0,38,60,21,55,0,0,0,0,0,0,0,0,0,0,0,0,97,49,0,68,54
l38,14=0,0,0,0,0,0,0,0,0,0,0,74,0,66,78,47,52,48,0,1,62,26,54,0,0,0,0,0,0,0,0,0,0,0,0,96,57,42,0,56
l39,14=0,0,0,0,0,0,0,0,0,0,0,0,0,0,0,0,83,0,0,81,60,49,55,0,0,0,0,0,0,0,0,0,0,0,0,87,51,49,68,0

l0,15=0,99,94,100,99,100,95,96,91,98,94,0,0,0,0,0,0,0,0,0,0,0,0,0,0,0,0,0,0,0,0,0,0,0,0,0,0,0,0,0
l1,15=98,0,93,97,97,98,93,92,0,98,93,0,0,95,40,0,0,0,0,0,0,0,0,0,12,0,0,0,0,0,0,0,0,0,0,0,0,0,0,0
l2,15=100,100,0,97,98,100,100,97,0,96,90,40,0,97,0,0,0,0,0,0,0,0,0,0,0,0,0,0,0,0,0,0,0,0,0,0,0,0,0,0
l3,15=100,99,92,0,97,98,0,0,0,0,94,0,0,0,0,0,0,0,0,0,0,0,0,0,0,0,0,0,0,0,0,0,0,0,0,0,0,0,0,0
l4,15=98,99,92,92,0,100,93,86,0,94,94,0,0,91,0,0,0,0,0,0,0,0,0,0,0,0,0,0,0,0,0,0,0,0,0,0,0,0,0,0
l5,15=98,99,93,97,99,0,95,96,89,98,94,0,0,98,0,84,0,0,0,0,0,0,0,0,0,0,0,0,0,0,0,0,0,0,0,0,0,0,0,0
l6,15=98,99,97,71,97,98,0,97,87,97,94,93,95,94,0,92,28,0,0,0,0,0,45,0,0,0,0,0,0,0,0,0,0,0,0,0,0,0,0,0
l7,15=98,94,93,51,96,98,95,0,94,98,100,0,0,59,57,0,96,0,0,0,0,0,0,0,0,0,0,0,0,0,0,0,0,0,0,0,0,0,0,0
l8,15=67,0,0,30,0,81,89,96,0,100,96,91,97,61,57,68,0,0,0,38,22,61,54,11,91,0,0,0,0,0,0,0,0,0,0,0,0,0,0,0
l9,15=97,88,0,0,50,97,95,97,100,0,100,91,0,99,34,94,85,63,0,0,94,70,17,37,0,0,0,0,0,0,0,0,0,0,0,0,0,0,0,0
l10,15=94,92,1,94,97,98,95,98,94,100,0,0,95,97,54,0,0,0,0,0,0,0,0,0,0,0,0,0,0,0,0,0,0,0,0,0,0,0,0,0
l11,15=0,0,0,0,0,0,95,0,91,97,3,0,99,99,58,98,98,97,0,0,96,66,60,75,78,96,0,0,0,0,0,0,0,0,0,0,80,0,61,0
l12,15=0,0,0,0,0,0,73,0,95,0,97,97,0,99,100,97,98,100,0,65,97,0,61,93,99,100,0,0,0,0,0,0,0,0,0,0,38,0,62,0
l13,15=0,93,75,0,56,88,93,82,93,100,97,100,100,0,59,98,93,97,0,3,0,51,20,75,86,94,0,0,0,0,0,0,0,0,0,0,0,0,0,0
l14,15=0,0,0,0,0,0,0,10,95,90,14,96,99,61,0,71,98,99,0,0,25,0,0,80,99,96,0,0,0,0,0,0,0,64,31,0,0,0,0,0
l15,15=0,0,0,0,0,67,96,0,97,99,0,100,99,62,62,0,99,99,0,0,98,67,5,82,99,95,0,0,0,0,0,0,0,0,0,86,0,0,62,0
l16,15=0,0,0,0,0,0,27,90,0,81,1,99,91,46,61,72,0,89,86,98,95,52,63,0,99,76,0,0,0,0,0,8,0,54,0,91,76,59,62,67
l17,15=0,0,0,0,0,0,0,0,0,98,0,99,99,62,62,81,99,0,0,98,100,68,63,82,99,95,0,0,0,0,0,0,0,62,3,0,78,51,62,0
l18,15=0,0,0,0,0,0,0,0,0,0,0,0,0,0,0,0,84,0,0,24,83,62,84,0,0,0,0,0,0,0,0,0,0,0,0,0,0,0,0,0
l19,15=0,0,0,0,0,0,0,0,19,0,0,0,61,0,0,0,82,66,0,0,100,96,99,0,0,0,17,0,50,34,0,1,0,0,0,0,68,0,0,66
l20,15=0,0,0,0,0,0,0,0,0,94,0,92,89,0,0,67,93,89,92,99,0,100,100,0,0,0,0,0,0,0,0,0,0,0,0,95,81,31,64,97
l21,15=0,0,0,0,0,0,0,0,82,91,4,90,0,37,0,67,85,89,11,99,100,0,100,0,59,0,0,0,0,0,0,0,0,0,58,90,94,57,98,85
l22,15=0,0,0,0,0,0,19,0,72,74,0,78,63,0,0,11,93,70,48,97,100,99,0,0,0,0,1,0,0,0,0,54,0,16,0,82,66,50,58,68
l23,15=0,0,0,0,0,0,0,0,0,62,0,91,99,60,99,97,0,98,0,0,0,0,0,0,95,100,0,0,0,0,0,0,59,99,0,0,0,0,0,0
l24,15=0,0,0,0,0,0,0,0,95,0,0,25,100,57,100,98,100,100,0,0,0,0,0,96,0,96,0,0,0,0,0,0,62,0,0,0,79,0,12,0
l25,15=0,0,0,0,0,0,0,0,0,0,0,87,97,60,91,63,90,87,0,0,0,0,0,94,93,0,54,0,27,0,0,65,58,62,97,0,0,0,0,0
l26,15=0,0,0,0,0,0,0,0,0,0,0,0,0,0,0,0,0,0,0,14,28,0,27,0,0,93,0,83,99,80,98,95,94,39,95,0,0,0,0,0
l27,15=0,0,0,0,0,0,0,0,0,0,0,0,0,0,0,0,0,0,0,0,0,0,0,0,0,0,96,0,99,87,98,92,95,93,96,0,0,0,0,0
l28,15=0,0,0,0,0,0,0,0,0,0,0,0,0,0,0,0,0,0,0,94,0,0,11,0,0,72,98,86,0,87,98,93,94,94,95,0,0,0,0,0
l29,15=0,0,0,0,0,0,0,0,0,0,0,0,0,0,0,0,0,0,0,71,0,0,0,0,0,0,96,86,99,0,98,94,95,94,95,0,0,0,0,0
l30,15=0,0,0,0,0,0,0,0,0,0,0,0,0,0,0,0,0,0,0,0,0,0,0,0,0,0,98,86,99,87,0,91,94,94,0,0,0,0,0,0
l31,15=0,0,0,0,0,0,0,0,0,0,0,0,0,0,0,0,0,0,0,0,0,0,85,0,0,93,96,79,94,79,94,0,96,99,97,0,0,0,0,0
l32,15=0,0,0,0,0,0,0,0,0,0,0,0,86,0,0,0,1,0,0,0,18,0,0,87,92,92,94,79,92,86,97,95,0,99,98,0,0,0,0,0
l33,15=0,0,0,0,0,0,0,0,0,0,0,0,88,0,66,0,95,69,0,0,0,0,38,93,39,94,45,55,96,78,95,97,98,0,100,0,0,0,0,0
l34,15=0,0,0,0,0,0,0,0,0,0,0,0,31,0,50,0,0,0,0,0,0,52,0,0,0,94,97,73,94,78,0,95,97,99,0,0,0,0,0,0
l35,15=0,0,0,0,0,0,0,0,0,0,0,0,36,0,0,47,76,0,0,0,91,53,57,0,0,0,0,0,0,0,0,0,0,0,0,0,98,96,61,91
l36,15=0,0,0,0,0,0,0,0,0,0,0,87,51,0,0,0,92,30,0,96,98,64,63,0,69,0,0,0,0,0,0,0,0,0,0,95,0,61,94,87
l37,15=0,0,0,0,0,0,0,0,0,0,0,0,0,0,0,0,75,0,0,0,29,56,62,0,0,0,0,0,0,0,0,0,0,0,0,95,92,0,93,94
l38,15=0,0,0,0,0,0,0,0,0,0,0,80,59,0,0,64,72,87,0,0,98,66,63,0,26,0,0,0,0,0,0,0,0,0,0,95,83,61,0,92
l39,15=0,0,0,0,0,0,0,0,0,0,0,0,0,0,0,0,72,0,0,95,97,54,55,0,0,0,0,0,0,0,0,0,0,0,0,95,73,99,61,0

