t=2016-04-12_19.17.37

n=40

q0=1
q1=1
q2=1
q3=1
q4=1
q5=1
q6=1
q7=1
q8=1
q9=1
q10=1
q11=1
q12=1
q13=1
q14=1
q15=1
q16=1
q17=1
q18=1
q19=1
q20=1
q21=1
q22=1
q23=1
q24=1
q25=1
q26=1
q27=1
q28=1
q29=1
q30=1
q31=1
q32=1
q33=1
q34=1
q35=1
q36=1
q37=1
q38=1
q39=1

a0=0x141592000c576ce6
a1=0x141592000c5aedbc
a2=0x141592000c5750f4
a3=0x141592000c576658
a4=0x141592000c575890
a5=0x141592000c574ffa
a6=0x141592000c5acf11
a7=0x141592000d9df361
a8=0x141592000c576300
a9=0x141592000c5779b6
a10=0x141592000c5762b9
a11=0x141592000c5af078
a12=0x141592000c575517
a13=0x141592000c5752c3
a14=0x141592000c5a4baa
a15=0x141592000c5776e7
a16=0x141592000c58cdeb
a17=0x141592000c5881fc
a18=0x141592000bd81d33
a19=0x141592000bd84d6a
a20=0x141592000c577233
a21=0x141592000c574527
a22=0x141592000c5746a3
a23=0x141592000c574da3
a24=0x141592000c5741c9
a25=0x141592000da244ea
a26=0x141592000c5ae886
a27=0x141592000c57510e
a28=0x141592000c5ab6c8
a29=0x141592000c574d05
a30=0x141592000edae61f
a31=0x141592000c57667e
a32=0x141592000c577f43
a33=0x141592000c576449
a34=0x1415920010f4117a
a35=0x141592000c575966
a36=0x141592000c574d35
a37=0x141592000c576fb1
a38=0x141592000c5aea5d
a39=0x141592000c59f23f

l0,0=0,92,89,96,90,54,87,82,17,90,86,0,0,0,0,0,0,0,0,0,0,0,0,0,0,0,0,0,0,0,0,0,0,0,0,0,0,0,0,0
l1,0=86,0,90,92,90,54,64,89,81,76,88,0,0,0,0,0,0,0,0,0,0,0,0,0,0,0,0,0,0,0,0,0,0,0,0,0,0,0,0,0
l2,0=72,93,0,79,92,55,93,91,26,85,92,0,0,72,0,0,0,0,0,0,0,0,0,0,0,0,0,0,0,0,0,0,0,0,0,0,0,0,0,0
l3,0=95,93,86,0,90,51,87,84,78,0,67,0,0,0,0,0,0,0,0,0,0,0,0,0,0,0,0,0,0,0,0,0,0,0,0,0,0,0,0,0
l4,0=92,93,90,92,0,54,81,72,73,70,73,0,0,58,0,0,0,0,0,0,0,0,0,0,0,0,0,0,0,0,0,0,0,0,0,0,0,0,0,0
l5,0=78,94,90,81,86,0,85,83,80,86,81,42,0,51,0,0,0,0,0,0,0,0,0,0,0,0,0,0,0,0,0,0,0,0,0,0,0,0,0,0
l6,0=73,68,94,78,77,39,0,84,75,76,75,41,0,64,0,52,36,0,0,0,0,0,0,0,0,0,0,0,0,0,0,0,0,0,0,0,0,0,0,0
l7,0=64,78,85,66,78,38,80,0,73,80,82,45,0,40,0,25,0,0,0,0,0,0,0,0,0,0,0,0,0,0,0,0,0,0,0,0,0,0,0,0
l8,0=0,62,0,22,52,32,80,70,0,92,51,69,51,91,30,75,80,27,0,0,0,50,0,49,40,1,0,0,0,0,0,0,0,0,0,0,0,0,30,0
l9,0=71,70,84,1,54,40,64,83,91,0,89,60,47,79,27,47,48,44,0,0,0,0,18,0,0,0,0,0,0,0,0,0,0,0,0,0,0,0,0,0
l10,0=69,86,86,65,78,38,72,84,72,96,0,65,66,81,0,69,1,0,0,0,0,0,0,0,0,0,0,0,0,0,0,0,0,0,0,0,0,0,0,0
l11,0=0,0,0,0,0,16,42,57,51,65,38,0,91,57,57,92,45,69,0,46,0,17,0,0,52,33,0,0,0,0,0,0,0,0,0,0,40,0,51,0
l12,0=0,0,0,0,0,0,0,0,49,60,23,84,0,84,85,90,27,100,0,0,27,26,0,83,92,83,0,0,0,0,0,0,0,30,0,0,26,0,61,0
l13,0=0,0,20,0,30,18,49,49,87,73,58,71,72,0,59,57,13,47,0,44,0,39,16,76,39,37,0,0,0,0,0,0,0,0,0,0,0,0,54,0
l14,0=0,0,0,0,0,0,0,0,72,63,4,61,70,51,0,47,58,47,0,0,39,0,17,83,82,71,0,0,0,0,0,0,0,33,0,0,15,0,54,0
l15,0=0,0,0,0,0,0,39,37,53,62,41,96,93,49,52,0,23,57,0,0,7,0,15,14,82,0,0,0,0,0,0,0,0,0,0,0,35,0,65,0
l16,0=0,0,0,0,0,0,24,0,75,53,0,56,35,25,54,29,0,50,0,57,20,29,21,54,70,0,0,0,0,0,0,0,0,22,0,12,30,7,75,58
l17,0=0,0,0,0,0,0,0,0,46,58,0,64,92,44,55,48,43,0,0,0,27,29,14,0,59,44,0,0,0,0,0,0,0,36,0,0,44,0,50,0
l18,0=0,0,0,0,0,0,0,0,0,0,0,0,0,0,0,0,0,0,0,0,69,0,52,0,0,0,0,0,0,0,0,0,0,0,0,0,0,0,0,0
l19,0=0,0,0,0,0,0,0,0,7,0,0,29,0,40,0,0,66,0,0,0,79,28,89,0,0,0,14,0,0,0,0,10,0,0,0,26,68,0,58,87
l20,0=0,0,0,0,0,0,0,0,0,0,0,0,35,4,24,1,33,30,83,83,0,92,88,0,0,0,0,0,0,0,0,0,0,0,10,32,50,75,97,97
l21,0=0,0,0,0,0,0,0,0,75,0,0,24,30,68,0,0,79,48,40,36,88,0,88,0,0,0,0,0,0,0,0,0,0,0,0,69,63,34,78,76
l22,0=0,0,0,0,0,0,0,0,29,32,0,0,6,35,21,13,46,17,75,89,88,92,0,0,1,0,3,0,0,0,0,7,2,0,0,37,56,45,81,87
l23,0=0,0,0,0,0,0,0,0,62,0,0,0,70,49,53,15,27,0,0,0,0,0,0,0,84,35,0,0,0,0,0,0,7,33,48,0,0,0,0,0
l24,0=0,0,0,0,0,0,0,0,55,0,0,56,90,35,71,81,59,41,0,0,0,0,1,88,0,68,0,0,0,0,0,0,23,34,43,0,0,0,0,0
l25,0=0,0,0,0,0,0,0,0,43,0,0,29,84,43,88,0,1,52,0,0,0,0,0,70,77,0,24,2,0,0,0,20,40,47,78,0,0,0,0,0
l26,0=0,0,0,0,0,0,0,0,0,0,0,0,0,0,0,0,0,0,0,56,0,1,13,0,0,60,0,66,95,84,95,90,64,60,70,0,0,0,0,0
l27,0=0,0,0,0,0,0,0,0,0,0,0,0,0,0,0,0,0,0,0,0,0,0,0,0,0,1,74,0,95,88,98,82,80,67,75,0,0,0,0,0
l28,0=0,0,0,0,0,0,0,0,0,0,0,0,0,0,0,0,0,0,0,0,0,0,0,0,0,0,81,100,0,88,97,88,77,59,75,0,0,0,0,0
l29,0=0,0,0,0,0,0,0,0,0,0,0,0,0,0,0,0,0,0,0,0,0,0,0,0,0,3,79,100,95,0,98,70,61,55,64,0,0,0,0,0
l30,0=0,0,0,0,0,0,0,0,0,0,0,0,0,0,0,0,0,0,0,0,0,0,0,0,0,0,73,100,95,88,0,69,67,66,0,0,0,0,0,0
l31,0=0,0,0,0,0,0,0,0,0,0,0,0,0,0,0,0,0,0,0,34,0,0,33,9,0,56,72,55,85,73,63,0,83,81,89,0,0,0,0,0
l32,0=0,0,0,0,0,0,0,0,0,0,0,0,0,0,0,0,0,0,0,0,0,0,0,42,59,60,66,52,74,62,66,84,0,83,93,0,0,0,0,0
l33,0=0,0,0,0,0,0,0,0,0,0,0,0,59,0,47,0,56,66,0,0,0,0,0,64,64,63,62,39,78,60,78,84,85,0,81,0,0,0,0,0
l34,0=0,0,0,0,0,0,0,0,0,0,0,0,0,0,0,0,2,0,0,0,51,0,0,66,59,73,68,57,83,65,0,86,89,71,0,0,0,0,0,0
l35,0=0,0,0,0,0,0,0,0,0,0,0,0,0,0,0,0,12,0,0,26,14,27,17,0,0,0,0,0,0,0,0,0,0,0,0,0,80,73,97,81
l36,0=0,0,0,0,0,0,0,0,0,0,0,25,12,0,5,9,19,22,0,42,48,23,31,0,0,0,0,0,0,0,0,0,0,0,0,50,0,85,96,94
l37,0=0,0,0,0,0,0,0,0,0,0,0,0,0,0,0,0,1,0,0,0,55,18,13,0,0,0,0,0,0,0,0,0,0,0,0,50,56,0,0,95
l38,0=0,0,0,0,0,0,0,0,30,0,0,9,29,24,6,18,41,10,0,34,55,28,25,0,0,0,0,0,0,0,0,0,0,0,0,82,57,0,0,96
l39,0=0,0,0,0,0,0,0,0,0,0,0,0,0,0,0,0,23,0,0,70,55,26,30,0,0,0,0,0,0,0,0,0,0,0,0,46,56,90,96,0

l0,1=0,79,47,86,88,76,75,0,48,64,65,0,0,1,0,0,0,0,0,0,0,0,0,0,0,0,0,0,0,0,0,0,0,0,0,0,0,0,0,0
l1,1=75,0,67,82,88,84,71,67,55,63,72,0,0,40,0,0,0,0,0,0,0,0,0,0,0,0,0,0,0,0,0,0,0,0,0,0,0,0,0,0
l2,1=62,86,0,69,75,88,89,64,0,60,81,0,0,0,0,23,0,0,0,0,0,0,0,0,0,0,0,0,0,0,0,0,0,0,0,0,0,0,0,0
l3,1=90,86,56,0,78,80,65,53,0,0,68,0,0,0,0,0,0,0,0,0,0,0,0,0,0,0,0,0,0,0,0,0,0,0,0,0,0,0,0,0
l4,1=85,80,55,66,0,82,62,49,65,61,65,0,0,57,11,0,0,0,0,0,0,0,0,0,0,0,0,0,0,0,0,0,0,0,0,0,0,0,0,0
l5,1=72,82,72,70,82,0,74,77,56,66,69,0,0,0,0,0,0,0,0,0,0,0,0,0,0,0,0,0,0,0,0,0,0,0,0,0,0,0,0,0
l6,1=67,51,67,44,52,67,0,74,56,54,66,56,5,61,0,0,26,0,0,0,0,0,0,0,0,0,0,0,0,0,0,0,0,0,0,0,0,0,0,0
l7,1=0,38,46,33,49,76,83,0,67,70,84,51,14,2,0,0,0,0,0,0,0,0,0,0,0,0,0,0,0,0,0,0,0,0,0,0,0,0,0,0
l8,1=30,28,0,0,66,53,70,70,0,76,65,68,43,74,47,60,54,30,0,0,0,57,30,7,0,0,0,0,0,0,0,0,0,0,0,0,0,0,0,0
l9,1=36,45,47,0,55,63,55,72,77,0,85,61,52,76,49,53,43,41,0,0,0,24,21,0,0,0,0,0,0,0,0,0,0,0,0,0,0,0,0,0
l10,1=58,56,61,43,54,68,77,87,55,81,0,57,0,76,5,53,3,0,0,0,0,17,0,0,4,0,0,0,0,0,0,0,0,0,0,0,0,0,0,0
l11,1=0,0,0,0,0,0,45,26,27,28,41,0,77,81,68,75,50,64,0,17,7,3,0,2,43,1,0,0,0,0,0,0,0,0,0,18,43,0,25,0
l12,1=0,0,0,0,0,0,0,0,4,20,0,81,0,72,78,70,60,75,0,0,25,28,10,48,87,67,0,0,0,0,0,0,0,0,0,0,8,0,24,0
l13,1=0,0,0,0,31,0,39,0,39,57,59,77,73,0,41,48,52,58,0,18,21,31,23,30,40,1,0,0,0,0,0,0,0,0,0,0,0,0,26,0
l14,1=0,0,0,0,8,0,0,0,23,24,0,66,80,51,0,44,57,42,0,0,27,20,9,64,64,69,0,0,0,0,0,0,0,0,0,0,0,0,0,0
l15,1=0,0,1,0,0,0,0,0,28,28,40,88,82,45,38,0,37,56,0,0,1,0,15,14,80,0,0,0,0,0,0,0,0,0,0,0,40,0,0,0
l16,1=0,0,0,0,0,0,14,0,15,5,0,41,44,41,51,38,0,47,0,6,29,33,25,20,41,44,0,0,0,0,0,0,0,3,0,39,37,11,0,34
l17,1=0,0,0,0,0,0,0,0,6,17,0,72,91,55,46,67,66,0,0,0,19,8,16,18,46,27,0,0,0,0,0,0,0,4,0,1,39,0,0,0
l18,1=0,0,0,0,0,0,0,0,0,0,0,0,0,0,0,0,0,0,0,48,62,50,56,0,0,0,0,0,0,0,0,0,0,0,0,0,0,0,0,0
l19,1=0,0,0,0,0,0,0,0,0,0,0,22,0,29,0,0,7,0,28,0,64,31,70,0,0,0,37,0,0,0,0,22,0,0,0,30,51,24,59,60
l20,1=0,0,0,0,0,0,0,0,0,0,0,1,38,32,32,1,55,24,32,71,0,72,69,0,0,0,0,0,0,0,0,0,0,0,0,30,55,36,67,64
l21,1=0,0,0,0,0,0,0,0,29,18,10,1,39,40,26,0,56,15,31,26,69,0,68,0,0,0,9,0,0,0,0,16,6,0,0,59,36,25,66,64
l22,1=0,0,0,0,0,0,0,0,21,12,0,0,27,35,19,32,56,29,38,71,71,72,0,0,6,0,4,0,0,0,0,25,0,0,0,58,64,22,29,69
l23,1=0,0,0,0,0,0,0,0,25,0,0,0,64,63,71,12,46,9,0,0,0,0,0,0,77,67,0,0,0,0,0,0,0,3,46,0,0,0,0,0
l24,1=0,0,0,0,0,0,0,0,0,0,0,51,82,52,69,65,52,41,0,0,0,0,6,68,0,72,0,0,0,0,0,0,22,22,32,0,0,0,0,0
l25,1=0,0,0,0,0,0,0,0,0,0,0,0,62,13,69,0,49,25,0,0,0,0,0,51,63,0,35,0,17,2,0,39,0,41,41,0,0,0,0,0
l26,1=0,0,0,0,0,0,0,0,0,0,0,0,0,0,0,0,0,0,0,48,0,8,22,0,0,45,0,68,74,77,50,73,68,55,36,0,0,0,0,0
l27,1=0,0,0,0,0,0,0,0,0,0,0,0,0,0,0,0,0,0,0,0,0,0,0,0,0,0,70,0,75,85,73,53,63,43,50,0,0,0,0,0
l28,1=0,0,0,0,0,0,0,0,0,0,0,0,0,0,0,0,0,0,0,3,0,0,0,0,0,36,86,82,0,86,58,65,47,43,40,0,0,0,0,0
l29,1=0,0,0,0,0,0,0,0,0,0,0,0,0,0,0,0,0,0,0,0,0,0,0,0,0,0,78,79,75,0,57,61,55,42,40,0,0,0,0,0
l30,1=0,0,0,0,0,0,0,0,0,0,0,0,0,0,0,0,0,0,0,0,0,0,0,0,0,0,68,89,71,82,0,46,48,46,0,0,0,0,0,0
l31,1=0,0,0,0,0,0,0,0,0,0,0,0,0,0,0,0,0,0,0,39,3,14,36,0,0,50,75,52,62,58,27,0,67,54,58,0,0,0,0,0
l32,1=0,0,0,0,0,0,0,0,0,0,0,0,0,0,0,0,0,0,0,0,0,0,0,0,48,0,71,53,48,57,26,68,0,59,72,0,0,0,0,0
l33,1=0,0,0,0,0,0,0,0,0,0,0,0,0,0,0,0,38,31,0,0,0,0,0,16,48,61,64,48,54,46,37,65,61,0,50,0,0,0,0,0
l34,1=0,0,0,0,0,0,0,0,0,0,0,0,0,0,0,0,0,0,0,0,19,0,0,42,48,54,50,55,55,54,0,69,83,43,0,0,0,0,0,0
l35,1=0,0,0,0,0,0,0,0,0,0,0,0,0,0,0,0,38,0,0,13,9,40,33,0,0,0,0,0,0,0,0,0,0,0,0,0,63,40,70,47
l36,1=0,0,0,0,0,0,0,0,0,0,0,33,7,0,0,30,36,20,0,23,41,17,36,0,0,0,0,0,0,0,0,0,0,0,0,65,0,40,45,50
l37,1=0,0,0,0,0,0,0,0,0,0,0,0,0,0,0,0,10,0,0,11,38,15,11,0,0,0,0,0,0,0,0,0,0,0,0,67,64,0,40,59
l38,1=0,0,0,0,0,0,0,0,0,0,0,34,37,35,0,0,0,0,0,28,43,41,27,0,0,0,0,0,0,0,0,0,0,0,0,69,69,33,0,54
l39,1=0,0,0,0,0,0,0,0,0,0,0,0,0,0,0,0,39,0,0,31,38,35,35,0,0,0,0,0,0,0,0,0,0,0,0,47,50,36,39,0

l0,2=0,64,72,74,82,56,69,53,57,58,55,0,0,12,0,0,0,0,0,0,0,0,0,0,0,0,0,0,0,0,0,0,0,0,0,0,0,0,0,0
l1,2=65,0,75,82,87,68,72,55,42,61,67,0,0,0,0,0,0,0,0,0,0,0,0,0,0,0,0,0,0,0,0,0,0,0,0,0,0,0,0,0
l2,2=48,56,0,59,61,83,82,63,29,73,67,0,0,0,0,16,0,0,0,0,0,0,0,0,0,0,0,0,0,0,0,0,0,0,0,0,0,0,0,0
l3,2=71,82,76,0,71,56,53,0,53,1,0,0,0,0,0,0,0,0,0,0,0,0,0,0,0,0,0,0,0,0,0,0,0,0,0,0,0,0,0,0
l4,2=63,64,70,69,0,61,71,46,0,76,34,0,0,0,0,0,0,0,0,0,0,0,0,0,0,0,0,0,0,0,0,0,0,0,0,0,0,0,0,0
l5,2=50,60,81,43,67,0,69,63,56,68,67,0,0,0,0,6,0,0,0,0,0,0,0,0,0,0,0,0,0,0,0,0,0,0,0,0,0,0,0,0
l6,2=48,56,76,34,61,54,0,54,49,67,68,24,37,5,0,37,0,0,0,0,0,0,0,0,0,0,0,0,0,0,0,0,0,0,0,0,0,0,0,0
l7,2=41,51,71,30,53,59,67,0,65,71,76,21,0,32,0,48,0,0,0,0,0,0,0,0,0,0,0,0,0,0,0,0,0,0,0,0,0,0,0,0
l8,2=28,3,1,26,0,41,43,65,0,86,61,38,9,66,1,54,35,34,0,0,0,50,34,0,42,2,0,0,0,0,0,0,0,0,0,0,0,0,2,0
l9,2=30,45,64,4,51,47,61,56,78,0,75,33,42,67,0,47,27,27,0,0,1,25,0,0,2,0,0,0,0,0,0,0,0,0,0,0,0,0,0,0
l10,2=34,46,59,10,39,53,73,75,61,86,0,31,0,47,0,40,0,3,0,0,0,0,0,23,0,0,0,0,0,0,0,0,0,0,0,0,0,0,0,0
l11,2=0,0,0,0,0,0,36,18,49,38,17,0,76,71,67,70,33,68,0,34,36,40,32,28,0,7,0,0,0,0,0,0,0,0,0,14,34,0,31,3
l12,2=0,0,0,0,0,0,35,0,25,34,0,68,0,38,74,70,47,81,0,0,0,44,0,60,85,75,0,0,0,0,0,0,0,0,0,0,6,0,27,0
l13,2=0,0,0,0,0,0,0,30,63,70,37,62,44,0,47,53,36,36,0,38,24,47,37,33,38,35,0,0,0,0,0,0,0,0,0,0,0,0,34,0
l14,2=0,0,0,0,0,0,0,0,2,0,0,52,80,38,0,45,49,39,0,0,20,0,0,65,75,64,0,0,0,0,0,0,0,39,0,0,0,0,31,0
l15,2=0,0,1,0,0,0,29,34,59,40,17,85,76,53,47,0,21,44,0,13,39,0,0,31,71,0,0,0,0,0,0,0,0,0,0,0,21,0,32,21
l16,2=0,0,0,0,0,0,0,0,43,26,0,33,60,25,62,24,0,60,0,33,60,51,58,0,44,42,0,0,0,0,0,0,0,32,0,50,42,2,35,44
l17,2=0,0,0,0,0,0,0,0,42,33,0,78,83,39,49,64,64,0,0,0,35,45,36,30,61,0,0,0,0,0,0,0,0,27,0,0,36,0,29,0
l18,2=0,0,0,0,0,0,0,0,0,0,0,0,0,1,0,0,0,0,0,44,56,61,48,0,0,0,0,0,0,0,0,0,0,0,0,0,0,0,0,0
l19,2=0,0,0,0,0,0,0,0,0,0,0,25,0,21,0,1,27,0,32,0,67,0,65,0,0,0,49,0,0,0,0,28,0,0,0,0,53,10,42,59
l20,2=0,0,0,0,0,0,0,0,0,0,0,10,0,15,32,40,46,19,33,64,0,68,63,0,0,0,0,0,0,0,0,1,0,0,16,41,60,57,49,62
l21,2=0,0,0,0,0,0,0,0,49,26,0,26,46,20,3,0,48,33,37,0,74,0,68,0,0,0,0,0,0,0,0,0,0,32,0,62,60,31,49,63
l22,2=0,0,0,0,0,0,0,0,39,0,0,18,3,17,0,0,46,26,34,68,71,69,0,0,0,0,15,0,0,34,0,22,0,0,0,68,59,47,31,62
l23,2=0,0,0,0,0,0,0,0,0,5,0,20,70,46,66,10,0,37,0,0,0,0,0,0,79,69,0,0,0,0,0,0,0,0,12,0,0,0,0,0
l24,2=0,0,0,0,0,0,0,0,55,0,0,0,75,57,64,61,49,51,0,0,0,0,0,66,0,72,0,0,0,0,0,0,0,35,32,0,19,0,0,0
l25,2=0,0,0,0,0,0,0,0,21,0,0,0,69,37,63,0,46,0,0,0,0,0,0,54,73,0,43,0,0,0,0,42,60,57,58,0,0,0,0,0
l26,2=0,0,0,0,0,0,0,0,0,0,0,0,0,0,0,0,0,0,0,53,0,0,11,0,0,54,0,6,69,77,60,57,74,62,62,0,0,0,0,0
l27,2=0,0,0,0,0,0,0,0,0,0,0,0,0,0,0,0,0,0,0,0,0,0,0,0,0,0,16,0,67,87,80,53,66,49,61,0,0,0,0,0
l28,2=0,0,0,0,0,0,0,0,0,0,0,0,0,0,0,0,0,0,0,0,0,0,0,0,0,0,77,73,0,89,64,50,50,48,50,0,0,0,0,0
l29,2=0,0,0,0,0,0,0,0,0,0,0,0,0,0,0,0,0,0,0,0,0,0,36,0,0,0,71,71,69,0,61,49,66,0,10,0,0,0,0,0
l30,2=0,0,0,0,0,0,0,0,0,0,0,0,0,0,0,0,0,0,0,0,0,0,0,0,0,0,64,82,62,73,0,37,58,55,48,0,0,0,0,0
l31,2=0,0,0,0,0,0,0,0,0,0,0,0,0,0,0,0,0,0,0,48,11,0,35,0,0,46,70,41,57,57,37,0,78,69,73,0,0,0,0,0
l32,2=0,0,0,0,0,0,0,0,0,0,0,0,0,0,0,0,0,0,0,0,0,0,0,0,0,48,62,38,41,57,39,54,0,67,85,0,0,0,0,0
l33,2=0,0,0,0,0,0,0,0,0,0,0,0,0,0,54,0,38,35,0,0,0,44,0,0,52,62,60,38,51,0,45,51,68,0,70,0,0,0,0,0
l34,2=0,0,0,0,0,0,0,0,0,0,0,0,0,0,0,0,0,0,0,0,47,0,0,29,41,47,60,39,44,35,39,60,86,70,0,0,0,0,0,0
l35,2=0,0,0,0,0,0,0,0,0,0,0,0,0,0,0,0,29,0,0,0,34,50,47,0,0,0,0,0,0,0,0,0,0,0,0,0,65,63,52,59
l36,2=0,0,0,0,0,0,0,0,0,0,0,33,12,0,0,8,43,34,0,51,65,55,56,0,10,0,0,0,0,0,0,0,0,0,0,70,0,63,52,59
l37,2=0,0,0,0,0,0,0,0,0,0,0,0,0,0,0,0,1,0,0,12,52,35,42,0,0,0,0,0,0,0,0,0,0,0,0,70,65,0,47,53
l38,2=0,0,0,0,0,0,0,0,0,0,0,23,29,21,26,27,33,21,0,33,67,54,25,0,0,0,0,0,0,0,0,0,0,0,0,74,66,56,0,58
l39,2=0,0,0,0,0,0,0,0,0,0,0,0,0,0,0,0,35,0,0,53,57,60,51,0,0,0,0,0,0,0,0,0,0,0,0,64,53,47,46,0

l0,3=0,75,79,85,78,52,76,57,0,52,0,0,0,0,0,0,0,0,0,0,0,0,0,0,0,0,0,0,0,0,0,0,0,0,0,0,0,0,0,0
l1,3=79,0,73,86,84,53,83,69,32,76,52,0,0,0,0,0,0,0,0,0,0,0,0,0,0,0,0,0,0,0,0,0,0,0,0,0,0,0,0,0
l2,3=77,57,0,87,87,57,94,84,62,77,87,0,0,47,0,0,0,0,0,0,0,0,0,0,0,0,0,0,0,0,0,0,0,0,0,0,0,0,0,0
l3,3=76,83,83,0,84,0,82,0,6,0,61,0,0,0,0,0,0,0,0,0,0,0,0,0,0,0,0,0,0,0,0,0,0,0,0,0,0,0,0,0
l4,3=56,72,87,86,0,57,77,9,0,70,10,0,0,32,0,0,0,0,0,0,0,0,0,0,13,0,0,0,0,0,0,0,0,0,0,0,0,0,0,0
l5,3=77,77,89,0,84,0,80,81,33,67,70,18,0,53,9,9,0,0,0,0,0,0,0,0,0,0,0,0,0,0,0,0,0,0,0,0,0,0,0,0
l6,3=57,71,89,72,64,40,0,77,61,67,79,50,60,50,0,55,47,0,0,0,0,0,0,0,0,0,0,0,0,0,0,0,0,0,0,0,0,0,0,0
l7,3=60,55,79,0,30,46,82,0,82,83,90,0,0,59,0,41,21,0,0,0,0,0,0,0,0,0,0,0,0,0,0,0,0,0,0,0,0,0,0,0
l8,3=0,9,36,7,0,12,73,82,0,86,85,75,0,76,16,80,40,28,0,0,0,31,26,0,29,0,0,0,0,0,0,0,0,0,0,0,0,0,15,0
l9,3=25,25,38,3,31,10,30,81,87,0,92,23,24,75,25,35,0,4,0,0,32,4,0,0,0,0,0,0,0,0,0,0,0,0,0,0,0,0,0,0
l10,3=0,22,80,21,26,46,84,85,80,88,0,23,9,72,4,26,0,0,0,0,0,0,0,22,7,0,0,0,0,0,0,0,0,0,0,0,0,0,19,0
l11,3=0,0,0,0,0,12,68,0,77,59,64,0,83,78,82,91,50,88,0,23,28,27,31,42,58,26,0,0,0,0,0,0,0,0,0,0,56,13,68,0
l12,3=0,0,0,0,0,0,26,0,0,27,0,97,0,37,92,91,27,96,0,23,0,31,11,80,93,86,0,0,0,0,0,0,0,0,0,30,30,0,36,0
l13,3=0,0,27,0,22,10,15,21,87,82,78,91,60,0,0,76,24,55,21,16,29,22,24,41,29,25,0,0,0,0,0,0,0,0,0,0,0,0,30,0
l14,3=0,0,0,0,0,0,0,0,31,32,0,53,88,0,0,29,33,26,0,0,29,0,0,93,85,37,0,0,0,0,0,0,0,20,0,0,0,0,38,0
l15,3=0,0,0,0,0,2,22,29,82,74,21,97,84,73,23,0,53,73,0,19,69,39,0,69,85,0,0,0,0,0,0,0,0,0,0,0,0,0,38,23
l16,3=0,0,0,0,0,0,23,9,38,0,0,29,61,33,66,39,0,77,27,0,79,73,79,0,59,30,0,0,0,0,0,0,0,24,0,0,70,9,73,35
l17,3=0,0,0,0,0,0,0,0,64,10,0,89,88,57,32,79,79,0,0,0,51,44,35,51,82,0,0,0,0,0,0,0,0,13,0,0,72,15,59,47
l18,3=0,0,0,0,0,0,0,0,0,0,0,0,0,41,0,0,31,0,0,66,52,36,43,0,0,0,0,0,0,0,0,0,0,0,0,0,0,0,0,0
l19,3=0,0,0,0,0,0,0,0,0,0,0,9,30,23,0,11,0,0,49,0,88,84,93,0,0,0,0,0,0,31,0,46,0,0,0,0,78,52,50,14
l20,3=0,0,0,0,0,0,0,0,0,33,0,18,0,45,5,81,77,48,47,88,0,90,93,0,55,0,0,0,0,0,0,0,0,0,21,45,87,92,89,84
l21,3=0,0,0,0,0,0,0,0,72,25,0,44,40,33,0,45,74,47,45,86,92,0,92,0,0,0,0,0,0,0,0,0,32,52,0,51,87,83,80,71
l22,3=0,0,0,0,0,0,0,0,45,0,0,40,8,43,0,0,77,42,44,99,97,90,0,0,0,0,42,0,0,55,0,0,0,0,0,87,87,67,88,84
l23,3=0,0,0,0,0,0,0,0,0,0,0,32,76,36,82,35,0,29,0,0,0,0,0,0,92,82,0,0,0,0,0,1,0,9,2,0,0,0,0,0
l24,3=0,0,0,0,0,0,0,0,34,0,1,40,85,26,80,81,30,52,0,0,33,0,0,89,0,82,0,0,0,0,0,0,0,37,0,0,33,0,31,0
l25,3=0,0,0,0,0,0,0,0,0,0,0,31,80,34,80,0,27,0,0,0,0,0,0,85,88,0,10,0,0,0,0,34,46,68,28,0,0,0,0,0
l26,3=0,0,0,0,0,0,0,0,0,0,0,0,0,0,0,0,0,0,0,0,0,0,61,0,0,35,0,79,97,95,93,97,80,59,78,0,0,0,0,0
l27,3=0,0,0,0,0,0,0,0,0,0,0,0,0,0,0,0,0,0,0,0,0,0,0,0,0,0,90,0,97,97,99,94,83,2,24,0,0,0,0,0
l28,3=0,0,0,0,0,0,0,0,0,0,0,0,0,0,0,0,0,0,0,0,0,0,0,0,0,0,94,100,0,97,88,86,71,81,69,0,0,0,0,0
l29,3=0,0,0,0,0,0,0,0,0,0,0,0,0,0,0,0,0,0,0,46,0,0,58,0,0,0,93,99,97,0,96,84,75,56,69,0,0,0,0,0
l30,3=0,0,0,0,0,0,0,0,0,0,0,0,0,0,0,0,0,0,0,0,0,0,0,0,0,0,90,100,91,94,0,78,77,64,0,0,0,0,0,0
l31,3=0,0,0,0,0,0,0,0,0,0,0,0,0,0,0,0,0,0,0,33,0,0,1,17,0,57,94,81,84,79,70,0,94,90,90,0,0,0,0,0
l32,3=0,0,0,0,0,0,0,0,0,0,0,0,1,0,0,0,0,0,0,0,0,17,0,0,0,70,85,71,78,79,82,98,0,89,94,0,0,0,0,0
l33,3=0,0,0,0,0,0,0,0,0,0,0,0,0,0,14,0,22,2,0,0,0,19,0,14,81,86,26,0,87,21,37,93,87,0,89,0,0,0,0,0
l34,3=0,0,0,0,0,0,0,0,0,0,0,0,0,0,6,0,0,0,0,0,30,0,0,29,1,77,76,33,81,82,29,94,94,91,0,0,0,0,0,0
l35,3=0,0,0,0,0,0,0,0,0,0,0,0,21,0,0,0,0,0,0,0,31,26,84,0,0,0,0,0,0,0,0,0,0,0,0,0,88,90,88,80
l36,3=0,0,0,0,0,0,0,0,0,0,0,36,17,0,0,0,61,55,0,71,81,73,78,0,39,0,0,0,0,0,0,0,0,0,0,85,0,91,87,66
l37,3=0,0,0,0,0,0,0,0,0,0,0,0,0,0,0,0,10,3,0,51,83,61,60,0,0,0,0,0,0,0,0,0,0,0,0,87,87,0,80,69
l38,3=0,0,0,0,0,0,0,0,12,0,0,52,38,33,61,67,67,42,0,58,89,76,85,0,18,0,0,0,0,0,0,0,0,0,0,89,90,86,0,72
l39,3=0,0,0,0,0,0,0,0,0,0,0,0,0,0,0,3,62,25,0,1,89,73,90,0,0,0,0,0,0,0,0,0,0,0,0,88,87,86,86,0

l0,4=0,78,65,89,0,69,88,82,0,79,65,0,0,0,0,0,0,0,0,0,0,0,0,0,0,0,0,0,0,0,0,0,0,0,0,0,0,0,0,0
l1,4=73,0,79,87,88,72,92,68,72,80,13,0,0,0,0,0,0,0,0,0,0,0,0,0,0,0,0,0,0,0,0,0,0,0,0,0,0,0,0,0
l2,4=68,82,0,87,87,74,93,84,4,79,91,0,0,72,0,0,0,0,0,0,0,0,0,0,0,0,0,0,0,0,0,0,0,0,0,0,0,0,0,0
l3,4=89,84,79,0,85,57,88,0,68,0,70,0,0,0,0,0,0,0,0,0,0,0,0,0,0,0,0,0,0,0,0,0,0,0,0,0,0,0,0,0
l4,4=0,82,76,81,0,57,77,75,71,67,0,0,0,4,0,0,0,0,0,0,0,0,0,0,0,0,0,0,0,0,0,0,0,0,0,0,0,0,0,0
l5,4=75,78,83,76,84,0,85,89,65,76,71,0,0,73,0,45,0,0,0,0,0,0,0,0,0,0,0,0,0,0,0,0,0,0,0,0,0,0,0,0
l6,4=71,80,86,79,76,67,0,96,77,79,94,61,55,0,0,53,71,0,0,0,0,0,0,0,0,0,0,0,0,0,0,0,0,0,0,0,0,0,0,0
l7,4=74,61,81,0,81,76,94,0,90,88,98,60,0,0,0,62,0,0,0,0,0,0,0,0,0,0,0,0,0,0,0,0,0,0,0,0,0,0,0,0
l8,4=0,60,0,68,71,3,72,75,0,86,78,62,61,81,2,61,75,71,0,0,60,65,55,0,13,0,0,0,0,0,0,0,0,0,0,0,0,0,0,0
l9,4=71,72,67,0,76,57,84,86,93,0,98,62,0,79,11,56,0,74,0,0,70,0,64,0,0,0,0,0,0,0,0,0,0,0,0,0,0,0,0,0
l10,4=63,0,83,74,0,62,92,96,86,89,0,68,61,81,70,57,0,64,0,0,0,0,0,44,0,0,0,0,0,0,0,0,0,0,0,0,0,0,0,0
l11,4=0,0,0,0,0,0,80,70,83,73,78,0,75,78,79,81,79,79,0,1,22,66,68,77,76,24,0,0,0,0,0,0,0,0,0,2,78,0,64,0
l12,4=0,0,0,0,0,0,19,0,79,0,75,65,0,75,84,67,86,95,0,44,38,0,0,82,88,85,0,0,0,0,0,0,52,0,0,0,4,0,64,0
l13,4=0,0,41,0,5,53,0,0,88,74,77,61,65,0,71,66,77,75,0,44,80,62,64,75,74,73,0,0,0,0,0,0,0,0,0,0,0,0,63,0
l14,4=0,0,0,0,0,0,0,0,14,0,76,68,82,75,0,0,80,75,0,0,83,11,0,88,94,81,0,0,0,0,0,9,0,72,23,0,3,0,64,0
l15,4=0,0,0,0,0,27,61,68,84,65,74,79,78,85,0,0,77,72,0,37,79,56,56,75,85,13,0,0,0,0,0,0,0,0,0,0,75,0,64,0
l16,4=0,0,0,0,0,0,78,0,76,0,0,59,78,76,76,65,0,87,74,69,90,69,75,73,81,78,0,0,0,0,0,0,0,58,25,78,74,0,84,87
l17,4=0,0,0,0,0,0,0,0,78,68,67,71,84,84,71,66,94,0,0,0,82,65,65,60,87,74,0,0,0,0,0,0,0,0,0,64,81,0,49,83
l18,4=0,0,0,0,0,0,0,0,0,0,0,0,0,0,0,0,83,0,0,81,53,78,89,0,0,0,0,0,0,0,0,0,0,0,0,0,0,0,0,0
l19,4=0,0,0,0,0,0,0,0,0,0,0,0,52,49,0,3,83,0,78,0,94,81,95,0,0,0,0,0,0,0,0,0,0,0,0,0,82,58,73,86
l20,4=0,0,0,0,0,0,0,0,46,49,0,0,36,81,73,66,87,80,24,89,0,79,95,0,82,0,0,0,36,0,0,0,48,0,0,79,93,67,88,92
l21,4=0,0,0,0,0,0,0,0,72,0,0,61,0,69,2,60,90,66,78,85,91,0,92,0,46,0,0,0,0,0,0,0,9,0,0,25,92,59,78,92
l22,4=0,0,0,0,0,0,0,0,58,61,0,54,0,73,0,47,89,56,73,96,97,80,0,0,0,0,76,0,0,37,0,0,0,41,0,84,92,65,88,86
l23,4=0,0,0,0,0,0,0,0,0,0,8,64,75,81,89,68,76,8,0,0,0,0,0,0,92,93,0,0,0,0,0,0,0,69,83,0,0,0,0,0
l24,4=0,0,0,0,0,0,0,0,33,0,0,59,76,74,91,66,80,82,0,0,82,2,0,95,0,82,0,0,0,0,0,0,0,73,0,0,0,0,5,0
l25,4=0,0,0,0,0,0,0,0,0,0,0,33,83,68,89,33,75,54,0,0,0,0,0,96,91,0,0,0,0,56,0,68,86,92,88,0,0,0,0,0
l26,4=0,0,0,0,0,0,0,0,0,0,0,0,0,0,0,0,0,0,0,8,0,0,81,0,0,0,0,91,100,100,99,99,98,78,97,0,0,0,0,0
l27,4=0,0,0,0,0,0,0,0,0,0,0,0,0,0,0,0,0,0,0,0,0,0,0,0,0,0,100,0,100,99,100,99,88,0,74,0,0,0,0,0
l28,4=0,0,0,0,0,0,0,0,0,0,0,0,0,0,0,0,0,0,0,71,87,0,0,0,0,0,100,100,0,100,96,92,97,92,97,0,0,0,0,0
l29,4=0,0,0,0,0,0,0,0,0,0,0,0,0,0,0,0,0,0,0,2,0,0,41,0,0,75,100,100,100,0,99,87,86,88,90,0,0,0,0,0
l30,4=0,0,0,0,0,0,0,0,0,0,0,0,0,0,0,0,0,0,0,0,0,0,0,0,0,0,100,100,96,99,0,98,92,82,0,0,0,0,0,0
l31,4=0,0,0,0,0,0,0,0,0,0,0,0,0,0,1,0,0,0,0,0,0,0,0,0,0,84,100,90,93,83,91,0,100,99,100,0,0,0,0,0
l32,4=0,0,0,0,0,0,0,0,0,0,0,0,77,0,0,0,0,0,0,0,82,0,0,0,0,98,98,91,98,98,99,99,0,99,100,0,0,0,0,0
l33,4=0,0,0,0,0,0,0,0,0,0,0,0,45,0,69,0,62,0,0,0,0,0,34,87,87,99,70,0,92,89,84,99,100,0,100,0,0,0,0,0
l34,4=0,0,0,0,0,0,0,0,0,0,0,0,0,0,37,0,69,0,0,0,37,0,0,91,52,98,98,70,98,96,0,99,100,100,0,0,0,0,0,0
l35,4=0,0,0,0,0,0,0,0,0,0,0,0,0,0,0,0,78,19,0,0,59,5,77,0,0,0,0,0,0,0,0,0,0,0,0,0,89,73,83,88
l36,4=0,0,0,0,0,0,0,0,0,0,0,44,12,0,0,48,65,68,0,51,85,59,73,0,0,0,0,0,0,0,0,0,0,0,0,85,0,69,84,83
l37,4=0,0,0,0,0,0,0,0,0,0,0,0,0,0,0,0,0,0,0,48,77,53,78,0,0,0,0,0,0,0,0,0,0,0,0,85,90,0,80,67
l38,4=0,0,0,0,0,0,0,0,0,0,0,60,64,58,70,62,83,4,0,63,90,64,86,0,0,0,0,0,0,0,0,0,0,0,0,87,88,67,0,86
l39,4=0,0,0,0,0,0,0,0,0,0,0,0,0,0,0,0,83,56,0,67,80,66,57,0,0,0,0,0,0,0,0,0,0,0,0,85,81,43,84,0

l0,5=0,77,67,80,72,74,65,71,12,75,73,0,0,0,0,0,0,0,0,0,0,0,0,0,0,0,0,0,0,0,0,0,0,0,0,0,0,0,0,0
l1,5=78,0,80,72,88,82,78,71,0,75,72,0,0,1,0,0,0,0,0,0,0,0,0,55,0,0,0,0,0,0,0,0,0,0,0,0,0,0,0,0
l2,5=77,84,0,80,79,78,77,70,0,75,74,0,0,0,0,0,0,0,0,0,0,0,0,0,0,0,0,0,0,0,0,0,0,0,0,0,0,0,0,0
l3,5=92,78,82,0,88,70,62,0,0,67,67,0,0,0,0,0,0,0,0,0,0,0,0,0,0,0,0,0,0,0,0,0,0,0,0,0,0,0,0,0
l4,5=81,89,75,82,0,81,70,61,79,65,66,0,0,55,0,22,0,0,0,0,0,0,0,1,0,0,0,0,0,0,0,0,0,0,0,0,0,0,0,0
l5,5=78,83,73,72,75,0,54,72,78,75,74,39,0,63,0,0,0,0,0,0,0,0,0,0,0,0,0,0,0,0,0,0,0,0,0,0,0,0,0,0
l6,5=77,81,72,72,72,59,0,78,77,77,76,69,0,0,0,0,57,0,0,5,0,0,0,0,0,0,0,0,0,0,0,0,0,0,0,0,0,0,0,0
l7,5=77,77,65,1,69,72,67,0,79,75,84,71,0,0,0,58,0,0,0,0,0,0,0,0,0,0,0,0,0,0,0,0,0,0,0,0,0,0,0,0
l8,5=0,0,0,3,68,61,50,71,0,83,74,55,3,82,14,36,61,71,0,0,1,48,52,46,25,0,0,0,0,0,0,0,0,0,0,0,0,0,0,0
l9,5=57,47,53,63,56,72,65,69,80,0,81,70,5,80,0,56,53,74,0,0,14,0,56,0,24,0,0,0,0,0,0,0,0,0,0,0,0,0,38,0
l10,5=58,34,67,61,62,73,66,72,78,89,0,72,4,47,66,52,0,61,0,0,0,0,0,0,0,0,0,0,0,0,0,0,0,0,0,0,0,0,0,0
l11,5=0,0,0,0,0,31,19,44,81,77,61,0,78,58,54,67,68,83,0,0,15,39,32,47,22,12,0,0,0,0,0,0,0,0,0,0,30,43,69,0
l12,5=0,0,0,0,0,0,0,0,0,19,0,72,0,46,85,37,73,85,0,0,7,0,0,65,47,47,0,0,0,0,0,0,43,40,0,18,18,0,59,0
l13,5=0,1,0,0,24,38,0,0,84,82,28,68,27,0,48,61,60,78,0,18,14,0,42,55,15,17,0,0,0,0,0,0,0,0,0,6,18,0,0,0
l14,5=0,0,0,0,0,0,0,0,0,0,41,43,80,47,0,28,71,73,0,0,18,0,24,79,84,29,0,0,0,0,0,0,0,54,3,0,0,0,63,0
l15,5=0,0,0,0,26,0,0,57,63,64,57,81,49,86,45,0,54,65,0,0,15,47,47,60,31,16,0,0,0,0,0,0,0,0,0,0,30,0,68,29
l16,5=0,0,0,0,0,0,13,0,43,42,0,26,31,38,51,19,0,82,0,20,18,46,50,37,24,14,0,0,0,0,0,2,0,12,0,26,0,22,71,35
l17,5=0,0,0,0,0,0,0,0,65,60,30,28,83,58,51,35,77,0,0,0,22,38,31,38,31,19,0,0,0,0,0,0,0,0,0,17,30,0,0,16
l18,5=0,0,0,0,0,0,0,0,0,0,0,0,0,0,0,0,0,0,0,5,0,56,48,0,0,0,0,0,0,0,0,0,0,0,0,0,0,0,0,0
l19,5=0,0,0,0,0,0,0,0,0,0,0,0,0,26,0,0,38,0,0,0,60,58,76,0,0,0,2,0,18,28,0,31,0,0,0,41,39,39,2,50
l20,5=0,0,0,0,0,0,0,0,1,17,0,2,7,21,27,11,41,45,0,71,0,62,76,0,10,0,6,0,9,0,0,0,27,0,0,26,31,49,72,34
l21,5=0,0,0,0,0,0,0,0,40,1,0,10,6,0,0,19,47,29,44,55,62,0,66,0,11,0,0,0,0,0,0,10,0,0,0,30,29,39,58,45
l22,5=0,0,0,0,0,0,0,0,37,36,0,0,9,28,5,20,39,11,35,74,64,60,0,0,0,0,22,0,0,0,0,0,0,0,0,27,41,41,75,33
l23,5=0,1,0,0,0,0,0,0,37,0,0,18,63,46,76,50,36,30,0,0,0,0,0,0,81,74,0,0,0,0,0,5,0,62,47,0,0,0,0,0
l24,5=0,0,0,0,0,0,0,0,54,53,0,17,75,39,86,49,62,71,0,0,15,36,0,81,0,70,0,0,0,0,0,0,0,59,17,0,9,0,0,0
l25,5=0,0,0,0,0,0,0,0,0,0,0,12,70,7,73,28,47,53,0,0,0,0,0,77,75,0,0,0,0,12,0,0,65,64,38,0,0,0,0,0
l26,5=0,0,0,0,0,0,0,0,0,0,0,0,0,0,0,0,0,0,0,18,30,0,39,0,0,0,0,67,88,85,83,74,80,52,62,0,0,0,0,0
l27,5=0,0,0,0,0,0,0,0,0,0,0,0,0,0,0,0,0,0,0,0,0,0,0,0,0,0,76,0,86,78,91,68,69,0,0,0,0,0,0,0
l28,5=0,0,0,0,0,0,0,0,0,0,0,0,0,0,0,0,0,0,0,46,36,0,0,0,0,0,87,89,0,91,90,68,80,67,67,0,0,0,0,0
l29,5=0,0,0,0,0,0,0,0,0,0,0,0,0,0,0,0,0,0,0,45,0,0,0,0,0,26,85,87,88,0,89,41,72,54,56,0,0,0,0,0
l30,5=0,0,0,0,0,0,0,0,0,0,0,0,0,0,0,0,0,0,0,0,0,0,0,0,0,0,82,89,88,87,0,63,2,55,0,0,0,0,0,0
l31,5=0,0,0,0,0,0,0,0,0,0,0,0,0,0,0,0,7,0,0,30,3,5,0,40,0,0,78,55,41,36,43,0,84,64,78,0,0,0,0,0
l32,5=0,0,0,0,0,0,0,0,0,0,0,0,37,0,0,0,0,0,0,0,39,0,0,0,0,66,75,63,57,58,22,83,0,71,92,0,0,0,0,0
l33,5=0,0,0,0,0,0,0,0,0,0,0,0,15,0,64,0,25,0,0,0,0,0,0,64,35,63,61,0,49,36,52,54,68,0,74,0,0,0,0,0
l34,5=0,0,0,0,0,0,0,0,0,0,0,0,29,0,43,0,22,0,0,0,6,0,0,63,47,58,62,0,47,51,0,78,94,80,0,0,0,0,0,0
l35,5=0,0,0,0,0,0,0,0,0,0,0,0,10,3,0,0,27,4,0,14,11,34,34,0,0,0,0,0,0,0,0,0,0,0,0,0,50,51,55,47
l36,5=0,0,0,0,0,0,0,0,3,0,0,14,14,20,0,16,0,41,0,17,16,37,55,0,2,0,0,0,0,0,0,0,0,0,0,39,0,59,64,46
l37,5=0,0,0,0,0,0,0,0,0,0,0,3,0,0,0,0,2,0,0,11,15,33,44,0,0,0,0,0,0,0,0,0,0,0,0,39,32,0,59,35
l38,5=0,0,0,0,0,0,0,0,0,3,0,17,17,0,37,24,53,0,0,0,20,47,63,0,0,0,0,0,0,0,0,0,0,0,0,38,38,58,0,48
l39,5=0,0,0,0,0,0,0,0,0,0,0,0,0,0,0,4,26,0,0,22,14,38,26,0,0,0,0,0,0,0,0,0,0,0,0,35,38,34,68,0

l0,6=0,84,83,83,74,80,76,22,58,20,53,0,0,0,0,0,0,0,0,0,0,0,0,0,0,0,0,0,0,0,0,0,0,0,0,0,0,0,0,0
l1,6=82,0,90,87,74,77,76,7,44,66,37,0,0,0,0,0,0,0,0,0,0,0,0,1,0,0,0,0,0,0,0,0,0,0,0,0,0,0,0,0
l2,6=79,83,0,87,71,81,75,59,4,71,61,0,0,0,0,0,0,0,0,0,0,0,0,0,0,0,0,0,0,0,0,0,0,0,0,0,0,0,0,0
l3,6=79,84,90,0,74,76,70,0,0,52,33,0,0,0,0,0,0,0,0,0,0,0,0,0,0,0,0,0,0,0,0,0,0,0,0,0,0,0,0,0
l4,6=82,84,90,90,0,77,77,0,57,34,46,0,0,52,11,0,0,0,0,0,0,0,0,19,0,0,0,0,0,0,0,0,0,0,0,0,0,0,0,0
l5,6=79,82,88,82,70,0,75,71,72,71,61,0,0,24,0,0,0,0,0,0,0,0,0,0,0,0,0,0,0,0,0,0,0,0,0,0,0,0,0,0
l6,6=65,81,75,68,49,59,0,71,55,70,64,45,6,18,0,0,45,0,0,0,0,0,1,0,0,0,0,0,0,0,0,0,0,0,0,0,0,0,0,0
l7,6=21,25,78,0,19,72,74,0,74,65,67,46,0,0,0,58,0,0,0,0,0,0,0,0,0,0,0,0,0,0,0,0,0,0,0,0,0,0,0,0
l8,6=22,32,0,0,39,44,34,54,0,74,62,55,47,70,26,41,39,32,0,0,29,27,41,10,0,0,0,0,0,0,0,0,0,0,0,0,0,0,0,0
l9,6=1,58,72,60,31,69,71,62,75,0,65,45,47,67,39,45,38,21,0,0,3,0,31,0,0,0,0,0,0,0,0,0,0,0,0,0,0,0,0,0
l10,6=42,42,75,41,46,59,72,72,74,76,0,48,0,52,0,32,34,0,0,0,0,0,0,0,0,0,0,0,0,0,0,0,0,0,0,0,0,0,0,0
l11,6=0,0,0,0,0,0,24,18,47,37,38,0,57,44,54,63,38,21,0,0,0,0,0,24,30,13,0,0,0,0,0,0,0,0,0,0,6,20,36,0
l12,6=0,0,0,0,0,0,0,0,28,32,0,56,0,30,66,48,65,32,0,0,0,12,7,51,69,59,0,0,0,0,0,0,0,36,1,0,1,0,19,0
l13,6=0,0,0,0,32,3,0,0,75,59,32,44,32,0,43,53,28,28,0,21,27,0,30,14,35,2,0,0,0,0,0,0,0,0,0,19,20,0,27,0
l14,6=0,0,0,0,0,0,0,0,19,29,0,40,62,29,0,19,24,27,0,0,28,0,26,51,41,30,0,0,0,0,0,0,0,32,0,0,1,0,25,0
l15,6=0,0,0,0,0,0,0,20,29,42,29,63,53,57,46,0,34,29,0,0,6,23,25,40,34,17,0,0,0,0,0,0,0,0,0,0,12,0,23,0
l16,6=0,0,0,0,0,0,7,0,18,27,28,36,55,26,34,20,0,30,2,9,11,30,28,26,29,8,0,0,0,0,0,0,0,0,0,4,15,10,38,16
l17,6=0,0,0,0,0,0,0,0,35,28,0,45,54,51,61,40,44,0,0,0,44,27,5,26,34,13,0,0,0,0,0,0,0,26,0,0,4,0,34,0
l18,6=0,0,0,0,0,0,0,0,0,0,0,0,0,4,0,0,31,0,0,32,9,26,0,0,0,0,0,0,0,0,0,0,0,0,0,0,0,0,0,0
l19,6=0,0,0,0,0,0,0,0,0,0,0,0,0,30,0,0,28,0,27,0,56,37,56,0,0,0,0,0,0,33,0,28,0,0,0,27,20,0,14,48
l20,6=0,0,0,0,0,0,0,0,22,2,0,0,0,18,28,0,13,19,0,46,0,52,61,0,0,0,0,0,0,0,0,16,0,8,0,25,47,18,37,30
l21,6=0,0,0,0,0,0,0,0,22,4,0,0,25,0,0,21,24,19,13,41,61,0,54,0,0,0,0,0,8,0,0,7,0,0,0,48,27,0,33,45
l22,6=0,0,0,0,0,0,0,0,27,28,0,0,23,33,26,15,30,0,0,48,65,43,0,0,0,0,19,0,0,0,0,0,0,0,0,8,47,29,33,44
l23,6=0,0,0,0,0,0,0,0,6,1,0,0,43,32,49,26,24,9,0,0,0,0,0,0,66,55,0,0,0,0,0,17,0,42,30,0,0,0,0,0
l24,6=0,0,0,0,0,0,0,0,24,0,0,29,69,32,54,25,43,31,0,0,0,0,0,62,0,43,0,0,0,0,0,0,0,36,17,0,0,0,0,0
l25,6=0,0,0,0,0,0,0,0,17,0,0,16,56,0,48,15,20,18,0,0,0,0,0,50,54,0,1,0,0,1,0,0,40,53,3,0,0,0,0,0
l26,6=0,0,0,0,0,0,0,0,0,0,0,0,0,0,0,0,0,0,0,6,5,0,28,0,0,0,0,50,69,83,71,71,76,34,35,0,0,0,0,0
l27,6=0,0,0,0,0,0,0,0,0,0,0,0,0,0,0,0,0,0,0,0,0,0,0,0,0,0,68,0,65,83,89,59,46,0,0,0,0,0,0,0
l28,6=0,0,0,0,0,0,0,0,0,0,0,0,0,0,0,0,0,0,0,14,23,10,1,0,0,0,74,78,0,83,84,62,59,64,53,0,0,0,0,0
l29,6=0,0,0,0,0,0,0,0,0,0,0,0,0,0,0,0,0,0,0,17,0,0,0,0,0,0,70,80,74,0,46,33,36,37,26,0,0,0,0,0
l30,6=0,0,0,0,0,0,0,0,0,0,0,0,0,0,0,0,0,0,0,0,0,0,0,0,0,0,68,88,65,49,0,48,0,3,24,0,0,0,0,0
l31,6=0,0,0,0,0,0,0,0,0,0,0,0,0,0,0,0,0,0,0,16,21,0,0,24,0,0,67,23,53,42,51,0,73,68,67,0,0,0,0,0
l32,6=0,0,0,0,0,0,0,0,0,0,0,0,0,0,0,0,0,0,0,0,0,0,0,0,0,26,57,23,42,51,1,72,0,70,83,0,0,0,0,0
l33,6=0,0,0,0,0,0,0,0,0,0,0,0,40,0,37,0,0,23,0,0,26,0,0,38,45,42,39,0,44,52,31,63,70,0,56,0,0,0,0,0
l34,6=0,0,0,0,0,0,0,0,0,0,0,0,23,0,2,0,5,0,0,0,5,0,0,36,28,20,43,0,43,36,34,67,79,69,0,0,0,0,0,0
l35,6=0,0,0,0,0,0,0,0,0,0,0,0,0,22,0,0,18,0,0,14,40,29,1,0,0,0,0,0,0,0,0,0,0,0,0,0,30,33,31,47
l36,6=0,0,0,0,0,0,0,0,0,0,0,7,4,25,0,16,22,4,0,3,42,20,45,0,0,0,0,0,0,0,0,0,0,0,0,31,0,48,43,54
l37,6=0,0,0,0,0,0,0,0,0,0,0,7,0,0,0,0,7,0,0,0,18,0,37,0,0,0,0,0,0,0,0,0,0,0,0,46,56,0,33,42
l38,6=0,0,0,0,0,0,0,0,0,0,0,35,19,34,27,26,31,19,0,1,48,26,46,0,0,0,0,0,0,0,0,0,0,0,0,28,34,28,0,49
l39,6=0,0,0,0,0,0,0,0,0,0,0,0,0,0,0,0,19,0,0,36,37,28,39,0,0,0,0,0,0,0,0,0,0,0,0,43,55,29,37,0

l0,7=0,90,86,66,70,72,72,0,72,57,74,0,0,0,0,0,0,0,0,0,0,0,0,9,0,0,0,0,0,0,0,0,0,0,0,0,0,0,0,0
l1,7=85,0,93,66,67,67,74,75,39,46,63,0,0,0,0,0,0,0,0,0,0,0,0,0,0,0,0,0,0,0,0,0,0,0,0,0,0,0,0,0
l2,7=81,85,0,65,65,65,74,73,64,57,0,0,0,0,0,1,0,0,0,0,0,0,0,0,0,0,0,0,0,0,0,0,0,0,0,0,0,0,0,0
l3,7=81,85,89,0,71,53,63,53,52,32,68,0,0,0,0,0,0,0,0,0,0,0,0,0,0,0,0,0,0,0,0,0,0,0,0,0,0,0,0,0
l4,7=82,85,89,72,0,67,74,43,67,28,73,0,0,48,0,1,0,0,0,0,0,0,0,0,0,0,0,0,0,0,0,0,0,0,0,0,0,0,0,0
l5,7=86,81,85,55,66,0,74,88,67,60,73,0,0,4,0,10,0,0,0,0,0,0,0,0,0,0,0,0,0,0,0,0,0,0,0,0,0,0,0,0
l6,7=63,85,89,44,66,65,0,88,0,65,73,22,0,28,0,0,32,0,0,0,0,0,0,0,0,0,0,0,0,0,0,0,0,0,0,0,0,0,0,0
l7,7=0,59,67,41,26,69,84,0,66,71,79,6,4,33,0,44,0,18,0,0,0,0,0,0,0,0,0,0,0,0,0,0,0,0,0,0,0,0,0,0
l8,7=21,35,54,40,18,22,0,67,0,69,74,40,24,56,26,53,49,62,0,0,5,0,25,0,0,0,0,0,0,0,0,0,0,0,0,0,0,0,0,0
l9,7=13,38,71,27,9,41,69,88,81,0,81,36,22,54,0,54,7,8,0,0,26,6,20,3,8,0,0,0,0,0,0,0,0,0,0,0,0,0,24,0
l10,7=63,50,0,43,54,61,70,89,75,70,0,64,0,9,0,48,51,12,0,0,0,0,0,0,0,0,0,0,0,0,0,0,0,0,0,0,0,0,0,0
l11,7=0,0,0,0,0,0,11,0,54,28,24,0,70,19,26,62,56,44,0,0,28,2,19,2,9,25,0,0,0,0,0,0,0,0,0,7,0,0,46,3
l12,7=0,0,0,0,0,0,0,0,19,17,0,40,0,14,46,56,66,53,0,6,33,21,0,19,73,70,0,0,0,0,0,0,0,21,0,0,0,0,21,0
l13,7=0,0,0,0,13,0,11,36,85,41,3,41,23,0,27,48,33,52,0,0,26,0,18,13,9,36,0,0,0,0,0,0,0,0,0,8,6,0,27,0
l14,7=0,0,0,0,0,0,0,0,26,17,0,28,70,16,0,29,52,63,0,0,33,30,21,36,11,60,0,0,0,0,0,0,0,14,0,0,0,0,21,0
l15,7=0,0,0,0,1,1,0,34,46,37,22,77,72,22,30,0,35,44,0,3,32,34,21,21,8,37,0,0,0,0,0,0,0,0,0,0,7,0,41,0
l16,7=0,0,0,0,0,0,9,0,26,10,18,27,38,12,25,21,0,55,27,0,42,41,26,14,11,20,0,0,0,0,0,5,1,11,0,14,10,4,44,0
l17,7=0,0,0,0,0,0,0,0,33,19,3,27,38,18,36,30,61,0,0,9,42,33,0,11,15,0,0,0,0,0,0,0,0,13,0,0,8,0,41,0
l18,7=0,0,0,0,0,0,0,0,0,0,0,0,0,0,0,0,30,0,0,31,39,36,0,0,0,0,0,0,0,0,0,0,0,0,0,0,0,0,0,0
l19,7=0,0,0,0,0,0,0,0,0,0,0,0,26,0,0,1,0,3,36,0,59,51,68,0,0,0,0,0,28,36,0,32,0,0,0,21,0,0,19,38
l20,7=0,0,0,0,0,0,0,0,0,18,0,10,20,9,16,21,37,39,32,62,0,70,76,0,0,0,16,0,25,0,0,0,0,4,0,35,33,13,50,40
l21,7=0,0,0,0,0,0,0,0,15,22,0,0,32,7,22,22,38,34,30,33,66,0,72,0,0,0,0,0,3,0,0,0,0,0,0,46,20,17,43,42
l22,7=0,0,0,0,0,0,0,0,21,19,0,18,0,13,18,22,33,0,0,65,73,67,0,0,0,0,33,0,0,33,0,0,0,0,0,0,57,23,45,42
l23,7=0,0,0,0,0,0,0,0,0,0,0,0,56,16,58,27,39,29,0,0,0,0,0,0,74,69,0,0,0,0,0,1,2,20,43,0,0,0,0,0
l24,7=0,0,0,0,0,0,0,0,0,20,0,24,77,17,28,17,49,59,0,0,0,0,0,70,0,60,0,0,0,0,0,0,0,21,35,0,0,0,0,0
l25,7=0,0,0,1,0,0,0,0,0,3,0,17,72,29,57,18,32,0,0,0,0,0,0,65,58,0,0,0,0,13,0,1,34,28,0,0,0,0,25,0
l26,7=0,0,0,0,0,0,0,0,0,0,0,0,0,0,0,0,0,0,0,0,34,0,49,0,0,0,0,69,77,81,70,75,75,52,62,0,0,0,0,0
l27,7=0,0,0,0,0,0,0,0,0,0,0,0,0,0,0,0,0,0,0,0,0,0,0,0,0,0,75,0,74,81,89,26,60,0,0,0,0,0,0,0
l28,7=0,0,0,0,0,0,0,0,0,0,0,0,0,0,0,0,0,0,0,26,43,16,0,0,0,0,80,89,0,82,90,63,56,57,53,0,0,0,0,0
l29,7=0,0,0,0,0,0,0,0,0,0,0,0,0,0,0,0,0,0,0,36,0,0,49,0,0,23,75,88,79,0,89,65,70,42,8,0,0,0,0,0
l30,7=0,0,0,0,0,0,0,0,0,0,0,0,0,0,0,0,0,0,0,0,0,0,0,0,0,0,70,88,74,81,0,63,67,15,52,0,0,0,0,0
l31,7=0,0,0,0,0,0,0,0,0,0,0,0,0,0,0,0,27,0,0,40,0,0,0,4,0,0,71,18,57,35,52,0,75,80,76,0,0,0,0,0
l32,7=0,0,0,0,0,0,0,0,0,0,0,0,0,0,0,0,14,0,0,0,0,0,3,17,0,41,71,46,36,36,49,74,0,76,81,0,0,0,0,0
l33,7=0,0,0,0,0,0,0,0,0,0,0,0,57,0,44,0,36,42,0,0,34,0,0,51,40,53,62,0,51,35,40,74,77,0,56,0,0,0,0,0
l34,7=0,0,0,0,0,0,0,0,0,0,0,0,36,0,0,0,3,0,0,0,0,0,19,52,28,0,66,16,39,18,46,71,83,55,0,0,0,0,0,0
l35,7=0,0,0,0,0,0,0,0,0,0,0,1,0,7,0,0,33,0,0,12,44,43,0,0,0,0,0,0,0,0,0,0,0,0,0,0,34,30,44,44
l36,7=0,0,0,0,0,0,0,0,0,0,0,0,0,3,0,17,35,21,0,0,44,34,30,0,0,0,0,0,0,0,0,0,0,0,0,27,0,20,52,47
l37,7=0,0,0,0,0,0,0,0,0,0,0,0,0,0,0,0,13,0,0,0,37,24,25,0,0,0,0,0,0,0,0,0,0,0,0,41,27,0,38,33
l38,7=0,0,0,0,0,0,0,0,0,19,0,25,21,10,19,29,38,41,0,7,46,44,27,0,0,13,0,0,0,0,0,0,0,0,0,25,50,15,0,25
l39,7=0,0,0,0,0,0,0,0,0,0,0,0,0,0,0,0,0,0,0,28,40,44,48,0,0,0,0,0,0,0,0,0,0,0,0,53,59,17,35,0

l0,8=0,92,95,96,98,96,94,70,59,82,86,0,0,69,0,0,0,0,0,0,0,0,0,2,0,0,0,0,0,0,0,0,0,0,0,0,0,0,0,0
l1,8=99,0,95,96,98,96,91,91,86,75,84,0,0,0,0,0,0,0,0,0,0,0,0,0,0,0,0,0,0,0,0,0,0,0,0,0,0,0,0,0
l2,8=99,94,0,97,93,97,97,92,0,74,79,0,0,65,0,45,0,0,0,0,0,0,0,0,0,0,0,0,0,0,0,0,0,0,0,0,0,0,0,0
l3,8=99,92,95,0,98,95,90,72,0,0,71,0,0,0,0,0,0,0,0,0,0,0,0,0,1,0,0,0,0,0,0,0,0,0,0,0,0,0,0,0
l4,8=99,92,86,97,0,96,94,78,90,65,84,0,0,74,0,0,0,0,0,0,0,0,0,0,2,0,0,0,0,0,0,0,0,0,0,0,0,0,0,0
l5,8=100,92,97,92,95,0,94,92,91,76,87,48,1,0,0,0,0,0,0,0,0,0,0,0,0,0,0,0,0,0,0,0,0,0,0,0,0,0,0,0
l6,8=65,52,91,87,92,91,0,88,83,88,76,18,0,61,0,0,72,0,0,0,0,0,0,0,0,0,0,0,0,0,0,0,0,0,0,0,0,0,0,0
l7,8=69,89,90,87,90,92,95,0,94,98,98,5,0,89,0,0,23,68,0,0,0,0,0,0,0,0,0,0,0,0,0,0,0,0,0,0,0,0,0,0
l8,8=9,42,0,11,86,56,53,82,0,99,87,95,0,90,84,86,0,80,0,35,0,0,86,0,2,0,0,0,0,0,0,0,0,0,0,0,0,0,0,0
l9,8=68,2,62,0,69,54,95,91,98,0,98,94,56,90,76,91,87,73,0,0,0,63,16,68,83,0,0,0,0,0,0,0,0,0,0,0,0,0,43,0
l10,8=91,86,87,84,90,92,90,91,95,98,0,83,4,86,0,85,46,0,0,0,0,0,0,0,0,0,0,0,0,0,0,0,0,0,0,0,0,0,0,0
l11,8=0,0,0,0,0,8,8,1,92,91,38,0,98,58,87,96,93,83,0,0,26,58,50,69,89,53,0,0,0,0,0,0,0,0,0,41,39,0,38,0
l12,8=0,0,0,0,0,0,0,0,0,34,0,84,0,0,98,62,96,76,0,0,30,0,0,94,98,94,0,0,0,0,0,0,0,36,2,30,18,0,26,0
l13,8=19,0,0,0,59,0,12,82,98,96,48,35,0,0,92,60,66,47,0,0,41,61,0,76,87,81,0,0,0,0,0,0,0,0,0,23,0,0,50,0
l14,8=0,0,0,0,0,0,0,0,70,60,0,46,97,71,0,60,79,88,0,0,55,65,51,87,98,79,0,0,0,0,0,0,0,0,0,0,25,0,7,0
l15,8=0,0,1,0,0,0,0,0,88,87,45,98,77,85,88,0,84,81,0,0,63,73,70,77,86,53,0,0,0,0,0,0,0,0,0,0,41,0,51,0
l16,8=0,0,0,0,0,0,6,0,0,40,1,55,77,33,71,49,0,54,23,39,75,60,83,49,97,36,0,0,0,0,0,44,0,31,37,32,38,22,25,50
l17,8=0,0,0,0,0,0,0,25,72,51,0,53,66,40,97,61,62,0,0,33,63,52,58,53,78,0,0,0,0,0,0,0,0,46,0,0,18,0,30,18
l18,8=0,0,0,0,0,0,0,0,0,0,0,0,0,0,0,0,81,0,0,81,74,67,0,0,0,0,0,0,0,0,0,0,0,0,0,0,0,0,0,0
l19,8=0,0,0,0,0,0,0,0,45,0,0,0,0,0,0,0,75,68,72,0,88,68,86,0,0,0,42,0,62,0,0,73,0,0,0,33,69,0,0,74
l20,8=0,0,0,0,0,0,0,0,0,0,0,4,27,28,46,41,75,49,34,94,0,86,93,0,12,0,0,0,13,0,0,0,0,0,0,56,53,35,69,57
l21,8=0,0,0,0,0,0,0,0,0,42,0,27,19,43,52,41,64,33,27,43,90,0,91,2,0,0,0,0,0,0,0,15,0,0,0,57,42,33,55,66
l22,8=0,0,0,0,0,0,0,0,61,29,0,26,0,0,42,40,75,44,0,89,87,83,0,0,0,0,0,0,0,26,0,0,0,0,0,63,80,31,67,57
l23,8=0,0,0,0,0,0,0,0,0,65,0,45,90,69,94,64,78,61,0,0,0,0,0,0,98,94,0,0,0,0,0,0,62,61,72,0,0,0,0,0
l24,8=0,0,0,10,0,0,0,0,0,65,0,47,97,67,97,54,94,73,0,0,25,0,0,94,0,90,0,0,0,0,0,14,0,0,49,0,0,0,0,0
l25,8=0,0,0,0,0,0,0,0,2,0,0,43,98,60,83,41,73,0,0,0,0,0,0,94,93,0,0,0,0,40,0,56,63,75,65,0,0,0,8,0
l26,8=0,0,0,0,0,0,0,0,0,0,0,0,0,0,0,0,0,0,0,50,50,0,0,0,0,0,0,82,94,94,88,89,82,78,70,0,0,0,0,0
l27,8=0,0,0,0,0,0,0,0,0,0,0,0,0,0,0,0,0,0,0,0,0,0,0,0,0,0,91,0,93,94,94,0,77,0,70,0,0,0,0,0
l28,8=0,0,0,0,0,0,0,0,0,0,0,0,0,0,0,0,0,0,0,75,76,0,0,0,0,0,91,90,0,94,94,89,69,80,75,0,0,0,0,0
l29,8=0,0,0,0,0,0,0,0,0,0,0,0,0,0,0,0,0,0,0,0,0,0,61,0,0,58,91,90,94,0,94,88,64,75,69,0,0,0,0,0
l30,8=0,0,0,0,0,0,0,0,0,0,0,0,0,0,0,0,0,0,0,0,0,0,0,0,0,0,80,90,93,94,0,79,76,81,0,0,0,0,0,0
l31,8=0,0,0,0,0,0,0,0,0,0,0,0,0,0,0,0,65,0,0,68,0,0,0,0,26,54,90,0,83,89,66,0,81,87,87,0,0,0,0,0
l32,8=0,0,0,0,0,0,0,0,0,0,0,0,2,0,0,0,2,0,0,0,0,0,0,74,0,73,91,71,67,74,77,94,0,89,90,0,0,0,0,0
l33,8=0,0,0,0,0,0,0,0,0,0,0,0,72,0,0,0,69,79,0,0,9,0,0,74,0,71,80,0,81,80,76,90,87,0,75,0,0,0,0,0
l34,8=0,0,0,0,0,0,0,0,0,0,0,0,56,0,0,0,74,0,0,0,0,0,0,75,77,72,79,72,80,80,0,89,89,83,0,0,0,0,0,0
l35,8=0,0,0,0,0,0,0,0,0,0,0,15,23,10,0,0,37,0,0,6,34,51,56,0,0,0,0,0,0,0,0,0,0,0,0,0,76,25,65,67
l36,8=0,0,0,0,0,0,0,0,0,0,0,8,21,0,14,21,44,17,0,31,47,49,64,0,0,0,0,0,0,0,0,0,0,0,0,73,0,29,47,55
l37,8=0,0,0,0,0,0,0,0,0,0,0,0,0,0,0,0,38,0,0,0,39,51,57,0,0,0,0,0,0,0,0,0,0,0,0,54,42,0,40,51
l38,8=0,0,0,0,0,0,0,0,0,34,0,14,26,43,6,42,46,31,0,0,57,65,65,0,0,0,0,0,0,0,0,0,0,0,0,75,61,33,0,33
l39,8=0,0,0,0,0,0,0,0,0,0,0,0,0,0,0,0,59,0,0,40,50,66,60,0,0,0,0,0,0,0,0,0,0,0,0,71,72,32,41,0

l0,9=0,100,100,92,95,100,87,89,0,98,93,0,0,8,0,0,0,0,0,0,0,0,0,0,0,0,0,0,0,0,0,0,0,0,0,0,0,0,0,0
l1,9=100,0,99,87,94,93,93,91,81,92,96,0,0,0,0,0,0,0,0,0,0,0,0,0,0,0,0,0,0,0,0,0,0,0,0,0,0,0,0,0
l2,9=100,100,0,93,93,100,100,36,0,91,81,0,17,0,0,0,0,0,0,0,0,0,0,0,0,0,0,0,0,0,0,0,0,0,0,0,0,0,0,0
l3,9=95,95,98,0,95,93,83,86,0,82,87,0,0,0,0,0,0,0,0,0,0,0,0,0,0,0,0,0,0,0,0,0,0,0,0,0,0,0,0,0
l4,9=100,98,96,93,0,92,89,91,82,91,96,0,0,2,27,0,0,0,0,0,0,0,0,0,0,0,0,0,0,0,0,0,0,0,0,0,0,0,0,0
l5,9=100,98,100,91,92,0,100,63,90,95,99,0,0,91,0,0,0,0,0,0,0,0,0,0,0,0,0,0,0,0,0,0,0,0,0,0,0,0,0,0
l6,9=91,95,100,66,73,96,0,100,81,94,99,0,0,81,0,0,19,0,0,0,0,0,0,0,0,0,0,0,0,0,0,0,0,0,0,0,0,0,0,0
l7,9=94,93,62,89,90,55,100,0,96,100,99,24,24,100,0,70,0,0,0,0,0,0,0,0,0,0,0,0,0,0,0,0,0,0,0,0,0,0,0,0
l8,9=0,56,0,1,57,51,37,91,0,100,85,99,26,99,0,79,30,36,0,45,0,0,47,0,0,0,0,0,0,0,0,0,0,0,0,0,0,0,0,0
l9,9=100,96,61,51,48,62,68,100,99,0,99,81,0,100,90,91,51,0,0,0,0,0,0,48,6,0,0,0,0,0,0,0,0,0,0,0,0,0,0,0
l10,9=99,97,96,90,91,100,100,100,96,100,0,29,67,100,1,98,61,73,0,0,0,0,0,61,0,0,0,0,0,0,0,0,0,0,0,0,0,0,0,0
l11,9=0,0,0,0,0,0,0,3,97,97,46,0,90,93,98,99,34,36,0,0,82,48,37,59,59,47,0,0,0,0,0,0,0,0,0,0,51,9,92,0
l12,9=0,0,0,0,0,0,0,0,22,0,30,61,0,88,99,91,35,59,0,0,85,1,9,74,62,96,0,0,0,0,0,0,0,0,2,0,46,0,92,0
l13,9=0,0,0,9,0,42,34,39,99,100,72,60,29,0,86,99,34,25,0,21,84,49,0,50,55,53,0,0,0,0,0,0,0,0,0,0,48,0,93,0
l14,9=0,0,0,0,4,0,0,0,0,97,1,96,94,93,0,90,34,90,0,0,84,46,46,99,92,0,0,0,0,0,0,0,0,1,0,0,48,0,0,0
l15,9=0,0,0,0,0,0,0,7,71,97,76,100,55,93,96,0,34,45,0,0,77,47,41,52,58,0,0,0,0,0,0,0,0,0,0,0,50,43,94,0
l16,9=0,0,0,0,0,0,12,0,56,89,53,34,31,88,91,80,0,37,72,91,90,0,47,55,62,49,0,0,0,0,0,23,0,74,37,0,42,73,92,85
l17,9=0,0,0,0,0,0,0,0,69,0,50,38,32,70,100,86,35,0,0,92,82,46,50,0,49,0,0,0,0,0,0,0,0,81,0,0,47,3,3,82
l18,9=0,0,0,0,0,0,0,0,0,8,0,0,0,0,0,0,53,0,0,0,88,49,0,0,0,0,0,0,0,0,0,0,0,0,0,0,0,0,0,0
l19,9=0,0,0,0,0,0,0,0,6,0,0,0,0,5,0,0,60,51,0,0,91,87,78,0,0,0,86,0,55,0,0,73,0,0,0,0,61,64,0,83
l20,9=0,0,0,0,0,0,0,0,0,0,0,25,24,65,63,61,70,25,62,96,0,95,85,0,0,0,71,0,0,0,0,0,0,0,12,32,79,78,87,85
l21,9=0,0,0,0,0,0,0,0,0,0,0,19,14,67,58,68,0,29,69,92,95,0,80,0,0,0,0,0,0,0,0,0,0,3,0,34,17,64,91,85
l22,9=0,0,0,0,0,0,0,0,64,26,0,17,17,0,55,68,45,47,0,87,95,90,0,0,0,0,78,0,0,51,0,47,0,0,0,54,67,72,87,0
l23,9=0,0,0,0,0,0,0,0,0,85,45,58,94,86,100,77,59,0,0,0,0,0,0,0,96,97,0,0,0,0,0,0,94,99,63,0,0,0,0,0
l24,9=0,0,0,0,0,0,0,0,0,71,0,52,94,91,100,89,93,37,0,0,26,0,0,99,0,98,0,0,0,0,0,0,0,93,1,0,50,0,0,0
l25,9=0,0,0,0,0,0,0,0,0,0,0,21,94,85,1,0,43,0,0,0,0,0,0,99,96,0,1,0,0,1,0,0,82,99,37,0,0,0,81,0
l26,9=0,0,0,0,0,0,0,0,0,0,0,0,0,0,0,0,0,0,0,87,85,0,72,0,0,0,0,83,98,100,96,96,99,83,87,0,0,0,0,0
l27,9=0,0,0,0,0,0,0,0,0,0,0,0,0,0,0,0,0,0,0,0,0,0,0,0,0,0,97,0,98,100,100,87,85,0,0,0,0,0,0,0
l28,9=0,0,0,0,0,0,0,0,0,0,0,0,0,0,0,0,0,0,0,87,0,0,0,0,0,0,99,100,0,100,100,85,0,84,9,0,0,0,0,0
l29,9=0,0,0,0,0,0,0,0,0,0,0,0,0,0,0,0,0,0,0,0,13,0,69,0,0,0,99,100,98,0,100,96,22,82,85,0,0,0,0,0
l30,9=0,0,0,0,0,0,0,0,0,0,0,0,0,0,0,0,0,0,0,0,0,0,0,0,0,0,99,100,97,100,0,94,91,77,89,0,0,0,0,0
l31,9=0,0,0,0,0,0,0,0,0,0,0,0,0,0,0,0,17,0,0,89,0,0,45,0,0,0,97,85,91,94,91,0,100,100,100,0,0,0,0,0
l32,9=0,0,0,0,0,0,0,0,0,0,0,0,18,0,0,0,0,0,0,0,0,0,0,94,0,80,99,88,0,60,97,98,0,100,100,0,0,0,0,0
l33,9=0,0,0,0,0,0,0,0,0,0,0,0,8,0,0,0,69,92,0,0,0,0,0,95,89,96,96,0,94,89,86,98,100,0,99,0,0,0,0,0
l34,9=0,0,0,0,0,0,0,0,0,0,0,0,26,0,0,0,54,0,0,0,89,0,0,94,46,57,99,0,0,94,92,98,100,100,0,0,0,0,0,0
l35,9=0,0,0,0,0,0,0,0,0,0,0,0,0,0,0,0,0,0,0,0,63,38,35,0,0,0,0,0,0,0,0,0,0,0,0,0,83,78,89,74
l36,9=0,0,0,0,0,0,0,0,0,0,0,12,13,42,41,53,0,15,0,57,78,0,41,0,16,0,0,0,0,0,0,0,0,0,0,56,0,88,83,75
l37,9=0,0,0,0,0,0,0,0,0,0,0,0,0,0,0,6,16,0,0,45,74,30,35,0,0,0,0,0,0,0,0,0,0,0,0,31,51,0,82,74
l38,9=0,0,0,0,0,0,0,0,0,0,0,17,20,57,0,63,29,0,0,0,84,48,47,0,0,12,0,0,0,0,0,0,0,0,0,33,52,85,0,78
l39,9=0,0,0,0,0,0,0,0,0,0,0,0,0,0,0,0,26,26,0,74,82,44,0,0,0,0,0,0,0,0,0,0,0,0,0,32,52,78,84,0

l0,10=0,93,92,94,91,85,0,85,0,80,82,0,0,0,0,0,0,0,0,0,0,0,0,0,0,0,0,0,0,0,0,0,0,0,0,0,0,0,0,0
l1,10=85,0,92,93,87,91,88,85,55,65,71,0,0,0,0,0,0,0,0,0,0,0,0,11,0,0,0,0,0,0,0,0,0,0,0,0,0,0,0,0
l2,10=85,90,0,93,87,91,87,85,52,83,85,0,14,0,0,0,0,0,0,0,0,0,0,0,0,0,0,0,0,0,0,0,0,0,0,0,0,0,0,0
l3,10=88,93,93,0,94,90,73,71,0,65,63,0,0,0,0,0,0,0,0,0,0,0,0,0,0,4,0,0,0,0,0,0,0,0,0,0,0,0,0,0
l4,10=85,87,89,93,0,91,83,86,79,67,85,0,0,0,27,0,0,0,0,0,0,0,0,0,0,0,0,0,0,0,0,0,0,0,0,0,0,0,0,0
l5,10=77,89,92,90,91,0,87,87,83,84,86,0,0,78,0,0,0,0,0,0,0,0,0,0,0,0,0,0,0,0,0,0,0,0,0,0,0,0,0,0
l6,10=0,84,83,69,73,85,0,86,71,84,73,0,0,54,0,18,22,0,0,0,0,0,0,0,0,0,0,0,0,0,0,0,0,0,0,0,0,0,0,0
l7,10=68,76,69,72,79,85,87,0,80,89,86,48,46,72,6,0,0,0,0,0,0,0,0,0,0,0,0,0,0,0,0,0,0,0,0,0,0,0,0,0
l8,10=0,44,1,24,76,73,74,77,0,93,74,74,68,82,60,76,14,60,0,36,8,0,62,76,11,0,0,0,0,0,0,0,0,0,0,0,0,0,0,0
l9,10=57,64,71,67,67,70,79,87,84,0,86,72,57,80,64,75,0,0,0,0,0,22,2,46,38,0,0,0,0,0,0,0,0,0,0,0,0,0,0,0
l10,10=61,66,64,67,83,74,76,87,73,89,0,64,0,74,0,72,0,49,0,0,0,0,0,16,0,0,0,0,0,0,0,0,0,0,0,0,0,0,0,0
l11,10=0,0,0,0,0,0,0,52,52,49,48,0,53,79,79,86,33,61,0,0,55,32,0,52,77,60,0,0,0,0,0,0,0,0,0,49,40,0,59,0
l12,10=0,0,0,0,0,0,0,4,37,46,0,56,0,72,95,85,91,94,0,0,65,37,0,86,98,98,0,0,0,0,0,0,0,40,0,26,0,0,66,0
l13,10=0,0,0,0,0,64,60,71,84,84,69,78,56,0,70,83,42,0,0,26,58,36,0,46,75,15,0,0,0,0,0,0,0,0,0,0,0,0,55,0
l14,10=0,0,0,0,43,0,0,0,47,48,0,84,98,72,0,81,56,88,0,0,31,34,37,70,93,83,0,0,0,0,0,0,0,74,0,0,63,0,61,0
l15,10=0,0,0,0,0,0,5,0,52,47,73,85,97,89,74,0,44,51,0,53,56,1,29,2,72,51,0,0,0,0,0,0,0,0,0,0,0,0,65,0
l16,10=0,0,0,0,0,0,15,0,16,0,0,16,59,59,70,68,0,51,10,53,74,40,15,41,92,29,0,0,0,0,0,0,0,0,61,0,53,59,84,47
l17,10=0,0,0,0,0,0,0,0,31,11,33,55,63,0,91,84,56,0,0,61,61,45,44,13,79,48,0,0,0,0,0,0,0,34,0,0,62,0,72,40
l18,10=0,0,0,0,0,0,0,0,0,0,0,0,0,0,0,0,23,0,0,70,72,76,0,0,0,0,0,0,0,0,0,0,0,0,0,0,0,0,0,0
l19,10=0,0,0,0,0,0,0,0,24,0,0,0,0,4,0,43,31,33,40,0,80,58,77,0,0,0,46,0,0,0,0,37,15,0,0,31,0,57,0,44
l20,10=0,0,0,0,0,0,0,0,0,0,0,30,39,43,0,42,46,23,37,80,0,87,88,0,0,0,0,0,0,0,0,0,25,0,0,67,70,69,77,64
l21,10=0,0,0,0,0,0,0,0,0,25,0,34,37,46,48,14,45,38,42,68,89,0,84,0,0,0,3,0,0,0,0,0,0,13,0,59,50,45,74,62
l22,10=0,0,0,0,0,0,0,0,38,17,0,0,0,0,33,46,31,37,0,69,89,79,0,0,0,0,45,0,0,38,0,40,0,0,0,63,62,54,73,54
l23,10=0,0,0,0,0,0,0,0,48,45,17,72,99,64,93,3,49,0,0,0,0,0,0,0,98,99,0,0,0,0,0,3,66,91,50,0,0,0,0,0
l24,10=0,0,0,0,0,0,0,0,24,46,0,55,99,69,96,80,94,49,0,0,0,0,0,99,0,96,0,0,0,0,0,0,0,69,60,0,0,0,57,0
l25,10=0,0,0,62,0,0,0,0,0,0,0,78,99,15,91,64,29,29,0,0,0,0,0,99,98,0,43,0,0,0,0,40,48,99,84,0,0,0,68,0
l26,10=0,0,0,0,0,0,0,0,0,0,0,0,0,0,0,0,0,0,0,64,0,0,62,0,0,24,0,71,97,97,97,97,93,62,72,0,0,0,0,0
l27,10=0,0,0,0,0,0,0,0,0,0,0,0,0,0,0,0,0,0,0,0,0,0,0,0,0,0,83,0,92,98,99,79,0,0,73,0,0,0,0,0
l28,10=0,0,0,0,0,0,0,0,0,0,0,0,0,0,0,0,0,0,0,0,0,0,0,0,0,0,92,95,0,98,99,88,53,78,65,0,0,0,0,0
l29,10=0,0,0,0,0,0,0,0,0,0,0,0,0,0,0,0,0,0,0,0,36,0,52,0,0,0,92,96,97,0,99,88,67,5,67,0,0,0,0,0
l30,10=0,0,0,0,0,0,0,0,0,0,0,0,0,0,0,0,0,0,0,0,0,0,0,0,0,0,92,96,97,98,0,83,78,62,78,0,0,0,0,0
l31,10=0,0,0,0,0,0,0,0,0,0,0,0,0,0,0,0,0,0,0,60,14,0,61,28,0,49,92,73,89,94,91,0,97,100,100,0,0,0,0,0
l32,10=0,0,0,0,0,0,0,0,0,0,0,0,0,0,0,0,0,0,0,37,62,0,0,82,0,47,92,0,46,78,71,97,0,100,100,0,0,0,0,0
l33,10=0,0,0,0,0,0,0,0,0,0,0,0,68,0,88,0,0,39,0,0,1,4,0,99,79,97,86,0,95,29,77,98,99,0,100,0,0,0,0,0
l34,10=0,0,0,0,0,0,0,0,0,0,0,0,0,0,0,0,70,0,0,15,39,0,0,49,77,80,86,46,49,82,70,98,99,100,0,0,0,0,0,0
l35,10=0,0,0,0,0,0,0,0,0,0,0,24,14,0,0,0,0,0,0,9,58,37,43,0,0,0,0,0,0,0,0,0,0,0,0,0,75,71,73,60
l36,10=0,0,0,0,0,0,0,0,0,0,0,4,0,0,55,0,15,7,0,0,66,13,46,0,0,0,0,0,0,0,0,0,0,0,0,86,0,84,78,67
l37,10=0,0,0,0,0,0,0,0,0,0,0,0,0,0,0,0,19,0,0,53,60,2,5,0,0,0,0,0,0,0,0,0,0,0,0,69,74,0,72,48
l38,10=0,0,0,0,0,0,0,0,0,0,0,21,28,46,40,51,47,11,0,0,69,46,47,0,28,27,0,0,0,0,0,0,0,0,0,74,70,72,0,66
l39,10=0,0,0,0,0,0,0,0,0,0,0,0,0,0,0,0,41,11,0,60,64,44,44,0,0,0,0,0,0,0,0,0,0,0,0,67,70,71,72,0

l0,11=0,91,85,91,84,85,21,69,30,64,0,0,0,0,0,0,0,0,0,0,0,0,0,0,0,0,0,0,0,0,0,0,0,0,0,0,0,0,0,0
l1,11=89,0,91,70,81,90,87,85,34,58,71,14,0,10,0,0,0,0,0,0,0,0,0,0,0,0,0,0,0,0,0,0,0,0,0,0,0,0,0,0
l2,11=86,90,0,89,79,90,48,84,53,67,62,0,0,0,0,8,0,0,0,0,0,0,0,0,0,0,0,0,0,0,0,0,0,0,0,0,0,0,0,0
l3,11=90,56,90,0,83,90,29,0,0,35,54,0,0,0,0,0,0,0,0,0,0,0,0,0,0,0,0,0,0,0,0,0,0,0,0,0,0,0,0,0
l4,11=87,74,79,91,0,82,81,70,0,48,63,0,0,0,1,0,0,0,0,0,0,0,0,25,0,0,0,0,0,0,0,0,0,0,0,0,0,0,0,0
l5,11=84,89,91,88,79,0,86,86,48,83,57,0,0,15,0,0,0,0,0,0,0,0,0,1,0,0,0,0,0,0,0,0,0,0,0,0,0,0,0,0
l6,11=36,83,30,40,77,86,0,86,63,82,77,40,0,60,0,31,25,0,0,0,0,0,0,0,0,0,0,0,0,0,0,0,0,0,0,0,0,0,0,0
l7,11=75,79,77,38,72,84,85,0,69,83,86,61,63,75,0,28,0,0,0,0,0,0,0,0,0,0,0,0,0,0,0,0,0,0,0,0,0,0,0,0
l8,11=56,34,46,0,0,20,74,74,0,90,73,71,76,85,32,71,0,46,0,43,12,3,0,18,43,0,0,0,0,0,0,0,0,0,0,0,0,0,0,0
l9,11=57,36,52,30,17,51,79,86,80,0,86,62,65,82,0,39,8,0,0,0,6,48,0,3,15,0,0,0,0,0,0,0,0,0,0,0,0,0,0,0
l10,11=0,63,53,70,72,33,79,87,71,87,0,64,0,77,0,77,0,4,0,3,0,0,0,0,0,0,0,0,0,0,0,0,0,0,0,0,0,0,0,0
l11,11=0,6,0,0,0,0,54,64,74,74,72,0,77,81,37,89,40,52,0,0,22,44,16,25,66,65,0,0,0,0,0,0,0,0,0,30,0,0,42,0
l12,11=0,0,0,0,0,0,0,26,70,71,0,79,0,72,95,57,58,91,0,0,67,57,18,28,100,97,0,0,0,0,0,0,0,0,0,0,0,0,46,0
l13,11=0,0,0,0,0,4,67,78,81,84,75,78,78,0,15,87,39,49,0,0,64,40,2,23,64,69,0,0,0,0,0,0,0,0,0,0,0,0,24,0
l14,11=0,0,0,0,7,0,0,0,48,0,0,74,91,35,0,33,84,61,0,0,0,16,1,49,31,85,0,0,0,0,0,1,0,25,0,40,39,0,38,0
l15,11=0,0,0,0,0,0,63,49,75,75,74,85,89,87,30,0,64,82,0,57,67,49,8,21,0,69,0,0,0,0,0,0,0,0,0,22,42,0,43,0
l16,11=0,0,0,0,0,0,26,0,0,41,0,59,79,57,37,45,0,56,0,45,80,67,19,19,76,5,0,0,0,0,0,0,13,15,29,0,45,33,52,39
l17,11=0,0,0,0,0,0,0,0,57,38,29,83,88,69,37,50,55,0,0,1,70,66,20,22,66,2,0,0,0,0,0,0,0,0,0,0,45,0,35,35
l18,11=0,0,0,0,0,0,0,0,0,0,0,0,0,0,0,0,0,0,0,68,73,72,22,0,0,0,0,0,0,0,0,0,0,0,0,0,0,0,0,4
l19,11=0,0,0,0,0,0,0,0,42,0,0,0,0,2,0,26,28,0,36,0,78,64,66,0,0,0,44,0,0,0,0,14,0,0,3,33,31,28,0,32
l20,11=0,0,0,0,0,0,0,0,0,0,0,0,53,49,0,37,43,32,30,77,0,89,84,0,0,0,5,0,5,0,0,0,3,1,0,42,44,35,48,40
l21,11=0,0,0,0,0,0,0,0,0,61,0,38,55,48,13,32,66,34,35,66,88,0,82,0,12,0,0,0,0,0,0,0,0,0,0,27,36,30,78,38
l22,11=0,0,0,0,0,0,0,0,0,0,0,44,53,0,0,8,30,31,5,62,87,83,0,0,0,0,49,0,0,0,0,49,0,0,0,60,64,0,78,35
l23,11=0,0,0,0,20,0,0,0,34,1,0,74,92,69,68,30,41,49,0,0,0,0,0,0,100,97,0,0,0,0,0,42,26,31,4,0,0,0,0,0
l24,11=0,0,0,0,0,0,0,0,1,49,0,75,92,75,5,2,87,51,0,0,0,6,0,94,0,90,0,0,0,0,0,0,0,10,2,0,0,0,0,0
l25,11=0,0,0,0,0,0,0,0,2,0,0,67,92,58,89,48,20,0,0,0,0,0,0,97,93,0,1,0,0,0,0,56,13,90,1,0,0,0,0,0
l26,11=0,0,0,0,0,0,0,0,0,0,0,0,0,0,0,0,0,0,0,45,26,0,56,0,0,0,0,77,90,90,93,90,77,70,72,0,0,0,0,0
l27,11=0,0,0,0,0,0,0,0,0,0,0,0,0,0,0,0,0,0,0,0,0,0,0,0,0,0,84,0,86,92,95,76,0,0,37,0,0,0,0,0
l28,11=0,0,0,0,0,0,0,0,0,0,0,0,0,0,0,0,0,0,0,0,34,0,0,0,0,0,92,92,0,93,95,79,37,0,34,0,0,0,0,0
l29,11=0,0,0,0,0,0,0,0,0,0,0,0,0,0,0,0,0,0,0,0,0,0,0,0,0,0,90,92,90,0,95,87,31,38,37,0,0,0,0,0
l30,11=0,0,0,0,0,0,0,0,0,0,0,0,0,0,0,0,0,0,0,0,0,0,0,0,0,0,91,92,90,93,0,87,58,81,72,0,0,0,0,0
l31,11=0,0,0,0,0,0,0,0,0,0,0,0,0,0,0,0,0,0,0,13,0,0,59,36,0,57,92,74,78,86,81,0,82,100,100,0,0,0,0,0
l32,11=0,0,0,0,0,0,0,0,0,0,0,0,0,0,0,0,17,0,0,0,30,0,0,37,1,25,92,0,47,43,55,95,0,100,100,0,0,0,0,0
l33,11=0,0,0,0,0,0,0,0,0,0,0,0,0,0,89,0,33,0,0,0,26,0,0,85,11,96,89,0,0,75,94,100,94,0,100,0,0,0,0,0
l34,11=0,0,0,0,0,0,0,0,0,0,0,0,0,0,13,0,64,0,0,24,0,0,0,0,7,0,87,76,44,76,80,100,94,100,0,0,0,0,0,0
l35,11=0,0,0,0,0,0,0,0,0,0,0,15,4,0,7,12,0,0,0,32,66,13,14,0,0,0,0,0,0,0,0,0,0,0,0,0,87,41,45,45
l36,11=0,0,0,0,0,0,0,0,0,0,0,0,0,0,17,34,36,37,0,28,74,52,18,0,0,0,0,0,0,0,0,0,0,0,0,90,0,44,52,48
l37,11=0,0,0,0,0,0,0,0,0,0,0,0,0,0,0,0,33,0,0,37,67,44,0,0,0,0,0,0,0,0,0,0,0,0,0,49,48,0,46,43
l38,11=0,0,0,0,0,0,0,0,0,0,0,53,61,7,13,35,44,3,0,0,75,65,20,0,1,0,0,0,0,0,0,0,0,0,0,50,54,36,0,51
l39,11=0,0,0,0,0,0,0,0,0,0,0,0,0,0,0,0,38,0,0,56,74,56,16,0,0,0,0,0,0,0,0,0,0,0,0,76,78,40,79,0

l0,12=0,86,89,92,89,89,78,70,4,65,59,0,0,0,0,0,0,0,0,0,0,0,0,0,0,0,0,0,0,0,0,0,0,0,0,0,0,0,0,0
l1,12=90,0,85,88,79,85,87,85,0,57,78,54,0,0,0,0,0,0,0,0,0,0,0,0,0,0,0,0,0,0,0,0,0,0,0,0,0,0,0,0
l2,12=89,85,0,89,76,89,89,72,69,79,81,0,0,17,0,0,0,0,0,0,0,0,0,0,0,0,0,0,0,0,0,0,0,0,0,0,0,0,0,0
l3,12=90,83,81,0,89,88,0,49,0,0,63,0,0,0,0,0,0,0,0,0,0,0,0,0,0,0,0,0,0,0,0,0,0,0,0,0,0,0,0,0
l4,12=90,83,79,92,0,58,84,81,56,55,7,0,0,0,47,0,0,0,0,0,0,0,0,58,0,0,0,0,0,0,0,0,0,0,0,0,0,0,0,0
l5,12=88,84,89,89,70,0,86,84,80,86,76,0,0,51,0,0,0,0,0,0,0,0,0,56,0,0,0,0,0,0,0,0,0,0,0,0,0,0,0,0
l6,12=80,85,87,30,71,82,0,84,66,54,83,71,0,62,5,71,0,0,0,0,0,0,0,0,0,0,0,0,0,0,0,0,0,0,0,0,0,0,0,0
l7,12=78,84,48,42,73,85,86,0,78,88,86,43,55,73,0,12,0,0,0,0,0,0,0,0,0,0,0,0,0,0,0,0,0,0,0,0,0,0,0,0
l8,12=9,0,35,30,63,75,80,81,0,90,85,55,71,85,14,79,38,39,0,46,0,19,0,0,32,0,0,0,0,0,0,0,0,0,0,0,0,0,0,0
l9,12=66,28,45,0,54,84,61,84,84,0,86,47,71,81,0,67,43,6,0,0,37,32,0,0,0,0,0,0,0,0,0,0,0,0,0,0,0,0,0,0
l10,12=58,45,55,73,33,66,85,90,81,89,0,41,0,79,0,71,0,0,0,0,0,0,0,25,2,0,0,0,0,0,0,0,0,0,0,0,0,0,0,0
l11,12=0,23,0,0,0,0,78,38,74,61,36,0,78,84,78,87,76,80,0,0,11,21,37,3,0,68,0,0,0,0,0,0,0,0,0,27,41,0,39,0
l12,12=0,0,0,0,0,0,0,0,67,56,0,60,0,76,96,86,87,91,0,0,43,28,36,79,96,99,0,0,0,0,0,0,0,9,0,0,0,0,42,0
l13,12=0,0,0,0,0,62,67,75,84,85,47,85,77,0,80,87,74,71,0,0,38,32,0,75,17,62,0,0,0,0,0,0,0,0,0,0,0,0,0,0
l14,12=0,0,0,0,61,0,0,0,55,0,0,50,93,78,0,76,89,79,0,0,0,35,21,85,96,72,0,0,0,0,0,0,0,44,40,52,34,0,32,0
l15,12=0,0,0,0,0,0,80,0,74,60,45,91,85,87,79,0,79,78,0,57,36,31,9,76,76,76,0,0,0,0,0,0,0,0,0,0,0,0,26,0
l16,12=0,0,0,0,0,0,0,0,16,23,0,38,85,71,89,82,0,88,59,63,45,35,36,9,89,69,0,0,0,0,0,0,0,1,0,43,45,65,44,12
l17,12=0,0,0,0,0,0,0,0,36,26,0,58,91,72,83,84,88,0,0,62,47,37,44,68,37,0,0,0,0,0,0,0,0,6,0,0,46,0,24,3
l18,12=0,0,0,0,0,0,0,0,0,0,0,0,0,0,0,0,61,0,0,63,69,40,0,0,0,0,0,0,0,0,0,0,0,0,0,0,0,0,0,0
l19,12=0,0,0,0,0,0,0,0,41,0,0,0,0,0,0,50,53,52,50,0,84,56,66,0,0,0,48,0,28,4,0,51,21,0,0,34,0,0,29,63
l20,12=0,0,0,0,0,0,0,0,0,37,0,29,54,46,0,50,74,67,48,84,0,81,82,0,0,0,39,0,20,0,0,13,0,0,0,45,50,53,34,43
l21,12=0,0,0,0,0,0,0,0,48,42,0,37,57,49,50,50,70,61,51,84,93,0,82,0,48,0,32,0,0,0,0,0,0,0,0,44,40,50,79,44
l22,12=0,0,0,0,0,0,0,0,0,0,0,36,54,0,14,24,53,53,0,83,93,78,0,0,0,0,45,0,0,0,0,0,0,0,0,53,43,47,41,50
l23,12=0,0,0,0,65,39,0,0,0,0,17,40,90,81,94,78,16,76,0,0,0,0,0,0,96,99,0,0,0,0,0,6,50,33,0,0,0,0,0,0
l24,12=0,0,0,0,0,0,0,0,41,38,0,0,93,65,96,78,90,50,0,0,0,33,0,93,0,93,0,0,0,0,0,47,62,0,0,0,0,0,34,0
l25,12=0,0,0,0,0,0,0,0,0,0,0,42,93,47,75,75,74,0,0,0,0,0,0,100,96,0,0,0,0,0,0,80,74,47,88,0,0,0,0,0
l26,12=0,0,0,0,0,0,0,0,0,0,0,0,0,0,0,0,0,0,0,67,58,13,39,0,0,0,0,73,92,75,93,98,77,62,75,0,0,0,0,0
l27,12=0,0,0,0,0,0,0,0,0,0,0,0,0,0,0,0,0,0,0,0,0,0,0,0,0,0,78,0,90,94,94,80,0,23,22,0,0,0,0,0
l28,12=0,0,0,0,0,0,0,0,0,0,0,0,0,0,0,0,0,0,0,61,64,0,0,0,0,0,83,96,0,95,94,78,71,59,69,0,0,0,0,0
l29,12=0,0,0,0,0,0,0,0,0,0,0,0,0,0,0,0,0,0,0,4,0,0,0,0,0,0,76,96,92,0,94,82,77,67,78,0,0,0,0,0
l30,12=0,0,0,0,0,0,0,0,0,0,0,0,0,0,0,0,0,0,0,0,0,0,0,0,0,0,83,96,92,95,0,83,77,41,37,0,0,0,0,0
l31,12=0,0,0,0,0,0,0,0,0,0,0,0,0,0,0,0,0,0,0,69,60,0,0,34,55,75,83,77,87,92,93,0,98,100,100,0,0,0,0,0
l32,12=0,0,0,0,0,0,0,0,0,0,0,0,0,0,0,0,0,0,0,46,0,0,0,71,68,76,79,0,84,86,91,92,0,100,100,0,0,0,0,0
l33,12=0,0,0,0,0,0,0,0,0,0,0,0,55,0,74,0,27,15,0,0,0,0,0,62,0,80,78,37,81,82,84,99,98,0,100,0,0,0,0,0
l34,12=0,0,0,0,0,0,0,0,0,0,0,0,0,0,69,0,16,0,0,0,0,0,0,0,0,90,80,54,86,84,80,99,98,100,0,0,0,0,0,0
l35,12=0,0,0,0,0,0,0,0,0,0,0,0,0,0,23,0,38,0,0,7,33,8,56,0,0,0,0,0,0,0,0,0,0,0,0,0,55,72,40,44
l36,12=0,0,0,0,0,0,0,0,0,0,0,5,0,0,0,0,73,59,0,0,51,28,61,0,0,0,0,0,0,0,0,0,0,0,0,82,0,75,48,53
l37,12=0,0,0,0,0,0,0,0,0,0,0,0,0,0,0,0,61,0,0,0,36,15,20,0,0,0,0,0,0,0,0,0,0,0,0,71,64,0,7,50
l38,12=0,0,0,0,0,0,0,0,0,0,0,11,71,0,45,52,78,55,0,50,36,38,60,0,21,0,0,0,0,0,0,0,0,0,0,70,54,58,0,53
l39,12=0,0,0,0,0,0,0,0,0,0,0,0,0,0,0,0,51,0,0,70,47,27,58,0,0,0,0,0,0,0,0,0,0,0,0,59,49,72,41,0

l0,13=0,94,91,94,92,94,94,92,86,91,89,0,0,0,0,0,0,0,0,0,0,0,0,0,0,0,0,0,0,0,0,0,0,0,0,0,0,0,0,0
l1,13=92,0,91,98,92,94,92,88,20,41,79,0,11,0,0,0,0,0,0,0,0,0,0,0,0,0,0,0,0,0,0,0,0,0,0,0,0,0,0,0
l2,13=92,94,0,94,92,94,94,59,0,88,92,0,0,39,0,0,0,0,0,0,0,0,0,0,0,0,0,0,0,0,0,0,0,0,0,0,0,0,0,0
l3,13=96,97,91,0,96,94,93,88,3,0,90,0,0,0,0,0,0,0,0,0,0,0,0,0,0,0,0,0,0,0,0,0,0,0,0,0,0,0,0,0
l4,13=92,94,90,94,0,93,94,88,70,5,90,0,0,0,0,0,0,0,0,0,0,0,0,1,0,0,0,0,0,0,0,0,0,0,0,0,0,0,0,0
l5,13=91,92,91,94,89,0,94,60,56,92,88,0,0,48,0,0,0,0,0,0,0,0,0,0,0,0,0,0,0,0,0,0,0,0,0,0,0,0,0,0
l6,13=90,90,91,91,92,94,0,0,84,87,0,84,0,51,0,76,0,0,0,0,0,0,0,0,0,0,0,0,0,0,0,0,0,0,0,0,0,0,0,0
l7,13=90,93,52,62,91,89,0,0,95,92,92,72,0,51,0,1,0,0,0,0,0,0,0,0,0,0,0,0,0,0,0,0,0,0,0,0,0,0,0,0
l8,13=68,17,0,24,47,78,80,59,0,93,89,77,63,86,46,30,19,35,0,68,0,64,5,3,79,0,0,0,0,0,0,0,0,0,0,0,0,0,0,0
l9,13=69,0,50,0,0,88,86,88,95,0,92,81,62,88,51,77,24,31,0,0,63,67,0,0,0,0,0,0,0,0,0,0,0,0,0,0,0,0,0,0
l10,13=72,75,49,39,62,87,0,92,91,93,0,78,0,85,0,37,0,0,0,0,0,0,0,0,0,0,0,0,0,0,0,0,0,0,0,0,0,0,0,0
l11,13=0,0,0,0,0,0,78,30,27,35,72,0,75,95,53,86,27,65,0,0,73,70,59,74,65,45,0,0,0,0,0,0,0,0,0,0,38,0,54,0
l12,13=0,0,0,0,0,0,0,0,26,27,0,94,0,26,60,62,34,81,0,0,83,59,63,89,100,99,0,0,0,0,0,0,0,65,0,0,52,0,57,0
l13,13=0,0,3,0,0,74,74,39,57,93,90,95,60,0,51,86,27,44,0,21,67,70,0,74,60,53,0,0,0,0,0,0,0,0,0,0,0,0,53,0
l14,13=0,0,0,0,0,0,0,0,25,34,0,94,99,51,0,35,61,47,0,0,0,68,0,99,100,63,0,0,0,0,0,0,26,59,43,0,52,0,0,0
l15,13=0,0,0,0,0,0,78,0,21,37,52,95,83,95,52,0,35,71,0,66,77,65,0,79,92,57,0,0,0,0,0,0,0,0,0,0,58,0,53,0
l16,13=0,0,0,0,0,0,0,0,22,16,0,81,75,20,58,36,0,51,44,71,77,61,63,43,95,49,0,0,0,0,0,0,0,24,18,41,73,34,61,12
l17,13=0,0,0,0,0,0,0,0,26,19,0,92,83,49,55,37,35,0,0,72,90,87,65,67,96,10,0,0,0,0,0,0,0,51,0,0,68,0,58,0
l18,13=0,0,0,0,0,0,0,0,0,0,0,0,0,0,0,0,63,0,0,86,91,3,4,0,0,0,0,0,0,0,0,0,0,0,0,0,0,0,0,0
l19,13=0,0,0,0,0,0,0,0,30,0,0,0,0,1,0,45,48,46,72,0,97,88,74,0,0,0,26,0,2,11,0,41,0,0,0,47,50,58,64,37
l20,13=0,0,0,0,0,0,0,0,0,12,0,66,62,13,0,31,24,45,74,92,0,96,83,0,0,0,18,0,0,0,0,59,0,0,0,49,72,78,74,14
l21,13=0,0,0,0,0,0,0,0,21,22,0,71,49,19,38,27,39,63,0,91,97,0,84,0,72,0,20,0,0,0,0,0,0,0,0,75,60,0,88,31
l22,13=0,0,0,0,0,0,0,0,0,0,0,57,45,0,0,0,23,25,0,86,96,96,0,0,0,0,22,0,0,0,0,0,0,0,27,50,73,59,64,32
l23,13=0,0,0,3,0,0,0,0,0,0,0,81,83,47,100,56,29,29,0,0,0,0,0,0,55,100,0,0,0,0,0,0,0,0,2,0,0,0,0,0
l24,13=0,0,0,1,0,0,0,0,29,0,0,0,99,0,100,35,63,48,0,0,1,74,0,70,0,96,0,0,0,0,0,0,79,19,0,0,66,0,0,0
l25,13=0,0,0,2,0,0,0,0,0,0,0,79,99,53,61,35,33,11,0,0,0,0,0,100,100,0,0,0,2,5,0,97,99,77,65,0,0,0,0,0
l26,13=0,0,0,0,0,0,0,0,0,0,0,0,0,0,0,0,0,0,0,48,61,31,56,0,0,0,0,87,97,91,99,99,89,87,0,0,0,0,0,0
l27,13=0,0,0,0,0,0,0,0,0,0,0,0,0,0,0,0,0,0,0,0,0,0,0,0,0,0,81,0,95,100,100,83,72,75,52,0,0,0,0,0
l28,13=0,0,0,0,0,0,0,0,0,0,0,0,0,0,0,0,0,0,0,41,47,0,0,0,0,12,97,98,0,100,100,94,73,80,85,0,0,0,0,0
l29,13=0,0,0,0,0,0,0,0,0,0,0,0,0,0,0,0,0,0,0,13,0,0,0,0,0,0,76,98,97,0,100,83,85,79,79,0,0,0,0,0
l30,13=0,0,0,0,0,0,0,0,0,0,0,0,0,0,0,0,0,0,0,0,0,0,0,0,0,0,97,98,97,100,0,89,80,80,11,0,0,0,0,0
l31,13=0,0,0,0,0,0,0,0,0,0,0,0,0,0,0,0,0,0,0,57,74,0,0,0,0,76,97,97,97,100,100,0,100,100,100,0,0,0,0,0
l32,13=0,0,0,0,0,0,0,0,0,0,0,0,0,0,47,0,0,0,0,5,0,0,0,0,77,91,91,63,78,96,93,100,0,100,100,0,0,0,0,0
l33,13=0,0,0,0,0,0,0,0,0,0,0,0,93,0,52,0,26,34,0,0,0,0,0,0,34,99,97,47,96,95,100,100,100,0,100,0,0,0,0,0
l34,13=0,0,0,0,0,0,0,0,0,0,0,0,0,0,77,0,48,0,0,0,58,0,64,35,0,99,0,29,95,99,39,100,100,100,0,0,0,0,0,0
l35,13=0,0,0,0,0,0,0,0,0,0,0,0,11,0,0,0,20,0,0,19,78,48,67,0,0,0,0,0,0,0,0,0,0,0,0,0,81,87,58,17
l36,13=0,0,0,0,0,0,0,0,0,0,0,0,37,0,23,8,24,10,0,56,82,49,72,0,58,0,0,0,0,0,0,0,0,0,0,91,0,84,66,16
l37,13=0,0,0,0,0,0,0,0,0,0,0,0,0,0,0,0,0,0,0,55,82,0,56,0,0,0,0,0,0,0,0,0,0,0,0,52,76,0,56,15
l38,13=0,0,0,0,0,0,0,0,0,0,0,72,57,17,1,26,25,18,0,67,86,78,70,0,0,0,0,0,0,0,0,0,0,0,0,49,78,79,0,16
l39,13=0,0,0,0,0,0,0,0,0,0,0,0,0,0,0,0,21,0,0,68,77,64,74,0,0,0,0,0,0,0,0,0,0,0,0,50,72,69,62,0

l0,14=0,100,100,100,100,99,100,98,78,98,99,0,0,0,0,0,0,0,0,0,0,0,0,0,0,0,0,0,0,0,0,0,0,0,0,0,0,0,0,0
l1,14=99,0,100,100,100,99,36,0,38,0,51,0,0,6,0,0,0,0,0,0,0,0,0,0,0,0,0,0,0,0,0,0,0,0,0,0,0,0,0,0
l2,14=100,100,0,100,100,100,100,100,29,98,99,0,0,35,0,8,0,0,0,0,0,0,0,0,0,0,0,0,0,0,0,0,0,0,0,0,0,0,0,0
l3,14=100,100,99,0,100,99,100,99,0,0,97,0,0,0,0,0,0,0,0,0,0,0,0,0,0,0,0,0,0,0,0,0,0,0,0,0,0,0,0,0
l4,14=100,100,100,100,0,99,100,0,38,49,100,0,0,0,0,0,0,0,0,0,0,0,0,0,0,0,0,0,0,0,0,0,0,0,0,0,0,0,0,0
l5,14=100,100,100,100,100,0,100,99,98,98,100,0,0,65,0,76,0,0,0,0,0,0,0,0,0,0,0,0,0,0,0,0,0,0,0,0,0,0,0,0
l6,14=96,21,100,95,100,99,0,91,90,92,95,99,0,91,0,92,0,0,0,0,0,0,48,0,0,0,0,0,0,0,0,0,0,0,0,0,0,0,0,0
l7,14=98,0,100,63,0,99,100,0,99,98,100,0,0,61,0,16,89,0,0,0,0,0,0,0,0,0,0,0,0,0,0,0,0,0,0,0,0,0,0,0
l8,14=46,38,6,8,34,54,58,52,0,98,100,38,41,32,29,42,49,0,0,9,36,28,18,0,47,0,0,0,0,0,0,0,0,0,0,0,0,0,0,0
l9,14=47,0,38,0,35,90,58,100,99,0,100,44,0,99,29,79,57,11,0,0,51,31,0,44,0,0,0,0,0,0,0,0,0,0,0,0,0,0,0,0
l10,14=97,92,80,59,100,98,100,100,99,98,0,94,77,99,23,72,0,0,0,0,1,5,0,0,0,0,0,0,0,0,0,0,0,0,0,0,0,0,0,0
l11,14=0,0,0,0,0,0,97,0,23,57,39,0,98,98,45,99,98,98,0,0,51,28,25,45,25,49,0,0,0,0,0,0,0,0,0,2,44,0,58,0
l12,14=0,0,0,0,0,0,0,0,54,0,15,99,0,63,97,81,42,99,0,11,96,0,42,83,98,99,0,0,0,0,0,0,0,28,0,8,0,0,0,0
l13,14=0,6,45,0,0,95,100,95,48,97,99,100,98,0,67,99,85,97,0,10,0,55,0,83,96,97,0,0,0,0,0,0,0,0,0,0,0,0,58,0
l14,14=0,0,0,0,0,0,0,0,29,41,8,99,99,33,0,77,98,96,0,0,17,18,0,84,100,0,0,0,0,0,0,0,6,6,0,2,0,0,58,0
l15,14=0,0,0,0,0,46,58,0,50,59,41,100,98,94,52,0,98,98,0,31,74,26,0,83,98,56,0,0,0,0,0,0,0,0,0,0,0,0,79,0
l16,14=0,0,0,0,0,0,0,46,3,21,0,97,60,37,56,79,0,96,8,48,66,18,57,37,97,49,0,0,0,0,0,0,0,19,40,89,94,2,91,28
l17,14=0,0,0,0,0,0,0,0,0,43,0,99,98,62,58,98,98,0,0,62,96,57,58,83,98,96,0,0,0,0,0,0,0,0,0,36,96,0,98,0
l18,14=0,0,0,0,0,0,0,0,0,0,0,0,0,0,0,0,79,0,0,95,95,3,91,0,0,0,0,0,0,0,0,0,0,0,0,0,0,0,0,0
l19,14=0,0,0,0,0,0,0,0,0,0,0,0,54,0,0,54,92,91,58,0,98,93,93,0,0,0,81,0,1,80,0,0,0,0,0,90,91,87,91,92
l20,14=0,0,0,0,0,0,0,0,5,54,0,94,88,0,20,71,91,91,61,99,0,98,98,0,0,0,11,0,0,0,0,0,0,0,70,92,95,87,98,92
l21,14=0,0,0,0,0,0,0,0,80,92,0,95,32,77,47,84,91,94,0,99,99,0,98,0,95,0,0,0,0,0,0,0,0,0,4,93,94,15,92,92
l22,14=0,0,0,0,0,0,44,0,12,1,0,94,82,0,0,0,98,87,40,97,99,98,0,0,1,0,87,0,0,2,0,0,0,0,0,90,96,5,92,96
l23,14=0,0,0,0,0,0,0,0,0,28,0,43,93,31,96,67,49,74,0,0,0,0,0,0,95,100,0,0,0,0,0,0,29,56,40,0,0,0,0,0
l24,14=0,0,0,0,0,0,0,0,26,0,0,0,99,48,97,79,100,99,0,0,4,28,0,45,0,100,0,0,0,0,0,0,0,0,1,0,11,0,0,0
l25,14=0,0,0,0,0,0,0,0,0,0,0,93,99,59,7,79,97,93,0,0,0,0,0,100,100,0,0,0,28,0,0,0,58,61,100,0,0,0,0,0
l26,14=0,0,0,0,0,0,0,0,0,0,0,0,0,0,0,0,0,0,0,77,71,0,87,0,0,0,0,89,100,91,97,100,94,87,88,0,0,0,0,0
l27,14=0,0,0,0,0,0,0,0,0,0,0,0,0,0,0,0,0,0,0,0,0,0,0,0,0,0,86,0,97,99,99,88,88,79,4,0,0,0,0,0
l28,14=0,0,0,0,0,0,0,0,0,0,0,0,0,0,0,0,0,0,0,31,0,0,0,0,0,68,99,100,0,99,99,97,89,93,94,0,0,0,0,0
l29,14=0,0,0,0,0,0,0,0,0,0,0,0,0,0,0,0,0,0,0,81,0,0,5,0,0,0,86,100,100,0,99,89,90,0,86,0,0,0,0,0
l30,14=0,0,0,0,0,0,0,0,0,0,0,0,0,0,0,0,0,0,0,0,0,0,0,0,0,0,96,100,100,99,0,86,87,88,0,0,0,0,0,0
l31,14=0,0,0,0,0,0,0,0,0,0,0,0,0,0,0,0,0,0,0,0,0,0,0,0,0,0,99,86,98,95,91,0,100,100,99,0,0,0,0,0
l32,14=0,0,0,0,0,0,0,0,0,0,0,0,0,0,49,0,0,0,0,0,0,0,0,82,0,96,99,95,93,98,94,100,0,100,100,0,0,0,0,0
l33,14=0,0,0,0,0,0,0,0,0,0,0,0,89,0,68,0,90,0,0,0,0,0,0,99,0,100,98,85,100,0,98,100,100,0,100,0,0,0,0,0
l34,14=0,0,0,0,0,0,0,0,0,0,0,0,0,0,0,0,98,0,0,0,96,26,2,98,54,99,98,7,100,98,0,100,100,100,0,0,0,0,0,0
l35,14=0,0,0,0,0,0,0,0,0,0,0,2,28,0,4,0,91,54,0,56,89,48,50,0,0,0,0,0,0,0,0,0,0,0,0,0,98,95,93,91
l36,14=0,0,0,0,0,0,0,0,0,0,0,50,9,0,0,0,89,87,0,49,91,48,53,0,35,0,0,0,0,0,0,0,0,0,0,96,0,87,98,89
l37,14=0,0,0,0,0,0,0,0,0,0,0,0,0,0,0,0,0,0,0,48,88,0,0,0,0,0,0,0,0,0,0,0,0,0,0,95,89,0,90,88
l38,14=0,0,0,0,0,0,0,0,0,0,0,91,0,8,23,64,95,90,0,47,95,32,48,0,0,0,0,0,0,0,0,0,0,0,0,94,98,90,0,91
l39,14=0,0,0,0,0,0,0,0,0,0,0,0,0,0,0,0,91,0,0,59,92,52,54,0,0,0,0,0,0,0,0,0,0,0,0,91,90,88,92,0

l0,15=0,95,98,100,99,100,99,81,80,97,31,0,0,0,0,0,0,0,0,0,0,0,0,0,0,0,0,0,0,0,0,0,0,0,0,0,0,0,0,0
l1,15=97,0,98,100,99,100,89,78,76,80,85,0,0,91,0,0,0,0,0,0,0,0,0,0,0,0,0,0,0,0,0,0,0,0,0,0,0,0,0,0
l2,15=97,95,0,87,96,100,99,96,76,89,0,64,0,96,0,0,0,0,0,0,0,0,0,0,0,0,0,0,0,0,0,0,0,0,0,0,0,0,0,0
l3,15=100,96,84,0,99,96,0,0,0,0,83,0,0,0,0,0,0,0,0,0,0,0,0,0,0,0,0,0,0,0,0,0,0,0,0,0,0,0,0,0
l4,15=100,95,90,89,0,99,89,81,74,85,87,0,0,0,0,2,0,0,0,0,0,0,0,0,0,0,0,0,0,0,0,0,0,0,0,0,0,0,0,0
l5,15=97,91,98,87,96,0,88,82,76,89,85,0,0,96,0,89,0,0,0,0,0,0,0,0,0,0,0,0,0,0,0,0,0,0,0,0,0,0,0,0
l6,15=97,92,96,0,91,90,0,87,74,88,90,88,77,92,0,91,1,0,0,0,0,0,35,0,0,0,0,0,0,0,0,0,0,0,0,0,0,0,0,0
l7,15=85,83,98,51,89,96,95,0,83,97,97,0,0,56,8,0,69,0,0,0,0,0,0,0,0,0,0,0,0,0,0,0,0,0,0,0,0,0,0,0
l8,15=83,83,56,2,56,59,81,82,0,100,93,87,96,92,37,59,0,0,0,18,1,72,90,24,97,0,0,0,0,0,0,0,0,0,0,0,0,0,0,0
l9,15=85,6,77,0,86,96,89,83,100,0,100,86,0,100,21,91,79,32,0,0,98,97,1,1,0,0,0,0,0,0,0,0,0,0,0,0,0,0,0,0
l10,15=60,83,0,67,92,96,89,97,77,100,0,0,94,96,0,0,7,0,0,0,0,0,0,0,0,0,0,0,0,0,0,0,0,0,0,0,0,0,0,0
l11,15=0,0,2,0,0,0,90,0,62,57,0,0,97,98,1,100,69,86,0,5,61,78,98,99,100,99,0,0,0,0,0,0,0,0,0,0,99,0,63,0
l12,15=0,0,0,0,0,0,8,0,63,0,55,90,0,97,99,96,76,88,0,0,63,0,97,99,100,100,0,0,0,0,0,0,0,2,0,13,72,0,33,0
l13,15=0,79,87,2,0,60,86,61,62,98,73,91,96,0,60,96,69,84,0,14,16,13,14,92,97,97,0,0,0,0,0,0,0,0,0,0,0,0,28,0
l14,15=0,0,0,0,0,0,0,0,60,28,0,0,97,93,0,61,69,84,0,0,59,0,0,99,100,99,0,0,0,0,0,0,0,99,0,0,0,0,63,0
l15,15=0,0,0,0,0,40,89,0,60,57,0,100,95,93,60,0,76,95,0,0,60,77,0,99,100,97,0,0,0,0,0,0,0,0,0,89,0,0,64,0
l16,15=0,0,0,0,0,0,0,75,0,38,9,88,85,90,61,61,0,80,56,61,58,73,95,0,100,0,0,0,0,0,0,0,0,91,43,97,99,37,62,15
l17,15=0,0,0,0,0,0,0,0,0,57,0,90,98,93,62,91,69,0,0,61,61,78,98,99,100,98,0,0,0,0,0,0,0,96,67,0,98,6,64,0
l18,15=0,0,0,0,0,0,0,0,0,0,0,0,0,0,0,0,94,0,0,76,89,1,75,0,0,0,0,0,0,0,0,0,0,0,0,0,0,0,0,0
l19,15=0,0,0,0,0,0,0,0,3,0,0,2,47,0,0,0,71,76,52,0,100,95,93,0,0,0,72,0,0,60,0,0,0,0,0,74,83,0,57,53
l20,15=0,0,0,0,0,0,0,0,0,59,0,95,88,0,53,57,86,90,79,99,0,100,98,0,0,0,3,0,0,0,0,0,0,0,0,98,98,0,64,64
l21,15=0,0,0,0,0,0,0,0,57,54,0,93,0,17,0,58,63,92,0,99,100,0,98,0,83,0,0,0,5,0,0,0,0,42,72,84,98,58,95,85
l22,15=0,0,0,0,0,0,10,0,49,27,0,76,65,0,0,0,85,81,13,95,100,99,0,0,0,0,53,0,0,46,0,0,0,0,0,79,85,54,59,52
l23,15=0,0,0,0,0,0,0,0,11,50,0,48,97,76,98,63,0,86,0,0,0,0,0,0,100,100,0,0,0,0,0,0,98,99,0,0,0,0,0,0
l24,15=0,0,0,0,0,0,0,0,61,0,0,90,97,54,100,97,69,86,0,0,0,62,0,100,0,100,0,0,0,0,0,0,98,0,0,0,59,0,0,0
l25,15=0,0,0,0,0,0,0,0,0,0,0,90,84,90,96,61,1,81,0,0,0,0,0,88,99,0,89,0,47,8,0,88,99,75,98,0,0,0,0,0
l26,15=0,0,0,0,0,0,0,0,0,0,0,0,0,0,0,0,0,0,0,92,75,0,68,0,0,93,0,79,98,98,91,97,97,72,94,0,0,0,0,0
l27,15=0,0,0,0,0,0,0,0,0,0,0,0,0,0,0,0,0,0,0,0,0,0,0,0,0,0,97,0,98,100,91,95,98,82,94,0,0,0,0,0
l28,15=0,0,0,0,0,0,0,0,0,0,0,0,0,0,0,0,0,0,0,0,0,13,0,0,0,89,98,85,0,99,91,96,97,82,95,0,0,0,0,0
l29,15=0,0,0,0,0,0,0,0,0,0,0,0,0,0,0,0,0,0,0,92,0,0,94,0,0,15,98,85,98,0,90,97,97,82,95,0,0,0,0,0
l30,15=0,0,0,0,0,0,0,0,0,0,0,0,0,0,0,0,0,0,0,0,0,0,0,0,0,0,98,85,98,100,0,95,97,82,0,0,0,0,0,0
l31,15=0,0,0,0,0,0,0,0,0,0,0,0,0,0,0,0,0,0,0,0,0,0,0,0,0,96,98,77,97,100,81,0,99,87,98,0,0,0,0,0
l32,15=0,0,0,0,0,0,0,0,0,0,0,0,45,0,0,0,0,0,0,0,0,0,0,79,97,97,98,79,97,100,83,97,0,87,98,0,0,0,0,0
l33,15=0,0,0,0,0,0,0,0,0,0,0,0,91,0,97,0,67,70,0,0,0,31,0,100,0,95,94,49,100,91,93,98,100,0,100,0,0,0,0,0
l34,15=0,0,0,0,0,0,0,0,0,0,0,0,0,0,2,0,47,30,0,0,0,64,0,0,0,97,97,71,96,97,0,97,99,87,0,0,0,0,0,0
l35,15=0,0,0,0,0,0,0,0,0,0,0,0,44,0,0,44,66,0,0,35,50,45,70,0,0,0,0,0,0,0,0,0,0,0,0,0,99,94,95,97
l36,15=0,0,0,0,0,0,0,0,0,0,0,79,50,0,0,0,75,38,0,50,57,66,82,0,47,0,0,0,0,0,0,0,0,0,0,99,0,65,99,64
l37,15=0,0,0,0,0,0,0,0,0,0,0,0,0,0,0,0,52,0,0,0,0,60,80,0,0,0,0,0,0,0,0,0,0,0,0,98,98,0,62,64
l38,15=0,0,0,0,0,0,0,0,0,0,0,72,59,0,22,52,80,80,0,44,60,69,82,0,0,0,0,0,0,0,0,0,0,0,0,98,99,64,0,64
l39,15=0,0,0,0,0,0,0,0,0,0,0,0,0,0,0,0,0,0,0,46,53,60,74,0,0,0,0,0,0,0,0,0,0,0,0,97,98,66,80,0

