t=2016-04-13_20.10.11

n=40

q0=1
q1=1
q2=1
q3=1
q4=1
q5=1
q6=1
q7=1
q8=1
q9=1
q10=1
q11=1
q12=1
q13=1
q14=1
q15=1
q16=1
q17=1
q18=1
q19=1
q20=1
q21=1
q22=1
q23=1
q24=1
q25=1
q26=1
q27=1
q28=1
q29=1
q30=1
q31=1
q32=1
q33=1
q34=1
q35=1
q36=1
q37=1
q38=1
q39=1

a0=0x141592000c576ce6
a1=0x141592000c5aedbc
a2=0x141592000c5750f4
a3=0x141592000c576658
a4=0x141592000c575890
a5=0x141592000c574ffa
a6=0x141592000c5acf11
a7=0x141592000d9df361
a8=0x141592000c576300
a9=0x141592000c5779b6
a10=0x141592000c5762b9
a11=0x141592000c5af078
a12=0x141592000c575517
a13=0x141592000c5752c3
a14=0x141592000c5a4baa
a15=0x141592000c5776e7
a16=0x141592000c58cdeb
a17=0x141592000c5881fc
a18=0x141592000bd81d33
a19=0x141592000bd84d6a
a20=0x141592000c577233
a21=0x141592000c574527
a22=0x141592000c5746a3
a23=0x141592000c574da3
a24=0x141592000c5741c9
a25=0x141592000da244ea
a26=0x141592000c5ae886
a27=0x141592000c57510e
a28=0x141592000c5ab6c8
a29=0x141592000c574d05
a30=0x141592000edae61f
a31=0x141592000c57667e
a32=0x141592000c577f43
a33=0x141592000c576449
a34=0x1415920010f4117a
a35=0x141592000c575966
a36=0x141592000c574d35
a37=0x141592000c576fb1
a38=0x141592000c5aea5d
a39=0x141592000c59f23f

l0,0=0,91,82,95,78,80,77,73,74,83,0,0,0,26,0,0,0,0,0,0,0,0,0,0,0,0,0,0,0,0,0,0,0,0,0,0,0,0,0,0
l1,0=82,0,82,78,89,82,77,84,67,0,80,0,0,0,0,0,0,0,0,0,0,0,0,0,0,0,0,0,0,0,0,0,0,0,0,0,0,0,0,0
l2,0=77,89,0,0,81,72,79,81,3,79,75,0,0,64,0,0,0,0,0,0,0,0,0,0,0,0,0,0,0,0,0,0,0,0,0,0,0,0,0,0
l3,0=83,80,0,0,87,80,75,64,61,0,75,0,0,0,0,0,0,0,0,0,0,0,0,0,0,0,0,0,0,0,0,0,0,0,0,0,0,0,0,0
l4,0=64,87,82,86,0,78,18,2,0,74,67,0,0,63,0,0,0,0,0,0,0,0,0,0,0,0,0,0,0,0,0,0,0,0,0,0,0,0,0,0
l5,0=76,92,80,81,80,0,72,80,72,80,73,0,0,68,0,0,0,0,0,0,0,0,0,0,0,0,0,0,0,0,0,0,0,0,0,0,0,0,0,0
l6,0=78,82,77,74,54,73,0,83,72,78,73,17,0,72,0,44,43,0,0,0,0,0,0,0,0,0,0,0,0,0,0,0,0,0,0,0,0,0,0,0
l7,0=71,84,73,65,62,74,77,0,73,86,77,34,1,31,0,33,0,0,0,0,0,0,0,0,0,0,0,0,0,0,0,0,0,0,0,0,0,0,0,0
l8,0=35,29,0,60,0,38,48,58,0,91,35,46,37,89,57,54,55,31,0,0,0,44,14,0,68,0,0,0,0,0,0,0,0,0,0,0,0,0,37,0
l9,0=76,0,72,0,78,75,58,83,93,0,84,35,43,78,2,50,36,33,0,0,0,0,22,0,0,0,0,0,0,0,0,0,0,0,0,0,0,0,0,0
l10,0=0,84,75,73,78,73,73,88,77,93,0,72,61,82,1,77,0,0,0,0,0,0,0,0,0,0,0,0,0,0,0,0,0,0,0,0,0,0,0,0
l11,0=0,0,0,0,0,0,17,49,79,75,30,0,70,90,82,91,42,49,0,28,0,30,0,0,73,0,0,0,0,0,0,0,0,0,0,2,77,0,45,0
l12,0=0,0,0,0,0,0,0,0,75,69,19,82,0,85,84,91,51,97,0,0,43,40,0,81,92,80,0,0,0,0,0,0,0,72,0,0,60,0,48,0
l13,0=0,0,1,0,60,1,24,0,88,72,60,69,86,0,82,62,31,39,0,31,0,43,64,72,70,61,0,0,0,0,0,0,0,0,0,0,11,0,43,0
l14,0=0,0,0,0,0,0,0,0,76,6,0,26,70,84,0,43,51,44,0,0,47,0,58,82,84,86,0,0,0,0,0,0,0,75,0,0,9,0,5,0
l15,0=0,0,0,0,0,0,23,23,84,72,29,94,92,85,82,0,36,45,0,0,10,0,56,0,85,0,0,0,0,0,0,0,0,0,0,0,52,0,47,0
l16,0=0,0,0,0,0,0,7,0,83,61,0,25,52,59,86,30,0,54,0,37,42,52,77,65,83,0,0,0,0,0,0,0,0,56,0,60,56,4,54,35
l17,0=0,0,0,0,0,0,0,0,69,75,0,30,80,90,84,46,44,0,0,0,51,53,52,0,84,75,0,0,0,0,0,0,0,80,0,0,70,0,0,0
l18,0=0,0,0,0,0,0,0,0,0,0,0,0,0,0,0,0,0,0,0,0,83,0,75,0,0,0,0,0,0,0,0,0,0,0,0,0,0,0,0,0
l19,0=0,0,0,0,0,0,0,0,12,0,0,12,0,53,0,0,77,0,0,0,87,40,93,0,0,0,1,0,0,7,0,48,0,0,0,0,70,29,64,57
l20,0=0,0,0,0,0,0,0,0,0,0,0,0,39,0,39,1,36,39,53,84,0,83,93,0,0,0,0,0,5,0,0,0,0,0,4,0,98,55,91,57
l21,0=0,0,0,0,0,0,0,0,57,0,0,9,36,56,0,0,84,34,27,30,97,0,93,0,0,0,0,0,0,0,0,0,0,0,0,76,49,0,88,29
l22,0=0,0,0,0,0,0,0,0,43,17,0,0,0,59,30,17,50,22,52,85,97,83,0,0,8,0,50,0,0,0,0,0,25,0,0,68,98,34,73,38
l23,0=0,0,0,0,0,0,0,0,2,0,0,0,81,74,79,0,36,0,0,0,0,0,0,0,87,11,0,0,0,0,0,0,0,56,73,0,0,0,0,0
l24,0=0,0,0,0,0,0,0,0,77,0,0,25,90,75,80,58,39,43,0,0,0,0,27,84,0,77,0,0,0,0,0,0,69,75,71,0,0,0,13,0
l25,0=0,0,0,0,0,0,0,0,0,0,0,0,79,66,85,0,0,35,0,0,0,0,0,15,77,0,60,0,0,0,0,52,70,69,74,0,0,0,0,0
l26,0=0,0,0,0,0,0,0,0,0,0,0,0,0,0,0,0,0,0,0,31,0,0,56,0,0,51,0,69,89,84,95,87,70,59,71,0,0,0,0,0
l27,0=0,0,0,0,0,0,0,0,0,0,0,0,0,0,0,0,0,0,0,0,0,0,0,0,0,0,77,0,89,90,100,64,60,52,72,0,0,0,0,0
l28,0=0,0,0,0,0,0,0,0,0,0,0,0,0,0,0,0,0,0,0,23,35,0,0,0,0,0,88,98,0,90,100,83,66,56,66,0,0,0,0,0
l29,0=0,0,0,0,0,0,0,0,0,0,0,0,0,0,0,0,0,0,0,43,0,0,0,0,0,0,85,98,89,0,100,63,59,54,59,0,0,0,0,0
l30,0=0,0,0,0,0,0,0,0,0,0,0,0,0,0,0,0,0,0,0,0,0,0,0,0,0,0,81,99,89,90,0,63,72,69,0,0,0,0,0,0
l31,0=0,0,0,0,0,0,0,0,0,0,0,0,0,0,0,0,0,0,0,49,0,0,0,0,0,49,84,57,80,58,57,0,85,75,93,0,0,0,0,0
l32,0=0,0,0,0,0,0,0,0,0,0,0,0,0,0,0,0,0,0,0,0,0,0,38,1,55,52,77,54,76,51,58,82,0,84,93,0,0,0,0,0
l33,0=0,0,0,0,0,0,0,0,0,0,0,0,64,0,47,0,50,54,0,0,0,0,0,45,57,57,64,51,68,49,74,77,86,0,74,0,0,0,0,0
l34,0=0,0,0,0,0,0,0,0,0,0,0,0,0,0,0,0,0,0,0,0,41,0,14,62,57,70,70,59,76,56,0,88,95,64,0,0,0,0,0,0
l35,0=0,0,0,0,0,0,0,0,0,0,0,0,0,0,0,0,13,0,0,0,0,42,48,0,0,0,0,0,0,0,0,0,0,0,0,0,67,50,95,33
l36,0=0,0,0,0,0,0,0,0,0,0,0,14,29,28,1,7,31,23,0,31,57,17,91,0,0,0,0,0,0,0,0,0,0,0,0,71,0,49,62,55
l37,0=0,0,0,0,0,0,0,0,0,0,0,0,0,0,0,0,2,1,0,19,57,0,49,0,0,0,0,0,0,0,0,0,0,0,0,81,96,0,32,57
l38,0=0,0,0,0,0,0,0,0,44,0,0,14,53,52,0,37,43,0,0,31,57,57,90,0,0,0,0,0,0,0,0,0,0,0,0,82,98,27,0,56
l39,0=0,0,0,0,0,0,0,0,0,0,0,0,0,0,0,0,35,0,0,41,58,46,80,0,0,0,0,0,0,0,0,0,0,0,0,73,94,52,62,0

l0,1=0,74,84,90,66,82,62,28,30,73,38,0,0,3,0,0,0,0,0,0,0,0,0,0,0,0,0,0,0,0,0,0,0,0,0,0,0,0,0,0
l1,1=88,0,88,86,86,86,58,73,59,67,67,0,0,37,0,0,0,0,0,0,0,0,0,2,0,0,0,0,0,0,0,0,0,0,0,0,0,0,0,0
l2,1=83,79,0,76,75,87,72,76,0,74,76,0,0,0,0,12,0,0,0,0,0,0,0,0,0,0,0,0,0,0,0,0,0,0,0,0,0,0,0,0
l3,1=88,74,65,0,83,83,58,47,0,50,70,0,0,0,0,0,0,0,0,0,0,0,0,0,0,0,0,0,0,0,0,0,0,0,0,0,0,0,0,0
l4,1=54,74,57,82,0,76,50,9,60,72,72,0,0,45,0,0,0,0,0,0,0,0,0,0,0,0,0,0,0,0,0,0,0,0,0,0,0,0,0,0
l5,1=78,78,88,84,74,0,62,78,70,74,69,0,0,0,0,0,0,0,0,0,0,0,0,0,0,0,0,0,0,0,0,0,0,0,0,0,0,0,0,0
l6,1=68,55,82,65,57,75,0,81,68,58,72,54,7,54,0,0,26,0,0,0,0,0,0,0,0,0,0,0,0,0,0,0,0,0,0,0,0,0,0,0
l7,1=43,66,76,30,27,78,70,0,71,76,76,33,3,34,0,7,0,0,0,0,0,0,0,0,0,0,0,0,0,0,0,0,0,0,0,0,0,0,0,0
l8,1=0,27,0,0,32,45,55,75,0,82,69,64,0,71,54,62,40,27,0,0,0,48,17,0,0,0,0,0,0,0,0,0,0,0,0,0,0,0,7,0
l9,1=59,46,68,21,66,69,29,76,86,0,86,68,32,65,48,57,28,27,0,0,0,31,12,0,0,0,0,0,0,0,0,0,0,0,0,0,0,0,0,0
l10,1=46,68,78,74,74,75,70,89,69,86,0,67,0,69,0,55,0,0,0,0,0,7,0,0,0,0,0,0,0,0,0,0,0,0,0,0,0,0,0,0
l11,1=0,1,0,0,0,0,18,32,62,64,55,0,81,76,72,70,38,74,0,39,3,3,0,0,54,0,0,0,0,0,0,0,0,0,0,20,37,0,38,0
l12,1=0,0,0,0,0,0,0,0,0,31,0,79,0,64,77,72,41,80,0,0,40,30,3,52,81,68,0,0,0,0,0,0,0,0,0,0,0,0,35,0
l13,1=0,1,0,0,10,0,23,0,71,72,64,79,47,0,64,44,36,40,0,36,35,34,19,37,0,43,0,0,0,0,0,0,0,0,0,0,0,0,41,0
l14,1=0,0,0,0,0,0,0,0,52,50,0,40,84,55,0,60,59,40,0,1,45,27,0,68,57,64,0,0,0,0,0,0,0,0,0,0,2,0,0,0
l15,1=0,0,1,0,0,0,0,0,59,57,49,86,83,35,61,0,27,41,0,0,27,0,10,11,66,0,0,0,0,0,0,0,0,0,0,0,22,0,5,0
l16,1=0,0,0,0,0,0,1,0,53,42,0,33,42,47,65,42,0,40,0,43,50,41,26,17,39,36,0,0,0,0,0,0,12,32,0,31,18,3,40,54
l17,1=0,0,0,0,0,0,0,0,48,49,0,49,92,50,64,66,41,0,0,0,43,1,12,18,49,30,0,0,0,0,0,0,0,42,0,0,28,0,23,0
l18,1=0,0,0,0,0,0,0,0,0,0,0,0,0,0,0,0,0,0,0,63,61,62,48,0,0,0,0,0,0,0,0,0,0,0,0,0,0,0,0,0
l19,1=0,0,0,0,0,0,0,0,0,0,0,18,0,26,0,0,25,0,37,0,67,37,62,0,0,0,0,0,0,0,0,36,0,0,0,0,31,35,49,63
l20,1=0,0,0,0,0,0,0,0,0,0,0,0,29,29,35,17,36,26,48,74,0,77,63,0,0,0,0,0,23,0,0,0,0,0,0,39,47,59,57,69
l21,1=0,0,0,0,0,0,0,0,54,37,10,1,23,38,33,0,57,17,35,55,71,0,62,0,0,0,0,0,0,0,0,30,24,0,0,73,21,48,55,67
l22,1=0,0,0,0,0,0,0,0,43,25,0,0,18,31,0,31,57,22,44,81,70,76,0,0,1,0,38,0,0,28,0,26,0,0,0,38,67,55,55,70
l23,1=0,0,0,0,0,0,0,0,0,0,0,0,44,53,67,4,26,27,0,0,0,0,0,0,71,58,0,0,0,0,0,0,0,0,39,0,0,0,0,0
l24,1=0,0,0,0,0,0,0,0,0,0,0,41,82,16,72,66,38,41,0,0,0,0,3,77,0,68,0,0,0,0,0,0,35,50,34,0,0,0,0,0
l25,1=0,0,0,0,0,0,0,0,3,0,0,0,66,43,69,0,35,30,0,0,0,0,0,56,57,0,37,0,22,8,0,52,0,58,33,0,0,0,0,0
l26,1=0,0,0,0,0,0,0,0,0,0,0,0,0,0,0,0,0,0,0,1,0,0,36,0,0,43,0,70,85,70,76,79,60,68,56,0,0,0,0,0
l27,1=0,0,0,0,0,0,0,0,0,0,0,0,0,0,0,0,0,0,0,0,0,0,0,0,0,0,72,0,85,84,91,63,56,58,63,0,0,0,0,0
l28,1=0,0,0,0,0,0,0,0,0,0,0,0,0,0,0,0,0,0,0,21,32,0,0,0,0,32,75,82,0,84,87,79,40,57,66,0,0,0,0,0
l29,1=0,0,0,0,0,0,0,0,0,0,0,0,0,0,0,0,0,0,0,3,0,0,18,0,0,5,74,81,85,0,86,68,39,34,48,0,0,0,0,0
l30,1=0,0,0,0,0,0,0,0,0,0,0,0,0,0,0,0,0,0,0,0,0,0,0,0,0,0,72,91,83,84,0,55,40,44,0,0,0,0,0,0
l31,1=0,0,0,0,0,0,0,0,0,0,0,0,0,0,0,0,0,0,0,49,0,20,28,0,0,51,71,63,63,52,49,0,59,71,68,0,0,0,0,0
l32,1=0,0,0,0,0,0,0,0,0,0,0,0,0,0,0,0,34,0,0,0,0,27,9,0,42,0,71,63,48,52,49,75,0,71,89,0,0,0,0,0
l33,1=0,0,0,0,0,0,0,0,0,0,0,0,0,0,0,0,43,52,0,0,0,0,0,0,49,55,67,59,56,46,57,72,60,0,62,0,0,0,0,0
l34,1=0,0,0,0,0,0,0,0,0,0,0,0,0,0,4,0,26,0,0,0,37,0,0,56,42,54,64,62,62,47,0,76,73,70,0,0,0,0,0,0
l35,1=0,0,0,0,0,0,0,0,0,0,0,3,0,0,0,0,30,0,0,0,40,43,10,0,0,0,0,0,0,0,0,0,0,0,0,0,44,70,62,56
l36,1=0,0,0,0,0,0,0,0,0,0,0,27,0,5,1,37,21,18,0,46,62,2,29,0,0,0,0,0,0,0,0,0,0,0,0,48,0,69,63,65
l37,1=0,0,0,0,0,0,0,0,0,0,0,0,0,0,0,0,0,0,0,34,55,37,23,0,0,0,0,0,0,0,0,0,0,0,0,48,44,0,52,68
l38,1=0,0,0,0,0,0,0,0,2,0,0,28,30,41,0,0,31,0,0,60,65,46,28,0,0,0,0,0,0,0,0,0,0,0,0,79,68,69,0,69
l39,1=0,0,0,0,0,0,0,0,0,0,0,0,0,0,0,0,31,0,0,66,60,42,28,0,0,0,0,0,0,0,0,0,0,0,0,42,37,70,51,0

l0,2=0,76,79,74,75,80,46,0,13,76,0,0,0,0,0,0,0,0,0,0,0,0,0,0,0,0,0,0,0,0,0,0,0,0,0,0,0,0,0,0
l1,2=79,0,75,78,77,84,68,68,45,75,72,0,0,0,0,0,0,0,0,0,0,0,0,0,0,0,0,0,0,0,0,0,0,0,0,0,0,0,0,0
l2,2=80,78,0,68,78,85,71,83,0,81,76,0,0,0,0,0,0,0,0,0,0,0,0,0,0,0,0,0,0,0,0,0,0,0,0,0,0,0,0,0
l3,2=78,79,74,0,79,80,47,52,4,0,59,0,0,0,0,0,0,0,0,0,0,0,0,0,0,0,0,0,0,0,0,0,0,0,0,0,0,0,0,0
l4,2=71,71,71,74,0,78,66,57,41,76,54,0,0,0,0,0,0,0,0,0,0,0,0,0,0,0,0,0,0,0,0,0,0,0,0,0,0,0,0,0
l5,2=66,76,82,67,72,0,64,70,50,69,71,0,0,0,0,0,0,0,0,0,0,0,0,0,0,0,0,0,0,0,0,0,0,0,0,0,0,0,0,0
l6,2=34,68,78,41,69,74,0,61,42,55,75,26,34,27,0,27,0,0,0,0,0,0,0,0,0,0,0,0,0,0,0,0,0,0,0,0,0,0,0,0
l7,2=0,57,71,37,57,72,58,0,54,72,86,24,0,47,0,39,24,0,0,0,0,0,0,0,0,0,0,0,0,0,0,0,0,0,0,0,0,0,0,0
l8,2=0,32,0,0,45,45,35,71,0,84,73,38,0,66,0,54,47,41,0,0,0,47,41,18,34,38,0,0,0,0,0,0,0,0,0,0,0,0,25,0
l9,2=40,45,70,1,65,55,38,73,73,0,83,32,32,68,1,40,21,28,0,0,1,37,0,0,0,0,0,0,0,0,0,0,0,0,0,0,0,0,0,0
l10,2=0,64,66,44,56,71,66,81,55,81,0,37,0,63,0,35,0,10,0,0,0,0,0,36,0,0,0,0,0,0,0,0,0,0,0,0,0,0,0,0
l11,2=0,0,0,0,0,0,21,19,47,40,45,0,68,75,63,64,52,79,0,29,24,47,34,15,22,0,0,0,0,0,0,0,0,0,0,24,39,0,26,28
l12,2=0,0,0,0,0,0,27,0,0,34,0,61,0,55,73,60,61,87,0,0,0,40,15,63,81,76,0,0,0,0,0,0,0,0,0,0,0,0,29,0
l13,2=0,0,0,0,0,0,0,38,62,70,57,63,46,0,46,51,52,47,1,27,24,44,32,39,38,34,0,0,0,0,0,0,0,0,0,0,0,0,36,0
l14,2=0,0,0,0,0,0,0,0,0,1,0,45,71,54,0,50,62,50,0,0,16,0,0,69,54,61,0,0,0,0,0,0,0,40,0,0,0,0,37,0
l15,2=0,0,0,0,0,0,23,50,56,44,42,80,64,56,53,0,35,64,0,7,46,0,0,0,63,0,0,0,0,0,0,0,0,0,0,0,30,0,32,0
l16,2=0,0,0,0,0,0,0,0,47,5,0,32,48,55,62,32,0,67,0,35,55,53,64,18,50,54,0,0,0,0,0,0,0,24,0,52,48,35,37,52
l17,2=0,0,0,0,0,0,0,0,50,18,1,69,73,56,56,56,74,0,0,0,37,0,48,39,57,0,0,0,0,0,0,0,0,25,0,0,43,0,36,0
l18,2=0,0,0,0,0,0,0,0,0,0,0,0,0,2,0,0,0,0,0,57,58,59,65,0,0,0,0,0,0,0,0,0,0,0,0,0,0,0,0,0
l19,2=0,0,0,0,0,0,0,0,0,0,0,16,0,39,0,0,44,0,40,0,66,0,78,0,0,0,0,0,0,32,0,35,0,0,0,0,53,25,45,66
l20,2=0,0,0,0,0,0,0,0,0,0,0,0,0,36,0,43,66,36,40,66,0,71,73,0,0,0,0,0,0,0,0,0,0,0,22,67,59,45,50,69
l21,2=0,0,0,0,0,0,0,0,58,35,0,27,34,55,0,1,67,18,45,0,72,0,76,0,0,0,0,0,0,0,0,0,0,31,0,53,53,56,50,64
l22,2=0,0,0,0,0,0,0,0,35,0,0,20,23,38,0,0,66,41,49,68,70,76,0,0,0,0,0,0,1,40,0,0,0,0,0,61,59,48,39,69
l23,2=0,0,0,0,0,0,0,0,10,0,24,0,62,54,70,0,36,48,0,0,0,0,0,0,77,68,0,0,0,0,0,0,0,0,30,0,0,0,0,0
l24,2=0,0,0,0,0,0,0,0,49,0,0,6,69,58,65,57,59,67,0,0,4,0,0,71,0,72,0,0,0,0,0,0,27,40,28,0,34,0,11,0
l25,2=0,0,0,0,0,0,0,0,34,0,0,0,62,40,62,0,53,4,0,0,0,0,0,60,65,0,35,0,0,0,0,43,47,57,45,0,0,0,0,0
l26,2=0,0,0,0,0,0,0,0,0,0,0,0,0,0,0,0,0,0,0,0,0,0,0,0,0,53,0,29,89,71,76,61,70,63,54,0,0,0,0,0
l27,2=0,0,0,0,0,0,0,0,0,0,0,0,0,0,0,0,0,0,0,0,0,0,0,0,0,0,46,0,88,85,93,61,71,53,61,0,0,0,0,0
l28,2=0,0,0,0,0,0,0,0,0,0,0,0,0,0,0,0,0,0,0,4,38,0,17,0,0,0,80,87,0,87,80,62,59,69,64,0,0,0,0,0
l29,2=0,0,0,0,0,0,0,0,0,0,0,0,0,0,0,0,0,0,0,26,0,0,48,0,0,0,73,83,89,0,74,54,62,0,7,0,0,0,0,0
l30,2=0,0,0,0,0,0,0,0,0,0,0,0,0,0,0,0,0,0,0,0,0,0,0,0,0,0,71,93,85,72,0,44,62,65,39,0,0,0,0,0
l31,2=0,0,0,0,0,0,0,0,0,0,0,0,0,0,0,0,0,0,0,50,7,0,0,2,0,58,69,62,67,57,47,0,78,66,73,0,0,0,0,0
l32,2=0,0,0,0,0,0,0,0,0,0,0,0,0,0,0,0,0,0,0,0,0,0,0,0,15,58,65,49,47,60,53,63,0,71,85,0,0,0,0,0
l33,2=0,0,0,0,0,0,0,0,0,0,0,0,0,0,55,0,45,23,0,0,0,27,0,4,48,62,64,30,67,0,58,57,69,0,70,0,0,0,0,0
l34,2=0,0,0,0,0,0,0,0,0,0,0,0,0,0,0,0,0,0,0,0,46,0,0,41,43,62,65,48,64,32,49,67,85,75,0,0,0,0,0,0
l35,2=0,0,0,0,0,0,0,0,0,0,0,0,0,0,0,0,57,0,0,0,48,35,59,0,0,0,0,0,0,0,0,0,0,0,0,0,59,56,53,66
l36,2=0,0,0,0,0,0,0,0,0,0,0,26,1,0,0,10,66,47,0,40,64,42,70,0,6,0,0,0,0,0,0,0,0,0,0,67,0,62,53,52
l37,2=0,0,0,0,0,0,0,0,0,0,0,0,0,0,0,0,29,0,0,15,40,56,60,0,0,0,0,0,0,0,0,0,0,0,0,67,59,0,48,70
l38,2=0,0,0,0,0,0,0,0,8,0,0,5,14,58,30,22,57,35,0,51,65,62,49,0,0,0,0,0,0,0,0,0,0,0,0,67,60,59,0,70
l39,2=0,0,0,0,0,0,0,0,0,0,0,0,0,0,0,0,59,0,0,54,62,58,65,0,0,0,0,0,0,0,0,0,0,0,0,63,52,56,46,0

l0,3=0,84,85,75,79,76,0,42,35,78,0,0,0,0,0,0,0,0,0,0,0,0,0,0,0,0,0,0,0,0,0,0,0,0,0,0,0,0,0,0
l1,3=82,0,86,77,80,89,83,76,65,75,13,0,0,0,0,0,0,0,0,0,0,0,0,0,0,0,0,0,0,0,0,0,0,0,0,0,0,0,0,0
l2,3=79,83,0,71,80,89,87,85,66,76,84,0,0,73,0,0,0,0,0,0,0,0,0,0,0,0,0,0,0,0,0,0,0,0,0,0,0,0,0,0
l3,3=81,88,84,0,73,74,77,0,59,7,61,0,0,0,0,0,0,0,0,0,0,0,0,0,0,0,0,0,0,0,0,0,0,0,0,0,0,0,0,0
l4,3=84,87,87,32,0,84,41,0,37,71,0,0,0,0,0,0,0,0,0,0,0,0,0,0,0,0,0,0,0,0,0,0,0,0,0,0,0,0,0,0
l5,3=76,84,90,71,80,0,83,76,69,72,74,32,0,72,0,0,0,0,0,0,0,0,0,0,0,0,0,0,0,0,0,0,0,0,0,0,0,0,0,0
l6,3=0,79,88,69,73,78,0,76,72,75,83,68,70,50,0,67,73,0,0,0,0,0,0,0,0,0,0,0,0,0,0,0,0,0,0,0,0,0,0,0
l7,3=60,71,79,0,0,73,75,0,71,80,95,0,13,79,0,70,67,0,0,0,0,0,0,0,0,0,0,0,0,0,0,0,0,0,0,0,0,0,0,0
l8,3=0,29,35,24,33,38,40,83,0,85,83,64,25,83,0,82,44,42,0,0,0,33,37,17,36,0,0,0,0,0,0,0,0,0,0,0,0,0,7,0
l9,3=36,33,42,25,39,39,52,84,84,0,95,27,33,83,26,39,0,0,0,0,22,7,0,0,0,0,0,0,0,0,0,0,0,0,0,0,0,0,0,0
l10,3=0,19,81,28,1,73,83,90,77,88,0,27,31,83,23,22,0,0,0,0,0,0,0,26,4,0,0,0,0,0,0,0,0,0,0,0,0,0,15,0
l11,3=0,0,0,0,0,24,40,0,75,31,22,0,88,85,84,93,34,85,0,16,19,28,38,35,78,4,0,0,0,0,0,0,0,0,0,4,31,8,63,0
l12,3=0,0,0,0,0,0,36,0,24,23,0,93,0,41,89,92,46,93,0,25,0,28,28,82,95,76,0,0,0,0,0,0,0,20,0,22,0,0,33,0
l13,3=0,0,34,0,0,31,6,27,85,85,57,93,45,0,7,82,35,41,22,15,21,14,35,30,25,19,0,0,0,0,0,0,0,0,0,0,0,0,27,0
l14,3=0,0,0,0,0,0,0,0,0,29,18,96,94,29,0,29,48,28,0,0,25,0,9,94,93,29,0,0,0,0,0,0,0,30,5,0,0,0,36,0
l15,3=0,0,0,0,0,0,37,34,75,59,9,98,89,82,31,0,77,78,0,7,33,19,0,31,89,0,0,0,0,0,0,0,0,0,0,0,0,0,33,10
l16,3=0,0,0,0,0,0,28,14,38,0,0,10,46,35,72,33,0,84,18,10,75,73,77,28,37,22,0,0,0,0,0,0,0,32,0,7,32,33,36,32
l17,3=0,0,0,0,0,0,0,0,70,1,0,93,94,78,15,79,92,0,0,0,66,30,38,56,81,0,0,0,0,0,0,0,0,28,0,40,69,0,58,28
l18,3=0,0,0,0,0,0,0,0,0,0,0,0,0,60,0,0,42,0,0,64,65,42,64,0,0,0,0,0,0,0,0,0,0,0,0,0,0,0,0,0
l19,3=0,0,0,0,0,0,0,0,0,0,0,8,56,55,0,0,18,0,58,0,87,90,95,0,0,0,0,0,0,52,0,58,0,0,0,1,80,46,72,78
l20,3=0,0,0,0,0,0,0,0,0,44,0,38,0,65,38,76,90,70,51,81,0,91,91,0,51,0,0,0,0,0,0,0,0,0,1,87,84,86,87,86
l21,3=0,0,0,0,0,0,0,0,78,37,0,64,79,52,0,35,91,59,45,83,89,0,91,0,0,0,0,0,0,0,0,0,0,38,0,33,81,81,82,63
l22,3=0,0,0,0,0,0,0,0,60,0,0,64,57,71,2,0,92,41,48,92,93,91,0,0,0,0,0,0,0,56,0,0,0,0,0,94,72,87,45,88
l23,3=0,0,0,0,0,0,0,0,18,0,6,28,82,32,81,27,36,38,0,0,0,0,0,0,93,81,0,0,0,0,0,12,0,0,0,0,0,0,0,0
l24,3=0,0,0,0,0,0,0,0,37,0,0,36,94,32,85,85,44,80,0,0,26,0,0,93,0,81,0,0,0,0,0,0,0,39,0,0,24,0,30,0
l25,3=0,0,0,0,0,0,0,0,15,0,0,0,85,32,76,0,36,0,0,0,0,0,0,86,87,0,4,0,0,4,0,32,36,71,35,0,0,0,0,0
l26,3=0,0,0,0,0,0,0,0,0,0,0,0,0,0,0,0,0,0,0,0,0,0,0,0,0,8,0,80,100,89,91,94,81,60,84,0,0,0,0,0
l27,3=0,0,0,0,0,0,0,0,0,0,0,0,0,0,0,0,0,0,0,0,0,0,0,0,0,0,89,0,100,93,99,89,88,0,3,0,0,0,0,0
l28,3=0,0,0,0,0,0,0,0,0,0,0,0,0,0,0,0,0,0,0,2,42,0,0,0,0,0,95,100,0,93,95,88,72,88,82,0,0,0,0,0
l29,3=0,0,0,0,0,0,0,0,0,0,0,0,0,0,0,0,0,0,0,60,0,0,54,0,0,0,95,100,100,0,87,75,74,58,64,0,0,0,0,0
l30,3=0,0,0,0,0,0,0,0,0,0,0,0,0,0,0,0,0,0,0,0,0,0,0,0,0,0,91,100,94,88,0,68,76,63,0,0,0,0,0,0
l31,3=0,0,0,0,0,0,0,0,0,0,0,0,0,0,0,0,0,0,0,52,0,0,0,48,0,44,94,72,82,73,52,0,91,95,97,0,0,0,0,0
l32,3=0,0,0,0,0,0,0,0,0,0,0,0,1,0,0,0,0,0,0,0,0,0,0,0,0,67,81,80,81,76,75,97,0,96,97,0,0,0,0,0
l33,3=0,0,0,0,0,0,0,0,0,0,0,0,25,0,21,0,65,14,0,0,0,19,0,0,84,83,49,0,89,67,44,92,85,0,91,0,0,0,0,0
l34,3=0,0,0,0,0,0,0,0,0,0,0,0,0,0,32,0,0,0,0,0,41,0,0,43,0,69,78,16,81,74,29,94,91,97,0,0,0,0,0,0
l35,3=0,0,0,0,0,0,0,0,0,0,0,0,19,0,0,0,12,16,0,0,72,0,79,0,0,0,0,0,0,0,0,0,0,0,0,0,85,85,85,86
l36,3=0,0,0,0,0,0,0,0,0,0,0,59,8,0,0,0,73,61,0,71,71,77,71,0,24,0,0,0,0,0,0,0,0,0,0,93,0,84,89,81
l37,3=0,0,0,0,0,0,0,0,0,0,0,0,0,0,0,0,74,0,0,32,77,74,82,0,0,0,0,0,0,0,0,0,0,0,0,92,84,0,77,85
l38,3=0,0,0,0,0,0,0,0,0,0,0,74,58,63,60,48,67,49,0,63,82,81,13,0,34,0,0,0,0,0,0,0,0,0,0,95,87,76,0,81
l39,3=0,0,0,0,0,0,0,0,0,0,0,0,0,0,0,0,69,8,0,70,77,52,83,0,0,0,0,0,0,0,0,0,0,0,0,93,85,87,86,0

l0,4=0,83,67,94,93,85,0,19,69,87,0,0,0,0,0,0,0,0,0,0,0,0,0,0,0,0,0,0,0,0,0,0,0,0,0,0,0,0,0,0
l1,4=75,0,78,91,92,90,84,81,78,86,84,0,0,9,0,0,0,0,0,0,0,0,0,3,0,0,0,0,0,0,0,0,0,0,0,0,0,0,0,0
l2,4=61,75,0,84,91,90,83,84,73,84,84,0,0,75,0,0,0,0,0,0,0,0,0,0,0,0,0,0,0,0,0,0,0,0,0,0,0,0,0,0
l3,4=78,92,88,0,91,88,80,0,73,0,0,0,0,0,0,0,0,0,0,0,0,0,0,0,0,0,0,0,0,0,0,0,0,0,0,0,0,0,0,0
l4,4=76,88,81,90,0,88,78,79,74,78,76,0,0,0,0,0,0,0,0,0,0,0,0,0,0,0,0,0,0,0,0,0,0,0,0,0,0,0,0,0
l5,4=66,76,82,83,86,0,81,84,78,85,84,0,0,53,0,66,0,0,0,0,0,0,0,0,0,0,0,0,0,0,0,0,0,0,0,0,0,0,0,0
l6,4=0,79,80,79,85,84,0,90,73,84,90,80,70,0,0,72,77,0,0,0,0,0,0,0,0,0,0,0,0,0,0,0,0,0,0,0,0,0,0,0
l7,4=37,68,78,0,77,86,83,0,79,88,90,79,0,75,0,72,0,0,0,0,0,0,0,0,0,0,0,0,0,0,0,0,0,0,0,0,0,0,0,0
l8,4=63,64,28,73,74,69,62,79,0,88,79,80,74,82,70,72,76,77,0,0,43,49,32,0,3,0,0,0,0,0,0,0,0,0,0,0,0,0,0,0
l9,4=62,67,68,3,74,72,74,86,82,0,93,80,0,81,0,29,0,78,0,0,74,0,33,0,0,0,0,0,0,0,0,0,0,0,0,0,0,0,0,0
l10,4=0,67,79,4,76,80,83,91,79,91,0,84,75,80,75,72,0,69,0,0,0,0,0,31,0,0,0,0,0,0,0,0,0,0,0,0,0,0,1,0
l11,4=0,0,0,0,0,0,70,61,75,78,82,0,80,78,76,90,77,78,0,0,0,50,31,38,30,26,0,0,0,0,0,0,0,0,0,0,62,25,71,0
l12,4=0,0,0,0,0,0,29,0,74,0,77,91,0,87,89,77,88,91,0,5,69,0,0,88,80,86,0,0,0,0,0,0,22,39,0,4,11,0,78,0
l13,4=0,0,68,0,0,0,0,44,76,81,79,80,78,0,73,71,76,78,0,50,76,44,35,37,0,35,0,0,0,0,0,0,0,0,0,0,0,0,59,0
l14,4=0,0,0,0,0,0,0,0,71,0,77,92,94,76,0,0,85,40,0,0,78,0,3,94,91,57,0,0,0,0,0,0,0,52,27,0,19,0,76,0
l15,4=0,0,0,0,0,41,57,67,74,54,79,97,79,80,0,0,76,78,0,9,76,45,30,37,33,22,0,0,0,0,0,0,0,0,0,0,53,9,59,0
l16,4=0,0,0,0,0,0,56,0,66,0,0,73,89,75,84,54,0,88,55,68,85,56,37,36,31,30,0,0,0,0,0,0,0,0,0,37,53,20,84,39
l17,4=0,0,0,0,0,0,0,0,67,77,41,92,96,83,46,67,93,0,0,0,79,46,31,33,70,7,0,0,0,0,0,0,0,0,0,34,65,0,69,42
l18,4=0,0,0,0,0,0,0,0,0,0,0,0,0,0,0,0,68,0,0,72,29,69,64,0,0,0,0,0,0,0,0,0,0,0,0,0,0,0,0,0
l19,4=0,0,0,0,0,0,0,0,0,0,0,0,44,54,0,0,67,0,73,0,92,86,92,0,0,0,0,0,0,39,0,0,0,0,0,40,50,13,66,48
l20,4=0,0,0,0,0,0,0,0,25,61,0,0,65,69,72,49,83,76,15,92,0,91,92,0,31,0,0,0,66,0,0,0,36,0,0,50,75,57,87,56
l21,4=0,0,0,0,0,0,0,0,73,0,0,70,0,63,0,49,79,67,71,92,92,0,88,0,7,0,0,0,0,0,0,0,0,38,0,42,70,50,90,78
l22,4=0,0,0,0,0,0,0,0,61,71,0,67,8,70,12,35,69,64,71,95,96,91,0,0,0,0,37,0,0,41,0,0,2,31,0,37,70,44,79,39
l23,4=0,0,0,0,0,0,0,0,0,0,3,81,92,81,92,76,62,12,0,0,0,0,0,0,92,91,0,0,0,0,0,0,0,53,36,0,0,0,0,0
l24,4=0,0,0,0,0,0,0,0,16,0,0,81,94,0,92,78,85,85,0,0,78,0,0,96,0,88,0,0,0,0,0,0,0,59,0,0,0,0,0,0
l25,4=0,0,0,0,0,0,0,0,0,0,0,41,96,61,93,10,64,6,0,0,0,0,0,97,93,0,0,0,0,26,0,48,81,87,65,0,0,0,0,0
l26,4=0,0,0,0,0,0,0,0,0,0,0,0,0,0,0,0,0,0,0,13,0,0,82,0,0,0,0,81,100,99,100,100,100,82,95,0,0,0,0,0
l27,4=0,0,0,0,0,0,0,0,0,0,0,0,0,0,0,0,0,0,0,0,0,0,0,0,0,0,100,0,100,99,100,93,91,0,85,0,0,0,0,0
l28,4=0,0,0,0,0,0,0,0,0,0,0,0,0,0,0,0,0,0,0,2,88,0,0,0,0,0,100,100,0,99,98,92,99,97,97,0,0,0,0,0
l29,4=0,0,0,0,0,0,0,0,0,0,0,0,0,0,0,0,0,0,0,75,0,0,72,0,0,80,100,100,100,0,99,87,92,92,92,0,0,0,0,0
l30,4=0,0,0,0,0,0,0,0,0,0,0,0,0,0,0,0,0,0,0,0,0,0,0,0,0,0,99,100,98,98,0,96,94,92,0,0,0,0,0,0
l31,4=0,0,0,0,0,0,0,0,0,0,0,0,0,0,0,0,0,0,0,0,0,0,0,0,0,81,100,78,93,65,89,0,100,99,100,0,0,0,0,0
l32,4=0,0,0,0,0,0,0,0,0,0,0,0,90,0,0,0,0,0,0,0,73,0,0,0,0,93,97,86,98,97,98,100,0,100,100,0,0,0,0,0
l33,4=0,0,0,0,0,0,0,0,0,0,0,0,71,0,44,0,0,0,0,0,0,18,5,84,70,95,76,0,91,67,65,100,100,0,100,0,0,0,0,0
l34,4=0,0,0,0,0,0,0,0,0,0,0,0,0,0,65,0,0,0,0,0,4,0,0,94,8,93,98,38,98,88,0,100,100,100,0,0,0,0,0,0
l35,4=0,0,0,0,0,0,0,0,0,0,0,0,41,0,0,0,58,51,0,48,57,38,20,0,0,0,0,0,0,0,0,0,0,0,0,0,71,68,74,62
l36,4=0,0,0,0,0,0,0,0,0,0,0,55,52,0,15,36,45,68,0,54,76,45,72,0,0,0,0,0,0,0,0,0,0,0,0,71,0,60,72,62
l37,4=0,0,0,0,0,0,0,0,0,0,0,1,0,0,0,2,28,0,0,21,66,46,39,0,0,0,0,0,0,0,0,0,0,0,0,76,74,0,71,45
l38,4=0,0,0,0,0,0,0,0,0,0,0,68,67,49,65,46,70,58,0,62,78,44,39,0,0,0,0,0,0,0,0,0,0,0,0,69,70,37,0,60
l39,4=0,0,0,0,0,0,0,0,0,0,0,0,0,0,0,0,55,63,0,69,66,74,32,0,0,0,0,0,0,0,0,0,0,0,0,69,70,43,78,0

l0,5=0,76,32,51,59,59,46,0,0,73,68,0,0,1,0,0,0,0,0,0,0,0,0,0,0,0,0,0,0,0,0,0,0,0,0,0,0,0,0,0
l1,5=89,0,51,52,91,87,74,1,0,71,71,0,1,1,0,0,0,0,0,0,0,0,0,1,0,0,0,0,0,0,0,0,0,0,0,0,0,0,0,0
l2,5=66,64,0,48,64,77,47,7,2,74,72,0,0,0,0,0,0,0,0,0,0,0,0,0,0,0,0,0,0,0,0,0,0,0,0,0,0,0,0,0
l3,5=65,59,33,0,91,68,45,0,3,49,0,0,0,0,0,0,0,0,0,0,0,0,0,0,0,0,0,0,0,0,0,0,0,0,0,0,0,0,0,0
l4,5=18,86,58,84,0,82,55,3,69,0,53,0,0,12,0,0,0,0,0,0,0,0,0,0,0,0,0,0,0,0,0,0,0,0,0,0,0,0,0,0
l5,5=60,75,35,51,79,0,42,20,53,74,72,63,0,49,0,0,0,0,0,0,0,0,0,0,0,0,0,0,0,0,0,0,0,0,0,0,0,0,0,0
l6,5=56,62,31,33,59,47,0,23,35,73,75,68,0,0,0,0,48,0,0,4,0,0,0,0,0,0,0,0,0,0,0,0,0,0,0,0,0,0,0,0
l7,5=0,52,9,14,54,61,48,0,71,67,82,70,0,6,0,50,0,0,0,0,0,0,0,0,0,0,0,0,0,0,0,0,0,0,0,0,0,0,0,0
l8,5=0,0,0,1,22,19,24,17,0,77,72,76,0,71,1,20,55,63,0,0,0,26,19,15,30,0,0,0,0,0,0,0,0,0,0,0,1,0,0,0
l9,5=57,23,32,4,0,61,45,11,72,0,78,74,0,63,1,21,10,61,0,0,11,0,23,0,13,0,0,0,0,0,0,0,0,0,0,0,0,0,7,0
l10,5=45,52,32,0,54,61,45,22,71,85,0,74,0,55,19,43,0,22,0,0,0,0,0,0,0,0,0,0,0,0,0,0,0,0,0,0,0,0,0,0
l11,5=0,0,0,0,0,12,10,1,24,31,33,0,50,28,14,61,55,69,0,0,8,14,10,12,8,8,0,0,0,0,0,0,0,0,0,0,19,2,15,0
l12,5=0,0,0,0,0,0,0,0,0,0,0,62,0,9,41,13,16,86,0,0,9,0,0,15,15,29,0,0,0,0,0,0,16,1,0,18,16,0,7,0
l13,5=0,0,0,0,2,14,0,0,74,71,15,73,45,0,9,52,55,66,0,4,9,0,20,24,9,7,0,0,0,0,0,0,0,0,0,7,3,0,0,0
l14,5=0,0,0,0,0,0,0,0,3,2,9,51,51,9,0,10,16,31,0,0,11,0,11,42,51,27,0,0,0,0,0,6,0,19,12,0,11,0,7,0
l15,5=0,0,0,0,0,0,0,1,4,4,11,87,48,72,4,0,11,30,0,0,2,14,14,18,37,9,0,0,0,0,0,0,0,0,0,0,19,0,6,23
l16,5=0,0,0,0,0,0,8,0,4,3,0,60,48,9,10,5,0,82,0,11,28,16,24,0,27,7,0,0,0,0,0,2,0,10,7,20,19,1,16,22
l17,5=0,0,0,0,0,0,0,0,4,5,8,85,51,30,14,8,70,0,0,0,40,12,11,0,47,8,0,0,0,0,0,0,0,0,0,18,20,1,0,20
l18,5=0,0,0,0,0,0,0,0,0,0,0,0,0,0,0,0,0,0,0,0,0,65,29,0,0,0,0,0,0,0,0,0,0,0,0,0,0,0,0,0
l19,5=0,0,0,0,0,0,0,0,0,0,0,0,0,1,0,0,15,0,0,0,76,69,74,0,0,0,2,0,0,12,0,0,0,0,0,0,25,0,0,29
l20,5=0,0,0,0,0,0,0,0,0,0,0,3,9,9,8,0,62,59,0,71,0,72,72,0,2,0,0,0,10,0,0,0,11,0,0,24,66,10,72,50
l21,5=0,0,0,0,0,0,0,0,4,0,0,9,0,0,0,8,62,12,27,64,74,0,65,0,2,0,0,0,0,0,0,0,0,0,0,57,52,9,22,60
l22,5=0,0,0,0,0,0,0,0,7,10,0,6,1,18,1,10,60,10,9,75,77,73,0,0,0,0,5,0,0,1,0,0,0,0,0,27,59,9,46,42
l23,5=0,0,0,0,0,0,0,0,6,0,0,17,25,17,20,13,0,0,0,0,0,0,0,0,50,40,0,0,0,0,0,0,0,20,16,0,0,0,0,0
l24,5=0,0,0,0,0,0,0,0,5,4,0,19,48,9,47,13,13,30,0,0,11,10,0,57,0,22,0,0,0,0,0,0,0,19,10,0,6,0,0,0
l25,5=0,0,0,0,0,0,0,0,0,0,0,15,30,9,15,11,13,24,0,0,0,0,0,28,11,0,0,0,0,19,0,0,31,22,16,0,0,0,0,0
l26,5=0,0,0,0,0,0,0,0,0,0,0,0,0,0,0,0,0,0,0,15,0,0,12,0,0,0,0,14,78,88,82,58,57,14,24,0,0,0,0,0
l27,5=0,0,0,0,0,0,0,0,0,0,0,0,0,0,0,0,0,0,0,0,0,0,0,0,0,0,59,0,77,80,91,22,34,0,0,0,0,0,0,0
l28,5=0,0,0,0,0,0,0,0,0,0,0,0,0,0,0,0,0,0,0,0,18,0,0,0,0,0,84,84,0,89,89,21,34,17,18,0,0,0,0,0
l29,5=0,0,0,0,0,0,0,0,0,0,0,0,0,0,0,0,0,0,0,17,0,0,0,0,0,11,84,80,78,0,87,16,33,14,18,0,0,0,0,0
l30,5=0,0,0,0,0,0,0,0,0,0,0,0,0,0,0,0,0,0,0,0,0,0,0,0,0,0,79,84,77,86,0,23,0,22,0,0,0,0,0,0
l31,5=0,0,0,0,0,0,0,0,0,0,0,0,0,0,2,0,2,0,0,0,0,1,0,0,0,0,32,14,23,20,17,0,61,23,33,0,0,0,0,0
l32,5=0,0,0,0,0,0,0,0,0,0,0,0,23,0,0,0,0,0,0,0,17,0,0,8,0,18,23,10,26,21,1,62,0,25,52,0,0,0,0,0
l33,5=0,0,0,0,0,0,0,0,0,0,0,0,20,0,9,0,12,0,0,0,0,0,0,16,10,19,14,0,25,21,18,22,31,0,23,0,0,0,0,0
l34,5=0,0,0,0,0,0,0,0,0,0,0,0,5,0,11,0,11,0,0,0,9,0,0,16,6,16,15,0,26,23,0,58,66,54,0,0,0,0,0,0
l35,5=0,0,0,0,0,0,0,0,0,0,0,0,3,5,0,0,33,10,0,0,19,27,24,0,0,0,0,0,0,0,0,0,0,0,0,0,45,0,15,29
l36,5=0,0,0,0,0,0,0,0,0,0,0,45,11,1,0,10,43,40,0,20,35,49,54,0,2,0,0,0,0,0,0,0,0,0,0,67,0,18,24,52
l37,5=0,0,0,0,0,0,0,0,0,0,0,4,0,0,0,0,11,0,0,0,27,40,41,0,0,0,0,0,0,0,0,0,0,0,0,15,64,0,37,51
l38,5=0,0,0,0,0,0,0,0,0,2,0,54,17,0,5,10,58,0,0,0,41,31,56,0,0,0,0,0,0,0,0,0,0,0,0,64,60,18,0,65
l39,5=0,0,0,0,0,0,0,0,0,0,0,0,0,0,0,4,34,0,0,15,27,59,42,0,0,0,0,0,0,0,0,0,0,0,0,55,62,15,41,0

l0,6=0,93,81,79,89,87,69,16,0,65,64,0,0,0,0,0,0,0,0,0,0,0,0,0,0,0,0,0,0,0,0,0,0,0,0,0,0,0,0,0
l1,6=91,0,84,87,92,88,73,41,0,77,58,0,0,0,0,0,0,0,0,0,0,0,0,30,0,0,0,0,0,0,0,0,0,0,0,0,0,0,0,0
l2,6=72,84,0,72,85,88,71,60,54,82,70,0,0,24,0,0,0,0,0,0,0,0,0,0,0,0,0,0,0,0,0,0,0,0,0,0,0,0,0,0
l3,6=43,82,65,0,92,87,70,0,0,61,0,0,0,0,0,0,0,0,0,0,0,0,0,0,0,0,0,0,0,0,0,0,0,0,0,0,0,0,0,0
l4,6=86,88,85,92,0,92,71,51,64,0,60,0,0,0,0,0,0,0,0,0,0,0,0,28,0,0,0,0,0,0,0,0,0,0,0,0,0,0,0,0
l5,6=82,83,81,81,80,0,64,80,65,80,72,0,0,47,0,0,0,0,0,0,0,0,0,0,0,0,0,0,0,0,0,0,0,0,0,0,0,0,0,0
l6,6=52,79,63,64,63,43,0,72,51,77,67,61,0,6,0,0,47,0,0,0,0,0,0,0,0,0,0,0,0,0,0,0,0,0,0,0,0,0,0,0
l7,6=23,22,26,6,50,84,70,0,71,79,73,55,0,0,0,52,0,0,0,0,0,0,0,0,0,0,0,0,0,0,0,0,0,0,0,0,0,0,0,0
l8,6=0,0,19,0,60,36,42,63,0,80,72,76,48,80,6,42,54,57,0,0,32,36,44,32,35,4,0,0,0,0,0,0,0,0,0,0,0,0,0,0
l9,6=26,51,60,36,0,71,64,72,74,0,77,65,32,74,24,53,30,34,0,0,3,0,32,0,0,0,0,0,0,0,0,0,0,0,0,0,0,0,6,0
l10,6=39,30,62,0,57,59,70,84,73,86,0,71,0,56,0,47,38,0,0,0,0,0,0,0,0,0,0,0,0,0,0,0,0,0,0,0,0,0,0,0
l11,6=0,0,0,0,0,0,41,38,50,27,28,0,59,51,36,72,35,51,0,0,8,0,0,7,32,15,0,0,0,0,0,0,0,0,0,0,26,9,40,0
l12,6=0,0,0,0,0,0,0,0,30,21,0,72,0,40,61,23,55,66,0,0,11,0,1,58,69,65,0,0,0,0,0,0,0,25,13,0,23,0,20,0
l13,6=0,0,0,0,0,17,0,0,72,48,22,62,36,0,30,36,22,59,0,6,3,0,35,0,34,0,0,0,0,0,0,0,0,0,0,25,20,0,10,0
l14,6=0,0,0,0,0,0,0,0,12,23,0,59,60,43,0,7,21,58,0,0,24,0,42,62,64,48,0,0,0,0,0,0,0,24,0,0,16,0,20,0
l15,6=0,0,0,0,0,0,0,49,38,39,27,80,58,57,31,0,45,58,0,0,0,36,32,56,34,0,0,0,0,0,0,0,0,0,0,3,13,0,42,0
l16,6=0,0,0,0,0,0,30,0,26,11,10,56,57,22,4,11,0,64,19,2,0,36,45,37,34,12,0,0,0,0,0,0,0,8,0,35,23,6,46,22
l17,6=0,0,0,0,0,0,0,0,33,22,0,57,61,55,37,32,55,0,0,0,29,32,37,0,34,13,0,0,0,0,0,0,0,13,0,1,26,4,28,0
l18,6=0,0,0,0,0,0,0,0,0,0,0,0,0,0,0,0,16,0,0,29,0,33,0,0,0,0,0,0,0,0,0,0,0,0,0,0,0,0,0,0
l19,6=0,0,0,0,0,0,0,0,0,0,0,0,0,25,0,0,14,0,16,0,62,44,63,0,0,0,2,0,0,0,0,20,0,0,0,28,34,0,10,0
l20,6=0,0,0,0,0,0,0,0,22,3,0,5,19,7,21,0,0,39,0,51,0,67,64,0,8,0,2,0,2,0,0,0,0,2,0,0,42,11,37,29
l21,6=0,0,0,0,0,0,0,0,22,0,0,0,11,0,0,7,15,32,19,40,64,0,61,0,0,0,0,0,0,0,0,0,0,0,0,31,37,8,27,37
l22,6=0,0,0,0,0,0,0,0,26,19,0,0,16,28,21,6,22,30,0,55,67,59,0,0,0,0,16,0,0,3,0,0,0,0,0,28,50,6,26,36
l23,6=0,5,0,0,38,0,0,0,21,0,0,0,45,0,45,17,28,0,0,0,0,0,0,0,67,61,0,0,0,0,0,20,15,44,50,0,0,0,0,0
l24,6=0,0,0,0,0,0,0,0,38,0,0,53,66,49,56,29,39,53,0,0,15,0,0,67,0,51,0,0,0,0,0,0,0,46,25,0,0,0,0,0
l25,6=0,0,0,0,0,0,0,0,12,0,0,29,53,0,47,0,26,28,0,0,0,0,0,63,64,0,0,0,0,0,0,0,19,52,0,0,0,0,0,0
l26,6=0,0,0,0,0,0,0,0,0,0,0,0,0,0,0,0,0,0,0,5,24,0,35,0,0,0,0,26,79,71,51,64,57,27,40,0,0,0,0,0
l27,6=0,0,0,0,0,0,0,0,0,0,0,0,0,0,0,0,0,0,0,0,0,0,0,0,0,0,53,0,75,71,83,44,37,0,0,0,0,0,0,0
l28,6=0,0,0,0,0,0,0,0,0,0,0,0,0,0,0,0,0,0,0,0,24,0,19,0,0,0,60,76,0,78,77,58,46,50,45,0,0,0,0,0
l29,6=0,0,0,0,0,0,0,0,0,0,0,0,0,0,0,0,0,0,0,0,0,0,0,0,0,0,57,66,79,0,29,26,36,33,26,0,0,0,0,0
l30,6=0,0,0,0,0,0,0,0,0,0,0,0,0,0,0,0,0,0,0,0,0,0,0,0,0,0,60,82,75,42,0,47,0,1,38,0,0,0,0,0
l31,6=0,0,0,0,0,0,0,0,0,0,0,0,0,0,0,0,0,0,0,19,7,0,0,24,0,0,59,14,50,40,33,0,68,57,61,0,0,0,0,0
l32,6=0,0,0,0,0,0,0,0,0,0,0,0,0,0,0,0,0,0,0,0,0,0,0,32,0,25,50,14,42,46,0,72,0,63,80,0,0,0,0,0
l33,6=0,0,0,0,0,0,0,0,0,0,0,0,38,0,42,0,19,28,0,0,26,0,0,51,57,51,36,0,43,48,24,57,59,0,60,0,0,0,0,0
l34,6=0,0,0,0,0,0,0,0,0,0,0,0,24,0,10,0,2,0,0,2,0,0,0,44,31,0,36,0,42,40,31,59,79,60,0,0,0,0,0,0
l35,6=0,0,0,0,0,0,0,0,0,0,0,0,0,17,0,0,25,0,0,1,0,34,37,0,0,0,0,0,0,0,0,0,0,0,0,0,41,41,32,32
l36,6=0,0,0,0,0,0,0,0,0,0,0,27,17,19,0,0,22,27,0,10,26,33,47,0,0,0,0,0,0,0,0,0,0,0,0,39,0,53,51,54
l37,6=0,0,0,0,0,0,0,0,0,0,0,7,0,0,0,0,7,1,0,0,24,31,0,0,0,0,0,0,0,0,0,0,0,0,0,52,57,0,29,27
l38,6=0,0,0,0,0,0,0,0,0,0,0,45,20,12,8,20,36,34,0,5,29,36,48,0,0,0,0,0,0,0,0,0,0,0,0,47,57,12,0,49
l39,6=0,0,0,0,0,0,0,0,0,0,0,0,0,0,0,0,22,0,0,0,25,35,47,0,0,0,0,0,0,0,0,0,0,0,0,42,57,13,45,0

l0,7=0,100,94,95,98,99,88,84,70,80,76,0,0,0,0,0,0,0,0,0,0,0,0,0,0,0,0,0,0,0,0,0,0,0,0,0,0,0,0,0
l1,7=99,0,94,95,95,94,88,86,35,62,49,0,0,55,0,0,0,0,0,0,0,0,0,0,0,0,0,0,0,0,0,0,0,0,0,0,0,0,0,0
l2,7=95,96,0,95,94,88,88,7,31,87,70,0,0,0,0,0,0,0,0,0,0,0,0,0,0,0,0,0,0,0,0,0,0,0,0,0,0,0,0,0
l3,7=93,96,93,0,99,92,88,52,0,67,63,0,0,0,0,0,0,0,0,0,0,0,0,0,0,0,0,0,0,0,0,0,0,0,0,0,0,0,0,0
l4,7=99,100,99,99,0,99,91,75,77,0,59,0,0,64,0,0,0,0,0,0,0,0,0,0,0,0,0,0,0,0,0,0,0,0,0,0,0,0,0,0
l5,7=95,96,87,95,94,0,37,93,84,93,78,0,0,57,0,0,0,0,0,0,0,0,0,0,0,0,0,0,0,0,0,0,0,0,0,0,0,0,0,0
l6,7=87,92,89,81,88,38,0,86,0,88,72,11,0,54,0,0,39,0,0,0,0,0,0,0,0,0,0,0,0,0,0,0,0,0,0,0,0,0,0,0
l7,7=53,77,7,61,69,94,88,0,74,93,78,26,27,54,0,63,0,5,0,0,0,0,0,0,0,0,0,0,0,0,0,0,0,0,0,0,0,0,0,0
l8,7=41,26,49,0,70,76,0,25,0,93,78,78,55,82,42,80,39,39,0,0,4,0,46,0,0,0,0,0,0,0,0,0,0,0,0,0,0,0,0,0
l9,7=43,41,64,53,0,87,88,93,90,0,79,68,46,75,22,82,6,13,0,0,9,0,34,1,40,0,0,0,0,0,0,0,0,0,0,0,0,0,27,0
l10,7=62,47,57,65,66,82,78,93,90,93,0,68,0,29,0,71,54,6,0,0,0,0,0,0,0,0,0,0,0,0,0,0,0,0,0,0,0,0,0,0
l11,7=0,0,0,0,0,0,20,4,27,56,50,0,64,59,44,88,37,25,0,0,9,0,36,20,50,11,0,0,0,0,0,0,0,0,0,1,1,0,36,7
l12,7=0,0,0,0,0,0,0,0,18,40,0,78,0,39,79,84,47,39,0,0,13,0,0,75,88,47,0,0,0,0,0,0,0,42,16,0,7,0,24,0
l13,7=0,37,0,0,41,41,29,16,88,86,12,70,31,0,45,77,29,37,0,0,10,0,30,51,60,11,0,0,0,0,0,0,0,0,0,12,17,0,26,0
l14,7=0,0,0,0,0,0,0,0,18,41,0,54,67,48,0,35,36,38,0,0,12,9,35,75,56,34,0,0,0,0,0,0,0,45,0,0,0,0,24,0
l15,7=0,0,0,0,0,0,0,16,26,58,46,81,75,60,41,0,33,31,0,4,13,9,39,59,45,13,0,0,0,0,0,0,0,0,0,0,18,19,32,0
l16,7=0,0,0,0,0,0,18,0,20,11,32,56,54,41,42,32,0,35,36,0,21,12,51,57,56,14,0,0,0,0,0,9,10,2,0,33,31,25,35,0
l17,7=0,0,0,0,0,0,0,0,19,37,3,49,55,50,47,40,39,0,0,6,20,9,12,34,61,0,0,0,0,0,0,0,0,39,0,3,27,0,34,5
l18,7=0,0,0,0,0,0,0,0,0,0,0,0,0,0,0,0,45,0,0,32,28,21,0,0,0,0,0,0,0,0,0,0,0,0,0,0,0,0,0,0
l19,7=0,0,0,0,0,0,0,0,0,0,0,0,4,0,0,0,0,0,32,0,63,38,67,0,0,0,27,0,0,0,0,42,0,0,0,25,4,0,34,19
l20,7=0,0,0,0,0,0,0,0,0,32,0,29,26,25,27,24,53,20,27,66,0,63,68,0,0,0,4,0,27,12,0,0,0,0,0,31,37,15,69,20
l21,7=0,0,0,0,0,0,0,0,5,30,0,8,21,0,31,39,41,20,25,36,63,0,68,0,14,0,0,0,0,0,0,0,0,0,0,30,31,0,63,51
l22,7=0,0,0,0,0,0,0,0,16,33,0,34,0,26,29,27,48,1,0,67,72,69,0,0,0,0,1,0,12,0,0,0,0,0,0,31,61,0,59,50
l23,7=0,0,0,0,0,0,0,0,0,0,0,0,65,48,74,56,46,0,0,0,0,0,0,0,88,84,0,0,0,0,0,0,17,42,56,0,0,0,0,0
l24,7=0,0,0,1,0,0,0,0,1,44,0,56,81,55,44,37,53,42,0,0,4,0,0,87,0,76,0,0,0,0,0,0,0,53,42,0,0,0,0,0
l25,7=0,0,0,0,3,0,0,0,3,26,0,39,76,36,74,50,31,0,0,0,0,0,0,82,82,0,0,0,0,30,0,0,38,62,0,0,0,0,18,0
l26,7=0,0,0,0,0,0,0,0,0,0,0,0,0,0,0,0,0,0,0,39,30,0,0,0,0,0,0,54,74,71,65,70,72,57,55,0,0,0,0,0
l27,7=0,0,0,0,0,0,0,0,0,0,0,0,0,0,0,0,0,0,0,0,0,0,0,0,0,0,68,0,71,73,86,14,59,0,1,0,0,0,0,0
l28,7=0,0,0,0,0,0,0,0,0,0,0,0,0,0,0,0,0,0,0,20,32,0,30,0,0,0,72,75,0,79,82,68,51,69,47,0,0,0,0,0
l29,7=0,0,0,0,0,0,0,0,0,0,0,0,0,0,0,0,0,0,0,0,29,0,0,0,0,25,65,82,74,0,82,63,59,56,20,0,0,0,0,0
l30,7=0,0,0,0,0,0,0,0,0,0,0,0,0,0,0,0,0,0,0,0,0,0,0,0,0,0,62,83,71,72,0,63,59,42,58,0,0,0,0,0
l31,7=0,0,0,0,0,0,0,0,0,0,0,0,0,0,0,0,22,0,0,43,0,0,0,0,0,0,69,4,61,54,55,0,78,82,83,0,0,0,0,0
l32,7=0,0,0,0,0,0,0,0,0,0,0,0,2,0,0,0,21,0,0,0,0,0,0,43,0,40,65,32,45,61,56,73,0,80,85,0,0,0,0,0
l33,7=0,0,0,0,0,0,0,0,0,0,0,0,47,0,59,0,13,47,0,0,1,0,0,52,62,55,62,0,62,56,51,71,73,0,69,0,0,0,0,0
l34,7=0,0,0,0,0,0,0,0,0,0,0,0,41,0,0,0,0,0,0,0,0,0,0,65,54,0,56,14,50,45,53,70,82,66,0,0,0,0,0,0
l35,7=0,0,0,0,0,0,0,0,0,0,0,0,0,3,0,0,28,0,0,14,16,14,39,0,0,0,0,0,0,0,0,0,0,0,0,0,62,60,64,33
l36,7=0,0,0,0,0,0,0,0,0,0,0,0,11,12,0,10,47,15,0,0,29,26,50,0,0,0,0,0,0,0,0,0,0,0,0,48,0,59,73,53
l37,7=0,0,0,0,0,0,0,0,0,0,0,0,0,0,0,5,20,0,0,0,4,0,0,0,0,0,0,0,0,0,0,0,0,0,0,40,35,0,16,25
l38,7=0,0,0,0,0,0,0,0,0,35,0,54,28,34,31,32,35,25,0,21,45,14,49,0,0,0,0,0,0,0,0,0,0,0,0,37,62,24,0,17
l39,7=0,0,0,0,0,0,0,0,0,0,0,0,0,0,0,0,0,0,0,0,15,18,45,0,0,0,0,0,0,0,0,0,0,0,0,36,43,31,30,0

l0,8=0,100,100,94,99,100,98,94,6,95,95,0,0,71,0,0,0,0,0,0,0,0,0,0,0,0,0,0,0,0,0,0,0,0,0,0,0,0,0,0
l1,8=100,0,100,98,100,100,98,99,63,97,0,0,0,48,0,0,0,0,0,0,0,0,0,36,0,0,0,0,0,0,0,0,0,0,0,0,0,0,0,0
l2,8=99,100,0,94,94,100,94,97,0,80,95,0,0,0,0,1,0,0,0,0,0,0,0,0,0,0,0,0,0,0,0,0,0,0,0,0,0,0,0,0
l3,8=81,98,100,0,99,100,96,91,0,73,10,0,0,0,0,0,0,0,0,0,0,0,0,0,15,0,0,0,0,0,0,0,0,0,0,0,0,0,0,0
l4,8=95,100,99,99,0,100,98,93,95,2,80,0,0,78,1,0,0,0,0,0,0,0,0,0,79,0,0,0,0,0,0,0,0,0,0,0,0,0,0,0
l5,8=99,100,100,98,98,0,97,99,97,99,100,84,0,86,0,0,0,0,0,0,0,0,0,0,0,0,0,0,0,0,0,0,0,0,0,0,0,0,0,0
l6,8=91,96,87,85,94,84,0,96,71,95,93,0,0,27,0,2,66,0,0,0,0,0,0,0,0,0,0,0,0,0,0,0,0,0,0,0,0,0,0,0
l7,8=91,95,95,92,90,90,95,0,85,100,100,64,0,87,0,0,2,56,0,0,0,0,0,0,0,0,0,0,0,0,0,0,0,0,0,0,0,0,0,0
l8,8=0,28,0,0,86,84,91,94,0,99,95,95,0,88,53,94,0,92,0,55,0,0,51,0,2,2,0,0,0,0,0,0,0,0,0,0,0,0,0,0
l9,8=71,85,0,52,0,76,95,94,91,0,100,96,61,88,15,93,77,76,0,0,0,39,11,80,80,0,0,0,0,0,0,0,0,0,0,0,0,0,54,0
l10,8=77,0,90,48,63,84,94,96,86,99,0,91,0,85,0,91,1,0,0,0,0,0,0,0,0,0,0,0,0,0,0,0,0,0,0,0,0,0,0,0
l11,8=0,0,0,0,0,25,0,25,84,91,84,0,99,40,55,99,89,91,0,0,16,39,35,82,92,57,0,0,0,0,0,0,0,0,0,34,40,0,53,0
l12,8=0,0,0,0,0,0,0,0,0,36,0,100,0,0,60,99,95,82,0,0,43,1,0,93,99,78,0,0,0,0,0,0,0,29,7,36,19,0,40,0
l13,8=19,2,0,0,44,44,12,92,99,99,84,57,0,0,50,93,52,65,0,0,43,35,0,86,91,55,0,0,0,0,0,0,0,0,0,16,29,0,52,0
l14,8=0,0,0,0,0,0,0,0,31,24,0,59,99,29,0,79,72,96,0,0,51,38,38,89,98,63,0,0,0,0,0,0,0,0,0,0,26,0,0,0
l15,8=0,0,0,0,0,0,0,0,80,91,94,100,77,49,56,0,86,97,0,0,78,50,46,85,75,45,0,0,0,0,0,0,0,0,0,0,24,0,62,0
l16,8=0,0,0,0,0,0,24,0,0,30,0,89,77,13,40,67,0,74,32,39,85,40,48,56,97,23,0,0,0,0,0,11,0,3,29,31,37,27,45,57
l17,8=0,0,0,0,0,0,0,30,57,48,0,96,70,15,58,98,90,0,0,46,66,6,33,31,89,0,0,0,0,0,0,0,0,44,0,9,5,0,53,50
l18,8=0,0,0,0,0,0,0,0,0,0,0,0,0,0,0,0,66,0,0,71,79,76,0,0,0,0,0,0,0,0,0,0,0,0,0,0,0,0,0,0
l19,8=0,0,0,0,0,0,0,0,16,0,0,0,0,0,0,0,45,55,54,0,90,85,83,0,0,0,0,0,0,0,0,53,0,0,0,52,39,0,49,50
l20,8=0,0,0,0,0,0,0,0,0,0,0,0,34,12,26,46,60,46,48,92,0,93,89,0,16,0,0,0,7,3,0,0,0,1,1,44,66,30,81,51
l21,8=0,0,0,0,0,0,0,0,0,40,0,38,25,26,30,47,54,5,49,62,91,0,87,0,0,0,0,0,0,0,0,12,0,20,8,48,39,31,77,68
l22,8=0,0,0,0,0,0,0,0,34,30,0,32,0,0,27,47,42,44,0,87,92,92,0,0,0,0,0,0,36,49,0,0,0,0,0,61,76,18,75,57
l23,8=0,0,0,0,0,0,0,0,0,56,0,63,85,36,81,66,71,53,0,0,0,0,0,0,99,94,0,0,0,0,0,0,46,48,81,0,0,0,0,0
l24,8=0,0,0,38,36,0,0,0,0,58,0,70,99,37,96,63,92,73,0,0,39,0,0,94,0,92,0,0,0,0,0,3,0,45,58,0,7,0,0,0
l25,8=0,0,0,0,0,0,0,0,20,0,0,60,99,34,62,60,62,0,0,0,0,0,0,94,92,0,0,0,0,72,0,6,46,60,76,0,0,0,10,0
l26,8=0,0,0,0,0,0,0,0,0,0,0,0,0,0,0,0,0,0,0,0,0,0,0,0,0,0,0,86,93,92,84,92,91,75,77,0,0,0,0,0
l27,8=0,0,0,0,0,0,0,0,0,0,0,0,0,0,0,0,0,0,0,0,0,0,0,0,0,0,86,0,93,93,92,0,77,0,78,0,0,0,0,0
l28,8=0,0,0,0,0,0,0,0,0,0,0,0,0,0,0,0,0,0,0,0,66,0,58,0,0,0,92,91,0,93,92,91,61,68,64,0,0,0,0,0
l29,8=0,0,0,0,0,0,0,0,0,0,0,0,0,0,0,0,0,0,0,0,24,0,55,0,0,56,92,91,93,0,92,91,66,67,76,0,0,0,0,0
l30,8=0,0,0,0,0,0,0,0,0,0,0,0,0,0,0,0,0,0,0,0,0,0,0,0,0,0,85,91,93,93,0,70,83,64,0,0,0,0,0,0
l31,8=0,0,0,0,0,0,0,0,0,0,0,0,0,0,0,0,60,0,0,50,0,9,0,0,36,0,91,0,85,84,71,0,90,82,88,0,0,0,0,0
l32,8=0,0,0,0,0,0,0,0,0,0,0,0,0,0,0,0,21,0,0,0,0,0,0,65,0,70,90,76,65,76,77,92,0,88,93,0,0,0,0,0
l33,8=0,0,0,0,0,0,0,0,0,0,0,0,52,0,0,0,21,62,0,0,50,7,0,62,68,73,70,0,79,72,71,92,91,0,81,0,0,0,0,0
l34,8=0,0,0,0,0,0,0,0,0,0,0,0,54,0,0,0,64,0,0,0,61,29,0,67,74,70,70,70,76,76,0,91,96,75,0,0,0,0,0,0
l35,8=0,0,0,0,0,0,0,0,0,0,0,3,29,0,0,0,10,0,0,39,39,33,36,0,0,0,0,0,0,0,0,0,0,0,0,0,67,46,48,52
l36,8=0,0,0,0,0,0,0,0,0,0,0,28,24,11,11,32,35,0,0,32,60,34,42,0,1,0,0,0,0,0,0,0,0,0,0,68,0,35,58,69
l37,8=0,0,0,0,0,0,0,0,0,0,0,0,0,0,0,0,25,0,0,0,45,27,0,0,0,0,0,0,0,0,0,0,0,0,0,69,36,0,32,42
l38,8=0,0,0,0,0,0,0,0,0,34,0,31,33,16,0,52,30,42,0,31,73,46,41,0,0,0,0,0,0,0,0,0,0,0,0,60,51,21,0,53
l39,8=0,0,0,0,0,0,0,0,0,0,0,0,0,0,0,0,31,1,0,39,60,73,41,0,0,0,0,0,0,0,0,0,0,0,0,66,75,27,66,0

l0,9=0,100,100,100,99,100,100,100,86,99,100,0,0,2,0,0,0,0,0,0,0,0,0,0,0,0,0,0,0,0,0,0,0,0,0,0,0,0,0,0
l1,9=100,0,99,100,99,100,96,100,91,97,100,0,0,2,0,0,0,0,0,0,0,0,0,7,0,0,0,0,0,0,0,0,0,0,0,0,0,0,0,0
l2,9=100,97,0,100,99,100,100,100,2,95,22,0,89,0,0,1,0,0,0,0,0,0,0,0,0,0,0,0,0,0,0,0,0,0,0,0,0,0,0,0
l3,9=100,97,99,0,100,100,99,99,0,0,0,0,0,0,0,0,0,0,0,0,0,0,0,0,0,0,0,0,0,0,0,0,0,0,0,0,0,0,0,0
l4,9=100,97,99,100,0,100,98,96,92,84,100,0,0,3,80,0,0,0,0,0,0,0,0,0,44,0,0,0,0,0,0,0,0,0,0,0,0,0,0,0
l5,9=100,100,100,100,99,0,100,67,90,99,100,0,0,58,0,0,0,0,0,0,0,0,0,0,0,0,0,0,0,0,0,0,0,0,0,0,0,0,0,0
l6,9=100,41,100,99,88,73,0,100,80,96,100,0,0,85,0,0,63,0,0,0,0,0,0,0,0,0,0,0,0,0,0,0,0,0,0,0,0,0,0,0
l7,9=48,96,100,100,90,52,100,0,95,100,100,79,74,99,0,32,0,0,0,0,0,0,0,0,0,0,0,0,0,0,0,0,0,0,0,0,0,0,0,0
l8,9=34,33,0,31,97,59,58,66,0,100,87,97,0,98,0,82,70,91,0,25,0,0,84,0,0,0,0,0,0,0,0,0,0,0,0,0,0,0,0,0
l9,9=83,32,58,0,79,59,92,100,93,0,100,94,53,99,89,85,84,0,0,0,0,0,0,77,79,0,0,0,0,0,0,0,0,0,0,0,0,0,0,0
l10,9=96,91,0,0,95,98,99,100,88,100,0,0,68,91,2,94,76,84,0,0,0,0,0,70,0,0,0,0,0,0,0,0,0,0,0,0,0,0,0,0
l11,9=0,0,0,0,0,0,0,39,56,58,2,0,98,98,96,98,91,99,0,0,44,84,67,94,97,87,0,0,0,0,0,0,0,0,0,0,47,0,34,0
l12,9=0,0,0,1,0,0,0,0,0,3,0,99,0,92,98,98,95,99,0,0,46,68,17,99,100,100,0,0,0,0,0,0,0,0,1,0,50,0,36,0
l13,9=0,0,0,0,5,11,51,58,94,100,75,98,92,0,87,95,92,53,0,8,46,86,0,94,97,75,0,0,0,0,0,0,0,0,0,0,49,0,34,0
l14,9=0,0,0,0,62,0,0,0,0,56,0,100,99,87,0,96,95,100,0,0,49,93,69,100,99,92,0,0,0,0,0,0,0,31,0,0,29,0,0,0
l15,9=0,0,0,0,0,0,0,0,44,56,76,100,98,97,92,0,90,99,0,0,40,82,67,76,93,0,0,0,0,0,0,0,0,0,0,0,46,0,36,0
l16,9=0,0,0,0,0,0,9,0,24,48,54,94,98,91,96,88,0,97,26,34,49,49,83,91,96,85,0,0,0,0,0,24,0,34,81,0,51,24,36,89
l17,9=0,0,0,0,0,0,0,0,42,0,65,98,98,67,97,97,93,0,0,37,44,92,84,0,85,21,0,0,0,0,0,0,0,38,0,0,45,0,9,90
l18,9=0,0,0,0,0,0,0,0,0,0,0,0,0,0,0,0,84,0,0,0,67,93,0,0,0,0,0,0,0,0,0,0,0,0,0,0,35,0,0,0
l19,9=0,0,0,0,0,0,0,0,10,0,0,0,0,1,0,0,73,86,0,0,95,94,83,0,0,0,13,0,0,0,0,0,0,0,0,74,57,45,0,87
l20,9=0,0,0,0,0,0,0,0,0,0,0,54,74,57,65,48,82,70,20,95,0,97,90,0,25,0,17,0,0,0,0,0,0,0,63,0,85,48,97,92
l21,9=0,0,0,0,0,0,0,0,0,0,0,60,75,60,66,64,43,76,25,43,99,0,84,0,0,0,0,0,0,0,0,3,0,20,0,83,52,26,37,88
l22,9=0,0,0,0,0,0,0,0,44,10,0,49,56,0,64,59,74,80,0,95,100,95,0,0,0,0,0,0,26,46,0,33,0,0,0,83,85,26,97,70
l23,9=0,0,0,0,0,0,0,0,0,48,20,99,99,98,100,90,95,0,0,0,0,0,0,0,100,100,0,0,0,0,0,0,34,51,97,0,0,0,0,0
l24,9=0,0,0,0,15,0,0,0,0,53,0,98,99,97,100,97,95,86,0,0,40,0,0,100,0,99,0,0,0,0,0,0,0,49,90,0,53,0,0,0
l25,9=0,0,0,3,0,0,0,0,0,0,0,97,99,85,97,0,92,1,0,0,0,0,0,100,100,0,2,0,0,31,0,0,30,97,97,0,0,0,31,0
l26,9=0,0,0,0,0,0,0,0,0,0,0,0,0,0,0,0,0,0,0,78,88,0,0,0,0,0,0,84,98,100,100,100,99,87,91,0,0,0,0,0
l27,9=0,0,0,0,0,0,0,0,0,0,0,0,0,0,0,0,0,0,0,0,0,0,0,0,0,0,99,0,98,100,100,94,84,0,0,0,0,0,0,0
l28,9=0,0,0,0,0,0,0,0,0,0,0,0,0,0,0,0,0,0,0,0,45,0,77,0,0,0,99,100,0,100,100,91,0,89,1,0,0,0,0,0
l29,9=0,0,0,0,0,0,0,0,0,0,0,0,0,0,0,0,0,0,0,0,0,0,82,0,0,4,99,100,98,0,100,98,73,87,93,0,0,0,0,0
l30,9=0,0,0,0,0,0,0,0,0,0,0,0,0,0,0,0,0,0,0,0,0,0,0,0,0,0,99,100,98,100,0,97,85,60,87,0,0,0,0,0
l31,9=0,0,0,0,0,0,0,0,0,0,0,0,0,0,0,0,64,0,0,9,29,0,80,0,0,0,97,84,91,98,96,0,96,99,100,0,0,0,0,0
l32,9=0,0,0,0,0,0,0,0,0,0,0,0,6,0,0,0,0,0,0,0,2,0,0,92,0,92,99,54,0,54,94,100,0,100,100,0,0,0,0,0
l33,9=0,0,0,0,0,0,0,0,0,0,0,0,0,0,81,0,78,93,0,0,1,50,0,100,98,99,96,0,96,94,85,100,99,0,100,0,0,0,0,0
l34,9=0,0,0,0,0,0,0,0,0,0,0,0,87,0,61,0,93,0,0,0,49,0,0,100,93,96,98,0,0,80,73,100,100,99,0,0,0,0,0,0
l35,9=0,0,0,0,0,0,0,0,0,0,0,0,0,0,0,0,0,0,0,26,3,80,70,0,0,0,0,0,0,0,0,0,0,0,0,0,91,57,67,81
l36,9=0,0,0,0,0,0,0,0,0,0,0,24,52,39,3,37,39,13,0,18,44,77,67,0,35,0,0,0,0,0,0,0,0,0,0,85,0,28,29,83
l37,9=0,0,0,0,0,0,0,0,0,0,0,0,0,0,0,0,45,0,0,23,40,77,53,0,0,0,0,0,0,0,0,0,0,0,0,78,64,0,27,80
l38,9=0,0,0,0,0,0,0,0,0,0,0,51,62,49,0,46,76,0,0,0,47,89,82,0,0,34,0,0,0,0,0,0,0,0,0,83,56,28,0,86
l39,9=0,0,0,0,0,0,0,0,0,0,0,0,0,0,0,0,61,74,0,32,65,84,19,0,0,0,0,0,0,0,0,0,0,0,0,80,66,45,50,0

l0,10=0,94,89,91,87,88,88,71,73,86,82,0,0,0,0,0,0,0,0,0,0,0,0,0,0,0,0,0,0,0,0,0,0,0,0,0,0,0,0,0
l1,10=92,0,87,80,85,92,82,82,38,13,53,5,0,0,0,0,0,0,0,0,0,0,0,0,0,0,0,0,0,0,0,0,0,0,0,0,0,0,0,0
l2,10=87,87,0,87,85,88,86,87,0,78,80,0,55,0,0,0,0,0,0,0,0,0,0,0,0,0,0,0,0,0,0,0,0,0,0,0,0,0,0,0
l3,10=93,81,87,0,89,78,87,56,0,69,0,0,0,0,0,0,0,0,0,0,0,0,0,0,0,0,0,0,0,0,0,0,0,0,0,0,0,0,0,0
l4,10=87,87,87,94,0,88,46,73,47,69,86,0,0,6,54,0,0,0,0,0,0,0,0,0,0,0,0,0,0,0,0,0,0,0,0,0,0,0,0,0
l5,10=87,87,87,86,85,0,87,87,56,86,84,0,8,70,0,0,0,0,0,0,0,0,0,0,0,0,0,0,0,0,0,0,0,0,0,0,0,0,0,0
l6,10=86,83,84,85,46,87,0,87,70,82,81,0,0,44,0,1,21,0,0,0,0,0,0,0,0,0,0,0,0,0,0,0,0,0,0,0,0,0,0,0
l7,10=66,85,84,75,77,87,86,0,86,87,86,50,27,79,31,0,0,0,0,0,0,0,0,0,0,0,0,0,0,0,0,0,0,0,0,0,0,0,0,0
l8,10=41,7,0,18,20,20,64,84,0,90,67,77,40,85,0,72,35,52,0,34,26,0,57,65,10,0,0,0,0,0,0,0,0,0,0,0,0,0,0,0
l9,10=72,0,38,66,58,71,80,87,86,0,86,77,68,84,48,65,0,0,0,0,0,37,3,45,23,0,0,0,0,0,0,0,0,0,0,0,0,0,0,0
l10,10=69,55,53,0,81,66,76,87,65,87,0,58,0,71,0,65,0,47,0,0,0,0,0,0,0,0,0,0,0,0,0,0,0,0,0,0,0,0,0,0
l11,10=0,1,0,0,0,0,0,33,79,76,63,0,79,84,80,81,0,83,0,0,56,56,0,82,76,39,0,0,0,0,0,0,0,0,0,0,40,0,26,0
l12,10=0,0,0,0,0,0,0,0,62,68,0,87,0,69,96,82,76,96,0,0,74,62,0,93,96,97,0,0,0,0,0,0,0,21,0,0,5,0,37,0
l13,10=0,0,0,0,4,46,25,51,86,88,75,86,52,0,52,79,65,0,0,2,58,47,0,76,46,0,0,0,0,0,0,0,0,0,0,0,0,0,20,0
l14,10=0,0,0,0,24,0,0,1,0,57,0,84,93,66,0,77,71,88,0,0,61,15,0,89,91,82,0,0,0,0,0,0,0,62,0,0,51,0,20,0
l15,10=0,0,0,0,0,0,0,0,79,57,76,89,64,86,63,0,65,83,0,45,58,19,44,47,36,6,0,0,0,0,0,0,0,0,0,0,11,1,16,0
l16,10=0,0,0,0,0,0,0,0,36,0,0,0,55,53,40,43,0,82,21,50,78,58,48,68,56,5,0,0,0,0,0,0,10,0,22,26,32,21,37,52
l17,10=0,0,0,0,0,0,1,0,55,0,50,53,59,5,80,48,74,0,0,65,55,65,61,50,16,6,0,0,0,0,0,0,0,25,0,0,33,0,30,50
l18,10=0,0,0,0,0,0,0,0,0,0,0,0,0,0,0,0,48,0,0,72,72,81,0,0,0,0,0,0,0,0,0,0,0,0,0,0,5,0,0,0
l19,10=0,0,0,0,0,0,0,0,14,0,0,0,0,0,0,24,37,53,47,0,80,72,73,0,0,0,53,0,22,0,0,0,0,0,0,47,0,28,0,54
l20,10=0,0,0,0,0,0,0,0,0,0,0,22,34,44,26,27,57,34,44,92,0,94,89,0,1,0,2,0,0,0,0,0,47,0,0,56,54,36,30,58
l21,10=0,0,0,0,0,0,0,0,0,36,0,30,32,40,21,17,51,61,52,74,91,0,87,0,0,0,0,0,0,0,0,0,0,26,0,59,46,40,33,50
l22,10=0,0,0,0,0,0,0,0,47,14,0,0,0,0,0,27,38,55,0,72,92,87,0,0,0,0,0,0,0,34,0,51,0,0,0,64,45,32,43,44
l23,10=0,0,0,0,0,0,0,0,73,56,0,52,89,72,94,21,70,26,0,0,0,0,0,0,95,98,0,0,0,0,0,58,80,86,0,0,0,0,0,0
l24,10=0,0,0,0,0,0,0,0,41,62,0,85,93,73,95,49,80,81,0,0,55,0,0,96,0,93,0,0,0,0,0,0,0,69,30,0,0,0,26,0
l25,10=0,0,0,47,0,0,0,0,0,0,0,56,94,0,92,30,39,35,0,0,0,0,0,96,94,0,26,0,0,0,0,58,63,95,60,0,0,0,26,0
l26,10=0,0,0,0,0,0,0,0,0,0,0,0,0,0,0,0,0,0,0,52,24,0,0,0,0,9,0,66,98,95,98,95,93,53,63,0,0,0,0,0
l27,10=0,0,0,0,0,0,0,0,0,0,0,0,0,0,0,0,0,0,0,0,0,0,0,0,0,0,80,0,93,95,98,75,0,0,70,0,0,0,0,0
l28,10=0,0,0,0,0,0,0,0,0,0,0,0,0,0,0,0,0,0,0,46,35,0,41,0,0,0,93,97,0,95,98,83,61,69,54,0,0,0,0,0
l29,10=0,0,0,0,0,0,0,0,0,0,0,0,0,0,0,0,0,0,0,0,22,0,54,0,0,0,93,97,98,0,98,85,57,18,58,0,0,0,0,0
l30,10=0,0,0,0,0,0,0,0,0,0,0,0,0,0,0,0,0,0,0,0,0,0,0,0,0,0,92,97,98,95,0,84,75,64,69,0,0,0,0,0
l31,10=0,0,0,0,0,0,0,0,0,0,0,0,0,0,0,0,0,0,0,0,0,0,37,23,0,21,93,68,88,95,98,0,100,99,100,0,0,0,0,0
l32,10=0,0,0,0,0,0,0,0,0,0,0,0,0,0,0,0,8,0,0,0,56,0,5,78,0,19,93,0,34,58,75,99,0,100,100,0,0,0,0,0
l33,10=0,0,0,0,0,0,0,0,0,0,0,0,29,0,17,0,0,19,0,0,1,9,0,89,16,98,56,0,88,14,31,99,100,0,100,0,0,0,0,0
l34,10=0,0,0,0,0,0,0,0,0,0,0,0,1,0,0,0,61,0,0,0,42,0,0,1,14,59,91,69,59,72,78,99,100,99,0,0,0,0,0,0
l35,10=0,0,0,0,0,0,0,0,0,0,0,0,0,0,0,0,30,0,0,44,54,58,61,0,0,0,0,0,0,0,0,0,0,0,0,0,57,45,26,26
l36,10=0,0,0,0,0,0,0,0,0,0,0,12,5,0,19,1,30,28,0,0,65,59,65,0,0,0,0,0,0,0,0,0,0,0,0,78,0,47,29,55
l37,10=0,0,0,0,0,0,0,0,0,0,0,0,0,0,0,0,21,0,0,31,52,57,53,0,0,0,0,0,0,0,0,0,0,0,0,63,50,0,26,56
l38,10=0,0,0,0,0,0,0,0,0,0,0,19,24,7,5,7,55,36,0,0,66,62,66,0,0,2,0,0,0,0,0,0,0,0,0,64,49,35,0,50
l39,10=0,0,0,0,0,0,0,0,0,0,0,0,0,0,0,0,46,49,0,52,64,61,59,0,0,0,0,0,0,0,0,0,0,0,0,25,55,40,29,0

l0,11=0,90,88,84,85,86,79,68,42,63,39,0,0,0,0,0,0,0,0,0,0,0,0,0,0,0,0,0,0,0,0,0,0,0,0,0,0,0,0,0
l1,11=85,0,75,82,84,85,78,80,38,43,0,29,0,13,0,0,0,0,0,0,0,0,0,0,0,0,0,0,0,0,0,0,0,0,0,0,0,0,0,0
l2,11=84,86,0,82,83,85,84,71,0,0,84,0,0,0,0,0,0,0,0,0,0,0,0,0,0,0,0,0,0,0,0,0,0,0,0,0,0,0,0,0
l3,11=86,87,86,0,89,86,0,48,0,40,40,0,0,0,0,0,0,0,0,0,0,0,0,0,0,0,0,0,0,0,0,0,0,0,0,0,0,0,0,0
l4,11=81,82,81,82,0,81,67,62,0,52,63,0,6,0,19,0,0,0,0,0,0,0,0,9,0,0,0,0,0,0,0,0,0,0,0,0,0,0,0,0
l5,11=84,86,86,82,83,0,81,85,61,81,69,0,0,35,0,0,0,0,0,0,0,0,0,0,0,0,0,0,0,0,0,0,0,0,0,0,0,0,0,0
l6,11=60,79,71,0,68,74,0,81,22,74,58,11,0,16,0,35,20,0,0,0,0,0,0,0,0,0,0,0,0,0,0,0,0,0,0,0,0,0,0,0
l7,11=72,86,70,60,81,84,83,0,74,81,84,46,33,76,0,25,0,0,0,0,0,0,0,0,0,0,0,0,0,0,0,0,0,0,0,0,0,0,0,0
l8,11=36,19,0,0,0,66,39,55,0,84,70,60,40,79,0,73,0,34,0,29,0,0,0,29,16,0,0,0,0,0,0,0,0,0,0,0,0,0,0,0
l9,11=37,29,0,39,58,74,48,86,76,0,84,44,30,77,0,61,4,3,0,0,0,36,0,6,47,0,0,0,0,0,0,0,0,0,0,0,0,0,0,0
l10,11=22,0,75,51,71,40,71,87,67,81,0,59,0,66,0,68,0,2,0,0,0,0,0,0,0,0,0,0,0,0,0,0,0,0,0,0,0,0,0,0
l11,11=0,22,0,0,0,0,18,19,34,71,68,0,50,55,74,85,49,47,0,0,19,22,29,49,69,55,0,0,0,0,0,0,0,0,0,36,0,0,56,0
l12,11=0,0,0,0,0,0,0,2,26,59,0,58,0,30,87,80,67,52,0,0,37,35,31,49,88,91,0,0,0,0,0,0,0,0,0,0,0,0,68,0
l13,11=0,4,0,0,0,54,24,28,76,82,77,79,28,0,55,81,43,20,0,8,37,32,4,46,59,63,0,0,0,0,0,0,0,0,0,0,0,0,45,0
l14,11=0,0,0,0,44,0,0,0,0,0,0,47,86,16,0,0,70,41,0,0,0,8,0,53,0,85,0,0,0,0,0,0,0,55,48,49,49,0,51,0
l15,11=0,0,0,0,0,0,20,5,37,59,68,82,55,83,0,0,67,52,0,32,40,33,7,35,28,55,0,0,0,0,0,0,0,0,0,22,51,0,63,0
l16,11=0,0,0,0,0,0,1,0,0,16,0,31,25,22,75,71,0,27,0,0,43,36,31,36,74,20,0,0,0,0,0,0,25,6,46,32,69,59,73,49
l17,11=0,0,0,0,0,0,0,0,25,38,21,38,30,26,74,82,61,0,0,0,36,34,38,41,54,2,0,0,0,0,0,0,0,0,0,0,64,0,59,21
l18,11=0,0,0,0,0,0,0,0,0,0,0,0,0,0,0,0,35,0,0,68,58,70,15,0,0,0,0,0,0,0,0,0,0,0,0,0,0,0,0,0
l19,11=0,0,0,0,0,0,0,0,10,0,0,0,0,3,0,35,0,0,23,0,75,65,58,0,0,0,46,0,43,0,0,0,0,0,0,46,6,0,5,50
l20,11=0,0,0,0,0,0,0,0,0,0,0,0,18,14,0,39,71,13,11,82,0,83,79,0,0,0,6,0,1,0,0,0,27,0,0,46,68,57,63,52
l21,11=0,0,0,0,0,0,0,0,0,42,0,10,17,16,13,35,63,13,12,69,83,0,77,0,16,0,0,0,0,0,0,0,0,0,0,19,52,45,77,40
l22,11=0,0,0,0,0,0,0,0,0,0,0,16,15,0,0,1,29,12,0,59,82,80,0,0,0,0,3,0,8,15,0,18,0,0,0,58,59,44,63,53
l23,11=0,0,0,0,7,0,0,0,13,9,0,52,82,34,84,42,50,21,0,0,0,0,0,0,88,94,0,0,0,0,0,14,61,65,2,0,0,0,7,0
l24,11=0,0,0,0,0,0,0,0,0,61,0,52,87,27,0,17,83,24,0,0,0,0,0,95,0,86,0,0,0,0,0,0,0,0,0,0,0,0,0,0
l25,11=0,0,0,0,0,0,0,0,0,0,0,37,87,23,82,49,13,0,0,0,0,0,0,98,88,0,0,0,0,0,0,31,42,86,1,0,0,0,0,0
l26,11=0,0,0,0,0,0,0,0,0,0,0,0,0,0,0,0,0,0,0,58,15,0,10,0,0,0,0,76,93,87,93,87,82,59,65,0,0,0,0,0
l27,11=0,0,0,0,0,0,0,0,0,0,0,0,0,0,0,0,0,0,0,0,0,0,0,0,0,0,81,0,85,87,93,50,0,0,32,0,0,0,0,0
l28,11=0,0,0,0,0,0,0,0,0,0,0,0,0,0,0,0,0,0,0,37,18,0,7,0,0,0,90,93,0,89,93,75,62,0,35,0,0,0,0,0
l29,11=0,0,0,0,0,0,0,0,0,0,0,0,0,0,0,0,0,0,0,0,0,0,19,0,0,0,88,93,93,0,93,78,28,34,28,0,0,0,0,0
l30,11=0,0,0,0,0,0,0,0,0,0,0,0,0,0,0,0,0,0,0,0,0,0,0,0,0,0,87,93,93,89,0,75,41,48,38,0,0,0,0,0
l31,11=0,0,0,0,0,0,0,0,0,0,0,0,0,0,0,0,0,0,0,0,1,0,54,47,0,58,90,66,79,86,82,0,85,100,100,0,0,0,0,0
l32,11=0,0,0,0,0,0,0,0,0,0,0,0,0,0,0,0,12,0,0,0,12,0,0,20,0,26,90,0,40,28,17,89,0,100,100,0,0,0,0,0
l33,11=0,0,0,0,0,0,0,0,0,0,0,0,0,0,67,0,3,0,0,0,14,0,0,69,0,88,78,0,0,67,78,96,95,0,100,0,0,0,0,0
l34,11=0,0,0,0,0,0,0,0,0,0,0,0,0,0,26,0,30,0,0,0,0,0,0,11,0,9,85,72,58,69,77,96,95,100,0,0,0,0,0,0
l35,11=0,0,0,0,0,0,0,0,0,0,0,4,0,0,12,3,3,0,0,24,27,0,38,0,0,0,0,0,0,0,0,0,0,0,0,0,84,67,64,26
l36,11=0,0,0,0,0,0,0,0,0,0,0,0,0,0,29,32,40,14,0,0,40,32,39,0,0,0,0,0,0,0,0,0,0,0,0,84,0,69,71,61
l37,11=0,0,0,0,0,0,0,0,0,0,0,0,0,0,0,0,33,0,0,0,34,19,31,0,0,0,0,0,0,0,0,0,0,0,0,68,73,0,44,54
l38,11=0,0,0,0,0,0,0,0,0,0,0,23,21,3,22,46,54,10,0,0,43,37,44,0,0,0,0,0,0,0,0,0,0,0,0,75,79,52,0,68
l39,11=0,0,0,0,0,0,0,0,0,0,0,0,0,0,0,0,40,0,0,52,48,21,39,0,0,0,0,0,0,0,0,0,0,0,0,59,76,61,59,0

l0,12=0,92,85,85,87,86,70,1,0,65,47,0,0,0,0,0,0,0,0,0,0,0,0,0,0,0,0,0,0,0,0,0,0,0,0,0,0,0,0,0
l1,12=85,0,82,84,85,86,83,85,0,5,69,52,0,0,0,0,0,0,0,0,0,0,0,0,0,0,0,0,0,0,0,0,0,0,0,0,0,0,0,0
l2,12=85,84,0,83,85,86,83,51,0,57,74,0,0,0,0,0,0,0,0,0,0,0,0,0,0,0,0,0,0,0,0,0,0,0,0,0,0,0,0,0
l3,12=85,89,84,0,91,86,68,26,0,51,71,0,0,0,0,0,0,0,0,0,0,0,0,0,0,0,0,0,0,0,0,0,0,0,0,0,0,0,0,0
l4,12=85,84,79,85,0,78,73,66,57,61,69,0,0,0,38,0,0,0,0,0,0,0,0,45,0,0,0,0,0,0,0,0,0,0,0,0,0,0,0,0
l5,12=85,88,84,82,85,0,75,78,68,81,73,0,0,47,0,0,0,0,0,0,0,0,0,0,0,0,0,0,0,0,0,0,0,0,0,0,0,0,0,0
l6,12=52,88,83,64,78,67,0,81,63,53,74,61,0,52,6,60,0,0,0,0,0,0,0,0,0,0,0,0,0,0,0,0,0,0,0,0,0,0,0,0
l7,12=16,88,46,65,85,86,83,0,76,80,84,33,10,85,0,9,0,0,0,0,0,0,0,0,0,0,0,0,0,0,0,0,0,0,0,0,0,0,0,0
l8,12=0,0,0,48,42,42,63,75,0,82,82,65,43,86,19,68,21,27,0,37,0,13,0,0,27,0,0,0,0,0,0,0,0,0,0,0,0,0,0,0
l9,12=56,0,20,57,36,83,48,85,78,0,84,62,36,85,0,59,42,22,0,0,50,19,0,0,14,0,0,0,0,0,0,0,0,0,0,0,0,0,0,0
l10,12=31,52,68,64,68,46,74,85,74,82,0,60,0,77,0,57,0,0,0,0,0,0,0,1,0,0,0,0,0,0,0,0,0,0,0,0,0,0,0,0
l11,12=0,45,0,0,0,0,64,27,66,71,68,0,49,71,53,84,69,52,0,0,50,16,19,47,0,38,0,0,0,0,0,0,0,0,0,14,9,4,70,0
l12,12=0,0,0,0,0,0,0,0,48,61,0,83,0,47,91,83,77,91,0,0,60,20,16,41,89,94,0,0,0,0,0,0,0,12,0,0,0,0,73,0
l13,12=0,0,0,19,0,22,59,71,78,80,74,82,47,0,63,81,65,45,0,0,48,14,0,44,38,18,0,0,0,0,0,0,0,0,0,0,0,0,37,0
l14,12=0,0,0,0,29,0,0,0,9,20,0,51,86,45,0,77,80,49,0,0,17,20,0,54,90,46,0,0,0,0,0,0,0,64,50,25,33,0,0,0
l15,12=0,0,0,0,0,0,56,0,60,66,60,88,77,90,67,0,69,60,0,35,60,16,3,33,47,59,0,0,0,0,0,0,0,0,0,0,0,0,63,0
l16,12=0,0,0,0,0,0,0,0,5,39,0,48,49,39,77,77,0,53,6,26,67,24,2,3,61,35,0,0,0,0,0,0,0,0,9,2,36,26,76,58
l17,12=0,0,0,0,0,0,0,0,28,47,0,80,56,46,65,82,79,0,0,41,69,27,20,19,35,0,0,0,0,0,0,0,0,14,0,0,34,0,68,0
l18,12=0,0,0,0,0,0,0,0,0,0,0,0,0,0,0,0,52,0,0,53,65,0,0,0,0,0,0,0,0,0,0,0,0,0,0,0,0,0,0,0
l19,12=0,0,0,0,0,0,0,0,20,0,0,0,0,0,0,39,29,28,30,0,80,1,40,0,0,0,53,0,0,16,32,0,0,0,0,27,1,33,50,63
l20,12=0,0,0,0,0,0,0,0,0,33,0,28,28,27,0,42,65,52,31,83,0,39,79,0,0,0,0,0,0,0,0,26,0,0,0,48,63,53,65,52
l21,12=0,0,0,0,0,0,0,0,28,38,0,41,37,46,42,44,55,59,32,83,84,0,79,0,25,0,0,0,0,0,0,0,0,0,0,42,19,40,77,13
l22,12=0,0,0,0,0,0,0,0,0,0,0,36,21,0,0,3,30,23,0,79,83,38,0,0,0,0,0,0,0,1,0,41,0,0,0,37,54,0,66,73
l23,12=0,0,0,0,44,0,0,0,0,0,0,69,50,51,82,72,62,39,0,0,0,0,0,0,92,98,0,0,0,0,0,3,0,35,0,0,0,0,0,0
l24,12=0,0,0,0,0,0,0,0,26,41,0,0,89,76,91,77,80,73,0,0,0,23,0,94,0,94,0,0,0,0,0,5,61,1,0,0,5,0,55,0
l25,12=0,0,0,0,0,0,0,0,0,0,0,39,90,26,56,76,65,0,0,0,0,0,0,100,91,0,0,0,0,2,0,73,48,64,86,0,0,0,0,0
l26,12=0,0,0,0,0,0,0,0,0,0,0,0,0,0,0,0,0,0,0,62,0,0,0,0,0,0,0,73,91,78,89,86,77,60,73,0,0,0,0,0
l27,12=0,0,0,0,0,0,0,0,0,0,0,0,0,0,0,0,0,0,0,0,0,0,0,0,0,0,81,0,85,97,93,83,0,21,20,0,0,0,0,0
l28,12=0,0,0,0,0,0,0,0,0,0,0,0,0,0,0,0,0,0,0,1,0,0,1,0,0,0,86,94,0,97,93,82,80,64,77,0,0,0,0,0
l29,12=0,0,0,0,0,0,0,0,0,0,0,0,0,0,0,0,0,0,0,24,0,0,0,0,0,0,81,94,91,0,93,92,73,61,70,0,0,0,0,0
l30,12=0,0,0,0,0,0,0,0,0,0,0,0,0,0,0,0,0,0,0,5,0,0,0,0,0,0,83,94,91,97,0,85,81,33,27,0,0,0,0,0
l31,12=0,0,0,0,0,0,0,0,0,0,0,0,8,0,0,0,0,0,0,0,54,0,37,25,19,76,86,89,90,92,92,0,96,100,100,0,0,0,0,0
l32,12=0,0,0,0,0,0,0,0,0,0,0,0,0,0,0,0,0,0,0,0,0,0,0,10,29,46,85,0,81,86,85,93,0,100,100,0,0,0,0,0
l33,12=0,0,0,0,0,0,0,0,0,0,0,0,51,0,72,0,1,1,0,0,0,0,0,46,8,61,81,33,32,79,79,98,96,0,100,0,0,0,0,0
l34,12=0,0,0,0,0,0,0,0,0,0,0,0,0,0,60,0,21,0,0,0,0,0,0,0,0,95,86,36,76,94,74,98,96,100,0,0,0,0,0,0
l35,12=0,0,0,0,0,0,0,0,0,0,0,13,0,0,4,0,25,0,0,15,43,1,28,0,0,0,0,0,0,0,0,0,0,0,0,0,83,51,68,56
l36,12=0,0,0,0,0,0,0,0,0,0,0,10,0,0,7,0,60,1,0,0,69,0,28,0,0,0,0,0,0,0,0,0,0,0,0,66,0,56,76,72
l37,12=0,0,0,0,0,0,0,0,0,0,0,0,0,0,0,0,52,0,0,27,65,0,0,0,0,0,0,0,0,0,0,0,0,0,0,39,48,0,0,67
l38,12=0,0,0,0,0,0,0,0,0,0,0,36,30,0,0,48,64,4,0,33,67,31,32,0,4,0,0,0,0,0,0,0,0,0,0,44,51,0,0,61
l39,12=0,0,0,0,0,0,0,0,0,0,0,0,0,0,0,0,51,0,0,52,65,0,40,0,0,0,0,0,0,0,0,0,0,0,0,36,45,52,67,0

l0,13=0,85,92,94,95,90,89,88,88,86,61,0,0,0,0,0,0,0,0,0,0,0,0,0,0,0,0,0,0,0,0,0,0,0,0,0,0,0,0,0
l1,13=93,0,91,93,94,86,87,87,0,62,84,0,0,0,0,0,0,0,0,0,0,0,0,0,0,0,0,0,0,0,0,0,0,0,0,0,0,0,0,0
l2,13=92,84,0,91,89,87,88,87,0,69,88,0,0,18,0,0,0,0,0,0,0,0,0,0,0,0,0,0,0,0,0,0,0,0,0,0,0,0,0,0
l3,13=94,88,90,0,97,88,88,80,9,65,88,0,0,0,0,0,0,0,0,0,0,0,0,0,0,0,0,0,0,0,0,0,0,0,0,0,0,0,0,0
l4,13=89,82,89,95,0,87,87,82,47,71,70,0,0,6,0,0,0,0,0,0,0,0,0,8,0,0,0,0,0,0,0,0,0,0,0,0,0,0,0,0
l5,13=88,80,88,87,89,0,87,73,83,86,88,0,0,53,0,0,0,0,0,0,0,0,0,0,0,0,0,0,0,0,0,0,0,0,0,0,0,0,0,0
l6,13=85,80,88,86,87,86,0,0,80,86,6,83,0,73,0,81,0,0,0,0,0,0,0,0,0,0,0,0,0,0,0,0,0,0,0,0,0,0,0,0
l7,13=53,80,85,81,86,79,0,0,89,87,91,0,43,86,0,62,0,0,0,0,0,0,0,0,0,0,0,0,0,0,0,0,0,0,0,0,0,0,0,0
l8,13=27,0,0,66,73,72,77,86,0,93,85,28,68,90,76,66,66,44,0,39,0,60,14,0,35,0,0,0,0,0,0,0,0,0,0,0,0,0,0,0
l9,13=74,52,70,68,73,86,84,87,89,0,88,72,78,88,61,83,67,57,0,0,58,72,0,0,0,0,0,0,0,0,0,0,0,0,0,0,0,0,0,0
l10,13=18,36,77,75,73,85,9,88,89,93,0,29,0,88,0,73,0,0,0,0,0,0,0,0,0,0,0,0,0,0,0,0,0,0,0,0,0,0,0,0
l11,13=0,0,0,0,0,0,79,0,71,54,30,0,91,95,80,92,80,85,0,0,72,77,44,29,0,64,0,0,0,0,0,0,0,0,0,0,0,0,46,0
l12,13=0,0,0,0,0,0,0,0,1,55,0,59,0,77,98,90,90,96,0,0,81,62,41,0,65,100,0,0,0,0,0,0,0,29,0,0,0,0,50,0
l13,13=0,0,0,0,46,62,72,78,92,90,53,93,81,0,82,92,75,61,0,16,67,76,0,27,0,69,0,0,0,0,0,0,0,0,0,0,0,0,50,0
l14,13=0,0,0,0,0,0,0,0,81,51,0,33,97,91,0,83,95,64,0,0,64,49,0,58,96,87,0,0,0,0,0,0,0,27,24,0,0,0,0,0
l15,13=0,0,0,0,0,0,77,22,54,55,30,94,93,94,77,0,90,81,0,24,69,55,0,29,30,73,0,0,0,0,0,0,0,0,0,0,56,0,45,0
l16,13=0,0,0,0,0,0,0,0,31,44,0,29,81,60,93,89,0,68,2,31,68,63,40,3,32,0,0,0,0,0,0,0,0,22,14,45,62,0,52,41
l17,13=0,0,0,0,0,0,0,0,58,45,0,35,96,85,79,91,91,0,0,35,84,81,40,22,32,69,0,0,0,0,0,0,0,26,0,9,60,0,52,0
l18,13=0,0,0,0,0,0,0,0,0,0,0,0,0,0,0,0,72,0,0,94,95,0,23,0,0,0,0,0,0,0,0,0,0,0,0,0,0,0,0,0
l19,13=0,0,0,0,0,0,0,0,42,0,0,0,0,4,0,37,51,35,46,0,94,96,90,0,0,0,61,0,0,9,1,33,0,0,0,27,17,51,41,79
l20,13=0,0,0,0,0,0,0,0,0,20,0,25,76,42,22,56,77,62,40,95,0,98,97,0,0,0,24,0,0,0,0,57,0,0,0,49,86,85,60,51
l21,13=0,0,0,0,0,0,0,0,37,43,0,28,64,65,45,49,78,77,0,95,95,0,98,0,23,0,0,0,0,0,0,0,0,0,0,8,0,1,76,41
l22,13=0,0,0,0,0,0,0,0,0,0,0,24,54,0,0,0,69,33,0,86,95,98,0,0,0,0,56,0,0,0,0,49,0,0,4,61,81,27,59,55
l23,13=0,0,0,21,18,0,0,0,0,0,0,33,41,84,100,86,29,54,0,0,0,0,0,0,34,100,0,0,0,0,0,0,0,30,0,0,0,0,0,0
l24,13=0,0,0,0,0,0,0,0,79,0,0,0,97,0,100,87,94,64,0,0,4,76,0,34,0,99,0,0,0,0,0,0,67,0,0,0,72,0,0,0
l25,13=0,0,0,0,0,0,0,0,0,0,0,31,97,81,96,85,0,55,0,0,0,0,0,100,96,0,0,0,0,2,0,90,91,49,48,0,0,0,0,0
l26,13=0,0,0,0,0,0,0,0,0,0,0,0,0,0,0,0,0,0,0,64,65,0,60,0,0,0,0,78,99,77,100,98,80,56,0,0,0,0,0,0
l27,13=0,0,0,0,0,0,0,0,0,0,0,0,0,0,0,0,0,0,0,0,0,0,0,0,0,0,83,0,99,100,100,86,80,80,12,0,0,0,0,0
l28,13=0,0,0,0,0,0,0,0,0,0,0,0,0,0,0,0,0,0,0,46,0,0,55,0,0,1,96,96,0,100,100,92,76,82,86,0,0,0,0,0
l29,13=0,0,0,0,0,0,0,0,0,0,0,0,0,0,0,0,0,0,0,34,0,0,0,0,0,0,79,96,99,0,100,86,85,70,83,0,0,0,0,0
l30,13=0,0,0,0,0,0,0,0,0,0,0,0,0,0,0,0,0,0,0,0,0,0,0,0,0,0,96,96,99,100,0,88,81,80,0,0,0,0,0,0
l31,13=0,0,0,0,0,0,0,0,0,0,0,0,0,0,5,0,0,0,0,69,83,0,73,0,0,89,96,94,98,100,99,0,100,100,100,0,0,0,0,0
l32,13=0,0,0,0,0,0,0,0,0,0,0,0,29,0,22,0,3,0,0,0,7,0,0,0,49,89,90,64,83,97,89,100,0,100,100,0,0,0,0,0
l33,13=0,0,0,0,0,0,0,0,0,0,0,0,97,0,88,0,89,66,0,0,0,0,0,53,14,100,95,85,99,99,100,100,100,0,100,0,0,0,0,0
l34,13=0,0,0,0,0,0,0,0,0,0,0,0,6,0,89,0,75,0,0,0,34,0,48,0,0,100,0,15,99,100,27,100,100,100,0,0,0,0,0,0
l35,13=0,0,0,0,0,0,0,0,0,0,0,0,0,0,0,0,52,0,0,11,60,7,46,0,0,0,0,0,0,0,0,0,0,0,0,0,88,90,63,50
l36,13=0,0,0,0,0,0,0,0,0,0,0,0,0,0,0,44,72,43,0,3,85,0,46,0,19,0,0,0,0,0,0,0,0,0,0,84,0,76,59,46
l37,13=0,0,0,0,0,0,0,0,0,0,0,0,0,0,0,0,0,0,0,12,74,0,6,0,0,0,0,0,0,0,0,0,0,0,0,73,80,0,49,44
l38,13=0,0,0,0,0,0,0,0,0,0,0,8,60,47,0,48,72,44,0,28,79,78,47,0,0,0,0,0,0,0,0,0,0,0,0,68,87,71,0,46
l39,13=0,0,0,0,0,0,0,0,0,0,0,0,0,0,0,0,67,0,0,40,75,57,63,0,0,0,0,0,0,0,0,0,0,0,0,64,72,74,54,0

l0,14=0,99,99,99,99,100,100,99,96,99,100,0,0,0,0,0,0,0,0,0,0,0,0,0,0,0,0,0,0,0,0,0,0,0,0,0,0,0,0,0
l1,14=100,0,99,99,99,100,100,95,10,65,48,0,0,41,34,0,0,0,0,0,0,0,0,0,0,0,0,0,0,0,0,0,0,0,0,0,0,0,0,0
l2,14=100,100,0,99,100,100,100,99,89,97,99,0,0,0,0,0,0,0,0,0,0,0,0,0,0,0,0,0,0,0,0,0,0,0,0,0,0,0,0,0
l3,14=100,99,99,0,99,100,100,99,0,98,100,0,0,0,0,0,0,0,0,0,0,0,0,0,0,0,0,0,0,0,0,0,0,0,0,0,0,0,0,0
l4,14=100,99,99,99,0,100,65,0,51,58,100,0,0,40,0,0,0,0,0,0,0,0,0,0,0,0,0,0,0,0,0,0,0,0,0,0,0,0,0,0
l5,14=100,100,100,100,100,0,100,78,93,100,100,0,0,88,0,59,0,0,0,0,0,0,0,0,0,0,0,0,0,0,0,0,0,0,0,0,0,0,0,0
l6,14=95,95,100,100,87,100,0,91,89,93,99,100,0,94,0,83,0,0,0,0,0,0,55,0,0,0,0,0,0,0,0,0,0,0,0,0,0,0,0,0
l7,14=100,100,100,98,15,54,84,0,97,100,100,0,0,95,0,17,57,0,0,0,0,0,0,0,0,0,0,0,0,0,0,0,0,0,0,0,0,0,0,0
l8,14=48,3,31,23,50,34,36,33,0,100,100,48,49,41,42,28,0,0,0,5,35,52,38,0,41,0,0,0,0,0,0,0,0,0,0,0,0,0,0,0
l9,14=82,44,25,35,51,100,65,99,98,0,100,99,0,100,34,95,55,45,0,0,34,53,0,40,0,0,0,0,0,0,0,0,0,0,0,0,0,0,0,0
l10,14=83,75,39,98,100,100,100,99,98,100,0,52,50,100,0,27,0,0,0,0,19,0,0,0,0,0,0,0,0,0,0,0,0,0,0,0,0,0,0,0
l11,14=0,0,0,0,0,0,99,0,49,97,40,0,98,99,97,98,98,97,0,0,46,55,42,68,40,41,0,0,0,0,0,0,0,0,0,0,40,0,47,0
l12,14=0,0,0,0,0,0,0,0,90,0,63,100,0,98,100,69,61,99,0,22,96,37,86,99,87,99,0,0,0,0,0,0,0,85,0,0,0,0,0,0
l13,14=3,47,0,0,51,35,57,33,53,100,99,100,98,0,92,98,35,61,0,10,0,56,0,1,47,26,0,0,0,0,0,0,0,0,0,0,0,0,45,0
l14,14=0,1,0,0,0,0,0,0,54,55,0,91,99,43,0,29,38,34,0,0,0,11,0,99,100,26,0,0,0,0,0,0,37,46,0,0,0,0,40,0
l15,14=0,0,0,0,0,26,36,1,57,97,45,100,98,99,43,0,83,62,0,33,43,57,0,81,87,26,0,0,0,0,0,0,0,0,0,0,0,0,45,0
l16,14=0,0,0,0,0,0,0,17,0,59,0,97,87,15,89,68,0,61,17,52,89,67,96,7,83,0,0,0,0,0,0,0,0,10,3,39,81,36,39,23
l17,14=0,0,0,0,0,0,0,0,0,59,0,100,98,98,97,95,76,0,0,40,96,99,54,83,90,48,0,0,0,0,0,0,0,0,0,24,4,0,93,0
l18,14=0,0,0,0,0,0,0,0,0,0,0,0,0,0,0,0,76,0,0,89,88,11,88,0,0,0,0,0,0,0,0,0,0,0,0,0,0,0,0,0
l19,14=0,0,0,0,0,0,0,0,0,0,0,0,34,5,0,33,30,23,38,0,96,97,96,0,0,0,43,0,30,26,0,32,0,0,0,41,83,55,34,87
l20,14=0,0,0,0,0,0,0,0,6,68,0,75,44,0,0,33,30,25,37,99,0,99,97,0,11,0,31,0,0,0,0,0,0,0,3,53,89,67,92,55
l21,14=0,0,0,0,0,0,0,0,34,72,6,78,33,62,39,60,48,59,0,98,97,0,97,0,38,0,0,0,0,0,0,0,0,0,0,12,0,66,72,49
l22,14=0,0,0,0,0,0,15,0,20,0,0,74,39,0,0,0,53,25,34,96,99,100,0,0,1,0,36,0,0,0,0,23,0,0,0,52,80,69,58,63
l23,14=0,0,0,0,0,0,0,0,0,57,0,54,52,0,100,29,3,33,0,0,0,0,0,0,41,100,0,0,0,0,0,0,41,45,32,0,0,0,0,0
l24,14=0,0,0,0,0,0,0,0,53,0,0,45,99,43,100,71,62,64,0,0,22,56,0,46,0,76,0,0,0,0,0,0,0,0,0,0,53,0,0,0
l25,14=0,0,0,0,0,0,0,0,0,0,0,100,99,52,94,71,0,63,0,0,0,0,0,100,100,0,0,0,7,0,0,0,70,88,66,0,0,0,0,0
l26,14=0,0,0,0,0,0,0,0,0,0,0,0,0,0,0,0,0,0,0,93,90,0,86,0,0,0,0,97,100,98,100,100,97,99,98,0,0,0,0,0
l27,14=0,0,0,0,0,0,0,0,0,0,0,0,0,0,0,0,0,0,0,0,0,0,0,0,0,0,91,0,100,100,100,88,90,94,0,0,0,0,0,0
l28,14=0,0,0,0,0,0,0,0,0,0,0,0,0,0,0,0,0,0,0,88,3,0,64,0,0,24,100,99,0,100,100,90,89,95,89,0,0,0,0,0
l29,14=0,0,0,0,0,0,0,0,0,0,0,0,0,0,0,0,0,0,0,81,0,0,0,0,0,0,91,99,100,0,100,89,91,0,90,0,0,0,0,0
l30,14=0,0,0,0,0,0,0,0,0,0,0,0,0,0,0,0,0,0,0,0,0,0,0,0,0,0,100,99,100,100,0,88,89,95,0,0,0,0,0,0
l31,14=0,0,0,0,0,0,0,0,0,0,0,0,0,0,0,0,0,0,0,83,48,0,37,0,0,0,100,88,98,98,98,0,99,99,99,0,0,0,0,0
l32,14=0,0,0,0,0,0,0,0,0,0,0,0,0,0,86,0,0,0,0,0,2,0,0,91,0,78,100,92,84,98,95,100,0,100,100,0,0,0,0,0
l33,14=0,0,0,0,0,0,0,0,0,0,0,0,97,0,93,0,96,0,0,0,0,0,0,94,0,99,100,87,99,0,99,100,100,0,100,0,0,0,0,0
l34,14=0,0,0,0,0,0,0,0,0,0,0,0,36,0,0,0,68,0,0,0,90,0,0,91,0,100,100,0,100,100,0,100,100,100,0,0,0,0,0,0
l35,14=0,0,0,0,0,0,0,0,0,0,0,0,14,0,0,0,26,13,0,29,37,11,75,0,0,0,0,0,0,0,0,0,0,0,0,0,95,85,90,84
l36,14=0,0,0,0,0,0,0,0,0,0,0,5,0,0,0,0,21,0,0,38,41,0,83,0,14,0,0,0,0,0,0,0,0,0,0,65,0,63,93,43
l37,14=0,0,0,0,0,0,0,0,0,0,0,0,0,0,0,0,0,0,0,0,39,14,83,0,0,0,0,0,0,0,0,0,0,0,0,95,75,0,49,50
l38,14=0,0,0,0,0,0,0,0,0,0,0,70,0,32,36,20,11,8,0,4,89,67,84,0,0,0,0,0,0,0,0,0,0,0,0,59,92,67,0,51
l39,14=0,0,0,0,0,0,0,0,0,0,0,0,0,0,0,0,26,0,0,45,40,63,83,0,0,0,0,0,0,0,0,0,0,0,0,52,76,68,52,0

l0,15=0,99,96,100,100,100,99,96,95,97,98,0,0,0,0,0,0,0,0,0,0,0,0,0,0,0,0,0,0,0,0,0,0,0,0,0,0,0,0,0
l1,15=98,0,96,98,99,97,99,81,0,95,98,0,0,95,61,0,0,0,0,0,0,0,0,0,11,0,0,0,0,0,0,0,0,0,0,0,0,0,0,0
l2,15=100,100,0,98,99,100,100,96,1,0,98,69,0,94,0,0,0,0,0,0,0,0,0,0,0,0,0,0,0,0,0,0,0,0,0,0,0,0,0,0
l3,15=100,99,96,0,99,97,79,0,0,0,98,0,0,0,0,0,0,0,0,0,0,0,0,0,0,0,0,0,0,0,0,0,0,0,0,0,0,0,0,0
l4,15=98,99,96,97,0,100,99,91,0,89,98,0,0,91,0,0,0,0,0,0,0,0,0,0,0,0,0,0,0,0,0,0,0,0,0,0,0,0,0,0
l5,15=98,98,96,98,100,0,99,96,93,97,98,0,0,95,0,92,0,0,0,0,0,0,0,0,0,0,0,0,0,0,0,0,0,0,0,0,0,0,0,0
l6,15=98,98,96,97,98,97,0,96,90,96,98,98,93,92,0,94,29,0,0,0,0,0,3,0,0,0,0,0,0,0,0,0,0,0,0,0,0,0,0,0
l7,15=98,86,96,36,98,97,99,0,96,97,100,0,0,80,78,0,98,0,0,0,0,0,0,0,0,0,0,0,0,0,0,0,0,0,0,0,0,0,0,0
l8,15=73,0,0,29,0,56,82,95,0,100,99,61,57,84,95,97,2,0,0,51,0,7,4,7,93,0,0,0,0,0,0,0,0,0,0,0,0,0,0,0
l9,15=97,92,0,0,52,96,97,99,99,0,100,63,0,99,28,96,73,53,0,0,91,64,0,20,0,0,0,0,0,0,0,0,0,0,0,0,0,0,0,0
l10,15=95,96,47,97,99,97,99,99,96,100,0,0,96,96,31,0,12,0,0,0,0,0,0,0,0,0,0,0,0,0,0,0,0,0,0,0,0,0,0,0
l11,15=0,0,0,0,0,0,99,0,97,96,1,0,99,98,94,100,99,99,0,12,97,67,62,65,11,98,0,0,0,0,0,0,0,0,0,0,62,0,94,0
l12,15=0,0,0,0,0,0,83,0,99,0,96,99,0,99,100,100,99,99,0,35,97,0,60,99,100,100,0,0,0,0,0,0,0,0,0,3,38,0,82,0
l13,15=0,95,89,0,60,75,94,84,96,100,96,100,100,0,99,100,95,99,0,18,35,29,23,66,81,97,0,0,0,0,0,0,0,0,0,0,0,0,0,0
l14,15=0,0,0,0,0,0,0,9,96,67,1,58,99,86,0,100,99,99,0,0,48,0,0,68,100,98,0,0,0,0,0,0,0,95,9,0,0,0,0,0
l15,15=0,0,0,0,0,59,95,0,99,99,0,100,60,86,99,0,99,99,0,1,97,67,16,67,100,96,0,0,0,0,0,0,0,0,0,46,0,0,97,0
l16,15=0,0,0,0,0,0,38,80,0,87,9,58,60,72,98,100,0,97,86,97,92,61,63,0,100,40,0,0,0,0,0,0,0,80,0,59,59,93,92,69
l17,15=0,0,0,0,0,0,0,0,0,98,0,61,60,86,99,100,99,0,0,100,97,67,63,67,100,97,0,0,0,0,0,0,0,90,5,0,61,85,97,0
l18,15=0,0,0,0,0,0,0,0,0,0,0,0,0,0,0,0,89,0,0,3,81,44,64,0,0,0,0,0,0,0,0,0,0,0,0,0,0,0,0,0
l19,15=0,0,0,0,0,0,0,0,13,0,0,1,39,0,0,1,65,64,0,0,96,96,89,0,0,0,13,0,67,41,0,14,0,0,0,22,48,0,49,67
l20,15=0,0,0,0,0,0,0,0,0,92,0,53,58,8,11,93,77,84,87,100,0,99,99,0,0,0,0,0,0,0,0,0,0,0,0,59,61,26,89,78
l21,15=0,0,0,0,0,0,0,0,73,91,9,53,0,57,0,95,78,84,6,97,98,0,100,0,39,0,0,0,11,0,0,0,0,0,24,57,84,93,90,77
l22,15=0,0,0,0,0,0,12,0,55,68,0,47,45,23,0,11,98,76,64,96,98,98,0,0,0,0,2,0,0,0,0,17,0,0,0,48,51,87,74,67
l23,15=0,0,0,0,0,0,0,0,0,52,0,52,100,82,100,100,0,99,0,0,0,0,0,0,100,100,0,0,0,0,0,0,93,100,0,0,0,0,0,0
l24,15=0,0,0,0,0,0,0,0,99,0,0,0,100,82,100,100,100,99,0,0,1,1,0,100,0,98,0,0,0,0,0,0,98,0,0,0,63,0,4,0
l25,15=0,0,0,0,0,0,0,0,0,0,0,93,99,84,94,96,76,97,0,0,0,0,0,96,97,0,88,0,52,1,0,54,91,96,88,0,0,0,0,0
l26,15=0,0,0,0,0,0,0,0,0,0,0,0,0,0,0,0,0,0,0,1,0,0,42,0,0,69,0,98,96,96,99,84,88,5,94,0,0,0,0,0
l27,15=0,0,0,0,0,0,0,0,0,0,0,0,0,0,0,0,0,0,0,0,0,0,0,0,0,0,92,0,96,96,99,68,81,86,86,0,0,0,0,0
l28,15=0,0,0,0,0,0,0,0,0,0,0,0,0,0,0,0,0,0,0,75,0,14,1,0,0,62,98,98,0,96,99,69,79,89,85,0,0,0,0,0
l29,15=0,0,0,0,0,0,0,0,0,0,0,0,0,0,0,0,0,0,0,38,0,0,0,0,0,2,92,98,96,0,99,78,79,87,85,0,0,0,0,0
l30,15=0,0,0,0,0,0,0,0,0,0,0,0,0,0,0,0,0,0,0,0,0,0,0,0,0,0,98,98,96,96,0,68,79,87,0,0,0,0,0,0
l31,15=0,0,0,0,0,0,0,0,0,0,0,0,0,0,0,0,0,0,0,34,0,0,38,0,0,67,97,87,92,96,97,0,92,98,95,0,0,0,0,0
l32,15=0,0,0,0,0,0,0,0,0,0,0,0,65,0,0,0,0,0,0,0,8,0,2,89,89,69,97,88,86,96,97,84,0,98,96,0,0,0,0,0
l33,15=0,0,0,0,0,0,0,0,0,0,0,0,46,0,88,0,98,85,0,0,0,0,4,98,46,75,21,89,93,56,88,84,98,0,98,0,0,0,0,0
l34,15=0,0,0,0,0,0,0,0,0,0,0,0,21,0,73,0,0,1,0,0,1,40,0,0,0,76,97,87,91,95,0,84,94,99,0,0,0,0,0,0
l35,15=0,0,0,0,0,0,0,0,0,0,0,0,32,0,0,67,62,0,0,51,88,51,44,0,0,0,0,0,0,0,0,0,0,0,0,0,93,96,85,93
l36,15=0,0,0,0,0,0,0,0,0,0,0,36,13,0,0,0,77,59,0,84,89,62,57,0,34,0,0,0,0,0,0,0,0,0,0,61,0,96,97,77
l37,15=0,0,0,0,0,0,0,0,0,0,0,0,0,0,0,0,72,0,0,0,4,59,55,0,0,0,0,0,0,0,0,0,0,0,0,96,92,0,85,93
l38,15=0,0,0,0,0,0,0,0,0,0,0,25,22,0,0,90,74,82,0,9,95,65,54,0,4,0,0,0,0,0,0,0,0,0,0,60,63,94,0,78
l39,15=0,0,0,0,0,0,0,0,0,0,0,0,0,0,0,0,60,0,0,90,91,64,55,0,0,0,0,0,0,0,0,0,0,0,0,96,56,99,91,0

