t=2016-04-14_04.11.59

n=40

q0=1
q1=1
q2=1
q3=1
q4=1
q5=1
q6=1
q7=1
q8=1
q9=1
q10=1
q11=1
q12=1
q13=1
q14=1
q15=1
q16=1
q17=1
q18=1
q19=1
q20=1
q21=1
q22=1
q23=1
q24=1
q25=1
q26=1
q27=1
q28=1
q29=1
q30=1
q31=1
q32=1
q33=1
q34=1
q35=1
q36=1
q37=1
q38=1
q39=1

a0=0x141592000c576ce6
a1=0x141592000c5aedbc
a2=0x141592000c5750f4
a3=0x141592000c576658
a4=0x141592000c575890
a5=0x141592000c574ffa
a6=0x141592000c5acf11
a7=0x141592000d9df361
a8=0x141592000c576300
a9=0x141592000c5779b6
a10=0x141592000c5762b9
a11=0x141592000c5af078
a12=0x141592000c575517
a13=0x141592000c5752c3
a14=0x141592000c5a4baa
a15=0x141592000c5776e7
a16=0x141592000c58cdeb
a17=0x141592000c5881fc
a18=0x141592000bd81d33
a19=0x141592000bd84d6a
a20=0x141592000c577233
a21=0x141592000c574527
a22=0x141592000c5746a3
a23=0x141592000c574da3
a24=0x141592000c5741c9
a25=0x141592000da244ea
a26=0x141592000c5ae886
a27=0x141592000c57510e
a28=0x141592000c5ab6c8
a29=0x141592000c574d05
a30=0x141592000edae61f
a31=0x141592000c57667e
a32=0x141592000c577f43
a33=0x141592000c576449
a34=0x1415920010f4117a
a35=0x141592000c575966
a36=0x141592000c574d35
a37=0x141592000c576fb1
a38=0x141592000c5aea5d
a39=0x141592000c59f23f

l0,0=0,91,89,94,84,89,86,79,81,85,0,0,0,57,0,0,0,0,0,0,0,0,0,0,0,0,0,0,0,0,0,0,0,0,0,0,0,0,0,0
l1,0=91,0,90,86,88,90,86,86,77,0,89,0,0,0,0,0,0,0,0,0,0,0,0,0,0,0,0,0,0,0,0,0,0,0,0,0,0,0,0,0
l2,0=91,88,0,0,88,89,92,87,0,85,89,0,0,67,0,0,0,0,0,0,0,0,0,0,0,0,0,0,0,0,0,0,0,0,0,0,0,0,0,0
l3,0=94,80,0,0,89,89,86,60,71,0,79,0,0,0,0,0,0,0,0,0,0,0,0,0,0,0,0,0,0,0,0,0,0,0,0,0,0,0,0,0
l4,0=80,88,90,91,0,88,31,0,0,77,79,0,0,72,0,0,0,0,0,0,0,0,0,0,0,0,0,0,0,0,0,0,0,0,0,0,0,0,0,0
l5,0=91,91,90,91,88,0,87,87,77,86,82,0,0,25,0,0,0,0,0,0,0,0,0,0,0,0,0,0,0,0,0,0,0,0,0,0,0,0,0,0
l6,0=81,79,90,81,54,81,0,89,75,75,79,32,0,73,0,30,37,0,0,0,0,0,0,0,0,0,0,0,0,0,0,0,0,0,0,0,0,0,0,0
l7,0=67,84,89,63,13,86,88,0,77,89,91,62,0,15,0,34,0,0,0,0,0,0,0,0,0,0,0,0,0,0,0,0,0,0,0,0,0,0,0,0
l8,0=67,60,0,59,0,44,46,62,0,91,68,84,72,86,70,57,59,14,0,0,0,75,41,3,29,0,0,0,0,0,0,0,0,0,0,0,0,0,54,0
l9,0=82,0,72,0,67,89,62,91,91,0,91,65,57,78,1,39,33,26,0,0,0,0,0,0,0,0,0,0,0,0,0,0,0,0,0,0,0,0,0,0
l10,0=0,83,90,75,77,80,82,91,74,92,0,70,59,86,0,66,9,0,0,0,0,0,0,0,0,0,0,0,0,0,0,0,0,0,0,0,0,0,0,0
l11,0=0,0,0,0,0,0,22,54,85,78,72,0,91,86,86,95,33,35,0,32,2,74,0,0,32,0,0,0,0,0,0,0,0,0,0,0,71,0,73,0
l12,0=0,0,0,0,0,0,0,0,80,69,62,89,0,81,84,95,52,100,0,1,54,17,0,82,92,83,0,0,0,0,0,0,0,68,0,2,38,0,81,0
l13,0=0,0,16,0,54,0,29,0,89,71,82,85,88,0,84,57,28,44,0,32,58,70,64,65,28,29,0,0,0,0,0,0,0,0,0,0,0,0,68,0
l14,0=0,0,0,0,0,0,0,0,78,3,0,85,89,83,0,48,53,32,0,0,65,67,30,77,45,60,0,0,0,0,0,0,0,64,0,0,0,0,49,0
l15,0=0,0,0,0,0,0,24,24,77,67,70,97,95,82,83,0,31,31,0,8,0,55,54,0,43,0,0,0,0,0,0,0,0,0,0,0,42,0,70,0
l16,0=0,0,0,0,0,0,7,0,81,71,0,84,86,80,85,44,0,36,0,42,17,81,77,40,31,0,0,0,0,0,0,0,0,46,10,22,39,15,85,51
l17,0=0,0,0,0,0,0,0,0,64,78,0,94,94,86,83,50,40,0,0,0,71,87,76,0,32,41,0,0,0,0,0,0,0,65,0,0,74,5,0,0
l18,0=0,0,0,0,0,0,0,0,0,0,0,0,0,0,0,0,0,0,0,0,79,0,64,0,0,0,0,0,0,0,0,0,0,0,0,0,0,0,0,0
l19,0=0,0,0,0,0,0,0,0,0,0,0,28,0,40,0,0,62,0,0,0,88,29,91,0,0,0,0,0,0,0,0,40,0,0,0,0,64,25,55,77
l20,0=0,0,0,0,0,0,0,0,0,0,0,0,48,61,49,0,12,31,72,85,0,93,91,0,0,0,0,0,0,0,0,0,0,0,0,0,92,93,92,61
l21,0=0,0,0,0,0,0,0,0,60,0,0,51,43,53,33,22,76,57,0,25,97,0,91,0,0,0,0,0,0,0,0,0,0,0,0,83,33,40,97,42
l22,0=0,0,0,0,0,0,0,0,41,0,0,0,0,49,20,22,42,21,60,89,97,93,0,0,0,0,52,0,0,0,0,0,0,0,0,20,96,44,81,55
l23,0=0,0,0,0,0,0,0,0,50,0,0,0,84,79,82,0,31,0,0,0,0,0,0,0,88,21,0,0,0,0,0,0,42,57,32,0,0,0,0,0
l24,0=0,0,0,0,0,0,0,0,81,0,0,84,93,81,83,61,33,31,0,0,0,0,0,85,0,58,0,0,0,0,0,0,72,67,29,0,0,0,0,0
l25,0=0,0,0,0,0,0,0,0,4,0,0,0,85,61,87,0,0,39,0,0,0,0,0,27,83,0,57,1,0,0,0,46,73,59,78,0,0,0,0,0
l26,0=0,0,0,0,0,0,0,0,0,0,0,0,0,0,0,0,0,0,0,0,0,0,55,0,0,48,0,75,81,93,91,87,74,66,72,0,0,0,0,0
l27,0=0,0,0,0,0,0,0,0,0,0,0,0,0,0,0,0,0,0,0,0,0,0,0,0,0,0,86,0,81,97,99,85,68,67,83,0,0,0,0,0
l28,0=0,0,0,0,0,0,0,0,0,0,0,0,0,0,0,0,0,0,0,0,0,0,0,0,0,0,87,99,0,97,99,86,77,72,78,0,0,0,0,0
l29,0=0,0,0,0,0,0,0,0,0,0,0,0,0,0,0,0,0,0,0,0,0,0,2,0,0,0,86,99,81,0,99,74,69,68,72,0,0,0,0,0
l30,0=0,0,0,0,0,0,0,0,0,0,0,0,0,0,0,0,0,0,0,0,0,0,0,0,0,0,85,100,81,97,0,72,81,83,0,0,0,0,0,0
l31,0=0,0,0,0,0,0,0,0,0,0,0,0,0,0,0,0,0,0,0,63,0,0,0,0,0,60,84,67,75,70,69,0,86,85,93,0,0,0,0,0
l32,0=0,0,0,0,0,0,0,0,0,0,0,0,0,0,0,0,0,0,0,2,0,0,0,60,63,62,74,65,68,68,69,81,0,85,94,0,0,0,0,0
l33,0=0,0,0,0,0,0,0,0,0,0,0,0,73,0,61,0,60,75,0,0,0,0,0,60,69,77,71,57,62,65,72,76,84,0,86,0,0,0,0,0
l34,0=0,0,0,0,0,0,0,0,0,0,0,0,0,0,0,0,47,0,0,0,0,0,0,64,65,67,68,66,67,62,0,91,93,80,0,0,0,0,0,0
l35,0=0,0,0,0,0,0,0,0,0,0,0,0,0,0,0,0,14,0,0,0,0,81,33,0,0,0,0,0,0,0,0,0,0,0,0,0,70,93,97,43
l36,0=0,0,0,0,0,0,0,0,0,0,0,75,29,15,0,9,23,24,0,37,80,8,90,0,0,0,0,0,0,0,0,0,0,0,0,32,0,93,89,59
l37,0=0,0,0,0,0,0,0,0,0,0,0,0,0,0,0,0,2,1,0,12,79,42,53,0,0,0,0,0,0,0,0,0,0,0,0,33,88,0,66,59
l38,0=0,0,0,0,0,0,0,0,43,0,0,62,81,51,0,43,35,0,0,30,81,92,90,0,0,0,0,0,0,0,0,0,0,0,0,57,89,53,0,59
l39,0=0,0,0,0,0,0,0,0,0,0,0,0,0,0,0,0,26,0,0,44,81,73,89,0,0,0,0,0,0,0,0,0,0,0,0,29,88,93,89,0

l0,1=0,85,83,86,76,80,77,38,45,79,53,0,0,19,0,0,0,0,0,0,0,0,0,0,0,0,0,0,0,0,0,0,0,0,0,0,0,0,0,0
l1,1=86,0,87,82,84,86,71,70,57,66,83,0,0,53,0,0,0,0,0,0,0,0,0,0,0,0,0,0,0,0,0,0,0,0,0,0,0,0,0,0
l2,1=81,88,0,80,73,87,81,74,0,80,88,0,0,0,0,14,0,0,0,0,0,0,0,0,0,0,0,0,0,0,0,0,0,0,0,0,0,0,0,0
l3,1=86,83,78,0,78,80,70,20,0,55,83,0,0,0,0,0,0,0,0,0,0,0,0,0,0,0,0,0,0,0,0,0,0,0,0,0,0,0,0,0
l4,1=71,83,70,79,0,77,69,0,66,76,81,0,0,43,0,0,0,0,0,0,0,0,0,0,0,0,0,0,0,0,0,0,0,0,0,0,0,0,0,0
l5,1=80,88,87,85,80,0,73,79,67,81,84,0,0,0,0,0,0,0,0,0,0,0,0,0,9,0,0,0,0,0,0,0,0,0,0,0,0,0,0,0
l6,1=62,48,86,42,43,72,0,77,66,32,78,41,3,51,0,0,17,0,0,0,0,0,0,0,0,0,0,0,0,0,0,0,0,0,0,0,0,0,0,0
l7,1=31,65,72,18,16,83,80,0,74,80,89,24,14,32,0,10,0,0,0,0,0,0,0,0,0,0,0,0,0,0,0,0,0,0,0,0,0,0,0,0
l8,1=2,12,0,0,27,56,63,64,0,85,75,60,0,67,43,69,46,38,0,0,6,49,17,16,0,0,0,0,0,0,0,0,0,0,0,0,0,0,23,0
l9,1=50,29,67,15,62,74,43,71,88,0,89,50,13,69,25,64,34,31,0,0,0,15,14,0,0,0,0,0,0,0,0,0,0,0,0,0,0,0,0,0
l10,1=35,68,85,59,73,76,80,83,77,85,0,51,0,71,0,52,0,0,0,0,0,0,0,0,0,0,0,0,0,0,0,0,0,0,0,0,0,0,0,0
l11,1=0,3,0,0,0,0,32,31,56,42,46,0,74,73,48,77,49,78,0,25,25,17,0,0,52,0,0,0,0,0,0,0,0,0,0,18,23,0,44,0
l12,1=0,0,0,0,0,0,0,0,0,12,0,62,0,71,71,75,55,85,0,0,18,19,12,52,89,65,0,0,0,0,0,0,0,1,0,0,0,0,53,0
l13,1=0,1,0,0,0,0,33,0,63,72,60,71,38,0,41,32,46,58,0,0,27,20,18,33,0,33,0,0,0,0,0,0,0,0,0,0,0,0,35,0
l14,1=0,0,0,0,0,0,0,0,42,33,0,38,84,59,0,61,58,67,0,0,36,25,0,71,67,67,0,0,0,0,0,0,0,30,0,0,0,0,0,0
l15,1=0,0,0,0,0,0,0,0,76,61,40,84,80,38,40,0,30,76,0,0,20,0,4,20,83,0,0,0,0,0,0,0,0,0,0,0,20,0,31,0
l16,1=0,0,0,0,0,0,2,0,30,17,0,28,29,49,55,27,0,82,0,34,44,29,23,0,50,39,0,0,0,0,0,0,11,0,2,24,20,4,47,16
l17,1=0,0,0,0,0,0,0,0,28,23,0,48,89,56,40,79,72,0,0,0,37,28,18,17,59,20,0,0,0,0,0,0,0,21,0,0,22,0,35,0
l18,1=0,0,0,0,0,0,0,0,0,0,0,0,0,0,0,0,0,0,0,41,59,58,44,0,0,0,0,0,0,0,0,0,0,0,0,0,0,0,0,0
l19,1=0,0,0,0,0,0,0,0,0,0,0,10,0,0,0,0,46,0,26,0,63,16,53,0,0,0,9,0,0,1,0,25,0,0,0,20,19,14,51,67
l20,1=0,0,0,0,0,0,0,0,10,0,0,18,15,34,26,30,57,40,47,73,0,78,53,0,0,0,0,0,0,0,0,0,0,0,0,26,38,66,73,54
l21,1=0,0,0,0,0,0,0,0,49,25,0,21,21,44,20,0,57,53,31,20,68,0,53,0,0,0,0,0,0,0,0,14,8,0,0,62,17,54,71,60
l22,1=0,0,0,0,0,0,0,0,33,17,0,0,20,40,0,31,54,50,40,74,63,71,0,0,0,0,44,0,0,7,0,0,0,0,0,43,44,53,57,68
l23,1=0,0,0,0,0,0,0,0,35,0,0,0,39,56,49,53,0,57,0,0,0,0,0,0,74,62,0,0,0,0,0,0,1,38,35,0,0,0,0,0
l24,1=0,0,0,0,0,0,0,0,0,0,0,36,85,1,61,74,49,68,0,0,0,0,0,76,0,67,0,0,0,0,0,0,37,50,29,0,0,0,0,0
l25,1=0,0,0,0,0,0,0,0,0,0,0,0,59,36,54,0,44,42,0,0,0,0,0,55,65,0,39,0,25,2,0,42,0,45,33,0,0,0,0,0
l26,1=0,0,0,0,0,0,0,0,0,0,0,0,0,0,0,0,0,0,0,24,0,0,30,0,0,43,0,52,77,84,76,74,64,51,55,0,0,0,0,0
l27,1=0,0,0,0,0,0,0,0,0,0,0,0,0,0,0,0,0,0,0,0,0,0,0,0,0,0,60,0,78,85,95,54,57,52,65,0,0,0,0,0
l28,1=0,0,0,0,0,0,0,0,0,0,0,0,0,0,0,0,0,0,0,8,0,0,0,0,0,41,75,79,0,90,95,67,43,52,59,0,0,0,0,0
l29,1=0,0,0,0,0,0,0,0,0,0,0,0,0,0,0,0,0,0,0,30,0,0,20,0,0,2,67,73,81,0,85,65,46,40,52,0,0,0,0,0
l30,1=0,0,0,0,0,0,0,0,0,0,0,0,0,0,0,0,0,0,0,0,0,0,0,0,0,0,68,79,79,90,0,46,44,47,0,0,0,0,0,0
l31,1=0,0,0,0,0,0,0,0,0,0,0,0,0,0,0,0,0,0,0,39,0,32,0,0,0,49,62,38,60,65,47,0,67,62,74,0,0,0,0,0
l32,1=0,0,0,0,0,0,0,0,0,0,0,0,0,0,0,0,39,0,0,0,0,0,0,23,49,0,61,42,46,47,47,73,0,62,82,0,0,0,0,0
l33,1=0,0,0,0,0,0,0,0,0,0,0,0,1,0,30,0,7,37,0,0,0,0,0,41,54,56,54,32,49,34,58,69,62,0,66,0,0,0,0,0
l34,1=0,0,0,0,0,0,0,0,0,0,0,0,0,0,0,0,40,0,0,0,21,0,0,63,52,65,51,46,58,49,0,77,79,60,0,0,0,0,0,0
l35,1=0,0,0,0,0,0,0,0,0,0,0,8,0,0,0,0,45,0,0,20,22,32,25,0,0,0,0,0,0,0,0,0,0,0,0,0,36,67,79,40
l36,1=0,0,0,0,0,0,0,0,0,0,0,26,0,4,0,34,44,44,0,29,59,3,29,0,0,0,0,0,0,0,0,0,0,0,0,42,0,67,82,49
l37,1=0,0,0,0,0,0,0,0,0,0,0,0,0,0,0,0,2,0,0,15,43,23,23,0,0,0,0,0,0,0,0,0,0,0,0,42,34,0,66,52
l38,1=0,0,0,0,0,0,0,0,10,0,0,24,27,35,0,16,52,21,0,33,62,39,24,0,0,0,0,0,0,0,0,0,0,0,0,71,48,71,0,50
l39,1=0,0,0,0,0,0,0,0,0,0,0,0,0,0,0,0,46,0,0,54,58,33,29,0,0,0,0,0,0,0,0,0,0,0,0,35,31,69,66,0

l0,2=0,84,82,71,69,79,63,0,22,70,0,0,0,0,0,0,0,0,0,0,0,0,0,0,0,0,0,0,0,0,0,0,0,0,0,0,0,0,0,0
l1,2=84,0,84,76,73,86,72,71,55,70,73,0,0,0,0,0,0,0,0,0,0,0,0,0,0,0,0,0,0,0,0,0,0,0,0,0,0,0,0,0
l2,2=86,86,0,71,76,89,79,81,0,82,74,0,0,0,0,0,0,0,0,0,0,0,0,0,0,0,0,0,0,0,0,0,0,0,0,0,0,0,0,0
l3,2=84,82,79,0,75,82,26,47,24,5,68,0,0,0,0,0,0,0,0,0,0,0,0,0,0,0,0,0,0,0,0,0,0,0,0,0,0,0,0,0
l4,2=77,77,78,70,0,79,70,61,61,70,61,0,0,0,0,0,0,0,0,0,0,0,0,0,0,0,0,0,0,0,0,0,0,0,0,0,0,0,0,0
l5,2=78,83,85,70,74,0,71,72,62,67,72,0,0,0,0,0,0,0,0,0,0,0,0,0,0,0,0,0,0,0,0,0,0,0,0,0,0,0,0,0
l6,2=32,77,87,21,68,78,0,43,37,49,72,13,22,24,0,23,0,0,0,0,0,0,0,0,0,0,0,0,0,0,0,0,0,0,0,0,0,0,0,0
l7,2=0,62,82,32,40,74,58,0,69,72,79,22,0,29,0,37,20,0,0,0,0,0,0,0,0,0,0,0,0,0,0,0,0,0,0,0,0,0,0,0
l8,2=0,27,0,9,28,58,30,65,0,84,71,40,0,58,0,52,35,33,0,0,0,37,24,0,27,13,0,0,0,0,0,0,0,0,0,0,0,0,24,0
l9,2=31,43,83,8,59,59,35,72,81,0,77,21,23,58,0,39,21,15,0,0,0,17,0,0,0,0,0,0,0,0,0,0,0,0,0,0,0,0,0,0
l10,2=0,64,65,35,46,68,72,79,71,81,0,27,0,48,0,31,0,5,0,0,0,0,0,25,0,0,0,0,0,0,0,0,0,0,0,0,0,0,0,0
l11,2=0,0,0,0,0,0,23,15,40,37,39,0,75,62,60,77,29,81,0,27,28,1,0,37,28,0,0,0,0,0,0,0,0,0,0,6,31,0,29,32
l12,2=0,0,0,0,0,0,23,0,0,32,0,70,0,46,74,74,50,89,0,0,0,34,0,74,92,73,0,0,0,0,0,0,0,0,0,0,0,0,24,0
l13,2=0,0,0,0,0,0,4,19,71,58,50,69,39,0,37,47,33,39,0,17,19,35,23,31,32,11,0,0,0,0,0,0,0,0,0,0,0,0,37,0
l14,2=0,0,0,0,0,0,0,0,3,0,0,52,81,41,0,38,47,47,0,0,34,20,0,75,56,49,0,0,0,0,0,0,0,44,0,0,0,0,33,0
l15,2=0,0,0,0,0,0,27,33,68,49,34,91,73,49,43,0,31,67,0,33,40,0,0,0,67,0,0,0,0,0,0,0,0,0,0,0,26,0,32,0
l16,2=0,0,0,0,0,0,0,0,39,13,0,33,50,42,54,35,0,65,38,39,43,48,46,0,40,31,0,0,0,0,0,0,0,19,3,44,37,27,46,43
l17,2=0,0,0,0,0,0,0,0,57,3,0,79,81,51,59,71,66,0,0,29,41,46,40,59,72,0,0,0,0,0,0,0,0,21,0,0,37,0,49,0
l18,2=0,0,0,0,0,0,0,0,0,0,0,0,0,0,0,0,44,0,0,52,49,55,2,0,0,0,0,0,0,0,0,0,0,0,0,0,0,0,0,0
l19,2=0,0,0,0,0,0,0,0,0,0,0,13,0,31,0,35,44,30,41,0,58,61,69,0,0,0,26,0,0,29,0,23,0,0,0,0,44,0,56,54
l20,2=0,0,0,0,0,0,0,0,0,0,0,18,0,43,40,50,51,45,46,60,0,69,68,0,0,0,0,0,0,0,0,0,0,0,22,65,50,42,65,55
l21,2=0,0,0,0,0,0,0,0,52,33,0,0,41,46,33,0,51,41,45,60,68,0,67,0,0,0,0,0,0,0,0,0,0,40,0,53,46,44,65,49
l22,2=0,0,0,0,0,0,0,0,38,0,0,0,0,41,0,0,49,39,23,71,66,67,0,0,0,0,0,0,0,30,0,0,0,0,0,64,50,43,39,55
l23,2=0,0,0,0,0,0,0,0,0,0,4,17,71,38,68,0,0,43,0,0,0,0,0,0,79,56,0,0,0,0,0,0,0,22,37,0,0,0,0,0
l24,2=0,0,0,0,0,0,0,0,53,0,0,30,79,48,66,64,51,71,0,0,0,0,0,79,0,73,0,0,0,0,0,0,23,34,20,0,26,0,17,0
l25,2=0,0,0,0,0,0,0,0,29,0,0,0,71,30,64,0,41,0,0,0,0,0,0,61,75,0,32,0,0,0,0,44,59,64,54,0,0,0,0,0
l26,2=0,0,0,0,0,0,0,0,0,0,0,0,0,0,0,0,0,0,0,37,0,0,1,0,0,29,0,7,80,67,77,62,67,67,53,0,0,0,0,0
l27,2=0,0,0,0,0,0,0,0,0,0,0,0,0,0,0,0,0,0,0,0,0,0,0,0,0,0,22,0,81,76,91,58,63,62,62,0,0,0,0,0
l28,2=0,0,0,0,0,0,0,0,0,0,0,0,0,0,0,0,0,0,0,30,0,0,0,0,0,0,84,70,0,77,81,62,67,74,69,0,0,0,0,0
l29,2=0,0,0,0,0,0,0,0,0,0,0,0,0,0,0,0,0,0,0,37,0,0,37,0,0,0,78,69,82,0,77,52,56,0,36,0,0,0,0,0
l30,2=0,0,0,0,0,0,0,0,0,0,0,0,0,0,0,0,0,0,0,0,0,0,0,0,0,0,73,80,78,62,0,38,57,63,41,0,0,0,0,0
l31,2=0,0,0,0,0,0,0,0,0,0,0,0,0,0,0,0,0,0,0,37,0,0,0,0,0,40,75,48,59,50,37,0,75,72,70,0,0,0,0,0
l32,2=0,0,0,0,0,0,0,0,0,0,0,0,0,0,0,0,0,0,0,0,0,0,0,0,21,51,65,38,45,48,52,68,0,74,83,0,0,0,0,0
l33,2=0,0,0,0,0,0,0,0,0,0,0,0,0,0,50,0,20,31,0,0,0,38,0,40,35,51,57,34,53,0,44,60,75,0,72,0,0,0,0,0
l34,2=0,0,0,0,0,0,0,0,0,0,0,0,0,0,0,0,25,0,0,0,32,0,0,42,30,49,56,31,51,35,32,65,81,80,0,0,0,0,0,0
l35,2=0,0,0,0,0,0,0,0,0,0,0,0,0,0,0,0,44,0,0,0,49,48,51,0,0,0,0,0,0,0,0,0,0,0,0,0,55,58,68,53
l36,2=0,0,0,0,0,0,0,0,0,0,0,29,4,5,0,19,47,34,0,40,58,53,58,0,16,0,0,0,0,0,0,0,0,0,0,70,0,58,69,45
l37,2=0,0,0,0,0,0,0,0,0,0,0,0,0,0,0,0,32,0,0,0,40,57,51,0,0,0,0,0,0,0,0,0,0,0,0,70,55,0,65,56
l38,2=0,0,0,0,0,0,0,0,25,0,0,4,14,47,31,15,47,35,0,42,58,63,34,0,0,0,0,0,0,0,0,0,0,0,0,71,55,54,0,55
l39,2=0,0,0,0,0,0,0,0,0,0,0,4,0,0,0,0,43,0,0,50,51,54,53,0,0,0,0,0,0,0,0,0,0,0,0,60,43,52,58,0

l0,3=0,88,83,79,89,85,0,31,26,78,0,0,0,0,0,0,0,0,0,0,0,0,0,0,0,0,0,0,0,0,0,0,0,0,0,0,0,0,0,0
l1,3=85,0,84,80,89,89,81,75,63,78,33,0,0,0,0,0,0,0,0,0,0,0,0,0,0,0,0,0,0,0,0,0,0,0,0,0,0,0,0,0
l2,3=85,87,0,78,90,91,85,81,67,78,83,0,0,71,0,0,0,0,0,0,0,0,0,0,0,0,0,0,0,0,0,0,0,0,0,0,0,0,0,0
l3,3=84,89,82,0,85,85,68,0,66,21,71,0,0,0,0,0,0,0,0,0,0,0,0,0,0,0,0,0,0,0,0,0,0,0,0,0,0,0,0,0
l4,3=86,87,85,40,0,87,33,0,40,64,0,0,0,0,0,0,0,0,0,0,0,0,0,0,1,0,0,0,0,0,0,0,0,0,0,0,0,0,0,0
l5,3=85,91,89,78,89,0,81,77,73,77,78,37,0,67,0,0,0,0,0,0,0,0,0,0,0,0,0,0,0,0,0,0,0,0,0,0,0,0,0,0
l6,3=0,89,90,73,83,86,0,71,71,74,89,71,71,46,0,56,69,0,0,0,0,0,0,0,0,0,0,0,0,0,0,0,0,0,0,0,0,0,0,0
l7,3=57,74,84,0,0,83,79,0,85,89,94,0,0,66,0,71,55,0,0,0,0,0,0,0,0,0,0,0,0,0,0,0,0,0,0,0,0,0,0,0
l8,3=0,30,34,28,36,39,39,81,0,90,86,60,35,83,0,84,36,31,0,0,0,33,36,0,44,0,0,0,0,0,0,0,0,0,0,0,0,0,1,0
l9,3=29,33,38,20,55,40,66,81,89,0,94,43,33,85,23,49,0,0,0,0,23,17,0,0,0,0,0,0,0,0,0,0,0,0,0,0,0,0,0,0
l10,3=0,27,83,29,0,80,82,87,84,93,0,37,6,81,17,21,0,0,0,0,0,0,0,29,3,0,0,0,0,0,0,0,0,0,0,0,0,0,22,0
l11,3=0,0,0,0,0,36,75,0,76,70,68,0,88,90,84,92,29,83,0,12,81,38,29,78,74,17,0,0,0,0,0,0,0,0,0,0,81,13,79,0
l12,3=0,0,0,0,0,0,37,0,30,34,0,95,0,40,95,89,38,92,0,0,0,16,38,83,91,84,0,0,0,0,0,0,0,37,0,28,19,0,37,0
l13,3=0,0,37,0,0,35,22,27,89,90,47,90,45,0,0,77,35,32,0,0,34,27,42,41,40,37,0,0,0,0,0,0,0,0,0,0,0,0,33,0
l14,3=0,0,0,0,0,0,0,0,0,36,25,93,92,0,0,41,39,1,0,0,0,0,4,91,83,44,0,0,0,0,0,0,0,37,0,0,0,0,40,0
l15,3=0,0,0,0,0,0,36,25,73,80,13,96,88,84,53,0,81,76,0,39,76,0,0,40,80,0,0,0,0,0,0,0,0,0,0,0,2,0,43,25
l16,3=0,0,0,0,0,0,32,18,30,0,0,34,49,37,65,54,0,82,21,33,83,57,42,0,47,40,0,0,0,0,0,0,0,24,0,32,43,30,35,36
l17,3=0,0,0,0,0,0,0,0,62,2,0,88,92,80,0,82,93,0,0,37,78,62,40,40,82,0,0,0,0,0,0,0,0,0,0,37,75,0,51,31
l18,3=0,0,0,0,0,0,0,0,0,0,0,0,0,7,0,0,32,0,0,71,75,71,5,0,0,0,0,0,0,0,0,0,0,0,0,0,0,0,0,0
l19,3=0,0,0,0,0,0,0,0,0,0,0,0,3,1,0,58,52,43,49,0,92,88,93,0,0,0,26,0,0,65,0,0,0,0,0,41,69,25,82,0
l20,3=0,0,0,0,0,0,0,0,0,21,0,72,0,73,0,82,82,75,59,92,0,91,91,0,35,0,1,0,0,0,0,0,0,0,0,70,85,80,88,86
l21,3=0,0,0,0,0,0,0,0,69,42,0,53,41,64,1,0,82,77,52,87,94,0,85,0,0,0,0,0,0,0,0,0,0,36,0,79,84,78,85,82
l22,3=0,0,0,0,0,0,0,0,48,0,0,51,46,79,1,0,81,60,20,98,100,91,0,0,0,0,21,0,0,64,0,0,0,0,0,89,84,90,83,92
l23,3=0,0,0,0,0,0,0,0,0,0,10,46,84,34,88,40,0,26,0,0,0,0,0,0,90,85,0,0,0,0,0,0,0,0,0,0,0,0,0,0
l24,3=0,0,0,0,3,0,0,0,37,0,0,48,92,35,88,83,42,71,0,0,33,0,0,91,0,87,0,0,0,0,0,0,0,37,0,0,40,0,37,0
l25,3=0,0,0,0,0,0,0,0,0,0,0,4,88,32,72,0,35,0,0,0,0,0,0,86,86,0,7,0,0,3,0,37,39,65,41,0,0,0,0,0
l26,3=0,0,0,0,0,0,0,0,0,0,0,0,0,0,0,0,0,0,0,53,45,0,45,0,0,21,0,72,100,98,94,97,86,58,82,0,0,0,0,0
l27,3=0,0,0,0,0,0,0,0,0,0,0,0,0,0,0,0,0,0,0,0,0,0,0,0,0,0,82,0,100,98,100,94,88,1,41,0,0,0,0,0
l28,3=0,0,0,0,0,0,0,0,0,0,0,0,0,0,0,0,0,0,0,0,0,0,0,0,0,0,90,100,0,98,94,96,84,94,81,0,0,0,0,0
l29,3=0,0,0,0,0,0,0,0,0,0,0,0,0,0,0,0,0,0,0,59,0,0,55,0,0,0,90,100,100,0,96,83,81,54,61,0,0,0,0,0
l30,3=0,0,0,0,0,0,0,0,0,0,0,0,0,0,0,0,0,0,0,0,0,0,0,0,0,0,90,100,92,96,0,81,87,60,1,0,0,0,0,0
l31,3=0,0,0,0,0,0,0,0,0,0,0,0,0,0,0,0,0,0,0,0,0,0,0,0,0,59,89,71,85,74,67,0,94,96,97,0,0,0,0,0
l32,3=0,0,0,0,0,0,0,0,0,0,0,0,7,0,0,0,0,0,0,0,0,0,0,0,0,75,81,77,80,85,82,98,0,94,99,0,0,0,0,0
l33,3=0,0,0,0,0,0,0,0,0,0,0,0,60,0,54,0,33,0,0,0,0,9,0,0,76,86,39,0,91,62,54,91,88,0,93,0,0,0,0,0
l34,3=0,0,0,0,0,0,0,0,0,0,0,0,0,0,9,0,0,0,0,0,23,0,6,39,0,75,74,41,79,80,45,95,94,97,0,0,0,0,0,0
l35,3=0,0,0,0,0,0,0,0,0,0,0,0,30,0,0,0,45,26,0,16,59,57,71,0,0,0,0,0,0,0,0,0,0,0,0,0,85,89,86,89
l36,3=0,0,0,0,0,0,0,0,0,0,0,57,22,4,0,0,67,63,0,62,82,77,65,0,24,0,0,0,0,0,0,0,0,0,0,89,0,87,85,85
l37,3=0,0,0,0,0,0,0,0,0,0,0,0,0,0,0,0,60,0,0,21,85,71,72,0,0,0,0,0,0,0,0,0,0,0,0,88,86,0,83,89
l38,3=0,0,0,0,0,0,0,0,0,0,0,69,58,53,72,73,52,63,0,79,92,78,69,0,40,0,0,0,0,0,0,0,0,0,0,90,86,75,0,90
l39,3=0,0,0,0,0,0,0,0,0,0,0,0,0,0,0,0,64,1,0,0,77,68,75,0,0,0,0,0,0,0,0,0,0,0,0,88,85,89,87,0

l0,4=0,92,77,88,92,83,0,16,78,88,0,0,0,0,0,0,0,0,0,0,0,0,0,0,0,0,0,0,0,0,0,0,0,0,0,0,0,0,0,0
l1,4=93,0,86,86,93,91,85,71,83,86,88,0,0,0,0,0,0,0,0,0,0,0,0,0,0,0,0,0,0,0,0,0,0,0,0,0,0,0,0,0
l2,4=86,85,0,81,91,92,82,88,78,86,88,0,0,88,0,5,0,0,0,0,0,0,0,0,0,0,0,0,0,0,0,0,0,0,0,0,0,0,0,0
l3,4=97,90,90,0,92,88,76,0,77,0,0,0,0,0,0,0,0,0,0,0,0,0,0,0,0,0,0,0,0,0,0,0,0,0,0,0,0,0,0,0
l4,4=93,90,89,86,0,87,82,79,84,84,75,0,0,0,0,0,0,0,0,0,0,0,0,0,0,0,0,0,0,0,0,0,0,0,0,0,0,0,0,0
l5,4=88,88,90,81,86,0,80,88,83,85,88,0,0,76,0,69,0,0,0,0,0,0,0,0,0,0,0,0,0,0,0,0,0,0,0,0,0,0,0,0
l6,4=0,90,89,75,86,80,0,91,75,86,95,79,78,0,0,44,77,0,0,0,0,0,0,0,0,0,0,0,0,0,0,0,0,0,0,0,0,0,0,0
l7,4=46,75,87,0,81,84,82,0,87,92,95,79,0,87,0,81,48,0,0,0,0,0,0,0,0,0,0,0,0,0,0,0,0,0,0,0,0,0,0,0
l8,4=78,68,31,66,71,37,57,78,0,90,81,79,83,90,64,78,78,77,0,0,7,75,69,0,24,0,0,0,0,0,0,0,0,0,0,0,0,0,0,0
l9,4=80,73,76,5,70,70,80,87,89,0,98,79,0,90,0,38,0,76,0,0,70,0,76,0,0,0,0,0,0,0,0,0,0,0,0,0,0,0,12,0
l10,4=0,75,87,1,71,81,82,91,85,92,0,80,82,90,70,64,0,61,0,0,0,0,0,47,0,0,0,0,0,0,0,0,0,0,0,0,0,0,14,0
l11,4=0,0,0,0,0,0,81,63,85,82,82,0,85,86,80,92,79,80,0,0,73,72,72,79,71,26,0,0,0,0,0,0,0,0,0,0,83,66,85,0
l12,4=0,0,0,0,0,0,28,0,86,0,81,86,0,88,86,58,87,89,0,0,30,0,45,83,83,75,0,0,0,0,0,0,48,53,0,11,77,0,85,0
l13,4=0,0,76,0,0,7,0,55,87,82,80,82,83,0,54,76,78,80,0,43,72,73,74,78,42,29,0,0,0,0,0,0,0,0,0,0,7,0,41,0
l14,4=0,0,0,0,0,0,0,0,83,0,81,88,93,68,0,36,82,3,0,0,74,0,58,88,89,71,0,0,0,0,0,0,0,55,42,0,4,0,85,0
l15,4=0,0,0,0,0,30,76,70,86,75,80,95,85,87,47,0,78,78,0,83,72,73,0,69,81,14,0,0,0,0,0,0,0,0,0,0,66,15,85,0
l16,4=0,0,0,0,0,0,74,0,83,0,0,82,88,74,63,40,0,90,7,77,80,74,46,44,38,31,0,0,0,0,0,0,0,0,0,37,14,84,86,77
l17,4=0,0,0,0,0,0,0,0,81,83,13,89,93,86,0,39,91,0,0,0,74,74,79,0,74,2,0,0,0,0,0,0,0,0,0,38,83,0,83,73
l18,4=0,0,0,0,0,0,0,0,0,0,0,0,0,0,0,0,45,0,0,79,22,66,65,0,0,0,0,0,0,0,0,0,0,0,0,0,0,0,0,0
l19,4=0,0,0,0,0,0,0,0,0,0,0,0,0,17,0,26,40,0,34,0,86,87,93,0,0,0,33,0,0,35,0,0,0,0,0,34,42,1,42,36
l20,4=0,0,0,0,0,0,0,0,3,30,0,55,30,32,30,30,83,71,8,90,0,82,93,0,25,0,0,0,2,0,0,0,3,0,0,38,92,84,92,36
l21,4=0,0,0,0,0,0,0,0,72,3,0,62,0,39,0,29,81,64,29,90,81,0,92,0,0,0,0,0,0,0,0,0,0,14,0,35,71,83,68,91
l22,4=0,0,0,0,0,0,0,0,32,37,0,43,31,32,18,1,59,36,31,96,88,89,0,0,0,0,30,0,0,28,0,0,8,18,0,0,83,56,86,25
l23,4=0,0,0,0,0,0,0,0,0,0,0,85,93,87,89,40,73,0,0,0,0,0,0,0,89,87,0,0,0,0,0,0,0,58,72,0,0,0,0,0
l24,4=0,0,0,0,0,0,0,0,56,0,0,80,93,78,85,85,85,88,0,0,64,0,0,94,0,77,0,0,0,0,0,0,0,78,0,0,0,0,0,0
l25,4=0,0,0,0,0,0,0,0,0,0,0,62,93,75,89,20,81,19,0,0,0,0,0,95,89,0,0,0,0,67,0,75,78,97,51,0,0,0,0,0
l26,4=0,0,0,0,0,0,0,0,0,0,0,0,0,0,0,0,0,0,0,38,0,0,37,0,0,0,0,46,99,100,100,100,66,39,48,0,0,0,0,0
l27,4=0,0,0,0,0,0,0,0,0,0,0,0,0,0,0,0,0,0,0,0,0,0,0,0,0,0,98,0,99,100,100,97,46,0,36,0,0,0,0,0
l28,4=0,0,0,0,0,0,0,0,0,0,0,0,0,0,0,0,0,0,0,4,27,0,0,0,0,0,98,99,0,100,63,72,75,51,49,0,0,0,0,0
l29,4=0,0,0,0,0,0,0,0,0,0,0,0,0,0,0,0,0,0,0,42,0,0,45,0,0,32,98,99,99,0,99,60,70,47,44,0,0,0,0,0
l30,4=0,0,0,0,0,0,0,0,0,0,0,0,0,0,0,0,0,0,0,0,0,0,0,0,0,0,98,99,97,100,0,98,71,46,0,0,0,0,0,0
l31,4=0,0,0,0,0,0,0,0,0,0,0,0,0,0,0,0,0,0,0,0,0,0,0,0,0,35,98,73,70,46,65,0,100,69,51,0,0,0,0,0
l32,4=0,0,0,0,0,0,0,0,0,0,0,0,52,0,0,0,0,0,0,0,24,0,12,0,0,46,98,69,99,67,74,100,0,70,97,0,0,0,0,0
l33,4=0,0,0,0,0,0,0,0,0,0,0,0,72,0,49,0,0,0,0,0,0,0,15,67,40,47,76,0,91,80,77,100,100,0,97,0,0,0,0,0
l34,4=0,0,0,0,0,0,0,0,0,0,0,0,0,0,38,0,0,0,0,0,2,0,0,45,0,44,95,41,96,84,4,100,100,77,0,0,0,0,0,0
l35,4=0,0,0,0,0,0,0,0,0,0,0,0,13,0,0,0,69,47,0,71,72,68,18,0,0,0,0,0,0,0,0,0,0,0,0,0,85,89,88,84
l36,4=0,0,0,0,0,0,0,0,0,0,0,68,41,2,0,15,35,67,0,66,75,58,78,0,0,0,0,0,0,0,0,0,0,0,0,79,0,87,87,84
l37,4=0,0,0,0,0,0,0,0,0,0,0,1,0,0,0,0,56,0,0,59,75,71,72,0,0,0,0,0,0,0,0,0,0,0,0,65,90,0,87,87
l38,4=0,0,0,0,0,0,0,0,0,0,0,77,76,5,44,33,78,54,0,76,80,68,86,0,0,0,0,0,0,0,0,0,0,0,0,70,88,87,0,90
l39,4=0,0,0,0,0,0,0,0,0,0,0,0,0,0,0,0,67,18,0,65,75,81,3,0,0,0,0,0,0,0,0,0,0,0,0,48,84,87,87,0

l0,5=0,90,68,75,75,74,63,0,0,80,75,0,0,0,0,0,0,0,0,0,0,0,0,0,0,0,0,0,0,0,0,0,0,0,0,0,0,0,0,0
l1,5=90,0,78,74,92,91,79,75,0,80,77,0,10,26,0,0,0,0,0,0,0,0,0,28,0,0,0,0,0,0,0,0,0,0,0,0,0,0,0,0
l2,5=77,77,0,75,80,84,65,64,5,81,77,0,0,3,0,0,0,0,0,0,0,0,0,0,0,0,0,0,0,0,0,0,0,0,0,0,0,0,0,0
l3,5=77,77,68,0,89,82,63,1,11,77,0,0,0,0,0,0,0,0,0,0,0,0,0,0,0,0,0,0,0,0,0,0,0,0,0,0,0,0,0,0
l4,5=66,87,72,86,0,86,69,75,70,0,75,0,0,53,0,0,0,0,0,0,0,0,0,0,0,0,0,0,0,0,0,0,0,0,0,0,0,0,0,0
l5,5=75,90,71,75,91,0,63,76,67,82,78,73,0,79,0,0,0,0,0,0,0,0,0,0,0,0,0,0,0,0,0,0,0,0,0,0,0,0,0,0
l6,5=66,80,70,57,80,67,0,80,67,85,80,73,0,0,0,0,56,0,0,17,0,0,0,0,0,0,0,0,0,0,0,0,0,0,0,0,0,0,0,0
l7,5=0,45,35,31,75,73,65,0,71,81,86,84,0,58,0,81,0,0,0,0,0,0,0,0,0,0,0,0,0,0,0,0,0,0,0,0,0,0,0,0
l8,5=0,0,0,8,48,32,29,76,0,85,77,84,30,86,25,30,59,71,0,0,0,56,33,30,47,0,0,0,0,0,0,0,0,0,0,0,0,0,0,0
l9,5=73,49,68,48,0,73,59,74,74,0,81,82,45,80,4,50,22,67,0,0,52,0,36,0,45,0,0,0,0,0,0,0,0,0,0,0,0,0,23,0
l10,5=64,75,68,0,76,74,63,79,72,88,0,83,0,76,60,77,0,43,0,0,0,0,0,0,0,0,0,0,0,0,0,0,0,0,0,0,0,0,0,0
l11,5=0,0,0,0,0,20,24,55,74,79,72,0,73,79,29,90,59,77,3,0,41,43,25,28,44,30,0,0,0,0,0,0,0,0,0,0,57,28,26,0
l12,5=0,0,0,0,0,0,0,0,28,16,0,90,0,68,80,27,69,82,0,0,44,0,0,40,57,44,0,0,0,0,0,0,18,0,0,14,56,0,25,0
l13,5=0,0,0,0,15,30,0,0,78,79,73,82,69,0,29,82,58,72,0,60,47,0,32,39,41,34,0,0,0,0,0,0,0,0,0,51,9,0,0,0
l14,5=0,0,0,0,0,0,0,0,44,35,56,89,79,66,0,24,62,63,0,0,47,0,25,80,87,46,0,0,0,0,0,0,0,17,27,0,0,0,26,0
l15,5=0,0,0,0,0,0,0,66,63,65,62,92,69,88,26,0,52,62,0,31,32,52,25,35,50,32,0,0,0,0,0,0,0,0,0,0,52,0,24,12
l16,5=0,0,0,0,0,0,19,0,41,18,0,83,75,55,27,21,0,79,40,47,63,52,33,0,46,33,0,0,0,0,0,0,0,0,0,49,53,25,27,8
l17,5=0,0,0,0,0,0,0,0,58,54,44,91,79,82,27,26,74,0,0,48,64,1,26,0,51,37,0,0,0,0,0,0,0,0,0,46,61,17,0,0
l18,5=0,0,0,0,0,0,0,0,0,0,0,0,0,0,0,0,61,0,0,0,0,61,17,0,0,0,0,0,0,0,0,0,0,0,0,0,0,0,0,0
l19,5=0,0,0,0,0,0,0,0,0,0,0,0,0,49,0,4,38,35,0,0,77,69,79,0,0,0,0,0,8,21,0,0,0,0,0,13,58,0,23,4
l20,5=0,0,0,0,0,0,0,0,0,26,0,34,29,38,29,0,58,50,0,82,0,70,79,0,0,0,0,0,0,0,0,0,9,0,0,54,65,37,76,28
l21,5=0,0,0,0,0,0,0,0,43,1,0,36,6,2,0,28,48,6,40,70,71,0,69,0,0,0,0,0,0,0,0,0,0,0,0,58,64,28,43,60
l22,5=0,0,0,0,0,0,0,0,37,42,0,40,0,47,15,15,41,41,12,85,78,71,0,0,0,0,26,0,0,14,0,0,0,0,0,24,74,31,46,20
l23,5=0,0,0,0,0,0,0,0,43,0,0,68,74,67,78,71,0,0,0,0,0,0,0,0,87,82,0,0,0,0,0,0,0,61,70,0,0,0,0,0
l24,5=0,0,0,0,0,0,0,0,63,59,0,71,79,67,83,78,74,71,0,0,0,0,0,84,0,78,0,0,0,0,0,0,0,23,1,0,33,0,0,0
l25,5=0,0,0,0,0,0,0,0,15,0,0,55,74,52,78,21,49,54,0,0,0,0,0,75,82,0,0,0,0,30,0,0,46,71,33,0,0,0,0,0
l26,5=0,0,0,0,0,0,0,0,0,0,0,0,0,0,0,0,0,0,0,0,0,0,42,0,0,0,0,61,88,94,84,77,85,58,72,0,0,0,0,0
l27,5=0,0,0,0,0,0,0,0,0,0,0,0,0,0,0,0,0,0,0,0,0,0,0,0,0,0,75,0,88,83,89,63,69,0,0,0,0,0,0,0
l28,5=0,0,0,0,0,0,0,0,0,0,0,0,0,0,0,0,0,0,0,48,40,0,19,0,0,0,86,85,0,94,89,55,67,62,59,0,0,0,0,0
l29,5=0,0,0,0,0,0,0,0,0,0,0,0,0,0,0,0,0,0,0,52,0,0,43,0,0,46,86,82,88,0,88,43,68,52,51,0,0,0,0,0
l30,5=0,0,0,0,0,0,0,0,0,0,0,0,0,0,0,0,0,0,0,0,0,0,0,0,0,0,78,85,88,84,0,55,0,60,0,0,0,0,0,0
l31,5=0,0,0,0,0,0,0,0,0,0,0,0,0,0,0,0,3,0,0,0,0,0,0,8,0,0,74,53,63,48,62,0,87,74,80,0,0,0,0,0
l32,5=0,0,0,0,0,0,0,0,0,0,0,0,52,0,0,0,0,0,0,0,56,0,0,10,0,73,72,54,69,66,1,81,0,73,93,0,0,0,0,0
l33,5=0,0,0,0,0,0,0,0,0,0,0,0,24,0,47,0,0,0,0,0,0,0,0,66,48,73,60,0,66,51,63,65,73,0,74,0,0,0,0,0
l34,5=0,0,0,0,0,0,0,0,0,0,0,0,24,0,56,0,1,0,0,0,0,0,0,70,31,65,69,0,64,64,0,76,88,80,0,0,0,0,0,0
l35,5=0,0,0,0,0,0,0,0,0,0,0,0,14,30,0,0,25,24,0,20,25,27,7,0,0,0,0,0,0,0,0,0,0,0,0,0,61,18,16,16
l36,5=0,0,0,0,0,0,0,0,10,0,0,43,31,21,0,10,34,40,0,40,47,41,33,0,3,0,0,0,0,0,0,0,0,0,0,65,0,33,28,25
l37,5=0,0,0,0,0,0,0,0,0,0,0,22,0,0,0,0,25,8,0,0,39,36,21,0,0,0,0,0,0,0,0,0,0,0,0,55,65,0,38,30
l38,5=0,0,0,0,0,0,0,0,0,30,0,61,44,0,22,22,41,0,0,44,59,51,39,0,0,0,0,0,0,0,0,0,0,0,0,70,69,35,0,41
l39,5=0,0,0,0,0,0,0,0,0,0,0,0,0,0,0,0,0,0,0,20,41,51,23,0,0,0,0,0,0,0,0,0,0,0,0,61,69,29,46,0

l0,6=0,91,73,77,84,82,68,0,0,56,60,0,0,0,0,0,0,0,0,0,0,0,0,0,0,0,0,0,0,0,0,0,0,0,0,0,0,0,0,0
l1,6=90,0,78,82,85,84,74,44,0,68,57,0,0,0,0,0,0,0,0,0,0,0,0,26,0,0,0,0,0,0,0,0,0,0,0,0,0,0,0,0
l2,6=74,87,0,71,82,84,69,62,46,77,66,0,0,28,0,0,0,0,0,0,0,0,0,0,0,0,0,0,0,0,0,0,0,0,0,0,0,0,0,0
l3,6=73,81,64,0,85,84,68,0,0,61,0,0,0,0,0,0,0,0,0,0,0,0,0,0,0,0,0,0,0,0,0,0,0,0,0,0,0,0,0,0
l4,6=86,88,84,86,0,86,69,53,61,0,53,0,0,12,0,0,0,0,0,0,0,0,0,33,0,0,0,0,0,0,0,0,0,0,0,0,0,0,0,0
l5,6=81,83,78,80,78,0,67,78,65,74,67,0,0,43,0,0,0,0,0,0,0,0,0,0,0,0,0,0,0,0,0,0,0,0,0,0,0,0,0,0
l6,6=58,79,63,67,57,56,0,76,55,70,64,52,0,20,0,0,40,0,0,0,0,0,13,0,0,0,0,0,0,0,0,0,0,0,0,0,0,0,0,0
l7,6=30,32,58,28,50,82,69,0,70,71,67,53,1,0,0,56,0,0,0,0,0,0,0,0,0,0,0,0,0,0,0,0,0,0,0,0,0,0,0,0
l8,6=0,0,20,0,51,51,42,63,0,75,64,66,40,70,24,50,49,52,0,0,20,21,46,38,40,18,0,0,0,0,0,0,0,0,0,0,0,0,0,0
l9,6=34,64,63,52,0,76,67,72,71,0,67,61,36,65,32,58,27,36,0,0,15,0,31,0,0,0,0,0,0,0,0,0,0,0,0,0,0,0,10,0
l10,6=51,36,61,0,53,66,68,79,71,83,0,61,0,50,0,43,42,0,0,0,0,0,0,0,0,0,0,0,0,0,0,0,0,0,0,0,0,0,0,0
l11,6=0,0,0,0,0,0,38,26,38,47,38,0,57,52,51,73,48,50,0,1,0,0,0,40,48,18,0,0,0,0,0,0,0,0,0,0,48,32,21,0
l12,6=0,0,0,0,0,0,0,0,18,35,0,61,0,42,65,55,60,59,0,0,6,15,0,56,63,60,0,0,0,0,0,0,0,20,12,0,50,0,10,0
l13,6=0,0,0,0,3,39,5,0,69,68,33,39,39,0,42,60,36,50,0,21,0,0,38,26,46,0,0,0,0,0,0,0,0,0,0,31,43,0,10,0
l14,6=0,0,0,0,0,0,0,0,24,35,0,40,66,44,0,40,32,55,0,0,18,0,38,59,52,47,0,0,0,0,0,0,0,19,11,0,0,0,4,0
l15,6=0,0,0,0,0,0,0,36,31,55,37,75,50,60,47,0,49,52,0,0,13,22,2,50,52,26,0,0,0,0,0,0,0,0,0,9,9,0,22,0
l16,6=0,0,0,0,0,0,24,0,16,18,19,36,57,27,28,38,0,61,7,15,20,20,47,35,46,26,0,0,0,0,0,0,0,0,0,30,51,8,19,7
l17,6=0,0,0,0,0,0,0,0,35,33,0,39,57,57,61,57,57,0,0,15,24,0,36,0,55,30,0,0,0,0,0,0,0,13,0,27,53,26,17,0
l18,6=0,0,0,0,0,0,0,0,0,0,0,0,0,0,0,0,25,0,0,26,31,38,0,0,0,0,0,0,0,0,0,0,0,0,0,0,0,0,0,0
l19,6=0,0,0,0,0,0,0,0,0,0,0,0,0,39,0,0,26,13,16,0,67,39,64,0,0,0,0,0,17,24,0,28,0,0,0,0,47,0,23,0
l20,6=0,0,0,0,0,0,0,0,23,21,0,0,27,0,24,22,39,41,2,61,0,54,64,0,0,0,4,0,0,0,0,0,0,14,0,11,49,37,42,38
l21,6=0,0,0,0,0,0,0,0,24,0,0,1,35,1,0,30,34,5,34,50,68,0,62,0,0,0,0,0,0,0,0,0,0,0,0,34,49,35,20,51
l22,6=0,0,0,0,0,0,1,0,26,31,0,0,0,42,28,11,38,14,3,62,68,44,0,0,0,0,34,0,4,4,0,0,0,0,0,31,59,11,40,37
l23,6=0,0,0,0,28,0,0,0,20,0,0,17,60,16,59,42,30,0,0,0,0,0,0,0,61,61,0,0,0,0,0,16,1,41,38,0,0,0,0,0
l24,6=0,0,0,0,0,0,0,0,44,0,0,51,74,53,61,49,44,55,0,0,1,0,0,73,0,45,0,0,0,0,0,0,0,41,18,0,0,0,0,0
l25,6=0,0,0,0,0,0,0,0,19,0,0,11,70,5,54,28,29,32,0,0,0,0,0,69,47,0,3,0,0,0,0,0,25,45,0,0,0,0,0,0
l26,6=0,0,0,0,0,0,0,0,0,0,0,0,0,0,0,0,0,0,0,7,4,0,35,0,0,0,0,63,85,71,63,61,57,40,51,0,0,0,0,0
l27,6=0,0,0,0,0,0,0,0,0,0,0,0,0,0,0,0,0,0,0,0,0,0,0,0,0,0,67,0,82,76,83,51,40,0,0,0,0,0,0,0
l28,6=0,0,0,0,0,0,0,0,0,0,0,0,0,0,0,0,0,0,0,31,27,0,20,0,0,0,76,84,0,81,82,58,44,56,53,0,0,0,0,0
l29,6=0,0,0,0,0,0,0,0,0,0,0,0,0,0,0,0,0,0,0,11,0,0,23,0,0,0,74,75,85,0,54,44,40,48,33,0,0,0,0,0
l30,6=0,0,0,0,0,0,0,0,0,0,0,0,0,0,0,0,0,0,0,0,0,0,0,0,0,0,72,89,82,50,0,42,0,0,40,0,0,0,0,0
l31,6=0,0,0,0,0,0,0,0,0,0,0,0,0,0,0,0,0,0,0,33,6,0,0,30,0,0,70,42,60,39,41,0,66,70,72,0,0,0,0,0
l32,6=0,0,0,0,0,0,0,0,0,0,0,0,1,0,0,0,1,0,0,0,0,0,0,31,0,37,67,38,58,51,0,72,0,68,80,0,0,0,0,0
l33,6=0,0,0,0,0,0,0,0,0,0,0,0,46,0,49,0,0,23,0,0,30,0,0,56,44,49,48,0,58,46,18,59,65,0,71,0,0,0,0,0
l34,6=0,0,0,0,0,0,0,0,0,0,0,0,31,0,31,0,0,0,0,0,5,0,0,54,31,0,56,0,56,37,45,59,72,65,0,0,0,0,0,0
l35,6=0,0,0,0,0,0,0,0,0,0,0,0,0,14,0,0,36,0,0,0,0,22,32,0,0,0,0,0,0,0,0,0,0,0,0,0,55,49,19,34
l36,6=0,0,0,0,0,0,0,0,0,0,0,15,25,25,0,0,38,39,0,19,23,20,52,0,0,0,0,0,0,0,0,0,0,0,0,41,0,58,26,40
l37,6=0,0,0,0,0,0,0,0,0,0,0,3,0,0,0,0,8,0,0,0,20,18,0,0,0,0,0,0,0,0,0,0,0,0,0,41,67,0,17,34
l38,6=0,0,0,0,0,0,0,0,0,10,0,27,21,22,0,33,39,40,0,26,27,21,49,0,0,0,0,0,0,0,0,0,0,0,0,39,68,40,0,37
l39,6=0,0,0,0,0,0,0,0,0,0,0,0,0,0,0,0,24,0,0,0,23,21,47,0,0,0,0,0,0,0,0,0,0,0,0,35,64,37,41,0

l0,7=0,93,92,91,92,95,84,71,63,75,79,0,0,0,0,0,0,0,0,0,0,0,0,2,0,0,0,0,0,0,0,0,0,0,0,0,0,0,0,0
l1,7=94,0,94,91,92,90,81,78,24,62,59,0,0,45,0,0,0,0,0,0,0,0,0,0,0,0,0,0,0,0,0,0,0,0,0,0,0,0,0,0
l2,7=85,88,0,91,84,78,79,30,28,82,73,0,0,0,0,0,0,0,0,0,0,0,0,0,0,0,0,0,0,0,0,0,0,0,0,0,0,0,0,0
l3,7=85,88,92,0,89,89,82,29,0,72,69,0,0,0,0,0,0,0,0,0,0,0,0,0,0,0,0,0,0,0,0,0,0,0,0,0,0,0,0,0
l4,7=94,93,95,96,0,95,84,78,72,0,74,0,0,53,0,0,0,0,0,0,0,0,0,0,0,0,0,0,0,0,0,0,0,0,0,0,0,0,0,0
l5,7=88,88,80,90,84,0,1,85,73,85,79,0,5,45,0,0,0,0,0,0,0,0,0,0,0,0,0,0,0,0,0,0,0,0,0,0,0,0,0,0
l6,7=84,84,90,86,82,5,0,85,0,85,73,39,0,43,0,0,10,0,0,0,0,0,0,0,0,0,0,0,0,0,0,0,0,0,0,0,0,0,0,0
l7,7=54,44,16,33,57,89,81,0,62,86,79,40,5,36,0,50,0,2,0,0,0,0,0,0,0,0,0,0,0,0,0,0,0,0,0,0,0,0,0,0
l8,7=53,11,21,0,29,51,0,30,0,86,79,75,38,69,18,63,31,30,0,15,8,19,50,0,40,0,0,0,0,0,0,0,0,0,0,0,0,0,0,0
l9,7=39,26,24,11,0,65,81,87,77,0,79,68,27,66,3,65,0,19,0,0,36,1,29,18,38,0,0,0,0,0,0,0,0,0,0,0,0,0,25,0
l10,7=61,35,39,36,39,63,65,85,76,88,0,70,0,8,0,63,46,4,0,0,0,0,0,0,0,0,0,0,0,0,0,0,0,0,0,0,0,0,0,0
l11,7=0,0,0,0,0,0,33,5,21,26,53,0,57,23,18,79,30,29,0,19,0,41,41,0,47,28,0,0,0,0,0,0,0,0,0,1,0,0,33,18
l12,7=0,0,0,0,0,0,0,0,13,18,0,78,0,16,38,69,63,34,0,0,39,38,0,68,89,62,0,0,0,0,0,0,0,41,9,0,10,0,23,0
l13,7=0,26,0,0,20,31,35,23,69,37,17,70,30,0,20,64,24,32,0,12,36,0,21,39,58,26,0,0,0,0,0,0,0,0,0,36,12,0,27,0
l14,7=0,0,0,0,0,0,0,0,13,13,0,61,67,19,0,47,29,54,0,0,39,41,37,64,55,47,0,0,0,0,0,8,0,42,0,0,0,0,22,0
l15,7=0,0,0,0,0,0,0,23,19,37,51,85,67,38,19,0,27,30,0,0,42,47,41,54,44,29,0,0,0,0,0,0,0,0,0,0,14,20,29,0
l16,7=0,0,0,0,0,0,0,0,12,0,34,56,42,14,19,39,0,30,0,22,54,42,58,50,52,21,0,0,0,0,0,24,26,26,0,52,23,24,33,0
l17,7=0,0,0,0,0,0,0,0,18,21,9,57,43,20,23,52,32,0,0,0,33,0,42,41,65,0,0,0,0,0,0,0,0,34,0,0,18,0,36,14
l18,7=0,0,0,0,0,0,0,0,0,0,0,0,0,2,0,0,0,0,0,48,49,18,0,0,0,0,0,0,0,0,0,0,0,0,0,0,0,0,0,0
l19,7=0,0,0,0,0,0,0,0,9,0,0,18,0,11,0,0,39,0,28,0,72,53,70,0,0,0,0,0,0,0,0,37,0,0,0,33,25,0,34,29
l20,7=0,0,0,0,0,0,0,0,0,15,0,0,26,10,14,37,51,13,28,65,0,75,73,0,35,0,0,0,2,0,0,36,0,6,0,56,33,28,59,24
l21,7=0,0,0,0,0,0,0,0,9,15,0,41,26,0,16,39,40,0,13,29,76,0,72,0,0,0,1,0,0,0,0,0,0,0,1,44,24,8,51,54
l22,7=0,0,0,0,0,0,0,0,8,15,0,39,0,10,15,36,51,25,0,64,78,71,0,0,0,0,1,0,0,0,0,0,1,1,0,46,53,0,50,53
l23,7=0,0,0,0,0,0,0,0,0,12,0,0,61,16,68,50,32,24,0,0,0,0,0,0,88,78,0,0,0,0,0,0,0,32,39,0,0,0,0,0
l24,7=0,0,0,0,0,0,0,0,12,22,0,57,84,19,21,45,47,56,0,0,45,0,0,82,0,63,0,0,0,0,0,0,0,37,23,0,0,0,0,0
l25,7=0,0,0,0,0,0,0,0,0,15,0,41,76,43,60,42,16,0,0,0,0,0,0,78,72,0,0,0,0,28,0,34,34,47,0,0,0,0,16,0
l26,7=0,0,0,0,0,0,0,0,0,0,0,0,0,0,0,0,0,0,0,0,7,0,21,0,0,0,0,65,84,73,66,73,70,57,42,0,0,0,0,0
l27,7=0,0,0,0,0,0,0,0,0,0,0,0,0,0,0,0,0,0,0,0,0,0,0,0,0,0,69,0,79,76,88,33,55,0,0,0,0,0,0,0
l28,7=0,0,0,0,0,0,0,0,0,0,0,0,0,0,0,0,0,0,0,8,45,0,0,0,0,0,80,86,0,82,88,65,44,66,38,0,0,0,0,0
l29,7=0,0,0,0,0,0,0,0,0,0,0,0,0,0,0,0,0,0,0,0,20,0,17,0,0,17,77,86,84,0,86,58,57,52,35,0,0,0,0,0
l30,7=0,0,0,0,0,0,0,0,0,0,0,0,0,0,0,0,0,0,0,0,0,0,0,0,0,0,68,86,79,76,0,64,51,31,44,0,0,0,0,0
l31,7=0,0,0,0,0,0,0,0,0,0,0,0,0,0,1,0,6,0,0,26,46,0,0,0,0,19,73,10,62,47,56,0,80,81,70,0,0,0,0,0
l32,7=0,0,0,0,0,0,0,0,0,0,0,0,5,0,0,0,16,0,0,0,0,0,2,8,0,29,70,23,39,57,54,78,0,75,77,0,0,0,0,0
l33,7=0,0,0,0,0,0,0,0,0,0,0,0,59,0,60,0,37,48,0,0,40,0,1,46,56,47,64,0,64,52,54,76,78,0,61,0,0,0,0,0
l34,7=0,0,0,0,0,0,0,0,0,0,0,0,37,0,0,0,0,0,0,0,29,5,0,62,44,0,67,15,48,35,53,76,82,68,0,0,0,0,0,0
l35,7=0,0,0,0,0,0,0,0,0,0,0,0,0,5,0,0,28,0,0,5,49,46,48,0,0,0,0,0,0,0,0,0,0,0,0,0,56,65,39,36
l36,7=0,0,0,0,0,0,0,0,0,0,0,0,16,5,0,7,46,20,0,12,51,48,54,0,1,0,0,0,0,0,0,0,0,0,0,62,0,65,55,58
l37,7=0,0,0,0,0,0,0,0,0,0,0,0,0,0,0,16,20,0,0,0,50,0,0,0,0,0,0,0,0,0,0,0,0,0,0,59,32,0,30,32
l38,7=0,0,0,0,0,0,0,0,0,17,0,50,26,12,13,40,30,28,0,25,57,50,51,0,0,4,0,0,0,0,0,0,0,0,0,59,57,32,0,36
l39,7=0,0,0,0,0,0,0,0,0,0,0,0,0,0,0,0,0,2,0,7,34,50,52,0,0,0,0,0,0,0,0,0,0,0,0,57,42,32,30,0

l0,8=0,96,96,86,98,88,95,92,12,90,86,0,0,82,0,0,0,0,0,0,0,0,0,0,0,0,0,0,0,0,0,0,0,0,0,0,0,0,0,0
l1,8=96,0,96,97,98,87,95,95,80,95,0,0,0,65,0,0,0,0,0,0,0,0,0,10,0,0,0,0,0,0,0,0,0,0,0,0,0,0,0,0
l2,8=94,95,0,88,94,87,94,93,0,53,85,0,0,6,0,8,0,0,0,0,0,0,0,0,0,0,0,0,0,0,0,0,0,0,0,0,0,0,0,0
l3,8=73,94,93,0,98,86,95,93,0,84,24,0,0,0,0,0,0,0,0,0,0,0,0,0,0,0,0,0,0,0,0,0,0,0,0,0,0,0,0,0
l4,8=94,95,96,97,0,87,95,93,93,61,82,0,0,85,0,0,0,0,0,0,0,0,0,0,0,0,0,0,0,0,0,0,0,0,0,0,0,0,0,0
l5,8=95,96,96,96,98,0,95,97,94,91,88,65,0,87,0,0,0,0,0,0,0,0,0,0,0,0,0,0,0,0,0,0,0,0,0,0,0,0,0,0
l6,8=87,89,91,84,94,81,0,95,58,93,86,0,0,36,0,0,72,0,0,0,0,0,0,0,0,0,0,0,0,0,0,0,0,0,0,0,0,0,0,0
l7,8=85,88,90,87,93,83,92,0,90,99,98,54,0,94,0,0,11,57,0,0,0,0,0,0,0,0,0,0,0,0,0,0,0,0,0,0,0,0,0,0
l8,8=0,10,0,0,56,70,86,94,0,99,95,93,0,95,51,88,0,91,0,51,0,0,78,0,46,0,0,0,0,0,0,0,0,0,0,0,0,0,0,0
l9,8=56,52,6,49,7,61,92,95,94,0,99,93,29,94,49,60,69,69,0,0,0,43,68,66,81,0,0,0,0,0,0,0,0,0,0,0,0,0,70,0
l10,8=57,0,65,46,52,82,90,96,93,99,0,87,0,87,0,82,2,0,0,0,0,0,0,0,0,0,0,0,0,0,0,0,0,0,0,0,0,0,0,0
l11,8=0,0,0,0,0,34,2,27,62,53,56,0,99,41,57,95,87,93,0,3,8,63,25,74,90,76,0,0,0,0,0,0,0,0,0,39,66,0,68,0
l12,8=0,0,0,0,0,0,0,0,0,0,0,98,0,4,62,58,96,95,0,0,28,22,0,83,98,96,0,0,0,0,0,0,0,21,3,49,56,0,60,0
l13,8=17,3,0,0,41,39,7,92,98,63,58,54,43,0,56,55,64,66,0,0,33,57,0,73,90,75,0,0,0,0,0,0,0,0,0,7,15,0,69,0
l14,8=0,0,0,0,0,0,0,0,43,28,0,79,99,55,0,52,58,95,0,0,33,60,17,86,97,72,0,0,0,0,0,0,0,10,0,0,63,0,8,0
l15,8=0,0,0,0,0,0,0,0,62,53,60,98,97,69,58,0,74,94,0,0,42,72,74,77,62,41,0,0,0,0,0,0,0,0,0,0,53,0,78,0
l16,8=0,0,0,0,0,0,45,0,0,14,0,86,97,39,32,38,0,49,0,35,39,23,92,56,96,28,0,0,0,0,0,31,0,3,44,52,67,47,60,56
l17,8=0,0,0,0,0,0,0,35,30,9,0,94,92,29,61,57,69,0,0,12,24,0,42,35,91,0,0,0,0,0,0,0,0,15,0,22,65,0,80,58
l18,8=0,0,0,0,0,0,0,0,0,0,0,0,0,0,0,0,0,0,0,75,74,0,0,0,0,0,0,0,0,0,0,0,0,0,0,0,0,0,0,0
l19,8=0,0,0,0,0,0,0,0,39,0,0,0,0,0,0,0,57,3,25,0,89,80,89,0,0,0,18,0,0,0,0,0,0,0,0,61,0,0,61,0
l20,8=0,0,0,0,0,0,0,0,0,0,0,1,48,37,36,27,43,42,40,94,0,94,92,0,40,0,0,0,0,0,0,0,0,0,5,54,81,63,83,59
l21,8=0,0,0,0,0,0,0,0,0,21,0,52,43,35,34,29,33,0,0,45,90,0,92,0,0,0,0,0,0,0,0,0,0,0,0,62,64,46,79,75
l22,8=0,0,0,0,0,0,0,0,37,26,0,36,0,0,19,28,64,42,0,91,91,93,0,0,0,0,0,0,0,51,0,0,0,0,0,66,79,0,72,75
l23,8=0,0,0,0,0,0,0,0,0,32,0,82,94,58,93,49,84,56,0,0,0,0,0,0,98,96,0,0,0,0,0,0,47,44,77,0,0,0,0,0
l24,8=0,0,0,10,0,0,0,0,5,42,0,83,99,59,97,47,93,82,0,0,28,0,0,95,0,95,0,0,0,0,0,0,0,0,43,0,21,0,0,0
l25,8=0,0,0,0,0,0,0,0,0,0,0,76,99,52,73,42,52,0,0,0,0,0,0,95,93,0,0,0,0,62,0,41,48,58,71,0,0,0,0,0
l26,8=0,0,0,0,0,0,0,0,0,0,0,0,0,0,0,0,0,0,0,67,0,0,24,0,0,0,0,82,93,91,78,89,86,77,72,0,0,0,0,0
l27,8=0,0,0,0,0,0,0,0,0,0,0,0,0,0,0,0,0,0,0,0,0,0,0,0,0,0,89,0,93,91,93,0,76,0,68,0,0,0,0,0
l28,8=0,0,0,0,0,0,0,0,0,0,0,0,0,0,0,0,0,0,0,0,0,0,0,0,0,0,94,92,0,91,93,85,63,79,65,0,0,0,0,0
l29,8=0,0,0,0,0,0,0,0,0,0,0,0,0,0,0,0,0,0,0,0,0,0,36,0,0,53,94,92,93,0,93,90,62,69,66,0,0,0,0,0
l30,8=0,0,0,0,0,0,0,0,0,0,0,0,0,0,0,0,0,0,0,0,0,0,0,0,0,0,81,92,93,91,0,69,76,64,0,0,0,0,0,0
l31,8=0,0,0,0,0,0,0,0,0,0,0,0,0,0,0,0,53,0,0,6,0,0,0,0,2,35,92,0,85,82,65,0,86,89,90,0,0,0,0,0
l32,8=0,0,0,0,0,0,0,0,0,0,0,0,1,0,0,0,9,0,0,0,16,0,0,71,0,66,92,62,55,59,74,94,0,93,96,0,0,0,0,0
l33,8=0,0,0,0,0,0,0,0,0,0,0,0,75,0,42,0,5,66,0,0,4,0,0,77,23,76,73,0,79,70,68,88,92,0,84,0,0,0,0,0
l34,8=0,0,0,0,0,0,0,0,0,0,0,0,63,0,0,0,67,0,0,0,47,0,0,77,64,73,73,62,76,71,0,86,94,83,0,0,0,0,0,0
l35,8=0,0,0,0,0,0,0,0,0,0,0,6,34,0,0,0,33,0,0,24,26,51,53,0,0,0,0,0,0,0,0,0,0,0,0,0,78,66,60,69
l36,8=0,0,0,0,0,0,0,0,0,0,0,43,36,0,13,7,35,35,0,0,37,44,60,0,4,0,0,0,0,0,0,0,0,0,0,72,0,50,69,68
l37,8=0,0,0,0,0,0,0,0,0,0,0,0,0,0,0,0,39,0,0,0,36,41,0,0,0,0,0,0,0,0,0,0,0,0,0,70,66,0,46,55
l38,8=0,0,0,0,0,0,0,0,0,11,0,49,46,32,0,30,35,40,0,19,46,67,67,0,0,0,0,0,0,0,0,0,0,0,0,72,83,51,0,56
l39,8=0,0,0,0,0,0,0,0,0,0,0,0,0,0,0,0,39,23,0,0,35,75,67,0,0,0,0,0,0,0,0,0,0,0,0,72,76,54,58,0

l0,9=0,100,99,95,97,98,96,87,91,99,90,0,0,1,0,0,0,0,0,0,0,0,0,0,0,0,0,0,0,0,0,0,0,0,0,0,0,0,0,0
l1,9=98,0,99,98,98,99,87,95,92,94,94,0,0,0,0,0,0,0,0,0,0,0,0,0,0,0,0,0,0,0,0,0,0,0,0,0,0,0,0,0
l2,9=98,100,0,98,98,99,99,95,9,93,94,0,85,0,0,5,0,0,0,0,0,0,0,0,0,0,0,0,0,0,0,0,0,0,0,0,0,0,0,0
l3,9=94,96,95,0,99,94,92,87,0,0,0,0,0,0,0,0,0,0,0,0,0,0,0,0,0,0,0,0,0,0,0,0,0,0,0,0,0,0,0,0
l4,9=97,99,98,98,0,97,93,88,95,84,95,0,0,0,27,0,0,0,0,0,0,0,0,0,0,0,0,0,0,0,0,0,0,0,0,0,0,0,0,0
l5,9=98,100,99,98,98,0,99,4,98,99,99,0,0,57,0,0,0,0,0,0,0,0,0,0,0,0,0,0,0,0,0,0,0,0,0,0,0,0,0,0
l6,9=98,84,99,97,96,94,0,100,58,97,99,0,0,77,0,0,1,0,0,0,0,0,0,0,0,0,0,0,0,0,0,0,0,0,0,0,0,0,0,0
l7,9=87,100,99,97,95,1,99,0,99,99,99,64,47,95,0,13,0,0,0,0,0,0,0,0,0,0,0,0,0,0,0,0,0,0,0,0,0,0,0,0
l8,9=86,94,0,5,96,93,50,61,0,100,72,96,0,94,0,31,30,77,0,43,0,0,81,0,0,0,0,0,0,0,0,0,0,0,0,0,0,0,0,0
l9,9=93,91,76,0,80,89,96,100,99,0,99,96,6,98,47,63,46,0,0,0,0,0,13,78,44,0,0,0,0,0,0,0,0,0,0,0,0,0,0,0
l10,9=95,97,88,0,96,98,98,100,98,100,0,0,74,91,0,93,30,72,0,0,0,0,0,70,0,0,0,0,0,0,0,0,0,0,0,0,0,0,0,0
l11,9=0,0,0,0,0,0,0,22,60,59,0,0,98,97,42,95,44,96,0,0,29,31,37,97,74,32,0,0,0,0,0,0,0,0,0,34,68,15,28,0
l12,9=0,0,0,0,0,0,0,0,0,0,0,96,0,97,54,57,54,100,0,0,31,0,65,99,75,100,0,0,0,0,0,0,0,0,0,0,60,0,33,0
l13,9=0,0,0,0,0,21,48,38,99,99,57,96,97,0,24,95,60,0,0,15,32,27,0,97,75,29,0,0,0,0,0,0,0,0,0,0,69,0,28,0
l14,9=0,0,0,0,31,0,0,0,0,61,0,79,100,39,0,31,45,96,0,0,36,27,47,99,98,34,0,0,0,0,0,0,0,38,0,0,63,0,12,0
l15,9=0,0,0,0,0,0,0,0,47,59,59,97,97,97,41,0,46,99,0,0,32,32,74,88,75,0,0,0,0,0,0,0,0,0,0,0,64,1,32,0
l16,9=0,0,0,0,0,0,0,0,25,49,27,70,92,93,37,29,0,86,43,40,33,33,83,93,71,30,0,0,0,0,0,11,0,71,79,0,75,60,32,29
l17,9=0,0,0,0,0,0,0,0,46,0,39,79,98,12,41,33,46,0,0,47,31,0,82,0,68,4,0,0,0,0,0,0,0,81,0,0,75,0,28,31
l18,9=0,0,0,0,0,0,0,0,0,0,0,0,0,0,0,0,52,0,0,0,57,57,21,0,0,0,0,0,0,0,0,0,0,0,0,0,56,0,0,0
l19,9=0,0,0,0,0,0,0,0,34,0,0,0,0,8,0,0,33,60,0,0,88,93,89,0,0,0,16,0,0,0,0,0,0,0,0,70,7,62,26,30
l20,9=0,0,0,0,0,0,0,0,0,0,0,51,68,61,32,24,85,60,44,98,0,98,92,0,35,0,11,0,0,0,0,0,0,0,64,60,88,75,81,85
l21,9=0,0,0,0,0,0,0,0,0,0,0,58,0,61,29,24,37,0,50,67,94,0,88,0,0,0,0,0,0,0,0,0,0,0,0,79,79,61,44,31
l22,9=0,0,0,0,0,0,0,0,39,21,0,10,61,0,20,25,51,67,1,95,95,95,0,0,0,0,4,0,0,38,0,32,0,0,0,77,88,63,80,26
l23,9=0,0,0,0,0,0,0,0,0,50,13,82,100,98,100,30,47,0,0,0,0,0,0,0,99,100,0,0,0,0,0,0,86,97,99,0,0,0,0,0
l24,9=0,0,0,0,0,0,0,0,0,42,0,79,100,97,66,33,80,82,0,0,31,0,0,100,0,63,0,0,0,0,0,0,0,91,74,0,82,0,0,0
l25,9=0,0,0,0,0,0,0,0,0,0,0,76,100,88,42,0,40,4,0,0,0,0,0,100,98,0,0,0,0,41,0,0,82,94,76,0,0,0,31,0
l26,9=0,0,0,0,0,0,0,0,0,0,0,0,0,0,0,0,0,0,0,86,71,0,3,0,0,0,0,86,97,100,99,98,100,85,87,0,0,0,0,0
l27,9=0,0,0,0,0,0,0,0,0,0,0,0,0,0,0,0,0,0,0,0,0,0,0,0,0,0,97,0,97,100,99,94,89,0,0,0,0,0,0,0
l28,9=0,0,0,0,0,0,0,0,0,0,0,0,0,0,0,0,0,0,0,0,0,0,0,0,0,0,97,100,0,100,99,90,0,86,0,0,0,0,0,0
l29,9=0,0,0,0,0,0,0,0,0,0,0,0,0,0,0,0,0,0,0,0,0,0,78,0,0,23,97,100,97,0,99,98,80,84,89,0,0,0,0,0
l30,9=0,0,0,0,0,0,0,0,0,0,0,0,0,0,0,0,0,0,0,0,0,0,0,0,0,0,97,100,97,100,0,96,93,46,87,0,0,0,0,0
l31,9=0,0,0,0,0,0,0,0,0,0,0,0,0,0,0,0,36,0,0,0,0,0,43,0,0,0,97,86,92,99,97,0,100,99,100,0,0,0,0,0
l32,9=0,0,0,0,0,0,0,0,0,0,0,0,0,0,0,0,0,0,0,0,4,0,0,96,0,51,97,86,0,60,97,98,0,99,100,0,0,0,0,0
l33,9=0,0,0,0,0,0,0,0,0,0,0,0,39,0,50,0,90,78,0,0,0,0,0,98,97,100,96,0,96,91,84,98,100,0,100,0,0,0,0,0
l34,9=0,0,0,0,0,0,0,0,0,0,0,0,76,0,11,0,67,0,0,0,34,0,0,98,69,33,82,0,0,88,63,98,100,99,0,0,0,0,0,0
l35,9=0,0,0,0,0,0,0,0,0,0,0,0,0,0,0,0,0,0,0,37,25,51,68,0,0,0,0,0,0,0,0,0,0,0,0,0,87,84,74,44
l36,9=0,0,0,0,0,0,0,0,0,0,0,0,36,35,2,9,20,4,0,0,29,24,69,0,39,0,0,0,0,0,0,0,0,0,0,79,0,63,29,30
l37,9=0,0,0,0,0,0,0,0,0,0,0,0,0,0,0,0,22,0,0,35,29,28,61,0,0,0,0,0,0,0,0,0,0,0,0,76,82,0,28,30
l38,9=0,0,0,0,0,0,0,0,0,0,0,43,60,46,0,19,32,29,0,31,33,34,81,0,0,0,0,0,0,0,0,0,0,0,0,77,85,65,0,30
l39,9=0,0,0,0,0,0,0,0,0,0,0,0,0,0,0,0,33,61,0,40,52,31,34,0,0,0,0,0,0,0,0,0,0,0,0,75,86,68,26,0

l0,10=0,94,86,89,89,85,84,59,67,83,78,0,0,0,0,0,0,0,0,0,0,0,0,0,0,0,0,0,0,0,0,0,0,0,0,0,0,0,0,0
l1,10=89,0,84,81,87,85,78,76,35,48,57,16,0,0,0,0,0,0,0,0,0,0,0,0,0,0,0,0,0,0,0,0,0,0,0,0,0,0,0,0
l2,10=86,86,0,87,86,87,86,85,0,78,66,0,45,0,0,0,0,0,0,0,0,0,0,0,0,0,0,0,0,0,0,0,0,0,0,0,0,0,0,0
l3,10=89,73,86,0,94,65,76,54,0,60,0,0,0,0,0,0,0,0,0,0,0,0,0,0,0,0,0,0,0,0,0,0,0,0,0,0,0,0,0,0
l4,10=86,83,83,97,0,84,52,64,48,70,83,0,0,2,47,1,0,0,0,0,0,0,0,0,0,0,0,0,0,0,0,0,0,0,0,0,0,0,0,0
l5,10=83,84,84,84,84,0,82,85,60,84,85,0,4,68,0,0,0,0,0,0,0,0,0,0,0,0,0,0,0,0,0,0,0,0,0,0,0,0,0,0
l6,10=79,81,81,85,56,81,0,85,73,78,79,0,0,32,0,0,52,0,0,0,0,0,0,0,0,0,0,0,0,0,0,0,0,0,0,0,0,0,0,0
l7,10=72,82,80,77,80,83,83,0,81,84,86,65,47,75,28,0,0,0,0,0,0,0,0,0,0,0,0,0,0,0,0,0,0,0,0,0,0,0,0,0
l8,10=71,11,0,4,48,51,72,81,0,91,72,80,43,77,0,77,2,59,0,25,6,0,51,73,4,0,0,0,0,0,0,0,0,0,0,0,0,0,0,0
l9,10=77,1,37,71,72,72,77,85,82,0,85,77,72,77,45,70,0,0,0,0,0,23,13,13,5,0,0,0,0,0,0,0,0,0,0,0,0,0,0,0
l10,10=71,53,55,0,79,64,73,85,65,84,0,62,0,69,0,72,0,58,0,0,0,0,0,6,0,0,0,0,0,0,0,0,0,0,0,0,0,0,0,0
l11,10=0,4,0,0,0,0,0,55,76,79,72,0,81,81,80,89,0,83,0,0,44,41,0,81,79,46,0,0,0,0,0,0,0,0,0,2,37,0,75,0
l12,10=0,0,0,0,0,0,0,0,70,79,0,88,0,45,92,88,87,97,0,0,44,40,0,95,97,100,0,0,0,0,0,0,0,57,0,0,0,0,76,0
l13,10=0,0,0,0,4,59,59,81,85,84,80,84,53,0,57,86,80,0,0,0,37,37,0,78,82,0,0,0,0,0,0,0,0,0,0,0,0,0,57,0
l14,10=0,0,0,0,61,0,0,0,0,71,0,85,99,46,0,80,82,87,0,0,34,0,0,89,93,86,0,0,0,0,0,0,0,62,0,0,46,0,25,0
l15,10=0,0,0,0,1,0,0,0,76,77,80,90,63,76,56,0,78,84,0,0,14,22,38,59,79,9,0,0,0,0,0,0,0,0,0,0,3,2,62,0
l16,10=0,0,0,0,0,0,43,0,1,0,0,0,58,42,52,68,0,88,0,58,46,45,50,71,90,0,0,0,0,0,0,0,2,0,41,34,40,28,83,69
l17,10=0,0,0,0,0,0,0,0,67,0,67,86,63,0,65,86,85,0,0,62,41,23,59,6,77,6,0,0,0,0,0,0,0,29,0,0,41,0,80,69
l18,10=0,0,0,0,0,0,0,0,0,0,0,0,0,0,0,0,34,0,0,76,45,82,0,0,0,0,0,0,0,0,0,0,0,0,0,0,0,0,0,0
l19,10=0,0,0,0,0,0,0,0,7,0,0,0,0,0,0,0,58,57,67,0,83,84,78,0,0,0,34,0,18,0,0,0,0,0,0,52,0,33,51,63
l20,10=0,0,0,0,0,0,0,0,0,0,0,55,41,32,13,0,79,56,0,83,0,94,89,0,0,0,0,0,0,0,0,0,4,0,0,52,50,35,80,78
l21,10=0,0,0,0,0,0,0,0,0,50,0,57,37,33,0,55,75,56,64,80,92,0,89,0,0,0,0,0,0,0,0,0,0,46,0,60,42,40,75,69
l22,10=0,0,0,0,0,0,0,0,62,27,0,0,0,0,0,57,69,72,0,76,92,89,0,0,0,0,5,0,0,54,0,35,0,0,0,77,80,68,76,71
l23,10=0,0,0,0,0,0,0,0,76,30,0,81,96,45,89,49,83,0,0,0,0,0,0,0,99,100,0,0,0,0,0,27,54,84,29,0,0,0,0,0
l24,10=0,0,0,0,0,0,0,0,0,21,0,83,99,48,93,82,88,86,0,0,0,0,0,97,0,99,0,0,0,0,0,0,0,76,0,0,0,0,50,0
l25,10=0,0,0,24,0,0,0,0,0,0,0,81,99,0,88,62,0,43,0,0,0,0,0,97,97,0,31,0,0,0,0,37,50,97,78,0,0,0,58,0
l26,10=0,0,0,0,0,0,0,0,0,0,0,0,0,0,0,0,0,0,0,62,0,0,42,0,0,37,0,85,96,92,98,98,98,60,80,0,0,0,0,0
l27,10=0,0,0,0,0,0,0,0,0,0,0,0,0,0,0,0,0,0,0,0,0,0,0,0,0,0,82,0,92,92,100,82,0,0,80,0,0,0,0,0
l28,10=0,0,0,0,0,0,0,0,0,0,0,0,0,0,0,0,0,0,0,23,0,0,0,0,0,0,93,96,0,92,100,90,57,75,70,0,0,0,0,0
l29,10=0,0,0,0,0,0,0,0,0,0,0,0,0,0,0,0,0,0,0,0,0,0,56,0,0,0,93,96,96,0,100,89,66,18,70,0,0,0,0,0
l30,10=0,0,0,0,0,0,0,0,0,0,0,0,0,0,0,0,0,0,0,0,0,0,0,0,0,0,93,96,96,92,0,90,76,57,78,0,0,0,0,0
l31,10=0,0,0,0,0,0,0,0,0,0,0,0,0,0,0,0,0,0,0,55,0,0,60,60,0,48,93,85,93,91,98,0,99,100,99,0,0,0,0,0
l32,10=0,0,0,0,0,0,0,0,0,0,0,0,0,0,0,0,6,0,0,0,30,0,0,84,1,63,93,0,62,76,83,98,0,100,99,0,0,0,0,0
l33,10=0,0,0,0,0,0,0,0,0,0,0,0,78,0,56,0,0,32,0,0,0,45,0,94,85,99,88,0,94,29,67,99,100,0,99,0,0,0,0,0
l34,10=0,0,0,0,0,0,0,0,0,0,0,0,0,0,0,0,82,0,0,0,40,0,0,66,34,53,92,61,76,84,64,99,100,98,0,0,0,0,0,0
l35,10=0,0,0,0,0,0,0,0,0,0,0,0,0,0,0,0,57,0,0,62,40,39,56,0,0,0,0,0,0,0,0,0,0,0,0,0,82,44,66,68
l36,10=0,0,0,0,0,0,0,0,0,0,0,16,0,0,16,0,48,59,0,0,46,23,58,0,0,0,0,0,0,0,0,0,0,0,0,67,0,49,72,80
l37,10=0,0,0,0,0,0,0,0,0,0,0,0,0,0,0,0,61,0,0,54,38,37,50,0,0,0,0,0,0,0,0,0,0,0,0,62,49,0,66,70
l38,10=0,0,0,0,0,0,0,0,0,0,0,61,16,12,0,22,76,62,0,43,43,42,59,0,11,2,0,0,0,0,0,0,0,0,0,62,48,27,0,75
l39,10=0,0,0,0,0,0,0,0,0,0,0,0,0,0,0,0,67,64,0,54,47,40,57,0,0,0,0,0,0,0,0,0,0,0,0,57,49,43,67,0

l0,11=0,82,90,94,89,88,75,57,47,57,48,0,0,0,0,0,0,0,0,0,0,0,0,0,0,0,0,0,0,0,0,0,0,0,0,0,0,0,0,0
l1,11=86,0,74,88,87,85,76,77,43,53,0,36,0,21,0,0,0,0,0,0,0,0,0,0,0,0,0,0,0,0,0,0,0,0,0,0,0,0,0,0
l2,11=82,76,0,87,86,85,83,65,0,0,82,0,0,0,0,0,0,0,0,0,0,0,0,0,0,0,0,0,0,0,0,0,0,0,0,0,0,0,0,0
l3,11=85,79,87,0,89,86,0,45,0,38,49,0,0,0,0,0,0,0,0,0,0,0,0,0,0,0,0,0,0,0,0,0,0,0,0,0,0,0,0,0
l4,11=81,76,81,92,0,83,64,61,0,61,65,0,12,0,28,0,0,0,0,0,0,0,0,0,0,0,0,0,0,0,0,0,0,0,0,0,0,0,0,0
l5,11=82,77,86,86,86,0,81,84,68,85,70,0,0,52,0,0,0,0,0,0,0,0,0,2,0,0,0,0,0,0,0,0,0,0,0,0,0,0,0,0
l6,11=70,73,74,7,73,78,0,82,41,83,70,45,0,64,0,59,46,0,0,0,0,0,0,0,0,0,0,0,0,0,0,0,0,0,0,0,0,0,0,0
l7,11=69,78,72,75,83,83,84,0,80,85,84,57,52,85,0,46,0,0,0,0,0,0,0,0,0,0,0,0,0,0,0,0,0,0,0,0,0,0,0,0
l8,11=22,14,0,0,0,40,40,67,0,88,76,70,72,86,0,80,0,61,0,1,0,0,0,54,57,0,0,0,0,0,0,0,0,0,0,0,0,0,0,0
l9,11=23,15,0,62,73,49,46,87,82,0,84,78,77,86,0,79,3,13,0,0,0,67,0,40,54,0,0,0,0,0,0,0,0,0,0,0,0,0,0,0
l10,11=17,0,72,64,74,35,60,87,72,87,0,70,0,78,0,71,0,3,0,0,0,0,0,0,0,0,0,0,0,0,0,0,0,0,0,0,0,0,0,0
l11,11=0,13,0,0,0,0,36,43,37,25,73,0,81,87,82,87,78,79,0,0,46,59,45,79,79,59,0,0,0,0,0,0,0,0,0,59,0,0,30,0
l12,11=0,0,0,0,0,0,0,3,34,24,0,87,0,79,92,86,85,83,0,0,49,39,48,80,95,92,0,0,0,0,0,0,0,0,0,0,0,0,38,0
l13,11=0,4,0,1,0,35,40,57,82,62,78,86,81,0,67,86,69,71,0,0,45,57,0,68,69,54,0,0,0,0,0,0,0,0,0,0,0,0,27,0
l14,11=0,0,0,0,46,0,0,0,0,0,0,85,85,63,0,0,86,81,0,0,17,26,0,87,66,82,0,0,0,0,0,0,0,48,53,59,20,0,30,5
l15,11=0,0,0,0,0,0,38,10,36,26,73,90,85,91,0,0,81,80,0,9,50,59,55,30,15,56,0,0,0,0,0,0,0,0,0,55,21,0,36,0
l16,11=0,0,0,0,0,0,28,0,0,0,0,69,82,67,80,81,0,80,0,0,54,76,60,62,86,53,0,0,0,0,0,3,16,1,52,0,27,23,39,69
l17,11=0,0,0,0,0,0,0,0,33,17,16,86,84,74,82,82,86,0,0,0,51,69,61,64,72,28,0,0,0,0,0,0,0,0,0,0,25,0,34,0
l18,11=0,0,0,0,0,0,0,0,0,0,0,0,0,0,0,0,0,0,0,81,47,79,56,0,0,0,0,0,0,0,0,0,0,0,0,0,0,0,0,0
l19,11=0,0,0,0,0,0,0,0,0,0,0,0,0,0,0,4,0,0,38,0,75,76,78,0,0,0,33,0,31,0,0,0,0,0,0,57,0,1,26,66
l20,11=0,0,0,0,0,0,0,0,0,0,0,44,60,53,0,58,74,51,1,85,0,87,89,0,0,0,0,0,0,0,0,0,1,0,0,58,36,22,69,67
l21,11=0,0,0,0,0,0,0,0,0,17,0,49,60,57,39,56,75,50,19,76,81,0,88,0,12,0,0,0,0,0,0,0,0,0,0,61,21,20,79,61
l22,11=0,0,0,0,0,0,0,0,0,0,0,5,59,0,0,56,61,51,1,80,78,85,0,0,0,0,30,0,0,1,0,6,0,0,0,75,74,18,80,74
l23,11=0,0,0,0,0,0,0,0,17,9,0,84,85,77,91,13,75,65,0,0,0,0,0,0,95,93,0,0,0,0,0,9,25,57,0,0,0,0,0,0
l24,11=0,0,0,0,0,0,0,0,18,19,0,78,86,77,79,1,89,72,0,0,0,0,0,93,0,89,0,0,0,0,0,0,0,0,0,0,0,0,0,0
l25,11=0,0,0,0,0,0,0,0,0,0,0,58,86,42,88,54,52,10,0,0,0,0,0,96,93,0,0,0,0,0,0,34,20,91,0,0,0,0,0,0
l26,11=0,0,0,0,0,0,0,0,0,0,0,0,0,0,0,0,0,0,0,27,7,0,10,0,0,0,0,77,93,90,94,88,83,29,71,0,0,0,0,0
l27,11=0,0,0,0,0,0,0,0,0,0,0,0,0,0,0,0,0,0,0,0,0,0,0,0,0,0,85,0,89,91,97,46,1,0,30,0,0,0,0,0
l28,11=0,0,0,0,0,0,0,0,0,0,0,0,0,0,0,0,0,0,0,39,0,0,0,0,0,0,91,94,0,92,97,87,75,0,39,0,0,0,0,0
l29,11=0,0,0,0,0,0,0,0,0,0,0,0,0,0,0,0,0,0,0,0,0,0,0,0,0,0,91,94,93,0,97,81,33,28,32,0,0,0,0,0
l30,11=0,0,0,0,0,0,0,0,0,0,0,0,0,0,0,0,0,0,0,0,0,0,0,0,0,0,91,94,93,92,0,82,56,73,68,0,0,0,0,0
l31,11=0,0,0,0,0,0,0,0,0,0,0,0,0,0,0,0,22,0,0,0,51,0,48,61,0,69,91,78,87,88,87,0,89,100,100,0,0,0,0,0
l32,11=0,0,0,0,0,0,0,0,0,0,0,0,0,0,0,0,26,0,0,0,11,0,0,33,0,23,91,1,24,36,43,94,0,100,100,0,0,0,0,0
l33,11=0,0,0,0,0,0,0,0,0,0,0,0,0,0,73,0,1,0,0,0,17,0,0,80,3,89,89,0,0,78,92,99,98,0,100,0,0,0,0,0
l34,11=0,0,0,0,0,0,0,0,0,0,0,0,0,0,37,0,68,0,0,0,0,0,0,0,0,1,89,73,28,84,89,99,98,100,0,0,0,0,0,0
l35,11=0,0,0,0,0,0,0,0,0,0,0,23,0,0,30,21,0,0,0,17,44,38,59,0,0,0,0,0,0,0,0,0,0,0,0,0,77,26,35,0
l36,11=0,0,0,0,0,0,0,0,0,0,0,0,0,0,30,50,72,60,0,0,50,66,64,0,0,0,0,0,0,0,0,0,0,0,0,88,0,28,39,79
l37,11=0,0,0,0,0,0,0,0,0,0,0,0,0,0,0,0,72,0,0,0,50,38,51,0,0,0,0,0,0,0,0,0,0,0,0,71,24,0,28,74
l38,11=0,0,0,0,0,0,0,0,0,0,0,46,69,27,51,63,79,54,0,17,55,78,67,0,0,0,0,0,0,0,0,0,0,0,0,79,29,22,0,78
l39,11=0,0,0,0,0,0,0,0,0,0,0,0,0,0,0,0,70,0,0,24,53,45,74,0,0,0,0,0,0,0,0,0,0,0,0,0,80,45,52,0

l0,12=0,92,89,90,90,89,29,3,0,44,31,0,0,0,0,0,0,0,0,0,0,0,0,0,0,0,0,0,0,0,0,0,0,0,0,0,0,0,0,0
l1,12=89,0,80,89,86,87,86,88,19,3,58,55,0,0,0,0,0,0,0,0,0,0,0,0,0,0,0,0,0,0,0,0,0,0,0,0,0,0,0,0
l2,12=86,78,0,88,85,88,86,10,8,26,75,0,0,0,0,0,0,0,0,0,0,0,0,0,0,0,0,0,0,0,0,0,0,0,0,0,0,0,0,0
l3,12=91,90,87,0,90,87,27,8,0,28,51,0,0,0,0,0,0,0,0,0,0,0,0,0,0,0,0,0,0,0,0,0,0,0,0,0,0,0,0,0
l4,12=88,86,79,90,0,76,71,56,39,35,53,0,0,0,21,0,0,0,0,0,0,0,0,43,0,0,0,0,0,0,0,0,0,0,0,0,0,0,0,0
l5,12=83,87,87,88,85,0,78,79,66,84,76,0,0,43,0,0,0,0,0,0,0,0,0,15,0,0,0,0,0,0,0,0,0,0,0,0,0,0,0,0
l6,12=46,83,86,71,81,76,0,84,63,54,81,67,0,67,9,66,0,0,0,0,0,0,0,0,0,0,0,0,0,0,0,0,0,0,0,0,0,0,0,0
l7,12=11,86,15,68,85,87,85,0,81,84,88,29,15,86,0,0,0,0,0,0,0,0,0,0,0,0,0,0,0,0,0,0,0,0,0,0,0,0,0,0
l8,12=0,7,0,45,70,57,47,75,0,86,84,51,48,86,0,73,49,47,0,1,0,30,0,14,33,0,0,0,0,0,0,0,0,0,0,0,0,0,0,0
l9,12=49,0,0,65,70,87,40,87,82,0,87,57,44,86,0,64,54,25,0,0,58,66,0,0,27,0,0,0,0,0,0,0,0,0,0,0,0,0,0,0
l10,12=31,36,54,73,73,53,81,88,81,86,0,55,0,84,0,57,0,0,0,0,0,0,0,0,0,0,0,0,0,0,0,0,0,0,0,0,0,0,0,0
l11,12=0,10,0,0,0,0,52,8,76,79,74,0,49,63,51,89,77,88,0,0,0,9,64,73,0,29,0,0,0,0,0,0,0,0,0,39,56,0,30,0
l12,12=0,0,0,0,0,0,0,0,73,73,0,87,0,56,92,87,85,89,0,0,62,71,66,63,92,95,0,0,0,0,0,0,0,61,0,0,0,0,44,0
l13,12=0,0,0,1,11,40,50,54,82,83,78,86,48,0,52,84,77,80,0,0,55,52,0,78,44,0,0,0,0,0,0,0,0,0,0,0,0,0,0,0
l14,12=0,0,0,0,53,0,1,0,0,6,0,46,90,54,0,55,89,81,0,0,50,65,0,85,93,40,0,0,0,0,0,0,0,70,60,49,56,0,34,0
l15,12=0,0,0,0,0,0,44,0,75,75,65,88,80,89,51,0,78,82,0,33,66,62,54,56,47,42,0,0,0,0,0,0,0,0,0,0,0,0,37,0
l16,12=0,0,0,0,0,0,0,0,47,53,0,45,45,48,48,48,0,78,48,1,76,69,54,39,50,7,0,0,0,0,0,0,0,0,0,36,65,20,46,46
l17,12=0,0,0,0,0,0,0,0,54,53,0,53,55,56,50,55,89,0,0,55,73,71,69,70,32,0,0,0,0,0,0,0,0,5,0,0,62,0,40,0
l18,12=0,0,0,0,0,0,0,0,0,0,0,0,0,0,0,0,62,0,0,81,47,58,8,0,0,0,0,0,0,0,0,0,0,0,0,0,0,0,0,0
l19,12=0,0,0,0,0,0,0,0,0,0,0,0,0,0,0,20,10,48,67,0,83,79,73,0,0,0,35,0,0,0,0,0,0,0,0,50,58,37,37,66
l20,12=0,0,0,0,0,0,0,0,0,48,0,0,32,24,7,36,80,64,0,87,0,88,86,0,0,0,10,0,0,0,0,45,0,0,0,58,82,43,67,53
l21,12=0,0,0,0,0,0,0,0,37,54,0,4,37,38,34,34,59,58,57,90,90,0,86,0,32,0,0,0,0,2,0,0,0,0,0,53,54,32,78,0
l22,12=0,0,0,0,0,0,0,0,0,0,0,35,35,0,0,32,49,61,0,85,89,88,0,0,1,0,0,0,0,0,0,48,0,0,0,71,76,0,55,76
l23,12=0,0,0,0,46,0,0,0,1,1,0,53,45,58,59,39,29,81,0,0,0,0,0,0,66,97,0,0,0,0,0,3,45,63,0,0,0,0,0,0
l24,12=0,0,0,0,0,0,0,0,53,56,0,0,90,74,92,81,92,72,0,0,0,59,9,92,0,93,0,0,0,0,0,0,63,44,0,0,36,0,47,0
l25,12=0,0,0,0,1,0,0,0,0,0,0,54,90,3,52,76,73,0,0,0,0,0,0,99,93,0,0,0,0,8,0,67,50,67,86,0,0,0,0,0
l26,12=0,0,0,0,0,0,0,0,0,0,0,0,0,0,0,0,0,0,0,27,30,0,1,0,0,0,0,71,92,83,93,92,81,39,81,0,0,0,0,0
l27,12=0,0,0,0,0,0,0,0,0,0,0,0,0,0,0,0,0,0,0,0,0,0,0,0,0,0,80,0,90,92,99,85,0,11,15,0,0,0,0,0
l28,12=0,0,0,0,0,0,0,0,0,0,0,0,0,0,0,0,0,0,0,0,0,0,0,0,0,0,88,91,0,93,99,89,76,77,82,0,0,0,0,0
l29,12=0,0,0,0,0,0,0,0,0,0,0,0,0,0,0,0,0,0,0,3,0,0,0,0,0,1,81,91,92,0,99,83,79,74,81,0,0,0,0,0
l30,12=0,0,0,0,0,0,0,0,0,0,0,0,0,0,0,0,0,0,0,0,0,0,0,0,0,0,87,91,92,93,0,88,79,53,53,0,0,0,0,0
l31,12=0,0,0,0,0,0,0,0,0,0,0,0,0,0,0,0,0,0,0,7,74,0,63,19,1,81,88,82,89,89,98,0,96,100,100,0,0,0,0,0
l32,12=0,0,0,0,0,0,0,0,0,0,0,0,0,0,0,0,0,0,0,0,0,0,0,37,40,24,85,0,85,85,92,95,0,100,100,0,0,0,0,0
l33,12=0,0,0,0,0,0,0,0,0,0,0,0,59,0,69,0,0,0,0,0,0,0,0,66,52,79,86,37,74,73,77,100,96,0,100,0,0,0,0,0
l34,12=0,0,0,0,0,0,0,0,0,0,0,0,0,0,54,0,0,0,0,0,22,0,0,0,0,96,88,59,91,91,89,100,96,100,0,0,0,0,0,0
l35,12=0,0,0,0,0,0,0,0,0,0,0,12,0,0,3,0,39,0,0,36,64,34,65,0,0,0,0,0,0,0,0,0,0,0,0,0,90,46,48,60
l36,12=0,0,0,0,0,0,0,0,0,0,0,24,0,0,7,0,64,42,0,43,73,51,67,0,2,0,0,0,0,0,0,0,0,0,0,87,0,47,50,68
l37,12=0,0,0,0,0,0,0,0,0,0,0,0,0,0,0,0,56,0,0,45,69,1,0,0,0,0,0,0,0,0,0,0,0,0,0,70,75,0,0,61
l38,12=0,0,0,0,0,0,0,0,0,0,0,24,32,0,16,22,77,34,0,54,71,75,69,0,5,0,0,0,0,0,0,0,0,0,0,78,75,0,0,62
l39,12=0,0,0,0,0,0,0,0,0,0,0,0,0,0,0,0,73,0,0,73,69,0,73,0,0,0,0,0,0,0,0,0,0,0,0,73,79,47,47,0

l0,13=0,95,91,95,94,92,92,93,82,88,60,0,0,0,0,0,0,0,0,0,0,0,0,0,0,0,0,0,0,0,0,0,0,0,0,0,0,0,0,0
l1,13=93,0,91,94,93,89,91,93,0,72,85,0,0,0,0,0,0,0,0,0,0,0,0,0,0,0,0,0,0,0,0,0,0,0,0,0,0,0,0,0
l2,13=93,92,0,93,93,92,92,89,0,84,86,0,0,9,0,0,0,0,0,0,0,0,0,0,0,0,0,0,0,0,0,0,0,0,0,0,0,0,0,0
l3,13=95,95,93,0,98,92,89,51,15,78,87,0,0,0,0,0,0,0,0,0,0,0,0,0,0,0,0,0,0,0,0,0,0,0,0,0,0,0,0,0
l4,13=93,92,88,94,0,92,89,81,55,76,74,0,0,10,0,0,0,0,0,0,0,0,0,8,0,0,0,0,0,0,0,0,0,0,0,0,0,0,0,0
l5,13=93,89,91,90,93,0,90,51,65,88,87,0,0,40,0,0,0,0,0,0,0,0,0,0,0,0,0,0,0,0,0,0,0,0,0,0,0,0,0,0
l6,13=85,89,90,88,88,88,0,0,64,85,74,87,0,52,0,83,0,0,0,0,0,0,0,0,0,0,0,0,0,0,0,0,0,0,0,0,0,0,0,0
l7,13=52,91,84,66,87,82,0,0,88,89,90,13,12,44,0,61,0,0,0,0,0,0,0,0,0,0,0,0,0,0,0,0,0,0,0,0,0,0,0,0
l8,13=43,0,0,56,76,76,47,56,0,93,86,34,23,88,76,69,50,23,0,44,0,42,6,0,78,0,0,0,0,0,0,0,0,0,0,0,0,0,0,0
l9,13=72,51,65,72,75,87,86,89,90,0,90,81,72,88,58,83,62,28,0,0,67,57,0,0,0,0,0,0,0,0,0,0,0,0,0,0,0,0,0,0
l10,13=36,50,52,63,77,87,26,93,87,93,0,32,0,88,0,74,0,0,0,0,0,0,0,0,0,0,0,0,0,0,0,0,0,0,0,0,0,0,0,0
l11,13=0,0,0,0,0,0,30,0,44,75,78,0,86,97,83,89,60,93,0,0,42,49,52,74,0,70,0,0,0,0,0,0,0,0,0,0,0,0,47,0
l12,13=0,0,0,0,0,0,0,0,41,79,0,62,0,35,99,88,68,62,0,0,45,52,52,71,99,100,0,0,0,0,0,0,0,85,0,0,0,0,66,0
l13,13=0,0,0,0,68,77,30,25,68,93,88,96,25,0,80,89,56,32,0,0,43,49,0,76,2,75,0,0,0,0,0,0,0,0,0,0,0,0,68,0
l14,13=0,0,0,0,0,0,0,0,47,66,0,40,83,38,0,84,79,33,0,0,0,37,0,89,100,86,0,0,0,0,0,0,38,75,67,54,0,0,0,0
l15,13=0,0,0,0,0,0,30,1,32,79,77,96,54,66,81,0,65,50,0,0,45,40,0,75,85,75,0,0,0,0,0,0,0,0,0,0,71,0,65,0
l16,13=0,0,0,0,0,0,0,0,12,59,0,32,29,27,93,84,0,34,21,41,41,43,53,0,95,0,0,0,0,0,0,0,0,30,20,74,75,9,64,42
l17,13=0,0,0,0,0,0,0,0,39,73,0,39,90,37,89,86,66,0,0,46,50,54,54,65,87,59,0,0,0,0,0,0,0,79,0,6,78,0,67,0
l18,13=0,0,0,0,0,0,0,0,0,0,0,0,0,0,0,0,52,0,0,96,81,57,45,0,0,0,0,0,0,0,0,0,0,0,0,0,0,0,0,0
l19,13=0,0,0,0,0,0,0,0,22,0,0,0,0,0,0,0,64,16,71,0,92,85,87,0,0,0,0,0,21,0,0,0,0,0,0,12,60,68,65,84
l20,13=0,0,0,0,0,0,0,0,0,55,0,23,12,13,0,64,43,29,32,95,0,94,99,0,0,0,28,0,0,0,0,21,0,0,17,60,85,85,83,49
l21,13=0,0,0,0,0,0,0,0,27,61,0,27,22,20,59,59,47,29,11,95,93,0,99,0,60,0,1,0,0,0,0,0,0,0,0,47,59,0,85,36
l22,13=0,0,0,0,0,0,0,0,0,0,0,27,17,0,0,0,64,29,0,95,93,94,0,0,0,0,64,0,0,0,0,22,0,0,15,86,92,0,88,94
l23,13=0,0,0,4,1,0,0,0,0,0,0,38,27,38,100,87,0,30,0,0,0,0,0,0,91,100,0,0,0,0,0,0,0,87,18,0,0,0,0,0
l24,13=0,0,0,0,0,0,0,0,46,0,0,0,91,0,100,85,81,34,0,0,0,52,0,78,0,100,0,0,0,0,0,0,81,20,0,0,81,0,1,0
l25,13=0,0,0,0,0,0,0,0,0,0,0,35,91,37,97,87,0,10,0,0,0,0,0,100,100,0,0,0,0,2,0,32,87,98,99,0,0,0,0,0
l26,13=0,0,0,0,0,0,0,0,0,0,0,0,0,0,0,0,0,0,0,0,53,0,67,0,0,0,0,88,98,85,100,99,80,79,41,0,0,0,0,0
l27,13=0,0,0,0,0,0,0,0,0,0,0,0,0,0,0,0,0,0,0,0,0,0,0,0,0,0,88,0,98,99,100,76,72,76,2,0,0,0,0,0
l28,13=0,0,0,0,0,0,0,0,0,0,0,0,0,0,0,0,0,0,0,8,1,0,0,0,0,0,99,98,0,99,100,91,79,80,88,0,0,0,0,0
l29,13=0,0,0,0,0,0,0,0,0,0,0,0,0,0,0,0,0,0,0,0,0,0,0,0,0,0,85,98,98,0,100,83,86,74,85,0,0,0,0,0
l30,13=0,0,0,0,0,0,0,0,0,0,0,0,0,0,0,0,0,0,0,0,0,0,0,0,0,0,99,98,98,99,0,84,77,76,49,0,0,0,0,0
l31,13=0,0,0,0,0,0,0,0,0,0,0,0,0,0,0,0,0,0,0,0,79,0,55,0,0,80,99,97,98,98,99,0,99,100,100,0,0,0,0,0
l32,13=0,0,0,0,0,0,0,0,0,0,0,0,0,0,40,0,0,0,0,0,0,0,0,0,46,38,94,42,42,97,89,100,0,100,100,0,0,0,0,0
l33,13=0,0,0,0,0,0,0,0,0,0,0,0,91,0,44,0,38,50,0,0,0,0,0,51,36,100,98,49,98,80,100,100,99,0,100,0,0,0,0,0
l34,13=0,0,0,0,0,0,0,0,0,0,0,0,4,0,41,0,30,0,0,0,29,0,23,29,0,98,24,16,96,98,29,100,99,100,0,0,0,0,0,0
l35,13=0,0,0,0,0,0,0,0,0,0,0,0,0,0,42,0,49,0,0,1,35,8,50,0,0,0,0,0,0,0,0,0,0,0,0,0,93,92,81,46
l36,13=0,0,0,0,0,0,0,0,0,0,0,0,0,0,0,61,49,18,0,24,52,21,52,0,60,0,0,0,0,0,0,0,0,0,0,89,0,76,73,46
l37,13=0,0,0,0,0,0,0,0,0,0,0,0,0,0,0,0,0,0,0,40,49,0,0,0,0,0,0,0,0,0,0,0,0,0,0,83,77,0,53,43
l38,13=0,0,0,0,0,0,0,0,0,0,0,0,19,21,0,69,51,17,0,37,48,49,51,0,0,0,0,0,0,0,0,0,0,0,0,84,85,65,0,45
l39,13=0,0,0,0,0,0,0,0,0,0,0,0,0,0,0,0,48,0,0,44,45,41,57,0,0,0,0,0,0,0,0,0,0,0,0,79,81,71,63,0

l0,14=0,100,100,99,100,100,99,98,98,100,99,0,0,1,0,0,0,0,0,0,0,0,0,0,0,0,0,0,0,0,0,0,0,0,0,0,0,0,0,0
l1,14=100,0,100,99,100,100,100,97,18,48,52,0,0,42,0,0,0,0,0,0,0,0,0,0,1,0,0,0,0,0,0,0,0,0,0,0,0,0,0,0
l2,14=100,100,0,99,100,100,100,98,88,93,95,0,0,0,0,1,0,0,0,0,0,0,0,0,0,0,0,0,0,0,0,0,0,0,0,0,0,0,0,0
l3,14=100,100,100,0,100,100,100,98,0,99,99,0,0,0,0,0,0,0,0,0,0,0,0,0,0,0,0,0,0,0,0,0,0,0,0,0,0,0,0,0
l4,14=99,100,100,99,0,100,83,0,46,45,99,0,0,35,0,0,0,0,0,0,0,0,0,0,0,0,0,0,0,0,0,0,0,0,0,0,0,0,0,0
l5,14=100,100,100,100,100,0,100,75,86,100,100,0,0,61,0,89,0,0,0,0,0,0,0,0,0,0,0,0,0,0,0,0,0,0,0,0,0,0,0,0
l6,14=92,92,100,98,92,100,0,91,86,99,95,99,0,89,0,92,0,0,0,1,0,0,50,0,0,0,0,0,0,0,0,0,0,0,0,0,0,0,0,0
l7,14=98,97,100,99,10,57,99,0,98,100,100,0,0,59,0,20,64,0,0,0,0,0,0,0,0,0,0,0,0,0,0,0,0,0,0,0,0,0,0,0
l8,14=49,4,37,42,30,30,40,33,0,100,99,46,33,24,44,51,0,0,0,5,50,54,16,0,33,0,0,0,0,0,0,0,0,0,0,0,0,0,0,0
l9,14=84,51,0,48,45,98,60,98,99,0,100,97,0,100,43,98,44,26,0,0,51,54,0,32,0,0,0,0,0,0,0,0,0,0,0,0,0,0,0,0
l10,14=95,82,39,97,100,100,100,99,99,100,0,62,40,100,11,63,0,0,0,0,7,40,0,0,0,0,0,0,0,0,0,0,0,0,0,0,0,0,0,0
l11,14=0,0,0,0,0,0,99,0,26,98,49,0,95,97,98,98,99,98,0,0,50,53,37,46,18,46,0,0,0,0,0,0,0,0,0,0,18,0,58,0
l12,14=0,0,0,0,0,0,0,0,59,0,76,96,0,62,100,98,10,99,0,29,97,88,57,59,72,100,0,0,0,0,0,0,0,89,0,0,9,0,0,0
l13,14=4,49,0,0,29,29,41,34,27,100,98,100,66,0,45,98,43,60,0,1,0,54,0,0,34,45,0,0,0,0,0,0,0,0,0,0,0,0,58,0
l14,14=0,0,0,0,0,0,0,0,29,44,1,85,99,23,0,51,66,27,0,0,0,0,0,59,100,45,0,0,0,0,0,0,39,38,0,0,0,0,56,0
l15,14=0,0,0,0,0,19,39,0,36,98,45,100,64,99,44,0,99,84,0,23,48,54,0,57,72,45,0,0,0,0,0,0,0,0,0,0,0,0,58,0
l16,14=0,0,0,0,0,0,0,18,0,83,0,89,9,9,89,98,0,61,0,63,88,91,62,16,69,0,0,0,0,0,0,0,0,40,34,48,43,10,94,94
l17,14=0,0,0,0,0,0,0,0,0,45,0,99,96,62,91,98,99,0,0,36,97,59,62,33,76,54,0,0,0,0,0,0,0,38,0,12,24,0,99,0
l18,14=0,0,0,0,0,0,0,0,0,0,0,0,0,0,0,0,25,0,0,88,85,43,86,0,0,0,0,0,0,0,0,0,0,0,0,0,0,0,0,0
l19,14=0,0,0,0,0,0,0,0,0,0,0,0,53,0,0,75,84,50,56,0,97,96,87,0,0,0,0,0,72,0,0,0,0,0,0,57,79,64,89,93
l20,14=0,0,0,0,0,0,0,0,8,87,0,81,59,0,0,87,83,53,41,96,0,98,96,0,0,0,59,0,0,0,0,0,0,0,83,58,57,66,94,95
l21,14=0,0,0,0,0,0,0,0,54,82,75,75,54,54,0,86,83,52,2,96,98,0,96,0,60,0,0,0,0,0,0,0,0,0,0,56,48,58,90,89
l22,14=0,0,0,0,0,0,52,0,3,0,0,77,52,0,0,0,94,52,52,92,99,99,0,0,8,0,86,0,21,0,0,82,0,21,0,56,52,64,91,95
l23,14=0,0,0,0,0,0,0,0,0,46,0,46,34,0,100,51,30,26,0,0,0,0,0,0,33,100,0,0,0,0,0,0,34,40,21,0,0,0,0,0
l24,14=0,0,0,0,0,0,0,0,28,0,0,0,67,25,100,98,96,62,0,0,0,53,1,25,0,100,0,0,0,0,0,0,0,0,0,0,25,0,0,0
l25,14=0,0,0,7,0,0,0,0,0,0,0,55,99,25,64,58,0,27,0,0,0,0,0,100,100,0,0,0,3,1,0,0,41,90,99,0,0,0,0,0
l26,14=0,0,0,0,0,0,0,0,0,0,0,0,0,0,0,0,0,0,0,0,91,0,93,0,0,0,0,98,100,96,100,100,98,97,98,0,0,0,0,0
l27,14=0,0,0,0,0,0,0,0,0,0,0,0,0,0,0,0,0,0,0,0,0,0,0,0,0,0,87,0,100,98,100,88,88,82,0,0,0,0,0,0
l28,14=0,0,0,0,0,0,0,0,0,0,0,0,0,0,0,0,0,0,0,73,2,0,46,0,0,16,100,100,0,98,100,92,88,82,88,0,0,0,0,0
l29,14=0,0,0,0,0,0,0,0,0,0,0,0,0,0,0,0,0,0,0,1,0,0,0,0,0,0,86,100,100,0,100,88,89,0,89,0,0,0,0,0
l30,14=0,0,0,0,0,0,0,0,0,0,0,0,0,0,0,0,0,0,0,0,0,0,0,0,0,0,100,100,100,98,0,87,88,82,0,0,0,0,0,0
l31,14=0,0,0,0,0,0,0,0,0,0,0,0,0,0,0,0,0,0,0,0,6,0,81,0,0,0,100,88,100,97,89,0,100,100,100,0,0,0,0,0
l32,14=0,0,0,0,0,0,0,0,0,0,0,0,0,0,86,0,0,0,0,0,0,0,0,81,0,89,98,89,92,96,91,100,0,100,100,0,0,0,0,0
l33,14=0,0,0,0,0,0,0,0,0,0,0,0,95,0,91,0,94,71,0,0,0,0,54,95,0,100,98,91,100,0,97,100,100,0,100,0,0,0,0,0
l34,14=0,0,0,0,0,0,0,0,0,0,0,0,70,0,0,0,84,0,0,0,91,0,1,75,0,100,100,1,100,98,0,100,100,100,0,0,0,0,0,0
l35,14=0,0,0,0,0,0,0,0,0,0,0,0,7,0,1,0,82,0,0,65,85,72,53,0,0,0,0,0,0,0,0,0,0,0,0,0,95,97,94,89
l36,14=0,0,0,0,0,0,0,0,0,0,0,0,10,0,0,0,81,1,0,62,87,84,47,0,38,0,0,0,0,0,0,0,0,0,0,64,0,37,99,89
l37,14=0,0,0,0,0,0,0,0,0,0,0,0,0,0,0,0,0,0,0,58,86,0,50,0,0,0,0,0,0,0,0,0,0,0,0,96,44,0,89,89
l38,14=0,0,0,0,0,0,0,0,0,0,0,64,0,4,61,86,86,22,0,56,97,90,55,0,0,0,0,0,0,0,0,0,0,0,0,61,58,38,0,94
l39,14=0,0,0,0,0,0,0,0,0,0,0,0,0,0,0,0,82,0,0,72,86,86,54,0,0,0,0,0,0,0,0,0,0,0,0,56,48,64,89,0

l0,15=0,99,97,100,99,100,99,97,95,97,93,0,0,0,0,0,0,0,0,0,0,0,0,0,0,0,0,0,0,0,0,0,0,0,0,0,0,0,0,0
l1,15=96,0,97,98,97,98,99,93,0,97,96,0,0,96,3,0,0,0,0,0,0,0,0,0,45,0,0,0,0,0,0,0,0,0,0,0,0,0,0,0
l2,15=100,100,0,98,97,99,100,97,1,95,90,20,0,95,0,0,0,0,0,0,0,0,0,0,0,0,0,0,0,0,0,0,0,0,0,0,0,0,0,0
l3,15=100,100,97,0,97,98,9,0,0,0,96,0,0,0,0,0,0,0,0,0,0,0,0,0,0,0,0,0,0,0,0,0,0,0,0,0,0,0,0,0
l4,15=96,100,97,94,0,99,99,93,0,93,96,0,0,90,0,0,0,0,0,0,0,0,0,0,0,0,0,0,0,0,0,0,0,0,0,0,0,0,0,0
l5,15=96,99,97,98,100,0,99,97,98,97,97,0,0,96,0,94,0,0,0,0,0,0,0,0,0,0,0,0,0,0,0,0,0,0,0,0,0,0,0,0
l6,15=96,99,97,86,95,98,0,97,94,96,97,97,92,95,0,94,3,0,0,0,0,0,1,0,0,0,0,0,0,0,0,0,0,0,0,0,0,0,0,0
l7,15=96,58,97,94,95,98,99,0,98,97,100,0,0,58,53,0,97,0,0,0,0,0,0,0,0,0,0,0,0,0,0,0,0,0,0,0,0,0,0,0
l8,15=58,0,0,53,0,89,95,97,0,100,97,97,75,58,62,96,0,0,0,27,63,92,85,0,56,0,0,0,0,0,0,0,0,0,0,0,0,0,0,0
l9,15=97,61,0,0,88,98,98,100,100,0,100,97,0,97,59,96,94,40,0,0,98,96,25,25,0,0,0,0,0,0,0,0,0,0,0,0,0,0,0,0
l10,15=94,98,4,97,97,98,99,100,98,100,0,0,94,96,93,0,14,0,0,0,0,0,0,0,0,0,0,0,0,0,0,0,0,0,0,0,0,0,0,0
l11,15=0,0,0,0,0,0,99,0,98,96,0,0,100,96,0,100,99,93,0,0,88,99,98,63,53,84,0,0,0,0,0,0,0,0,0,0,96,0,93,0
l12,15=0,0,0,0,0,0,85,0,99,0,98,100,0,97,100,98,99,100,0,0,88,0,98,100,100,100,0,0,0,0,0,0,0,73,0,6,97,0,95,0
l13,15=0,60,95,0,92,94,97,94,98,100,100,100,100,0,62,100,97,93,0,60,5,93,75,58,56,81,0,0,0,0,0,0,0,0,0,0,0,0,0,0
l14,15=0,0,0,0,0,0,0,1,99,96,74,0,100,59,0,98,99,93,0,0,0,18,2,63,100,85,0,0,0,0,0,0,0,84,0,0,0,0,30,0
l15,15=0,0,0,0,0,70,97,0,99,98,0,100,77,59,62,0,99,93,0,0,87,99,75,63,59,81,0,0,0,0,0,0,0,0,0,91,0,0,98,0
l16,15=0,0,0,0,0,0,3,75,0,92,25,98,75,52,59,98,0,91,53,60,83,96,98,17,59,0,0,0,0,0,0,0,0,67,0,97,95,93,98,94
l17,15=0,0,0,0,0,0,0,0,0,94,0,98,77,59,62,98,99,0,0,59,87,99,98,63,58,84,0,0,0,0,0,0,0,79,1,0,98,35,98,0
l18,15=0,0,0,0,0,0,0,0,0,0,0,0,0,0,0,0,94,0,0,0,60,0,79,0,0,0,0,0,0,0,0,0,0,0,0,0,0,0,0,0
l19,15=0,0,0,0,0,0,0,0,12,0,0,0,52,36,0,0,86,61,0,0,99,96,93,0,0,0,36,0,49,0,0,0,0,0,0,4,78,0,64,82
l20,15=0,0,0,0,0,0,0,0,2,93,0,93,74,0,0,92,96,89,0,99,0,99,99,0,0,0,0,0,0,0,0,0,0,0,6,99,99,0,98,99
l21,15=0,0,0,0,0,0,0,0,88,93,0,92,0,47,51,94,95,88,0,99,100,0,99,0,54,0,0,0,0,0,0,0,0,20,79,92,95,86,94,95
l22,15=0,0,0,0,0,0,0,0,74,78,0,71,61,8,7,69,98,71,53,94,100,99,0,0,0,0,71,0,13,0,0,45,0,61,0,79,80,76,77,82
l23,15=0,0,0,0,0,0,0,0,0,50,0,100,100,30,100,100,7,94,0,0,0,0,0,0,100,100,0,0,0,0,0,0,55,93,0,0,0,0,0,0
l24,15=0,0,0,0,0,0,0,0,98,0,0,68,100,58,100,100,99,99,0,0,0,97,0,100,0,85,0,0,0,0,0,0,56,0,0,0,97,0,0,0
l25,15=0,0,0,0,0,0,0,0,0,0,0,99,98,57,88,97,0,93,0,0,0,0,0,98,84,0,96,0,39,0,0,54,60,65,99,0,0,0,0,0
l26,15=0,0,0,0,0,0,0,0,0,0,0,0,0,0,0,0,0,0,0,56,0,0,85,0,0,82,0,97,96,100,95,100,97,0,98,0,0,0,0,0
l27,15=0,0,0,0,0,0,0,0,0,0,0,0,0,0,0,0,0,0,0,0,0,0,0,0,0,0,94,0,96,100,95,93,96,77,94,0,0,0,0,0
l28,15=0,0,0,0,0,0,0,0,0,0,0,0,0,0,0,0,0,0,0,93,0,0,79,0,0,79,99,97,0,100,95,95,96,78,94,0,0,0,0,0
l29,15=0,0,0,0,0,0,0,0,0,0,0,0,0,0,0,0,0,0,0,0,0,0,0,0,0,0,95,97,96,0,95,97,96,75,95,0,0,0,0,0
l30,15=0,0,0,0,0,0,0,0,0,0,0,0,0,0,0,0,0,0,0,0,0,0,0,0,0,0,96,97,96,100,0,93,96,78,0,0,0,0,0,0
l31,15=0,0,0,0,0,0,0,0,0,0,0,0,0,0,0,0,0,0,0,0,0,0,89,0,0,94,99,90,94,100,95,0,97,85,100,0,0,0,0,0
l32,15=0,0,0,0,0,0,0,0,0,0,0,0,87,0,14,0,49,0,0,0,0,0,0,93,70,94,99,89,92,100,95,100,0,85,100,0,0,0,0,0
l33,15=0,0,0,0,0,0,0,0,0,0,0,0,77,0,80,0,100,80,0,0,0,7,89,100,6,97,1,92,97,66,95,100,100,0,98,0,0,0,0,0
l34,15=0,0,0,0,0,0,0,0,0,0,0,0,38,0,0,0,0,0,0,0,78,70,0,0,0,95,98,88,93,98,0,100,98,85,0,0,0,0,0,0
l35,15=0,0,0,0,0,0,0,0,0,0,0,0,47,0,0,63,84,0,0,7,78,80,73,0,0,0,0,0,0,0,0,0,0,0,0,0,99,96,94,96
l36,15=0,0,0,0,0,0,0,0,0,0,0,76,57,0,0,0,94,62,0,52,84,94,88,0,30,0,0,0,0,0,0,0,0,0,0,99,0,96,98,98
l37,15=0,0,0,0,0,0,0,0,0,0,0,0,0,0,0,0,84,0,0,0,0,80,78,0,0,0,0,0,0,0,0,0,0,0,0,98,94,0,94,95
l38,15=0,0,0,0,0,0,0,0,0,0,0,75,53,0,0,87,88,86,0,15,86,96,86,0,0,0,0,0,0,0,0,0,0,0,0,98,99,92,0,98
l39,15=0,0,0,0,0,0,0,0,0,0,0,0,0,0,0,0,84,0,0,54,84,94,84,0,0,0,0,0,0,0,0,0,0,0,0,99,94,96,97,0

