t=2016-04-14_06.57.27

n=40

q0=1
q1=1
q2=1
q3=1
q4=1
q5=1
q6=1
q7=1
q8=1
q9=1
q10=1
q11=1
q12=1
q13=1
q14=1
q15=1
q16=1
q17=1
q18=1
q19=1
q20=1
q21=1
q22=1
q23=1
q24=1
q25=1
q26=1
q27=1
q28=1
q29=1
q30=1
q31=1
q32=1
q33=1
q34=1
q35=1
q36=1
q37=1
q38=1
q39=1

a0=0x141592000c576ce6
a1=0x141592000c5aedbc
a2=0x141592000c5750f4
a3=0x141592000c576658
a4=0x141592000c575890
a5=0x141592000c574ffa
a6=0x141592000c5acf11
a7=0x141592000d9df361
a8=0x141592000c576300
a9=0x141592000c5779b6
a10=0x141592000c5762b9
a11=0x141592000c5af078
a12=0x141592000c575517
a13=0x141592000c5752c3
a14=0x141592000c5a4baa
a15=0x141592000c5776e7
a16=0x141592000c58cdeb
a17=0x141592000c5881fc
a18=0x141592000bd81d33
a19=0x141592000bd84d6a
a20=0x141592000c577233
a21=0x141592000c574527
a22=0x141592000c5746a3
a23=0x141592000c574da3
a24=0x141592000c5741c9
a25=0x141592000da244ea
a26=0x141592000c5ae886
a27=0x141592000c57510e
a28=0x141592000c5ab6c8
a29=0x141592000c574d05
a30=0x141592000edae61f
a31=0x141592000c57667e
a32=0x141592000c577f43
a33=0x141592000c576449
a34=0x1415920010f4117a
a35=0x141592000c575966
a36=0x141592000c574d35
a37=0x141592000c576fb1
a38=0x141592000c5aea5d
a39=0x141592000c59f23f

l0,0=0,90,90,96,81,87,81,75,81,86,0,0,0,45,0,0,0,0,0,0,0,0,0,0,0,0,0,0,0,0,0,0,0,0,0,0,0,0,0,0
l1,0=89,0,91,85,87,87,81,86,77,0,85,0,0,0,0,0,0,0,0,0,0,0,0,0,0,0,0,0,0,0,0,0,0,0,0,0,0,0,0,0
l2,0=87,89,0,0,87,88,84,87,3,86,86,0,0,79,0,0,0,0,0,0,0,0,0,0,0,0,0,0,0,0,0,0,0,0,0,0,0,0,0,0
l3,0=94,79,0,0,87,87,81,58,67,0,83,0,0,0,0,0,0,0,0,0,0,0,0,0,0,0,0,0,0,0,0,0,0,0,0,0,0,0,0,0
l4,0=79,85,89,90,0,85,57,0,0,81,84,0,0,82,0,0,0,0,0,0,0,0,0,0,0,0,0,0,0,0,0,0,0,0,0,0,0,0,0,0
l5,0=88,91,91,89,86,0,81,87,83,87,83,0,0,61,0,0,0,0,0,0,0,0,0,0,0,0,0,0,0,0,0,0,0,0,0,0,0,0,0,0
l6,0=79,76,91,80,63,84,0,90,82,82,76,28,0,82,0,64,68,0,0,0,0,0,0,0,0,0,0,0,0,0,0,0,0,0,0,0,0,0,0,0
l7,0=63,85,91,69,33,85,82,0,81,91,87,63,1,27,0,41,0,0,0,0,0,0,0,0,0,0,0,0,0,0,0,0,0,0,0,0,0,0,0,0
l8,0=68,53,0,61,0,78,71,47,0,93,70,82,68,93,63,75,82,36,0,0,0,36,23,0,66,0,0,0,0,0,0,0,0,0,0,0,0,0,37,0
l9,0=81,0,76,0,77,85,66,89,90,0,87,62,54,85,11,66,62,43,0,0,0,0,20,0,0,0,0,0,0,0,0,0,0,0,0,0,0,0,0,0
l10,0=0,78,91,76,80,79,75,92,75,95,0,68,65,93,0,72,2,0,0,0,0,0,0,0,0,0,0,0,0,0,0,0,0,0,0,0,0,0,0,0
l11,0=0,0,0,0,0,0,46,29,28,60,78,0,87,90,78,95,54,58,0,42,0,13,0,0,81,0,0,0,0,0,0,0,0,0,0,0,51,2,50,0
l12,0=0,0,0,0,0,0,0,0,24,57,62,86,0,86,88,95,82,100,0,0,29,24,0,81,94,64,0,0,0,0,0,0,0,80,0,0,43,0,52,0
l13,0=0,0,16,0,61,0,56,0,90,66,79,88,85,0,84,81,38,51,0,41,0,31,44,72,68,32,0,0,0,0,0,0,0,0,0,0,6,0,42,0
l14,0=0,0,0,0,0,0,0,0,24,15,0,82,86,85,0,51,72,53,0,0,30,0,42,80,87,70,0,0,0,0,0,0,0,82,0,0,2,0,8,0
l15,0=0,0,0,0,0,0,53,15,26,54,72,96,92,86,82,0,47,53,0,2,10,0,32,1,85,0,0,0,0,0,0,0,0,0,0,0,7,1,50,0
l16,0=0,0,0,0,0,0,39,0,24,40,0,84,74,67,80,41,0,61,0,54,27,28,58,67,83,0,0,0,0,0,0,0,0,56,0,39,42,17,54,44
l17,0=0,0,0,0,0,0,0,0,24,58,0,92,92,86,77,54,59,0,0,0,32,27,54,0,87,36,0,0,0,0,0,0,0,82,0,0,49,3,0,0
l18,0=0,0,0,0,0,0,0,0,0,0,0,0,0,0,0,0,0,0,0,0,88,2,65,0,0,0,0,0,0,0,0,0,0,0,0,0,0,0,0,0
l19,0=0,0,0,0,0,0,0,0,3,0,0,27,0,51,0,0,65,0,0,0,86,52,92,0,0,0,0,0,0,1,0,31,0,0,0,35,51,15,59,74
l20,0=0,0,0,0,0,0,0,0,0,0,0,0,47,0,43,2,46,47,51,71,0,90,92,0,0,0,0,0,0,0,0,0,0,0,11,0,57,56,98,86
l21,0=0,0,0,0,0,0,0,0,20,0,0,27,47,59,0,0,86,43,23,46,98,0,92,0,0,0,0,0,0,0,0,0,0,0,0,69,32,17,93,65
l22,0=0,0,0,0,0,0,0,0,14,20,0,0,0,54,26,17,78,35,38,89,98,90,0,0,24,0,21,0,0,0,0,0,1,0,0,45,95,31,86,77
l23,0=0,0,0,0,0,0,0,0,12,0,0,0,77,84,84,0,48,0,0,0,0,0,0,0,84,0,0,0,0,0,0,0,0,72,75,0,0,0,0,0
l24,0=0,0,0,0,0,0,0,0,26,0,0,80,92,82,85,82,50,53,0,0,0,0,18,83,0,42,0,0,0,0,0,0,32,81,76,0,0,0,16,0
l25,0=0,0,0,0,0,0,0,0,4,0,0,0,78,73,89,0,0,52,0,0,0,0,0,0,82,0,25,1,0,0,0,23,32,80,76,0,0,0,0,0
l26,0=0,0,0,0,0,0,0,0,0,0,0,0,0,0,0,0,0,0,0,10,0,0,66,0,0,51,0,73,87,85,93,89,76,72,63,0,0,0,0,0
l27,0=0,0,0,0,0,0,0,0,0,0,0,0,0,0,0,0,0,0,0,0,0,0,0,0,0,0,79,0,87,90,99,72,67,67,61,0,0,0,0,0
l28,0=0,0,0,0,0,0,0,0,0,0,0,0,0,0,0,0,0,0,0,0,0,0,0,0,0,0,85,99,0,90,99,84,71,74,62,0,0,0,0,0
l29,0=0,0,0,0,0,0,0,0,0,0,0,0,0,0,0,0,0,0,0,46,0,0,0,0,0,0,80,99,87,0,99,68,68,69,55,0,0,0,0,0
l30,0=0,0,0,0,0,0,0,0,0,0,0,0,0,0,0,0,0,0,0,0,0,0,0,0,0,0,78,100,87,90,0,70,79,81,0,0,0,0,0,0
l31,0=0,0,0,0,0,0,0,0,0,0,0,0,0,0,0,0,0,0,0,62,0,0,0,0,0,53,82,57,78,64,54,0,89,90,94,0,0,0,0,0
l32,0=0,0,0,0,0,0,0,0,0,0,0,0,0,0,0,0,0,0,0,0,0,0,0,1,62,55,79,54,74,59,55,86,0,91,95,0,0,0,0,0
l33,0=0,0,0,0,0,0,0,0,0,0,0,0,69,0,62,0,58,72,0,0,0,0,0,59,66,63,68,51,64,55,72,82,87,0,74,0,0,0,0,0
l34,0=0,0,0,0,0,0,0,0,0,0,0,0,0,0,0,0,0,0,0,0,38,0,7,67,63,68,76,59,73,58,0,93,95,78,0,0,0,0,0,0
l35,0=0,0,0,0,0,0,0,0,0,0,0,0,0,0,0,0,23,0,0,25,0,17,28,0,0,0,0,0,0,0,0,0,0,0,0,0,49,57,96,35
l36,0=0,0,0,0,0,0,0,0,0,0,0,68,45,30,0,0,38,43,0,50,36,15,68,0,0,0,0,0,0,0,0,0,0,0,0,75,0,58,58,50
l37,0=0,0,0,0,0,0,0,0,0,0,0,0,0,0,0,0,23,1,0,22,35,2,25,0,0,0,0,0,0,0,0,0,0,0,0,78,56,0,39,54
l38,0=0,0,0,0,0,0,0,0,14,0,0,62,63,56,0,47,57,0,0,47,38,28,62,0,0,0,0,0,0,0,0,0,0,0,0,79,57,33,0,53
l39,0=0,0,0,0,0,0,0,0,0,0,0,0,0,0,0,0,47,0,0,58,36,21,42,0,0,0,0,0,0,0,0,0,0,0,0,56,45,59,49,0

l0,1=0,90,91,92,76,90,81,34,43,85,40,0,0,7,0,0,0,0,0,0,0,0,0,0,0,0,0,0,0,0,0,0,0,0,0,0,0,0,0,0
l1,1=86,0,91,90,90,91,77,83,63,75,84,0,0,39,0,0,0,0,0,0,0,0,0,1,0,0,0,0,0,0,0,0,0,0,0,0,0,0,0,0
l2,1=86,93,0,86,72,92,86,88,0,88,90,0,0,0,0,11,0,0,0,0,0,0,0,0,0,0,0,0,0,0,0,0,0,0,0,0,0,0,0,0
l3,1=86,89,83,0,90,90,73,18,0,51,82,0,0,0,0,0,0,0,0,0,0,0,0,0,0,0,0,0,0,0,0,0,0,0,0,0,0,0,0,0
l4,1=67,89,73,90,0,83,70,2,68,82,83,0,0,49,0,0,0,0,0,0,0,0,0,0,0,0,0,0,0,0,0,0,0,0,0,0,0,0,0,0
l5,1=86,90,91,91,89,0,84,89,75,87,89,0,0,0,0,0,0,0,0,0,0,0,0,0,0,0,0,0,0,0,0,0,0,0,0,0,0,0,0,0
l6,1=71,53,89,46,48,83,0,90,81,50,90,35,8,51,0,0,18,0,0,0,0,0,0,0,0,0,0,0,0,0,0,0,0,0,0,0,0,0,0,0
l7,1=22,84,85,33,19,88,85,0,84,86,91,33,7,22,0,5,0,0,0,0,0,0,0,0,0,0,0,0,0,0,0,0,0,0,0,0,0,0,0,0
l8,1=1,13,0,0,26,57,69,71,0,88,80,67,0,77,37,61,47,39,0,0,0,33,36,7,0,0,0,0,0,0,0,0,0,0,0,0,0,0,8,0
l9,1=46,25,75,33,68,80,55,79,86,0,90,63,31,80,24,51,22,37,0,0,0,15,29,0,0,0,0,0,0,0,0,0,0,0,0,0,0,0,0,0
l10,1=28,78,91,69,82,85,84,92,84,88,0,58,0,80,0,49,0,0,0,0,0,3,0,0,0,0,0,0,0,0,0,0,0,0,0,0,0,0,0,0
l11,1=0,0,0,0,0,0,45,27,63,69,59,0,86,79,50,71,57,76,0,30,0,0,0,0,41,0,0,0,0,0,0,0,0,0,0,38,49,0,33,0
l12,1=0,0,0,0,0,0,0,0,0,23,0,82,0,45,84,72,64,84,0,0,42,27,3,55,90,64,0,0,0,0,0,0,0,0,0,0,0,0,33,0
l13,1=0,0,0,0,11,0,43,0,69,76,71,84,77,0,42,25,55,62,0,20,21,23,33,36,0,26,0,0,0,0,0,0,0,0,0,0,0,0,26,0
l14,1=0,0,0,0,0,0,0,0,45,41,0,63,86,35,0,38,60,57,0,0,37,22,0,70,51,61,0,0,0,0,0,0,0,0,0,0,1,0,0,0
l15,1=0,0,1,0,0,0,0,0,58,51,44,93,88,22,37,0,33,73,0,0,21,0,28,25,61,0,0,0,0,0,0,0,0,0,0,0,32,0,11,0
l16,1=0,0,0,0,0,0,16,0,49,41,0,45,54,32,40,14,0,65,0,27,46,36,53,21,23,24,0,0,0,0,0,0,4,4,0,46,39,3,23,41
l17,1=0,0,0,0,0,0,0,0,48,46,0,81,94,37,41,45,69,0,0,0,43,12,25,25,32,26,0,0,0,0,0,0,0,5,0,0,44,0,3,0
l18,1=0,0,0,0,0,0,0,0,0,0,0,0,0,0,0,0,0,0,0,24,55,39,56,0,0,0,0,0,0,0,0,0,0,0,0,0,0,0,0,0
l19,1=0,0,0,0,0,0,0,0,0,0,0,23,0,24,0,0,33,0,30,0,64,33,68,0,0,0,0,0,0,0,0,28,0,0,0,0,45,20,49,49
l20,1=0,0,0,0,0,0,0,0,0,0,0,0,43,25,31,9,53,48,44,55,0,48,67,0,0,0,0,0,0,0,0,0,0,0,1,49,56,32,65,54
l21,1=0,0,0,0,0,0,0,0,53,39,8,0,39,35,31,0,54,36,41,41,69,0,68,0,0,0,2,0,0,0,0,24,25,0,0,60,38,46,61,51
l22,1=0,0,0,0,0,0,0,0,46,26,0,0,20,28,0,24,54,43,44,58,69,48,0,0,4,0,26,0,0,4,0,0,2,0,0,50,67,32,57,52
l23,1=0,0,0,0,0,0,0,0,35,0,0,0,69,36,73,32,46,46,0,0,0,0,0,0,82,57,0,0,0,0,0,0,0,0,60,0,0,0,0,0
l24,1=0,0,0,0,0,0,0,0,0,0,0,56,89,5,49,48,58,68,0,0,0,0,8,77,0,67,0,0,0,0,0,0,24,32,44,0,0,0,0,0
l25,1=0,0,0,0,0,0,0,0,14,0,0,0,68,33,76,0,53,49,0,0,0,0,0,57,77,0,26,0,32,4,0,42,0,40,54,0,0,0,0,0
l26,1=0,0,0,0,0,0,0,0,0,0,0,0,0,0,0,0,0,0,0,0,0,1,39,0,0,32,0,61,77,77,69,70,60,53,50,0,0,0,0,0
l27,1=0,0,0,0,0,0,0,0,0,0,0,0,0,0,0,0,0,0,0,0,0,0,0,0,0,0,59,0,74,80,92,51,63,48,58,0,0,0,0,0
l28,1=0,0,0,0,0,0,0,0,0,0,0,0,0,0,0,0,0,0,0,14,20,0,0,0,0,29,77,86,0,86,87,65,47,54,53,0,0,0,0,0
l29,1=0,0,0,0,0,0,0,0,0,0,0,0,0,0,0,0,0,0,0,14,0,0,17,0,0,3,69,86,77,0,87,58,51,39,43,0,0,0,0,0
l30,1=0,0,0,0,0,0,0,0,0,0,0,0,0,0,0,0,0,0,0,0,0,0,0,0,0,0,59,90,77,85,0,44,50,51,0,0,0,0,0,0
l31,1=0,0,0,0,0,0,0,0,0,0,0,0,0,0,0,0,0,0,0,37,0,23,0,0,0,38,66,51,62,55,45,0,69,64,66,0,0,0,0,0
l32,1=0,0,0,0,0,0,0,0,0,0,0,0,0,0,0,0,36,0,0,0,0,23,7,0,43,0,64,56,49,58,53,69,0,67,76,0,0,0,0,0
l33,1=0,0,0,0,0,0,0,0,0,0,0,0,10,0,0,0,49,49,0,0,0,0,0,13,50,53,57,49,55,50,62,65,68,0,60,0,0,0,0,0
l34,1=0,0,0,0,0,0,0,0,0,0,0,0,0,0,0,0,42,0,0,0,32,0,0,51,39,46,57,55,61,52,0,74,82,65,0,0,0,0,0,0
l35,1=0,0,0,0,0,0,0,0,0,0,0,27,0,0,0,0,33,0,0,0,38,36,46,0,0,0,0,0,0,0,0,0,0,0,0,0,61,46,71,44
l36,1=0,0,0,0,0,0,0,0,0,0,0,44,0,1,0,11,43,46,0,35,59,9,57,0,0,0,0,0,0,0,0,0,0,0,0,77,0,36,45,50
l37,1=0,0,0,0,0,0,0,0,0,0,0,0,0,0,0,0,10,0,0,28,51,35,52,0,0,0,0,0,0,0,0,0,0,0,0,77,58,0,41,57
l38,1=0,0,0,0,0,0,0,0,5,0,0,42,48,29,0,6,47,2,0,43,65,43,58,0,0,0,0,0,0,0,0,0,0,0,0,78,71,34,0,51
l39,1=0,0,0,0,0,0,0,0,0,0,0,0,0,0,0,0,45,0,0,43,56,39,59,0,0,0,0,0,0,0,0,0,0,0,0,58,52,40,33,0

l0,2=0,88,81,80,83,86,68,0,10,82,0,0,0,0,0,0,0,0,0,0,0,0,0,0,0,0,0,0,0,0,0,0,0,0,0,0,0,0,0,0
l1,2=88,0,85,89,85,89,89,84,55,86,88,0,0,0,0,0,0,0,0,0,0,0,0,0,0,0,0,0,0,0,0,0,0,0,0,0,0,0,0,0
l2,2=87,90,0,79,88,93,91,90,0,88,88,0,0,0,0,0,0,0,0,0,0,0,0,0,0,0,0,0,0,0,0,0,0,0,0,0,0,0,0,0
l3,2=88,90,79,0,87,89,40,41,19,0,70,0,0,0,0,0,0,0,0,0,0,0,0,0,0,0,0,0,0,0,0,0,0,0,0,0,0,0,0,0
l4,2=83,86,80,80,0,86,86,64,54,86,67,0,0,0,0,0,0,0,0,0,0,0,0,0,0,0,0,0,0,0,0,0,0,0,0,0,0,0,0,0
l5,2=83,88,87,81,85,0,88,87,66,85,88,0,0,0,0,0,0,0,0,0,0,0,0,0,0,0,0,0,0,0,0,0,0,0,0,0,0,0,0,0
l6,2=29,86,90,20,79,73,0,64,38,74,87,29,30,26,0,29,0,0,0,0,0,0,0,0,0,0,0,0,0,0,0,0,0,0,0,0,0,0,0,0
l7,2=0,64,87,21,52,62,56,0,72,85,89,25,0,33,0,33,15,0,0,0,0,0,0,0,0,0,0,0,0,0,0,0,0,0,0,0,0,0,0,0
l8,2=0,27,0,3,46,48,36,74,0,88,76,43,0,64,0,59,40,43,0,0,0,36,28,10,45,28,0,0,0,0,0,0,0,0,0,0,0,0,22,0
l9,2=25,41,76,3,70,54,34,80,74,0,88,32,32,62,4,37,25,23,0,0,0,27,0,0,0,0,0,0,0,0,0,0,0,0,0,0,0,0,0,0
l10,2=0,71,70,31,53,79,85,89,71,88,0,38,0,54,0,32,0,8,0,0,0,0,0,38,0,0,0,0,0,0,0,0,0,0,0,0,0,0,0,0
l11,2=0,0,0,0,0,0,29,22,52,59,54,0,83,70,62,79,51,81,0,29,10,45,29,41,28,0,0,0,0,0,0,0,0,0,0,27,52,0,26,19
l12,2=0,0,0,0,0,0,29,0,0,38,0,78,0,51,69,75,63,84,0,0,0,32,4,75,91,75,0,0,0,0,0,0,0,0,0,0,0,0,34,0
l13,2=0,0,0,0,0,0,3,35,66,80,54,80,45,0,36,60,47,43,1,25,11,30,22,41,38,27,0,0,0,0,0,0,0,0,0,0,0,0,34,0
l14,2=0,0,0,0,0,0,0,0,0,6,0,62,81,37,0,40,65,49,0,0,4,0,0,77,65,63,0,0,0,0,0,0,0,32,0,0,0,0,35,0
l15,2=0,0,0,0,0,0,29,41,60,50,38,92,80,49,43,0,40,69,0,12,29,2,0,0,76,0,0,0,0,0,0,0,0,0,0,0,29,0,35,0
l16,2=0,0,0,0,0,0,0,0,42,6,0,45,62,44,62,38,0,66,0,21,35,49,58,27,49,46,0,0,0,0,0,0,0,8,0,45,52,33,44,38
l17,2=0,0,0,0,0,0,0,0,43,22,1,79,84,53,56,64,76,0,0,0,31,0,41,51,64,0,0,0,0,0,0,0,0,29,0,0,48,0,42,0
l18,2=0,0,0,0,0,0,0,0,0,0,0,0,0,6,0,0,0,0,0,53,38,58,61,0,0,0,0,0,0,0,0,0,0,0,0,0,0,0,0,0
l19,2=0,0,0,0,0,0,0,0,0,0,0,14,0,43,0,0,32,0,51,0,49,0,72,0,0,0,0,0,28,38,0,46,0,0,0,0,62,28,58,45
l20,2=0,0,0,0,0,0,0,0,0,0,0,0,0,41,0,40,63,43,45,65,0,69,70,0,1,0,0,0,0,0,0,0,0,0,18,55,67,52,63,49
l21,2=0,0,0,0,0,0,0,0,45,37,0,42,42,46,1,5,63,1,49,0,60,0,74,0,0,0,0,0,0,0,0,0,0,30,0,56,51,65,63,47
l22,2=0,0,0,0,0,0,0,0,39,0,0,29,27,45,0,0,66,42,52,73,53,70,0,0,0,0,0,0,0,33,0,0,0,0,0,55,65,56,57,49
l23,2=0,0,0,0,0,0,0,0,4,0,18,7,75,48,64,0,25,54,0,0,0,0,0,0,83,70,0,0,0,0,0,0,0,0,40,0,0,0,0,0
l24,2=0,0,0,0,0,0,0,0,56,0,0,26,81,55,62,68,63,70,0,0,6,0,0,80,0,73,0,0,0,0,0,0,11,44,29,0,32,0,9,0
l25,2=0,0,0,0,0,0,0,0,41,0,0,0,75,39,60,0,54,6,0,0,0,0,0,69,77,0,41,0,0,0,0,60,47,56,53,0,0,0,0,0
l26,2=0,0,0,0,0,0,0,0,0,0,0,0,0,0,0,0,0,0,0,0,0,0,0,0,0,42,0,31,72,71,74,75,57,58,54,0,0,0,0,0
l27,2=0,0,0,0,0,0,0,0,0,0,0,0,0,0,0,0,0,0,0,0,0,0,0,0,0,0,39,0,69,73,90,67,55,38,56,0,0,0,0,0
l28,2=0,0,0,0,0,0,0,0,0,0,0,0,0,0,0,0,0,0,0,41,4,0,8,0,0,0,78,88,0,82,84,75,39,55,55,0,0,0,0,0
l29,2=0,0,0,0,0,0,0,0,0,0,0,0,0,0,0,0,0,0,0,43,0,0,42,0,0,0,70,86,72,0,77,61,50,0,15,0,0,0,0,0
l30,2=0,0,0,0,0,0,0,0,0,0,0,0,0,0,0,0,0,0,0,0,0,0,0,0,0,0,67,91,69,64,0,48,47,57,39,0,0,0,0,0
l31,2=0,0,0,0,0,0,0,0,0,0,0,0,0,0,0,0,0,0,0,42,0,0,0,3,0,44,71,46,55,54,46,0,66,64,79,0,0,0,0,0
l32,2=0,0,0,0,0,0,0,0,0,0,0,0,0,0,0,0,0,0,0,0,0,0,0,0,20,48,62,46,44,56,56,75,0,66,91,0,0,0,0,0
l33,2=0,0,0,0,0,0,0,0,0,0,0,0,0,0,48,0,17,23,0,0,0,35,0,5,51,62,57,37,55,0,57,72,63,0,76,0,0,0,0,0
l34,2=0,0,0,0,0,0,0,0,0,0,0,0,0,0,1,0,0,0,0,0,33,0,0,52,47,63,57,49,57,33,48,76,74,74,0,0,0,0,0,0
l35,2=0,0,0,0,0,0,0,0,0,0,0,0,0,0,0,0,51,0,0,0,33,51,53,0,0,0,0,0,0,0,0,0,0,0,0,0,70,68,72,48
l36,2=0,0,0,0,0,0,0,0,0,0,0,37,0,2,0,12,60,43,0,49,47,36,65,0,17,0,0,0,0,0,0,0,0,0,0,68,0,68,72,38
l37,2=0,0,0,0,0,0,0,0,0,0,0,0,0,0,0,0,34,0,0,21,30,56,55,0,0,0,0,0,0,0,0,0,0,0,0,68,70,0,65,52
l38,2=0,0,0,0,0,0,0,0,12,0,0,0,28,48,34,19,56,34,0,51,53,56,54,0,0,0,0,0,0,0,0,0,0,0,0,69,70,68,0,54
l39,2=0,0,0,0,0,0,0,0,0,0,0,0,0,0,0,0,58,0,0,51,38,58,61,0,0,0,0,0,0,0,0,0,0,0,0,55,60,61,57,0

l0,3=0,88,82,78,87,82,0,27,17,54,0,0,0,0,0,0,0,0,0,0,0,0,0,0,0,0,0,0,0,0,0,0,0,0,0,0,0,0,0,0
l1,3=85,0,87,85,87,88,85,75,66,65,33,0,0,0,0,0,0,0,0,0,0,0,0,0,0,0,0,0,0,0,0,0,0,0,0,0,0,0,0,0
l2,3=83,88,0,84,86,88,88,81,73,66,90,0,0,77,0,0,0,0,0,0,0,0,0,0,0,0,0,0,0,0,0,0,0,0,0,0,0,0,0,0
l3,3=78,89,82,0,81,75,81,0,63,13,68,0,0,0,0,0,0,0,0,0,0,0,0,0,0,0,0,0,0,0,0,0,0,0,0,0,0,0,0,0
l4,3=84,86,87,38,0,84,54,0,35,57,0,0,0,0,0,0,0,0,0,0,0,0,0,0,0,0,0,0,0,0,0,0,0,0,0,0,0,0,0,0
l5,3=83,89,93,85,86,0,85,80,79,65,88,45,0,80,0,0,0,0,0,0,0,0,0,0,0,0,0,0,0,0,0,0,0,0,0,0,0,0,0,0
l6,3=0,88,93,79,83,85,0,76,75,63,90,75,66,59,0,64,58,0,0,0,0,0,0,0,0,0,0,0,0,0,0,0,0,0,0,0,0,0,0,0
l7,3=64,80,87,0,0,81,82,0,81,72,96,0,0,76,0,76,54,0,0,0,0,0,0,0,0,0,0,0,0,0,0,0,0,0,0,0,0,0,0,0
l8,3=0,24,36,26,33,42,43,78,0,73,85,60,22,83,0,83,31,38,0,0,0,44,24,4,42,9,0,0,0,0,0,0,0,0,0,0,0,0,15,0
l9,3=34,29,40,17,45,40,54,75,84,0,96,33,22,83,36,39,0,0,0,0,28,11,0,0,0,0,0,0,0,0,0,0,0,0,0,0,0,0,0,0
l10,3=0,23,84,26,0,78,86,85,81,77,0,32,21,83,31,28,0,0,0,0,0,0,0,24,14,0,0,0,0,0,0,0,0,0,0,0,0,0,23,0
l11,3=0,0,0,0,0,35,43,0,74,29,34,0,91,84,85,93,27,90,0,18,30,38,35,45,77,22,0,0,0,0,0,0,0,0,0,0,41,35,78,0
l12,3=0,0,0,0,0,0,36,0,27,15,2,93,0,47,95,89,35,95,0,19,0,40,26,81,95,89,0,0,0,0,0,0,0,17,0,24,0,0,36,0
l13,3=0,0,37,0,0,32,14,27,84,75,37,92,36,0,0,75,29,43,27,19,33,26,29,35,32,34,0,0,0,0,0,0,0,0,0,0,6,0,34,0
l14,3=0,0,0,0,0,0,0,0,0,27,26,96,97,32,0,31,40,25,0,0,33,0,11,90,95,49,0,0,0,0,0,0,0,29,2,0,0,0,36,1
l15,3=0,0,0,0,0,0,34,29,79,41,18,96,92,83,40,0,74,78,0,7,37,18,0,35,87,0,0,0,0,0,0,0,0,0,0,0,0,0,37,22
l16,3=0,0,0,0,0,0,30,18,32,0,0,15,33,41,78,40,0,85,23,24,62,68,75,30,40,30,0,0,0,0,0,0,0,31,0,0,39,44,35,39
l17,3=0,0,0,0,0,0,0,0,68,1,0,92,97,78,24,76,89,0,0,0,53,37,26,38,78,0,0,0,0,0,0,0,0,12,0,34,75,0,51,28
l18,3=0,0,0,0,0,0,0,0,0,0,0,0,0,56,0,0,51,0,0,67,51,51,56,0,0,0,0,0,0,0,0,0,0,0,0,0,0,0,0,0
l19,3=0,0,0,0,0,0,0,0,0,0,0,1,48,44,0,1,47,0,55,0,71,86,91,0,0,0,0,0,60,59,0,48,0,0,0,49,86,29,83,68
l20,3=0,0,0,0,0,0,0,0,0,21,0,31,0,66,41,76,88,70,46,83,0,87,87,0,52,0,4,0,0,0,0,0,0,0,0,70,88,91,89,90
l21,3=0,0,0,0,0,0,0,0,77,17,0,72,79,53,0,38,89,61,53,85,77,0,87,0,0,0,0,0,0,0,0,0,0,50,0,64,86,90,87,62
l22,3=0,0,0,0,0,0,0,0,64,0,0,68,51,65,1,0,89,36,53,88,81,87,0,0,0,0,0,0,0,59,0,0,0,0,0,92,77,90,62,90
l23,3=0,0,0,0,0,0,0,0,3,0,0,34,87,39,88,34,30,39,0,0,0,0,0,0,94,88,0,0,0,0,0,1,0,0,0,0,0,0,0,0
l24,3=0,0,0,0,0,0,0,0,31,0,0,38,97,39,88,82,32,84,0,0,34,0,0,89,0,90,0,0,0,0,0,0,0,38,0,0,31,0,34,0
l25,3=0,0,0,0,0,0,0,0,21,0,0,9,90,37,80,0,29,0,0,0,0,0,0,86,86,0,15,0,0,1,0,35,44,64,43,0,0,0,0,0
l26,3=0,0,0,0,0,0,0,0,0,0,0,0,0,0,0,0,0,0,0,3,37,0,0,0,0,15,0,55,98,95,95,90,81,67,79,0,0,0,0,0
l27,3=0,0,0,0,0,0,0,0,0,0,0,0,0,0,0,0,0,0,0,0,0,0,0,0,0,0,88,0,92,94,99,81,75,0,3,0,0,0,0,0
l28,3=0,0,0,0,0,0,0,0,0,0,0,0,0,0,0,0,0,0,0,49,0,0,24,0,0,0,96,99,0,98,92,85,77,88,80,0,0,0,0,0
l29,3=0,0,0,0,0,0,0,0,0,0,0,0,0,0,0,0,0,0,0,50,0,0,59,0,0,0,95,98,98,0,90,64,72,63,71,0,0,0,0,0
l30,3=0,0,0,0,0,0,0,0,0,0,0,0,0,0,0,0,0,0,0,0,0,0,0,0,0,0,93,99,83,91,0,67,78,73,0,0,0,0,0,0
l31,3=0,0,0,0,0,0,0,0,0,0,0,0,0,0,0,0,0,0,0,51,0,0,0,48,0,63,95,52,84,71,68,0,90,95,98,0,0,0,0,0
l32,3=0,0,0,0,0,0,0,0,0,0,0,0,17,0,0,0,0,0,0,0,0,0,0,0,0,78,90,72,77,85,82,99,0,96,98,0,0,0,0,0
l33,3=0,0,0,0,0,0,0,0,0,0,0,0,25,0,21,0,52,4,0,0,0,30,0,0,79,91,65,0,88,68,52,91,86,0,92,0,0,0,0,0
l34,3=0,0,0,0,0,0,0,0,0,0,0,0,0,0,30,0,0,0,0,0,28,0,0,27,0,85,89,12,79,81,25,95,90,98,0,0,0,0,0,0
l35,3=0,0,0,0,0,0,0,0,0,0,0,0,21,0,0,0,0,7,0,9,41,38,66,0,0,0,0,0,0,0,0,0,0,0,0,0,87,91,87,91
l36,3=0,0,0,0,0,0,0,0,0,0,0,55,3,15,0,0,63,53,0,61,51,70,58,0,25,0,0,0,0,0,0,0,0,0,0,92,0,91,88,78
l37,3=0,0,0,0,0,0,0,0,0,0,0,2,0,0,0,0,65,0,0,32,56,71,76,0,0,0,0,0,0,0,0,0,0,0,0,92,88,0,82,91
l38,3=0,0,0,0,0,0,0,0,2,0,0,75,54,59,73,57,64,52,0,65,69,76,41,0,44,0,0,0,0,0,0,0,0,0,0,94,89,87,0,90
l39,3=0,0,0,0,0,0,0,0,0,0,0,0,0,0,0,0,75,1,0,56,57,26,73,0,0,0,0,0,0,0,0,0,0,0,0,93,85,91,89,0

l0,4=0,92,72,87,85,83,0,30,79,91,0,0,0,0,0,0,0,0,0,0,0,0,0,0,0,0,0,0,0,0,0,0,0,0,0,0,0,0,0,0
l1,4=82,0,83,87,95,92,93,80,82,86,80,0,0,7,0,0,0,0,0,0,0,0,0,0,0,0,0,0,0,0,0,0,0,0,0,0,0,0,0,0
l2,4=62,84,0,81,92,95,93,86,81,87,84,0,0,84,0,5,0,0,0,0,0,0,0,0,0,0,0,0,0,0,0,0,0,0,0,0,0,0,0,0
l3,4=78,91,85,0,84,83,85,0,83,0,0,0,0,0,0,0,0,0,0,0,0,0,0,0,0,0,0,0,0,0,0,0,0,0,0,0,0,0,0,0
l4,4=82,93,88,87,0,92,91,80,79,82,64,0,0,14,0,0,0,0,0,0,0,0,0,0,0,0,0,0,0,0,0,0,0,0,0,0,0,0,0,0
l5,4=67,89,88,81,89,0,91,89,81,89,84,0,0,81,0,74,0,0,0,0,0,0,0,0,0,0,0,0,0,0,0,0,0,0,0,0,0,0,0,0
l6,4=0,93,87,73,89,90,0,95,78,92,90,77,77,0,0,70,84,0,0,0,0,0,0,0,0,0,0,0,0,0,0,0,0,0,0,0,0,0,0,0
l7,4=36,69,87,0,79,92,93,0,88,97,93,76,0,83,0,80,0,0,0,0,0,0,0,0,0,0,0,0,0,0,0,0,0,0,0,0,0,0,0,0
l8,4=55,68,41,68,84,73,76,82,0,92,74,83,81,90,77,78,83,75,0,0,52,78,60,0,0,0,0,0,0,0,0,0,0,0,0,0,0,0,0,0
l9,4=59,71,76,5,84,77,91,92,91,0,93,81,0,90,0,63,0,75,0,0,75,0,65,0,0,0,0,0,0,0,0,0,0,0,0,0,0,0,0,0
l10,4=0,69,87,0,75,84,93,95,88,97,0,85,78,90,78,75,0,61,0,0,0,0,0,45,0,0,0,0,0,0,0,0,0,0,0,0,0,0,0,0
l11,4=0,0,0,0,0,0,85,74,82,83,75,0,87,89,82,98,84,77,0,0,0,81,60,74,58,65,0,0,0,0,0,0,0,0,0,0,79,43,85,0
l12,4=0,0,0,0,0,0,44,0,74,0,75,88,0,90,91,86,90,91,0,24,77,0,0,84,74,87,0,0,0,0,0,0,61,55,0,52,50,0,85,0
l13,4=0,0,74,0,0,14,0,62,86,84,73,84,83,0,80,80,82,75,0,46,81,65,62,69,0,75,0,0,0,0,0,0,0,0,0,0,23,0,61,0
l14,4=0,0,0,0,0,0,0,0,75,0,75,91,96,89,0,0,87,24,0,0,82,0,26,89,78,84,0,0,0,0,0,0,0,65,74,0,34,0,85,0
l15,4=0,0,0,0,0,57,83,80,79,76,73,95,86,91,0,0,82,72,0,10,80,78,60,70,65,21,0,0,0,0,0,0,0,0,0,0,79,45,84,0
l16,4=0,0,0,0,0,0,82,0,66,0,0,86,90,89,89,79,0,89,73,75,89,81,65,72,65,79,0,0,0,0,0,0,0,0,0,77,80,59,89,83
l17,4=0,0,0,0,0,0,0,0,75,81,46,91,96,90,37,79,93,0,0,7,83,74,62,67,72,13,0,0,0,0,0,0,0,0,0,77,82,0,84,82
l18,4=0,0,0,0,0,0,0,0,0,0,0,0,0,0,0,0,82,0,0,77,63,92,70,0,0,0,0,0,0,0,0,0,0,0,0,0,0,0,0,0
l19,4=0,0,0,0,0,0,0,0,0,0,0,0,62,69,0,0,83,0,80,0,94,96,90,0,0,0,5,0,0,78,0,0,0,0,0,77,82,0,82,83
l20,4=0,0,0,0,0,0,0,0,18,64,0,0,74,79,81,77,88,69,43,93,0,96,86,0,57,0,0,0,54,0,0,0,37,0,0,78,89,77,94,86
l21,4=0,0,0,0,0,0,0,0,67,0,0,81,0,72,0,74,93,58,76,93,94,0,88,0,23,0,0,0,0,0,0,0,0,41,0,71,90,71,94,93
l22,4=0,0,0,0,0,0,0,0,51,77,0,78,0,82,8,50,87,49,79,97,96,96,0,0,0,0,54,0,0,63,0,0,39,27,0,68,88,81,94,49
l23,4=0,0,0,0,0,0,0,0,0,0,3,86,94,90,94,82,83,43,0,0,0,0,0,0,81,94,0,0,0,0,0,0,0,70,81,0,0,0,0,0
l24,4=0,0,0,0,0,0,0,0,0,0,0,84,95,0,94,87,86,87,0,0,82,2,0,94,0,88,0,0,0,0,0,0,0,67,0,0,0,0,0,0
l25,4=0,0,0,0,0,0,0,0,0,0,0,55,96,83,95,31,81,20,0,0,0,0,0,95,86,0,0,0,0,63,0,80,89,89,87,0,0,0,0,0
l26,4=0,0,0,0,0,0,0,0,0,0,0,0,0,0,0,0,0,0,0,32,0,0,65,0,0,0,0,87,100,100,98,97,92,68,91,0,0,0,0,0
l27,4=0,0,0,0,0,0,0,0,0,0,0,0,0,0,0,0,0,0,0,0,0,0,0,0,0,0,95,0,99,99,100,90,87,0,81,0,0,0,0,0
l28,4=0,0,0,0,0,0,0,0,0,0,0,0,0,0,0,0,0,0,0,22,84,0,0,0,0,0,98,100,0,100,96,95,96,90,94,0,0,0,0,0
l29,4=0,0,0,0,0,0,0,0,0,0,0,0,0,0,0,0,0,0,0,88,0,0,64,0,0,76,95,95,100,0,97,84,87,80,87,0,0,0,0,0
l30,4=0,0,0,0,0,0,0,0,0,0,0,0,0,0,0,0,0,0,0,0,0,0,0,0,0,0,95,100,98,99,0,95,88,79,0,0,0,0,0,0
l31,4=0,0,0,0,0,0,0,0,0,0,0,0,0,0,1,0,0,0,0,0,0,0,0,0,0,84,98,87,85,91,89,0,100,99,100,0,0,0,0,0
l32,4=0,0,0,0,0,0,0,0,0,0,0,0,92,0,0,0,0,0,0,0,74,0,57,0,0,94,98,90,98,98,95,99,0,99,100,0,0,0,0,0
l33,4=0,0,0,0,0,0,0,0,0,0,0,0,82,0,78,0,0,0,0,0,0,48,45,84,71,97,84,0,84,84,82,99,100,0,100,0,0,0,0,0
l34,4=0,0,0,0,0,0,0,0,0,0,0,0,0,0,86,0,0,0,0,0,8,0,0,94,16,94,98,80,98,98,0,99,100,100,0,0,0,0,0,0
l35,4=0,0,0,0,0,0,0,0,0,0,0,0,39,0,0,0,77,33,0,36,68,43,32,0,0,0,0,0,0,0,0,0,0,0,0,0,88,80,87,88
l36,4=0,0,0,0,0,0,0,0,0,0,0,55,48,31,5,47,62,60,0,64,82,65,65,0,0,0,0,0,0,0,0,0,0,0,0,85,0,79,85,88
l37,4=0,0,0,0,0,0,0,0,0,0,0,0,0,0,0,7,50,0,0,0,67,74,62,0,0,0,0,0,0,0,0,0,0,0,0,87,91,0,85,85
l38,4=0,0,0,0,0,0,0,0,0,0,0,80,76,32,76,73,88,50,0,69,89,76,71,0,0,0,0,0,0,0,0,0,0,0,0,86,87,74,0,88
l39,4=0,0,0,0,0,0,0,0,0,0,0,0,0,0,0,0,70,44,0,75,67,81,0,0,0,0,0,0,0,0,0,0,0,0,0,85,87,74,87,0

l0,5=0,88,77,62,72,74,73,0,0,78,74,0,0,0,0,0,0,0,0,0,0,0,0,0,0,0,0,0,0,0,0,0,0,0,0,0,0,0,0,0
l1,5=79,0,90,62,88,84,83,72,0,79,74,0,0,3,0,0,0,0,0,0,0,0,0,10,0,0,0,0,0,0,0,0,0,0,0,0,0,0,0,0
l2,5=61,77,0,62,73,78,75,68,2,79,74,0,0,10,0,0,0,0,0,0,0,0,0,0,0,0,0,0,0,0,0,0,0,0,0,0,0,0,0,0
l3,5=62,73,77,0,87,77,72,0,23,76,0,0,0,0,0,0,0,0,0,0,0,0,0,0,0,0,0,0,0,0,0,0,0,0,0,0,0,0,0,0
l4,5=55,85,85,70,0,80,76,73,69,0,71,0,0,51,0,0,0,0,0,0,0,0,0,0,0,0,0,0,0,0,0,0,0,0,0,0,0,0,0,0
l5,5=58,88,84,62,88,0,71,80,61,79,74,66,0,67,0,0,0,0,0,0,0,0,0,0,0,0,0,0,0,0,0,0,0,0,0,0,0,0,0,0
l6,5=54,73,76,56,71,40,0,81,60,76,75,70,0,0,0,0,33,0,0,7,0,0,0,0,0,0,0,0,0,0,0,0,0,0,0,0,0,0,0,0
l7,5=0,63,58,50,57,74,75,0,70,72,87,73,0,49,0,54,0,0,0,0,0,0,0,0,0,0,0,0,0,0,0,0,0,0,0,0,0,0,0,0
l8,5=0,0,0,11,27,17,27,83,0,85,77,81,0,82,24,20,37,38,0,0,10,50,33,17,26,0,0,0,0,0,0,0,0,0,0,0,0,0,0,0
l9,5=60,69,76,57,0,74,73,78,79,0,82,79,0,79,3,35,20,52,0,0,41,0,38,0,25,0,0,0,0,0,0,0,0,0,0,0,0,0,25,0
l10,5=50,65,77,0,65,74,73,86,70,89,0,74,1,66,48,48,0,44,0,0,0,0,0,0,0,0,0,0,0,0,0,0,0,0,0,0,0,0,0,0
l11,5=0,0,0,0,0,12,19,53,77,83,69,0,74,75,57,69,41,49,0,0,44,39,25,17,19,36,0,0,0,0,0,0,0,0,0,0,32,14,39,0
l12,5=0,0,0,0,0,0,0,0,0,0,0,84,0,66,81,23,42,86,0,0,40,0,0,22,53,72,0,0,0,0,0,0,33,3,0,25,25,0,31,0
l13,5=0,0,0,0,8,22,0,0,83,84,60,80,62,0,44,62,35,70,0,13,48,0,33,18,13,49,0,0,0,0,0,0,0,0,0,20,6,0,0,0
l14,5=0,0,0,0,0,0,0,0,45,23,44,83,79,66,0,17,39,41,0,0,49,0,30,48,83,71,0,0,0,0,0,25,0,23,14,0,4,0,32,0
l15,5=0,0,0,0,0,0,0,74,71,67,60,88,67,87,41,0,31,35,0,0,0,43,33,22,32,40,0,0,0,0,0,0,0,0,0,0,27,0,35,22
l16,5=0,0,0,0,0,0,15,0,48,24,0,67,75,52,49,9,0,54,0,26,59,53,36,0,24,37,0,0,0,0,0,2,0,11,2,37,30,12,38,23
l17,5=0,0,0,0,0,0,0,0,64,63,30,87,79,77,57,20,44,0,0,6,69,38,17,0,32,49,0,0,0,0,0,0,0,0,0,29,36,2,0,15
l18,5=0,0,0,0,0,0,0,0,0,0,0,0,0,0,0,0,0,0,0,0,0,64,41,0,0,0,0,0,0,0,0,0,0,0,0,0,0,0,0,0
l19,5=0,0,0,0,0,0,0,0,0,0,0,0,0,20,0,0,23,0,0,0,78,68,77,0,0,0,27,0,0,12,0,0,0,0,0,0,45,0,2,28
l20,5=0,0,0,0,0,0,0,0,4,15,0,22,26,30,34,0,37,60,0,79,0,69,77,0,8,0,0,0,6,0,0,0,18,0,0,49,58,35,74,30
l21,5=0,0,0,0,0,0,0,0,38,4,0,34,0,0,0,9,26,15,54,77,76,0,66,0,11,0,0,0,0,0,0,0,0,0,0,51,53,44,32,52
l22,5=0,0,0,0,0,0,0,0,40,36,0,18,1,42,18,8,30,2,21,82,78,68,0,0,0,0,27,0,0,2,0,0,0,0,0,23,57,23,46,28
l23,5=0,0,0,0,0,0,0,0,53,0,0,64,70,62,77,50,0,0,0,0,0,0,0,0,82,73,0,0,0,0,0,0,0,65,68,0,0,0,0,0
l24,5=0,0,0,0,0,0,0,0,64,57,0,65,78,46,85,60,57,76,0,0,44,36,0,74,0,68,0,0,0,0,0,0,0,26,9,0,21,0,0,0
l25,5=0,0,0,0,0,0,0,0,0,0,0,51,72,55,76,14,31,30,0,0,0,0,0,76,70,0,0,0,0,13,0,0,70,70,26,0,0,0,0,0
l26,5=0,0,0,0,0,0,0,0,0,0,0,0,0,0,0,0,0,0,0,36,4,0,43,0,0,0,0,65,88,91,78,86,83,59,70,0,0,0,0,0
l27,5=0,0,0,0,0,0,0,0,0,0,0,0,0,0,0,0,0,0,0,0,0,0,0,0,0,0,68,0,84,73,92,74,76,0,0,0,0,0,0,0
l28,5=0,0,0,0,0,0,0,0,0,0,0,0,0,0,0,0,0,0,0,0,40,0,16,0,0,0,82,88,0,94,88,65,77,64,65,0,0,0,0,0
l29,5=0,0,0,0,0,0,0,0,0,0,0,0,0,0,0,0,0,0,0,47,0,0,32,0,0,42,78,85,88,0,86,52,66,57,59,0,0,0,0,0
l30,5=0,0,0,0,0,0,0,0,0,0,0,0,0,0,0,0,0,0,0,0,0,0,0,0,0,0,77,88,85,85,0,67,0,67,0,0,0,0,0,0
l31,5=0,0,0,0,0,0,0,0,0,0,0,0,0,0,14,0,2,0,0,0,0,0,0,0,0,0,77,57,59,38,55,0,87,77,79,0,0,0,0,0
l32,5=0,0,0,0,0,0,0,0,0,0,0,0,56,0,0,0,0,0,0,0,38,0,0,8,0,65,77,52,67,69,13,90,0,77,88,0,0,0,0,0
l33,5=0,0,0,0,0,0,0,0,0,0,0,0,46,0,50,0,24,0,0,0,0,0,0,58,42,65,65,0,63,49,64,65,75,0,77,0,0,0,0,0
l34,5=0,0,0,0,0,0,0,0,0,0,0,0,24,0,49,0,35,0,0,0,22,0,0,60,38,61,69,0,64,56,0,87,91,83,0,0,0,0,0,0
l35,5=0,0,0,0,0,0,0,0,0,0,0,0,17,18,0,0,18,11,0,0,29,28,6,0,0,0,0,0,0,0,0,0,0,0,0,0,38,4,27,26
l36,5=0,0,0,0,0,0,0,0,5,0,0,38,24,9,0,5,18,22,0,29,56,51,33,0,5,0,0,0,0,0,0,0,0,0,0,47,0,30,41,35
l37,5=0,0,0,0,0,0,0,0,0,0,0,21,0,0,0,0,15,0,0,0,43,43,29,0,0,0,0,0,0,0,0,0,0,0,0,21,53,0,37,32
l38,5=0,0,0,0,0,0,0,0,0,13,0,56,37,0,35,9,28,0,0,8,66,42,38,0,0,0,0,0,0,0,0,0,0,0,0,50,58,32,0,35
l39,5=0,0,0,0,0,0,0,0,0,0,0,0,0,0,0,1,20,0,0,24,46,53,27,0,0,0,0,0,0,0,0,0,0,0,0,49,61,26,39,0

l0,6=0,90,76,82,86,72,70,4,0,56,54,0,0,0,0,0,0,0,0,0,0,0,0,0,0,0,0,0,0,0,0,0,0,0,0,0,0,0,0,0
l1,6=86,0,77,85,87,74,75,37,0,73,48,0,0,0,0,0,0,0,0,0,0,0,0,27,0,0,0,0,0,0,0,0,0,0,0,0,0,0,0,0
l2,6=73,83,0,78,84,75,73,55,53,77,55,0,0,41,0,0,0,0,0,0,0,0,0,0,0,0,0,0,0,0,0,0,0,0,0,0,0,0,0,0
l3,6=66,82,64,0,87,73,70,0,0,66,0,0,0,0,0,0,0,0,0,0,0,0,0,0,0,0,0,0,0,0,0,0,0,0,0,0,0,0,0,0
l4,6=83,85,81,89,0,78,73,50,61,0,50,0,0,1,0,0,0,0,0,0,0,0,0,26,0,0,0,0,0,0,0,0,0,0,0,0,0,0,0,0
l5,6=76,76,76,82,78,0,63,74,65,75,61,0,0,49,0,0,0,0,0,0,0,0,0,0,0,0,0,0,0,0,0,0,0,0,0,0,0,0,0,0
l6,6=53,72,50,63,55,30,0,68,51,68,55,41,1,20,0,0,45,0,0,0,0,0,1,0,0,0,0,0,0,0,0,0,0,0,0,0,0,0,0,0
l7,6=16,28,40,14,43,69,70,0,69,75,64,38,1,0,0,52,0,0,0,0,0,0,0,0,0,0,0,0,0,0,0,0,0,0,0,0,0,0,0,0
l8,6=0,0,9,0,49,32,45,57,0,75,61,55,41,71,23,54,49,51,0,0,26,15,29,17,30,1,0,0,0,0,0,0,0,0,0,0,0,0,0,0
l9,6=13,39,43,29,0,57,66,64,72,0,70,42,25,69,30,52,27,23,0,0,3,0,13,0,0,0,0,0,0,0,0,0,0,0,0,0,0,0,1,0
l10,6=35,30,51,0,47,51,70,80,71,86,0,44,0,48,0,51,39,0,0,0,0,0,0,0,0,0,0,0,0,0,0,0,0,0,0,0,0,0,0,0
l11,6=0,0,0,0,0,0,28,25,54,35,21,0,59,38,53,77,45,43,0,0,7,0,0,11,32,16,0,0,0,0,0,0,0,0,0,0,32,29,11,0
l12,6=0,0,0,0,0,0,0,0,25,24,0,49,0,37,68,60,66,63,0,0,6,0,3,45,66,63,0,0,0,0,0,0,0,20,3,0,37,0,4,0
l13,6=0,0,0,0,0,13,2,0,71,55,18,19,38,0,43,66,35,51,0,17,2,0,23,24,36,0,0,0,0,0,0,0,0,0,0,27,35,0,5,0
l14,6=0,0,0,0,0,0,0,0,29,29,0,20,60,31,0,38,35,51,0,0,18,0,22,43,47,43,0,0,0,0,0,1,0,19,0,0,0,0,8,0
l15,6=0,0,0,0,0,0,0,37,37,41,19,66,56,55,51,0,50,55,0,0,2,18,18,38,45,0,0,0,0,0,0,0,0,0,0,7,8,1,13,0
l16,6=0,0,0,0,0,0,21,0,22,16,5,19,63,29,37,43,0,61,17,18,4,20,26,14,37,24,0,0,0,0,0,0,0,4,0,29,39,21,16,4
l17,6=0,0,0,0,0,0,0,0,33,21,0,21,60,45,59,56,61,0,0,0,28,13,14,0,48,23,0,0,0,0,0,0,0,6,0,0,38,22,7,0
l18,6=0,0,0,0,0,0,0,0,0,0,0,0,0,3,0,0,34,0,0,30,2,29,0,0,0,0,0,0,0,0,0,0,0,0,0,0,0,0,0,0
l19,6=0,0,0,0,0,0,0,0,0,0,0,0,0,28,0,0,32,0,21,0,62,35,52,0,0,0,0,0,0,0,1,25,0,0,0,1,39,3,12,23
l20,6=0,0,0,0,0,0,0,0,28,3,0,4,29,2,36,0,29,41,0,60,0,61,52,0,1,0,0,0,0,0,0,0,0,9,0,2,46,37,37,18
l21,6=0,0,0,0,0,0,0,0,27,0,0,0,6,0,0,35,34,33,19,41,62,0,49,0,0,0,0,0,0,0,0,0,0,0,0,40,43,39,15,23
l22,6=0,0,0,0,0,0,0,0,31,26,0,0,25,30,34,30,37,23,0,59,62,53,0,0,0,0,23,0,0,0,0,0,0,0,0,36,54,11,28,23
l23,6=0,3,0,0,15,0,0,0,25,0,0,13,57,31,64,48,37,0,0,0,0,0,0,0,61,66,0,0,0,0,0,17,24,35,38,0,0,0,0,0
l24,6=0,0,0,0,0,0,0,0,38,0,0,39,73,47,58,54,50,50,0,0,2,0,0,58,0,44,0,0,0,0,0,0,0,35,20,0,0,0,4,0
l25,6=0,0,0,0,0,0,0,0,11,0,0,13,62,0,60,8,34,31,0,0,0,0,0,60,53,0,0,0,0,0,0,0,27,40,0,0,0,0,0,0
l26,6=0,0,0,0,0,0,0,0,0,0,0,0,0,0,0,0,0,0,0,0,2,0,21,0,0,0,0,48,77,81,64,66,70,26,32,0,0,0,0,0
l27,6=0,0,0,0,0,0,0,0,0,0,0,0,0,0,0,0,0,0,0,0,0,0,0,0,0,0,62,0,72,78,87,58,48,0,0,0,0,0,0,0
l28,6=0,0,0,0,0,0,0,0,0,0,0,0,0,0,0,0,0,0,0,0,28,0,15,0,0,0,68,85,0,85,87,60,51,62,40,0,0,0,0,0
l29,6=0,0,0,0,0,0,0,0,0,0,0,0,0,0,0,0,0,0,0,0,0,0,0,0,0,0,66,78,77,0,43,37,37,32,27,0,0,0,0,0
l30,6=0,0,0,0,0,0,0,0,0,0,0,0,0,0,0,0,0,0,0,0,0,0,0,0,0,0,60,85,72,41,0,44,0,0,34,0,0,0,0,0
l31,6=0,0,0,0,0,0,0,0,0,0,0,0,0,0,0,0,0,0,0,22,0,0,0,18,0,0,63,35,34,32,39,0,77,53,51,0,0,0,0,0
l32,6=0,0,0,0,0,0,0,0,0,0,0,0,0,0,0,0,0,0,0,0,0,0,0,23,0,32,62,26,42,33,0,72,0,75,75,0,0,0,0,0
l33,6=0,0,0,0,0,0,0,0,0,0,0,0,44,0,47,0,30,27,0,0,28,0,0,34,31,51,33,0,39,34,24,62,74,0,65,0,0,0,0,0
l34,6=0,0,0,0,0,0,0,0,0,0,0,0,34,0,34,0,24,0,0,9,0,0,0,33,21,0,39,0,38,27,43,62,85,70,0,0,0,0,0,0
l35,6=0,0,0,0,0,0,0,0,0,0,0,0,0,19,0,0,38,0,0,0,6,20,26,0,0,0,0,0,0,0,0,0,0,0,0,0,60,59,15,21
l36,6=0,0,0,0,0,0,0,0,0,0,0,2,28,23,0,2,32,34,0,23,24,17,34,0,0,0,0,0,0,0,0,0,0,0,0,45,0,61,22,29
l37,6=0,0,0,0,0,0,0,0,0,0,0,2,0,0,0,0,11,0,0,1,20,18,0,0,0,0,0,0,0,0,0,0,0,0,0,47,62,0,14,18
l38,6=0,0,0,0,0,0,0,0,0,3,0,17,32,17,25,40,44,35,0,21,27,20,33,0,0,0,0,0,0,0,0,0,0,0,0,40,63,38,0,26
l39,6=0,0,0,0,0,0,0,0,0,0,0,0,0,0,0,0,33,0,0,25,21,19,29,0,0,0,0,0,0,0,0,0,0,0,0,40,61,41,22,0

l0,7=0,95,77,78,96,97,87,65,70,80,69,0,0,0,0,0,0,0,0,0,0,0,0,0,0,0,0,0,0,0,0,0,0,0,0,0,0,0,0,0
l1,7=96,0,79,83,96,93,84,63,20,61,47,0,0,38,0,0,0,0,0,0,0,0,0,0,0,0,0,0,0,0,0,0,0,0,0,0,0,0,0,0
l2,7=89,88,0,83,91,78,84,20,27,79,62,0,0,0,0,0,0,0,0,0,0,0,0,0,0,0,0,0,0,0,0,0,0,0,0,0,0,0,0,0
l3,7=83,88,76,0,93,90,84,41,0,75,62,0,0,0,0,0,0,0,0,0,0,0,0,0,0,0,0,0,0,0,0,0,0,0,0,0,0,0,0,0
l4,7=95,95,81,88,0,97,87,62,75,0,59,0,0,62,0,0,0,0,0,0,0,0,0,0,0,0,0,0,0,0,0,0,0,0,0,0,0,0,0,0
l5,7=91,88,54,80,91,0,23,71,78,85,69,0,0,36,0,0,0,0,0,0,0,0,0,0,0,0,0,0,0,0,0,0,0,0,0,0,0,0,0,0
l6,7=79,82,70,70,79,18,0,64,0,79,62,28,0,32,0,0,10,0,0,0,0,0,0,0,0,0,0,0,0,0,0,0,0,0,0,0,0,0,0,0
l7,7=50,62,9,29,65,93,85,0,66,85,69,15,10,30,0,38,0,4,0,0,0,0,0,0,0,0,0,0,0,0,0,0,0,0,0,0,0,0,0,0
l8,7=40,9,13,0,64,69,0,23,0,87,70,70,23,71,32,39,13,50,0,7,13,0,45,0,2,0,0,0,0,0,0,0,0,0,0,0,0,0,0,0
l9,7=33,24,16,16,0,83,85,71,94,0,71,59,18,66,13,37,1,22,0,0,26,4,29,15,24,0,0,0,0,0,0,0,0,0,0,0,0,0,8,0
l10,7=63,40,27,32,59,76,66,71,89,87,0,53,0,15,0,52,21,10,0,0,0,0,0,0,0,0,0,0,0,0,0,0,0,0,0,0,0,0,0,0
l11,7=0,0,0,0,0,0,21,5,18,40,35,0,36,29,28,70,13,37,0,0,25,10,32,29,32,7,0,0,0,0,0,0,0,0,0,4,29,0,16,10
l12,7=0,0,0,0,0,0,0,0,12,26,0,70,0,16,48,40,16,53,0,0,28,0,0,81,88,52,0,0,0,0,0,0,0,26,8,0,31,0,12,0
l13,7=0,19,0,0,38,27,28,16,88,67,14,56,20,0,29,37,11,45,0,0,22,0,27,53,54,9,0,0,0,0,0,0,0,0,0,12,30,0,15,0
l14,7=0,0,0,0,0,0,0,0,12,23,0,41,59,26,0,14,18,55,0,0,29,24,30,64,45,33,0,0,0,0,0,0,0,25,0,0,0,0,12,0
l15,7=0,0,0,0,0,0,0,13,18,48,33,83,64,30,28,0,11,38,0,9,32,31,35,53,29,11,0,0,0,0,0,0,0,0,0,0,36,31,17,0
l16,7=0,0,0,0,0,0,13,0,15,12,26,40,25,18,29,9,0,48,27,0,39,31,45,45,42,11,0,0,0,0,0,22,15,3,0,30,48,41,18,0
l17,7=0,0,0,0,0,0,0,0,16,22,4,33,25,27,36,13,15,0,0,4,43,25,22,36,50,0,0,0,0,0,0,0,0,21,0,1,46,0,18,10
l18,7=0,0,0,0,0,0,0,0,0,0,0,0,0,0,0,0,26,0,0,38,36,22,0,0,0,0,0,0,0,0,0,0,0,0,0,0,0,0,0,0
l19,7=0,0,0,0,0,0,0,0,2,0,0,0,3,0,0,2,0,0,27,0,65,42,66,0,0,0,18,0,0,0,0,31,0,0,0,1,0,0,0,0
l20,7=0,0,0,0,0,0,0,0,0,22,0,22,15,12,14,8,18,31,24,60,0,56,72,0,0,0,0,0,14,12,0,0,0,0,0,41,57,35,46,24
l21,7=0,0,0,0,0,0,0,0,11,22,0,12,11,0,18,20,16,29,22,39,69,0,69,0,10,0,0,0,0,0,0,0,0,0,0,31,51,0,41,50
l22,7=0,0,0,0,0,0,0,0,14,22,0,23,0,14,17,10,16,14,0,62,74,56,0,0,0,0,0,0,0,1,0,0,0,0,0,28,59,0,35,47
l23,7=0,0,0,0,0,0,0,0,0,7,0,10,42,21,69,31,23,16,0,0,0,0,0,0,86,88,0,0,0,0,0,0,3,21,50,0,0,0,0,0
l24,7=0,0,0,0,0,0,0,0,0,30,0,45,83,33,32,10,26,59,0,0,2,0,0,90,0,75,0,0,0,0,0,0,0,30,22,0,0,0,0,0
l25,7=0,0,0,0,4,0,0,0,1,15,0,22,77,24,65,42,13,0,0,0,0,0,0,87,81,0,0,0,0,20,0,0,28,53,0,0,0,0,9,0
l26,7=0,0,0,0,0,0,0,0,0,0,0,0,0,0,0,0,0,0,0,41,1,0,9,0,0,0,0,73,75,77,70,62,76,52,52,0,0,0,0,0
l27,7=0,0,0,0,0,0,0,0,0,0,0,0,0,0,0,0,0,0,0,0,0,0,0,0,0,0,77,0,71,76,84,34,59,0,1,0,0,0,0,0
l28,7=0,0,0,0,0,0,0,0,0,0,0,0,0,0,0,0,0,0,0,27,32,0,0,0,0,0,85,89,0,83,84,56,31,54,44,0,0,0,0,0
l29,7=0,0,0,0,0,0,0,0,0,0,0,0,0,0,0,0,0,0,0,0,34,0,1,0,0,24,80,89,75,0,84,53,54,49,25,0,0,0,0,0
l30,7=0,0,0,0,0,0,0,0,0,0,0,0,0,0,0,0,0,0,0,0,0,0,0,0,0,0,73,89,71,76,0,51,44,27,53,0,0,0,0,0
l31,7=0,0,0,0,0,0,0,0,0,0,0,0,0,0,0,0,12,0,0,44,0,0,0,0,0,0,78,14,46,38,41,0,82,84,80,0,0,0,0,0
l32,7=0,0,0,0,0,0,0,0,0,0,0,0,0,0,0,0,7,0,0,0,0,0,0,50,0,33,78,32,30,60,44,68,0,85,85,0,0,0,0,0
l33,7=0,0,0,0,0,0,0,0,0,0,0,0,52,0,55,0,19,40,0,0,10,0,0,56,55,52,64,0,57,44,36,65,81,0,76,0,0,0,0,0
l34,7=0,0,0,0,0,0,0,0,0,0,0,0,33,0,0,0,0,0,0,0,0,0,0,72,46,0,57,20,33,25,39,63,83,66,0,0,0,0,0,0
l35,7=0,0,0,0,0,0,0,0,0,0,0,0,0,2,0,0,13,0,0,0,36,31,36,0,0,0,0,0,0,0,0,0,0,0,0,0,64,62,31,24
l36,7=0,0,0,0,0,0,0,0,0,0,0,1,12,9,0,6,11,27,0,0,33,29,46,0,0,0,0,0,0,0,0,0,0,0,0,58,0,56,42,51
l37,7=0,0,0,0,0,0,0,0,0,0,0,0,0,0,0,8,6,0,0,0,27,0,0,0,0,0,0,0,0,0,0,0,0,0,0,47,61,0,14,17
l38,7=0,0,0,0,0,0,0,0,0,25,0,40,12,17,17,11,13,37,0,0,44,32,47,0,0,0,0,0,0,0,0,0,0,0,0,38,61,39,0,17
l39,7=0,0,0,0,0,0,0,0,0,0,0,1,0,0,0,0,0,2,0,0,30,32,46,0,0,0,0,0,0,0,0,0,0,0,0,44,62,43,14,0

l0,8=0,96,88,90,96,95,95,81,7,92,87,0,0,77,0,0,0,0,0,0,0,0,0,0,0,0,0,0,0,0,0,0,0,0,0,0,0,0,0,0
l1,8=96,0,88,96,97,95,95,87,68,91,0,0,0,57,0,0,0,0,0,0,0,0,0,43,0,0,0,0,0,0,0,0,0,0,0,0,0,0,0,0
l2,8=95,95,0,90,94,96,95,87,0,52,87,0,0,0,0,2,0,0,0,0,0,0,0,0,0,0,0,0,0,0,0,0,0,0,0,0,0,0,0,0
l3,8=84,95,82,0,97,95,93,87,0,81,13,0,0,0,0,0,0,0,0,0,0,0,0,0,20,0,0,0,0,0,0,0,0,0,0,0,0,0,0,0
l4,8=94,95,86,96,0,95,95,83,93,62,78,0,0,84,4,0,0,0,0,0,0,0,0,0,68,0,0,0,0,0,0,0,0,0,0,0,0,0,0,0
l5,8=95,96,88,96,97,0,94,88,94,89,91,79,0,84,0,0,0,0,0,0,0,0,0,0,0,0,0,0,0,0,0,0,0,0,0,0,0,0,0,0
l6,8=89,90,78,81,94,80,0,89,49,95,85,0,0,33,0,2,55,0,0,0,0,0,0,0,0,0,0,0,0,0,0,0,0,0,0,0,0,0,0,0
l7,8=85,91,83,87,93,92,93,0,95,100,100,76,0,92,0,0,13,61,0,0,0,0,0,0,0,0,0,0,0,0,0,0,0,0,0,0,0,0,0,0
l8,8=0,11,0,0,76,90,85,83,0,100,94,96,0,93,46,94,0,82,0,69,0,0,50,0,0,5,0,0,0,0,0,0,0,0,0,0,0,0,0,0
l9,8=84,79,6,49,24,79,92,85,96,0,100,96,59,93,22,88,64,66,0,0,0,29,7,72,74,0,0,0,0,0,0,0,0,0,0,0,0,0,55,0
l10,8=84,0,76,46,47,92,91,87,96,100,0,90,0,85,0,89,0,0,0,0,0,0,0,0,0,0,0,0,0,0,0,0,0,0,0,0,0,0,0,0
l11,8=0,0,0,0,0,37,0,17,60,56,78,0,100,40,52,99,92,92,0,0,9,37,20,82,90,83,0,0,0,0,0,0,0,0,0,35,59,0,50,0
l12,8=0,0,0,0,0,0,0,0,0,11,0,99,0,0,59,91,96,84,0,0,21,0,0,92,98,96,0,0,0,0,0,0,0,29,4,26,48,0,47,0
l13,8=19,0,0,0,42,45,3,70,98,77,81,70,0,0,51,86,56,53,0,0,32,30,0,83,89,65,0,0,0,0,0,0,0,0,0,8,45,0,50,0
l14,8=0,0,0,0,0,0,0,0,44,19,0,79,100,48,0,75,81,94,0,0,49,40,36,91,94,73,0,0,0,0,0,0,0,0,0,0,48,0,0,0
l15,8=0,0,0,0,0,0,1,0,60,56,90,99,89,55,53,0,90,93,0,0,53,51,31,83,85,67,0,0,0,0,0,0,0,0,0,0,56,0,65,0
l16,8=0,0,0,0,0,0,37,0,0,11,0,94,80,13,47,60,0,87,21,64,69,39,48,70,97,33,0,0,0,0,0,16,0,2,35,22,61,51,53,31
l17,8=0,0,0,0,0,0,0,13,24,12,0,98,79,16,56,89,94,0,0,45,60,2,12,51,90,0,0,0,0,0,0,0,0,34,0,2,40,0,63,17
l18,8=0,0,0,0,0,0,0,0,0,0,0,0,0,0,0,0,75,0,0,76,69,70,0,0,0,0,0,0,0,0,0,0,0,0,0,0,0,0,0,0
l19,8=0,0,0,0,0,0,0,0,33,0,0,0,0,0,0,0,67,54,55,0,83,84,91,0,0,0,0,0,4,0,0,37,0,0,0,64,63,0,44,70
l20,8=0,0,0,0,0,0,0,0,0,0,0,0,29,18,26,46,61,50,41,98,0,91,91,0,22,0,0,0,0,0,0,0,0,0,8,57,77,55,68,32
l21,8=0,0,0,0,0,0,0,0,0,28,0,54,12,28,28,48,57,10,38,70,85,0,88,0,0,0,0,0,0,0,0,3,0,15,19,67,65,51,66,41
l22,8=0,0,0,0,0,0,0,0,32,19,0,47,0,0,26,46,74,47,0,90,86,89,0,0,0,0,0,0,0,49,0,0,0,0,0,75,76,45,57,73
l23,8=0,0,0,0,0,0,0,0,0,43,0,79,93,52,95,71,81,62,0,0,0,0,0,0,98,93,0,0,0,0,0,0,45,56,86,0,0,0,0,0
l24,8=0,0,0,25,24,0,0,0,0,43,0,80,100,53,94,70,95,83,0,0,29,0,0,94,0,93,0,0,0,0,0,4,0,47,66,0,6,0,0,0
l25,8=0,0,0,1,0,0,0,0,13,0,0,76,100,50,82,67,76,0,0,0,0,0,0,94,91,0,0,0,0,80,0,2,47,65,81,0,0,0,12,0
l26,8=0,0,0,0,0,0,0,0,0,0,0,0,0,0,0,0,0,0,0,0,0,0,0,0,0,0,0,85,93,93,89,90,88,85,89,0,0,0,0,0
l27,8=0,0,0,0,0,0,0,0,0,0,0,0,0,0,0,0,0,0,0,0,0,0,0,0,0,0,87,0,93,93,92,0,81,0,83,0,0,0,0,0
l28,8=0,0,0,0,0,0,0,0,0,0,0,0,0,0,0,0,0,0,0,72,50,0,52,0,0,0,93,88,0,93,92,91,78,81,78,0,0,0,0,0
l29,8=0,0,0,0,0,0,0,0,0,0,0,0,0,0,0,0,0,0,0,0,3,0,69,0,0,61,93,88,94,0,92,90,64,80,83,0,0,0,0,0
l30,8=0,0,0,0,0,0,0,0,0,0,0,0,0,0,0,0,0,0,0,0,0,0,0,0,0,0,85,88,93,93,0,81,82,69,0,0,0,0,0,0
l31,8=0,0,0,0,0,0,0,0,0,0,0,0,0,0,0,0,75,0,0,69,0,3,0,0,33,0,91,0,86,87,76,0,87,86,89,0,0,0,0,0
l32,8=0,0,0,0,0,0,0,0,0,0,0,0,1,0,0,0,37,0,0,0,0,0,0,80,0,69,93,74,72,73,79,94,0,91,94,0,0,0,0,0
l33,8=0,0,0,0,0,0,0,0,0,0,0,0,76,0,0,0,17,79,0,0,56,14,0,80,72,70,81,0,78,80,78,94,92,0,85,0,0,0,0,0
l34,8=0,0,0,0,0,0,0,0,0,0,0,0,71,0,0,0,80,0,0,0,59,34,0,81,83,69,81,74,75,81,0,93,92,84,0,0,0,0,0,0
l35,8=0,0,0,0,0,0,0,0,0,0,0,26,21,0,0,0,30,0,0,33,32,34,37,0,0,0,0,0,0,0,0,0,0,0,0,0,78,60,45,65
l36,8=0,0,0,0,0,0,0,0,0,0,0,43,27,13,9,23,45,0,0,24,50,24,36,0,1,0,0,0,0,0,0,0,0,0,0,76,0,49,57,37
l37,8=0,0,0,0,0,0,0,0,0,0,0,0,0,0,0,0,45,0,0,0,47,28,13,0,0,0,0,0,0,0,0,0,0,0,0,75,59,0,37,24
l38,8=0,0,0,0,0,0,0,0,0,14,0,51,31,16,0,49,49,45,0,21,56,44,39,0,0,0,0,0,0,0,0,0,0,0,0,73,82,52,0,32
l39,8=0,0,0,0,0,0,0,0,0,0,0,0,0,0,0,0,49,4,0,42,59,66,37,0,0,0,0,0,0,0,0,0,0,0,0,74,67,46,50,0

l0,9=0,100,99,96,95,98,94,87,92,95,81,0,0,1,0,0,0,0,0,0,0,0,0,0,0,0,0,0,0,0,0,0,0,0,0,0,0,0,0,0
l1,9=99,0,100,97,98,100,93,97,93,94,92,0,0,0,0,0,0,0,0,0,0,0,0,15,0,0,0,0,0,0,0,0,0,0,0,0,0,0,0,0
l2,9=98,100,0,98,98,100,99,99,7,55,73,0,84,0,0,3,0,0,0,0,0,0,0,0,0,0,0,0,0,0,0,0,0,0,0,0,0,0,0,0
l3,9=92,93,96,0,98,94,93,83,0,0,0,0,0,0,0,0,0,0,0,0,0,0,0,0,0,0,0,0,0,0,0,0,0,0,0,0,0,0,0,0
l4,9=98,100,100,99,0,100,97,84,96,78,86,0,0,2,59,0,0,0,0,0,0,0,0,0,36,0,0,0,0,0,0,0,0,0,0,0,0,0,0,0
l5,9=98,100,100,98,98,0,99,3,95,97,100,0,0,54,0,0,0,0,0,0,0,0,0,0,0,0,0,0,0,0,0,0,0,0,0,0,0,0,0,0
l6,9=98,79,100,97,90,64,0,100,54,97,100,0,0,47,0,0,50,0,0,0,0,0,0,0,0,0,0,0,0,0,0,0,0,0,0,0,0,0,0,0
l7,9=85,100,100,95,82,3,100,0,98,100,100,75,65,96,2,27,0,0,0,0,0,0,0,0,0,0,0,0,0,0,0,0,0,0,0,0,0,0,0,0
l8,9=82,90,0,22,94,58,92,87,0,100,89,99,0,96,2,54,78,92,0,29,0,0,89,0,0,0,0,0,0,0,0,0,0,0,0,0,0,0,0,0
l9,9=88,85,67,0,46,57,98,100,98,0,100,99,37,97,45,71,89,0,0,0,0,0,1,59,44,0,0,0,0,0,0,0,0,0,0,0,0,0,0,0
l10,9=92,91,87,0,94,97,99,100,92,100,0,0,53,89,0,97,77,78,0,0,0,0,0,55,0,0,0,0,0,0,0,0,0,0,0,0,0,0,0,0
l11,9=0,0,0,0,0,0,0,57,36,40,5,0,99,35,37,98,96,98,0,0,43,80,77,76,60,52,0,0,0,0,0,0,0,0,0,1,51,0,35,0
l12,9=0,0,0,0,0,0,0,0,0,2,0,100,0,31,62,74,98,99,0,0,47,88,35,80,64,100,0,0,0,0,0,0,0,0,0,0,51,0,37,0
l13,9=0,0,0,0,6,5,87,84,61,100,80,100,92,0,32,79,98,0,0,10,42,85,0,70,58,43,0,0,0,0,0,0,0,0,0,0,49,0,35,0
l14,9=0,0,0,0,39,0,0,0,0,37,0,99,100,28,0,59,98,100,0,0,46,86,83,100,100,58,0,0,0,0,0,0,0,69,1,0,31,0,0,0
l15,9=0,0,0,0,0,0,0,0,27,38,82,100,99,35,34,0,95,98,0,0,41,76,72,60,59,0,0,0,0,0,0,0,0,0,0,0,47,0,36,0
l16,9=0,0,0,0,0,0,18,0,18,35,60,94,95,31,34,56,0,94,34,32,47,0,88,72,60,52,0,0,0,0,0,67,0,64,83,0,52,26,37,86
l17,9=0,0,0,0,0,0,0,0,29,0,70,98,99,1,37,58,97,0,0,33,44,87,86,0,46,0,0,0,0,0,0,0,0,78,0,0,51,0,35,87
l18,9=0,0,0,0,0,0,0,0,0,0,0,0,0,0,0,0,92,0,0,0,62,86,0,0,0,0,0,0,0,0,0,0,0,0,0,0,7,0,0,0
l19,9=0,0,0,0,0,0,0,0,12,0,0,0,0,0,0,0,82,86,0,0,92,88,89,0,0,0,0,0,0,0,0,0,0,0,0,62,72,36,12,81
l20,9=0,0,0,0,0,0,0,0,0,0,0,50,65,19,28,44,89,68,27,93,0,99,96,0,21,0,20,0,0,0,0,0,0,0,69,8,83,72,96,87
l21,9=0,0,0,0,0,0,0,0,0,0,0,63,69,20,28,52,2,78,35,56,99,0,89,0,0,0,0,0,0,0,0,0,0,45,0,74,53,26,38,85
l22,9=0,0,0,0,0,0,0,0,36,13,0,45,52,0,29,46,83,79,0,91,99,93,0,0,0,0,0,0,20,72,0,70,0,0,0,74,80,36,94,72
l23,9=0,0,0,0,0,0,0,0,0,37,19,99,100,35,100,57,99,0,0,0,0,0,0,0,100,100,0,0,0,0,0,0,97,97,100,0,0,0,0,0
l24,9=0,0,0,0,15,0,0,0,0,38,0,98,100,35,93,58,99,60,0,0,46,0,0,100,0,72,0,0,0,0,0,0,0,96,93,0,48,0,0,0
l25,9=0,0,0,12,0,0,0,0,0,0,0,93,100,30,35,0,98,0,0,0,0,0,0,100,100,0,1,0,0,58,0,0,91,99,95,0,0,0,33,0
l26,9=0,0,0,0,0,0,0,0,0,0,0,0,0,0,0,0,0,0,0,0,86,0,0,0,0,0,0,85,99,100,99,98,99,88,91,0,0,0,0,0
l27,9=0,0,0,0,0,0,0,0,0,0,0,0,0,0,0,0,0,0,0,0,0,0,0,0,0,0,98,0,99,100,100,98,89,0,0,0,0,0,0,0
l28,9=0,0,0,0,0,0,0,0,0,0,0,0,0,0,0,0,0,0,0,0,63,0,80,0,0,0,99,100,0,100,100,88,0,88,0,0,0,0,0,0
l29,9=0,0,0,0,0,0,0,0,0,0,0,0,0,0,0,0,0,0,0,0,0,0,83,0,0,5,99,100,99,0,100,98,60,87,95,0,0,0,0,0
l30,9=0,0,0,0,0,0,0,0,0,0,0,0,0,0,0,0,0,0,0,0,0,0,0,0,0,0,99,100,99,100,0,94,90,56,88,0,0,0,0,0
l31,9=0,0,0,0,0,0,0,0,0,0,0,0,0,0,0,0,78,0,0,0,0,0,93,0,0,0,96,57,98,98,99,0,97,100,100,0,0,0,0,0
l32,9=0,0,0,0,0,0,0,0,0,0,0,0,22,0,0,0,0,0,0,0,0,0,0,73,0,58,99,32,0,78,98,99,0,100,100,0,0,0,0,0
l33,9=0,0,0,0,0,0,0,0,0,0,0,0,0,0,94,0,93,93,0,0,0,48,0,100,98,100,96,0,98,95,87,99,100,0,100,0,0,0,0,0
l34,9=0,0,0,0,0,0,0,0,0,0,0,0,85,0,20,0,94,0,0,0,47,0,0,99,60,58,95,0,0,100,97,99,100,100,0,0,0,0,0,0
l35,9=0,0,0,0,0,0,0,0,0,0,0,0,0,0,0,0,0,0,0,17,24,71,70,0,0,0,0,0,0,0,0,0,0,0,0,0,80,89,93,80
l36,9=0,0,0,0,0,0,0,0,0,0,0,33,40,11,0,22,52,33,0,14,44,57,82,0,17,0,0,0,0,0,0,0,0,0,0,81,0,33,35,79
l37,9=0,0,0,0,0,0,0,0,0,0,0,0,0,0,0,0,51,0,0,13,38,62,61,0,0,0,0,0,0,0,0,0,0,0,0,70,61,0,33,79
l38,9=0,0,0,0,0,0,0,0,0,0,0,42,56,19,0,44,81,15,0,0,46,84,84,0,0,9,0,0,0,0,0,0,0,0,0,76,56,31,0,79
l39,9=0,0,0,0,0,0,0,0,0,0,0,0,0,0,0,0,75,77,0,25,58,70,59,0,0,0,0,0,0,0,0,0,0,0,0,71,63,46,31,0

l0,10=0,93,90,89,89,86,85,72,74,81,74,0,0,0,0,0,0,0,0,0,0,0,0,0,0,0,0,0,0,0,0,0,0,0,0,0,0,0,0,0
l1,10=89,0,88,78,88,91,82,85,39,46,60,10,0,0,0,0,0,0,0,0,0,0,0,0,0,0,0,0,0,0,0,0,0,0,0,0,0,0,0,0
l2,10=88,86,0,84,85,86,85,87,0,83,66,0,61,0,0,0,0,0,0,0,0,0,0,0,0,0,0,0,0,0,0,0,0,0,0,0,0,0,0,0
l3,10=89,77,85,0,94,70,79,65,0,65,0,0,0,0,0,0,0,0,0,0,0,0,0,0,0,1,0,0,0,0,0,0,0,0,0,0,0,0,0,0
l4,10=88,85,85,89,0,86,57,72,51,67,82,0,0,18,61,0,0,0,0,0,0,0,0,0,0,0,0,0,0,0,0,0,0,0,0,0,0,0,0,0
l5,10=88,86,85,84,85,0,85,88,61,84,85,0,0,78,0,0,0,0,0,0,0,0,0,0,0,0,0,0,0,0,0,0,0,0,0,0,0,0,0,0
l6,10=85,80,82,80,61,83,0,87,80,80,79,0,0,46,0,0,38,1,0,0,0,0,0,0,0,0,0,0,0,0,0,0,0,0,0,0,0,0,0,0
l7,10=71,84,84,78,85,86,85,0,88,85,85,59,57,82,44,0,0,0,0,0,0,0,0,0,0,0,0,0,0,0,0,0,0,0,0,0,0,0,0,0
l8,10=58,1,0,17,55,57,81,87,0,90,70,80,75,87,0,81,56,64,0,22,25,0,64,66,32,0,0,0,0,0,0,0,0,0,0,0,0,0,0,0
l9,10=81,0,37,68,67,74,82,87,88,0,86,78,77,82,41,72,0,0,0,0,0,30,1,46,35,0,0,0,0,0,0,0,0,0,0,0,0,0,0,0
l10,10=79,56,53,0,85,68,82,87,66,85,0,66,0,79,0,76,0,57,0,0,0,0,0,0,0,0,0,0,0,0,0,0,0,0,0,0,0,0,0,0
l11,10=0,1,0,0,0,0,0,60,76,75,69,0,80,80,80,85,0,81,0,0,39,57,0,77,77,48,0,0,0,0,0,0,0,0,0,1,61,0,73,0
l12,10=0,0,0,0,0,0,0,0,60,69,0,90,0,59,97,88,90,94,0,0,39,55,0,95,99,98,0,0,0,0,0,0,0,2,0,0,15,0,70,0
l13,10=0,0,0,0,8,62,51,80,89,85,71,84,79,0,44,84,76,0,0,1,35,47,0,75,47,0,0,0,0,0,0,0,0,0,0,0,0,0,46,0
l14,10=0,0,0,0,58,0,0,4,0,68,0,82,89,60,0,77,80,87,0,0,34,2,0,82,92,84,0,0,0,0,0,0,0,42,0,0,63,0,28,0
l15,10=0,0,0,0,1,0,0,0,72,69,69,93,86,82,48,0,71,84,0,8,21,0,56,56,45,12,0,0,0,0,0,0,0,0,0,0,45,9,56,0
l16,10=0,0,0,0,0,0,31,0,32,0,0,0,84,47,44,42,0,80,35,12,39,52,51,59,53,7,0,0,0,0,0,0,7,0,33,33,57,52,72,59
l17,10=0,0,0,0,0,0,14,0,44,0,36,88,92,0,50,53,86,0,0,9,11,58,66,52,42,7,0,0,0,0,0,0,0,22,0,0,61,0,64,62
l18,10=0,0,0,0,0,0,0,0,0,0,0,0,0,0,0,0,57,0,0,65,71,81,0,0,0,0,0,0,0,0,0,0,0,0,0,0,0,0,0,0
l19,10=0,0,0,0,0,0,0,0,16,0,0,0,0,0,0,22,52,44,41,0,84,72,74,0,0,0,39,0,0,0,0,0,0,0,0,50,0,37,35,52
l20,10=0,0,0,0,0,0,0,0,0,0,0,34,52,31,17,23,74,38,33,80,0,94,89,0,3,0,13,0,0,0,0,0,32,0,0,65,76,47,79,73
l21,10=0,0,0,0,0,0,0,0,0,40,0,40,60,33,13,4,67,59,48,43,86,0,85,0,0,0,0,0,0,0,0,0,0,29,0,66,61,58,75,62
l22,10=0,0,0,0,0,0,0,0,41,6,0,0,0,0,0,25,48,43,0,67,86,86,0,0,0,0,0,0,0,17,0,51,2,0,0,69,68,48,74,54
l23,10=0,0,0,0,0,0,0,0,58,62,0,82,88,60,76,38,83,25,0,0,0,0,0,0,96,99,0,0,0,0,0,49,50,51,0,0,0,0,0,0
l24,10=0,0,0,0,0,0,0,0,23,64,0,85,92,63,97,47,87,81,0,0,28,0,0,97,0,95,0,0,0,0,0,0,0,40,33,0,0,0,56,0
l25,10=0,0,0,48,0,0,0,0,0,0,0,78,93,0,91,39,45,28,0,0,0,0,0,97,97,0,22,0,0,0,0,49,35,94,76,0,0,0,53,0
l26,10=0,0,0,0,0,0,0,0,0,0,0,0,0,0,0,0,0,0,0,50,54,0,0,0,0,14,0,75,96,98,100,99,91,61,73,0,0,0,0,0
l27,10=0,0,0,0,0,0,0,0,0,0,0,0,0,0,0,0,0,0,0,0,0,0,0,0,0,0,83,0,93,98,100,87,0,0,80,0,0,0,0,0
l28,10=0,0,0,0,0,0,0,0,0,0,0,0,0,0,0,0,0,0,0,16,16,0,2,0,0,0,93,95,0,98,100,91,59,66,67,0,0,0,0,0
l29,10=0,0,0,0,0,0,0,0,0,0,0,0,0,0,0,0,0,0,0,0,0,0,37,0,0,0,93,95,96,0,100,94,68,21,70,0,0,0,0,0
l30,10=0,0,0,0,0,0,0,0,0,0,0,0,0,0,0,0,0,0,0,0,0,0,0,0,0,0,89,95,96,98,0,89,80,61,73,0,0,0,0,0
l31,10=0,0,0,0,0,0,0,0,0,0,0,0,0,0,0,0,0,0,0,0,4,0,31,27,0,23,93,75,92,98,99,0,98,99,100,0,0,0,0,0
l32,10=0,0,0,0,0,0,0,0,0,0,0,0,0,0,0,0,5,0,0,0,32,0,7,75,0,17,93,0,28,74,77,100,0,99,100,0,0,0,0,0
l33,10=0,0,0,0,0,0,0,0,0,0,0,0,28,0,41,0,0,7,0,0,0,16,0,96,25,99,58,0,89,19,40,100,98,0,100,0,0,0,0,0
l34,10=0,0,0,0,0,0,0,0,0,0,0,0,1,0,0,0,74,1,0,0,12,0,0,20,25,60,90,70,65,55,63,100,98,99,0,0,0,0,0,0
l35,10=0,0,0,0,0,0,0,0,0,0,0,0,0,0,0,0,36,0,0,26,39,59,62,0,0,0,0,0,0,0,0,0,0,0,0,0,82,69,71,26
l36,10=0,0,0,0,0,0,0,0,0,0,0,11,11,0,19,2,57,50,0,0,42,51,62,0,0,0,0,0,0,0,0,0,0,0,0,85,0,66,71,71
l37,10=0,0,0,0,0,0,0,0,0,0,0,0,0,0,0,0,45,0,0,5,31,56,55,0,0,0,0,0,0,0,0,0,0,0,0,74,72,0,64,60
l38,10=0,0,0,0,0,0,0,0,0,0,0,28,39,6,0,7,71,59,0,2,42,64,71,0,2,2,0,0,0,0,0,0,0,0,0,73,69,57,0,64
l39,10=0,0,0,0,0,0,0,0,0,0,0,0,0,0,0,0,60,53,0,34,42,61,60,0,0,0,0,0,0,0,0,0,0,0,0,29,75,59,64,0

l0,11=0,89,86,88,82,82,74,60,55,63,49,0,0,0,0,0,0,0,0,0,0,0,0,1,0,0,0,0,0,0,0,0,0,0,0,0,0,0,0,0
l1,11=82,0,82,84,82,83,78,80,50,54,0,47,0,38,0,0,0,0,0,0,0,0,0,0,0,0,0,0,0,0,0,0,0,0,0,0,0,0,0,0
l2,11=82,85,0,84,82,85,80,65,0,0,74,0,0,0,0,0,0,0,0,0,0,0,0,0,0,0,0,0,0,0,0,0,0,0,0,0,0,0,0,0
l3,11=84,87,85,0,87,85,0,41,0,50,52,0,0,0,0,0,0,0,0,0,0,0,0,0,0,0,0,0,0,0,0,0,0,0,0,0,0,0,0,0
l4,11=78,81,80,87,0,79,76,65,0,62,63,0,32,0,48,0,0,0,0,0,0,0,0,25,0,0,0,0,0,0,0,0,0,0,0,0,0,0,0,0
l5,11=82,86,86,83,82,0,82,85,70,85,62,0,0,64,0,0,0,0,0,0,0,0,0,0,0,0,0,0,0,0,0,0,0,0,0,0,0,0,0,0
l6,11=73,79,78,6,76,76,0,80,48,75,70,49,0,69,0,60,22,0,0,0,0,0,0,0,0,0,0,0,0,0,0,0,0,0,0,0,0,0,0,0
l7,11=69,85,65,66,82,83,83,0,82,85,80,58,54,82,0,43,0,0,0,0,0,0,0,0,0,0,0,0,0,0,0,0,0,0,0,0,0,0,0,0
l8,11=37,47,0,0,0,68,41,66,0,87,73,69,75,82,0,80,0,41,0,39,4,0,0,60,33,0,0,0,0,0,0,0,0,0,0,0,0,0,0,0
l9,11=42,46,0,60,72,77,48,86,83,0,83,67,71,82,0,74,3,2,0,0,0,50,0,24,28,0,0,0,0,0,0,0,0,0,0,0,0,0,0,0
l10,11=35,0,77,68,75,57,75,87,79,86,0,64,0,80,0,74,0,5,0,1,0,0,0,0,0,0,0,0,0,0,0,0,0,0,0,0,0,0,0,0
l11,11=0,43,0,0,0,0,16,17,40,79,68,0,79,82,80,85,44,50,0,0,20,29,45,75,39,23,0,0,0,0,0,0,0,0,0,16,0,0,39,0
l12,11=0,0,0,0,0,0,0,3,36,75,0,81,0,75,94,83,62,51,0,0,29,46,54,77,92,90,0,0,0,0,0,0,0,0,0,0,0,0,44,0
l13,11=0,8,0,0,0,57,23,23,84,85,74,78,80,0,67,83,45,47,0,15,37,52,7,75,35,25,0,0,0,0,0,0,0,0,0,0,0,0,39,0
l14,11=0,0,0,0,59,0,0,0,0,0,0,78,89,62,0,0,63,50,0,0,0,38,0,79,13,27,0,0,0,0,0,0,0,66,48,19,39,0,38,0
l15,11=0,0,0,0,0,0,18,3,44,74,69,83,85,83,0,0,61,51,0,36,36,45,21,69,0,24,0,0,0,0,0,0,0,0,0,5,41,0,42,0
l16,11=0,0,0,0,0,0,6,0,0,22,0,56,80,58,81,54,0,49,5,0,39,54,45,59,44,1,0,0,0,0,0,0,38,8,51,3,44,41,43,35
l17,11=0,0,0,0,0,0,0,0,34,46,14,80,89,69,75,59,50,0,0,0,35,50,56,70,31,0,0,0,0,0,0,0,0,0,0,0,43,0,42,5
l18,11=0,0,0,0,0,0,0,0,0,0,0,0,0,0,0,0,32,0,0,76,56,71,2,0,0,0,0,0,0,0,0,0,0,0,0,0,0,0,0,0
l19,11=0,0,0,0,0,0,0,0,20,0,0,0,0,14,0,32,0,0,30,0,67,71,61,0,0,0,21,0,0,0,0,0,0,0,0,15,9,0,1,54
l20,11=0,0,0,0,0,0,0,0,0,0,0,1,44,44,0,33,69,30,29,82,0,87,79,0,0,0,0,0,0,0,0,0,30,0,0,18,67,45,71,32
l21,11=0,0,0,0,0,0,0,0,0,51,0,29,45,43,37,28,70,31,29,76,78,0,79,0,10,0,0,0,0,0,0,0,0,0,0,9,33,29,77,24
l22,11=0,0,0,0,0,0,0,0,0,0,0,32,44,0,0,3,27,30,0,63,76,87,0,0,0,0,0,0,0,0,0,17,0,0,0,59,62,26,71,55
l23,11=0,0,0,0,5,0,0,0,20,29,0,74,89,70,89,35,41,37,0,0,0,0,0,0,91,93,0,0,0,0,0,15,52,60,0,0,0,0,0,0
l24,11=0,0,0,0,0,0,0,0,9,64,0,73,90,71,23,0,83,42,0,0,0,4,0,91,0,87,0,0,0,0,0,0,0,0,0,0,0,0,0,0
l25,11=0,0,0,0,0,0,0,0,0,0,0,60,90,56,89,66,8,0,0,0,0,0,0,96,91,0,0,0,0,0,0,26,35,83,0,0,0,0,0,0
l26,11=0,0,0,0,0,0,0,0,0,0,0,0,0,0,0,0,0,0,0,61,2,0,0,0,0,0,0,72,94,89,93,85,79,61,67,0,0,0,0,0
l27,11=0,0,0,0,0,0,0,0,0,0,0,0,0,0,0,0,0,0,0,0,0,0,0,0,0,0,69,0,90,89,95,51,0,0,34,0,0,0,0,0
l28,11=0,0,0,0,0,0,0,0,0,0,0,0,0,0,0,0,0,0,0,11,24,0,19,0,0,0,75,93,0,90,95,81,61,0,50,0,0,0,0,0
l29,11=0,0,0,0,0,0,0,0,0,0,0,0,0,0,0,0,0,0,0,0,0,0,1,0,0,0,71,91,94,0,95,81,31,31,31,0,0,0,0,0
l30,11=0,0,0,0,0,0,0,0,0,0,0,0,0,0,0,0,0,0,0,0,0,0,0,0,0,0,72,93,94,90,0,82,36,50,44,0,0,0,0,0
l31,11=0,0,0,0,0,0,0,0,0,0,0,0,0,0,0,0,0,0,0,0,20,0,49,54,0,59,74,64,87,88,86,0,90,99,100,0,0,0,0,0
l32,11=0,0,0,0,0,0,0,0,0,0,0,0,0,0,0,0,17,0,0,0,15,0,0,32,0,9,74,1,37,23,28,94,0,100,100,0,0,0,0,0
l33,11=0,0,0,0,0,0,0,0,0,0,0,0,0,0,75,0,3,0,0,0,5,0,0,65,0,93,64,0,0,68,91,100,95,0,100,0,0,0,0,0
l34,11=0,0,0,0,0,0,0,0,0,0,0,0,0,0,35,0,29,0,0,0,0,0,0,16,0,0,70,74,56,64,84,100,97,100,0,0,0,0,0,0
l35,11=0,0,0,0,0,0,0,0,0,0,0,13,0,0,21,2,2,0,0,13,22,2,54,0,0,0,0,0,0,0,0,0,0,0,0,0,82,47,44,25
l36,11=0,0,0,0,0,0,0,0,0,0,0,0,0,0,19,20,37,33,0,0,33,39,53,0,0,0,0,0,0,0,0,0,0,0,0,53,0,49,45,42
l37,11=0,0,0,0,0,0,0,0,0,0,0,0,0,0,0,0,32,0,0,0,29,32,42,0,0,0,0,0,0,0,0,0,0,0,0,24,49,0,26,35
l38,11=0,0,0,0,0,0,0,0,0,0,0,45,60,24,16,37,43,30,0,0,38,59,64,0,0,0,0,0,0,0,0,0,0,0,0,28,50,31,0,40
l39,11=0,0,0,0,0,0,0,0,0,0,0,0,0,0,0,0,39,0,0,41,28,35,57,0,0,0,0,0,0,0,0,0,0,0,0,20,81,57,68,0

l0,12=0,91,87,89,83,84,68,2,0,67,40,0,0,0,0,0,0,0,0,0,0,0,0,0,0,0,0,0,0,0,0,0,0,0,0,0,0,0,0,0
l1,12=85,0,84,87,82,84,88,87,15,1,66,53,0,0,3,0,0,0,0,0,0,0,0,0,0,0,0,0,0,0,0,0,0,0,0,0,0,0,0,0
l2,12=83,78,0,87,81,85,88,50,21,58,71,0,0,0,0,0,0,0,0,0,0,0,0,0,0,0,0,0,0,0,0,0,0,0,0,0,0,0,0,0
l3,12=86,89,85,0,89,84,70,29,0,55,60,0,0,0,0,0,0,0,0,0,0,0,0,0,0,0,0,0,0,0,0,0,0,0,0,0,0,0,0,0
l4,12=86,86,81,88,0,78,78,72,53,57,64,0,0,0,42,0,0,0,0,0,0,0,0,40,0,0,0,0,0,0,0,0,0,0,0,0,0,0,0,0
l5,12=83,87,85,87,81,0,82,82,76,85,72,0,0,57,0,0,0,0,0,0,0,0,0,1,0,0,0,0,0,0,0,0,0,0,0,0,0,0,0,0
l6,12=34,84,84,71,73,72,0,80,67,62,76,71,0,66,5,68,0,0,0,0,0,0,0,0,0,0,0,0,0,0,0,0,0,0,0,0,0,0,0,0
l7,12=8,87,36,66,81,84,87,0,86,85,84,49,22,81,0,4,0,0,0,0,0,0,0,0,0,0,0,0,0,0,0,0,0,0,0,0,0,0,0,0
l8,12=0,2,0,47,49,48,79,86,0,88,84,80,46,81,25,75,39,43,0,51,0,40,0,0,26,0,0,0,0,0,0,0,0,0,0,0,0,0,0,0
l9,12=39,0,0,65,45,84,59,87,86,0,84,71,44,81,0,66,54,39,0,0,57,63,0,0,21,0,0,0,0,0,0,0,0,0,0,0,0,0,0,0
l10,12=24,49,73,76,70,48,82,87,85,89,0,71,0,80,0,69,0,0,0,0,0,0,0,8,0,0,0,0,0,0,0,0,0,0,0,0,0,0,0,0
l11,12=0,28,0,0,0,0,73,46,77,77,72,0,48,60,55,79,75,84,0,0,59,54,53,45,0,41,0,0,0,0,0,0,0,0,0,30,14,1,73,0
l12,12=0,0,0,0,0,0,0,0,75,73,0,83,0,49,91,79,79,87,0,0,67,66,53,43,93,91,0,0,0,0,0,0,0,25,0,0,0,0,75,0
l13,12=0,0,0,1,0,30,71,78,84,84,75,85,47,0,59,79,76,77,0,0,63,48,0,47,41,11,0,0,0,0,0,0,0,0,0,0,0,0,24,0
l14,12=0,0,0,0,34,0,0,0,20,2,0,73,86,48,0,74,85,77,0,0,25,62,0,52,93,57,0,0,0,0,0,0,0,64,61,43,38,0,0,0
l15,12=0,0,0,0,0,0,64,0,74,72,63,88,81,83,57,0,77,77,0,60,63,63,24,37,45,73,0,0,0,0,0,0,0,0,0,0,0,0,69,0
l16,12=0,0,0,0,0,0,0,0,27,36,0,64,49,39,66,76,0,86,51,56,67,65,29,19,55,33,0,0,0,0,0,0,0,0,0,23,39,13,77,67
l17,12=0,0,0,0,0,0,0,0,61,47,0,89,57,47,56,79,86,0,0,62,64,66,50,31,25,0,0,0,0,0,0,0,0,42,0,0,41,0,63,0
l18,12=0,0,0,0,0,0,0,0,0,0,0,0,0,0,0,0,57,0,0,56,64,47,0,0,0,0,0,0,0,0,0,0,0,0,0,0,0,0,0,0
l19,12=0,0,0,0,0,0,0,0,30,0,0,0,0,0,0,43,49,46,43,0,81,77,84,0,0,0,39,0,0,42,8,0,0,0,0,0,29,28,47,57
l20,12=0,0,0,0,0,0,0,0,0,41,0,41,30,27,0,47,72,63,44,85,0,87,90,0,0,0,0,0,0,0,0,18,0,0,0,33,78,54,75,57
l21,12=0,0,0,0,0,0,0,0,33,47,0,47,44,33,48,47,70,56,42,85,85,0,90,0,32,0,0,0,0,0,0,0,0,0,0,42,31,29,80,0
l22,12=0,0,0,0,0,0,0,0,0,0,0,49,23,0,0,20,45,45,0,83,84,84,0,0,1,0,0,0,0,0,0,25,0,0,0,59,46,0,76,81
l23,12=0,0,0,0,44,0,0,0,0,0,0,81,45,51,67,71,67,67,0,0,0,0,0,0,95,95,0,0,0,0,0,3,0,42,0,0,0,0,0,0
l24,12=0,0,0,0,0,0,0,0,43,49,0,0,88,66,92,74,85,70,0,0,0,61,0,89,0,90,0,0,0,0,0,3,43,0,0,0,6,0,59,0
l25,12=0,0,0,0,0,0,0,0,0,0,0,56,89,9,47,75,67,0,0,0,0,0,0,98,94,0,0,0,0,1,0,73,52,65,86,0,0,0,0,0
l26,12=0,0,0,0,0,0,0,0,0,0,0,0,0,0,0,0,0,0,0,57,0,0,0,0,0,0,0,68,89,78,83,89,76,62,73,0,0,0,0,0
l27,12=0,0,0,0,0,0,0,0,0,0,0,0,0,0,0,0,0,0,0,0,0,0,0,0,0,0,75,0,85,93,92,79,0,7,10,0,0,0,0,0
l28,12=0,0,0,0,0,0,0,0,0,0,0,0,0,0,0,0,0,0,0,0,0,0,3,0,0,0,85,92,0,93,92,79,68,64,73,0,0,0,0,0
l29,12=0,0,0,0,0,0,0,0,0,0,0,0,0,0,0,0,0,0,0,19,0,0,0,0,0,0,77,92,89,0,92,78,74,55,67,0,0,0,0,0
l30,12=0,0,0,0,0,0,0,0,0,0,0,0,0,0,0,0,0,0,0,0,0,0,0,0,0,0,84,92,89,93,0,79,73,34,34,0,0,0,0,0
l31,12=0,0,0,0,0,0,0,0,0,0,0,0,19,0,0,0,0,0,0,0,60,0,61,21,32,71,85,78,86,90,92,0,96,100,100,0,0,0,0,0
l32,12=0,0,0,0,0,0,0,0,0,0,0,0,0,0,0,0,0,0,0,0,0,0,0,6,34,57,82,0,80,86,85,98,0,100,100,0,0,0,0,0
l33,12=0,0,0,0,0,0,0,0,0,0,0,0,47,0,64,0,0,13,0,0,0,0,0,46,3,69,80,34,63,66,68,99,97,0,100,0,0,0,0,0
l34,12=0,0,0,0,0,0,0,0,0,0,0,0,0,0,45,0,13,0,0,0,0,0,0,0,0,92,85,41,86,88,59,99,97,100,0,0,0,0,0,0
l35,12=0,0,0,0,0,0,0,0,0,0,0,28,0,0,7,0,36,0,0,16,53,40,56,0,0,0,0,0,0,0,0,0,0,0,0,0,83,41,75,61
l36,12=0,0,0,0,0,0,0,0,0,0,0,20,0,0,8,0,59,52,0,32,71,21,61,0,1,0,0,0,0,0,0,0,0,0,0,85,0,46,79,77
l37,12=0,0,0,0,0,0,0,0,0,0,0,0,0,0,0,0,56,0,0,43,63,27,0,0,0,0,0,0,0,0,0,0,0,0,0,49,48,0,0,66
l38,12=0,0,0,0,0,0,0,0,0,0,0,48,23,0,0,51,73,53,0,49,64,72,62,0,10,0,0,0,0,0,0,0,0,0,0,61,51,0,0,63
l39,12=0,0,0,0,0,0,0,0,0,0,0,0,0,0,0,0,63,0,0,64,65,0,63,0,0,0,0,0,0,0,0,0,0,0,0,48,71,43,68,0

l0,13=0,93,93,94,94,91,89,89,83,87,69,0,0,0,0,0,0,0,0,0,0,0,0,0,0,0,0,0,0,0,0,0,0,0,0,0,0,0,0,0
l1,13=93,0,91,95,93,87,86,88,0,80,89,0,0,0,0,0,0,0,0,0,0,0,0,1,0,0,0,0,0,0,0,0,0,0,0,0,0,0,0,0
l2,13=91,90,0,90,90,90,89,88,0,85,89,0,0,32,0,0,0,0,0,0,0,0,0,0,0,0,0,0,0,0,0,0,0,0,0,0,0,0,0,0
l3,13=92,93,89,0,95,92,86,74,17,81,89,0,0,0,0,0,0,0,0,0,0,0,0,0,0,0,0,0,0,0,0,0,0,0,0,0,0,0,0,0
l4,13=92,90,89,95,0,90,88,85,60,83,77,0,0,18,0,0,0,0,0,0,0,0,0,0,0,0,0,0,0,0,0,0,0,0,0,0,0,0,0,0
l5,13=89,87,90,89,91,0,86,76,87,87,90,0,0,84,0,0,0,0,0,0,0,0,0,0,0,0,0,0,0,0,0,0,0,0,0,0,0,0,0,0
l6,13=85,86,89,86,88,87,0,0,83,87,47,87,0,78,0,80,0,0,0,0,0,0,0,0,0,0,0,0,0,0,0,0,0,0,0,0,0,0,0,0
l7,13=52,86,86,85,79,30,0,0,89,87,94,12,24,87,0,42,0,0,0,0,0,0,0,0,0,0,0,0,0,0,0,0,0,0,0,0,0,0,0,0
l8,13=32,0,0,74,67,43,53,78,0,93,89,48,57,89,82,46,70,53,0,26,0,67,35,0,75,0,0,0,0,0,0,0,0,0,0,0,0,0,0,0
l9,13=76,40,75,75,81,86,84,87,89,0,92,81,78,89,70,81,70,67,0,0,56,74,0,0,0,0,0,0,0,0,0,0,0,0,0,0,0,0,0,0
l10,13=24,30,85,82,67,53,28,88,88,93,0,50,0,89,0,47,0,0,0,0,0,0,0,0,0,0,0,0,0,0,0,0,0,0,0,0,0,0,0,0
l11,13=0,0,0,0,0,0,31,0,74,74,28,0,88,93,83,91,76,90,0,0,56,75,70,74,0,72,0,0,0,0,0,0,0,0,0,0,0,0,40,0
l12,13=0,0,0,0,0,0,0,0,6,73,0,57,0,77,96,56,84,90,0,0,62,73,71,76,97,100,0,0,0,0,0,0,0,69,0,0,0,0,42,0
l13,13=0,0,0,0,47,24,31,67,92,91,53,96,65,0,81,91,74,73,0,10,59,75,0,77,50,77,0,0,0,0,0,0,0,0,0,0,0,0,44,0
l14,13=0,0,0,0,0,0,0,0,82,73,0,52,86,86,0,52,92,76,0,0,57,61,0,97,98,84,0,0,0,0,0,0,0,70,72,0,0,0,0,0
l15,13=0,0,0,0,0,0,29,22,44,77,28,97,75,93,78,0,84,85,0,16,56,70,0,78,84,73,0,0,0,0,0,0,0,0,0,0,35,0,42,0
l16,13=0,0,0,0,0,0,0,0,20,57,0,44,65,64,94,55,0,83,0,16,59,76,68,57,89,0,0,0,0,0,0,0,0,40,58,70,35,0,44,64
l17,13=0,0,0,0,0,0,0,0,66,70,0,57,96,80,83,57,88,0,0,26,64,86,73,74,81,73,0,0,0,0,0,0,0,66,0,28,37,0,43,0
l18,13=0,0,0,0,0,0,0,0,0,0,0,0,0,0,0,0,70,0,0,89,86,0,3,0,0,0,0,0,0,0,0,0,0,0,0,0,0,0,0,0
l19,13=0,0,0,0,0,0,0,0,50,0,0,0,0,1,0,37,56,42,52,0,87,94,89,0,0,0,55,0,16,26,0,1,0,0,0,38,28,21,60,77
l20,13=0,0,0,0,0,0,0,0,0,41,0,41,53,39,47,41,78,74,21,95,0,98,97,0,2,0,0,0,0,0,0,26,0,0,0,77,68,36,63,79
l21,13=0,0,0,0,0,0,0,0,40,62,0,39,52,56,47,32,77,76,0,96,90,0,98,0,56,0,0,0,0,0,0,0,0,0,0,47,31,0,67,69
l22,13=0,0,0,0,0,0,0,0,0,0,0,34,43,0,0,0,75,39,0,87,90,98,0,0,0,0,46,0,7,0,0,3,0,0,38,87,40,0,51,92
l23,13=0,0,0,37,1,0,0,0,0,0,0,53,65,81,98,55,64,68,0,0,0,0,0,0,89,100,0,0,0,0,0,0,0,68,0,0,0,0,0,0
l24,13=0,0,0,0,0,0,0,0,80,0,0,0,96,6,98,55,89,77,0,0,15,74,0,88,0,100,0,0,0,0,0,0,40,25,0,0,39,0,0,0
l25,13=0,0,0,0,0,0,0,0,0,0,0,51,96,84,92,56,0,62,0,0,0,0,0,98,98,0,0,0,0,1,0,59,56,92,96,0,0,0,0,0
l26,13=0,0,0,0,0,0,0,0,0,0,0,0,0,0,0,0,0,0,0,56,0,0,62,0,0,0,0,80,99,86,100,100,76,76,0,0,0,0,0,0
l27,13=0,0,0,0,0,0,0,0,0,0,0,0,0,0,0,0,0,0,0,0,0,0,0,0,0,0,81,0,99,99,100,89,70,76,19,0,0,0,0,0
l28,13=0,0,0,0,0,0,0,0,0,0,0,0,0,0,0,0,0,0,0,46,0,0,61,0,0,1,98,96,0,99,100,94,68,77,86,0,0,0,0,0
l29,13=0,0,0,0,0,0,0,0,0,0,0,0,0,0,0,0,0,0,0,52,0,0,0,0,0,0,80,96,99,0,100,93,75,70,87,0,0,0,0,0
l30,13=0,0,0,0,0,0,0,0,0,0,0,0,0,0,0,0,0,0,0,0,0,0,0,0,0,0,98,96,99,99,0,95,72,80,0,0,0,0,0,0
l31,13=0,0,0,0,0,0,0,0,0,0,0,0,0,0,5,0,0,0,0,10,63,0,10,0,0,86,98,95,98,98,98,0,99,100,100,0,0,0,0,0
l32,13=0,0,0,0,0,0,0,0,0,0,0,0,31,0,17,0,5,0,0,0,0,0,0,1,78,85,95,72,84,96,95,100,0,100,100,0,0,0,0,0
l33,13=0,0,0,0,0,0,0,0,0,0,0,0,96,0,88,0,82,86,0,0,0,0,0,92,64,100,98,90,99,93,100,100,99,0,100,0,0,0,0,0
l34,13=0,0,0,0,0,0,0,0,0,0,0,0,12,0,84,0,75,0,0,0,2,0,82,0,0,100,2,28,99,99,35,100,99,100,0,0,0,0,0,0
l35,13=0,0,0,0,0,0,0,0,0,0,0,0,0,0,0,0,66,0,0,4,53,37,76,0,0,0,0,0,0,0,0,0,0,0,0,0,95,91,81,75
l36,13=0,0,0,0,0,0,0,0,0,0,0,0,0,0,0,34,71,53,0,0,69,52,83,0,53,0,0,0,0,0,0,0,0,0,0,93,0,33,50,84
l37,13=0,0,0,0,0,0,0,0,0,0,0,0,0,0,0,0,0,0,0,13,62,0,0,0,0,0,0,0,0,0,0,0,0,0,0,91,36,0,38,70
l38,13=0,0,0,0,0,0,0,0,0,0,0,15,51,56,0,37,69,51,0,15,69,78,79,0,0,0,0,0,0,0,0,0,0,0,0,89,38,19,0,75
l39,13=0,0,0,0,0,0,0,0,0,0,0,0,0,0,0,0,60,0,0,25,52,59,86,0,0,0,0,0,0,0,0,0,0,0,0,84,39,28,44,0

l0,14=0,100,99,99,100,99,99,100,95,100,98,0,0,3,0,0,0,0,0,0,0,0,0,0,0,0,0,0,0,0,0,0,0,0,0,0,0,0,0,0
l1,14=100,0,99,99,100,99,98,99,13,47,54,0,0,38,37,0,0,0,0,0,0,0,0,0,6,0,0,0,0,0,0,0,0,0,0,0,0,0,0,0
l2,14=100,100,0,99,100,100,100,100,93,88,94,0,0,0,0,1,0,0,0,0,0,0,0,0,0,0,0,0,0,0,0,0,0,0,0,0,0,0,0,0
l3,14=100,100,99,0,100,99,99,100,0,98,98,0,0,0,0,0,0,0,0,0,0,0,0,0,0,0,0,0,0,0,0,0,0,0,0,0,0,0,0,0
l4,14=100,100,99,99,0,99,75,0,48,43,98,0,0,39,0,0,0,0,0,0,0,0,0,0,0,0,0,0,0,0,0,0,0,0,0,0,0,0,0,0
l5,14=100,100,99,100,100,0,100,75,94,100,100,0,0,92,0,63,0,0,0,0,0,0,0,0,0,0,0,0,0,0,0,0,0,0,0,0,0,0,0,0
l6,14=92,94,99,98,94,100,0,93,87,95,98,99,0,94,0,92,0,0,0,0,0,0,58,0,0,0,0,0,0,0,0,0,0,0,0,0,0,0,0,0
l7,14=97,100,97,98,17,52,94,0,96,100,100,0,0,85,0,29,52,0,0,0,0,0,0,0,0,0,0,0,0,0,0,0,0,0,0,0,0,0,0,0
l8,14=28,1,30,49,55,31,26,36,0,100,100,29,33,39,48,41,0,0,0,10,47,43,33,0,37,0,0,0,0,0,0,0,0,0,0,0,0,0,0,0
l9,14=82,37,2,54,53,99,57,100,98,0,100,97,0,100,37,100,38,41,0,0,51,45,0,42,0,0,0,0,0,0,0,0,0,0,0,0,0,0,0,0
l10,14=74,68,31,97,100,100,99,100,98,100,0,37,36,100,11,39,0,0,0,0,24,1,0,0,0,0,0,0,0,0,0,0,0,0,0,0,0,0,0,0
l11,14=0,0,0,0,0,0,99,0,47,96,39,0,96,99,97,100,97,98,0,0,55,45,41,51,25,42,0,0,0,0,0,0,0,0,0,0,31,0,50,0
l12,14=0,0,0,0,0,0,0,0,86,0,24,74,0,98,100,79,59,99,0,13,99,31,62,70,64,99,0,0,0,0,0,0,0,92,0,0,0,0,0,0
l13,14=6,26,0,0,54,30,41,36,48,100,76,100,62,0,82,100,22,61,0,13,0,44,0,0,47,27,0,0,0,0,0,0,0,0,0,0,0,0,50,0
l14,14=0,0,0,0,0,0,0,0,48,41,0,61,98,41,0,41,55,33,0,0,0,20,0,70,100,21,0,0,0,0,0,0,42,45,0,0,0,0,43,0
l15,14=0,0,0,0,0,15,26,0,51,97,39,100,59,99,50,0,86,72,0,42,54,33,0,50,63,24,0,0,0,0,0,0,0,0,0,0,0,0,54,0
l16,14=0,0,0,0,0,0,0,25,0,48,0,60,45,25,91,79,0,59,20,73,89,36,94,13,62,0,0,0,0,0,0,0,0,37,12,27,79,31,35,47
l17,14=0,0,0,0,0,0,0,0,0,44,0,99,96,98,97,100,74,0,0,45,99,99,47,51,72,42,0,0,0,0,0,0,0,8,0,24,29,0,99,0
l18,14=0,0,0,0,0,0,0,0,0,0,0,0,0,0,0,0,83,0,0,86,91,7,90,0,0,0,0,0,0,0,0,0,0,0,0,0,0,0,0,0
l19,14=0,0,0,0,0,0,0,0,1,0,0,0,46,5,0,67,84,53,81,0,99,97,94,0,0,0,69,0,33,82,0,0,0,0,0,44,90,66,77,92
l20,14=0,0,0,0,0,0,0,0,6,83,0,50,50,0,0,66,49,54,78,97,0,99,96,0,16,0,0,0,0,0,0,0,0,0,9,49,86,94,99,94
l21,14=0,0,0,0,0,0,0,0,73,88,5,52,48,83,85,67,48,54,0,97,99,0,96,0,56,0,0,0,0,0,0,0,0,0,0,50,75,90,95,92
l22,14=0,0,0,0,0,0,38,0,44,0,0,54,47,0,0,0,63,52,72,93,100,100,0,0,3,0,77,0,0,0,0,0,0,0,0,51,82,95,98,94
l23,14=0,0,0,0,0,0,0,0,0,44,0,33,33,0,99,41,7,33,0,0,0,0,0,0,4,100,0,0,0,0,0,0,45,47,34,0,0,0,0,0
l24,14=0,0,0,0,0,0,0,0,47,0,0,1,68,42,100,79,60,63,0,0,42,44,0,0,0,70,0,0,0,0,0,0,0,0,0,0,39,0,0,0
l25,14=0,0,0,1,2,0,0,0,0,0,0,62,98,55,96,74,0,59,0,0,0,0,0,99,100,0,0,0,4,0,0,0,55,95,65,0,0,0,0,0
l26,14=0,0,0,0,0,0,0,0,0,0,0,0,0,0,0,0,0,0,0,86,31,0,93,0,0,0,0,99,100,97,99,100,100,100,98,0,0,0,0,0
l27,14=0,0,0,0,0,0,0,0,0,0,0,0,0,0,0,0,0,0,0,0,0,0,0,0,0,0,92,0,100,99,99,86,92,89,3,0,0,0,0,0
l28,14=0,0,0,0,0,0,0,0,0,0,0,0,0,0,0,0,0,0,0,79,0,0,52,0,0,20,100,100,0,99,99,87,91,91,91,0,0,0,0,0
l29,14=0,0,0,0,0,0,0,0,0,0,0,0,0,0,0,0,0,0,0,89,0,0,0,0,0,0,92,100,100,0,99,89,92,0,92,0,0,0,0,0
l30,14=0,0,0,0,0,0,0,0,0,0,0,0,0,0,0,0,0,0,0,0,0,0,0,0,0,0,100,100,100,99,0,87,92,91,0,0,0,0,0,0
l31,14=0,0,0,0,0,0,0,0,0,0,0,0,0,0,0,0,0,0,0,0,76,0,0,0,0,0,99,88,98,97,96,0,100,100,99,0,0,0,0,0
l32,14=0,0,0,0,0,0,0,0,0,0,0,0,0,0,88,0,0,0,0,0,1,0,0,70,0,85,99,95,95,97,96,100,0,100,100,0,0,0,0,0
l33,14=0,0,0,0,0,0,0,0,0,0,0,0,97,0,92,0,93,2,0,0,0,0,0,94,0,99,99,90,99,0,99,100,100,0,100,0,0,0,0,0
l34,14=0,0,0,0,0,0,0,0,0,0,0,0,10,0,0,0,80,0,0,0,89,0,3,76,0,100,100,2,100,99,0,100,100,100,0,0,0,0,0,0
l35,14=0,0,0,0,0,0,0,0,0,0,0,0,12,0,0,0,45,33,0,39,82,52,76,0,0,0,0,0,0,0,0,0,0,0,0,0,97,97,96,93
l36,14=0,0,0,0,0,0,0,0,0,0,0,1,0,0,0,0,38,0,0,79,92,48,75,0,13,0,0,0,0,0,0,0,0,0,0,60,0,79,99,91
l37,14=0,0,0,0,0,0,0,0,0,0,0,0,0,0,0,0,0,0,0,1,87,5,84,0,0,0,0,0,0,0,0,0,0,0,0,95,77,0,90,93
l38,14=0,0,0,0,0,0,0,0,0,0,0,18,0,46,69,62,35,40,0,33,96,59,70,0,0,0,0,0,0,0,0,0,0,0,0,58,86,62,0,95
l39,14=0,0,0,0,0,0,0,0,0,0,0,0,0,0,0,0,44,0,0,80,87,91,86,0,0,0,0,0,0,0,0,0,0,0,0,51,75,91,93,0

l0,15=0,99,98,100,99,100,97,99,86,97,96,0,0,0,0,0,0,0,0,0,0,0,0,0,0,0,0,0,0,0,0,0,0,0,0,0,0,0,0,0
l1,15=98,0,98,98,98,97,97,90,1,97,97,0,0,97,66,0,0,0,0,0,0,0,0,0,33,0,0,0,0,0,0,0,0,0,0,0,0,0,0,0
l2,15=100,100,0,98,98,100,100,99,1,96,96,45,0,96,0,0,0,0,0,0,0,0,0,0,0,0,0,0,0,0,0,0,0,0,0,0,0,0,0,0
l3,15=100,100,98,0,98,97,1,0,0,0,97,0,0,0,0,0,0,0,0,0,0,0,0,0,0,0,0,0,0,0,0,0,0,0,0,0,0,0,0,0
l4,15=100,100,98,92,0,100,97,97,0,96,97,0,0,94,0,0,0,0,0,0,0,0,0,0,0,0,0,0,0,0,0,0,0,0,0,0,0,0,0,0
l5,15=98,96,98,98,99,0,97,99,95,97,97,0,0,97,0,92,0,0,0,0,0,0,0,0,0,0,0,0,0,0,0,0,0,0,0,0,0,0,0,0
l6,15=98,96,99,78,97,97,0,99,93,97,97,98,97,94,0,97,10,0,0,0,0,0,59,0,0,0,0,0,0,0,0,0,0,0,0,0,0,0,0,0
l7,15=98,86,98,88,97,97,97,0,97,97,100,0,0,79,95,0,95,0,0,0,0,0,0,0,0,0,0,0,0,0,0,0,0,0,0,0,0,0,0,0
l8,15=73,0,0,49,0,80,57,90,0,100,97,59,58,76,96,97,0,0,0,43,16,67,62,21,93,0,0,0,0,0,0,0,0,0,0,0,0,0,0,0
l9,15=99,89,0,0,88,100,97,99,100,0,100,58,0,100,42,99,55,40,0,0,97,75,11,37,0,0,0,0,0,0,0,0,0,0,0,0,0,0,0,0
l10,15=96,93,15,96,98,97,97,100,97,100,0,0,97,97,84,0,0,0,0,0,0,0,0,0,0,0,0,0,0,0,0,0,0,0,0,0,0,0,0,0
l11,15=0,0,0,0,0,0,61,0,85,97,0,0,99,99,97,100,97,61,0,15,98,73,64,97,0,98,0,0,0,0,0,0,0,0,0,0,98,0,97,0
l12,15=0,0,0,0,0,0,56,0,99,0,100,100,0,100,100,99,97,99,0,63,99,0,64,100,100,100,0,0,0,0,0,0,0,37,0,0,94,0,88,0
l13,15=0,91,74,0,93,89,60,58,87,100,100,100,100,0,99,100,62,61,0,1,0,58,24,92,93,97,0,0,0,0,0,0,0,0,0,0,0,0,0,0
l14,15=0,0,0,0,0,0,0,4,86,80,47,61,99,80,0,99,67,60,0,0,49,0,0,100,100,98,0,0,0,0,0,0,0,98,8,0,0,0,0,0
l15,15=0,0,0,0,0,81,61,0,87,100,0,100,60,80,99,0,67,61,0,0,96,73,1,100,99,95,0,0,0,0,0,0,0,0,0,93,0,0,98,0
l16,15=0,0,0,0,0,0,1,56,0,88,0,62,60,67,97,99,0,61,54,92,99,56,64,0,99,71,0,0,0,0,0,5,0,90,0,94,96,87,96,49
l17,15=0,0,0,0,0,0,0,0,0,99,0,62,59,80,99,99,67,0,0,96,99,73,64,99,99,97,0,0,0,0,0,0,0,97,6,0,97,78,98,2
l18,15=0,0,0,0,0,0,0,0,0,0,0,0,0,0,0,0,89,0,0,36,86,57,77,0,0,0,0,0,0,0,0,0,0,0,0,0,0,0,0,0
l19,15=0,0,0,0,0,0,0,0,30,0,0,5,44,0,0,0,58,52,1,0,99,96,96,0,0,0,0,0,73,57,0,0,0,0,0,0,76,0,0,67
l20,15=0,0,0,0,0,0,0,0,0,97,0,60,59,0,26,95,66,61,55,99,0,100,100,0,0,0,0,0,0,0,0,0,0,0,0,99,98,0,98,88
l21,15=0,0,0,0,0,0,0,0,74,95,5,60,0,56,0,93,66,60,2,99,99,0,100,0,58,0,0,0,28,0,0,0,0,0,55,92,97,91,96,81
l22,15=0,0,0,0,0,0,10,0,68,65,0,50,45,1,0,9,96,55,34,89,99,99,0,0,0,0,67,0,0,3,0,47,0,10,0,74,87,80,88,68
l23,15=0,0,0,0,0,0,0,0,2,59,0,59,100,63,100,100,0,61,0,0,0,0,0,0,100,100,0,0,0,0,0,0,96,100,0,0,0,0,0,0
l24,15=0,0,0,0,0,0,0,0,87,0,0,0,100,80,100,100,98,99,0,0,0,0,0,100,0,98,0,0,0,0,0,0,99,3,0,0,98,0,43,0
l25,15=0,0,0,0,0,0,0,0,0,0,0,88,98,80,89,94,55,61,0,0,0,0,0,97,88,0,94,0,43,0,0,56,85,95,97,0,0,0,0,0
l26,15=0,0,0,0,0,0,0,0,0,0,0,0,0,0,0,0,0,0,0,0,0,0,64,0,0,83,0,94,97,94,98,100,77,29,94,0,0,0,0,0
l27,15=0,0,0,0,0,0,0,0,0,0,0,0,0,0,0,0,0,0,0,0,0,0,0,0,0,0,91,0,97,98,98,90,77,93,92,0,0,0,0,0
l28,15=0,0,0,0,0,0,0,0,0,0,0,0,0,0,0,0,0,0,0,88,0,33,0,0,0,65,98,96,0,98,98,96,77,92,91,0,0,0,0,0
l29,15=0,0,0,0,0,0,0,0,0,0,0,0,0,0,0,0,0,0,0,92,0,0,8,0,0,0,93,96,97,0,97,98,82,91,92,0,0,0,0,0
l30,15=0,0,0,0,0,0,0,0,0,0,0,0,0,0,0,0,0,0,0,0,0,0,0,0,0,0,98,96,97,98,0,90,77,92,0,0,0,0,0,0
l31,15=0,0,0,0,0,0,0,0,0,0,0,0,0,0,0,0,6,0,0,0,0,0,66,0,0,85,98,94,97,94,96,0,85,97,96,0,0,0,0,0
l32,15=0,0,0,0,0,0,0,0,0,0,0,0,72,0,0,0,0,0,0,0,41,0,0,93,79,89,98,94,91,97,97,100,0,98,97,0,0,0,0,0
l33,15=0,0,0,0,0,0,0,0,0,0,0,0,55,0,78,0,66,60,0,0,0,0,21,98,74,95,23,94,98,65,88,100,97,0,99,0,0,0,0,0
l34,15=0,0,0,0,0,0,0,0,0,0,0,0,9,0,70,0,0,0,0,0,15,49,0,0,0,94,97,94,96,94,0,100,85,98,0,0,0,0,0,0
l35,15=0,0,0,0,0,0,0,0,0,0,0,0,28,0,0,64,55,0,0,0,98,57,52,0,0,0,0,0,0,0,0,0,0,0,0,0,98,99,92,96
l36,15=0,0,0,0,0,0,0,0,0,0,0,49,19,0,0,0,67,32,0,77,99,69,61,0,73,0,0,0,0,0,0,0,0,0,0,99,0,98,98,83
l37,15=0,0,0,0,0,0,0,0,0,0,0,0,1,0,0,0,62,0,0,0,0,66,58,0,0,0,0,0,0,0,0,0,0,0,0,98,96,0,92,97
l38,15=0,0,0,0,0,0,0,0,0,0,0,32,22,0,0,87,47,57,0,0,99,70,60,0,40,0,0,0,0,0,0,0,0,0,0,96,98,96,0,86
l39,15=0,0,0,0,0,0,0,0,0,0,0,0,0,0,0,0,48,0,0,86,99,69,60,0,0,0,0,0,0,0,0,0,0,0,0,98,95,99,94,0

