t=2016-04-13_08.35.08

n=40

q0=1
q1=1
q2=1
q3=1
q4=1
q5=1
q6=1
q7=1
q8=1
q9=1
q10=1
q11=1
q12=1
q13=1
q14=1
q15=1
q16=1
q17=1
q18=1
q19=1
q20=1
q21=1
q22=1
q23=1
q24=1
q25=1
q26=1
q27=1
q28=1
q29=1
q30=1
q31=1
q32=1
q33=1
q34=1
q35=1
q36=1
q37=1
q38=1
q39=1

a0=0x141592000c576ce6
a1=0x141592000c5aedbc
a2=0x141592000c5750f4
a3=0x141592000c576658
a4=0x141592000c575890
a5=0x141592000c574ffa
a6=0x141592000c5acf11
a7=0x141592000d9df361
a8=0x141592000c576300
a9=0x141592000c5779b6
a10=0x141592000c5762b9
a11=0x141592000c5af078
a12=0x141592000c575517
a13=0x141592000c5752c3
a14=0x141592000c5a4baa
a15=0x141592000c5776e7
a16=0x141592000c58cdeb
a17=0x141592000c5881fc
a18=0x141592000bd81d33
a19=0x141592000bd84d6a
a20=0x141592000c577233
a21=0x141592000c574527
a22=0x141592000c5746a3
a23=0x141592000c574da3
a24=0x141592000c5741c9
a25=0x141592000da244ea
a26=0x141592000c5ae886
a27=0x141592000c57510e
a28=0x141592000c5ab6c8
a29=0x141592000c574d05
a30=0x141592000edae61f
a31=0x141592000c57667e
a32=0x141592000c577f43
a33=0x141592000c576449
a34=0x1415920010f4117a
a35=0x141592000c575966
a36=0x141592000c574d35
a37=0x141592000c576fb1
a38=0x141592000c5aea5d
a39=0x141592000c59f23f

l0,0=0,86,88,95,89,88,83,77,0,87,75,0,0,0,0,0,0,0,0,0,0,0,0,0,0,0,0,0,0,0,0,0,0,0,0,0,0,0,0,0
l1,0=90,0,88,88,89,91,78,80,79,81,76,0,0,63,0,0,0,0,0,0,0,0,0,0,0,0,0,0,0,0,0,0,0,0,0,0,0,0,0,0
l2,0=83,89,0,88,89,89,86,79,39,85,75,0,0,66,0,0,0,0,0,0,0,0,0,0,0,0,0,0,0,0,0,0,0,0,0,0,0,0,0,0
l3,0=95,86,89,0,92,87,81,73,82,0,62,0,0,0,0,0,0,0,0,0,0,0,0,0,0,0,0,0,0,0,0,0,0,0,0,0,0,0,0,0
l4,0=90,86,89,90,0,89,1,60,37,70,53,0,0,62,0,0,0,0,0,0,0,0,0,0,0,0,0,0,0,0,0,0,0,0,0,0,0,0,0,0
l5,0=90,93,90,85,88,0,84,75,70,89,68,41,0,35,0,0,0,0,0,0,0,0,0,0,0,0,0,0,0,0,0,0,0,0,0,0,0,0,0,0
l6,0=77,64,95,75,0,82,0,85,70,71,64,59,0,64,0,51,63,0,0,0,0,0,0,0,0,0,0,0,0,0,0,0,0,0,0,0,0,0,0,0
l7,0=71,74,84,76,77,81,83,0,72,83,73,70,0,33,0,49,0,0,0,0,0,0,0,0,0,0,0,0,0,0,0,0,0,0,0,0,0,0,0,0
l8,0=0,61,0,52,0,39,77,65,0,92,52,89,51,90,43,78,87,23,0,0,0,65,1,32,41,0,0,0,0,0,0,0,0,0,0,0,0,0,25,0
l9,0=76,58,87,0,62,90,57,88,91,0,79,75,36,83,1,54,64,35,0,0,0,0,42,0,0,0,0,0,0,0,0,0,0,0,0,0,0,0,0,0
l10,0=76,77,86,73,80,80,78,85,73,95,0,78,45,81,0,64,2,0,0,0,0,0,0,0,0,0,0,0,0,0,0,0,0,0,0,0,0,0,0,0
l11,0=0,0,0,0,0,6,15,35,49,55,59,0,67,42,33,93,86,58,0,17,0,34,0,0,25,2,0,0,0,0,0,0,0,0,0,0,32,0,43,0
l12,0=0,0,0,0,0,0,0,0,42,20,8,91,0,88,86,93,85,95,0,0,49,49,0,80,94,83,0,0,0,0,0,0,0,63,0,0,16,0,48,0
l13,0=0,31,51,0,52,1,41,0,91,83,72,92,78,0,87,80,5,57,0,42,0,64,44,50,43,63,0,0,0,0,0,0,0,0,0,0,0,0,43,0
l14,0=0,0,0,0,0,0,0,0,46,0,0,88,63,49,0,86,89,52,0,0,44,0,11,49,47,84,0,0,0,0,0,0,0,78,0,0,21,0,42,0
l15,0=0,0,0,0,0,0,19,15,51,37,46,97,86,35,52,0,84,53,0,0,25,0,28,0,53,0,0,0,0,0,0,0,0,0,0,0,24,0,43,0
l16,0=0,0,0,0,0,0,12,0,45,34,0,82,45,3,34,77,0,59,0,26,54,73,53,14,24,0,0,0,0,0,0,0,0,53,0,29,2,0,58,53
l17,0=0,0,0,0,0,0,0,0,23,42,0,94,76,31,33,87,95,0,0,0,61,72,11,0,30,57,0,0,0,0,0,0,0,69,0,0,29,7,0,0
l18,0=0,0,0,0,0,0,0,0,0,0,0,0,0,0,0,0,0,0,0,0,62,0,58,0,0,0,0,0,0,0,0,0,0,0,0,0,0,0,0,0
l19,0=0,0,0,0,0,0,0,0,0,0,0,23,0,15,0,0,58,0,0,0,77,40,83,0,0,0,28,0,0,0,0,0,0,0,0,0,29,0,24,68
l20,0=0,0,0,0,0,0,0,0,0,0,0,0,18,0,12,17,65,19,25,89,0,86,85,0,0,0,0,0,0,0,0,0,0,0,0,34,32,35,95,83
l21,0=0,0,0,0,0,0,0,0,49,0,0,19,18,48,0,0,81,34,10,15,87,0,85,0,0,0,25,0,0,0,0,3,0,0,0,60,18,7,81,60
l22,0=0,0,0,0,0,0,0,0,17,15,0,0,0,15,2,35,63,9,20,91,88,86,0,0,0,0,29,0,0,0,0,0,2,0,0,55,58,11,68,75
l23,0=0,0,0,0,0,0,0,0,27,0,0,0,66,49,79,0,65,0,0,0,0,0,0,0,91,60,0,0,0,0,0,0,22,44,72,0,0,0,0,0
l24,0=0,0,0,0,0,0,0,0,35,0,0,85,89,26,54,86,85,48,0,0,0,0,0,87,0,64,0,0,0,0,0,0,64,75,66,0,0,0,2,0
l25,0=0,0,0,0,0,0,0,0,10,0,0,0,77,32,88,0,0,27,0,0,0,0,0,40,83,0,40,0,0,0,0,47,70,73,74,0,0,0,0,0
l26,0=0,0,0,0,0,0,0,0,0,0,0,0,0,0,0,0,0,0,0,62,0,43,40,0,0,40,0,66,96,87,87,89,67,71,70,0,0,0,0,0
l27,0=0,0,0,0,0,0,0,0,0,0,0,0,0,0,0,0,0,0,0,0,0,0,0,0,0,1,78,0,96,94,96,81,72,77,72,0,0,0,0,0
l28,0=0,0,0,0,0,0,0,0,0,0,0,0,0,0,0,0,0,0,0,1,0,0,0,0,0,0,83,99,0,94,96,88,83,75,79,0,0,0,0,0
l29,0=0,0,0,0,0,0,0,0,0,0,0,0,0,0,0,0,0,0,0,37,0,0,0,0,0,2,82,98,96,0,96,74,66,67,60,0,0,0,0,0
l30,0=0,0,0,0,0,0,0,0,0,0,0,0,0,0,0,0,0,0,0,0,0,0,0,0,0,0,76,100,96,94,0,63,75,81,0,0,0,0,0,0
l31,0=0,0,0,0,0,0,0,0,0,0,0,0,0,0,0,0,0,0,0,22,1,3,0,0,0,30,77,39,89,67,45,0,89,85,93,0,0,0,0,0
l32,0=0,0,0,0,0,0,0,0,0,0,0,0,0,0,0,0,0,0,0,0,0,0,3,13,29,40,59,41,70,41,48,83,0,83,94,0,0,0,0,0
l33,0=0,0,0,0,0,0,0,0,0,0,0,0,35,0,32,0,48,18,0,0,0,0,0,17,37,38,43,32,68,37,51,79,89,0,82,0,0,0,0,0
l34,0=0,0,0,0,0,0,0,0,0,0,0,0,0,0,7,0,0,0,0,0,9,0,3,39,42,72,52,42,75,43,0,87,93,75,0,0,0,0,0,0
l35,0=0,0,0,0,0,0,0,0,0,0,0,0,0,0,0,0,15,0,0,0,25,50,24,0,0,0,0,0,0,0,0,0,0,0,0,0,18,34,82,64
l36,0=0,0,0,0,0,0,0,0,0,0,0,45,9,0,2,33,17,16,0,20,70,37,76,0,0,0,0,0,0,0,0,0,0,0,0,70,0,31,73,92
l37,0=0,0,0,0,0,0,0,0,0,0,0,0,0,0,0,0,0,4,0,4,78,0,34,0,0,0,0,0,0,0,0,0,0,0,0,82,34,0,0,93
l38,0=0,0,0,0,0,0,0,0,12,0,0,39,26,9,10,57,89,0,0,15,85,79,76,0,0,0,0,0,0,0,0,0,0,0,0,83,45,0,0,94
l39,0=0,0,0,0,0,0,0,0,0,0,0,0,0,0,0,0,49,0,0,25,80,60,76,0,0,0,0,0,0,0,0,0,0,0,0,76,34,31,71,0

l0,1=0,60,71,77,73,67,68,12,67,68,76,0,0,0,0,0,0,0,0,0,0,0,0,0,0,0,0,0,0,0,0,0,0,0,0,0,0,0,0,0
l1,1=75,0,85,77,79,75,46,47,67,70,80,0,0,63,0,0,0,0,0,0,0,0,0,0,0,0,0,0,0,0,0,0,0,0,0,0,0,0,0,0
l2,1=75,82,0,80,64,76,76,75,36,81,88,0,0,8,0,22,0,0,0,0,0,0,0,0,0,0,0,0,0,0,0,0,0,0,0,0,0,0,0,0
l3,1=93,72,80,0,78,67,53,70,0,0,76,0,0,0,0,0,0,0,0,0,0,0,0,0,0,0,0,0,0,0,0,0,0,0,0,0,0,0,0,0
l4,1=81,71,71,76,0,67,46,72,0,70,76,0,0,17,0,0,0,0,0,0,0,0,0,0,0,0,0,0,0,0,0,0,0,0,0,0,0,0,0,0
l5,1=77,77,86,71,77,0,49,81,62,73,76,0,0,6,0,0,0,0,0,0,0,0,0,0,0,0,0,0,0,0,0,0,0,0,0,0,0,0,0,0
l6,1=77,41,88,30,36,60,0,76,61,57,79,46,7,36,0,1,23,0,0,0,0,0,0,0,0,0,0,0,0,0,0,0,0,0,0,0,0,0,0,0
l7,1=23,17,77,67,66,70,63,0,69,79,86,19,12,9,0,7,0,0,0,0,0,0,0,0,0,0,0,0,0,0,0,0,0,0,0,0,0,0,0,0
l8,1=30,55,0,0,0,50,62,76,0,80,76,67,0,80,49,57,47,36,0,0,0,47,32,42,0,0,0,0,0,0,0,0,0,0,0,0,0,0,0,0
l9,1=31,44,72,0,65,63,39,81,86,0,87,57,32,87,38,51,36,47,0,0,0,19,17,0,0,0,0,0,0,0,0,0,0,0,0,0,0,0,0,0
l10,1=64,65,78,65,61,64,61,86,69,86,0,46,0,72,0,35,1,0,0,0,0,2,0,0,0,0,0,0,0,0,0,0,0,0,0,0,0,0,0,0
l11,1=0,0,0,0,0,0,25,27,43,38,34,0,72,85,57,70,41,73,0,18,5,1,0,0,20,0,0,0,0,0,0,0,0,0,0,6,31,0,31,0
l12,1=0,0,0,0,0,0,0,0,0,24,0,75,0,66,65,67,56,82,0,0,14,30,9,62,78,30,0,0,0,0,0,0,0,13,0,0,2,0,28,0
l13,1=0,5,0,0,2,0,28,0,79,74,65,79,47,0,57,40,56,66,0,12,13,33,29,37,14,18,0,0,0,0,0,0,0,0,0,0,0,0,29,0
l14,1=0,0,0,0,0,0,0,0,45,32,0,38,73,46,0,52,61,57,0,0,16,29,0,71,41,61,0,0,0,0,0,0,0,11,0,0,10,0,0,0
l15,1=0,0,1,0,0,0,1,0,51,38,35,84,75,25,38,0,38,68,0,0,4,0,13,15,47,0,0,0,0,0,0,0,0,0,0,0,29,0,9,0
l16,1=0,0,0,0,0,0,6,0,30,23,0,20,28,24,55,22,0,56,0,3,22,42,37,11,11,9,0,0,0,0,0,0,0,14,1,11,26,0,22,19
l17,1=0,0,0,0,0,0,0,0,27,31,0,51,81,46,51,64,71,0,0,0,11,15,27,16,16,3,0,0,0,0,0,0,0,17,0,0,28,0,18,0
l18,1=0,0,0,0,0,0,0,0,0,0,0,0,0,0,0,0,0,0,0,39,45,36,50,0,0,0,0,0,0,0,0,0,0,0,0,0,0,0,0,0
l19,1=0,0,0,0,0,0,0,0,0,0,0,11,0,15,0,0,3,0,19,0,51,29,65,0,0,0,22,0,0,0,0,0,0,0,0,8,47,34,37,37
l20,1=0,0,0,0,0,0,0,0,0,0,0,0,24,14,27,16,47,33,22,65,0,65,64,0,0,0,0,0,0,0,0,2,0,0,0,12,46,52,48,48
l21,1=0,0,0,0,0,0,0,0,40,17,2,1,21,23,23,0,47,23,24,24,65,0,63,0,0,0,10,0,0,0,0,3,0,0,0,53,29,30,45,43
l22,1=0,0,0,0,0,0,0,0,22,12,0,0,21,16,0,35,47,27,22,69,62,57,0,0,0,0,19,0,0,0,0,1,0,0,0,30,54,23,29,46
l23,1=0,0,0,0,0,0,0,0,44,0,0,0,55,42,56,31,36,34,0,0,0,0,0,0,58,34,0,0,0,0,0,0,8,0,43,0,0,0,0,0
l24,1=0,0,0,0,0,0,0,0,0,0,0,21,77,23,59,62,47,49,0,0,0,0,3,75,0,37,0,0,0,0,0,0,30,38,22,0,0,0,0,0
l25,1=0,0,0,0,0,0,0,0,2,0,0,0,63,30,58,0,47,30,0,0,0,0,0,63,45,0,16,0,20,2,0,41,0,61,34,0,0,0,0,0
l26,1=0,0,0,0,0,0,0,0,0,0,0,0,0,0,0,0,0,0,0,40,0,32,39,0,0,35,0,67,76,75,76,74,74,77,40,0,0,0,0,0
l27,1=0,0,0,0,0,0,0,0,0,0,0,0,0,0,0,0,0,0,0,0,0,0,0,0,0,0,50,0,74,83,88,60,62,54,63,0,0,0,0,0
l28,1=0,0,0,0,0,0,0,0,0,0,0,0,0,0,0,0,0,0,0,24,0,0,0,0,0,32,61,83,0,87,81,75,42,56,53,0,0,0,0,0
l29,1=0,0,0,0,0,0,0,0,0,0,0,0,0,0,0,0,0,0,0,0,0,0,0,0,0,0,55,84,77,0,81,66,45,35,41,0,0,0,0,0
l30,1=0,0,0,0,0,0,0,0,0,0,0,0,0,0,0,0,0,0,0,0,0,0,0,0,0,0,49,88,75,86,0,52,37,64,0,0,0,0,0,0
l31,1=0,0,0,0,0,0,0,0,0,0,0,0,0,0,0,0,0,0,0,23,10,20,16,0,0,38,50,46,58,45,36,0,74,69,77,0,0,0,0,0
l32,1=0,0,0,0,0,0,0,0,0,0,0,0,0,0,0,0,7,0,0,0,0,0,0,34,24,0,43,46,46,42,33,71,0,70,88,0,0,0,0,0
l33,1=0,0,0,0,0,0,0,0,0,0,0,0,35,0,1,0,38,33,0,0,0,0,0,0,27,53,42,46,55,32,53,64,68,0,65,0,0,0,0,0
l34,1=0,0,0,0,0,0,0,0,0,0,0,0,0,0,5,0,31,0,0,0,19,0,0,52,31,43,36,50,58,40,0,70,81,62,0,0,0,0,0,0
l35,1=0,0,0,0,0,0,0,0,0,0,0,1,0,0,0,0,30,0,0,4,1,38,39,0,0,0,0,0,0,0,0,0,0,0,0,0,45,56,51,32
l36,1=0,0,0,0,0,0,0,0,0,0,0,10,3,0,0,17,34,30,0,22,31,20,54,0,0,0,0,0,0,0,0,0,0,0,0,32,0,58,59,43
l37,1=0,0,0,0,0,0,0,0,0,0,0,0,0,0,0,0,0,0,0,14,24,26,8,0,0,0,0,0,0,0,0,0,0,0,0,34,52,0,45,50
l38,1=0,0,0,0,0,0,0,0,0,0,0,19,18,15,0,1,26,8,0,27,35,51,35,0,0,0,0,0,0,0,0,0,0,0,0,68,68,49,0,43
l39,1=0,0,0,0,0,0,0,0,0,0,0,0,0,0,0,0,34,0,0,33,31,38,55,0,0,0,0,0,0,0,0,0,0,0,0,24,44,51,45,0

l0,2=0,51,68,81,79,67,58,67,75,65,62,0,0,0,0,0,0,0,0,0,0,0,0,0,0,0,0,0,0,0,0,0,0,0,0,0,0,0,0,0
l1,2=31,0,72,82,85,75,62,65,67,62,67,0,0,3,0,0,0,0,0,0,0,0,0,0,0,0,0,0,0,0,0,0,0,0,0,0,0,0,0,0
l2,2=65,83,0,86,62,79,75,70,27,71,61,0,0,6,0,10,0,0,0,0,0,0,0,0,0,0,0,0,0,0,0,0,0,0,0,0,0,0,0,0
l3,2=82,82,77,0,77,67,54,48,59,31,57,0,0,0,0,0,0,0,0,0,0,0,0,0,0,0,0,0,0,0,0,0,0,0,0,0,0,0,0,0
l4,2=70,73,68,76,0,67,58,71,35,68,5,0,0,0,0,0,0,0,0,0,0,0,0,0,0,0,0,0,0,0,0,0,0,0,0,0,0,0,0,0
l5,2=64,78,76,70,85,0,47,69,59,59,58,0,0,4,0,0,0,0,0,0,0,0,0,0,0,0,0,0,0,0,0,0,0,0,0,0,0,0,0,0
l6,2=62,29,76,52,58,51,0,59,37,57,66,16,12,30,0,26,0,0,0,0,0,0,0,0,0,0,0,0,0,0,0,0,0,0,0,0,0,0,0,0
l7,2=44,24,44,32,62,67,44,0,74,67,74,16,0,45,0,31,0,0,0,0,0,0,0,0,0,0,0,0,0,0,0,0,0,0,0,0,0,0,0,0
l8,2=11,3,0,14,4,23,8,67,0,79,65,32,0,60,2,51,39,24,0,0,0,31,20,0,27,4,0,0,0,0,0,0,0,0,0,0,0,0,0,0
l9,2=32,27,69,10,73,46,45,68,85,0,74,24,21,61,0,38,3,18,0,0,0,6,0,0,0,0,0,0,0,0,0,0,0,0,0,0,0,0,0,0
l10,2=58,69,47,19,0,56,58,78,79,76,0,27,0,55,0,15,0,3,0,0,0,0,0,0,0,0,0,0,0,0,0,0,0,0,0,0,0,0,0,0
l11,2=0,0,0,0,0,0,7,16,40,30,26,0,63,72,63,59,35,75,0,11,11,22,17,29,0,8,0,0,0,0,0,0,0,0,0,21,32,0,22,2
l12,2=0,0,0,0,0,0,4,0,0,38,0,77,0,49,80,56,52,84,0,0,0,21,16,77,88,63,0,0,0,0,0,0,0,0,0,0,0,0,30,0
l13,2=0,0,0,0,0,0,4,22,75,64,43,72,31,0,26,42,41,30,0,16,7,27,22,28,33,18,0,0,0,0,0,0,0,0,0,0,0,0,33,0
l14,2=0,0,0,0,0,0,0,0,28,0,0,60,68,41,0,34,61,53,0,0,22,0,0,76,74,67,0,0,0,0,0,0,0,39,0,0,0,0,29,0
l15,2=0,0,1,0,0,0,5,30,76,30,24,90,63,60,26,0,33,60,0,1,24,0,0,3,75,0,0,0,0,0,0,0,0,0,0,0,20,0,20,9
l16,2=0,0,0,0,0,0,0,0,35,0,0,27,47,36,44,22,0,56,0,1,40,29,35,6,36,27,0,0,0,0,0,0,0,19,0,36,39,4,30,24
l17,2=0,0,0,0,0,0,0,0,35,21,1,81,68,49,53,52,70,0,0,0,21,24,25,30,60,0,0,0,0,0,0,0,0,19,0,3,32,0,25,0
l18,2=0,0,0,0,0,0,0,0,0,0,0,0,0,7,0,0,0,0,0,24,30,47,43,0,0,0,0,0,0,0,0,0,0,0,0,0,0,0,0,0
l19,2=0,0,0,0,0,0,0,0,0,0,0,15,0,33,0,0,8,0,16,0,50,0,72,0,0,0,29,0,0,0,0,13,0,0,0,19,51,15,44,42
l20,2=0,0,0,0,0,0,0,0,0,0,0,3,0,33,14,22,49,19,17,53,0,75,69,0,0,0,0,0,0,0,0,8,0,0,19,39,61,47,59,45
l21,2=0,0,0,0,0,0,0,0,38,17,0,25,21,28,4,0,47,15,18,0,66,0,73,0,0,0,0,0,0,0,0,0,0,16,0,35,63,25,64,46
l22,2=0,0,0,0,0,0,0,0,37,0,0,19,15,35,0,0,53,18,24,65,58,66,0,0,0,0,23,0,0,20,0,0,0,0,0,48,61,38,37,44
l23,2=0,0,0,0,0,0,0,0,0,0,0,49,61,56,75,0,1,43,0,0,0,0,0,0,83,69,0,0,0,0,0,0,0,0,49,0,0,0,0,0
l24,2=0,0,0,0,0,0,0,0,37,0,0,0,63,44,69,52,54,59,0,0,1,0,0,79,0,69,0,0,0,0,0,0,0,31,25,0,26,0,9,0
l25,2=0,0,0,0,0,0,0,0,27,0,0,11,61,51,66,0,49,0,0,0,0,0,0,69,71,0,34,0,0,0,0,55,46,58,59,0,0,0,0,0
l26,2=0,0,0,0,0,0,0,0,0,0,0,0,0,0,0,0,0,0,0,30,0,0,19,0,0,37,0,0,71,68,79,76,65,70,72,0,0,0,0,0
l27,2=0,0,0,0,0,0,0,0,0,0,0,0,0,0,0,0,0,0,0,0,0,0,0,0,0,0,0,0,67,79,90,72,57,60,68,0,0,0,0,0
l28,2=0,0,0,0,0,0,0,0,0,0,0,0,0,0,0,0,0,0,0,0,0,0,0,0,0,0,86,84,0,81,86,73,41,54,49,0,0,0,0,0
l29,2=0,0,0,0,0,0,0,0,0,0,0,0,0,0,0,0,0,0,0,0,0,0,29,0,0,0,80,83,71,0,80,69,54,0,9,0,0,0,0,0
l30,2=0,0,0,0,0,0,0,0,0,0,0,0,0,0,0,0,0,0,0,0,0,0,0,0,0,0,77,89,63,67,0,48,44,54,35,0,0,0,0,0
l31,2=0,0,0,0,0,0,0,0,0,0,0,0,0,0,0,0,0,0,0,26,17,0,0,5,0,45,80,43,50,49,44,0,66,66,76,0,0,0,0,0
l32,2=0,0,0,0,0,0,0,0,0,0,0,0,0,0,0,0,0,0,0,0,0,0,0,0,0,42,69,32,32,34,48,77,0,69,85,0,0,0,0,0
l33,2=0,0,0,0,0,0,0,0,0,0,0,0,0,0,44,0,42,23,0,0,0,24,0,0,45,61,65,29,44,0,60,69,57,0,68,0,0,0,0,0
l34,2=0,0,0,0,0,0,0,0,0,0,0,0,0,0,0,0,1,0,0,0,26,0,0,47,36,41,67,34,39,27,48,73,72,71,0,0,0,0,0,0
l35,2=0,0,0,0,0,0,0,0,0,0,0,3,0,0,0,0,40,0,0,0,24,32,40,0,0,0,0,0,0,0,0,0,0,0,0,0,66,54,62,42
l36,2=0,0,0,0,0,0,0,0,0,0,0,28,0,0,0,4,47,23,0,26,47,54,47,0,5,0,0,0,0,0,0,0,0,0,0,60,0,54,66,41
l37,2=0,0,0,0,0,0,0,0,0,0,0,0,0,0,0,0,8,0,0,6,36,32,25,0,0,0,0,0,0,0,0,0,0,0,0,56,65,0,59,30
l38,2=0,0,0,0,0,0,0,0,0,0,0,16,14,36,15,11,32,11,0,15,52,56,19,0,0,0,0,0,0,0,0,0,0,0,0,66,74,50,0,44
l39,2=0,0,0,0,0,0,0,0,0,0,0,0,0,0,0,0,38,0,0,37,38,46,43,0,0,0,0,0,0,0,0,0,0,0,0,39,45,36,58,0

l0,3=0,42,40,77,86,79,78,13,0,39,0,0,0,0,0,0,0,0,0,0,0,0,0,0,0,0,0,0,0,0,0,0,0,0,0,0,0,0,0,0
l1,3=58,0,43,78,87,84,75,37,49,39,27,0,0,2,0,0,0,0,0,0,0,0,0,0,0,0,0,0,0,0,0,0,0,0,0,0,0,0,0,0
l2,3=65,42,0,78,86,91,88,39,51,40,32,0,0,18,0,0,0,0,0,0,0,0,0,0,0,0,0,0,0,0,0,0,0,0,0,0,0,0,0,0
l3,3=66,46,40,0,87,78,78,0,37,0,25,0,0,0,0,0,0,0,0,0,0,0,0,0,0,0,0,0,0,0,0,0,0,0,0,0,0,0,0,0
l4,3=36,42,40,77,0,86,46,12,21,21,1,0,0,0,0,0,0,0,0,0,0,0,0,0,0,0,0,0,0,0,0,0,0,0,0,0,0,0,0,0
l5,3=66,48,87,74,88,0,76,37,45,30,30,14,0,20,0,0,0,0,0,0,0,0,0,0,0,0,0,0,0,0,0,0,0,0,0,0,0,0,0,0
l6,3=65,42,89,74,71,77,0,38,53,38,34,33,30,20,0,43,68,0,0,0,0,0,0,0,0,0,0,0,0,0,0,0,0,0,0,0,0,0,0,0
l7,3=50,38,42,0,72,84,81,0,61,45,89,0,0,27,0,51,35,0,0,0,0,0,0,0,0,0,0,0,0,0,0,0,0,0,0,0,0,0,0,0
l8,3=0,23,26,4,21,24,41,83,0,81,82,38,26,87,5,82,43,41,0,0,0,18,29,0,10,0,0,0,0,0,0,0,0,0,0,0,0,0,11,0
l9,3=33,31,43,0,37,31,42,79,90,0,91,18,24,84,13,41,0,0,0,0,2,2,0,0,0,0,0,0,0,0,0,0,0,0,0,0,0,0,0,0
l10,3=0,28,41,32,29,84,83,86,59,80,0,20,1,84,6,27,0,0,0,0,0,0,0,1,2,0,0,0,0,0,0,0,0,0,0,0,0,0,5,0
l11,3=0,0,0,0,0,12,60,0,83,51,67,0,87,89,88,92,74,93,0,23,15,59,55,59,71,41,0,0,0,0,0,0,0,0,0,0,73,0,72,0
l12,3=0,0,0,0,0,0,27,0,27,23,0,89,0,42,96,91,44,98,0,20,0,27,20,67,93,88,0,0,0,0,0,0,0,13,0,15,0,0,27,0
l13,3=0,0,12,0,0,32,20,12,92,81,80,81,73,0,0,78,36,70,15,10,2,5,25,28,5,31,0,0,0,0,0,0,0,0,0,0,0,0,16,0
l14,3=0,0,0,0,0,0,0,0,18,26,0,90,92,1,0,31,43,40,0,0,10,0,0,84,92,56,0,0,0,0,0,0,0,15,0,0,0,0,31,0
l15,3=0,0,0,0,0,0,26,31,87,33,0,91,89,83,26,0,69,80,0,5,33,10,0,26,85,0,0,0,0,0,0,0,0,0,0,0,0,0,30,20
l16,3=0,0,0,0,0,0,21,8,29,0,0,33,66,38,39,45,0,85,19,2,75,34,75,1,36,16,0,0,0,0,0,0,0,28,0,0,37,24,29,33
l17,3=0,0,0,0,0,0,0,0,67,0,0,89,92,85,69,87,92,0,0,0,53,26,27,49,83,0,0,0,0,0,0,0,0,10,0,16,64,13,59,30
l18,3=0,0,0,0,0,0,0,0,0,0,0,0,0,41,0,0,49,0,0,66,42,27,47,0,0,0,0,0,0,0,0,0,0,0,0,0,0,0,0,0
l19,3=0,0,0,0,0,0,0,0,0,0,0,3,35,30,0,1,0,0,37,0,82,87,91,0,0,0,0,0,0,34,0,50,0,0,0,0,77,53,76,54
l20,3=0,0,0,0,0,0,0,0,0,22,0,16,0,41,14,61,88,48,21,84,0,89,92,0,33,0,0,0,0,0,0,0,0,0,5,44,83,85,89,82
l21,3=0,0,0,0,0,0,0,0,79,17,0,51,71,51,0,36,85,61,34,82,90,0,86,0,0,0,0,0,0,0,0,0,10,43,0,27,82,80,81,84
l22,3=0,0,0,0,0,0,0,0,58,0,0,52,48,52,0,0,83,32,31,89,91,90,0,0,0,0,54,0,0,37,0,0,0,0,0,66,67,35,85,82
l23,3=0,0,0,0,0,0,0,0,0,0,0,35,86,42,88,35,0,31,0,0,0,0,0,0,91,87,0,0,0,0,0,0,0,21,0,0,0,0,0,0
l24,3=0,0,0,0,0,0,0,0,72,0,0,67,92,45,92,90,75,83,0,0,28,0,0,83,0,85,0,0,0,0,0,0,0,56,0,0,34,0,19,0
l25,3=0,0,0,0,0,0,0,0,0,0,0,27,87,39,85,0,34,0,0,0,0,0,0,78,86,0,11,0,0,1,0,35,30,76,65,0,0,0,0,0
l26,3=0,0,0,0,0,0,0,0,0,0,0,0,0,0,0,0,0,0,0,0,0,1,54,0,0,38,0,70,93,91,93,97,87,62,87,0,0,0,0,0
l27,3=0,0,0,0,0,0,0,0,0,0,0,0,0,0,0,0,0,0,0,0,0,0,0,0,0,0,91,0,93,95,99,92,87,26,14,0,0,0,0,0
l28,3=0,0,0,0,0,0,0,0,0,0,0,0,0,0,0,0,0,0,0,0,0,0,0,0,0,0,96,99,0,95,93,91,76,86,78,0,0,0,0,0
l29,3=0,0,0,0,0,0,0,0,0,0,0,0,0,0,0,0,0,0,0,60,0,0,55,0,0,3,96,98,93,0,94,84,82,60,57,0,0,0,0,0
l30,3=0,0,0,0,0,0,0,0,0,0,0,0,0,0,0,0,0,0,0,0,0,0,0,0,0,0,94,99,88,89,0,79,89,65,0,0,0,0,0,0
l31,3=0,0,0,0,0,0,0,0,0,0,0,0,0,0,0,0,0,0,0,63,0,0,0,2,0,48,96,65,73,70,49,0,95,93,97,0,0,0,0,0
l32,3=0,0,0,0,0,0,0,0,0,0,0,0,16,0,0,0,0,0,0,0,0,18,0,0,0,71,87,64,72,73,84,98,0,92,98,0,0,0,0,0
l33,3=0,0,0,0,0,0,0,0,0,0,0,0,47,0,50,0,67,15,0,0,0,50,0,42,71,80,57,1,78,50,39,89,83,0,92,0,0,0,0,0
l34,3=0,0,0,0,0,0,0,0,0,0,0,0,0,0,1,0,28,0,0,0,41,0,0,16,3,82,87,10,78,74,3,94,95,92,0,0,0,0,0,0
l35,3=0,0,0,0,0,0,0,0,0,0,0,0,4,0,0,0,0,11,0,0,37,8,64,0,0,0,0,0,0,0,0,0,0,0,0,0,84,87,89,81
l36,3=0,0,0,0,0,0,0,0,0,0,0,36,0,0,0,0,70,47,0,65,72,67,55,0,21,0,0,0,0,0,0,0,0,0,0,68,0,86,88,73
l37,3=0,0,0,0,0,0,0,0,0,0,0,0,0,0,0,0,36,2,0,36,68,52,10,0,0,0,0,0,0,0,0,0,0,0,0,67,84,0,78,66
l38,3=0,0,0,0,0,0,0,0,20,0,0,54,58,51,73,44,74,46,0,64,87,75,68,0,17,0,0,0,0,0,0,0,0,0,0,74,89,80,0,83
l39,3=0,0,0,0,0,0,0,0,0,0,0,0,0,0,0,5,70,11,0,38,81,70,67,0,0,0,0,0,0,0,0,0,0,0,0,70,83,83,87,0

l0,4=0,80,71,91,85,72,73,56,0,92,52,0,0,0,0,0,0,0,0,0,0,0,0,0,0,0,0,0,0,0,0,0,0,0,0,0,0,0,0,0
l1,4=83,0,85,91,88,72,79,59,80,91,63,0,0,47,0,0,0,0,0,0,0,0,0,46,0,0,0,0,0,0,0,0,0,0,0,0,0,0,0,0
l2,4=83,83,0,87,88,73,79,67,49,91,84,0,0,58,0,0,0,0,0,0,0,0,0,0,0,0,0,0,0,0,0,0,0,0,0,0,0,0,0,0
l3,4=96,94,89,0,94,72,73,0,0,5,3,0,0,0,0,0,0,0,0,0,0,0,0,0,0,0,0,0,0,0,0,0,0,0,0,0,0,0,0,0
l4,4=77,87,84,89,0,70,70,60,81,83,0,0,0,28,0,0,0,0,0,0,0,0,0,0,0,0,0,0,0,0,0,0,0,0,0,0,0,0,0,0
l5,4=86,81,89,85,86,0,71,67,27,92,78,0,0,53,0,72,0,0,0,0,0,0,0,0,0,0,0,0,0,0,0,0,0,0,0,0,0,0,0,0
l6,4=84,86,88,84,77,67,0,82,78,91,85,82,61,0,0,62,74,0,0,0,0,0,0,0,0,0,0,0,0,0,0,0,0,0,0,0,0,0,0,0
l7,4=77,70,88,2,85,72,79,0,87,95,86,79,14,58,0,75,27,0,0,0,0,0,0,0,0,0,0,0,0,0,0,0,0,0,0,0,0,0,0,0
l8,4=0,59,0,0,72,0,57,63,0,95,71,81,79,82,76,77,78,78,0,0,47,74,69,0,23,0,0,0,0,0,0,0,0,0,0,0,0,0,0,0
l9,4=76,68,76,0,71,62,71,79,90,0,86,80,0,80,0,45,0,78,0,0,58,0,76,0,0,0,0,0,0,0,0,0,0,0,0,0,0,0,0,0
l10,4=73,28,87,48,0,69,75,83,84,96,0,85,79,78,76,73,0,71,0,0,0,0,0,14,0,0,0,0,0,0,0,0,0,0,0,0,0,0,0,0
l11,4=0,0,0,0,0,0,68,53,82,78,68,0,84,75,80,95,80,82,0,0,0,73,75,62,64,51,0,0,0,0,0,0,0,0,0,26,85,0,80,0
l12,4=0,0,0,0,0,0,2,0,80,0,56,90,0,80,87,86,88,96,0,7,63,0,0,74,81,81,0,0,0,0,0,0,40,35,0,0,69,0,78,0
l13,4=0,25,17,0,0,50,0,34,89,85,71,84,82,0,78,80,78,81,0,43,70,63,74,62,0,68,0,0,0,0,0,0,0,0,0,0,0,0,60,0
l14,4=0,0,0,0,0,0,0,0,72,0,60,90,91,64,0,0,83,80,0,0,71,0,0,75,88,74,0,0,0,0,0,33,0,64,61,0,32,0,79,0
l15,4=0,0,0,0,0,39,45,52,81,71,70,95,85,83,0,0,75,75,0,14,72,68,67,62,74,40,0,0,0,0,0,0,0,0,0,0,77,0,78,0
l16,4=0,0,0,0,0,0,57,0,80,0,0,81,86,71,85,79,0,88,60,62,76,79,76,42,76,70,0,0,0,0,0,0,0,57,0,79,82,0,86,61
l17,4=0,0,0,0,0,0,0,0,79,80,37,93,92,78,80,75,96,0,0,0,73,65,74,56,83,53,0,0,0,0,0,0,0,0,0,77,85,0,73,59
l18,4=0,0,0,0,0,0,0,0,0,0,0,0,0,0,0,0,79,0,0,73,7,80,82,0,0,0,0,0,0,0,0,0,0,0,0,0,0,0,0,0
l19,4=0,0,0,0,0,0,0,0,0,0,0,0,23,52,0,1,75,0,75,0,91,89,94,0,0,0,0,0,32,0,0,0,0,0,0,0,80,75,76,64
l20,4=0,0,0,0,0,0,0,0,39,50,0,0,56,69,76,73,88,78,0,80,0,86,94,0,48,0,0,0,31,0,0,0,48,0,0,5,89,81,91,70
l21,4=0,0,0,0,0,0,0,0,79,0,0,72,0,60,0,66,89,58,70,83,89,0,92,0,30,0,0,0,0,0,0,0,0,22,0,3,92,77,90,71
l22,4=0,0,0,0,0,0,0,0,52,64,0,56,0,64,0,42,82,57,67,98,94,86,0,0,0,0,67,0,0,41,1,0,0,40,0,85,93,81,91,63
l23,4=0,3,0,0,0,0,0,0,0,0,0,80,90,72,91,75,65,57,0,0,0,0,0,0,84,89,0,0,0,0,0,0,0,72,76,0,0,0,0,0
l24,4=0,0,0,0,0,0,0,0,38,0,0,72,91,0,92,85,65,85,0,0,66,19,0,90,0,70,0,0,0,0,0,0,0,64,1,0,0,0,0,0
l25,4=0,0,0,0,0,0,0,0,0,0,0,37,91,60,92,42,74,54,0,0,0,0,0,92,81,0,0,0,0,66,0,71,82,87,84,0,0,0,0,0
l26,4=0,0,0,0,0,0,0,0,0,0,0,0,0,0,0,0,0,0,0,27,0,0,81,0,0,0,0,93,100,99,100,98,100,69,94,0,0,0,0,0
l27,4=0,0,0,0,0,0,0,0,0,0,0,0,0,0,0,0,0,0,0,0,0,0,0,0,0,0,99,0,100,99,100,97,85,0,70,0,0,0,0,0
l28,4=0,0,0,0,0,0,0,0,0,0,0,0,0,0,0,0,0,0,0,63,73,0,0,0,0,0,99,100,0,99,92,89,95,76,87,0,0,0,0,0
l29,4=0,0,0,0,0,0,0,0,0,0,0,0,0,0,0,0,0,0,0,12,0,0,55,0,0,69,99,100,100,0,99,86,89,76,83,0,0,0,0,0
l30,4=0,0,0,0,0,0,0,0,0,0,0,0,0,0,0,0,0,0,0,0,0,0,0,0,0,0,99,100,95,99,0,94,90,71,0,0,0,0,0,0
l31,4=0,0,0,0,0,0,0,0,0,0,0,0,0,0,36,0,0,0,0,0,0,0,0,0,0,68,99,87,85,82,86,0,100,93,96,0,0,0,0,0
l32,4=0,0,0,0,0,0,0,0,0,0,0,0,82,0,0,0,0,0,0,0,63,0,0,0,0,80,93,86,92,92,93,98,0,84,96,0,0,0,0,0
l33,4=0,0,0,0,0,0,0,0,0,0,0,0,65,0,78,0,58,0,0,0,0,1,53,73,61,80,63,0,88,77,68,95,95,0,85,0,0,0,0,0
l34,4=0,0,0,0,0,0,0,0,0,0,0,0,0,0,72,0,28,0,0,0,28,0,0,86,52,88,91,74,88,93,0,98,100,99,0,0,0,0,0,0
l35,4=0,0,0,0,0,0,0,0,0,0,0,0,0,0,0,0,68,43,0,0,5,0,65,0,0,0,0,0,0,0,0,0,0,0,0,0,88,86,88,68
l36,4=0,0,0,0,0,0,0,0,0,0,0,50,34,0,2,46,56,69,0,47,72,60,70,0,0,0,0,0,0,0,0,0,0,0,0,87,0,82,88,62
l37,4=0,0,0,0,0,0,0,0,0,0,0,0,0,0,0,0,0,0,0,51,64,55,69,0,0,0,0,0,0,0,0,0,0,0,0,85,86,0,78,62
l38,4=0,0,0,0,0,0,0,0,0,0,0,75,66,14,73,69,77,13,0,53,86,60,84,0,0,0,0,0,0,0,0,0,0,0,0,90,88,80,0,66
l39,4=0,0,0,0,0,0,0,0,0,0,0,0,0,0,0,0,73,51,0,58,69,68,66,0,0,0,0,0,0,0,0,0,0,0,0,85,81,66,86,0

l0,5=0,74,63,80,71,73,77,76,3,68,68,0,0,0,0,0,0,0,0,0,0,0,0,0,0,0,0,0,0,0,0,0,0,0,0,0,0,0,0,0
l1,5=54,0,76,77,87,83,78,76,60,69,68,0,0,0,0,0,0,0,0,0,0,0,0,54,0,0,0,0,0,0,0,0,0,0,0,0,0,0,0,0
l2,5=53,85,0,70,74,79,85,1,0,69,68,0,0,0,0,0,0,0,0,0,0,0,0,0,0,0,0,0,0,0,0,0,0,0,0,0,0,0,0,0
l3,5=69,86,72,0,87,80,77,0,0,50,54,0,0,0,0,0,0,0,0,0,0,0,0,0,0,0,0,0,0,0,0,0,0,0,0,0,0,0,0,0
l4,5=57,85,69,79,0,78,78,78,64,52,68,0,0,58,0,21,0,0,0,0,0,0,0,0,0,0,0,0,0,0,0,0,0,0,0,0,0,0,0,0
l5,5=54,80,63,70,74,0,77,77,61,69,68,66,0,38,0,0,0,0,0,0,0,0,0,0,0,0,0,0,0,0,0,0,0,0,0,0,0,0,0,0
l6,5=58,78,67,68,71,73,0,80,60,70,71,71,0,0,0,0,23,0,0,2,0,0,0,0,0,0,0,0,0,0,0,0,0,0,0,0,0,0,0,0
l7,5=53,75,4,0,71,73,77,0,64,68,75,71,0,0,0,65,0,0,0,0,0,0,0,0,0,0,0,0,0,0,0,0,0,0,0,0,0,0,0,0
l8,5=0,52,0,0,37,57,70,77,0,71,70,73,31,78,59,25,18,38,0,0,4,17,19,44,53,0,0,0,0,0,0,0,0,0,0,0,0,0,0,0
l9,5=48,73,60,35,39,72,77,77,68,0,70,72,0,66,0,41,25,40,0,0,11,0,29,0,51,0,0,0,0,0,0,0,0,0,0,0,0,0,37,0
l10,5=49,71,63,39,60,73,77,80,64,76,0,70,0,51,60,58,0,24,0,0,0,0,0,0,0,0,0,0,0,0,0,0,0,0,0,0,0,0,0,0
l11,5=0,0,0,0,0,36,48,55,68,68,38,0,47,42,80,84,19,40,0,0,9,14,0,48,38,18,0,0,0,0,0,0,0,0,0,0,29,38,62,0
l12,5=0,0,0,0,0,0,0,0,32,0,0,85,0,44,84,28,46,80,0,0,12,0,0,63,72,61,0,0,0,0,0,0,16,25,0,7,27,0,51,0
l13,5=0,0,0,0,24,11,0,0,71,69,34,72,46,0,69,76,19,46,0,6,10,0,18,56,0,25,0,0,0,0,0,0,0,0,0,9,13,0,1,0
l14,5=0,0,0,0,0,0,0,0,50,0,29,52,82,46,0,26,24,39,0,0,14,0,10,74,83,48,0,0,0,0,0,1,0,38,19,0,0,0,57,0
l15,5=0,0,0,0,7,0,0,63,58,54,32,86,56,79,61,0,16,34,0,0,8,18,18,61,71,31,0,0,0,0,0,0,0,0,0,0,28,0,62,15
l16,5=0,0,0,0,0,0,43,0,34,35,0,47,46,31,62,16,0,42,0,39,17,15,18,0,49,24,0,0,0,0,0,3,0,14,4,18,18,36,65,32
l17,5=0,0,0,0,0,0,0,0,63,56,11,54,82,49,78,31,71,0,0,23,27,13,3,0,73,33,0,0,0,0,0,0,0,0,0,14,35,20,0,30
l18,5=0,0,0,0,0,0,0,0,0,0,0,0,0,0,0,0,0,0,0,1,0,52,38,0,0,0,0,0,0,0,0,0,0,0,0,0,0,0,0,0
l19,5=0,0,0,0,0,0,0,0,0,0,0,0,0,7,0,0,43,2,0,0,56,51,69,0,0,0,0,0,26,38,0,0,0,0,0,13,36,24,0,44
l20,5=0,0,0,0,0,0,0,0,9,18,0,7,20,25,35,6,49,29,0,73,0,58,69,0,23,0,4,0,8,0,0,0,13,0,0,24,41,48,65,25
l21,5=0,0,0,0,0,0,0,0,32,8,0,24,14,8,0,16,31,13,37,54,61,0,58,0,29,0,0,0,0,0,0,5,0,4,0,34,39,35,54,43
l22,5=0,0,0,0,0,0,0,0,28,32,0,0,7,28,18,15,16,0,28,78,62,44,0,0,0,0,9,0,0,0,0,0,0,0,0,16,55,52,71,34
l23,5=0,4,0,0,0,0,0,0,47,0,0,74,75,67,76,65,0,0,0,0,0,0,0,0,81,75,0,0,0,0,0,0,0,64,69,0,0,0,0,0
l24,5=0,0,0,0,0,0,0,0,57,54,0,42,77,0,84,69,44,63,0,0,9,16,0,74,0,72,0,0,0,0,0,0,0,40,17,0,0,0,0,0
l25,5=0,0,0,0,0,0,0,0,0,0,0,32,76,38,73,24,37,36,0,0,0,0,0,74,71,0,0,0,0,35,0,0,43,67,52,0,0,0,0,0
l26,5=0,0,0,0,0,0,0,0,0,0,0,0,0,0,0,0,0,0,0,14,27,0,47,0,0,0,0,67,85,88,75,81,82,58,75,0,0,0,0,0
l27,5=0,0,0,0,0,0,0,0,0,0,0,0,0,0,0,0,0,0,0,0,0,0,0,0,0,0,74,0,85,84,86,72,72,0,0,0,0,0,0,0
l28,5=0,0,0,0,0,0,0,0,0,0,0,0,0,0,0,0,0,0,0,51,29,0,0,0,0,0,83,87,0,89,85,66,76,64,67,0,0,0,0,0
l29,5=0,0,0,0,0,0,0,0,0,0,0,0,0,0,0,0,0,0,0,49,0,0,0,0,0,38,82,85,85,0,82,53,73,56,63,0,0,0,0,0
l30,5=0,0,0,0,0,0,0,0,0,0,0,0,0,0,0,0,0,0,0,0,0,0,0,0,0,0,76,87,85,84,0,68,2,60,0,0,0,0,0,0
l31,5=0,0,0,0,0,0,0,0,0,0,0,0,0,0,2,0,7,0,0,0,0,0,0,0,0,0,70,54,55,40,49,0,87,70,77,0,0,0,0,0
l32,5=0,0,0,0,0,0,0,0,0,0,0,0,48,0,0,0,0,0,0,0,28,0,0,0,0,69,75,45,63,56,42,87,0,78,88,0,0,0,0,0
l33,5=0,0,0,0,0,0,0,0,0,0,0,0,39,0,66,0,15,0,0,0,0,0,0,55,61,68,61,0,61,53,58,67,71,0,75,0,0,0,0,0
l34,5=0,0,0,0,0,0,0,0,0,0,0,0,37,0,58,0,27,0,0,0,15,0,0,53,54,62,61,0,62,48,0,80,92,80,0,0,0,0,0,0
l35,5=0,0,0,0,0,0,0,0,0,0,0,0,10,6,0,0,12,5,0,21,8,13,10,0,0,0,0,0,0,0,0,0,0,0,0,0,44,56,57,40
l36,5=0,0,0,0,0,0,0,0,0,0,0,22,15,6,0,10,6,15,0,36,18,12,18,0,0,0,0,0,0,0,0,0,0,0,0,21,0,64,64,48
l37,5=0,0,0,0,0,0,0,0,0,0,0,3,0,0,0,0,13,0,0,16,25,2,25,0,0,0,0,0,0,0,0,0,0,0,0,32,46,0,65,34
l38,5=0,0,0,0,0,0,0,0,0,24,0,28,26,0,40,16,18,0,0,0,37,17,19,0,0,0,0,0,0,0,0,0,0,0,0,22,52,60,0,45
l39,5=0,0,0,0,0,0,0,0,0,0,0,0,0,0,0,0,7,0,0,40,11,17,9,0,0,0,0,0,0,0,0,0,0,0,0,21,59,43,69,0

l0,6=0,85,72,87,82,81,59,41,0,35,70,0,0,0,0,0,0,0,0,0,0,0,0,0,0,0,0,0,0,0,0,0,0,0,0,0,0,0,0,0
l1,6=71,0,91,86,83,81,66,36,15,67,53,0,0,0,0,0,0,0,0,0,0,0,0,29,0,0,0,0,0,0,0,0,0,0,0,0,0,0,0,0
l2,6=56,83,0,86,82,60,66,36,11,67,72,0,0,0,0,0,0,0,0,0,0,0,0,0,0,0,0,0,0,0,0,0,0,0,0,0,0,0,0,0
l3,6=68,83,79,0,84,76,54,0,0,54,10,0,0,0,0,0,0,0,0,0,0,0,0,0,0,0,0,0,0,0,0,0,0,0,0,0,0,0,0,0
l4,6=73,85,83,90,0,78,63,36,48,21,55,0,0,30,0,0,0,0,0,0,0,0,0,2,0,0,0,0,0,0,0,0,0,0,0,0,0,0,0,0
l5,6=65,75,65,79,78,0,59,59,59,66,74,0,0,3,0,0,0,0,0,0,0,0,0,0,0,0,0,0,0,0,0,0,0,0,0,0,0,0,0,0
l6,6=52,59,71,52,63,59,0,58,57,68,74,51,0,4,0,0,45,0,0,0,0,0,0,0,0,0,0,0,0,0,0,0,0,0,0,0,0,0,0,0
l7,6=30,40,56,9,56,71,59,0,61,65,79,48,0,0,0,51,0,0,0,0,0,0,0,0,0,0,0,0,0,0,0,0,0,0,0,0,0,0,0,0
l8,6=0,29,0,0,30,32,42,37,0,67,74,63,21,53,11,38,38,52,0,0,32,15,21,3,27,0,0,0,0,0,0,0,0,0,0,0,0,0,0,0
l9,6=16,42,49,33,20,64,55,46,74,0,76,44,25,42,19,44,35,31,0,0,6,0,16,0,0,0,0,0,0,0,0,0,0,0,0,0,0,0,4,0
l10,6=42,28,51,25,50,58,59,62,73,70,0,51,0,32,0,44,38,0,0,0,0,0,0,0,0,0,0,0,0,0,0,0,0,0,0,0,0,0,0,0
l11,6=0,0,0,0,0,0,38,22,32,22,28,0,46,34,25,69,39,52,0,0,1,0,0,0,30,7,0,0,0,0,0,0,0,0,0,0,31,2,24,0
l12,6=0,0,0,0,0,0,0,0,10,14,0,66,0,29,41,50,58,61,0,0,15,0,6,40,59,48,0,0,0,0,0,0,0,22,6,0,3,0,11,0
l13,6=0,0,0,0,31,0,6,0,70,38,25,46,28,0,23,51,29,51,0,16,16,0,12,29,36,19,0,0,0,0,0,0,0,0,0,28,30,0,19,0
l14,6=0,0,0,0,0,0,0,0,10,19,0,48,50,37,0,40,38,51,0,0,31,0,13,54,54,41,0,0,0,0,0,0,0,27,0,0,34,0,19,0
l15,6=0,0,0,0,0,0,0,24,12,28,24,71,45,48,20,0,43,58,0,0,3,13,16,34,44,17,0,0,0,0,0,0,0,0,0,5,29,0,24,0
l16,6=0,0,0,0,0,0,30,0,4,3,13,35,41,22,12,34,0,55,9,14,0,15,18,23,45,21,0,0,0,0,0,0,0,0,2,33,40,9,28,11
l17,6=0,0,0,0,0,0,0,0,23,9,0,46,51,40,27,47,54,0,0,0,47,14,7,0,49,21,0,0,0,0,0,0,0,7,0,0,37,2,19,0
l18,6=0,0,0,0,0,0,0,0,0,0,0,0,0,0,0,0,30,0,0,31,0,27,0,0,0,0,0,0,0,0,0,0,0,0,0,0,0,0,0,0
l19,6=0,0,0,0,0,0,0,0,0,0,0,0,0,23,0,0,27,0,26,0,61,35,54,0,0,0,0,0,2,27,0,25,0,0,0,4,48,0,0,36
l20,6=0,0,0,0,0,0,0,0,14,8,0,25,20,11,14,0,3,42,0,61,0,54,55,0,2,0,0,0,0,0,0,0,0,18,0,40,51,9,39,22
l21,6=0,0,0,0,0,0,0,0,16,4,0,0,1,0,0,26,31,28,20,43,66,0,51,0,1,0,0,0,0,0,0,17,0,0,0,49,30,5,22,38
l22,6=0,0,0,0,0,0,0,0,17,14,0,0,21,9,4,29,30,8,0,59,66,48,0,0,0,0,16,0,0,0,0,0,0,0,0,33,61,27,36,30
l23,6=0,0,0,0,0,0,0,0,0,0,0,0,39,28,32,38,14,3,0,0,0,0,0,0,59,49,0,0,0,0,0,19,0,42,22,0,0,0,0,0
l24,6=0,0,0,0,0,0,0,0,20,0,0,38,56,35,38,44,45,43,0,0,1,0,0,66,0,40,0,0,0,0,0,0,0,34,4,0,0,0,2,0
l25,6=0,0,0,0,0,0,0,0,1,0,0,28,52,23,35,28,32,23,0,0,0,0,0,65,50,0,0,0,0,0,0,0,14,49,5,0,0,0,0,0
l26,6=0,0,0,0,0,0,0,0,0,0,0,0,0,0,0,0,0,0,0,11,18,0,29,0,0,0,0,49,68,65,78,66,76,43,31,0,0,0,0,0
l27,6=0,0,0,0,0,0,0,0,0,0,0,0,0,0,0,0,0,0,0,0,0,0,0,0,0,0,56,0,68,64,87,55,50,0,0,0,0,0,0,0
l28,6=0,0,0,0,0,0,0,0,0,0,0,0,0,0,0,0,0,0,0,19,15,0,0,0,0,0,66,78,0,70,84,55,49,58,42,0,0,0,0,0
l29,6=0,0,0,0,0,0,0,0,0,0,0,0,0,0,0,0,0,0,0,33,0,0,0,0,0,0,63,80,68,0,40,35,34,39,16,0,0,0,0,0
l30,6=0,0,0,0,0,0,0,0,0,0,0,0,0,0,0,0,0,0,0,0,0,0,0,0,0,0,62,85,68,44,0,50,0,5,22,0,0,0,0,0
l31,6=0,0,0,0,0,0,0,0,0,0,0,0,0,0,0,0,0,0,0,33,0,10,0,31,0,0,59,31,50,37,45,0,70,70,52,0,0,0,0,0
l32,6=0,0,0,0,0,0,0,0,0,0,0,0,2,0,0,0,0,0,0,0,0,0,0,0,0,24,54,24,50,40,5,72,0,77,69,0,0,0,0,0
l33,6=0,0,0,0,0,0,0,0,0,0,0,0,34,0,20,0,0,31,0,0,27,0,0,49,37,42,24,0,47,32,32,66,68,0,46,0,0,0,0,0
l34,6=0,0,0,0,0,0,0,0,0,0,0,0,27,0,7,0,29,0,0,0,1,0,0,42,32,11,30,0,40,30,35,62,81,70,0,0,0,0,0,0
l35,6=0,0,0,0,0,0,0,0,0,0,0,0,0,9,0,0,15,0,0,2,40,21,12,0,0,0,0,0,0,0,0,0,0,0,0,0,59,38,24,29
l36,6=0,0,0,0,0,0,0,0,0,0,0,21,4,21,7,22,29,18,0,8,41,7,22,0,0,0,0,0,0,0,0,0,0,0,0,48,0,39,34,29
l37,6=0,0,0,0,0,0,0,0,0,0,0,1,0,0,0,0,16,0,0,0,2,0,21,0,0,0,0,0,0,0,0,0,0,0,0,54,67,0,24,25
l38,6=0,0,0,0,0,0,0,0,0,0,0,34,9,27,2,32,32,37,0,1,46,21,24,0,0,0,0,0,0,0,0,0,0,0,0,46,58,27,0,30
l39,6=0,0,0,0,0,0,0,0,0,0,0,0,0,0,0,0,16,0,0,39,41,20,27,0,0,0,0,0,0,0,0,0,0,0,0,53,67,28,33,0

l0,7=0,98,90,87,80,92,87,34,50,74,66,0,0,0,0,0,0,0,0,0,0,0,0,2,0,0,0,0,0,0,0,0,0,0,0,0,0,0,0,0
l1,7=92,0,93,87,82,83,93,81,12,79,0,0,0,0,0,0,0,0,0,0,0,0,0,0,0,0,0,0,0,0,0,0,0,0,0,0,0,0,0,0
l2,7=86,92,0,82,79,83,93,54,53,77,2,0,0,0,0,0,0,0,0,0,0,0,0,0,0,0,0,0,0,0,0,0,0,0,0,0,0,0,0,0
l3,7=84,92,82,0,83,83,86,43,32,22,53,0,0,0,0,0,0,0,0,0,0,0,0,0,0,0,0,0,0,0,0,0,0,0,0,0,0,0,0,0
l4,7=83,98,90,92,0,83,93,18,77,8,63,0,0,48,0,0,0,0,0,0,0,0,0,0,4,0,0,0,0,0,0,0,0,0,0,0,0,0,0,0
l5,7=88,93,88,85,79,0,92,83,76,77,69,0,0,29,0,3,0,0,0,0,0,0,0,0,0,0,0,0,0,0,0,0,0,0,0,0,0,0,0,0
l6,7=59,85,90,73,80,83,0,83,0,78,68,25,0,46,0,0,15,0,0,0,0,0,0,0,0,0,0,0,0,0,0,0,0,0,0,0,0,0,0,0
l7,7=44,80,39,25,26,83,93,0,64,79,71,22,6,48,0,21,0,0,0,0,0,0,0,0,0,0,0,0,0,0,0,0,0,0,0,0,0,0,0,0
l8,7=39,9,15,18,37,42,0,35,0,79,71,61,38,57,17,27,25,42,0,0,5,0,33,0,1,0,0,0,0,0,0,0,0,0,0,0,0,0,0,0
l9,7=43,23,20,10,0,48,91,83,87,0,73,51,29,56,12,36,1,0,0,0,13,0,13,0,0,1,0,0,0,0,0,0,0,0,0,0,0,0,8,0
l10,7=58,7,0,26,60,74,86,83,84,79,0,53,0,8,0,43,23,3,0,0,0,0,0,0,0,0,0,0,0,0,0,0,0,0,0,0,0,0,0,0
l11,7=0,0,0,0,0,0,16,12,33,52,43,0,58,39,14,69,27,29,0,0,21,3,22,24,26,0,0,0,0,0,0,0,0,0,0,16,21,0,11,4
l12,7=0,0,0,0,0,0,0,0,11,27,0,63,0,22,24,40,42,46,0,0,24,8,0,52,82,46,0,0,0,0,0,0,0,7,2,0,0,0,0,0
l13,7=0,0,0,0,25,14,21,20,77,72,1,48,33,0,15,35,12,38,0,0,21,0,19,27,32,25,0,0,0,0,0,0,0,0,0,17,16,0,9,0
l14,7=0,0,0,0,0,0,0,0,18,26,0,29,53,44,0,15,22,51,0,0,27,16,20,60,31,33,0,0,0,0,0,0,0,6,0,0,0,0,7,0
l15,7=0,0,0,0,2,5,0,16,35,63,41,76,68,50,14,0,21,31,0,1,22,22,23,42,26,18,0,0,0,0,0,0,0,0,0,0,17,11,12,0
l16,7=0,0,0,0,0,0,15,0,12,13,29,31,53,17,15,12,0,41,20,0,37,32,35,28,32,5,0,0,0,0,0,22,9,0,0,27,39,2,15,0
l17,7=0,0,0,0,0,0,0,0,20,15,5,29,49,35,22,13,30,0,0,0,32,24,0,21,39,0,0,0,0,0,0,0,0,7,0,0,28,0,9,0
l18,7=0,0,0,0,0,0,0,0,0,0,0,0,0,0,0,0,25,0,0,35,46,19,0,0,0,0,0,0,0,0,0,0,0,0,0,0,0,0,0,0
l19,7=0,0,0,0,0,0,0,0,0,0,0,0,17,0,0,0,0,0,23,0,60,47,63,0,0,0,0,0,16,18,0,40,0,0,0,4,28,3,16,41
l20,7=0,0,0,0,0,0,0,0,0,21,0,16,22,11,13,11,18,37,26,61,0,61,70,0,0,0,4,0,7,0,0,0,0,0,0,43,64,23,53,18
l21,7=0,0,0,0,0,0,0,0,7,23,0,8,23,7,13,15,26,29,13,34,68,0,67,0,0,0,0,0,0,0,0,0,0,0,0,43,43,26,23,26
l22,7=0,0,0,0,0,0,0,0,15,27,0,18,0,16,14,12,22,0,0,64,68,60,0,0,0,0,8,0,0,18,0,0,0,0,0,21,58,37,37,26
l23,7=0,0,0,0,0,0,0,0,0,0,0,18,50,28,64,28,24,12,0,0,0,0,0,0,88,67,0,0,0,0,0,0,0,7,16,0,0,0,0,0
l24,7=0,0,0,0,7,0,0,0,6,16,0,31,74,35,14,12,29,50,0,0,0,0,0,70,0,52,0,0,0,0,0,0,0,7,5,0,0,0,0,0
l25,7=0,0,0,0,0,0,0,0,0,26,0,0,67,36,62,24,17,0,0,0,0,0,0,62,75,0,0,0,0,15,0,1,40,32,0,0,0,0,8,0
l26,7=0,0,0,0,0,0,0,0,0,0,0,0,0,0,0,0,0,0,0,0,30,0,30,0,0,0,0,56,76,80,66,85,86,51,47,0,0,0,0,0
l27,7=0,0,0,0,0,0,0,0,0,0,0,0,0,0,0,0,0,0,0,0,0,0,0,0,0,0,50,0,71,77,82,24,53,0,33,0,0,0,0,0
l28,7=0,0,0,0,0,0,0,0,0,0,0,0,0,0,0,0,0,0,0,34,35,3,0,0,0,0,62,79,0,83,82,69,47,54,38,0,0,0,0,0
l29,7=0,0,0,0,0,0,0,0,0,0,0,0,0,0,0,0,0,0,0,30,0,0,32,0,0,12,58,79,76,0,82,65,64,47,11,0,0,0,0,0
l30,7=0,0,0,0,0,0,0,0,0,0,0,0,0,0,0,0,0,0,0,0,0,0,0,0,0,0,49,79,71,77,0,57,58,10,35,0,0,0,0,0
l31,7=0,0,0,0,0,0,0,0,0,0,0,0,0,0,0,0,11,0,0,30,0,0,0,6,0,0,54,8,49,34,38,0,87,83,79,0,0,0,0,0
l32,7=0,0,0,0,0,0,0,0,0,0,0,0,2,0,0,0,22,0,0,0,0,0,0,14,0,31,52,29,33,49,39,79,0,81,84,0,0,0,0,0
l33,7=0,0,0,0,0,0,0,0,0,0,0,0,42,0,45,0,0,26,0,0,18,0,0,36,47,36,36,0,43,32,28,72,80,0,49,0,0,0,0,0
l34,7=0,0,0,0,0,0,0,0,0,0,0,0,34,0,18,0,9,0,0,0,0,0,0,45,45,0,37,20,33,26,36,77,89,47,0,0,0,0,0,0
l35,7=0,0,0,0,0,0,0,0,0,0,0,0,0,6,0,0,14,0,0,0,40,33,22,0,0,0,0,0,0,0,0,0,0,0,0,0,56,53,45,50
l36,7=0,0,0,0,0,0,0,0,0,0,0,3,0,1,0,4,28,20,0,12,42,20,46,0,0,0,0,0,0,0,0,0,0,0,0,48,0,50,47,43
l37,7=0,0,0,0,0,0,0,0,0,0,0,0,0,0,0,0,2,0,0,5,15,25,27,0,0,0,0,0,0,0,0,0,0,0,0,56,58,0,7,12
l38,7=0,0,0,0,0,0,0,0,0,25,0,38,21,22,15,12,20,35,0,15,49,32,43,0,0,2,0,0,0,0,0,0,0,0,0,43,62,26,0,15
l39,7=0,0,0,0,0,0,0,0,0,0,0,0,0,0,0,0,0,0,0,29,40,36,41,0,0,0,0,0,0,0,0,0,0,0,0,47,65,27,13,0

l0,8=0,93,90,91,85,91,80,87,71,89,84,0,0,74,0,0,0,0,0,0,0,0,0,0,0,0,0,0,0,0,0,0,0,0,0,0,0,0,0,0
l1,8=97,0,91,91,86,91,92,89,70,0,82,0,0,0,0,0,0,0,0,0,0,0,0,0,0,0,0,0,0,0,0,0,0,0,0,0,0,0,0,0
l2,8=97,93,0,89,85,93,93,89,0,51,81,0,0,0,0,13,0,0,0,0,0,0,0,0,0,0,0,0,0,0,0,0,0,0,0,0,0,0,0,0
l3,8=95,93,84,0,86,88,92,66,0,0,0,0,0,0,0,0,0,0,0,0,0,0,0,0,0,0,0,0,0,0,0,0,0,0,0,0,0,0,0,0
l4,8=97,93,82,92,0,81,93,82,73,54,79,0,0,67,0,0,0,0,0,0,0,0,0,22,39,0,0,0,0,0,0,0,0,0,0,0,0,0,0,0
l5,8=97,93,91,91,85,0,93,90,76,81,87,72,0,5,0,0,0,0,0,0,0,0,0,0,0,0,0,0,0,0,0,0,0,0,0,0,0,0,0,0
l6,8=72,85,85,79,81,85,0,91,36,88,81,0,0,66,0,0,75,0,0,0,0,0,0,0,0,0,0,0,0,0,0,0,0,0,0,0,0,0,0,0
l7,8=90,84,84,84,79,87,89,0,79,100,98,40,0,90,0,0,1,35,0,0,0,0,0,0,0,0,0,0,0,0,0,0,0,0,0,0,0,0,0,0
l8,8=67,60,0,0,78,82,59,93,0,98,91,91,0,93,77,94,0,76,0,55,0,0,60,0,0,0,0,0,0,0,0,0,0,0,0,0,0,0,0,0
l9,8=87,0,0,0,59,53,88,94,98,0,95,66,66,93,22,94,76,61,0,0,0,23,4,84,72,0,0,0,0,0,0,0,0,0,0,0,0,0,47,0
l10,8=88,74,71,3,77,86,87,94,94,98,0,84,0,88,0,89,0,0,0,0,0,0,0,0,0,0,0,0,0,0,0,0,0,0,0,0,0,0,0,0
l11,8=0,0,0,0,0,36,0,0,59,67,72,0,99,54,84,99,91,91,0,0,10,26,27,73,86,61,0,0,0,0,0,0,0,0,0,19,54,0,24,0
l12,8=0,0,0,0,0,0,0,0,0,20,0,66,0,0,96,99,96,93,0,0,1,0,0,93,98,91,0,0,0,0,0,0,0,23,0,2,35,0,26,0
l13,8=32,0,0,10,40,0,22,59,100,98,81,33,1,0,78,94,22,70,0,0,43,35,0,73,81,71,0,0,0,0,0,0,0,0,0,11,0,0,49,0
l14,8=0,0,0,0,0,0,0,0,32,16,0,40,100,76,0,89,72,92,0,0,43,27,33,90,98,78,0,0,0,0,0,0,0,0,0,0,48,0,1,0
l15,8=0,0,0,0,0,0,0,0,58,70,78,99,97,91,84,0,90,91,0,0,42,32,42,84,73,43,0,0,0,0,0,0,0,0,0,0,59,0,53,0
l16,8=0,0,0,0,0,0,20,0,0,16,0,55,95,15,47,74,0,75,32,46,54,28,63,45,92,30,0,0,0,0,0,14,5,0,9,18,62,27,37,38
l17,8=0,0,0,0,0,0,0,3,29,28,1,58,94,41,95,92,96,0,0,54,52,8,30,57,86,0,0,0,0,0,0,0,0,26,0,0,48,0,40,8
l18,8=0,0,0,0,0,0,0,0,0,0,0,0,0,0,0,0,77,0,0,72,81,62,0,0,0,0,0,0,0,0,0,0,0,0,0,0,0,0,2,0
l19,8=0,0,0,0,0,0,0,0,21,0,0,0,0,0,0,0,73,59,50,0,86,64,85,0,0,0,52,0,48,0,0,75,0,0,0,0,62,0,0,73
l20,8=0,0,0,0,0,0,0,0,0,0,0,9,11,38,43,44,76,54,45,89,0,85,95,0,0,0,2,0,9,0,0,1,0,0,0,37,65,44,72,26
l21,8=0,0,0,0,0,0,0,0,0,27,0,34,19,46,46,47,61,30,41,56,91,0,91,0,0,0,3,0,0,0,0,0,0,0,0,42,61,43,55,40
l22,8=0,0,0,0,0,0,0,0,23,16,0,18,0,0,23,42,77,35,0,81,91,80,0,0,0,0,0,0,0,41,0,34,0,0,0,50,75,37,71,29
l23,8=0,0,0,0,1,0,0,0,0,53,0,38,91,75,86,77,74,68,0,0,0,0,0,0,98,91,0,0,0,0,0,0,70,47,36,0,0,0,0,0
l24,8=0,0,0,0,4,0,0,0,0,52,0,41,100,81,92,70,88,79,0,0,0,0,0,95,0,87,0,0,0,0,0,17,0,39,13,0,17,0,0,0
l25,8=0,0,0,0,0,0,0,0,0,0,0,38,99,75,80,50,71,0,0,0,0,0,0,95,92,0,0,0,0,64,0,43,73,54,33,0,0,0,17,0
l26,8=0,0,0,0,0,0,0,0,0,0,0,0,0,0,0,0,0,0,0,59,52,0,0,0,0,0,0,78,93,93,81,92,92,72,72,0,0,0,0,0
l27,8=0,0,0,0,0,0,0,0,0,0,0,0,0,0,0,0,0,0,0,0,0,0,0,0,0,0,88,0,93,93,93,0,78,0,76,0,0,0,0,0
l28,8=0,0,0,0,0,0,0,0,0,0,0,0,0,0,0,0,0,0,0,60,61,0,0,0,0,0,93,88,0,93,93,92,72,77,68,0,0,0,0,0
l29,8=0,0,0,0,0,0,0,0,0,0,0,0,0,0,0,0,0,0,0,0,0,0,64,0,0,54,93,88,93,0,93,91,69,70,67,0,0,0,0,0
l30,8=0,0,0,0,0,0,0,0,0,0,0,0,0,0,0,0,0,0,0,0,0,0,0,0,0,0,87,88,93,93,0,79,84,66,0,0,0,0,0,0
l31,8=0,0,0,0,0,0,0,0,0,0,0,0,0,0,0,0,67,0,0,61,40,0,60,0,45,25,92,0,85,86,61,0,91,89,87,0,0,0,0,0
l32,8=0,0,0,0,0,0,0,0,0,0,0,0,29,0,0,0,66,0,0,0,0,0,0,79,0,75,91,72,70,71,71,93,0,90,91,0,0,0,0,0
l33,8=0,0,0,0,0,0,0,0,0,0,0,0,72,0,0,0,4,75,0,0,1,0,0,80,72,78,76,0,75,75,68,90,90,0,70,0,0,0,0,0
l34,8=0,0,0,0,0,0,0,0,0,0,0,0,65,0,70,0,74,0,0,0,17,0,0,81,63,77,74,70,74,74,0,90,95,79,0,0,0,0,0,0
l35,8=0,0,0,0,0,0,0,0,0,0,0,0,4,0,0,0,19,0,0,0,34,45,36,0,0,0,0,0,0,0,0,0,0,0,0,0,74,50,57,77
l36,8=0,0,0,0,0,0,0,0,0,0,0,21,11,0,21,26,37,18,0,33,35,16,41,0,2,0,0,0,0,0,0,0,0,0,0,58,0,29,43,37
l37,8=0,0,0,0,0,0,0,0,0,0,0,0,0,0,0,0,34,0,0,0,36,16,26,0,0,0,0,0,0,0,0,0,0,0,0,60,58,0,32,6
l38,8=0,0,0,0,0,0,0,0,0,21,0,20,28,40,0,51,46,49,0,0,44,35,46,0,0,0,0,0,0,0,0,0,0,0,0,52,81,45,0,21
l39,8=0,0,0,0,0,0,0,0,0,0,0,0,0,0,0,0,47,0,0,47,57,63,40,0,0,0,0,0,0,0,0,0,0,0,0,73,75,15,34,0

l0,9=0,99,98,95,96,100,93,79,65,90,92,0,0,5,0,0,0,0,0,0,0,0,0,0,0,0,0,0,0,0,0,0,0,0,0,0,0,0,0,0
l1,9=97,0,96,96,96,100,98,87,92,87,93,0,0,0,0,0,0,0,0,0,0,0,0,1,0,0,0,0,0,0,0,0,0,0,0,0,0,0,0,0
l2,9=97,99,0,97,88,100,100,53,0,40,91,0,59,0,0,0,0,0,0,0,0,0,0,0,0,0,0,0,0,0,0,0,0,0,0,0,0,0,0,0
l3,9=93,90,85,0,96,90,95,81,0,49,86,0,0,0,0,0,0,0,0,0,0,0,0,0,0,0,0,0,0,0,0,0,0,0,0,0,0,0,0,0
l4,9=97,96,74,97,0,82,98,77,91,37,91,0,0,0,31,0,0,0,0,0,0,0,0,0,1,0,0,0,0,0,0,0,0,0,0,0,0,0,0,0
l5,9=97,99,98,97,87,0,100,87,92,88,96,0,0,45,0,0,0,0,0,0,0,0,0,0,0,0,0,0,0,0,0,0,0,0,0,0,0,0,0,0
l6,9=81,79,98,74,76,100,0,99,55,89,96,0,0,29,0,0,39,0,0,0,0,0,0,0,0,0,0,0,0,0,0,0,0,0,0,0,0,0,0,0
l7,9=93,93,36,37,71,100,100,0,100,98,100,14,9,94,0,42,0,0,0,0,0,0,0,0,0,0,0,0,0,0,0,0,0,0,0,0,0,0,0,0
l8,9=35,94,0,0,62,97,98,73,0,96,94,93,0,94,0,61,48,50,0,41,0,0,79,0,0,0,0,0,0,0,0,0,0,0,0,0,0,0,0,0
l9,9=90,57,0,25,4,96,98,100,100,0,96,94,47,91,66,89,76,0,0,0,0,0,3,85,42,0,0,0,0,0,0,0,0,0,0,0,0,0,0,0
l10,9=96,98,96,93,94,100,99,100,100,95,0,0,46,90,1,86,63,70,0,0,2,0,0,16,0,0,0,0,0,0,0,0,0,0,0,0,0,0,0,0
l11,9=0,0,0,0,0,0,0,1,37,38,15,0,94,53,38,95,59,59,0,0,61,57,66,91,96,66,0,0,0,0,0,0,0,0,0,0,33,2,49,0
l12,9=0,0,0,0,0,0,0,0,0,11,0,97,0,29,71,90,60,93,0,0,66,9,0,95,98,99,0,0,0,0,0,0,0,16,4,0,32,0,47,0
l13,9=0,0,0,17,0,64,90,58,97,99,89,95,73,0,33,91,57,29,0,15,65,76,0,88,95,76,0,0,0,0,0,0,0,0,0,0,24,0,50,0
l14,9=0,0,0,0,6,0,0,0,0,37,0,93,97,27,0,72,59,62,0,0,71,82,76,95,98,62,0,0,0,0,0,0,0,0,15,0,27,0,0,0
l15,9=0,0,0,0,0,0,0,7,26,38,92,100,85,36,38,0,61,60,0,0,68,84,70,90,96,0,0,0,0,0,0,0,0,0,0,1,32,16,49,0
l16,9=0,0,0,0,0,0,56,0,19,35,62,91,80,32,36,63,0,54,45,48,71,58,76,90,94,71,0,0,0,0,0,0,0,87,92,0,33,36,55,53
l17,9=0,0,0,0,0,0,0,0,29,0,81,100,84,13,38,74,61,0,0,56,70,81,80,0,0,38,0,0,0,0,0,0,0,92,0,0,24,0,10,51
l18,9=0,0,0,0,0,0,0,0,0,1,0,0,0,0,0,0,89,0,0,0,74,85,0,0,0,0,0,0,0,0,0,0,0,0,0,0,0,0,0,0
l19,9=0,0,0,0,0,0,0,0,15,0,0,0,0,5,0,0,65,71,0,0,86,85,81,0,0,0,69,0,48,0,0,60,0,0,0,34,66,0,31,90
l20,9=0,0,0,0,0,0,0,0,0,0,0,56,54,24,33,51,90,39,41,94,0,92,91,0,5,0,23,0,0,0,0,0,0,0,70,78,43,46,63,90
l21,9=0,0,0,0,0,0,0,0,0,0,0,44,46,29,32,57,41,43,45,57,95,0,83,0,5,0,0,0,0,0,0,0,0,27,0,83,29,40,57,54
l22,9=0,0,0,0,0,0,0,0,22,11,0,39,31,0,32,52,84,49,0,87,95,86,0,0,0,0,31,0,0,58,0,43,0,0,0,83,78,44,86,0
l23,9=0,0,0,0,0,0,0,0,0,30,0,88,95,29,97,56,57,0,0,0,0,0,0,0,98,100,0,0,0,0,0,0,78,97,92,0,0,0,0,0
l24,9=0,0,0,0,0,0,0,0,0,27,0,91,96,33,71,71,98,0,0,0,49,0,0,97,0,88,0,0,0,0,0,0,0,97,78,0,34,0,0,0
l25,9=0,0,0,4,0,0,0,0,0,0,0,84,98,27,14,0,54,27,0,0,0,0,0,99,98,0,0,0,0,51,0,0,87,99,83,0,0,0,36,0
l26,9=0,0,0,0,0,0,0,0,0,0,0,0,0,0,0,0,0,0,0,84,53,0,69,0,0,0,0,82,91,100,98,97,98,87,85,0,0,0,0,0
l27,9=0,0,0,0,0,0,0,0,0,0,0,0,0,0,0,0,0,0,0,0,0,0,0,0,0,0,94,0,91,100,100,89,83,0,0,0,0,0,0,0
l28,9=0,0,0,0,0,0,0,0,0,0,0,0,0,0,0,0,0,0,0,81,0,0,0,0,0,0,98,100,0,100,100,88,2,87,17,0,0,0,0,0
l29,9=0,0,0,0,0,0,0,0,0,0,0,0,0,0,0,0,0,0,0,0,14,0,48,0,0,10,98,100,91,0,100,97,13,86,85,0,0,0,0,0
l30,9=0,0,0,0,0,0,0,0,0,0,0,0,0,0,0,0,0,0,0,0,0,0,0,0,0,0,97,100,91,100,0,93,90,8,85,0,0,0,0,0
l31,9=0,0,0,0,0,0,0,0,0,0,0,0,0,0,0,0,0,0,0,30,0,0,22,0,0,0,97,27,84,91,96,0,97,100,100,0,0,0,0,0
l32,9=0,0,0,0,0,0,0,0,0,0,0,0,2,0,0,0,0,0,0,0,0,0,0,49,0,40,98,13,0,27,96,97,0,100,100,0,0,0,0,0
l33,9=0,0,0,0,0,0,0,0,0,0,0,0,20,0,13,0,37,31,0,0,14,11,0,85,95,96,75,0,81,34,37,97,97,0,96,0,0,0,0,0
l34,9=0,0,0,0,0,0,0,0,0,0,0,0,28,0,3,0,85,0,0,0,48,0,0,94,41,48,93,1,1,89,91,98,100,99,0,0,0,0,0,0
l35,9=0,0,0,0,0,0,0,0,0,0,0,0,0,0,0,0,0,0,0,22,53,60,63,0,0,0,0,0,0,0,0,0,0,0,0,0,80,45,86,59
l36,9=0,0,0,0,0,0,0,0,0,0,0,34,34,8,9,25,19,0,0,39,66,7,71,0,46,0,0,0,0,0,0,0,0,0,0,87,0,48,54,53
l37,9=0,0,0,0,0,0,0,0,0,0,0,0,0,0,0,2,19,0,0,0,60,37,59,0,0,0,0,0,0,0,0,0,0,0,0,82,39,0,48,51
l38,9=0,0,0,0,0,0,0,0,0,0,0,43,41,23,0,47,53,0,0,8,67,83,76,0,0,11,0,0,0,0,0,0,0,0,0,86,39,45,0,53
l39,9=0,0,0,0,0,0,0,0,0,0,0,0,0,0,0,0,41,40,0,49,66,64,0,0,0,0,0,0,0,0,0,0,0,0,0,81,36,43,48,0

l0,10=0,84,84,86,72,84,33,63,41,71,77,0,0,0,0,0,0,0,0,0,0,0,0,0,0,0,0,0,0,0,0,0,0,0,0,0,0,0,0,0
l1,10=91,0,84,81,72,86,89,76,41,34,42,0,0,0,0,0,0,0,0,0,0,0,0,5,0,0,0,0,0,0,0,0,0,0,0,0,0,0,0,0
l2,10=91,86,0,78,51,90,79,59,25,59,59,0,27,0,0,0,0,0,0,0,0,0,0,0,0,0,0,0,0,0,0,0,0,0,0,0,0,0,0,0
l3,10=95,76,84,0,80,85,78,19,0,33,0,0,0,0,0,0,0,0,0,0,0,0,0,0,0,0,0,0,0,0,0,0,0,0,0,0,0,0,0,0
l4,10=91,67,45,88,0,86,47,3,28,44,59,0,0,22,20,0,0,0,0,0,0,0,0,6,0,0,0,0,0,0,0,0,0,0,0,0,0,0,0,0
l5,10=72,84,84,75,72,0,89,61,11,45,63,0,0,57,0,0,0,0,0,0,0,0,0,0,0,0,0,0,0,0,0,0,0,0,0,0,0,0,0,0
l6,10=68,60,65,66,48,73,0,69,55,61,63,0,0,39,0,6,0,0,0,0,0,0,0,0,0,0,0,0,0,0,0,0,0,0,0,0,0,0,0,0
l7,10=63,49,55,62,37,68,74,0,58,85,74,43,33,63,22,3,0,0,0,0,0,0,0,0,0,0,0,0,0,0,0,0,0,0,0,0,0,0,0,0
l8,10=28,18,6,43,41,25,63,57,0,90,48,59,40,71,25,56,22,43,0,20,0,0,42,34,6,0,0,0,0,0,0,0,0,0,0,0,0,0,0,0
l9,10=34,16,49,47,46,27,72,62,61,0,70,58,49,63,34,55,0,0,0,0,0,26,2,29,23,0,0,0,0,0,0,0,0,0,0,0,0,0,0,0
l10,10=58,28,46,6,42,64,60,63,40,87,0,44,0,55,0,58,0,39,0,0,0,0,0,4,0,0,0,0,0,0,0,0,0,0,0,0,0,0,0,0
l11,10=0,0,0,0,0,13,0,32,51,50,40,0,56,64,65,87,0,74,0,0,20,38,0,43,59,53,0,0,0,0,0,0,0,0,0,9,44,0,45,0
l12,10=0,0,0,0,0,0,0,0,21,34,0,74,0,40,84,77,72,88,0,0,35,41,0,83,78,98,0,0,0,0,0,0,0,25,0,1,10,0,49,0
l13,10=0,0,0,0,21,44,49,47,58,64,49,64,50,0,36,65,51,38,0,0,27,34,0,36,35,20,0,0,0,0,0,0,0,0,0,0,0,0,43,0
l14,10=0,0,0,0,29,0,0,0,15,34,0,72,94,38,0,55,67,82,0,0,30,5,6,49,92,67,0,0,0,0,0,0,0,39,0,0,51,0,34,0
l15,10=0,0,0,0,0,0,15,0,33,34,50,92,70,53,40,0,54,74,0,4,16,5,28,0,37,22,0,0,0,0,0,0,0,0,0,0,2,2,47,0
l16,10=0,0,0,0,0,0,1,0,2,0,0,0,81,32,37,52,0,92,4,4,39,47,35,27,57,9,0,0,0,0,0,0,0,11,41,27,41,47,84,48
l17,10=0,0,0,0,0,0,0,0,12,0,34,88,92,8,57,71,90,0,0,6,17,59,57,18,41,30,0,0,0,0,0,0,0,14,0,2,49,0,64,49
l18,10=0,0,0,0,0,0,0,0,0,0,0,0,0,0,0,0,33,0,0,77,67,75,0,0,0,0,0,0,0,0,0,0,0,0,0,0,0,0,0,0
l19,10=0,0,0,0,0,0,0,0,8,0,0,0,0,0,0,24,37,50,37,0,78,68,77,0,0,0,35,0,0,0,0,17,0,0,0,22,11,27,16,47
l20,10=0,0,0,0,0,0,0,0,0,0,0,6,43,24,7,21,67,38,26,85,0,88,91,0,0,0,0,0,0,0,0,0,8,0,0,50,77,68,84,69
l21,10=0,0,0,0,0,0,0,0,0,19,0,42,34,19,3,11,66,56,32,54,89,0,81,0,0,0,0,0,0,0,0,0,0,11,0,47,38,42,84,66
l22,10=0,0,0,0,0,0,0,0,14,4,0,0,0,0,0,17,37,46,0,76,89,79,0,0,0,0,27,0,0,15,0,25,0,0,0,39,52,40,85,48
l23,10=0,0,0,0,0,0,0,0,26,26,0,60,94,39,49,0,60,10,0,0,0,0,0,0,100,100,0,0,0,0,0,0,33,57,0,0,0,0,0,0
l24,10=0,0,0,0,0,0,0,0,1,28,0,73,96,40,96,55,92,71,0,0,18,0,0,98,0,87,0,0,0,0,0,0,0,40,34,0,0,0,9,0
l25,10=0,0,0,35,0,0,0,0,0,0,0,68,96,8,90,30,27,33,0,0,0,0,0,98,98,0,21,0,0,0,0,30,28,97,63,0,0,0,43,0
l26,10=0,0,0,0,0,0,0,0,0,0,0,0,0,0,0,0,0,0,0,53,0,0,50,0,0,26,0,72,99,97,97,97,96,54,73,0,0,0,0,0
l27,10=0,0,0,0,0,0,0,0,0,0,0,0,0,0,0,0,0,0,0,0,0,0,0,0,0,0,76,0,95,96,98,80,0,0,76,0,0,0,0,0
l28,10=0,0,0,0,0,0,0,0,0,0,0,0,0,0,0,0,0,0,0,0,2,0,0,0,0,0,87,96,0,97,98,77,39,70,54,0,0,0,0,0
l29,10=0,0,0,0,0,0,0,0,0,0,0,0,0,0,0,0,0,0,0,0,26,0,32,0,0,0,87,96,99,0,98,80,68,5,63,0,0,0,0,0
l30,10=0,0,0,0,0,0,0,0,0,0,0,0,0,0,0,0,0,0,0,0,0,0,0,0,0,0,87,96,99,97,0,81,79,49,77,0,0,0,0,0
l31,10=0,0,0,0,0,0,0,0,0,0,0,0,0,0,0,0,0,0,0,31,0,0,55,9,0,51,86,76,82,95,90,0,100,100,100,0,0,0,0,0
l32,10=0,0,0,0,0,0,0,0,0,0,0,0,0,0,0,0,7,0,0,13,39,0,0,62,0,42,86,0,57,71,70,98,0,100,100,0,0,0,0,0
l33,10=0,0,0,0,0,0,0,0,0,0,0,0,58,0,56,0,39,44,0,0,0,23,0,83,84,98,67,0,87,22,61,100,100,0,100,0,0,0,0,0
l34,10=0,0,0,0,0,0,0,0,0,0,0,0,16,0,0,0,75,1,0,1,18,0,0,16,35,75,77,73,65,77,75,98,100,99,0,0,0,0,0,0
l35,10=0,0,0,0,0,0,0,0,0,0,0,1,3,0,0,0,19,0,0,8,27,45,49,0,0,0,0,0,0,0,0,0,0,0,0,0,81,57,64,53
l36,10=0,0,0,0,0,0,0,0,0,0,0,31,3,0,6,0,39,41,0,0,38,23,55,0,0,0,0,0,0,0,0,0,0,0,0,78,0,76,83,62
l37,10=0,0,0,0,0,0,0,0,0,0,0,0,0,0,0,0,40,0,0,0,39,49,49,0,0,0,0,0,0,0,0,0,0,0,0,62,76,0,68,63
l38,10=0,0,0,0,0,0,0,0,0,0,0,39,38,5,1,33,57,47,0,0,39,61,60,0,0,14,0,0,0,0,0,0,0,0,0,57,70,56,0,63
l39,10=0,0,0,0,0,0,0,0,0,0,0,0,0,0,0,0,42,37,0,35,36,54,52,0,0,0,0,0,0,0,0,0,0,0,0,37,75,55,83,0

l0,11=0,90,71,84,85,86,0,18,32,29,23,0,0,0,0,0,0,0,0,0,0,0,0,0,0,0,0,0,0,0,0,0,0,0,0,0,0,0,0,0
l1,11=89,0,74,75,80,90,77,78,42,14,38,21,0,0,0,0,0,0,0,0,0,0,0,0,0,0,0,0,0,0,0,0,0,0,0,0,0,0,0,0
l2,11=66,83,0,69,60,86,52,66,39,47,39,0,0,0,0,0,0,0,0,0,0,0,0,0,0,0,0,0,0,0,0,0,0,0,0,0,0,0,0,0
l3,11=89,60,71,0,85,85,56,0,0,13,41,0,0,0,0,0,0,0,0,0,0,0,0,0,0,0,0,0,0,0,0,0,0,0,0,0,0,0,0,0
l4,11=76,63,44,83,0,67,56,33,15,26,30,0,0,0,5,0,0,0,0,0,0,0,0,26,0,0,0,0,0,0,0,0,0,0,0,0,0,0,0,0
l5,11=62,68,69,65,60,0,70,70,61,69,24,0,0,0,0,0,0,0,0,0,0,0,0,0,0,0,0,0,0,0,0,0,0,0,0,0,0,0,0,0
l6,11=0,67,23,60,62,68,0,70,59,68,53,23,0,34,0,14,9,0,0,0,0,0,0,0,0,0,0,0,0,0,0,0,0,0,0,0,0,0,0,0
l7,11=47,66,53,34,50,68,70,0,68,72,61,42,30,68,0,17,0,0,0,0,0,0,0,0,0,0,0,0,0,0,0,0,0,0,0,0,0,0,0,0
l8,11=41,44,25,0,29,46,31,33,0,90,45,45,58,79,22,41,0,52,0,10,0,0,0,48,9,0,0,0,0,0,0,0,0,0,0,0,0,0,0,0
l9,11=53,0,25,27,41,58,39,70,70,0,54,59,60,69,0,37,2,2,0,0,0,29,0,2,10,0,0,0,0,0,0,0,0,0,0,0,0,0,0,0
l10,11=23,45,27,50,39,21,49,78,59,86,0,42,0,60,0,29,0,9,0,0,0,0,0,1,0,0,0,0,0,0,0,0,0,0,0,0,0,0,0,0
l11,11=0,22,0,0,0,0,16,14,59,52,34,0,65,69,36,73,40,66,0,0,11,16,29,54,20,19,0,0,0,0,0,0,0,0,0,11,0,0,18,0
l12,11=0,0,0,0,0,0,0,6,58,50,0,67,0,50,72,57,58,75,0,0,13,36,33,55,90,91,0,0,0,0,0,0,0,0,0,0,0,0,19,0
l13,11=0,0,0,11,0,0,19,20,71,67,35,64,59,0,28,56,35,61,0,0,11,24,0,45,18,16,0,0,0,0,0,0,0,0,0,0,0,0,12,0
l14,11=0,0,0,0,14,0,0,0,17,1,0,66,89,42,0,11,74,70,0,0,0,3,0,55,0,35,0,0,0,0,0,0,0,52,23,14,32,0,15,0
l15,11=0,0,0,0,0,0,19,4,60,51,32,89,69,80,18,0,50,65,0,14,13,29,13,40,0,18,0,0,0,0,0,0,0,0,0,12,36,0,17,0
l16,11=0,0,0,0,0,0,5,0,0,6,0,49,72,42,42,38,0,86,10,5,19,49,31,42,29,0,0,0,0,0,0,0,32,27,34,8,46,11,27,25
l17,11=0,0,0,0,0,0,0,0,51,29,15,83,88,51,44,39,78,0,0,0,13,40,41,47,20,0,0,0,0,0,0,0,0,0,0,0,41,0,16,11
l18,11=0,0,0,0,0,0,0,0,0,0,0,0,0,0,0,0,30,0,0,69,72,63,0,0,0,0,0,0,0,0,0,0,0,0,0,0,0,0,0,0
l19,11=0,0,0,0,0,0,0,0,22,0,0,0,0,0,0,19,27,0,32,0,76,63,56,0,0,0,32,0,0,0,0,6,0,0,0,13,0,9,0,29
l20,11=0,0,0,0,0,0,0,0,0,0,0,1,36,25,0,18,62,40,26,85,0,88,77,0,0,0,6,0,6,0,0,0,27,0,0,30,62,17,17,47
l21,11=0,0,0,0,0,0,0,0,0,36,0,21,41,31,10,16,60,48,27,75,82,0,75,0,2,0,0,0,0,0,0,0,0,0,0,17,31,11,72,25
l22,11=0,0,0,0,0,0,0,0,0,0,0,29,38,0,0,6,22,39,0,57,82,79,0,0,0,0,35,0,0,0,0,19,0,0,0,27,41,9,68,47
l23,11=0,0,0,0,18,0,0,0,45,5,0,62,87,46,39,11,42,54,0,0,0,0,0,0,96,98,0,0,0,0,0,8,40,46,0,0,0,0,0,0
l24,11=0,0,0,0,0,0,0,0,2,36,0,61,91,47,0,0,85,55,0,0,0,0,0,92,0,61,0,0,0,0,0,0,0,2,0,0,0,0,0,0
l25,11=0,0,0,0,0,0,0,0,0,0,0,39,91,47,83,31,0,0,0,0,0,0,0,95,93,0,0,0,0,0,0,21,31,90,0,0,0,0,0,0
l26,11=0,0,0,0,0,0,0,0,0,0,0,0,0,0,0,0,0,0,0,23,20,0,26,0,0,0,0,73,76,91,89,85,82,21,37,0,0,0,0,0
l27,11=0,0,0,0,0,0,0,0,0,0,0,0,0,0,0,0,0,0,0,0,0,0,0,0,0,0,70,0,72,93,93,61,1,0,27,0,0,0,0,0
l28,11=0,0,0,0,0,0,0,0,0,0,0,0,0,0,0,0,0,0,0,0,23,0,0,0,0,0,85,96,0,93,93,38,29,0,26,0,0,0,0,0
l29,11=0,0,0,0,0,0,0,0,0,0,0,0,0,0,0,0,0,0,0,0,1,0,0,0,0,0,81,96,76,0,93,81,37,20,29,0,0,0,0,0
l30,11=0,0,0,0,0,0,0,0,0,0,0,0,0,0,0,0,0,0,0,0,0,0,0,0,0,0,84,96,76,93,0,86,73,52,71,0,0,0,0,0
l31,11=0,0,0,0,0,0,0,0,0,0,0,0,0,0,0,0,0,0,0,12,0,0,43,38,0,56,85,73,68,92,81,0,87,99,99,0,0,0,0,0
l32,11=0,0,0,0,0,0,0,0,0,0,0,0,0,0,0,0,21,0,0,0,10,0,0,31,0,4,82,1,32,35,59,90,0,100,99,0,0,0,0,0
l33,11=0,0,0,0,0,0,0,0,0,0,0,0,0,0,76,0,38,0,0,0,10,0,0,71,10,88,63,0,0,66,84,100,91,0,99,0,0,0,0,0
l34,11=0,0,0,0,0,0,0,0,0,0,0,0,0,0,13,0,49,0,0,2,0,0,0,0,0,1,66,68,41,66,72,98,91,99,0,0,0,0,0,0
l35,11=0,0,0,0,0,0,0,0,0,0,0,11,0,0,15,9,8,0,0,7,13,18,39,0,0,0,0,0,0,0,0,0,0,0,0,0,84,14,16,26
l36,11=0,0,0,0,0,0,0,0,0,0,0,0,0,0,9,8,49,49,0,0,22,33,55,0,0,0,0,0,0,0,0,0,0,0,0,45,0,22,22,52
l37,11=0,0,0,0,0,0,0,0,0,0,0,0,0,0,0,0,37,0,0,8,14,33,23,0,0,0,0,0,0,0,0,0,0,0,0,32,54,0,16,29
l38,11=0,0,0,0,0,0,0,0,0,0,0,41,52,21,18,18,50,37,0,0,12,42,44,0,0,0,0,0,0,0,0,0,0,0,0,30,60,14,0,34
l39,11=0,0,0,0,0,0,0,0,0,0,0,0,0,0,0,0,37,0,0,15,36,40,40,0,0,0,0,0,0,0,0,0,0,0,0,26,71,23,79,0

l0,12=0,74,86,91,91,80,49,28,38,37,28,0,0,0,0,0,0,0,0,0,0,0,0,0,0,0,0,0,0,0,0,0,0,0,0,0,0,0,0,0
l1,12=78,0,83,73,70,64,88,54,0,25,45,16,0,0,0,0,0,0,0,0,0,0,0,0,0,0,0,0,0,0,0,0,0,0,0,0,0,0,0,0
l2,12=76,72,0,63,76,81,86,41,41,53,48,0,0,1,0,0,0,0,0,0,0,0,0,0,0,0,0,0,0,0,0,0,0,0,0,0,0,0,0,0
l3,12=82,73,80,0,91,80,0,13,0,0,37,0,0,0,0,0,0,0,0,0,0,0,0,0,0,0,0,0,0,0,0,0,0,0,0,0,0,0,0,0
l4,12=81,51,70,89,0,59,59,40,42,33,18,0,0,0,10,0,0,0,0,0,0,0,0,33,0,0,0,0,0,0,0,0,0,0,0,0,0,0,0,0
l5,12=68,54,86,62,72,0,66,55,67,61,51,0,0,21,0,0,0,0,0,0,0,0,0,7,0,0,0,0,0,0,0,0,0,0,0,0,0,0,0,0
l6,12=53,55,70,10,66,53,0,55,57,43,59,47,0,30,1,49,0,0,0,0,0,0,0,0,0,0,0,0,0,0,0,0,0,0,0,0,0,0,0,0
l7,12=54,49,37,45,70,56,68,0,67,62,77,36,23,59,0,0,0,0,0,0,0,0,0,0,0,0,0,0,0,0,0,0,0,0,0,0,0,0,0,0
l8,12=22,3,25,24,49,51,56,47,0,81,55,46,32,73,5,49,42,37,0,32,0,20,0,36,13,0,0,0,0,0,0,0,0,0,0,0,0,0,0,0
l9,12=25,0,30,2,45,56,43,54,67,0,73,42,31,59,0,45,33,15,0,0,52,22,0,0,4,0,0,0,0,0,0,0,0,0,0,0,0,0,0,0
l10,12=23,26,35,45,38,43,56,60,65,81,0,42,2,56,0,44,0,0,0,0,0,0,0,7,0,0,0,0,0,0,0,0,0,0,0,0,0,0,0,0
l11,12=0,13,0,0,0,0,56,32,56,49,48,0,38,43,52,81,58,68,0,0,35,18,44,42,25,14,0,0,0,0,0,0,0,0,0,0,11,0,56,0
l12,12=0,0,0,0,0,0,0,0,53,43,0,59,0,36,86,63,65,69,0,0,59,26,44,50,85,96,0,0,0,0,0,0,0,41,0,0,0,0,62,0
l13,12=0,0,0,0,0,24,50,48,67,57,54,60,38,0,54,77,59,58,0,0,51,23,0,56,44,10,0,0,0,0,0,0,0,0,0,0,0,0,1,0
l14,12=0,0,0,0,48,0,0,0,0,0,0,47,89,37,0,52,87,62,0,0,0,23,0,59,92,27,0,0,0,0,0,0,0,49,45,11,31,0,17,0
l15,12=0,0,0,0,0,0,56,0,58,49,49,83,69,78,54,0,59,64,0,34,50,24,15,37,50,27,0,0,0,0,0,0,0,0,0,0,0,0,48,0
l16,12=0,0,0,0,0,0,0,0,32,25,0,41,43,33,78,64,0,85,32,29,63,34,28,14,80,15,0,0,0,0,0,0,0,7,2,2,32,28,69,37
l17,12=0,0,0,0,0,0,0,0,42,33,0,74,53,39,70,76,86,0,0,33,66,36,42,34,36,0,0,0,0,0,0,0,0,0,0,0,28,0,34,0
l18,12=0,0,0,0,0,0,0,0,0,0,0,0,0,0,0,0,58,0,0,56,74,46,0,0,0,0,0,0,0,0,0,0,0,0,0,0,0,0,0,0
l19,12=0,0,0,0,0,0,0,0,31,0,0,0,0,0,0,35,39,42,46,0,85,73,68,0,0,0,28,0,32,0,0,25,15,0,0,1,0,23,37,38
l20,12=0,0,0,0,0,0,0,0,0,24,0,24,22,20,0,28,66,47,34,82,0,85,84,0,0,0,20,0,0,0,0,4,0,0,0,21,78,32,59,47
l21,12=0,0,0,0,0,0,0,0,32,31,0,29,22,20,29,29,69,48,34,82,91,0,83,0,26,0,9,0,0,0,0,0,0,0,0,10,45,33,82,22
l22,12=0,0,0,0,0,0,0,0,0,0,0,26,20,0,0,5,30,38,0,75,91,79,0,0,0,0,20,0,0,0,0,0,0,0,0,23,69,7,65,58
l23,12=0,0,0,0,54,0,0,0,12,0,0,38,34,39,72,44,4,46,0,0,0,0,0,0,91,99,0,0,0,0,0,8,1,39,0,0,0,0,0,0
l24,12=0,0,0,0,0,0,0,0,0,29,0,1,89,52,94,55,88,54,0,0,0,33,0,94,0,89,0,0,0,0,0,1,42,0,0,0,28,0,34,0
l25,12=0,0,0,0,0,0,0,0,0,0,0,31,89,26,37,37,34,3,0,0,0,0,0,100,88,0,0,0,0,0,0,41,35,50,68,0,0,0,0,0
l26,12=0,0,0,0,0,0,0,0,0,0,0,0,0,0,0,0,0,0,0,21,24,2,28,0,0,0,0,67,95,65,93,88,80,26,67,0,0,0,0,0
l27,12=0,0,0,0,0,0,0,0,0,0,0,0,0,0,0,0,0,0,0,0,0,0,0,0,0,0,76,0,91,94,93,69,0,12,19,0,0,0,0,0
l28,12=0,0,0,0,0,0,0,0,0,0,0,0,0,0,0,0,0,0,0,26,22,0,0,0,0,0,85,96,0,94,93,81,70,26,66,0,0,0,0,0
l29,12=0,0,0,0,0,0,0,0,0,0,0,0,0,0,0,0,0,0,0,0,0,0,0,0,0,0,66,96,95,0,93,72,73,54,69,0,0,0,0,0
l30,12=0,0,0,0,0,0,0,0,0,0,0,0,0,0,0,0,0,0,0,0,0,0,0,0,0,0,85,96,95,94,0,74,73,62,57,0,0,0,0,0
l31,12=0,0,0,0,0,0,0,0,0,0,0,0,0,0,0,0,0,0,0,53,42,0,4,42,16,46,85,74,87,77,89,0,95,99,99,0,0,0,0,0
l32,12=0,0,0,0,0,0,0,0,0,0,0,0,0,0,0,0,0,0,0,9,0,0,0,15,47,16,81,0,76,74,86,90,0,99,99,0,0,0,0,0
l33,12=0,0,0,0,0,0,0,0,0,0,0,0,43,0,70,0,1,0,0,0,0,0,0,34,0,77,75,22,58,57,82,96,95,0,99,0,0,0,0,0
l34,12=0,0,0,0,0,0,0,0,0,0,0,0,1,0,29,0,3,0,0,0,0,0,0,6,1,87,80,37,88,76,72,92,95,98,0,0,0,0,0,0
l35,12=0,0,0,0,0,0,0,0,0,0,0,0,0,0,15,0,21,0,0,0,59,11,53,0,0,0,0,0,0,0,0,0,0,0,0,0,86,45,64,39
l36,12=0,0,0,0,0,0,0,0,0,0,0,21,0,0,19,0,58,47,0,0,78,34,71,0,5,0,0,0,0,0,0,0,0,0,0,45,0,60,83,62
l37,12=0,0,0,0,0,0,0,0,0,0,0,0,0,0,0,0,43,0,0,16,53,18,0,0,0,0,0,0,0,0,0,0,0,0,0,31,50,0,47,46
l38,12=0,0,0,0,0,0,0,0,0,0,0,26,26,0,10,32,62,18,0,18,63,44,61,0,16,0,0,0,0,0,0,0,0,0,0,31,49,25,0,56
l39,12=0,0,0,0,0,0,0,0,0,0,0,0,0,0,0,0,37,0,0,43,65,30,72,0,0,0,0,0,0,0,0,0,0,0,0,20,56,42,70,0

l0,13=0,91,89,90,87,88,88,84,69,57,76,0,0,0,0,0,0,0,0,0,0,0,0,0,0,0,0,0,0,0,0,0,0,0,0,0,0,0,0,0
l1,13=92,0,89,91,79,68,81,67,0,15,20,0,4,0,20,0,0,0,0,0,0,0,0,0,0,0,0,0,0,0,0,0,0,0,0,0,0,0,0,0
l2,13=92,91,0,89,87,88,88,50,0,73,68,0,0,49,0,0,0,0,0,0,0,0,0,0,0,0,0,0,0,0,0,0,0,0,0,0,0,0,0,0
l3,13=93,96,91,0,89,89,70,55,30,16,38,0,0,0,0,0,0,0,0,0,0,0,0,0,0,0,0,0,0,0,0,0,0,0,0,0,0,0,0,0
l4,13=92,88,89,89,0,88,74,72,44,20,66,0,0,0,0,0,0,0,0,0,0,0,0,9,0,0,0,0,0,0,0,0,0,0,0,0,0,0,0,0
l5,13=91,45,89,85,87,0,80,63,64,82,71,0,0,59,0,0,0,0,0,0,0,0,0,0,0,0,0,0,0,0,0,0,0,0,0,0,0,0,0,0
l6,13=66,75,89,61,64,82,0,0,61,68,34,62,0,59,0,64,0,0,0,0,0,0,0,0,0,0,0,0,0,0,0,0,0,0,0,0,0,0,0,0
l7,13=40,47,51,56,56,42,0,0,73,86,91,47,30,67,0,7,0,0,0,0,0,0,0,0,0,0,0,0,0,0,0,0,0,0,0,0,0,0,0,0
l8,13=17,0,0,47,39,37,37,58,0,90,68,56,46,71,67,46,57,54,0,11,0,56,19,44,45,0,0,0,0,0,0,0,0,0,0,0,0,0,0,0
l9,13=13,20,59,30,23,62,64,67,86,0,91,54,45,77,57,66,59,49,0,0,40,59,0,0,0,0,0,0,0,0,0,0,0,0,0,0,0,0,0,0
l10,13=16,18,56,48,49,52,30,83,67,90,0,54,0,68,0,54,0,0,0,0,0,0,0,0,0,0,0,0,0,0,0,0,0,0,0,0,0,0,0,0
l11,13=0,0,0,0,0,0,40,19,36,38,41,0,87,94,77,85,70,93,0,0,51,65,50,61,50,8,0,0,0,0,0,0,0,0,0,0,2,0,32,0
l12,13=0,0,0,0,0,0,0,0,0,32,0,76,0,56,98,83,79,90,0,0,55,4,54,70,98,97,0,0,0,0,0,0,0,52,0,0,0,0,32,0
l13,13=0,0,25,0,0,30,36,34,74,90,49,95,52,0,73,85,68,66,0,0,50,64,0,66,45,40,0,0,0,0,0,0,0,0,0,0,0,0,33,0
l14,13=0,0,0,0,0,0,0,0,37,37,0,71,97,70,0,67,89,79,0,0,7,35,0,87,100,70,0,0,0,0,0,0,0,33,6,0,0,0,0,0
l15,13=0,0,0,0,0,0,39,0,12,39,41,95,74,89,70,0,89,89,0,9,52,54,0,65,60,47,0,0,0,0,0,0,0,0,0,0,14,0,33,0
l16,13=0,0,0,0,0,0,0,0,6,21,0,59,63,54,94,83,0,81,0,13,47,66,53,7,81,0,0,0,0,0,0,0,0,29,24,43,16,0,39,46
l17,13=0,0,0,0,0,0,0,0,32,34,0,93,96,73,80,84,89,0,0,15,62,80,52,48,72,0,0,0,0,0,0,0,0,40,0,7,18,0,31,0
l18,13=0,0,0,0,0,0,0,0,0,0,0,0,0,0,0,0,68,0,0,91,84,29,56,0,0,0,0,0,0,0,0,0,0,0,0,0,0,0,0,0
l19,13=0,0,0,0,0,0,0,0,25,0,0,0,0,0,0,35,58,42,31,0,96,94,89,0,0,0,0,0,0,13,0,0,1,0,0,0,0,21,34,58
l20,13=0,0,0,0,0,0,0,0,0,11,0,25,58,30,0,46,63,75,4,95,0,99,96,0,0,0,6,0,0,0,0,11,0,0,0,75,51,29,70,69
l21,13=0,0,0,0,0,0,0,0,18,30,0,69,29,48,32,48,70,78,1,94,95,0,95,0,27,0,0,0,0,0,0,0,0,19,0,58,15,1,88,79
l22,13=0,0,0,0,0,0,0,0,1,0,0,19,42,0,0,0,66,29,0,91,95,98,0,0,0,0,8,0,0,0,0,0,0,0,0,76,33,13,53,90
l23,13=0,0,0,0,4,0,0,0,3,0,0,67,81,77,97,80,7,0,0,0,0,0,0,0,69,99,0,0,0,0,0,0,0,5,0,0,0,0,0,0
l24,13=0,0,0,2,0,0,0,0,37,0,0,54,97,17,98,68,92,72,0,0,0,66,0,67,0,96,0,0,0,0,0,0,19,1,0,0,15,0,0,0
l25,13=0,0,0,0,0,0,0,0,0,0,0,17,97,49,96,72,0,0,0,0,0,0,0,100,100,0,0,0,0,5,0,27,20,90,92,0,0,0,0,0
l26,13=0,0,0,0,0,0,0,0,0,0,0,0,0,0,0,0,0,0,0,0,49,0,58,0,0,0,0,81,95,80,100,99,78,74,0,0,0,0,0,0
l27,13=0,0,0,0,0,0,0,0,0,0,0,0,0,0,0,0,0,0,0,0,0,0,0,0,0,0,75,0,95,97,100,84,73,71,39,0,0,0,0,0
l28,13=0,0,0,0,0,0,0,0,0,0,0,0,0,0,0,0,0,0,0,4,0,0,0,0,0,0,99,94,0,97,100,94,57,69,78,0,0,0,0,0
l29,13=0,0,0,0,0,0,0,0,0,0,0,0,0,0,0,0,0,0,0,41,0,0,0,0,0,0,76,94,95,0,100,84,84,68,81,0,0,0,0,0
l30,13=0,0,0,0,0,0,0,0,0,0,0,0,0,0,0,0,0,0,0,0,0,0,0,0,0,0,94,94,95,97,0,90,75,74,4,0,0,0,0,0
l31,13=0,0,0,0,0,0,0,0,0,0,0,0,0,0,0,0,0,0,0,1,52,0,0,0,0,60,99,86,95,92,100,0,99,100,100,0,0,0,0,0
l32,13=0,0,0,0,0,0,0,0,0,0,0,0,14,0,20,0,0,0,0,17,0,0,0,0,74,67,94,56,22,89,89,100,0,99,100,0,0,0,0,0
l33,13=0,0,0,0,0,0,0,0,0,0,0,0,52,0,80,0,64,44,0,0,0,24,0,12,10,97,96,65,32,74,95,98,99,0,100,0,0,0,0,0
l34,13=0,0,0,0,0,0,0,0,0,0,0,0,29,0,59,0,53,0,0,0,41,0,5,14,0,96,0,36,91,91,55,100,99,100,0,0,0,0,0,0
l35,13=0,0,0,0,0,0,0,0,0,0,0,0,0,0,0,0,54,0,0,0,53,11,51,0,0,0,0,0,0,0,0,0,0,0,0,0,87,76,51,73
l36,13=0,0,0,0,0,0,0,0,0,0,0,0,14,0,0,38,44,35,0,0,69,14,80,0,30,0,0,0,0,0,0,0,0,0,0,87,0,31,58,76
l37,13=0,0,0,0,0,0,0,0,0,0,0,0,0,0,0,0,0,0,0,8,49,0,14,0,0,0,0,0,0,0,0,0,0,0,0,85,24,0,37,54
l38,13=0,0,0,0,0,0,0,0,0,0,0,20,49,43,0,46,75,28,0,8,73,74,57,0,0,0,0,0,0,0,0,0,0,0,0,81,30,24,0,68
l39,13=0,0,0,0,0,0,0,0,0,0,0,0,0,0,0,0,66,0,0,28,59,73,86,0,0,0,0,0,0,0,0,0,0,0,0,78,27,23,54,0

l0,14=0,53,87,83,60,80,77,67,57,84,71,0,0,0,0,0,0,0,0,0,0,0,0,0,0,0,0,0,0,0,0,0,0,0,0,0,0,0,0,0
l1,14=56,0,87,83,60,80,77,28,8,2,92,0,0,37,0,0,0,0,0,0,0,0,0,0,13,0,0,0,0,0,0,0,0,0,0,0,0,0,0,0
l2,14=56,54,0,83,60,80,77,70,58,86,100,0,0,67,0,0,0,0,0,0,0,0,0,0,0,0,0,0,0,0,0,0,0,0,0,0,0,0,0,0
l3,14=56,53,87,0,59,80,77,0,0,84,100,0,0,0,0,0,0,0,0,0,0,0,0,0,0,0,0,0,0,0,0,0,0,0,0,0,0,0,0,0
l4,14=56,53,87,83,0,81,61,35,17,41,100,0,0,23,0,3,0,0,0,0,0,0,0,0,0,0,0,0,0,0,0,0,0,0,0,0,0,0,0,0
l5,14=56,53,99,85,64,0,77,70,57,87,100,0,0,69,0,79,0,0,0,0,0,0,0,0,0,0,0,0,0,0,0,0,0,0,0,0,0,0,0,0
l6,14=52,53,87,71,58,81,0,62,47,77,95,78,0,69,0,85,0,0,0,0,0,0,43,0,0,0,0,0,0,0,0,0,0,0,0,0,0,0,0,0
l7,14=34,27,87,68,56,79,75,0,58,86,100,0,0,81,0,58,82,0,0,0,0,0,0,0,0,0,0,0,0,0,0,0,0,0,0,0,0,0,0,0
l8,14=24,2,48,0,25,19,30,31,0,99,100,22,33,48,35,47,27,0,0,21,49,45,38,0,31,0,0,0,0,0,0,0,0,0,0,0,0,0,0,0
l9,14=40,0,47,44,26,77,50,86,98,0,100,37,0,100,33,76,53,50,0,0,53,46,0,37,21,0,0,0,0,0,0,0,0,0,0,0,0,0,0,0
l10,14=23,50,74,80,61,80,74,100,60,99,0,24,31,85,27,59,0,0,0,0,8,0,0,0,0,0,0,0,0,0,0,0,0,0,0,0,0,0,0,0
l11,14=0,0,0,0,0,0,98,0,21,97,32,0,99,99,97,100,98,100,0,0,95,73,95,64,1,15,0,0,0,0,0,0,0,0,0,0,25,0,82,0
l12,14=0,0,0,0,0,0,0,0,61,0,13,65,0,97,98,98,0,100,0,14,95,0,49,60,63,100,0,0,0,0,0,0,0,36,0,0,0,0,0,0
l13,14=0,22,79,0,52,43,48,63,82,98,76,100,99,0,97,99,86,95,0,44,0,78,0,60,60,78,0,0,0,0,0,0,0,0,0,0,0,0,74,0
l14,14=0,0,0,0,0,0,0,0,50,40,8,51,100,54,0,49,99,58,0,0,11,5,0,61,100,16,0,0,0,0,0,0,0,27,0,0,0,0,30,0
l15,14=0,0,0,0,3,12,40,1,96,95,30,100,80,99,97,0,98,99,0,47,95,58,0,60,60,71,0,0,0,0,0,0,0,0,0,0,0,0,74,0
l16,14=0,0,0,0,0,0,0,38,2,82,0,62,0,25,97,98,0,87,35,60,87,45,94,0,60,0,0,0,0,0,0,4,0,32,18,57,54,7,63,57
l17,14=0,0,0,0,0,0,0,0,0,41,0,99,99,98,97,98,98,0,0,54,94,99,56,58,62,40,0,0,0,0,0,0,0,0,0,35,22,0,79,0
l18,14=0,0,0,0,0,0,0,0,0,0,0,0,0,0,0,0,92,0,0,92,95,0,87,0,0,0,0,0,0,0,0,0,0,0,0,0,0,0,0,0
l19,14=0,0,0,0,0,0,0,0,3,0,0,0,65,8,0,87,88,79,69,0,95,86,91,0,0,0,0,0,0,77,0,1,0,0,0,73,49,49,65,85
l20,14=0,0,0,0,0,0,0,0,6,86,0,58,71,0,1,93,91,82,88,97,0,99,96,0,0,0,0,0,0,0,0,0,0,0,41,74,53,55,98,90
l21,14=0,0,0,0,0,0,0,0,85,91,1,59,0,91,65,93,93,82,0,96,97,0,96,0,54,0,0,0,0,0,0,0,0,0,6,93,90,0,95,88
l22,14=0,0,0,0,0,0,38,0,14,0,0,58,68,0,4,0,93,80,72,93,97,99,0,0,0,0,72,0,0,0,0,0,0,0,0,70,93,16,89,94
l23,14=0,0,0,0,0,0,0,0,0,40,0,35,75,49,98,97,0,58,0,0,0,0,0,0,29,100,0,0,0,0,0,0,45,40,26,0,0,0,0,0
l24,14=0,0,0,0,0,0,0,0,30,35,0,0,100,51,99,99,100,99,0,0,0,51,0,27,0,84,0,0,0,0,0,0,0,0,0,0,15,0,0,0
l25,14=0,0,0,0,15,0,0,0,0,0,0,15,99,76,36,97,0,73,0,0,0,0,0,98,99,0,0,0,13,0,0,0,55,74,64,0,0,0,0,0
l26,14=0,0,0,0,0,0,0,0,0,0,0,0,0,0,0,0,0,0,0,0,28,0,69,0,0,0,0,92,100,90,97,99,98,84,92,0,0,0,0,0
l27,14=0,0,0,0,0,0,0,0,0,0,0,0,0,0,0,0,0,0,0,0,0,0,0,0,0,0,82,0,100,100,98,86,85,77,2,0,0,0,0,0
l28,14=0,0,0,0,0,0,0,0,0,0,0,0,0,0,0,0,0,0,0,38,0,0,0,0,0,40,100,99,0,100,98,97,90,95,99,0,0,0,0,0
l29,14=0,0,0,0,0,0,0,0,0,0,0,0,0,0,0,0,0,0,0,72,0,0,0,0,0,0,81,99,100,0,98,88,84,0,83,0,0,0,0,0
l30,14=0,0,0,0,0,0,0,0,0,0,0,0,0,0,0,0,0,0,0,0,0,0,0,0,0,0,93,99,100,100,0,87,81,81,0,0,0,0,0,0
l31,14=0,0,0,0,0,0,0,0,0,0,0,0,0,0,0,0,10,0,0,6,0,0,0,0,0,0,100,94,97,99,96,0,100,100,99,0,0,0,0,0
l32,14=0,0,0,0,0,0,0,0,0,0,0,0,0,0,65,0,0,0,0,0,0,0,0,58,0,65,100,91,86,97,91,100,0,100,99,0,0,0,0,0
l33,14=0,0,0,0,0,0,0,0,0,0,0,0,95,0,91,0,94,0,0,0,0,0,0,93,0,93,99,94,98,0,96,100,100,0,99,0,0,0,0,0
l34,14=0,0,0,0,0,0,0,0,0,0,0,0,48,0,0,0,83,0,0,0,84,7,24,86,0,93,99,5,97,97,0,100,100,100,0,0,0,0,0,0
l35,14=0,0,0,0,0,0,0,0,0,0,0,0,31,0,0,0,89,39,0,89,90,80,85,0,0,0,0,0,0,0,0,0,0,0,0,0,96,96,96,93
l36,14=0,0,0,0,0,0,0,0,0,0,0,42,0,0,0,0,82,6,0,88,89,81,88,0,13,0,0,0,0,0,0,0,0,0,0,78,0,55,79,84
l37,14=0,0,0,0,0,0,0,0,0,0,0,0,0,0,0,0,0,0,0,74,88,0,0,0,0,0,0,0,0,0,0,0,0,0,0,76,45,0,72,84
l38,14=0,0,0,0,0,0,0,0,0,0,0,44,0,31,59,55,54,62,0,75,93,90,90,0,0,0,0,0,0,0,0,0,0,0,0,77,56,51,0,95
l39,14=0,0,0,0,0,0,0,0,0,0,0,0,0,0,0,0,90,0,0,91,90,83,89,0,0,0,0,0,0,0,0,0,0,0,0,73,47,56,74,0

l0,15=0,98,99,100,100,100,97,61,87,99,10,0,0,0,0,0,0,0,0,0,0,0,0,0,0,0,0,0,0,0,0,0,0,0,0,0,0,0,0,0
l1,15=99,0,99,99,100,99,97,59,93,99,78,0,0,96,0,0,0,0,0,0,0,0,0,0,58,0,0,0,0,0,0,0,0,0,0,0,0,0,0,0
l2,15=99,98,0,99,97,100,97,98,97,92,46,56,0,99,0,0,0,0,0,0,0,0,0,0,0,0,0,0,0,0,0,0,0,0,0,0,0,0,0,0
l3,15=100,99,99,0,100,98,0,62,0,0,0,0,0,0,0,0,0,0,0,0,0,0,0,0,0,0,0,0,0,0,0,0,0,0,0,0,0,0,0,0
l4,15=100,100,100,100,0,100,92,36,0,83,97,0,0,0,0,23,0,0,0,0,0,0,0,0,0,0,0,0,0,0,0,0,0,0,0,0,0,0,0,0
l5,15=99,98,99,99,98,0,96,98,99,99,97,0,0,99,0,84,0,0,0,0,0,0,0,0,0,0,0,0,0,0,0,0,0,0,0,0,0,0,0,0
l6,15=99,98,99,0,90,98,0,98,91,98,97,96,89,96,0,94,0,0,0,0,0,0,38,0,0,0,0,0,0,0,0,0,0,0,0,0,0,0,0,0
l7,15=61,0,99,75,97,98,96,0,99,99,99,0,0,86,22,0,61,0,0,0,0,0,0,0,0,0,0,0,0,0,0,0,0,0,0,0,0,0,0,0
l8,15=62,60,71,0,0,73,57,94,0,100,98,56,59,99,76,84,0,0,0,32,4,96,95,0,94,0,0,0,0,0,0,0,0,0,0,0,0,0,0,0
l9,15=99,40,10,0,87,99,97,99,100,0,100,65,0,100,13,99,58,32,0,0,89,97,5,53,5,0,0,0,0,0,0,0,0,0,0,0,0,0,0,0
l10,15=2,97,0,71,97,98,96,100,99,100,0,0,97,99,24,0,28,0,0,0,0,0,0,0,0,0,0,0,0,0,0,0,0,0,0,0,0,0,0,0
l11,15=0,0,2,0,0,0,62,0,91,82,0,0,100,100,93,100,75,87,0,7,59,99,98,98,91,96,0,0,0,0,0,0,0,0,0,0,94,0,51,0
l12,15=0,0,0,0,0,0,3,0,89,0,61,99,0,99,100,99,81,99,0,13,59,0,94,99,100,99,0,0,0,0,0,0,0,0,0,0,88,0,2,0
l13,15=0,38,74,0,2,73,58,36,92,100,54,100,100,0,96,98,59,87,0,1,2,87,25,98,94,94,0,0,0,0,0,0,0,0,0,0,0,0,0,0
l14,15=0,0,0,0,0,0,0,0,22,42,0,56,100,93,0,91,59,76,0,0,53,0,0,99,100,99,0,0,0,0,0,0,0,84,0,0,14,0,47,0
l15,15=0,0,0,0,20,39,58,0,92,82,0,100,59,99,97,0,59,87,0,0,59,99,0,99,99,94,0,0,0,0,0,0,0,0,0,82,0,0,51,0
l16,15=0,0,0,0,0,0,0,43,0,67,4,60,59,90,99,96,0,74,63,57,57,93,98,0,99,34,0,0,0,0,0,0,6,81,0,93,98,88,57,54
l17,15=0,0,0,0,0,0,0,0,0,70,0,59,61,99,99,96,53,0,0,58,59,99,98,99,99,85,0,0,0,0,0,0,1,83,12,0,89,77,57,0
l18,15=0,0,0,0,0,0,0,0,0,0,0,0,0,0,0,0,94,0,0,82,83,0,70,0,0,0,0,0,0,0,0,0,0,0,0,0,0,0,0,0
l19,15=0,0,0,0,0,0,0,0,10,0,0,3,46,0,0,0,51,67,51,0,98,95,88,0,0,0,63,0,0,49,0,27,0,0,0,68,71,8,0,79
l20,15=0,0,0,0,0,0,0,0,0,92,0,56,56,0,69,95,57,84,67,98,0,100,98,0,0,0,7,0,0,0,0,0,0,0,0,99,99,0,96,91
l21,15=0,0,0,0,0,0,0,0,87,92,0,57,0,67,0,95,57,86,0,98,99,0,98,0,47,0,0,0,0,0,0,0,0,0,77,90,99,92,95,97
l22,15=0,0,0,0,0,0,2,0,68,60,0,45,48,0,0,0,95,73,31,94,98,99,0,0,0,0,28,0,0,8,0,0,0,0,0,76,73,75,42,79
l23,15=0,0,0,0,0,0,0,0,0,80,0,57,99,95,98,94,0,76,0,0,0,0,0,0,97,99,0,0,0,0,0,0,94,84,0,0,0,0,0,0
l24,15=0,0,0,0,0,0,0,0,84,11,0,56,100,92,100,100,97,100,0,0,0,0,0,100,0,99,0,0,0,0,0,0,56,21,0,0,88,0,0,0
l25,15=0,0,0,0,0,0,0,0,0,0,0,58,99,66,96,88,0,69,0,0,0,0,0,95,96,0,81,0,55,0,0,70,85,79,86,0,0,0,0,0
l26,15=0,0,0,0,0,0,0,0,0,0,0,0,0,0,0,0,0,0,0,72,56,0,41,0,0,70,0,96,91,96,98,95,94,81,94,0,0,0,0,0
l27,15=0,0,0,0,0,0,0,0,0,0,0,0,0,0,0,0,0,0,0,0,0,0,0,0,0,0,98,0,91,98,98,94,95,87,93,0,0,0,0,0
l28,15=0,0,0,0,0,0,0,0,0,0,0,0,0,0,0,0,0,0,0,0,0,1,0,0,0,66,99,97,0,98,98,94,93,97,94,0,0,0,0,0
l29,15=0,0,0,0,0,0,0,0,0,0,0,0,0,0,0,0,0,0,0,86,0,0,44,0,0,0,99,97,91,0,98,95,95,97,97,0,0,0,0,0
l30,15=0,0,0,0,0,0,0,0,0,0,0,0,0,0,0,0,0,0,0,0,0,0,0,0,0,0,99,97,91,98,0,94,94,85,0,0,0,0,0,0
l31,15=0,0,0,0,0,0,0,0,0,0,0,0,0,0,0,0,0,0,0,56,0,0,0,0,0,66,99,90,85,96,96,0,97,99,97,0,0,0,0,0
l32,15=0,0,0,0,0,0,0,0,0,0,0,0,6,0,0,0,50,0,0,0,0,0,0,85,92,70,85,90,86,94,95,95,0,99,97,0,0,0,0,0
l33,15=0,0,0,0,0,0,0,0,0,0,0,0,3,0,95,0,83,58,0,0,0,0,0,96,90,81,82,87,89,90,97,96,99,0,97,0,0,0,0,0
l34,15=0,0,0,0,0,0,0,0,0,0,0,0,0,0,40,0,24,2,0,0,0,82,0,0,0,70,84,89,84,92,0,91,97,99,0,0,0,0,0,0
l35,15=0,0,0,0,0,0,0,0,0,0,0,0,4,0,0,64,48,0,0,11,40,48,67,0,0,0,0,0,0,0,0,0,0,0,0,0,97,95,53,98
l36,15=0,0,0,0,0,0,0,0,0,0,0,35,42,0,6,0,57,48,0,48,49,81,69,0,64,0,0,0,0,0,0,0,0,0,0,99,0,92,61,89
l37,15=0,0,0,0,0,0,0,0,0,0,0,0,0,0,0,0,46,0,0,0,0,73,63,0,0,0,0,0,0,0,0,0,0,0,0,99,98,0,56,90
l38,15=0,0,0,0,0,0,0,0,0,0,0,27,28,0,54,94,55,80,0,0,58,93,86,0,0,0,0,0,0,0,0,0,0,0,0,99,99,93,0,91
l39,15=0,0,0,0,0,0,0,0,0,0,0,0,0,0,0,0,3,0,0,47,52,89,68,0,0,0,0,0,0,0,0,0,0,0,0,94,95,94,64,0

