t=2016-04-13_17.53.20

n=40

q0=1
q1=1
q2=1
q3=1
q4=1
q5=1
q6=1
q7=1
q8=1
q9=1
q10=1
q11=1
q12=1
q13=1
q14=1
q15=1
q16=1
q17=1
q18=1
q19=1
q20=1
q21=1
q22=1
q23=1
q24=1
q25=1
q26=1
q27=1
q28=1
q29=1
q30=1
q31=1
q32=1
q33=1
q34=1
q35=1
q36=1
q37=1
q38=1
q39=1

a0=0x141592000c576ce6
a1=0x141592000c5aedbc
a2=0x141592000c5750f4
a3=0x141592000c576658
a4=0x141592000c575890
a5=0x141592000c574ffa
a6=0x141592000c5acf11
a7=0x141592000d9df361
a8=0x141592000c576300
a9=0x141592000c5779b6
a10=0x141592000c5762b9
a11=0x141592000c5af078
a12=0x141592000c575517
a13=0x141592000c5752c3
a14=0x141592000c5a4baa
a15=0x141592000c5776e7
a16=0x141592000c58cdeb
a17=0x141592000c5881fc
a18=0x141592000bd81d33
a19=0x141592000bd84d6a
a20=0x141592000c577233
a21=0x141592000c574527
a22=0x141592000c5746a3
a23=0x141592000c574da3
a24=0x141592000c5741c9
a25=0x141592000da244ea
a26=0x141592000c5ae886
a27=0x141592000c57510e
a28=0x141592000c5ab6c8
a29=0x141592000c574d05
a30=0x141592000edae61f
a31=0x141592000c57667e
a32=0x141592000c577f43
a33=0x141592000c576449
a34=0x1415920010f4117a
a35=0x141592000c575966
a36=0x141592000c574d35
a37=0x141592000c576fb1
a38=0x141592000c5aea5d
a39=0x141592000c59f23f

l0,0=0,94,43,90,84,74,70,58,38,76,11,0,0,0,0,0,0,0,0,0,0,0,0,0,0,0,0,0,0,0,0,0,0,0,0,0,0,0,0,0
l1,0=83,0,43,0,87,76,70,69,75,0,87,0,0,0,0,0,0,0,0,0,0,0,0,0,0,0,0,0,0,0,0,0,0,0,0,0,0,0,0,0
l2,0=78,87,0,0,44,74,78,59,69,76,83,0,0,56,0,0,0,0,0,0,0,0,0,0,0,0,0,0,0,0,0,0,0,0,0,0,0,0,0,0
l3,0=87,57,43,0,88,73,71,36,20,0,76,0,0,0,0,0,0,0,0,0,0,0,0,0,0,0,0,0,0,0,0,0,0,0,0,0,0,0,0,0
l4,0=77,86,40,81,0,70,53,48,0,60,68,0,0,45,0,0,0,0,0,0,0,0,0,0,0,0,0,0,0,0,0,0,0,0,0,0,0,0,0,0
l5,0=74,95,33,0,43,0,66,60,76,81,76,0,0,41,0,0,0,0,0,0,0,0,0,0,0,0,0,0,0,0,0,0,0,0,0,0,0,0,0,0
l6,0=67,61,31,0,37,61,0,65,76,72,75,11,0,61,0,51,49,0,0,0,0,0,0,0,0,0,0,0,0,0,0,0,0,0,0,0,0,0,0,0
l7,0=66,61,26,0,26,60,66,0,75,81,82,34,0,8,0,26,0,0,0,0,0,0,0,0,0,0,0,0,0,0,0,0,0,0,0,0,0,0,0,0
l8,0=22,49,16,0,0,32,51,55,0,86,42,41,19,82,66,67,82,4,0,0,0,58,1,6,31,0,0,0,0,0,0,0,0,0,0,0,0,0,49,0
l9,0=61,0,24,0,25,62,60,65,91,0,90,38,14,58,50,52,52,48,0,0,0,0,4,0,0,0,0,0,0,0,0,0,0,0,0,0,0,0,0,0
l10,0=51,62,30,0,38,58,63,69,73,89,0,55,42,78,1,60,41,0,0,0,0,0,0,0,0,0,0,0,0,0,0,0,0,0,0,0,0,0,0,0
l11,0=0,0,0,0,0,2,35,56,82,46,43,0,54,41,83,93,83,90,0,42,0,45,0,0,48,43,0,0,0,0,0,0,0,0,0,0,28,0,71,0
l12,0=0,0,0,0,0,0,0,0,72,38,40,76,0,75,85,93,80,99,0,0,66,63,0,80,93,73,0,0,0,0,0,0,0,66,0,0,17,0,79,0
l13,0=0,0,18,0,13,0,38,0,87,43,69,76,85,0,86,82,31,80,0,40,0,49,6,37,24,50,0,0,0,0,0,0,0,0,0,0,0,0,59,0
l14,0=0,0,0,0,0,0,0,0,75,39,0,46,53,25,0,79,87,83,0,0,69,1,0,48,66,85,0,0,0,0,0,0,0,72,0,0,9,0,49,0
l15,0=0,0,0,0,0,0,34,1,79,42,44,94,92,26,84,0,70,86,0,0,35,0,13,0,66,0,0,0,0,0,0,0,0,0,0,0,21,0,80,0
l16,0=0,0,0,0,0,0,17,0,81,19,4,39,28,6,87,37,0,97,0,56,61,83,25,12,51,0,0,0,0,0,0,0,0,49,0,13,21,0,84,79
l17,0=0,0,0,0,0,0,0,0,42,42,0,46,57,24,87,84,95,0,0,0,79,78,20,0,52,71,0,0,0,0,0,0,0,68,0,0,27,0,66,0
l18,0=0,0,0,0,0,0,0,0,0,0,0,0,0,0,0,0,0,0,0,0,71,0,74,0,0,0,0,0,0,0,0,0,0,0,0,0,0,0,0,0
l19,0=0,0,0,0,0,0,0,0,9,0,0,15,0,33,0,0,67,0,0,0,81,57,91,0,0,0,0,0,0,0,0,31,0,0,0,0,69,0,61,90
l20,0=0,0,0,0,0,0,0,0,0,0,0,0,18,0,43,6,55,39,85,71,0,93,91,0,0,0,0,0,1,0,0,0,0,0,12,14,59,76,95,99
l21,0=0,0,0,0,0,0,0,0,67,0,0,13,18,16,3,0,83,45,33,31,98,0,91,0,2,0,0,0,0,0,0,0,0,0,0,23,18,37,79,65
l22,0=0,0,0,0,0,0,0,0,40,11,0,0,0,14,0,22,81,27,64,71,98,93,0,0,10,0,51,0,0,0,0,0,25,0,0,37,88,0,79,90
l23,0=0,0,0,0,0,0,0,0,67,0,0,0,74,36,84,0,67,0,0,0,0,0,0,0,81,0,0,0,0,0,0,0,8,43,72,0,0,0,0,0
l24,0=0,0,0,0,0,0,0,0,73,0,0,35,93,16,82,77,80,83,0,0,0,0,13,82,0,72,0,0,0,0,0,0,42,71,74,0,0,0,0,0
l25,0=0,0,0,0,0,0,0,0,0,0,0,7,78,29,86,0,0,77,0,0,0,0,0,1,75,0,49,4,0,0,0,23,53,69,75,0,0,0,0,0
l26,0=0,0,0,0,0,0,0,0,0,0,0,0,0,0,0,0,0,0,0,0,0,0,58,0,0,43,0,74,92,87,82,90,72,54,71,0,0,0,0,0
l27,0=0,0,0,0,0,0,0,0,0,0,0,0,0,0,0,0,0,0,0,0,0,0,0,0,0,0,76,0,92,96,98,70,57,49,73,0,0,0,0,0
l28,0=0,0,0,0,0,0,0,0,0,0,0,0,0,0,0,0,0,0,0,0,23,0,0,0,0,0,87,100,0,96,98,84,71,54,68,0,0,0,0,0
l29,0=0,0,0,0,0,0,0,0,0,0,0,0,0,0,0,0,0,0,0,17,0,0,0,0,0,0,80,99,92,0,98,66,60,49,61,0,0,0,0,0
l30,0=0,0,0,0,0,0,0,0,0,0,0,0,0,0,0,0,0,0,0,0,0,0,0,0,0,0,75,100,92,96,0,48,66,62,0,0,0,0,0,0
l31,0=0,0,0,0,0,0,0,0,0,0,0,0,0,0,0,0,0,0,0,35,0,1,0,0,0,45,80,52,85,64,59,0,85,66,95,0,0,0,0,0
l32,0=0,0,0,0,0,0,0,0,0,0,0,0,0,0,0,0,0,0,0,0,0,0,33,22,50,51,74,50,80,56,57,88,0,85,96,0,0,0,0,0
l33,0=0,0,0,0,0,0,0,0,0,0,0,0,64,0,53,0,59,38,0,0,0,0,0,24,57,47,64,48,74,48,67,81,80,0,80,0,0,0,0,0
l34,0=0,0,0,0,0,0,0,0,0,0,0,0,0,0,0,0,0,0,0,0,55,0,19,59,54,67,70,57,75,59,0,91,91,61,0,0,0,0,0,0
l35,0=0,0,0,0,0,0,0,0,0,0,0,0,0,0,0,0,34,0,0,0,10,63,19,0,0,0,0,0,0,0,0,0,0,0,0,0,26,62,91,71
l36,0=0,0,0,0,0,0,0,0,0,0,0,29,10,0,14,13,52,36,0,45,96,55,32,0,0,0,0,0,0,0,0,0,0,0,0,25,0,61,95,95
l37,0=0,0,0,0,0,0,0,0,0,0,0,0,0,0,0,0,0,14,0,0,93,42,0,0,0,0,0,0,0,0,0,0,0,0,0,27,34,0,88,95
l38,0=0,0,0,0,0,0,0,0,46,0,0,26,22,17,10,49,92,9,0,45,97,90,32,0,0,0,0,0,0,0,0,0,0,0,0,52,35,53,0,95
l39,0=0,0,0,0,0,0,0,0,0,0,0,0,0,0,0,0,62,0,0,71,96,75,32,0,0,0,0,0,0,0,0,0,0,0,0,26,34,77,94,0

l0,1=0,88,83,84,63,81,63,25,0,59,21,0,0,0,0,0,0,0,0,0,0,0,0,0,0,0,0,0,0,0,0,0,0,0,0,0,0,0,0,0
l1,1=80,0,84,78,73,84,61,46,55,16,65,0,0,12,0,0,0,0,0,0,0,0,0,0,0,0,0,0,0,0,0,0,0,0,0,0,0,0,0,0
l2,1=81,87,0,70,81,87,70,49,48,66,75,0,0,46,0,0,0,0,0,0,0,0,0,0,0,0,0,0,0,0,0,0,0,0,0,0,0,0,0,0
l3,1=85,83,79,0,79,81,56,34,0,0,55,0,0,0,0,0,0,0,0,0,0,0,0,0,0,0,0,0,0,0,0,0,0,0,0,0,0,0,0,0
l4,1=58,81,81,77,0,76,49,48,56,62,63,0,0,10,0,0,0,0,0,0,0,0,0,0,0,0,0,0,0,0,0,0,0,0,0,0,0,0,0,0
l5,1=67,87,86,61,68,0,62,63,61,63,62,0,0,0,0,0,0,0,0,0,0,0,0,0,0,0,0,0,0,0,0,0,0,0,0,0,0,0,0,0
l6,1=55,48,53,29,42,73,0,66,61,51,54,30,2,49,0,0,27,0,0,0,0,0,0,0,0,0,0,0,0,0,0,0,0,0,0,0,0,0,0,0
l7,1=26,37,11,21,45,76,65,0,67,64,72,20,0,26,0,11,0,0,0,0,0,0,0,0,0,0,0,0,0,0,0,0,0,0,0,0,0,0,0,0
l8,1=0,27,0,0,26,19,47,56,0,72,53,45,9,76,32,35,48,21,0,0,0,44,31,5,0,0,0,0,0,0,0,0,0,0,0,0,0,0,9,0
l9,1=31,28,42,1,57,67,39,54,83,0,79,32,29,67,26,29,33,25,0,0,0,28,23,0,0,0,0,0,0,0,0,0,0,0,0,0,0,0,0,0
l10,1=36,65,55,43,63,73,64,78,63,73,0,38,0,63,0,27,0,0,0,0,0,3,0,0,0,0,0,0,0,0,0,0,0,0,0,0,0,0,0,0
l11,1=0,0,0,0,0,0,29,22,55,32,22,0,82,83,43,52,59,66,0,18,0,22,0,0,53,31,0,0,0,0,0,0,0,0,0,26,38,0,42,0
l12,1=0,0,0,0,0,0,0,0,7,11,0,66,0,74,72,48,61,75,0,0,14,33,29,56,89,48,0,0,0,0,0,0,0,20,0,0,0,0,31,0
l13,1=0,7,4,0,18,0,27,0,70,45,31,77,78,0,37,12,56,34,0,15,26,34,37,43,36,36,0,0,0,0,0,0,0,0,0,0,0,0,34,0
l14,1=0,0,0,0,2,0,0,0,45,27,0,45,90,61,0,20,65,32,0,0,43,39,0,58,69,63,0,0,0,0,0,0,0,0,0,0,1,0,0,0
l15,1=0,0,0,0,0,0,0,1,60,31,20,87,88,35,33,0,36,38,0,0,15,0,32,31,81,0,0,0,0,0,0,0,0,0,0,0,29,0,0,0
l16,1=0,0,0,0,0,0,8,0,43,4,0,33,51,49,36,9,0,36,0,10,48,51,55,26,51,34,0,0,0,0,0,0,4,30,0,42,31,0,21,31
l17,1=0,0,0,0,0,0,0,0,38,9,0,62,93,59,34,29,70,0,0,0,20,30,43,27,46,38,0,0,0,0,0,0,0,41,0,0,32,0,0,0
l18,1=0,0,0,0,0,0,0,0,0,0,0,0,0,0,0,0,0,0,0,23,57,44,59,0,0,0,0,0,0,0,0,0,0,0,0,0,0,0,0,0
l19,1=0,0,0,0,0,0,0,0,0,0,0,21,0,32,0,0,32,0,15,0,66,30,75,0,0,0,0,0,0,3,0,37,0,0,0,25,32,0,28,65
l20,1=0,0,0,0,0,0,0,0,0,0,0,0,22,40,21,8,54,14,25,49,0,72,75,0,0,0,0,0,0,0,0,0,0,0,0,32,61,29,47,64
l21,1=0,0,0,0,0,0,0,0,43,19,2,13,34,43,23,0,54,14,21,20,68,0,71,0,0,0,25,0,0,0,0,25,32,0,0,58,26,22,43,62
l22,1=0,0,0,0,0,0,0,0,28,17,0,0,20,38,0,11,54,19,21,56,71,72,0,0,25,0,38,0,0,2,0,1,26,0,0,20,63,23,44,64
l23,1=0,0,0,0,0,0,0,0,0,0,0,0,58,58,58,18,47,17,0,0,0,0,0,0,77,56,0,0,0,0,0,0,4,0,51,0,0,0,0,0
l24,1=0,0,0,0,0,0,0,0,25,0,0,35,85,58,44,24,58,33,0,0,0,0,29,59,0,62,0,0,0,0,0,0,46,45,32,0,1,0,0,0
l25,1=0,0,0,0,0,0,0,0,0,0,0,3,54,49,63,0,39,25,0,0,0,0,0,42,66,0,47,0,22,2,0,42,0,50,43,0,0,0,0,0
l26,1=0,0,0,0,0,0,0,0,0,0,0,0,0,0,0,0,0,0,0,0,0,2,48,0,0,36,0,64,76,72,80,68,81,67,50,0,0,0,0,0
l27,1=0,0,0,0,0,0,0,0,0,0,0,0,0,0,0,0,0,0,0,0,0,0,0,0,0,0,69,0,78,82,91,54,71,53,60,0,0,0,0,0
l28,1=0,0,0,0,0,0,0,0,0,0,0,0,0,0,0,0,0,0,0,0,13,0,0,0,0,23,88,73,0,85,90,68,55,52,55,0,0,0,0,0
l29,1=0,0,0,0,0,0,0,0,0,0,0,0,0,0,0,0,0,0,0,19,0,0,10,0,0,2,79,70,78,0,88,54,61,32,37,0,0,0,0,0
l30,1=0,0,0,0,0,0,0,0,0,0,0,0,0,0,0,0,0,0,0,0,0,0,0,0,0,0,70,79,78,81,0,51,61,59,0,0,0,0,0,0
l31,1=0,0,0,0,0,0,0,0,0,0,0,0,0,0,0,0,0,0,0,26,0,31,10,0,0,38,75,32,66,51,49,0,79,63,74,0,0,0,0,0
l32,1=0,0,0,0,0,0,0,0,0,0,0,0,0,0,0,0,19,0,0,0,0,16,34,11,45,0,73,39,54,55,59,65,0,66,83,0,0,0,0,0
l33,1=0,0,0,0,0,0,0,0,0,0,0,0,7,0,2,0,45,45,0,0,0,0,0,0,56,52,61,39,59,29,59,61,73,0,62,0,0,0,0,0
l34,1=0,0,0,0,0,0,0,0,0,0,0,0,0,0,0,0,0,0,0,0,30,0,0,43,43,42,52,34,65,35,0,67,88,62,0,0,0,0,0,0
l35,1=0,0,0,0,0,0,0,0,0,0,0,10,0,0,0,0,49,0,0,10,16,60,36,0,0,0,0,0,0,0,0,0,0,0,0,0,46,30,52,17
l36,1=0,0,0,0,0,0,0,0,0,0,0,29,0,0,2,10,36,23,0,13,63,29,62,0,1,0,0,0,0,0,0,0,0,0,0,61,0,30,55,63
l37,1=0,0,0,0,0,0,0,0,0,0,0,0,0,0,0,0,0,0,0,0,54,45,52,0,0,0,0,0,0,0,0,0,0,0,0,64,46,0,49,70
l38,1=0,0,0,0,0,0,0,0,10,0,0,32,33,37,0,0,32,0,0,22,68,56,61,0,0,0,0,0,0,0,0,0,0,0,0,76,74,30,0,64
l39,1=0,0,0,0,0,0,0,0,0,0,0,0,0,0,0,0,45,0,0,34,65,54,66,0,0,0,0,0,0,0,0,0,0,0,0,21,41,31,43,0

l0,2=0,72,70,65,80,62,63,0,0,48,28,0,0,0,0,0,0,0,0,0,0,0,0,0,0,0,0,0,0,0,0,0,0,0,0,0,0,0,0,0
l1,2=73,0,64,70,50,68,66,29,32,50,60,0,0,0,0,0,0,0,0,0,0,0,0,0,0,0,0,0,0,0,0,0,0,0,0,0,0,0,0,0
l2,2=68,68,0,57,85,70,73,70,0,61,57,0,0,3,0,0,0,0,0,0,0,0,0,0,0,0,0,0,0,0,0,0,0,0,0,0,0,0,0,0
l3,2=75,83,68,0,80,67,3,10,0,0,10,0,0,0,0,0,0,0,0,0,0,0,0,0,0,0,0,0,0,0,0,0,0,0,0,0,0,0,0,0
l4,2=66,36,70,55,0,62,57,49,38,57,56,0,0,0,0,0,0,0,0,0,0,0,0,0,0,0,0,0,0,0,0,0,0,0,0,0,0,0,0,0
l5,2=54,76,75,57,76,0,59,64,49,53,53,0,0,18,0,0,0,0,0,0,0,0,0,0,0,0,0,0,0,0,0,0,0,0,0,0,0,0,0,0
l6,2=39,64,74,0,53,53,0,54,26,48,56,18,24,18,0,16,0,0,0,0,0,0,0,0,0,0,0,0,0,0,0,0,0,0,0,0,0,0,0,0
l7,2=6,19,62,30,47,58,55,0,55,56,68,18,0,26,0,27,1,0,0,0,0,0,0,0,0,0,0,0,0,0,0,0,0,0,0,0,0,0,0,0
l8,2=0,18,0,0,31,32,23,64,0,64,54,29,0,51,0,42,28,14,0,0,0,20,10,0,18,7,0,0,0,0,0,0,0,0,0,0,0,0,7,0
l9,2=18,30,61,0,62,37,29,61,58,0,66,23,24,48,2,22,0,13,0,0,2,13,0,0,0,0,0,0,0,0,0,0,0,0,0,0,0,0,0,0
l10,2=7,62,57,29,48,55,62,76,51,61,0,23,0,40,0,21,0,1,0,0,0,0,0,10,0,0,0,0,0,0,0,0,0,0,0,0,0,0,0,0
l11,2=0,0,0,0,0,0,23,25,34,31,29,0,80,61,61,56,29,76,0,33,2,36,24,30,0,25,0,0,0,0,0,0,0,0,0,2,37,0,30,5
l12,2=0,0,0,0,0,0,19,0,0,31,0,51,0,51,71,51,40,76,0,0,0,30,27,62,88,62,0,0,0,0,0,0,0,0,0,0,14,0,20,0
l13,2=0,0,0,0,0,0,6,32,54,50,32,49,33,0,22,35,29,16,2,32,30,23,13,27,25,0,0,0,0,0,0,0,0,0,0,0,0,0,11,0
l14,2=0,0,0,0,0,0,0,0,0,8,0,40,80,40,0,30,43,25,0,0,26,2,0,66,71,55,0,0,0,0,0,0,0,34,1,0,0,0,37,0
l15,2=0,0,0,0,0,0,20,34,45,34,26,72,74,47,19,0,7,52,0,17,35,0,0,0,67,0,0,0,0,0,0,0,0,0,0,0,25,0,9,0
l16,2=0,0,0,0,0,0,0,0,28,0,0,34,44,25,49,2,0,35,0,35,54,50,50,29,50,38,0,0,0,0,0,0,2,28,0,33,45,31,46,35
l17,2=0,0,0,0,0,0,0,0,30,30,0,59,80,43,42,50,50,0,0,3,33,41,24,28,74,35,0,0,0,0,0,0,0,31,0,0,42,0,38,0
l18,2=0,0,0,0,0,0,0,0,0,0,0,0,0,2,0,0,0,0,0,44,45,42,48,0,0,0,0,0,0,0,0,0,0,0,0,0,0,0,0,0
l19,2=0,0,0,0,0,0,0,0,0,0,0,17,1,21,0,0,28,6,33,0,64,40,66,0,0,0,0,0,1,31,0,28,0,0,0,0,49,0,53,63
l20,2=0,0,0,0,0,0,0,0,0,0,0,0,0,20,2,32,43,13,33,67,0,65,61,0,10,0,0,0,0,0,0,0,0,0,25,43,60,58,63,63
l21,2=0,0,0,0,0,0,0,0,36,22,0,26,29,28,1,0,43,14,35,38,76,0,65,0,1,0,0,0,0,0,0,0,0,27,0,32,60,49,64,51
l22,2=0,0,0,0,0,0,0,0,25,0,0,15,33,24,0,0,45,13,43,77,70,68,0,0,0,0,0,0,0,21,0,0,0,0,0,48,59,60,49,64
l23,2=0,0,0,0,0,0,0,0,0,0,1,33,70,41,66,0,28,19,0,0,0,0,0,0,75,58,0,0,0,0,0,0,0,0,28,0,0,0,0,0
l24,2=0,0,0,0,0,0,0,0,35,0,0,0,73,50,57,43,40,55,0,0,34,1,0,74,0,62,0,0,0,0,0,0,18,36,31,0,36,0,0,0
l25,2=0,0,0,0,0,0,0,0,4,0,0,27,70,22,51,0,32,26,0,0,0,0,0,49,67,0,28,0,0,0,0,39,52,55,48,0,0,0,0,0
l26,2=0,0,0,0,0,0,0,0,0,0,0,0,0,0,0,0,0,0,0,0,4,0,0,0,0,37,0,14,86,81,84,57,74,69,58,0,0,0,0,0
l27,2=0,0,0,0,0,0,0,0,0,0,0,0,0,0,0,0,0,0,0,0,0,0,0,0,0,0,29,0,85,82,91,57,78,64,62,0,0,0,0,0
l28,2=0,0,0,0,0,0,0,0,0,0,0,0,0,0,0,0,0,0,0,41,3,0,0,0,0,0,79,84,0,84,89,57,51,71,56,0,0,0,0,0
l29,2=0,0,0,0,0,0,0,0,0,0,0,0,0,0,0,0,0,0,0,43,0,0,34,0,0,0,68,82,86,0,82,52,70,0,21,0,0,0,0,0
l30,2=0,0,0,0,0,0,0,0,0,0,0,0,0,0,0,0,0,0,0,0,0,0,0,0,0,0,68,87,84,81,0,43,72,74,54,0,0,0,0,0
l31,2=0,0,0,0,0,0,0,0,0,0,0,0,0,0,0,0,0,0,0,47,0,0,0,2,0,53,67,51,73,58,40,0,81,76,67,0,0,0,0,0
l32,2=0,0,0,0,0,0,0,0,0,0,0,0,0,0,0,0,5,0,0,0,0,0,0,0,38,43,51,35,47,57,50,57,0,75,83,0,0,0,0,0
l33,2=0,0,0,0,0,0,0,0,0,0,0,0,0,0,25,0,28,19,0,0,0,24,0,0,53,57,49,23,60,0,53,47,70,0,61,0,0,0,0,0
l34,2=0,0,0,0,0,0,0,0,0,0,0,0,2,0,8,0,17,0,0,0,46,1,0,35,41,44,52,32,50,22,38,56,85,74,0,0,0,0,0,0
l35,2=0,0,0,0,0,0,0,0,0,0,0,0,0,0,0,0,35,0,0,0,46,0,44,0,0,0,0,0,0,0,0,0,0,0,0,0,62,69,70,52
l36,2=0,0,0,0,0,0,0,0,0,0,0,27,14,0,0,9,41,19,0,60,64,64,55,0,6,0,0,0,0,0,0,0,0,0,0,56,0,77,70,63
l37,2=0,0,0,0,0,0,0,0,0,0,0,0,0,0,0,0,17,0,0,0,49,40,40,0,0,0,0,0,0,0,0,0,0,0,0,54,62,0,70,68
l38,2=0,0,0,0,0,0,0,0,12,0,0,14,19,31,19,15,35,14,0,42,71,47,27,0,0,0,0,0,0,0,0,0,0,0,0,58,63,74,0,67
l39,2=0,0,0,0,0,0,0,0,0,0,0,0,0,0,0,0,37,0,0,59,62,48,51,0,0,0,0,0,0,0,0,0,0,0,0,42,52,68,59,0

l0,3=0,84,80,77,85,81,78,43,0,79,0,0,0,0,0,0,0,0,0,0,0,0,0,0,0,0,0,0,0,0,0,0,0,0,0,0,0,0,0,0
l1,3=81,0,80,83,84,87,86,65,69,76,62,0,0,0,0,0,0,0,0,0,0,0,0,0,0,0,0,0,0,0,0,0,0,0,0,0,0,0,0,0
l2,3=79,79,0,80,89,93,92,80,66,80,76,0,0,55,0,0,0,0,0,0,0,0,0,0,0,0,0,0,0,0,0,0,0,0,0,0,0,0,0,0
l3,3=79,84,76,0,84,79,78,0,16,0,37,0,0,0,0,0,0,0,0,0,0,0,0,0,0,0,0,0,0,0,0,0,0,0,0,0,0,0,0,0
l4,3=80,77,83,77,0,84,35,20,30,80,18,0,0,0,0,0,0,0,0,0,0,0,0,0,0,0,0,0,0,0,0,0,0,0,0,0,0,0,0,0
l5,3=79,82,91,76,90,0,72,70,55,45,68,21,0,39,1,2,0,0,0,0,0,0,0,0,0,0,0,0,0,0,0,0,0,0,0,0,0,0,0,0
l6,3=56,72,90,45,56,73,0,69,65,76,77,44,39,31,0,19,28,0,0,0,0,0,0,0,0,0,0,0,0,0,0,0,0,0,0,0,0,0,0,0
l7,3=42,27,66,0,43,73,73,0,72,82,93,0,0,60,0,55,10,0,0,0,0,0,0,0,0,0,0,0,0,0,0,0,0,0,0,0,0,0,0,0
l8,3=0,12,11,11,23,29,33,78,0,91,78,39,7,82,0,83,33,27,0,0,0,7,4,10,19,0,0,0,0,0,0,0,0,0,0,0,0,0,0,0
l9,3=20,12,27,0,39,25,28,84,87,0,94,25,17,88,18,29,6,0,0,0,12,0,0,0,0,0,0,0,0,0,0,0,0,0,0,0,0,0,0,0
l10,3=0,21,77,11,23,76,84,84,83,95,0,22,3,82,7,7,0,0,0,0,0,0,0,0,1,0,0,0,0,0,0,0,0,0,0,0,0,0,1,0
l11,3=0,0,0,0,0,28,27,0,74,41,31,0,85,89,83,93,29,80,0,17,11,21,18,26,65,22,0,0,0,0,0,0,0,0,0,1,31,0,42,0
l12,3=0,0,0,0,0,0,27,0,4,32,0,89,0,45,95,90,35,95,0,26,19,26,16,67,88,83,0,0,0,0,0,0,0,31,0,26,13,0,37,0
l13,3=0,0,15,0,0,30,36,41,88,89,77,87,71,0,24,84,49,65,7,15,11,6,14,49,20,31,0,0,0,0,0,0,0,0,0,0,0,0,50,0
l14,3=0,0,0,0,0,0,0,0,12,38,0,88,92,38,0,31,77,19,0,0,26,4,0,83,87,32,0,0,0,0,0,0,0,33,0,0,11,0,38,0
l15,3=0,0,0,0,0,0,58,65,80,81,8,94,86,85,70,0,69,70,0,17,73,5,0,53,79,0,0,0,0,0,0,0,0,0,0,0,0,0,65,24
l16,3=0,0,0,0,0,0,25,0,35,3,0,20,39,39,77,35,0,68,15,20,53,38,56,23,31,24,0,0,0,0,0,0,0,38,0,31,32,31,38,32
l17,3=0,0,0,0,0,0,0,0,69,0,0,91,92,81,26,79,87,0,0,3,30,50,37,22,79,0,0,0,0,0,0,0,0,42,0,1,64,1,37,27
l18,3=0,0,0,0,0,0,0,0,0,0,0,0,0,49,0,0,14,0,0,71,71,32,69,0,0,0,0,0,0,0,0,0,0,0,0,0,0,0,0,0
l19,3=0,0,0,0,0,0,0,0,0,0,0,5,45,45,0,7,39,5,52,0,86,80,91,0,0,0,0,0,4,51,0,47,0,0,0,16,82,0,85,0
l20,3=0,0,0,0,0,0,0,0,0,41,0,0,0,59,33,80,82,35,48,84,0,93,91,0,30,0,0,0,0,0,0,0,0,0,2,68,85,88,92,92
l21,3=0,0,0,0,0,0,0,0,78,19,0,61,55,68,6,35,83,59,45,78,93,0,91,0,0,0,0,0,0,0,0,0,0,45,0,23,84,88,91,87
l22,3=0,0,0,0,0,0,0,0,58,0,0,52,33,64,0,0,85,31,59,95,98,96,0,0,0,0,0,0,0,35,0,0,0,0,0,87,89,92,65,93
l23,3=0,0,0,0,0,0,0,0,11,0,0,31,72,41,90,29,21,21,0,0,0,0,0,0,87,78,0,0,0,0,0,2,0,0,0,0,0,0,0,0
l24,3=0,0,0,0,0,0,0,0,35,0,0,33,92,38,87,83,37,74,0,0,28,0,0,82,0,80,0,0,0,0,0,0,0,42,0,0,21,0,31,0
l25,3=0,0,0,0,0,0,0,0,0,0,0,28,84,35,85,0,26,5,0,0,0,0,0,77,75,0,11,0,0,1,0,29,53,85,72,0,0,0,0,0
l26,3=0,0,0,0,0,0,0,0,0,0,0,0,0,0,0,0,0,0,0,0,0,0,0,0,0,16,0,75,99,90,96,93,87,63,81,0,0,0,0,0
l27,3=0,0,0,0,0,0,0,0,0,0,0,0,0,0,0,0,0,0,0,0,0,0,0,0,0,0,89,0,99,94,100,92,86,0,2,0,0,0,0,0
l28,3=0,0,0,0,0,0,0,0,0,0,0,0,0,0,0,0,0,0,0,46,9,0,0,0,0,0,95,99,0,94,94,89,82,87,79,0,0,0,0,0
l29,3=0,0,0,0,0,0,0,0,0,0,0,0,0,0,0,0,0,0,0,64,0,0,58,0,0,0,95,100,99,0,92,72,70,60,56,0,0,0,0,0
l30,3=0,0,0,0,0,0,0,0,0,0,0,0,0,0,0,0,0,0,0,0,0,0,0,0,0,0,89,100,90,92,0,67,84,68,0,0,0,0,0,0
l31,3=0,0,0,0,0,0,0,0,0,0,0,0,0,0,0,0,0,0,0,63,0,0,0,26,0,51,94,80,89,72,65,0,94,93,97,0,0,0,0,0
l32,3=0,0,0,0,0,0,0,0,0,0,0,0,40,0,0,0,0,0,0,0,0,0,0,0,0,72,84,80,80,78,85,96,0,92,98,0,0,0,0,0
l33,3=0,0,0,0,0,0,0,0,0,0,0,0,15,0,36,0,64,32,0,0,0,27,0,0,65,83,47,0,85,58,58,90,88,0,91,0,0,0,0,0
l34,3=0,0,0,0,0,0,0,0,0,0,0,0,0,0,33,0,0,0,0,0,47,0,0,13,0,81,82,23,81,72,29,93,95,93,0,0,0,0,0,0
l35,3=0,0,0,0,0,0,0,0,0,0,0,0,20,0,0,0,43,2,0,0,69,28,60,0,0,0,0,0,0,0,0,0,0,0,0,0,87,90,90,90
l36,3=0,0,0,0,0,0,0,0,0,0,0,50,19,0,0,0,66,48,0,71,79,75,64,0,11,0,0,0,0,0,0,0,0,0,0,86,0,91,92,18
l37,3=0,0,0,0,0,0,0,0,0,0,0,0,0,0,0,0,59,0,0,0,77,69,73,0,0,0,0,0,0,0,0,0,0,0,0,85,90,0,86,90
l38,3=0,0,0,0,0,0,0,0,0,0,0,56,63,70,72,66,61,41,0,63,86,72,51,0,31,0,0,0,0,0,0,0,0,0,0,89,90,86,0,93
l39,3=0,0,0,0,0,0,0,0,0,0,0,0,0,0,0,0,48,3,0,6,84,47,77,0,0,0,0,0,0,0,0,0,0,0,0,84,34,92,92,0

l0,4=0,90,56,81,86,76,76,68,19,80,58,0,0,0,0,0,0,0,0,0,0,0,0,0,0,0,0,0,0,0,0,0,0,0,0,0,0,0,0,0
l1,4=87,0,73,77,88,80,84,62,65,82,77,0,0,0,0,0,0,0,0,0,0,0,0,42,0,0,0,0,0,0,0,0,0,0,0,0,0,0,0,0
l2,4=80,86,0,68,87,92,85,80,59,82,81,0,0,76,0,0,0,0,0,0,0,0,0,0,0,0,0,0,0,0,0,0,0,0,0,0,0,0,0,0
l3,4=92,92,68,0,92,86,64,0,50,0,67,0,0,0,0,0,0,0,0,0,0,0,0,0,0,0,0,0,0,0,0,0,0,0,0,0,0,0,0,0
l4,4=86,85,75,76,0,81,78,74,59,80,58,0,0,65,0,0,0,0,0,0,0,0,0,0,0,0,0,0,0,0,0,0,0,0,0,0,0,0,0,0
l5,4=81,83,81,70,90,0,71,81,60,82,79,0,0,48,0,63,0,0,0,0,0,0,0,0,0,0,0,0,0,0,0,0,0,0,0,0,0,0,0,0
l6,4=80,87,77,63,81,74,0,84,58,84,89,72,70,0,1,70,75,0,0,0,0,0,0,0,0,0,0,0,0,0,0,0,0,0,0,0,0,0,0,0
l7,4=80,69,71,11,78,84,82,0,67,90,91,73,0,72,0,75,0,0,0,0,0,0,0,0,0,0,0,0,0,0,0,0,0,0,0,0,0,0,0,0
l8,4=0,63,3,58,69,63,55,75,0,84,71,72,74,81,49,73,73,75,0,0,16,80,59,0,54,0,0,0,0,0,0,0,0,0,0,0,0,0,0,0
l9,4=73,65,63,0,75,68,68,77,70,0,93,73,0,81,15,41,0,76,0,0,73,0,61,0,0,0,0,0,0,0,0,0,0,0,0,0,0,0,0,0
l10,4=1,68,74,64,69,81,79,87,67,91,0,74,75,80,63,72,0,56,0,0,0,0,0,45,0,0,0,0,0,0,0,0,0,0,0,0,0,0,0,0
l11,4=0,0,0,0,0,0,68,65,59,75,73,0,86,80,74,92,77,84,0,8,33,81,69,68,60,62,0,0,0,0,0,0,0,0,0,0,54,2,77,0
l12,4=0,0,0,0,0,0,19,0,57,0,69,86,0,81,90,82,85,94,0,43,62,0,0,76,86,81,0,0,0,0,0,0,58,65,0,0,53,0,80,0
l13,4=0,0,62,0,67,0,0,34,63,78,72,77,82,0,68,78,77,82,0,22,57,0,73,69,76,68,0,0,0,0,0,0,0,0,0,0,0,0,72,0
l14,4=0,0,0,0,0,0,0,0,49,23,64,84,90,78,0,40,80,78,0,0,80,3,0,83,90,76,0,0,0,0,0,15,0,72,70,0,20,0,77,0
l15,4=0,0,0,0,0,56,58,69,61,61,68,92,86,83,16,0,76,76,0,0,78,79,3,67,83,54,0,0,0,0,0,0,0,0,0,0,54,13,74,0
l16,4=0,0,0,0,0,0,57,0,56,0,0,82,91,83,76,80,0,94,55,57,89,88,82,58,79,71,0,0,0,0,0,0,0,0,0,74,54,50,88,68
l17,4=0,0,0,0,0,0,0,0,56,78,11,90,96,85,71,77,94,0,0,3,81,83,78,58,92,61,0,0,0,0,0,0,0,0,0,65,63,0,73,71
l18,4=0,0,0,0,0,0,0,0,0,0,0,0,0,0,0,0,77,0,0,79,30,94,86,0,0,0,0,0,0,0,0,0,0,0,0,0,0,0,0,0
l19,4=0,0,0,0,0,0,0,0,0,0,0,0,61,34,0,0,71,0,78,0,96,98,95,0,0,0,17,0,1,73,0,0,0,0,0,13,60,0,81,75
l20,4=0,0,0,0,0,0,0,0,12,67,0,0,66,74,56,72,77,70,25,88,0,97,95,0,65,0,0,0,60,0,0,0,45,0,0,63,73,63,93,71
l21,4=0,0,0,0,0,0,0,0,51,0,0,73,0,61,9,73,83,72,73,87,96,0,94,0,27,0,0,0,0,0,0,0,0,50,0,10,60,53,86,89
l22,4=0,0,0,0,0,0,0,0,44,77,0,73,0,47,0,66,84,37,76,95,99,97,0,0,0,0,61,0,0,49,0,0,0,21,0,27,78,72,93,66
l23,4=0,0,0,0,0,0,0,0,0,0,0,76,84,82,89,75,71,35,0,0,0,0,0,0,90,89,0,0,0,0,0,0,0,72,72,0,0,0,0,0
l24,4=0,0,0,0,0,0,0,0,46,0,0,66,89,55,90,82,79,87,0,0,81,9,0,93,0,81,0,0,0,0,0,0,0,72,0,0,0,0,15,0
l25,4=0,0,0,0,2,0,0,0,0,0,0,48,96,71,89,39,74,57,0,0,0,0,0,94,94,0,0,0,0,60,0,61,80,88,83,0,0,0,0,0
l26,4=0,0,0,0,0,0,0,0,0,0,0,0,0,0,0,0,0,0,0,51,0,0,86,0,0,0,0,85,100,99,100,99,97,87,98,0,0,0,0,0
l27,4=0,0,0,0,0,0,0,0,0,0,0,0,0,0,0,0,0,0,0,0,0,0,0,0,0,0,100,0,100,99,100,90,87,0,77,0,0,0,0,0
l28,4=0,0,0,0,0,0,0,0,0,0,0,0,0,0,0,0,0,0,0,68,90,0,0,0,0,0,100,100,0,100,95,93,93,92,94,0,0,0,0,0
l29,4=0,0,0,0,0,0,0,0,0,0,0,0,0,0,0,0,0,0,0,83,0,0,72,0,0,71,100,100,100,0,99,86,85,85,92,0,0,0,0,0
l30,4=0,0,0,0,0,0,0,0,0,0,0,0,0,0,0,0,0,0,0,0,0,0,0,0,0,0,99,100,96,98,0,94,88,89,0,0,0,0,0,0
l31,4=0,0,0,0,0,0,0,0,0,0,0,0,0,0,12,0,0,0,0,0,0,0,0,0,0,75,100,85,89,90,98,0,99,98,100,0,0,0,0,0
l32,4=0,0,0,0,0,0,0,0,0,0,0,0,82,0,0,0,0,0,0,0,83,0,0,0,0,94,91,86,97,95,98,100,0,98,100,0,0,0,0,0
l33,4=0,0,0,0,0,0,0,0,0,0,0,0,73,0,72,0,0,0,0,0,0,48,10,75,84,93,59,0,90,80,80,99,99,0,100,0,0,0,0,0
l34,4=0,0,0,0,0,0,0,0,0,0,0,0,0,0,77,0,0,0,0,0,1,0,0,91,57,93,90,75,98,97,5,100,99,100,0,0,0,0,0,0
l35,4=0,0,0,0,0,0,0,0,0,0,0,0,20,0,0,0,70,49,0,52,58,36,27,0,0,0,0,0,0,0,0,0,0,0,0,0,69,74,85,81
l36,4=0,0,0,0,0,0,0,0,0,0,0,59,54,3,5,52,28,67,0,63,84,78,84,0,0,0,0,0,0,0,0,0,0,0,0,81,0,74,86,77
l37,4=0,0,0,0,0,0,0,0,0,0,0,0,0,0,0,13,47,0,0,0,82,72,79,0,0,0,0,0,0,0,0,0,0,0,0,81,72,0,82,77
l38,4=0,0,0,0,0,0,0,0,0,0,0,69,73,63,56,70,85,55,0,68,95,76,80,0,0,0,0,0,0,0,0,0,0,0,0,81,74,59,0,91
l39,4=0,0,0,0,0,0,0,0,0,0,0,0,0,0,0,0,63,47,0,71,83,84,52,0,0,0,0,0,0,0,0,0,0,0,0,78,69,75,90,0

l0,5=0,90,73,71,70,64,75,71,0,73,76,0,0,0,0,0,0,0,0,0,0,0,0,0,0,0,0,0,0,0,0,0,0,0,0,0,0,0,0,0
l1,5=87,0,87,72,86,83,86,0,0,77,74,0,18,0,0,0,0,0,0,0,0,0,0,0,0,0,0,0,0,0,0,0,0,0,0,0,0,0,0,0
l2,5=67,70,0,72,72,83,81,0,36,74,79,0,0,71,0,0,0,0,0,0,0,0,0,0,0,0,0,0,0,0,0,0,0,0,0,0,0,0,0,0
l3,5=56,65,82,0,86,77,14,0,18,72,24,0,0,0,0,0,0,0,0,0,0,0,0,0,0,0,0,0,0,0,0,0,0,0,0,0,0,0,0,0
l4,5=38,74,69,79,0,78,74,74,73,73,77,0,0,15,14,0,0,0,0,0,0,0,0,0,0,0,0,0,0,0,0,0,0,0,0,0,0,0,0,0
l5,5=67,70,89,72,86,0,74,76,70,75,79,53,0,71,0,0,0,0,0,0,0,0,0,0,0,0,0,0,0,0,0,0,0,0,0,0,0,0,0,0
l6,5=66,68,78,47,74,40,0,81,70,79,82,69,0,4,0,0,68,0,0,3,0,0,0,0,0,0,0,0,0,0,0,0,0,0,0,0,0,0,0,0
l7,5=66,12,0,19,71,67,76,0,75,73,85,69,0,3,0,70,0,0,0,0,0,0,0,0,0,0,0,0,0,0,0,0,0,0,0,0,0,0,0,0
l8,5=0,0,0,25,23,18,41,65,0,77,80,72,0,78,48,69,69,23,0,0,0,62,58,0,71,0,0,0,0,0,0,0,0,0,0,0,9,0,0,0
l9,5=37,61,74,68,37,67,75,73,80,0,84,70,1,72,5,69,17,34,0,0,59,0,64,0,58,0,0,0,0,0,0,0,0,0,0,0,0,0,59,0
l10,5=61,60,74,65,70,67,75,77,75,88,0,70,0,68,60,68,0,39,0,0,0,0,0,0,0,0,0,0,0,0,0,0,0,0,0,0,0,0,0,0
l11,5=0,0,0,0,0,13,30,36,44,46,45,0,83,72,74,87,71,26,0,0,33,49,37,48,56,46,0,0,0,0,0,0,0,0,0,0,22,25,67,0
l12,5=0,0,0,0,0,0,0,0,0,0,0,85,0,71,82,73,76,88,0,0,48,0,0,72,82,79,0,0,0,0,0,0,37,1,0,0,22,0,64,0
l13,5=0,0,4,0,0,19,0,0,79,78,42,74,69,0,65,79,65,41,0,25,50,0,54,60,52,9,0,0,0,0,0,0,0,0,0,16,7,0,0,0
l14,5=0,0,0,0,10,0,0,0,31,15,32,79,84,71,0,51,75,26,0,0,58,0,0,81,86,78,0,0,0,0,0,5,0,55,33,0,15,0,67,0
l15,5=0,0,0,0,0,0,0,39,38,39,34,85,75,85,51,0,64,21,0,0,50,57,45,53,77,54,0,0,0,0,0,0,0,0,0,0,22,0,64,49
l16,5=0,0,0,0,0,0,24,0,28,10,0,60,75,48,67,50,0,28,0,41,59,56,54,0,55,43,0,0,0,0,0,6,0,3,0,21,20,25,70,48
l17,5=0,0,0,0,0,0,0,0,33,36,30,81,84,79,77,66,79,0,0,0,72,54,36,36,80,59,0,0,0,0,0,0,0,0,0,9,25,15,0,2
l18,5=0,0,0,0,0,0,0,0,0,0,0,0,0,0,0,0,0,0,0,0,0,67,63,0,0,0,0,0,0,0,0,0,0,0,0,0,0,0,0,0
l19,5=0,0,0,0,0,0,0,0,0,0,0,0,0,25,0,0,49,0,0,0,77,65,83,0,0,0,20,0,0,19,0,0,0,0,0,17,43,0,5,30
l20,5=0,0,0,0,0,0,0,0,2,17,0,0,29,24,38,35,48,30,0,75,0,67,83,0,30,0,0,0,18,0,0,0,22,0,0,17,43,36,69,57
l21,5=0,0,0,0,0,0,0,0,29,1,0,37,13,0,0,48,53,8,35,74,73,0,73,0,23,0,0,0,0,0,0,0,0,0,0,41,47,24,52,62
l22,5=0,0,0,0,0,0,0,0,22,31,0,21,8,43,0,51,63,8,13,79,78,68,0,0,0,0,26,0,0,5,0,0,0,0,0,19,38,33,73,65
l23,5=0,0,0,0,0,0,0,0,32,1,0,69,73,64,74,65,0,31,0,0,0,0,0,0,84,79,0,0,0,0,0,0,0,65,58,0,0,0,0,0
l24,5=0,0,0,0,0,0,0,0,43,36,0,68,83,63,83,72,69,77,0,0,65,56,0,82,0,72,0,0,0,0,0,0,0,59,37,0,10,0,0,0
l25,5=0,0,0,0,0,0,0,0,16,0,0,60,80,57,75,59,55,20,0,0,0,0,0,80,81,0,0,0,0,28,0,0,66,70,50,0,0,0,0,0
l26,5=0,0,0,0,0,0,0,0,0,0,0,0,0,0,0,0,0,0,0,47,5,0,52,0,0,0,0,62,83,91,88,79,85,51,66,0,0,0,0,0
l27,5=0,0,0,0,0,0,0,0,0,0,0,0,0,0,0,0,0,0,0,0,0,0,0,0,0,0,76,0,80,84,92,69,74,0,0,0,0,0,0,0
l28,5=0,0,0,0,0,0,0,0,0,0,0,0,0,0,0,0,0,0,0,29,53,0,0,0,0,0,83,86,0,93,92,60,70,63,56,0,0,0,0,0
l29,5=0,0,0,0,0,0,0,0,0,0,0,0,0,0,0,0,0,0,0,53,0,0,19,0,0,37,83,83,83,0,90,48,61,55,51,0,0,0,0,0
l30,5=0,0,0,0,0,0,0,0,0,0,0,0,0,0,0,0,0,0,0,0,0,0,0,0,0,0,78,86,83,88,0,66,0,67,0,0,0,0,0,0
l31,5=0,0,0,0,0,0,0,0,0,0,0,0,0,0,3,0,19,0,0,0,0,0,0,0,0,0,77,61,69,42,66,0,87,70,79,0,0,0,0,0
l32,5=0,0,0,0,0,0,0,0,0,0,0,0,57,0,0,0,0,0,0,0,59,0,0,0,0,70,76,58,72,65,13,82,0,75,83,0,0,0,0,0
l33,5=0,0,0,0,0,0,0,0,0,0,0,0,36,10,64,0,17,0,0,0,0,0,0,67,70,71,63,0,70,63,69,66,74,0,70,0,0,0,0,0
l34,5=0,0,0,0,0,0,0,0,0,0,0,0,1,0,45,0,0,0,0,0,32,0,0,69,57,66,65,0,67,64,0,79,90,81,0,0,0,0,0,0
l35,5=0,0,0,0,0,0,0,0,0,0,0,0,3,18,0,0,35,1,0,4,38,28,25,0,0,0,0,0,0,0,0,0,0,0,0,0,22,9,39,45
l36,5=0,0,0,0,0,0,0,0,11,0,0,37,33,11,23,29,42,9,0,38,60,45,59,0,1,0,0,0,0,0,0,0,0,0,0,24,0,35,66,68
l37,5=0,0,0,0,0,0,0,0,0,0,0,11,0,0,0,0,35,0,0,0,52,10,38,0,0,0,0,0,0,0,0,0,0,0,0,4,59,0,56,52
l38,5=0,0,0,0,0,0,0,0,0,17,0,46,37,0,43,47,55,0,0,34,64,51,64,0,0,0,0,0,0,0,0,0,0,0,0,20,27,34,0,70
l39,5=0,0,0,0,0,0,0,0,0,0,0,0,0,0,0,11,36,0,0,17,49,50,43,0,0,0,0,0,0,0,0,0,0,0,0,21,41,23,67,0

l0,6=0,95,46,69,81,92,67,52,0,64,68,0,0,0,0,0,0,0,0,0,0,0,0,0,0,0,0,0,0,0,0,0,0,0,0,0,0,0,0,0
l1,6=88,0,70,67,85,89,77,57,26,73,55,0,0,0,0,0,0,0,0,0,0,0,0,11,0,0,0,0,0,0,0,0,0,0,0,0,0,0,0,0
l2,6=53,87,0,67,68,89,77,61,48,77,73,0,0,0,0,0,0,0,0,0,0,0,0,0,0,0,0,0,0,0,0,0,0,0,0,0,0,0,0,0
l3,6=84,87,68,0,90,89,65,0,0,56,0,0,0,0,0,0,0,0,0,0,0,0,0,0,0,0,0,0,0,0,0,0,0,0,0,0,0,0,0,0
l4,6=71,91,49,77,0,93,76,51,36,1,55,0,0,2,4,0,0,0,0,0,0,0,0,8,0,0,0,0,0,0,0,0,0,0,0,0,0,0,0,0
l5,6=79,78,64,65,79,0,73,75,55,73,73,0,0,7,0,0,0,0,0,0,0,0,0,0,0,0,0,0,0,0,0,0,0,0,0,0,0,0,0,0
l6,6=49,70,60,37,59,54,0,75,28,73,73,55,0,0,0,0,48,0,0,0,0,0,1,0,0,0,0,0,0,0,0,0,0,0,0,0,0,0,0,0
l7,6=16,51,38,0,47,83,74,0,62,73,74,52,9,0,0,59,0,0,0,0,0,0,0,0,0,0,0,0,0,0,0,0,0,0,0,0,0,0,0,0
l8,6=0,8,23,0,50,46,39,54,0,73,73,65,49,83,30,58,56,51,0,0,43,40,49,0,38,16,0,0,0,0,0,0,0,0,0,0,0,0,0,0
l9,6=25,48,54,24,5,75,68,67,63,0,74,50,38,78,24,60,32,20,0,0,3,0,24,6,0,0,0,0,0,0,0,0,0,0,0,0,0,0,12,0
l10,6=40,30,52,15,46,62,74,79,62,82,0,58,0,52,0,58,39,0,0,0,0,0,0,0,0,0,0,0,0,0,0,0,0,0,0,0,0,0,0,0
l11,6=0,0,0,0,0,0,37,35,48,31,28,0,52,53,29,77,47,37,0,0,22,0,0,7,38,29,0,0,0,0,0,0,0,0,0,0,23,21,44,0
l12,6=0,0,0,0,0,0,0,0,34,24,0,58,0,38,64,66,63,53,0,0,20,27,2,31,72,59,0,0,0,0,0,0,0,26,7,0,7,0,33,0
l13,6=0,0,0,0,0,0,0,0,57,42,21,47,41,0,30,66,32,52,0,22,0,0,15,22,39,0,0,0,0,0,0,0,0,0,0,28,20,0,18,0
l14,6=0,0,0,0,3,0,0,0,36,26,0,39,58,41,0,38,37,30,0,0,38,0,4,55,57,54,0,0,0,0,0,0,0,28,0,0,17,0,42,0
l15,6=0,0,0,0,0,0,0,42,36,34,23,69,55,61,27,0,52,51,0,0,3,39,9,30,46,26,0,0,0,0,0,0,0,0,0,0,23,0,45,0
l16,6=0,0,0,0,0,0,30,0,34,4,12,40,55,19,18,26,0,51,29,27,29,34,24,3,28,26,0,0,0,0,0,0,0,0,0,24,16,21,48,38
l17,6=0,0,0,0,0,0,0,0,40,4,0,41,55,55,31,59,64,0,0,0,54,31,3,3,49,8,0,0,0,0,0,0,0,5,0,15,21,10,43,0
l18,6=0,0,0,0,0,0,0,0,0,0,0,0,0,0,0,0,39,0,0,46,0,40,0,0,0,0,0,0,0,0,0,0,0,0,0,0,0,0,0,0
l19,6=0,0,0,0,0,0,0,0,0,0,0,0,0,34,0,0,37,0,37,0,59,45,58,0,0,0,2,0,0,0,20,18,0,0,0,4,36,0,36,41
l20,6=0,0,0,0,0,0,0,0,31,0,0,1,21,0,19,0,33,37,0,56,0,64,60,0,25,0,10,0,11,0,0,0,0,4,0,16,34,32,50,45
l21,6=0,0,0,0,0,0,0,0,33,0,0,0,26,0,0,40,46,32,36,53,60,0,58,0,0,0,0,0,0,0,0,0,0,0,0,41,26,34,41,44
l22,6=0,0,0,0,0,0,0,0,33,20,0,0,23,37,5,31,40,28,0,57,62,58,0,0,0,0,15,0,0,16,0,0,0,0,0,31,53,26,45,48
l23,6=0,0,0,0,0,0,0,0,0,17,0,26,38,35,52,42,40,0,0,0,0,0,0,0,71,60,0,0,0,0,0,14,2,51,45,0,0,0,0,0
l24,6=0,0,0,0,0,0,0,0,36,0,0,46,67,42,58,44,45,30,0,0,35,0,0,66,0,51,0,0,0,0,0,0,0,51,21,0,0,0,40,0
l25,6=0,0,0,0,0,0,0,0,25,0,0,24,48,0,54,21,32,14,0,0,0,0,0,62,60,0,0,0,0,0,0,0,28,48,1,0,0,0,0,0
l26,6=0,0,0,0,0,0,0,0,0,0,0,0,0,0,0,0,0,0,0,0,26,0,27,0,0,0,0,44,79,80,75,61,71,41,43,0,0,0,0,0
l27,6=0,0,0,0,0,0,0,0,0,0,0,0,0,0,0,0,0,0,0,0,0,0,0,0,0,0,60,0,79,83,86,45,41,0,0,0,0,0,0,0
l28,6=0,0,0,0,0,0,0,0,0,0,0,0,0,0,0,0,0,0,0,19,31,0,0,0,0,0,66,79,0,87,85,55,60,66,55,0,0,0,0,0
l29,6=0,0,0,0,0,0,0,0,0,0,0,0,0,0,0,0,0,0,0,0,0,0,13,0,0,0,65,73,79,0,31,32,43,50,28,0,0,0,0,0
l30,6=0,0,0,0,0,0,0,0,0,0,0,0,0,0,0,0,0,0,0,0,0,0,0,0,0,0,63,85,79,16,0,41,0,0,32,0,0,0,0,0
l31,6=0,0,0,0,0,0,0,0,0,0,0,0,0,0,0,0,0,0,0,20,0,0,0,21,0,0,66,33,52,43,40,0,82,79,77,0,0,0,0,0
l32,6=0,0,0,0,0,0,0,0,0,0,0,0,0,0,0,0,0,0,0,0,0,0,0,16,0,33,60,31,56,54,0,67,0,75,84,0,0,0,0,0
l33,6=0,0,0,0,0,0,0,0,0,0,0,0,32,0,43,0,11,5,0,0,15,0,0,46,48,50,42,0,55,56,27,62,81,0,71,0,0,0,0,0
l34,6=0,0,0,0,0,0,0,0,0,0,0,0,21,0,0,0,0,0,0,0,0,0,0,38,26,5,41,0,49,50,40,65,90,76,0,0,0,0,0,0
l35,6=0,0,0,0,0,0,0,0,0,0,0,0,0,16,0,0,40,0,0,1,7,45,24,0,0,0,0,0,0,0,0,0,0,0,0,0,28,49,45,49
l36,6=0,0,0,0,0,0,0,0,0,0,0,16,10,13,5,17,36,19,0,30,42,41,32,0,0,0,0,0,0,0,0,0,0,0,0,38,0,49,52,56
l37,6=0,0,0,0,0,0,0,0,0,0,0,7,0,0,0,0,25,0,0,0,37,31,7,0,0,0,0,0,0,0,0,0,0,0,0,45,55,0,37,38
l38,6=0,0,0,0,0,0,0,0,0,0,0,31,21,21,13,36,45,30,0,28,50,36,31,0,17,0,0,0,0,0,0,0,0,0,0,40,50,35,0,53
l39,6=0,0,0,0,0,0,0,0,0,0,0,0,0,0,0,0,37,0,0,43,42,41,29,0,0,0,0,0,0,0,0,0,0,0,0,38,53,35,47,0

l0,7=0,98,88,98,95,95,72,15,50,66,78,0,0,0,0,0,0,0,0,0,0,0,0,0,0,0,0,0,0,0,0,0,0,0,0,0,0,0,0,0
l1,7=94,0,92,94,93,90,86,86,44,75,16,0,8,47,0,0,0,0,0,0,0,0,0,0,0,0,0,0,0,0,0,0,0,0,0,0,0,0,0,0
l2,7=88,93,0,94,27,89,86,79,56,81,80,0,0,0,0,0,0,0,0,0,0,0,0,0,0,0,0,0,0,0,0,0,0,0,0,0,0,0,0,0
l3,7=90,93,83,0,93,83,82,10,6,0,56,0,0,0,0,0,0,0,0,0,0,0,0,0,0,0,0,0,0,0,0,0,0,0,0,0,0,0,0,0
l4,7=91,97,0,98,0,92,91,79,73,0,80,0,0,53,0,0,0,0,0,0,0,0,0,0,0,0,0,0,0,0,0,0,0,0,0,0,0,0,0,0
l5,7=95,94,90,93,93,0,91,95,86,83,82,0,0,48,0,0,0,0,0,0,0,0,0,0,0,0,0,0,0,0,0,0,0,0,0,0,0,0,0,0
l6,7=54,91,92,78,92,53,0,94,0,82,79,26,0,51,0,0,27,0,0,0,0,0,0,0,0,0,0,0,0,0,0,0,0,0,0,0,0,0,0,0
l7,7=1,69,20,36,67,90,91,0,62,83,82,16,23,49,0,28,0,0,0,0,0,0,0,0,0,0,0,0,0,0,0,0,0,0,0,0,0,0,0,0
l8,7=30,26,44,18,28,37,0,73,0,81,82,77,61,80,19,29,47,59,0,0,0,0,41,0,0,0,0,0,0,0,0,0,0,0,0,0,0,0,0,0
l9,7=24,54,61,0,0,45,84,91,85,0,82,66,39,79,0,30,12,0,0,0,12,3,27,30,30,0,0,0,0,0,0,0,0,0,0,0,0,0,9,0
l10,7=44,16,34,48,70,70,70,91,83,81,0,61,0,28,0,40,31,21,0,0,0,0,0,0,0,0,0,0,0,0,0,0,0,0,0,0,0,0,0,0
l11,7=0,0,0,0,0,0,33,6,30,20,20,0,80,50,18,71,52,48,0,0,18,18,34,26,38,42,0,0,0,0,0,0,0,0,0,4,9,0,21,9
l12,7=0,0,0,0,0,0,0,0,21,11,0,74,0,36,25,34,60,66,0,0,21,24,0,65,88,79,0,0,0,0,0,0,0,25,0,0,0,0,0,0
l13,7=0,28,0,0,18,14,43,44,85,49,5,60,52,0,20,32,48,60,0,0,16,0,35,46,63,47,0,0,0,0,0,0,0,0,0,24,5,0,17,0
l14,7=0,0,0,0,0,0,0,0,23,5,0,47,65,43,0,12,49,63,0,0,25,34,39,61,47,58,0,0,0,0,0,0,0,20,0,0,0,0,12,0
l15,7=0,0,0,0,0,0,0,36,28,23,19,84,74,58,18,0,46,45,0,10,24,35,39,50,25,42,0,0,0,0,0,0,0,0,0,0,35,12,21,0
l16,7=0,0,0,0,0,0,34,0,16,1,9,51,61,35,16,8,0,56,30,0,28,40,49,41,43,35,0,0,0,0,0,1,18,0,0,39,42,13,19,1
l17,7=0,0,0,0,0,0,0,0,25,0,3,52,63,49,20,10,56,0,0,19,31,31,0,0,56,0,0,0,0,0,0,0,0,18,0,8,41,0,20,0
l18,7=0,0,0,0,0,0,0,0,0,0,0,0,0,0,0,0,49,0,0,24,38,16,0,0,0,0,0,0,0,0,0,0,0,0,0,0,0,0,0,0
l19,7=0,0,0,0,0,0,0,0,0,0,0,0,8,0,0,2,0,13,26,0,67,47,71,0,0,0,0,0,0,0,0,40,0,0,0,9,0,0,16,35
l20,7=0,0,0,0,0,0,0,0,0,7,0,5,35,11,12,5,43,41,25,54,0,62,75,0,15,0,1,0,1,7,0,0,0,0,0,53,58,5,59,22
l21,7=0,0,0,0,0,0,0,0,9,8,0,31,37,15,16,13,43,36,19,40,68,0,73,0,22,0,0,0,0,0,0,0,0,0,0,58,45,13,48,55
l22,7=0,0,0,0,0,0,0,0,16,9,0,25,5,26,11,8,41,0,0,56,71,64,0,0,0,0,0,0,0,0,0,16,0,0,0,46,65,0,56,56
l23,7=0,0,0,0,0,0,0,0,0,17,0,15,66,42,68,26,49,0,0,0,0,0,0,0,86,86,0,0,0,0,0,0,14,22,49,0,0,0,0,0
l24,7=0,0,0,0,0,0,0,0,0,14,0,50,87,47,19,4,53,60,0,0,21,6,0,76,0,67,0,0,0,0,0,0,0,29,30,0,0,0,0,0
l25,7=0,0,0,0,0,0,0,0,0,2,0,38,81,42,65,26,44,0,0,0,0,0,0,75,72,0,0,0,0,18,0,0,26,37,4,0,0,0,3,0
l26,7=0,0,0,0,0,0,0,0,0,0,0,0,0,0,0,0,0,0,0,0,12,0,0,0,0,0,0,69,87,74,79,70,69,58,55,0,0,0,0,0
l27,7=0,0,0,0,0,0,0,0,0,0,0,0,0,0,0,0,0,0,0,0,0,0,0,0,0,0,80,0,85,75,91,36,50,0,1,0,0,0,0,0
l28,7=0,0,0,0,0,0,0,0,0,0,0,0,0,0,0,0,0,0,0,1,33,0,0,0,0,0,84,80,0,78,85,69,46,66,42,0,0,0,0,0
l29,7=0,0,0,0,0,0,0,0,0,0,0,0,0,0,0,0,0,0,0,1,27,0,0,0,0,18,80,80,87,0,85,51,53,47,28,0,0,0,0,0
l30,7=0,0,0,0,0,0,0,0,0,0,0,0,0,0,0,0,0,0,0,0,0,0,0,0,0,0,76,86,85,75,0,52,54,39,50,0,0,0,0,0
l31,7=0,0,0,0,0,0,0,0,0,0,0,0,0,0,0,0,23,0,0,42,0,0,0,0,0,0,83,12,62,38,47,0,75,81,83,0,0,0,0,0
l32,7=0,0,0,0,0,0,0,0,0,0,0,0,0,0,0,0,37,0,0,0,0,0,0,41,0,48,75,40,48,47,51,76,0,79,85,0,0,0,0,0
l33,7=0,0,0,0,0,0,0,0,0,0,0,0,64,0,55,0,0,53,0,0,0,0,0,50,57,55,48,0,61,41,43,77,73,0,65,0,0,0,0,0
l34,7=0,0,0,0,0,0,0,0,0,0,0,0,34,0,0,0,0,0,0,0,4,0,0,58,43,22,43,5,24,25,40,75,77,36,0,0,0,0,0,0
l35,7=0,0,0,0,0,0,0,0,0,0,0,0,0,3,0,0,38,0,0,0,28,43,43,0,0,0,0,0,0,0,0,0,0,0,0,0,65,64,44,37
l36,7=0,0,0,0,0,0,0,0,0,0,0,0,0,0,0,2,42,29,0,0,28,36,53,0,0,0,0,0,0,0,0,0,0,0,0,64,0,53,57,57
l37,7=0,0,0,0,0,0,0,0,0,0,0,0,0,0,0,2,24,0,0,0,10,6,0,0,0,0,0,0,0,0,0,0,0,0,0,68,55,0,0,31
l38,7=0,0,0,0,0,0,0,0,0,5,0,52,0,37,10,9,44,46,0,15,47,42,52,0,0,0,0,0,0,0,0,0,0,0,0,63,66,0,0,30
l39,7=0,0,0,0,0,0,0,0,0,0,0,0,0,0,0,0,0,0,0,23,28,40,52,0,0,0,0,0,0,0,0,0,0,0,0,61,62,17,16,0

l0,8=0,99,100,95,94,97,93,91,0,97,91,0,0,13,0,0,0,0,0,0,0,0,0,0,0,0,0,0,0,0,0,0,0,0,0,0,0,0,0,0
l1,8=100,0,97,95,98,99,93,96,91,19,24,0,0,93,0,0,0,0,0,0,0,0,0,12,0,0,0,0,0,0,0,0,0,0,0,0,0,0,0,0
l2,8=97,98,0,82,47,96,93,92,83,77,47,4,0,0,0,3,0,0,0,0,0,0,0,0,0,0,0,0,0,0,0,0,0,0,0,0,0,0,0,0
l3,8=92,93,0,0,95,96,70,66,0,0,7,0,0,0,0,0,0,0,0,0,0,0,0,0,0,0,0,0,0,0,0,0,0,0,0,0,0,0,0,0
l4,8=82,98,24,95,0,97,93,87,90,80,87,0,0,75,0,0,0,0,0,0,0,0,0,0,3,0,0,0,0,0,0,0,0,0,0,0,0,0,0,0
l5,8=97,98,99,95,93,0,93,92,93,93,97,71,0,33,0,0,0,0,0,0,0,0,0,0,0,0,0,0,0,0,0,0,0,0,0,0,0,0,0,0
l6,8=84,80,92,82,87,94,0,89,74,93,58,0,0,0,0,22,58,0,0,0,0,0,0,0,0,0,0,0,0,0,0,0,0,0,0,0,0,0,0,0
l7,8=71,94,87,80,82,93,88,0,89,96,97,51,5,91,0,6,0,30,0,0,0,0,0,0,0,0,0,0,0,0,0,0,0,0,0,0,0,0,0,0
l8,8=1,56,1,0,85,91,69,87,0,97,92,88,3,91,64,88,0,80,0,34,0,0,78,0,6,0,0,0,0,0,0,0,0,0,0,0,0,0,0,0
l9,8=77,13,12,0,49,80,86,88,90,0,97,78,77,91,41,72,55,16,0,0,0,38,9,81,71,0,0,0,0,0,0,0,0,0,0,0,0,0,61,0
l10,8=69,0,52,0,75,93,79,89,90,97,0,78,0,83,0,86,15,3,0,0,1,0,0,0,0,0,0,0,0,0,0,0,0,0,0,0,0,0,0,0
l11,8=0,0,0,0,0,32,0,17,87,58,49,0,100,86,51,99,67,87,0,0,13,36,50,77,79,47,0,0,0,0,0,0,0,0,0,13,58,0,56,0
l12,8=0,0,0,0,0,0,0,0,0,26,0,91,0,17,75,60,67,95,0,0,0,0,0,93,96,91,0,0,0,0,0,0,0,7,0,30,45,0,45,0
l13,8=0,3,0,0,52,32,0,87,98,62,57,64,52,0,57,59,31,61,0,0,8,14,10,87,78,32,0,0,0,0,0,0,0,0,0,0,51,0,67,0
l14,8=0,0,0,0,0,0,0,0,61,37,0,56,100,71,0,53,52,94,0,0,32,39,47,88,83,46,0,0,0,0,0,0,0,0,0,0,51,0,0,0
l15,8=0,0,0,0,0,0,0,0,86,58,56,97,98,88,56,0,62,89,0,0,53,35,66,83,75,31,0,0,0,0,0,0,0,0,0,0,57,0,73,0
l16,8=0,0,0,0,0,0,28,0,0,23,2,70,97,11,48,35,0,92,30,44,60,37,68,68,83,19,0,0,0,0,0,35,8,0,10,21,60,48,50,56
l17,8=0,0,0,0,0,0,0,7,68,22,0,72,97,89,63,60,67,0,0,46,54,9,45,53,80,0,0,0,0,0,0,0,0,14,0,5,47,0,77,36
l18,8=0,0,0,0,0,0,0,0,0,0,0,0,0,0,0,0,76,0,0,75,80,58,0,0,0,0,0,0,0,0,0,0,0,0,0,0,1,0,0,0
l19,8=0,0,0,0,0,0,0,0,16,0,0,0,0,0,0,0,68,62,52,0,93,66,83,0,0,0,0,0,0,0,0,57,0,0,0,43,55,0,44,69
l20,8=0,0,0,0,0,0,0,0,0,2,0,38,30,15,23,38,54,54,45,90,0,91,88,0,48,0,12,0,0,25,0,0,0,6,6,39,71,67,77,59
l21,8=0,0,0,0,0,0,0,0,0,26,0,38,0,48,30,36,41,43,36,56,94,0,86,0,0,0,0,0,0,0,0,20,0,18,0,43,55,61,71,70
l22,8=0,0,0,0,0,0,0,0,45,16,0,17,0,3,23,36,50,48,0,86,95,90,0,0,0,0,0,0,0,48,0,0,0,0,0,50,68,36,68,54
l23,8=0,0,0,0,0,0,0,0,0,46,0,57,96,80,86,50,56,58,0,0,0,0,0,0,96,92,0,0,0,0,0,0,60,37,44,0,0,0,0,0
l24,8=0,0,0,11,0,0,0,0,0,45,0,61,100,75,83,50,77,74,0,0,40,0,0,93,0,90,0,0,0,0,0,23,0,34,33,0,27,0,0,0
l25,8=0,0,0,0,0,0,0,0,0,0,0,72,100,70,73,47,52,1,0,0,0,0,0,93,92,0,0,0,0,60,0,0,60,48,43,0,0,0,2,0
l26,8=0,0,0,0,0,0,0,0,0,0,0,0,0,0,0,0,0,0,0,0,51,0,0,0,0,0,0,91,88,94,90,90,86,79,76,0,0,0,0,0
l27,8=0,0,0,0,0,0,0,0,0,0,0,0,0,0,0,0,0,0,0,0,0,0,0,0,0,0,87,0,88,94,94,0,82,0,77,0,0,0,0,0
l28,8=0,0,0,0,0,0,0,0,0,0,0,0,0,0,0,0,0,0,0,0,57,3,23,0,0,0,92,93,0,94,94,90,66,85,67,0,0,0,0,0
l29,8=0,0,0,0,0,0,0,0,0,0,0,0,0,0,0,0,0,0,0,0,60,0,58,0,0,66,92,93,88,0,94,90,60,72,72,0,0,0,0,0
l30,8=0,0,0,0,0,0,0,0,0,0,0,0,0,0,0,0,0,0,0,0,0,0,0,0,0,0,86,93,88,94,0,82,82,74,0,0,0,0,0,0
l31,8=0,0,0,0,0,0,0,0,0,0,0,0,0,0,0,0,65,0,0,71,0,20,0,0,44,0,90,0,83,82,63,0,85,88,86,0,0,0,0,0
l32,8=0,0,0,0,0,0,0,0,0,0,0,0,0,0,0,0,34,0,0,0,0,0,0,80,0,72,90,74,68,70,66,90,0,92,92,0,0,0,0,0
l33,8=0,0,0,0,0,0,0,0,0,0,0,0,71,0,0,0,0,66,0,0,51,19,0,74,71,76,74,0,77,72,58,89,87,0,77,0,0,0,0,0
l34,8=0,0,0,0,0,0,0,0,0,0,0,0,70,0,0,0,70,0,0,0,57,10,0,80,80,72,69,73,72,70,0,90,91,84,0,0,0,0,0,0
l35,8=0,0,0,0,0,0,0,0,0,0,0,3,41,1,0,0,6,0,0,34,29,29,44,0,0,0,0,0,0,0,0,0,0,0,0,0,69,71,55,60
l36,8=0,0,0,0,0,0,0,0,0,0,0,31,43,36,17,12,33,25,0,28,40,27,55,0,11,0,0,0,0,0,0,0,0,0,0,58,0,65,75,62
l37,8=0,0,0,0,0,0,0,0,0,0,0,0,0,0,0,0,32,0,0,0,35,26,1,0,0,0,0,0,0,0,0,0,0,0,0,60,62,0,46,45
l38,8=0,0,0,0,0,0,0,0,0,23,0,32,47,53,4,39,33,52,0,0,52,37,61,0,0,0,0,0,0,0,0,0,0,0,0,50,74,60,0,56
l39,8=0,0,0,0,0,0,0,0,0,0,0,0,0,0,0,0,51,0,0,49,62,69,62,0,0,0,0,0,0,0,0,0,0,0,0,50,64,54,65,0

l0,9=0,98,98,94,94,96,100,91,2,100,96,0,0,0,0,0,0,0,0,0,0,0,0,0,0,0,0,0,0,0,0,0,0,0,0,0,0,0,0,0
l1,9=99,0,98,94,96,96,100,95,97,99,100,0,0,82,0,0,0,0,0,0,0,0,0,75,0,0,0,0,0,0,0,0,0,0,0,0,0,0,0,0
l2,9=95,98,0,94,96,96,100,94,30,21,20,0,68,0,0,0,0,0,0,0,0,0,0,0,0,0,0,0,0,0,0,0,0,0,0,0,0,0,0,0
l3,9=96,97,97,0,96,96,98,0,0,72,96,0,0,0,0,0,0,0,0,0,0,0,0,0,0,0,0,0,0,0,0,0,0,0,0,0,0,0,0,0
l4,9=93,98,95,94,0,96,100,89,97,92,0,0,2,10,81,0,0,0,0,0,0,0,0,0,0,0,0,0,0,0,0,0,0,0,0,0,0,0,0,0
l5,9=98,98,98,94,96,0,99,92,97,99,100,0,0,85,0,0,0,0,0,0,0,0,0,6,0,0,0,0,0,0,0,0,0,0,0,0,0,0,0,0
l6,9=92,96,99,87,93,93,0,95,54,99,97,0,0,82,0,2,32,0,0,0,0,0,0,0,0,0,0,0,0,0,0,0,0,0,0,0,0,0,0,0
l7,9=86,98,97,77,95,96,100,0,99,100,100,36,51,99,0,26,0,0,0,0,0,0,0,0,0,0,0,0,0,0,0,0,0,0,0,0,0,0,0,0
l8,9=0,92,42,44,92,88,72,60,0,100,96,97,72,95,4,36,35,74,0,30,0,0,82,0,0,0,0,0,0,0,0,0,0,0,0,0,0,0,0,0
l9,9=86,88,0,61,69,89,90,95,98,0,100,95,68,95,63,81,41,0,0,0,0,0,1,73,47,0,0,0,0,0,0,0,0,0,0,0,0,0,0,0
l10,9=78,92,0,81,0,94,100,95,94,100,0,0,63,87,0,93,33,63,0,0,0,0,0,55,0,0,0,0,0,0,0,0,0,0,0,0,0,0,0,0
l11,9=0,0,0,0,0,0,0,15,33,88,0,0,99,95,63,96,38,94,0,0,27,25,55,91,76,29,0,0,0,0,0,0,0,0,0,0,56,1,26,0
l12,9=0,0,0,0,0,0,0,0,6,77,14,100,0,88,89,61,67,99,0,0,9,0,0,100,93,99,0,0,0,0,0,0,0,0,0,0,70,0,30,0
l13,9=0,32,0,0,0,64,54,36,88,100,54,97,84,0,56,82,42,50,0,1,25,29,2,89,78,27,0,0,0,0,0,0,0,0,0,0,66,0,30,0
l14,9=0,0,0,0,73,0,0,0,0,88,0,79,98,84,0,37,43,94,0,0,26,32,83,99,99,32,0,0,0,0,0,0,0,79,16,0,68,0,0,0
l15,9=0,0,0,0,0,0,0,0,21,88,58,100,98,97,62,0,42,97,0,0,22,29,68,76,74,0,0,0,0,0,0,0,0,0,0,0,73,0,32,0
l16,9=0,0,0,0,0,0,5,0,18,80,41,74,98,85,61,36,0,89,62,48,34,25,85,91,80,25,0,0,0,0,0,2,0,75,81,42,71,58,32,24
l17,9=0,0,0,0,0,0,0,0,22,0,44,79,99,72,65,37,43,0,0,53,25,32,84,0,71,27,0,0,0,0,0,0,0,88,0,0,73,0,23,27
l18,9=0,0,0,0,0,0,0,0,0,2,0,0,0,0,0,0,61,0,0,0,56,74,0,0,0,0,0,0,0,0,0,0,0,0,0,0,9,0,0,0
l19,9=0,0,0,0,0,0,0,0,1,0,0,0,0,0,0,0,56,75,0,0,93,94,86,0,0,0,7,0,0,0,0,35,0,0,0,65,74,65,0,83
l20,9=0,0,0,0,0,0,0,0,0,0,0,56,50,51,34,24,91,26,34,92,0,96,92,0,59,0,20,0,0,0,0,0,0,0,60,12,81,77,89,91
l21,9=0,0,0,0,0,0,0,0,0,0,0,54,48,68,46,31,29,69,64,53,98,0,86,0,0,0,0,0,2,0,0,0,0,56,0,70,70,60,39,25
l22,9=0,0,0,0,0,0,0,0,18,16,0,32,0,1,44,22,50,71,0,88,99,94,0,0,0,0,0,0,2,67,0,49,0,0,0,80,79,61,81,14
l23,9=0,0,0,0,0,0,0,0,0,82,0,78,100,94,95,36,42,0,0,0,0,0,0,0,100,99,0,0,0,0,0,0,81,94,98,0,0,0,0,0
l24,9=0,0,0,0,0,0,0,0,0,74,0,77,99,92,98,37,93,88,0,0,31,0,0,100,0,60,0,0,0,0,0,0,0,90,89,0,64,0,0,0
l25,9=0,0,0,2,0,0,0,0,0,0,0,74,100,85,93,0,39,82,0,0,0,0,0,100,99,0,1,0,0,27,0,0,76,95,87,0,0,0,19,0
l26,9=0,0,0,0,0,0,0,0,0,0,0,0,0,0,0,0,0,0,0,76,85,0,0,0,0,0,0,88,95,100,100,100,100,87,85,0,0,0,0,0
l27,9=0,0,0,0,0,0,0,0,0,0,0,0,0,0,0,0,0,0,0,0,0,0,0,0,0,0,100,0,95,100,100,93,90,0,0,0,0,0,0,0
l28,9=0,0,0,0,0,0,0,0,0,0,0,0,0,0,0,0,0,0,0,0,0,17,56,0,0,0,100,100,0,100,100,84,0,89,32,0,0,0,0,0
l29,9=0,0,0,0,0,0,0,0,0,0,0,0,0,0,0,0,0,0,0,3,14,0,80,0,0,2,100,100,95,0,100,99,75,87,84,0,0,0,0,0
l30,9=0,0,0,0,0,0,0,0,0,0,0,0,0,0,0,0,0,0,0,0,0,0,0,0,0,0,100,100,95,100,0,95,88,71,82,0,0,0,0,0
l31,9=0,0,0,0,0,0,0,0,0,0,0,0,0,0,0,0,8,0,0,42,0,0,79,0,0,0,99,84,91,99,99,0,100,100,100,0,0,0,0,0
l32,9=0,0,0,0,0,0,0,0,0,0,0,0,0,0,0,0,0,0,0,0,6,0,0,92,0,42,100,81,0,78,98,100,0,100,100,0,0,0,0,0
l33,9=0,0,0,0,0,0,0,0,0,0,0,0,0,0,75,0,86,83,0,0,21,67,0,100,92,99,98,0,95,87,84,100,100,0,100,0,0,0,0,0
l34,9=0,0,0,0,0,0,0,0,0,0,0,0,83,0,49,0,50,0,0,0,34,0,0,99,72,33,60,0,8,89,61,100,100,100,0,0,0,0,0,0
l35,9=0,0,0,0,0,0,0,0,0,0,0,0,0,0,0,0,0,0,0,39,4,45,73,0,0,0,0,0,0,0,0,0,0,0,0,0,80,78,47,43
l36,9=0,0,0,0,0,0,0,0,0,0,0,5,45,44,17,21,24,37,0,34,32,19,75,0,18,0,0,0,0,0,0,0,0,0,0,72,0,67,29,26
l37,9=0,0,0,0,0,0,0,0,0,0,0,0,0,0,0,0,18,0,0,38,25,19,66,0,0,0,0,0,0,0,0,0,0,0,0,66,72,0,22,25
l38,9=0,0,0,0,0,0,0,0,0,0,0,40,57,55,0,28,38,12,0,0,33,29,81,0,0,0,0,0,0,0,0,0,0,0,0,70,77,64,0,24
l39,9=0,0,0,0,0,0,0,0,0,0,0,0,0,0,0,0,31,63,0,47,54,30,49,0,0,0,0,0,0,0,0,0,0,0,0,69,78,75,33,0

l0,10=0,92,85,85,81,83,75,72,58,68,79,0,0,0,0,0,0,0,0,0,0,0,0,0,0,0,0,0,0,0,0,0,0,0,0,0,0,0,0,0
l1,10=84,0,86,77,83,83,66,80,22,72,73,0,0,0,0,0,0,0,0,0,0,0,0,0,0,0,0,0,0,0,0,0,0,0,0,0,0,0,0,0
l2,10=81,85,0,79,81,83,72,6,62,0,77,0,13,0,0,0,0,0,0,0,0,0,0,0,0,0,0,0,0,0,0,0,0,0,0,0,0,0,0,0
l3,10=86,77,85,0,90,83,64,54,26,68,0,0,0,0,0,0,0,0,0,0,0,0,0,0,0,0,0,0,0,0,0,0,0,0,0,0,0,0,0,0
l4,10=83,83,85,89,0,83,56,61,40,63,74,0,0,0,50,0,0,0,0,0,0,0,0,0,0,0,0,0,0,0,0,0,0,0,0,0,0,0,0,0
l5,10=82,82,85,79,81,0,75,83,0,80,72,0,13,73,0,0,0,0,0,0,0,0,0,0,0,0,0,0,0,0,0,0,0,0,0,0,0,0,0,0
l6,10=81,72,84,68,65,83,0,83,72,81,64,0,0,41,0,23,3,0,0,0,0,0,0,0,0,0,0,0,0,0,0,0,0,0,0,0,0,0,0,0
l7,10=77,81,1,64,71,83,74,0,81,85,85,40,2,76,7,0,0,0,0,0,0,0,0,0,0,0,0,0,0,0,0,0,0,0,0,0,0,0,0,0
l8,10=41,0,6,12,3,0,65,78,0,89,62,73,13,78,0,69,7,6,0,1,3,0,26,40,29,0,0,0,0,0,0,0,0,0,0,0,0,0,0,0
l9,10=52,28,0,60,51,18,74,82,81,0,85,71,59,77,20,62,0,0,0,0,0,4,1,30,28,0,0,0,0,0,0,0,0,0,0,0,0,0,0,0
l10,10=63,49,49,0,66,28,60,84,62,85,0,54,0,66,0,63,0,11,0,0,0,0,0,4,0,0,0,0,0,0,0,0,0,0,0,0,0,0,0,0
l11,10=0,0,0,0,0,2,0,9,74,73,16,0,82,82,81,87,8,66,0,0,18,18,0,77,77,44,0,0,0,0,0,0,0,0,0,4,25,0,59,0
l12,10=0,0,0,0,0,0,0,0,14,61,0,85,0,43,91,84,56,70,0,0,31,8,0,92,94,97,0,0,0,0,0,0,0,15,0,0,18,0,72,0
l13,10=0,0,0,0,0,8,4,50,84,85,74,83,47,0,18,81,48,0,0,0,10,8,0,42,52,0,0,0,0,0,0,0,0,0,0,0,0,0,40,0
l14,10=0,0,0,0,3,0,0,0,0,6,0,85,93,3,0,68,53,67,0,0,4,0,2,86,93,49,0,0,0,0,0,0,0,31,0,0,31,0,41,0
l15,10=0,0,0,0,0,0,0,0,75,22,44,89,57,61,75,0,49,65,0,0,3,4,5,11,51,8,0,0,0,0,0,0,0,0,0,0,0,1,45,1
l16,10=0,0,0,0,0,0,0,0,2,0,0,1,51,2,12,13,0,11,0,2,6,11,6,27,62,0,0,0,0,0,0,0,3,0,4,7,25,14,82,27
l17,10=0,0,0,0,0,0,0,0,6,0,4,60,63,2,21,84,21,0,0,2,4,11,15,0,25,7,0,0,0,0,0,0,0,4,0,0,26,0,52,29
l18,10=0,0,0,0,0,0,0,0,0,0,0,0,0,0,0,0,3,0,0,15,10,35,0,0,0,0,0,0,0,0,0,0,0,0,0,0,0,0,0,0
l19,10=0,0,0,0,0,0,0,0,0,0,0,0,0,0,0,1,2,0,1,0,53,4,20,0,0,0,5,0,0,0,0,0,0,0,0,2,0,5,0,4
l20,10=0,0,0,0,0,0,0,0,0,0,0,1,3,1,0,1,14,0,0,60,0,84,71,0,2,0,1,0,0,0,0,0,2,0,0,4,44,7,74,33
l21,10=0,0,0,0,0,0,0,0,0,1,0,1,0,0,0,1,39,5,1,36,60,0,68,0,0,0,0,0,0,0,0,0,0,5,0,33,17,10,78,5
l22,10=0,0,0,0,0,0,0,0,2,0,0,0,0,0,0,1,1,1,0,57,60,80,0,0,0,0,0,0,0,0,0,1,0,0,0,42,36,5,73,4
l23,10=0,0,0,0,0,0,0,0,20,14,0,62,92,45,91,4,50,0,0,0,0,0,0,0,95,97,0,0,0,0,0,2,70,89,18,0,0,0,0,0
l24,10=0,0,0,0,0,0,0,0,46,14,0,61,93,49,90,81,58,63,0,0,8,0,0,98,0,91,0,0,0,0,0,0,0,38,5,0,0,0,47,0
l25,10=0,0,0,3,0,0,0,0,0,0,0,61,95,0,87,50,35,32,0,0,0,0,0,98,93,0,11,0,0,0,0,24,54,88,75,0,0,0,55,0
l26,10=0,0,0,0,0,0,0,0,0,0,0,0,0,0,0,0,0,0,0,7,3,0,0,0,0,0,0,8,96,95,99,96,75,8,10,0,0,0,0,0
l27,10=0,0,0,0,0,0,0,0,0,0,0,0,0,0,0,0,0,0,0,0,0,0,0,0,0,0,53,0,92,95,99,81,0,0,73,0,0,0,0,0
l28,10=0,0,0,0,0,0,0,0,0,0,0,0,0,0,0,0,0,0,0,3,1,0,0,0,0,0,59,95,0,95,99,85,4,21,9,0,0,0,0,0
l29,10=0,0,0,0,0,0,0,0,0,0,0,0,0,0,0,0,0,0,0,0,0,0,5,0,0,0,59,95,96,0,99,90,3,1,9,0,0,0,0,0
l30,10=0,0,0,0,0,0,0,0,0,0,0,0,0,0,0,0,0,0,0,0,0,0,0,0,0,0,58,95,96,95,0,83,19,10,13,0,0,0,0,0
l31,10=0,0,0,0,0,0,0,0,0,0,0,0,0,0,0,0,0,0,0,0,0,0,5,5,0,0,59,6,18,67,69,0,99,100,100,0,0,0,0,0
l32,10=0,0,0,0,0,0,0,0,0,0,0,0,0,0,0,0,3,0,0,0,22,0,0,80,0,3,59,0,3,69,74,97,0,100,100,0,0,0,0,0
l33,10=0,0,0,0,0,0,0,0,0,0,0,0,3,0,9,0,1,0,0,0,0,1,0,95,5,97,32,0,82,1,1,97,100,0,100,0,0,0,0,0
l34,10=0,0,0,0,0,0,0,0,0,0,0,0,0,0,0,0,7,0,0,0,1,0,0,8,4,3,53,4,6,8,2,97,100,100,0,0,0,0,0,0
l35,10=0,0,0,0,0,0,0,0,0,0,0,0,0,0,0,0,6,0,0,0,8,10,22,0,0,0,0,0,0,0,0,0,0,0,0,0,77,50,58,0
l36,10=0,0,0,0,0,0,0,0,0,0,0,1,0,0,0,0,7,0,0,0,32,4,50,0,0,0,0,0,0,0,0,0,0,0,0,55,0,70,76,74
l37,10=0,0,0,0,0,0,0,0,0,0,0,0,0,0,0,0,6,0,0,1,5,6,17,0,0,0,0,0,0,0,0,0,0,0,0,44,47,0,49,33
l38,10=0,0,0,0,0,0,0,0,0,0,0,3,1,0,0,1,47,1,0,0,31,19,51,0,1,1,0,0,0,0,0,0,0,0,0,44,49,26,0,39
l39,10=0,0,0,0,0,0,0,0,0,0,0,0,0,0,0,0,34,1,0,21,32,13,47,0,0,0,0,0,0,0,0,0,0,0,0,0,47,50,71,0

l0,11=0,90,78,87,78,82,72,63,35,58,2,0,0,0,0,0,0,0,0,0,0,0,0,1,0,0,0,0,0,0,0,0,0,0,0,0,0,0,0,0
l1,11=86,0,75,80,78,77,68,70,0,60,40,46,0,0,0,0,0,0,0,0,0,0,0,0,0,0,0,0,0,0,0,0,0,0,0,0,0,0,0,0
l2,11=84,85,0,82,81,84,30,61,58,0,66,0,0,0,0,0,0,0,0,0,0,0,0,0,0,0,0,0,0,0,0,0,0,0,0,0,0,0,0,0
l3,11=87,84,78,0,88,83,2,15,0,55,44,0,0,0,0,0,0,0,0,0,0,0,0,0,0,0,0,0,0,0,0,0,0,0,0,0,0,0,0,0
l4,11=81,77,76,80,0,75,71,56,13,47,66,0,14,0,9,0,0,0,0,0,0,0,0,44,0,0,0,0,0,0,0,0,0,0,0,0,0,0,0,0
l5,11=83,82,83,79,77,0,79,72,50,77,50,0,0,58,0,0,0,0,0,0,0,0,0,0,0,0,0,0,0,0,0,0,0,0,0,0,0,0,0,0
l6,11=37,59,48,17,68,75,0,76,55,74,68,49,0,52,0,53,43,0,0,0,0,0,0,0,0,0,0,0,0,0,0,0,0,0,0,0,0,0,0,0
l7,11=78,82,43,52,76,82,84,0,74,79,81,52,41,77,0,41,0,0,0,0,0,0,0,0,0,0,0,0,0,0,0,0,0,0,0,0,0,0,0,0
l8,11=7,0,46,0,28,34,56,60,0,81,70,66,62,80,0,76,0,22,0,20,0,0,0,42,6,0,0,0,0,0,0,0,0,0,0,0,0,0,0,0
l9,11=20,45,2,52,20,47,59,80,74,0,78,68,61,77,0,63,1,2,0,0,0,60,0,0,47,0,0,0,0,0,0,0,0,0,0,0,0,0,0,0
l10,11=0,16,33,36,54,18,68,80,61,81,0,60,0,67,0,61,0,7,0,0,0,0,0,0,0,0,0,0,0,0,0,0,0,0,0,0,0,0,0,0
l11,11=0,18,0,0,0,0,29,23,42,54,62,0,81,84,76,82,71,44,0,0,25,50,43,77,65,40,0,0,0,0,0,0,0,0,0,20,0,0,65,0
l12,11=0,0,0,0,0,0,0,0,31,46,0,85,0,70,90,82,82,46,0,0,37,59,48,85,93,91,0,0,0,0,0,0,0,0,0,0,0,0,73,0
l13,11=0,0,0,0,0,33,41,40,75,64,70,81,76,0,4,82,68,21,0,0,34,56,0,75,65,36,0,0,0,0,0,0,0,0,0,0,0,0,57,0
l14,11=0,0,0,0,7,0,0,0,0,0,0,83,89,3,0,59,83,64,0,0,31,45,0,89,61,74,0,0,0,0,0,0,0,66,23,25,17,0,62,0
l15,11=0,0,0,0,0,0,28,4,44,47,66,85,83,87,54,0,78,45,0,20,37,52,3,19,33,35,0,0,0,0,0,0,0,0,0,0,17,0,67,2
l16,11=0,0,0,0,0,0,0,0,0,0,0,46,76,39,73,73,0,22,0,0,42,65,8,5,78,7,0,0,0,0,0,0,4,0,3,4,23,21,76,53
l17,11=0,0,0,0,0,0,0,0,13,14,4,84,88,62,76,81,82,0,0,0,37,63,49,50,32,32,0,0,0,0,0,0,0,0,0,0,20,0,61,0
l18,11=0,0,0,0,0,0,0,0,0,0,0,0,0,0,0,0,6,0,0,47,22,57,3,0,0,0,0,0,0,0,0,0,0,0,0,0,0,0,0,0
l19,11=0,0,0,0,0,0,0,0,0,0,0,0,0,0,0,2,0,0,5,0,45,18,13,0,0,0,12,0,2,0,0,0,0,0,0,3,1,2,0,4
l20,11=0,0,0,0,0,0,0,0,0,0,0,0,4,1,1,4,17,1,3,55,0,81,75,0,0,0,3,0,0,0,0,0,3,0,0,4,5,5,30,5
l21,11=0,0,0,0,0,0,0,0,0,3,0,3,4,3,2,3,71,3,5,53,47,0,75,0,2,0,0,0,0,0,0,0,0,0,0,5,4,4,77,2
l22,11=0,0,0,0,0,0,0,0,0,0,0,3,2,0,0,0,4,1,0,48,47,77,0,0,0,0,1,0,0,2,0,2,0,0,0,59,62,3,80,28
l23,11=0,0,0,0,31,0,0,0,15,0,0,80,86,72,87,0,65,21,0,0,0,0,0,0,92,94,0,0,0,0,0,12,34,65,0,0,0,0,0,0
l24,11=0,0,0,0,0,0,0,0,0,41,0,71,87,65,59,19,84,19,0,0,1,0,0,94,0,90,0,0,0,0,0,0,0,0,0,0,0,0,0,0
l25,11=0,0,0,0,0,0,0,0,0,0,0,63,89,61,85,65,62,19,0,0,0,0,0,97,91,0,0,0,0,0,0,18,26,86,0,0,0,0,0,0
l26,11=0,0,0,0,0,0,0,0,0,0,0,0,0,0,0,0,0,0,0,7,5,0,5,0,0,0,0,79,97,91,92,84,83,4,13,0,0,0,0,0
l27,11=0,0,0,0,0,0,0,0,0,0,0,0,0,0,0,0,0,0,0,0,0,0,0,0,0,0,69,0,94,91,95,48,1,0,32,0,0,0,0,0
l28,11=0,0,0,0,0,0,0,0,0,0,0,0,0,0,0,0,0,0,0,4,1,0,1,0,0,0,75,94,0,91,95,69,4,0,7,0,0,0,0,0
l29,11=0,0,0,0,0,0,0,0,0,0,0,0,0,0,0,0,0,0,0,0,0,0,4,0,0,0,71,94,97,0,95,79,2,5,7,0,0,0,0,0
l30,11=0,0,0,0,0,0,0,0,0,0,0,0,0,0,0,0,0,0,0,0,0,0,0,0,0,0,74,94,97,91,0,78,7,11,12,0,0,0,0,0
l31,11=0,0,0,0,0,0,0,0,0,0,0,0,0,0,0,0,0,0,0,0,0,0,7,5,0,8,75,14,82,86,83,0,92,99,99,0,0,0,0,0
l32,11=0,0,0,0,0,0,0,0,0,0,0,0,0,0,0,0,21,0,0,0,8,0,0,34,0,2,75,0,14,20,27,93,0,100,99,0,0,0,0,0
l33,11=0,0,0,0,0,0,0,0,0,0,0,0,0,0,30,0,0,0,0,0,2,0,0,11,0,94,52,0,0,16,85,97,93,0,99,0,0,0,0,0
l34,11=0,0,0,0,0,0,0,0,0,0,0,0,0,0,1,0,6,0,0,0,0,0,0,0,0,0,33,4,2,6,10,97,93,99,0,0,0,0,0,0
l35,11=0,0,0,0,0,0,0,0,0,0,0,2,0,0,4,0,18,0,0,3,32,7,60,0,0,0,0,0,0,0,0,0,0,0,0,0,84,28,73,43
l36,11=0,0,0,0,0,0,0,0,0,0,0,0,0,0,2,42,68,9,0,0,42,54,63,0,0,0,0,0,0,0,0,0,0,0,0,60,0,29,78,76
l37,11=0,0,0,0,0,0,0,0,0,0,0,0,0,0,0,0,55,0,0,7,38,15,50,0,0,0,0,0,0,0,0,0,0,0,0,27,29,0,65,62
l38,11=0,0,0,0,0,0,0,0,0,0,0,36,60,2,12,47,73,2,0,0,43,66,64,0,0,0,0,0,0,0,0,0,0,0,0,40,30,26,0,70
l39,11=0,0,0,0,0,0,0,0,0,0,0,0,0,0,0,0,61,0,0,33,39,13,59,0,0,0,0,0,0,0,0,0,0,0,0,31,79,47,71,0

l0,12=0,87,81,87,85,86,39,72,1,49,38,0,0,0,0,0,0,0,0,0,0,0,0,0,0,0,0,0,0,0,0,0,0,0,0,0,0,0,0,0
l1,12=81,0,30,85,80,83,81,84,0,50,8,42,0,0,0,0,0,0,0,0,0,0,0,0,0,0,0,0,0,0,0,0,0,0,0,0,0,0,0,0
l2,12=83,64,0,85,81,86,81,72,26,66,72,0,0,53,0,0,0,0,0,0,0,0,0,0,0,0,0,0,0,0,0,0,0,0,0,0,0,0,0,0
l3,12=87,86,81,0,81,84,55,0,0,0,53,0,0,0,0,0,0,0,0,0,0,0,0,0,0,0,0,0,0,0,0,0,0,0,0,0,0,0,0,0
l4,12=79,80,73,85,0,68,66,65,54,52,52,0,0,0,34,0,0,0,0,0,0,0,0,46,0,0,0,0,0,0,0,0,0,0,0,0,0,0,0,0
l5,12=82,85,82,85,79,0,74,83,68,80,0,0,0,60,0,0,1,0,0,0,0,0,0,0,0,0,0,0,0,0,0,0,0,0,0,0,0,0,0,0
l6,12=39,79,78,62,67,59,0,80,57,56,73,58,0,56,22,57,9,0,0,0,0,0,0,0,0,0,0,0,0,0,0,0,0,0,0,0,0,0,0,0
l7,12=77,86,65,34,79,83,83,0,77,81,86,22,27,78,0,5,0,0,0,0,0,0,0,0,0,0,0,0,0,0,0,0,0,0,0,0,0,0,0,0
l8,12=14,0,42,56,37,39,43,68,0,82,83,51,57,80,0,65,9,7,0,27,0,28,0,0,34,0,0,0,0,0,0,0,0,0,0,0,0,0,0,0
l9,12=4,0,48,24,35,80,34,84,78,0,86,41,57,78,32,61,25,2,0,0,32,37,0,0,7,0,0,0,0,0,0,0,0,0,0,0,0,0,0,0
l10,12=36,0,58,61,42,0,76,85,74,82,0,53,1,75,0,59,29,0,0,0,0,0,0,0,0,0,0,0,0,0,0,0,0,0,0,0,0,0,0,0
l11,12=0,16,0,0,0,0,49,25,69,60,43,0,78,82,62,83,75,89,0,0,31,32,37,42,13,51,0,0,0,0,0,0,0,0,0,20,16,7,57,0
l12,12=0,0,0,0,0,0,0,0,57,59,0,87,0,68,94,83,83,90,0,0,42,38,32,42,94,91,0,0,0,0,0,0,0,0,0,0,0,0,67,0
l13,12=0,0,1,10,0,33,41,74,79,80,49,82,74,0,64,83,75,79,0,0,37,34,0,46,39,0,0,0,0,0,0,0,0,0,0,0,0,0,34,0
l14,12=0,0,0,0,33,0,5,0,0,31,0,42,85,72,0,79,83,85,0,0,38,38,0,75,97,60,0,0,0,0,0,0,0,37,42,30,13,0,2,0
l15,12=0,0,0,0,0,0,37,0,67,59,35,89,79,84,59,0,77,82,0,23,37,40,0,22,43,54,0,0,0,0,0,0,0,0,0,0,0,0,56,0
l16,12=0,0,0,0,0,0,1,0,1,3,0,31,77,49,67,79,0,84,0,13,48,41,4,0,52,40,0,0,0,0,0,0,0,0,4,5,31,22,73,44
l17,12=0,0,0,0,0,0,0,0,13,21,0,64,86,76,60,82,85,0,0,41,48,47,44,35,32,1,0,0,0,0,0,0,0,0,0,0,29,0,64,0
l18,12=0,0,0,0,0,0,0,0,0,0,0,0,0,0,0,0,33,0,0,32,37,9,0,0,0,0,0,0,0,0,0,0,0,0,0,0,0,0,0,0
l19,12=0,0,0,0,0,0,0,0,2,0,0,0,0,0,0,3,7,2,0,0,50,28,47,0,0,0,1,0,0,1,2,0,0,0,0,4,1,3,2,9
l20,12=0,0,0,0,0,0,0,0,0,3,0,0,5,2,1,3,11,2,0,66,0,64,84,0,0,0,0,0,0,0,0,1,0,0,0,3,69,6,2,7
l21,12=0,0,0,0,0,0,0,0,2,5,0,1,4,2,5,3,15,4,0,67,57,0,83,0,1,0,0,0,0,0,0,0,0,0,0,4,4,3,79,6
l22,12=0,0,0,0,0,0,0,0,0,0,0,0,2,0,0,0,3,2,0,65,57,63,0,0,0,0,0,0,0,0,0,3,0,0,0,58,70,0,77,77
l23,12=0,0,0,0,46,0,0,0,0,0,0,52,80,82,74,73,61,72,0,0,0,0,0,0,94,95,0,0,0,0,0,3,0,39,0,0,0,0,0,0
l24,12=0,0,0,0,0,0,0,0,36,41,0,49,85,63,95,80,83,61,0,0,0,37,0,95,0,91,0,0,0,0,0,0,61,0,0,0,6,0,44,0
l25,12=0,0,0,0,0,0,0,0,0,1,0,58,87,0,70,73,78,14,0,0,0,0,0,99,94,0,0,0,0,2,0,73,66,70,81,0,0,0,0,0
l26,12=0,0,0,0,0,0,0,0,0,0,0,0,0,0,0,0,0,0,0,13,0,0,0,0,0,0,0,38,81,73,85,90,77,1,66,0,0,0,0,0
l27,12=0,0,0,0,0,0,0,0,0,0,0,0,0,0,0,0,0,0,0,0,0,0,0,0,0,0,55,0,77,91,93,84,0,1,14,0,0,0,0,0
l28,12=0,0,0,0,0,0,0,0,0,0,0,0,0,0,0,0,0,0,0,0,0,0,1,0,0,0,62,93,0,91,93,76,7,1,10,0,0,0,0,0
l29,12=0,0,0,0,0,0,0,0,0,0,0,0,0,0,0,0,0,0,0,0,0,0,0,0,0,0,60,93,81,0,93,89,68,2,36,0,0,0,0,0
l30,12=0,0,0,0,0,0,0,0,0,0,0,0,0,0,0,0,0,0,0,0,0,0,0,0,0,0,59,93,81,91,0,86,73,3,7,0,0,0,0,0
l31,12=0,0,0,0,0,0,0,0,0,0,0,0,0,0,0,0,1,0,0,0,4,0,8,1,0,13,62,87,78,88,93,0,98,100,100,0,0,0,0,0
l32,12=0,0,0,0,0,0,0,0,0,0,0,0,0,0,0,0,0,0,0,0,0,0,0,0,1,6,58,0,71,81,85,97,0,100,100,0,0,0,0,0
l33,12=0,0,0,0,0,0,0,0,0,0,0,0,0,0,85,0,0,0,0,0,0,0,0,63,0,78,55,5,51,77,78,100,98,0,100,0,0,0,0,0
l34,12=0,0,0,0,0,0,0,0,0,0,0,0,0,0,2,0,3,0,0,0,0,0,0,0,0,12,62,5,17,16,5,100,98,100,0,0,0,0,0,0
l35,12=0,0,0,0,0,0,0,0,0,0,0,0,0,0,2,0,17,0,0,8,19,20,45,0,0,0,0,0,0,0,0,0,0,0,0,0,87,41,76,60
l36,12=0,0,0,0,0,0,0,0,0,0,0,0,0,0,0,0,47,7,0,1,37,24,49,0,0,0,0,0,0,0,0,0,0,0,0,77,0,48,81,74
l37,12=0,0,0,0,0,0,0,0,0,0,0,0,0,0,0,0,44,0,0,16,35,10,0,0,0,0,0,0,0,0,0,0,0,0,0,61,44,0,3,75
l38,12=0,0,0,0,0,0,0,0,0,0,0,6,43,0,0,11,69,9,0,23,31,34,45,0,0,0,0,0,0,0,0,0,0,0,0,61,47,6,0,67
l39,12=0,0,0,0,0,0,0,0,0,0,0,0,0,0,0,0,31,0,0,35,31,5,50,0,0,0,0,0,0,0,0,0,0,0,0,53,59,42,70,0

l0,13=0,96,92,93,93,88,88,84,77,76,81,0,0,0,0,0,0,0,0,0,0,0,0,0,0,0,0,0,0,0,0,0,0,0,0,0,0,0,0,0
l1,13=91,0,87,92,89,83,84,78,0,39,68,0,0,0,0,0,0,0,0,0,0,0,0,0,0,0,0,0,0,0,0,0,0,0,0,0,0,0,0,0
l2,13=92,91,0,90,92,88,86,84,0,84,82,0,0,80,0,0,0,0,0,0,0,0,0,0,0,0,0,0,0,0,0,0,0,0,0,0,0,0,0,0
l3,13=93,96,87,0,91,87,85,69,22,61,82,0,0,0,0,0,0,0,0,0,0,0,0,0,0,0,0,0,0,0,0,0,0,0,0,0,0,0,0,0
l4,13=91,91,85,88,0,88,85,72,66,33,71,0,0,0,0,0,0,0,0,0,0,0,0,51,0,0,0,0,0,0,0,0,0,0,0,0,0,0,0,0
l5,13=87,87,82,85,85,0,85,77,81,84,82,0,0,78,0,0,0,0,0,0,0,0,0,0,0,0,0,0,0,0,0,0,0,0,0,0,0,0,0,0
l6,13=85,88,86,88,88,85,0,4,80,85,0,82,0,67,0,84,0,0,0,0,0,0,0,0,0,0,0,0,0,0,0,0,0,0,0,0,0,0,0,0
l7,13=82,86,80,82,52,40,10,0,86,87,90,10,38,83,0,20,0,0,0,0,0,0,0,0,0,0,0,0,0,0,0,0,0,0,0,0,0,0,0,0
l8,13=37,0,0,64,44,43,32,82,0,93,81,23,39,86,74,21,25,47,0,26,0,33,18,0,69,0,0,0,0,0,0,0,0,0,0,0,0,0,0,0
l9,13=23,3,71,63,0,83,80,83,87,0,86,69,70,83,62,86,34,51,0,0,34,48,0,0,0,0,0,0,0,0,0,0,0,0,0,0,0,0,0,0
l10,13=43,48,76,77,43,48,0,83,86,93,0,26,0,83,0,29,4,0,0,0,0,0,0,0,0,0,0,0,0,0,0,0,0,0,0,0,0,0,0,0
l11,13=0,0,0,0,0,0,32,1,75,52,27,0,92,95,80,94,31,89,0,0,42,44,56,79,64,63,0,0,0,0,0,0,0,0,0,0,18,0,1,0
l12,13=0,0,0,0,0,0,0,0,0,48,0,52,0,53,98,57,32,84,0,0,42,36,53,0,94,99,0,0,0,0,0,0,0,77,0,0,4,0,1,0
l13,13=0,0,66,0,0,26,29,79,87,88,49,91,73,0,85,94,30,66,0,8,48,46,0,81,0,73,0,0,0,0,0,0,0,0,0,0,0,0,22,0
l14,13=0,0,0,0,0,0,0,0,78,43,0,32,98,88,0,34,56,66,0,0,0,0,0,97,98,81,0,0,0,0,0,0,0,62,64,0,0,0,0,0
l15,13=0,0,0,0,0,0,32,0,31,59,25,94,94,95,79,0,32,73,0,14,39,31,0,78,84,68,0,0,0,0,0,0,0,0,0,0,57,0,2,0
l16,13=0,0,0,0,0,0,0,0,23,32,0,28,84,45,92,37,0,71,3,17,28,33,57,0,72,13,0,0,0,0,0,0,0,10,14,57,59,0,4,6
l17,13=0,0,0,0,0,0,0,0,38,45,0,33,97,87,76,37,34,0,0,25,49,44,50,66,75,24,0,0,0,0,0,0,0,65,0,9,51,0,1,0
l18,13=0,0,0,0,0,0,0,0,0,0,0,0,0,0,0,0,6,0,0,66,92,0,0,0,0,0,0,0,0,0,0,0,0,0,0,0,0,0,0,0
l19,13=0,0,0,0,0,0,0,0,5,0,0,0,0,0,0,1,4,8,7,0,95,89,88,0,0,0,9,0,0,1,2,2,0,0,0,8,3,6,5,8
l20,13=0,0,0,0,0,0,0,0,0,2,0,5,63,6,0,6,20,69,6,68,0,95,94,0,0,0,1,0,0,0,0,1,0,0,0,0,77,77,35,37
l21,13=0,0,0,0,0,0,0,0,4,9,0,13,9,9,0,2,8,31,0,68,96,0,94,0,9,0,0,0,0,0,0,0,0,0,0,4,3,0,46,5
l22,13=0,0,0,0,0,0,0,0,0,0,0,1,9,0,0,0,4,8,0,64,97,94,0,0,0,0,6,0,0,0,0,0,0,0,9,83,81,0,27,60
l23,13=0,0,0,5,45,0,0,0,0,0,0,30,0,84,100,55,0,64,0,0,0,0,0,0,88,100,0,0,0,0,0,0,0,1,0,0,0,0,0,0
l24,13=0,0,0,0,0,0,0,0,82,0,0,29,98,0,100,35,32,69,0,0,0,39,0,88,0,98,0,0,0,0,0,0,68,9,0,0,70,0,0,0
l25,13=0,0,0,0,0,0,0,0,0,0,0,29,98,83,93,35,28,29,0,0,0,0,0,100,98,0,0,0,0,0,0,88,84,96,89,0,0,0,0,0
l26,13=0,0,0,0,0,0,0,0,0,0,0,0,0,0,0,0,0,0,0,14,4,0,7,0,0,0,0,17,100,11,100,99,2,8,0,0,0,0,0,0
l27,13=0,0,0,0,0,0,0,0,0,0,0,0,0,0,0,0,0,0,0,0,0,0,0,0,0,0,73,0,100,99,100,77,24,65,4,0,0,0,0,0
l28,13=0,0,0,0,0,0,0,0,0,0,0,0,0,0,0,0,0,0,0,2,3,0,3,0,0,0,86,97,0,99,100,87,3,51,88,0,0,0,0,0
l29,13=0,0,0,0,0,0,0,0,0,0,0,0,0,0,0,0,0,0,0,14,0,0,0,0,0,0,66,97,100,0,100,81,75,10,81,0,0,0,0,0
l30,13=0,0,0,0,0,0,0,0,0,0,0,0,0,0,0,0,0,0,0,0,0,0,0,0,0,0,86,97,100,99,0,85,72,73,0,0,0,0,0,0
l31,13=0,0,0,0,0,0,0,0,0,0,0,0,0,0,0,0,0,0,0,15,10,0,1,0,0,6,86,96,99,97,99,0,97,98,100,0,0,0,0,0
l32,13=0,0,0,0,0,0,0,0,0,0,0,0,7,0,5,0,0,0,0,0,0,0,0,2,16,29,82,6,40,94,87,100,0,100,100,0,0,0,0,0
l33,13=0,0,0,0,0,0,0,0,0,0,0,0,93,0,76,0,8,66,0,0,0,0,0,12,25,95,86,69,98,94,96,100,98,0,100,0,0,0,0,0
l34,13=0,0,0,0,0,0,0,0,0,0,0,0,0,0,17,0,3,0,0,0,5,0,8,0,0,94,0,1,100,98,3,100,98,100,0,0,0,0,0,0
l35,13=0,0,0,0,0,0,0,0,0,0,0,0,0,0,0,0,23,0,0,14,0,8,65,0,0,0,0,0,0,0,0,0,0,0,0,0,87,87,42,52
l36,13=0,0,0,0,0,0,0,0,0,0,0,0,1,0,0,5,25,3,0,0,50,3,69,0,12,0,0,0,0,0,0,0,0,0,0,94,0,79,36,51
l37,13=0,0,0,0,0,0,0,0,0,0,0,0,0,0,0,0,0,0,0,14,48,2,0,0,0,0,0,0,0,0,0,0,0,0,0,94,69,0,1,9
l38,13=0,0,0,0,0,0,0,0,0,0,0,0,32,46,0,27,25,26,0,21,52,46,65,0,1,0,0,0,0,0,0,0,0,0,0,89,85,11,0,9
l39,13=0,0,0,0,0,0,0,0,0,0,0,0,0,0,0,0,11,0,0,27,34,42,69,0,0,0,0,0,0,0,0,0,0,0,0,78,73,70,25,0

l0,14=0,96,93,99,99,93,99,94,90,99,98,0,0,1,0,0,0,0,0,0,0,0,0,0,0,0,0,0,0,0,0,0,0,0,0,0,0,0,0,0
l1,14=94,0,93,96,99,93,97,52,0,0,17,0,0,43,0,0,0,0,0,0,0,0,0,0,4,0,0,0,0,0,0,0,0,0,0,0,0,0,0,0
l2,14=100,100,0,96,100,99,100,94,50,99,98,0,0,54,0,0,0,0,0,0,0,0,0,0,0,0,0,0,0,0,0,0,0,0,0,0,0,0,0,0
l3,14=95,96,93,0,99,93,99,88,0,96,98,0,0,0,0,0,0,0,0,0,0,0,0,0,0,0,0,0,0,0,0,0,0,0,0,0,0,0,0,0
l4,14=94,96,93,95,0,93,52,0,50,44,98,0,0,35,0,0,0,0,0,0,0,0,0,0,0,1,0,0,0,0,0,0,0,0,0,0,0,0,0,0
l5,14=94,97,94,96,99,0,99,93,89,99,98,0,0,0,0,50,0,0,0,0,0,0,0,0,0,0,0,0,0,0,0,0,0,0,0,0,0,0,0,0
l6,14=92,88,94,96,80,93,0,90,78,93,94,98,0,86,0,91,0,0,0,0,0,0,72,0,0,0,0,0,0,0,0,0,0,0,0,0,0,0,0,0
l7,14=93,59,94,59,0,92,99,0,91,100,100,0,0,90,0,23,59,0,0,0,0,0,0,0,0,0,0,0,0,0,0,0,0,0,0,0,0,0,0,0
l8,14=40,0,25,18,39,43,52,55,0,100,99,28,48,42,47,30,15,0,0,4,16,24,28,0,43,0,0,0,0,0,0,0,0,0,0,0,0,0,0,0
l9,14=41,0,36,46,41,92,52,93,97,0,100,91,0,97,43,97,37,43,0,0,35,36,0,44,0,0,0,0,0,0,0,0,0,0,0,0,0,0,0,0
l10,14=90,26,37,95,99,92,95,94,92,100,0,31,45,97,40,26,0,0,0,0,10,1,0,0,0,0,0,0,0,0,0,0,0,0,0,0,0,0,0,0
l11,14=0,0,0,0,0,0,98,0,50,98,32,0,98,99,92,100,93,98,0,0,42,37,47,74,0,50,0,0,0,0,0,0,0,0,0,0,44,0,5,0
l12,14=0,0,0,0,0,0,0,0,70,0,10,96,0,95,100,61,57,99,0,0,59,0,31,93,96,99,0,0,0,0,0,0,0,48,0,0,0,0,0,0
l13,14=1,68,24,0,58,5,96,58,50,100,72,100,94,0,86,100,58,84,0,46,0,45,0,57,96,64,0,0,0,0,0,0,0,0,0,0,0,0,46,0
l14,14=0,0,0,0,0,0,0,0,53,41,0,61,100,56,0,60,58,72,0,0,0,0,0,96,100,49,0,0,0,0,0,0,31,28,0,0,0,0,49,0
l15,14=0,0,0,0,1,34,51,7,57,89,20,100,92,99,48,0,92,97,0,51,27,24,0,76,96,31,0,0,0,0,0,0,0,0,0,0,0,0,49,0
l16,14=0,0,0,0,0,0,0,52,4,38,0,58,78,44,86,62,0,85,20,80,45,26,70,24,95,21,0,0,0,0,0,0,0,11,11,55,89,45,47,53
l17,14=0,0,0,0,0,0,0,0,0,69,0,80,98,97,88,99,59,0,0,77,63,60,63,96,98,46,0,0,0,0,0,0,0,0,0,27,0,0,97,0
l18,14=0,0,0,0,0,0,0,0,0,0,0,0,0,0,0,0,75,0,0,89,91,26,74,0,0,0,0,0,0,0,0,0,0,0,0,0,0,0,0,0
l19,14=0,0,0,0,0,0,0,0,0,0,0,0,59,45,0,53,54,76,88,0,98,96,88,0,0,0,50,0,19,80,0,67,0,0,0,52,86,82,85,91
l20,14=0,0,0,0,0,0,0,0,0,77,0,50,81,0,0,55,56,78,88,97,0,98,97,0,0,0,43,0,0,0,0,0,0,0,9,59,90,88,96,93
l21,14=0,0,0,0,0,0,0,0,89,89,3,53,0,85,0,56,71,86,0,95,99,0,97,0,83,0,0,0,0,0,0,0,0,0,0,0,86,3,87,90
l22,14=0,0,0,0,0,0,56,0,28,0,0,50,78,0,0,0,91,74,76,94,100,99,0,0,1,0,42,0,0,0,0,0,0,0,0,59,92,85,92,92
l23,14=0,0,0,0,0,0,0,0,0,44,0,31,85,42,100,30,23,47,0,0,0,0,0,0,43,100,0,0,0,0,0,0,49,33,22,0,0,0,0,0
l24,14=0,0,0,0,0,0,0,0,53,0,0,0,94,44,100,62,60,88,0,0,0,23,0,49,0,67,0,0,0,0,0,0,0,0,0,0,28,0,0,0
l25,14=0,0,0,0,33,0,0,0,0,0,0,60,100,96,85,62,20,83,0,0,0,0,0,100,98,0,0,0,13,0,0,0,86,59,63,0,0,0,0,0
l26,14=0,0,0,0,0,0,0,0,0,0,0,0,0,0,0,0,0,0,0,0,43,0,83,0,0,0,0,96,99,98,99,100,98,97,98,0,0,0,0,0
l27,14=0,0,0,0,0,0,0,0,0,0,0,0,0,0,0,0,0,0,0,0,0,0,0,0,0,0,93,0,99,100,99,84,87,74,0,0,0,0,0,0
l28,14=0,0,0,0,0,0,0,0,0,0,0,0,0,0,0,0,0,0,0,41,0,0,0,0,0,41,100,98,0,100,99,87,82,75,85,0,0,0,0,0
l29,14=0,0,0,0,0,0,0,0,0,0,0,0,0,0,0,0,0,0,0,77,2,0,0,0,0,0,93,98,99,0,99,86,90,0,85,0,0,0,0,0
l30,14=0,0,0,0,0,0,0,0,0,0,0,0,0,0,0,0,0,0,0,0,0,0,0,0,0,0,100,98,99,100,0,84,87,75,0,0,0,0,0,0
l31,14=0,0,0,0,0,0,0,0,0,0,0,0,0,0,0,0,0,0,0,56,4,0,9,0,0,0,99,79,99,98,97,0,97,99,99,0,0,0,0,0
l32,14=0,0,0,0,0,0,0,0,0,0,0,0,0,0,78,0,0,0,0,0,1,0,0,85,0,68,99,85,94,99,98,100,0,100,100,0,0,0,0,0
l33,14=0,0,0,0,0,0,0,0,0,0,0,0,91,0,87,0,85,2,0,0,0,0,0,84,4,99,98,77,97,0,98,100,99,0,100,0,0,0,0,0
l34,14=0,0,0,0,0,0,0,0,0,0,0,0,0,0,0,0,58,0,0,0,52,2,0,78,0,100,100,0,99,100,0,100,99,100,0,0,0,0,0,0
l35,14=0,0,0,0,0,0,0,0,0,0,0,0,35,0,0,0,52,46,0,65,57,0,56,0,0,0,0,0,0,0,0,0,0,0,0,0,98,93,92,91
l36,14=0,0,0,0,0,0,0,0,0,0,0,5,25,0,0,0,48,0,0,88,60,24,60,0,8,0,0,0,0,0,0,0,0,0,0,68,0,83,96,90
l37,14=0,0,0,0,0,0,0,0,0,0,0,0,0,0,0,0,9,0,0,39,59,0,59,0,0,0,0,0,0,0,0,0,0,0,0,97,83,0,82,88
l38,14=0,0,0,0,0,0,0,0,0,0,0,0,0,9,67,22,24,62,0,71,61,21,63,0,0,0,0,0,0,0,0,0,0,0,0,66,98,81,0,91
l39,14=0,0,0,0,0,0,0,0,0,0,0,0,0,0,0,0,53,0,0,88,59,57,61,0,0,0,0,0,0,0,0,0,0,0,0,61,84,85,89,0

l0,15=0,95,94,100,100,100,96,98,0,95,85,0,0,0,0,0,0,0,0,0,0,0,0,0,0,0,0,0,0,0,0,0,0,0,0,0,0,0,0,0
l1,15=96,0,94,98,98,96,96,96,43,0,95,0,0,94,0,0,0,0,0,0,0,0,0,0,30,0,0,0,0,0,0,0,0,0,0,0,0,0,0,0
l2,15=98,97,0,97,100,100,97,98,94,95,96,85,0,95,0,0,0,0,0,0,0,0,0,0,0,0,0,0,0,0,0,0,0,0,0,0,0,0,0,0
l3,15=99,95,0,0,99,96,96,0,0,1,89,0,0,0,0,0,0,0,0,0,0,0,0,0,0,0,0,0,0,0,0,0,0,0,0,0,0,0,0,0
l4,15=98,97,95,100,0,98,96,90,0,91,95,0,0,90,0,0,0,0,0,0,0,0,0,0,0,0,0,0,0,0,0,0,0,0,0,0,0,0,0,0
l5,15=96,95,94,98,98,0,96,98,93,95,96,5,0,94,0,81,0,0,0,0,0,0,0,0,0,0,0,0,0,0,0,0,0,0,0,0,0,0,0,0
l6,15=96,95,93,98,96,96,0,98,88,95,96,94,90,94,0,89,1,0,0,0,0,0,24,0,0,0,0,0,0,0,0,0,0,0,0,0,0,0,0,0
l7,15=96,94,94,0,98,96,96,0,95,95,99,0,0,90,0,0,92,0,0,0,0,0,0,0,0,0,0,0,0,0,0,0,0,0,0,0,0,0,0,0
l8,15=0,19,85,0,0,51,66,93,0,100,97,56,75,94,88,61,27,0,0,47,0,58,52,41,93,0,0,0,0,0,0,0,0,0,0,0,0,0,0,0
l9,15=97,0,88,31,84,97,83,97,99,0,99,52,41,98,66,91,0,57,0,0,94,59,12,47,0,0,0,0,0,0,0,0,0,0,0,0,0,0,0,0
l10,15=76,94,0,91,98,96,96,99,95,100,0,3,93,95,83,0,3,0,0,0,0,0,0,0,0,0,0,0,0,0,0,0,0,0,0,0,0,0,0,0
l11,15=0,0,6,0,0,6,89,0,56,88,2,0,99,99,86,100,93,65,0,2,75,60,56,88,96,87,0,0,0,0,0,0,0,0,0,0,94,0,75,0
l12,15=0,0,0,0,0,0,14,0,59,30,62,96,0,98,99,67,96,100,0,3,75,0,57,99,100,100,0,0,0,0,0,0,0,0,0,0,91,0,0,0
l13,15=0,93,87,26,96,46,86,66,57,100,63,100,100,0,89,100,56,65,0,70,57,0,35,87,94,86,0,0,0,0,0,0,0,0,0,0,0,0,0,0
l14,15=0,0,0,0,0,0,0,0,57,87,59,57,100,97,0,66,63,65,0,0,0,4,0,99,100,90,0,0,0,0,0,0,0,96,7,0,35,0,70,0
l15,15=0,0,0,0,1,22,90,0,58,92,0,100,79,99,95,0,64,65,0,0,74,63,0,99,99,84,0,0,0,0,0,0,0,0,0,92,0,0,87,0
l16,15=0,0,0,0,0,0,5,71,20,63,10,62,77,74,98,70,0,48,92,92,74,61,60,4,99,53,0,0,0,0,0,0,0,43,0,98,98,86,82,47
l17,15=0,0,0,0,0,0,0,0,0,88,0,62,79,99,98,70,61,0,0,95,76,63,60,99,99,87,0,0,0,0,0,0,0,96,66,0,95,69,87,0
l18,15=0,0,0,0,0,0,0,0,0,0,0,0,0,0,0,0,81,0,0,3,75,41,69,0,0,0,0,0,0,0,0,0,0,0,0,0,0,0,0,0
l19,15=0,0,0,0,0,0,0,0,20,0,0,0,43,31,0,0,49,40,0,0,98,95,87,0,0,0,41,0,35,54,0,0,0,0,0,72,71,0,53,45
l20,15=0,0,0,0,0,0,0,0,0,86,0,48,71,0,0,50,57,59,77,97,0,100,97,0,0,0,0,0,0,0,0,0,0,0,0,98,97,60,87,57
l21,15=0,0,0,0,0,0,0,0,46,93,5,78,0,0,55,95,92,89,2,97,99,0,97,0,15,0,0,0,23,0,0,0,0,0,61,87,98,92,94,75
l22,15=0,0,0,0,0,0,4,0,44,64,0,48,52,3,0,4,90,49,27,86,98,99,0,0,0,0,47,0,0,0,0,19,0,1,0,77,77,77,76,48
l23,15=0,0,0,0,0,0,0,0,14,70,0,51,98,3,99,96,7,65,0,0,0,0,0,0,100,100,0,0,0,0,0,0,95,97,0,0,0,0,0,0
l24,15=0,0,0,0,0,0,0,0,51,0,0,57,100,95,99,99,93,84,0,0,0,0,0,100,0,90,0,0,0,0,0,0,93,0,0,0,95,0,0,0
l25,15=0,0,0,0,0,0,0,0,0,0,0,59,89,95,96,66,8,61,0,0,0,0,0,99,100,0,56,0,29,0,0,92,95,76,96,0,0,0,0,0
l26,15=0,0,0,0,0,0,0,0,0,0,0,0,0,0,0,0,0,0,0,74,0,0,76,0,0,92,0,94,97,86,98,99,96,5,97,0,0,0,0,0
l27,15=0,0,0,0,0,0,0,0,0,0,0,0,0,0,0,0,0,0,0,0,0,0,0,0,0,0,91,0,97,88,98,98,97,78,97,0,0,0,0,0
l28,15=0,0,0,0,0,0,0,0,0,0,0,0,0,0,0,0,0,0,0,72,0,38,9,0,0,75,94,98,0,88,98,99,96,78,97,0,0,0,0,0
l29,15=0,0,0,0,0,0,0,0,0,0,0,0,0,0,0,0,0,0,0,93,0,0,0,0,0,2,94,98,97,0,98,98,98,78,97,0,0,0,0,0
l30,15=0,0,0,0,0,0,0,0,0,0,0,0,0,0,0,0,0,0,0,0,0,0,0,0,0,0,94,98,97,88,0,97,96,78,0,0,0,0,0,0
l31,15=0,0,0,0,0,0,0,0,0,0,0,0,0,0,0,0,0,0,0,0,0,0,22,0,0,96,94,94,94,85,98,0,99,87,97,0,0,0,0,0
l32,15=0,0,0,0,0,0,0,0,0,0,0,0,72,0,0,0,0,0,0,0,54,0,0,95,97,96,94,94,95,85,98,99,0,87,98,0,0,0,0,0
l33,15=0,0,0,0,0,0,0,0,0,0,0,0,51,0,94,0,59,51,0,0,0,0,13,100,0,96,16,60,94,90,98,100,99,0,100,0,0,0,0,0
l34,15=0,0,0,0,0,0,0,0,0,0,0,0,0,0,44,0,0,11,0,0,3,49,0,0,0,97,91,80,93,78,0,99,99,87,0,0,0,0,0,0
l35,15=0,0,0,0,0,0,0,0,0,0,0,0,14,0,0,40,47,0,0,57,58,39,40,0,0,0,0,0,0,0,0,0,0,0,0,0,97,98,79,93
l36,15=0,0,0,0,0,0,0,0,0,0,0,46,38,0,2,0,61,28,0,71,65,51,51,0,56,0,0,0,0,0,0,0,0,0,0,100,0,90,88,53
l37,15=0,0,0,0,0,0,0,0,0,0,0,0,0,0,0,0,56,0,0,0,19,51,51,0,0,0,0,0,0,0,0,0,0,0,0,93,93,0,82,94
l38,15=0,0,0,0,0,0,0,0,0,0,0,5,30,0,17,65,45,48,0,11,74,51,51,0,0,0,0,0,0,0,0,0,0,0,0,98,98,91,0,53
l39,15=0,0,0,0,0,0,0,0,0,0,0,0,0,0,0,0,46,0,0,71,87,39,49,0,0,0,0,0,0,0,0,0,0,0,0,95,93,90,85,0

