t=2016-04-13_15.22.20

n=40

q0=1
q1=1
q2=1
q3=1
q4=1
q5=1
q6=1
q7=1
q8=1
q9=1
q10=1
q11=1
q12=1
q13=1
q14=1
q15=1
q16=1
q17=1
q18=1
q19=1
q20=1
q21=1
q22=1
q23=1
q24=1
q25=1
q26=1
q27=1
q28=1
q29=1
q30=1
q31=1
q32=1
q33=1
q34=1
q35=1
q36=1
q37=1
q38=1
q39=1

a0=0x141592000c576ce6
a1=0x141592000c5aedbc
a2=0x141592000c5750f4
a3=0x141592000c576658
a4=0x141592000c575890
a5=0x141592000c574ffa
a6=0x141592000c5acf11
a7=0x141592000d9df361
a8=0x141592000c576300
a9=0x141592000c5779b6
a10=0x141592000c5762b9
a11=0x141592000c5af078
a12=0x141592000c575517
a13=0x141592000c5752c3
a14=0x141592000c5a4baa
a15=0x141592000c5776e7
a16=0x141592000c58cdeb
a17=0x141592000c5881fc
a18=0x141592000bd81d33
a19=0x141592000bd84d6a
a20=0x141592000c577233
a21=0x141592000c574527
a22=0x141592000c5746a3
a23=0x141592000c574da3
a24=0x141592000c5741c9
a25=0x141592000da244ea
a26=0x141592000c5ae886
a27=0x141592000c57510e
a28=0x141592000c5ab6c8
a29=0x141592000c574d05
a30=0x141592000edae61f
a31=0x141592000c57667e
a32=0x141592000c577f43
a33=0x141592000c576449
a34=0x1415920010f4117a
a35=0x141592000c575966
a36=0x141592000c574d35
a37=0x141592000c576fb1
a38=0x141592000c5aea5d
a39=0x141592000c59f23f

l0,0=0,84,85,92,87,85,80,61,1,83,77,0,0,0,0,0,0,0,0,0,0,0,0,0,0,0,0,0,0,0,0,0,0,0,0,0,0,0,0,0
l1,0=88,0,88,88,87,86,74,74,80,70,83,0,0,63,0,0,0,0,0,0,0,0,0,0,0,0,0,0,0,0,0,0,0,0,0,0,0,0,0,0
l2,0=75,86,0,85,87,86,91,74,59,79,83,0,0,64,0,0,0,0,0,0,0,0,0,0,0,0,0,0,0,0,0,0,0,0,0,0,0,0,0,0
l3,0=92,85,88,0,89,83,80,70,76,0,70,0,0,0,0,0,0,0,0,0,0,0,0,0,0,0,0,0,0,0,0,0,0,0,0,0,0,0,0,0
l4,0=88,86,89,88,0,85,67,59,69,70,81,0,0,43,0,0,0,0,0,0,0,0,0,0,0,0,0,0,0,0,0,0,0,0,0,0,0,0,0,0
l5,0=88,90,89,78,86,0,87,65,76,81,76,34,0,32,0,0,0,0,0,0,0,0,0,0,0,0,0,0,0,0,0,0,0,0,0,0,0,0,0,0
l6,0=74,65,95,65,61,80,0,77,77,68,68,47,0,39,0,29,46,0,0,0,0,0,0,0,0,0,0,0,0,0,0,0,0,0,0,0,0,0,0,0
l7,0=61,77,78,70,76,79,80,0,82,84,79,60,0,44,0,22,0,0,0,0,0,0,0,0,0,0,0,0,0,0,0,0,0,0,0,0,0,0,0,0
l8,0=0,68,0,34,34,74,76,75,0,91,72,86,69,91,48,68,86,16,0,0,0,41,0,47,70,0,0,0,0,0,0,0,0,0,0,0,0,0,37,0
l9,0=70,48,79,0,38,82,69,83,92,0,85,63,34,82,3,40,45,25,0,0,0,0,10,0,0,0,0,0,0,0,0,0,0,0,0,0,0,0,0,0
l10,0=72,75,80,63,76,79,71,81,72,94,0,68,52,75,0,57,7,0,0,0,0,0,0,0,0,0,0,0,0,0,0,0,0,0,0,0,0,0,0,0
l11,0=0,0,0,0,0,30,54,52,84,71,64,0,88,56,54,90,55,26,0,46,0,14,0,0,69,28,0,0,0,0,0,0,0,0,0,0,41,6,54,0
l12,0=0,0,0,0,0,0,0,0,66,66,25,88,0,86,86,89,83,92,0,0,54,21,1,78,95,84,0,0,0,0,0,0,0,31,0,0,38,0,65,0
l13,0=0,0,39,0,29,5,65,44,92,84,79,89,87,0,87,80,62,62,0,54,0,52,30,70,68,53,0,0,0,0,0,0,0,0,0,0,0,0,56,0
l14,0=0,0,0,0,0,0,0,0,80,5,0,85,84,53,0,48,86,26,0,0,61,0,12,72,85,84,0,0,0,0,0,0,0,35,0,0,32,0,59,0
l15,0=0,0,0,0,0,0,59,26,80,70,67,99,93,54,55,0,52,28,0,0,47,0,13,0,84,0,0,0,0,0,0,0,0,0,0,0,41,0,61,0
l16,0=0,0,0,0,0,0,47,0,75,58,0,80,45,36,53,40,0,28,0,59,50,25,21,41,68,0,0,0,0,0,0,0,0,19,0,19,29,8,68,61
l17,0=0,0,0,0,0,0,0,0,61,66,0,92,92,53,53,49,56,0,0,0,65,22,16,0,70,63,0,0,0,0,0,0,0,32,0,0,46,40,0,0
l18,0=0,0,0,0,0,0,0,0,0,0,0,0,0,0,0,0,0,0,0,0,77,0,66,0,0,0,0,0,0,0,0,0,0,0,0,0,0,0,0,0
l19,0=0,0,0,0,0,0,0,0,1,0,0,19,0,33,0,0,56,0,0,0,82,23,92,0,0,0,11,0,0,11,0,0,0,0,0,0,64,3,42,64
l20,0=0,0,0,0,0,0,0,0,0,0,0,0,31,3,30,15,39,8,77,83,0,82,90,0,0,0,0,0,0,0,0,0,0,0,3,25,54,75,95,93
l21,0=0,0,0,0,0,0,0,0,54,0,2,30,28,55,0,0,82,31,32,46,97,0,90,0,0,0,12,0,0,0,0,4,0,0,0,54,48,43,73,63
l22,0=0,0,0,0,0,0,0,0,33,29,0,0,7,33,19,15,40,6,65,83,97,82,0,0,0,0,11,0,0,0,0,0,19,0,0,30,90,57,64,76
l23,0=0,0,0,0,0,0,0,0,65,0,0,0,81,49,79,0,46,0,0,0,0,0,0,0,87,49,0,0,0,0,0,0,7,20,47,0,0,0,0,0
l24,0=0,0,0,0,0,0,0,0,80,0,0,82,87,51,56,70,53,25,0,0,0,0,0,81,0,81,0,0,0,0,0,0,36,42,40,0,0,0,5,0
l25,0=0,0,0,0,0,0,0,0,23,0,0,36,84,45,88,0,0,21,0,0,0,0,0,40,80,0,21,1,0,0,0,22,44,38,72,0,0,0,0,0
l26,0=0,0,0,0,0,0,0,0,0,0,0,0,0,0,0,0,0,0,0,50,0,40,56,0,0,59,0,75,95,95,83,84,72,70,70,0,0,0,0,0
l27,0=0,0,0,0,0,0,0,0,0,0,0,0,0,0,0,0,0,0,0,0,0,0,0,0,0,1,73,0,95,99,96,73,75,71,73,0,0,0,0,0
l28,0=0,0,0,0,0,0,0,0,0,0,0,0,0,0,0,0,0,0,0,2,0,0,0,0,0,0,81,99,0,99,96,82,74,67,73,0,0,0,0,0
l29,0=0,0,0,0,0,0,0,0,0,0,0,0,0,0,0,0,0,0,0,46,0,0,0,0,0,0,79,100,95,0,96,67,65,65,62,0,0,0,0,0
l30,0=0,0,0,0,0,0,0,0,0,0,0,0,0,0,0,0,0,0,0,0,0,0,0,0,0,0,77,100,95,99,0,69,74,72,0,0,0,0,0,0
l31,0=0,0,0,0,0,0,0,0,0,0,0,0,0,0,0,0,0,0,0,7,0,2,0,24,0,54,75,57,85,76,63,0,85,80,87,0,0,0,0,0
l32,0=0,0,0,0,0,0,0,0,0,0,0,0,0,0,0,0,0,0,0,0,0,0,19,29,42,61,65,50,71,65,67,79,0,82,92,0,0,0,0,0
l33,0=0,0,0,0,0,0,0,0,0,0,0,0,68,0,62,0,66,42,0,0,0,0,0,37,52,68,67,44,79,71,63,78,88,0,77,0,0,0,0,0
l34,0=0,0,0,0,0,0,0,0,0,0,0,0,0,0,1,0,0,0,0,0,51,0,0,54,48,71,64,60,72,69,0,84,94,75,0,0,0,0,0,0
l35,0=0,0,0,0,0,0,0,0,0,0,0,0,0,0,0,0,19,0,0,0,27,19,17,0,0,0,0,0,0,0,0,0,0,0,0,0,44,82,92,66
l36,0=0,0,0,0,0,0,0,0,0,0,0,51,21,0,5,18,24,8,0,64,76,16,29,0,0,0,0,0,0,0,0,0,0,0,0,46,0,79,91,87
l37,0=0,0,0,0,0,0,0,0,0,0,0,0,0,0,0,0,5,4,0,1,70,6,16,0,0,0,0,0,0,0,0,0,0,0,0,49,56,0,0,87
l38,0=0,0,0,0,0,0,0,0,26,0,0,47,40,35,24,36,52,0,0,49,83,25,27,0,0,0,0,0,0,0,0,0,0,0,0,79,64,0,0,89
l39,0=0,0,0,0,0,0,0,0,0,0,0,0,0,0,0,0,31,0,0,58,79,20,27,0,0,0,0,0,0,0,0,0,0,0,0,43,55,80,78,0

l0,1=0,31,75,91,80,79,75,40,53,70,71,0,0,0,0,0,0,0,0,0,0,0,0,0,0,0,0,0,0,0,0,0,0,0,0,0,0,0,0,0
l1,1=41,0,82,85,80,82,71,64,61,69,78,0,0,52,0,0,0,0,0,0,0,0,0,0,0,0,0,0,0,0,0,0,0,0,0,0,0,0,0,0
l2,1=65,89,0,89,74,84,83,68,0,77,84,0,0,0,0,4,0,0,0,0,0,0,0,0,0,0,0,0,0,0,0,0,0,0,0,0,0,0,0,0
l3,1=87,79,78,0,79,79,66,62,0,0,69,0,0,0,0,0,0,0,0,0,0,0,0,0,0,0,0,0,0,0,0,0,0,0,0,0,0,0,0,0
l4,1=74,77,73,84,0,80,60,66,58,68,70,0,0,61,8,0,0,0,0,0,0,0,0,0,0,0,0,0,0,0,0,0,0,0,0,0,0,0,0,0
l5,1=77,86,84,84,80,0,74,76,61,74,78,0,0,17,0,0,0,0,0,0,0,0,0,0,0,0,0,0,0,0,0,0,0,0,0,0,0,0,0,0
l6,1=60,62,79,47,41,67,0,75,53,48,78,45,12,46,0,0,19,0,0,0,0,0,0,0,0,0,0,0,0,0,0,0,0,0,0,0,0,0,0,0
l7,1=30,37,71,59,56,79,74,0,64,71,82,38,12,15,0,1,0,0,0,0,0,0,0,0,0,0,0,0,0,0,0,0,0,0,0,0,0,0,0,0
l8,1=24,44,0,0,45,57,59,65,0,80,74,70,0,75,54,54,45,44,0,0,0,47,19,22,0,0,0,0,0,0,0,0,0,0,0,0,0,0,0,0
l9,1=43,55,74,0,55,77,53,74,79,0,82,69,35,79,33,54,35,50,0,0,0,19,9,0,0,0,0,0,0,0,0,0,0,0,0,0,0,0,0,0
l10,1=53,73,77,67,48,76,69,83,61,79,0,57,0,73,0,32,4,0,0,0,0,9,0,0,0,0,0,0,0,0,0,0,0,0,0,0,0,0,0,0
l11,1=0,0,0,0,0,0,44,29,26,33,31,0,81,81,64,67,48,67,0,14,0,22,0,0,49,0,0,0,0,0,0,0,0,0,0,30,50,0,31,0
l12,1=0,0,0,0,0,0,5,0,0,23,0,79,0,68,72,63,57,74,0,0,24,34,21,65,86,59,0,0,0,0,0,0,0,0,0,0,2,0,33,0
l13,1=0,1,0,0,23,0,42,0,63,74,50,78,69,0,61,39,47,56,0,12,17,36,18,40,47,35,0,0,0,0,0,0,0,0,0,0,0,0,32,0
l14,1=0,0,0,0,24,0,0,0,33,29,0,72,84,63,0,48,59,55,0,0,22,26,8,73,74,62,0,0,0,0,0,0,0,0,0,0,0,0,0,0
l15,1=0,0,1,0,0,0,2,0,34,38,31,86,84,46,50,0,43,64,0,0,12,0,14,19,74,0,0,0,0,0,0,0,0,0,0,0,50,0,5,0
l16,1=0,0,0,0,0,0,16,0,19,5,0,51,48,41,67,32,0,58,0,10,26,35,25,0,45,36,0,0,0,0,0,0,0,1,0,32,43,0,14,9
l17,1=0,0,0,0,0,0,0,0,14,17,0,76,89,48,58,55,60,0,0,0,17,14,10,24,54,37,0,0,0,0,0,0,0,5,0,0,45,1,17,0
l18,1=0,0,0,0,0,0,0,0,0,0,0,0,0,0,0,0,0,0,0,38,55,43,48,0,0,0,0,0,0,0,0,0,0,0,0,0,0,0,0,0
l19,1=0,0,0,0,0,0,0,0,0,0,0,14,0,26,0,0,8,0,35,0,59,33,65,0,0,0,40,0,0,0,0,11,0,0,0,27,46,29,50,41
l20,1=0,0,0,0,0,0,0,0,0,0,0,0,40,29,35,24,45,39,47,64,0,66,63,0,0,0,0,0,0,0,0,0,0,0,0,14,56,38,64,46
l21,1=0,0,0,0,0,0,0,0,24,17,12,35,29,37,30,0,43,26,33,20,69,0,61,0,0,0,23,0,0,0,0,15,0,0,0,50,36,21,60,45
l22,1=0,0,0,0,0,0,0,0,22,12,0,0,39,31,4,27,43,32,37,67,70,56,0,0,0,0,35,0,0,0,0,0,0,0,0,49,57,28,25,47
l23,1=0,0,0,0,0,0,0,0,26,0,0,0,58,59,60,22,0,49,0,0,0,0,0,0,70,52,0,0,0,0,0,0,1,0,55,0,0,0,0,0
l24,1=0,0,0,0,0,0,0,0,0,0,0,57,81,43,64,62,48,50,0,0,0,0,0,74,0,64,0,0,0,0,0,0,22,28,39,0,0,0,0,0
l25,1=0,0,0,0,0,0,0,0,6,0,0,0,56,51,61,0,45,43,0,0,0,0,0,67,65,0,46,0,10,0,0,58,0,34,49,0,0,0,0,0
l26,1=0,0,0,0,0,0,0,0,0,0,0,0,0,0,0,0,0,0,0,49,0,17,45,0,0,42,0,68,72,76,66,84,79,72,62,0,0,0,0,0
l27,1=0,0,0,0,0,0,0,0,0,0,0,0,0,0,0,0,0,0,0,0,0,0,0,0,0,0,74,0,72,80,86,68,70,62,65,0,0,0,0,0
l28,1=0,0,0,0,0,0,0,0,0,0,0,0,0,0,0,0,0,0,0,24,0,0,0,0,0,28,87,85,0,85,72,76,49,61,61,0,0,0,0,0
l29,1=0,0,0,0,0,0,0,0,0,0,0,0,0,0,0,0,0,0,0,0,0,0,0,0,0,0,81,84,72,0,72,70,66,51,62,0,0,0,0,0
l30,1=0,0,0,0,0,0,0,0,0,0,0,0,0,0,0,0,0,0,0,0,0,0,0,0,0,0,72,90,72,85,0,57,55,68,0,0,0,0,0,0
l31,1=0,0,0,0,0,0,0,0,0,0,0,0,0,0,0,0,0,0,0,38,0,6,4,0,0,46,79,49,64,63,45,0,79,68,76,0,0,0,0,0
l32,1=0,0,0,0,0,0,0,0,0,0,0,0,0,0,0,0,5,0,0,0,0,0,0,34,45,0,76,49,44,47,44,78,0,69,83,0,0,0,0,0
l33,1=0,0,0,0,0,0,0,0,0,0,0,0,0,0,0,0,2,44,0,0,0,0,0,0,55,49,74,43,59,29,47,78,78,0,65,0,0,0,0,0
l34,1=0,0,0,0,0,0,0,0,0,0,0,0,0,0,9,0,20,0,0,0,16,0,0,59,62,48,68,59,62,48,0,80,86,63,0,0,0,0,0,0
l35,1=0,0,0,0,0,0,0,0,0,0,0,10,0,0,0,0,18,0,0,6,3,37,27,0,0,0,0,0,0,0,0,0,0,0,0,0,61,37,73,22
l36,1=0,0,0,0,0,0,0,0,0,0,0,41,8,0,0,26,31,21,0,26,29,24,29,0,0,0,0,0,0,0,0,0,0,0,0,57,0,37,55,29
l37,1=0,0,0,0,0,0,0,0,0,0,0,0,0,0,0,0,0,0,0,14,31,23,12,0,0,0,0,0,0,0,0,0,0,0,0,56,62,0,45,35
l38,1=0,0,0,0,0,0,0,0,0,0,0,43,39,30,0,0,19,1,0,25,32,43,19,0,0,0,0,0,0,0,0,0,0,0,0,61,66,37,0,33
l39,1=0,0,0,0,0,0,0,0,0,0,0,0,0,0,0,0,23,0,0,26,28,39,34,0,0,0,0,0,0,0,0,0,0,0,0,38,56,33,39,0

l0,2=0,69,65,65,72,67,75,73,51,73,74,0,0,0,0,0,0,0,0,0,0,0,0,0,0,0,0,0,0,0,0,0,0,0,0,0,0,0,0,0
l1,2=66,0,63,71,74,76,78,63,38,71,81,0,0,0,0,0,0,0,0,0,0,0,0,0,0,0,0,0,0,0,0,0,0,0,0,0,0,0,0,0
l2,2=70,69,0,74,71,83,89,77,35,79,76,0,0,0,0,11,0,0,0,0,0,0,0,0,0,0,0,0,0,0,0,0,0,0,0,0,0,0,0,0
l3,2=78,84,73,0,68,68,69,14,33,34,69,0,0,0,0,0,0,0,0,0,0,0,0,0,0,0,0,0,0,0,0,0,0,0,0,0,0,0,0,0
l4,2=72,72,63,56,0,72,74,75,54,75,0,0,0,0,0,0,0,0,0,0,0,0,0,1,0,0,0,0,0,0,0,0,0,0,0,0,0,0,0,0
l5,2=67,74,72,61,77,0,71,75,58,65,74,0,0,39,0,0,0,0,0,0,0,0,0,0,0,0,0,0,0,0,0,0,0,0,0,0,0,0,0,0
l6,2=62,66,73,38,61,61,0,55,42,53,74,21,25,28,0,22,0,0,0,0,0,0,0,0,0,0,0,0,0,0,0,0,0,0,0,0,0,0,0,0
l7,2=50,55,65,21,67,72,71,0,68,67,83,22,7,58,0,39,0,0,0,0,0,0,0,0,0,0,0,0,0,0,0,0,0,0,0,0,0,0,0,0
l8,2=2,3,0,7,27,46,31,73,0,86,74,45,9,75,13,52,44,42,0,0,0,44,31,0,29,0,0,0,0,0,0,0,0,0,0,0,0,0,1,0
l9,2=46,63,67,14,69,65,73,76,78,0,81,35,32,73,0,47,9,23,0,0,1,8,0,0,0,0,0,0,0,0,0,0,0,0,0,0,0,0,0,0
l10,2=51,66,63,29,0,68,78,81,67,78,0,24,0,69,0,31,0,6,0,0,0,0,0,0,0,0,0,0,0,0,0,0,0,0,0,0,0,0,0,0
l11,2=0,0,0,0,0,0,33,25,51,46,40,0,72,81,68,69,53,82,0,19,19,36,29,42,30,0,0,0,0,0,0,0,0,0,0,20,49,0,33,3
l12,2=0,0,0,0,0,0,15,0,12,48,0,73,0,59,80,64,56,85,0,0,0,40,24,76,85,67,0,0,0,0,0,0,0,0,0,0,0,0,35,0
l13,2=0,0,0,0,0,0,0,34,66,73,63,68,46,0,52,50,51,53,0,34,14,41,34,43,34,20,0,0,0,0,0,0,0,0,0,0,0,0,41,0
l14,2=0,0,0,0,0,0,0,0,37,0,0,55,76,58,0,42,68,54,0,0,23,0,0,83,63,53,0,0,0,0,0,0,0,39,0,0,0,0,33,0
l15,2=0,0,1,0,0,0,21,34,66,50,38,90,75,70,45,0,25,73,0,3,31,0,0,0,67,0,0,0,0,0,0,0,0,0,0,0,25,0,29,21
l16,2=0,0,0,0,0,0,0,0,42,19,0,36,53,50,69,21,0,63,0,33,44,42,54,0,37,25,0,0,0,0,0,0,0,31,0,32,47,0,32,42
l17,2=0,0,0,0,0,0,0,0,45,38,1,78,76,55,49,57,76,0,0,0,30,38,40,38,51,0,0,0,0,0,0,0,0,31,0,0,51,0,32,0
l18,2=0,0,0,0,0,0,0,0,0,0,0,0,0,3,0,0,0,0,0,43,27,47,37,0,0,0,0,0,0,0,0,0,0,0,0,0,0,0,0,0
l19,2=0,0,0,0,0,0,0,0,0,0,0,24,0,40,0,0,31,0,35,0,51,32,68,0,0,0,30,0,0,0,0,40,0,0,0,0,51,18,35,43
l20,2=0,0,0,0,0,0,0,0,0,0,0,9,0,36,20,41,51,30,32,58,0,72,70,0,0,0,0,0,0,0,0,0,0,0,14,34,59,48,52,51
l21,2=0,0,0,0,0,0,0,0,45,31,0,34,33,45,0,0,51,35,38,30,66,0,70,0,0,0,0,0,0,0,0,0,0,30,0,36,59,40,52,51
l22,2=0,0,0,0,0,0,0,0,39,0,0,32,28,39,0,0,50,31,33,68,56,62,0,0,0,0,29,0,0,25,0,5,0,0,0,50,59,37,0,51
l23,2=0,0,0,0,0,0,0,0,0,0,0,50,70,65,74,0,0,59,0,0,0,0,0,0,74,58,0,0,0,0,0,0,0,0,38,0,0,0,0,0
l24,2=0,0,0,0,0,0,0,0,51,0,0,34,71,66,70,60,65,70,0,0,0,0,0,83,0,68,0,0,0,0,0,0,0,41,31,0,42,0,6,0
l25,2=0,0,0,0,0,0,0,0,36,0,0,0,68,57,67,0,57,0,0,0,0,0,0,67,64,0,47,0,0,0,0,60,62,56,45,0,0,0,0,0
l26,2=0,0,0,0,0,0,0,0,0,0,0,0,0,0,0,0,0,0,0,30,0,0,36,0,0,27,0,4,79,78,86,78,81,70,55,0,0,0,0,0
l27,2=0,0,0,0,0,0,0,0,0,0,0,0,0,0,0,0,0,0,0,0,0,0,0,0,0,0,43,0,79,84,90,70,71,64,60,0,0,0,0,0
l28,2=0,0,0,0,0,0,0,0,0,0,0,0,0,0,0,0,0,0,0,0,0,0,0,0,0,0,84,55,0,85,88,73,54,52,46,0,0,0,0,0
l29,2=0,0,0,0,0,0,0,0,0,0,0,0,0,0,0,0,0,0,0,1,0,0,41,0,0,0,78,55,79,0,87,71,68,0,4,0,0,0,0,0
l30,2=0,0,0,0,0,0,0,0,0,0,0,0,0,0,0,0,0,0,0,0,0,0,0,0,0,0,72,76,77,71,0,53,56,53,36,0,0,0,0,0
l31,2=0,0,0,0,0,0,0,0,0,0,0,0,0,0,0,0,0,0,0,41,0,0,13,0,0,33,73,23,69,56,54,0,85,71,66,0,0,0,0,0
l32,2=0,0,0,0,0,0,0,0,0,0,0,0,0,0,0,0,0,0,0,0,0,0,0,0,0,24,69,13,41,50,50,78,0,72,83,0,0,0,0,0
l33,2=0,0,0,0,0,0,0,0,0,0,0,0,0,0,58,0,53,42,0,0,0,40,0,0,41,47,71,23,68,0,53,74,80,0,66,0,0,0,0,0
l34,2=0,0,0,0,0,0,0,0,0,0,0,0,0,0,20,0,16,0,0,0,37,0,0,37,33,34,69,19,61,31,43,77,89,73,0,0,0,0,0,0
l35,2=0,0,0,0,0,0,0,0,0,0,0,2,0,0,0,0,34,0,0,0,30,29,48,0,0,0,0,0,0,0,0,0,0,0,0,0,65,52,57,50
l36,2=0,0,0,0,0,0,0,0,0,0,0,33,0,0,0,4,51,32,0,39,50,50,55,0,9,0,0,0,0,0,0,0,0,0,0,67,0,52,61,51
l37,2=0,0,0,0,0,0,0,0,0,0,0,0,0,0,0,0,0,0,0,4,44,37,29,0,0,0,0,0,0,0,0,0,0,0,0,59,67,0,53,47
l38,2=0,0,0,0,0,0,0,0,5,0,0,27,25,42,20,20,32,23,0,36,56,54,0,0,0,0,0,0,0,0,0,0,0,0,0,67,69,51,0,51
l39,2=0,0,0,0,0,0,0,0,0,0,0,0,0,0,0,0,37,0,0,36,42,44,51,0,0,0,0,0,0,0,0,0,0,0,0,39,51,40,46,0

l0,3=0,74,85,75,76,83,77,32,0,67,0,0,0,0,0,0,0,0,0,0,0,0,0,0,0,0,0,0,0,0,0,0,0,0,0,0,0,0,0,0
l1,3=80,0,85,79,80,88,80,66,68,79,71,0,0,6,0,0,0,0,0,0,0,0,0,0,0,0,0,0,0,0,0,0,0,0,0,0,0,0,0,0
l2,3=80,69,0,81,81,90,89,80,63,76,81,0,0,58,0,0,0,0,0,0,0,0,0,0,0,0,0,0,0,0,0,0,0,0,0,0,0,0,0,0
l3,3=80,76,88,0,77,77,78,0,14,0,70,0,0,0,0,0,0,0,0,0,0,0,0,0,0,0,0,0,0,0,0,0,0,0,0,0,0,0,0,0
l4,3=79,76,87,76,0,89,31,32,33,40,27,0,0,25,0,0,0,0,0,0,0,0,0,0,0,0,0,0,0,0,0,0,0,0,0,0,0,0,0,0
l5,3=81,75,94,63,80,0,78,79,56,71,77,25,4,76,1,0,0,0,0,0,0,0,0,0,0,0,0,0,0,0,0,0,0,0,0,0,0,0,0,0
l6,3=72,68,95,68,69,76,0,77,73,79,87,71,57,63,0,31,64,0,0,0,0,0,0,0,0,0,0,0,0,0,0,0,0,0,0,0,0,0,0,0
l7,3=38,32,85,0,68,86,80,0,84,87,88,0,0,78,0,48,27,0,0,0,0,0,0,0,0,0,0,0,0,0,0,0,0,0,0,0,0,0,0,0
l8,3=0,28,40,1,30,20,33,82,0,87,83,79,30,90,17,73,38,38,0,0,0,32,30,0,32,0,0,0,0,0,0,0,0,0,0,0,0,0,20,0
l9,3=39,35,48,0,35,29,30,81,86,0,90,29,30,91,31,36,0,0,0,0,22,0,0,0,0,0,0,0,0,0,0,0,0,0,0,0,0,0,0,0
l10,3=0,31,86,35,22,82,85,86,82,93,0,34,0,88,18,27,0,0,0,1,0,0,0,0,14,0,0,0,0,0,0,0,0,0,0,0,0,0,5,0
l11,3=0,0,0,0,0,29,73,0,77,67,73,0,92,94,89,89,62,92,0,26,49,49,64,84,79,35,0,0,0,0,0,0,0,0,0,0,72,1,77,0
l12,3=0,0,0,0,0,0,30,0,39,37,0,94,0,45,98,86,33,97,0,23,0,26,24,89,96,88,0,0,0,0,0,0,0,21,0,28,0,0,28,0
l13,3=0,0,24,0,7,28,22,26,86,89,82,94,73,0,0,75,29,72,19,25,24,13,32,37,18,32,0,0,0,0,0,0,0,0,0,0,0,0,27,0
l14,3=0,0,0,0,0,1,0,0,34,34,24,93,94,1,0,28,38,29,0,0,18,0,0,93,93,71,0,0,0,0,0,0,0,23,0,0,0,0,31,0
l15,3=0,0,0,0,0,0,21,28,82,46,34,96,92,88,35,0,56,82,0,15,35,17,0,31,87,0,0,0,0,0,0,0,0,0,0,0,0,0,28,26
l16,3=0,0,0,0,0,0,27,11,41,0,0,28,55,38,79,37,0,87,18,0,81,34,73,13,31,33,0,0,0,0,0,0,0,29,0,4,36,24,27,38
l17,3=0,0,0,0,0,0,0,0,75,0,0,92,94,86,37,76,89,0,0,0,62,28,36,53,89,0,0,0,0,0,0,0,0,5,0,26,70,8,63,28
l18,3=0,0,0,0,0,0,0,0,0,0,0,0,0,57,0,0,49,0,0,53,54,16,54,0,0,0,0,0,0,0,0,0,0,0,0,0,0,0,0,0
l19,3=0,0,0,0,0,0,0,0,0,0,0,0,36,44,0,1,0,0,48,0,90,90,92,0,0,0,0,0,0,40,0,44,0,0,0,8,84,40,45,55
l20,3=0,0,0,0,0,0,0,0,0,42,0,38,0,63,16,66,88,58,30,77,0,90,92,0,48,0,0,0,0,0,0,0,0,0,23,69,83,82,81,83
l21,3=0,0,0,0,0,0,0,0,81,6,0,67,79,57,0,42,88,60,39,75,92,0,86,0,0,0,0,0,0,0,0,0,0,41,2,42,87,86,80,82
l22,3=0,0,0,0,0,0,0,0,52,0,0,54,37,61,0,0,84,46,35,81,93,90,0,0,0,0,48,0,0,53,0,0,0,0,0,86,82,0,77,84
l23,3=0,0,0,0,0,0,0,0,0,0,0,38,87,44,92,26,2,31,0,0,0,0,0,0,91,87,0,0,0,0,0,0,0,24,0,0,0,0,0,0
l24,3=0,0,0,0,0,0,0,0,52,0,9,80,91,33,90,80,77,86,0,0,25,0,0,90,0,84,0,0,0,0,0,0,0,71,0,0,27,0,22,0
l25,3=0,0,0,0,0,0,0,0,0,0,0,26,88,39,92,0,30,0,0,0,0,0,0,89,90,0,12,0,0,5,0,35,35,89,68,0,0,0,0,0
l26,3=0,0,0,0,0,0,0,0,0,0,0,0,0,0,0,0,0,0,0,0,0,0,61,0,0,42,0,67,99,96,97,93,90,54,89,0,0,0,0,0
l27,3=0,0,0,0,0,0,0,0,0,0,0,0,0,0,0,0,0,0,0,0,0,0,0,0,0,0,84,0,99,97,99,89,86,7,34,0,0,0,0,0
l28,3=0,0,0,0,0,0,0,0,0,0,0,0,0,0,0,0,0,0,0,0,0,0,0,0,0,0,94,100,0,97,93,87,76,81,79,0,0,0,0,0
l29,3=0,0,0,0,0,0,0,0,0,0,0,0,0,0,0,0,0,0,0,43,0,0,58,0,0,7,93,99,99,0,98,78,74,54,65,0,0,0,0,0
l30,3=0,0,0,0,0,0,0,0,0,0,0,0,0,0,0,0,0,0,0,0,0,0,0,0,0,0,91,100,91,93,0,77,84,63,0,0,0,0,0,0
l31,3=0,0,0,0,0,0,0,0,0,0,0,0,0,0,0,0,0,0,0,48,0,0,0,39,0,70,91,78,82,79,65,0,94,91,91,0,0,0,0,0
l32,3=0,0,0,0,0,0,0,0,0,0,0,0,0,0,0,0,0,0,0,0,0,0,0,0,0,75,79,66,76,79,79,96,0,90,95,0,0,0,0,0
l33,3=0,0,0,0,0,0,0,0,0,0,0,0,61,0,39,0,65,1,0,0,0,43,0,68,81,83,54,0,86,64,66,85,86,0,89,0,0,0,0,0
l34,3=0,0,0,0,0,0,0,0,0,0,0,0,0,0,1,0,0,0,0,0,59,14,0,35,0,79,76,25,80,79,30,92,95,93,0,0,0,0,0,0
l35,3=0,0,0,0,0,0,0,0,0,0,0,0,25,0,0,0,0,5,0,2,34,3,72,0,0,0,0,0,0,0,0,0,0,0,0,0,83,85,81,84
l36,3=0,0,0,0,0,0,0,0,0,0,0,46,8,0,0,0,76,67,0,60,78,71,68,0,30,0,0,0,0,0,0,0,0,0,0,89,0,87,86,74
l37,3=0,0,0,0,0,0,0,0,0,0,0,0,0,0,0,0,35,1,0,34,84,74,0,0,0,0,0,0,0,0,0,0,0,0,0,89,83,0,73,75
l38,3=0,0,0,0,0,0,0,0,18,0,0,73,61,67,78,47,72,60,0,40,92,72,77,0,36,0,0,0,0,0,0,0,0,0,0,91,88,80,0,79
l39,3=0,0,0,0,0,0,0,0,0,0,0,0,0,0,0,17,76,14,0,26,84,76,76,0,0,0,0,0,0,0,0,0,0,0,0,88,79,78,84,0

l0,4=0,82,68,89,76,86,70,57,61,80,64,0,0,0,0,0,0,0,0,0,0,0,0,0,0,0,0,0,0,0,0,0,0,0,0,0,0,0,0,0
l1,4=78,0,84,89,90,87,91,62,79,80,72,0,0,35,0,0,0,0,0,0,0,0,0,59,0,0,0,0,0,0,0,0,0,0,0,0,0,0,0,0
l2,4=77,89,0,89,89,91,90,87,0,83,87,0,0,82,0,0,0,0,0,0,0,0,0,0,0,0,0,0,0,0,0,0,0,0,0,0,0,0,0,0
l3,4=85,89,84,0,90,79,88,0,0,0,75,0,0,0,0,0,0,0,0,0,0,0,0,0,0,0,0,0,0,0,0,0,0,0,0,0,0,0,0,0
l4,4=63,89,78,85,0,80,67,68,81,77,18,0,0,53,0,0,0,0,0,0,0,0,0,0,0,0,0,0,0,0,0,0,0,0,0,0,0,0,0,0
l5,4=79,84,89,84,87,0,85,89,1,83,82,0,0,88,0,63,0,0,0,0,0,0,0,0,0,0,0,0,0,0,0,0,0,0,0,0,0,0,0,0
l6,4=71,89,83,83,79,81,0,93,83,84,88,78,66,0,0,72,70,0,0,0,0,0,0,0,0,0,0,0,0,0,0,0,0,0,0,0,0,0,0,0
l7,4=65,75,80,0,88,86,89,0,90,89,91,70,4,0,2,77,1,0,0,0,0,0,0,0,0,0,0,0,0,0,0,0,0,0,0,0,0,0,0,0
l8,4=12,66,0,0,76,0,60,80,0,89,72,78,72,92,51,83,72,75,0,0,54,75,74,0,34,0,0,0,0,0,0,0,0,0,0,0,0,0,0,0
l9,4=67,75,59,0,77,63,86,91,90,0,91,82,0,90,1,69,0,77,0,0,65,0,79,0,0,0,0,0,0,0,0,0,0,0,0,0,0,0,0,0
l10,4=58,67,76,74,60,80,88,93,84,89,0,76,68,89,52,79,0,69,0,0,0,0,0,3,0,0,0,0,0,0,0,0,0,0,0,0,0,0,0,0
l11,4=0,0,0,0,0,0,74,76,83,80,74,0,83,89,74,95,76,81,0,0,33,79,84,84,70,66,0,0,0,0,0,0,0,0,0,26,77,0,78,0
l12,4=0,0,0,0,0,0,13,0,78,0,64,85,0,90,86,86,80,96,0,5,58,0,0,85,88,86,0,0,0,0,0,0,28,45,0,0,49,0,67,0
l13,4=0,0,27,0,8,57,0,0,89,81,73,80,75,0,54,84,75,80,0,53,67,60,79,76,0,74,0,0,0,0,0,0,0,0,0,0,0,0,57,0
l14,4=0,0,0,0,0,0,0,0,79,2,72,85,90,87,0,0,82,76,0,0,84,0,0,90,95,82,0,0,0,0,0,0,0,74,70,0,17,0,79,0
l15,4=0,0,0,0,0,54,62,80,84,74,72,90,82,94,0,0,75,79,0,22,82,65,77,74,85,52,0,0,0,0,0,0,0,0,0,0,73,0,77,0
l16,4=0,0,0,0,0,0,66,0,83,0,0,79,86,89,76,82,0,92,71,78,88,81,87,68,82,77,0,0,0,0,0,0,0,22,0,73,73,0,83,82
l17,4=0,0,0,0,0,0,0,0,79,80,60,87,90,92,66,80,94,0,0,0,85,64,83,64,88,46,0,0,0,0,0,0,0,0,0,66,81,0,63,71
l18,4=0,0,0,0,0,0,0,0,0,0,0,0,0,0,0,0,85,0,0,84,27,83,89,0,0,0,0,0,0,0,0,0,0,0,0,0,0,0,0,0
l19,4=0,0,0,0,0,0,0,0,0,0,0,0,14,65,0,1,83,0,75,0,92,85,94,0,0,0,0,0,40,0,0,0,0,0,0,0,80,68,68,84
l20,4=0,0,0,0,0,0,0,0,51,73,0,0,54,81,69,77,83,80,17,91,0,87,94,0,75,0,0,0,12,0,0,0,50,0,0,0,89,77,87,83
l21,4=0,0,0,0,0,0,0,0,77,0,0,73,0,75,0,76,88,71,76,91,92,0,93,0,63,0,0,0,0,0,0,0,0,0,0,54,83,76,77,88
l22,4=0,0,0,0,0,0,0,0,68,79,0,63,0,83,0,60,87,61,71,98,94,87,0,0,0,0,79,0,0,47,0,1,0,48,0,73,88,77,87,79
l23,4=0,0,0,0,0,0,0,0,0,0,0,75,89,87,89,80,69,23,0,0,0,0,0,0,93,90,0,0,0,0,0,0,0,78,78,0,0,0,0,0
l24,4=0,0,0,0,0,0,0,0,53,0,0,65,89,0,88,90,74,89,0,0,70,52,0,97,0,84,0,0,0,0,0,0,0,71,0,0,0,0,0,0
l25,4=0,0,0,0,0,0,0,0,0,0,0,42,90,80,90,49,68,43,0,0,0,0,0,97,93,0,0,0,0,49,0,53,76,87,83,0,0,0,0,0
l26,4=0,0,0,0,0,0,0,0,0,0,0,0,0,0,0,0,0,0,0,0,0,0,90,0,0,0,0,81,100,100,99,100,99,76,99,0,0,0,0,0
l27,4=0,0,0,0,0,0,0,0,0,0,0,0,0,0,0,0,0,0,0,0,0,0,0,0,0,0,99,0,100,100,100,97,90,0,69,0,0,0,0,0
l28,4=0,0,0,0,0,0,0,0,0,0,0,0,0,0,0,0,0,0,0,85,71,0,0,0,0,0,100,100,0,100,85,91,97,90,91,0,0,0,0,0
l29,4=0,0,0,0,0,0,0,0,0,0,0,0,0,0,0,0,0,0,0,2,0,0,76,0,0,70,100,100,100,0,99,87,85,81,86,0,0,0,0,0
l30,4=0,0,0,0,0,0,0,0,0,0,0,0,0,0,0,0,0,0,0,0,0,0,0,0,0,0,100,100,97,100,0,97,89,83,0,0,0,0,0,0
l31,4=0,0,0,0,0,0,0,0,0,0,0,0,0,0,0,0,0,0,0,0,0,0,2,0,0,74,100,75,70,74,71,0,99,99,100,0,0,0,0,0
l32,4=0,0,0,0,0,0,0,0,0,0,0,0,71,0,0,0,0,0,0,0,74,0,0,0,0,85,90,74,91,85,78,100,0,95,100,0,0,0,0,0
l33,4=0,0,0,0,0,0,0,0,0,0,0,0,58,0,63,0,27,0,0,0,0,0,55,88,80,86,73,0,79,69,62,96,97,0,100,0,0,0,0,0
l34,4=0,0,0,0,0,0,0,0,0,0,0,0,0,0,67,0,34,0,0,0,2,0,0,87,42,86,92,62,87,82,0,100,100,99,0,0,0,0,0,0
l35,4=0,0,0,0,0,0,0,0,0,0,0,0,0,0,0,0,85,35,0,0,0,2,85,0,0,0,0,0,0,0,0,0,0,0,0,0,82,84,84,88
l36,4=0,0,0,0,0,0,0,0,0,0,0,52,48,0,0,56,60,72,0,75,84,69,84,0,0,0,0,0,0,0,0,0,0,0,0,77,0,82,85,84
l37,4=0,0,0,0,0,0,0,0,0,0,0,0,0,0,0,0,0,0,0,75,82,69,83,0,0,0,0,0,0,0,0,0,0,0,0,81,80,0,81,78
l38,4=0,0,0,0,0,0,0,0,0,0,0,75,68,38,67,78,88,42,0,57,91,72,88,0,0,0,0,0,0,0,0,0,0,0,0,85,88,81,0,87
l39,4=0,0,0,0,0,0,0,0,0,0,0,0,0,0,0,0,82,51,0,75,86,72,70,0,0,0,0,0,0,0,0,0,0,0,0,81,82,61,84,0

l0,5=0,64,71,81,79,74,77,72,40,60,58,0,0,0,0,0,0,0,0,0,0,0,0,0,0,0,0,0,0,0,0,0,0,0,0,0,0,0,0,0
l1,5=73,0,82,78,90,81,89,72,0,62,58,0,0,0,0,0,0,0,0,0,0,0,0,43,0,0,0,0,0,0,0,0,0,0,0,0,0,0,0,0
l2,5=73,76,0,75,83,79,85,33,0,62,58,0,0,0,0,0,0,0,0,0,0,0,0,0,0,0,0,0,0,0,0,0,0,0,0,0,0,0,0,0
l3,5=88,69,78,0,90,67,72,0,0,52,48,0,0,0,0,0,0,0,0,0,0,0,0,0,0,0,0,0,0,0,0,0,0,0,0,0,0,0,0,0
l4,5=68,77,78,83,0,75,75,72,69,50,56,0,0,62,0,10,0,0,0,0,0,0,0,0,0,0,0,0,0,0,0,0,0,0,0,0,0,0,0,0
l5,5=73,69,79,72,88,0,77,75,71,69,58,40,0,60,0,0,0,0,0,0,0,0,0,0,0,0,0,0,0,0,0,0,0,0,0,0,0,0,0,0
l6,5=73,71,74,69,77,67,0,76,69,63,61,65,0,0,0,0,54,0,0,0,0,0,0,0,0,0,0,0,0,0,0,0,0,0,0,0,0,0,0,0
l7,5=71,65,15,0,79,67,77,0,71,60,67,77,1,0,0,61,0,0,0,0,0,0,0,0,0,0,0,0,0,0,0,0,0,0,0,0,0,0,0,0
l8,5=0,0,0,0,68,43,67,75,0,79,59,68,14,82,41,36,54,59,0,0,9,59,49,32,26,0,0,0,0,0,0,0,0,0,0,0,0,0,0,0
l9,5=40,38,64,63,68,67,77,75,77,0,61,81,3,74,0,61,43,66,0,0,16,0,51,0,20,0,0,0,0,0,0,0,0,0,0,0,0,0,47,0
l10,5=60,52,70,61,71,67,77,76,73,84,0,77,1,61,51,53,0,39,0,0,0,0,0,0,0,0,0,0,0,0,0,0,0,0,0,0,0,0,0,0
l11,5=0,0,0,0,0,31,55,55,78,73,35,0,26,76,58,86,65,81,0,0,16,37,0,38,22,13,0,0,0,0,0,0,0,0,0,0,30,41,75,0
l12,5=0,0,0,0,0,0,0,0,32,1,0,57,0,60,84,38,72,85,0,0,19,0,3,61,49,47,0,0,0,0,0,0,35,37,0,9,25,0,53,0
l13,5=0,0,0,0,46,28,0,0,79,73,27,72,24,0,47,69,58,75,0,8,19,0,41,43,0,16,0,0,0,0,0,0,0,0,0,15,4,0,0,0
l14,5=0,0,0,0,0,0,0,0,47,0,21,31,74,69,0,32,65,70,0,0,21,0,21,79,85,28,0,0,0,0,0,2,0,58,13,0,0,0,64,0
l15,5=0,0,0,0,23,0,0,62,61,50,29,90,41,89,44,0,50,67,0,0,18,48,41,48,32,17,0,0,0,0,0,0,0,0,0,0,28,0,70,7
l16,5=0,0,0,0,0,0,31,0,46,21,0,28,27,56,49,24,0,84,0,24,22,55,52,0,24,18,0,0,0,0,0,16,0,0,14,30,19,39,75,24
l17,5=0,0,0,0,0,0,0,0,57,43,18,30,74,75,50,39,76,0,0,7,26,38,3,8,30,17,0,0,0,0,0,0,0,0,0,24,34,11,0,15
l18,5=0,0,0,0,0,0,0,0,0,0,0,0,0,0,0,0,0,0,0,44,0,66,42,0,0,0,0,0,0,0,0,0,0,0,0,0,0,0,0,0
l19,5=0,0,0,0,0,0,0,0,0,0,0,0,0,5,0,0,47,0,22,0,80,69,76,0,0,0,0,0,18,15,0,12,0,0,0,27,35,26,0,67
l20,5=0,0,0,0,0,0,0,0,11,12,0,4,20,26,35,18,30,45,0,80,0,74,76,0,21,0,24,0,1,0,0,0,32,0,1,0,49,60,80,26
l21,5=0,0,0,0,0,0,0,0,38,4,0,13,0,18,0,19,45,22,39,70,83,0,65,0,12,0,0,0,0,0,0,3,0,0,0,36,36,45,59,59
l22,5=0,0,0,0,0,0,0,0,32,24,0,0,3,29,16,15,43,0,24,81,82,68,0,0,0,0,33,0,0,0,0,0,0,0,0,30,47,61,77,30
l23,5=0,0,0,0,0,0,0,0,34,0,0,59,65,61,76,50,0,0,0,0,0,0,0,0,84,74,0,0,0,0,0,0,0,57,56,0,0,0,0,0
l24,5=0,0,0,0,0,0,0,0,54,23,0,18,74,0,85,69,63,67,0,0,19,37,0,89,0,72,0,0,0,0,0,0,0,55,13,0,0,0,0,0
l25,5=0,0,0,0,0,0,0,0,1,0,0,12,70,42,74,25,56,43,0,0,0,0,0,87,76,0,0,0,0,14,0,0,65,74,29,0,0,0,0,0
l26,5=0,0,0,0,0,0,0,0,0,0,0,0,0,0,0,0,0,0,0,8,46,0,42,0,0,0,0,68,87,94,81,80,77,53,54,0,0,0,0,0
l27,5=0,0,0,0,0,0,0,0,0,0,0,0,0,0,0,0,0,0,0,0,0,0,0,0,0,0,73,0,81,87,88,67,72,0,0,0,0,0,0,0
l28,5=0,0,0,0,0,0,0,0,0,0,0,0,0,0,0,0,0,0,0,58,51,0,0,0,0,0,80,87,0,94,88,73,78,76,60,0,0,0,0,0
l29,5=0,0,0,0,0,0,0,0,0,0,0,0,0,0,0,0,0,0,0,52,0,0,0,0,0,22,79,86,87,0,87,49,66,55,50,0,0,0,0,0
l30,5=0,0,0,0,0,0,0,0,0,0,0,0,0,0,0,0,0,0,0,0,0,0,0,0,0,0,79,87,87,91,0,63,4,66,0,0,0,0,0,0
l31,5=0,0,0,0,0,0,0,0,0,0,0,0,0,0,4,0,26,0,0,35,0,0,0,0,0,0,72,54,52,46,50,0,84,75,68,0,0,0,0,0
l32,5=0,0,0,0,0,0,0,0,0,0,0,0,30,0,0,0,0,0,0,0,33,0,0,0,0,62,69,59,66,70,17,84,0,76,81,0,0,0,0,0
l33,5=0,0,0,0,0,0,0,0,0,0,0,0,19,0,62,0,5,0,0,0,2,0,0,66,42,61,58,0,58,45,59,68,66,0,63,0,0,0,0,0
l34,5=0,0,0,0,0,0,0,0,0,0,0,0,41,0,51,0,40,0,0,0,46,0,0,63,47,50,56,0,54,58,0,81,87,87,0,0,0,0,0,0
l35,5=0,0,0,0,0,0,0,0,0,0,0,0,8,9,0,0,17,9,0,17,0,50,25,0,0,0,0,0,0,0,0,0,0,0,0,0,34,64,52,40
l36,5=0,0,0,0,0,0,0,0,0,0,0,17,8,1,0,17,17,34,0,23,26,48,51,0,0,0,0,0,0,0,0,0,0,0,0,37,0,70,67,57
l37,5=0,0,0,0,0,0,0,0,0,0,0,2,0,0,0,0,15,0,0,12,42,31,33,0,0,0,0,0,0,0,0,0,0,0,0,37,46,0,55,22
l38,5=0,0,0,0,0,0,0,0,0,18,0,20,15,0,38,32,56,0,0,0,48,63,60,0,0,0,0,0,0,0,0,0,0,0,0,42,44,72,0,54
l39,5=0,0,0,0,0,0,0,0,0,0,0,0,0,0,0,0,15,0,0,24,23,55,0,0,0,0,0,0,0,0,0,0,0,0,0,39,47,37,64,0

l0,6=0,89,77,74,73,91,57,46,0,18,67,0,0,0,0,0,0,0,0,0,0,0,0,0,0,0,0,0,0,0,0,0,0,0,0,0,0,0,0,0
l1,6=83,0,89,71,84,87,63,15,10,62,52,0,0,0,0,0,0,0,0,0,0,0,0,8,0,0,0,0,0,0,0,0,0,0,0,0,0,0,0,0
l2,6=62,84,0,68,79,87,58,43,0,69,69,0,0,0,0,0,0,0,0,0,0,0,0,0,0,0,0,0,0,0,0,0,0,0,0,0,0,0,0,0
l3,6=82,84,84,0,84,82,52,0,0,43,0,0,0,0,0,0,0,0,0,0,0,0,0,0,0,0,0,0,0,0,0,0,0,0,0,0,0,0,0,0
l4,6=57,89,82,79,0,82,57,12,50,2,56,0,0,41,0,0,0,0,0,0,0,0,0,0,0,0,0,0,0,0,0,0,0,0,0,0,0,0,0,0
l5,6=79,77,82,64,74,0,57,63,56,64,70,0,0,28,0,0,0,0,0,0,0,0,0,0,0,0,0,0,0,0,0,0,0,0,0,0,0,0,0,0
l6,6=67,72,74,52,63,66,0,63,55,64,70,62,0,18,0,0,34,0,0,0,0,0,2,0,0,0,0,0,0,0,0,0,0,0,0,0,0,0,0,0
l7,6=39,22,65,0,40,82,57,0,67,60,71,55,0,0,0,67,0,0,0,0,0,0,0,0,0,0,0,0,0,0,0,0,0,0,0,0,0,0,0,0
l8,6=0,0,0,0,43,36,28,46,0,64,68,65,28,75,38,48,28,51,0,0,33,30,30,2,22,0,0,0,0,0,0,0,0,0,0,0,0,0,0,0
l9,6=9,59,64,46,0,75,53,48,74,0,70,58,28,69,41,58,23,19,0,0,2,0,19,0,0,0,0,0,0,0,0,0,0,0,0,0,0,0,4,0
l10,6=51,33,65,12,59,66,56,64,74,68,0,63,0,56,0,57,22,0,0,0,0,0,0,0,0,0,0,0,0,0,0,0,0,0,0,0,0,0,0,0
l11,6=0,0,0,0,0,0,20,13,51,33,42,0,55,45,54,78,28,29,0,0,15,0,0,0,26,7,0,0,0,0,0,0,0,0,0,0,10,11,38,0
l12,6=0,0,0,0,0,0,0,0,30,28,0,64,0,39,64,64,55,38,0,0,23,0,0,51,71,67,0,0,0,0,0,0,0,32,18,0,4,0,17,0
l13,6=0,0,0,0,27,0,7,0,75,60,35,55,34,0,52,68,17,28,0,26,20,0,24,28,25,14,0,0,0,0,0,0,0,0,0,8,28,0,25,0
l14,6=0,0,0,0,0,0,0,0,33,28,0,58,57,50,0,43,26,32,0,0,30,0,26,47,63,28,0,0,0,0,0,0,0,37,0,0,10,0,31,0
l15,6=0,0,0,0,0,0,0,17,35,48,39,75,54,66,48,0,26,32,0,0,13,35,26,42,35,16,0,0,0,0,0,0,0,0,0,0,22,0,34,0
l16,6=0,0,0,0,0,0,10,0,27,24,31,44,52,36,40,38,0,36,9,20,31,36,30,18,27,8,0,0,0,0,0,2,0,0,15,4,25,21,42,13
l17,6=0,0,0,0,0,0,0,0,42,26,0,59,56,57,57,59,39,0,0,0,45,33,0,0,31,15,0,0,0,0,0,0,0,23,0,0,17,5,41,0
l18,6=0,0,0,0,0,0,0,0,0,0,0,0,0,3,0,0,31,0,0,38,0,35,0,0,0,0,0,0,0,0,0,0,0,0,0,0,0,0,0,0
l19,6=0,0,0,0,0,0,0,0,0,0,0,0,0,34,0,0,26,0,32,0,56,47,50,0,0,0,3,0,0,18,0,27,0,0,0,7,44,0,0,41
l20,6=0,0,0,0,0,0,0,0,28,0,0,0,21,25,31,1,19,22,0,61,0,60,52,0,8,0,19,0,0,0,0,16,0,22,0,19,37,24,45,31
l21,6=0,0,0,0,0,0,0,0,34,1,0,0,0,0,0,33,40,12,26,54,61,0,45,0,1,0,0,0,0,0,0,0,0,0,0,47,28,29,45,44
l22,6=0,0,0,0,0,0,0,0,29,20,0,0,1,33,32,30,30,0,0,58,60,52,0,0,0,0,29,0,0,1,0,0,0,0,0,17,57,38,44,39
l23,6=0,0,0,0,0,0,0,0,0,0,0,0,42,40,60,38,11,0,0,0,0,0,0,0,71,69,0,0,0,0,0,12,0,30,35,0,0,0,0,0
l24,6=0,0,0,0,0,0,0,0,36,0,0,41,62,41,52,44,42,39,0,0,24,0,0,60,0,47,0,0,0,0,0,0,0,30,24,0,0,0,0,0
l25,6=0,0,0,0,0,0,0,0,5,0,0,29,55,36,56,32,15,15,0,0,0,0,0,53,57,0,1,0,0,0,0,0,33,45,0,0,0,0,0,0
l26,6=0,0,0,0,0,0,0,0,0,0,0,0,0,0,0,0,0,0,0,5,28,0,25,0,0,0,0,52,69,71,65,66,72,29,40,0,0,0,0,0
l27,6=0,0,0,0,0,0,0,0,0,0,0,0,0,0,0,0,0,0,0,0,0,0,0,0,0,0,62,0,65,71,85,49,31,0,0,0,0,0,0,0
l28,6=0,0,0,0,0,0,0,0,0,0,0,0,0,0,0,0,0,0,0,17,5,0,0,0,0,0,73,74,0,76,81,63,49,56,51,0,0,0,0,0
l29,6=0,0,0,0,0,0,0,0,0,0,0,0,0,0,0,0,0,0,0,27,0,0,6,0,0,0,69,80,70,0,31,34,33,32,29,0,0,0,0,0
l30,6=0,0,0,0,0,0,0,0,0,0,0,0,0,0,0,0,0,0,0,0,0,0,0,0,0,0,66,83,65,43,0,43,0,0,33,0,0,0,0,0
l31,6=0,0,0,0,0,0,0,0,0,0,0,0,0,0,0,0,5,0,0,34,30,0,0,18,0,0,64,36,37,29,36,0,68,67,67,0,0,0,0,0
l32,6=0,0,0,0,0,0,0,0,0,0,0,0,5,0,0,0,0,0,0,0,0,0,0,0,0,30,63,31,40,29,1,66,0,73,84,0,0,0,0,0
l33,6=0,0,0,0,0,0,0,0,0,0,0,0,36,0,41,0,0,26,0,0,32,0,0,38,44,50,38,0,38,30,26,57,55,0,59,0,0,0,0,0
l34,6=0,0,0,0,0,0,0,0,0,0,0,0,30,0,0,0,31,0,0,0,0,0,0,41,34,1,47,0,38,22,31,58,84,66,0,0,0,0,0,0
l35,6=0,0,0,0,0,0,0,0,0,0,0,0,0,21,0,0,14,0,0,0,40,40,23,0,0,0,0,0,0,0,0,0,0,0,0,0,35,51,42,34
l36,6=0,0,0,0,0,0,0,0,0,0,0,27,16,29,2,23,25,1,0,25,43,33,36,0,0,0,0,0,0,0,0,0,0,0,0,27,0,58,48,36
l37,6=0,0,0,0,0,0,0,0,0,0,0,1,0,0,0,0,5,0,0,0,30,16,31,0,0,0,0,0,0,0,0,0,0,0,0,29,69,0,45,25
l38,6=0,0,0,0,0,0,0,0,0,4,0,40,9,34,32,38,32,14,0,0,48,44,38,0,0,0,0,0,0,0,0,0,0,0,0,26,42,47,0,36
l39,6=0,0,0,0,0,0,0,0,0,0,0,0,0,0,0,0,13,0,0,43,40,44,32,0,0,0,0,0,0,0,0,0,0,0,0,44,69,39,44,0

l0,7=0,94,79,91,91,94,83,0,76,64,60,0,0,0,0,0,0,0,0,0,0,0,0,6,0,0,0,0,0,0,0,0,0,0,0,0,0,0,0,0
l1,7=86,0,89,91,91,91,87,89,0,68,48,0,0,0,0,0,0,0,0,0,0,0,0,0,0,0,0,0,0,0,0,0,0,0,0,0,0,0,0,0
l2,7=83,91,0,86,90,91,87,81,79,69,0,0,0,0,0,0,0,0,0,0,0,0,0,0,0,0,0,0,0,0,0,0,0,0,0,0,0,0,0,0
l3,7=86,91,81,0,96,91,76,0,61,44,44,0,0,0,0,0,0,0,0,0,0,0,0,0,0,0,0,0,0,0,0,0,0,0,0,0,0,0,0,0
l4,7=86,91,83,95,0,91,85,34,87,9,64,0,0,66,0,0,0,0,0,0,0,0,0,0,3,0,0,0,0,0,0,0,0,0,0,0,0,0,0,0
l5,7=86,91,78,83,90,0,87,89,81,71,65,0,0,27,0,8,0,0,0,0,0,0,0,0,0,0,0,0,0,0,0,0,0,0,0,0,0,0,0,0
l6,7=67,91,83,53,89,90,0,89,0,71,65,25,0,42,0,0,29,0,0,0,0,0,0,0,0,0,0,0,0,0,0,0,0,0,0,0,0,0,0,0
l7,7=1,87,58,14,19,91,87,0,80,71,69,8,10,47,0,51,0,3,0,0,0,0,0,0,0,0,0,0,0,0,0,0,0,0,0,0,0,0,0,0
l8,7=21,0,47,40,26,28,0,78,0,73,72,48,29,73,45,61,41,60,0,1,10,2,15,0,14,0,0,0,0,0,0,0,0,0,0,0,0,0,0,0
l9,7=15,50,62,25,3,41,85,89,87,0,71,35,23,69,28,59,8,8,0,0,24,6,8,1,8,10,0,0,0,0,0,0,0,0,0,0,0,0,31,0
l10,7=35,54,0,42,65,83,81,89,87,74,0,58,0,7,0,54,45,0,0,0,0,0,0,0,0,0,0,0,0,0,0,0,0,0,0,0,0,0,0,0
l11,7=0,0,0,0,0,0,20,11,63,21,17,0,59,25,38,74,49,47,0,0,25,1,11,13,16,7,0,0,0,0,0,0,0,0,0,12,2,0,44,9
l12,7=0,0,0,0,0,0,0,0,34,10,0,51,0,11,50,66,63,51,0,2,26,18,0,22,76,75,0,0,0,0,0,0,0,21,17,0,0,0,29,0
l13,7=0,0,0,0,12,7,28,39,86,36,9,35,20,0,41,66,40,50,0,0,25,4,6,14,16,33,0,0,0,0,0,0,0,0,0,11,5,0,37,0
l14,7=0,0,0,0,0,0,0,0,36,16,0,24,55,23,0,42,44,59,0,0,27,26,10,60,30,49,0,0,0,0,0,0,0,19,0,0,0,0,32,0
l15,7=0,0,0,0,1,1,0,41,62,27,19,76,63,49,43,0,37,53,0,0,27,28,12,24,17,31,0,0,0,0,0,0,0,0,0,0,15,4,50,0
l16,7=0,0,0,0,0,0,20,0,36,7,18,25,35,17,42,31,0,53,26,12,36,30,11,20,24,25,0,0,0,0,0,0,10,15,0,15,15,14,49,19
l17,7=0,0,0,0,0,0,0,0,47,13,0,26,34,22,52,40,51,0,0,0,37,30,0,17,29,0,0,0,0,0,0,0,0,23,0,0,17,0,52,0
l18,7=0,0,0,0,0,0,0,0,0,0,0,0,0,0,0,0,30,0,0,43,40,25,0,0,0,0,0,0,0,0,0,0,0,0,0,0,0,0,0,0
l19,7=0,0,0,0,0,0,0,0,5,0,0,0,12,0,0,0,10,0,28,0,59,50,67,0,0,0,0,0,12,27,0,37,0,0,0,0,17,0,28,27
l20,7=0,0,0,0,0,0,0,0,1,8,0,5,17,13,23,27,41,44,28,57,0,64,70,0,0,0,10,0,7,0,0,18,0,17,0,36,33,20,59,46
l21,7=0,0,0,0,0,0,0,0,18,12,0,3,21,9,32,36,40,41,23,46,62,0,68,0,0,0,0,0,0,0,0,0,15,0,6,37,31,30,55,48
l22,7=0,0,0,0,0,0,0,0,32,10,0,11,0,7,18,29,34,0,0,54,66,60,0,0,0,0,17,0,0,28,0,15,0,0,0,0,59,19,54,42
l23,7=0,0,0,0,0,0,0,0,0,0,0,19,48,16,62,36,33,30,0,0,0,0,0,0,79,78,0,0,0,0,0,0,0,23,39,0,0,0,0,0
l24,7=0,0,0,0,5,0,0,0,31,13,0,20,70,17,43,27,46,59,0,0,0,0,0,73,0,66,0,0,0,0,0,0,0,21,27,0,0,0,0,0
l25,7=0,0,0,0,0,0,0,0,0,12,0,2,63,36,58,27,26,0,0,0,0,0,0,69,62,0,0,0,0,21,0,8,30,42,0,0,0,0,26,0
l26,7=0,0,0,0,0,0,0,0,0,0,0,0,0,0,0,0,0,0,0,0,33,0,38,0,0,0,0,60,76,84,64,71,76,44,45,0,0,0,0,0
l27,7=0,0,0,0,0,0,0,0,0,0,0,0,0,0,0,0,0,0,0,0,0,0,0,0,0,0,57,0,71,84,86,33,52,0,0,0,0,0,0,0
l28,7=0,0,0,0,0,0,0,0,0,0,0,0,0,0,0,0,0,0,0,30,27,0,0,0,0,0,69,88,0,86,90,62,47,53,39,0,0,0,0,0
l29,7=0,0,0,0,0,0,0,0,0,0,0,0,0,0,0,0,0,0,0,36,0,0,41,0,0,13,63,84,76,0,86,59,57,48,21,0,0,0,0,0
l30,7=0,0,0,0,0,0,0,0,0,0,0,0,0,0,0,0,0,0,0,0,0,0,0,0,0,0,53,84,71,84,0,56,51,23,37,0,0,0,0,0
l31,7=0,0,0,0,0,0,0,0,0,0,0,0,0,0,0,0,18,0,0,37,31,0,9,2,0,1,56,19,55,45,40,0,76,69,68,0,0,0,0,0
l32,7=0,0,0,0,0,0,0,0,0,0,0,0,16,0,0,0,22,0,0,0,0,17,0,14,0,39,61,38,53,68,43,75,0,71,84,0,0,0,0,0
l33,7=0,0,0,0,0,0,0,0,0,0,0,0,44,0,40,0,26,37,0,0,31,0,0,37,38,59,39,0,55,44,39,71,76,0,53,0,0,0,0,0
l34,7=0,0,0,0,0,0,0,0,0,0,0,0,38,0,0,0,2,0,0,0,0,20,1,50,38,0,36,7,47,32,37,71,83,46,0,0,0,0,0,0
l35,7=0,0,0,0,0,0,0,0,0,0,0,2,0,8,0,0,27,0,0,0,38,44,0,0,0,0,0,0,0,0,0,0,0,0,0,0,51,50,56,41
l36,7=0,0,0,0,0,0,0,0,0,0,0,0,0,4,0,5,37,35,0,26,42,43,33,0,0,0,0,0,0,0,0,0,0,0,0,37,0,45,60,50
l37,7=0,0,0,0,0,0,0,0,0,0,0,0,0,0,0,0,13,0,0,0,30,36,14,0,0,0,0,0,0,0,0,0,0,0,0,62,41,0,48,0
l38,7=0,0,0,0,0,0,0,0,0,9,0,24,13,19,26,41,43,44,0,6,42,48,19,0,0,5,0,0,0,0,0,0,0,0,0,31,59,23,0,31
l39,7=0,0,0,0,0,0,0,0,0,0,0,0,0,0,0,0,8,0,0,36,39,49,52,0,0,0,0,0,0,0,0,0,0,0,0,51,59,0,48,0

l0,8=0,86,90,93,95,94,86,72,45,86,90,0,0,75,0,0,0,0,0,0,0,0,0,0,0,0,0,0,0,0,0,0,0,0,0,0,0,0,0,0
l1,8=94,0,90,95,95,94,86,89,66,77,89,0,0,0,0,0,0,0,0,0,0,0,0,0,0,0,0,0,0,0,0,0,0,0,0,0,0,0,0,0
l2,8=94,86,0,91,95,95,93,90,0,73,90,0,0,36,0,37,0,0,0,0,0,0,0,0,0,0,0,0,0,0,0,0,0,0,0,0,0,0,0,0
l3,8=94,86,87,0,95,92,81,0,0,0,0,0,0,0,0,0,0,0,0,0,0,0,0,0,0,0,0,0,0,0,0,0,0,0,0,0,0,0,0,0
l4,8=94,86,81,94,0,85,89,80,76,61,86,0,0,82,0,0,0,0,0,0,0,0,0,73,18,0,0,0,0,0,0,0,0,0,0,0,0,0,0,0
l5,8=94,86,91,93,93,0,90,90,77,77,92,61,0,23,0,0,0,0,0,0,0,0,0,0,0,0,0,0,0,0,0,0,0,0,0,0,0,0,0,0
l6,8=54,61,91,86,89,88,0,88,60,87,88,0,0,76,0,0,68,0,0,0,0,0,0,0,0,0,0,0,0,0,0,0,0,0,0,0,0,0,0,0
l7,8=47,83,81,61,86,89,90,0,77,97,97,12,0,90,0,0,12,53,0,0,0,0,0,0,0,0,0,0,0,0,0,0,0,0,0,0,0,0,0,0
l8,8=22,45,0,0,83,54,42,86,0,98,93,90,0,92,79,91,0,79,0,35,0,0,78,0,0,0,0,0,0,0,0,0,0,0,0,0,0,0,0,0
l9,8=51,39,0,0,5,43,89,93,89,0,97,53,57,92,19,86,79,67,0,0,0,54,1,88,80,0,0,0,0,0,0,0,0,0,0,0,0,0,49,0
l10,8=88,81,74,68,87,87,86,89,85,96,0,66,0,84,0,86,9,0,0,0,0,0,0,0,0,0,0,0,0,0,0,0,0,0,0,0,0,0,0,0
l11,8=0,0,0,0,0,13,0,6,74,88,50,0,99,53,86,99,96,87,0,0,28,53,41,82,84,65,0,0,0,0,0,0,0,0,0,26,41,0,42,0
l12,8=0,0,0,0,0,0,0,0,0,42,0,66,0,0,97,67,99,84,0,0,32,7,0,96,99,93,0,0,0,0,0,0,0,46,20,18,23,0,34,0
l13,8=19,0,1,21,60,4,18,77,86,95,55,21,0,0,90,65,36,53,0,0,47,59,0,84,85,77,0,0,0,0,0,0,0,0,0,18,2,0,55,0
l14,8=0,0,0,0,0,0,0,0,43,7,0,48,99,83,0,60,81,90,0,0,57,60,11,91,97,79,0,0,0,0,0,0,0,0,0,0,36,0,21,0
l15,8=0,0,2,0,0,0,0,0,79,91,56,99,80,90,90,0,87,87,0,0,65,68,70,92,85,53,0,0,0,0,0,0,0,0,0,0,45,0,55,0
l16,8=0,0,0,0,0,0,4,0,0,39,1,63,76,38,81,44,0,62,17,43,78,50,79,53,94,36,0,0,0,0,0,37,0,26,33,36,47,26,35,62
l17,8=0,0,0,0,0,0,0,19,59,47,0,63,75,67,96,64,92,0,0,30,73,10,65,66,86,0,0,0,0,0,0,0,0,55,0,0,28,0,47,26
l18,8=0,0,0,0,0,0,0,0,0,0,0,0,0,0,0,0,67,0,0,69,76,62,0,0,0,0,0,0,0,0,0,0,0,0,0,0,0,0,18,0
l19,8=0,0,0,0,0,0,0,0,29,0,0,0,0,0,0,0,64,53,32,0,90,64,85,0,0,0,42,0,29,0,0,58,0,0,0,37,62,0,0,68
l20,8=0,0,0,0,0,0,0,0,0,0,0,4,31,44,41,29,60,43,23,90,0,86,92,0,0,0,11,0,0,0,0,20,0,8,0,52,65,37,77,62
l21,8=0,0,0,0,0,0,0,0,0,38,0,23,21,55,53,33,60,2,17,40,91,0,90,0,0,0,0,0,0,0,0,14,0,21,0,57,54,33,66,71
l22,8=0,0,0,0,0,0,0,0,36,16,0,11,0,0,15,29,68,29,0,82,91,81,0,0,0,0,0,0,0,19,0,47,0,0,0,56,71,32,73,64
l23,8=0,0,0,0,31,0,0,0,0,64,0,47,89,79,89,54,80,54,0,0,0,0,0,0,98,93,0,0,0,0,0,0,61,63,82,0,0,0,0,0
l24,8=0,0,0,1,3,0,0,0,0,62,0,53,99,81,96,54,92,74,0,0,0,0,0,96,0,89,0,0,0,0,0,23,0,24,41,0,16,0,0,0
l25,8=0,0,0,0,0,0,0,0,0,0,0,46,99,74,80,37,72,0,0,0,0,0,0,96,92,0,0,0,0,42,0,56,67,69,65,0,0,0,11,0
l26,8=0,0,0,0,0,0,0,0,0,0,0,0,0,0,0,0,0,0,0,53,53,0,0,0,0,0,0,88,95,95,91,91,91,77,72,0,0,0,0,0
l27,8=0,0,0,0,0,0,0,0,0,0,0,0,0,0,0,0,0,0,0,0,0,0,0,0,0,0,93,0,95,95,96,0,79,0,64,0,0,0,0,0
l28,8=0,0,0,0,0,0,0,0,0,0,0,0,0,0,0,0,0,0,0,71,60,0,0,0,0,0,93,93,0,95,96,91,67,82,72,0,0,0,0,0
l29,8=0,0,0,0,0,0,0,0,0,0,0,0,0,0,0,0,0,0,0,0,0,0,57,0,0,57,93,93,96,0,96,90,62,68,62,0,0,0,0,0
l30,8=0,0,0,0,0,0,0,0,0,0,0,0,0,0,0,0,0,0,0,0,0,0,0,0,0,0,83,93,95,95,0,68,84,66,0,0,0,0,0,0
l31,8=0,0,0,0,0,0,0,0,0,0,0,0,0,0,0,0,53,0,0,67,55,0,55,0,35,54,93,0,91,90,57,0,91,87,91,0,0,0,0,0
l32,8=0,0,0,0,0,0,0,0,0,0,0,0,17,0,0,0,0,0,0,0,0,0,0,76,0,64,90,73,57,68,74,97,0,89,95,0,0,0,0,0
l33,8=0,0,0,0,0,0,0,0,0,0,0,0,67,0,0,0,66,69,0,0,57,16,0,75,55,70,76,0,82,78,66,95,89,0,81,0,0,0,0,0
l34,8=0,0,0,0,0,0,0,0,0,0,0,0,58,0,0,0,74,0,0,0,54,0,0,78,65,67,76,73,77,78,0,94,96,76,0,0,0,0,0,0
l35,8=0,0,0,0,0,0,0,0,0,0,0,1,23,8,0,0,38,0,0,3,45,40,43,0,0,0,0,0,0,0,0,0,0,0,0,0,70,72,66,63
l36,8=0,0,0,0,0,0,0,0,0,0,0,4,13,0,25,14,44,13,0,24,49,41,63,0,12,0,0,0,0,0,0,0,0,0,0,71,0,35,52,70
l37,8=0,0,0,0,0,0,0,0,0,0,0,0,0,0,0,0,39,0,0,0,49,35,43,0,0,0,0,0,0,0,0,0,0,0,0,67,48,0,43,44
l38,8=0,0,0,0,0,0,0,0,0,36,0,12,31,57,13,33,52,32,0,0,60,63,62,0,0,0,0,0,0,0,0,0,0,0,0,70,58,38,0,31
l39,8=0,0,0,0,0,0,0,0,0,0,0,0,0,0,0,0,67,0,0,30,72,66,65,0,0,0,0,0,0,0,0,0,0,0,0,75,71,58,58,0

l0,9=0,100,99,91,93,95,92,85,1,94,86,0,0,48,0,0,0,0,0,0,0,0,0,0,0,0,0,0,0,0,0,0,0,0,0,0,0,0,0,0
l1,9=98,0,99,94,93,98,92,90,95,95,88,0,0,0,0,0,0,0,0,0,0,0,0,0,0,0,0,0,0,0,0,0,0,0,0,0,0,0,0,0
l2,9=98,100,0,95,55,100,99,81,27,88,52,0,29,2,0,1,0,0,0,0,0,0,0,0,0,0,0,0,0,0,0,0,0,0,0,0,0,0,0,0
l3,9=93,95,95,0,93,95,90,81,0,91,83,0,0,3,0,0,0,0,0,0,0,0,0,0,0,0,0,0,0,0,0,0,0,0,0,0,0,0,0,0
l4,9=95,97,85,96,0,92,0,84,95,90,90,0,0,0,55,0,0,0,0,0,0,0,0,0,0,0,0,0,0,0,0,0,0,0,0,0,0,0,0,0
l5,9=98,100,99,95,93,0,98,95,94,68,98,0,0,72,0,0,0,0,0,0,0,0,0,0,0,0,0,0,0,0,0,0,0,0,0,0,0,0,0,0
l6,9=90,97,98,58,0,76,0,99,55,95,94,14,11,45,0,56,0,0,0,0,0,0,0,0,0,0,0,0,0,0,0,0,0,0,0,0,0,0,0,0
l7,9=57,98,45,64,84,67,99,0,99,100,99,0,0,95,0,33,0,0,0,0,0,0,0,0,0,0,0,0,0,0,0,0,0,0,0,0,0,0,0,0
l8,9=0,56,0,0,56,42,56,80,0,100,63,90,13,96,43,50,13,47,0,25,2,0,57,0,0,0,0,0,0,0,0,0,0,0,0,0,0,0,0,0
l9,9=94,72,16,37,45,73,59,99,99,0,100,100,23,96,89,71,37,0,0,0,0,0,24,59,17,0,0,0,0,0,0,0,0,0,0,0,0,0,35,0
l10,9=98,97,90,89,89,99,98,99,97,100,0,60,7,73,0,97,35,44,0,0,0,0,0,14,0,0,0,0,0,0,0,0,0,0,0,0,0,0,0,0
l11,9=0,0,0,0,0,0,0,6,96,88,41,0,97,95,91,98,35,44,0,0,74,45,29,54,57,53,0,0,0,0,0,0,0,0,0,0,64,0,79,0
l12,9=0,0,0,0,0,0,0,0,0,20,4,76,0,82,100,80,32,60,0,0,68,39,5,92,73,98,0,0,0,0,0,0,0,2,12,0,67,0,82,0
l13,9=17,0,0,34,17,20,35,63,98,100,51,99,36,0,88,96,46,10,0,34,59,43,10,53,74,59,0,0,0,0,0,0,0,0,0,0,34,0,80,0
l14,9=0,0,0,0,16,0,0,0,0,97,1,40,99,88,0,62,32,36,0,0,72,46,48,70,97,22,0,0,0,0,0,0,0,0,0,0,71,0,0,0
l15,9=0,0,0,0,0,0,0,15,87,95,49,100,62,95,97,0,32,36,0,0,73,50,51,51,59,0,0,0,0,0,0,0,0,0,0,0,71,33,88,0
l16,9=0,0,0,0,0,0,29,1,49,79,31,40,38,90,89,53,0,36,76,88,86,6,53,53,59,51,0,0,0,0,0,17,0,66,36,0,50,74,92,84
l17,9=0,0,0,0,0,0,0,0,87,1,43,40,38,30,100,63,32,0,0,88,76,48,55,0,27,43,0,0,0,0,0,0,0,76,0,0,1,0,56,82
l18,9=0,0,0,0,0,0,0,0,0,13,0,0,0,0,0,0,55,0,0,0,84,55,0,0,0,0,0,0,0,0,0,0,0,0,0,1,0,0,0,0
l19,9=0,0,0,0,0,0,0,0,56,0,0,0,0,6,0,0,82,68,0,0,90,90,88,0,0,0,76,0,70,0,0,77,0,0,0,15,66,41,61,81
l20,9=0,0,0,0,0,0,0,0,0,0,0,35,27,59,56,29,53,14,74,91,0,97,92,0,7,0,49,0,0,1,0,34,0,0,30,39,82,79,89,89
l21,9=0,0,0,0,0,0,0,0,0,0,0,32,27,63,74,35,0,23,76,89,98,0,90,0,0,0,0,0,0,0,0,0,0,36,0,26,67,77,89,84
l22,9=0,0,0,0,0,0,0,0,82,2,0,7,15,0,71,33,49,37,0,89,98,90,0,0,0,0,76,0,0,53,0,50,0,0,0,45,82,74,88,0
l23,9=0,0,0,0,0,0,0,0,0,87,0,40,99,90,100,56,31,0,0,0,0,0,0,0,99,100,0,0,0,0,0,0,89,85,38,0,0,0,0,0
l24,9=0,0,0,0,0,0,0,0,0,65,0,40,98,95,100,59,59,0,0,0,15,0,0,99,0,79,0,0,0,0,0,0,0,84,32,0,70,0,0,0
l25,9=0,0,0,1,0,0,0,0,0,0,0,38,99,91,46,0,32,27,0,0,0,0,0,99,99,0,0,0,0,38,0,0,87,99,33,0,0,0,71,0
l26,9=0,0,0,0,0,0,0,0,0,0,0,0,0,0,0,0,0,0,0,81,75,0,75,0,0,0,0,92,97,100,95,99,99,84,95,0,0,0,0,0
l27,9=0,0,0,0,0,0,0,0,0,0,0,0,0,0,0,0,0,0,0,0,0,0,0,0,0,0,98,0,97,100,99,92,85,0,0,0,0,0,0,0
l28,9=0,0,0,0,0,0,0,0,0,0,0,0,0,0,0,0,0,0,0,80,0,0,0,0,0,0,99,100,0,100,99,85,0,85,12,0,0,0,0,0
l29,9=0,0,0,0,0,0,0,0,0,0,0,0,0,0,0,0,0,0,0,0,25,0,76,0,0,2,99,100,97,0,99,98,73,85,88,0,0,0,0,0
l30,9=0,0,0,0,0,0,0,0,0,0,0,0,0,0,0,0,0,0,0,0,0,0,0,0,0,0,98,100,97,100,0,97,97,37,94,0,0,0,0,0
l31,9=0,0,0,0,0,0,0,0,0,0,0,0,0,0,0,0,5,0,0,50,35,0,24,0,0,0,95,87,90,90,87,0,100,100,100,0,0,0,0,0
l32,9=0,0,0,0,0,0,0,0,0,0,0,0,0,0,0,0,0,0,0,0,0,0,0,78,0,63,99,40,0,44,89,98,0,100,100,0,0,0,0,0
l33,9=0,0,0,0,0,0,0,0,0,0,0,0,29,0,0,0,66,66,0,0,29,17,0,91,93,97,87,0,90,82,30,99,100,0,97,0,0,0,0,0
l34,9=0,0,0,0,0,0,0,0,0,0,0,0,30,0,1,0,51,0,0,0,75,0,0,92,43,56,97,0,1,91,90,98,100,99,0,0,0,0,0,0
l35,9=0,0,0,0,0,0,0,0,0,0,0,0,0,0,0,0,0,0,0,0,66,44,42,0,0,0,0,0,0,0,0,0,0,0,0,0,86,77,84,73
l36,9=0,0,0,0,0,0,0,0,0,0,0,8,20,34,30,18,8,0,0,57,74,36,49,0,15,0,0,0,0,0,0,0,0,0,0,29,0,81,76,78
l37,9=0,0,0,0,0,0,0,0,0,0,0,0,0,0,0,0,8,0,0,8,73,40,44,0,0,0,0,0,0,0,0,0,0,0,0,27,76,0,78,77
l38,9=0,0,0,0,0,0,0,0,0,2,0,25,26,48,0,21,29,0,0,62,81,51,52,0,0,4,0,0,0,0,0,0,0,0,0,28,74,79,0,81
l39,9=0,0,0,0,0,0,0,0,0,0,0,0,0,0,0,0,28,19,0,81,75,45,0,0,0,0,0,0,0,0,0,0,0,0,0,26,72,77,71,0

l0,10=0,93,92,93,89,89,29,68,43,82,82,0,0,0,0,0,0,0,0,0,0,0,0,0,0,0,0,0,0,0,0,0,0,0,0,0,0,0,0,0
l1,10=92,0,92,93,82,90,88,68,3,51,60,0,0,0,0,0,0,0,0,0,0,0,0,3,0,0,0,0,0,0,0,0,0,0,0,0,0,0,0,0
l2,10=92,93,0,93,84,90,89,76,50,83,86,0,4,0,0,0,0,0,0,0,0,0,0,0,0,0,0,0,0,0,0,0,0,0,0,0,0,0,0,0
l3,10=94,84,93,0,94,89,73,49,0,52,18,0,0,0,0,0,0,0,0,0,0,0,0,0,0,0,0,0,0,0,0,0,0,0,0,0,0,0,0,0
l4,10=89,67,78,95,0,90,75,65,73,16,83,0,0,0,42,0,0,0,0,0,0,0,0,15,0,0,0,0,0,0,0,0,0,0,0,0,0,0,0,0
l5,10=84,88,92,89,88,0,90,86,72,77,87,0,0,71,0,0,0,0,0,0,0,0,0,0,0,0,0,0,0,0,0,0,0,0,0,0,0,0,0,0
l6,10=26,82,84,83,77,86,0,86,80,82,84,0,0,48,0,0,3,1,0,0,0,0,0,0,0,0,0,0,0,0,0,0,0,0,0,0,0,0,0,0
l7,10=77,81,65,69,76,86,90,0,84,87,91,0,22,76,27,7,0,0,0,0,0,0,0,0,0,0,0,0,0,0,0,0,0,0,0,0,0,0,0,0
l8,10=46,0,2,32,66,71,76,79,0,91,56,76,0,81,0,75,36,37,0,34,20,0,32,57,0,0,0,0,0,0,0,0,0,0,0,0,0,0,0,0
l9,10=66,2,71,67,3,69,79,86,86,0,91,72,43,78,63,63,0,0,0,0,0,35,1,19,41,0,0,0,0,0,0,0,0,0,0,0,0,0,0,0
l10,10=65,50,63,58,74,76,71,86,63,87,0,60,0,69,0,68,0,36,0,0,0,0,0,7,0,0,0,0,0,0,0,0,0,0,0,0,0,0,0,0
l11,10=0,0,0,0,0,0,0,0,45,49,49,0,88,81,78,89,33,83,0,0,56,35,0,60,77,62,0,0,0,0,0,0,0,0,0,22,60,0,54,0
l12,10=0,0,0,0,0,0,0,0,0,37,0,91,0,75,96,88,87,98,0,0,62,35,0,92,100,98,0,0,0,0,0,0,0,45,0,31,1,0,65,0
l13,10=0,0,0,0,0,62,57,69,82,82,71,85,72,0,71,84,37,0,0,40,59,30,0,52,78,8,0,0,0,0,0,0,0,0,0,0,0,0,57,0
l14,10=0,0,0,0,57,0,0,0,0,43,0,70,98,68,0,73,48,53,0,0,44,0,31,66,97,86,0,0,0,0,0,0,0,64,0,0,65,0,61,0
l15,10=0,0,0,0,0,0,0,0,44,49,61,95,66,84,78,0,41,52,0,55,60,0,8,0,77,24,0,0,0,0,0,0,0,0,0,0,51,0,68,0
l16,10=0,0,0,0,0,0,1,0,17,0,0,20,62,57,72,54,0,55,23,57,66,36,24,50,99,1,0,0,0,0,0,0,1,1,56,13,58,58,82,29
l17,10=0,0,0,0,0,0,12,0,23,0,28,54,63,29,92,79,53,0,0,65,65,39,34,0,80,59,0,0,0,0,0,0,0,39,0,0,68,0,70,10
l18,10=0,0,0,0,0,0,0,0,0,0,0,0,0,0,0,0,31,0,0,76,80,74,0,0,0,0,0,0,0,0,0,0,0,0,0,0,0,0,0,0
l19,10=0,0,0,0,0,0,0,0,11,0,0,0,0,15,0,29,29,29,41,0,82,76,81,0,0,0,52,0,0,0,0,26,21,0,0,52,0,49,0,59
l20,10=0,0,0,0,0,0,0,0,0,0,0,15,44,44,0,31,42,25,47,87,0,85,91,0,0,0,0,0,0,0,0,0,29,0,0,68,80,65,80,46
l21,10=0,0,0,0,0,0,0,0,0,33,0,35,40,37,2,2,39,35,46,76,90,0,86,0,0,0,3,0,0,0,0,0,0,42,0,64,58,60,73,45
l22,10=0,0,0,0,0,0,0,0,28,4,0,0,0,0,45,26,34,32,0,82,87,80,0,0,0,0,36,0,0,34,0,41,0,0,0,68,76,52,80,40
l23,10=0,0,0,0,1,0,0,0,39,24,0,48,99,67,87,0,43,0,0,0,0,0,0,0,100,99,0,0,0,0,0,0,71,79,10,0,0,0,0,0
l24,10=0,0,0,0,0,0,0,0,0,39,0,54,99,83,96,72,93,52,0,0,2,0,0,100,0,96,0,0,0,0,0,0,0,73,39,0,0,0,48,0
l25,10=0,0,0,49,0,0,0,0,0,0,0,72,99,25,93,19,12,46,0,0,0,0,0,100,98,0,28,0,0,0,0,59,69,91,84,0,0,0,58,0
l26,10=0,0,0,0,0,0,0,0,0,0,0,0,0,0,0,0,0,0,0,54,0,0,51,0,0,17,0,65,98,98,99,98,93,47,70,0,0,0,0,0
l27,10=0,0,0,0,0,0,0,0,0,0,0,0,0,0,0,0,0,0,0,0,0,0,0,0,0,0,79,0,95,98,100,73,0,0,68,0,0,0,0,0
l28,10=0,0,0,0,0,0,0,0,0,0,0,0,0,0,0,0,0,0,0,0,2,0,0,0,0,0,90,96,0,98,100,81,47,67,48,0,0,0,0,0
l29,10=0,0,0,0,0,0,0,0,0,0,0,0,0,0,0,0,0,0,0,0,19,0,35,0,0,0,90,96,98,0,100,77,50,3,55,0,0,0,0,0
l30,10=0,0,0,0,0,0,0,0,0,0,0,0,0,0,0,0,0,0,0,0,0,0,0,0,0,0,90,96,98,98,0,83,67,50,66,0,0,0,0,0
l31,10=0,0,0,0,0,0,0,0,0,0,0,0,0,0,0,0,0,0,0,46,0,0,55,13,0,39,90,66,85,97,99,0,99,98,100,0,0,0,0,0
l32,10=0,0,0,0,0,0,0,0,0,0,0,0,0,0,0,0,0,0,0,28,62,0,0,71,0,51,87,0,46,77,75,99,0,96,100,0,0,0,0,0
l33,10=0,0,0,0,0,0,0,0,0,0,0,0,77,0,73,0,0,51,0,0,0,50,0,96,80,97,75,0,86,14,68,100,99,0,100,0,0,0,0,0
l34,10=0,0,0,0,0,0,0,0,0,0,0,0,2,0,0,0,61,0,0,0,8,0,0,38,61,75,84,49,45,80,54,99,100,90,0,0,0,0,0,0
l35,10=0,0,0,0,0,0,0,0,0,0,0,0,14,0,0,0,0,0,0,48,69,32,33,0,0,0,0,0,0,0,0,0,0,0,0,0,87,69,71,37
l36,10=0,0,0,0,0,0,0,0,0,0,0,17,0,0,49,0,4,7,0,0,73,5,30,0,0,0,0,0,0,0,0,0,0,0,0,85,0,74,80,45
l37,10=0,0,0,0,0,0,0,0,0,0,0,0,0,0,0,0,24,0,0,44,68,20,22,0,0,0,0,0,0,0,0,0,0,0,0,66,78,0,70,42
l38,10=0,0,0,0,0,0,0,0,0,0,0,13,30,35,34,35,44,8,0,0,74,41,40,0,36,27,0,0,0,0,0,0,0,0,0,73,83,70,0,48
l39,10=0,0,0,0,0,0,0,0,0,0,0,0,0,0,0,0,34,6,0,67,72,40,31,0,0,0,0,0,0,0,0,0,0,0,0,61,87,64,80,0

l0,11=0,89,90,91,87,84,0,40,24,53,22,0,0,0,0,0,0,0,0,0,0,0,0,0,0,0,0,0,0,0,0,0,0,0,0,0,0,0,0,0
l1,11=87,0,89,88,85,86,78,81,19,64,48,15,0,0,0,0,0,0,0,0,0,0,0,0,0,0,0,0,0,0,0,0,0,0,0,0,0,0,0,0
l2,11=83,89,0,90,83,86,59,78,49,60,49,0,0,0,0,0,0,0,0,0,0,0,0,0,0,0,0,0,0,0,0,0,0,0,0,0,0,0,0,0
l3,11=88,85,90,0,88,82,59,0,0,0,57,0,0,0,0,0,0,0,0,0,0,0,0,0,0,0,0,0,0,0,0,0,0,0,0,0,0,0,0,0
l4,11=84,74,71,90,0,79,75,32,5,49,56,0,0,0,24,0,0,0,0,0,0,0,0,11,0,0,0,0,0,0,0,0,0,0,0,0,0,0,0,0
l5,11=81,88,89,84,83,0,85,87,43,85,46,0,0,0,0,0,0,0,0,0,0,0,0,0,0,0,0,0,0,0,0,0,0,0,0,0,0,0,0,0
l6,11=0,79,42,61,82,83,0,85,59,85,78,20,0,54,0,34,19,0,0,0,0,0,0,0,0,0,0,0,0,0,0,0,0,0,0,0,0,0,0,0
l7,11=62,83,75,44,68,79,85,0,73,85,86,49,52,74,0,45,0,0,0,0,0,0,0,0,0,0,0,0,0,0,0,0,0,0,0,0,0,0,0,0
l8,11=57,22,54,0,13,24,56,67,0,89,69,59,67,83,10,77,0,41,0,43,0,0,0,14,26,0,0,0,0,0,0,0,0,0,0,0,0,0,0,0
l9,11=59,51,21,0,19,46,78,85,77,0,83,57,64,79,0,38,28,0,0,0,0,58,0,2,21,0,0,0,0,0,0,0,0,0,0,0,0,0,0,0
l10,11=23,51,27,55,54,14,71,89,62,87,0,50,0,61,0,63,0,9,0,1,0,0,0,0,0,0,0,0,0,0,0,0,0,0,0,0,0,0,0,0
l11,11=0,37,0,0,0,1,45,48,69,71,72,0,77,78,26,86,48,80,0,3,22,53,17,22,50,62,0,0,0,0,0,0,0,0,0,35,0,0,35,0
l12,11=0,0,0,0,0,0,0,13,67,72,0,70,0,70,94,49,63,94,0,0,63,62,17,23,98,94,0,0,0,0,0,0,0,0,0,0,0,0,35,0
l13,11=0,0,0,0,0,0,54,74,76,85,76,69,72,0,21,79,44,47,0,16,58,60,0,18,49,61,0,0,0,0,0,0,0,0,0,0,0,0,26,0
l14,11=0,0,0,3,17,0,0,0,4,0,0,68,88,55,0,22,65,75,0,0,0,4,1,26,0,83,0,0,0,0,0,0,0,19,21,39,35,0,31,0
l15,11=0,0,0,0,0,0,54,21,69,70,71,81,83,81,8,0,60,81,0,53,64,38,15,8,0,60,0,0,0,0,0,0,0,0,0,25,36,0,32,0
l16,11=0,0,0,0,0,0,14,0,4,43,0,50,80,56,30,44,0,54,0,45,78,75,18,17,56,34,0,0,0,0,0,9,19,9,21,0,44,36,42,25
l17,11=0,0,0,0,0,0,0,0,62,46,41,76,88,67,31,49,56,0,0,0,70,69,19,18,52,0,0,0,0,0,0,0,0,0,0,0,42,0,30,19
l18,11=0,0,0,0,0,0,0,0,0,0,0,0,0,0,0,0,0,0,0,72,81,58,20,0,0,0,0,0,0,0,0,0,0,0,0,0,0,0,0,0
l19,11=0,0,0,0,0,0,0,0,43,0,0,12,0,1,0,31,39,0,30,0,84,66,64,0,0,0,38,0,0,0,0,30,0,0,0,35,21,32,0,27
l20,11=0,0,0,0,0,0,0,0,0,0,0,3,52,43,1,34,51,33,8,81,0,83,85,0,0,0,17,0,0,0,0,0,9,0,0,50,48,35,38,36
l21,11=0,0,0,0,0,0,0,0,13,53,0,39,56,46,10,31,65,36,34,75,92,0,84,0,3,0,0,0,0,0,0,0,0,0,0,23,34,31,71,32
l22,11=0,0,0,0,0,0,0,0,0,0,0,31,52,4,8,21,35,35,0,61,90,80,0,0,0,0,38,0,0,0,0,39,0,0,0,59,58,27,69,29
l23,11=0,0,0,0,17,0,0,0,50,24,0,61,89,64,31,28,45,39,0,0,0,0,0,0,98,98,0,0,0,0,0,15,31,21,0,0,0,0,0,0
l24,11=0,0,0,0,0,0,0,0,0,49,0,63,90,70,0,0,90,49,0,0,0,0,0,91,0,91,0,0,0,0,0,0,0,0,0,0,0,0,1,0
l25,11=0,0,0,0,0,0,0,0,0,0,0,48,90,50,88,32,31,0,0,0,0,0,0,94,92,0,0,0,0,0,0,49,31,86,0,0,0,0,0,0
l26,11=0,0,0,0,0,0,0,0,0,0,0,0,0,0,0,0,0,0,0,45,18,0,44,0,0,0,0,73,93,82,97,80,77,49,52,0,0,0,0,0
l27,11=0,0,0,0,0,0,0,0,0,0,0,0,0,0,0,0,0,0,0,0,0,0,0,0,0,0,69,0,89,87,99,50,1,0,29,0,0,0,0,0
l28,11=0,0,0,0,0,0,0,0,0,0,0,0,0,0,0,0,0,0,0,3,17,0,0,0,0,0,83,95,0,87,99,58,30,0,21,0,0,0,0,0
l29,11=0,0,0,0,0,0,0,0,0,0,0,0,0,0,0,0,0,0,0,0,4,0,0,0,0,0,75,96,93,0,99,61,25,23,23,0,0,0,0,0
l30,11=0,0,0,0,0,0,0,0,0,0,0,0,0,0,0,0,0,0,0,0,0,0,0,0,0,0,80,96,92,87,0,73,49,55,41,0,0,0,0,0
l31,11=0,0,0,0,0,0,0,0,0,0,0,0,0,0,0,0,0,0,0,17,2,0,33,16,0,43,83,76,78,83,87,0,86,100,100,0,0,0,0,0
l32,11=0,0,0,0,0,0,0,0,0,0,0,0,0,0,0,0,17,0,0,0,18,0,0,14,0,30,82,0,20,32,45,93,0,100,100,0,0,0,0,0
l33,11=0,0,0,0,0,0,0,0,0,0,0,0,0,0,68,0,15,0,0,0,9,0,0,62,0,89,69,0,0,57,87,98,97,0,100,0,0,0,0,0
l34,11=0,0,0,0,0,0,0,0,0,0,0,0,0,0,12,0,54,0,0,0,0,0,0,0,0,0,71,65,9,50,72,98,97,99,0,0,0,0,0,0
l35,11=0,0,0,0,0,0,0,0,0,0,0,17,0,0,4,13,0,0,0,34,63,5,21,0,0,0,0,0,0,0,0,0,0,0,0,0,82,43,35,32
l36,11=0,0,0,0,0,0,0,0,0,0,0,0,0,0,11,24,46,37,0,3,78,43,25,0,0,0,0,0,0,0,0,0,0,0,0,82,0,49,41,39
l37,11=0,0,0,0,0,0,0,0,0,0,0,0,0,0,0,0,37,0,0,21,63,44,8,0,0,0,0,0,0,0,0,0,0,0,0,50,44,0,38,34
l38,11=0,0,0,0,0,0,0,0,0,0,0,46,65,23,14,35,51,7,0,0,79,76,25,0,0,0,0,0,0,0,0,0,0,0,0,57,45,41,0,43
l39,11=0,0,0,0,0,0,0,0,0,0,0,0,0,0,0,0,38,0,0,60,71,62,22,0,0,0,0,0,0,0,0,0,0,0,0,52,80,47,77,0

l0,12=0,90,87,84,91,87,35,41,19,44,45,0,0,0,0,0,0,0,0,0,0,0,0,0,0,0,0,0,0,0,0,0,0,0,0,0,0,0,0,0
l1,12=82,0,86,82,86,82,86,88,0,19,69,52,0,0,0,0,0,0,0,0,0,0,0,0,0,0,0,0,0,0,0,0,0,0,0,0,0,0,0,0
l2,12=82,89,0,80,89,87,89,68,55,73,70,0,0,0,0,0,0,0,0,0,0,0,0,0,0,0,0,0,0,0,0,0,0,0,0,0,0,0,0,0
l3,12=85,89,84,0,93,86,0,31,4,0,53,0,0,0,0,0,0,0,0,0,0,0,0,0,0,0,0,0,0,0,0,0,0,0,0,0,0,0,0,0
l4,12=80,82,82,83,0,71,47,38,29,39,44,0,0,0,36,0,0,0,0,0,0,0,0,51,0,0,0,0,0,0,0,0,0,0,0,0,0,0,0,0
l5,12=82,85,87,75,85,0,85,88,74,82,71,0,0,35,0,0,0,0,0,0,0,0,0,6,0,0,0,0,0,0,0,0,0,0,0,0,0,0,0,0
l6,12=65,83,82,0,80,75,0,86,68,41,78,65,0,52,5,73,0,0,0,0,0,0,0,0,0,0,0,0,0,0,0,0,0,0,0,0,0,0,0,0
l7,12=72,84,39,61,85,84,85,0,79,85,87,29,50,82,0,0,0,0,0,0,0,0,0,0,0,0,0,0,0,0,0,0,0,0,0,0,0,0,0,0
l8,12=43,0,28,29,65,63,65,62,0,86,82,62,61,87,13,74,46,44,0,37,0,26,0,52,0,0,0,0,0,0,0,0,0,0,0,0,0,0,0,0
l9,12=51,0,37,0,63,84,60,87,85,0,86,43,59,82,0,63,52,12,0,0,33,35,0,0,10,0,0,0,0,0,0,0,0,0,0,0,0,0,0,0
l10,12=49,55,46,60,64,60,73,90,76,86,0,48,0,75,0,66,0,0,0,0,0,0,0,7,0,0,0,0,0,0,0,0,0,0,0,0,0,0,0,0
l11,12=0,31,0,0,0,0,74,25,66,54,44,0,82,88,71,92,72,83,0,0,15,20,43,44,32,58,0,0,0,0,0,0,0,0,0,13,50,0,40,0
l12,12=0,0,0,0,0,0,0,0,59,50,0,76,0,79,96,90,82,93,0,0,37,32,42,75,95,96,0,0,0,0,0,0,0,7,0,0,0,0,47,0
l13,12=0,0,0,0,0,44,64,68,79,80,47,81,80,0,73,90,70,73,0,0,30,29,0,75,61,27,0,0,0,0,0,0,0,0,0,0,0,0,0,0
l14,12=0,0,0,0,61,0,0,0,0,10,0,47,94,77,0,78,87,81,0,0,0,37,0,84,97,57,0,0,0,0,0,0,0,46,43,38,55,0,36,0
l15,12=0,0,0,0,0,0,73,0,70,54,46,89,86,91,76,0,73,76,0,51,34,31,0,66,72,65,0,0,0,0,0,0,0,0,0,0,0,0,39,0
l16,12=0,0,0,0,0,0,0,0,20,23,0,30,82,74,81,75,0,84,46,49,42,38,40,17,84,62,0,0,0,0,0,0,0,0,0,35,77,69,48,6
l17,12=0,0,0,0,0,0,0,0,32,29,0,57,91,78,78,87,82,0,0,51,45,41,52,67,33,0,0,0,0,0,0,0,0,3,0,0,73,0,22,0
l18,12=0,0,0,0,0,0,0,0,0,0,0,0,0,0,0,0,57,0,0,62,53,39,0,0,0,0,0,0,0,0,0,0,0,0,0,0,0,0,0,0
l19,12=0,0,0,0,0,0,0,0,30,0,0,0,0,0,0,45,48,49,42,0,75,57,72,0,0,0,35,0,20,0,0,45,36,0,0,32,0,0,28,52
l20,12=0,0,0,0,0,0,0,0,0,31,0,25,56,45,0,47,62,64,42,86,0,82,81,0,0,0,32,0,0,0,0,36,0,0,0,45,84,49,79,31
l21,12=0,0,0,0,0,0,0,0,35,42,0,32,60,52,51,60,65,66,46,87,85,0,81,0,48,0,25,0,0,0,0,0,0,0,0,41,64,50,84,53
l22,12=0,0,0,0,0,0,0,0,0,0,0,32,54,0,0,2,52,55,0,72,85,79,0,0,0,0,32,0,0,0,0,0,0,0,0,51,72,28,74,31
l23,12=0,0,0,0,69,0,0,0,10,0,0,30,76,86,93,59,8,60,0,0,0,0,0,0,97,96,0,0,0,0,0,24,12,31,0,0,0,0,0,0
l24,12=0,0,0,0,0,0,0,0,0,33,0,9,94,72,96,82,88,23,0,0,0,49,0,99,0,93,0,0,0,0,0,4,67,2,0,0,12,0,57,0
l25,12=0,0,0,0,0,0,0,0,0,0,0,42,94,37,40,56,55,0,0,0,0,0,0,100,95,0,0,0,0,0,0,47,30,64,80,0,0,0,0,0
l26,12=0,0,0,0,0,0,0,0,0,0,0,0,0,0,0,0,0,0,0,33,28,8,32,0,0,0,0,71,92,68,91,90,78,52,71,0,0,0,0,0
l27,12=0,0,0,0,0,0,0,0,0,0,0,0,0,0,0,0,0,0,0,0,0,0,0,0,0,0,76,0,89,92,93,77,0,7,19,0,0,0,0,0
l28,12=0,0,0,0,0,0,0,0,0,0,0,0,0,0,0,0,0,0,0,32,17,0,0,0,0,0,80,96,0,92,93,80,61,53,64,0,0,0,0,0
l29,12=0,0,0,0,0,0,0,0,0,0,0,0,0,0,0,0,0,0,0,0,0,0,0,0,0,0,70,96,92,0,93,80,76,63,73,0,0,0,0,0
l30,12=0,0,0,0,0,0,0,0,0,0,0,0,0,0,0,0,0,0,0,0,0,0,0,0,0,0,80,96,92,92,0,81,73,37,34,0,0,0,0,0
l31,12=0,0,0,0,0,0,0,0,0,0,0,0,0,0,0,0,0,0,0,63,47,0,0,42,11,70,80,84,84,83,92,0,98,100,100,0,0,0,0,0
l32,12=0,0,0,0,0,0,0,0,0,0,0,0,0,0,0,0,0,0,0,18,0,0,0,22,52,33,77,0,80,81,85,90,0,100,100,0,0,0,0,0
l33,12=0,0,0,0,0,0,0,0,0,0,0,0,44,0,71,0,0,0,0,0,0,0,0,41,9,64,71,20,65,59,75,93,95,0,97,0,0,0,0,0
l34,12=0,0,0,0,0,0,0,0,0,0,0,0,0,0,51,0,0,0,0,0,0,0,0,3,0,82,78,38,81,79,70,94,98,98,0,0,0,0,0,0
l35,12=0,0,0,0,0,0,0,0,0,0,0,0,0,0,24,0,35,0,0,21,30,11,54,0,0,0,0,0,0,0,0,0,0,0,0,0,87,73,48,19
l36,12=0,0,0,0,0,0,0,0,0,0,0,2,0,0,23,0,69,53,0,0,41,19,62,0,2,0,0,0,0,0,0,0,0,0,0,69,0,79,54,44
l37,12=0,0,0,0,0,0,0,0,0,0,0,0,0,0,0,0,58,0,0,0,25,12,0,0,0,0,0,0,0,0,0,0,0,0,0,61,83,0,28,39
l38,12=0,0,0,0,0,0,0,0,0,0,0,7,72,0,33,56,76,45,0,30,43,41,62,0,21,0,0,0,0,0,0,0,0,0,0,67,84,61,0,44
l39,12=0,0,0,0,0,0,0,0,0,0,0,0,0,0,0,0,52,0,0,63,34,33,60,0,0,0,0,0,0,0,0,0,0,0,0,53,86,70,51,0

l0,13=0,94,93,91,92,92,93,93,63,83,88,0,0,0,0,0,0,0,0,0,0,0,0,0,0,0,0,0,0,0,0,0,0,0,0,0,0,0,0,0
l1,13=92,0,93,93,92,92,93,90,0,72,86,0,0,0,14,0,0,0,0,0,0,0,0,0,0,0,0,0,0,0,0,0,0,0,0,0,0,0,0,0
l2,13=92,94,0,91,92,93,93,59,0,87,92,0,0,36,0,0,0,0,0,0,0,0,0,0,0,0,0,0,0,0,0,0,0,0,0,0,0,0,0,0
l3,13=94,99,95,0,94,94,93,89,27,0,89,0,0,0,0,0,0,0,0,0,0,0,0,0,0,0,0,0,0,0,0,0,0,0,0,0,0,0,0,0
l4,13=92,94,93,91,0,92,93,90,59,74,87,0,0,0,0,0,0,0,0,0,0,0,0,0,0,0,0,0,0,0,0,0,0,0,0,0,0,0,0,0
l5,13=92,94,93,91,92,0,93,58,51,87,91,0,0,52,0,0,0,0,0,0,0,0,0,0,0,0,0,0,0,0,0,0,0,0,0,0,0,0,0,0
l6,13=89,91,93,79,90,93,0,0,69,84,0,87,0,59,0,77,0,0,0,0,0,0,0,0,0,0,0,0,0,0,0,0,0,0,0,0,0,0,0,0
l7,13=88,91,30,51,63,87,0,0,84,87,92,62,24,53,0,2,0,0,0,0,0,0,0,0,0,0,0,0,0,0,0,0,0,0,0,0,0,0,0,0
l8,13=64,0,0,21,40,81,72,58,0,95,90,75,42,90,46,30,25,35,0,54,0,58,20,12,77,0,0,0,0,0,0,0,0,0,0,0,0,0,0,0
l9,13=63,50,60,0,52,86,76,90,89,0,92,72,42,91,54,84,39,42,0,0,61,60,0,0,0,0,0,0,0,0,0,0,0,0,0,0,0,0,0,0
l10,13=65,58,25,22,44,81,0,93,84,95,0,70,0,89,0,33,0,0,0,0,0,0,0,0,0,0,0,0,0,0,0,0,0,0,0,0,0,0,0,0
l11,13=0,0,0,0,0,0,79,28,25,29,74,0,82,98,51,93,29,83,0,0,72,72,70,74,69,50,0,0,0,0,0,0,0,0,0,0,6,0,50,0
l12,13=0,0,0,0,0,0,0,0,0,28,0,95,0,50,59,71,35,72,0,0,81,69,75,85,100,86,0,0,0,0,0,0,0,62,0,0,20,0,54,0
l13,13=0,0,1,0,0,71,71,40,53,95,93,97,62,0,50,93,27,46,0,11,66,71,0,77,46,50,0,0,0,0,0,0,0,0,0,0,0,0,53,0
l14,13=0,0,0,0,0,0,0,0,27,29,0,94,99,56,0,41,48,51,0,0,0,71,0,98,100,67,0,0,0,0,0,0,7,50,38,0,0,0,0,0
l15,13=0,0,0,0,0,0,79,0,21,34,75,97,81,84,49,0,35,67,0,61,76,68,0,79,89,58,0,0,0,0,0,0,0,0,0,0,68,0,52,0
l16,13=0,0,0,0,0,0,0,0,18,24,0,83,73,40,56,41,0,51,32,64,67,65,68,40,93,35,0,0,0,0,0,0,0,16,15,35,74,40,57,19
l17,13=0,0,0,0,0,0,0,0,21,27,0,95,96,57,55,43,34,0,0,64,87,87,76,68,92,0,0,0,0,0,0,0,0,52,0,3,78,0,57,0
l18,13=0,0,0,0,0,0,0,0,0,0,0,0,0,0,0,0,55,0,0,86,92,7,47,0,0,0,0,0,0,0,0,0,0,0,0,0,0,0,0,0
l19,13=0,0,0,0,0,0,0,0,24,0,0,0,0,1,0,35,61,29,72,0,95,92,88,0,0,0,6,0,0,33,0,8,0,0,0,0,56,47,54,72
l20,13=0,0,0,0,0,0,0,0,0,21,0,76,65,27,0,30,24,57,69,90,0,95,96,0,0,0,19,0,0,0,0,49,0,0,15,76,88,73,86,30
l21,13=0,0,0,0,0,0,0,0,18,28,0,75,59,45,40,26,29,54,0,90,95,0,95,0,70,0,10,0,0,0,0,0,0,1,0,29,52,0,79,43
l22,13=0,0,0,0,0,0,0,0,0,0,0,57,45,0,0,0,25,25,0,85,95,94,0,0,0,0,21,0,0,0,0,0,0,0,0,45,89,48,70,80
l23,13=0,0,0,0,0,0,0,0,0,3,0,91,76,56,90,45,22,30,0,0,0,0,0,0,91,100,0,0,0,0,0,0,0,38,0,0,0,0,0,0
l24,13=0,0,0,1,0,0,0,0,26,0,0,70,99,0,99,50,68,50,0,0,0,74,0,82,0,97,0,0,0,0,0,0,80,17,0,0,75,0,2,0
l25,13=0,0,0,0,0,0,0,0,0,0,0,61,99,39,58,43,24,0,0,0,0,0,0,100,98,0,0,0,0,20,0,83,83,86,59,0,0,0,0,0
l26,13=0,0,0,0,0,0,0,0,0,0,0,0,0,0,0,0,0,0,0,32,57,18,57,0,0,0,0,87,97,75,99,99,79,81,0,0,0,0,0,0
l27,13=0,0,0,0,0,0,0,0,0,0,0,0,0,0,0,0,0,0,0,0,0,0,0,0,0,0,86,0,94,100,100,85,68,71,57,0,0,0,0,0
l28,13=0,0,0,0,0,0,0,0,0,0,0,0,0,0,0,0,0,0,0,7,0,0,0,0,0,0,98,99,0,100,100,94,67,77,83,0,0,0,0,0
l29,13=0,0,0,0,0,0,0,0,0,0,0,0,0,0,0,0,0,0,0,17,0,0,0,0,0,6,79,99,97,0,100,87,81,77,86,0,0,0,0,0
l30,13=0,0,0,0,0,0,0,0,0,0,0,0,0,0,0,0,0,0,0,0,0,0,0,0,0,0,98,99,97,100,0,91,73,77,37,0,0,0,0,0
l31,13=0,0,0,0,0,0,0,0,0,0,0,0,0,0,0,0,0,0,0,14,71,0,0,0,0,71,98,97,94,93,99,0,99,100,99,0,0,0,0,0
l32,13=0,0,0,0,0,0,0,0,0,0,0,0,2,0,33,0,0,0,0,10,0,0,0,0,83,63,91,33,74,95,91,100,0,99,99,0,0,0,0,0
l33,13=0,0,0,0,0,0,0,0,0,0,0,0,92,0,46,0,24,43,0,0,0,1,0,62,70,97,96,36,90,84,91,97,98,0,97,0,0,0,0,0
l34,13=0,0,0,0,0,0,0,0,0,0,0,0,2,0,52,0,42,0,0,0,75,0,5,54,0,96,0,27,91,92,82,100,99,99,0,0,0,0,0,0
l35,13=0,0,0,0,0,0,0,0,0,0,0,0,0,0,0,0,23,0,0,0,78,19,73,0,0,0,0,0,0,0,0,0,0,0,0,0,94,92,66,21
l36,13=0,0,0,0,0,0,0,0,0,0,0,0,27,0,0,18,30,23,0,45,82,3,80,0,67,0,0,0,0,0,0,0,0,0,0,90,0,82,62,23
l37,13=0,0,0,0,0,0,0,0,0,0,0,0,0,0,0,0,2,0,0,53,80,0,56,0,0,0,0,0,0,0,0,0,0,0,0,54,91,0,60,20
l38,13=0,0,0,0,0,0,0,0,0,0,0,61,61,44,0,25,32,34,0,64,87,77,79,0,0,0,0,0,0,0,0,0,0,0,0,51,89,77,0,21
l39,13=0,0,0,0,0,0,0,0,0,0,0,0,0,0,0,0,25,0,0,72,79,74,85,0,0,0,0,0,0,0,0,0,0,0,0,47,87,66,59,0

l0,14=0,100,100,100,100,99,100,98,96,99,99,0,0,0,0,0,0,0,0,0,0,0,0,0,0,0,0,0,0,0,0,0,0,0,0,0,0,0,0,0
l1,14=100,0,100,100,100,99,55,0,0,0,98,0,0,28,0,0,0,0,0,0,0,0,0,0,0,0,0,0,0,0,0,0,0,0,0,0,0,0,0,0
l2,14=100,100,0,100,100,99,100,100,54,99,100,0,0,66,0,0,0,0,0,0,0,0,0,0,0,0,0,0,0,0,0,0,0,0,0,0,0,0,0,0
l3,14=100,100,100,0,100,99,100,95,0,0,100,0,0,0,0,0,0,0,0,0,0,0,0,0,0,0,0,0,0,0,0,0,0,0,0,0,0,0,0,0
l4,14=97,100,100,100,0,99,100,2,47,44,100,0,0,43,0,1,0,0,0,0,0,0,0,0,0,0,0,0,0,0,0,0,0,0,0,0,0,0,0,0
l5,14=100,100,100,100,100,0,100,100,95,99,100,0,0,55,0,66,0,0,0,0,0,0,0,0,0,0,0,0,0,0,0,0,0,0,0,0,0,0,0,0
l6,14=95,95,100,98,99,99,0,98,89,94,96,99,0,90,0,93,0,0,0,0,0,0,56,0,0,0,0,0,0,0,0,0,0,0,0,0,0,0,0,0
l7,14=99,0,100,60,51,98,100,0,97,99,100,0,0,58,0,45,96,0,0,0,0,0,0,0,0,0,0,0,0,0,0,0,0,0,0,0,0,0,0,0
l8,14=50,0,32,16,34,50,52,52,0,99,100,56,57,28,34,39,16,0,0,6,44,29,28,0,49,0,0,0,0,0,0,0,0,0,0,0,0,0,2,0
l9,14=50,0,48,1,50,91,52,98,97,0,100,59,0,100,51,87,50,53,0,0,53,45,0,48,18,0,0,0,0,0,0,0,0,0,0,0,0,0,0,0
l10,14=73,100,51,99,100,98,98,100,97,99,0,60,56,98,31,42,0,0,0,0,22,0,0,0,0,0,0,0,0,0,0,0,0,0,0,0,0,0,0,0
l11,14=0,0,0,0,0,0,97,0,28,95,40,0,98,100,97,100,97,97,0,0,88,50,59,71,0,59,0,0,0,0,0,0,0,0,0,6,47,0,68,0
l12,14=0,0,0,0,0,0,0,0,39,0,26,97,0,58,98,74,48,97,0,6,89,0,33,78,97,98,0,0,0,0,0,0,0,26,0,0,0,0,0,0
l13,14=0,34,59,0,56,93,97,97,56,99,82,99,98,0,59,100,95,97,0,0,0,63,0,79,97,98,0,0,0,0,0,0,0,0,0,0,0,0,96,0
l14,14=0,0,0,0,0,0,0,0,28,25,23,97,99,27,0,38,97,62,0,0,19,10,0,81,100,0,0,0,0,0,0,0,10,24,0,0,0,0,46,0
l15,14=0,0,0,0,1,39,95,0,56,62,41,99,98,99,58,0,97,97,0,21,85,44,0,79,97,92,0,0,0,0,0,0,0,0,0,0,7,0,74,0
l16,14=0,0,0,0,0,0,0,42,0,21,0,88,66,12,59,74,0,91,10,47,56,27,58,27,95,0,0,0,0,0,0,0,0,15,41,84,88,44,88,58
l17,14=0,0,0,0,0,0,0,0,0,28,0,97,98,57,59,98,97,0,0,28,89,63,44,75,97,58,0,0,0,0,0,0,0,0,0,39,32,0,97,0
l18,14=0,0,0,0,0,0,0,0,0,0,0,0,0,0,0,0,69,0,0,89,84,60,82,0,0,0,0,0,0,0,0,0,0,0,0,0,0,0,0,0
l19,14=0,0,0,0,0,0,0,0,0,0,0,0,82,0,0,63,88,89,61,0,97,93,85,0,0,0,0,0,0,79,0,0,0,0,0,80,87,85,90,90
l20,14=0,0,0,0,0,0,0,0,2,54,0,86,86,0,1,69,90,90,65,97,0,98,96,0,0,0,0,0,0,0,0,0,0,0,80,89,92,89,97,93
l21,14=0,0,0,0,0,0,0,0,52,58,3,94,86,55,54,70,89,95,5,97,98,0,98,0,90,0,0,0,0,0,0,0,0,0,80,90,90,88,4,92
l22,14=0,0,0,0,0,0,53,0,4,2,0,85,85,0,0,0,94,87,51,97,98,98,0,0,0,0,83,0,0,0,0,0,0,0,0,86,90,1,91,94
l23,14=0,0,0,0,0,0,0,0,0,28,0,56,95,25,98,72,46,55,0,0,0,0,0,0,46,100,0,0,0,0,0,0,29,29,41,0,0,0,0,0
l24,14=0,0,0,0,0,0,0,0,28,22,0,0,99,27,98,75,100,99,0,0,0,29,1,38,0,100,0,0,0,0,0,0,0,0,0,0,34,0,0,0
l25,14=0,0,0,0,2,0,0,0,0,0,0,54,99,46,0,63,0,61,0,0,0,0,0,98,100,0,0,0,3,0,0,0,30,59,97,0,0,0,0,0
l26,14=0,0,0,0,0,0,0,0,0,0,0,0,0,0,0,0,0,0,0,0,33,0,84,0,0,0,0,92,100,92,100,100,96,90,92,0,0,0,0,0
l27,14=0,0,0,0,0,0,0,0,0,0,0,0,0,0,0,0,0,0,0,0,0,0,0,0,0,0,90,0,99,100,99,94,90,84,7,0,0,0,0,0
l28,14=0,0,0,0,0,0,0,0,0,0,0,0,0,0,0,0,0,0,0,35,0,0,0,0,0,24,100,100,0,100,100,95,88,90,96,0,0,0,0,0
l29,14=0,0,0,0,0,0,0,0,0,0,0,0,0,0,0,0,0,0,0,83,0,0,0,0,0,0,90,100,100,0,100,92,93,0,93,0,0,0,0,0
l30,14=0,0,0,0,0,0,0,0,0,0,0,0,0,0,0,0,0,0,0,0,0,0,0,0,0,0,96,100,100,100,0,92,89,90,0,0,0,0,0,0
l31,14=0,0,0,0,0,0,0,0,0,0,0,0,0,0,0,0,0,0,0,0,0,0,0,0,0,0,100,86,98,99,93,0,100,100,99,0,0,0,0,0
l32,14=0,0,0,0,0,0,0,0,0,0,0,0,0,0,53,0,0,0,0,0,0,0,0,80,0,83,98,88,91,96,91,100,0,100,100,0,0,0,0,0
l33,14=0,0,0,0,0,0,0,0,0,0,0,0,90,0,85,0,83,0,0,0,0,0,0,88,0,95,96,80,94,0,98,98,99,0,100,0,0,0,0,0
l34,14=0,0,0,0,0,0,0,0,0,0,0,0,85,0,0,0,81,0,0,0,88,59,0,90,0,95,97,3,95,94,0,100,100,100,0,0,0,0,0,0
l35,14=0,0,0,0,0,0,0,0,0,0,0,0,51,0,0,0,87,64,0,51,75,48,50,0,0,0,0,0,0,0,0,0,0,0,0,0,94,96,96,95
l36,14=0,0,0,0,0,0,0,0,0,0,0,78,0,0,0,0,86,30,0,44,74,40,51,0,64,0,0,0,0,0,0,0,0,0,0,98,0,88,97,89
l37,14=0,0,0,0,0,0,0,0,0,0,0,0,0,0,0,0,2,0,0,49,69,25,0,0,0,0,0,0,0,0,0,0,0,0,0,96,83,0,90,87
l38,14=0,0,0,0,0,0,0,0,0,0,0,78,0,17,26,57,88,91,0,43,88,1,54,0,0,0,0,0,0,0,0,0,0,0,0,94,95,93,0,91
l39,14=0,0,0,0,0,0,0,0,0,0,0,0,0,0,0,0,87,0,0,58,75,53,51,0,0,0,0,0,0,0,0,0,0,0,0,87,88,89,90,0

l0,15=0,98,96,100,100,100,97,95,94,99,0,0,0,0,0,0,0,0,0,0,0,0,0,0,0,0,0,0,0,0,0,0,0,0,0,0,0,0,0,0
l1,15=97,0,96,97,100,100,97,94,95,98,97,0,0,63,0,0,0,0,0,0,0,0,0,0,1,0,0,0,0,0,0,0,0,0,0,0,0,0,0,0
l2,15=97,98,0,96,98,100,97,96,93,98,0,81,0,90,0,0,0,0,0,0,0,0,0,0,0,0,0,0,0,0,0,0,0,0,0,0,0,0,0,0
l3,15=100,100,96,0,100,98,8,0,0,0,93,0,0,0,0,0,0,0,0,0,0,0,0,0,0,0,0,0,0,0,0,0,0,0,0,0,0,0,0,0
l4,15=100,100,96,100,0,100,91,90,0,91,97,0,0,0,0,0,0,0,0,0,0,0,0,0,41,0,0,0,0,0,0,0,0,0,0,0,0,0,0,0
l5,15=97,98,96,97,100,0,94,96,94,99,97,0,0,95,0,78,0,0,0,0,0,0,0,0,0,0,0,0,0,0,0,0,0,0,0,0,0,0,0,0
l6,15=97,98,96,85,96,93,0,96,93,98,97,98,86,93,0,96,0,0,0,0,0,0,35,0,0,0,0,0,0,0,0,0,0,0,0,0,0,0,0,0
l7,15=97,98,96,62,97,98,97,0,97,99,99,0,0,61,2,0,92,0,0,0,0,0,0,0,0,0,0,0,0,0,0,0,0,0,0,0,0,0,0,0
l8,15=95,95,70,0,11,63,91,96,0,100,97,98,95,84,45,56,0,0,0,26,39,84,94,0,96,0,0,0,0,0,0,0,0,0,0,0,0,0,0,0
l9,15=100,97,91,0,42,99,99,99,99,0,99,97,0,99,12,98,84,11,0,0,91,83,19,33,0,0,0,0,0,0,0,0,0,0,0,0,0,0,0,0
l10,15=0,95,0,91,98,98,97,100,97,100,0,0,92,95,5,0,26,0,0,0,0,0,0,0,0,0,0,0,0,0,0,0,0,0,0,0,0,0,0,0
l11,15=0,0,3,0,4,0,99,0,68,62,0,0,98,99,52,100,98,97,0,19,60,85,95,96,91,99,0,0,0,0,0,0,0,0,0,0,98,0,60,0
l12,15=0,0,0,0,0,0,6,0,91,0,62,99,0,98,100,94,91,99,0,25,62,0,80,96,100,100,0,0,0,0,0,0,0,0,0,23,91,0,1,0
l13,15=0,56,93,0,0,62,92,33,69,100,61,100,98,0,53,99,87,98,0,2,0,28,30,95,93,95,0,0,0,0,0,0,0,0,0,0,0,0,11,0
l14,15=0,0,0,0,0,0,0,0,22,51,0,95,98,72,0,51,90,97,0,0,45,0,0,99,100,99,0,0,0,0,0,0,0,96,0,0,0,0,57,0
l15,15=0,0,0,0,0,47,95,0,73,62,0,100,97,91,55,0,90,99,0,0,60,85,0,98,99,95,0,0,0,0,0,0,0,0,0,74,0,0,62,0
l16,15=0,0,0,0,0,0,0,90,0,58,8,99,88,70,59,57,0,93,81,57,57,73,99,0,99,0,0,0,0,0,0,0,46,95,0,90,99,46,61,0
l17,15=0,0,0,0,0,0,0,0,0,60,0,99,97,91,59,58,90,0,0,57,60,85,91,87,99,94,0,0,0,0,0,0,0,99,83,0,95,14,63,0
l18,15=0,0,0,0,0,0,0,0,0,0,0,0,0,0,0,0,93,0,0,86,89,56,76,0,0,0,0,0,0,0,0,0,0,0,0,0,1,0,0,0
l19,15=0,0,0,0,0,0,0,0,8,0,0,2,75,0,0,0,78,73,64,0,98,92,96,0,0,0,27,0,0,59,0,48,0,0,0,16,72,0,47,59
l20,15=0,0,0,0,0,0,0,0,0,60,0,91,88,0,8,51,84,93,79,98,0,99,99,0,0,0,6,0,0,0,0,0,0,0,0,97,99,45,99,67
l21,15=0,0,0,0,0,0,0,0,63,58,0,95,1,19,0,63,83,96,12,98,99,0,99,0,83,0,0,0,0,0,0,0,0,0,87,73,99,56,99,93
l22,15=0,0,0,0,0,0,4,0,54,46,0,73,78,0,0,0,93,78,18,97,98,98,0,0,0,0,53,0,0,0,0,0,0,0,0,72,76,48,46,55
l23,15=0,0,0,0,0,0,0,0,0,47,0,96,96,74,100,93,0,95,0,0,0,0,0,0,100,100,0,0,0,0,0,0,87,99,0,0,0,0,0,0
l24,15=0,0,0,0,9,0,0,0,63,0,0,95,98,61,100,99,95,99,0,0,1,71,0,98,0,99,0,0,0,0,0,0,78,0,0,0,76,0,0,0
l25,15=0,0,0,0,0,0,0,0,0,0,0,94,94,74,87,51,0,88,0,0,0,0,0,100,96,0,66,0,26,13,0,83,88,52,95,0,0,0,0,0
l26,15=0,0,0,0,0,0,0,0,0,0,0,0,0,0,0,0,0,0,0,26,73,0,63,0,0,89,0,99,99,83,96,99,82,64,95,0,0,0,0,0
l27,15=0,0,0,0,0,0,0,0,0,0,0,0,0,0,0,0,0,0,0,0,0,0,0,0,0,0,74,0,99,88,98,98,78,96,96,0,0,0,0,0
l28,15=0,0,0,0,0,0,0,0,0,0,0,0,0,0,0,0,0,0,0,0,0,0,0,0,0,76,82,100,0,89,98,99,70,97,94,0,0,0,0,0
l29,15=0,0,0,0,0,0,0,0,0,0,0,0,0,0,0,0,0,0,0,72,0,0,5,0,0,1,82,100,99,0,98,98,77,92,95,0,0,0,0,0
l30,15=0,0,0,0,0,0,0,0,0,0,0,0,0,0,0,0,0,0,0,0,0,0,0,0,0,0,76,100,99,89,0,98,77,96,0,0,0,0,0,0
l31,15=0,0,0,0,0,0,0,0,0,0,0,0,0,0,0,0,0,0,0,40,0,0,0,0,0,92,82,93,98,89,95,0,88,100,98,0,0,0,0,0
l32,15=0,0,0,0,0,0,0,0,0,0,0,0,69,0,0,0,76,0,0,0,0,0,0,85,91,92,76,93,89,76,86,99,0,100,98,0,0,0,0,0
l33,15=0,0,0,0,0,0,0,0,0,0,0,0,33,0,81,0,82,85,0,0,0,0,0,85,25,88,35,79,91,59,86,88,88,0,98,0,0,0,0,0
l34,15=0,0,0,0,0,0,0,0,0,0,0,0,7,0,0,0,0,60,0,0,50,82,0,0,0,92,75,83,91,68,5,87,88,100,0,0,0,0,0,0
l35,15=0,0,0,0,0,0,0,0,0,0,0,0,68,0,0,36,74,0,0,4,49,49,66,0,0,0,0,0,0,0,0,0,0,0,0,0,99,94,68,91
l36,15=0,0,0,0,0,0,0,0,0,0,0,78,78,0,0,0,83,30,0,54,57,70,85,0,45,0,0,0,0,0,0,0,0,0,0,98,0,59,95,64
l37,15=0,0,0,0,0,0,0,0,0,0,0,0,0,0,0,0,70,0,0,0,31,58,79,0,0,0,0,0,0,0,0,0,0,0,0,97,98,0,61,66
l38,15=0,0,0,0,0,0,0,0,0,0,0,71,17,0,10,50,81,88,0,48,59,78,85,0,0,0,0,0,0,0,0,0,0,0,0,96,99,56,0,66
l39,15=0,0,0,0,0,0,0,0,0,0,0,0,0,0,0,0,0,0,0,47,58,69,69,0,0,0,0,0,0,0,0,0,0,0,0,90,95,88,63,0

