t=2016-04-14_05.27.12

n=40

q0=1
q1=1
q2=1
q3=1
q4=1
q5=1
q6=1
q7=1
q8=1
q9=1
q10=1
q11=1
q12=1
q13=1
q14=1
q15=1
q16=1
q17=1
q18=1
q19=1
q20=1
q21=1
q22=1
q23=1
q24=1
q25=1
q26=1
q27=1
q28=1
q29=1
q30=1
q31=1
q32=1
q33=1
q34=1
q35=1
q36=1
q37=1
q38=1
q39=1

a0=0x141592000c576ce6
a1=0x141592000c5aedbc
a2=0x141592000c5750f4
a3=0x141592000c576658
a4=0x141592000c575890
a5=0x141592000c574ffa
a6=0x141592000c5acf11
a7=0x141592000d9df361
a8=0x141592000c576300
a9=0x141592000c5779b6
a10=0x141592000c5762b9
a11=0x141592000c5af078
a12=0x141592000c575517
a13=0x141592000c5752c3
a14=0x141592000c5a4baa
a15=0x141592000c5776e7
a16=0x141592000c58cdeb
a17=0x141592000c5881fc
a18=0x141592000bd81d33
a19=0x141592000bd84d6a
a20=0x141592000c577233
a21=0x141592000c574527
a22=0x141592000c5746a3
a23=0x141592000c574da3
a24=0x141592000c5741c9
a25=0x141592000da244ea
a26=0x141592000c5ae886
a27=0x141592000c57510e
a28=0x141592000c5ab6c8
a29=0x141592000c574d05
a30=0x141592000edae61f
a31=0x141592000c57667e
a32=0x141592000c577f43
a33=0x141592000c576449
a34=0x1415920010f4117a
a35=0x141592000c575966
a36=0x141592000c574d35
a37=0x141592000c576fb1
a38=0x141592000c5aea5d
a39=0x141592000c59f23f

l0,0=0,93,91,96,91,93,87,82,93,92,0,0,0,52,0,0,0,0,0,0,0,0,0,0,0,0,0,0,0,0,0,0,0,0,0,0,0,0,0,0
l1,0=93,0,92,86,93,93,87,91,87,0,92,0,0,0,0,0,0,0,0,0,0,0,0,0,0,0,0,0,0,0,0,0,0,0,0,0,0,0,0,0
l2,0=93,91,0,0,93,94,91,92,2,91,93,0,0,71,0,0,0,0,0,0,0,0,0,0,0,0,0,0,0,0,0,0,0,0,0,0,0,0,0,0
l3,0=95,80,0,0,94,93,87,58,78,0,86,0,0,0,0,0,0,0,0,0,0,0,0,0,0,0,0,0,0,0,0,0,0,0,0,0,0,0,0,0
l4,0=79,90,92,90,0,92,37,0,0,81,85,0,0,74,0,0,0,0,0,0,0,0,0,0,0,0,0,0,0,0,0,0,0,0,0,0,0,0,0,0
l5,0=93,93,92,90,93,0,87,92,92,93,91,0,0,40,0,0,0,0,0,0,0,0,0,0,0,0,0,0,0,0,0,0,0,0,0,0,0,0,0,0
l6,0=85,81,95,78,75,82,0,91,87,86,82,49,0,82,0,62,42,0,0,0,0,0,0,0,0,0,0,0,0,0,0,0,0,0,0,0,0,0,0,0
l7,0=78,84,92,66,37,87,88,0,89,88,93,76,0,23,0,57,0,0,0,0,0,0,0,0,0,0,0,0,0,0,0,0,0,0,0,0,0,0,0,0
l8,0=71,64,0,59,0,68,55,45,0,93,74,79,75,91,45,79,53,39,0,0,0,56,7,11,26,0,0,0,0,0,0,0,0,0,0,0,0,0,40,0
l9,0=82,0,81,0,82,93,74,88,94,0,92,77,75,82,4,64,42,44,0,0,0,0,18,0,0,0,0,0,0,0,0,0,0,0,0,0,0,0,0,0
l10,0=0,83,92,73,84,89,82,92,83,93,0,75,71,92,0,67,10,0,0,0,0,0,0,0,0,0,0,0,0,0,0,0,0,0,0,0,0,0,0,0
l11,0=0,0,0,0,0,0,20,26,85,82,84,0,92,77,55,93,55,59,0,22,0,52,0,0,30,0,0,0,0,0,0,0,0,0,0,0,49,0,49,0
l12,0=0,0,0,0,0,0,0,0,86,73,74,87,0,86,87,92,52,99,0,0,25,53,0,83,92,67,0,0,0,0,0,0,0,82,0,4,42,0,85,0
l13,0=0,0,10,0,67,0,31,0,91,72,88,80,90,0,89,82,45,45,0,23,13,56,64,69,26,26,0,0,0,0,0,0,0,0,0,0,0,0,46,0
l14,0=0,0,0,0,0,0,0,0,83,2,0,85,90,73,0,51,55,55,0,0,29,0,25,80,53,54,0,0,0,0,0,0,0,80,0,0,0,0,40,0
l15,0=0,0,0,0,0,0,28,13,83,71,74,96,94,71,84,0,51,55,0,0,24,0,57,0,49,0,0,0,0,0,0,0,0,0,0,0,10,0,49,0
l16,0=0,0,0,0,0,0,11,0,86,65,0,84,86,47,53,51,0,62,0,26,20,74,78,53,32,0,0,0,0,0,0,0,0,55,20,23,46,13,57,67
l17,0=0,0,0,0,0,0,0,0,82,78,0,92,93,72,53,53,57,0,0,0,31,70,62,0,32,30,0,0,0,0,0,0,0,85,0,0,54,5,1,0
l18,0=0,0,0,0,0,0,0,0,0,0,0,0,0,0,0,0,0,0,0,0,85,0,82,0,0,0,0,0,0,0,0,0,0,0,0,0,0,0,0,0
l19,0=0,0,0,0,0,0,0,0,3,0,0,37,0,39,0,0,74,0,0,0,82,32,93,0,0,0,0,0,34,1,0,49,0,0,0,0,66,27,78,85
l20,0=0,0,0,0,0,0,0,0,0,0,0,0,37,36,33,31,46,40,37,53,0,88,93,0,0,0,0,0,0,0,0,0,0,0,0,3,63,61,97,86
l21,0=0,0,0,0,0,0,0,0,61,0,0,42,33,53,0,0,87,35,14,18,97,0,93,0,0,0,0,0,0,0,0,0,0,0,0,64,31,33,97,66
l22,0=0,0,0,0,0,0,0,0,42,15,0,0,18,40,11,25,48,26,29,86,97,87,0,0,0,0,43,0,0,0,0,0,0,0,0,25,80,40,85,76
l23,0=0,0,0,0,0,0,0,0,66,0,0,0,87,82,85,0,48,0,0,0,0,0,0,0,89,24,0,0,0,0,0,0,39,78,56,0,0,0,0,0
l24,0=0,0,0,0,0,0,0,0,88,0,0,82,94,69,87,86,52,55,0,0,0,0,0,85,0,49,0,0,0,0,0,0,70,85,53,0,0,0,2,0
l25,0=0,0,0,0,0,0,0,0,7,0,0,0,87,56,87,0,0,48,0,0,0,0,0,53,84,0,41,0,0,0,0,46,77,78,80,0,0,0,0,0
l26,0=0,0,0,0,0,0,0,0,0,0,0,0,0,0,0,0,0,0,0,2,0,0,71,0,0,59,0,82,97,92,92,94,77,74,75,0,0,0,0,0
l27,0=0,0,0,0,0,0,0,0,0,0,0,0,0,0,0,0,0,0,0,0,0,0,0,0,0,0,83,0,97,96,99,86,76,74,78,0,0,0,0,0
l28,0=0,0,0,0,0,0,0,0,0,0,0,0,0,0,0,0,0,0,0,63,0,0,0,0,0,0,83,100,0,96,99,94,80,75,78,0,0,0,0,0
l29,0=0,0,0,0,0,0,0,0,0,0,0,0,0,0,0,0,0,0,0,55,0,0,0,0,0,0,83,100,97,0,99,79,76,74,75,0,0,0,0,0
l30,0=0,0,0,0,0,0,0,0,0,0,0,0,0,0,0,0,0,0,0,0,0,0,0,0,0,0,80,100,97,96,0,90,89,86,0,0,0,0,0,0
l31,0=0,0,0,0,0,0,0,0,0,0,0,0,0,0,0,0,0,0,0,64,0,0,0,0,0,69,80,79,91,74,71,0,91,85,96,0,0,0,0,0
l32,0=0,0,0,0,0,0,0,0,0,0,0,0,0,0,0,0,0,0,0,0,0,0,0,59,68,70,74,78,91,71,71,93,0,88,96,0,0,0,0,0
l33,0=0,0,0,0,0,0,0,0,0,0,0,0,80,0,78,0,74,76,0,0,0,0,0,75,78,79,64,72,84,73,78,92,92,0,88,0,0,0,0,0
l34,0=0,0,0,0,0,0,0,0,0,0,0,0,0,0,0,0,67,0,0,0,0,0,4,66,71,75,70,79,81,67,0,94,94,86,0,0,0,0,0,0
l35,0=0,0,0,0,0,0,0,0,0,0,0,0,0,0,0,0,26,0,0,0,0,74,39,0,0,0,0,0,0,0,0,0,0,0,0,0,57,95,95,62
l36,0=0,0,0,0,0,0,0,0,0,0,0,71,26,19,0,1,41,29,0,24,36,46,93,0,0,0,0,0,0,0,0,0,0,0,0,54,0,61,60,76
l37,0=0,0,0,0,0,0,0,0,0,0,0,0,0,0,0,0,27,2,0,10,36,43,65,0,0,0,0,0,0,0,0,0,0,0,0,54,61,0,53,77
l38,0=0,0,0,0,0,0,0,0,55,0,0,66,81,51,1,43,57,0,0,23,36,87,93,0,0,0,0,0,0,0,0,0,0,0,0,56,61,43,0,77
l39,0=0,0,0,0,0,0,0,0,0,0,0,0,0,0,0,0,43,0,0,25,36,69,84,0,0,0,0,0,0,0,0,0,0,0,0,37,50,93,60,0

l0,1=0,89,83,92,78,85,75,34,43,84,39,0,0,6,0,0,0,0,0,0,0,0,0,0,0,0,0,0,0,0,0,0,0,0,0,0,0,0,0,0
l1,1=92,0,86,90,88,90,70,76,55,69,81,0,0,49,0,0,0,0,0,0,0,0,0,0,0,0,0,0,0,0,0,0,0,0,0,0,0,0,0,0
l2,1=88,90,0,86,78,91,80,81,0,87,90,0,0,0,0,7,0,0,0,0,0,0,0,0,0,0,0,0,0,0,0,0,0,0,0,0,0,0,0,0
l3,1=92,84,75,0,86,85,68,16,0,54,80,0,0,0,0,0,0,0,0,0,0,0,0,0,0,0,0,0,0,0,0,0,0,0,0,0,0,0,0,0
l4,1=77,84,67,84,0,79,64,1,61,83,80,0,0,34,0,0,0,0,0,0,0,0,0,0,0,0,0,0,0,0,0,0,0,0,0,0,0,0,0,0
l5,1=90,90,86,92,87,0,73,88,71,87,80,0,0,0,0,0,0,0,0,0,0,0,0,0,3,0,0,0,0,0,0,0,0,0,0,0,0,0,0,0
l6,1=73,53,82,63,55,80,0,87,72,50,74,35,2,61,0,0,19,0,0,0,0,0,0,0,0,0,0,0,0,0,0,0,0,0,0,0,0,0,0,0
l7,1=18,71,74,27,32,86,80,0,79,88,90,19,12,23,0,14,0,0,0,0,0,0,0,0,0,0,0,0,0,0,0,0,0,0,0,0,0,0,0,0
l8,1=1,15,0,0,50,68,63,72,0,88,75,75,0,80,57,63,45,37,0,0,0,50,21,20,0,0,0,0,0,0,0,0,0,0,0,0,0,0,11,0
l9,1=39,30,69,28,71,80,44,78,85,0,90,65,15,81,32,56,26,38,0,0,0,32,18,0,0,0,0,0,0,0,0,0,0,0,0,0,0,0,0,0
l10,1=36,72,82,67,83,80,80,91,79,91,0,50,0,83,0,43,4,0,0,0,0,23,0,0,0,0,0,0,0,0,0,0,0,0,0,0,0,0,0,0
l11,1=0,1,0,0,0,0,41,35,63,69,51,0,83,80,79,68,48,74,0,33,0,14,0,0,43,0,0,0,0,0,0,0,0,0,0,15,26,0,43,0
l12,1=0,0,0,0,0,0,0,0,0,25,0,80,0,46,79,63,51,80,0,0,41,21,4,66,86,39,0,0,0,0,0,0,0,0,0,0,0,0,45,0
l13,1=0,7,0,0,2,0,41,0,72,84,71,84,43,0,69,37,42,60,0,31,37,40,14,42,0,15,0,0,0,0,0,0,0,0,0,0,0,0,34,0
l14,1=0,0,0,0,0,0,0,0,50,43,0,49,85,40,0,56,50,56,0,0,49,23,0,78,52,59,0,0,0,0,0,0,0,37,0,0,0,0,0,0
l15,1=0,0,0,0,0,0,0,0,57,57,43,89,84,19,54,0,27,73,0,0,30,0,7,28,63,0,0,0,0,0,0,0,0,0,0,0,15,0,22,0
l16,1=0,0,0,0,0,0,22,0,48,47,0,33,23,27,66,44,0,65,0,10,55,48,29,0,34,15,0,0,0,0,0,0,16,0,11,17,14,0,38,45
l17,1=0,0,0,0,0,0,0,0,44,48,0,60,88,32,60,62,59,0,0,0,47,25,17,28,39,10,0,0,0,0,0,0,0,41,0,0,23,0,2,0
l18,1=0,0,0,0,0,0,0,0,0,0,0,0,0,0,0,0,0,0,0,27,69,55,56,0,0,0,0,0,0,0,0,0,0,0,0,0,0,0,0,0
l19,1=0,0,0,0,0,0,0,0,0,0,0,17,0,0,0,0,5,0,31,0,74,27,74,0,0,0,0,0,0,6,0,18,0,0,0,15,19,27,48,59
l20,1=0,0,0,0,0,0,0,0,0,0,0,0,12,0,19,37,41,42,52,78,0,70,75,0,0,0,0,0,0,0,0,0,0,0,0,25,32,45,69,61
l21,1=0,0,0,0,0,0,0,0,56,40,21,4,13,17,17,0,41,38,46,36,77,0,68,0,0,0,5,0,0,0,0,19,22,0,0,58,19,34,62,61
l22,1=0,0,0,0,0,0,0,0,46,36,0,0,11,0,0,35,36,43,50,78,77,67,0,0,0,0,23,0,0,10,0,0,0,0,0,27,58,35,54,61
l23,1=0,0,0,0,0,0,0,0,39,0,0,0,41,34,73,53,0,57,0,0,0,0,0,0,82,32,0,0,0,0,0,0,3,50,59,0,0,0,0,0
l24,1=0,0,0,0,0,1,0,0,0,0,0,44,83,0,78,63,44,65,0,0,0,0,0,80,0,41,0,0,0,0,0,0,42,51,44,0,0,0,0,0
l25,1=0,0,0,0,0,0,0,0,0,0,0,0,70,29,76,0,40,44,0,0,0,0,0,64,71,0,27,0,22,1,0,40,0,57,55,0,0,0,0,0
l26,1=0,0,0,0,0,0,0,0,0,0,0,0,0,0,0,0,0,0,0,0,0,3,43,0,0,32,0,61,59,73,63,76,68,65,55,0,0,0,0,0
l27,1=0,0,0,0,0,0,0,0,0,0,0,0,0,0,0,0,0,0,0,0,0,0,0,0,0,0,56,0,61,81,96,60,68,55,60,0,0,0,0,0
l28,1=0,0,0,0,0,0,0,0,0,0,0,0,0,0,0,0,0,0,0,24,0,0,0,0,0,31,74,91,0,86,96,77,53,64,65,0,0,0,0,0
l29,1=0,0,0,0,0,0,0,0,0,0,0,0,0,0,0,0,0,0,0,12,0,0,11,0,0,0,64,84,66,0,85,67,55,43,49,0,0,0,0,0
l30,1=0,0,0,0,0,0,0,0,0,0,0,0,0,0,0,0,0,0,0,0,0,0,0,0,0,0,62,91,64,83,0,53,54,61,0,0,0,0,0,0
l31,1=0,0,0,0,0,0,0,0,0,0,0,0,0,0,0,0,0,0,0,39,0,22,0,0,0,40,60,53,48,62,41,0,75,68,71,0,0,0,0,0
l32,1=0,0,0,0,0,0,0,0,0,0,0,0,0,0,0,0,16,0,0,0,0,2,0,18,34,0,63,64,24,62,48,76,0,75,81,0,0,0,0,0
l33,1=0,0,0,0,0,0,0,0,0,0,0,0,2,0,21,0,0,23,0,0,0,0,0,25,31,41,59,30,46,24,50,73,73,0,62,0,0,0,0,0
l34,1=0,0,0,0,0,0,0,0,0,0,0,0,0,0,0,0,31,0,0,0,0,0,0,68,53,50,56,60,48,51,0,76,87,65,0,0,0,0,0,0
l35,1=0,0,0,0,0,0,0,0,0,0,0,11,0,0,0,0,32,0,0,19,40,53,30,0,0,0,0,0,0,0,0,0,0,0,0,0,39,49,67,47
l36,1=0,0,0,0,0,0,0,0,0,0,0,28,0,0,0,37,29,43,0,25,70,19,41,0,0,0,0,0,0,0,0,0,0,0,0,38,0,48,67,55
l37,1=0,0,0,0,0,0,0,0,0,0,0,0,0,0,0,0,0,0,0,18,61,51,30,0,0,0,0,0,0,0,0,0,0,0,0,36,34,0,59,67
l38,1=0,0,0,0,0,0,0,0,11,0,0,27,17,2,0,0,33,0,0,52,75,58,38,0,0,0,0,0,0,0,0,0,0,0,0,65,63,48,0,61
l39,1=0,0,0,0,0,0,0,0,0,0,0,0,0,0,0,0,32,0,0,59,71,51,39,0,0,0,0,0,0,0,0,0,0,0,0,30,29,55,54,0

l0,2=0,83,78,75,78,78,69,0,21,74,0,0,0,0,0,0,0,0,0,0,0,0,0,0,0,0,0,0,0,0,0,0,0,0,0,0,0,0,0,0
l1,2=86,0,79,83,84,86,83,76,62,79,79,0,0,0,0,0,0,0,0,0,0,0,0,0,0,0,0,0,0,0,0,0,0,0,0,0,0,0,0,0
l2,2=87,87,0,75,85,90,90,89,0,89,79,0,0,0,0,0,0,0,0,0,0,0,0,0,0,0,0,0,0,0,0,0,0,0,0,0,0,0,0,0
l3,2=84,86,78,0,83,81,25,38,28,2,57,0,0,0,0,0,0,0,0,0,0,0,0,0,0,0,0,0,0,0,0,0,0,0,0,0,0,0,0,0
l4,2=79,77,74,75,0,78,81,59,66,79,67,0,0,0,0,0,0,0,0,0,0,0,0,0,0,0,0,0,0,0,0,0,0,0,0,0,0,0,0,0
l5,2=80,84,83,75,82,0,83,79,75,78,80,0,0,0,0,0,0,0,0,0,0,0,0,0,0,0,0,0,0,0,0,0,0,0,0,0,0,0,0,0
l6,2=43,78,84,30,78,80,0,59,36,69,82,19,23,35,0,30,0,0,0,0,0,0,0,0,0,0,0,0,0,0,0,0,0,0,0,0,0,0,0,0
l7,2=0,52,79,33,48,78,63,0,78,79,87,20,0,49,0,41,3,0,0,0,0,0,0,0,0,0,0,0,0,0,0,0,0,0,0,0,0,0,0,0
l8,2=0,24,0,9,47,62,38,70,0,90,73,48,0,86,0,58,41,52,0,0,0,40,28,0,49,17,0,0,0,0,0,0,0,0,0,0,0,0,22,0
l9,2=37,27,76,15,73,58,31,78,81,0,85,30,22,86,0,40,23,30,0,0,0,29,0,0,0,0,0,0,0,0,0,0,0,0,0,0,0,0,0,0
l10,2=0,63,66,45,59,73,82,84,79,90,0,33,0,76,0,33,0,12,0,0,0,0,0,27,0,0,0,0,0,0,0,0,0,0,0,0,0,0,0,0
l11,2=0,0,0,0,0,0,19,13,43,43,34,0,63,92,55,70,40,88,0,29,12,40,31,36,42,0,0,0,0,0,0,0,0,0,0,26,49,0,13,21
l12,2=0,0,0,0,0,0,25,0,0,36,0,67,0,66,71,65,49,93,0,0,0,18,1,70,95,81,0,0,0,0,0,0,0,0,0,0,0,0,28,0
l13,2=0,0,0,0,0,0,6,22,74,72,55,71,45,0,34,60,45,65,1,28,10,30,15,30,46,18,0,0,0,0,0,0,0,0,0,0,0,0,32,0
l14,2=0,0,0,0,0,0,0,0,1,0,0,52,67,60,0,48,54,61,0,0,24,0,0,74,67,67,0,0,0,0,0,0,0,36,0,0,0,0,29,0
l15,2=0,0,0,0,0,0,21,38,60,43,30,88,63,67,38,0,38,70,0,5,30,0,0,0,72,0,0,0,0,0,0,0,0,0,0,0,32,0,21,0
l16,2=0,0,0,0,0,0,0,0,43,7,0,37,38,50,55,46,0,75,0,43,38,47,52,0,51,50,0,0,0,0,0,0,0,25,1,46,53,27,36,33
l17,2=0,0,0,0,0,0,0,0,42,27,1,75,67,71,42,64,59,0,0,5,33,37,30,44,76,0,0,0,0,0,0,0,0,30,0,0,50,0,36,0
l18,2=0,0,0,0,0,0,0,0,0,0,0,0,0,4,0,0,0,0,0,55,43,53,53,0,0,0,0,0,0,0,0,0,0,0,0,0,0,0,0,0
l19,2=0,0,0,0,0,0,0,0,0,0,0,10,0,40,0,0,45,1,44,0,50,40,73,0,0,0,29,0,0,37,0,38,0,0,0,0,65,0,46,46
l20,2=0,0,0,0,0,0,0,0,0,0,0,1,0,41,34,48,53,52,47,62,0,70,69,0,4,0,0,0,0,0,0,0,0,0,8,65,69,48,55,49
l21,2=0,0,0,0,0,0,0,0,48,34,0,32,26,55,0,0,53,44,49,42,62,0,70,0,0,0,0,0,0,0,0,0,0,40,0,63,56,63,55,48
l22,2=0,0,0,0,0,0,0,0,38,0,0,31,15,41,0,0,53,42,42,66,63,70,0,0,0,0,0,0,0,44,0,0,0,21,0,63,69,52,43,49
l23,2=0,0,0,0,0,0,0,0,0,0,4,23,61,59,65,0,0,66,0,0,0,0,0,0,85,77,0,0,0,0,0,0,0,28,45,0,0,0,0,0
l24,2=0,0,0,0,0,0,0,0,49,0,0,32,65,70,59,60,52,76,0,0,12,0,0,79,0,79,0,0,0,0,0,0,26,35,28,0,39,0,8,0
l25,2=0,0,0,0,0,0,0,0,49,0,0,0,61,51,61,0,52,0,0,0,0,0,0,69,81,0,45,0,0,0,0,64,62,67,54,0,0,0,0,0
l26,2=0,0,0,0,0,0,0,0,0,0,0,0,0,0,0,0,0,0,0,41,0,0,0,0,0,44,0,20,89,80,72,83,75,73,61,0,0,0,0,0
l27,2=0,0,0,0,0,0,0,0,0,0,0,0,0,0,0,0,0,0,0,0,0,0,0,0,0,0,34,0,90,87,85,72,72,56,50,0,0,0,0,0
l28,2=0,0,0,0,0,0,0,0,0,0,0,0,0,0,0,0,0,0,0,0,0,0,0,0,0,0,86,81,0,89,77,82,56,72,53,0,0,0,0,0
l29,2=0,0,0,0,0,0,0,0,0,0,0,0,0,0,0,0,0,0,0,41,0,0,49,0,0,0,80,80,91,0,71,74,65,0,41,0,0,0,0,0
l30,2=0,0,0,0,0,0,0,0,0,0,0,0,0,0,0,0,0,0,0,0,0,0,0,0,0,0,75,86,88,76,0,52,71,69,41,0,0,0,0,0
l31,2=0,0,0,0,0,0,0,0,0,0,0,0,0,0,0,0,0,0,0,43,1,0,0,0,0,49,82,66,70,64,40,0,80,73,69,0,0,0,0,0
l32,2=0,0,0,0,0,0,0,0,0,0,0,0,0,0,0,0,0,0,0,0,0,0,0,0,41,63,76,58,61,64,54,83,0,77,91,0,0,0,0,0
l33,2=0,0,0,0,0,0,0,0,0,0,0,0,0,0,48,0,37,47,0,0,0,44,15,48,55,69,71,54,69,0,52,76,78,0,80,0,0,0,0,0
l34,2=0,0,0,0,0,0,0,0,0,0,0,0,0,0,8,0,38,0,0,0,35,0,0,47,52,63,70,48,69,45,39,77,84,77,0,0,0,0,0,0
l35,2=0,0,0,0,0,0,0,0,0,0,0,1,0,0,0,0,47,0,0,0,40,46,49,0,0,0,0,0,0,0,0,0,0,0,0,0,74,68,64,49
l36,2=0,0,0,0,0,0,0,0,0,0,0,30,0,5,0,17,53,49,0,57,47,45,58,0,19,0,0,0,0,0,0,0,0,0,0,75,0,71,64,41
l37,2=0,0,0,0,0,0,0,0,0,0,0,0,0,0,0,0,30,0,0,0,34,53,44,0,0,0,0,0,0,0,0,0,0,0,0,75,74,0,55,51
l38,2=0,0,0,0,0,0,0,0,22,0,0,0,19,57,33,10,48,42,0,49,52,59,42,0,0,0,0,0,0,0,0,0,0,0,0,78,74,64,0,49
l39,2=0,0,0,0,0,0,0,0,0,0,0,0,0,0,0,0,51,0,0,54,47,57,56,0,0,0,0,0,0,0,0,0,0,0,0,70,63,65,59,0

l0,3=0,80,68,83,87,87,0,40,37,77,0,0,0,0,0,0,0,0,0,0,0,0,0,0,0,0,0,0,0,0,0,0,0,0,0,0,0,0,0,0
l1,3=85,0,80,85,87,91,87,81,66,79,37,0,0,0,0,0,0,0,0,0,0,0,0,0,0,0,0,0,0,0,0,0,0,0,0,0,0,0,0,0
l2,3=83,76,0,85,87,91,90,84,80,82,87,0,0,81,0,0,0,0,0,0,0,0,0,0,0,0,0,0,0,0,0,0,0,0,0,0,0,0,0,0
l3,3=80,80,62,0,74,85,83,0,70,20,68,0,0,0,0,0,0,0,0,0,0,0,0,0,0,0,0,0,0,0,0,0,0,0,0,0,0,0,0,0
l4,3=83,78,81,46,0,87,42,0,47,60,0,0,0,0,0,0,0,0,0,0,0,0,0,0,2,0,0,0,0,0,0,0,0,0,0,0,0,0,0,0
l5,3=83,81,88,85,87,0,87,82,85,82,87,44,0,81,0,0,0,0,0,0,0,0,0,0,0,0,0,0,0,0,0,0,0,0,0,0,0,0,0,0
l6,3=0,80,89,84,82,87,0,81,84,82,90,82,74,69,0,70,79,0,0,0,0,0,0,0,0,0,0,0,0,0,0,0,0,0,0,0,0,0,0,0
l7,3=70,76,80,0,0,87,86,0,86,83,90,0,0,83,0,77,72,0,0,0,0,0,0,0,0,0,0,0,0,0,0,0,0,0,0,0,0,0,0,0
l8,3=0,28,20,34,32,38,34,81,0,84,84,66,35,86,0,80,32,36,0,0,0,37,37,0,35,0,0,0,0,0,0,0,0,0,0,0,0,0,17,0
l9,3=36,35,29,30,55,39,66,78,91,0,92,34,35,88,35,47,0,0,0,0,30,4,0,0,0,0,0,0,0,0,0,0,0,0,0,0,0,0,0,0
l10,3=0,29,77,37,0,81,87,88,86,87,0,34,15,85,29,25,0,0,0,0,0,0,0,22,0,0,0,0,0,0,0,0,0,0,0,0,0,0,13,0
l11,3=0,0,0,0,0,33,72,0,79,58,74,0,90,91,77,87,0,86,0,4,62,65,62,71,80,17,0,0,0,0,0,0,0,0,0,4,83,13,73,1
l12,3=0,0,0,0,0,0,27,0,37,25,0,95,0,46,92,86,33,94,0,20,0,31,35,79,95,86,0,0,0,0,0,0,0,33,0,31,0,0,30,0
l13,3=0,0,24,0,0,33,17,36,91,83,48,91,45,0,0,72,27,38,26,29,33,21,37,29,31,38,0,0,0,0,0,0,0,0,0,0,1,0,27,0
l14,3=0,0,0,0,0,0,0,0,0,28,30,90,95,0,0,42,32,0,0,0,0,0,0,94,92,46,0,0,0,0,0,0,0,31,0,0,0,0,32,0
l15,3=0,0,0,0,0,0,27,40,80,73,18,97,90,88,48,0,75,79,0,12,71,18,0,32,87,0,0,0,0,0,0,0,0,0,0,0,1,0,32,26
l16,3=0,0,0,0,0,0,28,18,43,0,0,0,50,44,56,37,0,84,30,10,83,64,68,0,37,40,0,0,0,0,0,0,0,28,0,0,40,39,31,35
l17,3=0,0,0,0,0,0,0,0,76,0,0,94,95,85,0,75,88,0,0,0,76,38,42,31,83,0,0,0,0,0,0,0,0,0,0,34,82,0,55,11
l18,3=0,0,0,0,0,0,0,0,0,0,0,0,0,61,0,0,57,0,0,74,76,69,60,0,0,0,0,0,0,0,0,0,0,0,0,0,0,0,0,0
l19,3=0,0,0,0,0,0,0,0,0,0,0,0,35,53,0,2,6,0,79,0,90,92,95,0,0,0,59,0,4,57,0,36,0,0,0,49,91,12,79,36
l20,3=0,0,0,0,0,0,0,0,0,26,0,51,0,71,0,67,80,80,55,83,0,93,91,0,50,0,0,0,0,0,0,0,0,0,0,67,91,87,87,81
l21,3=0,0,0,0,0,0,0,0,85,36,0,74,55,54,0,31,76,66,63,87,93,0,92,0,0,0,0,0,0,0,0,0,0,35,0,83,91,87,81,73
l22,3=0,0,0,0,0,0,0,0,65,0,0,60,52,82,0,0,77,58,48,92,97,93,0,0,0,0,22,0,0,58,0,0,0,0,0,91,91,91,71,89
l23,3=0,0,0,0,0,0,0,0,0,0,12,34,86,42,86,38,0,33,0,0,0,0,0,0,92,89,0,0,0,0,0,0,0,0,0,0,0,0,0,0
l24,3=0,0,0,0,1,0,0,0,42,0,0,38,95,42,86,79,35,80,0,0,35,0,0,93,0,89,0,0,0,0,0,0,0,40,0,0,34,0,28,0
l25,3=0,0,0,0,0,0,0,0,0,0,0,4,89,42,78,0,28,0,0,0,0,0,0,88,90,0,10,0,0,5,0,34,38,65,47,0,0,0,0,0
l26,3=0,0,0,0,0,0,0,0,0,0,0,0,0,0,0,0,0,0,0,60,40,0,50,0,0,10,0,74,94,94,94,90,89,60,80,0,0,0,0,0
l27,3=0,0,0,0,0,0,0,0,0,0,0,0,0,0,0,0,0,0,0,0,0,0,0,0,0,0,91,0,94,97,100,89,92,0,36,0,0,0,0,0
l28,3=0,0,0,0,0,0,0,0,0,0,0,0,0,0,0,0,0,0,0,57,0,0,0,0,0,0,95,100,0,97,92,83,89,83,87,0,0,0,0,0
l29,3=0,0,0,0,0,0,0,0,0,0,0,0,0,0,0,0,0,0,0,59,0,0,66,0,0,0,95,99,94,0,92,71,76,60,76,0,0,0,0,0
l30,3=0,0,0,0,0,0,0,0,0,0,0,0,0,0,0,0,0,0,0,0,0,0,0,0,0,0,94,100,90,95,0,79,88,77,0,0,0,0,0,0
l31,3=0,0,0,0,0,0,0,0,0,0,0,0,0,0,0,0,0,0,0,59,0,0,0,0,0,70,95,81,78,78,71,0,96,90,99,0,0,0,0,0
l32,3=0,0,0,0,0,0,0,0,0,0,0,0,22,0,0,0,0,0,0,0,0,0,0,0,0,79,88,83,78,83,82,96,0,91,99,0,0,0,0,0
l33,3=0,0,0,0,0,0,0,0,0,0,0,0,66,0,54,0,27,0,0,0,0,10,0,0,80,88,70,0,82,60,52,90,91,0,93,0,0,0,0,0
l34,3=0,0,0,0,0,0,0,0,0,0,0,0,0,0,6,0,0,0,0,0,5,1,0,30,0,86,85,46,81,81,62,93,97,95,0,0,0,0,0,0
l35,3=0,0,0,0,0,0,0,0,0,0,0,0,23,0,0,0,0,23,0,35,58,63,82,0,0,0,0,0,0,0,0,0,0,0,0,0,92,89,86,85
l36,3=0,0,0,0,0,0,0,0,0,0,0,55,1,10,0,0,61,65,0,72,81,83,73,0,28,0,0,0,0,0,0,0,0,0,0,92,0,88,88,79
l37,3=0,0,0,0,0,0,0,0,0,0,0,0,0,0,0,0,52,0,0,12,84,84,81,0,0,0,0,0,0,0,0,0,0,0,0,92,91,0,77,84
l38,3=0,0,0,0,0,0,0,0,9,0,0,73,60,65,67,60,62,76,0,71,92,83,74,0,34,0,0,0,0,0,0,0,0,0,0,93,93,84,0,86
l39,3=0,0,0,0,0,0,0,0,0,0,0,0,0,0,0,0,61,0,0,0,79,46,81,0,0,0,0,0,0,0,0,0,0,0,0,90,88,90,84,0

l0,4=0,91,71,87,83,80,0,20,79,90,0,0,0,0,0,0,0,0,0,0,0,0,0,0,0,0,0,0,0,0,0,0,0,0,0,0,0,0,0,0
l1,4=91,0,83,88,89,87,94,72,78,84,68,0,0,0,0,0,0,0,0,0,0,0,0,0,0,0,0,0,0,0,0,0,0,0,0,0,0,0,0,0
l2,4=80,83,0,84,87,89,94,86,78,86,77,0,0,76,0,7,0,0,0,0,0,0,0,0,0,0,0,0,0,0,0,0,0,0,0,0,0,0,0,0
l3,4=91,93,86,0,81,82,81,0,75,0,0,0,0,0,0,0,0,0,0,0,0,0,0,0,0,0,0,0,0,0,0,0,0,0,0,0,0,0,0,0
l4,4=90,94,87,86,0,86,92,71,79,79,52,0,0,0,0,0,0,0,0,0,0,0,0,0,0,0,0,0,0,0,0,0,0,0,0,0,0,0,0,0
l5,4=83,85,88,83,82,0,88,86,79,86,79,0,0,74,0,59,0,0,0,0,0,0,0,0,0,0,0,0,0,0,0,0,0,0,0,0,0,0,0,0
l6,4=0,93,87,74,82,84,0,93,78,90,86,77,67,0,0,63,55,0,0,0,0,0,0,0,0,0,0,0,0,0,0,0,0,0,0,0,0,0,0,0
l7,4=44,69,84,0,74,86,94,0,87,94,87,73,0,79,0,72,3,0,0,0,0,0,0,0,0,0,0,0,0,0,0,0,0,0,0,0,0,0,0,0
l8,4=72,67,39,71,72,72,62,78,0,94,63,81,73,88,64,73,63,77,0,0,59,78,72,0,33,0,0,0,0,0,0,0,0,0,0,0,0,0,0,0
l9,4=75,71,72,10,72,77,87,91,87,0,89,78,0,85,0,55,0,75,0,0,79,0,79,0,0,0,0,0,0,0,0,0,0,0,0,0,0,0,1,0
l10,4=0,72,84,2,69,81,94,93,85,94,0,82,78,85,66,72,0,58,0,0,0,0,0,57,0,0,0,0,0,0,0,0,0,0,0,0,0,0,0,0
l11,4=0,0,0,0,0,0,79,73,82,86,62,0,83,86,71,88,62,81,0,0,55,82,74,82,77,69,0,0,0,0,0,0,0,0,0,0,78,63,77,0
l12,4=0,0,0,0,0,0,13,0,81,0,54,88,0,91,80,79,74,93,0,32,78,0,0,88,86,87,0,0,0,0,0,0,57,69,0,0,60,0,77,0
l13,4=0,0,70,0,0,18,0,63,84,88,63,82,79,0,66,74,63,80,0,66,82,76,79,81,74,76,0,0,0,0,0,0,0,0,0,0,0,0,16,0
l14,4=0,0,0,0,0,0,0,0,81,0,62,90,91,85,0,56,65,0,0,0,83,0,0,93,92,85,0,0,0,0,0,0,0,76,79,0,0,0,78,0
l15,4=0,0,0,0,0,66,76,77,82,79,61,94,82,86,56,0,63,78,0,25,81,78,48,81,79,48,0,0,0,0,0,0,0,0,0,0,75,36,76,0
l16,4=0,0,0,0,0,0,76,0,81,0,0,81,85,86,73,73,0,93,72,75,90,82,76,77,78,79,0,0,0,0,0,0,0,0,0,81,76,60,85,78
l17,4=0,0,0,0,0,0,0,0,81,84,31,90,91,89,0,73,94,0,0,0,82,70,75,0,84,16,0,0,0,0,0,0,0,0,0,84,80,0,74,79
l18,4=0,0,0,0,0,0,0,0,0,0,0,0,0,0,0,0,72,0,0,83,30,90,80,0,0,0,0,0,0,0,0,0,0,0,0,0,0,0,0,0
l19,4=0,0,0,0,0,0,0,0,0,0,0,0,45,69,0,0,66,0,85,0,94,92,93,0,0,0,74,0,0,79,0,0,0,0,0,84,84,8,75,79
l20,4=0,0,0,0,0,0,0,0,48,68,0,0,65,75,53,66,77,76,12,93,0,90,92,0,57,0,46,0,5,0,0,0,5,0,0,82,90,80,91,79
l21,4=0,0,0,0,0,0,0,0,83,0,0,68,0,76,0,64,69,49,79,92,93,0,92,0,0,0,0,0,0,0,0,0,0,0,0,85,91,82,84,88
l22,4=0,0,0,0,0,0,0,0,74,87,0,66,25,79,0,18,78,71,79,97,96,93,0,0,0,0,48,0,0,50,0,0,48,33,0,0,90,89,91,51
l23,4=0,0,0,0,0,0,0,0,0,0,0,81,87,87,85,74,58,0,0,0,0,0,0,0,92,95,0,0,0,0,0,0,0,83,90,0,0,0,0,0
l24,4=0,0,0,0,0,0,0,0,52,0,0,79,89,86,81,80,70,89,0,0,78,0,0,96,0,87,0,0,0,0,0,0,0,76,0,0,0,0,0,0
l25,4=0,0,0,0,0,0,0,0,0,0,0,61,91,85,87,39,64,29,0,0,0,0,0,96,92,0,0,0,0,66,0,71,86,99,91,0,0,0,0,0
l26,4=0,0,0,0,0,0,0,0,0,0,0,0,0,0,0,0,0,0,0,90,78,0,76,0,0,0,0,88,100,100,100,100,100,80,98,0,0,0,0,0
l27,4=0,0,0,0,0,0,0,0,0,0,0,0,0,0,0,0,0,0,0,0,0,0,0,0,0,0,99,0,99,100,100,100,94,0,82,0,0,0,0,0
l28,4=0,0,0,0,0,0,0,0,0,0,0,0,0,0,0,0,0,0,0,0,81,0,0,0,0,0,100,100,0,100,99,98,98,97,97,0,0,0,0,0
l29,4=0,0,0,0,0,0,0,0,0,0,0,0,0,0,0,0,0,0,0,86,0,0,79,0,0,86,100,100,100,0,99,90,92,89,92,0,0,0,0,0
l30,4=0,0,0,0,0,0,0,0,0,0,0,0,0,0,0,0,0,0,0,0,0,0,0,0,0,0,99,100,97,99,0,99,94,90,0,0,0,0,0,0
l31,4=0,0,0,0,0,0,0,0,0,0,0,0,0,0,0,0,0,0,0,0,6,0,0,0,0,87,100,91,83,90,91,0,100,99,100,0,0,0,0,0
l32,4=0,0,0,0,0,0,0,0,0,0,0,0,87,0,0,0,0,0,0,0,54,0,74,0,0,97,100,94,100,98,98,100,0,100,100,0,0,0,0,0
l33,4=0,0,0,0,0,0,0,0,0,0,0,0,75,0,65,0,0,0,0,0,0,0,50,85,82,99,76,0,87,87,77,100,100,0,100,0,0,0,0,0
l34,4=0,0,0,0,0,0,0,0,0,0,0,0,0,0,73,0,0,0,0,0,26,0,0,89,1,99,100,78,100,96,0,100,100,100,0,0,0,0,0,0
l35,4=0,0,0,0,0,0,0,0,0,0,0,0,3,0,0,0,58,43,0,62,77,65,0,0,0,0,0,0,0,0,0,0,0,0,0,0,88,88,83,81
l36,4=0,0,0,0,0,0,0,0,0,0,0,47,52,5,0,41,37,65,0,67,83,69,72,0,0,0,0,0,0,0,0,0,0,0,0,88,0,87,81,78
l37,4=0,0,0,0,0,0,0,0,0,0,0,2,0,0,0,4,38,0,0,14,79,78,72,0,0,0,0,0,0,0,0,0,0,0,0,91,91,0,78,79
l38,4=0,0,0,0,0,0,0,0,0,0,0,71,69,8,56,63,69,60,0,72,92,75,81,0,0,0,0,0,0,0,0,0,0,0,0,90,87,81,0,88
l39,4=0,0,0,0,0,0,0,0,0,0,0,0,0,0,0,0,55,43,0,65,80,82,12,0,0,0,0,0,0,0,0,0,0,0,0,88,87,84,82,0

l0,5=0,85,76,75,75,67,68,0,0,63,74,0,0,0,0,0,0,0,0,0,0,0,0,0,0,0,0,0,0,0,0,0,0,0,0,0,0,0,0,0
l1,5=86,0,86,75,88,83,84,67,0,63,75,0,10,41,0,0,0,0,0,0,0,0,0,14,0,0,0,0,0,0,0,0,0,0,0,0,0,0,0,0
l2,5=76,72,0,75,76,79,73,54,3,63,75,0,0,2,0,0,0,0,0,0,0,0,0,0,0,0,0,0,0,0,0,0,0,0,0,0,0,0,0,0
l3,5=74,66,76,0,88,72,68,0,16,61,0,0,0,0,0,0,0,0,0,0,0,0,0,0,0,0,0,0,0,0,0,0,0,0,0,0,0,0,0,0
l4,5=62,82,81,81,0,79,78,67,75,0,69,0,0,46,0,0,0,0,0,0,0,0,0,0,0,0,0,0,0,0,0,0,0,0,0,0,0,0,0,0
l5,5=75,86,85,75,85,0,69,70,75,63,75,57,0,76,0,0,0,0,0,0,0,0,0,0,0,0,0,0,0,0,0,0,0,0,0,0,0,0,0,0
l6,5=71,72,78,70,81,47,0,76,71,66,76,60,0,0,0,0,31,0,0,2,0,0,0,0,0,0,0,0,0,0,0,0,0,0,0,0,0,0,0,0
l7,5=0,60,53,60,58,69,70,0,77,62,87,66,0,50,0,81,0,0,0,0,0,0,0,0,0,0,0,0,0,0,0,0,0,0,0,0,0,0,0,0
l8,5=0,0,0,17,29,17,45,73,0,71,80,72,35,86,33,30,34,47,0,0,2,59,30,23,30,0,0,0,0,0,0,0,0,0,0,0,3,0,0,0
l9,5=74,63,74,66,0,69,69,69,83,0,80,70,27,83,11,48,27,72,0,0,42,0,33,0,30,0,0,0,0,0,0,0,0,0,0,0,0,0,33,0
l10,5=63,64,75,0,73,69,69,77,77,72,0,64,0,73,47,75,0,55,0,0,0,0,0,0,0,0,0,0,0,0,0,0,0,0,0,0,0,0,0,0
l11,5=0,0,0,0,0,13,40,55,81,63,72,0,87,84,47,91,35,51,0,0,32,47,17,24,27,31,0,0,0,0,0,0,0,0,0,0,47,29,43,0
l12,5=0,0,0,0,0,0,0,0,21,5,0,79,0,72,83,31,48,85,0,0,43,0,0,28,52,72,0,0,0,0,0,0,33,1,0,27,40,0,40,0
l13,5=0,0,0,0,11,19,0,0,85,67,65,69,79,0,38,82,34,71,0,10,46,0,31,27,27,47,0,0,0,0,0,0,0,0,0,39,4,0,0,0
l14,5=0,0,0,0,0,0,0,0,50,23,48,82,88,69,0,25,38,39,0,0,56,0,24,52,84,73,0,0,0,0,0,0,0,22,16,0,0,0,41,0
l15,5=0,0,0,0,1,0,0,62,67,52,58,84,86,90,37,0,33,40,0,0,1,50,28,27,33,39,0,0,0,0,0,0,0,0,0,0,40,0,39,28
l16,5=0,0,0,0,0,0,35,0,54,30,0,63,87,67,45,21,0,51,0,41,55,60,31,0,28,38,0,0,0,0,0,6,0,0,0,48,38,6,41,29
l17,5=0,0,0,0,0,0,0,0,65,52,35,82,89,84,46,27,51,0,0,33,65,0,2,0,35,45,0,0,0,0,0,0,0,0,0,46,53,12,0,16
l18,5=0,0,0,0,0,0,0,0,0,0,0,0,0,0,0,0,0,0,0,0,0,61,47,0,0,0,0,0,0,0,0,0,0,0,0,0,0,0,0,0
l19,5=0,0,0,0,0,0,0,0,0,0,0,0,0,25,0,0,26,11,0,0,72,66,73,0,0,0,48,0,0,15,2,0,0,0,0,20,43,1,34,28
l20,5=0,0,0,0,0,0,0,0,7,18,0,2,47,47,42,0,38,66,0,81,0,63,73,0,0,0,0,0,8,0,0,0,6,0,0,54,51,51,76,33
l21,5=0,0,0,0,0,0,0,0,53,13,0,32,15,19,0,22,38,5,39,83,66,0,65,0,9,0,0,0,0,0,0,0,0,0,0,55,51,38,37,63
l22,5=0,0,0,0,0,0,0,0,36,32,0,7,0,58,28,22,30,1,30,85,73,69,0,0,0,0,42,0,0,5,0,0,0,0,0,17,60,40,42,37
l23,5=0,0,0,0,0,0,0,0,48,0,0,58,74,66,76,67,0,0,0,0,0,0,0,0,82,71,0,0,0,0,0,0,0,56,69,0,0,0,0,0
l24,5=0,0,0,0,0,0,0,0,64,45,0,65,88,65,85,76,67,68,0,0,0,0,0,82,0,67,0,0,0,0,0,0,0,22,0,0,21,0,0,0
l25,5=0,0,0,0,0,0,0,0,34,0,0,42,80,54,74,21,30,31,0,0,0,0,0,79,76,0,0,0,0,15,0,0,60,72,19,0,0,0,0,0
l26,5=0,0,0,0,0,0,0,0,0,0,0,0,0,0,0,0,0,0,0,45,0,0,41,0,0,0,0,69,83,92,87,82,78,64,67,0,0,0,0,0
l27,5=0,0,0,0,0,0,0,0,0,0,0,0,0,0,0,0,0,0,0,0,0,0,0,0,0,0,75,0,83,82,93,70,63,0,0,0,0,0,0,0
l28,5=0,0,0,0,0,0,0,0,0,0,0,0,0,0,0,0,0,0,0,0,42,0,7,0,0,0,88,90,0,93,92,62,64,63,55,0,0,0,0,0
l29,5=0,0,0,0,0,0,0,0,0,0,0,0,0,0,0,0,0,0,0,50,0,0,23,0,0,33,87,87,83,0,90,48,65,67,49,0,0,0,0,0
l30,5=0,0,0,0,0,0,0,0,0,0,0,0,0,0,0,0,0,0,0,0,0,0,0,0,0,0,77,90,83,83,0,66,0,67,0,0,0,0,0,0
l31,5=0,0,0,0,0,0,0,0,0,0,0,0,0,0,0,0,12,0,0,0,0,0,0,0,0,0,83,62,57,50,58,0,84,73,74,0,0,0,0,0
l32,5=0,0,0,0,0,0,0,0,0,0,0,0,63,0,0,0,0,0,0,0,46,0,0,2,0,59,78,52,61,70,11,87,0,72,83,0,0,0,0,0
l33,5=0,0,0,0,0,0,0,0,0,0,0,0,33,0,53,0,0,0,0,0,0,0,0,45,42,59,65,0,60,46,63,60,66,0,72,0,0,0,0,0
l34,5=0,0,0,0,0,0,0,0,0,0,0,0,31,0,54,0,30,0,0,0,6,0,0,69,38,55,69,0,58,64,0,80,90,83,0,0,0,0,0,0
l35,5=0,0,0,0,0,0,0,0,0,0,0,0,28,36,0,0,17,18,0,9,38,36,1,0,0,0,0,0,0,0,0,0,0,0,0,0,47,24,32,27
l36,5=0,0,0,0,0,0,0,0,9,0,0,33,46,8,0,13,24,32,0,35,53,52,29,0,3,0,0,0,0,0,0,0,0,0,0,55,0,41,40,37
l37,5=0,0,0,0,0,0,0,0,0,0,0,22,0,0,0,0,1,0,0,3,43,45,25,0,0,0,0,0,0,0,0,0,0,0,0,52,54,0,40,33
l38,5=0,0,0,0,0,0,0,0,0,23,0,47,53,0,33,20,31,0,0,36,57,52,31,0,0,0,0,0,0,0,0,0,0,0,0,58,59,40,0,42
l39,5=0,0,0,0,0,0,0,0,0,0,0,0,0,0,0,2,19,0,0,31,48,57,26,0,0,0,0,0,0,0,0,0,0,0,0,55,56,34,43,0

l0,6=0,90,80,78,88,82,67,5,0,55,58,0,0,0,0,0,0,0,0,0,0,0,0,0,0,0,0,0,0,0,0,0,0,0,0,0,0,0,0,0
l1,6=89,0,84,82,88,83,71,48,0,63,55,0,0,0,0,0,0,0,0,0,0,0,0,42,0,0,0,0,0,0,0,0,0,0,0,0,0,0,0,0
l2,6=79,83,0,77,83,83,69,62,48,73,62,0,0,22,0,0,0,0,0,0,0,0,0,0,0,0,0,0,0,0,0,0,0,0,0,0,0,0,0,0
l3,6=64,82,72,0,88,82,67,0,0,55,0,0,0,0,0,0,0,0,0,0,0,0,0,0,0,0,0,0,0,0,0,0,0,0,0,0,0,0,0,0
l4,6=86,87,87,86,0,86,69,51,53,0,54,0,0,4,0,0,0,0,0,0,0,0,0,46,0,0,0,0,0,0,0,0,0,0,0,0,0,0,0,0
l5,6=80,80,82,79,74,0,67,77,61,70,60,0,0,57,0,0,0,0,0,0,0,0,0,0,0,0,0,0,0,0,0,0,0,0,0,0,0,0,0,0
l6,6=61,80,59,56,53,47,0,77,45,69,61,61,0,15,0,0,45,0,0,0,0,0,4,0,0,0,0,0,0,0,0,0,0,0,0,0,0,0,0,0
l7,6=35,38,51,15,41,78,67,0,62,70,62,57,1,0,0,53,0,0,0,0,0,0,0,0,0,0,0,0,0,0,0,0,0,0,0,0,0,0,0,0
l8,6=0,0,19,0,51,50,52,63,0,70,60,69,47,74,29,55,49,57,0,0,29,28,27,34,36,17,0,0,0,0,0,0,0,0,0,0,0,0,0,0
l9,6=31,54,58,40,0,68,62,69,64,0,65,61,37,71,34,55,31,27,0,0,3,0,20,2,0,0,0,0,0,0,0,0,0,0,0,0,0,0,9,0
l10,6=53,49,59,0,42,57,67,78,64,78,0,66,0,54,0,51,41,0,0,0,0,0,0,0,0,0,0,0,0,0,0,0,0,0,0,0,0,0,0,0
l11,6=0,0,0,0,0,0,44,37,55,34,32,0,52,58,58,74,47,57,0,0,5,0,0,24,50,20,0,0,0,0,0,0,0,0,0,0,23,19,36,0
l12,6=0,0,0,0,0,0,0,0,29,23,0,62,0,44,63,65,55,66,0,0,15,9,0,61,62,60,0,0,0,0,0,0,0,29,7,0,23,0,14,0
l13,6=0,0,0,0,1,30,5,0,61,57,31,40,39,0,44,64,40,59,0,26,7,0,22,17,49,0,0,0,0,0,0,0,0,0,0,17,16,0,16,0
l14,6=0,0,0,0,0,0,0,0,28,26,0,39,60,44,0,39,24,51,0,0,22,0,27,62,51,45,0,0,0,0,0,0,0,26,9,0,0,0,15,0
l15,6=0,0,0,0,0,0,0,48,38,45,31,78,57,66,54,0,52,59,0,0,0,20,26,62,52,31,0,0,0,0,0,0,0,0,0,4,2,0,32,0
l16,6=0,0,0,0,0,0,37,0,22,12,17,36,55,41,27,42,0,64,27,37,8,12,34,23,44,23,0,0,0,0,0,0,0,0,0,22,23,19,28,3
l17,6=0,0,0,0,0,0,0,0,38,20,0,42,52,62,59,60,55,0,0,0,29,10,7,0,60,26,0,0,0,0,0,0,0,9,0,1,25,18,28,0
l18,6=0,0,0,0,0,0,0,0,0,0,0,0,0,6,0,0,34,0,0,44,2,29,0,0,0,0,0,0,0,0,0,0,0,0,0,0,0,0,0,0
l19,6=0,0,0,0,0,0,0,0,0,0,0,0,0,40,0,0,31,0,29,0,63,42,69,0,0,0,0,0,0,10,0,20,0,0,0,0,29,0,29,21
l20,6=0,0,0,0,0,0,0,0,32,6,0,12,38,24,41,0,27,47,0,66,0,62,69,0,0,0,29,0,4,0,0,21,0,10,0,1,35,24,57,26
l21,6=0,0,0,0,0,0,0,0,34,2,0,0,36,0,0,36,29,36,26,56,63,0,66,0,0,0,0,0,0,0,0,0,0,0,0,26,28,27,38,42
l22,6=0,0,0,0,0,0,0,0,33,22,0,0,0,42,39,39,35,0,0,70,65,59,0,0,0,0,0,0,1,1,0,0,0,0,0,23,39,17,51,43
l23,6=0,0,0,0,29,0,0,0,30,0,0,19,54,8,59,45,33,0,0,0,0,0,0,0,63,59,0,0,0,0,0,21,0,46,34,0,0,0,0,0
l24,6=0,0,0,0,0,0,0,0,38,0,0,57,63,49,55,53,46,49,0,0,0,0,0,74,0,44,0,0,0,0,0,0,0,46,22,0,0,0,0,0
l25,6=0,0,0,0,0,0,0,0,28,0,0,15,63,2,55,30,35,34,0,0,0,0,0,76,47,0,0,0,0,0,0,0,37,50,0,0,0,0,0,0
l26,6=0,0,0,0,0,0,0,0,0,0,0,0,0,0,0,0,0,0,0,0,31,0,0,0,0,0,0,64,82,72,62,66,65,41,45,0,0,0,0,0
l27,6=0,0,0,0,0,0,0,0,0,0,0,0,0,0,0,0,0,0,0,0,0,0,0,0,0,0,63,0,78,75,87,54,45,0,0,0,0,0,0,0
l28,6=0,0,0,0,0,0,0,0,0,0,0,0,0,0,0,0,0,0,0,0,27,0,27,0,0,0,71,87,0,79,87,59,53,57,48,0,0,0,0,0
l29,6=0,0,0,0,0,0,0,0,0,0,0,0,0,0,0,0,0,0,0,30,0,0,0,0,0,0,69,83,82,0,46,41,41,55,28,0,0,0,0,0
l30,6=0,0,0,0,0,0,0,0,0,0,0,0,0,0,0,0,0,0,0,0,0,0,0,0,0,0,69,87,78,41,0,44,0,2,36,0,0,0,0,0
l31,6=0,0,0,0,0,0,0,0,0,0,0,0,0,0,0,0,0,0,0,28,23,0,0,34,0,0,69,37,65,42,35,0,71,66,54,0,0,0,0,0
l32,6=0,0,0,0,0,0,0,0,0,0,0,0,1,0,0,0,0,0,0,0,0,0,0,31,0,40,58,29,54,45,2,72,0,70,70,0,0,0,0,0
l33,6=0,0,0,0,0,0,0,0,0,0,0,0,47,0,48,0,0,30,0,0,25,0,0,52,42,46,43,0,54,38,23,60,72,0,59,0,0,0,0,0
l34,6=0,0,0,0,0,0,0,0,0,0,0,0,33,0,37,0,0,0,0,0,22,0,0,50,31,0,47,0,53,29,35,58,79,64,0,0,0,0,0,0
l35,6=0,0,0,0,0,0,0,0,0,0,0,0,0,29,0,0,34,0,0,0,0,27,25,0,0,0,0,0,0,0,0,0,0,0,0,0,41,40,37,30
l36,6=0,0,0,0,0,0,0,0,0,0,0,4,18,25,0,0,32,37,0,38,25,27,39,0,0,0,0,0,0,0,0,0,0,0,0,32,0,45,48,38
l37,6=0,0,0,0,0,0,0,0,0,0,0,5,0,0,0,0,7,0,0,0,20,21,12,0,0,0,0,0,0,0,0,0,0,0,0,52,48,0,31,25
l38,6=0,0,0,0,0,0,0,0,0,3,0,28,30,24,18,43,39,43,0,35,26,26,39,0,0,0,0,0,0,0,0,0,0,0,0,29,48,31,0,36
l39,6=0,0,0,0,0,0,0,0,0,0,0,0,0,0,0,0,31,0,0,21,24,28,37,0,0,0,0,0,0,0,0,0,0,0,0,30,46,35,53,0

l0,7=0,94,91,92,95,89,87,69,63,71,71,0,0,0,0,0,0,0,0,0,0,0,0,2,0,0,0,0,0,0,0,0,0,0,0,0,0,0,0,0
l1,7=92,0,96,92,95,86,82,68,19,50,57,0,0,36,0,0,0,0,0,0,0,0,0,0,0,0,0,0,0,0,0,0,0,0,0,0,0,0,0,0
l2,7=87,91,0,92,90,77,82,37,24,80,61,0,0,0,0,0,0,0,0,0,0,0,0,0,0,0,0,0,0,0,0,0,0,0,0,0,0,0,0,0
l3,7=81,86,88,0,91,82,79,31,0,65,65,0,0,0,0,0,0,0,0,0,0,0,0,0,0,0,0,0,0,0,0,0,0,0,0,0,0,0,0,0
l4,7=90,94,93,95,0,89,84,67,70,0,67,0,0,45,0,0,0,0,0,0,0,0,0,0,0,0,0,0,0,0,0,0,0,0,0,0,0,0,0,0
l5,7=92,91,75,92,91,0,1,82,78,85,72,0,2,42,0,0,0,0,0,0,0,0,0,0,0,0,0,0,0,0,0,0,0,0,0,0,0,0,0,0
l6,7=80,89,92,85,83,1,0,81,0,85,63,38,0,25,0,0,18,0,0,0,0,0,0,0,0,0,0,0,0,0,0,0,0,0,0,0,0,0,0,0
l7,7=48,63,24,35,63,87,83,0,65,86,73,31,13,30,0,47,0,3,0,0,0,0,0,0,0,0,0,0,0,0,0,0,0,0,0,0,0,0,0,0
l8,7=35,11,28,0,29,65,0,43,0,85,71,69,32,66,31,49,22,15,0,2,5,10,45,0,42,0,0,0,0,0,0,0,0,0,0,0,0,0,0,0
l9,7=33,37,37,19,0,78,79,79,86,0,72,65,24,62,0,51,0,7,0,0,30,4,24,15,35,0,0,0,0,0,0,0,0,0,0,0,0,0,39,0
l10,7=59,42,42,37,45,67,70,79,85,85,0,64,0,11,0,61,35,0,0,0,0,0,0,0,0,0,0,0,0,0,0,0,0,0,0,0,0,0,0,0
l11,7=0,0,0,0,0,0,34,7,17,15,53,0,43,32,30,75,24,14,0,0,37,16,41,0,46,32,0,0,0,0,0,0,0,0,0,0,16,0,49,9
l12,7=0,0,0,0,0,0,0,0,10,8,0,77,0,16,41,52,41,16,0,0,39,0,0,70,87,69,0,0,0,0,0,0,0,32,9,0,20,0,34,0
l13,7=0,31,0,0,17,37,37,27,68,27,8,60,23,0,31,45,18,16,0,0,32,0,35,38,65,32,0,0,0,0,0,0,0,0,0,15,24,0,39,0
l14,7=0,0,0,0,0,0,0,0,11,4,0,53,46,23,0,26,25,36,0,0,39,35,19,64,54,57,0,0,0,0,0,1,0,36,0,0,0,0,36,0
l15,7=0,0,0,0,0,0,0,29,17,16,46,86,66,34,30,0,22,14,0,3,43,37,46,50,43,34,0,0,0,0,0,0,0,0,0,0,31,36,41,0
l16,7=0,0,0,0,0,0,11,0,13,0,36,57,40,15,24,22,0,18,27,18,44,36,55,41,52,17,0,0,0,0,0,2,17,17,0,27,39,38,40,0
l17,7=0,0,0,0,0,0,0,0,17,10,1,54,35,25,37,25,25,0,0,15,50,32,44,39,59,0,0,0,0,0,0,0,0,23,0,0,35,0,50,0
l18,7=0,0,0,0,0,0,0,0,0,0,0,0,0,0,0,0,52,0,0,51,51,37,0,0,0,0,0,0,0,0,0,0,0,0,0,0,0,0,0,0
l19,7=0,0,0,0,0,0,0,0,2,0,0,0,7,0,0,1,17,4,30,0,71,57,78,0,0,0,21,0,0,0,0,39,0,0,0,0,31,0,32,0
l20,7=0,0,0,0,0,0,0,0,0,8,0,30,23,12,22,22,32,14,29,76,0,68,79,0,33,0,8,0,1,28,0,23,0,1,0,52,50,44,58,11
l21,7=0,0,0,0,0,0,0,0,11,9,0,18,0,0,22,23,27,8,22,51,76,0,78,0,29,0,8,0,0,0,0,0,1,0,2,46,41,14,51,53
l22,7=0,0,0,0,0,0,0,0,14,8,0,34,0,12,14,18,55,12,0,67,73,68,0,0,0,0,0,0,0,37,0,0,0,0,0,42,54,0,48,55
l23,7=0,0,0,0,0,0,0,0,0,4,0,0,66,19,63,33,29,13,0,0,0,0,0,0,83,83,0,0,0,0,0,0,0,26,51,0,0,0,0,0
l24,7=0,0,0,0,0,0,0,0,12,10,0,51,87,25,28,24,35,36,0,0,43,6,0,81,0,69,0,0,0,0,0,0,0,32,26,0,0,0,0,0
l25,7=0,0,0,0,0,0,0,0,0,5,0,39,78,34,52,44,16,0,0,0,0,0,0,78,73,0,0,0,0,33,0,29,31,46,0,0,0,0,30,0
l26,7=0,0,0,0,0,0,0,0,0,0,0,0,0,0,0,0,0,0,0,56,54,35,0,0,0,0,0,72,79,84,70,65,76,60,61,0,0,0,0,0
l27,7=0,0,0,0,0,0,0,0,0,0,0,0,0,0,0,0,0,0,0,0,0,0,0,0,0,0,71,0,75,84,87,31,61,0,0,0,0,0,0,0
l28,7=0,0,0,0,0,0,0,0,0,0,0,0,0,0,0,0,0,0,0,0,45,0,0,0,0,0,78,86,0,89,88,66,38,66,54,0,0,0,0,0
l29,7=0,0,0,0,0,0,0,0,0,0,0,0,0,0,0,0,0,0,0,0,51,0,47,0,0,32,74,86,79,0,87,60,60,60,13,0,0,0,0,0
l30,7=0,0,0,0,0,0,0,0,0,0,0,0,0,0,0,0,0,0,0,0,0,0,0,0,0,0,68,86,75,84,0,65,56,35,60,0,0,0,0,0
l31,7=0,0,0,0,0,0,0,0,0,0,0,0,0,0,0,0,2,0,0,51,41,0,0,0,0,22,71,11,56,58,54,0,81,80,86,0,0,0,0,0
l32,7=0,0,0,0,0,0,0,0,0,0,0,0,15,0,0,0,16,0,0,0,0,0,0,13,0,40,66,32,26,62,51,72,0,78,88,0,0,0,0,0
l33,7=0,0,0,0,0,0,0,0,0,0,0,0,49,0,46,0,54,43,0,0,38,0,0,49,51,55,55,0,59,57,50,73,79,0,69,0,0,0,0,0
l34,7=0,0,0,0,0,0,0,0,0,0,0,0,23,0,0,0,0,0,0,0,0,15,0,59,43,0,52,15,41,41,49,68,84,57,0,0,0,0,0,0
l35,7=0,0,0,0,0,0,0,0,0,0,0,0,0,1,0,0,21,0,0,0,50,48,53,0,0,0,0,0,0,0,0,0,0,0,0,0,59,59,44,29
l36,7=0,0,0,0,0,0,0,0,0,0,0,2,17,8,0,1,30,12,0,19,50,46,61,0,0,0,0,0,0,0,0,0,0,0,0,56,0,57,54,58
l37,7=0,0,0,0,0,0,0,0,0,0,0,0,0,0,0,6,14,0,0,0,37,0,0,0,0,0,0,0,0,0,0,0,0,0,0,62,55,0,35,15
l38,7=0,0,0,0,0,0,0,0,0,7,0,59,21,20,22,27,38,20,0,28,55,53,61,0,0,1,0,0,0,0,0,0,0,0,0,34,59,54,0,34
l39,7=0,0,0,0,0,0,0,0,0,0,0,0,0,0,0,0,0,0,0,0,46,53,62,0,0,0,0,0,0,0,0,0,0,0,0,55,59,51,44,0

l0,8=0,98,98,87,97,96,95,89,20,67,69,0,0,82,0,0,0,0,0,0,0,0,0,0,0,0,0,0,0,0,0,0,0,0,0,0,0,0,0,0
l1,8=97,0,98,97,97,96,95,96,71,71,0,0,0,63,0,0,0,0,0,0,0,0,0,17,0,0,0,0,0,0,0,0,0,0,0,0,0,0,0,0
l2,8=97,98,0,91,92,96,88,95,0,40,73,0,0,3,0,10,0,0,0,0,0,0,0,0,0,0,0,0,0,0,0,0,0,0,0,0,0,0,0,0
l3,8=87,98,97,0,97,92,95,93,0,60,9,0,0,0,0,0,0,0,0,0,0,0,0,0,0,0,0,0,0,0,0,0,0,0,0,0,0,0,0,0
l4,8=97,98,98,97,0,96,95,92,94,36,63,0,0,89,0,0,0,0,0,0,0,0,0,0,0,0,0,0,0,0,0,0,0,0,0,0,0,0,0,0
l5,8=97,98,98,97,97,0,95,97,94,70,77,65,0,90,0,0,0,0,0,0,0,0,0,0,0,0,0,0,0,0,0,0,0,0,0,0,0,0,0,0
l6,8=93,92,94,83,92,90,0,95,50,79,73,0,0,27,0,8,70,0,0,0,0,0,0,0,0,0,0,0,0,0,0,0,0,0,0,0,0,0,0,0
l7,8=91,92,93,89,90,91,89,0,94,91,96,61,0,92,0,0,21,68,0,0,0,0,0,0,0,0,0,0,0,0,0,0,0,0,0,0,0,0,0,0
l8,8=0,9,0,0,63,87,73,94,0,97,90,94,0,94,51,92,0,86,0,68,0,0,52,0,44,0,0,0,0,0,0,0,0,0,0,0,0,0,0,0
l9,8=82,75,17,48,4,77,89,95,97,0,98,94,34,93,47,69,77,66,0,0,0,24,14,59,81,0,0,0,0,0,0,0,0,0,0,0,0,0,65,0
l10,8=84,0,90,51,51,91,89,95,94,93,0,89,0,91,0,85,1,0,0,0,0,0,0,0,0,0,0,0,0,0,0,0,0,0,0,0,0,0,0,0
l11,8=0,0,0,0,0,23,0,12,58,49,52,0,97,30,56,96,93,88,0,0,18,28,16,65,92,72,0,0,0,0,0,0,0,0,0,22,50,0,58,0
l12,8=0,0,0,0,0,0,0,0,0,1,0,99,0,1,61,65,99,87,0,0,35,0,0,70,99,89,0,0,0,0,0,0,0,25,19,40,30,0,61,0
l13,8=32,1,0,0,39,42,3,94,100,58,50,61,31,0,58,62,78,62,0,0,21,34,0,64,91,63,0,0,0,0,0,0,0,0,0,15,38,0,70,0
l14,8=0,0,0,0,0,0,0,0,39,33,0,76,97,49,0,61,77,96,0,0,50,38,0,72,99,72,0,0,0,0,0,0,0,11,0,0,53,0,0,0
l15,8=0,0,0,0,0,0,1,0,56,51,61,99,96,60,57,0,92,88,0,0,63,43,45,67,79,55,0,0,0,0,0,0,0,0,0,0,49,0,78,0
l16,8=0,0,0,0,0,0,29,0,0,13,0,92,93,24,37,53,0,72,36,78,64,27,46,47,97,29,0,0,0,0,0,32,0,1,47,47,59,47,53,38
l17,8=0,0,0,0,0,0,0,30,18,8,0,96,87,22,61,64,95,0,0,39,58,0,31,27,94,0,0,0,0,0,0,0,0,12,0,2,35,0,71,19
l18,8=0,0,0,0,0,0,0,0,0,0,0,0,0,0,0,0,88,0,0,82,66,77,0,0,0,0,0,0,0,0,0,0,0,0,0,0,0,0,0,0
l19,8=0,0,0,0,0,0,0,0,32,0,0,0,0,0,0,0,84,51,52,0,78,80,91,0,0,0,53,0,0,0,0,52,0,0,0,57,53,0,63,0
l20,8=0,0,0,0,0,0,0,0,0,0,0,1,52,14,32,37,61,52,58,94,0,92,93,0,10,0,0,0,1,2,0,0,0,1,0,54,72,66,82,42
l21,8=0,0,0,0,0,0,0,0,0,26,0,53,25,33,32,38,56,0,50,67,79,0,92,0,0,0,0,0,0,0,0,10,0,0,15,59,59,58,78,46
l22,8=0,0,0,0,0,0,0,0,34,19,0,34,0,0,0,38,75,51,0,87,81,89,0,0,0,0,0,0,0,58,0,0,0,0,0,62,66,0,70,66
l23,8=0,0,0,0,0,0,0,0,0,30,0,82,92,53,94,57,84,57,0,0,0,0,0,0,99,89,0,0,0,0,0,0,42,43,80,0,0,0,0,0
l24,8=0,0,0,10,0,0,0,0,1,36,0,81,97,52,94,53,94,81,0,0,17,0,0,97,0,88,0,0,0,0,0,0,0,0,48,0,21,0,0,0
l25,8=0,0,0,0,0,0,0,0,0,0,0,75,97,48,77,48,70,0,0,0,0,0,0,97,94,0,0,0,0,61,0,27,43,68,74,0,0,0,2,0
l26,8=0,0,0,0,0,0,0,0,0,0,0,0,0,0,0,0,0,0,0,72,15,0,0,0,0,0,0,89,91,93,83,90,85,77,81,0,0,0,0,0
l27,8=0,0,0,0,0,0,0,0,0,0,0,0,0,0,0,0,0,0,0,0,0,0,0,0,0,0,90,0,92,93,94,0,76,0,74,0,0,0,0,0
l28,8=0,0,0,0,0,0,0,0,0,0,0,0,0,0,0,0,0,0,0,0,51,0,30,0,0,0,93,92,0,93,92,90,32,84,76,0,0,0,0,0
l29,8=0,0,0,0,0,0,0,0,0,0,0,0,0,0,0,0,0,0,0,0,21,0,77,0,0,55,91,93,93,0,90,89,39,69,73,0,0,0,0,0
l30,8=0,0,0,0,0,0,0,0,0,0,0,0,0,0,0,0,0,0,0,0,0,0,0,0,0,0,89,92,91,93,0,75,77,75,0,0,0,0,0,0
l31,8=0,0,0,0,0,0,0,0,0,0,0,0,0,0,0,0,66,0,0,71,0,0,0,0,1,17,90,0,86,86,71,0,86,88,85,0,0,0,0,0
l32,8=0,0,0,0,0,0,0,0,0,0,0,0,0,0,0,0,8,0,0,0,0,0,0,72,0,68,93,75,3,64,76,94,0,93,92,0,0,0,0,0
l33,8=0,0,0,0,0,0,0,0,0,0,0,0,69,0,41,0,3,70,0,0,34,0,0,73,17,74,79,0,74,78,73,92,88,0,85,0,0,0,0,0
l34,8=0,0,0,0,0,0,0,0,0,0,0,0,67,0,0,0,71,0,0,0,47,17,0,73,71,74,80,70,73,79,0,93,92,83,0,0,0,0,0,0
l35,8=0,0,0,0,0,0,0,0,0,0,0,1,41,1,0,0,49,0,0,47,40,26,47,0,0,0,0,0,0,0,0,0,0,0,0,0,73,71,62,57
l36,8=0,0,0,0,0,0,0,0,0,0,0,43,37,13,14,18,48,11,0,23,52,23,46,0,10,0,0,0,0,0,0,0,0,0,0,67,0,57,71,45
l37,8=0,0,0,0,0,0,0,0,0,0,0,0,0,0,0,0,49,0,0,0,48,24,0,0,0,0,0,0,0,0,0,0,0,0,0,62,53,0,61,35
l38,8=0,0,0,0,0,0,0,0,0,9,0,48,43,20,0,37,46,40,0,24,60,39,45,0,0,0,0,0,0,0,0,0,0,0,0,65,74,63,0,36
l39,8=0,0,0,0,0,0,0,0,0,0,0,0,0,0,0,0,52,0,0,0,49,67,57,0,0,0,0,0,0,0,0,0,0,0,0,66,59,62,61,0

l0,9=0,99,99,94,98,100,98,90,92,95,94,0,0,0,0,0,0,0,0,0,0,0,0,0,0,0,0,0,0,0,0,0,0,0,0,0,0,0,0,0
l1,9=99,0,100,96,98,100,93,98,95,94,97,0,0,0,0,0,0,0,0,0,0,0,0,0,0,0,0,0,0,0,0,0,0,0,0,0,0,0,0,0
l2,9=99,99,0,96,98,100,100,100,16,60,61,0,79,0,0,4,0,0,0,0,0,0,0,0,0,0,0,0,0,0,0,0,0,0,0,0,0,0,0,0
l3,9=96,94,91,0,98,92,96,88,0,0,0,0,0,0,0,0,0,0,0,0,0,0,0,0,0,0,0,0,0,0,0,0,0,0,0,0,0,0,0,0
l4,9=99,97,96,96,0,99,96,88,97,71,95,0,0,1,29,0,0,0,0,0,0,0,0,0,0,0,0,0,0,0,0,0,0,0,0,0,0,0,0,0
l5,9=99,99,100,96,98,0,100,0,98,99,100,0,0,62,0,0,0,0,0,0,0,0,0,0,0,0,0,0,0,0,0,0,0,0,0,0,0,0,0,0
l6,9=99,87,100,93,93,97,0,100,91,99,98,0,0,83,0,0,22,0,0,0,0,0,0,0,0,0,0,0,0,0,0,0,0,0,0,0,0,0,0,0
l7,9=91,99,100,94,62,1,100,0,99,100,100,53,59,100,0,12,0,0,0,0,0,0,0,0,0,0,0,0,0,0,0,0,0,0,0,0,0,0,0,0
l8,9=86,96,0,6,94,60,55,79,0,100,54,84,0,99,8,32,35,92,0,45,0,0,87,0,0,0,0,0,0,0,0,0,0,0,0,0,0,0,0,0
l9,9=95,89,80,0,42,94,98,100,99,0,100,94,6,100,54,69,48,0,0,0,0,0,0,72,39,0,0,0,0,0,0,0,0,0,0,0,0,0,0,0
l10,9=95,99,92,0,97,99,100,100,97,100,0,0,67,96,0,92,32,82,0,0,0,0,0,63,0,0,0,0,0,0,0,0,0,0,0,0,0,0,0,0
l11,9=0,0,0,0,0,0,0,37,96,39,0,0,98,99,46,94,47,99,0,0,29,24,29,93,86,54,0,0,0,0,0,0,0,0,0,42,68,0,26,0
l12,9=0,0,0,0,0,0,0,0,0,0,0,84,0,94,60,56,48,99,0,0,27,27,71,98,87,98,0,0,0,0,0,0,0,0,0,0,69,0,34,0
l13,9=0,0,0,0,0,15,53,77,99,100,35,95,92,0,28,91,47,0,0,12,31,26,0,90,87,48,0,0,0,0,0,0,0,0,0,0,72,0,34,0
l14,9=0,0,0,0,23,0,0,0,0,39,0,73,99,53,0,32,46,99,0,0,38,29,12,100,100,62,0,0,0,0,0,0,0,1,1,0,72,0,0,0
l15,9=0,0,0,0,0,0,0,0,85,39,35,100,98,98,46,0,47,98,0,0,33,29,80,87,86,0,0,0,0,0,0,0,0,0,0,0,77,0,32,0
l16,9=0,0,0,0,0,0,9,0,66,36,22,68,89,90,43,28,0,94,55,52,38,26,85,88,80,47,0,0,0,0,0,69,0,73,84,0,74,56,33,33
l17,9=0,0,0,0,0,0,0,0,81,0,27,72,98,11,46,32,46,0,0,51,34,26,87,0,76,1,0,0,0,0,0,0,0,85,0,0,76,0,26,31
l18,9=0,0,0,0,0,0,0,0,0,0,0,0,0,0,0,0,59,0,0,0,58,49,1,0,0,0,0,0,0,0,0,0,0,0,0,0,44,0,0,0
l19,9=0,0,0,0,0,0,0,0,43,0,0,0,0,5,0,0,83,89,0,0,89,73,86,0,0,0,0,0,0,0,0,0,0,0,0,89,82,63,0,50
l20,9=0,0,0,0,0,0,0,0,0,0,0,49,45,48,39,20,84,53,30,94,0,91,90,0,12,0,35,0,0,0,0,0,0,0,47,76,87,77,86,79
l21,9=0,0,0,0,0,0,0,0,0,0,0,49,65,72,36,22,37,72,55,68,93,0,87,0,0,0,0,0,0,0,0,0,0,13,0,91,79,54,43,28
l22,9=0,0,0,0,0,0,0,0,73,3,0,4,60,0,11,37,54,79,0,93,94,81,0,0,0,0,26,0,10,51,0,56,0,0,0,91,87,61,86,0
l23,9=0,0,0,0,0,0,0,0,0,36,17,75,99,95,100,32,47,0,0,0,0,0,0,0,100,100,0,0,0,0,0,0,97,98,97,0,0,0,0,0
l24,9=0,0,0,0,0,0,0,0,0,32,0,72,99,94,77,32,85,85,0,0,29,0,0,100,0,66,0,0,0,0,0,0,0,92,73,0,82,0,0,0
l25,9=0,0,0,0,0,0,0,0,0,0,0,68,99,90,46,0,42,0,0,0,0,0,0,100,100,0,0,0,0,27,0,0,96,99,88,0,0,0,25,0
l26,9=0,0,0,0,0,0,0,0,0,0,0,0,0,0,0,0,0,0,0,1,84,0,61,0,0,0,0,88,99,99,97,100,99,84,88,0,0,0,0,0
l27,9=0,0,0,0,0,0,0,0,0,0,0,0,0,0,0,0,0,0,0,0,0,0,0,0,0,0,100,0,99,99,100,98,95,0,0,0,0,0,0,0
l28,9=0,0,0,0,0,0,0,0,0,0,0,0,0,0,0,0,0,0,0,0,15,0,77,0,0,0,100,99,0,99,98,96,0,85,19,0,0,0,0,0
l29,9=0,0,0,0,0,0,0,0,0,0,0,0,0,0,0,0,0,0,0,0,0,0,81,0,0,37,100,100,99,0,99,99,85,84,84,0,0,0,0,0
l30,9=0,0,0,0,0,0,0,0,0,0,0,0,0,0,0,0,0,0,0,0,0,0,0,0,0,0,100,100,99,99,0,100,97,36,89,0,0,0,0,0
l31,9=0,0,0,0,0,0,0,0,0,0,0,0,0,0,0,0,40,0,0,0,8,0,78,0,0,0,100,86,98,97,96,0,99,100,99,0,0,0,0,0
l32,9=0,0,0,0,0,0,0,0,0,0,0,0,4,0,0,0,0,0,0,0,0,0,0,94,0,59,100,58,0,45,95,100,0,100,100,0,0,0,0,0
l33,9=0,0,0,0,0,0,0,0,0,0,0,0,47,0,8,0,84,95,0,0,65,1,0,98,96,97,98,0,98,95,80,100,99,0,97,0,0,0,0,0
l34,9=0,0,0,0,0,0,0,0,0,0,0,0,81,0,22,0,65,0,0,0,38,0,0,98,76,58,97,0,6,85,94,100,100,100,0,0,0,0,0,0
l35,9=0,0,0,0,0,0,0,0,0,0,0,0,0,0,0,0,0,0,0,42,28,42,81,0,0,0,0,0,0,0,0,0,0,0,0,0,87,79,79,48
l36,9=0,0,0,0,0,0,0,0,0,0,0,27,39,46,12,11,24,18,0,25,35,25,83,0,48,0,0,0,0,0,0,0,0,0,0,94,0,66,30,31
l37,9=0,0,0,0,0,0,0,0,0,0,0,0,0,0,0,0,24,0,0,31,30,25,70,0,0,0,0,0,0,0,0,0,0,0,0,85,80,0,28,28
l38,9=0,0,0,0,0,0,0,0,0,0,0,19,62,49,0,19,40,0,0,0,37,28,83,0,0,6,0,0,0,0,0,0,0,0,0,92,84,62,0,29
l39,9=0,0,0,0,0,0,0,0,0,0,0,0,0,0,0,0,38,75,0,36,58,26,0,0,0,0,0,0,0,0,0,0,0,0,0,90,85,73,28,0

l0,10=0,92,89,95,92,85,86,64,71,83,77,0,0,0,0,0,0,0,0,0,0,0,0,0,0,0,0,0,0,0,0,0,0,0,0,0,0,0,0,0
l1,10=87,0,88,86,88,89,81,83,32,43,51,9,0,0,0,0,0,0,0,0,0,0,0,0,0,0,0,0,0,0,0,0,0,0,0,0,0,0,0,0
l2,10=84,86,0,90,88,85,84,87,0,74,61,0,60,0,0,0,0,0,0,0,0,0,0,0,0,0,0,0,0,0,0,0,0,0,0,0,0,0,0,0
l3,10=89,70,86,0,95,58,84,58,0,52,0,0,0,0,0,0,0,0,0,0,0,0,0,0,0,0,0,0,0,0,0,0,0,0,0,0,0,0,0,0
l4,10=83,85,86,97,0,85,44,64,41,59,85,0,0,4,48,0,0,0,0,0,0,0,0,0,0,0,0,0,0,0,0,0,0,0,0,0,0,0,0,0
l5,10=82,86,86,89,88,0,85,88,58,85,84,0,1,66,0,0,0,0,0,0,0,0,0,0,0,0,0,0,0,0,0,0,0,0,0,0,0,0,0,0
l6,10=80,76,83,85,39,83,0,88,79,82,82,0,0,28,0,0,5,0,0,0,0,0,0,0,0,0,0,0,0,0,0,0,0,0,0,0,0,0,0,0
l7,10=62,84,85,76,81,85,84,0,86,85,85,67,55,80,18,0,0,0,0,0,0,0,0,0,0,0,0,0,0,0,0,0,0,0,0,0,0,0,0,0
l8,10=68,2,0,6,43,36,73,85,0,91,69,80,67,85,0,70,33,47,0,16,0,0,41,69,4,0,0,0,0,0,0,0,0,0,0,0,0,0,0,0
l9,10=69,0,34,63,64,68,79,88,86,0,85,81,74,82,41,65,0,0,0,0,0,8,0,19,1,0,0,0,0,0,0,0,0,0,0,0,0,0,0,0
l10,10=66,48,27,0,84,67,77,88,67,85,0,60,0,70,0,69,0,39,0,0,0,0,0,1,0,0,0,0,0,0,0,0,0,0,0,0,0,0,0,0
l11,10=0,7,0,0,0,0,0,61,72,77,63,0,82,79,78,87,0,80,0,0,34,34,0,77,77,42,0,0,0,0,0,0,0,0,0,0,56,0,58,0
l12,10=0,0,0,0,0,0,0,0,57,77,0,89,0,79,93,84,92,96,0,0,44,30,0,96,95,98,0,0,0,0,0,0,0,29,0,0,8,0,67,0
l13,10=0,0,0,0,10,40,28,78,86,85,79,84,78,0,66,80,49,0,0,0,27,25,0,72,78,0,0,0,0,0,0,0,0,0,0,0,0,0,48,0
l14,10=0,0,0,0,53,0,0,0,0,63,0,85,98,72,0,62,68,85,0,0,34,0,0,89,91,75,0,0,0,0,0,0,0,34,0,0,61,0,42,0
l15,10=0,0,0,0,0,0,0,0,74,70,77,89,86,84,67,0,50,82,0,26,18,0,35,48,76,9,0,0,0,0,0,0,0,0,0,0,3,2,49,0
l16,10=0,0,0,0,0,0,4,0,43,0,0,0,84,58,59,37,0,81,37,28,37,30,31,62,86,0,0,0,0,0,0,0,7,0,27,20,55,34,74,61
l17,10=0,0,0,0,0,0,3,0,53,0,37,87,91,2,69,47,57,0,0,30,12,31,49,6,67,8,0,0,0,0,0,0,0,17,0,0,58,0,64,58
l18,10=0,0,0,0,0,0,0,0,0,0,0,0,0,0,0,0,42,0,0,78,63,77,0,0,0,0,0,0,0,0,0,0,0,0,0,0,0,0,0,0
l19,10=0,0,0,0,0,0,0,0,12,0,0,0,0,0,0,21,68,55,51,0,80,73,76,0,0,0,26,0,0,0,0,0,0,0,0,60,0,46,31,49
l20,10=0,0,0,0,0,0,0,0,0,0,0,44,55,37,35,18,51,39,33,83,0,90,86,0,0,0,0,0,0,0,0,0,26,0,0,47,83,53,69,77
l21,10=0,0,0,0,0,0,0,0,0,42,0,51,53,32,3,1,47,56,43,79,86,0,86,0,0,0,0,0,0,0,0,0,0,13,0,46,66,55,68,49
l22,10=0,0,0,0,0,0,0,0,42,0,0,0,0,0,0,22,39,55,0,77,86,85,0,0,0,0,0,0,0,30,0,28,0,0,0,70,76,59,67,64
l23,10=0,0,0,0,0,0,0,0,67,33,0,84,94,69,89,31,53,0,0,0,0,0,0,0,97,99,0,0,0,0,0,30,48,49,17,0,0,0,0,0
l24,10=0,0,0,0,0,0,0,0,0,4,0,86,98,81,93,43,93,79,0,0,0,0,0,99,0,96,0,0,0,0,0,0,0,42,0,0,0,0,51,0
l25,10=0,0,0,19,0,0,0,0,0,0,0,85,98,0,87,31,0,44,0,0,0,0,0,99,96,0,23,0,0,0,0,38,50,95,49,0,0,0,46,0
l26,10=0,0,0,0,0,0,0,0,0,0,0,0,0,0,0,0,0,0,0,63,9,0,0,0,0,47,0,80,93,96,100,100,98,60,85,0,0,0,0,0
l27,10=0,0,0,0,0,0,0,0,0,0,0,0,0,0,0,0,0,0,0,0,0,0,0,0,0,0,87,0,90,96,100,84,0,0,82,0,0,0,0,0
l28,10=0,0,0,0,0,0,0,0,0,0,0,0,0,0,0,0,0,0,0,0,23,0,0,0,0,0,93,93,0,96,100,93,64,75,69,0,0,0,0,0
l29,10=0,0,0,0,0,0,0,0,0,0,0,0,0,0,0,0,0,0,0,0,0,0,60,0,0,0,93,94,93,0,100,88,72,7,72,0,0,0,0,0
l30,10=0,0,0,0,0,0,0,0,0,0,0,0,0,0,0,0,0,0,0,0,0,0,0,0,0,0,93,94,93,96,0,91,80,59,80,0,0,0,0,0
l31,10=0,0,0,0,0,0,0,0,0,0,0,0,0,0,0,0,0,0,0,0,0,0,63,68,0,52,93,81,86,92,99,0,99,99,100,0,0,0,0,0
l32,10=0,0,0,0,0,0,0,0,0,0,0,0,0,0,0,0,11,0,0,0,64,0,0,88,0,60,93,0,33,73,80,100,0,99,100,0,0,0,0,0
l33,10=0,0,0,0,0,0,0,0,0,0,0,0,70,0,58,0,1,43,0,0,0,25,0,99,82,99,85,0,92,34,80,100,99,0,100,0,0,0,0,0
l34,10=0,0,0,0,0,0,0,0,0,0,0,0,0,0,0,0,61,0,0,0,8,0,0,71,44,48,93,60,71,76,70,100,99,98,0,0,0,0,0,0
l35,10=0,0,0,0,0,0,0,0,0,0,0,0,0,0,0,0,9,0,0,26,26,21,50,0,0,0,0,0,0,0,0,0,0,0,0,0,80,67,62,54
l36,10=0,0,0,0,0,0,0,0,0,0,0,10,10,0,9,0,43,40,0,0,41,14,52,0,0,0,0,0,0,0,0,0,0,0,0,65,0,72,67,75
l37,10=0,0,0,0,0,0,0,0,0,0,0,0,0,0,0,0,14,0,0,4,10,12,33,0,0,0,0,0,0,0,0,0,0,0,0,59,80,0,52,65
l38,10=0,0,0,0,0,0,0,0,0,0,0,24,39,11,2,3,50,54,0,5,32,35,53,0,18,1,0,0,0,0,0,0,0,0,0,58,75,45,0,67
l39,10=0,0,0,0,0,0,0,0,0,0,0,0,0,0,0,0,40,32,0,29,37,22,47,0,0,0,0,0,0,0,0,0,0,0,0,42,79,58,60,0

l0,11=0,86,90,86,86,84,75,52,45,61,49,0,0,0,0,0,0,0,0,0,0,0,0,0,0,0,0,0,0,0,0,0,0,0,0,0,0,0,0,0
l1,11=86,0,76,82,84,83,74,75,47,51,0,38,0,30,0,0,0,0,0,0,0,0,0,0,0,0,0,0,0,0,0,0,0,0,0,0,0,0,0,0
l2,11=86,83,0,83,85,84,83,54,0,0,79,0,0,0,0,0,0,0,0,0,0,0,0,0,0,0,0,0,0,0,0,0,0,0,0,0,0,0,0,0
l3,11=88,86,89,0,89,84,0,53,0,42,54,0,0,0,0,0,0,0,0,0,0,0,0,0,0,0,0,0,0,0,0,0,0,0,0,0,0,0,0,0
l4,11=82,82,82,84,0,78,59,57,0,62,63,0,18,0,38,0,0,0,0,0,0,0,0,0,0,0,0,0,0,0,0,0,0,0,0,0,0,0,0,0
l5,11=86,85,88,82,84,0,82,82,63,84,61,0,0,46,0,0,0,0,0,0,0,0,0,0,0,0,0,0,0,0,0,0,0,0,0,0,0,0,0,0
l6,11=70,78,66,3,71,76,0,82,26,79,61,40,0,62,0,53,34,0,0,0,0,0,0,0,0,0,0,0,0,0,0,0,0,0,0,0,0,0,0,0
l7,11=71,83,63,62,81,84,83,0,76,85,81,55,51,83,0,33,0,0,0,0,0,0,0,0,0,0,0,0,0,0,0,0,0,0,0,0,0,0,0,0
l8,11=36,14,0,0,1,61,62,64,0,89,63,70,66,83,0,78,0,41,0,23,0,0,0,40,43,0,0,0,0,0,0,0,0,0,0,0,0,0,0,0
l9,11=38,17,0,50,64,78,80,86,77,0,81,76,72,83,0,75,46,7,0,0,0,46,0,28,33,0,0,0,0,0,0,0,0,0,0,0,0,0,0,0
l10,11=29,0,69,59,67,53,65,86,70,86,0,63,0,76,0,65,0,0,0,0,0,0,0,0,0,0,0,0,0,0,0,0,0,0,0,0,0,0,0,0
l11,11=0,6,0,0,0,0,36,44,22,25,59,0,76,81,73,85,73,75,0,0,0,37,33,67,66,49,0,0,0,0,0,0,0,0,0,46,0,0,35,0
l12,11=0,0,0,0,0,0,0,12,18,14,0,85,0,70,93,85,81,81,0,0,39,39,29,72,91,92,0,0,0,0,0,0,0,0,0,0,0,0,41,0
l13,11=0,1,0,0,0,44,60,63,76,57,63,82,77,0,59,83,69,50,0,15,34,39,0,57,63,46,0,0,0,0,0,0,0,0,0,0,0,0,30,0
l14,11=0,0,0,0,44,0,0,0,0,0,0,84,88,44,0,0,82,60,0,0,28,24,0,77,43,86,0,0,0,0,0,0,0,31,55,53,31,0,33,0
l15,11=0,0,0,0,0,0,41,8,23,12,60,88,86,85,0,0,77,80,0,25,39,41,34,21,4,48,0,0,0,0,0,0,0,0,0,36,32,0,38,0
l16,11=0,0,0,0,0,0,20,0,0,8,0,67,81,44,63,75,0,55,1,0,41,44,38,40,82,38,0,0,0,0,0,0,9,1,56,1,35,22,43,35
l17,11=0,0,0,0,0,0,0,0,16,6,11,86,83,47,76,84,84,0,0,0,36,42,36,52,38,18,0,0,0,0,0,0,0,0,0,0,32,0,31,0
l18,11=0,0,0,0,0,0,0,0,0,0,0,0,0,0,0,0,34,0,0,78,64,76,56,0,0,0,0,0,0,0,0,0,0,0,0,0,0,0,0,0
l19,11=0,0,0,0,0,0,0,0,11,0,0,0,0,24,0,31,0,0,28,0,79,74,70,0,0,0,26,0,18,25,15,0,0,0,0,51,1,16,22,55
l20,11=0,0,0,0,0,0,0,0,0,0,0,0,47,33,28,33,65,31,25,82,0,89,80,0,0,0,0,0,0,0,0,9,6,2,0,51,56,25,64,34
l21,11=0,0,0,0,0,0,0,0,0,16,0,48,41,34,38,38,70,40,29,73,84,0,80,0,0,0,0,0,0,0,0,0,0,0,0,46,36,19,76,17
l22,11=0,0,0,0,0,0,0,0,0,0,0,49,41,0,0,27,60,30,13,63,83,86,0,0,0,0,0,0,0,20,0,16,0,0,0,62,65,18,73,65
l23,11=0,0,0,0,0,0,0,0,11,11,0,79,87,73,84,10,68,40,0,0,0,0,0,0,90,95,0,0,0,0,0,14,18,39,0,0,0,0,0,0
l24,11=0,0,0,0,0,0,0,0,11,9,0,78,89,67,60,0,86,46,0,0,10,0,0,91,0,87,0,0,0,0,0,0,0,1,0,0,0,0,0,0
l25,11=0,0,0,0,0,0,0,0,0,0,0,61,89,41,83,49,49,8,0,0,0,0,0,96,90,0,0,0,0,0,0,42,18,88,0,0,0,0,0,0
l26,11=0,0,0,0,0,0,0,0,0,0,0,0,0,0,0,0,0,0,0,36,0,0,0,0,0,0,0,76,91,90,94,94,84,38,66,0,0,0,0,0
l27,11=0,0,0,0,0,0,0,0,0,0,0,0,0,0,0,0,0,0,0,0,0,0,0,0,0,0,86,0,90,90,96,50,2,0,34,0,0,0,0,0
l28,11=0,0,0,0,0,0,0,0,0,0,0,0,0,0,0,0,0,0,0,34,28,0,0,0,0,0,87,96,0,92,96,85,67,0,40,0,0,0,0,0
l29,11=0,0,0,0,0,0,0,0,0,0,0,0,0,0,0,0,0,0,0,18,0,0,30,0,0,0,86,96,91,0,96,81,37,38,36,0,0,0,0,0
l30,11=0,0,0,0,0,0,0,0,0,0,0,0,0,0,0,0,0,0,0,3,0,0,0,0,0,0,87,96,91,92,0,85,49,79,64,0,0,0,0,0
l31,11=0,0,0,0,0,0,0,0,0,0,0,0,0,0,0,0,0,0,0,0,58,0,60,58,0,67,87,82,87,86,89,0,90,100,99,0,0,0,0,0
l32,11=0,0,0,0,0,0,0,0,0,0,0,0,0,0,0,0,28,0,0,0,14,0,0,37,0,31,87,0,33,40,42,95,0,100,99,0,0,0,0,0
l33,11=0,0,0,0,0,0,0,0,0,0,0,0,0,0,67,0,6,0,0,0,31,0,0,75,7,94,77,0,0,71,88,99,97,0,99,0,0,0,0,0
l34,11=0,0,0,0,0,0,0,0,0,0,0,0,0,0,36,0,71,0,0,0,0,0,0,0,0,2,84,60,30,77,81,99,97,100,0,0,0,0,0,0
l35,11=0,0,0,0,0,0,0,0,0,0,0,15,0,0,25,8,0,0,0,22,31,21,43,0,0,0,0,0,0,0,0,0,0,0,0,0,80,27,37,0
l36,11=0,0,0,0,0,0,0,0,0,0,0,0,0,0,28,23,62,34,0,0,38,40,44,0,0,0,0,0,0,0,0,0,0,0,0,83,0,30,48,47
l37,11=0,0,0,0,0,0,0,0,0,0,0,0,0,0,0,0,55,0,0,3,35,27,35,0,0,0,0,0,0,0,0,0,0,0,0,66,42,0,24,41
l38,11=0,0,0,0,0,0,0,0,0,0,0,50,56,24,40,33,72,29,0,17,36,48,48,0,0,0,0,0,0,0,0,0,0,0,0,75,43,18,0,46
l39,11=0,0,0,0,0,0,0,0,0,0,0,0,0,0,0,0,58,0,0,32,34,0,66,0,0,0,0,0,0,0,0,0,0,0,0,5,78,27,43,0

l0,12=0,94,84,87,78,87,59,6,0,59,38,0,0,0,0,0,0,0,0,0,0,0,0,0,0,0,0,0,0,0,0,0,0,0,0,0,0,0,0,0
l1,12=89,0,75,84,76,85,85,88,23,3,62,49,0,0,0,0,0,0,0,0,0,0,0,0,0,0,0,0,0,0,0,0,0,0,0,0,0,0,0,0
l2,12=89,79,0,83,73,87,85,37,17,44,71,0,0,0,0,0,0,0,0,0,0,0,0,0,0,0,0,0,0,0,0,0,0,0,0,0,0,0,0,0
l3,12=89,90,81,0,83,87,62,24,0,49,58,0,0,0,0,0,0,0,0,0,0,0,0,0,0,0,0,0,0,0,0,0,0,0,0,0,0,0,0,0
l4,12=88,82,68,89,0,65,69,69,53,56,64,0,0,0,28,0,0,0,0,0,0,0,0,46,0,0,0,0,0,0,0,0,0,0,0,0,0,0,0,0
l5,12=88,87,82,83,73,0,78,80,71,86,71,0,0,42,0,0,0,0,0,0,0,0,0,10,0,0,0,0,0,0,0,0,0,0,0,0,0,0,0,0
l6,12=52,84,81,67,65,73,0,83,68,56,74,66,0,66,7,64,0,0,0,0,0,0,0,0,0,0,0,0,0,0,0,0,0,0,0,0,0,0,0,0
l7,12=11,87,25,54,75,84,85,0,81,86,86,38,28,80,0,0,0,0,0,0,0,0,0,0,0,0,0,0,0,0,0,0,0,0,0,0,0,0,0,0
l8,12=0,4,0,26,53,64,42,72,0,89,86,71,65,81,0,69,20,36,0,43,0,38,0,13,32,0,0,0,0,0,0,0,0,0,0,0,0,0,0,0
l9,12=53,0,0,46,49,85,29,88,81,0,86,65,60,81,1,50,39,24,0,0,48,53,0,0,12,0,0,0,0,0,0,0,0,0,0,0,0,0,0,0
l10,12=35,40,51,70,60,69,79,88,80,89,0,67,0,80,0,53,0,0,0,0,0,0,0,0,0,0,0,0,0,0,0,0,0,0,0,0,0,0,0,0
l11,12=0,8,0,0,0,0,46,19,67,79,72,0,76,76,44,80,67,85,0,0,51,51,44,77,0,35,0,0,0,0,0,0,0,0,0,56,53,0,27,0
l12,12=0,0,0,0,0,0,0,0,61,73,0,80,0,68,93,80,76,89,0,0,59,55,29,65,89,93,0,0,0,0,0,0,0,27,0,0,0,0,30,0
l13,12=0,0,0,5,2,34,40,51,81,86,78,82,72,0,47,79,67,75,0,0,51,41,0,75,40,1,0,0,0,0,0,0,0,0,0,0,0,0,0,0
l14,12=0,0,0,0,36,0,2,0,0,20,0,63,85,68,0,47,84,76,0,0,53,60,0,88,89,35,0,0,0,0,0,0,0,43,39,42,48,0,22,0
l15,12=0,0,0,0,0,0,38,0,62,72,67,87,75,82,40,0,67,76,0,45,57,57,15,49,18,40,0,0,0,0,0,0,0,0,0,0,0,0,26,0
l16,12=0,0,0,0,0,0,0,0,20,54,0,42,77,54,52,49,0,85,31,45,55,63,38,41,57,27,0,0,0,0,0,0,0,0,0,51,60,19,47,25
l17,12=0,0,0,0,0,0,0,0,41,56,0,86,84,62,37,52,78,0,0,45,57,62,41,67,9,0,0,0,0,0,0,0,0,4,0,0,59,0,24,0
l18,12=0,0,0,0,0,0,0,0,0,0,0,0,0,0,0,0,63,0,0,52,64,49,0,0,0,0,0,0,0,0,0,0,0,0,0,0,0,0,0,0
l19,12=0,0,0,0,0,0,0,0,42,0,0,0,0,0,0,18,47,33,30,0,81,79,79,0,0,0,32,0,0,29,31,0,0,0,0,44,43,26,36,68
l20,12=0,0,0,0,0,0,0,0,0,42,0,19,37,38,18,19,57,40,29,87,0,87,85,0,0,0,0,0,0,0,0,37,0,0,3,48,78,38,67,42
l21,12=0,0,0,0,0,0,0,0,44,49,0,31,33,37,23,19,71,59,27,89,86,0,85,0,10,0,0,0,0,0,0,0,0,0,0,44,44,9,78,0
l22,12=0,0,0,0,0,0,0,0,0,0,0,28,29,0,0,3,43,32,0,84,85,85,0,0,0,0,0,0,0,0,0,39,0,0,0,76,74,0,55,56
l23,12=0,0,0,0,40,0,0,0,0,1,0,78,66,70,53,31,33,72,0,0,0,0,0,0,76,96,0,0,0,0,0,24,24,37,0,0,0,0,0,0
l24,12=0,0,0,0,0,0,0,0,53,47,0,0,85,67,96,76,85,46,0,0,0,46,0,89,0,91,0,0,0,0,0,0,47,18,0,0,13,0,33,0
l25,12=0,0,0,0,1,0,0,0,0,0,0,48,85,3,54,70,66,0,0,0,0,0,0,96,91,0,0,0,0,8,0,76,32,68,85,0,0,0,0,0
l26,12=0,0,0,0,0,0,0,0,0,0,0,0,0,0,0,0,0,0,0,31,0,0,0,0,0,0,0,76,92,77,92,87,76,34,75,0,0,0,0,0
l27,12=0,0,0,0,0,0,0,0,0,0,0,0,0,0,0,0,0,0,0,0,0,0,0,0,0,0,83,0,89,88,96,78,0,24,30,0,0,0,0,0
l28,12=0,0,0,0,0,0,0,0,0,0,0,0,0,0,0,0,0,0,0,0,0,0,0,0,0,0,86,95,0,90,96,84,73,69,68,0,0,0,0,0
l29,12=0,0,0,0,0,0,0,0,0,0,0,0,0,0,0,0,0,0,0,33,0,0,0,0,0,1,81,95,92,0,96,76,71,69,71,0,0,0,0,0
l30,12=0,0,0,0,0,0,0,0,0,0,0,0,0,0,0,0,0,0,0,2,0,0,0,0,0,0,85,95,92,90,0,77,73,43,52,0,0,0,0,0
l31,12=0,0,0,0,0,0,0,0,0,0,0,0,0,0,0,0,0,0,0,0,66,0,67,34,0,79,86,84,88,88,90,0,97,100,100,0,0,0,0,0
l32,12=0,0,0,0,0,0,0,0,0,0,0,0,0,0,0,0,0,0,0,0,0,0,0,42,41,25,85,0,83,82,88,93,0,100,100,0,0,0,0,0
l33,12=0,0,0,0,0,0,0,0,0,0,0,0,67,0,72,0,0,1,0,0,0,0,0,73,32,80,83,27,72,71,78,99,97,0,100,0,0,0,0,0
l34,12=0,0,0,0,0,0,0,0,0,0,0,0,0,0,63,0,0,0,0,0,26,0,0,0,0,95,86,50,87,89,85,99,97,100,0,0,0,0,0,0
l35,12=0,0,0,0,0,0,0,0,0,0,0,14,0,0,2,0,29,0,0,22,45,40,53,0,0,0,0,0,0,0,0,0,0,0,0,0,83,35,46,39
l36,12=0,0,0,0,0,0,0,0,0,0,0,17,0,0,1,0,58,31,0,19,68,38,72,0,0,0,0,0,0,0,0,0,0,0,0,84,0,45,48,53
l37,12=0,0,0,0,0,0,0,0,0,0,0,0,0,0,0,0,54,0,0,38,57,0,0,0,0,0,0,0,0,0,0,0,0,0,0,70,74,0,0,46
l38,12=0,0,0,0,0,0,0,0,0,0,0,23,30,0,2,4,62,31,0,41,58,69,73,0,5,0,0,0,0,0,0,0,0,0,0,79,76,0,0,37
l39,12=0,0,0,0,0,0,0,0,0,0,0,0,0,0,0,0,58,0,0,58,57,0,76,0,0,0,0,0,0,0,0,0,0,0,0,63,78,35,44,0

l0,13=0,92,94,96,94,91,91,90,77,86,60,0,0,0,0,0,0,0,0,0,0,0,0,0,0,0,0,0,0,0,0,0,0,0,0,0,0,0,0,0
l1,13=93,0,90,94,92,88,89,87,0,80,87,0,0,0,0,0,0,0,0,0,0,0,0,0,0,0,0,0,0,0,0,0,0,0,0,0,0,0,0,0
l2,13=93,91,0,92,88,91,90,79,0,85,87,0,0,16,0,0,0,0,0,0,0,0,0,0,0,0,0,0,0,0,0,0,0,0,0,0,0,0,0,0
l3,13=95,92,90,0,97,93,89,49,11,82,87,0,0,0,0,0,0,0,0,0,0,0,0,0,0,0,0,0,0,0,0,0,0,0,0,0,0,0,0,0
l4,13=93,91,89,94,0,91,89,74,43,74,73,0,0,13,0,0,0,0,0,0,0,0,0,3,0,0,0,0,0,0,0,0,0,0,0,0,0,0,0,0
l5,13=93,87,89,90,92,0,89,50,48,87,87,0,0,45,0,0,0,0,0,0,0,0,0,0,0,0,0,0,0,0,0,0,0,0,0,0,0,0,0,0
l6,13=85,87,88,87,86,87,0,0,75,87,65,85,0,63,0,82,0,0,0,0,0,0,0,0,0,0,0,0,0,0,0,0,0,0,0,0,0,0,0,0
l7,13=86,87,51,36,85,81,0,0,82,90,91,11,11,50,0,66,0,0,0,0,0,0,0,0,0,0,0,0,0,0,0,0,0,0,0,0,0,0,0,0
l8,13=74,0,0,30,71,77,62,54,0,95,88,55,23,81,76,70,73,43,0,35,0,23,36,0,74,0,0,0,0,0,0,0,0,0,0,0,0,0,0,0
l9,13=77,35,51,66,72,86,87,86,84,0,91,73,74,85,53,82,70,41,0,0,24,59,0,0,0,0,0,0,0,0,0,0,0,0,0,0,0,0,0,0
l10,13=61,34,27,37,70,85,44,87,82,95,0,58,0,84,0,75,0,0,0,0,0,0,0,0,0,0,0,0,0,0,0,0,0,0,0,0,0,0,0,0
l11,13=0,0,0,0,0,0,54,0,20,78,76,0,86,93,76,92,82,88,0,0,20,23,65,77,0,67,0,0,0,0,0,0,0,0,0,0,0,0,22,0
l12,13=0,0,0,0,0,0,0,0,18,74,0,84,0,42,95,92,91,62,0,0,26,24,65,70,100,98,0,0,0,0,0,0,0,61,0,0,0,0,40,0
l13,13=0,0,0,0,51,63,53,31,49,92,86,97,26,0,77,92,79,49,0,12,25,23,1,77,0,77,0,0,0,0,0,0,0,0,0,0,0,0,40,0
l14,13=0,0,0,0,0,0,0,0,24,70,0,68,94,50,0,85,96,53,0,0,25,23,0,99,100,89,0,0,0,0,0,0,31,54,44,40,0,0,0,0
l15,13=0,0,0,0,0,0,50,3,18,81,73,97,53,64,74,0,91,58,0,16,22,21,0,76,83,70,0,0,0,0,0,0,0,0,0,0,63,0,38,0
l16,13=0,0,0,0,0,0,0,0,14,45,0,63,31,35,89,90,0,56,36,16,24,21,65,17,95,0,0,0,0,0,0,0,0,10,7,60,79,16,39,24
l17,13=0,0,0,0,0,0,0,0,20,56,0,75,95,49,82,92,93,0,0,20,28,26,68,70,87,50,0,0,0,0,0,0,0,57,0,0,75,0,40,0
l18,13=0,0,0,0,0,0,0,0,0,0,0,0,0,0,0,0,76,0,0,92,89,0,0,0,0,0,0,0,0,0,0,0,0,0,0,0,0,0,0,0
l19,13=0,0,0,0,0,0,0,0,20,0,0,0,0,17,0,39,67,48,69,0,95,92,87,0,0,0,50,0,0,55,7,20,0,0,0,50,40,64,62,80
l20,13=0,0,0,0,0,0,0,0,0,33,0,44,29,28,41,53,83,49,67,95,0,96,93,0,0,0,21,0,0,0,0,19,0,0,23,48,88,85,69,28
l21,13=0,0,0,0,0,0,0,0,12,53,0,57,19,35,56,61,73,50,0,95,96,0,94,0,61,0,0,0,0,0,0,0,0,0,0,43,37,10,69,24
l22,13=0,0,0,0,0,0,0,0,0,0,0,51,19,0,0,0,84,32,0,92,96,96,0,0,0,0,41,0,0,0,0,19,0,0,34,79,88,30,57,76
l23,13=0,0,0,3,2,0,0,0,0,0,0,63,27,51,99,88,13,38,0,0,0,0,0,0,87,99,0,0,0,0,0,0,0,61,13,0,0,0,0,0
l24,13=0,0,0,0,0,0,0,0,23,0,0,0,97,0,99,87,93,51,0,0,0,22,0,83,0,99,0,0,0,0,0,0,47,5,0,0,80,0,2,0
l25,13=0,0,0,0,0,0,0,0,0,0,0,64,97,50,89,88,0,9,0,0,0,0,0,99,100,0,0,0,0,4,0,33,58,76,69,0,0,0,0,0
l26,13=0,0,0,0,0,0,0,0,0,0,0,0,0,0,0,0,0,0,0,63,52,0,57,0,0,0,0,83,95,84,100,96,74,80,0,0,0,0,0,0
l27,13=0,0,0,0,0,0,0,0,0,0,0,0,0,0,0,0,0,0,0,0,0,0,0,0,0,0,84,0,95,99,100,80,67,74,0,0,0,0,0,0
l28,13=0,0,0,0,0,0,0,0,0,0,0,0,0,0,0,0,0,0,0,2,23,0,0,0,0,0,99,99,0,99,100,88,65,75,81,0,0,0,0,0
l29,13=0,0,0,0,0,0,0,0,0,0,0,0,0,0,0,0,0,0,0,64,0,0,0,0,0,0,81,99,95,0,100,79,78,74,81,0,0,0,0,0
l30,13=0,0,0,0,0,0,0,0,0,0,0,0,0,0,0,0,0,0,0,0,0,0,0,0,0,0,99,99,95,99,0,84,70,75,17,0,0,0,0,0
l31,13=0,0,0,0,0,0,0,0,0,0,0,0,0,0,0,0,0,0,0,40,66,0,64,0,0,83,99,99,95,98,99,0,99,100,100,0,0,0,0,0
l32,13=0,0,0,0,0,0,0,0,0,0,0,0,0,0,72,0,0,0,0,0,0,0,0,0,83,84,93,73,80,94,88,100,0,100,100,0,0,0,0,0
l33,13=0,0,0,0,0,0,0,0,0,0,0,0,95,0,85,0,68,85,0,0,0,0,0,96,65,98,96,93,94,98,99,100,99,0,100,0,0,0,0,0
l34,13=0,0,0,0,0,0,0,0,0,0,0,0,3,0,81,0,67,0,0,0,56,0,79,67,0,97,0,1,93,98,46,100,99,100,0,0,0,0,0,0
l35,13=0,0,0,0,0,0,0,0,0,0,0,0,0,0,22,0,63,0,0,22,16,8,71,0,0,0,0,0,0,0,0,0,0,0,0,0,94,94,82,26
l36,13=0,0,0,0,0,0,0,0,0,0,0,0,0,0,0,41,69,27,0,4,31,0,81,0,58,0,0,0,0,0,0,0,0,0,0,89,0,78,42,27
l37,13=0,0,0,0,0,0,0,0,0,0,0,0,0,0,0,0,0,0,0,23,26,0,5,0,0,0,0,0,0,0,0,0,0,0,0,88,75,0,28,23
l38,13=0,0,0,0,0,0,0,0,0,0,0,1,20,29,0,58,76,26,0,16,27,25,79,0,16,0,0,0,0,0,0,0,0,0,0,83,85,50,0,23
l39,13=0,0,0,0,0,0,0,0,0,0,0,0,0,0,0,0,64,0,0,49,23,18,88,0,0,0,0,0,0,0,0,0,0,0,0,81,82,66,32,0

l0,14=0,100,99,100,99,99,99,98,91,100,98,0,0,0,0,0,0,0,0,0,0,0,0,0,0,0,0,0,0,0,0,0,0,0,0,0,0,0,0,0
l1,14=100,0,98,100,99,99,99,94,16,60,57,0,0,49,2,0,0,0,0,0,0,0,0,0,0,0,0,0,0,0,0,0,0,0,0,0,0,0,0,0
l2,14=100,100,0,99,100,100,100,98,85,75,97,0,0,4,0,4,0,0,0,0,0,0,0,0,0,0,0,0,0,0,0,0,0,0,0,0,0,0,0,0
l3,14=100,100,98,0,95,99,99,98,0,90,100,0,0,0,0,0,0,0,0,0,0,0,0,0,0,0,0,0,0,0,0,0,0,0,0,0,0,0,0,0
l4,14=100,100,98,99,0,99,84,0,52,57,100,0,0,47,0,0,0,0,0,0,0,0,0,0,0,0,0,0,0,0,0,0,0,0,0,0,0,0,0,0
l5,14=100,100,99,100,100,0,100,71,82,100,100,0,0,58,0,91,0,0,0,0,0,0,0,0,0,0,0,0,0,0,0,0,0,0,0,0,0,0,0,0
l6,14=93,97,99,100,90,100,0,88,88,100,100,97,0,94,0,93,0,0,0,0,0,0,51,0,0,0,0,0,0,0,0,0,0,0,0,0,0,0,0,0
l7,14=99,99,98,97,6,89,99,0,97,100,100,0,0,62,0,29,79,0,0,0,0,0,0,0,0,0,0,0,0,0,0,0,0,0,0,0,0,0,0,0
l8,14=50,8,35,18,43,52,44,31,0,100,100,52,50,34,31,49,0,0,0,6,44,39,42,0,55,0,0,0,0,0,0,0,0,0,0,0,0,0,0,0
l9,14=83,51,0,35,54,98,55,99,97,0,100,98,0,100,36,100,50,39,0,0,54,40,0,45,0,0,0,0,0,0,0,0,0,0,0,0,0,0,0,0
l10,14=94,90,35,97,100,100,99,99,97,100,0,60,65,100,4,57,0,0,0,0,14,6,0,0,0,0,0,0,0,0,0,0,0,0,0,0,0,0,0,0
l11,14=0,0,0,0,0,0,98,0,35,97,54,0,98,98,94,100,97,97,0,0,50,40,45,50,42,44,0,0,0,0,0,0,0,0,0,0,27,0,36,0
l12,14=0,0,0,0,0,0,0,0,55,0,84,99,0,64,96,99,33,99,0,32,91,89,95,96,98,99,0,0,0,0,0,0,0,98,0,0,0,0,0,0
l13,14=6,51,0,0,42,50,48,27,36,100,98,99,89,0,30,100,48,87,0,10,0,40,0,0,57,43,0,0,0,0,0,0,0,0,0,0,0,0,34,0
l14,14=0,0,0,0,0,0,0,0,36,37,1,98,100,35,0,48,60,41,0,0,39,18,0,96,100,31,0,0,0,0,0,0,50,44,0,0,0,0,22,0
l15,14=0,0,0,0,0,37,44,0,49,65,48,99,81,99,25,0,97,95,0,27,52,36,0,94,98,38,0,0,0,0,0,0,0,0,0,0,0,0,35,0
l16,14=0,0,0,0,0,0,0,9,0,28,0,94,38,11,57,99,0,88,13,47,86,34,95,25,96,0,0,0,0,0,0,0,0,43,34,93,47,7,19,64
l17,14=0,0,0,0,0,0,0,0,0,39,0,99,98,64,60,99,97,0,0,40,91,96,72,59,98,46,0,0,0,0,0,0,0,40,0,53,34,0,79,0
l18,14=0,0,0,0,0,0,0,0,0,0,0,0,0,0,0,0,76,0,0,85,90,4,90,0,0,0,0,0,0,0,0,0,0,0,0,0,0,0,0,0
l19,14=0,0,0,0,0,0,0,0,1,0,0,0,69,2,0,85,84,83,56,0,96,92,92,0,0,0,27,0,0,87,0,13,0,0,0,91,59,51,75,93
l20,14=0,0,0,0,0,0,0,0,1,58,0,87,74,0,7,86,86,82,57,99,0,97,96,0,0,0,17,0,0,0,0,0,0,0,78,91,60,51,77,95
l21,14=0,0,0,0,0,0,0,0,52,59,31,88,69,55,49,87,84,84,0,99,97,0,96,0,85,0,0,0,0,0,0,0,0,0,0,91,53,28,74,92
l22,14=0,0,0,0,0,0,54,0,32,0,0,89,69,0,0,0,90,82,53,77,98,97,0,0,0,0,0,0,0,0,0,1,0,0,5,91,53,51,75,94
l23,14=0,0,0,0,0,0,0,0,0,38,0,52,51,0,97,51,49,39,0,0,0,0,0,0,58,100,0,0,0,0,0,0,46,43,29,0,0,0,0,0
l24,14=0,0,0,0,0,0,0,0,35,0,0,4,84,35,97,100,99,89,0,0,0,41,0,47,0,94,0,0,0,0,0,0,0,0,0,0,34,0,0,0
l25,14=0,0,0,2,1,0,0,0,0,0,0,60,100,34,50,60,0,43,0,0,0,0,0,100,100,0,0,0,2,0,0,0,51,90,99,0,0,0,0,0
l26,14=0,0,0,0,0,0,0,0,0,0,0,0,0,0,0,0,0,0,0,40,94,0,0,0,0,0,0,99,99,100,100,100,98,99,99,0,0,0,0,0
l27,14=0,0,0,0,0,0,0,0,0,0,0,0,0,0,0,0,0,0,0,0,0,0,0,0,0,0,87,0,99,100,100,86,88,91,0,0,0,0,0,0
l28,14=0,0,0,0,0,0,0,0,0,0,0,0,0,0,0,0,0,0,0,0,1,0,3,0,0,15,100,100,0,100,100,88,84,91,90,0,0,0,0,0
l29,14=0,0,0,0,0,0,0,0,0,0,0,0,0,0,0,0,0,0,0,86,0,0,0,0,0,0,87,100,99,0,100,89,90,0,91,0,0,0,0,0
l30,14=0,0,0,0,0,0,0,0,0,0,0,0,0,0,0,0,0,0,0,0,0,0,0,0,0,0,100,100,99,100,0,86,88,91,0,0,0,0,0,0
l31,14=0,0,0,0,0,0,0,0,0,0,0,0,0,0,0,0,0,0,0,28,9,0,9,0,0,0,100,88,97,100,88,0,100,100,100,0,0,0,0,0
l32,14=0,0,0,0,0,0,0,0,0,0,0,0,0,0,80,0,0,0,0,0,0,0,0,90,0,87,99,90,89,100,94,100,0,100,100,0,0,0,0,0
l33,14=0,0,0,0,0,0,0,0,0,0,0,0,96,0,89,0,92,74,0,0,0,0,11,94,0,96,99,93,97,0,95,100,100,0,100,0,0,0,0,0
l34,14=0,0,0,0,0,0,0,0,0,0,0,0,51,0,0,0,86,0,0,0,92,0,64,89,0,97,100,1,99,100,0,100,100,100,0,0,0,0,0,0
l35,14=0,0,0,0,0,0,0,0,0,0,0,0,5,0,5,0,82,23,0,50,82,74,83,0,0,0,0,0,0,0,0,0,0,0,0,0,97,90,96,91
l36,14=0,0,0,0,0,0,0,0,0,0,0,4,0,0,0,0,83,11,0,43,86,78,87,0,50,0,0,0,0,0,0,0,0,0,0,98,0,20,79,94
l37,14=0,0,0,0,0,0,0,0,0,0,0,0,0,0,0,0,11,0,0,40,83,0,87,0,0,0,0,0,0,0,0,0,0,0,0,96,46,0,74,93
l38,14=0,0,0,0,0,0,0,0,0,0,0,85,0,16,21,91,62,70,0,40,90,84,91,0,0,0,0,0,0,0,0,0,0,0,0,97,60,21,0,90
l39,14=0,0,0,0,0,0,0,0,0,0,0,0,0,0,0,0,83,0,0,53,83,80,87,0,0,0,0,0,0,0,0,0,0,0,0,91,52,51,74,0

l0,15=0,98,99,99,99,100,97,97,74,98,94,0,0,0,0,0,0,0,0,0,0,0,0,0,0,0,0,0,0,0,0,0,0,0,0,0,0,0,0,0
l1,15=97,0,99,98,96,98,97,93,3,97,96,0,0,98,1,0,0,0,0,0,0,0,0,0,45,0,0,0,0,0,0,0,0,0,0,0,0,0,0,0
l2,15=100,100,0,98,96,100,100,97,0,96,90,19,0,98,0,0,0,0,0,0,0,0,0,0,0,0,0,0,0,0,0,0,0,0,0,0,0,0,0,0
l3,15=100,100,99,0,96,98,2,0,0,0,97,0,0,0,0,0,0,0,0,0,0,0,0,0,0,0,0,0,0,0,0,0,0,0,0,0,0,0,0,0
l4,15=99,100,99,95,0,100,97,93,0,91,97,0,0,91,0,0,0,0,0,0,0,0,0,0,0,0,0,0,0,0,0,0,0,0,0,0,0,0,0,0
l5,15=97,98,99,98,100,0,97,97,97,98,97,0,0,98,0,85,0,0,0,0,0,0,0,0,0,0,0,0,0,0,0,0,0,0,0,0,0,0,0,0
l6,15=97,98,99,83,96,98,0,97,94,98,97,97,96,96,0,94,16,0,0,0,0,0,8,0,0,0,0,0,0,0,0,0,0,0,0,0,0,0,0,0
l7,15=97,58,99,92,96,98,97,0,98,98,100,0,0,68,53,0,96,0,0,0,0,0,0,0,0,0,0,0,0,0,0,0,0,0,0,0,0,0,0,0
l8,15=54,0,0,54,0,88,93,97,0,100,98,97,97,62,58,76,0,0,0,24,25,93,96,2,58,0,0,0,0,0,0,0,0,0,0,0,0,0,0,0
l9,15=99,60,0,0,90,98,96,99,100,0,100,95,0,100,54,95,96,24,0,0,96,96,59,33,0,0,0,0,0,0,0,0,0,0,0,0,0,0,0,0
l10,15=95,96,7,95,96,98,97,100,98,100,0,0,97,98,92,0,5,0,0,0,0,1,0,0,0,0,0,0,0,0,0,0,0,0,0,0,0,0,0,0
l11,15=0,0,0,0,0,0,99,0,57,62,0,0,98,100,0,100,98,100,0,0,66,99,95,74,50,92,0,0,0,0,0,0,0,0,0,0,97,0,90,0
l12,15=0,0,0,0,0,0,86,0,95,0,87,99,0,100,100,97,98,100,0,12,98,0,98,99,100,100,0,0,0,0,0,0,0,49,0,1,97,5,98,0
l13,15=0,60,77,0,93,97,94,91,58,100,87,100,99,0,59,100,96,100,0,1,0,90,66,71,58,92,0,0,0,0,0,0,0,0,0,0,0,0,0,0
l14,15=0,0,0,0,0,0,0,1,57,63,63,0,98,63,0,78,98,100,0,0,7,50,0,75,100,92,0,0,0,0,0,0,0,65,0,0,0,0,8,0
l15,15=0,0,0,0,0,66,94,0,57,63,0,100,98,63,59,0,98,100,0,0,65,99,0,75,61,91,0,0,0,0,0,0,0,0,0,79,0,0,98,0
l16,15=0,0,0,0,0,0,32,88,0,54,7,99,97,58,59,79,0,96,63,61,65,91,98,8,60,0,0,0,0,0,0,2,1,53,0,97,95,95,80,18
l17,15=0,0,0,0,0,0,0,0,0,61,0,99,98,63,59,93,98,0,0,62,67,99,98,75,61,91,0,0,0,0,0,0,0,58,2,0,96,70,98,61
l18,15=0,0,0,0,0,0,0,0,0,0,0,0,0,0,0,0,92,0,0,34,87,14,76,0,0,0,0,0,0,0,0,0,0,0,0,0,0,0,0,0
l19,15=0,0,0,0,0,0,0,0,11,0,0,0,76,0,0,0,79,80,0,0,99,95,93,0,0,0,0,0,66,67,0,0,0,0,0,0,77,0,3,70
l20,15=0,0,0,0,0,0,0,0,0,60,0,95,98,0,0,73,93,95,57,100,0,100,99,0,0,0,0,0,0,0,0,0,0,0,0,98,98,49,97,100
l21,15=0,0,0,0,0,0,0,0,51,56,14,94,0,50,47,72,90,97,0,100,100,0,99,0,53,0,0,0,0,0,0,0,0,10,71,94,95,93,94,99
l22,15=0,0,0,0,0,0,0,0,43,39,0,73,79,12,0,0,94,81,43,98,99,99,0,0,0,0,0,0,0,0,0,46,0,10,0,81,85,80,77,74
l23,15=0,0,0,0,0,0,0,0,0,34,0,96,99,36,100,100,0,100,0,0,0,0,0,0,100,100,0,0,0,0,0,0,54,99,0,0,0,0,0,0
l24,15=0,0,0,0,0,0,0,0,57,0,0,19,99,62,100,100,98,100,0,0,1,96,0,99,0,92,0,0,0,0,0,0,56,0,0,0,98,0,0,0
l25,15=0,0,0,0,0,0,0,0,0,0,0,98,98,61,84,76,0,95,0,0,0,0,0,100,88,0,81,0,60,0,0,63,60,50,95,0,0,0,0,0
l26,15=0,0,0,0,0,0,0,0,0,0,0,0,0,0,0,0,0,0,0,0,28,0,0,0,0,87,0,84,97,95,93,97,96,0,95,0,0,0,0,0
l27,15=0,0,0,0,0,0,0,0,0,0,0,0,0,0,0,0,0,0,0,0,0,0,0,0,0,0,90,0,97,98,93,89,94,74,95,0,0,0,0,0
l28,15=0,0,0,0,0,0,0,0,0,0,0,0,0,0,0,0,0,0,0,84,0,0,0,0,0,77,99,89,0,98,93,90,93,74,94,0,0,0,0,0
l29,15=0,0,0,0,0,0,0,0,0,0,0,0,0,0,0,0,0,0,0,82,0,0,0,0,0,2,93,89,97,0,93,90,93,74,94,0,0,0,0,0
l30,15=0,0,0,0,0,0,0,0,0,0,0,0,0,0,0,0,0,0,0,0,0,0,0,0,0,0,98,89,97,98,0,89,93,74,0,0,0,0,0,0
l31,15=0,0,0,0,0,0,0,0,0,0,0,0,0,0,0,0,0,0,0,0,0,0,73,0,0,88,99,75,94,94,86,0,99,86,95,0,0,0,0,0
l32,15=0,0,0,0,0,0,0,0,0,0,0,0,84,0,6,0,58,0,0,0,0,0,0,90,74,92,99,76,88,96,89,97,0,86,96,0,0,0,0,0
l33,15=0,0,0,0,0,0,0,0,0,0,0,0,94,0,78,0,95,86,0,0,0,11,59,99,16,95,5,83,96,93,89,99,100,0,98,0,0,0,0,0
l34,15=0,0,0,0,0,0,0,0,0,0,0,0,13,0,0,0,0,0,0,0,0,84,0,0,0,95,97,75,90,94,0,97,100,86,0,0,0,0,0,0
l35,15=0,0,0,0,0,0,0,0,0,0,0,0,59,0,0,49,76,0,0,0,61,69,76,0,0,0,0,0,0,0,0,0,0,0,0,0,98,98,95,100
l36,15=0,0,0,0,0,0,0,0,0,0,0,79,80,0,0,0,92,74,0,53,66,92,89,0,47,0,0,0,0,0,0,0,0,0,0,99,0,95,98,96
l37,15=0,0,0,0,0,0,0,0,0,0,0,0,2,0,0,0,72,0,0,0,24,70,75,0,0,0,0,0,0,0,0,0,0,0,0,97,96,0,83,99
l38,15=0,0,0,0,0,0,0,0,0,0,0,72,80,0,2,68,72,91,0,0,66,92,87,0,0,0,0,0,0,0,0,0,0,0,0,97,98,96,0,98
l39,15=0,0,0,0,0,0,0,0,0,0,0,0,0,0,0,0,4,0,0,57,65,86,89,0,0,0,0,0,0,0,0,0,0,0,0,97,93,95,84,0

