t=2016-04-12_18.47.27

n=40

q0=1
q1=1
q2=1
q3=1
q4=1
q5=1
q6=1
q7=1
q8=1
q9=1
q10=1
q11=1
q12=1
q13=1
q14=1
q15=1
q16=1
q17=1
q18=1
q19=1
q20=1
q21=1
q22=1
q23=1
q24=1
q25=1
q26=1
q27=1
q28=1
q29=1
q30=1
q31=1
q32=1
q33=1
q34=1
q35=1
q36=1
q37=1
q38=1
q39=1

a0=0x141592000c576ce6
a1=0x141592000c5aedbc
a2=0x141592000c5750f4
a3=0x141592000c576658
a4=0x141592000c575890
a5=0x141592000c574ffa
a6=0x141592000c5acf11
a7=0x141592000d9df361
a8=0x141592000c576300
a9=0x141592000c5779b6
a10=0x141592000c5762b9
a11=0x141592000c5af078
a12=0x141592000c575517
a13=0x141592000c5752c3
a14=0x141592000c5a4baa
a15=0x141592000c5776e7
a16=0x141592000c58cdeb
a17=0x141592000c5881fc
a18=0x141592000bd81d33
a19=0x141592000bd84d6a
a20=0x141592000c577233
a21=0x141592000c574527
a22=0x141592000c5746a3
a23=0x141592000c574da3
a24=0x141592000c5741c9
a25=0x141592000da244ea
a26=0x141592000c5ae886
a27=0x141592000c57510e
a28=0x141592000c5ab6c8
a29=0x141592000c574d05
a30=0x141592000edae61f
a31=0x141592000c57667e
a32=0x141592000c577f43
a33=0x141592000c576449
a34=0x1415920010f4117a
a35=0x141592000c575966
a36=0x141592000c574d35
a37=0x141592000c576fb1
a38=0x141592000c5aea5d
a39=0x141592000c59f23f

l0,0=0,91,89,91,90,78,88,13,29,88,83,0,0,1,0,0,0,0,0,0,0,0,0,0,0,0,0,0,0,0,0,0,0,0,0,0,0,0,0,0
l1,0=93,0,89,89,90,88,87,87,44,60,83,0,0,12,0,0,0,0,0,0,0,0,0,0,0,0,0,0,0,0,0,0,0,0,0,0,0,0,0,0
l2,0=87,94,0,43,85,89,95,84,29,81,84,0,0,58,0,0,0,0,0,0,0,0,0,0,0,0,0,0,0,0,0,0,0,0,0,0,0,0,0,0
l3,0=97,92,61,0,90,87,87,36,68,0,66,0,0,0,0,0,0,0,0,0,0,0,0,0,0,0,0,0,0,0,0,0,0,0,0,0,0,0,0,0
l4,0=86,91,89,90,0,86,68,75,61,47,72,0,0,48,0,0,0,0,0,0,0,0,0,0,0,0,0,0,0,0,0,0,0,0,0,0,0,0,0,0
l5,0=68,94,89,79,80,0,87,81,74,81,76,24,0,0,0,0,0,0,0,0,0,0,0,0,0,0,0,0,0,0,0,0,0,0,0,0,0,0,0,0
l6,0=62,65,82,51,34,77,0,83,49,55,72,32,1,41,0,14,24,0,0,0,0,0,0,0,0,0,0,0,0,0,0,0,0,0,0,0,0,0,0,0
l7,0=5,41,73,26,31,51,85,0,45,73,77,39,0,8,0,32,0,0,0,0,0,0,0,0,0,0,0,0,0,0,0,0,0,0,0,0,0,0,0,0
l8,0=0,16,0,21,18,12,30,23,0,88,21,61,13,88,32,34,58,13,0,0,0,24,0,0,5,0,0,0,0,0,0,0,0,0,0,0,0,0,15,0
l9,0=53,19,42,0,22,56,34,49,89,0,84,48,18,59,26,36,57,27,0,0,0,0,9,0,0,0,0,0,0,0,0,0,0,0,0,0,0,0,0,0
l10,0=63,77,77,41,75,72,79,83,39,92,0,71,14,77,0,41,0,0,0,0,0,0,0,0,0,0,0,0,0,0,0,0,0,0,0,0,0,0,0,0
l11,0=0,0,0,0,0,2,5,10,36,43,36,0,44,71,36,86,26,36,0,10,0,0,0,0,15,0,0,0,0,0,0,0,0,0,0,1,14,0,25,0
l12,0=0,0,0,0,0,0,0,0,30,15,4,80,0,80,82,85,69,98,0,0,20,12,0,65,92,56,0,0,0,0,0,0,0,59,0,0,6,0,36,0
l13,0=0,0,6,0,20,0,14,0,52,56,63,82,42,0,70,42,15,16,0,16,0,24,27,24,6,0,0,0,0,0,0,0,0,0,0,0,0,0,3,0
l14,0=0,0,0,0,0,0,0,0,37,23,0,53,83,78,0,65,51,23,0,0,20,0,21,71,42,78,0,0,0,0,0,0,0,51,0,0,5,0,7,0
l15,0=0,0,0,0,0,0,4,3,38,36,34,95,95,69,65,0,23,32,0,0,5,0,0,0,20,0,0,0,0,0,0,0,0,0,0,0,0,0,27,0
l16,0=0,0,0,0,0,0,1,0,63,33,0,51,56,42,83,50,0,33,0,31,11,49,39,1,15,0,0,0,0,0,0,0,0,3,0,2,0,0,40,23
l17,0=0,0,0,0,0,0,0,0,32,24,0,85,94,49,79,80,32,0,0,0,22,56,1,3,19,9,0,0,0,0,0,0,0,54,0,0,16,5,28,0
l18,0=0,0,0,0,0,0,0,0,0,0,0,0,0,0,0,0,0,0,0,0,57,0,40,0,0,0,0,0,0,0,0,0,0,0,0,0,0,0,0,0
l19,0=0,0,0,0,0,0,0,0,0,0,0,10,0,12,0,0,25,0,0,0,62,12,86,0,0,0,7,0,0,0,0,1,0,0,0,11,43,0,11,53
l20,0=0,0,0,0,0,0,0,0,0,0,0,0,6,5,8,4,7,6,44,87,0,93,85,0,0,0,0,0,0,0,0,0,0,0,0,4,76,64,91,92
l21,0=0,0,0,0,0,0,0,0,44,0,0,1,22,40,0,0,70,22,3,7,93,0,85,0,0,0,0,0,0,0,0,0,0,0,0,49,19,6,63,50
l22,0=0,0,0,0,0,0,0,0,5,7,0,0,3,17,0,6,24,1,19,87,93,93,0,0,0,0,0,0,0,0,0,2,1,0,0,16,58,4,51,56
l23,0=0,0,0,0,0,0,0,0,6,0,0,0,72,65,80,1,25,0,0,0,0,0,0,0,81,17,0,0,0,0,0,0,11,6,13,0,0,0,0,0
l24,0=0,0,0,3,0,0,0,0,38,0,0,49,88,60,80,74,25,24,0,0,0,0,3,78,0,27,0,0,0,0,0,0,34,58,9,0,0,0,0,0
l25,0=0,0,0,0,0,0,0,0,0,0,0,0,69,34,87,0,1,13,0,0,0,0,0,19,46,0,9,1,0,0,0,3,26,65,71,0,0,0,0,0
l26,0=0,0,0,0,0,0,0,0,0,0,0,0,0,0,0,0,0,0,0,47,0,0,8,0,0,39,0,39,94,85,87,85,54,54,51,0,0,0,0,0
l27,0=0,0,0,0,0,0,0,0,0,0,0,0,0,0,0,0,0,0,0,0,0,0,0,0,0,2,72,0,94,94,95,69,63,69,68,0,0,0,0,0
l28,0=0,0,0,0,0,0,0,0,0,0,0,0,0,0,0,0,0,0,0,0,0,0,0,0,0,0,79,99,0,94,95,82,62,69,70,0,0,0,0,0
l29,0=0,0,0,0,0,0,0,0,0,0,0,0,0,0,0,0,0,0,0,0,0,0,0,0,0,0,70,99,94,0,95,64,38,49,47,0,0,0,0,0
l30,0=0,0,0,0,0,0,0,0,0,0,0,0,0,0,0,0,0,0,0,0,0,0,0,0,0,0,70,100,93,94,0,61,49,65,0,0,0,0,0,0
l31,0=0,0,0,0,0,0,0,0,0,0,0,0,0,0,0,0,0,0,0,38,0,0,4,0,0,16,74,26,77,72,45,0,80,70,90,0,0,0,0,0
l32,0=0,0,0,0,0,0,0,0,0,0,0,0,0,0,0,0,0,0,0,0,0,0,23,35,34,43,63,23,61,47,52,82,0,83,96,0,0,0,0,0
l33,0=0,0,0,0,0,0,0,0,0,0,0,0,53,0,37,0,27,59,0,0,0,0,0,0,62,71,52,16,67,50,69,79,75,0,76,0,0,0,0,0
l34,0=0,0,0,0,0,0,0,0,0,0,0,0,0,0,0,0,0,0,0,0,36,0,0,62,54,61,60,30,67,59,0,87,90,69,0,0,0,0,0,0
l35,0=0,0,0,0,0,0,0,0,0,0,0,0,0,0,0,0,3,0,0,0,1,9,11,0,0,0,0,0,0,0,0,0,0,0,0,0,29,51,66,9
l36,0=0,0,0,0,0,0,0,0,0,0,0,0,1,0,4,1,0,7,0,10,21,9,63,0,0,0,0,0,0,0,0,0,0,0,0,15,0,61,46,27
l37,0=0,0,0,0,0,0,0,0,0,0,0,0,0,0,0,0,0,3,0,0,28,1,1,0,0,0,0,0,0,0,0,0,0,0,0,42,28,0,0,33
l38,0=0,0,0,0,0,0,0,0,7,0,0,2,10,8,1,13,20,5,0,2,37,28,48,0,0,0,0,0,0,0,0,0,0,0,0,15,23,0,0,34
l39,0=0,0,0,0,0,0,0,0,0,0,0,0,0,0,0,0,8,0,0,22,48,36,72,0,0,0,0,0,0,0,0,0,0,0,0,20,28,85,63,0

l0,1=0,83,85,89,83,64,30,0,3,75,74,0,0,1,0,0,0,0,0,0,0,0,0,0,0,0,0,0,0,0,0,0,0,0,0,0,0,0,0,0
l1,1=87,0,88,89,85,76,34,13,4,71,76,0,0,0,0,0,0,0,0,0,0,0,0,0,0,0,0,0,0,0,0,0,0,0,0,0,0,0,0,0
l2,1=80,81,0,81,76,81,66,11,0,79,81,0,0,3,0,0,0,0,0,0,0,0,0,0,0,0,0,0,0,0,0,0,0,0,0,0,0,0,0,0
l3,1=88,74,83,0,83,70,29,64,0,62,75,0,0,0,0,0,0,0,0,0,0,0,0,0,0,0,0,0,0,0,0,0,0,0,0,0,0,0,0,0
l4,1=81,70,76,81,0,66,14,9,11,72,70,0,0,9,0,0,0,0,0,0,0,0,0,0,0,0,0,0,0,0,0,0,0,0,0,0,0,0,0,0
l5,1=76,80,88,81,77,0,17,21,7,77,76,0,0,0,0,0,0,0,0,0,0,0,0,0,0,0,0,0,0,0,0,0,0,0,0,0,0,0,0,0
l6,1=46,59,83,27,52,8,0,16,6,39,77,33,4,8,0,0,10,0,0,0,0,0,0,0,0,0,0,0,0,0,0,0,0,0,0,0,0,0,0,0
l7,1=0,27,49,22,29,10,29,0,7,79,87,14,0,4,0,0,0,0,0,0,0,0,0,0,0,0,0,0,0,0,0,0,0,0,0,0,0,0,0,0
l8,1=36,2,0,0,39,4,38,67,0,82,69,26,0,83,13,50,28,37,0,0,0,29,14,0,0,0,0,0,0,0,0,0,0,0,0,0,0,0,6,0
l9,1=45,35,71,21,43,8,11,13,83,0,86,38,28,28,8,5,22,47,0,0,0,15,7,0,0,0,0,0,0,0,0,0,0,0,0,0,0,0,0,0
l10,1=55,60,82,62,60,9,19,87,7,84,0,34,0,15,0,3,0,0,0,0,0,10,0,0,0,0,0,0,0,0,0,0,0,0,0,0,0,0,0,0
l11,1=0,0,0,0,0,0,22,1,48,33,53,0,74,82,65,59,64,66,0,25,16,3,0,0,58,0,0,0,0,0,0,0,0,0,0,3,30,0,50,0
l12,1=0,0,0,0,0,0,0,0,2,12,0,48,0,60,77,55,72,76,0,0,23,10,1,41,77,50,0,0,0,0,0,0,0,10,0,8,8,0,40,0
l13,1=0,0,0,0,22,0,7,0,70,76,72,66,70,0,57,18,54,59,0,23,25,28,11,19,32,1,0,0,0,0,0,0,0,0,0,0,0,0,37,0
l14,1=0,0,0,0,0,0,0,0,45,28,0,31,78,61,0,44,69,58,0,0,38,12,1,63,73,74,0,0,0,0,0,0,0,0,0,0,7,0,44,0
l15,1=0,0,1,0,0,0,0,0,55,32,49,74,77,44,47,0,45,69,0,0,15,0,5,16,74,0,0,0,0,0,0,0,0,0,0,0,24,0,0,0
l16,1=0,0,0,0,0,0,0,0,41,11,0,29,40,47,70,31,0,64,0,6,40,29,15,4,54,41,0,0,0,0,0,0,0,13,0,22,27,7,31,12
l17,1=0,0,0,0,0,0,0,0,18,24,0,44,83,52,62,54,77,0,0,0,38,7,6,15,56,0,0,0,0,0,0,0,0,30,0,0,24,2,0,0
l18,1=0,0,0,0,0,0,0,0,0,0,0,0,0,0,0,0,0,0,0,8,29,23,22,0,0,0,0,0,0,0,0,0,0,0,0,0,0,0,0,0
l19,1=0,0,0,0,0,0,0,0,0,0,0,2,0,13,0,0,1,0,3,0,51,13,37,0,0,0,14,0,0,0,0,8,0,0,0,6,8,2,35,26
l20,1=0,0,0,0,0,0,0,0,0,0,0,0,8,11,19,0,53,16,7,55,0,60,35,0,0,0,0,0,0,0,0,0,0,0,0,14,32,37,61,50
l21,1=0,0,0,0,0,0,0,0,17,3,2,1,5,11,3,0,57,11,2,15,55,0,39,0,0,0,2,0,0,0,0,0,1,0,0,38,3,4,61,37
l22,1=0,0,0,0,0,0,0,0,10,2,0,0,1,6,0,3,52,11,3,60,56,62,0,0,1,0,0,0,0,0,0,5,0,0,0,27,52,4,31,52
l23,1=0,0,0,0,0,0,0,0,21,0,0,0,63,54,70,24,13,51,0,0,0,0,0,0,73,66,0,0,0,0,0,0,0,4,34,0,0,0,0,0
l24,1=0,0,0,0,0,0,0,0,0,0,0,30,77,53,72,53,65,57,0,0,0,0,6,69,0,66,0,0,0,0,0,0,38,47,28,0,0,0,0,0
l25,1=0,0,0,0,0,0,0,0,0,0,0,0,40,29,75,0,60,6,0,0,0,0,0,62,71,0,35,0,14,0,0,26,0,50,36,0,0,0,0,0
l26,1=0,0,0,0,0,0,0,0,0,0,0,0,0,0,0,0,0,0,0,43,0,2,0,0,0,37,0,59,57,66,68,56,68,45,43,0,0,0,0,0
l27,1=0,0,0,0,0,0,0,0,0,0,0,0,0,0,0,0,0,0,0,0,0,0,0,0,0,0,63,0,58,81,82,46,60,53,56,0,0,0,0,0
l28,1=0,0,0,0,0,0,0,0,0,0,0,0,0,0,0,0,0,0,0,0,0,0,0,0,0,19,79,86,0,81,75,56,38,40,43,0,0,0,0,0
l29,1=0,0,0,0,0,0,0,0,0,0,0,0,0,0,0,0,0,0,0,0,0,0,0,0,0,0,72,85,58,0,76,43,38,14,27,0,0,0,0,0
l30,1=0,0,0,0,0,0,0,0,0,0,0,0,0,0,0,0,0,0,0,0,0,0,0,0,0,0,64,91,57,79,0,27,40,52,0,0,0,0,0,0
l31,1=0,0,0,0,0,0,0,0,0,0,0,0,0,0,0,0,0,0,0,31,0,0,18,0,0,35,71,37,46,50,37,0,71,56,67,0,0,0,0,0
l32,1=0,0,0,0,0,0,0,0,0,0,0,0,0,0,0,0,10,0,0,0,0,0,0,0,17,0,65,18,17,16,12,51,0,59,79,0,0,0,0,0
l33,1=0,0,0,0,0,0,0,0,0,0,0,0,17,0,0,0,14,19,0,0,0,0,0,0,21,25,63,15,23,12,16,52,63,0,36,0,0,0,0,0
l34,1=0,0,0,0,0,0,0,0,0,0,0,0,0,0,0,0,0,0,0,0,18,0,0,33,22,29,29,20,44,17,0,59,84,56,0,0,0,0,0,0
l35,1=0,0,0,0,0,0,0,0,0,0,0,0,1,0,0,0,12,0,0,3,0,11,9,0,0,0,0,0,0,0,0,0,0,0,0,0,59,25,65,14
l36,1=0,0,0,0,0,0,0,0,0,0,0,5,1,0,0,7,47,8,0,28,50,10,18,0,0,0,0,0,0,0,0,0,0,0,0,58,0,46,66,45
l37,1=0,0,0,0,0,0,0,0,0,0,0,0,0,0,0,0,9,0,0,4,18,1,0,0,0,0,0,0,0,0,0,0,0,0,0,32,31,0,16,34
l38,1=0,0,0,0,0,0,0,0,1,0,0,4,5,4,4,0,6,0,0,25,36,20,8,0,0,0,0,0,0,0,0,0,0,0,0,38,53,15,0,31
l39,1=0,0,0,0,0,0,0,0,0,0,0,0,0,0,0,0,16,0,0,19,52,16,18,0,0,0,0,0,0,0,0,0,0,0,0,22,34,37,62,0

l0,2=0,82,16,76,60,65,56,38,54,56,62,0,0,10,0,0,0,0,0,0,0,0,0,0,0,0,0,0,0,0,0,0,0,0,0,0,0,0,0,0
l1,2=89,0,78,87,75,82,77,19,0,58,73,0,0,0,0,0,0,0,0,0,0,0,0,0,0,0,0,0,0,0,0,0,0,0,0,0,0,0,0,0
l2,2=8,82,0,77,39,84,81,26,50,68,70,0,0,0,0,30,0,0,0,0,0,0,0,0,0,0,0,0,0,0,0,0,0,0,0,0,0,0,0,0
l3,2=84,91,70,0,71,65,19,0,54,0,55,0,0,0,0,0,0,0,0,0,0,0,0,0,0,0,0,0,0,0,0,0,0,0,0,0,0,0,0,0
l4,2=73,78,64,76,0,11,64,6,20,61,64,0,0,0,0,0,0,0,0,0,0,0,0,0,0,0,0,0,0,0,0,0,0,0,0,0,0,0,0,0
l5,2=76,74,73,17,7,0,21,23,64,61,69,0,0,13,0,0,0,0,0,0,0,0,0,0,0,0,0,0,0,0,0,0,0,0,0,0,0,0,0,0
l6,2=64,20,60,9,11,16,0,20,30,58,71,15,36,41,0,10,0,0,0,0,0,0,0,0,0,0,0,0,0,0,0,0,0,0,0,0,0,0,0,0
l7,2=53,6,12,8,7,17,19,0,67,64,78,26,0,43,0,36,0,0,0,0,0,0,0,0,0,0,0,0,0,0,0,0,0,0,0,0,0,0,0,0
l8,2=27,0,5,4,1,16,1,45,0,79,63,43,0,65,21,48,54,38,0,0,0,44,11,0,22,0,0,0,0,0,0,0,0,0,0,0,0,0,3,0
l9,2=50,9,58,0,45,14,37,47,75,0,76,34,40,65,0,44,17,32,0,0,0,28,0,6,0,0,0,0,0,0,0,0,0,0,0,0,0,0,0,0
l10,2=59,21,10,9,9,35,70,64,68,74,0,26,0,64,0,37,0,3,0,0,0,0,0,5,0,0,0,0,0,0,0,0,0,0,0,0,0,0,0,0
l11,2=0,0,0,0,0,0,3,0,37,36,20,0,73,75,65,59,49,76,0,26,11,27,22,32,0,12,0,0,0,0,0,0,0,0,0,3,29,0,17,0
l12,2=0,0,0,0,0,0,6,0,0,36,0,70,0,65,80,59,65,90,0,0,0,29,11,78,74,71,0,0,0,0,0,0,0,0,0,0,0,0,21,0
l13,2=0,0,0,0,0,0,1,0,67,59,53,70,54,0,39,45,47,39,2,32,21,38,48,36,22,36,0,0,0,0,0,0,0,0,0,0,3,0,18,0
l14,2=0,0,0,0,0,0,0,0,33,3,0,70,76,57,0,38,68,50,0,0,37,21,0,76,64,72,0,0,0,0,0,0,0,49,0,0,0,0,2,0
l15,2=0,0,1,0,0,0,0,0,57,37,21,81,72,59,36,0,0,52,0,2,41,0,0,27,58,0,0,0,0,0,0,0,0,0,0,0,20,0,18,32
l16,2=0,0,0,0,0,0,0,0,32,2,0,49,66,54,66,0,0,75,0,20,45,51,62,2,20,48,0,0,0,0,0,0,0,32,0,51,43,8,19,38
l17,2=0,0,0,0,0,0,0,0,32,15,0,76,77,60,54,52,75,0,0,0,2,37,35,41,55,0,0,0,0,0,0,0,0,19,0,0,28,0,11,0
l18,2=0,0,0,0,0,0,0,0,0,0,0,0,0,4,0,0,0,0,0,18,19,35,37,0,0,0,0,0,0,0,0,0,0,0,0,0,0,0,0,0
l19,2=0,0,0,0,0,0,0,0,0,0,0,5,0,14,0,0,13,0,5,0,60,0,75,0,0,0,18,0,0,0,0,8,0,0,0,4,14,15,5,28
l20,2=0,0,0,0,0,0,0,0,0,0,0,3,0,13,16,24,57,7,21,49,0,61,72,0,0,0,0,0,0,0,0,0,0,0,8,4,57,51,21,42
l21,2=0,0,0,0,0,0,0,0,25,6,0,14,9,34,3,0,58,18,5,0,72,0,78,0,0,0,0,0,0,0,0,0,0,11,0,33,51,18,20,45
l22,2=0,0,0,0,0,0,0,0,11,0,0,4,7,22,0,0,59,15,7,57,66,61,0,0,0,0,0,0,0,12,0,11,0,0,0,58,55,21,1,43
l23,2=0,0,0,0,0,0,0,0,0,0,0,49,70,57,71,0,0,40,0,0,0,0,0,0,67,62,0,0,0,0,0,0,0,0,32,0,0,0,0,0
l24,2=0,0,0,0,0,0,0,0,38,0,0,0,73,63,69,50,56,61,0,0,0,0,0,82,0,67,0,0,0,0,0,0,2,43,47,0,13,0,0,0
l25,2=0,0,0,0,0,0,0,0,0,0,0,36,70,58,65,0,59,0,0,0,0,0,0,68,57,0,45,0,0,0,0,67,63,64,59,0,0,0,0,0
l26,2=0,0,0,0,0,0,0,0,0,0,0,0,0,0,0,0,0,0,0,30,0,0,4,0,0,37,0,9,64,73,75,75,69,59,61,0,0,0,0,0
l27,2=0,0,0,0,0,0,0,0,0,0,0,0,0,0,0,0,0,0,0,0,0,0,0,0,0,0,31,0,63,81,90,67,64,42,62,0,0,0,0,0
l28,2=0,0,0,0,0,0,0,0,0,0,0,0,0,0,0,0,0,0,0,0,0,0,0,0,0,0,85,53,0,83,78,74,41,42,46,0,0,0,0,0
l29,2=0,0,0,0,0,0,0,0,0,0,0,0,0,0,0,0,0,0,0,0,0,0,43,0,0,0,78,52,64,0,75,65,44,0,2,0,0,0,0,0
l30,2=0,0,0,0,0,0,0,0,0,0,0,0,0,0,0,0,0,0,0,0,0,0,0,0,0,0,64,77,58,70,0,54,50,49,37,0,0,0,0,0
l31,2=0,0,0,0,0,0,0,0,0,0,0,0,0,0,0,0,0,0,0,30,0,0,44,0,0,47,77,27,26,51,42,0,80,62,77,0,0,0,0,0
l32,2=0,0,0,0,0,0,0,0,0,0,0,0,0,0,0,0,1,0,0,0,0,0,0,0,2,47,67,21,16,48,47,75,0,66,82,0,0,0,0,0
l33,2=0,0,0,0,0,0,0,0,0,0,0,0,0,0,46,0,40,37,0,0,0,39,0,0,20,62,64,19,23,0,49,71,70,0,66,0,0,0,0,0
l34,2=0,0,0,0,0,0,0,0,0,0,0,0,0,0,0,0,0,0,0,0,40,0,0,41,16,62,62,27,22,28,47,76,83,73,0,0,0,0,0,0
l35,2=0,0,0,0,0,0,0,0,0,0,0,0,0,0,0,0,17,0,0,9,0,14,35,0,0,0,0,0,0,0,0,0,0,0,0,0,58,55,25,28
l36,2=0,0,0,0,0,0,0,0,0,0,0,10,0,3,0,3,35,9,0,19,49,40,58,0,0,0,0,0,0,0,0,0,0,0,0,61,0,57,25,39
l37,2=0,0,0,0,0,0,0,0,0,0,0,0,0,0,0,0,7,0,0,8,11,15,14,0,0,0,0,0,0,0,0,0,0,0,0,58,58,0,10,23
l38,2=0,0,0,0,0,0,0,0,0,0,0,10,7,19,0,6,22,7,0,24,49,41,5,0,0,0,0,0,0,0,0,0,0,0,0,61,60,31,0,27
l39,2=0,0,0,0,0,0,0,0,0,0,0,0,0,0,0,0,17,0,0,19,31,39,43,0,0,0,0,0,0,0,0,0,0,0,0,39,28,26,9,0

l0,3=0,79,60,80,68,79,46,72,0,74,0,0,0,4,0,0,0,0,0,0,0,0,0,0,0,0,0,0,0,0,0,0,0,0,0,0,0,0,0,0
l1,3=67,0,72,83,81,80,64,22,62,83,64,1,0,0,0,0,0,0,0,0,0,0,0,0,0,0,0,0,0,0,0,0,0,0,0,0,0,0,0,0
l2,3=45,76,0,82,78,86,71,76,65,76,87,0,0,48,0,0,0,0,0,0,0,0,0,0,0,0,0,0,0,0,0,0,0,0,0,0,0,0,0,0
l3,3=69,79,73,0,79,76,48,0,35,18,0,0,0,0,0,0,0,0,0,0,0,0,0,0,0,0,0,0,0,0,0,0,0,0,0,0,0,0,0,0
l4,3=52,79,73,86,0,66,47,56,0,71,13,0,0,36,0,0,0,0,0,0,0,0,0,0,0,0,0,0,0,0,0,0,0,0,0,0,0,0,0,0
l5,3=45,75,71,69,69,0,57,73,49,63,78,8,0,65,33,0,0,0,0,0,0,0,0,0,0,0,0,0,0,0,0,0,0,0,0,0,0,0,0,0
l6,3=39,59,70,69,60,71,0,69,62,71,79,66,46,59,0,2,63,0,0,0,0,0,0,0,0,0,0,0,0,0,0,0,0,0,0,0,0,0,0,0
l7,3=28,22,60,25,31,74,55,0,70,77,90,1,0,33,0,39,35,0,0,0,0,0,0,0,0,0,0,0,0,0,0,0,0,0,0,0,0,0,0,0
l8,3=0,26,26,12,0,21,25,71,0,87,76,48,29,83,15,78,40,29,0,0,0,35,17,0,35,0,0,0,0,0,0,0,0,0,0,0,0,0,0,0
l9,3=26,30,23,21,30,30,28,81,82,0,89,26,31,83,28,44,0,0,0,0,18,4,0,0,0,0,0,0,0,0,0,0,0,0,0,0,0,0,0,0
l10,3=0,48,70,0,0,80,63,81,78,89,0,31,0,83,3,28,0,0,0,0,0,0,0,14,2,0,0,0,0,0,0,0,0,0,0,0,0,0,15,0
l11,3=0,0,0,0,0,3,50,0,70,23,29,0,76,89,88,93,26,74,0,10,10,29,16,35,75,23,0,0,0,0,0,0,0,0,0,0,61,0,72,0
l12,3=0,0,0,0,0,0,13,0,21,26,0,91,0,75,94,93,42,94,0,29,0,30,6,77,92,89,0,0,0,0,0,0,1,4,0,20,0,0,39,0
l13,3=0,0,14,0,1,15,12,8,85,88,67,85,65,0,0,81,28,39,7,21,19,22,16,25,23,31,0,0,0,0,0,0,0,0,0,0,0,0,34,0
l14,3=0,0,0,0,0,2,0,0,13,23,0,85,81,0,0,17,44,23,0,0,22,0,0,82,88,81,0,0,0,0,0,0,0,36,0,0,0,0,40,0
l15,3=0,0,0,0,0,0,0,21,71,61,6,91,84,79,21,0,61,56,0,12,40,0,0,53,80,0,0,0,0,0,0,0,0,0,0,0,6,0,58,16
l16,3=0,0,0,0,0,0,11,0,35,0,0,10,47,25,33,39,0,75,6,0,54,43,59,0,35,21,0,0,0,0,0,0,0,17,0,0,34,22,40,30
l17,3=0,0,0,0,0,0,0,0,24,0,0,85,85,59,23,59,89,0,0,1,22,29,15,29,86,19,0,0,0,0,0,0,0,0,0,0,33,14,35,20
l18,3=0,0,0,0,0,0,0,0,0,0,0,0,0,20,0,0,11,0,0,27,15,9,7,0,0,0,0,0,0,0,0,0,0,0,0,0,0,0,0,0
l19,3=0,0,0,0,0,0,0,0,0,0,0,0,4,8,0,2,0,0,6,0,60,82,87,0,0,0,0,0,0,8,0,8,0,0,0,0,6,7,30,11
l20,3=0,0,0,0,0,0,0,0,0,6,0,0,0,39,19,51,88,18,2,80,0,87,90,0,27,0,0,0,0,0,0,0,0,0,1,1,82,83,82,76
l21,3=0,0,0,0,0,0,0,0,56,7,0,17,17,17,0,0,85,16,5,84,73,0,87,0,0,0,0,0,0,0,0,0,0,18,0,8,81,73,75,65
l22,3=0,0,0,0,0,0,0,0,16,0,0,8,4,47,0,0,85,8,1,93,80,86,0,0,0,0,15,0,0,17,0,0,0,0,0,85,70,17,78,77
l23,3=0,0,0,0,0,0,0,0,0,0,1,25,73,47,87,47,0,34,0,0,0,0,0,0,89,84,0,0,0,0,0,4,0,40,0,0,0,0,0,0
l24,3=0,0,0,0,0,0,0,0,37,0,0,54,82,20,87,83,80,67,0,0,26,0,0,83,0,84,0,0,0,0,0,0,0,47,0,0,19,0,39,0
l25,3=0,0,0,0,0,0,0,0,0,0,0,12,75,30,86,0,36,17,0,0,0,0,0,83,86,0,2,0,0,0,0,21,39,83,80,0,0,0,0,0
l26,3=0,0,0,0,0,0,0,0,0,0,0,0,0,0,0,0,0,0,0,0,0,0,41,0,0,6,0,67,98,97,96,91,82,52,81,0,0,0,0,0
l27,3=0,0,0,0,0,0,0,0,0,0,0,0,0,0,0,0,0,0,0,0,0,0,0,0,0,0,71,0,98,99,100,74,75,13,20,0,0,0,0,0
l28,3=0,0,0,0,0,0,0,0,0,0,0,0,0,0,0,0,0,0,0,0,0,0,0,0,0,0,84,99,0,99,96,83,72,87,72,0,0,0,0,0
l29,3=0,0,0,0,0,0,0,0,0,0,0,0,0,0,0,0,0,0,0,40,0,0,42,0,0,0,84,98,98,0,97,68,66,52,60,0,0,0,0,0
l30,3=0,0,0,0,0,0,0,0,0,0,0,0,0,0,0,0,0,0,0,0,0,0,0,0,0,0,75,99,90,87,0,64,73,55,0,0,0,0,0,0
l31,3=0,0,0,0,0,0,0,0,0,0,0,0,0,0,0,0,0,0,0,46,0,0,2,28,0,57,82,71,82,70,45,0,92,86,89,0,0,0,0,0
l32,3=0,0,0,0,0,0,0,0,0,0,0,0,11,0,0,0,0,0,0,0,0,0,0,0,0,74,70,66,80,74,71,93,0,85,94,0,0,0,0,0
l33,3=0,0,0,0,0,0,0,0,0,0,0,0,11,0,62,0,39,0,0,0,0,28,0,55,68,84,43,0,88,49,43,87,84,0,88,0,0,0,0,0
l34,3=0,0,0,0,0,0,0,0,0,0,0,0,0,0,0,0,0,0,0,0,28,1,0,17,3,79,67,24,80,74,8,87,92,89,0,0,0,0,0,0
l35,3=0,0,0,0,0,0,0,0,0,0,0,0,2,0,0,0,0,0,0,0,0,6,48,0,0,0,0,0,0,0,0,0,0,0,0,0,83,89,82,68
l36,3=0,0,0,0,0,0,0,0,0,0,0,5,0,0,0,0,37,16,0,6,49,70,28,0,0,0,0,0,0,0,0,0,0,0,0,89,0,87,83,58
l37,3=0,0,0,0,0,0,0,0,0,0,0,0,0,0,0,0,11,2,0,3,23,21,14,0,0,0,0,0,0,0,0,0,0,0,0,88,81,0,45,37
l38,3=0,0,0,0,0,0,0,0,0,0,0,24,15,18,43,19,42,5,0,31,68,34,46,0,14,0,0,0,0,0,0,0,0,0,0,89,84,46,0,60
l39,3=0,0,0,0,0,0,0,0,0,0,0,0,0,0,0,0,28,0,0,2,42,28,52,0,0,0,0,0,0,0,0,0,0,0,0,82,73,39,69,0

l0,4=0,88,77,82,64,74,74,74,0,81,74,0,0,0,0,0,0,0,0,0,0,0,0,0,0,0,0,0,0,0,0,0,0,0,0,0,0,0,0,0
l1,4=81,0,87,53,86,79,85,57,71,83,55,0,0,12,0,0,0,0,0,0,0,0,0,30,0,0,0,0,0,0,0,0,0,0,0,0,0,0,0,0
l2,4=74,88,0,62,77,79,92,78,37,83,78,0,0,25,0,0,0,0,0,0,0,0,0,0,0,0,0,0,0,0,0,0,0,0,0,0,0,0,0,0
l3,4=94,89,89,0,91,79,77,16,62,0,75,0,0,0,0,0,0,0,0,0,0,0,0,0,0,0,0,0,0,0,0,0,0,0,0,0,0,0,0,0
l4,4=67,90,83,55,0,75,84,66,66,70,12,0,0,7,0,0,0,0,0,0,0,0,0,0,0,0,0,0,0,0,0,0,0,0,0,0,0,0,0,0
l5,4=80,87,92,50,75,0,77,79,66,77,75,0,0,27,0,44,0,0,0,0,0,0,0,2,0,0,0,0,0,0,0,0,0,0,0,0,0,0,0,0
l6,4=61,88,94,42,75,73,0,88,61,84,83,69,29,0,0,8,53,0,0,0,0,0,0,0,0,0,0,0,0,0,0,0,0,0,0,0,0,0,0,0
l7,4=72,19,89,11,66,78,91,0,78,88,92,26,0,1,0,66,0,0,0,0,0,0,0,0,0,0,0,0,0,0,0,0,0,0,0,0,0,0,0,0
l8,4=0,62,0,23,53,51,66,61,0,86,56,78,59,47,17,64,60,57,0,0,36,56,62,0,34,0,0,0,0,0,0,0,0,0,0,0,0,0,0,0
l9,4=57,65,55,0,39,50,82,74,82,0,93,74,0,37,22,32,0,64,0,0,28,0,41,0,0,0,0,0,0,0,0,0,0,0,0,0,0,0,0,0
l10,4=24,0,64,9,26,69,91,86,72,89,0,33,22,28,25,33,0,24,0,0,0,0,0,25,0,0,0,0,0,0,0,0,0,0,0,0,0,0,0,0
l11,4=0,0,0,0,0,0,71,14,53,72,68,0,66,30,62,86,58,71,0,0,0,55,67,67,69,22,0,0,0,0,0,0,0,0,0,2,68,0,79,0
l12,4=0,0,0,0,0,0,4,0,53,0,55,86,0,30,69,69,77,82,0,21,47,0,0,74,82,65,0,0,0,0,0,0,31,54,0,21,0,0,76,0
l13,4=0,0,1,0,1,18,0,0,81,79,66,82,61,0,25,68,53,62,0,11,35,15,35,68,27,20,0,0,0,0,0,0,0,0,0,15,0,0,26,0
l14,4=0,0,0,0,0,0,0,0,38,54,46,84,73,25,0,55,71,61,0,0,67,0,0,82,93,62,0,0,0,0,0,34,0,70,0,0,1,0,78,0
l15,4=0,0,0,0,0,20,1,46,63,55,65,93,64,30,49,0,58,62,0,4,63,49,63,66,79,0,0,0,0,0,0,0,0,0,0,0,66,0,74,0
l16,4=0,0,0,0,0,0,49,0,51,0,0,60,65,21,60,35,0,81,45,37,77,65,69,50,75,41,0,0,0,0,0,0,0,59,0,55,27,1,85,57
l17,4=0,0,0,0,0,0,0,0,54,75,45,85,77,32,56,58,84,0,0,0,76,51,61,62,82,33,0,0,0,0,0,0,0,0,0,30,74,0,55,58
l18,4=0,0,0,0,0,0,0,0,0,0,0,0,0,0,0,0,74,0,0,78,23,75,81,0,0,0,0,0,0,0,0,0,0,0,0,0,0,0,0,0
l19,4=0,0,0,0,0,0,0,0,0,0,0,0,24,12,0,0,49,0,53,0,92,84,92,0,0,0,0,0,2,2,0,2,0,0,0,0,66,32,79,66
l20,4=0,0,0,0,0,0,0,0,26,50,0,0,27,16,39,31,68,59,4,79,0,77,91,0,52,0,0,0,18,0,0,0,29,0,3,49,85,51,90,71
l21,4=0,0,0,0,0,0,0,0,52,0,0,48,0,13,5,16,75,42,43,81,87,0,88,0,30,0,0,0,0,0,0,0,7,0,0,34,85,52,82,59
l22,4=0,0,0,0,0,0,0,0,45,62,0,45,0,18,0,13,70,43,53,90,95,79,0,0,0,0,54,0,0,10,0,0,0,2,0,73,86,63,93,61
l23,4=0,0,0,0,0,0,0,0,0,0,0,78,76,42,76,67,45,45,0,0,0,0,0,0,93,84,0,0,0,0,0,0,0,71,52,0,0,0,0,0
l24,4=0,0,0,0,0,0,0,0,44,0,0,73,71,27,72,76,77,77,0,0,70,10,0,94,0,68,0,0,0,0,0,0,5,72,0,0,0,0,65,0
l25,4=0,0,0,0,0,0,0,0,0,0,0,47,85,27,71,0,71,53,0,0,0,0,0,96,91,0,0,0,0,37,0,51,88,91,72,0,0,0,0,0
l26,4=0,0,0,0,0,0,0,0,0,0,0,0,0,0,0,0,0,0,0,0,0,0,81,0,0,0,0,91,99,100,97,99,96,80,94,0,0,0,0,0
l27,4=0,0,0,0,0,0,0,0,0,0,0,0,0,0,0,0,0,0,0,0,0,0,0,0,0,0,97,0,99,100,100,100,91,0,65,0,0,0,0,0
l28,4=0,0,0,0,0,0,0,0,0,0,0,0,0,0,0,0,0,0,0,51,83,0,0,0,0,0,99,100,0,100,94,93,97,96,94,0,0,0,0,0
l29,4=0,0,0,0,0,0,0,0,0,0,0,0,0,0,0,0,0,0,0,14,0,0,59,0,0,63,99,100,99,0,99,90,89,90,83,0,0,0,0,0
l30,4=0,0,0,0,0,0,0,0,0,0,0,0,0,0,0,0,0,0,0,0,0,0,0,0,0,0,99,100,97,100,0,99,91,90,0,0,0,0,0,0
l31,4=0,0,0,0,0,0,0,0,0,0,0,0,0,0,39,0,0,0,0,4,0,0,0,0,0,64,99,88,88,80,91,0,100,99,95,0,0,0,0,0
l32,4=0,0,0,0,0,0,0,0,0,0,0,0,58,0,0,0,0,0,0,0,86,26,0,0,15,84,95,88,97,90,95,100,0,100,100,0,0,0,0,0
l33,4=0,0,0,0,0,0,0,0,0,0,0,0,53,2,64,0,61,0,0,0,0,0,0,90,77,84,68,0,95,83,84,96,98,0,92,0,0,0,0,0
l34,4=0,0,0,0,0,0,0,0,0,0,0,0,0,0,0,0,0,0,0,0,58,0,0,90,0,82,92,71,96,95,0,100,100,100,0,0,0,0,0,0
l35,4=0,0,0,0,0,0,0,0,0,0,0,3,9,6,0,0,43,24,0,0,35,6,44,0,0,0,0,0,0,0,0,0,0,0,0,0,79,78,84,61
l36,4=0,0,0,0,0,0,0,0,0,0,0,40,0,0,0,11,31,51,0,30,58,34,43,0,0,0,0,0,0,0,0,0,0,0,0,58,0,71,79,53
l37,4=0,0,0,0,0,0,0,0,0,0,0,0,0,0,0,0,0,0,0,32,49,27,42,0,0,0,0,0,0,0,0,0,0,0,0,71,82,0,72,54
l38,4=0,0,0,0,0,0,0,0,0,0,0,55,46,0,38,27,59,33,0,39,79,44,84,0,20,0,0,0,0,0,0,0,0,0,0,70,79,72,0,70
l39,4=0,0,0,0,0,0,0,0,0,0,0,0,0,0,0,0,42,39,0,45,53,29,29,0,0,0,0,0,0,0,0,0,0,0,0,64,68,47,73,0

l0,5=0,78,46,82,53,50,57,60,0,49,33,0,0,0,0,0,0,0,0,0,0,0,0,0,0,0,0,0,0,0,0,0,0,0,0,0,0,0,0,0
l1,5=80,0,78,48,83,81,72,60,3,52,32,0,0,7,0,0,0,0,0,0,0,0,0,20,0,0,0,0,0,0,0,0,0,0,0,0,0,0,0,0
l2,5=67,78,0,75,63,80,76,60,0,58,54,0,0,0,0,0,0,0,0,0,0,0,0,0,0,0,0,0,0,0,0,0,0,0,0,0,0,0,0,0
l3,5=81,58,72,0,82,59,57,0,48,3,0,0,0,0,0,0,0,0,0,0,0,0,0,0,0,0,0,0,0,0,0,0,0,0,0,0,0,0,0,0
l4,5=69,79,61,87,0,77,62,61,58,43,32,0,0,26,0,6,0,0,0,0,0,0,0,0,0,0,0,0,0,0,0,0,0,0,0,0,0,0,0,0
l5,5=65,78,76,57,63,0,55,64,52,54,46,29,0,33,0,0,0,0,0,0,0,0,0,0,0,0,0,0,0,0,0,0,0,0,0,0,0,0,0,0
l6,5=63,77,77,53,45,28,0,71,23,61,57,35,0,0,0,0,41,0,0,1,0,0,0,0,0,0,0,0,0,0,0,0,0,0,0,0,0,0,0,0
l7,5=66,61,11,6,41,63,66,0,56,51,67,39,0,0,0,56,0,0,0,0,0,0,0,0,0,0,0,0,0,0,0,0,0,0,0,0,0,0,0,0
l8,5=0,0,0,13,30,17,7,64,0,75,33,47,2,65,6,51,37,63,0,0,1,28,16,22,23,0,0,0,0,0,0,0,0,0,0,0,0,0,0,0
l9,5=30,67,56,7,10,57,57,48,59,0,55,48,0,39,0,23,5,43,0,0,7,0,16,0,0,0,0,0,0,0,0,0,0,0,0,0,0,0,0,0
l10,5=22,15,55,7,30,56,56,71,56,76,0,43,1,4,5,37,9,17,0,0,0,0,0,0,0,0,0,0,0,0,0,0,0,0,0,0,0,0,0,0
l11,5=0,0,0,0,0,16,25,29,58,56,13,0,36,33,26,74,40,78,0,0,12,22,2,31,18,0,0,0,0,0,0,0,0,0,0,0,13,12,21,0
l12,5=0,0,0,0,0,0,0,0,0,0,0,47,0,10,31,38,63,85,0,0,21,5,6,50,46,50,0,0,0,0,0,0,10,24,0,11,6,0,14,0
l13,5=0,0,0,0,5,17,0,0,59,61,2,44,25,0,14,68,41,65,0,5,7,0,20,59,18,9,0,0,0,0,0,0,0,0,0,0,0,0,0,0
l14,5=0,0,0,0,0,0,0,0,28,0,2,41,38,10,0,38,54,58,0,0,28,0,12,70,55,30,0,0,0,0,0,9,0,41,18,0,0,0,24,0
l15,5=0,0,0,0,0,1,0,48,30,37,12,59,22,37,13,0,35,59,0,0,26,27,23,50,41,14,0,0,0,0,0,0,0,0,0,1,14,0,30,4
l16,5=0,0,0,0,0,0,20,0,15,19,2,16,15,6,13,15,0,79,0,21,31,22,22,21,17,16,0,0,0,0,0,0,0,11,0,13,6,9,27,5
l17,5=0,0,0,0,0,0,0,0,46,39,5,37,36,12,18,49,63,0,0,2,40,18,0,0,38,19,0,0,0,0,0,0,0,0,0,4,13,0,0,5
l18,5=0,0,0,0,0,0,0,0,0,0,0,0,0,0,0,0,0,0,0,14,0,50,34,0,0,0,0,0,0,0,0,0,0,0,0,0,0,0,0,0
l19,5=0,0,0,0,0,0,0,0,0,0,0,0,0,2,0,0,21,0,5,0,66,51,63,0,0,0,4,0,15,11,0,5,0,0,0,22,19,15,12,42
l20,5=0,0,0,0,0,0,0,0,0,24,0,0,3,2,6,8,33,43,0,62,0,54,60,0,9,0,1,0,9,0,0,0,12,0,0,14,22,27,31,1
l21,5=0,0,0,0,0,0,0,0,10,8,0,11,2,0,0,17,33,19,21,48,69,0,37,0,8,0,0,0,0,0,0,0,0,0,0,20,14,26,6,29
l22,5=0,0,0,0,0,0,0,0,6,32,0,0,2,2,2,17,31,4,13,68,72,48,0,0,0,0,17,0,0,0,0,0,0,0,0,13,29,25,29,5
l23,5=0,0,0,0,0,0,0,0,30,0,0,24,27,14,27,44,10,0,0,0,0,0,0,0,61,69,0,0,0,0,0,4,0,35,51,0,0,0,0,0
l24,5=0,0,0,0,0,0,0,0,35,17,0,25,37,8,29,53,51,62,0,0,25,15,0,83,0,33,0,0,0,0,0,0,0,29,10,0,0,0,0,0
l25,5=0,0,0,0,0,0,0,0,19,0,0,0,44,7,22,21,36,49,0,0,0,0,0,84,49,0,0,0,0,22,0,0,43,51,39,0,0,0,0,0
l26,5=0,0,0,0,0,0,0,0,0,0,0,0,0,0,0,0,0,0,0,18,28,0,34,0,0,0,0,57,94,81,81,75,61,40,49,0,0,0,0,0
l27,5=0,0,0,0,0,0,0,0,0,0,0,0,0,0,0,0,0,0,0,0,0,0,0,0,0,0,75,0,92,72,92,67,46,0,0,0,0,0,0,0
l28,5=0,0,0,0,0,0,0,0,0,0,0,0,0,0,0,0,0,0,0,34,41,0,0,0,0,0,86,85,0,86,89,69,70,57,61,0,0,0,0,0
l29,5=0,0,0,0,0,0,0,0,0,0,0,0,0,0,0,0,0,0,0,31,0,0,0,0,0,25,85,81,94,0,86,57,48,41,46,0,0,0,0,0
l30,5=0,0,0,0,0,0,0,0,0,0,0,0,0,0,0,0,0,0,0,0,0,0,0,0,0,0,85,84,87,79,0,67,0,42,0,0,0,0,0,0
l31,5=0,0,0,0,0,0,0,0,0,0,0,0,0,0,0,0,0,0,0,22,0,0,0,22,0,0,75,45,51,29,48,0,79,53,71,0,0,0,0,0
l32,5=0,0,0,0,0,0,0,0,0,0,0,0,21,0,0,0,0,0,0,0,46,0,0,0,0,58,78,48,68,43,8,83,0,62,87,0,0,0,0,0
l33,5=0,0,0,0,0,0,0,0,0,0,0,0,25,0,21,0,34,0,0,0,0,0,0,52,24,56,67,0,59,45,59,66,53,0,75,0,0,0,0,0
l34,5=0,0,0,0,0,0,0,0,0,0,0,0,0,0,10,0,0,0,0,0,25,0,0,63,25,47,72,0,60,42,0,81,83,72,0,0,0,0,0,0
l35,5=0,0,0,0,0,0,0,0,0,0,0,0,1,1,0,3,21,0,0,15,21,27,18,0,0,0,0,0,0,0,0,0,0,0,0,0,39,40,19,23
l36,5=0,0,0,0,0,0,0,0,0,0,0,7,0,0,0,14,19,38,0,20,32,20,27,0,0,0,0,0,0,0,0,0,0,0,0,18,0,30,23,40
l37,5=0,0,0,0,0,0,0,0,0,0,0,0,0,0,0,0,0,0,0,8,24,14,18,0,0,0,0,0,0,0,0,0,0,0,0,18,15,0,20,25
l38,5=0,0,0,0,0,0,0,0,0,11,0,12,7,0,4,24,37,0,0,18,58,26,36,0,0,0,0,0,0,0,0,0,0,0,0,17,16,29,0,43
l39,5=0,0,0,0,0,0,0,0,0,0,0,0,0,0,0,0,23,6,0,22,15,21,15,0,0,0,0,0,0,0,0,0,0,0,0,17,32,27,28,0

l0,6=0,79,76,78,90,65,63,0,0,0,45,0,0,0,0,0,0,0,0,0,0,0,0,0,0,0,0,0,0,0,0,0,0,0,0,0,0,0,0,0
l1,6=66,0,81,75,87,70,65,37,10,72,30,0,0,0,0,0,0,0,0,0,0,0,0,3,0,0,0,0,0,0,0,0,0,0,0,0,0,0,0,0
l2,6=62,76,0,74,83,70,65,66,28,72,52,0,0,5,0,0,0,0,0,0,0,0,0,0,0,0,0,0,0,0,0,0,0,0,0,0,0,0,0,0
l3,6=66,78,73,0,90,68,52,0,0,38,0,0,0,0,0,0,0,0,0,0,0,0,0,0,0,0,0,0,0,0,0,0,0,0,0,0,0,0,0,0
l4,6=69,79,85,79,0,73,65,46,47,18,25,0,0,33,0,0,0,0,0,0,0,0,0,0,0,0,0,0,0,0,0,0,0,0,0,0,0,0,0,0
l5,6=55,59,63,56,66,0,51,63,56,68,46,0,0,27,0,0,0,0,0,0,0,0,0,0,0,0,0,0,0,0,0,0,0,0,0,0,0,0,0,0
l6,6=33,63,67,35,45,38,0,66,40,69,55,26,0,0,0,0,10,0,0,0,0,0,0,0,0,0,0,0,0,0,0,0,0,0,0,0,0,0,0,0
l7,6=0,5,39,0,40,57,57,0,57,67,63,30,0,1,0,20,0,0,0,0,0,0,0,0,0,0,0,0,0,0,0,0,0,0,0,0,0,0,0,0
l8,6=0,0,10,3,29,16,18,36,0,73,48,44,17,48,7,11,10,14,0,0,7,22,20,0,4,2,0,0,0,0,0,0,0,0,0,0,0,0,0,0
l9,6=0,36,51,27,3,56,51,53,71,0,54,32,14,38,9,18,2,2,0,0,0,0,1,0,0,0,0,0,0,0,0,0,0,0,0,0,0,0,0,0
l10,6=23,13,36,0,31,46,53,67,62,74,0,36,0,21,0,9,15,0,0,0,0,0,0,0,0,0,0,0,0,0,0,0,0,0,0,0,0,0,0,0
l11,6=0,0,0,0,0,0,13,18,49,28,22,0,23,17,17,51,10,15,0,0,0,0,0,7,8,0,0,0,0,0,0,0,0,0,0,0,14,1,11,0
l12,6=0,0,0,0,0,0,0,0,15,11,0,39,0,14,34,32,45,30,0,0,7,1,15,17,30,41,0,0,0,0,0,0,0,15,4,10,0,0,5,0
l13,6=0,0,0,0,19,8,0,1,73,48,17,26,13,0,13,21,6,13,0,2,7,0,20,12,8,0,0,0,0,0,0,0,0,0,0,28,11,0,5,0
l14,6=0,0,0,0,0,0,0,0,11,11,0,25,39,16,0,12,16,20,0,0,8,0,19,19,18,32,0,0,0,0,0,0,0,14,5,0,6,0,10,0
l15,6=0,0,0,0,0,0,0,20,23,37,18,53,25,23,13,0,15,16,0,0,5,18,21,13,11,22,0,0,0,0,0,0,0,0,0,19,17,0,10,0
l16,6=0,0,0,0,0,0,9,0,8,4,10,16,22,10,11,11,0,23,2,1,7,19,21,6,9,11,0,0,0,0,0,0,0,0,0,24,17,2,10,18
l17,6=0,0,0,0,0,0,0,0,19,10,0,30,24,19,21,14,31,0,0,0,10,19,3,0,11,3,0,0,0,0,0,0,0,9,0,0,2,0,10,0
l18,6=0,0,0,0,0,0,0,0,0,0,0,0,0,2,0,0,14,0,0,23,9,23,0,0,0,0,0,0,0,0,0,0,0,0,0,0,0,0,0,0
l19,6=0,0,0,0,0,0,0,0,0,0,0,0,0,13,0,0,14,0,10,0,35,26,44,0,0,0,0,0,4,11,0,17,0,0,0,2,13,0,1,29
l20,6=0,0,0,0,0,0,0,0,15,0,0,0,10,14,8,3,12,20,1,36,0,39,45,0,0,0,0,0,0,0,0,13,0,4,0,34,33,16,16,27
l21,6=0,0,0,0,0,0,0,0,17,5,0,0,8,0,0,13,18,10,7,31,34,0,33,0,0,0,0,0,0,0,0,0,0,0,0,38,18,0,13,30
l22,6=0,0,0,0,0,0,0,0,20,12,0,0,9,15,8,12,20,0,0,36,31,32,0,0,0,0,16,0,0,1,0,0,0,0,0,29,39,19,16,28
l23,6=0,0,0,0,0,0,0,0,0,0,0,0,24,15,27,15,3,0,0,0,0,0,0,0,41,46,0,0,0,0,0,14,0,18,28,0,0,0,0,0
l24,6=0,0,0,0,0,0,0,0,14,0,0,17,45,14,23,12,20,13,0,0,0,0,0,24,0,31,0,0,0,0,0,0,0,13,25,0,0,0,0,0
l25,6=0,0,0,0,0,0,0,0,16,0,0,0,38,0,25,7,7,4,0,0,0,0,0,31,19,0,1,0,0,0,0,0,13,22,0,0,0,0,0,0
l26,6=0,0,0,0,0,0,0,0,0,0,0,0,0,0,0,0,0,0,0,0,0,0,26,0,0,0,0,53,78,68,65,70,70,15,29,0,0,0,0,0
l27,6=0,0,0,0,0,0,0,0,0,0,0,0,0,0,0,0,0,0,0,0,0,0,0,0,0,0,51,0,76,68,83,48,44,0,0,0,0,0,0,0
l28,6=0,0,0,0,0,0,0,0,0,0,0,0,0,0,0,0,0,0,0,17,11,0,3,0,0,0,63,77,0,72,76,60,53,43,54,0,0,0,0,0
l29,6=0,0,0,0,0,0,0,0,0,0,0,0,0,0,0,0,0,0,0,21,0,0,0,0,0,0,55,81,80,0,30,26,32,19,23,0,0,0,0,0
l30,6=0,0,0,0,0,0,0,0,0,0,0,0,0,0,0,0,0,0,0,0,0,0,0,0,0,0,51,87,76,38,0,45,0,1,26,0,0,0,0,0
l31,6=0,0,0,0,0,0,0,0,0,0,0,0,0,0,0,0,0,0,0,21,11,0,0,10,0,0,47,37,52,20,27,0,69,57,70,0,0,0,0,0
l32,6=0,0,0,0,0,0,0,0,0,0,0,0,0,0,1,0,0,0,0,0,0,0,0,6,0,29,49,27,45,25,0,71,0,64,86,0,0,0,0,0
l33,6=0,0,0,0,0,0,0,0,0,0,0,0,24,0,24,0,0,8,0,0,8,0,0,26,16,46,17,0,47,20,12,59,61,0,69,0,0,0,0,0
l34,6=0,0,0,0,0,0,0,0,0,0,0,0,12,0,7,0,0,0,0,0,0,0,0,16,8,0,26,0,42,18,19,59,78,56,0,0,0,0,0,0
l35,6=0,0,0,0,0,0,0,0,0,0,0,0,0,10,0,0,8,0,0,0,8,21,19,0,0,0,0,0,0,0,0,0,0,0,0,0,27,23,13,35
l36,6=0,0,0,0,0,0,0,0,0,0,0,3,1,4,0,8,12,0,0,0,8,17,24,0,0,0,0,0,0,0,0,0,0,0,0,40,0,28,14,35
l37,6=0,0,0,0,0,0,0,0,0,0,0,0,0,0,0,0,0,0,0,0,3,0,19,0,0,0,0,0,0,0,0,0,0,0,0,38,25,0,12,28
l38,6=0,0,0,0,0,0,0,0,0,0,0,19,8,5,5,10,13,7,0,0,9,21,27,0,0,0,0,0,0,0,0,0,0,0,0,38,33,21,0,32
l39,6=0,0,0,0,0,0,0,0,0,0,0,0,0,0,0,0,5,0,0,10,10,21,23,0,0,0,0,0,0,0,0,0,0,0,0,34,41,17,13,0

l0,7=0,91,82,91,81,81,72,1,49,76,62,0,0,0,0,0,0,0,0,0,0,0,0,0,0,0,0,0,0,0,0,0,0,0,0,0,0,0,0,0
l1,7=92,0,89,95,81,77,83,61,3,82,39,0,0,0,0,1,0,0,0,0,0,0,0,0,0,0,0,0,0,0,0,0,0,0,0,0,0,0,0,0
l2,7=84,88,0,88,76,68,81,86,53,86,61,0,0,15,0,0,0,0,0,0,0,0,0,0,0,0,0,0,0,0,0,0,0,0,0,0,0,0,0,0
l3,7=82,82,78,0,81,42,63,58,65,0,18,0,0,0,0,0,0,0,0,0,0,0,0,0,0,0,0,0,0,0,0,0,0,0,0,0,0,0,0,0
l4,7=89,90,69,95,0,76,79,35,29,35,60,0,0,36,0,6,0,0,0,0,0,0,0,0,0,0,0,0,0,0,0,0,0,0,0,0,0,0,0,0
l5,7=88,77,57,53,74,0,72,88,60,86,74,0,0,21,0,3,0,0,0,0,0,0,0,0,0,0,0,0,0,0,0,0,0,0,0,0,0,0,0,0
l6,7=44,80,85,45,76,55,0,87,10,87,72,12,0,23,0,0,15,0,0,0,0,0,0,0,0,0,0,0,0,0,0,0,0,0,0,0,0,0,0,0
l7,7=0,23,71,45,27,76,81,0,41,88,75,3,1,51,0,19,0,1,0,0,0,0,0,0,0,0,0,0,0,0,0,0,0,0,0,0,0,0,0,0
l8,7=12,0,29,41,18,13,2,38,0,92,61,34,1,66,24,24,17,39,0,0,1,1,21,0,0,0,0,0,0,0,0,0,0,0,0,0,0,0,0,0
l9,7=15,22,44,5,13,46,74,85,81,0,78,35,20,55,12,46,0,4,0,0,27,2,8,0,3,0,0,0,0,0,0,0,0,0,0,0,0,0,27,0
l10,7=16,7,31,14,26,56,64,87,78,91,0,28,0,15,0,20,24,8,0,0,0,0,0,0,0,0,0,0,0,0,0,0,0,0,0,0,0,0,0,0
l11,7=0,0,0,0,0,0,6,0,28,24,16,0,45,26,21,56,23,31,0,0,31,0,20,0,7,14,0,0,0,0,0,0,0,0,0,12,0,7,36,27
l12,7=0,0,0,0,0,0,0,0,1,11,0,32,0,11,39,29,35,37,0,0,26,14,0,18,65,60,0,0,0,0,0,0,0,21,0,0,0,0,8,0
l13,7=0,0,1,0,10,7,6,34,62,47,5,30,22,0,28,25,15,42,0,0,9,0,21,1,17,17,0,0,0,0,0,0,0,0,0,9,0,0,26,0
l14,7=0,0,0,0,0,0,0,0,14,11,0,11,43,12,0,11,21,49,0,0,27,19,22,42,5,37,0,0,0,0,0,0,0,26,9,0,0,0,7,0
l15,7=0,1,0,0,9,2,0,31,28,35,16,78,47,49,23,0,18,35,0,6,33,22,25,12,0,15,0,0,0,0,0,0,0,0,0,0,10,0,34,0
l16,7=0,0,0,0,0,0,4,0,11,0,11,10,28,10,18,8,0,30,9,0,34,19,29,5,10,11,0,0,0,0,0,8,12,3,0,14,19,0,27,31
l17,7=0,0,0,0,0,0,0,0,20,10,3,12,26,16,35,15,28,0,0,7,34,18,2,5,16,0,0,0,0,0,0,0,0,14,0,0,13,0,30,0
l18,7=0,0,0,0,0,0,0,0,0,0,0,0,0,0,0,0,21,0,0,23,45,15,0,0,0,0,0,0,0,0,0,0,0,0,0,0,0,0,0,0
l19,7=0,0,0,0,0,0,0,0,0,0,0,0,9,0,0,0,1,9,18,0,61,29,59,0,0,0,0,0,18,36,0,22,0,0,0,0,4,0,1,35
l20,7=0,0,0,0,0,0,0,0,0,8,0,11,17,10,14,12,16,35,18,52,0,50,63,0,0,0,14,0,21,0,0,0,0,0,0,23,42,17,52,52
l21,7=0,0,0,0,0,0,0,0,10,10,0,6,18,9,17,8,18,21,11,24,62,0,58,0,0,0,0,0,1,0,0,0,0,0,0,29,21,12,31,55
l22,7=0,0,0,0,0,0,0,0,17,15,0,14,0,18,21,5,31,1,0,54,73,43,0,0,0,0,28,0,0,37,0,0,0,0,0,13,45,24,35,54
l23,7=0,0,0,0,0,0,0,0,0,0,0,2,46,0,49,24,20,18,0,0,0,0,0,0,78,64,0,0,0,0,0,0,4,28,30,0,0,0,0,0
l24,7=0,0,0,0,0,0,0,0,0,11,0,21,61,19,7,0,33,47,0,0,0,0,0,77,0,52,0,0,0,0,0,0,0,24,32,0,0,0,0,0
l25,7=0,0,0,0,1,0,0,0,0,14,0,13,56,16,44,11,21,0,0,0,0,0,0,70,63,0,0,0,0,35,0,0,26,33,4,0,0,0,9,0
l26,7=0,0,0,0,0,0,0,0,0,0,0,0,0,0,0,0,0,0,0,0,35,0,25,0,0,0,0,68,72,82,62,76,73,52,56,0,0,0,0,0
l27,7=0,0,0,0,0,0,0,0,0,0,0,0,0,0,0,0,0,0,0,0,0,0,0,0,0,0,72,0,70,82,87,45,47,0,4,0,0,0,0,0
l28,7=0,0,0,0,0,0,0,0,0,0,0,0,0,0,0,0,0,0,0,33,38,4,0,0,0,0,82,85,0,87,92,55,37,65,46,0,0,0,0,0
l29,7=0,0,0,0,0,0,0,0,0,0,0,0,0,0,0,0,0,0,0,39,0,0,40,0,0,26,78,82,73,0,87,61,59,54,21,0,0,0,0,0
l30,7=0,0,0,0,0,0,0,0,0,0,0,0,0,0,0,0,0,0,0,0,0,0,0,0,0,0,74,82,70,82,0,43,42,19,17,0,0,0,0,0
l31,7=0,0,0,0,0,0,0,0,0,0,0,0,0,0,0,0,9,0,0,37,0,0,0,0,1,0,75,18,54,52,40,0,72,71,72,0,0,0,0,0
l32,7=0,0,0,0,0,0,0,0,0,0,0,0,0,0,0,0,16,0,0,0,0,0,0,12,0,38,73,31,42,63,55,76,0,78,81,0,0,0,0,0
l33,7=0,0,0,0,0,0,0,0,0,0,0,0,40,0,31,0,12,26,0,0,14,0,0,22,32,39,51,0,52,43,26,75,72,0,43,0,0,0,0,0
l34,7=0,0,0,0,0,0,0,0,0,0,0,0,15,0,23,0,0,0,0,0,0,0,0,55,36,0,58,12,44,38,39,73,82,58,0,0,0,0,0,0
l35,7=0,0,0,0,0,0,0,0,0,0,0,3,0,4,0,0,15,0,0,0,47,21,1,0,0,0,0,0,0,0,0,0,0,0,0,0,28,31,30,56
l36,7=0,0,0,0,0,0,0,0,0,0,0,0,0,0,0,0,16,3,0,8,45,22,38,0,0,0,0,0,0,0,0,0,0,0,0,25,0,26,36,56
l37,7=0,0,0,0,0,0,0,0,0,0,0,0,0,0,0,0,0,0,0,0,23,7,10,0,0,0,0,0,0,0,0,0,0,0,0,19,28,0,16,15
l38,7=0,0,0,0,0,0,0,0,0,12,0,13,11,17,9,12,19,24,0,0,49,22,39,0,0,0,0,0,0,0,0,0,0,0,0,19,51,22,0,48
l39,7=0,0,0,0,0,0,0,0,0,0,0,0,0,0,0,0,4,0,0,19,44,22,38,0,0,0,0,0,0,0,0,0,0,0,0,20,30,7,19,0

l0,8=0,90,93,93,94,96,84,0,62,88,91,0,0,0,0,0,0,0,0,0,0,0,0,0,0,0,0,0,0,0,0,0,0,0,0,0,0,0,0,0
l1,8=96,0,94,96,94,98,94,86,60,45,87,0,0,53,0,0,0,0,0,0,0,0,0,1,0,0,0,0,0,0,0,0,0,0,0,0,0,0,0,0
l2,8=93,91,0,91,91,98,99,85,54,69,89,0,0,64,0,40,0,0,0,0,0,0,0,0,0,0,0,0,0,0,0,0,0,0,0,0,0,0,0,0
l3,8=93,89,92,0,96,95,85,31,60,1,0,0,0,0,0,0,0,0,0,0,0,0,0,0,0,0,0,0,0,0,0,0,0,0,0,0,0,0,0,0
l4,8=93,89,88,96,0,96,94,83,62,90,90,0,0,66,0,0,0,0,0,0,0,0,0,13,0,0,0,0,0,0,0,0,0,0,0,0,0,0,0,0
l5,8=93,86,95,87,95,0,92,89,65,89,93,0,14,45,0,0,0,0,0,0,0,0,0,0,0,0,0,0,0,0,0,0,0,0,0,0,0,0,0,0
l6,8=40,85,94,83,88,92,0,94,44,95,85,1,0,1,0,0,38,0,0,0,0,0,0,0,0,0,0,0,0,0,0,0,0,0,0,0,0,0,0,0
l7,8=0,77,84,84,79,91,94,0,61,100,99,1,0,88,0,0,23,17,0,0,0,0,0,0,0,0,0,0,0,0,0,0,0,0,0,0,0,0,0,0
l8,8=0,63,0,79,59,56,31,88,0,98,91,95,0,89,77,57,0,72,0,26,0,0,58,0,48,0,0,0,0,0,0,0,0,0,0,0,0,0,0,0
l9,8=52,7,32,16,71,81,93,93,80,0,99,95,55,89,7,92,41,63,0,0,0,38,6,74,42,0,0,0,0,0,0,0,0,0,0,0,0,0,35,0
l10,8=82,69,82,2,82,94,89,95,74,99,0,88,1,86,0,89,0,0,0,0,0,0,0,0,0,0,0,0,0,0,0,0,0,0,0,0,0,0,0,0
l11,8=0,0,0,0,0,0,1,1,71,73,45,0,100,2,66,99,53,71,0,0,21,38,18,77,74,46,0,0,0,0,0,0,0,0,0,37,48,14,38,0
l12,8=0,0,0,0,0,1,0,0,0,32,0,98,0,37,99,61,57,68,0,0,13,0,0,91,96,97,0,0,0,0,0,0,0,22,0,10,31,0,20,0
l13,8=0,3,0,0,35,4,0,89,76,95,53,2,60,0,84,54,20,56,0,0,25,36,0,88,75,72,0,0,0,0,0,0,0,0,0,27,0,0,38,0
l14,8=0,0,0,0,0,0,0,0,47,15,0,38,99,59,0,54,39,76,0,0,50,46,50,88,92,77,0,0,0,0,0,0,0,8,7,0,15,0,0,0
l15,8=0,0,0,0,0,0,0,0,67,87,55,99,99,81,89,0,62,88,0,0,68,52,59,88,67,4,0,0,0,0,0,0,0,0,0,6,54,0,57,0
l16,8=0,0,0,0,0,0,7,1,0,16,0,55,95,10,66,29,0,36,9,23,80,32,65,37,87,13,0,0,0,0,0,28,0,12,8,36,56,9,21,44
l17,8=0,0,0,0,0,0,0,22,57,29,0,55,84,37,92,57,48,0,0,18,66,9,30,46,81,0,0,0,0,0,0,0,0,31,0,0,50,0,19,26
l18,8=0,0,0,0,0,0,0,0,0,0,0,0,0,0,0,0,47,0,0,67,65,52,0,0,0,0,0,0,0,0,0,0,0,0,0,0,0,0,3,0
l19,8=0,0,0,0,0,0,0,0,15,0,0,0,0,0,0,0,36,32,24,0,83,45,88,0,0,0,15,0,20,0,0,57,0,0,0,0,48,8,0,54
l20,8=0,0,0,0,0,0,0,0,0,0,0,5,19,8,32,20,39,32,18,94,0,72,94,0,7,0,3,0,4,0,0,0,0,0,0,47,60,37,57,52
l21,8=0,0,0,0,0,0,0,0,0,26,0,29,12,20,38,25,24,19,16,46,83,0,92,0,0,0,0,0,0,0,0,2,0,13,0,59,51,36,56,71
l22,8=0,0,0,0,0,0,0,0,22,16,0,21,0,0,27,18,44,29,0,83,87,67,0,0,0,0,0,0,0,20,0,0,0,0,0,60,67,2,55,47
l23,8=0,0,0,0,0,0,0,0,0,53,0,39,93,58,88,50,40,45,0,0,0,0,0,0,96,97,0,0,0,0,0,0,65,69,72,0,0,0,0,0
l24,8=0,0,0,0,0,0,0,0,38,37,0,43,100,63,95,47,88,62,0,0,11,0,0,91,0,97,0,0,0,0,0,39,0,5,30,0,0,0,0,0
l25,8=0,0,0,0,0,0,0,0,0,0,0,40,100,50,71,37,34,0,0,0,0,0,0,91,90,0,0,0,0,34,0,38,63,58,61,0,0,0,0,0
l26,8=0,0,0,0,0,0,0,0,0,0,0,0,0,0,0,0,0,0,0,39,37,0,0,0,0,0,0,82,96,95,81,91,85,67,68,0,0,0,0,0
l27,8=0,0,0,0,0,0,0,0,0,0,0,0,0,0,0,0,0,0,0,0,0,0,0,0,0,0,88,0,96,95,94,0,77,0,49,0,0,0,0,0
l28,8=0,0,0,0,0,0,0,0,0,0,0,0,0,0,0,0,0,0,0,67,51,0,0,0,0,0,88,93,0,96,93,90,55,78,65,0,0,0,0,0
l29,8=0,0,0,0,0,0,0,0,0,0,0,0,0,0,0,0,0,0,0,0,0,0,44,0,0,41,88,93,96,0,93,90,52,58,58,0,0,0,0,0
l30,8=0,0,0,0,0,0,0,0,0,0,0,0,0,0,0,0,0,0,0,0,0,0,0,0,0,0,80,93,96,95,0,64,78,58,0,0,0,0,0,0
l31,8=0,0,0,0,0,0,0,0,0,0,0,0,0,0,0,0,42,0,0,61,0,0,0,1,41,13,86,0,87,88,52,0,86,89,82,0,0,0,0,0
l32,8=0,0,0,0,0,0,0,0,0,0,0,0,0,0,0,0,36,0,0,0,0,0,0,65,0,66,85,70,42,52,73,93,0,94,91,0,0,0,0,0
l33,8=0,0,0,0,0,0,0,0,0,0,0,0,68,0,8,0,16,65,0,0,0,9,0,68,48,64,66,0,74,70,57,90,87,0,67,0,0,0,0,0
l34,8=0,0,0,0,0,0,0,0,0,0,0,0,24,0,39,0,63,0,0,0,30,0,0,69,54,65,67,61,77,73,0,88,92,73,0,0,0,0,0,0
l35,8=0,0,0,0,0,0,0,0,0,0,0,2,8,9,0,0,5,0,0,0,36,29,40,0,0,0,0,0,0,0,0,0,0,0,0,0,64,43,38,63
l36,8=0,0,0,0,0,0,0,0,0,0,0,4,2,0,0,0,4,7,0,10,45,11,58,0,0,0,0,0,0,0,0,0,0,0,0,77,0,37,36,56
l37,8=0,0,0,0,0,0,0,0,0,0,0,0,0,0,0,0,0,0,0,0,42,32,4,0,0,0,0,0,0,0,0,0,0,0,0,58,50,0,22,2
l38,8=0,0,0,0,0,0,0,0,0,18,0,27,20,13,11,23,13,17,0,0,52,43,65,0,0,0,0,0,0,0,0,0,0,0,0,65,71,34,0,41
l39,8=0,0,0,0,0,0,0,0,0,0,0,0,0,0,0,0,15,6,0,38,46,42,52,0,0,0,0,0,0,0,0,0,0,0,0,65,57,0,23,0

l0,9=0,99,90,92,98,85,94,82,0,87,88,0,0,0,0,0,0,0,0,0,0,0,0,0,0,0,0,0,0,0,0,0,0,0,0,0,0,0,0,0
l1,9=93,0,90,81,93,96,95,85,86,65,91,0,0,59,0,0,0,0,0,0,0,0,0,0,0,0,0,0,0,0,0,0,0,0,0,0,0,0,0,0
l2,9=91,99,0,84,95,97,100,1,82,0,90,0,80,21,0,0,0,0,0,0,0,0,0,0,0,0,0,0,0,0,0,0,0,0,0,0,0,0,0,0
l3,9=93,42,80,0,98,97,85,78,0,69,85,0,0,0,0,0,0,0,0,0,0,0,0,0,0,0,0,0,0,0,0,0,0,0,0,0,0,0,0,0
l4,9=90,97,83,92,0,97,94,79,90,81,93,0,0,5,0,0,0,0,0,0,0,0,0,0,0,0,0,0,0,0,0,0,0,0,0,0,0,0,0,0
l5,9=33,99,90,92,98,0,96,74,89,76,97,0,0,70,0,0,0,0,0,0,0,0,0,0,0,0,0,0,0,0,0,0,0,0,0,0,0,0,0,0
l6,9=63,91,90,48,68,84,0,97,80,94,95,1,0,78,0,5,30,0,0,0,0,0,0,0,0,0,0,0,0,0,0,0,0,0,0,0,0,0,0,0
l7,9=73,99,0,86,98,76,100,0,98,97,98,23,0,98,0,43,11,0,0,0,0,0,0,0,0,0,0,0,0,0,0,0,0,0,0,0,0,0,0,0
l8,9=0,88,29,0,78,47,59,96,0,97,71,98,8,99,57,59,5,36,0,38,3,0,23,39,0,0,0,0,0,0,0,0,0,0,0,0,0,0,0,0
l9,9=79,46,0,52,67,74,96,97,98,0,97,99,42,99,85,96,40,0,0,0,0,0,7,55,14,0,0,0,0,0,0,0,0,0,0,0,0,0,7,0
l10,9=83,99,31,81,97,97,100,97,95,97,0,16,38,94,0,89,7,10,0,0,1,1,0,66,0,0,0,0,0,0,0,0,0,0,0,0,0,0,0,0
l11,9=0,0,0,0,0,0,0,0,87,86,19,0,94,96,93,99,25,37,0,0,64,24,14,64,57,47,0,0,0,0,0,0,0,0,0,1,67,20,9,0
l12,9=0,0,0,0,0,0,0,0,39,55,16,98,0,87,99,67,45,65,0,0,69,0,3,96,73,100,0,0,0,0,0,0,0,0,0,2,73,0,81,0
l13,9=0,1,0,0,7,23,53,95,90,95,43,97,69,0,58,98,28,0,0,4,67,23,0,61,63,18,0,0,0,0,0,0,0,0,0,0,3,0,71,0
l14,9=0,0,0,0,0,0,0,0,27,90,0,62,75,86,0,54,25,61,0,0,69,23,27,95,91,48,0,0,0,0,0,0,0,0,19,0,18,0,70,0
l15,9=0,0,0,0,0,0,0,27,88,88,39,99,87,95,95,0,56,97,0,0,58,28,22,68,67,0,0,0,0,0,0,0,0,0,0,0,72,0,84,0
l16,9=0,0,0,0,0,0,24,0,14,73,2,34,54,77,78,48,0,37,69,75,71,1,24,63,57,42,0,0,0,0,0,5,0,39,25,5,67,65,81,88
l17,9=0,0,0,0,0,0,0,0,78,0,21,38,48,13,96,50,27,0,0,88,69,28,24,0,9,0,0,0,0,0,0,0,0,48,0,0,46,6,61,87
l18,9=0,0,0,0,0,0,0,0,0,1,0,0,0,0,0,0,82,0,0,0,92,89,0,0,0,0,0,0,0,0,0,0,0,0,0,0,0,0,0,0
l19,9=0,0,0,0,0,0,0,0,7,0,0,0,0,6,0,0,24,34,0,0,94,92,84,0,0,0,50,0,46,0,0,53,0,0,0,5,56,66,61,89
l20,9=0,0,0,0,0,0,0,0,0,0,0,14,36,37,61,21,29,26,64,93,0,97,94,0,0,0,24,0,0,0,0,0,0,0,17,22,75,72,80,88
l21,9=0,0,0,0,0,0,0,0,0,0,0,16,20,37,60,34,4,26,60,89,96,0,92,0,0,0,0,0,0,0,0,0,0,35,0,29,47,65,82,92
l22,9=0,0,0,0,0,0,0,0,62,20,0,12,17,20,62,37,37,37,0,84,96,93,0,0,0,0,37,0,0,61,0,50,0,0,0,50,77,0,82,5
l23,9=0,0,0,0,0,0,0,0,0,77,31,36,91,80,99,42,27,0,0,0,0,0,0,0,97,100,0,0,0,0,0,0,86,68,34,0,0,0,0,0
l24,9=0,0,0,0,0,0,0,0,0,11,0,37,77,90,99,57,54,25,0,0,4,0,0,98,0,68,0,0,0,0,0,0,0,68,29,0,44,0,0,0
l25,9=0,0,0,0,0,0,0,0,0,0,0,43,96,49,78,0,84,0,0,0,0,0,0,100,96,0,8,0,0,23,0,0,73,96,47,0,0,0,44,0
l26,9=0,0,0,0,0,0,0,0,0,0,0,0,0,0,0,0,0,0,0,82,74,0,87,0,0,0,0,89,99,100,99,97,100,82,97,0,0,0,0,0
l27,9=0,0,0,0,0,0,0,0,0,0,0,0,0,0,0,0,0,0,0,0,0,0,0,0,0,0,99,0,99,100,100,95,88,0,0,0,0,0,0,0
l28,9=0,0,0,0,0,0,0,0,0,0,0,0,0,0,0,0,0,0,0,78,0,0,7,0,0,0,100,100,0,100,100,91,0,80,0,0,0,0,0,0
l29,9=0,0,0,0,0,0,0,0,0,0,0,0,0,0,0,0,0,0,0,1,17,0,74,0,0,0,100,100,99,0,100,97,81,78,88,0,0,0,0,0
l30,9=0,0,0,0,0,0,0,0,0,0,0,0,0,0,0,0,0,0,0,0,0,0,0,0,0,0,99,100,99,100,0,97,97,58,92,0,0,0,0,0
l31,9=0,0,0,0,0,0,0,0,0,0,0,0,0,0,0,0,0,0,0,80,0,0,76,0,33,0,99,85,91,98,96,0,99,97,100,0,0,0,0,0
l32,9=0,0,0,0,0,0,0,0,0,0,0,0,0,0,0,0,0,0,0,0,0,0,0,90,0,88,100,68,0,91,99,98,0,96,100,0,0,0,0,0
l33,9=0,0,0,0,0,0,0,0,0,0,0,0,27,0,0,0,41,45,0,0,0,32,0,96,96,98,93,0,94,95,94,98,100,0,99,0,0,0,0,0
l34,9=0,0,0,0,0,0,0,0,0,0,0,0,37,0,89,0,85,0,0,0,68,0,0,100,74,65,100,0,0,98,98,98,100,93,0,0,0,0,0,0
l35,9=0,0,0,0,0,0,0,0,0,0,0,0,0,0,0,0,0,0,0,0,44,19,15,0,0,0,0,0,0,0,0,0,0,0,0,0,81,70,77,80
l36,9=0,0,0,0,0,0,0,0,0,0,0,0,16,0,0,18,4,5,0,41,63,11,17,0,0,0,0,0,0,0,0,0,0,0,0,43,0,72,73,83
l37,9=0,0,0,0,0,0,0,0,0,0,0,1,0,0,0,0,14,0,0,30,58,13,0,0,0,0,0,0,0,0,0,0,0,0,0,27,76,0,65,73
l38,9=0,0,0,0,0,0,0,0,0,16,0,5,27,40,37,33,23,5,0,50,69,26,20,0,0,1,0,0,0,0,0,0,0,0,0,76,68,74,0,77
l39,9=0,0,0,0,0,0,0,0,0,0,0,0,0,0,0,0,18,23,0,65,63,25,0,0,0,0,0,0,0,0,0,0,0,0,0,22,61,63,64,0

l0,10=0,89,86,89,88,0,73,76,11,79,71,0,0,0,0,0,0,0,0,0,0,0,0,0,0,0,0,0,0,0,0,0,0,0,0,0,0,0,0,0
l1,10=87,0,80,76,73,65,69,83,40,19,72,0,0,0,0,0,0,0,0,0,0,0,0,0,0,0,0,0,0,0,0,0,0,0,0,0,0,0,0,0
l2,10=79,74,0,79,77,70,76,87,26,76,31,0,1,4,0,0,0,0,0,0,0,0,0,0,0,0,0,0,0,0,0,0,0,0,0,0,0,0,0,0
l3,10=91,75,80,0,93,71,46,71,3,54,71,0,0,0,0,0,0,0,0,0,0,0,0,0,0,0,0,0,0,0,0,0,0,0,0,0,0,0,0,0
l4,10=79,61,78,88,0,69,69,80,61,53,74,0,0,1,10,0,0,0,0,0,0,0,0,0,0,0,0,0,0,0,0,0,0,0,0,0,0,0,0,0
l5,10=72,74,81,78,77,0,77,87,70,42,76,0,0,69,0,0,0,0,0,0,0,0,0,0,0,0,0,0,0,0,0,0,0,0,0,0,0,0,0,0
l6,10=48,71,79,50,59,64,0,87,56,83,75,0,0,29,0,0,6,0,0,0,0,0,0,0,0,0,0,0,0,0,0,0,0,0,0,0,0,0,0,0
l7,10=56,71,78,64,69,63,76,0,80,83,85,17,9,74,0,1,0,0,0,0,0,0,0,0,0,0,0,0,0,0,0,0,0,0,0,0,0,0,0,0
l8,10=3,9,28,4,23,27,31,72,0,85,33,41,12,76,0,47,19,0,0,18,0,0,15,17,0,0,0,0,0,0,0,0,0,0,0,0,0,0,0,0
l9,10=50,21,30,12,15,23,63,87,81,0,84,43,19,75,31,32,2,5,0,0,0,4,2,9,17,0,0,0,0,0,0,0,0,0,0,0,0,0,0,0
l10,10=45,40,14,35,57,25,34,87,49,83,0,17,2,49,1,35,0,10,0,0,0,0,0,0,0,0,0,0,0,0,0,0,0,0,0,0,0,0,0,0
l11,10=0,0,0,0,0,0,0,14,18,28,24,0,16,35,44,76,16,40,0,0,20,5,1,23,51,46,0,0,0,0,0,0,0,0,0,0,26,0,30,0
l12,10=0,0,0,0,0,0,0,0,10,23,0,51,0,28,82,70,57,90,0,0,30,12,0,58,86,95,0,0,0,0,0,0,0,17,2,21,3,0,56,0
l13,10=0,0,18,0,0,22,11,22,80,83,33,57,18,0,13,68,31,11,0,1,25,11,7,0,48,6,0,0,0,0,0,0,0,0,0,0,0,0,45,0
l14,10=0,0,0,0,10,0,0,0,0,26,1,29,57,9,0,34,24,45,0,0,28,4,11,45,76,53,0,0,0,0,0,0,0,6,32,0,38,0,52,0
l15,10=0,0,0,0,0,0,12,0,18,18,29,77,45,71,42,0,23,57,0,26,23,3,5,12,49,35,0,0,0,0,0,0,0,0,0,0,22,0,49,0
l16,10=0,0,0,0,0,0,9,0,1,3,0,6,18,21,28,29,0,40,6,28,30,16,8,15,76,31,0,0,0,0,0,0,0,4,51,0,32,30,68,17
l17,10=0,0,0,0,0,0,0,0,12,8,12,45,68,14,55,61,44,0,0,31,27,19,18,18,57,29,0,0,0,0,0,0,0,17,0,0,41,0,60,6
l18,10=0,0,0,0,0,0,0,0,0,0,0,0,0,0,0,0,18,0,0,70,60,65,0,0,0,0,0,0,0,0,0,0,0,0,0,0,0,0,0,0
l19,10=0,0,0,0,0,0,0,0,9,0,0,0,0,11,0,9,20,26,38,0,64,56,68,0,0,0,18,0,0,0,0,14,18,0,0,0,1,44,40,39
l20,10=0,0,0,0,0,0,0,0,0,0,0,0,11,17,2,14,34,21,36,81,0,77,82,0,0,0,0,0,0,0,0,0,8,0,0,51,61,51,73,36
l21,10=0,0,0,0,0,0,0,0,1,4,0,12,14,17,18,16,27,31,43,46,80,0,79,0,0,0,0,0,0,0,0,0,0,13,0,57,44,46,70,30
l22,10=0,0,0,0,0,0,0,0,11,6,0,0,0,1,13,12,23,26,0,75,80,68,0,0,0,0,16,0,0,21,0,16,0,0,0,52,45,0,71,27
l23,10=0,0,0,0,0,0,0,0,18,14,0,28,70,0,70,19,26,25,0,0,0,0,0,0,96,95,0,0,0,0,0,6,41,66,6,0,0,0,0,0
l24,10=0,0,0,0,0,0,0,0,0,15,0,27,63,27,55,31,72,40,0,0,1,0,0,86,0,59,0,0,0,0,0,0,0,34,4,0,0,0,17,0
l25,10=0,0,0,14,0,0,0,0,0,0,0,30,73,0,62,24,24,19,0,0,0,0,0,96,88,0,7,0,0,0,0,14,37,93,72,0,0,0,0,0
l26,10=0,0,0,0,0,0,0,0,0,0,0,0,0,0,0,0,0,0,0,61,0,0,51,0,0,4,0,71,96,94,98,100,94,59,75,0,0,0,0,0
l27,10=0,0,0,0,0,0,0,0,0,0,0,0,0,0,0,0,0,0,0,0,0,0,0,0,0,0,80,0,93,96,99,86,0,0,82,0,0,0,0,0
l28,10=0,0,0,0,0,0,0,0,0,0,0,0,0,0,0,0,0,0,0,1,0,0,0,0,0,0,90,93,0,96,98,87,39,72,59,0,0,0,0,0
l29,10=0,0,0,0,0,0,0,0,0,0,0,0,0,0,0,0,0,0,0,0,10,0,44,0,0,0,90,93,96,0,99,91,64,1,70,0,0,0,0,0
l30,10=0,0,0,0,0,0,0,0,0,0,0,0,0,0,0,0,0,0,0,0,0,0,0,0,0,0,89,93,96,96,0,88,84,73,83,0,0,0,0,0
l31,10=0,0,0,0,0,0,0,0,0,0,0,0,0,0,0,0,0,0,0,60,5,0,52,38,0,21,90,69,80,90,97,0,99,100,100,0,0,0,0,0
l32,10=0,0,0,0,0,0,0,0,0,0,0,0,0,0,0,0,0,0,0,32,45,0,7,71,0,61,90,0,56,65,75,99,0,100,100,0,0,0,0,0
l33,10=0,0,0,0,0,0,0,0,0,0,0,0,55,0,58,0,8,27,0,0,11,22,0,92,77,94,85,0,93,9,80,99,99,0,100,0,0,0,0,0
l34,10=0,0,0,0,0,0,0,0,0,0,0,0,22,0,31,0,56,0,0,24,33,0,0,18,53,72,88,71,70,71,86,100,99,100,0,0,0,0,0,0
l35,10=0,0,0,0,0,0,0,0,0,0,0,0,1,0,1,0,0,0,0,0,26,14,16,0,0,0,0,0,0,0,0,0,0,0,0,0,74,56,59,34
l36,10=0,0,0,0,0,0,0,0,0,0,0,1,1,0,7,0,22,14,0,0,28,5,11,0,0,0,0,0,0,0,0,0,0,0,0,72,0,62,60,34
l37,10=0,0,0,0,0,0,0,0,0,0,0,0,0,0,0,0,22,0,0,33,26,3,0,0,0,0,0,0,0,0,0,0,0,0,0,56,65,0,59,32
l38,10=0,0,0,0,0,0,0,0,0,0,0,4,11,16,23,16,26,24,0,13,34,19,18,0,1,0,0,0,0,0,0,0,0,0,0,61,56,58,0,37
l39,10=0,0,0,0,0,0,0,0,0,0,0,0,0,0,0,0,22,13,0,34,24,16,17,0,0,0,0,0,0,0,0,0,0,0,0,57,67,51,65,0

l0,11=0,87,88,86,80,78,40,14,5,19,3,0,0,0,0,0,0,0,0,0,0,0,0,0,0,0,0,0,0,0,0,0,0,0,0,0,0,0,0,0
l1,11=82,0,82,79,82,85,82,73,2,2,73,0,0,0,0,0,0,0,0,0,0,0,0,0,0,0,0,0,0,0,0,0,0,0,0,0,0,0,0,0
l2,11=84,86,0,80,76,85,73,78,0,63,57,0,0,10,0,0,0,0,0,0,0,0,0,0,0,0,0,0,0,0,0,0,0,0,0,0,0,0,0,0
l3,11=87,48,65,0,85,85,3,6,0,0,4,0,0,0,0,0,0,0,0,0,0,0,0,0,0,0,0,0,0,0,0,0,0,0,0,0,0,0,0,0
l4,11=78,83,53,83,0,53,42,13,1,4,11,0,0,0,0,0,0,0,0,0,0,0,0,2,0,0,0,0,0,0,0,0,0,0,0,0,0,0,0,0
l5,11=80,86,81,80,76,0,84,83,41,70,0,0,0,4,0,0,0,0,0,0,0,0,0,0,0,0,0,0,0,0,0,0,0,0,0,0,0,0,0,0
l6,11=44,74,21,33,73,84,0,82,47,65,66,7,0,39,0,9,11,0,0,0,0,0,0,0,0,0,0,0,0,0,0,0,0,0,0,0,0,0,0,0
l7,11=60,81,67,64,68,83,84,0,71,74,84,32,30,77,0,6,2,0,0,0,0,0,0,0,0,0,0,0,0,0,0,0,0,0,0,0,0,0,0,0
l8,11=21,2,0,0,3,22,49,38,0,69,36,36,29,79,0,53,0,13,0,8,0,0,0,16,16,0,0,0,0,0,0,0,0,0,0,0,0,0,0,0
l9,11=39,2,31,5,11,67,74,83,77,0,83,56,45,78,0,31,0,2,0,0,0,35,0,0,0,0,0,0,0,0,0,0,0,0,0,0,0,0,0,0
l10,11=12,44,20,39,59,0,66,83,57,74,0,35,0,68,0,64,0,0,0,0,0,0,0,0,0,0,0,0,0,0,0,0,0,0,0,0,0,0,0,0
l11,11=0,1,0,0,0,0,45,28,54,28,28,0,57,51,9,78,18,42,0,0,7,10,7,23,25,15,0,0,0,0,0,0,0,0,0,6,16,0,13,0
l12,11=0,0,0,0,0,0,0,25,42,27,0,37,0,20,80,39,23,35,0,0,18,12,8,26,89,88,0,0,0,0,0,0,0,0,0,0,0,0,13,0
l13,11=0,2,4,0,0,19,46,47,74,64,35,76,33,0,0,75,14,20,0,0,17,16,0,26,5,14,0,0,0,0,0,0,0,0,0,0,0,0,0,0
l14,11=0,0,0,0,4,0,0,0,0,0,0,29,80,0,0,9,21,20,0,0,0,0,0,27,30,25,0,0,0,0,0,0,0,17,7,1,17,0,13,0
l15,11=0,0,0,0,0,0,45,24,55,28,30,84,68,79,6,0,19,43,0,14,18,11,5,11,6,16,0,0,0,0,0,0,0,0,0,0,16,0,13,0
l16,11=0,0,0,0,0,0,34,0,0,0,0,19,38,17,12,25,0,24,1,9,21,15,8,12,25,11,0,0,0,0,0,0,10,3,27,10,15,11,14,6
l17,11=0,0,0,0,0,0,0,0,43,20,18,44,62,18,9,18,35,0,0,0,17,12,8,18,21,0,0,0,0,0,0,0,0,0,0,0,17,0,11,7
l18,11=0,0,0,0,0,0,0,0,0,0,0,0,0,0,0,0,12,0,0,57,66,58,16,0,0,0,0,0,0,0,0,0,0,0,0,0,0,0,0,0
l19,11=0,0,0,0,0,0,0,0,24,0,0,0,0,0,0,9,4,0,9,0,71,62,62,0,0,0,10,0,0,0,0,10,0,0,0,13,13,10,0,27
l20,11=0,0,0,0,0,0,0,0,0,0,0,0,25,12,0,9,53,12,9,72,0,79,74,0,0,0,0,0,1,0,0,0,8,0,0,16,52,12,13,8
l21,11=0,0,0,0,0,0,0,0,0,16,0,9,28,9,0,9,30,12,10,43,90,0,72,0,0,0,0,0,0,0,0,0,0,0,0,16,17,10,46,10
l22,11=0,0,0,0,0,0,0,0,0,0,0,11,24,0,0,0,12,10,0,45,88,71,0,0,0,0,8,0,0,0,0,31,0,0,0,20,30,0,59,7
l23,11=0,0,0,0,26,0,0,0,39,0,0,35,70,18,56,0,13,12,0,0,0,0,0,0,86,89,0,0,0,0,0,19,15,11,0,0,0,0,0,0
l24,11=0,0,0,0,0,0,0,0,17,0,0,30,81,2,14,3,71,14,0,0,0,0,0,76,0,25,0,0,0,0,0,0,0,2,0,0,0,0,0,0
l25,11=0,0,0,0,0,0,0,0,0,0,0,29,81,15,38,9,3,0,0,0,0,0,0,92,71,0,0,0,0,0,0,27,8,58,0,0,0,0,0,0
l26,11=0,0,0,0,0,0,0,0,0,0,0,0,0,0,0,0,0,0,0,26,5,0,25,0,0,0,0,67,76,85,95,86,76,26,32,0,0,0,0,0
l27,11=0,0,0,0,0,0,0,0,0,0,0,0,0,0,0,0,0,0,0,0,0,0,0,0,0,0,61,0,73,89,96,61,0,0,21,0,0,0,0,0
l28,11=0,0,0,0,0,0,0,0,0,0,0,0,0,0,0,0,0,0,0,0,25,0,0,0,0,0,77,90,0,91,96,36,36,0,29,0,0,0,0,0
l29,11=0,0,0,0,0,0,0,0,0,0,0,0,0,0,0,0,0,0,0,0,0,0,0,0,0,0,75,86,76,0,96,83,51,40,46,0,0,0,0,0
l30,11=0,0,0,0,0,0,0,0,0,0,0,0,0,0,0,0,0,0,0,0,0,0,0,0,0,0,76,90,75,90,0,81,68,68,70,0,0,0,0,0
l31,11=0,0,0,0,0,0,0,0,0,0,0,0,0,0,0,0,0,0,0,0,0,0,32,27,0,39,77,65,64,80,78,0,81,100,100,0,0,0,0,0
l32,11=0,0,0,0,0,0,0,0,0,0,0,0,0,0,0,0,15,0,0,0,19,0,2,27,0,20,77,0,36,32,47,90,0,100,100,0,0,0,0,0
l33,11=0,0,0,0,0,0,0,0,0,0,0,0,0,0,38,0,0,0,0,0,20,0,0,55,0,82,61,0,0,67,78,95,92,0,100,0,0,0,0,0
l34,11=0,0,0,0,0,0,0,0,0,0,0,0,11,0,18,0,59,0,0,11,0,0,0,20,0,7,67,69,37,68,75,95,92,100,0,0,0,0,0,0
l35,11=0,0,0,0,0,0,0,0,0,0,0,1,5,0,0,0,1,0,0,6,14,8,11,0,0,0,0,0,0,0,0,0,0,0,0,0,57,16,14,9
l36,11=0,0,0,0,0,0,0,0,0,0,0,6,0,0,4,4,16,16,0,2,18,13,10,0,0,0,0,0,0,0,0,0,0,0,0,52,0,14,16,9
l37,11=0,0,0,0,0,0,0,0,0,0,0,0,0,0,0,0,14,0,0,9,15,14,0,0,0,0,0,0,0,0,0,0,0,0,0,23,53,0,12,11
l38,11=0,0,0,0,0,0,0,0,0,0,0,14,37,0,7,9,20,8,0,0,17,15,11,0,0,0,0,0,0,0,0,0,0,0,0,21,23,13,0,9
l39,11=0,0,0,0,0,0,0,0,0,0,0,0,0,0,0,0,16,0,0,15,16,15,10,0,0,0,0,0,0,0,0,0,0,0,0,31,50,14,34,0

l0,12=0,86,79,88,82,84,0,43,3,30,5,0,0,0,0,0,0,0,0,0,0,0,0,0,0,0,0,0,0,0,0,0,0,0,0,0,0,0,0,0
l1,12=83,0,82,80,80,84,76,73,0,65,68,1,0,0,0,0,0,0,0,0,0,0,0,0,0,0,0,0,0,0,0,0,0,0,0,0,0,0,0,0
l2,12=82,84,0,81,75,84,76,70,36,68,45,0,0,1,0,0,0,0,0,0,0,0,0,0,0,0,0,0,0,0,0,0,0,0,0,0,0,0,0,0
l3,12=88,80,75,0,84,78,0,5,0,1,10,0,0,0,0,0,0,0,0,0,0,0,0,0,0,0,0,0,0,0,0,0,0,0,0,0,0,0,0,0
l4,12=80,79,65,85,0,44,70,50,0,2,3,0,0,0,36,0,0,0,0,0,0,0,0,29,0,0,0,0,0,0,0,0,0,0,0,0,0,0,0,0
l5,12=83,85,82,79,68,0,72,81,60,76,51,0,0,15,0,0,0,0,0,0,0,0,0,1,0,0,0,0,0,0,0,0,0,0,0,0,0,0,0,0
l6,12=5,81,82,1,77,65,0,79,23,5,75,36,0,12,0,39,0,0,0,0,0,0,0,0,0,0,0,0,0,0,0,0,0,0,0,0,0,0,0,0
l7,12=41,67,41,18,59,84,75,0,49,79,84,2,14,23,0,0,0,0,0,0,0,0,0,0,0,0,0,0,0,0,0,0,0,0,0,0,0,0,0,0
l8,12=8,0,6,6,7,26,12,23,0,81,70,27,12,65,0,35,2,3,0,6,0,0,0,8,20,0,0,0,0,0,0,0,0,0,0,0,0,0,0,0
l9,12=11,9,4,4,1,84,1,81,69,0,81,31,12,65,0,4,0,0,0,0,3,0,0,0,0,0,0,0,0,0,0,0,0,0,0,0,0,0,0,0
l10,12=17,36,7,27,28,35,62,82,68,82,0,28,1,61,1,27,0,0,0,0,0,0,0,0,0,0,0,0,0,0,0,0,0,0,0,0,0,0,0,0
l11,12=0,2,0,0,0,0,5,1,9,12,22,0,35,69,13,74,14,53,0,0,1,6,12,11,10,21,0,0,0,0,0,0,0,0,0,0,1,0,3,0
l12,12=0,0,0,0,0,0,0,3,6,11,0,53,0,20,81,73,40,76,0,0,15,9,12,17,90,87,0,0,0,0,0,0,0,1,0,0,0,0,26,0
l13,12=0,0,0,0,0,18,4,11,67,76,36,73,26,0,18,73,12,10,0,0,9,2,0,15,33,15,0,0,0,0,0,0,0,0,0,0,1,0,0,0
l14,12=0,0,0,0,13,0,0,0,0,2,2,26,77,20,0,10,38,7,0,0,0,9,0,18,91,37,0,0,0,0,0,0,0,7,0,0,1,0,9,0
l15,12=0,0,0,0,0,0,4,0,10,12,29,77,71,72,13,0,16,37,0,2,11,8,3,13,43,31,0,0,0,0,0,0,0,0,0,0,6,0,2,0
l16,12=0,0,0,0,0,0,0,0,0,0,0,29,27,20,19,8,0,15,4,13,17,9,16,0,55,36,0,0,0,0,0,0,0,0,0,3,14,13,25,3
l17,12=0,0,0,0,0,0,0,0,5,2,0,69,79,21,13,73,58,0,0,4,17,9,16,12,33,34,0,0,0,0,0,0,0,3,0,0,8,0,3,0
l18,12=0,0,0,0,0,0,0,0,0,0,0,0,0,0,0,0,45,0,0,34,54,26,0,0,0,0,0,0,0,0,0,0,0,0,0,0,0,0,0,0
l19,12=0,0,0,0,0,0,0,0,2,0,0,0,0,0,0,12,40,22,8,0,76,69,57,0,0,0,31,0,15,2,0,24,7,0,0,0,4,0,3,44
l20,12=0,0,0,0,0,0,0,0,0,4,0,6,17,12,0,6,19,10,3,81,0,81,68,0,0,0,15,0,0,0,0,3,0,0,0,6,54,11,22,5
l21,12=0,0,0,0,0,0,0,0,4,4,0,14,18,13,11,7,55,38,3,80,82,0,65,0,23,0,16,0,0,0,0,0,0,0,0,4,16,9,71,5
l22,12=0,0,0,0,0,0,0,0,0,0,0,21,18,0,0,3,14,3,0,67,81,77,0,0,0,0,23,0,0,0,0,0,0,0,0,24,50,9,57,44
l23,12=0,0,0,0,17,1,0,0,1,0,0,30,32,22,47,6,1,10,0,0,0,0,0,0,88,91,0,0,0,0,0,8,1,8,0,0,0,0,0,0
l24,12=0,0,0,0,0,0,0,0,7,0,0,2,82,17,87,10,67,5,0,0,0,8,0,38,0,63,0,0,0,0,0,0,11,0,0,0,2,0,5,0
l25,12=0,0,0,0,0,0,0,0,0,0,0,23,82,10,15,7,14,3,0,0,0,0,0,89,88,0,0,0,0,0,0,12,25,18,21,0,0,0,0,0
l26,12=0,0,0,0,0,0,0,0,0,0,0,0,0,0,0,0,0,0,0,32,19,10,20,0,0,0,0,71,87,56,89,89,68,30,63,0,0,0,0,0
l27,12=0,0,0,0,0,0,0,0,0,0,0,0,0,0,0,0,0,0,0,0,0,0,0,0,0,0,68,0,84,91,93,84,0,9,19,0,0,0,0,0
l28,12=0,0,0,0,0,0,0,0,0,0,0,0,0,0,0,0,0,0,0,32,18,0,0,0,0,0,74,95,0,91,93,77,56,29,57,0,0,0,0,0
l29,12=0,0,0,0,0,0,0,0,0,0,0,0,0,0,0,0,0,0,0,0,0,0,0,0,0,0,69,95,87,0,93,86,68,56,59,0,0,0,0,0
l30,12=0,0,0,0,0,0,0,0,0,0,0,0,0,0,0,0,0,0,0,0,0,0,0,0,0,0,73,95,87,91,0,84,73,66,65,0,0,0,0,0
l31,12=0,0,0,0,0,0,0,0,0,0,0,0,0,0,0,0,0,0,0,50,20,0,0,20,13,60,74,80,77,88,93,0,93,100,100,0,0,0,0,0
l32,12=0,0,0,0,0,0,0,0,0,0,0,0,0,0,0,0,0,0,0,10,0,0,0,5,49,64,73,0,76,64,83,98,0,100,100,0,0,0,0,0
l33,12=0,0,0,0,0,0,0,0,0,0,0,0,13,0,31,0,3,0,0,0,0,0,0,17,0,69,57,11,57,49,68,99,94,0,100,0,0,0,0,0
l34,12=0,0,0,0,0,0,0,0,0,0,0,0,0,0,38,0,0,0,0,0,0,0,5,0,0,85,73,37,78,77,73,99,94,100,0,0,0,0,0,0
l35,12=0,0,0,0,0,0,0,0,0,0,0,0,0,0,3,0,3,0,0,0,14,4,18,0,0,0,0,0,0,0,0,0,0,0,0,0,61,21,14,5
l36,12=0,0,0,0,0,0,0,0,0,0,0,1,0,0,0,3,15,6,0,0,17,9,18,0,0,0,0,0,0,0,0,0,0,0,0,31,0,17,27,6
l37,12=0,0,0,0,0,0,0,0,0,0,0,0,0,0,0,0,15,0,0,0,11,5,14,0,0,0,0,0,0,0,0,0,0,0,0,25,47,0,1,6
l38,12=0,0,0,0,0,0,0,0,0,0,0,10,19,0,9,2,15,3,0,1,16,10,18,0,10,0,0,0,0,0,0,0,0,0,0,6,18,12,0,5
l39,12=0,0,0,0,0,0,0,0,0,0,0,0,0,0,0,0,15,0,0,14,14,9,28,0,0,0,0,0,0,0,0,0,0,0,0,6,35,14,21,0

l0,13=0,87,92,85,88,88,90,84,53,77,83,0,0,0,0,0,0,0,0,0,0,0,0,0,0,0,0,0,0,0,0,0,0,0,0,0,0,0,0,0
l1,13=89,0,88,89,82,81,80,79,55,84,62,0,0,0,12,0,0,0,0,0,0,0,0,5,0,0,0,0,0,0,0,0,0,0,0,0,0,0,0,0
l2,13=93,89,0,77,84,91,90,71,0,85,86,0,0,19,0,0,0,0,0,0,0,0,0,0,0,0,0,0,0,0,0,0,0,0,0,0,0,0,0,0
l3,13=92,92,86,0,93,84,0,71,0,51,81,0,0,0,0,0,0,0,0,0,0,0,0,0,0,0,0,0,0,0,0,0,0,0,0,0,0,0,0,0
l4,13=90,78,87,81,0,79,85,79,0,22,77,0,0,0,4,0,0,0,0,0,0,0,0,0,0,0,0,0,0,0,0,0,0,0,0,0,0,0,0,0
l5,13=88,82,86,75,82,0,84,80,74,85,86,0,0,65,0,0,0,0,0,0,0,0,0,0,0,0,0,0,0,0,0,0,0,0,0,0,0,0,0,0
l6,13=84,79,86,0,82,82,0,0,64,85,0,73,0,26,0,68,0,0,0,0,0,0,0,0,0,0,0,0,0,0,0,0,0,0,0,0,0,0,0,0
l7,13=75,79,6,24,74,77,0,0,81,88,89,0,1,11,0,0,0,0,0,0,0,0,0,0,0,0,0,0,0,0,0,0,0,0,0,0,0,0,0,0
l8,13=6,3,0,6,0,48,23,79,0,90,85,40,0,69,4,37,7,11,0,5,1,7,0,0,45,0,0,0,0,0,0,0,0,0,0,0,0,0,0,0
l9,13=0,7,12,5,0,80,51,80,83,0,88,26,3,70,2,68,12,3,0,0,1,30,0,0,0,0,0,0,0,0,0,0,0,0,0,0,0,0,0,0
l10,13=6,9,38,52,60,81,0,81,81,93,0,47,0,70,0,50,0,0,0,0,0,0,0,0,0,0,0,0,0,0,0,0,0,0,0,0,0,0,0,0
l11,13=0,0,0,0,0,0,10,0,2,21,2,0,12,72,15,76,18,19,0,0,11,19,4,14,1,3,0,0,0,0,0,0,0,0,0,0,15,0,12,0
l12,13=0,0,0,0,0,0,0,0,0,15,0,67,0,8,78,75,30,61,0,0,27,1,7,16,87,62,0,0,0,0,0,0,0,18,0,16,0,0,14,0
l13,13=0,0,0,0,0,8,9,4,6,89,24,80,5,0,20,73,16,17,0,1,27,17,0,17,12,8,0,0,0,0,0,0,0,0,0,0,0,0,14,0
l14,13=0,0,0,0,1,0,0,0,0,14,0,12,56,10,0,15,38,12,0,0,14,5,1,55,93,12,0,0,0,0,0,0,0,13,16,1,0,0,6,0
l15,13=0,0,0,0,0,0,10,0,3,22,2,83,45,44,13,0,26,43,0,7,27,18,1,16,13,10,0,0,0,0,0,0,0,0,0,0,23,0,11,0
l16,13=0,0,0,0,0,0,0,0,2,14,0,5,6,1,19,22,0,19,13,15,21,10,8,0,21,8,0,0,0,0,0,0,0,13,0,18,22,2,14,8
l17,13=0,0,0,0,0,0,0,0,2,15,0,72,51,10,8,49,41,0,0,11,35,30,9,12,13,0,0,0,0,0,0,0,0,12,0,16,23,0,14,0
l18,13=0,0,0,0,0,0,0,0,0,0,0,0,0,0,0,0,55,0,0,83,84,2,17,0,0,0,0,0,0,0,0,0,0,0,0,0,0,0,0,9
l19,13=0,0,0,0,0,0,0,0,5,0,0,0,0,0,0,11,37,7,42,0,90,89,90,0,0,0,7,0,0,4,0,19,1,0,0,12,2,17,38,65
l20,13=0,0,0,0,0,0,0,0,0,12,0,5,5,6,0,9,20,13,15,85,0,95,95,0,0,0,3,0,0,0,0,18,0,0,0,38,49,7,57,8
l21,13=0,0,0,0,0,0,0,0,2,15,0,14,7,14,9,14,38,22,0,85,91,0,95,0,13,0,4,0,0,0,0,0,0,0,0,22,23,0,78,30
l22,13=0,0,0,0,0,0,0,0,0,0,0,5,4,0,1,0,40,5,0,85,91,96,0,0,0,0,4,0,0,0,0,0,0,0,10,42,81,5,45,92
l23,13=0,0,0,0,0,0,0,0,0,0,0,12,20,10,89,64,3,9,0,0,0,0,0,0,20,100,0,0,0,0,0,0,0,0,0,0,0,0,0,0
l24,13=0,0,0,0,0,0,0,0,5,0,0,0,86,9,91,26,43,21,0,0,0,15,0,25,0,82,0,0,0,0,0,0,53,10,0,0,24,0,0,0
l25,13=0,0,0,0,0,0,0,0,0,0,0,4,86,5,76,19,24,0,0,0,0,0,0,99,93,0,0,0,0,3,0,62,90,88,79,0,0,0,0,0
l26,13=0,0,0,0,0,0,0,0,0,0,0,0,0,0,0,0,0,0,0,48,57,36,62,0,0,0,0,87,96,82,99,99,75,80,2,0,0,0,0,0
l27,13=0,0,0,0,0,0,0,0,0,0,0,0,0,0,0,0,0,0,0,0,0,0,0,0,0,0,85,0,91,96,100,84,71,76,49,0,0,0,0,0
l28,13=0,0,0,0,0,0,0,0,0,0,0,0,0,0,0,0,0,0,0,42,39,0,0,0,0,0,97,97,0,96,100,94,63,76,81,0,0,0,0,0
l29,13=0,0,0,0,0,0,0,0,0,0,0,0,0,0,0,0,0,0,0,12,0,0,0,0,0,0,80,97,96,0,100,83,81,79,85,0,0,0,0,0
l30,13=0,0,0,0,0,0,0,0,0,0,0,0,0,0,0,0,0,0,0,0,0,0,0,0,0,0,97,97,96,96,0,85,77,80,1,0,0,0,0,0
l31,13=0,0,0,0,0,0,0,0,0,0,0,0,0,0,0,0,0,0,0,51,71,0,0,0,0,71,97,95,95,95,100,0,100,100,100,0,0,0,0,0
l32,13=0,0,0,0,0,0,0,0,0,0,0,0,0,0,3,0,0,0,0,1,0,0,0,0,79,95,92,65,78,94,93,100,0,100,100,0,0,0,0,0
l33,13=0,0,0,0,0,0,0,0,0,0,0,0,75,0,78,0,43,24,0,0,0,0,0,20,41,100,95,72,95,77,100,100,99,0,100,0,0,0,0,0
l34,13=0,0,0,0,0,0,0,0,0,0,0,0,0,0,67,0,0,0,0,0,3,0,80,0,0,100,0,29,96,96,30,100,100,100,0,0,0,0,0,0
l35,13=0,0,0,0,0,0,0,0,0,0,0,0,3,0,0,0,15,0,0,8,25,13,10,0,0,0,0,0,0,0,0,0,0,0,0,0,83,57,41,10
l36,13=0,0,0,0,0,0,0,0,0,0,0,3,0,0,0,7,18,1,0,0,30,10,11,0,5,0,0,0,0,0,0,0,0,0,0,69,0,7,15,8
l37,13=0,0,0,0,0,0,0,0,0,0,0,0,0,0,0,0,0,0,0,11,28,0,8,0,0,0,0,0,0,0,0,0,0,0,0,58,24,0,12,7
l38,13=0,0,0,0,0,0,0,0,0,0,0,7,5,6,0,8,18,6,0,11,34,17,9,0,0,0,0,0,0,0,0,0,0,0,0,27,25,6,0,8
l39,13=0,0,0,0,0,0,0,0,0,0,0,0,0,0,0,0,16,0,0,16,33,25,37,0,0,0,0,0,0,0,0,0,0,0,0,33,29,5,23,0

l0,14=0,74,49,70,94,100,83,100,93,99,99,0,0,0,0,0,0,0,0,0,0,0,0,0,0,0,0,0,0,0,0,0,0,0,0,0,0,0,0,0
l1,14=79,0,49,70,94,100,100,36,18,99,95,0,0,0,0,0,0,0,0,0,0,0,0,0,0,0,0,0,0,0,0,0,0,0,0,0,0,0,0,0
l2,14=79,75,0,69,94,100,100,100,52,98,100,0,0,85,0,0,0,0,0,0,0,0,0,0,0,0,0,0,0,0,0,0,0,0,0,0,0,0,0,0
l3,14=79,74,48,0,94,94,0,98,0,88,0,0,0,0,0,0,0,0,0,0,0,0,0,0,0,0,0,0,0,0,0,0,0,0,0,0,0,0,0,0
l4,14=79,60,50,55,0,100,100,50,42,55,100,0,0,0,0,0,0,0,0,0,0,0,0,0,0,0,0,0,0,0,0,0,0,0,0,0,0,0,0,0
l5,14=79,74,50,58,94,0,100,100,96,99,100,0,0,73,0,82,0,0,0,0,0,0,0,0,0,0,0,0,0,0,0,0,0,0,0,0,0,0,0,0
l6,14=17,71,49,0,94,100,0,97,93,97,94,99,0,91,0,89,0,0,0,0,0,0,46,0,0,0,0,0,0,0,0,0,0,0,0,0,0,0,0,0
l7,14=77,50,50,67,84,100,100,0,99,99,100,0,0,87,0,0,95,0,0,0,0,0,0,0,0,0,0,0,0,0,0,0,0,0,0,0,0,0,0,0
l8,14=22,14,14,1,31,42,42,58,0,99,99,46,27,31,35,45,0,0,0,3,33,48,43,0,50,0,0,0,0,0,0,0,0,0,0,0,0,0,0,0
l9,14=20,19,19,15,31,99,42,100,99,0,100,76,0,97,15,95,37,18,0,0,41,48,0,41,0,0,0,0,0,0,0,0,0,0,0,0,20,0,0,0
l10,14=61,40,32,16,94,100,96,100,99,100,0,70,35,97,7,66,0,0,0,0,17,1,0,0,0,0,0,0,0,0,0,0,0,0,0,0,0,0,0,0
l11,14=0,0,0,0,0,0,91,0,18,73,37,0,58,96,33,97,93,74,0,5,89,89,83,95,0,28,0,0,0,0,0,0,0,0,0,0,39,0,35,0
l12,14=0,0,0,0,0,0,0,0,37,0,26,97,0,44,97,95,23,100,0,9,93,0,44,95,98,99,0,0,0,0,0,0,0,30,0,5,0,0,0,0
l13,14=0,0,19,0,0,39,38,34,28,100,98,99,96,0,22,97,38,44,0,3,0,48,0,42,51,42,0,0,0,0,0,0,0,0,0,0,0,0,11,0
l14,14=0,0,0,0,0,0,0,0,57,70,5,67,98,35,0,51,94,74,0,0,0,1,0,98,100,97,0,0,0,0,0,0,0,41,0,0,0,0,46,0
l15,14=0,0,0,0,0,36,77,0,55,73,46,99,37,96,33,0,98,98,0,20,81,43,0,95,96,39,0,0,0,0,0,0,0,0,0,0,18,0,36,0
l16,14=0,0,0,0,0,0,0,11,0,52,0,65,4,9,50,94,0,77,11,33,69,88,91,0,96,0,0,0,0,0,0,0,0,35,30,58,82,20,71,37
l17,14=0,0,0,0,0,0,0,0,0,44,0,97,96,55,40,94,93,0,0,49,94,98,72,91,97,62,0,0,0,0,0,0,0,3,0,4,47,0,47,0
l18,14=0,0,0,0,0,0,0,0,0,0,0,0,0,0,0,0,74,0,0,79,90,15,83,0,0,0,0,0,0,0,0,0,0,0,0,0,0,0,0,0
l19,14=0,0,0,0,0,0,0,0,0,0,0,0,38,0,0,65,78,60,41,0,97,91,92,0,0,0,49,0,1,73,0,0,0,0,0,64,71,62,81,70
l20,14=0,0,0,0,0,0,0,0,0,42,0,41,28,0,0,61,64,67,41,97,0,98,93,0,0,0,19,0,0,0,0,0,0,0,9,59,86,58,96,83
l21,14=0,0,0,0,0,0,0,0,28,82,4,42,0,31,1,51,82,74,0,94,99,0,93,0,58,0,0,0,0,0,0,0,0,0,14,78,76,0,45,81
l22,14=0,0,0,0,0,0,41,0,12,0,0,61,22,0,0,0,82,58,37,89,99,99,0,0,0,0,65,0,0,16,0,0,0,0,0,70,79,0,88,82
l23,14=0,0,0,0,0,0,0,0,0,43,0,49,30,14,98,76,0,34,0,0,0,0,0,0,52,100,0,0,0,0,0,0,17,45,43,0,0,0,0,0
l24,14=0,0,0,0,0,0,0,0,56,0,0,0,88,41,98,51,95,93,0,0,0,92,0,85,0,99,0,0,0,0,0,0,0,29,0,0,32,0,0,0
l25,14=0,0,0,0,0,0,0,0,0,0,0,31,98,18,21,37,0,36,0,0,0,0,0,98,100,0,0,0,14,0,0,0,19,96,100,0,0,0,0,0
l26,14=0,0,0,0,0,0,0,0,0,0,0,0,0,0,0,0,0,0,0,26,78,0,85,0,0,0,0,89,100,94,97,98,96,91,92,0,0,0,0,0
l27,14=0,0,0,0,0,0,0,0,0,0,0,0,0,0,0,0,0,0,0,0,0,0,0,0,0,0,95,0,100,100,99,88,91,83,0,0,0,0,0,0
l28,14=0,0,0,0,0,0,0,0,0,0,0,0,0,0,0,0,0,0,0,26,0,0,0,0,0,50,99,99,0,100,99,94,86,91,93,0,0,0,0,0
l29,14=0,0,0,0,0,0,0,0,0,0,0,0,0,0,0,0,0,0,0,81,0,0,12,0,0,0,95,99,100,0,99,88,93,0,88,0,0,0,0,0
l30,14=0,0,0,0,0,0,0,0,0,0,0,0,0,0,0,0,0,0,0,0,0,0,0,0,0,0,97,99,100,100,0,87,90,91,0,0,0,0,0,0
l31,14=0,0,0,0,0,0,0,0,0,0,0,0,0,0,0,0,0,0,0,0,0,0,0,0,0,0,99,84,99,97,92,0,99,100,100,0,0,0,0,0
l32,14=0,0,0,0,0,0,0,0,0,0,0,0,0,0,54,0,0,0,0,0,0,0,0,92,0,96,99,93,98,100,94,100,0,100,100,0,0,0,0,0
l33,14=0,0,0,0,0,0,0,0,0,0,0,0,96,0,93,0,97,0,0,0,0,0,0,97,90,100,99,84,100,0,98,100,100,0,100,0,0,0,0,0
l34,14=0,0,0,0,0,0,0,0,0,0,0,0,0,0,0,0,96,0,0,0,96,0,0,95,0,98,99,3,100,99,0,100,100,100,0,0,0,0,0,0
l35,14=0,0,0,0,0,0,0,0,0,0,0,0,16,0,0,0,54,0,0,15,56,79,77,0,0,0,0,0,0,0,0,0,0,0,0,0,87,79,47,49
l36,14=0,0,0,0,0,0,0,0,0,6,0,21,0,0,0,6,57,50,0,13,75,41,79,0,23,0,0,0,0,0,0,0,0,0,0,89,0,52,84,45
l37,14=0,0,0,0,0,0,0,0,0,0,0,0,0,0,0,0,27,0,0,12,53,0,1,0,0,0,0,0,0,0,0,0,0,0,0,84,43,0,38,65
l38,14=0,0,0,0,0,0,0,0,0,0,0,50,0,9,21,41,73,52,0,21,89,46,79,0,0,0,0,0,0,0,0,0,0,0,0,39,84,56,0,51
l39,14=0,0,0,0,0,0,0,0,0,0,0,0,0,0,0,0,72,0,0,27,77,80,79,0,0,0,0,0,0,0,0,0,0,0,0,78,71,63,86,0

l0,15=0,99,97,100,100,100,97,99,88,98,4,0,0,0,0,0,0,0,0,0,0,0,0,0,0,0,0,0,0,0,0,0,0,0,0,0,0,0,0,0
l1,15=99,0,97,99,100,96,97,97,92,98,96,0,0,18,24,0,0,0,0,0,0,0,0,0,0,0,0,0,0,0,0,0,0,0,0,0,0,0,0,0
l2,15=100,100,0,99,100,100,100,100,85,97,1,82,0,63,0,0,0,0,0,0,0,0,0,0,0,0,0,0,0,0,0,0,0,0,0,0,0,0,0,0
l3,15=99,100,97,0,100,96,97,99,0,0,94,0,0,0,0,0,0,0,0,0,0,0,0,0,0,0,0,0,0,0,0,0,0,0,0,0,0,0,0,0
l4,15=100,100,100,100,0,100,97,86,92,95,96,0,0,0,0,0,0,0,0,0,0,0,0,0,0,0,0,0,0,0,0,0,0,0,0,0,0,0,0,0
l5,15=98,97,97,99,99,0,97,99,94,98,96,2,0,84,0,46,0,0,0,0,0,0,0,0,0,0,0,0,0,0,0,0,0,0,0,0,0,0,0,0
l6,15=98,97,97,98,99,96,0,99,84,98,96,97,66,76,0,93,18,0,0,0,0,0,1,0,0,0,0,0,0,0,0,0,0,0,0,0,0,0,0,0
l7,15=90,89,97,93,84,93,97,0,96,98,97,7,0,41,34,1,87,0,0,0,0,0,0,0,0,0,0,0,0,0,0,0,0,0,0,0,0,0,0,0
l8,15=83,87,55,0,64,41,50,94,0,100,97,72,89,66,46,91,18,0,0,0,68,87,81,0,63,0,0,0,0,0,0,0,0,0,0,0,0,0,0,0
l9,15=90,69,82,0,64,96,80,99,98,0,100,64,36,99,44,99,84,10,0,0,76,89,51,5,0,0,0,0,0,0,0,0,0,0,0,0,0,0,0,0
l10,15=16,94,1,82,97,95,95,100,95,100,0,33,88,96,0,0,3,0,0,0,0,0,0,0,0,0,0,0,0,0,0,0,0,0,0,0,0,0,0,0
l11,15=0,0,0,0,1,0,92,2,57,54,81,0,87,97,62,100,93,81,0,3,70,93,86,59,68,80,0,0,0,0,0,0,0,0,0,0,50,0,67,0
l12,15=0,0,0,0,0,0,0,0,66,20,86,90,0,96,99,62,95,99,0,0,77,1,53,63,100,100,0,0,0,0,0,0,0,17,0,0,36,0,16,0
l13,15=0,32,70,0,13,75,18,63,54,100,92,99,99,0,54,100,86,81,0,0,32,66,0,54,54,60,0,0,0,0,0,0,0,0,0,0,0,0,60,0
l14,15=0,0,0,0,0,0,0,0,42,36,1,78,97,54,0,83,95,84,0,0,4,11,0,66,100,84,0,0,0,0,0,0,0,93,0,0,0,0,69,0
l15,15=0,0,0,0,0,65,85,0,56,59,4,99,63,61,49,0,96,93,0,0,76,92,0,61,74,77,0,0,0,0,0,0,0,0,0,66,0,0,64,0
l16,15=0,0,0,0,0,0,19,54,0,52,4,77,70,51,60,89,0,78,38,47,79,65,94,0,73,0,0,0,0,0,0,0,0,81,0,68,52,46,66,11
l17,15=0,0,0,0,0,0,0,0,0,54,0,79,86,55,62,95,88,0,0,20,72,95,94,61,73,81,0,0,0,0,0,0,0,87,68,29,54,7,70,0
l18,15=0,0,0,0,0,0,0,0,0,0,0,0,0,0,0,0,77,0,0,82,83,36,67,0,0,0,0,0,0,0,0,0,0,0,0,0,10,0,0,0
l19,15=0,0,0,0,0,0,0,0,0,0,0,3,10,0,0,0,78,11,36,0,98,96,95,0,0,0,34,0,0,55,0,4,0,0,0,57,44,0,26,68
l20,15=0,0,0,0,0,0,0,0,47,47,0,64,60,0,0,6,51,16,40,96,0,100,99,0,28,0,19,0,0,0,0,0,0,0,0,91,59,23,75,96
l21,15=0,0,0,0,0,0,0,0,8,23,0,62,0,11,7,78,61,79,9,91,99,0,99,0,49,0,0,0,18,0,0,0,0,0,1,48,96,56,97,93
l22,15=0,0,0,0,0,0,0,0,1,18,0,48,35,0,0,0,93,71,12,95,98,99,0,0,0,0,24,0,0,28,0,0,0,0,0,45,50,34,72,61
l23,15=0,0,0,0,0,0,0,0,0,45,0,77,99,53,99,99,4,85,0,0,0,0,0,0,100,100,0,0,0,0,0,0,95,100,0,0,0,0,0,0
l24,15=0,0,0,0,0,0,0,0,57,0,0,78,97,12,99,96,96,85,0,0,4,49,0,69,0,85,0,0,0,0,0,0,1,0,0,0,40,0,2,0
l25,15=0,0,0,0,0,0,0,0,0,0,0,88,98,52,84,90,0,71,0,0,0,0,0,91,96,0,49,0,63,27,0,80,91,94,95,0,0,0,0,0
l26,15=0,0,0,0,0,0,0,0,0,0,0,0,0,0,0,0,0,0,0,90,67,0,82,0,0,85,0,89,98,97,95,98,85,2,87,0,0,0,0,0
l27,15=0,0,0,0,0,0,0,0,0,0,0,0,0,0,0,0,0,0,0,0,0,0,0,0,0,0,85,0,98,99,96,90,86,92,89,0,0,0,0,0
l28,15=0,0,0,0,0,0,0,0,0,0,0,0,0,0,0,0,0,0,0,0,0,42,0,0,0,83,93,95,0,99,96,96,85,92,87,0,0,0,0,0
l29,15=0,0,0,0,0,0,0,0,0,0,0,0,0,0,0,0,0,0,0,90,0,0,76,0,0,6,93,95,98,0,96,95,86,91,88,0,0,0,0,0
l30,15=0,0,0,0,0,0,0,0,0,0,0,0,0,0,0,0,0,0,0,0,0,0,0,0,0,0,89,95,98,99,0,89,85,91,0,0,0,0,0,0
l31,15=0,0,0,0,0,0,0,0,0,0,0,0,0,0,0,0,5,0,0,0,0,0,1,0,0,82,93,83,97,97,91,0,98,99,97,0,0,0,0,0
l32,15=0,0,0,0,0,0,0,0,0,0,0,0,8,0,0,0,0,0,0,0,0,0,0,75,74,93,93,89,95,99,95,99,0,99,97,0,0,0,0,0
l33,15=0,0,0,0,0,0,0,0,0,0,0,0,60,0,76,0,90,66,0,0,0,0,0,86,60,95,12,60,97,97,95,99,98,0,97,0,0,0,0,0
l34,15=0,0,0,0,0,0,0,0,0,0,0,0,0,0,0,0,18,59,0,0,0,11,0,0,0,92,93,81,94,93,0,99,98,99,0,0,0,0,0,0
l35,15=0,0,0,0,0,0,0,0,0,0,0,0,1,0,0,54,57,10,0,37,57,55,59,0,0,0,0,0,0,0,0,0,0,0,0,0,97,80,64,89
l36,15=0,0,0,0,0,0,0,0,0,0,0,46,0,0,7,0,66,30,0,36,62,91,73,0,31,0,0,0,0,0,0,0,0,0,0,91,0,54,72,85
l37,15=0,0,0,0,0,0,0,0,0,0,0,0,0,0,0,0,58,0,0,0,0,62,71,0,0,0,0,0,0,0,0,0,0,0,0,90,55,0,58,83
l38,15=0,0,0,0,0,0,0,0,0,0,0,56,34,10,28,61,87,71,0,2,81,89,84,0,0,0,0,0,0,0,0,0,0,0,0,74,97,59,0,85
l39,15=0,0,0,0,0,0,0,0,0,0,0,0,0,0,0,0,2,0,0,46,85,62,68,0,0,0,0,0,0,0,0,0,0,0,0,88,79,89,94,0

