t=2016-04-13_18.23.49

n=40

q0=1
q1=1
q2=1
q3=1
q4=1
q5=1
q6=1
q7=1
q8=1
q9=1
q10=1
q11=1
q12=1
q13=1
q14=1
q15=1
q16=1
q17=1
q18=1
q19=1
q20=1
q21=1
q22=1
q23=1
q24=1
q25=1
q26=1
q27=1
q28=1
q29=1
q30=1
q31=1
q32=1
q33=1
q34=1
q35=1
q36=1
q37=1
q38=1
q39=1

a0=0x141592000c576ce6
a1=0x141592000c5aedbc
a2=0x141592000c5750f4
a3=0x141592000c576658
a4=0x141592000c575890
a5=0x141592000c574ffa
a6=0x141592000c5acf11
a7=0x141592000d9df361
a8=0x141592000c576300
a9=0x141592000c5779b6
a10=0x141592000c5762b9
a11=0x141592000c5af078
a12=0x141592000c575517
a13=0x141592000c5752c3
a14=0x141592000c5a4baa
a15=0x141592000c5776e7
a16=0x141592000c58cdeb
a17=0x141592000c5881fc
a18=0x141592000bd81d33
a19=0x141592000bd84d6a
a20=0x141592000c577233
a21=0x141592000c574527
a22=0x141592000c5746a3
a23=0x141592000c574da3
a24=0x141592000c5741c9
a25=0x141592000da244ea
a26=0x141592000c5ae886
a27=0x141592000c57510e
a28=0x141592000c5ab6c8
a29=0x141592000c574d05
a30=0x141592000edae61f
a31=0x141592000c57667e
a32=0x141592000c577f43
a33=0x141592000c576449
a34=0x1415920010f4117a
a35=0x141592000c575966
a36=0x141592000c574d35
a37=0x141592000c576fb1
a38=0x141592000c5aea5d
a39=0x141592000c59f23f

l0,0=0,86,74,91,85,84,74,59,56,72,45,0,0,0,0,0,0,0,0,0,0,0,0,0,0,0,0,0,0,0,0,0,0,0,0,0,0,0,0,0
l1,0=87,0,74,86,91,85,74,68,66,25,79,0,0,0,0,0,0,0,0,0,0,0,0,0,0,0,0,0,0,0,0,0,0,0,0,0,0,0,0,0
l2,0=82,86,0,78,73,83,85,64,37,69,80,0,0,55,0,0,0,0,0,0,0,0,0,0,0,0,0,0,0,0,0,0,0,0,0,0,0,0,0,0
l3,0=91,77,74,0,92,83,78,25,55,0,72,0,0,0,0,0,0,0,0,0,0,0,0,0,0,0,0,0,0,0,0,0,0,0,0,0,0,0,0,0
l4,0=85,77,74,88,0,85,43,3,29,60,66,0,0,17,0,0,0,0,0,0,0,0,0,0,0,0,0,0,0,0,0,0,0,0,0,0,0,0,0,0
l5,0=80,86,71,79,70,0,78,65,67,73,73,0,0,39,0,0,0,0,0,0,0,0,0,0,0,0,0,0,0,0,0,0,0,0,0,0,0,0,0,0
l6,0=69,61,76,71,50,50,0,71,57,37,69,4,0,57,0,0,24,0,0,0,0,0,0,0,0,0,0,0,0,0,0,0,0,0,0,0,0,0,0,0
l7,0=66,59,63,51,17,44,77,0,56,71,78,47,0,23,0,22,0,0,0,0,0,0,0,0,0,0,0,0,0,0,0,0,0,0,0,0,0,0,0,0
l8,0=54,49,0,42,3,37,60,26,0,85,59,57,48,85,54,32,46,25,0,0,0,30,4,34,50,0,0,0,0,0,0,0,0,0,0,0,0,0,17,0
l9,0=69,25,61,1,56,43,62,61,93,0,83,42,44,69,18,30,18,31,0,0,0,0,16,0,0,0,0,0,0,0,0,0,0,0,0,0,0,0,0,0
l10,0=32,63,67,60,54,46,69,72,52,88,0,27,50,66,9,63,12,0,0,0,0,9,0,0,0,0,0,0,0,0,0,0,0,0,0,0,0,0,0,0
l11,0=0,0,0,0,0,2,19,13,46,34,36,0,83,81,78,88,27,48,0,45,0,13,0,0,60,0,0,0,0,0,0,0,0,0,0,0,64,0,29,0
l12,0=0,0,0,0,0,0,0,0,32,33,26,76,0,74,84,91,44,97,0,0,20,19,0,67,89,64,0,0,0,0,0,0,0,62,0,0,40,0,33,0
l13,0=0,0,34,0,22,7,37,0,77,48,70,71,75,0,74,42,18,48,0,45,0,30,29,58,53,29,0,0,0,0,0,0,0,0,0,0,13,0,25,0
l14,0=0,0,0,0,0,0,0,0,43,13,1,50,91,84,0,27,50,46,0,0,23,0,0,74,83,79,0,0,0,0,0,0,0,64,0,0,2,0,30,0
l15,0=0,0,0,0,0,0,40,2,44,30,38,89,92,75,76,0,24,45,0,0,8,0,26,0,70,0,0,0,0,0,0,0,0,0,0,0,49,0,34,0
l16,0=0,0,0,0,0,0,0,0,51,1,0,46,69,40,83,19,0,55,0,62,17,29,41,52,71,0,0,0,0,0,0,0,0,52,0,31,63,3,43,22
l17,0=0,0,0,0,0,0,0,0,23,1,0,45,95,81,80,25,30,0,0,0,25,25,35,0,74,38,0,0,0,0,0,0,0,66,0,0,68,5,0,0
l18,0=0,0,0,0,0,0,0,0,0,0,0,0,0,0,0,0,0,0,0,0,83,0,59,0,0,0,0,0,0,0,0,0,0,0,0,0,0,0,0,0
l19,0=0,0,0,0,0,0,0,0,3,0,0,24,0,56,0,0,69,0,0,0,83,3,95,0,0,0,0,0,0,0,0,17,0,0,0,0,67,0,64,88
l20,0=0,0,0,0,0,0,0,0,0,0,0,0,60,0,57,2,26,50,83,88,0,88,95,0,0,0,0,0,14,0,0,0,0,0,8,24,96,96,69,61
l21,0=0,0,0,0,0,0,0,0,36,0,0,22,47,60,0,0,80,38,33,28,97,0,95,0,0,0,0,0,0,0,0,0,0,0,0,65,59,22,81,40
l22,0=0,0,0,0,0,0,0,0,13,4,0,0,0,48,0,6,47,26,61,88,97,88,0,0,22,0,16,0,0,0,0,0,21,0,0,65,91,12,82,83
l23,0=0,0,0,0,0,0,0,0,40,0,0,0,84,72,84,0,24,0,0,0,0,0,0,0,77,0,0,0,0,0,0,0,0,35,66,0,0,0,0,0
l24,0=0,0,0,0,0,0,0,0,43,0,0,40,94,72,85,49,27,44,0,0,0,0,17,75,0,47,0,0,0,0,0,0,34,65,63,0,0,0,0,0
l25,0=0,0,0,0,0,0,0,0,1,0,0,0,80,61,90,0,9,37,0,0,0,0,0,4,61,0,19,1,0,0,0,25,37,60,72,0,0,0,0,0
l26,0=0,0,0,0,0,0,0,0,0,0,0,0,0,0,0,0,0,0,0,0,0,0,61,0,0,49,0,75,91,77,87,90,65,58,73,0,0,0,0,0
l27,0=0,0,0,0,0,0,0,0,0,0,0,0,0,0,0,0,0,0,0,0,0,0,0,0,0,1,81,0,91,82,94,74,66,55,71,0,0,0,0,0
l28,0=0,0,0,0,0,0,0,0,0,0,0,0,0,0,0,0,0,0,0,23,44,0,0,0,0,0,93,100,0,82,94,84,60,52,65,0,0,0,0,0
l29,0=0,0,0,0,0,0,0,0,0,0,0,0,0,0,0,0,0,0,0,0,0,0,2,0,0,0,88,100,91,0,94,58,57,48,57,0,0,0,0,0
l30,0=0,0,0,0,0,0,0,0,0,0,0,0,0,0,0,0,0,0,0,0,0,0,0,0,0,0,81,100,91,82,0,65,77,67,0,0,0,0,0,0
l31,0=0,0,0,0,0,0,0,0,0,0,0,0,0,0,0,0,0,0,0,63,0,0,0,0,0,52,89,61,85,58,55,0,87,76,92,0,0,0,0,0
l32,0=0,0,0,0,0,0,0,0,0,0,0,0,0,0,0,0,0,0,0,0,0,0,46,23,46,56,78,56,79,45,57,87,0,86,94,0,0,0,0,0
l33,0=0,0,0,0,0,0,0,0,0,0,0,0,55,0,56,0,49,42,0,0,0,0,0,41,41,47,63,30,65,32,54,83,85,0,68,0,0,0,0,0
l34,0=0,0,0,0,0,0,0,0,0,0,0,0,0,0,0,0,0,0,0,0,26,0,10,58,49,72,77,64,74,48,0,91,93,65,0,0,0,0,0,0
l35,0=0,0,0,0,0,0,0,0,0,0,0,0,0,0,0,0,3,0,0,0,0,18,32,0,0,0,0,0,0,0,0,0,0,0,0,0,64,87,87,22
l36,0=0,0,0,0,0,0,0,0,0,0,0,33,21,24,0,4,21,33,0,50,28,15,47,0,0,0,0,0,0,0,0,0,0,0,0,65,0,82,50,28
l37,0=0,0,0,0,0,0,0,0,0,0,0,0,0,0,0,0,0,0,0,0,28,0,0,0,0,0,0,0,0,0,0,0,0,0,0,83,86,0,28,35
l38,0=0,0,0,0,0,0,0,0,16,0,0,23,48,54,20,13,28,0,0,52,33,29,49,0,0,0,0,0,0,0,0,0,0,0,0,88,96,44,0,34
l39,0=0,0,0,0,0,0,0,0,0,0,0,0,0,0,0,0,20,0,0,82,37,24,51,0,0,0,0,0,0,0,0,0,0,0,0,88,96,95,55,0

l0,1=0,88,82,82,78,76,73,62,14,67,45,0,0,0,0,0,0,0,0,0,0,0,0,0,0,0,0,0,0,0,0,0,0,0,0,0,0,0,0,0
l1,1=76,0,86,75,69,81,69,53,59,37,65,0,0,21,0,0,0,0,0,0,0,0,0,0,0,0,0,0,0,0,0,0,0,0,0,0,0,0,0,0
l2,1=78,88,0,66,45,81,81,48,40,69,84,0,0,2,0,0,0,0,0,0,0,0,0,0,0,0,0,0,0,0,0,0,0,0,0,0,0,0,0,0
l3,1=78,85,75,0,79,72,71,0,0,41,68,0,0,0,0,0,0,0,0,0,0,0,0,0,0,0,0,0,0,0,0,0,0,0,0,0,0,0,0,0
l4,1=57,83,38,75,0,72,25,46,57,63,63,0,0,1,0,0,0,0,0,0,0,0,0,0,0,0,0,0,0,0,0,0,0,0,0,0,0,0,0,0
l5,1=66,87,87,75,74,0,76,72,69,71,73,0,0,1,0,0,0,0,0,0,0,0,0,0,0,0,0,0,0,0,0,0,0,0,0,0,0,0,0,0
l6,1=43,52,79,39,11,56,0,53,55,46,60,36,0,22,0,1,17,0,0,0,0,0,0,0,0,0,0,0,0,0,0,0,0,0,0,0,0,0,0,0
l7,1=26,53,37,22,47,72,75,0,72,68,84,32,5,5,0,10,0,0,0,0,0,0,0,0,0,0,0,0,0,0,0,0,0,0,0,0,0,0,0,0
l8,1=0,16,1,0,21,48,68,62,0,75,69,59,3,64,20,46,35,11,0,0,0,20,1,30,0,0,0,0,0,0,0,0,0,0,0,0,0,0,2,0
l9,1=39,24,49,20,44,61,45,65,86,0,88,43,18,63,14,41,18,34,0,0,0,2,0,0,0,0,0,0,0,0,0,0,0,0,0,0,0,0,0,0
l10,1=7,62,78,40,59,66,75,79,70,76,0,48,0,66,0,31,0,0,0,0,0,0,0,0,0,0,0,0,0,0,0,0,0,0,0,0,0,0,0,0
l11,1=0,0,0,0,0,0,27,37,72,63,54,0,55,73,51,72,25,66,0,6,0,0,0,0,37,0,0,0,0,0,0,0,0,0,0,15,27,0,49,0
l12,1=0,0,0,0,0,0,4,0,8,13,0,70,0,47,72,66,57,80,0,0,27,18,21,69,79,31,0,0,0,0,0,0,0,12,0,0,0,0,44,0
l13,1=0,0,0,0,2,0,46,7,62,61,67,75,34,0,44,29,41,49,0,0,9,17,26,42,18,20,0,0,0,0,0,0,0,0,0,0,0,0,35,0
l14,1=0,0,0,0,0,0,0,0,49,45,2,59,74,23,0,47,62,47,0,4,27,18,0,74,40,71,0,0,0,0,0,0,0,0,8,0,1,0,0,0
l15,1=0,0,0,0,0,0,0,10,50,48,46,86,70,6,30,0,26,65,0,0,18,12,5,19,45,0,0,0,0,0,0,0,0,0,0,0,20,0,0,0
l16,1=0,0,0,0,0,0,2,0,45,43,0,44,31,7,44,23,0,54,0,8,29,28,46,38,23,6,0,0,0,0,0,0,10,22,0,19,14,0,44,35
l17,1=0,0,0,0,0,0,0,0,41,44,0,76,77,16,33,72,69,0,0,0,18,15,29,41,23,5,0,0,0,0,0,0,0,26,0,0,23,0,0,0
l18,1=0,0,0,0,0,0,0,0,0,0,0,0,0,0,0,0,0,0,0,16,65,56,60,0,0,0,0,0,0,0,0,0,0,0,0,0,0,0,0,0
l19,1=0,0,0,0,0,0,0,0,0,0,0,31,0,3,0,0,39,0,36,0,68,10,78,0,0,0,0,0,0,0,0,16,0,0,0,0,20,0,53,50
l20,1=0,0,0,0,0,0,0,0,0,0,0,1,22,4,27,25,55,26,52,30,0,71,78,0,0,0,0,0,17,0,0,0,0,0,0,25,53,51,65,56
l21,1=0,0,0,0,0,0,0,0,50,15,6,14,21,17,22,20,61,31,42,10,73,0,77,0,0,0,0,0,0,0,0,16,19,0,0,66,0,40,56,48
l22,1=0,0,0,0,0,0,0,0,36,9,0,0,16,9,1,0,61,31,43,30,72,70,0,0,8,0,16,0,1,21,0,11,14,0,0,20,61,46,59,50
l23,1=0,0,0,0,0,0,0,0,50,0,0,0,40,22,60,22,38,33,0,0,0,0,0,0,63,38,0,0,0,0,0,0,0,0,52,0,0,0,0,0
l24,1=0,0,0,0,0,0,0,0,8,0,0,59,67,13,50,59,48,52,0,0,0,0,20,78,0,43,0,0,0,0,0,0,25,44,35,0,0,0,0,0
l25,1=0,0,0,0,0,0,0,0,7,0,0,0,51,18,63,0,41,33,0,0,0,0,0,64,41,0,23,0,28,4,0,32,0,62,50,0,0,0,0,0
l26,1=0,0,0,0,0,0,0,0,0,0,0,0,0,0,0,0,0,0,0,0,0,0,37,0,0,40,0,62,66,73,79,69,65,62,47,0,0,0,0,0
l27,1=0,0,0,0,0,0,0,0,0,0,0,0,0,0,0,0,0,0,0,0,0,0,0,0,0,0,61,0,67,87,92,55,62,58,60,0,0,0,0,0
l28,1=0,0,0,0,0,0,0,0,0,0,0,0,0,0,0,0,0,0,0,5,34,0,13,0,0,34,79,89,0,87,90,69,50,61,56,0,0,0,0,0
l29,1=0,0,0,0,0,0,0,0,0,0,0,0,0,0,0,0,0,0,0,0,0,0,36,0,0,2,71,88,68,0,84,62,49,42,39,0,0,0,0,0
l30,1=0,0,0,0,0,0,0,0,0,0,0,0,0,0,0,0,0,0,0,0,0,0,0,0,0,0,63,91,67,85,0,51,48,63,0,0,0,0,0,0
l31,1=0,0,0,0,0,0,0,0,0,0,0,0,0,0,0,0,0,0,0,15,0,37,38,0,0,42,68,42,54,54,45,0,66,72,73,0,0,0,0,0
l32,1=0,0,0,0,0,0,0,0,0,0,0,0,0,0,0,0,34,0,0,0,0,15,32,0,25,0,63,48,38,48,48,69,0,75,83,0,0,0,0,0
l33,1=0,0,0,0,0,0,0,0,0,0,0,0,7,0,0,0,40,35,0,0,0,0,0,0,31,63,57,50,49,42,62,65,63,0,65,0,0,0,0,0
l34,1=0,0,0,0,0,0,0,0,0,0,0,0,0,0,17,0,15,0,0,0,24,0,0,53,23,49,46,46,54,42,0,70,78,72,0,0,0,0,0,0
l35,1=0,0,0,0,0,0,0,0,0,0,0,24,0,0,0,0,39,0,0,2,25,32,32,0,0,0,0,0,0,0,0,0,0,0,0,0,37,58,62,31
l36,1=0,0,0,0,0,0,0,0,0,0,0,41,0,0,1,26,36,34,0,7,40,0,59,0,0,0,0,0,0,0,0,0,0,0,0,39,0,57,65,46
l37,1=0,0,0,0,0,0,0,0,0,0,0,0,0,0,0,0,0,0,0,0,37,15,45,0,0,0,0,0,0,0,0,0,0,0,0,37,37,0,57,61
l38,1=0,0,0,0,0,0,0,0,6,0,0,46,27,10,0,2,21,5,0,13,41,33,54,0,0,0,0,0,0,0,0,0,0,0,0,75,67,51,0,48
l39,1=0,0,0,0,0,0,0,0,0,0,0,0,0,0,0,0,41,0,0,13,44,31,57,0,0,0,0,0,0,0,0,0,0,0,0,15,31,68,54,0

l0,2=0,83,67,77,70,61,54,14,0,63,0,0,0,0,0,0,0,0,0,0,0,0,0,0,0,0,0,0,0,0,0,0,0,0,0,0,0,0,0,0
l1,2=81,0,56,76,45,72,72,29,43,56,56,0,0,0,0,0,0,0,0,0,0,0,0,0,0,0,0,0,0,0,0,0,0,0,0,0,0,0,0,0
l2,2=88,66,0,81,48,87,80,75,0,78,71,0,0,0,0,0,0,0,0,0,0,0,0,0,0,0,0,0,0,0,0,0,0,0,0,0,0,0,0,0
l3,2=87,72,70,0,0,59,0,0,0,16,45,0,0,0,0,0,0,0,0,0,0,0,0,0,0,0,0,0,0,0,0,0,0,0,0,0,0,0,0,0
l4,2=79,47,39,4,0,54,69,57,57,63,41,0,0,0,0,0,0,0,0,0,0,0,0,0,0,0,0,0,0,0,0,0,0,0,0,0,0,0,0,0
l5,2=74,72,77,71,57,0,68,67,61,65,60,0,0,26,0,0,0,0,0,0,0,0,0,0,0,0,0,0,0,0,0,0,0,0,0,0,0,0,0,0
l6,2=54,64,71,0,43,65,0,63,55,61,62,31,34,14,0,26,0,0,0,0,0,0,0,0,0,0,0,0,0,0,0,0,0,0,0,0,0,0,0,0
l7,2=0,21,53,33,49,61,61,0,66,67,72,27,2,30,0,32,14,0,0,0,0,0,0,0,0,0,0,0,0,0,0,0,0,0,0,0,0,0,0,0
l8,2=0,17,0,2,26,32,34,62,0,78,58,50,0,43,0,41,29,28,0,0,0,37,25,0,32,16,0,0,0,0,0,0,0,0,0,0,0,0,21,0
l9,2=35,43,65,28,43,43,56,70,77,0,73,30,30,44,0,28,0,13,0,0,0,16,0,0,0,0,0,0,0,0,0,0,0,0,0,0,0,0,0,0
l10,2=24,55,52,43,24,69,71,79,69,80,0,49,0,43,0,27,0,5,0,0,0,0,0,15,0,0,0,0,0,0,0,0,0,0,0,0,0,0,0,0
l11,2=0,0,0,0,0,0,30,19,56,38,33,0,67,55,39,69,29,75,0,31,2,26,9,22,5,0,0,0,0,0,0,0,0,0,0,17,27,0,25,23
l12,2=0,0,0,0,0,0,20,0,0,37,0,71,0,38,67,65,42,83,0,0,0,30,26,59,73,66,0,0,0,0,0,0,0,0,0,0,4,0,20,0
l13,2=0,1,0,0,0,1,0,35,64,65,35,71,33,0,18,33,33,21,0,0,16,30,24,26,31,5,0,0,0,0,0,0,0,0,0,0,0,0,29,0
l14,2=0,0,0,0,0,0,0,0,0,1,0,58,71,34,0,33,46,39,0,0,3,26,0,67,52,46,0,0,0,0,0,0,0,38,0,0,0,0,26,0
l15,2=0,0,0,0,0,0,32,40,60,38,28,87,62,36,16,0,5,47,0,0,17,27,0,0,49,0,0,0,0,0,0,0,0,0,0,0,13,0,20,0
l16,2=0,0,0,0,0,0,0,1,42,34,0,41,52,27,46,32,0,72,0,25,33,37,49,5,41,31,0,0,0,0,0,0,0,37,0,28,30,5,28,36
l17,2=0,0,0,0,0,0,0,0,43,16,1,74,72,42,35,62,53,0,0,10,13,37,28,32,65,0,0,0,0,0,0,0,0,34,0,17,29,0,27,0
l18,2=0,0,0,0,0,0,0,0,0,0,0,0,0,0,0,0,0,0,0,44,26,46,44,0,0,0,0,0,0,0,0,0,0,0,0,0,0,0,0,0
l19,2=0,0,0,0,0,0,0,0,0,0,0,28,0,23,0,0,14,0,30,0,37,43,69,0,0,0,0,0,3,24,0,48,0,0,0,0,39,0,51,52
l20,2=0,0,0,0,0,0,0,0,0,3,0,0,0,24,3,37,42,22,26,67,0,61,58,0,22,0,0,0,0,0,0,0,0,0,11,38,48,45,54,54
l21,2=0,0,0,0,0,0,0,0,51,21,0,39,37,34,9,40,41,40,36,49,50,0,64,0,0,0,0,0,0,0,0,0,0,36,0,35,46,49,41,46
l22,2=0,0,0,0,0,0,0,0,44,14,0,39,32,19,0,0,42,17,27,75,43,65,0,0,0,0,0,0,2,37,0,0,0,0,0,53,48,52,36,54
l23,2=0,0,0,0,0,0,0,0,0,0,1,0,66,33,48,0,0,37,0,0,0,0,0,0,66,54,0,0,0,0,0,0,0,0,22,0,0,0,0,0
l24,2=0,0,0,0,0,0,0,0,47,0,0,25,69,38,38,45,41,46,0,0,17,0,0,73,0,60,0,0,0,0,0,0,19,39,25,0,27,0,23,0
l25,2=0,0,0,0,0,0,0,0,44,0,0,0,66,28,43,0,36,0,0,0,0,0,0,49,58,0,25,0,0,0,0,48,47,54,47,0,0,0,0,0
l26,2=0,0,0,0,0,0,0,0,0,0,0,0,0,0,0,0,0,0,0,0,0,0,0,0,0,37,0,26,87,74,85,70,70,69,59,0,0,0,0,0
l27,2=0,0,0,0,0,0,0,0,0,0,0,0,0,0,0,0,0,0,0,0,0,0,0,0,0,0,37,0,90,79,91,70,72,61,62,0,0,0,0,0
l28,2=0,0,0,0,0,0,0,0,0,0,0,0,0,0,0,0,0,0,0,40,11,0,17,0,0,0,71,76,0,81,88,70,54,71,55,0,0,0,0,0
l29,2=0,0,0,0,0,0,0,0,0,0,0,0,0,0,0,0,0,0,0,48,0,0,45,0,0,0,56,75,90,0,85,68,69,0,6,0,0,0,0,0
l30,2=0,0,0,0,0,0,0,0,0,0,0,0,0,0,0,0,0,0,0,0,0,0,0,0,0,0,67,85,87,77,0,51,69,69,37,0,0,0,0,0
l31,2=0,0,0,0,0,0,0,0,0,0,0,0,0,0,0,0,0,0,0,49,2,0,0,9,0,37,56,37,71,61,50,0,80,72,65,0,0,0,0,0
l32,2=0,0,0,0,0,0,0,0,0,0,0,0,0,0,0,0,0,0,0,0,0,0,0,0,17,38,44,35,48,64,56,70,0,71,83,0,0,0,0,0
l33,2=0,0,0,0,0,0,0,0,0,0,0,0,0,0,38,0,31,13,0,0,0,32,0,1,46,49,34,26,64,0,61,63,70,0,62,0,0,0,0,0
l34,2=0,0,0,0,0,0,0,0,0,0,0,0,0,0,5,0,0,0,0,0,25,0,0,34,40,51,35,32,64,41,46,69,84,72,0,0,0,0,0,0
l35,2=0,0,0,0,0,0,0,0,0,0,0,1,0,0,0,0,29,3,0,0,18,36,47,0,0,0,0,0,0,0,0,0,0,0,0,0,58,66,69,50
l36,2=0,0,0,0,0,0,0,0,0,0,0,44,0,0,0,17,37,32,0,42,31,47,49,0,13,0,0,0,0,0,0,0,0,0,0,67,0,64,69,29
l37,2=0,0,0,0,0,0,0,0,0,0,0,0,0,0,0,0,15,0,0,0,27,40,47,0,0,0,0,0,0,0,0,0,0,0,0,67,58,0,50,54
l38,2=0,0,0,0,0,0,0,0,10,0,0,8,24,29,18,26,31,24,0,46,42,32,33,0,0,0,0,0,0,0,0,0,0,0,0,68,59,60,0,56
l39,2=0,0,0,0,0,0,0,0,0,0,0,0,0,0,0,0,33,0,0,46,32,40,51,0,0,0,0,0,0,0,0,0,0,0,0,55,28,57,45,0

l0,3=0,86,64,72,83,75,42,0,17,77,0,0,0,0,0,0,0,0,0,0,0,0,0,0,0,0,0,0,0,0,0,0,0,0,0,0,0,0,0,0
l1,3=70,0,53,80,80,83,83,62,56,79,67,0,0,0,0,0,0,0,0,0,0,0,0,0,0,0,0,0,0,0,0,0,0,0,0,0,0,0,0,0
l2,3=69,80,0,79,80,87,87,81,41,83,90,0,0,64,0,0,0,0,0,0,0,0,0,0,0,0,0,0,0,0,0,0,0,0,0,0,0,0,0,0
l3,3=60,86,60,0,81,78,80,0,29,14,79,0,0,0,0,0,0,0,0,0,0,0,0,0,0,0,0,0,0,0,0,0,0,0,0,0,0,0,0,0
l4,3=70,82,67,78,0,82,69,17,27,71,0,0,0,0,0,0,0,0,0,0,0,0,0,0,0,0,0,0,0,0,0,0,0,0,0,0,0,0,0,0
l5,3=65,84,73,78,81,0,79,81,22,20,83,26,0,39,0,1,0,0,0,0,0,0,0,0,0,0,0,0,0,0,0,0,0,0,0,0,0,0,0,0
l6,3=0,79,70,57,52,70,0,59,50,57,87,49,38,12,0,41,39,0,0,0,0,0,0,0,0,0,0,0,0,0,0,0,0,0,0,0,0,0,0,0
l7,3=0,46,57,0,58,68,76,0,75,81,92,0,0,70,0,69,24,0,0,0,0,0,0,0,0,0,0,0,0,0,0,0,0,0,0,0,0,0,0,0
l8,3=14,21,10,15,31,28,37,80,0,86,82,46,22,83,1,78,30,30,0,0,0,34,0,7,36,0,0,0,0,0,0,0,0,0,0,0,0,0,0,0
l9,3=23,37,33,2,36,4,38,81,90,0,93,33,20,82,22,36,1,0,0,0,9,0,0,0,0,0,0,0,0,0,0,0,0,0,0,0,0,0,0,0
l10,3=18,21,67,30,0,70,82,89,80,89,0,30,5,82,9,12,0,0,0,0,0,0,0,0,3,0,0,0,0,0,0,0,0,0,0,0,0,0,6,0
l11,3=0,0,0,0,0,19,66,0,73,39,38,0,93,85,87,92,10,90,0,9,8,27,34,31,38,0,0,0,0,0,0,0,0,0,0,2,39,0,71,0
l12,3=0,0,0,0,0,0,28,0,30,26,1,92,0,37,95,89,30,97,0,22,0,27,23,76,92,88,0,0,0,0,0,0,0,29,0,7,5,0,41,0
l13,3=0,0,13,0,0,21,5,60,90,83,80,89,78,0,1,79,47,80,23,19,29,6,24,60,41,21,0,0,0,0,0,0,0,0,0,0,0,0,34,0
l14,3=0,0,0,0,0,0,0,0,0,36,22,91,96,19,0,32,33,28,0,0,15,0,26,90,90,46,0,0,0,0,0,0,0,35,0,0,0,0,41,0
l15,3=0,0,0,0,0,0,27,36,80,75,12,96,94,79,75,0,71,80,0,25,53,18,0,20,78,19,0,0,0,0,0,0,0,0,0,0,0,0,45,26
l16,3=0,0,0,0,0,0,26,11,32,1,0,37,34,31,52,36,0,80,30,20,66,57,74,24,41,29,0,0,0,0,0,0,0,34,0,13,48,41,43,41
l17,3=0,0,0,0,0,0,0,0,66,28,0,92,96,79,68,75,88,0,0,0,49,55,47,62,88,2,0,0,0,0,0,0,0,53,0,14,60,7,65,31
l18,3=0,0,0,0,0,0,0,0,0,0,0,0,0,44,0,0,54,0,0,73,33,34,73,0,0,0,0,0,0,0,0,0,0,0,0,0,0,0,0,0
l19,3=0,0,0,0,0,0,0,0,0,0,0,11,43,30,0,26,24,0,50,0,81,84,92,0,0,0,0,0,0,58,0,54,0,0,0,0,80,0,70,0
l20,3=0,0,0,0,0,0,0,0,0,12,0,21,0,53,41,68,80,63,21,82,0,88,90,0,51,0,2,0,0,0,0,0,0,0,17,34,82,93,85,80
l21,3=0,0,0,0,0,0,0,0,81,0,0,51,76,49,0,42,82,42,52,80,92,0,90,0,0,0,0,0,0,0,0,0,0,36,0,19,81,88,84,35
l22,3=0,0,0,0,0,0,0,0,35,0,0,50,45,71,0,0,85,28,71,95,96,89,0,0,0,0,0,0,7,63,0,0,0,0,0,85,84,93,82,87
l23,3=0,0,0,0,0,0,0,0,28,0,0,33,83,32,86,27,3,18,0,0,0,0,0,0,91,85,0,0,0,0,0,6,0,0,0,0,0,0,0,0
l24,3=0,0,0,0,0,0,0,0,34,0,0,44,96,32,85,76,32,75,0,0,15,5,4,90,0,81,0,0,0,0,0,0,0,42,0,0,32,0,2,0
l25,3=0,0,0,0,0,0,0,0,0,0,0,3,84,33,77,0,24,0,0,0,0,0,0,85,87,0,13,0,0,4,0,33,44,83,53,0,0,0,0,0
l26,3=0,0,0,0,0,0,0,0,0,0,0,0,0,0,0,0,0,0,0,0,0,0,0,0,0,19,0,79,99,95,98,93,87,67,87,0,0,0,0,0
l27,3=0,0,0,0,0,0,0,0,0,0,0,0,0,0,0,0,0,0,0,0,0,0,0,0,0,0,92,0,99,98,100,93,89,15,19,0,0,0,0,0
l28,3=0,0,0,0,0,0,0,0,0,0,0,0,0,0,0,0,0,0,0,36,28,0,0,0,0,0,94,100,0,98,97,92,88,87,85,0,0,0,0,0
l29,3=0,0,0,0,0,0,0,0,0,0,0,0,0,0,0,0,0,0,0,71,0,0,66,0,0,7,94,99,99,0,93,78,84,64,75,0,0,0,0,0
l30,3=0,0,0,0,0,0,0,0,0,0,0,0,0,0,0,0,0,0,0,0,0,0,0,0,0,0,93,100,92,92,0,66,85,63,21,0,0,0,0,0
l31,3=0,0,0,0,0,0,0,0,0,0,0,0,0,0,0,0,0,0,0,64,0,0,0,22,0,66,94,75,55,72,76,0,94,93,96,0,0,0,0,0
l32,3=0,0,0,0,0,0,0,0,0,0,0,0,9,0,0,0,0,0,0,0,0,0,0,0,0,78,89,76,82,82,85,97,0,89,97,0,0,0,0,0
l33,3=0,0,0,0,0,0,0,0,0,0,0,0,72,0,39,0,64,8,0,0,0,42,0,7,82,87,65,0,84,64,17,92,88,0,91,0,0,0,0,0
l34,3=0,0,0,0,0,0,0,0,0,0,0,0,0,0,3,0,3,0,0,0,38,0,0,36,0,82,80,4,78,74,65,95,94,94,0,0,0,0,0,0
l35,3=0,0,0,0,0,0,0,0,0,0,0,0,45,0,0,0,24,6,0,0,49,0,74,0,0,0,0,0,0,0,0,0,0,0,0,0,83,93,82,82
l36,3=0,0,0,0,0,0,0,0,0,0,0,58,5,0,0,0,70,62,0,63,70,75,67,0,41,0,0,0,0,0,0,0,0,0,0,85,0,93,86,82
l37,3=0,0,0,0,0,0,0,0,0,0,0,0,0,0,0,0,64,2,0,0,71,74,78,0,0,0,0,0,0,0,0,0,0,0,0,85,84,0,81,80
l38,3=0,0,0,0,0,0,0,0,1,0,0,64,65,68,76,64,64,66,0,63,82,76,72,0,39,0,0,0,0,0,0,0,0,0,0,87,86,84,0,87
l39,3=0,0,0,0,0,0,0,0,0,0,0,0,0,0,0,0,55,2,0,22,70,35,77,0,0,0,0,0,0,0,0,0,0,0,0,86,84,95,85,0

l0,4=0,86,81,72,86,78,1,73,14,72,49,0,0,0,0,0,0,0,0,0,0,0,0,0,0,0,0,0,0,0,0,0,0,0,0,0,0,0,0,0
l1,4=85,0,84,77,89,88,81,26,63,72,65,0,0,0,0,0,0,0,0,0,0,0,0,32,0,0,0,0,0,0,0,0,0,0,0,0,0,0,0,0
l2,4=76,85,0,74,84,92,83,87,67,72,91,0,0,0,0,0,0,0,0,0,0,0,0,0,0,0,0,0,0,0,0,0,0,0,0,0,0,0,0,0
l3,4=87,88,87,0,95,90,74,0,62,11,80,0,0,0,0,0,0,0,0,0,0,0,0,0,0,0,0,0,0,0,0,0,0,0,0,0,0,0,0,0
l4,4=85,88,84,74,0,89,79,73,61,66,70,0,0,48,0,0,0,0,0,0,0,0,0,0,0,0,0,0,0,0,0,0,0,0,0,0,0,0,0,0
l5,4=70,90,90,71,89,0,80,90,65,71,82,0,0,48,0,18,0,0,0,0,0,0,0,0,0,0,0,0,0,0,0,0,0,0,0,0,0,0,0,0
l6,4=64,86,88,64,82,84,0,93,63,77,88,75,69,6,0,35,45,0,0,0,0,0,0,0,0,0,0,0,0,0,0,0,0,0,0,0,0,0,0,0
l7,4=71,43,83,7,83,89,85,0,80,81,93,72,0,64,0,52,0,0,0,0,0,0,0,0,0,0,0,0,0,0,0,0,0,0,0,0,0,0,0,0
l8,4=14,68,33,60,70,58,62,76,0,82,77,76,74,79,69,53,57,68,0,0,39,76,68,0,69,0,0,0,0,0,0,0,0,0,0,0,0,0,0,0
l9,4=68,74,70,3,75,72,75,87,84,0,96,76,0,77,0,18,0,70,0,0,53,0,72,0,0,0,0,0,0,0,0,0,0,0,0,0,0,0,0,0
l10,4=23,65,82,61,71,78,81,93,72,86,0,77,69,75,69,48,0,35,0,0,0,0,0,6,0,0,0,0,0,0,0,0,0,0,0,0,0,0,0,0
l11,4=0,0,0,0,0,4,67,71,76,76,81,0,84,77,79,78,61,73,0,0,1,77,67,73,69,0,0,0,0,0,0,0,0,0,0,0,72,8,72,0
l12,4=0,0,0,0,0,0,0,0,75,0,77,86,0,82,92,64,70,85,0,23,30,0,0,77,86,85,0,0,0,0,0,0,64,53,0,0,12,0,74,0
l13,4=0,0,31,0,26,34,40,18,84,83,82,84,83,0,75,57,59,73,0,36,54,70,73,72,14,73,0,0,0,0,0,0,0,0,0,0,0,0,68,0
l14,4=0,0,0,0,0,0,0,0,73,1,78,88,91,73,0,0,70,72,0,0,60,0,12,81,89,84,0,0,0,0,0,6,0,77,67,0,1,0,74,0
l15,4=0,0,0,0,0,14,18,76,77,58,78,93,84,79,0,0,59,71,0,8,55,72,68,71,81,1,0,0,0,0,0,0,0,0,0,0,70,23,71,0
l16,4=0,0,0,0,0,0,55,0,78,5,0,76,88,77,82,55,0,87,66,71,73,85,78,72,79,77,0,0,0,0,0,0,0,55,0,82,30,62,84,74
l17,4=0,0,0,0,0,0,0,0,78,83,15,89,91,86,76,54,79,0,0,0,61,69,66,56,87,0,0,0,0,0,0,0,0,0,0,77,81,0,74,74
l18,4=0,0,0,0,0,0,0,0,0,0,0,0,0,0,0,0,65,0,0,77,8,87,76,0,0,0,0,0,0,0,0,0,0,0,0,0,0,0,0,0
l19,4=0,0,0,0,0,0,0,0,0,0,0,0,61,54,0,0,66,0,77,0,84,92,89,0,0,0,0,0,0,60,0,0,0,0,0,75,79,0,76,78
l20,4=0,0,0,0,0,0,0,0,22,65,0,0,46,72,72,51,71,76,5,94,0,91,88,0,66,0,0,0,48,0,0,0,45,0,0,73,88,80,90,72
l21,4=0,0,0,0,0,0,0,0,70,6,10,64,0,69,0,48,78,59,76,94,85,0,88,0,43,0,0,0,0,0,0,0,0,54,0,68,86,77,89,87
l22,4=0,0,0,0,0,0,0,0,62,75,0,58,0,71,1,36,70,53,69,99,92,92,0,0,0,0,69,0,0,51,0,0,14,44,0,70,91,84,92,70
l23,4=0,0,0,0,0,0,0,0,0,0,0,85,87,81,94,59,62,0,0,0,0,0,0,0,89,92,0,0,0,0,0,0,0,84,82,0,0,0,0,0
l24,4=0,0,0,0,0,0,0,0,74,0,0,74,91,33,94,65,61,81,0,0,58,4,0,94,0,83,0,0,0,0,0,0,0,80,0,0,0,0,1,0
l25,4=0,0,0,0,0,0,0,0,0,0,0,0,91,70,92,2,58,5,0,0,0,0,0,97,93,0,0,0,0,41,0,62,89,92,80,0,0,0,0,0
l26,4=0,0,0,0,0,0,0,0,0,0,0,0,0,0,0,0,0,0,0,0,0,0,84,0,0,0,0,89,99,100,99,100,98,91,96,0,0,0,0,0
l27,4=0,0,0,0,0,0,0,0,0,0,0,0,0,0,0,0,0,0,0,0,0,0,0,0,0,0,100,0,99,100,100,93,94,0,77,0,0,0,0,0
l28,4=0,0,0,0,0,0,0,0,0,0,0,0,0,0,0,0,0,0,0,0,85,0,0,0,0,0,100,100,0,100,99,96,100,100,100,0,0,0,0,0
l29,4=0,0,0,0,0,0,0,0,0,0,0,0,0,0,0,0,0,0,0,86,0,0,76,0,0,71,100,100,99,0,99,90,93,93,92,0,0,0,0,0
l30,4=0,0,0,0,0,0,0,0,0,0,0,0,0,0,0,0,0,0,0,0,0,0,0,0,0,0,99,100,99,99,0,97,97,94,0,0,0,0,0,0
l31,4=0,0,0,0,0,0,0,0,0,0,0,0,0,0,0,0,0,0,0,0,0,0,0,0,0,79,100,86,85,77,93,0,100,100,100,0,0,0,0,0
l32,4=0,0,0,0,0,0,0,0,0,0,0,0,86,0,0,0,0,0,0,0,62,0,29,0,0,90,98,90,99,98,98,100,0,100,100,0,0,0,0,0
l33,4=0,0,0,0,0,0,0,0,0,0,0,0,78,1,73,0,52,0,0,0,0,41,44,78,86,94,86,0,89,78,81,100,100,0,100,0,0,0,0,0
l34,4=0,0,0,0,0,0,0,0,0,0,0,0,0,0,76,0,0,0,0,0,2,0,0,87,26,94,97,73,99,96,0,100,100,100,0,0,0,0,0,0
l35,4=0,0,0,0,0,0,0,0,0,0,0,0,11,0,0,0,56,47,0,34,47,30,48,0,0,0,0,0,0,0,0,0,0,0,0,0,86,86,80,77
l36,4=0,0,0,0,0,0,0,0,0,0,0,50,36,0,0,35,26,66,0,57,65,69,70,0,0,0,0,0,0,0,0,0,0,0,0,84,0,86,80,84
l37,4=0,0,0,0,0,0,0,0,0,0,0,0,0,0,0,3,38,0,0,0,58,66,69,0,0,0,0,0,0,0,0,0,0,0,0,85,86,0,72,78
l38,4=0,0,0,0,0,0,0,0,0,0,0,64,71,56,70,45,69,65,0,65,77,73,80,0,0,0,0,0,0,0,0,0,0,0,0,89,87,81,0,89
l39,4=0,0,0,0,0,0,0,0,0,0,0,0,0,0,0,0,53,57,0,70,49,73,61,0,0,0,0,0,0,0,0,0,0,0,0,81,86,85,85,0

l0,5=0,87,74,72,60,72,75,68,26,70,60,0,0,0,0,0,0,0,0,0,0,0,0,0,0,0,0,0,0,0,0,0,0,0,0,0,0,0,0,0
l1,5=87,0,81,80,74,84,87,14,0,69,57,0,0,0,0,0,0,0,0,0,0,0,0,0,0,0,0,0,0,0,0,0,0,0,0,0,0,0,0,0
l2,5=76,71,0,72,56,85,84,0,0,70,70,0,0,1,0,0,0,0,0,0,0,0,0,0,0,0,0,0,0,0,0,0,0,0,0,0,0,0,0,0
l3,5=78,78,75,0,73,71,58,0,6,50,46,0,0,0,0,0,0,0,0,0,0,0,0,0,0,0,0,0,0,0,0,0,0,0,0,0,0,0,0,0
l4,5=82,85,76,83,0,80,81,60,63,63,3,0,0,6,29,1,0,0,0,0,0,0,0,0,0,0,0,0,0,0,0,0,0,0,0,0,0,0,0,0
l5,5=76,80,87,72,72,0,75,68,7,70,68,54,0,76,0,7,0,0,0,0,0,0,0,0,0,0,0,0,0,0,0,0,0,0,0,0,0,0,0,0
l6,5=74,75,80,35,54,61,0,73,60,74,70,62,0,0,0,0,27,0,0,8,0,0,0,0,0,0,0,0,0,0,0,0,0,0,0,0,0,0,0,0
l7,5=73,26,1,11,37,71,76,0,68,68,78,71,0,3,0,74,0,0,0,0,0,0,0,0,0,0,0,0,0,0,0,0,0,0,0,0,0,0,0,0
l8,5=0,0,0,9,20,16,66,71,0,77,72,78,23,88,50,63,27,27,0,0,0,18,22,1,49,0,0,0,0,0,0,0,0,0,0,0,5,0,0,0
l9,5=67,68,74,26,33,72,76,61,70,0,73,74,0,86,2,67,21,46,0,0,35,0,29,0,46,0,0,0,0,0,0,0,0,0,0,0,0,0,46,0
l10,5=74,49,75,52,1,71,76,76,67,83,0,73,4,76,60,73,0,42,0,0,0,0,0,0,0,0,0,0,0,0,0,0,0,0,0,0,0,0,0,0
l11,5=0,0,0,0,0,30,41,49,68,70,52,0,51,82,78,88,27,30,0,0,30,17,15,23,51,27,0,0,0,0,0,0,0,0,0,0,37,23,63,0
l12,5=0,0,0,0,0,0,0,0,28,0,0,87,0,71,84,64,50,89,0,0,28,0,0,43,78,72,0,0,0,0,0,0,20,14,0,3,34,0,59,0
l13,5=0,0,0,0,0,46,0,0,74,76,45,77,70,0,63,84,28,51,0,25,30,0,24,34,26,22,0,0,0,0,0,0,0,0,0,0,0,0,0,0
l14,5=0,0,0,0,5,0,0,0,43,9,31,51,84,69,0,52,26,24,0,0,46,0,17,62,85,73,0,0,0,0,0,16,0,41,12,0,3,0,60,0
l15,5=0,0,0,0,0,0,0,60,57,50,40,89,52,90,59,0,17,25,0,0,29,18,22,33,74,24,0,0,0,0,0,0,0,0,0,0,32,0,60,42
l16,5=0,0,0,0,0,0,29,0,32,29,0,40,47,54,61,33,0,30,0,41,44,19,21,0,48,28,0,0,0,0,0,1,0,26,0,14,24,22,68,36
l17,5=0,0,0,0,0,0,0,0,52,52,16,55,86,83,78,63,52,0,0,0,64,16,10,0,76,48,0,0,0,0,0,0,0,14,0,15,40,7,10,5
l18,5=0,0,0,0,0,0,0,0,0,0,0,0,0,0,0,0,0,0,0,0,0,65,61,0,0,0,0,0,0,0,0,0,0,0,0,0,0,0,0,0
l19,5=0,0,0,0,0,0,0,0,0,0,0,0,0,38,0,0,14,0,0,0,73,73,91,0,0,0,6,0,0,34,0,0,0,0,0,0,37,0,28,44
l20,5=0,0,0,0,0,0,0,0,1,11,0,9,17,34,27,12,30,30,0,82,0,70,91,0,20,0,0,0,16,0,0,0,12,0,0,20,49,32,71,57
l21,5=0,0,0,0,0,0,0,0,34,8,0,18,0,0,0,34,30,8,43,67,70,0,73,0,16,0,0,0,0,0,0,0,1,0,0,34,47,32,59,65
l22,5=0,0,0,0,0,0,0,0,37,40,0,13,13,56,29,39,20,6,29,87,74,42,0,0,0,0,14,0,0,24,0,0,0,0,0,10,54,43,71,55
l23,5=0,0,0,0,0,0,0,0,14,0,0,48,75,70,76,62,0,0,0,0,0,0,0,0,85,73,0,0,0,0,0,0,0,58,65,0,0,0,0,0
l24,5=0,0,0,0,0,0,0,0,49,48,0,42,82,44,85,77,73,79,0,0,35,10,0,83,0,74,0,0,0,0,0,0,0,45,16,0,24,0,0,0
l25,5=0,0,0,0,0,0,0,0,14,0,0,28,78,51,78,43,34,19,0,0,0,0,0,77,75,0,0,0,0,24,0,0,39,66,21,0,0,0,0,0
l26,5=0,0,0,0,0,0,0,0,0,0,0,0,0,0,0,0,0,0,0,32,0,0,50,0,0,0,0,62,78,90,84,85,72,52,67,0,0,0,0,0
l27,5=0,0,0,0,0,0,0,0,0,0,0,0,0,0,0,0,0,0,0,0,0,0,0,0,0,0,78,0,74,75,94,71,63,0,0,0,0,0,0,0
l28,5=0,0,0,0,0,0,0,0,0,0,0,0,0,0,0,0,0,0,0,0,38,0,0,0,0,0,88,89,0,91,92,61,63,63,60,0,0,0,0,0
l29,5=0,0,0,0,0,0,0,0,0,0,0,0,0,0,0,0,0,0,0,47,0,0,49,0,0,28,88,88,78,0,91,52,60,60,59,0,0,0,0,0
l30,5=0,0,0,0,0,0,0,0,0,0,0,0,0,0,0,0,0,0,0,0,0,0,0,0,0,0,85,89,78,87,0,68,0,70,0,0,0,0,0,0
l31,5=0,0,0,0,0,0,0,0,0,0,0,0,0,0,15,0,0,0,0,0,0,0,0,0,0,0,82,48,53,38,48,0,77,73,76,0,0,0,0,0
l32,5=0,0,0,0,0,0,0,0,0,0,0,0,60,0,0,0,0,0,0,0,47,0,0,0,0,66,86,45,60,62,24,91,0,75,87,0,0,0,0,0
l33,5=0,0,0,0,0,0,0,0,0,0,0,0,29,0,62,0,14,3,0,0,0,0,0,64,54,64,68,0,60,60,61,64,65,0,70,0,0,0,0,0
l34,5=0,0,0,0,0,0,0,0,0,0,0,0,20,0,49,0,25,0,0,0,16,0,0,67,34,59,69,0,57,55,0,91,81,84,0,0,0,0,0,0
l35,5=0,0,0,0,0,0,0,0,0,0,0,0,12,11,0,0,8,2,0,0,25,13,8,0,0,0,0,0,0,0,0,0,0,0,0,0,40,2,43,52
l36,5=0,0,0,0,0,0,0,0,4,0,0,25,19,2,0,27,6,10,0,41,46,19,22,0,8,0,0,0,0,0,0,0,0,0,0,20,0,49,65,67
l37,5=0,0,0,0,0,0,0,0,0,0,0,3,0,0,0,0,8,1,0,0,33,11,16,0,0,0,0,0,0,0,0,0,0,0,0,2,64,0,60,57
l38,5=0,0,0,0,0,0,0,0,0,13,0,30,26,0,45,42,20,0,0,31,55,17,24,0,0,0,0,0,0,0,0,0,0,0,0,20,46,51,0,67
l39,5=0,0,0,0,0,0,0,0,0,0,0,0,0,0,0,13,2,0,0,33,40,22,16,0,0,0,0,0,0,0,0,0,0,0,0,20,52,31,70,0

l0,6=0,92,57,85,77,84,60,57,0,67,54,0,0,0,0,0,0,0,0,0,0,0,0,0,0,0,0,0,0,0,0,0,0,0,0,0,0,0,0,0
l1,6=89,0,68,83,80,83,64,61,14,69,51,0,0,0,0,0,0,0,0,0,0,0,0,7,0,0,0,0,0,0,0,0,0,0,0,0,0,0,0,0
l2,6=49,86,0,75,65,87,64,61,44,77,57,0,0,0,0,0,0,0,0,0,0,0,0,0,0,0,0,0,0,0,0,0,0,0,0,0,0,0,0,0
l3,6=84,86,62,0,81,84,64,0,0,36,31,0,0,0,0,0,0,0,0,0,0,0,0,0,0,0,0,0,0,0,0,0,0,0,0,0,0,0,0,0
l4,6=83,89,61,86,0,89,64,0,50,46,37,0,0,14,1,0,0,0,0,0,0,0,0,30,0,0,0,0,0,0,0,0,0,0,0,0,0,0,0,0
l5,6=78,80,69,76,70,0,58,71,49,74,56,0,0,43,0,0,0,0,0,0,0,0,0,8,0,0,0,0,0,0,0,0,0,0,0,0,0,0,0,0
l6,6=59,78,64,64,59,56,0,71,44,75,56,56,0,12,0,0,53,0,0,0,0,0,1,0,0,0,0,0,0,0,0,0,0,0,0,0,0,0,0,0
l7,6=47,53,39,25,0,77,63,0,59,74,59,57,0,0,0,63,0,0,0,0,0,0,0,0,0,0,0,0,0,0,0,0,0,0,0,0,0,0,0,0
l8,6=0,0,22,0,46,41,41,49,0,74,56,66,44,67,20,59,52,56,0,0,26,16,24,0,29,12,0,0,0,0,0,0,0,0,0,0,0,0,0,0
l9,6=19,37,50,44,23,69,59,66,62,0,59,57,39,66,31,60,36,26,0,0,1,0,13,0,0,0,0,0,0,0,0,0,0,0,0,0,0,0,2,0
l10,6=58,22,47,33,19,57,61,75,61,81,0,63,0,49,0,56,47,0,0,0,0,0,0,0,0,0,0,0,0,0,0,0,0,0,0,0,0,0,0,0
l11,6=0,0,0,0,0,0,33,28,35,27,28,0,55,50,43,81,46,46,0,0,9,0,0,3,39,25,0,0,0,0,0,0,0,0,0,0,27,6,32,0
l12,6=0,0,0,0,0,0,0,0,17,18,0,66,0,35,58,64,62,64,0,0,5,1,2,35,65,62,0,0,0,0,0,0,0,18,22,0,21,0,15,0
l13,6=0,0,0,0,0,4,1,0,61,42,23,60,42,0,33,69,38,55,0,19,0,0,16,27,40,0,0,0,0,0,0,0,0,0,0,27,24,0,2,0
l14,6=0,0,0,0,2,0,0,0,17,18,0,52,56,38,0,47,33,49,0,0,26,0,14,47,47,47,0,0,0,0,0,0,0,18,0,0,0,0,25,0
l15,6=0,0,0,0,0,0,0,34,24,33,23,73,51,57,41,0,51,54,0,0,2,21,11,33,43,9,0,0,0,0,0,0,0,0,0,4,24,0,28,0
l16,6=0,0,0,0,0,0,25,0,12,2,4,45,51,26,29,49,0,65,8,18,4,24,23,5,41,25,0,0,0,0,0,0,0,1,0,42,28,8,35,13
l17,6=0,0,0,0,0,0,0,0,25,7,0,54,53,54,48,63,63,0,0,0,42,17,9,0,49,27,0,0,0,0,0,0,0,9,0,9,30,6,23,0
l18,6=0,0,0,0,0,0,0,0,0,0,0,0,0,0,0,0,39,0,0,41,0,35,0,0,0,0,0,0,0,0,0,0,0,0,0,0,0,0,0,0
l19,6=0,0,0,0,0,0,0,0,0,0,0,0,0,28,0,0,34,0,19,0,62,44,60,0,0,0,2,0,0,0,2,23,0,0,0,43,14,0,12,35
l20,6=0,0,0,0,0,0,0,0,20,0,0,4,18,0,29,0,5,37,0,58,0,64,60,0,1,0,3,0,0,0,0,3,0,5,0,11,40,15,41,34
l21,6=0,0,0,0,0,0,0,0,19,0,0,0,24,0,0,42,38,31,14,46,62,0,56,0,0,0,0,0,0,0,0,0,0,0,0,47,38,19,25,34
l22,6=0,0,0,0,0,0,0,0,22,17,0,0,18,35,26,40,42,19,0,60,67,62,0,0,0,0,25,0,0,11,0,0,0,0,0,49,51,16,36,37
l23,6=0,0,0,0,17,0,0,0,0,0,0,0,47,31,55,44,36,0,0,0,0,0,0,0,60,57,0,0,0,0,0,22,2,32,37,0,0,0,0,0
l24,6=0,0,0,0,0,0,0,0,19,0,0,46,63,42,55,53,43,48,0,0,19,0,0,67,0,46,0,0,0,0,0,0,0,28,28,0,1,0,1,0
l25,6=0,0,0,0,0,0,0,0,13,0,0,24,58,0,54,18,36,26,0,0,0,0,0,63,54,0,0,0,0,0,0,0,14,33,0,0,0,0,0,0
l26,6=0,0,0,0,0,0,0,0,0,0,0,0,0,0,0,0,0,0,0,19,17,0,25,0,0,0,0,49,88,75,61,69,60,29,42,0,0,0,0,0
l27,6=0,0,0,0,0,0,0,0,0,0,0,0,0,0,0,0,0,0,0,0,0,0,0,0,0,0,62,0,85,73,91,50,27,0,0,0,0,0,0,0
l28,6=0,0,0,0,0,0,0,0,0,0,0,0,0,0,0,0,0,0,0,0,16,0,0,0,0,0,67,86,0,81,86,65,54,65,61,0,0,0,0,0
l29,6=0,0,0,0,0,0,0,0,0,0,0,0,0,0,0,0,0,0,0,0,0,0,6,0,0,0,64,85,88,0,34,40,40,44,33,0,0,0,0,0
l30,6=0,0,0,0,0,0,0,0,0,0,0,0,0,0,0,0,0,0,0,0,0,0,0,0,0,0,67,88,85,27,0,39,0,0,39,0,0,0,0,0
l31,6=0,0,0,0,0,0,0,0,0,0,0,0,0,0,0,0,0,0,0,20,11,0,0,18,0,0,63,27,46,28,30,0,79,60,76,0,0,0,0,0
l32,6=0,0,0,0,0,0,0,0,0,0,0,0,0,0,0,0,0,0,0,0,0,0,0,12,0,21,50,16,54,33,0,76,0,70,83,0,0,0,0,0
l33,6=0,0,0,0,0,0,0,0,0,0,0,0,35,0,34,0,0,31,0,0,20,0,0,38,36,42,24,0,50,34,17,63,70,0,66,0,0,0,0,0
l34,6=0,0,0,0,0,0,0,0,0,0,0,0,28,0,6,0,19,0,0,0,0,0,0,28,25,0,28,0,45,25,25,64,86,70,0,0,0,0,0,0
l35,6=0,0,0,0,0,0,0,0,0,0,0,0,0,9,0,0,40,0,0,25,1,24,18,0,0,0,0,0,0,0,0,0,0,0,0,0,45,27,35,35
l36,6=0,0,0,0,0,0,0,0,0,0,0,21,15,15,0,26,35,12,0,4,37,21,27,0,0,0,0,0,0,0,0,0,0,0,0,51,0,28,45,43
l37,6=0,0,0,0,0,0,0,0,0,0,0,5,0,0,0,0,18,0,0,0,22,20,12,0,0,0,0,0,0,0,0,0,0,0,0,64,58,0,19,31
l38,6=0,0,0,0,0,0,0,0,0,0,0,39,23,1,28,45,49,26,0,15,47,23,25,0,0,0,0,0,0,0,0,0,0,0,0,59,58,18,0,38
l39,6=0,0,0,0,0,0,0,0,0,0,0,0,0,0,0,0,30,0,0,37,38,24,26,0,0,0,0,0,0,0,0,0,0,0,0,48,58,20,44,0

l0,7=0,95,86,90,88,89,89,0,55,40,72,0,0,2,0,0,0,0,0,0,0,0,0,0,0,0,0,0,0,0,0,0,0,0,0,0,0,0,0,0
l1,7=90,0,83,87,90,85,86,66,52,72,57,0,0,38,0,0,0,0,0,0,0,0,0,0,0,0,0,0,0,0,0,0,0,0,0,0,0,0,0,0
l2,7=86,91,0,87,86,85,86,63,69,72,72,0,0,0,0,0,0,0,0,0,0,0,0,0,0,0,0,0,0,0,0,0,0,0,0,0,0,0,0,0
l3,7=89,91,83,0,90,84,86,0,0,0,64,0,0,0,0,0,0,0,0,0,0,0,0,0,0,0,0,0,0,0,0,0,0,0,0,0,0,0,0,0
l4,7=85,94,77,90,0,85,86,50,61,18,54,0,0,36,0,0,0,0,0,0,0,0,0,5,9,0,0,0,0,0,0,0,0,0,0,0,0,0,0,0
l5,7=86,92,81,88,87,0,29,85,76,76,73,0,0,45,0,5,0,0,0,0,0,0,0,0,0,0,0,0,0,0,0,0,0,0,0,0,0,0,0,0
l6,7=82,90,86,76,86,29,0,83,0,78,72,22,0,47,0,0,18,0,0,0,0,0,0,0,0,0,0,0,0,0,0,0,0,0,0,0,0,0,0,0
l7,7=0,55,20,29,63,84,89,0,62,78,73,8,5,54,0,40,0,5,0,0,0,0,0,0,0,0,0,0,0,0,0,0,0,0,0,0,0,0,0,0
l8,7=30,28,13,0,34,44,0,55,0,74,71,68,31,69,21,39,24,57,0,0,4,0,30,0,9,0,0,0,0,0,0,0,0,0,0,0,0,0,0,0
l9,7=7,36,28,0,11,75,83,82,76,0,73,58,27,64,13,37,0,11,0,0,29,9,15,13,22,0,0,0,0,0,0,0,0,0,0,0,0,0,10,0
l10,7=54,27,33,42,49,67,65,83,76,73,0,60,0,28,0,58,34,9,0,0,0,0,0,0,0,0,0,0,0,0,0,0,0,0,0,0,0,0,0,0
l11,7=0,0,0,0,0,0,17,1,53,43,41,0,62,57,19,68,24,41,0,0,24,4,20,15,24,12,0,0,0,0,0,0,0,0,0,8,7,0,17,8
l12,7=0,0,0,0,0,0,0,0,20,20,0,71,0,24,43,40,41,62,0,0,27,0,0,34,82,51,0,0,0,0,0,0,0,9,1,0,0,0,9,0
l13,7=0,8,0,0,14,18,19,25,78,72,5,54,25,0,21,39,16,59,0,0,25,0,23,11,33,17,0,0,0,0,0,0,0,0,0,12,17,0,11,0
l14,7=0,0,0,0,0,0,0,0,20,20,0,23,47,32,0,13,22,62,0,0,28,27,24,60,21,33,0,0,0,0,0,0,0,9,0,0,0,0,9,0
l15,7=0,0,0,0,0,0,0,28,48,51,43,79,67,59,19,0,18,49,0,2,30,30,30,23,22,19,0,0,0,0,0,0,0,0,0,0,14,19,15,0
l16,7=0,0,0,0,0,0,11,0,20,5,26,33,37,24,20,13,0,54,21,0,42,38,38,22,23,18,0,0,0,0,0,12,5,0,0,38,37,23,16,0
l17,7=0,0,0,0,0,0,0,0,27,19,11,31,37,44,23,18,28,0,0,10,44,26,0,1,34,0,0,0,0,0,0,0,0,10,0,0,33,0,17,0
l18,7=0,0,0,0,0,0,0,0,0,0,0,0,0,0,0,0,42,0,0,44,52,36,0,0,0,0,0,0,0,0,0,0,0,0,0,0,0,0,0,0
l19,7=0,0,0,0,0,0,0,0,0,0,0,0,7,0,0,0,0,1,26,0,77,43,64,0,0,0,9,0,0,0,0,30,0,0,0,31,4,1,3,32
l20,7=0,0,0,0,0,0,0,0,0,20,0,12,17,20,11,13,26,40,21,69,0,61,66,0,0,0,0,0,3,9,0,0,0,0,0,47,41,23,55,14
l21,7=0,0,0,0,0,0,0,0,4,17,0,6,13,14,18,22,28,31,17,46,78,0,65,0,0,0,0,0,0,0,0,0,0,0,0,46,29,21,52,54
l22,7=0,0,0,0,0,0,0,0,23,20,0,19,3,20,12,17,31,0,0,66,81,65,0,0,0,0,0,0,0,5,0,0,0,0,0,37,46,15,53,48
l23,7=0,0,0,0,2,0,0,0,0,8,0,15,40,20,60,17,22,0,0,0,0,0,0,0,88,79,0,0,0,0,0,0,9,9,24,0,0,0,0,0
l24,7=0,0,0,0,2,0,0,0,3,20,0,26,77,36,22,13,28,61,0,0,0,0,0,76,0,63,0,0,0,0,0,0,0,9,11,0,0,0,0,0
l25,7=0,0,0,0,0,0,0,0,0,13,0,12,69,20,60,10,23,0,0,0,0,0,0,71,70,0,0,0,0,8,0,3,16,38,0,0,0,0,6,0
l26,7=0,0,0,0,0,0,0,0,0,0,0,0,0,0,0,0,0,0,0,30,22,0,0,0,0,0,0,55,82,81,63,64,78,52,52,0,0,0,0,0
l27,7=0,0,0,0,0,0,0,0,0,0,0,0,0,0,0,0,0,0,0,0,0,0,0,0,0,0,70,0,77,82,84,38,57,0,0,0,0,0,0,0
l28,7=0,0,0,0,0,0,0,0,0,0,0,0,0,0,0,0,0,0,0,19,38,0,4,0,0,0,74,85,0,85,82,64,36,70,32,0,0,0,0,0
l29,7=0,0,0,0,0,0,0,0,0,0,0,0,0,0,0,0,0,0,0,0,45,0,7,0,0,20,70,85,82,0,82,56,65,50,33,0,0,0,0,0
l30,7=0,0,0,0,0,0,0,0,0,0,0,0,0,0,0,0,0,0,0,0,0,0,0,0,0,0,65,86,77,82,0,53,50,30,45,0,0,0,0,0
l31,7=0,0,0,0,0,0,0,0,0,0,0,0,0,0,0,0,17,0,0,40,0,0,0,0,0,0,70,13,61,48,50,0,84,87,80,0,0,0,0,0
l32,7=0,0,0,0,0,0,0,0,0,0,0,0,0,0,0,0,16,0,0,0,0,0,0,29,0,35,65,31,33,66,55,67,0,83,81,0,0,0,0,0
l33,7=0,0,0,0,0,0,0,0,0,0,0,0,32,0,43,0,0,40,0,0,8,0,0,43,45,45,44,0,61,48,41,69,81,0,59,0,0,0,0,0
l34,7=0,0,0,0,0,0,0,0,0,0,0,0,22,0,0,0,0,0,0,0,0,0,0,49,41,10,46,13,38,33,44,69,86,57,0,0,0,0,0,0
l35,7=0,0,0,0,0,0,0,0,0,0,0,0,0,2,0,0,20,0,0,19,55,48,35,0,0,0,0,0,0,0,0,0,0,0,0,0,50,56,51,18
l36,7=0,0,0,0,0,0,0,0,0,0,0,0,3,8,0,0,22,27,0,0,55,40,52,0,0,0,0,0,0,0,0,0,0,0,0,56,0,52,54,54
l37,7=0,0,0,0,0,0,0,0,0,0,0,0,0,0,0,3,16,0,0,0,28,4,0,0,0,0,0,0,0,0,0,0,0,0,0,61,47,0,6,22
l38,7=0,0,0,0,0,0,0,0,0,17,0,47,14,35,16,17,22,42,0,11,58,50,48,0,0,0,0,0,0,0,0,0,0,0,0,54,55,12,0,18
l39,7=0,0,0,0,0,0,0,0,0,0,0,0,0,0,0,0,0,0,0,34,46,48,48,0,0,0,0,0,0,0,0,0,0,0,0,53,49,28,17,0

l0,8=0,94,98,91,94,96,93,79,50,87,71,0,0,68,0,0,0,0,0,0,0,0,0,0,0,0,0,0,0,0,0,0,0,0,0,0,0,0,0,0
l1,8=96,0,98,87,95,97,93,91,87,85,56,0,0,18,0,0,0,0,0,0,0,0,0,56,0,0,0,0,0,0,0,0,0,0,0,0,0,0,0,0
l2,8=93,86,0,87,87,96,94,88,54,0,70,0,0,0,0,0,0,0,0,0,0,0,0,0,0,0,0,0,0,0,0,0,0,0,0,0,0,0,0,0
l3,8=93,80,89,0,94,95,86,65,0,19,64,0,0,1,0,0,0,0,0,0,0,0,0,0,0,0,0,0,0,0,0,0,0,0,0,0,0,0,0,0
l4,8=87,94,93,91,0,95,94,78,86,80,1,0,0,85,0,0,0,0,0,0,0,0,0,0,68,0,0,0,0,0,0,0,0,0,0,0,0,0,0,0
l5,8=95,94,98,91,94,0,92,91,91,82,73,65,0,3,0,0,0,0,0,0,0,0,0,0,0,0,0,0,0,0,0,0,0,0,0,0,0,0,0,0
l6,8=87,84,94,82,87,90,0,89,52,86,68,0,0,0,0,0,58,0,0,0,0,0,0,0,0,0,0,0,0,0,0,0,0,0,0,0,0,0,0,0
l7,8=81,84,92,73,82,93,93,0,92,99,96,33,0,88,0,0,6,60,0,0,0,0,0,0,0,0,0,0,0,0,0,0,0,0,0,0,0,0,0,0
l8,8=0,81,53,0,83,88,82,91,0,95,90,84,0,90,76,87,0,78,0,47,0,0,52,0,2,0,0,0,0,0,0,0,0,0,0,0,0,0,0,0
l9,8=87,76,0,44,59,86,90,93,93,0,95,70,56,89,43,89,67,71,0,0,0,29,17,75,81,0,0,0,0,0,0,0,0,0,0,0,0,0,64,0
l10,8=80,2,66,47,22,90,83,93,92,95,0,52,0,84,0,81,0,0,0,0,0,0,0,0,0,0,0,0,0,0,0,0,0,0,0,0,0,0,0,0
l11,8=0,0,0,0,0,37,0,16,58,54,49,0,98,59,87,100,89,89,0,0,32,26,15,80,89,65,0,0,0,0,0,0,0,0,0,12,54,0,56,0
l12,8=0,0,0,0,0,0,0,0,0,22,0,68,0,0,97,99,94,65,0,0,28,0,0,93,97,91,0,0,0,0,0,0,0,7,5,12,43,0,52,0
l13,8=10,0,0,13,40,18,0,75,99,89,51,35,0,0,88,93,60,67,0,0,28,26,0,76,91,65,0,0,0,0,0,0,0,0,0,2,38,0,71,0
l14,8=0,0,0,0,0,0,0,0,41,22,0,40,98,72,0,85,63,91,0,0,43,28,21,89,94,58,0,0,0,0,0,0,0,0,0,0,37,0,0,0
l15,8=0,0,0,0,0,0,0,0,56,52,54,94,75,85,88,0,82,91,0,0,60,27,30,80,89,43,0,0,0,0,0,0,0,0,0,0,44,0,73,0
l16,8=0,0,0,0,0,0,33,0,0,20,0,45,71,38,40,80,0,70,24,42,73,24,42,57,96,35,0,0,0,0,0,25,0,0,24,2,59,50,45,32
l17,8=0,0,0,0,0,0,0,25,36,24,0,51,67,48,95,97,89,0,0,48,59,5,10,34,84,0,0,0,0,0,0,0,0,20,0,0,16,0,69,12
l18,8=0,0,0,0,0,0,0,0,0,0,0,0,0,0,0,0,72,0,0,73,80,62,0,0,0,0,0,0,0,0,0,0,0,0,0,0,0,0,6,0
l19,8=0,0,0,0,0,0,0,0,10,0,0,0,0,0,0,0,64,62,60,0,91,64,81,0,0,0,0,0,0,0,0,75,0,0,0,49,58,0,8,68
l20,8=0,0,0,0,0,0,0,0,0,0,0,14,22,13,24,53,65,49,49,94,0,82,87,0,9,0,1,0,0,33,0,0,0,0,5,23,65,55,80,36
l21,8=0,0,0,0,0,0,0,0,0,30,0,22,16,42,53,52,48,27,39,63,92,0,83,0,0,0,0,0,0,0,0,20,0,8,1,30,56,52,77,45
l22,8=0,0,0,0,0,0,0,0,27,20,0,13,0,0,45,52,65,40,0,89,93,80,0,0,0,0,0,0,15,51,0,0,0,0,0,54,68,25,73,45
l23,8=0,0,0,0,0,0,0,0,0,42,0,39,93,77,89,80,76,41,0,0,0,0,0,0,94,91,0,0,0,0,0,0,66,34,46,0,0,0,0,0
l24,8=0,0,0,0,43,0,0,0,0,42,0,43,98,81,95,77,90,64,0,0,19,0,0,94,0,90,0,0,0,0,0,4,0,10,35,0,13,0,0,0
l25,8=0,0,0,7,0,0,0,0,0,0,0,41,98,68,75,69,64,0,0,0,0,0,0,94,89,0,0,0,0,59,0,0,67,57,46,0,0,0,21,0
l26,8=0,0,0,0,0,0,0,0,0,0,0,0,0,0,0,0,0,0,0,0,51,0,0,0,0,0,0,85,90,94,89,93,86,81,82,0,0,0,0,0
l27,8=0,0,0,0,0,0,0,0,0,0,0,0,0,0,0,0,0,0,0,0,0,0,0,0,0,0,88,0,90,95,94,0,75,0,80,0,0,0,0,0
l28,8=0,0,0,0,0,0,0,0,0,0,0,0,0,0,0,0,0,0,0,0,43,0,58,0,0,0,95,90,0,95,94,91,64,78,78,0,0,0,0,0
l29,8=0,0,0,0,0,0,0,0,0,0,0,0,0,0,0,0,0,0,0,0,53,0,57,0,0,61,93,90,90,0,94,92,60,69,80,0,0,0,0,0
l30,8=0,0,0,0,0,0,0,0,0,0,0,0,0,0,0,0,0,0,0,0,0,0,0,0,0,0,87,90,90,95,0,80,77,62,0,0,0,0,0,0
l31,8=0,0,0,0,0,0,0,0,0,0,0,0,0,0,0,0,66,0,0,56,0,3,0,0,36,0,93,0,82,82,66,0,85,88,91,0,0,0,0,0
l32,8=0,0,0,0,0,0,0,0,0,0,0,0,2,0,0,0,16,0,0,0,0,0,0,57,0,59,94,59,57,65,72,95,0,92,94,0,0,0,0,0
l33,8=0,0,0,0,0,0,0,0,0,0,0,0,59,0,0,0,0,53,0,0,51,17,0,56,57,61,77,0,68,67,66,95,88,0,82,0,0,0,0,0
l34,8=0,0,0,0,0,0,0,0,0,0,0,0,62,0,0,0,69,0,0,0,57,5,0,59,60,61,73,57,63,68,0,94,92,76,0,0,0,0,0,0
l35,8=0,0,0,0,0,0,0,0,0,0,0,2,18,0,0,0,0,0,0,44,40,22,21,0,0,0,0,0,0,0,0,0,0,0,0,0,70,72,57,61
l36,8=0,0,0,0,0,0,0,0,0,0,0,11,21,16,21,25,36,0,0,42,50,20,36,0,4,0,0,0,0,0,0,0,0,0,0,57,0,59,60,41
l37,8=0,0,0,0,0,0,0,0,0,0,0,0,0,0,0,0,37,0,0,0,47,22,1,0,0,0,0,0,0,0,0,0,0,0,0,60,53,0,46,32
l38,8=0,0,0,0,0,0,0,0,0,17,0,18,25,31,0,55,42,47,0,40,66,39,33,0,0,0,0,0,0,0,0,0,0,0,0,32,69,56,0,37
l39,8=0,0,0,0,0,0,0,0,0,0,0,0,0,0,0,0,65,0,0,59,71,55,36,0,0,0,0,0,0,0,0,0,0,0,0,63,68,50,62,0

l0,9=0,97,94,90,84,96,95,90,9,88,92,0,0,55,0,0,0,0,0,0,0,0,0,0,0,0,0,0,0,0,0,0,0,0,0,0,0,0,0,0
l1,9=91,0,85,90,90,98,73,92,90,84,93,0,0,16,0,0,0,0,0,0,0,0,0,0,0,0,0,0,0,0,0,0,0,0,0,0,0,0,0,0
l2,9=91,86,0,90,90,98,96,91,54,8,82,0,70,0,0,0,0,0,0,0,0,0,0,0,0,0,0,0,0,0,0,0,0,0,0,0,0,0,0,0
l3,9=87,83,87,0,91,96,90,83,0,71,88,0,0,0,0,0,0,0,0,0,0,0,0,0,0,0,0,0,0,0,0,0,0,0,0,0,0,0,0,0
l4,9=88,90,95,90,0,95,91,86,90,47,86,0,0,36,0,0,0,0,0,0,0,0,0,0,17,0,0,0,0,0,0,0,0,0,0,0,0,0,0,0
l5,9=91,97,95,90,90,0,94,92,95,97,98,0,0,77,0,0,0,0,0,0,0,0,0,0,0,0,0,0,0,0,0,0,0,0,0,0,0,0,0,0
l6,9=89,63,94,87,88,87,0,98,55,94,97,0,0,49,0,0,14,0,0,0,0,0,0,0,0,0,0,0,0,0,0,0,0,0,0,0,0,0,0,0
l7,9=77,97,61,29,38,94,100,0,100,100,99,70,64,99,0,32,10,0,0,0,0,0,0,0,0,0,0,0,0,0,0,0,0,0,0,0,0,0,0,0
l8,9=16,88,40,0,54,92,87,78,0,98,93,94,14,96,33,52,10,50,0,46,0,0,82,0,0,0,0,0,0,0,0,0,0,0,0,0,0,0,0,0
l9,9=82,12,0,21,10,88,89,96,97,0,98,93,44,96,44,67,64,0,0,0,0,0,1,69,53,0,0,0,0,0,0,0,0,0,0,0,0,0,0,0
l10,9=83,88,69,34,74,94,96,98,95,97,0,0,67,92,0,93,32,43,0,0,0,0,0,12,0,0,0,0,0,0,0,0,0,0,0,0,0,0,0,0
l11,9=0,0,0,0,0,2,0,33,37,32,0,0,98,35,46,98,53,59,0,0,80,81,67,89,90,75,0,0,0,0,0,0,0,0,0,0,42,0,45,0
l12,9=0,0,0,0,0,0,0,0,0,7,13,99,0,31,62,85,60,100,0,0,67,82,74,100,96,100,0,0,0,0,0,0,0,0,31,0,46,0,50,0
l13,9=3,0,0,0,17,69,82,71,76,99,88,98,89,0,34,92,55,2,0,9,82,81,0,84,84,79,0,0,0,0,0,0,0,0,0,0,41,0,46,0
l14,9=0,0,0,0,2,0,0,0,21,33,0,98,100,31,0,55,53,60,0,0,80,81,76,97,98,87,0,0,0,0,0,0,0,60,3,0,0,0,0,0
l15,9=0,0,0,0,0,0,0,0,23,32,90,100,98,36,45,0,57,59,0,0,70,80,70,70,86,0,0,0,0,0,0,0,0,0,0,0,40,0,51,0
l16,9=0,0,0,0,0,0,7,0,0,29,57,91,96,32,34,53,0,55,41,63,96,81,82,88,93,69,0,0,0,0,0,42,0,70,83,4,40,47,52,51
l17,9=0,0,0,0,0,0,0,0,27,0,74,98,98,7,48,58,59,0,0,71,82,94,90,0,64,0,0,0,0,0,0,0,0,79,0,0,48,0,3,52
l18,9=0,0,0,0,0,0,0,0,0,0,0,0,0,0,0,0,89,0,0,0,87,87,0,0,0,0,0,0,0,0,0,0,0,0,0,0,6,0,0,0
l19,9=0,0,0,0,0,0,0,0,7,0,0,0,0,3,0,0,78,74,0,0,95,95,90,0,0,0,19,0,0,0,0,0,0,0,0,77,58,52,0,82
l20,9=0,0,0,0,0,0,0,0,0,0,0,56,60,22,29,35,90,34,23,94,0,100,96,0,17,0,25,0,0,0,0,0,0,0,68,0,84,77,89,86
l21,9=0,0,0,0,0,0,0,0,0,0,0,60,73,23,31,35,41,33,42,67,99,0,90,0,0,0,0,0,0,0,0,14,0,56,0,52,42,50,54,50
l22,9=0,0,0,0,0,0,0,0,32,6,0,41,64,2,27,33,79,53,0,89,99,96,0,0,0,0,0,0,19,78,0,70,0,0,0,83,83,48,90,17
l23,9=0,0,0,0,0,0,0,0,0,32,0,95,100,32,100,52,91,0,0,0,0,0,0,0,96,100,0,0,0,0,0,0,89,96,91,0,0,0,0,0
l24,9=0,0,0,0,3,0,0,0,0,22,0,98,99,34,96,58,98,53,0,0,84,0,0,100,0,98,0,0,0,0,0,0,0,93,81,0,44,0,0,0
l25,9=0,0,0,0,0,0,0,0,0,0,0,90,100,30,46,0,55,0,0,0,0,0,0,100,99,0,1,0,0,37,0,0,84,96,86,0,0,0,39,0
l26,9=0,0,0,0,0,0,0,0,0,0,0,0,0,0,0,0,0,0,0,77,90,0,0,0,0,0,0,92,99,99,96,96,100,88,92,0,0,0,0,0
l27,9=0,0,0,0,0,0,0,0,0,0,0,0,0,0,0,0,0,0,0,0,0,0,0,0,0,0,96,0,99,99,100,97,86,0,0,0,0,0,0,0
l28,9=0,0,0,0,0,0,0,0,0,0,0,0,0,0,0,0,0,0,0,0,1,4,69,0,0,0,96,100,0,99,100,87,0,92,3,0,0,0,0,0
l29,9=0,0,0,0,0,0,0,0,0,0,0,0,0,0,0,0,0,0,0,0,2,0,79,0,0,6,96,100,99,0,100,98,46,88,94,0,0,0,0,0
l30,9=0,0,0,0,0,0,0,0,0,0,0,0,0,0,0,0,0,0,0,0,0,0,0,0,0,0,96,100,99,99,0,95,90,46,88,0,0,0,0,0
l31,9=0,0,0,0,0,0,0,0,0,0,0,0,0,0,0,0,24,0,0,0,0,1,84,0,0,0,96,55,93,98,97,0,100,100,100,0,0,0,0,0
l32,9=0,0,0,0,0,0,0,0,0,0,0,0,37,0,0,0,0,0,0,0,0,0,0,91,0,83,96,33,0,82,90,99,0,100,100,0,0,0,0,0
l33,9=0,0,0,0,0,0,0,0,0,0,0,0,0,0,80,0,81,88,0,0,35,60,0,98,93,99,91,0,97,93,75,99,100,0,100,0,0,0,0,0
l34,9=0,0,0,0,0,0,0,0,0,0,0,0,94,0,28,0,96,0,0,0,95,0,0,99,87,91,82,0,1,98,97,99,100,100,0,0,0,0,0,0
l35,9=0,0,0,0,0,0,0,0,0,0,0,0,0,0,0,0,0,0,0,53,0,84,79,0,0,0,0,0,0,0,0,0,0,0,0,0,85,58,54,80
l36,9=0,0,0,0,0,0,0,0,0,0,0,25,52,8,0,25,23,10,0,43,81,65,79,0,32,0,0,0,0,0,0,0,0,0,0,89,0,58,50,50
l37,9=0,0,0,0,0,0,0,0,0,0,0,0,0,0,0,0,29,0,0,53,69,73,69,0,0,0,0,0,0,0,0,0,0,0,0,77,56,0,42,44
l38,9=0,0,0,0,0,0,0,0,0,0,0,54,64,16,0,38,51,0,0,0,93,93,85,0,0,5,0,0,0,0,0,0,0,0,0,53,47,56,0,49
l39,9=0,0,0,0,0,0,0,0,0,0,0,0,0,0,0,0,38,21,0,62,80,80,23,0,0,0,0,0,0,0,0,0,0,0,0,76,57,51,45,0

l0,10=0,89,80,96,85,81,86,76,70,76,67,0,0,0,0,0,0,0,0,0,0,0,0,0,0,0,0,0,0,0,0,0,0,0,0,0,0,0,0,0
l1,10=87,0,75,80,82,85,80,67,0,65,39,0,0,0,0,0,0,0,0,0,0,0,0,0,0,0,0,0,0,0,0,0,0,0,0,0,0,0,0,0
l2,10=85,84,0,85,84,85,80,77,14,36,33,0,49,0,0,0,0,0,0,0,0,0,0,0,0,0,0,0,0,0,0,0,0,0,0,0,0,0,0,0
l3,10=88,61,80,0,94,81,72,0,0,40,0,0,0,0,0,0,0,0,0,0,0,0,0,0,0,0,0,0,0,0,0,0,0,0,0,0,0,0,0,0
l4,10=85,83,80,94,0,81,32,59,57,60,70,0,0,0,20,0,0,0,0,0,0,0,0,0,0,0,0,0,0,0,0,0,0,0,0,0,0,0,0,0
l5,10=85,84,82,85,84,0,85,82,59,76,70,21,0,67,0,0,0,0,0,0,0,0,0,0,0,0,0,0,0,0,0,0,0,0,0,0,0,0,0,0
l6,10=84,81,67,76,64,85,0,85,80,82,78,0,0,40,0,0,26,1,0,0,0,0,0,0,0,0,0,0,0,0,0,0,0,0,0,0,0,0,0,0
l7,10=75,74,63,59,68,81,86,0,84,86,83,54,24,75,16,3,0,0,0,0,0,0,0,0,0,0,0,0,0,0,0,0,0,0,0,0,0,0,0,0
l8,10=37,0,0,0,37,38,70,75,0,88,50,74,62,80,0,75,41,39,0,28,6,0,49,43,40,0,0,0,0,0,0,0,0,0,0,0,0,0,0,0
l9,10=70,0,12,52,44,65,83,80,85,0,80,65,66,77,34,64,0,0,0,0,0,40,2,34,27,0,0,0,0,0,0,0,0,0,0,0,0,0,0,0
l10,10=67,57,65,1,67,63,71,83,67,86,0,58,0,65,0,69,0,34,0,0,0,0,0,0,0,0,0,0,0,0,0,0,0,0,0,0,0,0,0,0
l11,10=0,0,0,0,0,35,0,28,54,49,47,0,78,82,79,86,0,81,0,0,33,63,0,64,75,66,0,0,0,0,0,0,0,0,0,8,54,0,56,0
l12,10=0,0,0,0,0,0,0,0,35,40,0,85,0,51,90,86,92,98,0,0,42,69,0,93,96,97,0,0,0,0,0,0,0,15,0,0,33,0,61,0
l13,10=0,0,0,0,0,58,55,67,87,85,58,82,76,0,38,81,74,16,0,0,35,54,0,49,73,0,0,0,0,0,0,0,0,0,0,0,1,0,31,0
l14,10=0,0,0,0,8,0,0,0,0,38,0,80,91,47,0,58,78,83,0,0,23,0,13,77,89,80,0,0,0,0,0,0,0,33,0,0,47,0,40,0
l15,10=0,0,0,0,0,0,0,0,43,35,55,90,83,65,47,0,75,86,0,18,14,11,22,0,71,34,0,0,0,0,0,0,0,0,0,4,27,15,44,0
l16,10=0,0,0,0,0,0,1,0,1,0,0,10,81,42,39,45,0,72,9,11,39,61,26,38,82,18,0,0,0,0,0,0,1,2,36,32,39,35,68,48
l17,10=0,0,0,0,0,0,0,0,16,0,25,86,93,6,49,60,87,0,0,20,17,68,50,20,57,32,0,0,0,0,0,0,0,4,0,0,50,0,53,45
l18,10=0,0,0,0,0,0,0,0,0,0,0,0,0,0,0,0,45,0,0,41,56,77,1,0,0,0,0,0,0,0,0,0,0,0,0,0,0,0,0,0
l19,10=0,0,0,0,0,0,0,0,1,0,0,0,0,0,0,19,41,33,31,0,83,58,67,0,0,0,41,0,0,0,0,0,0,0,0,42,21,31,6,34
l20,10=0,0,0,0,0,0,0,0,0,0,0,21,33,29,0,12,65,26,21,89,0,94,87,0,1,0,21,0,0,0,0,0,14,0,0,38,72,33,70,60
l21,10=0,0,0,0,0,0,0,0,0,20,0,27,32,28,0,19,63,51,28,50,88,0,84,0,0,0,0,0,0,0,0,0,0,11,0,50,35,36,67,44
l22,10=0,0,0,0,0,0,0,0,10,4,0,0,0,0,0,17,35,37,0,81,88,90,0,0,0,0,0,0,0,31,0,22,1,0,0,64,52,33,70,42
l23,10=0,0,0,0,0,0,0,0,30,33,0,80,90,48,71,0,78,16,0,0,0,0,0,0,95,97,0,0,0,0,0,3,50,49,0,0,0,0,0,0
l24,10=0,0,0,0,0,0,0,0,44,39,0,78,92,51,89,55,92,79,0,0,15,0,0,97,0,90,0,0,0,0,0,0,0,34,23,0,0,0,44,0
l25,10=0,0,0,36,0,0,0,0,0,0,0,77,93,0,87,46,50,40,0,0,0,0,0,97,94,0,26,0,0,0,0,34,41,91,81,0,0,0,51,0
l26,10=0,0,0,0,0,0,0,0,0,0,0,0,0,0,0,0,0,0,0,33,41,0,0,0,0,12,0,60,97,94,99,99,94,31,35,0,0,0,0,0
l27,10=0,0,0,0,0,0,0,0,0,0,0,0,0,0,0,0,0,0,0,0,0,0,0,0,0,0,80,0,93,94,99,80,0,0,52,0,0,0,0,0
l28,10=0,0,0,0,0,0,0,0,0,0,0,0,0,0,0,0,0,0,0,0,33,0,2,0,0,0,92,96,0,94,99,87,30,52,29,0,0,0,0,0
l29,10=0,0,0,0,0,0,0,0,0,0,0,0,0,0,0,0,0,0,0,0,2,0,33,0,0,0,92,96,97,0,99,89,39,13,31,0,0,0,0,0
l30,10=0,0,0,0,0,0,0,0,0,0,0,0,0,0,0,0,0,0,0,0,0,0,0,0,0,0,91,96,97,94,0,83,57,33,35,0,0,0,0,0
l31,10=0,0,0,0,0,0,0,0,0,0,0,0,0,0,0,0,0,0,0,0,0,0,20,10,0,18,92,56,65,90,99,0,100,99,99,0,0,0,0,0
l32,10=0,0,0,0,0,0,0,0,0,0,0,0,0,0,0,0,8,0,0,0,41,0,6,75,0,19,92,0,18,68,72,100,0,100,99,0,0,0,0,0
l33,10=0,0,0,0,0,0,0,0,0,0,0,0,18,0,21,0,3,3,0,0,0,15,0,93,22,94,47,0,72,11,31,100,100,0,99,0,0,0,0,0
l34,10=0,0,0,0,0,0,0,0,0,0,0,0,2,0,0,0,62,0,0,0,17,0,0,15,26,56,83,56,44,56,60,100,100,99,0,0,0,0,0,0
l35,10=0,0,0,0,0,0,0,0,0,0,0,0,0,0,0,0,55,0,0,30,33,66,51,0,0,0,0,0,0,0,0,0,0,0,0,0,70,62,56,3
l36,10=0,0,0,0,0,0,0,0,0,0,0,24,20,0,6,0,55,44,0,11,39,42,52,0,0,0,0,0,0,0,0,0,0,0,0,86,0,72,66,69
l37,10=0,0,0,0,0,0,0,0,0,0,0,0,0,0,0,0,47,0,0,18,30,60,41,0,0,0,0,0,0,0,0,0,0,0,0,65,67,0,52,57
l38,10=0,0,0,0,0,0,0,0,0,0,0,41,48,7,2,11,72,46,0,0,43,76,66,0,9,12,0,0,0,0,0,0,0,0,0,69,66,53,0,61
l39,10=0,0,0,0,0,0,0,0,0,0,0,0,0,0,0,0,57,40,0,39,42,65,49,0,0,0,0,0,0,0,0,0,0,0,0,2,71,57,61,0

l0,11=0,78,77,86,80,79,79,76,35,3,32,0,0,0,0,0,0,0,0,0,0,0,0,2,0,0,0,0,0,0,0,0,0,0,0,0,0,0,0,0
l1,11=84,0,69,81,83,78,80,79,3,29,53,2,0,0,0,0,0,0,0,0,0,0,0,0,0,0,0,0,0,0,0,0,0,0,0,0,0,0,0,0
l2,11=86,78,0,84,86,83,70,1,11,3,75,0,0,0,0,0,0,0,0,0,0,0,0,0,0,0,0,0,0,0,0,0,0,0,0,0,0,0,0,0
l3,11=87,77,84,0,87,81,45,2,0,46,63,0,0,0,0,0,0,0,0,0,0,0,0,0,0,0,0,0,0,0,0,0,0,0,0,0,0,0,0,0
l4,11=78,74,76,82,0,76,70,56,0,53,65,0,2,0,26,0,0,0,0,0,0,0,0,37,0,0,0,0,0,0,0,0,0,0,0,0,0,0,0,0
l5,11=84,78,85,81,85,0,76,53,53,75,69,0,0,2,0,0,0,0,0,0,0,0,0,0,0,0,0,0,0,0,0,0,0,0,0,0,0,0,0,0
l6,11=71,78,59,51,74,76,0,84,27,75,67,45,0,44,0,22,33,0,0,0,0,0,0,0,0,0,0,0,0,0,0,0,0,0,0,0,0,0,0,0
l7,11=68,78,0,24,28,75,85,0,69,80,87,45,42,73,0,25,0,0,0,0,0,0,0,0,0,0,0,0,0,0,0,0,0,0,0,0,0,0,0,0
l8,11=58,1,0,1,13,40,40,63,0,84,70,63,63,76,0,69,0,55,0,26,0,0,0,34,29,0,0,0,0,0,0,0,0,0,0,0,0,0,0,0
l9,11=54,33,0,31,38,66,73,87,74,0,86,67,67,74,0,37,17,10,0,0,0,37,0,0,12,0,0,0,0,0,0,0,0,0,0,0,0,0,0,0
l10,11=43,51,28,60,59,61,71,88,64,82,0,61,0,59,0,62,0,4,0,0,0,0,0,0,0,0,0,0,0,0,0,0,0,0,0,0,0,0,0,0
l11,11=0,0,0,0,0,0,19,17,37,48,42,0,78,76,43,84,54,76,0,0,11,21,50,73,25,17,0,0,0,0,0,0,0,0,0,46,0,0,18,0
l12,11=0,0,0,0,0,0,0,0,34,39,0,82,0,59,92,47,63,82,0,0,19,38,53,78,91,93,0,0,0,0,0,0,0,0,0,0,0,0,21,0
l13,11=0,0,0,2,2,38,26,27,73,80,44,80,71,0,7,82,52,70,0,0,19,33,0,69,24,9,0,0,0,0,0,0,0,0,0,0,0,0,17,0
l14,11=0,0,0,0,50,1,0,0,0,0,0,77,85,6,0,14,64,81,0,0,0,34,0,82,0,36,0,0,0,0,0,0,0,59,45,48,53,0,18,0
l15,11=0,0,0,0,0,11,20,6,36,41,42,87,83,81,21,0,64,79,0,16,20,35,21,0,4,17,0,0,0,0,0,0,0,0,0,19,52,0,19,4
l16,11=0,0,0,0,0,0,2,0,0,5,0,57,70,39,41,19,0,69,6,0,21,38,30,43,28,5,0,0,0,0,0,0,27,25,31,40,64,20,20,24
l17,11=0,0,0,0,0,0,0,0,27,27,5,85,84,51,47,24,59,0,0,0,19,37,54,57,20,12,0,0,0,0,0,0,0,0,0,0,59,0,16,0
l18,11=0,0,0,0,0,0,0,0,0,0,0,0,0,0,0,0,27,0,0,64,50,48,7,0,0,0,0,0,0,0,0,0,0,0,0,0,0,0,0,0
l19,11=0,0,0,0,0,0,0,0,13,0,0,0,0,0,0,6,0,0,32,0,72,47,45,0,0,0,30,0,17,0,0,0,0,0,0,26,4,12,11,30
l20,11=0,0,0,0,0,0,0,0,0,0,0,0,32,30,0,10,39,31,28,78,0,81,82,0,0,0,20,0,2,0,0,0,30,0,0,30,47,17,53,19
l21,11=0,0,0,0,0,0,0,0,0,21,0,23,36,26,21,8,59,37,30,70,80,0,82,0,3,0,0,0,0,0,0,0,0,0,0,25,36,13,73,14
l22,11=0,0,0,0,0,0,0,0,0,0,0,28,29,0,0,3,22,29,0,56,77,78,0,0,0,0,0,0,3,6,0,19,0,0,0,62,64,14,75,39
l23,11=0,0,0,0,32,0,0,0,0,0,0,76,82,61,84,0,49,59,0,0,0,0,0,0,91,96,0,0,0,0,0,27,58,59,0,0,0,0,2,0
l24,11=0,0,0,0,0,0,0,0,24,25,0,70,88,61,1,9,78,59,0,0,0,0,0,88,0,86,0,0,0,0,0,0,0,0,0,0,0,0,0,0
l25,11=0,0,0,0,0,0,0,0,0,0,0,59,88,35,86,26,38,33,0,0,0,0,0,94,84,0,0,0,0,0,0,30,38,78,0,0,0,0,0,0
l26,11=0,0,0,0,0,0,0,0,0,0,0,0,0,0,0,0,0,0,0,48,33,0,0,0,0,0,0,78,93,90,94,88,81,37,54,0,0,0,0,0
l27,11=0,0,0,0,0,0,0,0,0,0,0,0,0,0,0,0,0,0,0,0,0,0,0,0,0,0,87,0,90,90,94,44,2,0,37,0,0,0,0,0
l28,11=0,0,0,0,0,0,0,0,0,0,0,0,0,0,0,0,0,0,0,22,14,0,9,0,0,0,91,96,0,92,94,81,43,0,30,0,0,0,0,0
l29,11=0,0,0,0,0,0,0,0,0,0,0,0,0,0,0,0,0,0,0,0,0,0,6,0,0,0,87,97,93,0,94,75,26,25,24,0,0,0,0,0
l30,11=0,0,0,0,0,0,0,0,0,0,0,0,0,0,0,0,0,0,0,0,0,0,0,0,0,0,90,97,93,92,0,72,30,41,32,0,0,0,0,0
l31,11=0,0,0,0,0,0,0,0,0,0,0,0,0,0,0,0,0,0,0,0,0,0,35,31,0,40,91,63,85,83,84,0,87,100,100,0,0,0,0,0
l32,11=0,0,0,0,0,0,0,0,0,0,0,0,0,0,0,0,20,0,0,0,8,0,0,38,0,4,91,3,42,33,26,87,0,100,100,0,0,0,0,0
l33,11=0,0,0,0,0,0,0,0,0,0,0,0,0,0,51,0,18,0,0,0,9,0,0,54,0,95,70,0,0,52,86,98,93,0,100,0,0,0,0,0
l34,11=0,0,0,0,0,0,0,0,0,0,0,0,0,0,12,0,33,0,0,0,0,0,0,14,0,0,68,51,42,47,55,98,93,100,0,0,0,0,0,0
l35,11=0,0,0,0,0,0,0,0,0,0,0,8,0,0,10,1,25,0,0,12,19,12,60,0,0,0,0,0,0,0,0,0,0,0,0,0,86,27,17,25
l36,11=0,0,0,0,0,0,0,0,0,0,0,0,0,0,5,3,46,48,0,0,21,32,66,0,0,0,0,0,0,0,0,0,0,0,0,71,0,29,24,28
l37,11=0,0,0,0,0,0,0,0,0,0,0,0,0,0,0,0,38,0,0,8,19,25,51,0,0,0,0,0,0,0,0,0,0,0,0,60,73,0,15,27
l38,11=0,0,0,0,0,0,0,0,0,0,0,34,57,11,15,13,49,25,0,7,22,36,70,1,0,0,0,0,0,0,0,0,0,0,0,62,78,24,0,27
l39,11=0,0,0,0,0,0,0,0,0,0,0,0,0,0,0,0,44,0,0,28,34,26,62,0,0,0,0,0,0,0,0,0,0,0,0,57,80,34,40,0

l0,12=0,85,86,86,78,84,16,37,11,0,2,0,0,0,0,0,0,0,0,0,0,0,0,0,0,0,0,0,0,0,0,0,0,0,0,0,0,0,0,0
l1,12=82,0,81,81,79,84,83,83,0,31,42,38,0,0,0,0,0,0,0,0,0,0,0,0,0,0,0,0,0,0,0,0,0,0,0,0,0,0,0,0
l2,12=83,83,0,83,79,88,85,18,32,58,71,0,0,10,0,0,0,0,0,0,0,0,0,0,0,0,0,0,0,0,0,0,0,0,0,0,0,0,0,0
l3,12=88,83,86,0,82,84,68,2,0,38,67,0,0,0,0,0,0,0,0,0,0,0,0,0,0,0,0,0,0,0,0,0,0,0,0,0,0,0,0,0
l4,12=78,80,75,82,0,75,69,9,63,0,53,0,0,0,41,0,0,0,0,0,0,0,0,55,0,0,0,0,0,0,0,0,0,0,0,0,0,0,0,0
l5,12=82,83,86,80,78,0,79,80,71,79,76,0,0,49,0,0,0,0,0,0,0,0,0,6,0,0,0,0,0,0,0,0,0,0,0,0,0,0,0,0
l6,12=43,81,86,61,74,84,0,83,61,61,70,60,0,41,2,56,12,0,0,0,0,0,0,0,0,0,0,0,0,0,0,0,0,0,0,0,0,0,0,0
l7,12=69,83,19,16,67,82,86,0,79,81,82,38,22,80,0,3,0,0,0,0,0,0,0,0,0,0,0,0,0,0,0,0,0,0,0,0,0,0,0,0
l8,12=1,0,4,25,60,65,68,66,0,82,74,60,41,82,36,61,40,44,0,36,0,19,0,0,45,0,0,0,0,0,0,0,0,0,0,0,0,0,0,0
l9,12=16,11,20,34,21,74,56,82,79,0,82,55,39,80,0,60,20,28,0,0,29,25,0,0,0,0,0,0,0,0,0,0,0,0,0,0,0,0,0,0
l10,12=8,9,41,65,61,72,72,83,76,84,0,58,0,75,0,59,0,0,0,0,0,0,0,0,0,0,0,0,0,0,0,0,0,0,0,0,0,0,0,0
l11,12=0,18,0,0,0,0,71,26,68,75,56,0,49,67,63,84,69,87,0,0,24,22,50,71,0,11,0,0,0,0,0,0,0,0,0,22,20,4,56,0
l12,12=0,0,0,0,0,0,0,0,65,69,0,82,0,48,92,84,80,91,0,0,33,28,46,67,94,90,0,0,0,0,0,0,0,0,0,0,0,0,64,0
l13,12=0,0,0,9,0,45,61,68,81,79,69,79,46,0,65,83,70,76,0,0,30,20,0,76,46,0,0,0,0,0,0,0,0,0,0,0,0,0,34,0
l14,12=0,0,0,0,48,0,0,0,17,25,0,60,88,50,0,79,81,83,0,0,9,24,0,89,95,38,0,0,0,0,0,0,0,59,55,28,31,0,0,0
l15,12=0,0,0,0,0,0,61,0,63,69,59,86,81,84,67,0,74,80,0,38,33,25,8,46,62,29,0,0,0,0,0,0,0,0,0,0,0,0,56,0
l16,12=0,0,0,0,0,0,4,0,16,42,0,53,46,33,75,72,0,84,37,30,35,30,19,7,78,4,0,0,0,0,0,0,0,0,28,17,29,27,68,55
l17,12=0,0,0,0,0,0,0,0,44,56,0,79,54,44,67,84,83,0,0,32,36,30,38,45,38,3,0,0,0,0,0,0,0,9,0,0,28,0,59,0
l18,12=0,0,0,0,0,0,0,0,0,0,0,0,0,0,0,0,13,0,0,51,68,40,0,0,0,0,0,0,0,0,0,0,0,0,0,0,0,0,0,0
l19,12=0,0,0,0,0,0,0,0,27,0,0,0,0,0,0,32,28,27,36,0,75,64,55,0,0,0,23,0,0,1,14,0,0,0,0,18,0,17,40,41
l20,12=0,0,0,0,0,0,0,0,0,35,0,23,24,21,6,35,44,36,35,77,0,81,83,0,0,0,0,0,0,0,0,14,0,0,0,19,79,33,50,36
l21,12=0,0,0,0,0,0,0,0,26,39,0,28,37,25,27,39,42,40,30,77,82,0,83,0,21,0,0,0,0,0,0,0,0,0,0,32,33,26,75,29
l22,12=0,0,0,0,0,0,0,0,0,0,0,24,21,0,0,16,18,32,0,74,81,80,0,0,0,0,0,0,20,0,0,19,0,0,0,45,64,0,75,76
l23,12=0,0,0,0,64,0,0,0,0,0,0,73,51,52,84,72,31,74,0,0,0,0,0,0,96,95,0,0,0,0,0,3,3,50,0,0,0,0,0,0
l24,12=0,0,0,0,0,0,0,0,32,5,0,0,89,56,92,73,81,61,0,0,0,45,0,93,0,88,0,0,0,0,0,4,54,10,0,0,0,0,50,0
l25,12=0,0,0,0,0,0,0,0,0,0,0,48,91,0,59,68,69,27,0,0,0,0,0,99,92,0,0,0,0,6,0,75,57,72,85,0,0,0,0,0
l26,12=0,0,0,0,0,0,0,0,0,0,0,0,0,0,0,0,0,0,0,41,0,0,0,0,0,0,0,68,89,74,81,91,75,42,74,0,0,0,0,0
l27,12=0,0,0,0,0,0,0,0,0,0,0,0,0,0,0,0,0,0,0,0,0,0,0,0,0,0,75,0,86,96,94,75,0,22,33,0,0,0,0,0
l28,12=0,0,0,0,0,0,0,0,0,0,0,0,0,0,0,0,0,0,0,0,0,0,31,0,0,0,88,97,0,96,94,81,45,43,57,0,0,0,0,0
l29,12=0,0,0,0,0,0,0,0,0,0,0,0,0,0,0,0,0,0,0,2,0,0,0,0,0,0,69,97,89,0,94,79,62,38,56,0,0,0,0,0
l30,12=0,0,0,0,0,0,0,0,0,0,0,0,0,0,0,0,0,0,0,6,0,0,0,0,0,0,84,97,89,96,0,78,64,23,26,0,0,0,0,0
l31,12=0,0,0,0,0,0,0,0,0,0,0,0,0,0,0,0,0,0,0,0,45,0,46,0,4,69,88,90,89,94,94,0,95,100,100,0,0,0,0,0
l32,12=0,0,0,0,0,0,0,0,0,0,0,0,0,0,0,0,0,0,0,0,0,0,0,15,25,22,86,0,84,87,86,95,0,100,100,0,0,0,0,0
l33,12=0,0,0,0,0,0,0,0,0,0,0,0,30,0,78,0,0,0,0,0,0,0,0,32,11,72,79,9,66,70,77,99,95,0,100,0,0,0,0,0
l34,12=0,0,0,0,0,0,0,0,0,0,0,0,0,0,32,0,27,0,0,0,0,0,0,3,0,66,88,22,59,67,56,99,95,100,0,0,0,0,0,0
l35,12=0,0,0,0,0,0,0,0,0,0,0,10,0,0,11,0,28,0,0,3,16,24,62,0,0,0,0,0,0,0,0,0,0,0,0,0,92,46,67,59
l36,12=0,0,0,0,0,0,0,0,0,0,0,9,0,0,6,0,50,34,0,0,38,9,62,0,0,0,0,0,0,0,0,0,0,0,0,63,0,52,75,70
l37,12=0,0,0,0,0,0,0,0,0,0,0,0,0,0,0,0,45,0,0,15,35,9,0,0,0,0,0,0,0,0,0,0,0,0,0,46,48,0,35,68
l38,12=0,0,0,0,0,0,0,0,0,0,0,29,28,1,0,33,63,49,0,26,34,36,62,0,10,0,0,0,0,0,0,0,0,0,0,47,49,12,0,64
l39,12=0,0,0,0,0,0,0,0,0,0,0,0,0,0,0,0,42,0,0,47,35,18,67,0,0,0,0,0,0,0,0,0,0,0,0,36,51,46,60,0

l0,13=0,91,88,93,88,89,79,70,60,50,8,0,0,0,0,0,0,0,0,0,0,0,0,0,0,0,0,0,0,0,0,0,0,0,0,0,0,0,0,0
l1,13=86,0,81,89,85,84,76,83,0,73,61,0,0,0,0,0,0,0,0,0,0,0,0,0,0,0,0,0,0,0,0,0,0,0,0,0,0,0,0,0
l2,13=86,84,0,84,81,84,79,84,0,65,82,0,0,69,0,0,0,0,0,0,0,0,0,0,0,0,0,0,0,0,0,0,0,0,0,0,0,0,0,0
l3,13=89,90,83,0,88,83,80,0,0,76,84,0,0,0,0,0,0,0,0,0,0,0,0,0,0,0,0,0,0,0,0,0,0,0,0,0,0,0,0,0
l4,13=84,86,81,88,0,82,76,39,65,67,80,0,0,6,0,0,0,0,0,0,0,0,0,55,0,0,0,0,0,0,0,0,0,0,0,0,0,0,0,0
l5,13=83,82,81,84,81,0,79,77,70,82,83,0,0,55,0,0,0,0,0,0,0,0,0,0,0,0,0,0,0,0,0,0,0,0,0,0,0,0,0,0
l6,13=79,81,84,84,81,86,0,48,77,82,37,80,0,63,0,80,0,0,0,0,0,0,0,0,0,0,0,0,0,0,0,0,0,0,0,0,0,0,0,0
l7,13=26,51,80,66,67,44,41,0,81,87,90,53,51,75,0,60,0,0,0,0,0,0,0,0,0,0,0,0,0,0,0,0,0,0,0,0,0,0,0,0
l8,13=7,0,0,0,58,45,45,82,0,91,86,67,64,83,73,68,59,37,0,9,0,60,18,0,68,0,0,0,0,0,0,0,0,0,0,0,0,0,0,0
l9,13=23,21,65,64,71,82,76,84,83,0,90,75,66,78,57,81,57,42,0,0,44,61,0,0,0,0,0,0,0,0,0,0,0,0,0,0,0,0,0,0
l10,13=4,14,71,76,61,52,40,84,81,91,0,70,0,76,0,72,0,0,0,0,0,0,0,0,0,0,0,0,0,0,0,0,0,0,0,0,0,0,0,0
l11,13=0,0,0,0,0,0,48,24,41,48,65,0,88,93,78,90,77,83,0,0,61,65,53,74,31,42,0,0,0,0,0,0,0,0,0,0,0,0,50,0
l12,13=0,0,0,0,0,0,0,0,13,44,0,93,0,63,97,89,84,72,0,0,69,54,54,0,96,98,0,0,0,0,0,0,0,70,0,0,0,0,52,0
l13,13=0,0,27,0,17,39,46,45,84,87,87,95,70,0,79,89,67,48,0,1,64,66,0,73,0,51,0,0,0,0,0,0,0,0,0,0,0,0,58,0
l14,13=0,0,0,0,0,0,0,0,47,44,0,85,95,86,0,83,91,52,0,0,1,36,0,92,96,58,0,0,0,0,0,0,1,63,66,0,0,0,0,0
l15,13=0,0,0,0,0,0,44,10,21,51,65,96,92,94,78,0,85,59,0,6,67,53,1,75,82,49,0,0,0,0,0,0,0,0,0,0,16,0,55,0
l16,13=0,0,0,0,0,0,0,0,5,32,0,77,75,37,92,87,0,60,1,6,67,60,53,0,76,25,0,0,0,0,0,0,0,35,46,57,19,0,64,58
l17,13=0,0,0,0,0,0,0,0,38,43,0,94,94,82,82,89,92,0,0,10,83,75,51,61,72,32,0,0,0,0,0,0,0,61,0,5,16,0,53,0
l18,13=0,0,0,0,0,0,0,0,0,0,0,0,0,0,0,0,62,0,0,29,91,0,19,0,0,0,0,0,0,0,0,0,0,0,0,0,0,0,0,0
l19,13=0,0,0,0,0,0,0,0,17,0,0,0,0,1,0,25,37,23,8,0,93,90,81,0,0,0,50,0,0,26,1,16,0,0,0,0,7,14,42,45
l20,13=0,0,0,0,0,0,0,0,0,18,0,40,61,21,0,47,72,54,4,63,0,93,88,0,0,0,4,0,0,0,0,14,0,0,0,35,33,42,71,84
l21,13=0,0,0,0,0,0,0,0,16,26,0,55,50,25,19,33,56,58,0,38,94,0,88,0,28,0,0,0,0,0,0,0,0,0,0,20,11,9,82,54
l22,13=0,0,0,0,0,0,0,0,0,0,0,33,45,0,0,0,58,23,0,22,96,92,0,0,0,0,21,0,16,0,0,12,0,0,19,78,22,5,68,92
l23,13=0,0,0,0,24,0,0,0,0,0,0,83,1,85,98,85,0,41,0,0,0,0,0,0,83,98,0,0,0,0,0,0,0,30,0,0,0,0,0,0
l24,13=0,0,0,0,0,0,0,0,45,0,0,8,94,0,98,85,83,51,0,0,0,65,0,84,0,95,0,0,0,0,0,0,22,21,0,0,17,0,0,0
l25,13=0,0,0,0,0,0,0,0,0,0,0,66,95,77,90,84,57,4,0,0,0,0,0,100,96,0,0,0,0,12,0,33,32,92,92,0,0,0,0,0
l26,13=0,0,0,0,0,0,0,0,0,0,0,0,0,0,0,0,0,0,0,4,29,0,28,0,0,0,0,69,98,62,100,100,71,62,0,0,0,0,0,0
l27,13=0,0,0,0,0,0,0,0,0,0,0,0,0,0,0,0,0,0,0,0,0,0,0,0,0,0,85,0,98,100,100,81,77,79,9,0,0,0,0,0
l28,13=0,0,0,0,0,0,0,0,0,0,0,0,0,0,0,0,0,0,0,0,0,0,37,0,0,0,98,98,0,100,100,91,66,83,74,0,0,0,0,0
l29,13=0,0,0,0,0,0,0,0,0,0,0,0,0,0,0,0,0,0,0,4,0,0,0,0,0,0,88,98,98,0,100,87,86,56,73,0,0,0,0,0
l30,13=0,0,0,0,0,0,0,0,0,0,0,0,0,0,0,0,0,0,0,0,0,0,0,0,0,0,98,98,98,100,0,87,81,85,0,0,0,0,0,0
l31,13=0,0,0,0,0,0,0,0,0,0,0,0,0,0,0,0,0,0,0,7,51,0,38,0,0,68,98,98,97,99,99,0,98,99,99,0,0,0,0,0
l32,13=0,0,0,0,0,0,0,0,0,0,0,0,32,0,20,0,0,0,0,0,1,0,0,0,47,83,95,47,69,96,89,100,0,100,100,0,0,0,0,0
l33,13=0,0,0,0,0,0,0,0,0,0,0,0,89,0,77,0,80,56,0,0,0,0,0,61,59,92,95,71,92,88,92,100,99,0,100,0,0,0,0,0
l34,13=0,0,0,0,0,0,0,0,0,0,0,0,9,0,40,0,52,0,0,0,12,0,45,0,0,96,0,8,98,100,21,100,99,100,0,0,0,0,0,0
l35,13=0,0,0,0,0,0,0,0,0,0,0,0,0,0,0,0,67,0,0,2,41,1,59,0,0,0,0,0,0,0,0,0,0,0,0,0,59,88,70,80
l36,13=0,0,0,0,0,0,0,0,0,0,0,0,1,0,0,36,75,23,0,5,80,17,73,0,27,0,0,0,0,0,0,0,0,0,0,90,0,28,74,80
l37,13=0,0,0,0,0,0,0,0,0,0,0,0,0,0,0,0,0,0,0,4,70,4,13,0,0,0,0,0,0,0,0,0,0,0,0,88,17,0,31,70
l38,13=0,0,0,0,0,0,0,0,0,0,0,14,60,41,0,57,72,44,0,6,81,76,72,0,0,0,0,0,0,0,0,0,0,0,0,81,23,19,0,73
l39,13=0,0,0,0,0,0,0,0,0,0,0,0,0,0,0,0,63,0,0,7,70,65,80,0,0,0,0,0,0,0,0,0,0,0,0,81,21,24,61,0

l0,14=0,97,91,100,93,96,92,84,78,95,82,0,0,0,0,0,0,0,0,0,0,0,0,0,0,0,0,0,0,0,0,0,0,0,0,0,0,0,0,0
l1,14=97,0,91,96,93,96,83,47,10,53,0,0,0,41,0,0,0,0,0,0,0,0,0,0,0,0,0,0,0,0,0,0,0,0,0,0,0,0,0,0
l2,14=97,99,0,97,94,97,92,91,11,96,43,0,0,13,0,1,0,0,0,0,0,0,0,0,0,0,0,0,0,0,0,0,0,0,0,0,0,0,0,0
l3,14=99,97,91,0,93,96,92,88,0,91,90,0,0,0,0,0,0,0,0,0,0,0,0,0,0,0,0,0,0,0,0,0,0,0,0,0,0,0,0,0
l4,14=95,97,90,97,0,96,86,0,49,51,94,0,0,36,0,0,0,0,0,0,0,0,0,0,0,0,0,0,0,0,0,0,0,0,0,0,0,0,0,0
l5,14=97,98,91,96,94,0,92,87,87,96,86,0,0,2,0,20,0,0,0,0,0,0,0,0,0,0,0,0,0,0,0,0,0,0,0,0,0,0,0,0
l6,14=97,92,91,96,88,95,0,86,82,93,93,93,0,85,0,88,0,0,0,0,0,0,36,0,0,0,0,0,0,0,0,0,0,0,0,0,0,0,0,0
l7,14=44,57,91,94,7,93,90,0,90,99,100,0,0,78,0,44,89,0,0,0,0,0,0,0,0,0,0,0,0,0,0,0,0,0,0,0,0,0,0,0
l8,14=23,9,3,0,50,32,26,43,0,99,94,28,28,38,31,41,0,0,0,17,41,25,29,0,9,0,0,0,0,0,0,0,0,0,0,0,0,0,0,0
l9,14=42,24,40,54,50,93,41,88,95,0,100,84,0,92,43,92,42,33,0,0,44,26,0,32,0,0,0,0,0,0,0,0,0,0,0,0,0,0,0,0
l10,14=53,1,0,90,94,94,92,91,89,99,0,42,43,92,0,37,0,0,0,0,13,0,0,0,0,0,0,0,0,0,0,0,0,0,0,0,0,0,0,0
l11,14=0,0,0,0,0,0,90,0,45,94,25,0,96,99,91,99,93,96,0,0,48,26,33,47,0,33,0,0,0,0,0,0,0,0,0,0,27,0,25,0
l12,14=0,0,0,0,0,0,0,0,75,0,11,75,0,86,99,86,38,98,0,3,91,0,29,47,23,98,0,0,0,0,0,0,0,54,0,0,0,0,0,0
l13,14=0,1,1,0,86,2,55,75,85,99,61,100,73,0,57,98,11,93,0,25,0,39,0,25,22,57,0,0,0,0,0,0,0,0,0,0,0,0,47,0
l14,14=0,0,0,0,0,0,0,0,87,51,0,60,100,85,0,86,93,93,0,0,1,0,0,48,66,43,0,0,0,0,0,0,14,34,0,0,0,0,24,0
l15,14=0,0,0,0,16,12,24,6,57,97,21,100,71,98,37,0,97,97,0,36,52,25,0,41,23,30,0,0,0,0,0,0,0,0,0,0,0,0,27,0
l16,14=0,0,0,0,0,0,0,51,0,49,0,52,9,0,58,91,0,93,5,58,78,23,78,1,23,5,0,0,0,0,0,0,0,12,16,53,54,4,13,80
l17,14=0,0,0,0,0,0,0,0,0,56,0,98,98,90,59,96,97,0,0,73,95,61,64,46,60,59,0,0,0,0,0,0,0,0,0,11,0,0,67,0
l18,14=0,0,0,0,0,0,0,0,0,0,0,0,0,0,0,0,59,0,0,78,85,10,55,0,0,0,0,0,0,0,0,0,0,0,0,0,0,0,0,0
l19,14=0,0,0,0,0,0,0,0,2,0,0,0,17,5,0,38,52,12,39,0,97,92,92,0,0,0,34,0,0,44,0,42,0,0,0,23,46,23,26,81
l20,14=0,0,0,0,0,0,0,0,1,40,0,20,21,0,0,40,50,15,27,96,0,98,97,0,0,0,6,0,0,0,0,0,0,0,7,34,28,23,33,77
l21,14=0,0,0,0,0,0,0,0,44,41,0,24,14,9,0,31,50,14,0,87,97,0,97,0,5,0,0,0,0,0,0,0,0,0,0,9,27,8,42,67
l22,14=0,0,0,0,0,0,10,0,26,0,0,25,19,0,0,0,85,17,26,88,97,98,0,0,0,0,7,0,19,0,0,0,0,0,0,36,55,24,32,84
l23,14=0,0,0,0,0,0,0,0,0,56,0,31,55,38,99,53,18,50,0,0,0,0,0,0,9,99,0,0,0,0,0,0,52,43,25,0,0,0,0,0
l24,14=0,0,0,0,0,0,0,0,49,0,0,0,90,41,99,90,99,100,0,0,10,7,0,22,0,71,0,0,0,0,0,0,0,0,0,0,15,0,0,0
l25,14=0,0,0,0,17,0,0,0,0,0,0,61,100,77,55,87,33,93,0,0,0,0,0,99,60,0,0,0,6,0,0,0,77,79,91,0,0,0,0,0
l26,14=0,0,0,0,0,0,0,0,0,0,0,0,0,0,0,0,0,0,0,47,64,0,45,0,0,0,0,97,100,99,100,100,96,97,98,0,0,0,0,0
l27,14=0,0,0,0,0,0,0,0,0,0,0,0,0,0,0,0,0,0,0,0,0,0,0,0,0,0,94,0,100,100,100,92,90,89,0,0,0,0,0,0
l28,14=0,0,0,0,0,0,0,0,0,0,0,0,0,0,0,0,0,0,0,0,0,0,63,0,0,12,100,100,0,100,100,92,85,91,93,0,0,0,0,0
l29,14=0,0,0,0,0,0,0,0,0,0,0,0,0,0,0,0,0,0,0,71,0,0,0,0,0,0,94,100,100,0,100,95,91,0,93,0,0,0,0,0
l30,14=0,0,0,0,0,0,0,0,0,0,0,0,0,0,0,0,0,0,0,0,0,0,0,0,0,0,100,100,100,100,0,92,88,91,0,0,0,0,0,0
l31,14=0,0,0,0,0,0,0,0,0,0,0,0,0,0,0,0,0,0,0,66,11,0,0,0,0,0,99,74,98,99,96,0,98,99,99,0,0,0,0,0
l32,14=0,0,0,0,0,0,0,0,0,0,0,0,0,0,56,0,11,0,0,0,8,0,0,65,0,77,99,79,94,99,95,100,0,100,100,0,0,0,0,0
l33,14=0,0,0,0,0,0,0,0,0,0,0,0,95,0,83,0,93,0,0,0,0,0,0,90,0,97,97,71,98,0,97,100,100,0,100,0,0,0,0,0
l34,14=0,0,0,0,0,0,0,0,0,0,0,0,12,0,0,0,92,0,0,0,77,0,0,62,0,99,100,0,100,100,0,100,100,100,0,0,0,0,0,0
l35,14=0,0,0,0,0,0,0,0,0,0,0,0,1,0,0,0,44,7,0,5,11,0,17,0,0,0,0,0,0,0,0,0,0,0,0,0,93,43,43,71
l36,14=0,0,0,0,0,0,0,0,0,0,0,2,0,0,0,0,40,0,0,21,22,6,29,0,0,0,0,0,0,0,0,0,0,0,0,94,0,5,58,46
l37,14=0,0,0,0,0,0,0,0,0,0,0,0,0,0,0,0,21,0,0,5,12,0,21,0,0,0,0,0,0,0,0,0,0,0,0,71,16,0,11,67
l38,14=0,0,0,0,0,0,0,0,0,0,0,6,0,0,5,20,35,13,0,21,73,16,49,0,0,0,0,0,0,0,0,0,0,0,0,93,58,5,0,89
l39,14=0,0,0,0,0,0,0,0,0,0,0,0,0,0,0,0,41,0,0,36,36,6,41,0,0,0,0,0,0,0,0,0,0,0,0,36,25,23,27,0

l0,15=0,93,92,99,99,99,92,82,0,87,32,0,0,0,0,0,0,0,0,0,0,0,0,0,0,0,0,0,0,0,0,0,0,0,0,0,0,0,0,0
l1,15=95,0,94,96,95,95,95,60,0,77,87,0,0,87,0,0,0,0,0,0,0,0,0,0,1,0,0,0,0,0,0,0,0,0,0,0,0,0,0,0
l2,15=94,99,0,84,98,100,99,93,78,83,9,88,0,89,0,0,0,0,0,0,0,0,0,0,0,0,0,0,0,0,0,0,0,0,0,0,0,0,0,0
l3,15=99,93,91,0,94,94,89,88,0,0,53,0,0,0,0,0,0,0,0,0,0,0,0,0,0,0,0,0,0,0,0,0,0,0,0,0,0,0,0,0
l4,15=99,95,93,96,0,97,90,46,0,42,89,0,0,83,0,0,0,0,0,0,0,0,0,0,0,0,0,0,0,0,0,0,0,0,0,0,0,0,0,0
l5,15=98,95,94,96,96,0,92,92,77,86,93,0,0,89,0,20,0,0,0,0,0,0,0,0,0,0,0,0,0,0,0,0,0,0,0,0,0,0,0,0
l6,15=95,91,94,91,92,95,0,93,33,81,92,93,88,89,0,94,0,0,0,0,0,0,37,0,0,0,0,0,0,0,0,0,0,0,0,0,0,0,0,0
l7,15=76,33,94,93,90,95,95,0,94,96,100,0,0,86,83,0,95,0,0,0,0,0,0,0,0,0,0,0,0,0,0,0,0,0,0,0,0,0,0,0
l8,15=0,17,29,17,1,66,26,85,0,100,94,60,57,87,89,89,0,0,0,31,3,82,82,2,88,0,0,0,0,0,0,0,0,0,0,0,0,0,0,0
l9,15=81,50,64,0,89,95,91,92,99,0,100,57,0,91,71,93,88,11,0,0,84,86,29,52,0,0,0,0,0,0,0,0,0,0,0,0,0,0,0,0
l10,15=38,16,43,89,93,94,92,95,79,100,0,0,88,89,82,0,1,0,0,0,0,0,0,0,0,0,0,0,0,0,0,0,0,0,0,0,0,0,0,0
l11,15=0,0,32,0,0,0,61,0,78,79,0,0,97,98,40,100,95,85,0,1,54,89,83,93,87,90,0,0,0,0,0,0,0,0,0,0,74,0,53,0
l12,15=0,0,0,0,0,0,38,0,80,0,73,96,0,92,97,94,96,85,0,2,83,0,87,96,97,99,0,0,0,0,0,0,0,43,0,9,60,1,47,0
l13,15=0,26,62,46,91,68,59,34,80,86,74,98,97,0,92,96,90,88,0,22,36,53,56,90,89,87,0,0,0,0,0,0,0,0,0,0,0,0,0,0
l14,15=0,0,0,0,0,0,0,0,80,83,50,5,97,91,0,92,96,85,0,0,28,1,0,97,98,91,0,0,0,0,0,0,0,93,14,0,0,0,0,0
l15,15=0,0,0,0,0,16,60,0,82,85,0,100,60,97,95,0,97,89,0,0,55,93,10,97,96,88,0,0,0,0,0,0,0,0,0,76,0,0,54,0
l16,15=0,0,0,0,0,0,2,52,0,78,0,61,59,68,95,93,0,87,53,49,54,83,95,0,97,62,0,0,0,0,0,0,0,30,16,86,74,54,53,69
l17,15=0,0,0,0,0,0,0,0,0,81,0,61,62,95,95,99,96,0,0,50,54,95,93,94,99,89,0,0,0,0,0,0,0,91,49,0,73,49,54,8
l18,15=0,0,0,0,0,0,0,0,0,0,0,0,0,0,0,0,83,0,0,0,80,46,63,0,0,0,0,0,0,0,0,0,0,0,0,0,0,0,0,0
l19,15=0,0,0,0,0,0,0,0,34,0,0,0,34,3,0,0,75,76,0,0,94,90,83,0,0,0,58,0,63,37,0,0,0,0,0,0,63,0,36,79
l20,15=0,0,0,0,0,0,0,0,0,86,0,59,58,0,15,81,90,91,53,93,0,96,98,0,0,0,0,0,0,0,0,0,0,0,0,96,81,6,61,97
l21,15=0,0,0,0,0,0,0,0,70,86,1,92,0,31,58,85,85,95,3,88,98,0,98,0,62,0,0,0,6,0,0,0,0,0,49,84,97,77,92,91
l22,15=0,0,0,0,0,0,8,0,71,67,0,52,36,4,0,21,88,73,21,79,97,96,0,0,0,0,41,0,6,0,0,43,0,0,0,81,66,45,83,83
l23,15=0,0,0,0,0,0,0,0,0,53,0,58,93,24,94,95,0,85,0,0,0,0,0,0,96,93,0,0,0,0,0,0,93,94,0,0,0,0,0,0
l24,15=0,0,0,0,7,0,0,0,80,0,0,57,98,60,99,96,98,90,0,0,0,2,0,98,0,93,0,0,0,0,0,0,92,20,0,0,73,0,0,0
l25,15=0,0,0,0,0,0,0,0,0,0,0,85,98,90,85,90,87,77,0,0,0,0,0,98,94,0,75,0,45,0,0,80,89,88,87,0,0,0,0,0
l26,15=0,0,0,0,0,0,0,0,0,0,0,0,0,0,0,0,0,0,0,84,0,0,68,0,0,95,0,81,100,96,88,98,97,0,98,0,0,0,0,0
l27,15=0,0,0,0,0,0,0,0,0,0,0,0,0,0,0,0,0,0,0,0,0,0,0,0,0,0,92,0,100,97,88,96,94,90,91,0,0,0,0,0
l28,15=0,0,0,0,0,0,0,0,0,0,0,0,0,0,0,0,0,0,0,80,0,30,59,0,0,68,100,85,0,97,88,96,93,91,91,0,0,0,0,0
l29,15=0,0,0,0,0,0,0,0,0,0,0,0,0,0,0,0,0,0,0,88,0,0,0,0,0,0,94,85,100,0,88,96,93,91,92,0,0,0,0,0
l30,15=0,0,0,0,0,0,0,0,0,0,0,0,0,0,0,0,0,0,0,0,0,0,0,0,0,0,100,85,100,97,0,96,93,91,0,0,0,0,0,0
l31,15=0,0,0,0,0,0,0,0,0,0,0,0,0,0,0,0,0,0,0,0,0,0,62,0,0,95,99,71,99,95,81,0,97,98,97,0,0,0,0,0
l32,15=0,0,0,0,0,0,0,0,0,0,0,0,83,0,0,0,52,0,0,0,20,0,0,93,92,88,99,71,85,96,87,98,0,98,99,0,0,0,0,0
l33,15=0,0,0,0,0,0,0,0,0,0,0,0,57,0,90,0,91,44,0,0,0,0,10,99,77,90,4,74,98,58,57,100,100,0,100,0,0,0,0,0
l34,15=0,0,0,0,0,0,0,0,0,0,0,0,48,0,66,0,55,10,0,0,0,53,0,0,0,91,99,61,88,93,0,98,98,98,0,0,0,0,0,0
l35,15=0,0,0,0,0,0,0,0,0,0,0,0,28,0,0,62,70,0,0,14,50,59,57,0,0,0,0,0,0,0,0,0,0,0,0,0,96,94,56,92
l36,15=0,0,0,0,0,0,0,0,0,0,0,54,33,0,0,0,85,67,0,45,51,83,79,0,57,0,0,0,0,0,0,0,0,0,0,99,0,59,81,88
l37,15=0,0,0,0,0,0,0,0,0,0,0,0,0,0,0,0,69,0,0,0,4,70,74,0,0,0,0,0,0,0,0,0,0,0,0,95,91,0,56,93
l38,15=0,0,0,0,0,0,0,0,0,0,0,53,35,0,0,89,89,93,0,3,56,89,92,0,0,0,0,0,0,0,0,0,0,0,0,97,86,59,0,92
l39,15=0,0,0,0,0,0,0,0,0,0,0,0,0,0,0,0,70,0,0,47,89,78,80,0,0,0,0,0,0,0,0,0,0,0,0,99,77,97,59,0

