t=2016-04-13_13.21.48

n=40

q0=1
q1=1
q2=1
q3=1
q4=1
q5=1
q6=1
q7=1
q8=1
q9=1
q10=1
q11=1
q12=1
q13=1
q14=1
q15=1
q16=1
q17=1
q18=1
q19=1
q20=1
q21=1
q22=1
q23=1
q24=1
q25=1
q26=1
q27=1
q28=1
q29=1
q30=1
q31=1
q32=1
q33=1
q34=1
q35=1
q36=1
q37=1
q38=1
q39=1

a0=0x141592000c576ce6
a1=0x141592000c5aedbc
a2=0x141592000c5750f4
a3=0x141592000c576658
a4=0x141592000c575890
a5=0x141592000c574ffa
a6=0x141592000c5acf11
a7=0x141592000d9df361
a8=0x141592000c576300
a9=0x141592000c5779b6
a10=0x141592000c5762b9
a11=0x141592000c5af078
a12=0x141592000c575517
a13=0x141592000c5752c3
a14=0x141592000c5a4baa
a15=0x141592000c5776e7
a16=0x141592000c58cdeb
a17=0x141592000c5881fc
a18=0x141592000bd81d33
a19=0x141592000bd84d6a
a20=0x141592000c577233
a21=0x141592000c574527
a22=0x141592000c5746a3
a23=0x141592000c574da3
a24=0x141592000c5741c9
a25=0x141592000da244ea
a26=0x141592000c5ae886
a27=0x141592000c57510e
a28=0x141592000c5ab6c8
a29=0x141592000c574d05
a30=0x141592000edae61f
a31=0x141592000c57667e
a32=0x141592000c577f43
a33=0x141592000c576449
a34=0x1415920010f4117a
a35=0x141592000c575966
a36=0x141592000c574d35
a37=0x141592000c576fb1
a38=0x141592000c5aea5d
a39=0x141592000c59f23f

l0,0=0,86,70,93,87,87,85,0,55,77,69,0,0,0,0,0,0,0,0,0,0,0,0,0,0,0,0,0,0,0,0,0,0,0,0,0,0,0,0,0
l1,0=89,0,85,78,69,89,39,72,61,2,80,0,0,28,0,0,0,0,0,0,0,0,0,0,0,0,0,0,0,0,0,0,0,0,0,0,0,0,0,0
l2,0=76,85,0,69,75,85,91,79,0,75,77,0,0,71,0,0,0,0,0,0,0,0,0,0,0,0,0,0,0,0,0,0,0,0,0,0,0,0,0,0
l3,0=95,84,58,0,87,76,82,45,58,0,74,0,0,0,0,0,0,0,0,0,0,0,0,0,0,0,0,0,0,0,0,0,0,0,0,0,0,0,0,0
l4,0=88,37,43,74,0,78,65,36,50,55,59,0,0,46,0,0,0,0,0,0,0,0,0,0,0,0,0,0,0,0,0,0,0,0,0,0,0,0,0,0
l5,0=81,95,65,54,76,0,81,59,60,71,68,0,0,10,0,0,0,0,0,0,0,0,0,0,0,0,0,0,0,0,0,0,0,0,0,0,0,0,0,0
l6,0=38,5,60,61,25,80,0,86,64,16,63,0,0,12,0,23,15,0,0,0,0,0,0,0,0,0,0,0,0,0,0,0,0,0,0,0,0,0,0,0
l7,0=1,82,53,24,55,78,84,0,55,78,77,0,0,0,0,25,0,0,0,0,0,0,0,0,0,0,0,0,0,0,0,0,0,0,0,0,0,0,0,0
l8,0=0,4,0,18,28,39,69,26,0,90,6,45,2,92,34,74,71,7,0,0,0,39,0,14,16,0,0,0,0,0,0,0,0,0,0,0,0,0,39,0
l9,0=37,0,54,0,26,87,70,69,89,0,85,5,0,74,6,34,33,15,0,0,0,0,10,0,0,0,0,0,0,0,0,0,0,0,0,0,0,0,0,0
l10,0=65,83,58,56,64,78,81,87,63,93,0,70,44,82,0,72,0,0,0,0,0,0,0,0,0,0,0,0,0,0,0,0,0,0,0,0,0,0,0,0
l11,0=0,0,0,0,0,5,13,17,57,72,66,0,52,59,84,92,40,31,0,39,0,5,0,0,50,0,0,0,0,0,0,0,0,0,0,0,19,2,65,0
l12,0=0,0,0,0,0,0,0,0,47,60,21,84,0,83,87,91,54,99,0,0,52,36,0,78,95,75,0,0,0,0,0,0,0,59,0,0,14,0,70,0
l13,0=0,0,17,0,28,22,59,2,78,71,79,86,77,0,86,79,22,42,0,57,0,44,27,41,57,51,0,0,0,0,0,0,0,0,0,0,0,0,62,0
l14,0=0,0,0,0,0,0,0,0,48,6,1,28,50,60,0,80,49,26,0,0,59,0,0,47,53,81,0,0,0,0,0,0,0,64,0,0,15,0,66,0
l15,0=0,0,0,0,0,0,26,5,52,62,60,94,86,51,84,0,38,31,0,0,29,0,15,0,87,0,0,0,0,0,0,0,0,0,0,0,13,0,70,0
l16,0=0,0,0,0,0,0,12,0,57,50,0,28,28,15,85,72,0,31,0,60,60,50,40,33,51,0,0,0,0,0,0,0,0,20,0,14,0,0,86,63
l17,0=0,0,0,0,0,0,0,0,36,63,0,30,67,48,85,84,44,0,0,0,71,47,25,0,52,42,0,0,0,0,0,0,0,76,0,1,24,23,0,0
l18,0=0,0,0,0,0,0,0,0,0,0,0,0,0,0,0,0,0,0,0,0,76,2,56,0,0,0,0,0,0,0,0,0,0,0,0,0,0,0,0,0
l19,0=0,0,0,0,0,0,0,0,3,0,0,9,0,17,0,0,11,0,0,0,77,9,87,0,0,0,8,0,0,0,0,0,0,0,0,0,10,0,6,67
l20,0=0,0,0,0,0,0,0,0,0,0,0,0,8,0,13,9,8,2,22,78,0,81,86,0,0,0,0,0,0,0,0,0,0,0,1,0,47,58,98,86
l21,0=0,0,0,0,0,0,0,0,50,0,0,9,9,36,0,0,76,10,2,9,87,0,86,0,0,0,6,0,0,0,0,0,0,0,0,36,20,24,82,70
l22,0=0,0,0,0,0,0,0,0,3,4,0,0,0,14,0,8,29,1,18,79,87,81,0,0,3,0,0,0,0,0,0,0,5,0,0,16,48,39,82,81
l23,0=0,0,0,0,0,0,0,0,40,0,0,0,53,55,79,0,33,0,0,0,0,0,0,0,88,45,0,0,0,0,0,0,23,49,46,0,0,0,0,0
l24,0=0,0,0,0,0,0,0,0,49,0,0,23,88,39,79,79,38,25,0,0,0,0,15,80,0,42,0,0,0,0,0,0,57,65,44,0,0,0,0,0
l25,0=0,0,0,0,0,0,0,0,21,0,0,0,73,41,81,0,0,27,0,0,0,0,0,27,78,0,32,1,0,0,0,30,57,50,73,0,0,0,0,0
l26,0=0,0,0,0,0,0,0,0,0,0,0,0,0,0,0,0,0,0,0,44,0,31,1,0,0,43,0,75,93,82,90,82,48,52,42,0,0,0,0,0
l27,0=0,0,0,0,0,0,0,0,0,0,0,0,0,0,0,0,0,0,0,0,0,0,0,0,0,0,87,0,86,89,97,78,42,51,49,0,0,0,0,0
l28,0=0,0,0,0,0,0,0,0,0,0,0,0,0,0,0,0,0,0,0,1,0,0,0,0,0,0,97,99,0,92,97,83,58,59,61,0,0,0,0,0
l29,0=0,0,0,0,0,0,0,0,0,0,0,0,0,0,0,0,0,0,0,0,0,0,0,0,0,0,91,99,93,0,95,61,36,55,32,0,0,0,0,0
l30,0=0,0,0,0,0,0,0,0,0,0,0,0,0,0,0,0,0,0,0,0,0,0,0,0,0,0,85,99,93,92,0,56,63,69,0,0,0,0,0,0
l31,0=0,0,0,0,0,0,0,0,0,0,0,0,0,0,0,0,0,0,0,3,30,1,0,0,0,45,93,53,86,71,59,0,81,71,87,0,0,0,0,0
l32,0=0,0,0,0,0,0,0,0,0,0,0,0,0,0,0,0,0,0,0,0,0,0,19,36,53,51,69,46,63,51,59,81,0,75,94,0,0,0,0,0
l33,0=0,0,0,0,0,0,0,0,0,0,0,0,33,0,52,0,49,55,0,0,0,0,0,39,54,53,62,42,71,39,62,74,82,0,66,0,0,0,0,0
l34,0=0,0,0,0,0,0,0,0,0,0,0,0,0,0,0,0,0,0,0,0,46,0,15,56,53,63,75,55,72,47,0,92,91,60,0,0,0,0,0,0
l35,0=0,0,0,0,0,0,0,0,0,0,0,0,0,0,0,0,1,0,0,0,0,14,1,0,0,0,0,0,0,0,0,0,0,0,0,0,25,95,99,90
l36,0=0,0,0,0,0,0,0,0,0,0,0,21,5,0,5,8,1,4,0,66,80,37,51,0,0,0,0,0,0,0,0,0,0,0,0,31,0,88,95,92
l37,0=0,0,0,0,0,0,0,0,0,0,0,0,0,0,0,0,0,0,0,0,75,8,26,0,0,0,0,0,0,0,0,0,0,0,0,34,30,0,51,93
l38,0=0,0,0,0,0,0,0,0,6,0,0,9,11,16,8,19,40,0,0,10,86,56,52,0,0,0,0,0,0,0,0,0,0,0,0,55,33,49,0,95
l39,0=0,0,0,0,0,0,0,0,0,0,0,0,0,0,0,0,10,0,0,60,77,36,45,0,0,0,0,0,0,0,0,0,0,0,0,31,27,88,92,0

l0,1=0,65,35,84,62,45,65,30,1,46,58,0,0,2,0,0,0,0,0,0,0,0,0,0,0,0,0,0,0,0,0,0,0,0,0,0,0,0,0,0
l1,1=39,0,78,77,54,80,64,57,16,36,79,0,0,2,0,0,0,0,0,0,0,0,0,1,0,0,0,0,0,0,0,0,0,0,0,0,0,0,0,0
l2,1=42,81,0,67,3,85,84,63,1,70,85,0,0,0,0,0,0,0,0,0,0,0,0,0,0,0,0,0,0,0,0,0,0,0,0,0,0,0,0,0
l3,1=75,75,58,0,45,50,56,55,0,0,66,0,0,0,0,0,0,0,0,0,0,0,0,0,0,0,0,0,0,0,0,0,0,0,0,0,0,0,0,0
l4,1=45,66,3,62,0,53,63,55,54,55,57,0,0,6,0,0,0,0,0,0,0,0,0,0,0,0,0,0,0,0,0,0,0,0,0,0,0,0,0,0
l5,1=39,83,83,49,68,0,69,73,60,59,69,0,0,0,0,0,0,0,0,0,0,0,0,0,0,0,0,0,0,0,0,0,0,0,0,0,0,0,0,0
l6,1=26,62,74,0,21,53,0,79,45,24,76,40,0,5,0,0,1,0,0,0,0,0,0,0,0,0,0,0,0,0,0,0,0,0,0,0,0,0,0,0
l7,1=13,19,6,0,6,72,76,0,49,65,81,24,2,0,0,1,0,0,0,0,0,0,0,0,0,0,0,0,0,0,0,0,0,0,0,0,0,0,0,0
l8,1=2,14,0,0,4,23,61,59,0,76,53,57,0,68,10,40,19,10,0,0,0,38,9,3,0,0,0,0,0,0,0,0,0,0,0,0,0,0,5,0
l9,1=10,15,17,0,5,33,32,60,82,0,88,42,7,71,0,35,10,10,0,0,0,14,2,0,0,0,0,0,0,0,0,0,0,0,0,0,0,0,0,0
l10,1=29,75,68,20,43,56,70,81,62,81,0,48,0,66,0,37,0,0,0,0,0,7,0,0,0,0,0,0,0,0,0,0,0,0,0,0,0,0,0,0
l11,1=0,0,0,0,0,0,39,36,48,30,26,0,69,77,55,65,22,66,0,20,0,10,0,0,36,0,0,0,0,0,0,0,0,0,0,28,26,0,34,0
l12,1=0,0,0,0,0,0,0,0,0,20,0,73,0,41,72,62,27,83,0,0,30,38,8,57,89,52,0,0,0,0,0,0,0,0,0,0,0,0,35,0
l13,1=0,0,0,0,3,0,36,0,65,54,37,74,27,0,39,29,21,34,0,14,9,42,16,28,12,7,0,0,0,0,0,0,0,0,0,0,0,0,23,0
l14,1=0,0,0,0,1,0,0,0,47,21,0,49,70,30,0,41,29,35,0,0,43,27,0,69,51,71,0,0,0,0,0,0,0,0,0,0,13,0,0,0
l15,1=0,0,0,0,0,0,0,0,49,29,19,81,71,14,35,0,14,41,0,0,8,0,5,4,52,0,0,0,0,0,0,0,0,0,0,0,20,0,0,0
l16,1=0,0,0,0,0,0,2,0,30,8,0,34,22,18,48,30,0,43,0,14,52,54,28,6,32,35,0,0,0,0,0,0,0,19,0,44,27,0,0,44
l17,1=0,0,0,0,0,0,0,0,24,17,0,53,77,25,49,60,34,0,0,0,36,6,4,7,33,1,0,0,0,0,0,0,0,26,0,0,23,0,22,0
l18,1=0,0,0,0,0,0,0,0,0,0,0,0,0,0,0,0,0,0,0,28,62,23,53,0,0,0,0,0,0,0,0,0,0,0,0,0,0,0,0,0
l19,1=0,0,0,0,0,0,0,0,0,0,0,23,0,10,0,0,12,0,14,0,70,27,68,0,0,0,19,0,0,0,0,0,0,0,0,3,25,19,22,60
l20,1=0,0,0,0,0,0,0,0,0,0,0,0,13,11,32,8,25,21,29,66,0,81,68,0,0,0,0,0,0,0,0,5,0,0,0,48,46,49,51,69
l21,1=0,0,0,0,0,0,0,0,46,16,3,11,12,18,19,0,25,2,18,30,74,0,68,0,0,0,13,0,0,0,0,11,19,0,0,63,34,21,49,65
l22,1=0,0,0,0,0,0,0,0,26,6,0,0,7,12,0,19,26,3,14,68,71,75,0,0,0,0,0,0,0,0,0,5,0,0,0,54,46,26,44,69
l23,1=0,0,0,0,0,0,0,0,15,0,0,0,21,25,45,38,16,25,0,0,0,0,0,0,73,53,0,0,0,0,0,0,2,0,43,0,0,0,0,0
l24,1=0,0,0,0,0,0,0,0,0,0,0,45,70,20,48,45,21,33,0,0,0,0,1,70,0,69,0,0,0,0,0,0,35,46,39,0,0,0,0,0
l25,1=0,0,0,0,0,0,0,0,3,0,0,0,32,18,51,0,18,11,0,0,0,0,0,59,58,0,26,0,3,0,0,37,0,45,38,0,0,0,0,0
l26,1=0,0,0,0,0,0,0,0,0,0,0,0,0,0,0,0,0,0,0,36,0,21,0,0,0,34,0,43,59,55,62,58,59,53,47,0,0,0,0,0
l27,1=0,0,0,0,0,0,0,0,0,0,0,0,0,0,0,0,0,0,0,0,0,0,0,0,0,0,46,0,59,79,81,53,52,55,57,0,0,0,0,0
l28,1=0,0,0,0,0,0,0,0,0,0,0,0,0,0,0,0,0,0,0,24,0,0,0,0,0,20,55,64,0,80,68,58,46,53,54,0,0,0,0,0
l29,1=0,0,0,0,0,0,0,0,0,0,0,0,0,0,0,0,0,0,0,0,0,0,0,0,0,0,48,64,59,0,70,55,53,44,49,0,0,0,0,0
l30,1=0,0,0,0,0,0,0,0,0,0,0,0,0,0,0,0,0,0,0,0,0,0,0,0,0,0,47,82,59,79,0,48,48,58,0,0,0,0,0,0
l31,1=0,0,0,0,0,0,0,0,0,0,0,0,0,0,0,0,0,0,0,8,20,4,10,0,0,41,46,36,40,42,46,0,58,54,64,0,0,0,0,0
l32,1=0,0,0,0,0,0,0,0,0,0,0,0,0,0,0,0,0,0,0,0,0,41,0,39,39,0,44,42,35,39,43,56,0,60,83,0,0,0,0,0
l33,1=0,0,0,0,0,0,0,0,0,0,0,0,2,0,0,0,15,43,0,0,0,0,0,39,50,47,38,34,36,32,46,52,51,0,50,0,0,0,0,0
l34,1=0,0,0,0,0,0,0,0,0,0,0,0,0,0,1,0,4,0,0,0,4,0,0,59,45,44,42,37,41,35,0,56,72,57,0,0,0,0,0,0
l35,1=0,0,0,0,0,0,0,0,0,0,0,5,0,0,0,0,15,0,0,1,40,43,19,0,0,0,0,0,0,0,0,0,0,0,0,0,45,46,51,10
l36,1=0,0,0,0,0,0,0,0,0,0,0,33,0,0,2,29,22,6,0,34,67,49,34,0,0,0,0,0,0,0,0,0,0,0,0,65,0,49,51,63
l37,1=0,0,0,0,0,0,0,0,0,0,0,0,0,0,0,0,0,0,0,14,62,16,13,0,0,0,0,0,0,0,0,0,0,0,0,64,50,0,29,65
l38,1=0,0,0,0,0,0,0,0,0,0,0,31,21,14,0,0,0,0,0,27,72,77,25,0,0,0,0,0,0,0,0,0,0,0,0,78,60,44,0,73
l39,1=0,0,0,0,0,0,0,0,0,0,0,0,0,0,0,0,17,0,0,43,67,61,35,0,0,0,0,0,0,0,0,0,0,0,0,16,41,44,44,0

l0,2=0,34,0,0,13,46,23,3,0,17,41,0,0,0,0,0,0,0,0,0,0,0,0,0,0,0,0,0,0,0,0,0,0,0,0,0,0,0,0,0
l1,2=36,0,0,18,12,71,32,3,1,17,50,0,0,0,0,0,0,0,0,0,0,0,0,0,0,0,0,0,0,0,0,0,0,0,0,0,0,0,0,0
l2,2=36,31,0,0,10,53,44,4,1,26,43,0,0,0,0,0,0,0,0,0,0,0,0,0,0,0,0,0,0,0,0,0,0,0,0,0,0,0,0,0
l3,2=42,75,2,0,11,44,26,2,0,5,35,0,0,0,0,0,0,0,0,0,0,0,0,0,0,0,0,0,0,0,0,0,0,0,0,0,0,0,0,0
l4,2=40,33,0,0,0,47,25,3,0,20,38,0,0,0,0,0,0,0,0,0,0,0,0,0,0,0,0,0,0,0,0,0,0,0,0,0,0,0,0,0
l5,2=37,38,1,0,11,0,26,4,2,18,41,0,0,3,0,0,0,0,0,0,0,0,0,0,0,0,0,0,0,0,0,0,0,0,0,0,0,0,0,0
l6,2=31,27,1,0,10,39,0,4,2,17,41,15,13,3,0,13,0,0,0,0,0,0,0,0,0,0,0,0,0,0,0,0,0,0,0,0,0,0,0,0
l7,2=25,18,0,0,9,41,27,0,2,18,48,11,0,3,0,15,0,0,0,0,0,0,0,0,0,0,0,0,0,0,0,0,0,0,0,0,0,0,0,0
l8,2=2,10,0,0,1,28,13,3,0,24,35,20,0,3,0,19,27,19,0,0,0,17,2,0,0,2,0,0,0,0,0,0,0,0,0,0,0,0,2,0
l9,2=27,21,0,0,10,30,21,4,2,0,46,16,13,3,0,15,1,15,0,0,1,9,0,0,0,0,0,0,0,0,0,0,0,0,0,0,0,0,0,0
l10,2=27,30,0,0,8,39,27,4,2,24,0,18,0,3,0,15,0,1,0,0,0,0,0,0,0,0,0,0,0,0,0,0,0,0,0,0,0,0,0,0
l11,2=0,0,0,0,0,0,10,1,1,6,8,0,55,21,1,49,30,82,0,0,2,13,6,20,0,2,0,0,0,0,0,0,0,0,0,0,5,0,4,2
l12,2=0,0,0,0,0,0,10,0,0,9,0,58,0,5,35,48,56,84,0,0,0,16,1,66,79,55,0,0,0,0,0,0,0,0,0,0,0,0,2,0
l13,2=0,0,0,0,0,1,2,2,2,18,23,37,13,0,1,18,30,28,0,1,2,15,3,20,0,2,0,0,0,0,0,0,0,0,0,0,0,0,9,0
l14,2=0,0,0,0,0,0,0,0,0,0,0,36,60,3,0,18,57,28,0,0,1,0,0,72,52,39,0,0,0,0,0,0,0,31,0,0,0,0,10,0
l15,2=0,0,0,0,0,0,12,1,1,8,7,76,36,3,1,0,0,35,0,0,2,0,0,0,0,0,0,0,0,0,0,0,0,0,0,0,5,0,6,4
l16,2=0,0,0,0,0,0,0,0,1,0,0,16,26,3,8,0,0,66,0,0,2,19,19,4,0,3,0,0,0,0,0,0,0,14,0,0,5,18,14,20
l17,2=0,0,0,0,0,0,0,0,1,6,0,67,60,3,1,42,68,0,0,0,1,18,7,19,1,0,0,0,0,0,0,0,0,20,0,0,5,0,11,0
l18,2=0,0,0,0,0,0,0,0,0,0,0,0,0,0,0,0,0,0,0,10,16,38,6,0,0,0,0,0,0,0,0,0,0,0,0,0,0,0,0,0
l19,2=0,0,0,0,0,0,0,0,0,0,0,3,0,3,0,1,15,0,12,0,50,3,41,0,0,0,22,0,0,0,0,1,0,0,0,0,24,0,12,20
l20,2=0,0,0,0,0,0,0,0,0,0,0,0,0,3,0,17,56,3,14,50,0,56,40,0,0,0,0,0,0,0,0,0,0,0,0,21,59,33,30,31
l21,2=0,0,0,0,0,0,0,0,1,3,0,6,6,3,0,0,38,7,13,1,61,0,40,0,0,0,9,0,0,0,0,0,0,6,0,0,5,23,30,27
l22,2=0,0,0,0,0,0,0,0,0,0,0,9,5,3,0,0,56,14,15,59,57,52,0,0,0,0,23,0,0,0,0,0,0,0,0,23,58,53,12,32
l23,2=0,0,0,0,0,0,0,0,0,0,0,17,48,3,28,0,8,25,0,0,0,0,0,0,69,28,0,0,0,0,0,0,0,4,11,0,0,0,0,0
l24,2=0,0,0,0,0,0,0,0,1,0,0,12,52,14,28,40,41,66,0,0,0,0,0,74,0,54,0,0,0,0,0,0,0,33,17,0,5,0,1,0
l25,2=0,0,0,0,0,0,0,0,1,0,0,0,48,7,22,0,48,0,0,0,0,0,0,63,63,0,27,0,0,0,0,15,24,54,38,0,0,0,0,0
l26,2=0,0,0,0,0,0,0,0,0,0,0,0,0,0,0,0,0,0,0,3,0,0,0,0,0,34,0,25,84,66,69,63,38,62,63,0,0,0,0,0
l27,2=0,0,0,0,0,0,0,0,0,0,0,0,0,0,0,0,0,0,0,0,0,0,0,0,0,0,43,0,84,75,85,63,34,55,59,0,0,0,0,0
l28,2=0,0,0,0,0,0,0,0,0,0,0,0,0,0,0,0,0,0,0,19,0,0,0,0,0,0,89,85,0,77,75,61,18,61,49,0,0,0,0,0
l29,2=0,0,0,0,0,0,0,0,0,0,0,0,0,0,0,0,0,0,0,0,0,0,16,0,0,0,75,84,84,0,71,58,32,0,37,0,0,0,0,0
l30,2=0,0,0,0,0,0,0,0,0,0,0,0,0,0,0,0,0,0,0,0,0,0,0,0,0,0,73,90,75,68,0,31,21,48,41,0,0,0,0,0
l31,2=0,0,0,0,0,0,0,0,0,0,0,0,0,0,0,0,0,0,0,33,0,0,0,6,0,33,75,48,58,36,39,0,42,66,71,0,0,0,0,0
l32,2=0,0,0,0,0,0,0,0,0,0,0,0,0,0,0,0,0,0,0,0,0,0,0,47,5,38,61,51,45,43,46,65,0,66,84,0,0,0,0,0
l33,2=0,0,0,0,0,0,0,0,0,0,0,0,0,0,18,0,48,45,0,0,0,31,0,6,35,40,51,50,49,0,45,51,40,0,73,0,0,0,0,0
l34,2=0,0,0,0,0,0,0,0,0,0,0,0,0,0,1,0,12,0,0,0,25,0,0,50,40,39,56,47,48,34,39,61,56,67,0,0,0,0,0,0
l35,2=0,0,0,0,0,0,0,0,0,0,0,0,0,0,0,0,24,0,0,1,1,22,13,0,0,0,0,0,0,0,0,0,0,0,0,0,64,42,41,12
l36,2=0,0,0,0,0,0,0,0,0,0,0,11,0,0,0,3,33,12,0,1,29,31,35,0,0,0,0,0,0,0,0,0,0,0,0,28,0,61,36,14
l37,2=0,0,0,0,0,0,0,0,0,0,0,0,0,0,0,0,14,0,0,0,1,14,8,0,0,0,0,0,0,0,0,0,0,0,0,16,62,0,19,27
l38,2=0,0,0,0,0,0,0,0,0,0,0,5,1,6,0,11,38,7,0,0,49,50,6,0,0,0,0,0,0,0,0,0,0,0,0,32,68,62,0,33
l39,2=0,0,0,0,0,0,0,0,0,0,0,0,0,0,0,0,24,0,0,3,37,42,34,0,0,0,0,0,0,0,0,0,0,0,0,0,4,33,17,0

l0,3=0,11,3,15,26,37,9,7,0,43,0,0,0,0,0,0,0,0,0,0,0,0,0,0,0,0,0,0,0,0,0,0,0,0,0,0,0,0,0,0
l1,3=36,0,3,16,26,43,11,9,0,10,55,0,0,0,0,0,0,0,0,0,0,0,0,0,0,0,0,0,0,0,0,0,0,0,0,0,0,0,0,0
l2,3=36,12,0,16,25,48,12,9,1,44,56,0,0,0,0,0,0,0,0,0,0,0,0,0,0,0,0,0,0,0,0,0,0,0,0,0,0,0,0,0
l3,3=37,12,3,0,29,38,12,0,0,0,54,0,0,0,0,0,0,0,0,0,0,0,0,0,0,0,0,0,0,0,0,0,0,0,0,0,0,0,0,0
l4,3=37,11,3,29,0,60,12,6,0,32,13,0,0,0,0,0,0,0,0,0,0,0,0,0,0,0,0,0,0,0,0,0,0,0,0,0,0,0,0,0
l5,3=28,11,3,15,26,0,11,9,1,43,56,13,0,0,0,0,0,0,0,0,0,0,0,0,0,0,0,0,0,0,0,0,0,0,0,0,0,0,0,0
l6,3=23,7,3,14,24,38,0,9,1,44,56,37,3,0,0,47,34,0,0,0,0,0,0,0,0,0,0,0,0,0,0,0,0,0,0,0,0,0,0,0
l7,3=24,7,3,0,11,39,10,0,1,44,60,0,0,0,0,55,16,0,0,0,0,0,0,0,0,0,0,0,0,0,0,0,0,0,0,0,0,0,0,0
l8,3=0,0,3,1,0,13,4,9,0,55,51,18,1,1,0,62,20,19,0,0,0,1,0,1,7,0,0,0,0,0,0,0,0,0,0,0,0,0,3,0
l9,3=17,0,3,0,12,16,5,8,1,0,61,14,2,0,14,28,0,0,0,0,12,0,0,0,0,0,0,0,0,0,0,0,0,0,0,0,0,0,0,0
l10,3=0,5,3,5,4,40,12,11,1,50,0,11,2,0,9,23,0,0,0,0,0,0,0,0,3,0,0,0,0,0,0,0,0,0,0,0,0,0,0,0
l11,3=0,0,0,0,0,5,8,0,1,41,24,0,5,0,36,88,31,45,0,11,13,8,0,5,16,6,0,0,0,0,0,0,0,0,0,0,51,0,18,0
l12,3=0,0,0,0,0,0,3,0,0,23,0,71,0,0,87,84,21,99,0,23,0,1,0,24,86,77,0,0,0,0,0,0,0,0,0,20,0,0,5,0
l13,3=0,0,2,0,2,13,0,5,1,51,56,45,4,0,0,64,18,35,9,18,15,1,0,4,14,12,0,0,0,0,0,0,0,0,0,0,0,0,14,0
l14,3=0,0,0,0,0,1,0,0,0,26,9,64,26,0,0,24,38,15,0,0,13,0,0,61,86,38,0,0,0,0,0,0,0,0,0,0,0,0,6,0
l15,3=0,0,0,0,0,0,3,8,1,46,25,74,21,0,20,0,41,39,0,21,37,0,0,5,17,0,0,0,0,0,0,0,0,0,0,0,7,0,13,14
l16,3=0,0,0,0,0,0,3,1,1,0,0,15,4,0,36,30,0,60,12,13,45,9,0,0,9,9,0,0,0,0,0,0,0,0,0,0,33,0,12,38
l17,3=0,0,0,0,0,0,0,0,1,0,0,67,26,14,27,73,81,0,0,0,32,11,0,6,79,19,0,0,0,0,0,0,0,1,0,7,50,0,16,49
l18,3=0,0,0,0,0,0,0,0,0,0,0,0,0,1,0,0,18,0,0,51,51,9,3,0,0,0,0,0,0,0,0,0,0,0,0,0,0,0,0,0
l19,3=0,0,0,0,0,0,0,0,0,0,0,0,3,0,0,18,22,0,27,0,73,77,91,0,0,0,0,0,0,1,0,1,0,0,0,0,5,0,13,0
l20,3=0,0,0,0,0,0,0,0,0,18,0,11,0,0,1,67,76,19,29,90,0,86,95,0,1,0,0,0,0,0,0,0,0,0,2,60,85,34,56,90
l21,3=0,0,0,0,0,0,0,0,1,10,0,25,3,0,0,18,71,18,19,91,85,0,90,0,0,0,9,0,0,0,0,0,0,1,0,55,87,0,46,74
l22,3=0,0,0,0,0,0,0,0,1,0,0,30,3,4,0,0,72,22,28,98,90,84,0,0,0,0,3,0,0,33,0,0,0,0,0,82,55,1,54,86
l23,3=0,0,0,0,0,0,0,0,0,0,0,15,24,0,81,24,14,9,0,0,0,0,0,0,86,80,0,0,0,0,0,0,0,0,0,0,0,0,0,0
l24,3=0,0,0,0,0,0,0,0,1,0,1,34,26,0,84,78,43,74,0,0,16,0,0,61,0,76,0,0,0,0,0,0,0,0,0,0,20,0,5,0
l25,3=0,0,0,0,0,0,0,0,0,0,0,7,25,0,75,0,15,1,0,0,0,0,0,58,81,0,2,0,0,0,0,7,5,74,73,0,0,0,0,0
l26,3=0,0,0,0,0,0,0,0,0,0,0,0,0,0,0,0,0,0,0,0,0,44,29,0,0,12,0,80,94,95,84,84,82,53,83,0,0,0,0,0
l27,3=0,0,0,0,0,0,0,0,0,0,0,0,0,0,0,0,0,0,0,0,0,0,0,0,0,0,92,0,94,97,99,77,87,8,12,0,0,0,0,0
l28,3=0,0,0,0,0,0,0,0,0,0,0,0,0,0,0,0,0,0,0,0,0,0,0,0,0,0,95,98,0,98,77,74,71,88,77,0,0,0,0,0
l29,3=0,0,0,0,0,0,0,0,0,0,0,0,0,0,0,0,0,0,0,2,0,0,26,0,0,0,94,98,94,0,85,66,73,31,67,0,0,0,0,0
l30,3=0,0,0,0,0,0,0,0,0,0,0,0,0,0,0,0,0,0,0,0,0,0,0,0,0,0,95,98,86,88,0,54,83,52,0,0,0,0,0,0
l31,3=0,0,0,0,0,0,0,0,0,0,0,0,0,0,0,0,0,0,0,16,0,0,0,3,0,26,95,64,72,63,16,0,96,92,96,0,0,0,0,0
l32,3=0,0,0,0,0,0,0,0,0,0,0,0,0,0,0,0,0,0,0,0,0,0,0,0,0,62,88,53,64,64,69,90,0,94,98,0,0,0,0,0
l33,3=0,0,0,0,0,0,0,0,0,0,0,0,2,0,3,0,20,1,0,0,0,0,0,0,30,80,11,0,60,16,11,81,89,0,92,0,0,0,0,0
l34,3=0,0,0,0,0,0,0,0,0,0,0,0,0,0,0,0,4,0,0,0,6,0,0,1,0,73,83,1,65,49,1,84,96,95,0,0,0,0,0,0
l35,3=0,0,0,0,0,0,0,0,0,0,0,0,1,0,0,0,0,0,0,0,29,5,33,0,0,0,0,0,0,0,0,0,0,0,0,0,90,33,57,85
l36,3=0,0,0,0,0,0,0,0,0,0,0,17,0,0,0,0,45,21,0,35,41,59,0,0,3,0,0,0,0,0,0,0,0,0,0,83,0,34,55,82
l37,3=0,0,0,0,0,0,0,0,0,0,0,0,0,0,0,0,21,1,0,0,49,7,0,0,0,0,0,0,0,0,0,0,0,0,0,84,90,0,26,81
l38,3=0,0,0,0,0,0,0,0,1,0,0,23,4,0,32,36,35,15,0,35,70,12,0,0,4,0,0,0,0,0,0,0,0,0,0,85,91,3,0,74
l39,3=0,0,0,0,0,0,0,0,0,0,0,0,0,0,0,0,32,2,0,2,66,5,40,0,0,0,0,0,0,0,0,0,0,0,0,78,62,33,11,0

l0,4=0,1,0,42,59,49,26,1,8,46,46,0,0,0,0,0,0,0,0,0,0,0,0,0,0,0,0,0,0,0,0,0,0,0,0,0,0,0,0,0
l1,4=73,0,0,47,76,51,27,1,33,46,51,0,0,0,0,0,0,0,0,0,0,0,0,0,0,0,0,0,0,0,0,0,0,0,0,0,0,0,0,0
l2,4=70,1,0,45,62,52,27,2,0,46,64,0,0,1,0,14,0,0,0,0,0,0,0,0,0,0,0,0,0,0,0,0,0,0,0,0,0,0,0,0
l3,4=75,1,0,0,61,51,26,0,0,0,48,0,0,0,0,0,0,0,0,0,0,0,0,0,0,0,0,0,0,0,0,0,0,0,0,0,0,0,0,0
l4,4=70,3,0,35,0,55,25,1,34,42,0,0,0,0,0,0,0,0,0,0,0,0,0,0,0,0,0,0,0,0,0,0,0,0,0,0,0,0,0,0
l5,4=70,1,0,36,61,0,25,2,0,46,60,0,0,1,0,54,0,0,0,0,0,0,0,0,0,0,0,0,0,0,0,0,0,0,0,0,0,0,0,0
l6,4=63,1,0,30,63,46,0,2,33,46,69,55,0,0,0,54,48,0,0,0,0,0,0,0,0,0,0,0,0,0,0,0,0,0,0,0,0,0,0,0
l7,4=64,1,0,1,59,51,27,0,38,49,69,54,0,1,0,60,18,0,0,0,0,0,0,0,0,0,0,0,0,0,0,0,0,0,0,0,0,0,0,0
l8,4=0,0,0,0,54,0,25,1,0,51,55,57,0,1,12,60,49,2,0,0,25,21,11,0,0,0,0,0,0,0,0,0,0,0,0,0,0,0,0,0
l9,4=59,1,0,0,55,40,25,2,40,0,70,56,0,1,1,39,0,2,0,0,28,0,11,0,0,0,0,0,0,0,0,0,0,0,0,0,0,0,0,0
l10,4=54,1,0,27,0,45,27,2,37,51,0,57,0,1,50,59,0,1,0,0,0,0,0,0,0,0,0,0,0,0,0,0,0,0,0,0,0,0,0,0
l11,4=0,0,0,0,0,0,26,1,36,43,55,0,0,1,54,79,52,2,0,0,3,20,12,0,0,40,0,0,0,0,0,0,0,0,0,0,1,0,48,0
l12,4=0,0,0,0,0,0,4,0,36,0,53,74,0,7,66,62,73,78,0,1,34,0,0,21,81,66,0,0,0,0,0,0,0,30,0,0,1,0,49,0
l13,4=0,0,0,0,0,38,0,0,39,44,55,58,0,0,49,60,47,2,0,1,35,14,11,0,0,42,0,0,0,0,0,0,0,0,0,0,0,0,40,0
l14,4=0,0,0,0,0,0,0,0,29,2,54,68,33,1,0,0,57,2,0,0,38,6,4,28,86,50,0,0,0,0,0,0,0,39,12,0,1,0,49,0
l15,4=0,0,0,0,0,33,23,1,36,39,54,83,1,12,0,0,48,2,0,3,37,20,13,0,0,37,0,0,0,0,0,0,0,0,0,0,1,0,48,0
l16,4=0,0,0,0,0,0,23,0,35,0,0,62,24,1,55,58,0,79,0,2,45,25,16,0,0,39,0,0,0,0,0,0,0,1,29,71,1,0,52,47
l17,4=0,0,0,0,0,0,0,0,35,44,45,77,33,17,54,55,82,0,0,0,39,21,0,0,82,8,0,0,0,0,0,0,0,0,0,65,1,0,48,48
l18,4=0,0,0,0,0,0,0,0,0,0,0,0,0,0,0,0,4,0,0,67,16,65,51,0,0,0,0,0,0,0,0,0,0,0,0,0,0,0,0,0
l19,4=0,0,0,0,0,0,0,0,0,0,0,0,0,1,0,3,42,0,0,0,96,85,87,0,0,0,27,0,0,0,0,0,0,0,0,0,1,0,38,43
l20,4=0,0,0,0,0,0,0,0,16,26,0,0,2,15,43,50,72,45,0,93,0,83,87,0,0,0,0,0,11,0,0,0,3,0,0,75,80,35,68,68
l21,4=0,0,0,0,0,0,0,0,41,0,0,53,0,1,3,43,70,2,0,93,93,0,84,0,0,0,0,0,0,0,0,0,0,16,0,35,81,7,66,60
l22,4=0,0,0,0,0,0,0,0,21,33,0,39,0,1,2,29,57,2,0,98,97,84,0,0,0,0,35,0,0,0,0,0,0,2,0,81,81,2,65,53
l23,4=0,0,0,0,0,0,0,0,0,0,2,57,23,1,72,60,53,0,0,0,0,0,0,0,84,79,0,0,0,0,0,0,0,36,57,0,0,0,0,0
l24,4=0,0,0,0,0,0,0,0,0,0,0,53,33,0,71,64,64,72,0,0,37,2,0,34,0,65,0,0,0,0,0,0,0,40,9,0,0,0,10,0
l25,4=0,0,0,0,0,0,0,0,0,0,0,28,33,0,74,42,47,0,0,0,0,0,0,34,89,0,0,0,0,36,0,0,6,80,69,0,0,0,0,0
l26,4=0,0,0,0,0,0,0,0,0,0,0,0,0,0,0,0,0,0,0,52,0,0,76,0,0,0,0,88,98,100,100,99,98,72,95,0,0,0,0,0
l27,4=0,0,0,0,0,0,0,0,0,0,0,0,0,0,0,0,0,0,0,0,0,0,0,0,0,0,98,0,98,100,100,94,83,2,61,0,0,0,0,0
l28,4=0,0,0,0,0,0,0,0,0,0,0,0,0,0,0,0,0,0,0,0,73,0,0,0,0,0,99,100,0,100,92,91,90,94,92,0,0,0,0,0
l29,4=0,0,0,0,0,0,0,0,0,0,0,0,0,0,0,0,0,0,0,0,0,0,0,0,0,72,99,100,98,0,100,81,84,89,91,0,0,0,0,0
l30,4=0,0,0,0,0,0,0,0,0,0,0,0,0,0,0,0,0,0,0,0,0,0,0,0,0,0,99,100,92,100,0,94,88,78,0,0,0,0,0,0
l31,4=0,0,0,0,0,0,0,0,0,0,0,0,0,0,7,0,0,0,0,0,0,0,0,0,0,61,99,79,76,84,87,0,100,100,100,0,0,0,0,0
l32,4=0,0,0,0,0,0,0,0,0,0,0,0,13,0,0,0,0,0,0,0,62,0,0,0,0,84,92,83,83,93,92,99,0,99,100,0,0,0,0,0
l33,4=0,0,0,0,0,0,0,0,0,0,0,0,0,0,53,0,19,0,0,0,0,2,5,24,0,85,73,0,84,77,70,89,92,0,100,0,0,0,0,0
l34,4=0,0,0,0,0,0,0,0,0,0,0,0,0,0,55,0,56,0,0,0,1,0,0,35,0,85,92,46,86,93,1,99,100,100,0,0,0,0,0,0
l35,4=0,0,0,0,0,0,0,0,0,0,0,0,0,0,0,0,43,1,0,0,25,2,18,0,0,0,0,0,0,0,0,0,0,0,0,0,77,41,63,70
l36,4=0,0,0,0,0,0,0,0,0,0,0,26,0,0,1,26,28,6,0,4,67,35,59,0,0,0,0,0,0,0,0,0,0,0,0,87,0,40,59,65
l37,4=0,0,0,0,0,0,0,0,0,0,0,0,0,0,0,0,12,0,0,0,62,18,14,0,0,0,0,0,0,0,0,0,0,0,0,87,80,0,59,11
l38,4=0,0,0,0,0,0,0,0,0,0,0,51,0,1,40,52,55,2,0,4,85,23,30,0,0,0,0,0,0,0,0,0,0,0,0,80,48,0,0,57
l39,4=0,0,0,0,0,0,0,0,0,0,0,0,0,0,0,0,33,2,0,4,42,19,14,0,0,0,0,0,0,0,0,0,0,0,0,83,74,0,63,0

l0,5=0,62,50,55,8,2,38,52,4,41,1,0,0,0,0,0,0,0,0,0,0,0,0,0,0,0,0,0,0,0,0,0,0,0,0,0,0,0,0,0
l1,5=60,0,65,56,67,3,42,52,63,43,1,0,0,0,0,0,0,0,0,0,0,0,0,1,0,0,0,0,0,0,0,0,0,0,0,0,0,0,0,0
l2,5=55,72,0,52,8,6,46,0,1,42,1,0,0,0,0,0,0,0,0,0,0,0,0,0,0,0,0,0,0,0,0,0,0,0,0,0,0,0,0,0
l3,5=66,62,63,0,66,3,26,0,0,32,0,0,0,0,0,0,0,0,0,0,0,0,0,0,0,0,0,0,0,0,0,0,0,0,0,0,0,0,0,0
l4,5=59,80,62,77,0,18,40,52,68,3,1,0,0,17,0,0,0,0,0,0,0,0,0,0,0,0,0,0,0,0,0,0,0,0,0,0,0,0,0,0
l5,5=55,63,55,52,11,0,28,52,63,41,1,0,0,40,0,0,0,0,0,0,0,0,0,0,0,0,0,0,0,0,0,0,0,0,0,0,0,0,0,0
l6,5=55,63,53,31,8,0,0,52,65,47,1,1,0,0,0,0,2,0,0,0,0,0,0,0,0,0,0,0,0,0,0,0,0,0,0,0,0,0,0,0
l7,5=55,60,0,9,8,2,41,0,70,44,1,4,0,0,0,0,0,0,0,0,0,0,0,0,0,0,0,0,0,0,0,0,0,0,0,0,0,0,0,0
l8,5=0,0,0,0,4,0,32,51,0,50,1,9,0,51,8,0,2,39,0,0,0,0,0,8,13,0,0,0,0,0,0,0,0,0,0,0,0,0,0,0
l9,5=49,44,49,20,0,2,40,50,74,0,1,10,8,45,0,0,2,35,0,0,0,0,1,0,11,0,0,0,0,0,0,0,0,0,0,0,0,0,14,0
l10,5=50,58,49,38,6,2,40,52,70,55,0,4,19,35,26,0,0,21,0,0,0,0,0,0,0,0,0,0,0,0,0,0,0,0,0,0,0,0,0,0
l11,5=0,0,0,0,0,0,21,44,70,23,0,0,65,52,24,14,2,52,0,0,0,0,0,11,12,0,0,0,0,0,0,0,0,0,0,0,0,9,22,0
l12,5=0,0,0,0,0,0,0,0,1,3,0,25,0,41,60,3,37,84,0,0,0,0,0,22,38,42,0,0,0,0,0,0,16,0,0,1,0,0,11,0
l13,5=0,0,0,0,2,0,0,0,75,48,0,11,35,0,20,0,2,45,0,2,0,0,1,25,0,0,0,0,0,0,0,0,0,0,0,1,0,0,0,0
l14,5=0,0,0,0,0,0,0,0,48,3,0,21,66,42,0,0,20,57,0,0,0,0,0,57,59,24,0,0,0,0,0,4,0,4,0,0,0,0,19,0
l15,5=0,0,0,0,2,0,0,46,59,20,0,31,54,69,16,0,2,28,0,0,0,0,0,20,19,0,0,0,0,0,0,0,0,0,0,0,0,0,20,4
l16,5=0,0,0,0,0,0,12,0,45,11,0,16,63,31,21,0,0,82,0,2,9,3,12,0,14,0,0,0,0,0,0,0,0,0,0,1,0,10,21,7
l17,5=0,0,0,0,0,0,0,0,61,20,0,22,69,62,30,0,39,0,0,0,3,0,0,0,23,0,0,0,0,0,0,0,0,0,0,1,0,8,3,0
l18,5=0,0,0,0,0,0,0,0,0,0,0,0,0,0,0,0,0,0,0,4,0,31,14,0,0,0,0,0,0,0,0,0,0,0,0,0,0,0,0,0
l19,5=0,0,0,0,0,0,0,0,0,0,0,0,0,16,0,0,5,0,6,0,34,35,51,0,0,0,1,0,0,2,0,0,0,0,0,27,4,0,0,15
l20,5=0,0,0,0,0,0,0,0,3,0,0,2,3,18,20,0,31,36,0,42,0,36,50,0,2,0,0,0,0,0,0,0,15,0,0,8,37,22,25,11
l21,5=0,0,0,0,0,0,0,0,20,3,0,5,3,0,0,0,21,15,16,14,34,0,31,0,5,0,0,0,0,0,0,6,0,0,0,30,36,10,17,15
l22,5=0,0,0,0,0,0,0,0,8,9,0,0,2,35,10,0,11,7,7,45,36,26,0,0,0,0,3,0,0,0,0,0,0,0,0,29,51,20,27,0
l23,5=0,0,0,0,0,0,0,0,37,0,0,3,47,43,48,0,0,0,0,0,0,0,0,0,56,72,0,0,0,0,0,0,0,22,21,0,0,0,0,0
l24,5=0,0,0,0,0,0,0,0,56,14,0,15,63,18,59,5,31,47,0,0,0,0,0,57,0,69,0,0,0,0,0,0,0,2,0,0,0,0,0,0
l25,5=0,0,0,0,0,0,0,0,0,0,0,2,65,25,43,0,7,34,0,0,0,0,0,39,50,0,0,0,0,22,0,0,59,56,27,0,0,0,0,0
l26,5=0,0,0,0,0,0,0,0,0,0,0,0,0,0,0,0,0,0,0,5,4,0,23,0,0,0,0,18,80,88,82,49,77,7,61,0,0,0,0,0
l27,5=0,0,0,0,0,0,0,0,0,0,0,0,0,0,0,0,0,0,0,0,0,0,0,0,0,0,67,0,74,76,91,39,62,0,0,0,0,0,0,0
l28,5=0,0,0,0,0,0,0,0,0,0,0,0,0,0,0,0,0,0,0,0,15,0,9,0,0,0,80,88,0,90,91,38,68,59,52,0,0,0,0,0
l29,5=0,0,0,0,0,0,0,0,0,0,0,0,0,0,0,0,0,0,0,0,0,0,0,0,0,14,80,86,80,0,91,24,46,6,47,0,0,0,0,0
l30,5=0,0,0,0,0,0,0,0,0,0,0,0,0,0,0,0,0,0,0,0,0,0,0,0,0,0,78,88,80,81,0,35,0,15,0,0,0,0,0,0
l31,5=0,0,0,0,0,0,0,0,0,0,0,0,0,0,8,0,6,0,0,0,0,3,0,0,0,0,75,14,36,32,10,0,79,64,72,0,0,0,0,0
l32,5=0,0,0,0,0,0,0,0,0,0,0,0,33,0,0,0,0,0,0,0,14,0,0,0,0,50,69,16,49,60,5,52,0,66,80,0,0,0,0,0
l33,5=0,0,0,0,0,0,0,0,0,0,0,0,37,0,37,0,0,0,0,0,0,0,0,17,25,46,35,0,44,57,17,41,70,0,67,0,0,0,0,0
l34,5=0,0,0,0,0,0,0,0,0,0,0,0,2,0,21,0,0,0,0,0,14,0,0,26,18,58,63,0,47,59,0,50,82,78,0,0,0,0,0,0
l35,5=0,0,0,0,0,0,0,0,0,0,0,0,0,3,0,0,1,3,0,2,0,5,2,0,0,0,0,0,0,0,0,0,0,0,0,0,42,20,10,12
l36,5=0,0,0,0,0,0,0,0,0,0,0,15,6,3,0,0,1,29,0,3,9,7,28,0,0,0,0,0,0,0,0,0,0,0,0,39,0,24,21,17
l37,5=0,0,0,0,0,0,0,0,0,0,0,2,0,0,0,0,1,3,0,0,11,0,6,0,0,0,0,0,0,0,0,0,0,0,0,36,44,0,17,8
l38,5=0,0,0,0,0,0,0,0,0,5,0,10,19,0,13,0,12,0,0,0,17,1,30,0,0,0,0,0,0,0,0,0,0,0,0,1,52,25,0,17
l39,5=0,0,0,0,0,0,0,0,0,0,0,0,0,0,0,0,6,0,0,10,6,7,0,0,0,0,0,0,0,0,0,0,0,0,0,35,49,14,23,0

l0,6=0,72,66,77,64,73,67,28,0,2,62,0,0,0,0,0,0,0,0,0,0,0,0,0,0,0,0,0,0,0,0,0,0,0,0,0,0,0,0,0
l1,6=79,0,85,80,78,73,73,11,5,33,11,0,0,0,0,0,0,0,0,0,0,0,0,16,0,0,0,0,0,0,0,0,0,0,0,0,0,0,0,0
l2,6=61,78,0,80,74,76,73,58,4,37,56,0,0,0,0,0,0,0,0,0,0,0,0,0,0,0,0,0,0,0,0,0,0,0,0,0,0,0,0,0
l3,6=73,79,75,0,82,63,65,0,0,24,0,0,0,0,0,0,0,0,0,0,0,0,0,0,0,0,0,0,0,0,0,0,0,0,0,0,0,0,0,0
l4,6=78,82,81,85,0,77,57,34,43,12,57,0,0,1,0,0,0,0,0,0,0,0,0,0,0,0,0,0,0,0,0,0,0,0,0,0,0,0,0,0
l5,6=79,67,75,73,65,0,66,62,8,35,64,0,0,12,0,0,0,0,0,0,0,0,0,0,0,0,0,0,0,0,0,0,0,0,0,0,0,0,0,0
l6,6=56,67,68,51,40,44,0,62,24,33,66,35,0,1,0,0,28,0,0,0,0,0,0,0,0,0,0,0,0,0,0,0,0,0,0,0,0,0,0,0
l7,6=36,16,51,16,29,75,71,0,8,29,70,10,0,0,0,25,0,0,0,0,0,0,0,0,0,0,0,0,0,0,0,0,0,0,0,0,0,0,0,0
l8,6=0,9,2,0,18,20,41,52,0,35,65,52,22,63,0,24,26,46,0,0,0,15,21,0,5,0,0,0,0,0,0,0,0,0,0,0,0,0,0,0
l9,6=4,28,42,32,11,44,57,35,68,0,67,11,18,48,19,21,18,6,0,0,0,0,13,0,0,0,0,0,0,0,0,0,0,0,0,0,0,0,0,0
l10,6=32,8,31,0,27,50,68,65,64,38,0,40,0,25,0,12,15,0,0,0,0,0,0,0,0,0,0,0,0,0,0,0,0,0,0,0,0,0,0,0
l11,6=0,0,0,0,0,0,34,10,31,9,29,0,37,37,39,54,21,23,0,0,0,0,0,6,26,8,0,0,0,0,0,0,0,0,0,0,24,0,32,0
l12,6=0,0,0,0,0,0,0,0,8,5,0,53,0,19,48,25,30,44,0,0,4,3,3,49,51,52,0,0,0,0,0,0,0,21,0,0,2,0,17,0
l13,6=0,0,0,0,8,3,0,0,63,17,0,46,25,0,44,31,16,40,0,0,0,0,15,22,31,0,0,0,0,0,0,0,0,0,0,0,12,0,3,0
l14,6=0,0,0,0,0,0,0,0,1,7,0,30,39,24,0,15,13,36,0,0,15,0,18,41,38,28,0,0,0,0,0,0,0,24,0,0,0,0,24,0
l15,6=0,0,0,0,0,0,0,19,15,10,21,65,37,51,33,0,23,35,0,0,0,20,15,27,39,1,0,0,0,0,0,0,0,0,0,0,9,0,29,0
l16,6=0,0,0,0,0,0,29,0,4,4,15,27,33,18,24,16,0,34,15,26,4,23,20,16,23,10,0,0,0,0,0,0,0,15,0,26,29,4,26,4
l17,6=0,0,0,0,0,0,0,0,17,4,0,42,37,41,41,26,27,0,0,0,32,13,1,0,43,11,0,0,0,0,0,0,0,20,0,0,16,1,25,0
l18,6=0,0,0,0,0,0,0,0,0,0,0,0,0,0,0,0,36,0,0,39,0,44,0,0,0,0,0,0,0,0,0,0,0,0,0,0,0,0,0,0
l19,6=0,0,0,0,0,0,0,0,0,0,0,0,0,24,0,0,30,0,21,0,58,47,58,0,0,0,0,0,0,0,3,10,0,0,0,29,0,0,0,31
l20,6=0,0,0,0,0,0,0,0,15,0,0,0,18,0,23,1,14,28,0,53,0,57,66,0,0,0,0,0,0,0,0,0,0,8,0,31,43,17,45,30
l21,6=0,0,0,0,0,0,0,0,15,3,0,0,17,0,0,12,36,16,24,47,58,0,60,0,10,0,0,0,0,0,0,0,0,0,0,38,37,7,32,17
l22,6=0,0,0,0,0,0,0,0,20,8,0,0,18,28,24,15,35,0,0,58,65,55,0,0,0,0,19,0,0,0,0,0,0,0,0,35,49,20,46,30
l23,6=0,1,0,0,2,0,0,0,0,0,0,0,23,18,34,21,12,0,0,0,0,0,0,0,55,47,0,0,0,0,0,9,0,23,28,0,0,0,0,0
l24,6=0,0,0,0,0,0,0,0,21,0,0,26,44,21,34,23,22,32,0,0,0,1,0,63,0,31,0,0,0,0,0,0,0,25,7,0,12,0,15,0
l25,6=0,0,0,0,0,0,0,0,0,0,0,16,33,9,34,13,10,15,0,0,0,0,0,53,35,0,0,0,0,0,0,0,9,31,0,0,0,0,0,0
l26,6=0,0,0,0,0,0,0,0,0,0,0,0,0,0,0,0,0,0,0,0,1,0,33,0,0,0,0,52,76,76,75,74,60,28,35,0,0,0,0,0
l27,6=0,0,0,0,0,0,0,0,0,0,0,0,0,0,0,0,0,0,0,0,0,0,0,0,0,0,59,0,73,73,85,56,29,0,0,0,0,0,0,0
l28,6=0,0,0,0,0,0,0,0,0,0,0,0,0,0,0,0,0,0,0,0,2,0,0,0,0,0,70,76,0,79,85,57,32,46,41,0,0,0,0,0
l29,6=0,0,0,0,0,0,0,0,0,0,0,0,0,0,0,0,0,0,0,5,0,0,0,0,0,0,68,78,76,0,38,30,28,38,29,0,0,0,0,0
l30,6=0,0,0,0,0,0,0,0,0,0,0,0,0,0,0,0,0,0,0,0,0,0,0,0,0,0,67,83,73,36,0,40,0,9,32,0,0,0,0,0
l31,6=0,0,0,0,0,0,0,0,0,0,0,0,0,0,0,0,0,0,0,26,24,0,0,15,0,0,60,27,54,27,29,0,61,57,57,0,0,0,0,0
l32,6=0,0,0,0,0,0,0,0,0,0,0,0,0,0,0,0,0,0,0,0,0,0,0,0,0,19,48,13,43,32,0,77,0,57,76,0,0,0,0,0
l33,6=0,0,0,0,0,0,0,0,0,0,0,0,23,0,31,0,13,20,0,0,19,0,0,38,27,32,30,0,49,35,19,64,53,0,58,0,0,0,0,0
l34,6=0,0,0,0,0,0,0,0,0,0,0,0,10,0,0,0,11,0,0,0,9,0,0,30,17,0,36,0,41,26,23,57,68,59,0,0,0,0,0,0
l35,6=0,0,0,0,0,0,0,0,0,0,0,0,0,2,0,0,20,0,0,24,26,29,17,0,0,0,0,0,0,0,0,0,0,0,0,0,43,32,35,18
l36,6=0,0,0,0,0,0,0,0,0,0,0,21,6,23,0,3,22,9,0,0,32,25,27,0,3,0,0,0,0,0,0,0,0,0,0,36,0,34,40,18
l37,6=0,0,0,0,0,0,0,0,0,0,0,0,0,0,0,0,1,0,0,0,28,1,18,0,0,0,0,0,0,0,0,0,0,0,0,41,51,0,33,1
l38,6=0,0,0,0,0,0,0,0,0,0,0,35,15,11,24,15,22,16,0,0,36,29,32,0,0,0,0,0,0,0,0,0,0,0,0,36,47,25,0,19
l39,6=0,0,0,0,0,0,0,0,0,0,0,0,0,0,0,0,12,0,0,40,46,28,34,0,0,0,0,0,0,0,0,0,0,0,0,38,51,1,43,0

l0,7=0,88,72,81,78,89,80,17,66,52,47,0,0,0,0,0,0,0,0,0,0,0,0,0,0,0,0,0,0,0,0,0,0,0,0,0,0,0,0,0
l1,7=87,0,82,86,80,83,87,74,40,58,29,0,0,0,0,0,0,0,0,0,0,0,0,0,0,0,0,0,0,0,0,0,0,0,0,0,0,0,0,0
l2,7=84,85,0,84,81,84,89,72,65,68,24,0,0,0,0,1,0,0,0,0,0,0,0,0,0,0,0,0,0,0,0,0,0,0,0,0,0,0,0,0
l3,7=85,86,70,0,82,75,75,42,0,0,18,0,0,0,0,0,0,0,0,0,0,0,0,0,0,0,0,0,0,0,0,0,0,0,0,0,0,0,0,0
l4,7=83,88,74,90,0,87,81,59,76,1,51,0,0,37,0,0,0,0,0,0,0,0,0,0,0,0,0,0,0,0,0,0,0,0,0,0,0,0,0,0
l5,7=89,87,79,78,82,0,86,82,68,68,63,0,0,0,0,0,0,0,0,0,0,0,0,0,0,0,0,0,0,0,0,0,0,0,0,0,0,0,0,0
l6,7=49,84,85,66,74,79,0,84,0,73,64,0,0,21,0,0,24,0,0,0,0,0,0,0,0,0,0,0,0,0,0,0,0,0,0,0,0,0,0,0
l7,7=0,16,2,4,23,86,89,0,30,73,65,0,0,6,0,13,0,1,0,0,0,0,0,0,0,0,0,0,0,0,0,0,0,0,0,0,0,0,0,0
l8,7=37,5,23,0,23,51,0,63,0,72,56,64,26,51,9,33,44,49,0,0,0,0,10,10,0,0,0,0,0,0,0,0,0,0,0,0,0,0,0,0
l9,7=0,2,2,0,0,35,85,80,79,0,64,23,0,41,2,30,1,5,0,0,0,4,8,1,0,0,0,0,0,0,0,0,0,0,0,0,0,0,3,0
l10,7=8,0,0,10,64,69,75,80,78,73,0,61,0,0,0,39,38,1,0,0,0,0,0,0,0,0,0,0,0,0,0,0,0,0,0,0,0,0,0,0
l11,7=0,0,0,0,0,0,17,1,53,35,18,0,69,19,8,77,50,41,0,0,17,1,10,11,29,9,0,0,0,0,0,0,0,0,0,6,9,0,3,13
l12,7=0,0,0,0,0,0,0,0,18,22,0,71,0,7,30,42,57,43,0,0,19,0,0,34,78,64,0,0,0,0,0,0,0,16,8,0,0,0,2,0
l13,7=0,0,0,0,11,0,30,29,85,55,2,54,29,0,12,37,33,44,0,0,9,0,10,0,33,23,0,0,0,0,0,0,0,0,0,0,1,0,4,0
l14,7=0,0,0,0,0,0,0,0,22,14,0,30,54,15,0,9,37,46,0,0,22,7,9,44,30,35,0,0,0,0,0,0,0,11,0,0,0,0,1,0
l15,7=0,0,0,0,0,0,0,25,44,45,21,77,66,30,6,0,32,42,0,0,21,13,11,27,2,21,0,0,0,0,0,0,0,0,0,0,2,1,3,0
l16,7=0,0,0,0,0,0,16,0,20,14,11,29,56,10,6,7,0,36,25,0,22,9,11,17,25,18,0,0,0,0,0,2,6,0,0,23,13,4,2,20
l17,7=0,0,0,0,0,0,0,0,31,19,2,38,55,12,17,16,52,0,0,6,30,8,0,1,40,0,0,0,0,0,0,0,0,13,0,0,12,0,2,1
l18,7=0,0,0,0,0,0,0,0,0,0,0,0,0,0,0,0,44,0,0,39,44,27,0,0,0,0,0,0,0,0,0,0,0,0,0,0,0,0,0,0
l19,7=0,0,0,0,0,0,0,0,0,0,0,0,9,0,0,0,0,2,27,0,61,38,49,0,0,0,1,0,0,0,0,17,0,0,0,0,1,1,3,35
l20,7=0,0,0,0,0,0,0,0,1,17,0,17,22,4,5,6,45,48,31,59,0,50,47,0,0,0,0,0,0,0,0,0,0,3,0,40,26,0,17,31
l21,7=0,0,0,0,0,0,0,0,6,18,0,0,23,4,13,21,41,36,26,39,57,0,44,0,0,0,0,0,0,0,0,0,0,0,0,37,22,6,11,38
l22,7=0,0,0,0,0,0,0,0,25,24,0,21,0,10,6,10,47,0,0,59,63,49,0,0,0,0,14,0,0,5,0,0,0,0,0,34,39,3,13,37
l23,7=0,0,0,0,0,0,0,0,1,0,0,14,39,0,36,17,30,0,0,0,0,0,0,0,83,67,0,0,0,0,0,0,4,3,37,0,0,0,0,0
l24,7=0,0,0,0,0,0,0,0,3,24,0,36,74,11,10,0,42,36,0,0,0,0,0,56,0,51,0,0,0,0,0,0,0,15,29,0,8,0,0,0
l25,7=0,0,0,0,2,0,0,0,0,2,0,16,58,15,30,17,21,0,0,0,0,0,0,49,65,0,0,0,0,5,0,0,24,35,0,0,0,0,1,0
l26,7=0,0,0,0,0,0,0,0,0,0,0,0,0,0,0,0,0,0,0,2,13,0,25,0,0,0,0,67,71,75,51,74,74,52,59,0,0,0,0,0
l27,7=0,0,0,0,0,0,0,0,0,0,0,0,0,0,0,0,0,0,0,0,0,0,0,0,0,0,76,0,67,75,88,24,61,0,1,0,0,0,0,0
l28,7=0,0,0,0,0,0,0,0,0,0,0,0,0,0,0,0,0,0,0,0,8,0,0,0,0,0,84,84,0,81,88,70,51,61,43,0,0,0,0,0
l29,7=0,0,0,0,0,0,0,0,0,0,0,0,0,0,0,0,0,0,0,2,0,0,4,0,0,10,79,86,71,0,88,58,66,52,24,0,0,0,0,0
l30,7=0,0,0,0,0,0,0,0,0,0,0,0,0,0,0,0,0,0,0,0,0,0,0,0,0,0,76,84,67,75,0,55,55,32,46,0,0,0,0,0
l31,7=0,0,0,0,0,0,0,0,0,0,0,0,0,0,0,0,3,0,0,32,0,0,0,0,2,0,75,2,54,31,49,0,74,82,69,0,0,0,0,0
l32,7=0,0,0,0,0,0,0,0,0,0,0,0,0,0,0,0,22,0,0,0,0,0,0,21,0,35,72,13,26,43,32,73,0,81,79,0,0,0,0,0
l33,7=0,0,0,0,0,0,0,0,0,0,0,0,36,0,17,0,0,27,0,0,19,0,0,22,37,43,51,0,47,25,28,74,75,0,55,0,0,0,0,0
l34,7=0,0,0,0,0,0,0,0,0,0,0,0,24,0,0,0,15,0,0,0,0,0,0,34,29,0,44,8,24,9,29,70,81,53,0,0,0,0,0,0
l35,7=0,0,0,0,0,0,0,0,0,0,0,0,0,0,0,0,41,0,0,0,34,24,13,0,0,0,0,0,0,0,0,0,0,0,0,0,36,23,10,36
l36,7=0,0,0,0,0,0,0,0,0,0,0,10,0,0,0,0,40,31,0,0,35,21,32,0,1,0,0,0,0,0,0,0,0,0,0,41,0,16,19,44
l37,7=0,0,0,0,0,0,0,0,0,0,0,0,0,0,0,0,4,0,0,1,0,13,5,0,0,0,0,0,0,0,0,0,0,0,0,45,26,0,4,30
l38,7=0,0,0,0,0,0,0,0,0,23,0,42,30,18,8,15,45,43,0,22,41,25,18,0,0,5,0,0,0,0,0,0,0,0,0,39,36,4,0,36
l39,7=0,0,0,0,0,0,0,0,0,0,0,0,0,0,0,0,8,0,0,38,40,36,17,0,0,0,0,0,0,0,0,0,0,0,0,40,38,5,5,0

l0,8=0,92,77,86,87,85,45,88,8,83,87,0,0,10,0,0,0,0,0,0,0,0,0,0,0,0,0,0,0,0,0,0,0,0,0,0,0,0,0,0
l1,8=91,0,78,86,87,85,84,89,0,0,84,0,0,53,0,0,0,0,0,0,0,0,0,0,0,0,0,0,0,0,0,0,0,0,0,0,0,0,0,0
l2,8=91,93,0,87,87,89,86,89,0,0,84,0,0,0,0,14,0,0,0,0,0,0,0,0,0,0,0,0,0,0,0,0,0,0,0,0,0,0,0,0
l3,8=91,92,75,0,87,84,80,84,0,0,0,0,0,1,0,0,0,0,0,0,0,0,0,0,0,0,0,0,0,0,0,0,0,0,0,0,0,0,0,0
l4,8=84,93,75,89,0,79,69,83,78,18,81,0,0,78,0,0,0,0,0,0,0,0,0,0,28,0,0,0,0,0,0,0,0,0,0,0,0,0,0,0
l5,8=91,92,85,86,87,0,80,89,88,78,89,60,0,0,0,0,0,0,0,0,0,0,0,0,0,0,0,0,0,0,0,0,0,0,0,0,0,0,0,0
l6,8=80,87,80,73,82,80,0,89,53,84,83,2,0,53,0,0,53,0,0,0,0,0,0,0,0,0,0,0,0,0,0,0,0,0,0,0,0,0,0,0
l7,8=80,91,75,80,82,88,92,0,86,97,98,2,0,90,0,0,3,48,0,0,0,0,0,0,0,0,0,0,0,0,0,0,0,0,0,0,0,0,0,0
l8,8=0,0,0,0,73,73,55,87,0,92,90,89,0,91,65,85,0,73,0,27,1,0,60,0,59,0,0,0,0,0,0,0,0,0,0,0,0,0,0,0
l9,8=71,0,0,0,0,65,69,90,91,0,97,79,38,90,0,86,69,57,0,0,0,8,9,40,56,0,0,0,0,0,0,0,0,0,0,0,0,0,3,0
l10,8=71,51,66,0,78,81,65,90,88,92,0,65,0,81,0,76,5,0,0,0,0,0,0,0,0,0,0,0,0,0,0,0,0,0,0,0,0,0,0,0
l11,8=0,0,0,0,0,26,5,0,75,47,45,0,96,68,72,96,84,78,0,1,11,23,25,74,81,58,0,0,0,0,0,0,0,0,0,10,1,0,15,0
l12,8=0,0,0,0,0,0,0,0,0,17,0,90,0,0,95,95,92,59,0,0,7,0,0,90,95,91,0,0,0,0,0,0,0,4,5,21,6,0,5,0
l13,8=8,0,0,6,45,0,14,88,99,89,50,58,0,0,74,88,33,66,0,0,13,27,0,72,82,59,0,0,0,0,0,0,0,0,0,1,0,0,16,0
l14,8=0,0,0,0,0,0,0,0,48,1,0,66,96,55,0,69,48,85,0,0,34,27,39,84,84,66,0,0,0,0,0,0,0,0,0,0,0,0,0,0
l15,8=0,0,0,0,0,0,0,0,73,47,50,97,94,84,81,0,88,83,0,0,31,32,54,76,82,50,0,0,0,0,0,0,0,0,0,0,0,0,32,0
l16,8=0,0,0,0,0,0,14,0,0,23,2,81,87,11,32,58,0,28,21,14,46,31,59,33,92,0,0,0,0,0,0,13,0,0,19,11,20,0,8,24
l17,8=0,0,0,0,0,0,0,20,36,20,6,85,68,45,89,85,47,0,0,14,38,16,37,17,89,1,0,0,0,0,0,0,0,3,0,0,25,0,8,4
l18,8=0,0,0,0,0,0,0,0,0,0,0,0,0,0,0,0,80,0,0,62,52,0,10,0,0,0,0,0,0,0,0,0,0,0,0,0,0,0,0,0
l19,8=0,0,0,0,0,0,0,0,22,0,0,0,0,0,0,0,61,52,48,0,78,48,84,0,0,0,0,0,15,0,0,59,0,0,0,15,63,0,0,71
l20,8=0,0,0,0,0,0,0,0,0,0,0,7,17,13,40,33,61,58,45,76,0,81,91,0,0,0,12,0,0,0,0,2,0,0,0,34,59,43,80,29
l21,8=0,0,0,0,0,0,0,0,0,25,0,45,17,31,44,46,54,43,12,20,80,0,86,0,0,0,0,0,0,0,0,0,0,0,0,36,56,21,65,32
l22,8=0,0,0,0,0,0,0,0,39,12,0,44,0,0,40,30,72,40,2,69,81,72,0,0,0,0,0,0,0,0,0,0,0,0,0,48,68,28,75,30
l23,8=0,0,0,0,21,0,0,0,0,34,0,63,88,40,66,60,49,0,0,0,0,0,0,0,94,91,0,0,0,0,0,0,3,11,47,0,0,0,0,0
l24,8=0,0,0,0,10,0,0,0,8,26,0,69,97,41,92,51,86,39,0,0,0,0,0,91,0,87,0,0,0,0,0,7,0,2,28,0,0,0,0,0
l25,8=0,0,0,0,0,0,0,0,0,0,0,61,96,36,51,37,1,0,0,0,0,0,0,91,87,0,0,0,0,28,0,17,3,22,38,0,0,0,0,0
l26,8=0,0,0,0,0,0,0,0,0,0,0,0,0,0,0,0,0,0,0,10,11,16,0,0,0,0,0,84,95,92,89,91,88,75,78,0,0,0,0,0
l27,8=0,0,0,0,0,0,0,0,0,0,0,0,0,0,0,0,0,0,0,0,0,0,0,0,0,0,86,0,95,92,94,0,76,0,75,0,0,0,0,0
l28,8=0,0,0,0,0,0,0,0,0,0,0,0,0,0,0,0,0,0,0,2,18,0,0,0,0,0,93,91,0,92,94,91,64,74,71,0,0,0,0,0
l29,8=0,0,0,0,0,0,0,0,0,0,0,0,0,0,0,0,0,0,0,8,0,0,18,0,0,48,90,91,95,0,94,90,57,56,72,0,0,0,0,0
l30,8=0,0,0,0,0,0,0,0,0,0,0,0,0,0,0,0,0,0,0,0,0,0,0,0,0,0,83,91,95,92,0,68,80,57,0,0,0,0,0,0
l31,8=0,0,0,0,0,0,0,0,0,0,0,0,0,0,0,0,40,0,0,48,15,0,1,0,54,35,90,0,77,70,56,0,87,82,86,0,0,0,0,0
l32,8=0,0,0,0,0,0,0,0,0,0,0,0,0,0,0,0,22,0,0,0,0,0,0,62,0,62,89,50,37,46,63,93,0,90,94,0,0,0,0,0
l33,8=0,0,0,0,0,0,0,0,0,0,0,0,47,0,0,0,0,34,0,0,14,6,0,70,65,65,69,0,60,47,61,89,86,0,71,0,0,0,0,0
l34,8=0,0,0,0,0,0,0,0,0,0,0,0,46,0,0,0,47,0,0,0,3,0,0,74,71,66,70,39,55,49,0,89,94,73,0,0,0,0,0,0
l35,8=0,0,0,0,0,0,0,0,0,0,0,0,26,5,0,0,1,0,0,2,2,23,46,0,0,0,0,0,0,0,0,0,0,0,0,0,69,53,73,26
l36,8=0,0,0,0,0,0,0,0,0,0,0,39,23,0,15,17,38,30,0,11,30,22,55,0,15,0,0,0,0,0,0,0,0,0,0,42,0,45,48,30
l37,8=0,0,0,0,0,0,0,0,0,0,0,0,0,0,0,0,36,0,0,0,25,22,44,0,0,0,0,0,0,0,0,0,0,0,0,38,49,0,38,25
l38,8=0,0,0,0,0,0,0,0,0,21,0,42,23,37,0,53,38,51,0,3,37,36,60,0,0,0,0,0,0,0,0,0,0,0,0,42,69,49,0,14
l39,8=0,0,0,0,0,0,0,0,0,0,0,0,0,0,0,0,49,15,0,25,41,51,49,0,0,0,0,0,0,0,0,0,0,0,0,46,69,49,39,0

l0,9=0,86,58,60,91,66,80,74,3,84,73,0,0,0,0,0,0,0,0,0,0,0,0,0,0,0,0,0,0,0,0,0,0,0,0,0,0,0,0,0
l1,9=71,0,60,68,89,81,77,78,85,85,81,0,0,23,0,0,0,0,0,0,0,0,0,0,0,0,0,0,0,0,0,0,0,0,0,0,0,0,0,0
l2,9=67,77,0,68,89,87,89,42,29,0,82,0,37,0,0,0,0,0,0,0,0,0,0,0,0,0,0,0,0,0,0,0,0,0,0,0,0,0,0,0
l3,9=57,75,55,0,92,72,80,72,0,1,57,0,0,0,0,0,0,0,0,0,0,0,0,0,0,0,0,0,0,0,0,0,0,0,0,0,0,0,0,0
l4,9=63,71,54,69,0,68,70,75,81,55,77,0,0,12,0,0,0,0,0,0,0,0,0,0,13,0,0,0,0,0,0,0,0,0,0,0,0,0,0,0
l5,9=61,78,61,68,90,0,86,73,84,91,85,0,0,78,0,0,0,0,0,0,0,0,0,0,0,0,0,0,0,0,0,0,0,0,0,0,0,0,0,0
l6,9=61,42,88,65,77,82,0,97,47,95,90,0,0,46,0,0,18,0,0,0,0,0,0,0,0,0,0,0,0,0,0,0,0,0,0,0,0,0,0,0
l7,9=68,74,38,70,93,74,100,0,96,100,98,23,36,98,0,38,1,0,0,0,0,0,0,0,0,0,0,0,0,0,0,0,0,0,0,0,0,0,0,0
l8,9=0,44,3,0,90,78,54,54,0,97,81,90,30,96,40,44,10,40,0,45,0,0,66,0,0,0,0,0,0,0,0,0,0,0,0,0,0,0,0,0
l9,9=73,35,0,0,36,77,82,97,95,0,92,87,27,99,77,90,61,0,0,0,0,0,5,46,8,0,0,0,0,0,0,0,0,0,0,0,0,0,0,0
l10,9=64,75,59,47,91,86,87,97,94,97,0,0,21,94,1,92,3,26,0,0,0,0,0,42,0,0,0,0,0,0,0,0,0,0,0,0,0,0,0,0
l11,9=0,0,0,0,0,0,0,4,34,85,0,0,95,58,58,99,35,89,0,1,36,54,54,82,80,26,0,0,0,0,0,0,0,0,0,2,40,0,18,0
l12,9=0,0,0,0,0,0,0,0,0,46,0,94,0,54,88,97,60,95,0,0,79,10,26,93,87,100,0,0,0,0,0,0,0,0,1,0,56,0,4,0
l13,9=0,0,0,1,25,59,44,34,83,97,84,90,53,0,49,94,34,38,0,3,41,57,0,64,78,23,0,0,0,0,0,0,0,0,0,0,36,0,17,0
l14,9=0,0,0,0,0,0,0,0,31,83,0,87,96,48,0,51,37,88,0,0,79,90,83,90,96,36,0,0,0,0,0,0,0,5,1,0,2,0,0,0
l15,9=0,0,0,0,0,0,0,4,31,93,86,99,59,60,59,0,37,96,0,0,73,83,81,71,78,0,0,0,0,0,0,0,0,0,0,0,55,33,30,0
l16,9=0,0,0,0,0,0,20,0,17,72,9,84,59,55,52,54,0,91,60,59,89,33,88,82,87,30,0,0,0,0,0,0,0,11,40,17,55,55,30,25
l17,9=0,0,0,0,0,0,0,0,34,0,68,95,59,50,60,57,38,0,0,89,36,87,94,12,76,9,0,0,0,0,0,0,0,44,0,0,14,9,0,28
l18,9=0,0,0,0,0,0,0,0,0,1,0,0,0,0,0,0,54,0,0,2,86,85,59,0,0,0,0,0,0,0,0,0,0,0,0,3,0,0,0,0
l19,9=0,0,0,0,0,0,0,0,12,0,0,2,0,5,0,0,56,80,0,0,90,91,95,0,0,0,87,0,0,0,0,69,0,0,0,30,74,15,85,86
l20,9=0,0,0,0,0,0,0,0,0,0,0,34,47,26,38,30,55,53,2,91,0,99,96,0,9,0,4,0,0,0,0,0,0,0,35,31,78,65,76,50
l21,9=0,0,0,0,0,0,0,0,0,0,0,38,32,35,39,36,26,50,64,87,96,0,96,0,0,0,0,0,0,0,0,0,0,17,0,31,55,59,32,27
l22,9=0,0,0,0,0,0,0,0,29,22,0,25,25,5,36,42,40,61,3,90,95,95,0,0,0,0,23,0,4,51,0,58,0,0,0,36,75,68,89,0
l23,9=0,0,0,0,0,0,0,0,0,77,9,84,96,49,97,45,38,0,0,0,0,0,0,0,97,100,0,0,0,0,0,0,20,24,49,0,0,0,0,0
l24,9=0,0,0,0,14,0,0,0,0,62,0,88,99,56,98,51,98,76,0,0,15,0,0,97,0,57,0,0,0,0,0,0,0,54,22,0,47,0,0,0
l25,9=0,0,0,2,0,0,0,0,0,0,0,80,99,29,71,0,30,6,0,0,0,0,0,98,95,0,0,0,0,10,0,0,40,88,41,0,0,0,18,0
l26,9=0,0,0,0,0,0,0,0,0,0,0,0,0,0,0,0,0,0,0,79,79,0,88,0,0,0,0,80,94,100,98,98,98,85,87,0,0,0,0,0
l27,9=0,0,0,0,0,0,0,0,0,0,0,0,0,0,0,0,0,0,0,0,0,0,0,0,0,0,98,0,94,100,100,95,86,0,0,0,0,0,0,0
l28,9=0,0,0,0,0,0,0,0,0,0,0,0,0,0,0,0,0,0,0,76,0,0,22,0,0,0,99,100,0,100,100,90,2,84,0,0,0,0,0,0
l29,9=0,0,0,0,0,0,0,0,0,0,0,0,0,0,0,0,0,0,0,0,0,0,82,0,0,5,99,100,94,0,100,97,72,83,87,0,0,0,0,0
l30,9=0,0,0,0,0,0,0,0,0,0,0,0,0,0,0,0,0,0,0,0,0,0,0,0,0,0,99,100,94,100,0,97,90,33,94,0,0,0,0,0
l31,9=0,0,0,0,0,0,0,0,0,0,0,0,0,0,0,0,0,0,0,80,2,0,87,0,0,0,97,72,88,96,95,0,97,99,100,0,0,0,0,0
l32,9=0,0,0,0,0,0,0,0,0,0,0,0,35,0,0,0,0,0,0,0,0,0,0,84,0,36,99,64,0,74,95,99,0,99,100,0,0,0,0,0
l33,9=0,0,0,0,0,0,0,0,0,0,0,0,24,0,77,0,46,72,0,0,0,45,0,89,93,99,89,0,89,83,69,99,99,0,99,0,0,0,0,0
l34,9=0,0,0,0,0,0,0,0,0,0,0,0,50,0,34,0,86,0,0,0,83,0,0,89,72,37,94,0,0,95,91,99,99,99,0,0,0,0,0,0
l35,9=0,0,0,0,0,0,0,0,0,0,0,0,0,0,0,0,11,0,0,9,47,71,76,0,0,0,0,0,0,0,0,0,0,0,0,0,78,62,91,20
l36,9=0,0,0,0,0,0,0,0,0,0,0,30,21,13,0,24,14,0,0,54,71,64,85,0,10,0,0,0,0,0,0,0,0,0,0,36,0,71,30,22
l37,9=0,0,0,0,0,0,0,0,0,0,0,0,0,0,0,7,16,0,0,0,70,67,75,0,0,0,0,0,0,0,0,0,0,0,0,29,65,0,29,22
l38,9=0,0,0,0,0,0,0,0,0,0,0,36,22,20,0,31,30,0,0,53,81,87,88,0,0,0,0,0,0,0,0,0,0,0,0,31,62,73,0,22
l39,9=0,0,0,0,0,0,0,0,0,0,0,0,0,0,0,0,25,48,0,73,82,68,64,0,0,0,0,0,0,0,0,0,0,0,0,26,66,64,30,0

l0,10=0,85,81,79,77,61,75,71,36,73,41,0,0,0,0,0,0,0,0,0,0,0,0,0,0,0,0,0,0,0,0,0,0,0,0,0,0,0,0,0
l1,10=87,0,79,72,69,74,66,67,0,40,32,0,0,0,0,0,0,0,0,0,0,0,0,0,0,0,0,0,0,0,0,0,0,0,0,0,0,0,0,0
l2,10=81,77,0,76,72,78,77,62,54,76,75,0,9,0,0,0,0,0,0,0,0,0,0,0,0,0,0,0,0,0,0,0,0,0,0,0,0,0,0,0
l3,10=85,77,78,0,82,66,67,58,0,41,0,0,0,0,0,0,0,0,0,0,0,0,0,0,0,0,0,0,0,0,0,0,0,0,0,0,0,0,0,0
l4,10=81,69,79,86,0,72,67,69,56,10,58,0,0,0,1,0,0,0,0,0,0,0,0,0,0,0,0,0,0,0,0,0,0,0,0,0,0,0,0,0
l5,10=14,77,79,72,73,0,77,75,60,77,74,0,0,64,0,0,0,0,0,0,0,0,0,0,0,0,0,0,0,0,0,0,0,0,0,0,0,0,0,0
l6,10=70,58,76,64,64,71,0,78,63,76,66,0,0,32,0,0,6,0,0,0,0,0,0,0,0,0,0,0,0,0,0,0,0,0,0,0,0,0,0,0
l7,10=80,78,45,66,73,75,82,0,75,85,85,36,21,73,14,6,0,0,0,0,0,0,0,0,0,0,0,0,0,0,0,0,0,0,0,0,0,0,0,0
l8,10=37,0,22,28,38,51,65,63,0,89,60,68,47,76,7,69,33,45,0,11,10,0,31,24,0,0,0,0,0,0,0,0,0,0,0,0,0,0,0,0
l9,10=55,30,31,30,3,57,70,75,78,0,78,66,61,73,34,62,0,0,0,0,0,5,3,8,21,0,0,0,0,0,0,0,0,0,0,0,0,0,0,0
l10,10=53,46,54,51,51,59,57,80,53,85,0,42,0,62,0,62,0,32,0,0,0,0,0,6,0,0,0,0,0,0,0,0,0,0,0,0,0,0,0,0
l11,10=0,0,0,0,0,5,0,26,43,44,46,0,79,77,75,88,22,80,0,0,40,18,0,63,71,65,0,0,0,0,0,0,0,0,0,45,40,0,51,0
l12,10=0,0,0,0,0,0,0,0,25,35,0,79,0,41,93,86,88,94,0,0,47,23,0,87,92,97,0,0,0,0,0,0,0,39,0,0,20,0,57,0
l13,10=0,0,0,0,1,39,43,48,82,85,62,73,68,0,40,80,64,39,0,0,46,15,0,19,66,21,0,0,0,0,0,0,0,0,0,0,6,0,41,0
l14,10=0,0,0,0,0,0,0,0,10,36,0,75,96,41,0,70,74,81,0,0,49,10,5,68,82,74,0,0,0,0,0,0,0,50,0,0,49,0,30,0
l15,10=0,0,0,0,0,0,0,0,43,43,68,85,69,59,49,0,68,80,0,10,34,7,13,0,71,55,0,0,0,0,0,0,0,0,0,0,23,0,58,0
l16,10=0,0,0,0,0,0,2,0,3,0,0,20,62,29,38,53,0,71,8,14,53,23,15,11,83,0,0,0,0,0,0,0,0,0,44,20,48,40,77,48
l17,10=0,0,0,0,0,0,2,0,4,0,41,84,74,6,54,86,93,0,0,14,29,26,28,15,46,43,0,0,0,0,0,0,0,33,0,0,52,10,54,34
l18,10=0,0,0,0,0,0,0,0,0,0,0,0,0,0,0,0,53,0,0,77,75,69,0,0,0,0,0,0,0,0,0,0,0,0,0,0,0,0,0,0
l19,10=0,0,0,0,0,0,0,0,7,0,0,0,0,0,0,20,46,37,26,0,81,65,83,0,0,0,42,0,0,0,0,25,0,0,0,45,37,41,35,42
l20,10=0,0,0,0,0,0,0,0,0,0,0,20,27,19,6,24,71,21,18,86,0,83,91,0,0,0,0,0,0,0,0,0,19,0,8,52,73,52,80,56
l21,10=0,0,0,0,0,0,0,0,0,18,0,27,46,22,19,20,68,50,31,49,89,0,91,0,0,0,7,0,0,0,0,0,0,20,0,52,45,47,74,62
l22,10=0,0,0,0,0,0,0,0,21,7,0,0,0,0,3,18,44,44,0,80,88,74,0,0,0,0,30,0,3,30,0,27,0,0,0,64,61,51,75,56
l23,10=0,0,0,0,0,0,0,0,29,19,0,71,89,37,52,0,68,61,0,0,0,0,0,0,95,98,0,0,0,0,0,0,42,65,19,0,0,0,0,0
l24,10=0,0,0,0,0,0,0,0,0,30,0,73,96,44,91,75,92,73,0,0,18,0,0,95,0,88,0,0,0,0,0,0,0,60,0,0,0,0,45,0
l25,10=0,0,0,5,0,0,0,0,0,0,0,73,97,22,84,64,1,55,0,0,0,0,0,97,90,0,18,0,0,0,0,19,10,81,77,0,0,0,43,0
l26,10=0,0,0,0,0,0,0,0,0,0,0,0,0,0,0,0,0,0,0,61,0,1,63,0,0,32,0,69,97,100,97,100,97,55,73,0,0,0,0,0
l27,10=0,0,0,0,0,0,0,0,0,0,0,0,0,0,0,0,0,0,0,0,0,0,0,0,0,0,84,0,93,100,98,87,0,0,79,0,0,0,0,0
l28,10=0,0,0,0,0,0,0,0,0,0,0,0,0,0,0,0,0,0,0,0,0,0,46,0,0,0,95,95,0,100,98,88,54,69,54,0,0,0,0,0
l29,10=0,0,0,0,0,0,0,0,0,0,0,0,0,0,0,0,0,0,0,0,4,0,43,0,0,0,95,95,97,0,98,94,63,0,57,0,0,0,0,0
l30,10=0,0,0,0,0,0,0,0,0,0,0,0,0,0,0,0,0,0,0,0,0,0,0,0,0,0,95,95,97,100,0,89,70,58,67,0,0,0,0,0
l31,10=0,0,0,0,0,0,0,0,0,0,0,0,0,0,0,0,0,0,0,60,0,0,66,1,0,42,95,70,83,95,92,0,98,100,100,0,0,0,0,0
l32,10=0,0,0,0,0,0,0,0,0,0,0,0,0,0,0,0,9,0,0,1,60,0,0,78,0,30,94,0,63,83,83,100,0,100,100,0,0,0,0,0
l33,10=0,0,0,0,0,0,0,0,0,0,0,0,67,0,73,0,0,44,0,0,0,9,0,92,88,97,78,0,88,4,83,100,99,0,100,0,0,0,0,0
l34,10=0,0,0,0,0,0,0,0,0,0,0,0,22,0,0,0,80,0,0,1,44,0,0,48,19,85,88,77,62,85,83,100,99,100,0,0,0,0,0,0
l35,10=0,0,0,0,0,0,0,0,0,0,0,14,3,0,0,0,26,0,0,17,55,2,39,0,0,0,0,0,0,0,0,0,0,0,0,0,74,61,67,54
l36,10=0,0,0,0,0,0,0,0,0,0,0,3,0,0,4,1,45,36,0,12,60,2,29,0,0,0,0,0,0,0,0,0,0,0,0,82,0,63,72,62
l37,10=0,0,0,0,0,0,0,0,0,0,0,0,0,0,0,0,46,0,0,14,55,0,21,0,0,0,0,0,0,0,0,0,0,0,0,68,65,0,67,62
l38,10=0,0,0,0,0,0,0,0,0,0,0,19,15,0,0,24,77,41,0,7,62,36,48,0,8,14,0,0,0,0,0,0,0,0,0,73,77,62,0,69
l39,10=0,0,0,0,0,0,0,0,0,0,0,0,0,0,0,0,60,32,0,26,57,31,32,0,0,0,0,0,0,0,0,0,0,0,0,64,67,61,73,0

l0,11=0,84,82,82,77,78,6,5,0,5,0,0,0,0,0,0,0,0,0,0,0,0,0,0,0,0,0,0,0,0,0,0,0,0,0,0,0,0,0,0
l1,11=76,0,75,69,69,70,60,59,0,48,52,0,0,0,0,0,0,0,0,0,0,0,0,0,0,0,0,0,0,0,0,0,0,0,0,0,0,0,0,0
l2,11=75,79,0,74,72,81,78,42,35,0,8,0,0,0,0,0,0,0,0,0,0,0,0,0,0,0,0,0,0,0,0,0,0,0,0,0,0,0,0,0
l3,11=81,47,46,0,82,72,4,0,0,3,5,0,0,0,0,0,0,0,0,0,0,0,0,0,0,0,0,0,0,0,0,0,0,0,0,0,0,0,0,0
l4,11=68,69,22,78,0,69,16,1,0,7,7,0,0,0,1,0,0,0,0,0,0,0,0,1,0,0,0,0,0,0,0,0,0,0,0,0,0,0,0,0
l5,11=73,77,79,75,73,0,80,56,22,76,1,1,0,0,0,0,0,0,0,0,0,0,0,0,0,0,0,0,0,0,0,0,0,0,0,0,0,0,0,0
l6,11=41,54,50,38,57,67,0,72,32,69,60,3,0,21,0,31,20,0,0,0,0,0,0,0,0,0,0,0,0,0,0,0,0,0,0,0,0,0,0,0
l7,11=68,79,60,26,71,67,82,0,71,76,79,33,15,72,0,22,0,0,0,0,0,0,0,0,0,0,0,0,0,0,0,0,0,0,0,0,0,0,0,0
l8,11=14,3,48,0,11,9,38,35,0,79,63,68,60,74,11,70,0,49,0,13,0,0,0,28,11,0,0,0,0,0,0,0,0,0,0,0,0,0,0,0
l9,11=23,47,14,26,1,37,47,77,74,0,74,66,58,70,0,35,16,5,0,0,0,52,0,0,6,0,0,0,0,0,0,0,0,0,0,0,0,0,0,0
l10,11=0,51,12,47,50,22,62,78,62,78,0,56,0,57,0,58,0,0,0,0,0,0,0,0,0,0,0,0,0,0,0,0,0,0,0,0,0,0,0,0
l11,11=0,3,0,0,0,4,5,22,44,43,55,0,74,46,22,84,67,78,0,0,17,30,33,55,24,21,0,0,0,0,0,0,0,0,0,40,0,0,24,0
l12,11=0,0,0,0,0,0,0,0,31,35,0,82,0,19,82,59,71,84,0,0,21,52,37,57,87,90,0,0,0,0,0,0,0,0,0,0,0,0,23,0
l13,11=7,0,0,0,0,9,36,38,79,76,55,82,63,0,11,80,53,70,0,0,19,38,0,44,19,14,0,0,0,0,0,0,0,0,0,0,0,0,12,0
l14,11=0,0,0,0,18,0,0,0,18,0,0,76,78,14,0,0,77,81,0,0,6,34,0,62,44,28,0,0,0,0,0,0,0,52,34,38,29,0,16,0
l15,11=0,0,0,0,0,1,38,16,44,36,53,85,79,82,0,0,72,83,0,15,23,41,16,22,2,15,0,0,0,0,0,0,0,0,0,8,37,0,22,0
l16,11=0,0,0,0,0,0,7,0,0,8,0,57,65,11,20,30,0,77,0,9,27,60,26,28,27,1,0,0,0,0,0,0,19,13,27,3,42,18,27,41
l17,11=0,0,0,0,0,0,0,0,28,20,8,83,81,19,24,39,80,0,0,0,22,55,44,41,17,7,0,0,0,0,0,0,0,0,0,0,43,0,18,20
l18,11=0,0,0,0,0,0,0,0,0,0,0,0,0,0,0,0,29,0,0,63,61,72,4,0,0,0,0,0,0,0,0,0,0,0,0,0,0,0,0,0
l19,11=0,0,0,0,0,0,0,0,15,0,0,0,0,0,0,17,30,0,15,0,62,64,60,0,0,0,26,0,0,0,0,20,0,0,12,22,26,9,0,35
l20,11=0,0,0,0,0,0,0,0,0,0,0,0,40,9,0,24,61,47,14,67,0,86,83,0,0,0,15,0,0,0,0,0,18,0,0,52,54,19,24,60
l21,11=0,0,0,0,0,0,0,0,0,24,0,28,44,9,7,15,64,48,16,76,79,0,79,0,2,0,0,0,0,0,0,0,0,0,0,44,32,10,79,29
l22,11=0,0,0,0,0,0,0,0,0,0,0,43,34,0,0,1,18,47,0,66,79,78,0,0,0,0,22,0,0,0,0,33,0,0,0,67,52,14,70,40
l23,11=0,0,0,0,0,0,0,0,2,0,0,75,75,23,32,0,52,61,0,0,0,0,0,0,85,93,0,0,0,0,0,5,45,60,0,0,0,0,0,0
l24,11=0,0,0,0,0,0,0,0,15,17,0,74,82,19,39,4,80,63,0,0,0,0,0,91,0,83,0,0,0,0,0,0,0,6,0,0,0,0,1,0
l25,11=0,0,0,0,0,0,0,0,0,0,0,65,83,27,69,37,0,1,0,0,0,0,0,96,79,0,0,0,0,0,0,37,13,80,0,0,0,0,0,0
l26,11=0,0,0,0,0,0,0,0,0,0,0,0,0,0,0,0,0,0,0,57,41,0,52,0,0,0,0,83,95,89,91,88,77,64,47,0,0,0,0,0
l27,11=0,0,0,0,0,0,0,0,0,0,0,0,0,0,0,0,0,0,0,0,0,0,0,0,0,0,82,0,90,90,94,60,0,0,24,0,0,0,0,0
l28,11=0,0,0,0,0,0,0,0,0,0,0,0,0,0,0,0,0,0,0,0,20,0,0,0,0,0,87,94,0,93,94,85,62,0,24,0,0,0,0,0
l29,11=0,0,0,0,0,0,0,0,0,0,0,0,0,0,0,0,0,0,0,0,0,0,6,0,0,0,85,94,95,0,94,85,30,35,24,0,0,0,0,0
l30,11=0,0,0,0,0,0,0,0,0,0,0,0,0,0,0,0,0,0,0,0,0,0,0,0,0,0,87,94,95,93,0,87,39,58,38,0,0,0,0,0
l31,11=0,0,0,0,0,0,0,0,0,0,0,0,0,0,0,0,0,0,0,46,0,0,57,46,0,45,87,83,89,89,85,0,81,100,100,0,0,0,0,0
l32,11=0,0,0,0,0,0,0,0,0,0,0,0,0,0,0,0,16,0,0,0,7,0,1,30,0,6,87,0,46,41,54,96,0,100,100,0,0,0,0,0
l33,11=0,0,0,0,0,0,0,0,0,0,0,0,0,0,49,0,3,0,0,0,5,0,0,83,12,93,76,0,0,57,85,100,97,0,100,0,0,0,0,0
l34,11=0,0,0,0,0,0,0,0,0,0,0,0,0,0,16,0,49,0,0,9,0,0,0,7,0,1,84,70,34,72,77,100,97,100,0,0,0,0,0,0
l35,11=0,0,0,0,0,0,0,0,0,0,0,30,1,0,5,1,24,0,0,12,21,30,55,0,0,0,0,0,0,0,0,0,0,0,0,0,80,23,28,65
l36,11=0,0,0,0,0,0,0,0,0,0,0,0,0,0,1,11,59,42,0,4,28,55,58,0,0,0,0,0,0,0,0,0,0,0,0,86,0,25,29,69
l37,11=0,0,0,0,0,0,0,0,0,0,0,0,0,0,0,0,48,0,0,5,23,16,43,0,0,0,0,0,0,0,0,0,0,0,0,73,51,0,23,70
l38,11=0,0,0,0,0,0,0,0,0,0,0,47,54,2,5,20,69,36,0,0,29,73,63,0,0,0,0,0,0,0,0,0,0,0,0,73,59,22,0,78
l39,11=0,0,0,0,0,0,0,0,0,0,0,0,0,0,0,0,54,0,0,24,26,57,58,0,0,0,0,0,0,0,0,0,0,0,0,73,74,67,81,0

l0,12=0,89,86,91,76,83,24,18,4,4,7,0,0,0,0,0,0,0,0,0,0,0,0,0,0,0,0,0,0,0,0,0,0,0,0,0,0,0,0,0
l1,12=75,0,70,82,59,73,58,77,0,4,61,1,0,0,0,0,0,0,0,0,0,0,0,0,0,0,0,0,0,0,0,0,0,0,0,0,0,0,0,0
l2,12=82,80,0,77,75,82,79,41,18,63,65,0,0,33,0,0,0,0,0,0,0,0,0,0,0,0,0,0,0,0,0,0,0,0,0,0,0,0,0,0
l3,12=78,82,48,0,79,77,0,9,0,1,9,0,0,0,0,0,0,0,0,0,0,0,0,0,0,0,0,0,0,0,0,0,0,0,0,0,0,0,0,0
l4,12=75,47,70,91,0,41,59,23,6,3,4,0,0,0,10,0,0,0,0,0,0,0,0,0,0,0,0,0,0,0,0,0,0,0,0,0,0,0,0,0
l5,12=74,83,81,82,74,0,61,79,25,73,13,0,0,15,0,0,0,0,0,0,0,0,0,0,0,0,0,0,0,0,0,0,0,0,0,0,0,0,0,0
l6,12=57,71,79,4,72,60,0,75,54,48,66,53,0,53,11,59,0,0,0,0,0,0,0,0,0,0,0,0,0,0,0,0,0,0,0,0,0,0,0,0
l7,12=50,83,23,57,75,80,79,0,74,80,85,40,35,72,0,0,0,0,0,0,0,0,0,0,0,0,0,0,0,0,0,0,0,0,0,0,0,0,0,0
l8,12=21,0,2,3,45,46,49,64,0,83,76,61,41,79,24,63,4,24,0,18,0,30,0,0,8,0,0,0,0,0,0,0,0,0,0,0,0,0,0,0
l9,12=23,29,33,8,40,74,44,81,78,0,85,36,32,76,0,61,6,2,0,0,21,32,0,0,0,0,0,0,0,0,0,0,0,0,0,0,0,0,0,0
l10,12=32,50,29,59,21,32,58,85,68,83,0,38,0,71,12,57,0,0,0,0,0,0,0,0,0,0,0,0,0,0,0,0,0,0,0,0,0,0,0,0
l11,12=0,4,0,0,0,0,45,45,70,64,58,0,46,72,69,83,39,83,0,0,28,39,40,41,0,4,0,0,0,0,0,0,0,0,0,7,15,0,59,0
l12,12=0,0,0,0,0,0,0,2,53,48,0,80,0,59,91,80,47,86,0,0,35,43,43,49,93,92,0,0,0,0,0,0,0,1,0,0,0,0,55,0
l13,12=0,0,0,0,0,34,22,66,78,75,66,78,44,0,61,78,66,69,0,0,26,33,0,62,23,30,0,0,0,0,0,0,0,0,0,0,0,0,0,0
l14,12=0,0,0,0,27,0,1,0,15,5,2,41,86,58,0,74,80,41,0,0,13,45,0,68,96,35,0,0,0,0,0,0,0,37,36,10,1,0,1,0
l15,12=0,0,0,0,0,0,46,0,60,57,57,88,82,83,66,0,71,78,0,20,34,47,18,43,27,34,0,0,0,0,0,0,0,0,0,0,0,0,43,0
l16,12=0,0,0,0,0,0,2,0,6,23,4,26,43,44,81,73,0,50,13,8,37,51,21,11,32,3,0,0,0,0,0,0,0,0,0,11,34,46,58,30
l17,12=0,0,0,0,0,0,0,0,42,43,0,51,53,56,65,83,80,0,0,26,41,52,47,51,17,0,0,0,0,0,0,0,0,15,0,0,22,0,46,0
l18,12=0,0,0,0,0,0,0,0,0,0,0,0,0,0,0,0,39,0,0,54,62,51,0,0,0,0,0,0,0,0,0,0,0,0,0,0,0,0,0,0
l19,12=0,0,0,0,0,0,0,0,7,0,0,0,0,0,0,36,22,20,19,0,76,61,69,0,0,0,38,0,0,0,0,28,5,0,0,0,21,2,22,54
l20,12=0,0,0,0,0,0,0,0,0,32,0,26,20,28,1,39,37,34,14,77,0,82,87,0,0,0,31,0,0,0,0,20,0,0,0,16,52,37,57,38
l21,12=0,0,0,0,0,0,0,0,35,38,0,46,36,31,40,44,39,30,18,75,84,0,87,0,15,0,31,0,0,0,0,0,0,0,0,18,32,10,75,34
l22,12=0,0,0,0,0,0,0,0,0,0,0,28,15,0,0,9,13,13,0,76,84,79,0,0,0,0,30,0,0,0,0,12,0,0,0,16,52,7,73,69
l23,12=0,0,0,0,56,0,0,0,0,0,0,38,43,69,80,64,1,69,0,0,0,0,0,0,94,93,0,0,0,0,0,17,0,17,0,0,0,0,0,0
l24,12=0,0,0,0,0,0,0,0,16,6,0,0,89,70,93,75,81,48,0,0,0,47,0,87,0,91,0,0,0,0,0,1,57,0,0,0,10,0,51,0
l25,12=0,0,0,0,0,0,0,0,0,0,0,18,89,54,65,68,34,0,0,0,0,0,0,93,91,0,0,0,0,0,0,70,48,71,78,0,0,0,0,0
l26,12=0,0,0,0,0,0,0,0,0,0,0,0,0,0,0,0,0,0,0,45,44,1,55,0,0,0,0,79,89,80,93,89,77,62,79,0,0,0,0,0
l27,12=0,0,0,0,0,0,0,0,0,0,0,0,0,0,0,0,0,0,0,0,0,0,0,0,0,0,80,0,87,91,95,86,0,19,27,0,0,0,0,0
l28,12=0,0,0,0,0,0,0,0,0,0,0,0,0,0,0,0,0,0,0,0,32,0,0,0,0,0,85,97,0,92,95,88,65,60,73,0,0,0,0,0
l29,12=0,0,0,0,0,0,0,0,0,0,0,0,0,0,0,0,0,0,0,0,0,0,0,0,0,0,81,97,89,0,95,84,75,58,78,0,0,0,0,0
l30,12=0,0,0,0,0,0,0,0,0,0,0,0,0,0,0,0,0,0,0,0,0,0,0,0,0,0,85,97,89,92,0,86,77,35,37,0,0,0,0,0
l31,12=0,0,0,0,0,0,0,0,0,0,0,0,0,0,0,0,0,0,0,56,10,0,37,50,7,68,85,86,87,90,94,0,96,100,100,0,0,0,0,0
l32,12=0,0,0,0,0,0,0,0,0,0,0,0,0,0,0,0,0,0,0,0,0,0,0,17,61,50,82,0,80,87,84,94,0,100,100,0,0,0,0,0
l33,12=0,0,0,0,0,0,0,0,0,0,0,0,35,0,61,0,0,0,0,0,0,0,0,32,0,86,74,32,68,70,74,99,96,0,100,0,0,0,0,0
l34,12=0,0,0,0,0,0,0,0,0,0,0,0,0,0,68,0,0,0,0,0,0,0,0,0,0,88,85,44,81,87,64,99,96,100,0,0,0,0,0,0
l35,12=0,0,0,0,0,0,0,0,0,0,0,3,0,0,8,0,14,0,0,0,17,15,38,0,0,0,0,0,0,0,0,0,0,0,0,0,66,62,73,51
l36,12=0,0,0,0,0,0,0,0,0,0,0,12,0,0,0,0,40,12,0,0,43,31,59,0,0,0,0,0,0,0,0,0,0,0,0,47,0,57,77,57
l37,12=0,0,0,0,0,0,0,0,0,0,0,0,0,0,0,0,24,0,0,0,14,2,11,0,0,0,0,0,0,0,0,0,0,0,0,28,37,0,68,57
l38,12=0,0,0,0,0,0,0,0,0,0,0,27,27,0,0,19,36,12,0,0,13,56,62,0,0,0,0,0,0,0,0,0,0,0,0,25,50,51,0,61
l39,12=0,0,0,0,0,0,0,0,0,0,0,0,0,0,0,0,14,0,0,35,12,24,69,0,0,0,0,0,0,0,0,0,0,0,0,20,39,62,75,0

l0,13=0,89,78,83,87,88,88,82,25,32,43,0,0,0,0,0,0,0,0,0,0,0,0,0,0,0,0,0,0,0,0,0,0,0,0,0,0,0,0,0
l1,13=86,0,79,84,82,82,28,81,0,16,31,0,2,0,0,0,0,0,0,0,0,0,0,0,0,0,0,0,0,0,0,0,0,0,0,0,0,0,0,0
l2,13=90,89,0,81,85,90,85,79,0,39,43,0,0,15,0,0,0,0,0,0,0,0,0,0,0,0,0,0,0,0,0,0,0,0,0,0,0,0,0,0
l3,13=85,90,76,0,87,83,80,38,0,0,36,0,0,0,0,0,0,0,0,0,0,0,0,0,0,0,0,0,0,0,0,0,0,0,0,0,0,0,0,0
l4,13=87,82,76,81,0,82,83,81,15,16,44,0,0,0,0,0,0,0,0,0,0,0,0,3,0,0,0,0,0,0,0,0,0,0,0,0,0,0,0,0
l5,13=86,81,80,79,82,0,82,53,51,41,42,0,0,36,0,0,0,0,0,0,0,0,0,0,0,0,0,0,0,0,0,0,0,0,0,0,0,0,0,0
l6,13=79,61,75,75,82,83,0,12,70,39,2,32,0,32,0,41,0,0,0,0,0,0,0,0,0,0,0,0,0,0,0,0,0,0,0,0,0,0,0,0
l7,13=50,85,80,65,55,55,20,0,77,82,91,22,7,39,0,4,0,0,0,0,0,0,0,0,0,0,0,0,0,0,0,0,0,0,0,0,0,0,0,0
l8,13=14,0,0,1,34,52,49,53,0,88,85,38,23,81,57,33,18,7,0,19,0,14,5,0,52,0,0,0,0,0,0,0,0,0,0,0,0,0,0,0
l9,13=42,46,63,0,67,81,81,82,86,0,91,29,30,83,29,62,29,9,0,0,20,15,0,0,0,0,0,0,0,0,0,0,0,0,0,0,0,0,0,0
l10,13=34,59,61,53,43,52,1,83,79,88,0,30,0,78,0,56,0,0,0,0,0,0,0,0,0,0,0,0,0,0,0,0,0,0,0,0,0,0,0,0
l11,13=0,0,0,0,0,0,33,9,35,64,64,0,84,94,88,91,56,52,0,0,64,49,57,75,40,21,0,0,0,0,0,0,0,0,0,0,16,0,61,0
l12,13=0,0,0,0,0,0,0,0,25,53,0,86,0,66,100,91,60,57,0,0,66,19,55,65,96,100,0,0,0,0,0,0,0,58,0,0,20,0,62,0
l13,13=0,0,0,0,0,47,30,30,56,85,86,90,63,0,81,91,28,23,0,5,37,22,0,68,5,40,0,0,0,0,0,0,0,0,0,0,0,0,64,0
l14,13=0,0,0,0,0,0,0,0,37,65,0,79,96,81,0,80,71,24,0,0,1,18,0,95,96,52,0,0,0,0,0,0,0,61,47,0,0,0,5,0
l15,13=0,0,0,0,0,0,32,0,19,73,69,92,94,94,79,0,71,34,0,33,66,36,0,73,63,42,0,0,0,0,0,0,0,0,0,0,24,0,61,0
l16,13=0,0,0,0,0,0,0,0,11,45,0,57,81,58,94,90,0,28,14,37,48,35,53,35,63,7,0,0,0,0,0,0,17,38,40,16,31,11,75,49
l17,13=0,0,0,0,0,0,0,0,27,44,0,89,96,84,81,89,73,0,0,39,81,52,53,54,59,28,0,0,0,0,0,0,0,49,0,0,27,0,59,0
l18,13=0,0,0,0,0,0,0,0,0,0,0,0,0,0,0,0,61,0,0,87,86,0,24,0,0,0,0,0,0,0,0,0,0,0,0,0,0,0,0,0
l19,13=0,0,0,0,0,0,0,0,22,0,0,0,0,0,0,49,54,29,45,0,92,95,90,0,0,0,42,0,0,0,0,28,0,0,0,0,48,7,61,64
l20,13=0,0,0,0,0,0,0,0,0,25,0,52,57,42,0,63,41,35,25,93,0,99,93,0,0,0,0,0,0,0,0,18,0,0,0,44,52,58,87,18
l21,13=0,0,0,0,0,0,0,0,26,57,0,64,32,57,48,54,54,49,0,93,93,0,94,0,54,0,3,0,0,0,0,0,0,0,0,0,18,0,86,56
l22,13=0,0,0,0,0,0,0,0,1,0,0,39,38,0,0,0,43,9,0,83,92,99,0,0,0,0,14,0,0,0,0,0,0,0,0,28,83,0,84,86
l23,13=0,0,0,0,0,0,0,0,0,0,0,72,82,77,96,80,11,5,0,0,0,0,0,0,55,100,0,0,0,0,0,0,0,33,22,0,0,0,0,0
l24,13=0,0,0,0,0,0,0,0,34,0,0,55,96,12,100,78,74,24,0,0,0,46,0,75,0,97,0,0,0,0,0,0,64,2,0,0,25,0,39,0
l25,13=0,0,0,0,0,0,0,0,0,0,0,14,96,47,93,80,19,7,0,0,0,0,0,99,96,0,0,0,0,7,0,21,78,91,88,0,0,0,0,0
l26,13=0,0,0,0,0,0,0,0,0,0,0,0,0,0,0,0,0,0,0,67,18,1,67,0,0,0,0,91,96,88,100,99,94,89,0,0,0,0,0,0
l27,13=0,0,0,0,0,0,0,0,0,0,0,0,0,0,0,0,0,0,0,0,0,0,0,0,0,0,93,0,96,100,100,92,81,83,64,0,0,0,0,0
l28,13=0,0,0,0,0,0,0,0,0,0,0,0,0,0,0,0,0,0,0,0,9,0,0,0,0,0,98,99,0,100,100,96,72,88,89,0,0,0,0,0
l29,13=0,0,0,0,0,0,0,0,0,0,0,0,0,0,0,0,0,0,0,0,0,0,0,0,0,4,89,99,96,0,100,95,92,82,93,0,0,0,0,0
l30,13=0,0,0,0,0,0,0,0,0,0,0,0,0,0,0,0,0,0,0,0,0,0,0,0,0,0,98,99,96,100,0,99,83,83,0,0,0,0,0,0
l31,13=0,0,0,0,0,0,0,0,0,0,0,0,0,0,0,0,0,0,0,38,69,0,0,0,0,81,98,98,96,99,100,0,99,100,100,0,0,0,0,0
l32,13=0,0,0,0,0,0,0,0,0,0,0,0,0,0,32,0,25,0,0,0,0,0,0,0,84,87,92,71,82,94,91,100,0,100,100,0,0,0,0,0
l33,13=0,0,0,0,0,0,0,0,0,0,0,0,93,0,90,0,70,29,0,0,0,0,0,11,1,100,96,77,90,90,95,100,99,0,100,0,0,0,0,0
l34,13=0,0,0,0,0,0,0,0,0,0,0,0,0,0,83,0,70,0,0,0,0,0,0,65,0,100,0,60,94,99,30,100,99,100,0,0,0,0,0,0
l35,13=0,0,0,0,0,0,0,0,0,0,0,0,0,0,0,0,43,0,0,0,77,40,69,0,0,0,0,0,0,0,0,0,0,0,0,0,92,94,84,81
l36,13=0,0,0,0,0,0,0,0,0,0,0,1,16,0,0,48,55,14,0,34,71,14,72,0,40,0,0,0,0,0,0,0,0,0,0,89,0,50,90,65
l37,13=0,0,0,0,0,0,0,0,0,0,0,0,0,0,0,0,0,0,0,22,68,13,0,0,0,0,0,0,0,0,0,0,0,0,0,51,27,0,69,65
l38,13=0,0,0,0,0,0,0,0,0,0,0,38,24,59,5,45,49,8,0,38,82,56,73,0,14,0,0,0,0,0,0,0,0,0,0,28,34,36,0,67
l39,13=0,0,0,0,0,0,0,0,0,0,0,0,0,0,0,0,45,0,0,62,47,47,84,0,0,0,0,0,0,0,0,0,0,0,0,26,26,50,76,0

l0,14=0,94,94,98,97,98,96,89,87,87,97,0,0,0,0,0,0,0,0,0,0,0,0,0,0,0,0,0,0,0,0,0,0,0,0,0,0,0,0,0
l1,14=95,0,94,97,97,97,57,40,0,47,67,0,0,37,0,0,0,0,0,0,0,0,0,0,0,0,0,0,0,0,0,0,0,0,0,0,0,0,0,0
l2,14=95,100,0,37,98,100,99,98,89,91,70,0,0,36,0,0,0,0,0,0,0,0,0,0,0,0,0,0,0,0,0,0,0,0,0,0,0,0,0,0
l3,14=95,94,66,0,81,95,94,89,0,86,90,0,0,0,0,0,0,0,0,0,0,0,0,0,0,0,0,0,0,0,0,0,0,0,0,0,0,0,0,0
l4,14=94,92,94,94,0,97,96,0,0,49,97,0,0,7,0,0,0,0,0,0,0,0,0,0,0,0,0,0,0,0,0,0,0,0,0,0,0,0,0,0
l5,14=95,95,95,96,97,0,97,97,91,92,98,0,0,26,0,72,0,0,0,0,0,0,0,0,0,0,0,0,0,0,0,0,0,0,0,0,0,0,0,0
l6,14=87,78,96,87,98,99,0,92,82,88,92,96,0,84,0,86,0,0,0,0,0,0,65,0,0,0,0,0,0,0,0,0,0,0,0,0,0,0,0,0
l7,14=57,38,97,91,19,98,96,0,96,99,100,0,0,53,0,23,88,0,0,0,0,0,0,0,0,0,0,0,0,0,0,0,0,0,0,0,0,0,0,0
l8,14=26,0,46,0,0,35,34,42,0,99,98,26,34,23,23,54,0,0,0,14,36,38,26,0,27,0,0,0,0,0,0,0,0,0,0,0,0,0,0,0
l9,14=50,34,52,53,48,95,53,98,99,0,100,48,0,99,36,94,35,37,0,0,38,41,0,46,0,0,0,0,0,0,0,0,0,0,0,0,0,0,0,0
l10,14=76,59,58,92,96,95,94,99,92,99,0,82,48,91,0,79,0,0,0,0,21,0,0,0,0,0,0,0,0,0,0,0,0,0,0,0,0,0,0,0
l11,14=0,0,0,0,0,0,95,0,35,91,30,0,100,100,96,100,92,99,0,0,51,42,42,60,0,38,0,0,0,0,0,0,0,0,0,0,33,0,34,0
l12,14=0,0,0,0,0,0,0,0,83,0,5,94,0,56,99,95,88,99,0,12,94,0,55,62,58,98,0,0,0,0,0,0,0,53,0,0,0,0,0,0
l13,14=0,36,28,0,39,35,60,81,44,98,94,98,77,0,62,100,75,92,0,19,0,59,0,50,56,87,0,0,0,0,0,0,0,0,0,0,0,0,45,0
l14,14=0,0,0,0,0,0,0,0,42,41,0,89,99,32,0,66,93,76,0,0,0,0,0,63,97,37,0,0,0,0,0,0,0,41,0,0,0,0,38,0
l15,14=0,0,0,0,0,20,35,1,83,85,27,100,66,99,43,0,98,100,0,48,44,39,0,61,59,40,0,0,0,0,0,0,0,0,0,0,0,0,39,0
l16,14=0,0,0,0,0,0,0,40,0,74,0,91,39,7,65,98,0,97,26,78,87,76,85,1,59,35,0,0,0,0,0,0,0,41,41,72,54,10,81,75
l17,14=0,0,0,0,0,0,0,0,0,63,0,98,100,63,66,98,97,0,0,86,98,96,76,63,64,88,0,0,0,0,0,0,0,3,0,31,13,0,94,0
l18,14=0,0,0,0,0,0,0,0,0,0,0,0,0,0,0,0,83,0,0,88,95,0,91,0,0,0,0,0,0,0,0,0,0,0,0,0,0,0,0,0
l19,14=0,0,0,0,0,0,0,0,0,0,0,0,55,2,0,88,93,85,92,0,98,95,97,0,0,0,0,0,0,56,0,51,0,0,0,75,51,10,83,89
l20,14=0,0,0,0,0,0,0,0,3,81,0,90,60,0,0,92,89,88,91,97,0,99,98,0,0,0,0,0,0,0,0,0,0,0,0,79,58,56,96,89
l21,14=0,0,0,0,0,0,0,0,88,95,2,91,1,74,37,91,91,86,0,93,99,0,98,0,58,0,0,0,0,0,0,0,0,0,0,87,83,51,84,87
l22,14=0,0,0,0,0,0,45,0,14,0,0,91,59,0,0,0,97,84,42,92,100,99,0,0,0,0,0,0,0,45,0,0,0,0,0,78,92,54,88,95
l23,14=0,0,0,0,0,0,0,0,0,39,0,44,60,2,96,90,0,45,0,0,0,0,0,0,0,99,0,0,0,0,0,0,23,43,50,0,0,0,0,0
l24,14=0,0,0,0,0,0,0,0,41,0,0,0,99,30,97,98,95,98,0,0,0,38,0,5,0,93,0,0,0,0,0,0,0,0,0,0,20,0,0,0
l25,14=0,0,0,0,0,0,0,0,0,0,0,45,99,60,25,98,35,71,0,0,0,0,0,100,97,0,0,0,0,0,0,0,24,91,94,0,0,0,0,0
l26,14=0,0,0,0,0,0,0,0,0,0,0,0,0,0,0,0,0,0,0,0,0,0,67,0,0,0,0,87,100,94,93,98,94,92,90,0,0,0,0,0
l27,14=0,0,0,0,0,0,0,0,0,0,0,0,0,0,0,0,0,0,0,0,0,0,0,0,0,0,86,0,100,99,97,82,80,78,5,0,0,0,0,0
l28,14=0,0,0,0,0,0,0,0,0,0,0,0,0,0,0,0,0,0,0,0,0,0,0,0,0,11,100,98,0,99,97,84,76,86,81,0,0,0,0,0
l29,14=0,0,0,0,0,0,0,0,0,0,0,0,0,0,0,0,0,0,0,43,3,0,33,0,0,0,86,98,100,0,97,83,80,0,81,0,0,0,0,0
l30,14=0,0,0,0,0,0,0,0,0,0,0,0,0,0,0,0,0,0,0,0,0,0,0,0,0,0,95,98,94,96,0,78,72,82,0,0,0,0,0,0
l31,14=0,0,0,0,0,0,0,0,0,0,0,0,0,0,0,0,0,0,0,84,0,0,0,0,0,0,100,73,95,94,86,0,99,100,100,0,0,0,0,0
l32,14=0,0,0,0,0,0,0,0,0,0,0,0,0,0,35,0,0,0,0,0,0,0,0,88,0,72,100,74,81,97,82,100,0,100,100,0,0,0,0,0
l33,14=0,0,0,0,0,0,0,0,0,0,0,0,88,0,91,0,88,1,0,0,0,0,0,87,5,93,97,75,98,0,93,100,100,0,100,0,0,0,0,0
l34,14=0,0,0,0,0,0,0,0,0,0,0,0,0,0,0,0,82,0,0,0,52,0,0,87,0,97,100,4,99,98,0,100,100,100,0,0,0,0,0,0
l35,14=0,0,0,0,0,0,0,0,0,0,0,0,1,0,0,0,90,11,0,83,91,84,81,0,0,0,0,0,0,0,0,0,0,0,0,0,94,96,87,93
l36,14=0,0,0,0,0,0,0,0,0,0,0,52,0,0,0,0,91,2,0,89,92,84,85,0,17,0,0,0,0,0,0,0,0,0,0,83,0,33,94,87
l37,14=0,0,0,0,0,0,0,0,0,0,0,0,0,0,0,0,20,0,0,0,89,20,3,0,0,0,0,0,0,0,0,0,0,0,0,96,34,0,81,92
l38,14=0,0,0,0,0,0,0,0,0,0,0,6,0,1,33,89,91,87,0,87,98,85,77,0,0,0,0,0,0,0,0,0,0,0,0,82,58,21,0,92
l39,14=0,0,0,0,0,0,0,0,0,0,0,0,0,0,0,0,90,0,0,90,91,85,81,0,0,0,0,0,0,0,0,0,0,0,0,76,52,59,84,0

l0,15=0,94,88,97,91,97,95,79,65,93,16,0,0,0,0,0,0,0,0,0,0,0,0,0,0,0,0,0,0,0,0,0,0,0,0,0,0,0,0,0
l1,15=94,0,88,95,94,96,95,0,84,74,89,0,0,92,0,0,0,0,0,0,0,0,0,0,0,0,0,0,0,0,0,0,0,0,0,0,0,0,0,0
l2,15=94,96,0,95,92,97,95,97,88,91,0,70,0,95,0,0,0,0,0,0,0,0,0,0,0,0,0,0,0,0,0,0,0,0,0,0,0,0,0,0
l3,15=97,95,80,0,94,94,4,0,0,0,10,0,0,0,0,0,0,0,0,0,0,0,0,0,0,0,0,0,0,0,0,0,0,0,0,0,0,0,0,0
l4,15=94,96,88,96,0,96,92,86,0,0,91,0,0,81,0,0,0,0,0,0,0,0,0,0,0,0,0,0,0,0,0,0,0,0,0,0,0,0,0,0
l5,15=99,100,93,95,95,0,95,97,93,93,94,0,0,95,0,85,0,0,0,0,0,0,0,0,0,0,0,0,0,0,0,0,0,0,0,0,0,0,0,0
l6,15=94,95,88,92,91,95,0,97,73,93,94,96,73,90,0,94,0,0,0,0,0,0,39,0,0,0,0,0,0,0,0,0,0,0,0,0,0,0,0,0
l7,15=69,0,88,57,57,95,95,0,95,95,100,0,0,51,38,1,93,0,0,0,0,0,0,0,0,0,0,0,0,0,0,0,0,0,0,0,0,0,0,0
l8,15=43,54,68,0,0,53,52,95,0,100,96,56,70,94,93,95,12,0,0,23,1,80,87,0,89,0,0,0,0,0,0,0,0,0,0,0,0,0,0,0
l9,15=96,8,62,0,0,97,93,99,99,0,100,39,0,99,8,97,79,41,0,0,96,91,0,54,0,0,0,0,0,0,0,0,0,0,0,0,0,0,0,0
l10,15=29,85,0,75,91,95,95,98,95,100,0,0,70,97,1,0,13,0,0,0,0,0,0,0,0,0,0,0,0,0,0,0,0,0,0,0,0,0,0,0
l11,15=0,0,0,0,0,0,60,0,93,56,0,0,76,99,91,100,97,97,0,1,79,95,93,93,95,97,0,0,0,0,0,0,0,0,0,0,61,0,58,0
l12,15=0,0,0,0,0,0,13,0,96,0,54,98,0,98,100,96,96,99,0,7,79,0,94,94,100,100,0,0,0,0,0,0,0,0,0,0,61,0,34,0
l13,15=0,54,81,0,46,53,57,14,93,100,55,100,98,0,94,100,95,96,0,9,1,0,17,90,0,97,0,0,0,0,0,0,0,0,0,0,0,0,0,0
l14,15=0,0,0,0,0,0,0,0,87,28,0,37,100,96,0,96,97,97,0,0,68,0,0,94,100,97,0,0,0,0,0,0,0,85,0,0,0,0,26,0
l15,15=0,0,0,0,0,45,57,0,95,59,0,100,54,99,99,0,100,100,0,0,79,97,0,99,100,90,0,0,0,0,0,0,0,0,0,80,0,0,66,0
l16,15=0,0,0,0,0,0,0,74,2,54,24,58,53,88,97,98,0,96,57,52,74,91,96,0,95,0,0,0,0,0,0,0,0,79,50,95,66,56,64,88
l17,15=0,0,0,0,0,0,0,0,0,55,0,47,76,97,99,98,100,0,0,56,81,97,98,94,99,97,0,0,0,0,0,0,0,81,93,0,61,6,67,0
l18,15=0,0,0,0,0,0,0,0,0,0,0,0,0,0,0,0,91,0,0,79,90,18,70,0,0,0,0,0,0,0,0,0,0,0,0,0,1,0,0,0
l19,15=0,0,0,0,0,0,0,0,5,0,0,0,59,3,0,0,80,83,41,0,99,94,89,0,0,0,35,0,0,36,0,7,0,0,0,37,49,0,49,83
l20,15=0,0,0,0,0,0,0,0,0,94,0,61,75,0,46,83,91,95,56,99,0,99,98,0,0,0,59,0,0,0,0,0,0,0,0,98,66,0,99,92
l21,15=0,0,0,0,0,0,0,0,83,93,1,97,0,40,0,91,92,95,1,99,99,0,98,0,54,0,0,0,0,0,0,0,0,16,60,97,98,67,96,96
l22,15=0,0,0,0,0,0,6,0,68,33,0,53,61,0,0,0,92,87,32,94,99,97,0,0,0,0,9,0,0,26,0,14,0,0,0,85,56,49,55,95
l23,15=0,0,0,0,0,0,0,0,0,60,0,63,95,98,100,98,0,97,0,0,0,0,0,0,96,100,0,0,0,0,0,0,97,91,0,0,0,0,0,0
l24,15=0,0,0,0,0,0,0,0,93,0,0,60,100,0,100,100,97,98,0,0,0,0,0,95,0,98,0,0,0,0,0,0,94,26,0,0,59,0,0,0
l25,15=0,0,0,0,0,0,0,0,0,0,0,57,99,96,97,92,3,96,0,0,0,0,0,99,85,0,75,0,26,0,0,91,92,54,95,0,0,0,0,0
l26,15=0,0,0,0,0,0,0,0,0,0,0,0,0,0,0,0,0,0,0,72,85,0,17,0,0,85,0,74,99,97,87,99,94,61,95,0,0,0,0,0
l27,15=0,0,0,0,0,0,0,0,0,0,0,0,0,0,0,0,0,0,0,0,0,0,0,0,0,0,85,0,99,97,87,91,90,70,94,0,0,0,0,0
l28,15=0,0,0,0,0,0,0,0,0,0,0,0,0,0,0,0,0,0,0,0,0,0,0,0,0,67,96,91,0,97,87,94,89,72,93,0,0,0,0,0
l29,15=0,0,0,0,0,0,0,0,0,0,0,0,0,0,0,0,0,0,0,69,0,0,78,0,0,0,91,91,99,0,87,96,90,71,94,0,0,0,0,0
l30,15=0,0,0,0,0,0,0,0,0,0,0,0,0,0,0,0,0,0,0,0,0,0,0,0,0,0,96,91,99,97,0,91,89,71,0,0,0,0,0,0
l31,15=0,0,0,0,0,0,0,0,0,0,0,0,0,0,0,0,0,0,0,0,0,0,7,0,0,92,96,82,96,96,78,0,98,84,98,0,0,0,0,0
l32,15=0,0,0,0,0,0,0,0,0,0,0,0,66,0,0,0,0,0,0,0,0,0,0,83,70,90,95,81,91,94,78,99,0,84,98,0,0,0,0,0
l33,15=0,0,0,0,0,0,0,0,0,0,0,0,0,0,93,0,91,81,0,0,0,41,0,92,72,92,77,79,96,58,82,100,99,0,100,0,0,0,0,0
l34,15=0,0,0,0,0,0,0,0,0,0,0,0,0,0,2,0,56,87,0,0,0,45,0,0,0,94,94,85,95,95,0,99,98,84,0,0,0,0,0,0
l35,15=0,0,0,0,0,0,0,0,0,0,0,0,3,0,0,55,73,0,0,11,63,76,63,0,0,0,0,0,0,0,0,0,0,0,0,0,97,96,64,95
l36,15=0,0,0,0,0,0,0,0,0,0,0,36,41,0,0,0,93,62,0,45,76,89,80,0,51,0,0,0,0,0,0,0,0,0,0,99,0,62,70,94
l37,15=0,0,0,0,0,0,0,0,0,0,0,0,0,0,0,0,61,0,0,0,0,86,65,0,0,0,0,0,0,0,0,0,0,0,0,99,83,0,64,99
l38,15=0,0,0,0,0,0,0,0,0,0,0,31,38,0,21,91,91,95,0,20,80,93,88,0,0,0,0,0,0,0,0,0,0,0,0,99,66,59,0,98
l39,15=0,0,0,0,0,0,0,0,0,0,0,0,0,0,0,0,70,0,0,44,59,84,83,0,0,0,0,0,0,0,0,0,0,0,0,97,64,96,70,0

