t=2016-04-12_22.33.15

n=40

q0=1
q1=1
q2=1
q3=1
q4=1
q5=1
q6=1
q7=1
q8=1
q9=1
q10=1
q11=1
q12=1
q13=1
q14=1
q15=1
q16=1
q17=1
q18=1
q19=1
q20=1
q21=1
q22=1
q23=1
q24=1
q25=1
q26=1
q27=1
q28=1
q29=1
q30=1
q31=1
q32=1
q33=1
q34=1
q35=1
q36=1
q37=1
q38=1
q39=1

a0=0x141592000c576ce6
a1=0x141592000c5aedbc
a2=0x141592000c5750f4
a3=0x141592000c576658
a4=0x141592000c575890
a5=0x141592000c574ffa
a6=0x141592000c5acf11
a7=0x141592000d9df361
a8=0x141592000c576300
a9=0x141592000c5779b6
a10=0x141592000c5762b9
a11=0x141592000c5af078
a12=0x141592000c575517
a13=0x141592000c5752c3
a14=0x141592000c5a4baa
a15=0x141592000c5776e7
a16=0x141592000c58cdeb
a17=0x141592000c5881fc
a18=0x141592000bd81d33
a19=0x141592000bd84d6a
a20=0x141592000c577233
a21=0x141592000c574527
a22=0x141592000c5746a3
a23=0x141592000c574da3
a24=0x141592000c5741c9
a25=0x141592000da244ea
a26=0x141592000c5ae886
a27=0x141592000c57510e
a28=0x141592000c5ab6c8
a29=0x141592000c574d05
a30=0x141592000edae61f
a31=0x141592000c57667e
a32=0x141592000c577f43
a33=0x141592000c576449
a34=0x1415920010f4117a
a35=0x141592000c575966
a36=0x141592000c574d35
a37=0x141592000c576fb1
a38=0x141592000c5aea5d
a39=0x141592000c59f23f

l0,0=0,83,80,88,92,53,83,61,42,76,73,0,0,0,0,0,0,0,0,0,0,0,0,0,0,0,0,0,0,0,0,0,0,0,0,0,0,0,0,0
l1,0=87,0,81,87,92,85,83,78,61,63,73,0,0,3,0,0,0,0,0,0,0,0,0,0,0,0,0,0,0,0,0,0,0,0,0,0,0,0,0,0
l2,0=84,85,0,48,88,85,86,78,39,70,74,0,0,43,0,0,0,0,0,0,0,0,0,0,0,0,0,0,0,0,0,0,0,0,0,0,0,0,0,0
l3,0=92,82,15,0,92,80,83,67,65,0,59,0,0,5,0,0,0,0,0,0,0,0,0,0,0,0,0,0,0,0,0,0,0,0,0,0,0,0,0,0
l4,0=87,82,82,88,0,61,77,62,64,46,65,0,0,30,0,0,0,0,0,0,0,0,0,0,0,0,0,0,0,0,0,0,0,0,0,0,0,0,0,0
l5,0=56,87,79,79,77,0,82,68,68,68,67,25,0,0,0,0,6,0,0,0,0,0,0,0,0,0,0,0,0,0,0,0,0,0,0,0,0,0,0,0
l6,0=79,72,91,79,76,80,0,74,68,62,65,34,0,45,0,44,47,0,0,0,0,0,0,0,0,0,0,0,0,0,0,0,0,0,0,0,0,0,0,0
l7,0=64,71,76,68,74,77,84,0,70,74,74,54,0,0,0,42,0,0,0,0,0,0,0,0,0,0,0,0,0,0,0,0,0,0,0,0,0,0,0,0
l8,0=0,31,0,66,38,42,45,45,0,89,47,56,51,78,44,51,69,0,0,0,0,62,0,0,25,2,0,0,0,0,0,0,0,0,0,0,0,0,15,0
l9,0=77,54,74,0,34,78,71,70,88,0,80,60,40,72,20,48,57,47,0,0,0,0,27,0,0,0,0,0,0,0,0,0,0,0,0,0,0,0,0,0
l10,0=77,72,79,70,77,76,76,75,61,92,0,63,42,64,0,60,0,0,0,0,0,2,0,0,0,0,0,0,0,0,0,0,0,0,0,0,0,0,0,0
l11,0=0,0,0,0,0,7,18,31,41,25,51,0,87,47,46,95,76,86,0,17,0,0,0,2,28,0,0,0,0,0,0,0,0,0,0,37,32,0,16,0
l12,0=0,0,0,0,0,0,0,0,37,13,18,71,0,73,85,95,76,98,0,0,24,34,0,60,93,43,0,0,0,0,0,0,0,53,0,0,4,0,37,0
l13,0=0,0,44,0,26,0,35,0,85,45,68,68,83,0,72,75,0,50,0,20,0,47,20,35,22,0,0,0,0,0,0,0,0,0,0,0,0,0,16,0
l14,0=0,0,0,0,0,0,0,0,39,17,0,66,83,40,0,57,82,84,0,0,34,0,16,59,41,46,0,0,0,0,0,0,0,57,0,0,0,0,16,0
l15,0=0,0,0,0,0,0,22,20,39,21,44,100,92,26,29,0,55,85,0,0,20,0,20,0,50,0,0,0,0,0,0,0,0,0,0,4,0,0,20,0
l16,0=0,0,0,0,0,0,11,0,35,17,0,59,69,0,31,30,0,91,0,21,32,70,49,11,30,0,0,0,0,0,0,0,0,21,0,33,5,0,25,60
l17,0=0,0,0,0,0,0,0,0,7,18,0,77,91,18,30,54,91,0,0,0,37,62,0,0,33,28,0,0,0,0,0,0,0,72,0,7,32,0,3,0
l18,0=0,0,0,0,0,0,0,0,0,0,0,0,0,0,0,0,0,0,0,0,74,0,68,0,0,0,0,0,0,0,0,0,0,0,0,0,0,0,0,0
l19,0=0,0,0,0,0,0,0,0,0,0,0,11,0,9,0,0,13,0,0,0,81,28,85,0,0,0,8,0,0,0,0,11,0,0,0,1,26,0,17,58
l20,0=0,0,0,0,0,0,0,0,0,0,0,0,3,0,7,3,8,19,10,87,0,88,83,0,0,0,0,0,0,0,0,0,0,0,9,27,44,34,87,90
l21,0=0,0,0,0,0,0,0,0,47,0,0,0,10,40,0,0,46,59,1,24,91,0,83,0,1,0,0,0,0,0,0,1,0,0,0,74,35,12,61,59
l22,0=0,0,0,0,0,0,0,0,2,8,0,0,0,2,7,4,25,5,10,88,91,87,0,0,2,0,5,0,0,0,0,5,2,0,0,59,53,4,32,77
l23,0=0,0,0,0,0,0,0,0,18,0,0,0,74,19,49,0,57,0,0,0,0,0,0,0,83,36,0,0,0,0,0,0,38,0,65,0,0,0,0,0
l24,0=0,0,0,0,0,0,0,0,42,0,0,69,92,23,51,66,78,82,0,0,0,0,32,81,0,42,0,0,0,0,0,0,56,73,52,0,0,0,0,0
l25,0=0,0,0,0,0,0,0,0,28,0,0,0,68,10,87,0,19,48,0,0,0,0,0,36,72,0,22,7,0,0,0,9,39,69,66,0,0,0,0,0
l26,0=0,0,0,0,0,0,0,0,0,0,0,0,0,0,0,0,0,0,0,45,0,0,21,0,0,35,0,74,97,87,92,79,78,62,73,0,0,0,0,0
l27,0=0,0,0,0,0,0,0,0,0,0,0,0,0,0,0,0,0,0,0,0,0,0,0,0,0,1,71,0,97,95,97,66,79,69,79,0,0,0,0,0
l28,0=0,0,0,0,0,0,0,0,0,0,0,0,0,0,0,0,0,0,0,0,0,0,0,0,0,0,75,100,0,95,97,73,81,73,81,0,0,0,0,0
l29,0=0,0,0,0,0,0,0,0,0,0,0,0,0,0,0,0,0,0,0,0,0,0,0,0,0,0,71,98,97,0,97,63,62,58,64,0,0,0,0,0
l30,0=0,0,0,0,0,0,0,0,0,0,0,0,0,0,0,0,0,0,0,0,0,0,0,0,0,0,70,100,94,92,0,61,67,72,0,0,0,0,0,0
l31,0=0,0,0,0,0,0,0,0,0,0,0,0,0,0,0,0,0,0,0,39,0,15,21,1,0,3,71,61,84,71,57,0,91,77,92,0,0,0,0,0
l32,0=0,0,0,0,0,0,0,0,0,0,0,0,0,0,0,0,0,0,0,0,0,0,1,40,54,39,57,59,68,61,61,77,0,87,93,0,0,0,0,0
l33,0=0,0,0,0,0,0,0,0,0,0,0,0,57,0,34,0,33,67,0,0,0,0,0,0,62,65,59,51,74,46,66,74,87,0,80,0,0,0,0,0
l34,0=0,0,0,0,0,0,0,0,0,0,0,0,0,0,1,0,3,0,0,0,47,0,0,68,58,50,56,66,66,62,0,81,94,85,0,0,0,0,0,0
l35,0=0,0,0,0,0,0,0,0,0,0,0,0,0,0,0,0,4,0,0,1,5,29,18,0,0,0,0,0,0,0,0,0,0,0,0,0,22,64,88,33
l36,0=0,0,0,0,0,0,0,0,0,0,0,14,0,0,0,0,7,33,0,7,38,17,70,0,0,0,0,0,0,0,0,0,0,0,0,80,0,32,48,88
l37,0=0,0,0,0,0,0,0,0,0,0,0,0,0,0,0,0,4,1,0,0,22,12,11,0,0,0,0,0,0,0,0,0,0,0,0,80,40,0,2,83
l38,0=0,0,0,0,0,0,0,0,3,0,0,8,14,1,1,5,68,16,0,1,49,64,59,0,0,0,0,0,0,0,0,0,0,0,0,84,67,1,0,92
l39,0=0,0,0,0,0,0,0,0,0,0,0,0,0,0,0,0,14,0,0,19,39,37,65,0,0,0,0,0,0,0,0,0,0,0,0,69,47,36,31,0

l0,1=0,85,78,83,83,76,69,0,31,67,64,0,0,11,0,0,0,0,0,0,0,0,0,0,0,0,0,0,0,0,0,0,0,0,0,0,0,0,0,0
l1,1=85,0,84,77,83,79,64,40,22,42,60,0,0,0,0,0,0,0,0,0,0,0,0,0,0,0,0,0,0,0,0,0,0,0,0,0,0,0,0,0
l2,1=82,85,0,77,65,83,79,25,0,56,69,0,0,0,0,2,0,0,0,0,0,0,0,0,0,0,0,0,0,0,0,0,0,0,0,0,0,0,0,0
l3,1=89,84,78,0,75,78,48,34,0,43,59,0,0,0,0,0,0,0,0,0,0,0,0,0,0,0,0,0,0,0,0,0,0,0,0,0,0,0,0,0
l4,1=83,84,75,77,0,67,56,31,40,51,57,0,0,50,0,0,0,0,0,0,0,0,0,0,0,0,0,0,0,0,0,0,0,0,0,0,0,0,0,0
l5,1=81,84,83,76,65,0,57,46,35,49,60,0,0,0,0,0,0,0,0,0,0,0,0,0,0,0,0,0,0,0,0,0,0,0,0,0,0,0,0,0
l6,1=45,67,81,44,45,50,0,47,27,27,62,22,0,21,0,0,3,0,0,0,0,0,0,0,0,0,0,0,0,0,0,0,0,0,0,0,0,0,0,0
l7,1=0,56,27,42,34,61,69,0,38,46,74,12,0,0,0,0,0,0,0,0,0,0,0,0,0,0,0,0,0,0,0,0,0,0,0,0,0,0,0,0
l8,1=23,15,0,0,45,39,59,57,0,82,55,41,0,73,31,53,41,0,0,0,0,2,0,3,0,0,0,0,0,0,0,0,0,0,0,0,0,0,2,0
l9,1=53,61,74,35,54,65,46,58,66,0,75,41,1,72,16,31,36,6,0,0,0,0,0,0,0,0,0,0,0,0,0,0,0,0,0,0,0,0,0,0
l10,1=63,70,77,63,57,61,68,71,37,80,0,48,0,61,0,38,0,0,0,0,0,0,0,0,1,0,0,0,0,0,0,0,0,0,0,0,0,0,0,0
l11,1=0,0,0,0,0,0,20,4,37,45,33,0,41,74,45,73,56,63,0,1,2,4,0,0,33,0,0,0,0,0,0,0,0,0,0,5,45,0,17,0
l12,1=0,0,0,0,0,0,0,0,0,18,0,40,0,63,79,68,55,72,0,0,12,8,12,47,80,31,0,0,0,0,0,0,0,13,0,0,21,0,18,0
l13,1=0,0,0,0,20,0,30,0,58,73,61,62,51,0,56,28,43,34,0,0,9,1,18,24,22,0,0,0,0,0,0,0,0,0,0,0,0,0,17,0
l14,1=0,0,0,0,0,0,0,0,43,36,0,32,67,61,0,31,56,52,0,0,22,11,17,66,51,54,0,0,0,0,0,0,0,0,0,0,30,0,2,0
l15,1=0,0,0,0,0,0,0,0,43,49,28,77,68,44,32,0,0,56,0,0,1,1,4,17,66,1,0,0,0,0,0,0,0,0,0,0,13,0,0,0
l16,1=0,0,0,0,0,0,0,0,33,7,0,24,28,43,35,0,0,43,0,1,18,15,45,2,31,20,0,0,0,0,0,0,1,6,0,16,22,5,13,20
l17,1=0,0,0,0,0,0,0,0,7,38,0,37,79,43,32,41,65,0,0,0,0,0,28,7,21,1,0,0,0,0,0,0,0,23,0,0,43,0,9,0
l18,1=0,0,0,0,0,0,0,0,0,0,0,0,0,0,0,0,0,0,0,14,52,12,56,0,0,0,0,0,0,0,0,0,0,0,0,0,0,0,0,0
l19,1=0,0,0,0,0,0,0,0,0,0,0,5,0,10,0,0,3,0,10,0,56,9,70,0,0,0,13,0,0,0,0,5,0,0,0,2,28,10,11,32
l20,1=0,0,0,0,0,0,0,0,0,0,0,0,1,7,11,3,47,15,15,64,0,28,68,0,0,0,0,0,0,0,0,0,0,0,2,0,74,47,33,52
l21,1=0,0,0,0,0,0,0,0,20,4,3,5,3,13,8,0,57,5,14,6,57,0,64,0,1,0,0,0,0,0,0,3,0,0,0,40,17,10,33,46
l22,1=0,0,0,0,0,0,0,0,15,5,0,0,5,10,3,4,44,15,20,67,57,25,0,0,5,0,2,0,0,0,0,8,0,0,0,14,73,10,6,51
l23,1=0,0,0,0,0,0,0,0,0,0,0,0,34,53,70,26,38,42,0,0,0,0,0,0,71,39,0,0,0,0,0,0,0,0,55,0,0,0,0,0
l24,1=0,0,0,0,0,0,0,0,0,0,0,30,67,41,69,61,49,47,0,0,1,0,30,73,0,40,0,0,0,0,0,0,27,33,36,0,0,0,0,0
l25,1=0,0,0,0,0,0,0,0,0,0,0,0,54,15,70,0,46,40,0,0,0,0,0,57,67,0,29,0,30,0,0,44,0,49,56,0,0,0,0,0
l26,1=0,0,0,0,0,0,0,0,0,0,0,0,0,0,0,0,0,0,0,38,0,0,7,0,0,42,0,67,75,60,79,72,61,52,44,0,0,0,0,0
l27,1=0,0,0,0,0,0,0,0,0,0,0,0,0,0,0,0,0,0,0,0,0,0,0,0,0,0,64,0,76,71,88,63,59,60,65,0,0,0,0,0
l28,1=0,0,0,0,0,0,0,0,0,0,0,0,0,0,0,0,0,0,0,1,0,0,0,0,0,29,78,88,0,71,84,57,38,51,50,0,0,0,0,0
l29,1=0,0,0,0,0,0,0,0,0,0,0,0,0,0,0,0,0,0,0,0,0,0,0,0,0,1,71,87,76,0,84,60,41,26,27,0,0,0,0,0
l30,1=0,0,0,0,0,0,0,0,0,0,0,0,0,0,0,0,0,0,0,0,0,0,0,0,0,0,64,93,76,70,0,36,39,51,0,0,0,0,0,0
l31,1=0,0,0,0,0,0,0,0,0,0,0,0,0,0,0,0,0,0,0,33,0,4,35,0,0,45,67,44,60,36,40,0,60,57,73,0,0,0,0,0
l32,1=0,0,0,0,0,0,0,0,0,0,0,0,0,0,0,0,8,0,0,0,0,0,0,1,21,0,60,20,21,12,17,69,0,55,80,0,0,0,0,0
l33,1=0,0,0,0,0,0,0,0,0,0,0,0,16,0,0,0,18,12,0,0,0,0,0,0,20,30,59,19,41,10,25,65,59,0,60,0,0,0,0,0
l34,1=0,0,0,0,0,0,0,0,0,0,0,0,0,0,0,0,0,0,0,0,11,0,0,48,23,36,24,21,60,12,0,68,73,53,0,0,0,0,0,0
l35,1=0,0,0,0,0,0,0,0,0,0,0,0,0,0,0,0,16,0,0,1,0,9,28,0,0,0,0,0,0,0,0,0,0,0,0,0,76,40,40,20
l36,1=0,0,0,0,0,0,0,0,0,0,0,2,1,0,4,4,15,16,0,18,34,2,60,0,0,0,0,0,0,0,0,0,0,0,0,47,0,69,41,47
l37,1=0,0,0,0,0,0,0,0,0,0,0,0,0,0,0,0,8,0,0,5,8,0,10,0,0,0,0,0,0,0,0,0,0,0,0,40,71,0,15,33
l38,1=0,0,0,0,0,0,0,0,2,0,0,6,3,6,0,0,6,2,0,5,40,9,19,0,0,0,0,0,0,0,0,0,0,0,0,56,81,21,0,46
l39,1=0,0,0,0,0,0,0,0,0,0,0,0,0,0,0,0,19,0,0,12,41,13,61,0,0,0,0,0,0,0,0,0,0,0,0,20,66,59,33,0

l0,2=0,3,31,4,10,31,0,7,24,21,10,0,0,0,0,0,0,0,0,0,0,0,0,0,0,0,0,0,0,0,0,0,0,0,0,0,0,0,0,0
l1,2=17,0,33,27,14,45,1,6,0,16,11,0,0,0,0,0,0,0,0,0,0,0,0,0,0,0,0,0,0,0,0,0,0,0,0,0,0,0,0,0
l2,2=0,2,0,4,6,51,16,7,23,21,10,0,0,9,0,2,0,0,0,0,0,0,0,0,0,0,0,0,0,0,0,0,0,0,0,0,0,0,0,0
l3,2=0,33,34,0,11,32,0,3,23,0,6,0,0,0,0,0,0,0,0,0,0,0,0,0,0,0,0,0,0,0,0,0,0,0,0,0,0,0,0,0
l4,2=0,2,34,4,0,30,0,3,18,22,10,0,0,0,0,0,0,0,0,0,0,0,0,0,0,0,0,0,0,0,0,0,0,0,0,0,0,0,0,0
l5,2=0,2,35,2,4,0,1,6,21,14,10,0,0,2,0,0,0,0,0,0,0,0,0,0,0,0,0,0,0,0,0,0,0,0,0,0,0,0,0,0
l6,2=0,2,29,1,4,25,0,4,9,13,10,2,0,6,0,1,0,0,0,0,0,0,0,0,0,0,0,0,0,0,0,0,0,0,0,0,0,0,0,0
l7,2=0,2,22,0,3,28,0,0,24,15,11,2,0,5,0,3,0,0,0,0,0,0,0,0,0,0,0,0,0,0,0,0,0,0,0,0,0,0,0,0
l8,2=0,0,14,0,0,20,0,5,0,25,10,12,0,18,7,7,9,1,0,0,0,5,2,0,4,0,0,0,0,0,0,0,0,0,0,0,0,0,0,0
l9,2=0,2,31,0,5,24,0,6,28,0,11,3,0,18,0,3,0,0,0,0,0,4,0,0,0,0,0,0,0,0,0,0,0,0,0,0,0,0,0,0
l10,2=0,2,21,0,3,27,0,7,25,24,0,2,0,17,0,4,0,0,0,0,0,0,0,0,0,0,0,0,0,0,0,0,0,0,0,0,0,0,0,0
l11,2=0,0,0,0,0,0,0,0,13,9,2,0,2,24,13,19,15,12,0,14,6,4,3,8,0,2,0,0,0,0,0,0,0,0,0,0,7,2,1,0
l12,2=0,0,0,0,0,0,0,0,0,5,0,33,0,16,50,19,34,44,0,0,0,5,2,61,87,58,0,0,0,0,0,0,0,0,0,0,0,0,1,0
l13,2=0,0,0,0,0,0,0,0,26,22,9,22,0,0,8,6,9,2,1,18,2,3,1,6,7,0,0,0,0,0,0,0,0,0,0,0,5,0,1,0
l14,2=0,0,0,0,0,0,0,0,12,0,0,19,26,13,0,6,35,3,0,0,11,5,0,64,72,35,0,0,0,0,0,0,0,6,0,0,0,0,0,0
l15,2=0,0,0,0,0,0,0,2,23,13,6,44,2,19,9,0,1,8,0,0,11,0,0,4,18,0,0,0,0,0,0,0,0,0,0,0,4,0,0,1
l16,2=0,0,0,0,0,0,0,0,9,0,0,3,2,6,22,0,0,21,0,4,16,7,6,1,16,9,0,0,0,0,0,0,0,7,0,10,8,1,1,4
l17,2=0,0,0,0,0,0,0,0,9,2,0,37,26,15,11,17,37,0,0,0,8,4,2,1,19,3,0,0,0,0,0,0,0,6,0,0,7,0,1,0
l18,2=0,0,0,0,0,0,0,0,0,0,0,0,0,0,0,0,0,0,0,0,6,12,8,0,0,0,0,0,0,0,0,0,0,0,0,0,0,0,0,0
l19,2=0,0,0,0,0,0,0,0,0,0,0,1,0,2,0,0,3,0,0,0,69,0,67,0,0,0,0,0,0,0,0,1,0,0,0,0,6,0,0,2
l20,2=0,0,0,0,0,0,0,0,0,0,0,0,0,0,0,0,32,0,1,73,0,49,65,0,0,0,0,0,0,0,0,0,0,0,0,4,66,45,37,19
l21,2=0,0,0,0,0,0,0,0,5,1,0,1,0,3,0,0,17,1,0,0,76,0,69,0,0,0,0,0,0,0,0,0,0,4,0,7,42,1,28,19
l22,2=0,0,0,0,0,0,0,0,1,0,0,1,1,2,0,0,32,1,0,78,71,44,0,0,0,0,0,0,0,0,0,1,0,0,0,32,66,3,0,21
l23,2=0,0,0,0,0,0,0,0,0,0,0,7,21,18,45,3,0,2,0,0,0,0,0,0,78,50,0,0,0,0,0,0,0,0,22,0,0,0,0,0
l24,2=0,0,0,0,0,0,0,0,11,0,0,0,23,17,45,16,26,20,0,0,8,0,0,70,0,53,0,0,0,0,0,0,1,7,7,0,3,0,0,0
l25,2=0,0,0,0,0,0,0,0,5,0,0,1,21,3,40,0,25,2,0,0,0,0,0,49,71,0,1,0,4,0,0,24,7,63,18,0,0,0,0,0
l26,2=0,0,0,0,0,0,0,0,0,0,0,0,0,0,0,0,0,0,0,51,0,0,2,0,0,26,0,0,84,69,56,71,74,70,44,0,0,0,0,0
l27,2=0,0,0,0,0,0,0,0,0,0,0,0,0,0,0,0,0,0,0,0,0,0,0,0,0,0,0,0,83,79,78,69,64,66,41,0,0,0,0,0
l28,2=0,0,0,0,0,0,0,0,0,0,0,0,0,0,0,0,0,0,0,0,0,0,0,0,0,1,83,82,0,81,61,70,52,57,33,0,0,0,0,0
l29,2=0,0,0,0,0,0,0,0,0,0,0,0,0,0,0,0,0,0,0,0,0,0,32,0,0,0,73,79,84,0,55,18,45,35,0,0,0,0,0,0
l30,2=0,0,0,0,0,0,0,0,0,0,0,0,0,0,0,0,0,0,0,0,0,0,0,0,0,0,72,90,77,70,0,61,44,44,27,0,0,0,0,0
l31,2=0,0,0,0,0,0,0,0,0,0,0,0,0,0,0,0,0,0,0,37,0,0,18,0,0,38,70,44,56,40,16,0,77,64,50,0,0,0,0,0
l32,2=0,0,0,0,0,0,0,0,0,0,0,0,0,0,0,0,0,0,0,0,0,0,0,0,7,38,65,44,40,41,23,71,0,70,82,0,0,0,0,0
l33,2=0,0,0,0,0,0,0,0,0,0,0,0,0,0,22,0,26,19,0,0,0,6,0,0,54,52,63,24,53,0,27,64,63,0,51,0,0,0,0,0
l34,2=0,0,0,0,0,0,0,0,0,0,0,0,0,0,0,0,6,0,0,0,39,0,0,23,48,43,57,44,41,9,23,69,82,76,0,0,0,0,0,0
l35,2=0,0,0,0,0,0,0,0,0,0,0,0,0,0,0,0,2,0,0,0,3,4,1,0,0,0,0,0,0,0,0,0,0,0,0,0,69,60,38,7
l36,2=0,0,0,0,0,0,0,0,0,0,0,1,0,0,0,0,7,0,0,7,16,6,8,0,0,0,0,0,0,0,0,0,0,0,0,34,0,52,38,3
l37,2=0,0,0,0,0,0,0,0,0,0,0,1,0,0,0,0,0,0,0,0,4,2,0,0,0,0,0,0,0,0,0,0,0,0,0,35,68,0,16,2
l38,2=0,0,0,0,0,0,0,0,0,0,0,1,0,0,0,0,3,0,0,1,52,9,0,0,0,0,0,0,0,0,0,0,0,0,0,35,71,29,0,5
l39,2=0,0,0,0,0,0,0,0,0,0,0,0,0,0,0,0,4,0,0,3,3,16,15,0,0,0,0,0,0,0,0,0,0,0,0,17,22,5,16,0

l0,3=0,30,27,2,2,12,21,11,0,30,3,0,0,0,0,0,0,0,0,0,0,0,0,0,0,0,0,0,0,0,0,0,0,0,0,0,0,0,0,0
l1,3=1,0,26,2,2,13,21,3,11,25,0,0,0,0,0,0,0,0,0,0,0,0,0,0,0,0,0,0,0,0,0,0,0,0,0,0,0,0,0,0
l2,3=1,30,0,2,2,13,22,11,12,20,4,0,0,12,0,0,0,0,0,0,0,0,0,0,0,0,0,0,0,0,0,0,0,0,0,0,0,0,0,0
l3,3=1,33,28,0,2,11,21,0,4,2,0,0,0,0,0,0,0,0,0,0,0,0,0,0,0,0,0,0,0,0,0,0,0,0,0,0,0,0,0,0
l4,3=1,34,46,29,0,11,21,2,0,25,0,0,0,0,0,0,0,0,0,0,0,0,0,0,0,0,0,0,0,0,0,0,0,0,0,0,0,0,0,0
l5,3=1,31,30,2,2,0,15,10,9,17,2,0,0,12,2,0,0,0,0,0,0,0,0,0,0,0,0,0,0,0,0,0,0,0,0,0,0,0,0,0
l6,3=1,30,30,1,2,11,0,7,10,18,2,0,0,12,0,0,2,0,0,0,0,0,0,0,0,0,0,0,0,0,0,0,0,0,0,0,0,0,0,0
l7,3=1,16,18,0,1,12,18,0,12,27,9,0,0,1,0,0,0,0,0,0,0,0,0,0,0,0,0,0,0,0,0,0,0,0,0,0,0,0,0,0
l8,3=0,17,13,0,0,1,6,11,0,34,3,0,0,24,0,12,2,0,0,0,0,6,7,0,8,0,0,0,0,0,0,0,0,0,0,0,0,0,0,0
l9,3=0,18,10,0,0,2,4,12,21,0,4,0,0,24,2,7,1,0,0,0,1,1,0,0,0,0,0,0,0,0,0,0,0,0,0,0,0,0,0,0
l10,3=0,15,21,0,0,13,21,12,18,37,0,0,0,24,0,0,0,0,0,0,0,0,0,7,0,0,0,0,0,0,0,0,0,0,0,0,0,0,12,0
l11,3=0,0,0,0,0,1,17,0,19,16,3,0,0,24,12,39,2,1,0,4,0,15,9,24,19,13,0,0,0,0,0,0,0,0,0,3,28,4,47,0
l12,3=0,0,0,0,0,0,4,0,7,10,0,16,0,24,80,39,2,86,0,5,0,4,0,30,80,65,0,0,0,0,0,0,0,0,0,0,9,0,24,0
l13,3=0,0,2,0,0,2,3,0,35,36,4,0,0,0,1,13,2,0,4,4,1,2,3,20,0,2,0,0,0,0,0,0,0,0,0,0,0,0,17,0
l14,3=0,0,0,0,0,1,0,0,0,9,0,16,32,3,0,3,25,0,0,0,1,0,0,95,79,53,0,0,0,0,0,0,0,0,0,0,0,0,24,0
l15,3=0,0,0,0,0,0,3,3,19,26,0,16,32,22,1,0,2,0,0,3,9,0,0,24,28,0,0,0,0,0,0,0,0,0,0,0,7,0,25,2
l16,3=0,0,0,0,0,0,2,0,8,0,0,0,0,3,12,8,0,1,2,4,10,17,15,0,21,7,0,0,0,0,0,0,0,18,0,0,17,8,35,5
l17,3=0,0,0,0,0,0,0,0,7,0,0,16,32,21,0,31,34,0,0,0,1,4,4,13,69,0,0,0,0,0,0,0,0,14,0,0,14,0,18,1
l18,3=0,0,0,0,0,0,0,0,0,0,0,0,0,1,0,0,0,0,0,10,0,0,0,0,0,0,0,0,0,0,0,0,0,0,0,0,0,0,0,0
l19,3=0,0,0,0,0,0,0,0,0,0,0,0,0,0,0,0,0,0,3,0,78,65,96,0,0,0,0,0,0,0,0,0,0,0,0,0,3,0,1,0
l20,3=0,0,0,0,0,0,0,0,0,0,0,0,0,20,1,17,32,1,1,84,0,74,96,0,12,0,0,0,0,0,0,0,0,0,0,3,63,36,65,83
l21,3=0,0,0,0,0,0,0,0,20,0,0,0,0,2,0,0,21,0,2,50,87,0,91,0,0,0,0,0,0,0,0,0,0,3,0,1,58,6,46,15
l22,3=0,0,0,0,0,0,0,0,2,0,0,0,0,13,0,0,28,0,1,91,89,73,0,0,0,0,0,0,0,0,0,0,0,0,0,81,56,0,54,78
l23,3=0,0,0,0,0,0,0,0,0,0,0,0,30,23,77,11,2,0,0,0,0,0,0,0,79,71,0,0,0,0,0,0,0,17,0,0,0,0,0,0
l24,3=0,0,0,0,0,0,0,0,18,0,0,0,32,0,76,35,2,53,0,0,6,0,0,93,0,62,0,0,0,0,0,0,0,41,0,0,0,0,16,0
l25,3=0,0,0,0,0,0,0,0,0,0,0,0,30,3,70,0,2,0,0,0,0,0,0,92,72,0,0,0,0,0,0,14,44,86,43,0,0,0,0,0
l26,3=0,0,0,0,0,0,0,0,0,0,0,0,0,0,0,0,0,0,0,0,0,0,55,0,0,4,0,78,99,97,95,98,87,59,84,0,0,0,0,0
l27,3=0,0,0,0,0,0,0,0,0,0,0,0,0,0,0,0,0,0,0,0,0,0,0,0,0,0,83,0,99,97,100,94,93,14,21,0,0,0,0,0
l28,3=0,0,0,0,0,0,0,0,0,0,0,0,0,0,0,0,0,0,0,0,0,0,0,0,0,0,92,100,0,97,88,88,84,86,74,0,0,0,0,0
l29,3=0,0,0,0,0,0,0,0,0,0,0,0,0,0,0,0,0,0,0,38,0,0,58,0,0,0,92,100,99,0,95,89,89,59,31,0,0,0,0,0
l30,3=0,0,0,0,0,0,0,0,0,0,0,0,0,0,0,0,0,0,0,0,0,0,0,0,0,0,91,100,90,92,0,73,86,67,0,0,0,0,0,0
l31,3=0,0,0,0,0,0,0,0,0,0,0,0,0,0,0,0,0,0,0,64,0,0,0,7,0,43,92,72,82,75,44,0,97,95,96,0,0,0,0,0
l32,3=0,0,0,0,0,0,0,0,0,0,0,0,4,0,0,0,0,0,0,0,0,0,0,0,0,60,78,66,79,80,71,99,0,96,97,0,0,0,0,0
l33,3=0,0,0,0,0,0,0,0,0,0,0,0,0,0,0,0,28,0,0,0,0,8,0,76,56,69,2,0,85,3,2,90,91,0,91,0,0,0,0,0
l34,3=0,0,0,0,0,0,0,0,0,0,0,0,0,0,0,0,0,0,0,0,41,0,0,14,0,61,76,18,77,75,0,96,97,93,0,0,0,0,0,0
l35,3=0,0,0,0,0,0,0,0,0,0,0,0,0,0,0,0,0,0,0,0,0,0,21,0,0,0,0,0,0,0,0,0,0,0,0,0,62,44,61,21
l36,3=0,0,0,0,0,0,0,0,0,0,0,0,0,0,0,0,0,0,0,3,7,10,6,0,0,0,0,0,0,0,0,0,0,0,0,82,0,41,62,19
l37,3=0,0,0,0,0,0,0,0,0,0,0,0,0,0,0,0,0,0,0,0,12,0,0,0,0,0,0,0,0,0,0,0,0,0,0,85,66,0,26,9
l38,3=0,0,0,0,0,0,0,0,0,0,0,0,0,2,2,0,0,0,0,0,36,5,10,0,0,0,0,0,0,0,0,0,0,0,0,83,64,7,0,13
l39,3=0,0,0,0,0,0,0,0,0,0,0,0,0,0,0,0,0,0,0,0,62,1,15,0,0,0,0,0,0,0,0,0,0,0,0,78,58,1,38,0

l0,4=0,35,38,48,42,40,44,35,2,51,39,0,0,0,0,0,0,0,0,0,0,0,0,0,0,0,0,0,0,0,0,0,0,0,0,0,0,0,0,0
l1,4=39,0,35,45,43,40,46,0,42,53,11,0,0,4,0,0,0,0,0,0,0,0,0,9,0,0,0,0,0,0,0,0,0,0,0,0,0,0,0,0
l2,4=38,35,0,41,43,42,47,39,16,52,46,0,0,0,0,0,0,0,0,0,0,0,0,0,0,0,0,0,0,0,0,0,0,0,0,0,0,0,0,0
l3,4=56,49,38,0,51,41,48,30,38,0,36,0,0,0,0,0,0,0,0,0,0,0,0,0,0,0,0,0,0,0,0,0,0,0,0,0,0,0,0,0
l4,4=33,36,36,41,0,40,44,36,42,46,12,0,0,6,0,0,0,0,0,0,0,0,0,0,0,0,0,0,0,0,0,0,0,0,0,0,0,0,0,0
l5,4=38,35,38,40,40,0,46,39,40,53,46,0,0,5,0,2,0,0,0,0,0,0,0,0,0,0,0,0,0,0,0,0,0,0,0,0,0,0,0,0
l6,4=32,34,39,38,40,42,0,42,39,52,49,41,10,3,0,3,1,0,0,0,0,0,0,0,0,0,0,0,0,0,0,0,0,0,0,0,0,0,0,0
l7,4=37,0,37,39,42,40,46,0,45,54,51,24,0,3,0,3,0,0,0,0,0,0,0,0,0,0,0,0,0,0,0,0,0,0,0,0,0,0,0,0
l8,4=0,27,0,36,36,31,36,36,0,54,44,45,28,6,3,3,1,0,0,0,25,19,20,0,5,0,0,0,0,0,0,0,0,0,0,0,0,0,0,0
l9,4=31,27,28,0,36,34,38,39,47,0,51,40,0,6,3,2,0,0,0,0,28,0,25,0,0,0,0,0,0,0,0,0,0,0,0,0,0,0,0,0
l10,4=32,0,32,36,0,36,45,42,44,54,0,42,28,6,4,3,1,0,0,0,0,0,0,4,0,0,0,0,0,0,0,0,0,0,0,0,0,0,0,0
l11,4=0,0,0,0,0,0,36,31,44,45,44,0,44,6,4,53,1,3,0,0,0,20,23,10,3,23,0,0,0,0,0,0,0,0,0,0,9,0,19,0
l12,4=0,0,0,0,0,0,25,0,43,1,40,59,0,10,46,20,2,90,0,30,31,0,0,14,65,57,0,0,0,0,0,0,4,5,0,0,0,0,18,0
l13,4=0,11,1,0,31,33,4,5,46,47,44,46,31,0,4,3,1,1,0,20,30,18,22,10,0,25,0,0,0,0,0,0,0,4,0,1,0,0,2,0
l14,4=0,0,0,0,0,0,0,0,19,37,40,60,62,6,0,3,2,0,0,0,33,0,0,87,89,58,0,0,0,0,0,0,0,13,1,0,1,0,19,0
l15,4=0,0,0,0,0,32,21,32,45,42,43,69,34,6,4,0,1,1,0,9,31,19,25,10,8,5,0,0,0,0,0,0,0,0,0,1,8,0,17,0
l16,4=0,0,0,0,0,0,0,0,38,1,8,43,45,6,4,3,0,82,25,35,33,24,29,9,3,29,0,0,0,0,0,0,0,13,0,1,8,2,37,25
l17,4=0,0,0,0,0,0,0,0,29,46,10,61,62,20,2,4,27,0,0,0,77,21,25,9,72,0,0,0,0,0,0,0,0,0,0,1,77,0,13,23
l18,4=0,0,0,0,0,0,0,0,0,0,0,0,0,0,0,0,2,0,0,45,10,38,41,0,0,0,0,0,0,0,0,0,0,0,0,0,0,0,0,0
l19,4=0,0,0,0,0,0,0,0,0,0,0,0,28,3,0,0,1,0,33,0,95,76,85,0,0,0,0,0,1,0,0,0,0,0,0,0,8,2,15,24
l20,4=0,0,0,0,0,0,0,0,7,33,0,0,30,5,8,10,27,67,1,86,0,77,85,0,8,0,0,0,1,0,0,0,3,0,0,1,88,26,49,82
l21,4=0,0,0,0,0,0,0,0,38,0,0,29,0,5,0,2,25,0,25,86,93,0,82,0,1,0,0,0,0,0,0,0,3,0,0,0,89,2,25,74
l22,4=0,0,0,0,0,0,0,0,0,19,0,19,0,5,0,2,2,0,23,91,96,79,0,0,0,0,16,0,0,6,0,0,0,2,0,14,77,2,49,22
l23,4=0,0,0,0,0,0,0,0,0,0,0,43,58,20,46,19,1,1,0,0,0,0,0,0,93,67,0,0,0,0,0,0,0,38,44,0,0,0,0,0
l24,4=0,0,0,0,0,0,0,0,36,15,0,0,59,5,47,51,1,82,0,0,33,0,0,97,0,60,0,0,0,0,0,0,0,13,0,0,0,0,11,0
l25,4=0,0,0,0,0,0,0,0,0,0,0,32,62,5,46,1,1,0,0,0,0,0,0,97,90,0,0,0,0,17,0,13,7,51,17,0,0,0,0,0
l26,4=0,0,0,0,0,0,0,0,0,0,0,0,0,0,0,0,0,0,0,11,0,0,73,0,0,0,0,87,100,100,98,99,93,72,99,0,0,0,0,0
l27,4=0,0,0,0,0,0,0,0,0,0,0,0,0,0,0,0,0,0,0,0,0,0,0,0,0,0,99,0,100,100,100,98,80,0,78,0,0,0,0,0
l28,4=0,0,0,0,0,0,0,0,0,0,0,0,0,0,0,0,0,0,0,73,87,0,0,0,0,8,100,100,0,100,95,90,98,92,95,0,0,0,0,0
l29,4=0,0,0,0,0,0,0,0,0,0,0,0,0,0,0,0,0,0,0,7,0,0,17,0,0,59,100,100,100,0,99,86,83,85,92,0,0,0,0,0
l30,4=0,0,0,0,0,0,0,0,0,0,0,0,0,0,0,0,0,0,0,0,0,0,0,0,0,0,100,100,96,100,0,95,81,84,0,0,0,0,0,0
l31,4=0,0,0,0,0,0,0,0,0,0,0,0,0,0,3,0,0,0,0,4,0,0,0,0,0,59,100,82,89,85,85,0,100,98,100,0,0,0,0,0
l32,4=0,0,0,0,0,0,0,0,0,0,0,0,50,0,0,0,0,0,0,0,81,5,0,0,0,70,99,86,98,93,95,100,0,99,100,0,0,0,0,0
l33,4=0,0,0,0,0,0,0,0,0,0,0,0,25,2,40,0,19,0,0,0,0,0,9,92,62,67,61,0,99,74,79,93,88,0,100,0,0,0,0,0
l34,4=0,0,0,0,0,0,0,0,0,0,0,0,0,0,4,0,0,0,0,0,21,0,0,93,0,67,96,17,94,94,0,99,100,100,0,0,0,0,0,0
l35,4=0,0,0,0,0,0,0,0,0,0,0,0,5,5,0,0,1,0,0,0,19,4,31,0,0,0,0,0,0,0,0,0,0,0,0,0,76,69,42,36
l36,4=0,0,0,0,0,0,0,0,0,0,0,20,17,0,0,2,0,0,0,22,28,17,31,0,0,0,0,0,0,0,0,0,0,0,0,2,0,29,35,23
l37,4=0,0,0,0,0,0,0,0,0,0,0,0,0,0,0,0,0,0,0,19,25,8,29,0,0,0,0,0,0,0,0,0,0,0,0,29,62,0,25,24
l38,4=0,0,0,0,0,0,0,0,0,0,0,39,30,1,2,3,1,0,0,29,88,19,51,0,0,0,0,0,0,0,0,0,0,0,0,27,58,7,0,28
l39,4=0,0,0,0,0,0,0,0,0,0,0,0,0,0,0,0,0,0,0,27,57,12,26,0,0,0,0,0,0,0,0,0,0,0,0,16,37,3,34,0

l0,5=0,3,21,7,4,30,7,2,3,7,0,0,0,0,0,0,0,0,0,0,0,0,0,0,0,0,0,0,0,0,0,0,0,0,0,0,0,0,0,0
l1,5=3,0,30,6,70,45,9,2,0,7,0,0,0,22,0,0,0,0,0,0,0,0,0,0,0,0,0,0,0,0,0,0,0,0,0,0,0,0,0,0
l2,5=1,16,0,6,4,48,32,2,8,9,0,0,0,0,0,0,0,0,0,0,0,0,0,0,0,0,0,0,0,0,0,0,0,0,0,0,0,0,0,0
l3,5=8,0,25,0,79,32,7,0,8,5,0,0,0,0,0,0,0,0,0,0,0,0,0,0,0,0,0,0,0,0,0,0,0,0,0,0,0,0,0,0
l4,5=10,41,23,48,0,38,7,5,9,7,0,0,0,23,0,0,0,0,0,0,0,0,0,1,0,0,0,0,0,0,0,0,0,0,0,0,0,0,0,0
l5,5=0,3,22,6,4,0,8,2,5,7,0,12,0,22,0,13,0,0,0,0,0,0,0,4,0,0,0,0,0,0,0,0,0,0,0,0,0,0,0,0
l6,5=0,3,24,3,4,30,0,4,5,7,0,15,0,4,0,0,12,0,0,0,0,0,0,0,0,0,0,0,0,0,0,0,0,0,0,0,0,0,0,0
l7,5=0,2,18,2,4,30,9,0,8,7,0,21,0,14,0,35,0,0,0,0,0,0,0,0,0,0,0,0,0,0,0,0,0,0,0,0,0,0,0,0
l8,5=0,0,0,1,3,16,7,2,0,11,0,21,4,25,18,13,4,16,0,0,1,13,2,13,24,0,0,0,0,0,0,0,0,0,0,0,0,0,0,0
l9,5=0,2,12,1,1,30,8,2,8,0,0,21,0,23,0,14,3,16,0,0,9,0,3,0,18,0,0,0,0,0,0,0,0,0,0,0,0,0,0,0
l10,5=0,2,20,0,3,30,9,2,5,8,0,21,0,21,22,24,0,14,0,0,0,0,0,0,0,0,0,0,0,0,0,0,0,0,0,0,0,0,0,0
l11,5=0,0,0,0,0,5,7,2,6,7,0,0,78,25,42,68,4,18,0,0,4,9,0,11,17,0,0,0,0,0,0,0,0,0,0,0,5,2,10,0
l12,5=0,0,0,0,0,0,0,0,1,0,0,37,0,35,79,33,39,83,0,0,5,0,1,56,75,54,0,0,0,0,0,0,4,0,0,5,6,0,10,0
l13,5=0,0,0,0,1,16,0,0,8,7,0,20,9,0,25,35,21,16,0,10,1,0,2,18,21,8,0,0,0,0,0,0,0,0,0,4,0,0,0,0
l14,5=0,0,0,0,0,0,0,0,5,0,0,22,81,35,0,15,11,70,0,0,11,0,0,73,78,47,0,0,0,0,0,0,0,5,1,0,3,0,18,0
l15,5=0,0,0,0,0,1,0,2,4,6,0,37,10,42,19,0,3,14,0,0,13,22,2,18,31,8,0,0,0,0,0,0,0,0,0,0,9,0,13,2
l16,5=0,0,0,0,0,0,4,0,2,2,0,7,76,16,28,6,0,78,0,10,10,13,2,0,24,7,0,0,0,0,0,0,0,0,1,4,3,2,28,5
l17,5=0,0,0,0,0,0,0,0,9,9,0,15,81,42,42,22,12,0,0,1,24,10,2,10,70,5,0,0,0,0,0,0,0,0,0,0,38,0,0,1
l18,5=0,0,0,0,0,0,0,0,0,0,0,0,0,0,0,0,0,0,0,13,0,63,24,0,0,0,0,0,0,0,0,0,0,0,0,0,0,0,0,0
l19,5=0,0,0,0,0,0,0,0,0,0,0,0,0,10,0,0,11,0,0,0,68,65,66,0,0,0,1,0,4,11,0,1,0,0,0,11,9,0,6,56
l20,5=0,0,0,0,0,0,0,0,1,2,0,0,5,7,14,7,16,42,0,64,0,68,65,0,11,0,3,0,1,0,0,0,4,0,0,5,46,38,29,5
l21,5=0,0,0,0,0,0,0,0,3,2,0,4,0,0,0,5,9,10,22,49,68,0,56,0,9,0,0,0,0,0,0,0,0,0,0,26,47,2,23,62
l22,5=0,0,0,0,0,0,0,0,2,3,0,0,3,13,0,5,7,8,2,66,70,39,0,0,0,0,5,0,0,0,0,0,0,0,0,23,60,27,33,24
l23,5=0,0,0,0,0,0,0,0,2,0,0,9,74,34,72,22,0,20,0,0,0,0,0,0,76,72,0,0,0,0,0,0,0,20,20,0,0,0,0,0
l24,5=0,0,0,0,0,0,0,0,15,5,0,7,81,20,79,21,11,73,0,0,9,8,0,74,0,71,0,0,0,0,0,0,0,2,1,0,0,0,0,0
l25,5=0,0,0,0,0,0,0,0,4,0,0,0,77,13,74,8,6,4,0,0,0,0,0,68,74,0,0,0,0,18,0,0,38,22,18,0,0,0,0,0
l26,5=0,0,0,0,0,0,0,0,0,0,0,0,0,0,0,0,0,0,0,18,27,0,41,0,0,0,0,33,93,91,74,79,62,36,57,0,0,0,0,0
l27,5=0,0,0,0,0,0,0,0,0,0,0,0,0,0,0,0,0,0,0,0,0,0,0,0,0,0,67,0,87,79,92,65,51,0,0,0,0,0,0,0
l28,5=0,0,0,0,0,0,0,0,0,0,0,0,0,0,0,0,0,0,0,38,35,0,0,0,0,0,79,83,0,92,90,71,75,69,65,0,0,0,0,0
l29,5=0,0,0,0,0,0,0,0,0,0,0,0,0,0,0,0,0,0,0,35,0,0,0,0,0,23,79,78,93,0,90,50,41,51,50,0,0,0,0,0
l30,5=0,0,0,0,0,0,0,0,0,0,0,0,0,0,0,0,0,0,0,0,0,0,0,0,0,0,72,84,92,89,0,57,0,53,0,0,0,0,0,0
l31,5=0,0,0,0,0,0,0,0,0,0,0,0,0,0,8,0,0,0,0,7,0,0,0,4,0,0,74,24,49,42,38,0,80,73,74,0,0,0,0,0
l32,5=0,0,0,0,0,0,0,0,0,0,0,0,58,0,0,0,0,0,0,0,36,0,0,0,0,61,70,31,62,58,4,86,0,57,85,0,0,0,0,0
l33,5=0,0,0,0,0,0,0,0,0,0,0,0,34,0,54,0,0,0,0,0,0,0,0,52,59,60,56,0,56,63,58,61,51,0,75,0,0,0,0,0
l34,5=0,0,0,0,0,0,0,0,0,0,0,0,0,0,0,0,3,0,0,0,13,0,0,50,39,54,57,0,52,57,0,81,83,87,0,0,0,0,0,0
l35,5=0,0,0,0,0,0,0,0,0,0,0,0,5,8,0,0,2,0,0,4,5,8,2,0,0,0,0,0,0,0,0,0,0,0,0,0,48,49,14,41
l36,5=0,0,0,0,0,0,0,0,0,0,0,4,5,0,0,4,0,11,0,8,11,11,13,0,0,0,0,0,0,0,0,0,0,0,0,30,0,55,16,61
l37,5=0,0,0,0,0,0,0,0,0,0,0,0,0,0,0,0,1,0,0,0,10,4,2,0,0,0,0,0,0,0,0,0,0,0,0,29,51,0,20,7
l38,5=0,0,0,0,0,0,0,0,0,1,0,6,6,0,11,6,8,0,0,0,23,14,33,0,0,0,0,0,0,0,0,0,0,0,0,12,60,22,0,63
l39,5=0,0,0,0,0,0,0,0,0,0,0,0,0,0,0,0,1,0,0,19,7,19,2,0,0,0,0,0,0,0,0,0,0,0,0,25,60,35,26,0

l0,6=0,90,72,87,92,72,69,0,0,0,65,0,0,0,0,0,0,0,0,0,0,0,0,0,0,0,0,0,0,0,0,0,0,0,0,0,0,0,0,0
l1,6=88,0,84,91,88,85,72,7,3,56,61,0,0,0,0,0,0,0,0,0,0,0,0,0,0,0,0,0,0,0,0,0,0,0,0,0,0,0,0,0
l2,6=85,86,0,91,40,82,72,68,0,56,73,0,0,1,0,0,0,0,0,0,0,0,0,0,0,0,0,0,0,0,0,0,0,0,0,0,0,0,0,0
l3,6=77,90,81,0,92,82,58,22,0,35,0,0,0,0,0,0,0,0,0,0,0,0,0,0,0,0,0,0,0,0,0,0,0,0,0,0,0,0,0,0
l4,6=90,91,33,93,0,87,73,63,59,36,51,0,0,49,0,0,0,0,0,0,0,0,0,0,0,0,0,0,0,0,0,0,0,0,0,0,0,0,0,0
l5,6=19,79,70,84,80,0,1,69,26,50,70,0,0,6,0,0,0,0,0,0,0,0,0,0,0,0,0,0,0,0,0,0,0,0,0,0,0,0,0,0
l6,6=60,63,73,60,61,3,0,68,12,50,77,46,1,1,0,0,16,0,0,0,0,0,0,0,0,0,0,0,0,0,0,0,0,0,0,0,0,0,0,0
l7,6=0,1,0,0,1,63,65,0,18,42,82,4,0,3,0,1,0,0,0,0,0,0,0,0,0,0,0,0,0,0,0,0,0,0,0,0,0,0,0,0
l8,6=0,2,0,0,51,28,32,37,0,50,75,73,18,67,2,17,1,37,0,0,3,5,1,0,7,1,0,0,0,0,0,0,0,0,0,0,0,0,2,0
l9,6=0,3,0,0,1,31,34,20,64,0,77,5,11,37,2,1,0,15,0,0,0,0,0,0,0,0,0,0,0,0,0,0,0,0,0,0,0,0,0,0
l10,6=21,2,2,0,1,40,60,71,56,55,0,15,0,7,0,0,0,0,0,0,0,0,0,0,0,0,0,0,0,0,0,0,0,0,0,0,0,0,0,0
l11,6=0,0,0,0,0,0,29,14,17,9,14,0,44,28,18,63,9,33,0,0,0,0,0,11,29,3,0,0,0,0,0,0,0,0,0,0,15,0,29,0
l12,6=0,0,0,0,0,0,0,0,6,6,0,65,0,26,33,41,42,51,0,0,2,13,4,45,65,61,0,0,0,0,0,0,0,23,0,13,0,0,20,0
l13,6=0,0,0,0,2,5,0,0,66,33,2,57,4,0,7,55,3,31,0,0,0,0,0,4,13,0,0,0,0,0,0,0,0,0,0,0,0,0,1,0
l14,6=0,0,0,0,0,0,0,0,4,1,0,50,58,43,0,20,14,33,0,0,10,0,3,40,56,29,0,0,0,0,0,0,0,31,1,0,0,0,24,0
l15,6=0,0,0,0,0,0,0,19,12,10,9,79,27,44,9,0,8,33,0,0,2,16,4,15,29,1,0,0,0,0,0,0,0,0,0,0,21,0,26,0
l16,6=0,0,0,0,0,0,23,0,0,1,2,35,43,19,10,10,0,37,6,16,4,22,6,0,27,8,0,0,0,0,0,0,0,0,2,34,30,1,30,0
l17,6=0,0,0,0,0,0,0,0,9,2,0,55,45,37,27,23,27,0,0,0,13,3,0,0,54,0,0,0,0,0,0,0,0,0,0,0,16,1,18,0
l18,6=0,0,0,0,0,0,0,0,0,0,0,0,0,0,0,0,29,0,0,34,19,28,0,0,0,0,0,0,0,0,0,0,0,0,0,0,0,0,0,0
l19,6=0,0,0,0,0,0,0,0,0,0,0,0,0,17,0,0,23,0,17,0,54,41,29,0,0,0,0,0,5,27,0,27,0,0,0,25,5,0,2,33
l20,6=0,0,0,0,0,0,0,0,8,0,0,0,6,11,8,10,5,29,0,54,0,59,32,0,9,0,0,0,0,0,0,2,0,10,0,33,35,21,40,19
l21,6=0,0,0,0,0,0,0,0,9,0,0,0,16,0,0,15,27,19,20,47,51,0,25,0,0,0,0,0,2,0,0,0,0,0,0,49,29,0,23,24
l22,6=0,0,0,0,0,0,0,0,8,6,0,0,10,18,5,15,14,5,0,56,54,46,0,0,0,0,2,0,0,1,0,0,0,0,0,30,33,26,41,22
l23,6=0,11,0,0,0,0,0,0,0,0,0,30,47,36,38,29,0,0,0,0,0,0,0,0,71,62,0,0,0,0,0,8,0,31,39,0,0,0,0,0
l24,6=0,0,0,0,0,0,0,0,10,0,0,34,65,36,31,28,17,32,0,0,4,0,0,63,0,47,0,0,0,0,0,0,0,27,23,0,0,0,0,0
l25,6=0,0,0,0,0,0,0,0,7,0,0,17,57,0,32,4,14,0,0,0,0,0,0,55,59,0,0,0,0,1,0,0,16,35,29,0,0,0,0,0
l26,6=0,0,0,0,0,0,0,0,0,0,0,0,0,0,0,0,0,0,0,3,2,0,14,0,0,0,0,36,81,79,54,66,67,24,39,0,0,0,0,0
l27,6=0,0,0,0,0,0,0,0,0,0,0,0,0,0,0,0,0,0,0,0,0,0,0,0,0,0,38,0,76,79,80,51,33,0,0,0,0,0,0,0
l28,6=0,0,0,0,0,0,0,0,0,0,0,0,0,0,0,0,0,0,0,29,26,10,4,0,0,0,47,77,0,82,76,53,46,44,52,0,0,0,0,0
l29,6=0,0,0,0,0,0,0,0,0,0,0,0,0,0,0,0,0,0,0,35,0,0,1,0,0,0,43,68,81,0,42,30,29,31,30,0,0,0,0,0
l30,6=0,0,0,0,0,0,0,0,0,0,0,0,0,0,0,0,0,0,0,0,0,0,0,0,0,0,40,75,79,46,0,42,0,0,33,0,0,0,0,0
l31,6=0,0,0,0,0,0,0,0,0,0,0,0,0,0,0,0,0,0,0,31,20,0,0,11,0,0,39,27,41,35,34,0,66,57,71,0,0,0,0,0
l32,6=0,0,0,0,0,0,0,0,0,0,0,0,10,0,0,0,0,0,0,0,0,0,0,0,0,24,31,23,48,46,0,67,0,58,82,0,0,0,0,0
l33,6=0,0,0,0,0,0,0,0,0,0,0,0,39,0,29,0,0,0,0,0,21,0,0,35,48,51,17,0,44,41,14,62,61,0,69,0,0,0,0,0
l34,6=0,0,0,0,0,0,0,0,0,0,0,0,0,0,15,0,20,0,0,0,0,0,0,23,32,30,15,0,34,29,26,61,78,54,0,0,0,0,0,0
l35,6=0,0,0,0,0,0,0,0,0,0,0,0,6,2,0,0,4,0,0,4,10,19,3,0,0,0,0,0,0,0,0,0,0,0,0,0,33,23,27,27
l36,6=0,0,0,0,0,0,0,0,0,0,0,1,2,0,0,3,9,9,0,0,12,17,5,0,0,0,0,0,0,0,0,0,0,0,0,45,0,32,24,29
l37,6=0,0,0,0,0,0,0,0,0,0,0,0,0,0,0,0,0,0,0,0,5,0,2,0,0,0,0,0,0,0,0,0,0,0,0,47,41,0,27,1
l38,6=0,0,0,0,0,0,0,0,0,0,0,34,10,17,9,10,8,10,0,0,13,18,7,0,0,0,0,0,0,0,0,0,0,0,0,48,38,26,0,28
l39,6=0,0,0,0,0,0,0,0,0,0,0,0,0,0,0,0,1,0,0,39,12,24,9,0,0,0,0,0,0,0,0,0,0,0,0,48,41,12,39,0

l0,7=0,98,82,92,98,93,78,0,40,75,79,0,0,0,0,0,0,0,0,0,0,0,0,0,0,0,0,0,0,0,0,0,0,0,0,0,0,0,0,0
l1,7=95,0,91,94,89,87,78,55,15,88,59,0,0,25,0,0,0,0,0,0,0,0,0,0,0,0,0,0,0,0,0,0,0,0,0,0,0,0,0,0
l2,7=91,90,0,94,85,85,78,75,81,88,67,0,0,0,0,0,0,0,0,0,0,0,0,0,0,0,0,0,0,0,0,0,0,0,0,0,0,0,0,0
l3,7=86,90,84,0,93,82,68,52,60,16,33,0,0,0,0,0,0,0,0,0,0,0,0,0,0,0,0,0,0,0,0,0,0,0,0,0,0,0,0,0
l4,7=93,92,80,96,0,84,78,6,35,63,71,0,0,52,0,2,0,0,0,0,0,0,0,0,0,0,0,0,0,0,0,0,0,0,0,0,0,0,0,0
l5,7=91,65,70,83,81,0,71,87,79,84,76,0,0,10,0,1,0,0,0,0,0,0,0,0,0,0,0,0,0,0,0,0,0,0,0,0,0,0,0,0
l6,7=58,92,91,58,91,69,0,91,0,91,81,26,0,4,0,0,12,0,0,0,0,0,0,0,0,0,0,0,0,0,0,0,0,0,0,0,0,0,0,0
l7,7=0,8,13,2,0,87,80,0,33,90,82,0,6,13,0,1,0,0,0,0,0,0,0,0,0,0,0,0,0,0,0,0,0,0,0,0,0,0,0,0
l8,7=16,0,27,38,17,56,0,44,0,88,78,79,28,79,16,61,0,44,0,0,0,0,21,0,0,0,0,0,0,0,0,0,0,0,0,0,0,0,0,0
l9,7=1,13,13,0,0,52,77,86,91,0,81,45,5,77,0,64,0,1,0,0,0,0,0,0,2,0,0,0,0,0,0,0,0,0,0,0,0,0,1,0
l10,7=34,3,7,4,29,83,71,87,91,88,0,64,0,1,0,46,20,1,0,0,0,0,0,0,0,0,0,0,0,0,0,0,0,0,0,0,0,0,0,0
l11,7=0,0,0,0,0,0,31,0,49,49,51,0,47,22,15,79,55,30,0,0,12,4,16,11,30,17,0,0,0,0,0,0,0,0,0,8,0,0,23,11
l12,7=0,0,0,0,0,0,0,0,14,11,0,79,0,10,37,71,60,45,0,0,9,4,0,32,85,64,0,0,0,0,0,0,0,20,0,0,0,0,0,0
l13,7=0,0,0,0,9,0,25,24,85,68,21,66,25,0,21,64,41,39,0,4,4,0,6,0,32,22,0,0,0,0,0,0,0,0,0,1,0,0,17,0
l14,7=0,0,0,0,0,0,0,0,18,10,0,42,37,16,0,38,39,38,0,0,15,15,10,33,22,34,0,0,0,0,0,0,0,21,0,0,0,0,18,0
l15,7=0,0,0,0,3,1,0,15,45,60,35,90,56,54,17,0,23,26,0,0,13,13,18,28,0,14,0,0,0,0,0,0,0,0,0,0,5,0,23,0
l16,7=0,0,0,0,0,0,22,0,0,0,24,40,39,12,12,10,0,35,29,5,21,16,24,19,32,11,0,0,0,0,0,3,1,0,0,8,6,9,25,1
l17,7=0,0,0,0,0,0,0,0,25,11,19,34,38,18,25,32,55,0,0,0,29,11,8,14,40,0,0,0,0,0,0,0,0,17,0,0,0,0,27,0
l18,7=0,0,0,0,0,0,0,0,0,0,0,0,0,0,0,0,36,0,0,38,34,14,0,0,0,0,0,0,0,0,0,0,0,0,0,0,0,0,0,0
l19,7=0,0,0,0,0,0,0,0,0,0,0,0,3,3,0,4,6,11,33,0,66,40,68,0,0,0,0,0,13,18,0,23,0,0,0,0,0,0,8,48
l20,7=0,0,0,0,0,0,0,0,0,13,0,25,12,1,10,25,46,29,28,59,0,59,69,0,0,0,1,0,10,0,0,0,0,12,0,22,27,13,48,59
l21,7=0,0,0,0,0,0,0,0,9,13,0,22,15,1,10,36,46,24,28,42,64,0,63,0,7,0,0,0,1,0,0,0,0,0,0,17,32,20,36,60
l22,7=0,0,0,0,0,0,0,0,20,20,0,28,0,9,10,31,37,7,0,59,68,56,0,0,0,0,8,0,0,16,0,0,0,0,0,7,53,11,31,49
l23,7=0,0,0,0,0,0,0,0,0,0,0,20,46,0,56,37,33,23,0,0,0,0,0,0,84,74,0,0,0,0,0,0,0,24,41,0,0,0,0,0
l24,7=0,0,0,0,2,0,0,0,0,17,0,34,72,24,30,0,38,45,0,0,8,6,0,77,0,58,0,0,0,0,0,0,0,28,29,0,0,0,0,0
l25,7=0,0,0,0,0,0,0,0,0,11,0,28,65,16,55,27,26,0,0,0,0,0,0,70,71,0,0,0,0,16,0,0,41,38,0,0,0,0,0,0
l26,7=0,0,0,0,0,0,0,0,0,0,0,0,0,0,0,0,0,0,0,0,21,0,35,0,0,0,0,56,70,83,55,76,73,54,57,0,0,0,0,0
l27,7=0,0,0,0,0,0,0,0,0,0,0,0,0,0,0,0,0,0,0,0,0,0,0,0,0,0,69,0,64,83,83,42,58,0,0,0,0,0,0,0
l28,7=0,0,0,0,0,0,0,0,0,0,0,0,0,0,0,0,0,0,0,33,29,12,4,0,0,0,80,89,0,88,85,58,48,53,40,0,0,0,0,0
l29,7=0,0,0,0,0,0,0,0,0,0,0,0,0,0,0,0,0,0,0,44,0,0,38,0,0,24,72,83,70,0,83,65,67,52,42,0,0,0,0,0
l30,7=0,0,0,0,0,0,0,0,0,0,0,0,0,0,0,0,0,0,0,0,0,0,0,0,0,0,59,83,64,83,0,55,55,29,47,0,0,0,0,0
l31,7=0,0,0,0,0,0,0,0,0,0,0,0,0,0,0,0,31,0,0,44,0,0,0,0,0,0,64,12,43,30,30,0,73,76,77,0,0,0,0,0
l32,7=0,0,0,0,0,0,0,0,0,0,0,0,3,0,0,0,19,0,0,0,0,0,3,0,0,44,66,29,34,44,33,80,0,79,86,0,0,0,0,0
l33,7=0,0,0,0,0,0,0,0,0,0,0,0,30,0,37,0,22,25,0,0,15,0,0,21,42,40,50,0,37,25,17,72,77,0,61,0,0,0,0,0
l34,7=0,0,0,0,0,0,0,0,0,0,0,0,0,0,6,0,5,0,0,0,0,0,0,47,35,0,50,6,31,29,33,65,82,62,0,0,0,0,0,0
l35,7=0,0,0,0,0,0,0,0,0,0,0,8,0,1,0,0,36,0,0,0,21,20,1,0,0,0,0,0,0,0,0,0,0,0,0,0,18,21,26,51
l36,7=0,0,0,0,0,0,0,0,0,0,0,0,0,0,0,10,41,0,0,5,25,19,25,0,0,0,0,0,0,0,0,0,0,0,0,28,0,23,26,54
l37,7=0,0,0,0,0,0,0,0,0,0,0,0,0,0,0,0,3,0,0,0,15,7,13,0,0,0,0,0,0,0,0,0,0,0,0,36,18,0,21,29
l38,7=0,0,0,0,0,0,0,0,0,17,0,42,0,8,5,41,44,32,0,10,25,22,23,0,0,0,0,0,0,0,0,0,0,0,0,27,20,15,0,45
l39,7=0,0,0,0,0,0,0,0,0,0,0,2,0,0,0,0,2,0,0,31,23,21,21,0,0,0,0,0,0,0,0,0,0,0,0,29,34,11,23,0

l0,8=0,100,100,100,100,99,74,0,0,98,99,0,0,48,0,0,0,0,0,0,0,0,0,0,0,0,0,0,0,0,0,0,0,0,0,0,0,0,0,0
l1,8=100,0,100,100,100,96,99,94,85,86,96,0,0,85,0,0,0,0,0,0,0,0,0,2,0,0,0,0,0,0,0,0,0,0,0,0,0,0,0,0
l2,8=100,100,0,100,100,100,99,97,41,74,98,0,0,78,0,3,0,0,0,0,0,0,0,0,0,0,0,0,0,0,0,0,0,0,0,0,0,0,0,0
l3,8=98,99,100,0,100,96,82,90,82,0,0,0,0,0,0,0,0,0,0,0,0,0,0,0,0,0,0,0,0,0,0,0,0,0,0,0,0,0,0,0
l4,8=100,100,100,100,0,99,99,92,91,95,98,1,0,94,0,0,0,0,0,0,0,0,0,0,9,0,0,0,0,0,0,0,0,0,0,0,0,0,0,0
l5,8=100,100,100,100,100,0,99,98,95,87,99,2,59,29,0,0,0,0,0,0,0,0,0,0,0,0,0,0,0,0,0,0,0,0,0,0,0,0,0,0
l6,8=52,95,94,68,96,94,0,94,48,94,95,2,0,29,0,15,66,0,0,0,0,0,0,0,0,0,0,0,0,0,0,0,0,0,0,0,0,0,0,0
l7,8=0,90,92,93,95,95,96,0,83,98,99,74,0,92,0,0,37,8,0,0,0,0,0,0,0,0,0,0,0,0,0,0,0,0,0,0,0,0,0,0
l8,8=0,47,29,76,86,91,68,85,0,98,95,89,45,94,85,92,0,87,0,27,0,0,75,0,58,0,0,0,0,0,0,0,0,0,0,0,0,0,0,0
l9,8=66,25,18,0,88,73,94,94,92,0,99,85,46,93,62,92,39,2,0,0,0,52,5,78,57,0,0,0,0,0,0,0,0,0,0,0,0,0,60,0
l10,8=86,67,80,3,94,95,93,94,89,98,0,80,23,90,0,90,9,0,0,0,0,0,0,0,0,0,0,0,0,0,0,0,0,0,0,0,0,0,0,0
l11,8=0,0,0,0,4,1,12,8,54,52,76,0,98,80,79,99,94,92,0,0,34,63,2,56,66,38,0,0,0,0,0,0,0,0,0,29,6,1,36,1
l12,8=0,0,0,0,0,0,0,0,0,16,4,99,0,43,99,98,100,100,0,0,5,0,0,96,97,86,0,0,0,0,0,0,0,12,0,0,10,0,28,0
l13,8=3,7,5,0,49,3,3,74,97,96,88,63,68,0,83,86,63,59,0,0,21,48,0,84,80,49,0,0,0,0,0,0,0,0,0,40,0,0,39,0
l14,8=0,0,0,0,0,0,0,0,32,13,0,57,97,66,0,84,86,99,0,0,30,61,41,93,71,32,0,0,0,0,0,0,0,0,0,0,12,0,3,0
l15,8=0,0,0,0,0,0,68,0,54,55,86,99,96,73,94,0,89,97,0,0,57,75,65,89,89,10,0,0,0,0,0,0,0,0,0,9,0,0,45,0
l16,8=0,0,0,0,0,0,0,2,2,19,8,88,93,25,77,61,0,99,5,27,69,65,77,33,52,3,0,0,0,0,0,20,1,0,33,28,31,8,32,43
l17,8=0,0,0,0,0,0,0,0,39,21,0,88,95,47,97,93,95,0,0,10,38,52,41,65,49,17,0,0,0,0,0,0,0,23,0,0,14,0,26,17
l18,8=0,0,0,0,0,0,0,0,0,0,0,0,0,0,0,0,75,0,0,72,67,67,0,0,0,0,0,0,0,0,0,0,0,0,0,0,0,0,36,0
l19,8=0,0,0,0,0,0,0,0,16,0,0,0,0,0,0,0,65,60,29,0,86,66,90,0,0,0,8,0,40,0,0,51,0,0,0,0,34,13,0,55
l20,8=0,0,0,0,0,0,0,0,0,0,0,27,0,7,43,41,81,47,17,93,0,90,94,0,6,0,3,0,6,0,0,0,0,0,0,49,47,42,69,40
l21,8=0,0,0,0,0,0,0,0,2,24,0,45,1,39,55,39,61,33,12,33,87,0,87,0,0,0,0,0,0,0,0,2,0,2,0,57,20,27,70,53
l22,8=0,0,0,0,0,0,0,0,19,8,0,1,0,17,52,37,78,38,0,83,86,87,0,0,0,0,0,0,0,24,0,0,0,0,0,61,55,27,63,38
l23,8=0,0,0,0,0,0,0,0,0,34,0,63,79,60,75,66,69,58,0,0,0,0,0,0,94,86,0,0,0,0,0,0,35,60,78,0,0,0,0,0
l24,8=0,0,0,0,0,0,0,0,7,26,0,75,98,64,93,72,91,63,0,0,30,0,0,96,0,80,0,0,0,0,0,5,0,34,59,0,0,0,0,0
l25,8=0,0,0,1,0,0,0,0,0,0,0,72,97,56,62,58,39,44,0,0,0,0,0,96,81,0,0,0,0,63,0,11,60,73,66,0,0,0,1,0
l26,8=0,0,0,0,0,0,0,0,0,0,0,0,0,0,0,0,0,0,0,36,50,0,0,0,0,0,0,79,94,93,91,90,87,77,77,0,0,0,0,0
l27,8=0,0,0,0,0,0,0,0,0,0,0,0,0,0,0,0,0,0,0,0,0,0,0,0,0,0,94,0,94,93,93,0,76,0,66,0,0,0,0,0
l28,8=0,0,0,0,0,0,0,0,0,0,0,0,0,0,0,0,0,0,0,69,56,0,0,0,0,0,94,92,0,93,93,90,66,76,73,0,0,0,0,0
l29,8=0,0,0,0,0,0,0,0,0,0,0,0,0,0,0,0,0,0,0,0,0,0,52,0,0,27,94,92,94,0,93,89,56,66,63,0,0,0,0,0
l30,8=0,0,0,0,0,0,0,0,0,0,0,0,0,0,0,0,0,0,0,0,0,0,0,0,0,0,88,92,94,93,0,69,77,67,0,0,0,0,0,0
l31,8=0,0,0,0,0,0,0,0,0,0,0,0,0,0,0,0,55,0,0,53,0,0,0,0,4,0,84,0,58,84,59,0,85,89,84,0,0,0,0,0
l32,8=0,0,0,0,0,0,0,0,0,0,0,0,0,0,0,0,43,0,0,0,0,0,0,61,0,25,82,37,36,69,74,96,0,92,91,0,0,0,0,0
l33,8=0,0,0,0,0,0,0,0,0,0,0,0,54,0,0,0,0,56,0,0,28,3,0,60,25,24,38,0,42,71,70,91,89,0,76,0,0,0,0,0
l34,8=0,0,0,0,0,0,0,0,0,0,0,0,0,0,48,0,68,0,0,0,38,0,0,61,25,23,38,35,38,70,0,86,93,75,0,0,0,0,0,0
l35,8=0,0,0,0,0,0,0,0,0,0,0,7,0,2,0,0,24,0,0,0,28,34,34,0,0,0,0,0,0,0,0,0,0,0,0,0,45,55,62,50
l36,8=0,0,0,0,0,0,0,0,0,0,0,28,27,0,31,0,31,31,0,12,36,33,64,0,0,0,0,0,0,0,0,0,0,0,0,69,0,25,42,40
l37,8=0,0,0,0,0,0,0,0,0,0,0,0,0,0,0,0,15,0,0,1,31,35,21,0,0,0,0,0,0,0,0,0,0,0,0,47,16,0,31,21
l38,8=0,0,0,0,0,0,0,0,0,20,0,36,29,44,13,47,39,47,0,0,53,65,64,0,0,0,0,0,0,0,0,0,0,0,0,63,41,18,0,31
l39,8=0,0,0,0,0,0,0,0,0,0,0,0,0,0,0,0,60,0,0,32,47,67,43,0,0,0,0,0,0,0,0,0,0,0,0,65,23,18,38,0

l0,9=0,100,100,82,93,71,27,51,0,42,50,0,0,1,0,0,0,0,0,0,0,0,0,0,0,0,0,0,0,0,0,0,0,0,0,0,0,0,0,0
l1,9=100,0,100,76,93,71,47,51,51,36,48,0,0,24,0,0,0,0,0,0,0,0,0,0,0,0,0,0,0,0,0,0,0,0,0,0,0,0,0,0
l2,9=100,99,0,82,93,72,48,33,40,13,45,0,20,0,0,0,0,0,0,0,0,0,0,0,0,0,0,0,0,0,0,0,0,0,0,0,0,0,0,0
l3,9=100,54,99,0,94,71,39,51,0,26,43,0,0,0,0,0,0,0,0,0,0,0,0,0,0,0,0,0,0,0,0,0,0,0,0,0,0,0,0,0
l4,9=100,98,99,82,0,71,46,50,51,37,46,0,0,17,0,0,0,0,0,0,0,0,0,18,0,0,0,0,0,0,0,0,0,0,0,0,0,0,0,0
l5,9=100,99,100,83,94,0,47,49,53,41,46,0,0,28,0,0,0,0,0,0,0,0,0,0,0,0,0,0,0,0,0,0,0,0,0,0,0,0,0,0
l6,9=30,54,100,67,73,41,0,100,45,55,95,0,0,31,0,9,30,0,0,0,0,0,0,0,0,0,0,0,0,0,0,0,0,0,0,0,0,0,0,0
l7,9=71,53,27,78,84,42,99,0,58,94,98,1,4,100,1,63,0,13,0,0,0,0,0,0,0,0,0,0,0,0,0,0,0,0,0,0,0,0,0,0
l8,9=0,30,55,1,83,25,16,83,0,96,46,89,12,100,0,73,50,74,0,29,1,0,80,0,0,0,0,0,0,0,0,0,0,0,0,0,0,0,0,0
l9,9=92,32,3,56,60,65,37,100,99,0,98,61,16,100,64,94,48,0,0,0,0,0,25,29,10,0,0,0,0,0,0,0,0,0,0,0,0,0,11,0
l10,9=95,97,87,73,87,71,53,100,53,95,0,45,22,40,0,95,53,67,0,0,0,0,0,20,0,0,0,0,0,0,0,0,0,0,0,0,0,0,0,0
l11,9=0,0,0,0,0,0,0,1,97,86,26,0,99,71,60,99,91,98,0,0,58,69,60,32,40,30,0,0,0,0,0,0,0,0,0,13,25,2,0,0
l12,9=0,0,1,0,0,0,0,0,4,75,8,74,0,62,97,95,98,100,0,0,51,55,0,76,56,85,0,0,0,0,0,0,0,0,0,0,25,0,40,0
l13,9=0,11,0,0,47,15,13,78,98,96,34,79,71,0,42,96,75,0,0,9,34,61,1,19,36,23,0,0,0,0,0,0,0,0,0,0,0,0,37,0
l14,9=0,0,0,0,0,0,0,0,0,88,0,99,99,60,0,96,96,98,0,0,79,81,85,83,63,38,0,0,0,0,0,0,0,0,0,0,1,0,1,0
l15,9=0,0,0,0,0,0,13,45,84,86,54,100,70,75,61,0,97,100,0,0,80,85,81,25,30,0,0,0,0,0,0,0,0,0,0,0,27,0,46,0
l16,9=0,0,0,0,0,0,11,0,60,44,37,55,69,49,54,78,0,94,34,81,91,53,88,27,53,20,0,0,0,0,0,0,0,34,43,37,23,21,47,68
l17,9=0,0,0,0,0,0,0,0,89,0,23,61,59,13,58,86,96,0,0,91,42,92,90,0,22,25,0,0,0,0,0,0,0,53,0,0,26,0,36,79
l18,9=0,0,0,0,0,0,0,0,0,2,0,0,0,0,0,0,14,0,0,0,79,10,90,0,0,0,0,0,0,0,0,0,0,0,0,0,0,0,0,0
l19,9=0,0,0,0,0,0,0,0,16,0,0,0,0,7,0,0,46,73,0,0,91,97,92,0,0,0,67,0,58,4,0,34,0,0,0,37,21,21,23,78
l20,9=0,0,0,0,0,0,0,0,0,0,0,30,20,32,35,49,74,15,32,95,0,99,97,0,20,0,33,0,0,0,0,0,0,0,29,49,58,24,64,80
l21,9=0,0,0,0,0,0,0,0,0,0,0,30,25,34,35,44,35,66,38,93,95,0,97,0,0,0,0,0,0,0,0,0,0,19,0,57,17,18,58,82
l22,9=0,0,0,0,0,0,0,0,64,31,0,19,0,20,32,40,67,65,1,93,96,98,0,0,0,0,55,0,0,37,0,33,0,0,0,52,45,16,56,12
l23,9=0,0,0,0,1,0,0,0,0,84,51,60,99,60,77,54,94,13,0,0,0,0,0,0,77,95,0,0,0,0,0,0,54,62,56,0,0,0,0,0
l24,9=0,0,0,0,0,0,0,0,0,9,0,61,99,60,82,83,97,78,0,0,69,0,0,74,0,72,0,0,0,0,0,0,0,58,49,0,27,0,0,0
l25,9=0,0,0,11,0,0,0,0,0,0,0,53,99,57,46,12,90,96,0,0,0,0,0,100,97,0,0,0,0,20,0,0,82,98,46,0,0,0,8,0
l26,9=0,0,0,0,0,0,0,0,0,0,0,0,0,0,0,0,0,0,0,87,72,0,86,0,0,0,0,92,99,100,100,99,98,83,92,0,0,0,0,0
l27,9=0,0,0,0,0,0,0,0,0,0,0,0,0,0,0,0,0,0,0,0,0,0,0,0,0,0,100,0,99,100,100,92,77,0,0,0,0,0,0,0
l28,9=0,0,0,0,0,0,0,0,0,0,0,0,0,0,0,0,0,0,0,87,0,0,18,0,0,0,100,100,0,100,100,88,0,82,24,0,0,0,0,0
l29,9=0,0,0,0,0,0,0,0,0,0,0,0,0,0,0,0,0,0,0,2,15,0,59,0,0,0,100,100,99,0,100,98,65,81,91,0,0,0,0,0
l30,9=0,0,0,0,0,0,0,0,0,0,0,0,0,0,0,0,0,0,0,0,0,0,0,0,0,0,99,100,99,100,0,98,87,73,92,0,0,0,0,0
l31,9=0,0,0,0,0,0,0,0,0,0,0,0,0,0,0,0,16,0,0,87,7,0,86,0,1,0,97,85,92,97,89,0,100,100,100,0,0,0,0,0
l32,9=0,0,0,0,0,0,0,0,0,0,0,0,32,0,0,0,0,0,0,0,0,0,0,49,0,65,98,83,0,87,97,97,0,100,100,0,0,0,0,0
l33,9=0,0,0,0,0,0,0,0,0,0,0,0,1,0,0,0,85,92,0,0,3,46,0,92,61,94,90,0,93,86,81,99,98,0,95,0,0,0,0,0
l34,9=0,0,0,0,0,0,0,0,0,0,0,0,1,0,0,0,84,0,0,0,85,0,0,96,28,35,95,2,0,96,91,96,100,98,0,0,0,0,0,0
l35,9=0,0,0,0,0,0,0,0,0,0,0,0,0,0,0,0,0,0,0,4,57,64,73,0,0,0,0,0,0,0,0,0,0,0,0,0,79,46,75,59
l36,9=0,0,0,0,0,0,0,0,0,0,0,22,24,0,0,22,13,11,0,33,76,21,80,0,0,0,0,0,0,0,0,0,0,0,0,60,0,24,39,63
l37,9=0,0,0,0,0,0,0,0,0,0,0,0,0,0,0,0,49,0,0,17,71,27,41,0,0,0,0,0,0,0,0,0,0,0,0,51,45,0,37,56
l38,9=0,0,0,0,0,0,0,0,0,7,0,0,32,22,0,47,67,25,0,13,88,86,90,0,0,0,0,0,0,0,0,0,0,0,0,57,26,22,0,59
l39,9=0,0,0,0,0,0,0,0,0,0,0,0,0,0,0,0,41,27,0,68,81,85,3,0,0,0,0,0,0,0,0,0,0,0,0,46,25,20,35,0

l0,10=0,90,84,91,83,73,72,69,4,69,73,0,0,0,0,0,0,0,0,0,0,0,0,0,0,0,0,0,0,0,0,0,0,0,0,0,0,0,0,0
l1,10=84,0,84,85,85,84,89,76,0,44,79,0,0,0,0,0,0,0,0,0,0,0,0,13,0,0,0,0,0,0,0,0,0,0,0,0,0,0,0,0
l2,10=81,84,0,85,83,85,89,77,2,77,77,0,1,0,0,0,0,0,0,0,0,0,0,0,0,0,0,0,0,0,0,0,0,0,0,0,0,0,0,0
l3,10=88,83,84,0,93,83,86,78,0,36,50,0,0,0,0,0,0,0,0,0,0,0,0,0,0,0,0,0,0,0,0,0,0,0,0,0,0,0,0,0
l4,10=81,84,84,90,0,84,70,80,56,59,81,0,0,0,0,0,0,0,0,0,0,0,0,0,0,0,0,0,0,0,0,0,0,0,0,0,0,0,0,0
l5,10=81,84,84,85,83,0,89,85,54,64,82,0,0,59,0,0,0,0,0,0,0,0,0,0,0,0,0,0,0,0,0,0,0,0,0,0,0,0,0,0
l6,10=22,84,84,60,30,84,0,84,63,77,43,0,0,20,0,0,0,0,0,0,0,0,0,0,0,0,0,0,0,0,0,0,0,0,0,0,0,0,0,0
l7,10=75,82,72,83,82,84,89,0,73,79,85,6,10,79,0,0,0,0,0,0,0,0,0,0,0,0,0,0,0,0,0,0,0,0,0,0,0,0,0,0
l8,10=1,2,0,4,11,13,16,63,0,83,24,59,15,82,13,65,2,16,0,0,0,0,17,22,0,0,0,0,0,0,0,0,0,0,0,0,0,0,0,0
l9,10=44,15,30,15,11,18,85,84,76,0,84,57,23,79,33,23,1,0,0,0,0,7,3,15,1,0,0,0,0,0,0,0,0,0,0,0,0,0,0,0
l10,10=33,32,23,16,38,25,24,85,14,79,0,17,3,46,0,18,0,13,0,0,0,0,0,0,0,0,0,0,0,0,0,0,0,0,0,0,0,0,0,0
l11,10=0,0,0,0,0,0,0,12,15,30,13,0,27,37,45,78,7,33,0,0,25,9,0,22,25,31,0,0,0,0,0,0,0,0,0,0,22,0,19,0
l12,10=0,0,0,0,0,0,0,0,12,27,0,55,0,54,89,77,45,86,0,0,30,11,0,52,85,97,0,0,0,0,0,0,0,14,0,0,21,0,29,0
l13,10=0,1,0,0,0,13,9,35,77,77,34,62,32,0,4,72,11,1,0,0,27,4,1,0,31,25,0,0,0,0,0,0,0,0,0,0,15,0,22,0
l14,10=0,0,0,0,0,0,0,0,5,29,0,36,89,3,0,27,16,43,0,0,2,3,2,30,63,40,0,0,0,0,0,0,0,34,0,0,22,0,23,0
l15,10=0,0,0,0,0,0,0,0,15,26,18,69,41,54,40,0,9,25,0,7,10,4,12,12,24,26,0,0,0,0,0,0,0,0,0,0,0,0,18,0
l16,10=0,0,0,0,0,0,0,0,5,2,0,5,27,25,36,18,0,21,7,11,29,12,19,14,37,24,0,0,0,0,0,0,0,27,20,0,20,35,36,17
l17,10=0,0,0,0,0,0,0,0,15,20,11,16,90,17,50,64,13,0,0,13,16,16,24,5,20,27,0,0,0,0,0,0,0,32,0,0,20,0,27,15
l18,10=0,0,0,0,0,0,0,0,0,0,0,0,0,0,0,0,24,0,0,67,60,57,0,0,0,0,0,0,0,0,0,0,0,0,0,0,0,0,0,0
l19,10=0,0,0,0,0,0,0,0,7,0,0,0,0,0,0,6,6,12,15,0,64,46,68,0,0,0,21,0,0,0,0,10,5,0,0,18,14,28,0,17
l20,10=0,0,0,0,0,0,0,0,0,0,0,4,14,22,0,5,7,3,15,73,0,74,79,0,9,0,0,0,0,0,0,0,6,0,0,30,25,38,35,21
l21,10=0,0,0,0,0,0,0,0,0,23,0,8,12,13,6,6,11,17,22,23,76,0,78,0,0,0,1,0,0,0,0,0,0,14,0,28,20,32,36,20
l22,10=0,0,0,0,0,0,0,0,6,0,0,0,1,3,0,11,3,13,0,51,76,66,0,0,0,0,21,0,0,0,0,11,0,0,0,32,24,8,55,19
l23,10=0,0,0,0,0,0,0,0,15,28,0,12,85,0,51,6,7,3,0,0,0,0,0,0,86,96,0,0,0,0,0,5,14,44,27,0,0,0,0,0
l24,10=0,0,0,0,0,0,0,0,0,6,0,12,91,35,83,27,69,21,0,0,11,0,0,83,0,55,0,0,0,0,0,0,0,0,23,0,0,0,9,0
l25,10=0,0,0,15,0,0,0,0,0,0,0,37,91,22,85,24,7,15,0,0,0,0,0,89,85,0,1,0,0,0,0,11,9,81,36,0,0,0,5,0
l26,10=0,0,0,0,0,0,0,0,0,0,0,0,0,0,0,0,0,0,0,42,0,0,49,0,0,0,0,66,95,93,97,99,88,44,55,0,0,0,0,0
l27,10=0,0,0,0,0,0,0,0,0,0,0,0,0,0,0,0,0,0,0,0,0,0,0,0,0,0,70,0,92,93,97,78,0,0,66,0,0,0,0,0
l28,10=0,0,0,0,0,0,0,0,0,0,0,0,0,0,0,0,0,0,0,1,0,0,0,0,0,0,89,92,0,93,97,71,50,65,37,0,0,0,0,0
l29,10=0,0,0,0,0,0,0,0,0,0,0,0,0,0,0,0,0,0,0,0,12,0,34,0,0,0,85,92,95,0,97,78,57,1,49,0,0,0,0,0
l30,10=0,0,0,0,0,0,0,0,0,0,0,0,0,0,0,0,0,0,0,0,0,0,0,0,0,0,84,92,94,93,0,83,67,52,61,0,0,0,0,0
l31,10=0,0,0,0,0,0,0,0,0,0,0,0,0,0,0,0,0,0,0,26,6,0,51,33,0,10,89,69,81,92,97,0,100,100,95,0,0,0,0,0
l32,10=0,0,0,0,0,0,0,0,0,0,0,0,0,0,0,0,6,0,0,14,31,0,0,55,0,24,86,0,40,56,65,98,0,100,100,0,0,0,0,0
l33,10=0,0,0,0,0,0,0,0,0,0,0,0,16,0,56,0,33,6,0,0,0,10,0,83,21,92,62,0,77,0,35,100,99,0,97,0,0,0,0,0
l34,10=0,0,0,0,0,0,0,0,0,0,0,0,11,0,0,0,50,0,0,0,21,0,0,45,45,74,80,63,52,42,71,98,100,98,0,0,0,0,0,0
l35,10=0,0,0,0,0,0,0,0,0,0,0,0,0,0,0,0,0,0,0,3,35,12,21,0,0,0,0,0,0,0,0,0,0,0,0,0,51,38,32,17
l36,10=0,0,0,0,0,0,0,0,0,0,0,1,1,1,9,0,3,5,0,0,30,6,17,0,0,0,0,0,0,0,0,0,0,0,0,42,0,42,30,21
l37,10=0,0,0,0,0,0,0,0,0,0,0,0,0,0,0,0,2,0,0,10,30,5,0,0,0,0,0,0,0,0,0,0,0,0,0,36,43,0,27,20
l38,10=0,0,0,0,0,0,0,0,0,0,0,1,12,15,7,9,9,7,0,0,30,15,23,0,7,0,0,0,0,0,0,0,0,0,0,31,28,38,0,22
l39,10=0,0,0,0,0,0,0,0,0,0,0,0,0,0,0,0,7,6,0,12,37,18,20,0,0,0,0,0,0,0,0,0,0,0,0,28,46,37,51,0

l0,11=0,90,82,81,80,76,0,11,3,20,0,0,0,0,0,0,0,0,0,0,0,0,0,0,0,0,0,0,0,0,0,0,0,0,0,0,0,0,0,0
l1,11=80,0,85,71,83,85,82,84,5,13,45,3,0,0,0,0,0,0,0,0,0,0,0,0,0,0,0,0,0,0,0,0,0,0,0,0,0,0,0,0
l2,11=77,85,0,77,83,85,84,87,0,69,0,0,0,4,0,0,0,0,0,0,0,0,0,0,0,0,0,0,0,0,0,0,0,0,0,0,0,0,0,0
l3,11=80,10,64,0,87,88,5,2,0,0,17,0,0,0,0,0,0,0,0,0,0,0,0,0,0,0,0,0,0,0,0,0,0,0,0,0,0,0,0,0
l4,11=73,75,61,77,0,33,74,10,0,12,20,0,0,0,2,0,0,0,0,0,0,0,0,2,0,0,0,0,0,0,0,0,0,0,0,0,0,0,0,0
l5,11=71,85,85,77,77,0,84,87,14,81,3,0,0,17,0,0,0,0,0,0,0,0,0,0,0,0,0,0,0,0,0,0,0,0,0,0,0,0,0,0
l6,11=0,78,65,22,80,82,0,86,31,77,49,8,0,45,0,17,5,0,0,0,0,0,0,0,0,0,0,0,0,0,0,0,0,0,0,0,0,0,0,0
l7,11=61,85,85,69,83,85,84,0,69,81,77,16,27,81,0,10,0,0,0,0,1,0,0,0,0,0,0,0,0,0,0,0,0,0,0,0,0,0,0,0
l8,11=13,22,0,0,0,26,26,34,0,82,29,30,33,85,0,40,0,6,0,5,0,0,0,22,11,0,0,0,0,0,0,0,0,0,0,0,0,0,0,0
l9,11=13,0,4,0,26,62,69,87,69,0,77,30,24,84,0,26,0,4,0,0,0,22,0,0,0,0,0,0,0,0,0,0,0,0,0,0,0,0,0,0
l10,11=0,28,0,59,58,1,60,87,52,81,0,36,0,67,0,51,0,1,0,0,0,0,0,0,0,0,0,0,0,0,0,0,0,0,0,0,0,0,0,0
l11,11=0,1,0,0,0,0,12,17,25,31,9,0,36,66,21,72,5,34,0,0,3,7,7,29,22,13,0,0,0,0,0,0,0,0,0,2,19,0,19,0
l12,11=0,0,0,0,0,0,0,14,22,27,0,48,0,34,82,43,10,34,0,0,8,10,9,34,86,64,0,0,0,0,0,0,0,0,0,0,0,0,21,0
l13,11=0,0,0,0,0,18,23,38,68,81,18,72,25,0,12,68,6,14,0,0,6,8,0,25,10,12,0,0,0,0,0,0,0,0,0,0,0,0,1,0
l14,11=0,0,0,0,2,0,0,0,0,0,0,30,78,25,0,9,20,8,0,0,0,2,0,34,22,15,0,0,0,0,0,0,0,27,2,0,25,0,14,0
l15,11=0,0,0,0,0,0,17,12,24,27,17,77,67,85,15,0,25,30,0,6,11,11,3,13,0,11,0,0,0,0,0,0,0,0,0,0,23,0,16,0
l16,11=0,0,0,0,0,0,17,0,0,0,0,18,22,28,23,17,0,12,10,7,11,15,9,0,38,1,0,0,0,0,0,0,15,0,5,7,30,20,24,34
l17,11=0,0,0,0,0,0,0,0,23,25,8,29,45,38,30,28,22,0,0,0,7,11,10,13,17,8,0,0,0,0,0,0,0,0,0,0,29,0,16,32
l18,11=0,0,0,0,0,0,0,0,0,0,0,0,0,0,0,0,18,0,0,58,47,57,13,0,0,0,0,0,0,0,0,0,0,0,0,0,0,0,0,0
l19,11=0,0,0,0,0,0,0,0,16,0,0,0,0,0,0,10,10,0,26,0,52,57,50,0,0,0,9,0,0,0,0,4,0,0,0,8,30,20,0,36
l20,11=0,0,0,0,0,0,0,0,0,0,0,1,18,24,0,10,8,3,24,66,0,75,66,0,0,0,0,0,6,0,0,0,13,0,0,10,44,30,22,41
l21,11=0,0,0,0,0,0,0,0,0,27,0,16,25,21,8,16,32,13,25,23,62,0,59,0,12,0,0,0,0,0,0,0,0,0,0,8,28,17,54,38
l22,11=0,0,0,0,0,0,0,0,0,0,0,14,17,0,0,0,5,3,0,23,61,68,0,0,0,0,9,0,0,0,0,27,0,0,0,26,32,0,45,32
l23,11=0,0,0,0,9,0,0,0,16,2,0,19,56,37,64,0,0,0,0,0,0,0,0,0,87,88,0,0,0,0,0,18,33,31,2,0,0,0,0,0
l24,11=0,0,0,0,0,0,0,0,10,0,0,19,80,26,18,0,42,4,0,0,0,6,0,82,0,16,0,0,0,0,0,0,0,0,0,0,0,0,0,0
l25,11=0,0,0,0,0,0,0,0,0,0,0,15,80,36,63,9,4,1,0,0,0,0,0,88,73,0,0,0,0,0,0,23,14,49,5,0,0,0,0,0
l26,11=0,0,0,0,0,0,0,0,0,0,0,0,0,0,0,0,0,0,0,26,1,0,22,0,0,0,0,62,72,80,84,67,67,28,26,0,0,0,0,0
l27,11=0,0,0,0,0,0,0,0,0,0,0,0,0,0,0,0,0,0,0,0,0,0,0,0,0,0,63,0,70,82,93,65,0,0,32,0,0,0,0,0
l28,11=0,0,0,0,0,0,0,0,0,0,0,0,0,0,0,0,0,0,0,0,25,0,0,0,0,0,73,93,0,83,93,34,30,0,22,0,0,0,0,0
l29,11=0,0,0,0,0,0,0,0,0,0,0,0,0,0,0,0,0,0,0,0,0,0,0,0,0,0,65,91,72,0,88,65,30,30,25,0,0,0,0,0
l30,11=0,0,0,0,0,0,0,0,0,0,0,0,0,0,0,0,0,0,0,0,0,0,0,0,0,0,65,93,70,82,0,70,66,66,59,0,0,0,0,0
l31,11=0,0,0,0,0,0,0,0,0,0,0,0,0,0,0,0,0,0,0,2,0,0,31,19,0,22,73,66,58,76,78,0,86,99,99,0,0,0,0,0
l32,11=0,0,0,0,0,0,0,0,0,0,0,0,0,0,0,0,2,0,0,0,7,0,0,38,0,4,73,0,51,35,57,81,0,100,99,0,0,0,0,0
l33,11=0,0,0,0,0,0,0,0,0,0,0,0,0,0,40,0,0,0,0,0,6,0,0,31,0,74,60,0,0,48,77,92,89,0,97,0,0,0,0,0
l34,11=0,0,0,0,0,0,0,0,0,0,0,0,0,0,11,0,40,0,0,1,0,0,0,5,0,28,65,66,52,70,80,92,92,97,0,0,0,0,0,0
l35,11=0,0,0,0,0,0,0,0,0,0,0,7,0,0,0,0,1,0,0,4,10,2,10,0,0,0,0,0,0,0,0,0,0,0,0,0,60,35,25,41
l36,11=0,0,0,0,0,0,0,0,0,0,0,0,0,0,5,2,7,1,0,9,9,9,10,0,0,0,0,0,0,0,0,0,0,0,0,17,0,35,26,43
l37,11=0,0,0,0,0,0,0,0,0,0,0,0,0,0,0,0,7,0,0,8,7,8,0,0,0,0,0,0,0,0,0,0,0,0,0,13,45,0,17,42
l38,11=0,0,0,0,0,0,0,0,0,0,0,17,22,0,7,8,8,0,0,0,10,11,11,0,0,0,0,0,0,0,0,0,0,0,0,11,47,26,0,43
l39,11=0,0,0,0,0,0,0,0,0,0,0,0,0,0,0,0,6,0,0,10,17,11,18,0,0,0,0,0,0,0,0,0,0,0,0,26,56,52,55,0

l0,12=0,87,77,87,74,83,22,17,3,19,4,0,0,0,0,0,0,0,0,0,0,0,0,0,0,0,0,0,0,0,0,0,0,0,0,0,0,0,0,0
l1,12=83,0,68,82,73,82,86,82,0,23,74,7,0,0,0,0,0,0,0,0,0,0,0,0,0,0,0,0,0,0,0,0,0,0,0,0,0,0,0,0
l2,12=82,85,0,82,70,85,87,78,32,71,57,0,0,0,0,0,0,0,0,0,0,0,0,0,0,0,0,0,0,0,0,0,0,0,0,0,0,0,0,0
l3,12=87,74,57,0,74,80,11,0,0,0,26,0,0,0,0,0,0,0,0,0,0,0,0,0,0,0,0,0,0,0,0,0,0,0,0,0,0,0,0,0
l4,12=78,63,30,83,0,35,54,18,0,22,24,0,0,0,9,0,0,0,0,0,0,0,0,11,0,0,0,0,0,0,0,0,0,0,0,0,0,0,0,0
l5,12=82,85,71,82,67,0,73,83,58,80,53,0,0,31,0,0,0,0,0,0,0,0,0,0,0,0,0,0,0,0,0,0,0,0,0,0,0,0,0,0
l6,12=27,85,69,18,70,64,0,85,42,38,78,44,0,35,1,56,0,0,0,0,0,0,0,0,0,0,0,0,0,0,0,0,0,0,0,0,0,0,0,0
l7,12=75,85,63,7,70,83,86,0,65,80,83,5,28,68,0,0,0,0,0,0,0,0,0,0,0,0,0,0,0,0,0,0,0,0,0,0,0,0,0,0
l8,12=8,0,10,20,16,35,21,33,0,80,76,25,27,70,0,47,24,9,0,18,0,5,0,8,23,0,0,0,0,0,0,0,0,0,0,0,0,0,0,0
l9,12=26,16,7,16,14,83,16,85,72,0,83,30,29,70,1,31,1,0,0,0,29,9,0,0,0,0,0,0,0,0,0,0,0,0,0,0,0,0,0,0
l10,12=2,63,7,65,41,39,73,85,67,83,0,42,7,67,0,63,0,0,0,0,0,0,0,0,0,0,0,0,0,0,0,0,0,0,0,0,0,0,0,0
l11,12=0,23,0,0,0,0,18,5,17,19,25,0,40,63,34,75,31,34,0,0,22,10,11,10,14,16,0,0,0,0,0,0,0,6,0,21,33,0,7,0
l12,12=0,0,0,0,0,0,0,4,14,15,1,48,0,42,79,60,38,62,0,0,39,12,11,13,77,91,0,0,0,0,0,0,0,5,0,0,0,0,11,0
l13,12=0,0,0,0,0,26,16,30,68,79,38,71,31,0,43,75,26,25,0,0,30,8,0,24,26,14,0,0,0,0,0,0,0,0,0,0,27,0,0,0
l14,12=0,0,0,0,17,0,0,0,0,9,0,32,73,49,0,35,43,16,0,0,14,7,0,19,66,18,0,0,0,0,0,0,0,18,25,2,10,0,6,0
l15,12=0,0,0,0,0,0,18,0,17,17,28,77,54,75,38,0,36,50,0,17,34,9,0,11,17,17,0,0,0,0,0,0,0,0,0,0,37,0,7,0
l16,12=0,0,0,0,0,0,0,0,9,4,4,30,36,34,48,31,0,37,15,24,38,13,8,0,30,19,0,0,0,0,0,0,0,0,0,29,48,11,11,8
l17,12=0,0,0,0,0,0,0,0,1,8,0,74,76,43,40,53,42,0,0,22,41,13,8,0,15,15,0,0,0,0,0,0,0,0,0,26,44,0,6,1
l18,12=0,0,0,0,0,0,0,0,0,0,0,0,0,0,0,0,46,0,0,38,58,40,0,0,0,0,0,0,0,0,0,0,0,0,0,0,0,0,0,0
l19,12=0,0,0,0,0,0,0,0,9,0,0,0,0,0,0,22,38,17,14,0,81,67,72,0,0,0,9,0,12,9,0,17,7,0,0,4,32,0,7,54
l20,12=0,0,0,0,0,0,0,0,0,8,0,0,25,27,0,21,34,18,17,79,0,84,84,0,0,0,5,0,0,0,0,11,0,0,0,34,63,12,28,10
l21,12=0,0,0,0,0,0,0,0,13,11,0,24,21,29,25,22,41,21,15,78,87,0,84,0,10,0,4,0,0,0,0,0,0,0,0,27,46,18,57,17
l22,12=0,0,0,0,0,0,0,0,0,0,0,24,18,0,0,14,20,10,0,72,86,77,0,0,0,0,6,0,0,0,0,0,0,0,0,40,59,10,46,48
l23,12=0,0,0,0,20,0,0,0,0,0,0,21,40,51,77,24,0,0,0,0,0,0,0,0,77,95,0,0,0,0,0,12,5,8,0,0,0,0,0,0
l24,12=0,0,0,0,0,0,0,0,11,0,0,24,76,38,87,33,73,11,0,0,0,9,0,74,0,79,0,0,0,0,0,1,11,2,0,0,40,0,0,0
l25,12=0,0,0,0,0,0,0,0,0,0,0,36,76,31,39,33,40,4,0,0,0,0,0,95,78,0,0,0,0,0,0,21,18,23,68,0,0,0,0,0
l26,12=0,0,0,0,0,0,0,0,0,0,0,0,0,0,0,0,0,0,0,28,22,9,27,0,0,0,0,69,82,71,86,76,51,34,65,0,0,0,0,0
l27,12=0,0,0,0,0,0,0,0,0,0,0,0,0,0,0,0,0,0,0,0,0,0,0,0,0,0,63,0,75,91,90,66,0,32,32,0,0,0,0,0
l28,12=0,0,0,0,0,0,0,0,0,0,0,0,0,0,0,0,0,0,0,30,24,0,0,0,0,0,73,93,0,91,90,54,26,34,61,0,0,0,0,0
l29,12=0,0,0,0,0,0,0,0,0,0,0,0,0,0,0,0,0,0,0,1,0,0,0,0,0,0,66,93,82,0,90,70,50,54,66,0,0,0,0,0
l30,12=0,0,0,0,0,0,0,0,0,0,0,0,0,0,0,0,0,0,0,0,0,0,0,0,0,0,69,93,81,91,0,67,55,59,62,0,0,0,0,0
l31,12=0,0,0,0,0,0,0,0,0,0,0,0,0,0,0,0,0,0,0,50,48,0,0,17,0,46,73,74,75,85,86,0,76,100,100,0,0,0,0,0
l32,12=0,0,0,0,0,0,0,0,0,0,0,0,0,0,0,0,1,0,0,25,0,0,0,16,47,54,70,0,66,74,76,85,0,100,100,0,0,0,0,0
l33,12=0,0,0,0,0,0,0,0,0,0,0,5,29,0,38,0,0,0,0,0,0,0,0,23,12,54,58,24,59,64,63,94,78,0,98,0,0,0,0,0
l34,12=0,0,0,0,0,0,0,0,0,0,0,0,0,0,35,0,0,0,0,0,0,0,0,0,0,75,72,55,72,78,65,99,78,100,0,0,0,0,0,0
l35,12=0,0,0,0,0,0,0,0,0,0,0,4,0,0,1,0,13,0,0,0,30,7,13,0,0,0,0,0,0,0,0,0,0,0,0,0,63,15,16,11
l36,12=0,0,0,0,0,0,0,0,0,0,0,9,0,8,3,21,27,7,0,2,40,10,12,0,7,0,0,0,0,0,0,0,0,0,0,49,0,12,14,11
l37,12=0,0,0,0,0,0,0,0,0,0,0,0,0,0,0,0,19,0,0,0,33,7,0,0,0,0,0,0,0,0,0,0,0,0,0,43,57,0,2,11
l38,12=0,0,0,0,0,0,0,0,0,0,0,22,27,0,15,6,30,10,0,2,39,14,12,0,0,0,0,0,0,0,0,0,0,0,0,39,53,5,0,11
l39,12=0,0,0,0,0,0,0,0,0,0,0,0,0,0,0,0,22,0,0,27,36,11,47,0,0,0,0,0,0,0,0,0,0,0,0,32,56,40,32,0

l0,13=0,88,93,86,83,88,88,88,64,84,86,0,0,0,0,0,0,0,0,0,0,0,0,0,0,0,0,0,0,0,0,0,0,0,0,0,0,0,0,0
l1,13=86,0,87,84,74,86,84,84,38,79,54,0,0,0,0,0,0,0,0,0,0,0,0,0,0,0,0,0,0,0,0,0,0,0,0,0,0,0,0,0
l2,13=92,88,0,80,74,88,88,45,0,87,82,0,0,5,0,0,0,0,0,0,0,0,0,0,0,0,0,0,0,0,0,0,0,0,0,0,0,0,0,0
l3,13=96,94,91,0,84,88,20,57,4,55,85,0,0,0,0,0,0,0,0,0,0,0,0,0,0,0,0,0,0,0,0,0,0,0,0,0,0,0,0,0
l4,13=88,84,84,82,0,86,84,84,0,60,86,0,0,0,1,0,0,0,0,0,0,0,0,0,0,0,0,0,0,0,0,0,0,0,0,0,0,0,0,0
l5,13=87,84,87,77,74,0,85,84,84,87,86,0,0,54,0,0,11,0,0,0,0,0,0,0,0,0,0,0,0,0,0,0,0,0,0,0,0,0,0,0
l6,13=85,84,86,22,80,86,0,1,80,87,0,79,0,47,0,72,0,0,0,0,0,0,0,0,0,0,0,0,0,0,0,0,0,0,0,0,0,0,0,0
l7,13=48,85,34,35,71,81,2,0,84,89,90,0,24,32,0,0,0,0,0,0,0,0,0,0,0,0,0,0,0,0,0,0,0,0,0,0,0,0,0,0
l8,13=25,17,0,10,0,49,61,78,0,91,85,24,5,77,9,14,32,13,0,38,0,21,0,0,59,0,0,0,0,0,0,0,0,0,0,0,0,0,0,0
l9,13=31,35,40,12,10,86,81,84,84,0,89,66,37,76,13,75,41,14,0,0,37,26,0,0,0,0,0,0,0,0,0,0,0,0,0,0,0,0,0,0
l10,13=40,21,43,29,39,86,0,86,84,93,0,67,0,76,0,28,1,0,0,0,0,0,0,0,0,0,0,0,0,0,0,0,0,0,0,0,0,0,0,0
l11,13=0,0,0,0,0,0,50,0,25,36,36,0,63,84,15,84,39,45,0,0,38,23,18,14,39,27,0,0,0,0,0,0,0,0,0,6,11,0,6,0
l12,13=0,0,0,0,0,0,0,0,0,31,0,74,0,5,90,55,45,93,0,0,45,18,16,19,98,99,0,0,0,0,0,0,0,3,0,5,1,0,2,0
l13,13=0,0,3,0,0,38,43,20,45,91,57,85,34,0,61,82,37,31,0,2,42,25,0,17,46,30,0,0,0,0,0,0,0,0,0,0,3,0,7,0
l14,13=0,0,0,0,0,0,0,0,26,31,0,22,90,22,0,14,52,29,0,0,0,0,0,41,100,39,0,0,0,0,0,0,6,4,22,0,0,0,0,0
l15,13=0,0,0,0,0,0,45,0,31,41,37,87,86,57,14,0,54,77,0,39,40,20,0,16,55,30,0,0,0,0,0,0,0,0,0,0,13,0,6,0
l16,13=0,0,0,0,0,20,0,0,22,29,5,17,43,8,21,15,0,28,29,41,41,22,17,10,48,25,0,0,0,0,0,0,0,0,0,33,11,1,7,22
l17,13=0,0,0,0,0,0,0,0,27,30,0,84,90,16,15,32,52,0,0,44,52,28,18,16,55,0,0,0,0,0,0,0,0,2,0,11,12,0,7,0
l18,13=0,0,0,0,0,0,0,0,0,0,0,0,0,0,0,0,73,0,0,88,75,0,28,0,0,0,0,0,0,0,0,0,0,0,0,0,0,0,0,0
l19,13=0,0,0,0,0,0,0,0,17,0,0,0,0,0,0,12,46,15,32,0,79,86,83,0,0,0,9,0,1,5,0,5,0,0,0,0,9,28,19,51
l20,13=0,0,0,0,0,0,0,0,0,24,0,16,44,7,0,14,40,30,31,91,0,92,89,0,0,0,2,0,0,0,0,4,0,0,0,48,35,27,57,38
l21,13=0,0,0,0,0,0,0,0,18,31,0,29,33,9,0,12,40,34,0,91,83,0,89,0,40,0,5,0,0,0,0,0,0,0,0,36,13,0,71,47
l22,13=0,0,0,0,0,0,0,0,0,0,0,11,27,0,0,0,39,11,0,84,83,92,0,0,0,0,11,0,0,0,0,0,0,0,16,58,45,7,44,73
l23,13=0,0,0,0,0,0,0,0,0,0,0,35,63,21,57,17,37,28,0,0,0,0,0,0,0,100,0,0,0,0,0,0,0,0,0,0,0,0,0,0
l24,13=0,0,0,0,0,0,0,0,31,0,0,19,90,13,92,25,57,38,0,0,0,19,0,0,0,100,0,0,0,0,0,0,9,5,0,0,14,0,0,0
l25,13=0,0,0,0,0,0,0,0,0,0,0,52,90,19,50,22,41,0,0,0,0,0,0,100,98,0,0,0,0,0,0,21,24,59,87,0,0,0,0,0
l26,13=0,0,0,0,0,0,0,0,0,0,0,0,0,0,0,0,0,0,0,55,51,36,59,0,0,0,0,79,96,79,98,99,76,72,3,0,0,0,0,0
l27,13=0,0,0,0,0,0,0,0,0,0,0,0,0,0,0,0,0,0,0,0,0,0,0,0,0,0,85,0,94,96,99,82,74,72,52,0,0,0,0,0
l28,13=0,0,0,0,0,0,0,0,0,0,0,0,0,0,0,0,0,0,0,51,33,0,0,0,0,0,94,95,0,96,99,95,69,78,83,0,0,0,0,0
l29,13=0,0,0,0,0,0,0,0,0,0,0,0,0,0,0,0,0,0,0,27,0,0,0,0,0,0,77,95,96,0,99,83,87,79,82,0,0,0,0,0
l30,13=0,0,0,0,0,0,0,0,0,0,0,0,0,0,0,0,0,0,0,0,0,0,0,0,0,0,94,95,96,96,0,88,79,78,4,0,0,0,0,0
l31,13=0,0,0,0,0,0,0,0,0,0,0,0,0,0,0,0,0,0,0,60,58,0,0,0,0,59,94,89,95,95,98,0,100,100,100,0,0,0,0,0
l32,13=0,0,0,0,0,0,0,0,0,0,0,0,7,0,49,0,0,0,0,0,6,0,0,15,79,82,88,66,74,90,85,100,0,100,100,0,0,0,0,0
l33,13=0,0,0,0,0,0,0,0,0,0,0,0,74,0,77,0,0,57,0,0,0,1,0,0,83,97,90,69,94,80,93,97,100,0,100,0,0,0,0,0
l34,13=0,0,0,0,0,0,0,0,0,0,0,0,0,0,66,0,3,0,0,0,37,0,29,32,0,96,7,9,94,93,37,99,100,100,0,0,0,0,0,0
l35,13=0,0,0,0,0,0,0,0,0,0,0,0,3,0,0,0,32,0,0,0,44,20,17,0,0,0,0,0,0,0,0,0,0,0,0,0,53,27,24,42
l36,13=0,0,0,0,0,0,0,0,0,0,0,16,1,0,0,13,36,11,0,9,43,14,20,0,37,0,0,0,0,0,0,0,0,0,0,74,0,12,10,33
l37,13=0,0,0,0,0,0,0,0,0,0,0,0,0,0,0,0,16,0,0,35,42,0,10,0,0,0,0,0,0,0,0,0,0,0,0,63,23,0,7,36
l38,13=0,0,0,0,0,0,0,0,0,0,0,3,23,9,0,12,38,14,0,37,47,28,18,0,0,0,0,0,0,0,0,0,0,0,0,45,15,12,0,35
l39,13=0,0,0,0,0,0,0,0,0,0,0,0,0,0,0,0,35,0,0,40,38,24,76,0,0,0,0,0,0,0,0,0,0,0,0,60,25,13,12,0

l0,14=0,94,97,77,63,71,50,98,62,98,97,0,0,0,0,0,0,0,0,0,0,0,0,0,0,0,0,0,0,0,0,0,0,0,0,0,0,0,0,0
l1,14=100,0,97,77,63,71,51,97,7,99,91,0,0,22,0,0,0,0,0,0,0,0,0,0,0,0,0,0,0,0,0,0,0,0,0,0,0,0,0,0
l2,14=98,94,0,77,63,71,51,98,50,99,98,0,0,55,0,0,0,0,0,0,0,0,0,0,0,0,0,0,0,0,0,0,0,0,0,0,0,0,0,0
l3,14=100,94,97,0,63,71,38,98,0,99,1,0,0,0,0,0,0,0,0,0,0,0,0,0,0,0,0,0,0,0,0,0,0,0,0,0,0,0,0,0
l4,14=100,93,97,77,0,71,51,0,31,43,98,0,0,0,0,0,0,0,0,0,0,0,0,0,0,0,0,0,0,0,0,0,0,0,0,0,0,0,0,0
l5,14=100,94,97,77,63,0,51,98,61,99,98,0,0,53,0,43,0,0,0,0,0,0,0,0,0,0,0,0,0,0,0,0,0,0,0,0,0,0,0,0
l6,14=86,88,97,62,63,71,0,95,57,97,90,94,0,63,0,46,0,0,0,0,0,0,25,0,0,0,0,0,0,0,0,0,0,0,0,0,0,0,0,0
l7,14=100,91,97,76,48,71,51,0,65,99,98,0,0,65,0,0,91,0,0,0,0,0,0,0,0,0,0,0,0,0,0,0,0,0,0,0,0,0,0,0
l8,14=28,18,8,0,38,20,12,56,0,100,100,40,36,30,50,18,38,0,0,1,20,39,29,0,38,0,0,0,0,0,0,0,0,0,0,0,0,0,0,0
l9,14=29,22,35,37,38,39,13,98,96,0,100,45,0,73,43,55,41,24,0,0,36,40,0,39,0,0,0,0,0,0,0,0,0,0,0,0,12,0,0,0
l10,14=77,29,41,30,63,70,46,100,66,100,0,35,23,71,14,32,0,0,0,0,11,2,0,0,0,0,0,0,0,0,0,0,0,0,0,0,0,0,0,0
l11,14=0,0,0,0,0,0,60,0,30,64,79,0,96,96,94,100,97,97,0,0,83,91,95,96,22,73,0,0,0,0,0,0,0,0,0,5,52,0,70,0
l12,14=0,0,0,0,0,0,0,0,1,0,0,95,0,95,99,98,97,99,0,0,83,0,27,98,97,99,0,0,0,0,0,0,0,37,0,0,0,0,0,0
l13,14=0,0,17,0,29,19,20,40,25,100,99,99,98,0,54,100,43,76,0,8,0,40,0,45,39,34,0,0,0,0,0,0,0,0,0,0,0,0,23,0
l14,14=0,0,0,0,0,0,0,0,56,64,1,94,99,95,0,98,98,92,0,0,0,0,1,99,100,98,0,0,0,0,0,0,2,86,0,0,0,0,63,0
l15,14=0,0,0,0,0,15,28,0,46,64,74,99,97,97,76,0,98,93,0,2,72,74,0,88,95,93,0,0,0,0,0,0,0,0,0,0,0,0,44,0
l16,14=0,0,0,0,0,0,0,21,8,21,0,93,93,46,96,98,0,89,1,10,72,76,96,41,97,0,0,0,0,0,0,0,0,10,6,61,58,6,33,31
l17,14=0,0,0,0,0,0,0,0,0,41,0,94,100,95,95,99,97,0,0,55,83,98,70,98,97,54,0,0,0,0,0,0,0,3,0,0,20,0,70,0
l18,14=0,0,0,0,0,0,0,0,0,0,0,0,0,0,0,0,77,0,0,82,90,7,89,0,0,0,0,0,0,0,0,0,0,0,0,0,0,0,0,0
l19,14=0,0,0,0,0,0,0,0,0,0,0,0,78,2,0,83,78,79,27,0,97,98,96,0,0,0,17,0,1,45,0,0,0,0,0,58,79,66,49,82
l20,14=0,0,0,0,0,0,0,0,0,56,0,55,85,0,0,86,87,87,23,98,0,99,97,0,0,0,0,0,0,0,0,0,0,0,26,73,59,47,95,89
l21,14=0,0,0,0,0,0,0,0,46,60,20,42,0,54,11,76,85,60,0,95,99,0,97,0,80,0,0,0,0,0,0,0,0,0,0,44,86,0,57,89
l22,14=0,0,0,0,0,0,19,0,24,0,0,83,81,0,17,0,95,75,28,97,97,99,0,0,0,0,80,0,0,3,0,0,0,0,0,68,92,0,88,91
l23,14=0,0,0,0,0,0,0,0,0,30,0,42,95,31,100,56,44,46,0,0,0,0,0,0,42,100,0,0,0,0,0,0,16,42,52,0,0,0,0,0
l24,14=0,0,0,0,0,0,0,0,27,0,0,0,99,66,100,99,99,99,0,0,0,46,0,95,0,100,0,0,0,0,0,0,0,33,0,0,25,0,0,0
l25,14=0,0,0,1,0,0,0,0,0,0,0,40,100,42,96,77,0,44,0,0,0,0,0,99,100,0,0,0,1,0,0,0,29,90,99,0,0,0,0,0
l26,14=0,0,0,0,0,0,0,0,0,0,0,0,0,0,0,0,0,0,0,16,61,0,92,0,0,0,0,91,100,90,99,99,96,87,89,0,0,0,0,0
l27,14=0,0,0,0,0,0,0,0,0,0,0,0,0,0,0,0,0,0,0,0,0,0,0,0,0,0,92,0,97,100,100,94,91,76,0,0,0,0,0,0
l28,14=0,0,0,0,0,0,0,0,0,0,0,0,0,0,0,0,0,0,0,49,0,0,0,0,0,36,100,100,0,100,100,97,88,87,91,0,0,0,0,0
l29,14=0,0,0,0,0,0,0,0,0,0,0,0,0,0,0,0,0,0,0,66,0,0,29,0,0,0,91,100,100,0,100,93,92,0,89,0,0,0,0,0
l30,14=0,0,0,0,0,0,0,0,0,0,0,0,0,0,0,0,0,0,0,0,0,0,0,0,0,0,100,100,100,100,0,92,88,87,0,0,0,0,0,0
l31,14=0,0,0,0,0,0,0,0,0,0,0,0,0,0,0,0,0,0,0,0,0,0,0,0,0,0,100,90,98,93,93,0,99,100,99,0,0,0,0,0
l32,14=0,0,0,0,0,0,0,0,0,0,0,0,0,0,86,0,0,0,0,0,0,0,0,94,0,96,100,96,93,97,94,100,0,100,100,0,0,0,0,0
l33,14=0,0,0,0,0,0,0,0,0,0,0,0,93,0,98,0,90,46,0,0,0,0,0,99,89,99,100,89,99,0,100,100,100,0,100,0,0,0,0,0
l34,14=0,0,0,0,0,0,0,0,0,0,0,0,0,0,0,0,98,0,0,0,96,0,29,96,48,98,99,1,98,97,0,100,100,100,0,0,0,0,0,0
l35,14=0,0,0,0,0,0,0,0,0,0,0,0,38,0,0,0,66,0,0,10,69,56,27,0,0,0,0,0,0,0,0,0,0,0,0,0,94,77,64,82
l36,14=0,0,0,0,0,0,0,0,0,11,0,23,0,0,0,0,74,1,0,22,70,81,80,0,26,0,0,0,0,0,0,0,0,0,0,78,0,46,95,80
l37,14=0,0,0,0,0,0,0,0,0,0,0,0,0,0,0,0,50,0,0,15,30,0,0,0,0,0,0,0,0,0,0,0,0,0,0,69,45,0,44,80
l38,14=0,0,0,0,0,0,0,0,0,0,0,44,0,51,42,72,64,46,0,6,83,55,89,0,0,0,0,0,0,0,0,0,0,0,0,75,60,45,0,88
l39,14=0,0,0,0,0,0,0,0,0,0,0,0,0,0,0,0,68,0,0,43,71,85,90,0,0,0,0,0,0,0,0,0,0,0,0,70,49,47,58,0

l0,15=0,100,98,100,100,97,94,94,85,90,94,0,0,0,0,0,0,0,0,0,0,0,0,0,0,0,0,0,0,0,0,0,0,0,0,0,0,0,0,0
l1,15=96,0,97,98,99,96,94,93,89,0,96,0,0,4,29,0,0,0,0,0,0,0,0,0,3,0,0,0,0,0,0,0,0,0,0,0,0,0,0,0
l2,15=96,100,0,98,98,100,94,95,97,90,0,95,0,66,0,0,0,0,0,0,0,0,0,0,0,0,0,0,0,0,0,0,0,0,0,0,0,0,0,0
l3,15=97,100,54,0,98,95,93,52,0,0,10,0,0,0,0,0,0,0,0,0,0,0,0,0,0,0,0,0,0,0,0,0,0,0,0,0,0,0,0,0
l4,15=97,100,98,99,0,98,85,0,83,84,96,0,0,0,0,0,0,0,0,0,0,0,0,0,0,0,0,0,0,0,0,0,0,0,0,0,0,0,0,0
l5,15=94,98,97,98,98,0,65,95,90,90,96,0,0,71,0,50,0,0,0,0,0,0,0,0,0,0,0,0,0,0,0,0,0,0,0,0,0,0,0,0
l6,15=94,98,97,96,82,94,0,95,90,87,96,97,60,70,0,51,0,0,0,0,0,0,48,0,0,0,0,0,0,0,0,0,0,0,0,0,0,0,0,0
l7,15=94,98,97,98,78,96,94,0,97,90,97,0,0,63,0,0,49,0,0,0,0,0,0,0,0,0,0,0,0,0,0,0,0,0,0,0,0,0,0,0
l8,15=52,62,87,0,77,42,48,96,0,100,99,97,91,59,33,99,32,0,0,26,0,73,72,0,60,0,0,0,0,0,0,0,0,0,0,0,0,0,0,0
l9,15=57,0,97,0,78,85,58,95,100,0,100,91,1,100,34,53,8,0,0,0,68,78,27,25,0,0,0,0,0,0,0,0,0,0,0,0,0,0,0,0
l10,15=57,98,9,9,98,96,94,96,97,100,0,8,90,98,24,0,9,0,0,0,0,0,0,0,0,0,0,0,0,0,0,0,0,0,0,0,0,0,0,0
l11,15=0,0,6,0,17,1,56,0,94,86,5,0,92,100,0,100,94,95,0,10,93,92,82,53,59,81,0,0,0,0,0,0,0,0,0,0,50,0,75,0
l12,15=0,0,0,0,0,0,0,0,94,0,84,100,0,61,100,95,97,100,0,0,93,0,64,60,99,100,0,0,0,0,0,0,0,0,0,0,4,0,72,0
l13,15=0,31,90,0,0,56,53,33,94,100,95,100,98,0,13,98,92,95,0,2,40,0,49,31,54,79,0,0,0,0,0,0,0,0,0,0,0,0,63,0
l14,15=0,0,0,0,0,0,0,0,94,86,28,0,99,21,0,95,95,95,0,0,0,51,0,99,99,83,0,0,0,0,0,0,0,70,0,0,21,0,37,0
l15,15=0,0,0,0,0,46,56,0,94,91,0,100,67,59,57,0,97,98,0,0,91,90,0,55,59,80,0,0,0,0,0,0,0,0,0,78,0,0,75,0
l16,15=0,0,0,0,0,0,0,90,82,68,12,96,72,55,60,99,0,91,91,90,94,90,82,38,59,0,0,0,0,0,0,0,0,26,0,86,60,54,72,41
l17,15=0,0,0,0,0,0,0,0,0,85,0,97,75,59,62,99,94,0,0,95,95,93,82,56,59,80,0,0,0,0,0,0,0,88,77,14,58,0,77,0
l18,15=0,0,0,0,0,0,0,0,0,0,0,0,0,0,0,0,87,0,0,67,86,4,75,0,0,0,0,0,0,0,0,0,0,0,0,0,5,0,0,0
l19,15=0,0,0,0,0,0,0,0,34,0,0,9,36,0,0,0,87,68,67,0,98,96,93,0,0,0,58,0,0,60,0,0,0,0,0,64,58,3,42,66
l20,15=0,0,0,0,0,0,0,0,0,86,0,80,72,4,0,84,91,85,81,100,0,99,96,0,0,0,14,0,0,0,0,7,0,0,0,87,60,21,97,86
l21,15=0,0,0,0,0,0,0,0,82,85,0,98,19,1,39,91,92,94,0,100,99,0,96,0,36,0,0,0,0,0,0,0,0,0,57,73,95,50,88,86
l22,15=0,0,0,0,0,0,3,0,69,43,0,67,48,17,0,0,93,75,17,91,99,98,0,0,0,0,52,0,0,46,0,0,0,0,0,68,47,44,51,67
l23,15=0,0,0,0,0,0,0,0,0,77,0,86,92,0,99,97,74,94,0,0,0,0,0,0,95,100,0,0,0,0,0,0,48,97,0,0,0,0,0,0
l24,15=0,0,0,0,0,0,0,0,95,0,0,96,99,58,100,99,95,96,0,0,0,1,0,67,0,93,0,0,0,0,0,0,0,18,0,0,33,0,0,0
l25,15=0,0,0,0,0,0,0,0,0,0,0,77,99,49,89,98,0,64,0,0,0,0,0,88,96,0,68,0,65,19,0,42,50,78,86,0,0,0,0,0
l26,15=0,0,0,0,0,0,0,0,0,0,0,0,0,0,0,0,0,0,0,79,68,0,85,0,0,85,0,88,100,93,78,95,72,36,70,0,0,0,0,0
l27,15=0,0,0,0,0,0,0,0,0,0,0,0,0,0,0,0,0,0,0,0,0,0,0,0,0,0,71,0,100,97,86,82,80,75,72,0,0,0,0,0
l28,15=0,0,0,0,0,0,0,0,0,0,0,0,0,0,0,0,0,0,0,0,0,10,0,0,0,84,85,97,0,97,86,91,72,78,71,0,0,0,0,0
l29,15=0,0,0,0,0,0,0,0,0,0,0,0,0,0,0,0,0,0,0,81,0,0,80,0,0,7,85,97,100,0,86,82,73,75,77,0,0,0,0,0
l30,15=0,0,0,0,0,0,0,0,0,0,0,0,0,0,0,0,0,0,0,0,0,0,0,0,0,0,77,97,99,97,0,81,84,79,0,0,0,0,0,0
l31,15=0,0,0,0,0,0,0,0,0,0,0,0,0,0,0,0,0,0,0,0,5,0,1,0,0,85,83,78,96,93,65,0,82,85,89,0,0,0,0,0
l32,15=0,0,0,0,0,0,0,0,0,0,0,0,33,0,0,0,45,0,0,0,0,0,0,80,40,93,80,92,93,93,67,92,0,85,89,0,0,0,0,0
l33,15=0,0,0,0,0,0,0,0,0,0,0,0,59,0,61,0,15,82,0,0,0,0,2,96,53,93,46,88,95,90,68,93,86,0,99,0,0,0,0,0
l34,15=0,0,0,0,0,0,0,0,0,0,0,0,0,0,0,0,0,38,0,0,4,35,2,0,1,94,76,77,92,92,0,92,99,99,0,0,0,0,0,0
l35,15=0,0,0,0,0,0,0,0,0,0,0,0,0,0,0,56,66,0,0,60,73,53,55,0,0,0,0,0,0,0,0,0,0,0,0,0,97,65,66,93
l36,15=0,0,0,0,0,0,0,0,0,0,0,63,1,0,16,0,83,64,0,68,84,77,72,0,7,0,0,0,0,0,0,0,0,0,0,94,0,55,97,74
l37,15=0,0,0,0,0,0,0,0,0,0,0,0,0,0,0,0,68,0,0,0,0,56,64,0,0,0,0,0,0,0,0,0,0,0,0,91,53,0,59,82
l38,15=0,0,0,0,0,0,0,0,0,0,0,71,40,23,0,84,82,83,0,59,94,86,67,0,0,0,0,0,0,0,0,0,0,0,0,86,97,55,0,84
l39,15=0,0,0,0,0,0,0,0,0,0,0,0,0,0,0,0,60,0,0,68,91,82,70,0,0,0,0,0,0,0,0,0,0,0,0,90,90,92,79,0

