t=2016-04-13_14.37.12

n=40

q0=1
q1=1
q2=1
q3=1
q4=1
q5=1
q6=1
q7=1
q8=1
q9=1
q10=1
q11=1
q12=1
q13=1
q14=1
q15=1
q16=1
q17=1
q18=1
q19=1
q20=1
q21=1
q22=1
q23=1
q24=1
q25=1
q26=1
q27=1
q28=1
q29=1
q30=1
q31=1
q32=1
q33=1
q34=1
q35=1
q36=1
q37=1
q38=1
q39=1

a0=0x141592000c576ce6
a1=0x141592000c5aedbc
a2=0x141592000c5750f4
a3=0x141592000c576658
a4=0x141592000c575890
a5=0x141592000c574ffa
a6=0x141592000c5acf11
a7=0x141592000d9df361
a8=0x141592000c576300
a9=0x141592000c5779b6
a10=0x141592000c5762b9
a11=0x141592000c5af078
a12=0x141592000c575517
a13=0x141592000c5752c3
a14=0x141592000c5a4baa
a15=0x141592000c5776e7
a16=0x141592000c58cdeb
a17=0x141592000c5881fc
a18=0x141592000bd81d33
a19=0x141592000bd84d6a
a20=0x141592000c577233
a21=0x141592000c574527
a22=0x141592000c5746a3
a23=0x141592000c574da3
a24=0x141592000c5741c9
a25=0x141592000da244ea
a26=0x141592000c5ae886
a27=0x141592000c57510e
a28=0x141592000c5ab6c8
a29=0x141592000c574d05
a30=0x141592000edae61f
a31=0x141592000c57667e
a32=0x141592000c577f43
a33=0x141592000c576449
a34=0x1415920010f4117a
a35=0x141592000c575966
a36=0x141592000c574d35
a37=0x141592000c576fb1
a38=0x141592000c5aea5d
a39=0x141592000c59f23f

l0,0=0,92,92,93,91,86,88,71,0,88,85,0,0,0,0,0,0,0,0,0,0,0,0,0,0,0,0,0,0,0,0,0,0,0,0,0,0,0,0,0
l1,0=86,0,93,91,91,88,0,91,87,60,85,0,0,75,0,0,0,0,0,0,0,0,0,0,0,0,0,0,0,0,0,0,0,0,0,0,0,0,0,0
l2,0=81,94,0,89,87,89,95,91,57,86,87,0,0,81,0,0,0,0,0,0,0,0,0,0,0,0,0,0,0,0,0,0,0,0,0,0,0,0,0,0
l3,0=95,91,92,0,91,86,88,87,83,0,79,0,0,0,0,0,0,0,0,0,0,0,0,0,0,0,0,0,0,0,0,0,0,0,0,0,0,0,0,0
l4,0=88,91,93,93,0,86,84,81,63,51,74,0,0,54,0,0,0,0,0,0,0,0,0,0,0,0,0,0,0,0,0,0,0,0,0,0,0,0,0,0
l5,0=84,92,93,84,88,0,89,86,83,87,80,54,0,63,0,0,0,0,0,0,0,0,0,0,0,0,0,0,0,0,0,0,0,0,0,0,0,0,0,0
l6,0=79,0,95,86,80,80,0,88,82,72,73,59,0,72,0,60,65,0,0,0,0,0,0,0,0,0,0,0,0,0,0,0,0,0,0,0,0,0,0,0
l7,0=45,82,81,81,83,78,88,0,77,78,80,72,0,69,0,62,0,0,0,0,0,0,0,0,0,0,0,0,0,0,0,0,0,0,0,0,0,0,0,0
l8,0=0,43,0,73,63,72,83,81,0,91,43,82,76,90,78,84,85,65,0,0,0,66,0,43,79,0,0,0,0,0,0,0,0,0,0,0,0,0,30,0
l9,0=62,14,80,2,70,82,78,87,91,0,85,77,59,88,12,68,77,74,0,0,0,0,10,0,0,0,0,0,0,0,0,0,0,0,0,0,0,0,0,0
l10,0=77,84,86,80,80,78,82,90,75,92,0,80,73,87,0,79,0,0,0,0,0,0,0,0,0,0,0,0,0,0,0,0,0,0,0,0,0,0,0,0
l11,0=0,0,0,0,0,50,65,74,41,26,28,0,93,88,90,93,87,86,0,34,0,40,0,0,86,21,0,0,0,0,0,0,0,0,0,0,80,1,39,0
l12,0=0,0,0,0,0,0,0,0,41,22,15,85,0,85,86,91,86,98,0,0,41,41,0,84,93,78,0,0,0,0,0,0,0,30,0,0,75,0,47,0
l13,0=0,18,49,0,12,0,74,45,91,75,82,88,92,0,92,84,77,83,0,39,0,70,60,81,81,72,0,0,0,0,0,0,0,0,0,0,0,0,43,0
l14,0=0,0,0,0,0,0,0,0,39,1,0,84,92,86,0,85,91,83,0,0,41,0,28,54,90,82,0,0,0,0,0,0,0,30,0,0,62,0,38,0
l15,0=0,0,0,0,0,0,65,58,41,26,28,95,95,85,87,0,83,84,0,0,34,0,22,0,91,0,0,0,0,0,0,0,0,0,0,0,79,0,41,0
l16,0=0,0,0,0,0,0,62,0,41,22,0,83,86,50,85,81,0,87,0,44,40,47,41,20,88,0,0,0,0,0,0,0,0,26,0,45,73,2,43,55
l17,0=0,0,0,0,0,0,0,0,37,27,0,90,95,83,90,88,95,0,0,0,43,47,21,0,89,76,0,0,0,0,0,0,0,33,0,0,84,22,30,0
l18,0=0,0,0,0,0,0,0,0,0,0,0,0,0,0,0,0,0,0,0,0,73,0,67,0,0,0,0,0,0,0,0,0,0,0,0,0,0,0,0,0
l19,0=0,0,0,0,0,0,0,0,0,0,0,1,0,52,0,0,71,0,0,0,78,53,86,0,0,0,40,0,0,1,0,0,0,0,0,0,79,0,27,87
l20,0=0,0,0,0,0,0,0,0,0,0,0,0,73,9,61,36,77,69,48,91,0,87,85,0,0,0,0,0,0,0,0,0,0,0,26,44,87,36,90,84
l21,0=0,0,0,0,0,0,0,0,59,0,0,47,60,58,0,0,85,60,27,66,96,0,85,0,0,0,40,0,0,0,0,13,0,0,0,60,63,23,81,72
l22,0=0,0,0,0,0,0,0,0,19,10,0,0,9,55,29,54,69,46,45,91,96,87,0,0,0,0,33,0,0,0,0,0,11,0,0,57,96,28,44,71
l23,0=0,0,0,0,0,0,0,0,40,0,0,0,86,77,85,0,77,0,0,0,0,0,0,0,90,65,0,0,0,0,0,0,6,25,65,0,0,0,0,0
l24,0=0,0,0,0,0,0,0,0,38,0,0,80,94,81,87,85,87,81,0,0,0,0,0,85,0,77,0,0,0,0,0,0,26,32,61,0,0,0,5,0
l25,0=0,0,0,0,0,0,0,0,16,0,0,11,82,72,87,0,0,70,0,0,0,0,0,36,81,0,47,0,0,0,0,54,27,29,76,0,0,0,0,0
l26,0=0,0,0,0,0,0,0,0,0,0,0,0,0,0,0,0,0,0,0,67,0,50,59,0,0,66,0,69,97,93,91,93,72,70,70,0,0,0,0,0
l27,0=0,0,0,0,0,0,0,0,0,0,0,0,0,0,0,0,0,0,0,0,0,0,0,0,0,1,76,0,97,99,97,77,73,68,74,0,0,0,0,0
l28,0=0,0,0,0,0,0,0,0,0,0,0,0,0,0,0,0,0,0,0,4,0,0,0,0,0,0,87,99,0,99,97,88,76,61,77,0,0,0,0,0
l29,0=0,0,0,0,0,0,0,0,0,0,0,0,0,0,0,0,0,0,0,56,0,0,0,0,0,0,83,100,97,0,97,68,65,59,64,0,0,0,0,0
l30,0=0,0,0,0,0,0,0,0,0,0,0,0,0,0,0,0,0,0,0,0,0,0,0,0,0,0,74,100,97,99,0,71,73,67,0,0,0,0,0,0
l31,0=0,0,0,0,0,0,0,0,0,0,0,0,0,0,1,0,0,0,0,41,0,7,0,2,0,62,79,63,85,78,59,0,86,78,94,0,0,0,0,0
l32,0=0,0,0,0,0,0,0,0,0,0,0,0,0,0,0,0,0,0,0,0,0,0,12,18,54,63,70,53,71,66,67,89,0,83,96,0,0,0,0,0
l33,0=0,0,0,0,0,0,0,0,0,0,0,0,64,0,65,0,62,65,0,0,0,0,0,49,68,63,62,37,72,62,65,85,84,0,79,0,0,0,0,0
l34,0=0,0,0,0,0,0,0,0,0,0,0,0,0,0,1,0,0,0,0,0,47,0,0,68,62,73,70,64,70,68,0,91,93,70,0,0,0,0,0,0
l35,0=0,0,0,0,0,0,0,0,0,0,0,0,0,0,0,0,44,0,0,0,19,38,30,0,0,0,0,0,0,0,0,0,0,0,0,0,78,36,60,53
l36,0=0,0,0,0,0,0,0,0,0,0,0,55,37,0,21,52,53,56,0,42,52,35,48,0,0,0,0,0,0,0,0,0,0,0,0,72,0,37,48,60
l37,0=0,0,0,0,0,0,0,0,0,0,0,0,0,0,0,0,0,32,0,0,41,6,31,0,0,0,0,0,0,0,0,0,0,0,0,82,96,0,0,60
l38,0=0,0,0,0,0,0,0,0,24,0,0,52,84,49,36,73,89,32,0,31,55,48,44,0,0,0,0,0,0,0,0,0,0,0,0,82,97,0,0,60
l39,0=0,0,0,0,0,0,0,0,0,0,0,0,0,0,0,0,53,0,0,48,53,39,48,0,0,0,0,0,0,0,0,0,0,0,0,75,96,37,53,0

l0,1=0,73,66,82,89,87,78,0,54,74,73,0,0,0,0,0,0,0,0,0,0,0,0,0,0,0,0,0,0,0,0,0,0,0,0,0,0,0,0,0
l1,1=76,0,90,79,86,90,77,68,73,75,80,0,0,78,0,0,0,0,0,0,0,0,0,0,0,0,0,0,0,0,0,0,0,0,0,0,0,0,0,0
l2,1=61,97,0,81,84,92,87,72,0,86,94,0,0,1,0,19,0,0,0,0,0,0,0,0,0,0,0,0,0,0,0,0,0,0,0,0,0,0,0,0
l3,1=92,88,85,0,83,86,61,57,0,0,71,0,0,0,0,0,0,0,0,0,0,0,0,0,0,0,0,0,0,0,0,0,0,0,0,0,0,0,0,0
l4,1=87,88,83,69,0,86,0,61,66,67,69,0,0,2,0,0,0,0,0,0,0,0,0,0,0,0,0,0,0,0,0,0,0,0,0,0,0,0,0,0
l5,1=78,92,90,73,85,0,78,74,73,80,78,0,0,36,0,0,0,0,0,0,0,0,0,0,0,0,0,0,0,0,0,0,0,0,0,0,0,0,0,0
l6,1=67,69,83,32,0,75,0,75,71,53,80,51,28,58,0,0,18,0,0,0,0,0,0,0,0,0,0,0,0,0,0,0,0,0,0,0,0,0,0,0
l7,1=0,49,79,40,67,83,81,0,80,79,89,48,26,24,0,0,0,0,0,0,0,0,0,0,0,0,0,0,0,0,0,0,0,0,0,0,0,0,0,0
l8,1=20,52,0,0,63,62,75,72,0,86,75,70,0,87,64,64,57,49,0,0,0,57,48,43,0,0,0,0,0,0,0,0,0,0,0,0,0,0,0,0
l9,1=57,42,82,0,63,82,49,86,90,0,90,66,55,90,28,64,31,52,0,0,0,34,28,0,0,0,0,0,0,0,0,0,0,0,0,0,0,0,0,0
l10,1=63,81,82,58,64,83,78,88,79,91,0,68,0,83,5,58,11,0,0,0,0,18,0,0,0,0,0,0,0,0,0,0,0,0,0,0,0,0,0,0
l11,1=0,0,0,0,0,0,40,29,48,58,58,0,83,87,49,72,39,70,0,39,0,33,0,0,39,0,0,0,0,0,0,0,0,0,0,45,57,0,39,0
l12,1=0,0,0,0,0,0,0,0,1,56,0,74,0,84,82,65,40,73,0,0,57,57,52,80,84,43,0,0,0,0,0,0,0,0,0,0,0,0,40,0
l13,1=0,19,0,0,0,0,36,0,80,81,76,78,75,0,47,36,39,66,0,30,36,58,47,64,30,29,0,0,0,0,0,0,0,0,0,0,0,0,35,0
l14,1=0,0,0,0,0,0,0,0,58,53,0,71,83,76,0,39,61,65,0,0,58,56,36,80,61,51,0,0,0,0,0,0,0,0,0,0,0,0,0,0
l15,1=0,0,5,0,0,0,0,0,53,58,57,80,85,65,36,0,34,67,0,0,36,0,52,44,62,4,0,0,0,0,0,0,0,0,0,0,52,0,9,0
l16,1=0,0,0,0,0,0,18,0,34,52,0,59,59,64,45,6,0,65,0,0,58,60,58,1,38,22,0,0,0,0,0,0,11,0,0,54,57,2,17,6
l17,1=0,0,0,0,0,0,0,0,28,56,0,76,89,65,36,40,41,0,0,0,58,31,51,48,38,21,0,0,0,0,0,0,0,9,0,0,55,1,0,0
l18,1=0,0,0,0,0,0,0,0,0,0,0,0,0,0,0,0,0,0,0,21,62,62,63,0,0,0,0,0,0,0,0,0,0,0,0,0,0,0,0,0
l19,1=0,0,0,0,0,0,0,0,0,0,0,16,0,45,0,0,0,0,37,0,66,52,74,0,0,0,33,0,0,0,0,26,0,0,0,5,57,37,51,64
l20,1=0,0,0,0,0,0,0,0,0,0,0,0,52,46,32,22,39,57,60,73,0,76,72,0,0,0,0,0,0,0,0,0,0,0,0,37,67,58,69,75
l21,1=0,0,0,0,0,0,0,0,47,46,30,41,47,57,25,0,57,39,51,49,73,0,72,0,0,0,22,0,0,0,0,11,0,0,0,57,53,40,61,65
l22,1=0,0,0,0,0,0,0,0,42,22,0,0,45,54,9,24,41,47,59,73,76,76,0,0,0,0,30,0,0,0,0,0,0,0,0,60,65,43,37,69
l23,1=0,0,0,0,0,0,0,0,30,0,0,0,75,71,76,20,0,56,0,0,0,0,0,0,76,41,0,0,0,0,0,0,1,0,41,0,0,0,0,0
l24,1=0,0,0,0,0,0,0,0,0,0,0,63,79,64,48,43,38,61,0,0,0,0,0,80,0,43,0,0,0,0,0,0,43,42,37,0,0,0,0,0
l25,1=0,0,0,0,0,0,0,0,13,0,0,0,71,68,75,9,35,56,0,0,0,0,0,75,71,0,37,0,20,0,0,60,0,55,41,0,0,0,0,0
l26,1=0,0,0,0,0,0,0,0,0,0,0,0,0,0,0,0,0,0,0,50,0,33,47,0,0,45,0,72,75,74,66,78,79,76,61,0,0,0,0,0
l27,1=0,0,0,0,0,0,0,0,0,0,0,0,0,0,0,0,0,0,0,0,0,0,0,0,0,0,67,0,77,85,83,66,66,66,60,0,0,0,0,0
l28,1=0,0,0,0,0,0,0,0,0,0,0,0,0,0,0,0,0,0,0,33,0,0,0,0,0,37,81,79,0,85,69,78,56,54,60,0,0,0,0,0
l29,1=0,0,0,0,0,0,0,0,0,0,0,0,0,0,0,0,0,0,0,0,0,0,0,0,0,0,75,81,77,0,70,68,69,45,55,0,0,0,0,0
l30,1=0,0,0,0,0,0,0,0,0,0,0,0,0,0,0,0,0,0,0,0,0,0,0,0,0,0,67,86,75,85,0,52,54,65,0,0,0,0,0,0
l31,1=0,0,0,0,0,0,0,0,0,0,0,0,0,0,0,0,0,0,0,45,0,9,5,0,0,47,70,44,60,65,41,0,79,74,73,0,0,0,0,0
l32,1=0,0,0,0,0,0,0,0,0,0,0,0,0,0,0,0,26,0,0,0,0,0,0,23,31,0,62,50,45,49,42,72,0,73,77,0,0,0,0,0
l33,1=0,0,0,0,0,0,0,0,0,0,0,0,0,0,0,0,0,48,0,0,0,0,0,0,38,61,62,43,58,37,53,67,70,0,63,0,0,0,0,0
l34,1=0,0,0,0,0,0,0,0,0,0,0,0,0,0,22,0,34,0,0,0,40,0,0,60,40,53,54,53,52,49,0,76,84,57,0,0,0,0,0,0
l35,1=0,0,0,0,0,0,0,0,0,0,0,28,0,0,0,0,23,0,0,2,16,58,64,0,0,0,0,0,0,0,0,0,0,0,0,0,64,55,68,35
l36,1=0,0,0,0,0,0,0,0,0,0,0,52,8,0,0,10,20,50,0,50,65,48,67,0,0,0,0,0,0,0,0,0,0,0,0,64,0,55,56,44
l37,1=0,0,0,0,0,0,0,0,0,0,0,0,0,0,0,0,0,0,0,31,64,45,47,0,0,0,0,0,0,0,0,0,0,0,0,63,64,0,44,45
l38,1=0,0,0,0,0,0,0,0,0,0,0,54,52,56,0,1,30,0,0,48,69,64,52,0,0,0,0,0,0,0,0,0,0,0,0,63,65,51,0,44
l39,1=0,0,0,0,0,0,0,0,0,0,0,0,0,0,0,0,27,0,0,51,59,54,65,0,0,0,0,0,0,0,0,0,0,0,0,52,58,51,40,0

l0,2=0,73,71,75,67,67,75,55,23,53,61,0,0,0,0,0,0,0,0,0,0,0,0,0,0,0,0,0,0,0,0,0,0,0,0,0,0,0,0,0
l1,2=69,0,81,79,77,73,76,68,34,65,81,0,0,3,0,0,0,0,0,0,0,0,0,0,0,0,0,0,0,0,0,0,0,0,0,0,0,0,0,0
l2,2=70,80,0,83,68,83,84,75,6,72,75,0,0,0,0,21,0,0,0,0,0,0,0,0,0,0,0,0,0,0,0,0,0,0,0,0,0,0,0,0
l3,2=84,87,82,0,74,67,69,50,29,0,56,0,0,0,0,0,0,0,0,0,0,0,0,0,0,0,0,0,0,0,0,0,0,0,0,0,0,0,0,0
l4,2=78,78,75,75,0,70,75,71,1,68,0,0,0,0,0,0,0,0,0,0,0,0,0,0,0,0,0,0,0,0,0,0,0,0,0,0,0,0,0,0
l5,2=69,78,85,67,71,0,72,72,53,62,72,0,0,0,0,0,0,0,0,0,0,0,0,0,0,0,0,0,0,0,0,0,0,0,0,0,0,0,0,0
l6,2=62,67,84,55,53,54,0,56,23,56,73,23,46,29,0,33,0,0,0,0,0,0,0,0,0,0,0,0,0,0,0,0,0,0,0,0,0,0,0,0
l7,2=36,66,75,28,46,65,70,0,62,66,80,26,10,43,0,50,0,0,0,0,0,0,0,0,0,0,0,0,0,0,0,0,0,0,0,0,0,0,0,0
l8,2=1,17,0,6,0,50,42,74,0,78,70,48,0,75,27,64,50,53,0,0,0,57,45,0,42,0,0,0,0,0,0,0,0,0,0,0,0,0,6,0
l9,2=39,61,80,0,51,65,71,75,75,0,78,40,60,72,0,57,30,34,0,0,2,22,0,0,0,0,0,0,0,0,0,0,0,0,0,0,0,0,0,0
l10,2=43,71,73,36,2,64,79,81,66,78,0,35,0,67,0,42,0,16,0,0,0,0,0,0,0,0,0,0,0,0,0,0,0,0,0,0,0,0,0,0
l11,2=0,0,0,0,0,0,35,26,48,45,41,0,84,85,80,80,55,89,0,37,48,51,46,56,38,0,0,0,0,0,0,0,0,0,0,27,44,0,33,32
l12,2=0,0,0,0,0,0,32,0,0,41,0,74,0,66,86,79,58,92,0,0,0,50,17,78,81,74,0,0,0,0,0,0,0,0,0,0,0,0,31,0
l13,2=0,0,0,0,0,0,0,32,65,67,64,69,66,0,67,66,52,73,3,45,17,51,48,50,41,36,0,0,0,0,0,0,0,0,0,0,0,0,34,0
l14,2=0,0,0,0,0,0,0,0,31,0,0,54,88,64,0,60,60,70,0,0,50,1,0,81,69,65,0,0,0,0,0,0,0,52,0,0,0,0,37,0
l15,2=0,0,1,0,0,0,33,39,65,46,34,89,85,71,52,0,43,79,0,6,54,0,0,3,69,1,0,0,0,0,0,0,0,0,0,0,33,0,33,38
l16,2=0,0,0,0,0,0,0,0,33,21,0,36,61,54,77,51,0,78,0,26,62,56,65,1,55,38,0,0,0,0,0,0,0,45,0,37,45,0,37,54
l17,2=0,0,0,0,0,0,0,0,34,39,0,78,88,72,64,71,73,0,0,0,54,51,49,51,54,0,0,0,0,0,0,0,0,41,0,0,42,0,34,0
l18,2=0,0,0,0,0,0,0,0,0,0,0,0,0,2,0,0,0,0,0,53,48,61,51,0,0,0,0,0,0,0,0,0,0,0,0,0,0,0,0,0
l19,2=0,0,0,0,0,0,0,0,0,0,0,22,0,52,0,0,33,0,35,0,68,38,77,0,0,0,45,0,0,0,0,35,0,0,0,2,54,30,42,64
l20,2=0,0,0,0,0,0,0,0,0,0,0,16,0,34,25,56,62,46,43,62,0,70,75,0,0,0,0,0,0,0,0,0,0,0,21,44,58,52,49,67
l21,2=0,0,0,0,0,0,0,0,33,27,0,35,46,53,0,0,62,46,43,46,78,0,77,0,0,0,0,0,0,0,0,0,0,43,0,44,58,49,49,67
l22,2=0,0,0,0,0,0,0,0,32,0,0,33,37,55,0,0,62,42,40,68,75,71,0,0,0,0,46,0,0,41,0,0,0,0,0,48,58,50,0,63
l23,2=0,0,0,0,0,0,0,0,0,0,0,46,77,63,75,0,0,64,0,0,0,0,0,0,73,59,0,0,0,0,0,0,0,0,50,0,0,0,0,0
l24,2=0,0,0,0,0,0,0,0,42,0,0,36,80,61,75,73,55,74,0,0,0,0,0,80,0,74,0,0,0,0,0,0,5,44,36,0,39,0,8,0
l25,2=0,0,0,0,0,0,0,0,23,0,0,0,77,56,68,5,50,0,0,0,0,0,0,63,68,0,59,0,0,0,0,63,58,65,51,0,0,0,0,0
l26,2=0,0,0,0,0,0,0,0,0,0,0,0,0,0,0,0,0,0,0,46,0,0,49,0,0,35,0,1,90,80,80,82,75,74,52,0,0,0,0,0
l27,2=0,0,0,0,0,0,0,0,0,0,0,0,0,0,0,0,0,0,0,0,0,0,0,0,0,0,9,0,89,88,89,81,75,75,64,0,0,0,0,0
l28,2=0,0,0,0,0,0,0,0,0,0,0,0,0,0,0,0,0,0,0,0,0,0,0,0,0,0,85,84,0,89,81,77,50,72,45,0,0,0,0,0
l29,2=0,0,0,0,0,0,0,0,0,0,0,0,0,0,0,0,0,0,0,1,0,0,52,0,0,0,83,84,90,0,80,76,68,0,7,0,0,0,0,0
l30,2=0,0,0,0,0,0,0,0,0,0,0,0,0,0,0,0,0,0,0,0,0,0,0,0,0,0,80,87,82,80,0,44,57,59,41,0,0,0,0,0
l31,2=0,0,0,0,0,0,0,0,0,0,0,0,0,0,0,0,0,0,0,49,0,0,11,0,0,44,81,59,75,68,52,0,80,74,68,0,0,0,0,0
l32,2=0,0,0,0,0,0,0,0,0,0,0,0,0,0,0,0,0,0,0,0,0,0,0,0,5,41,71,59,46,53,53,82,0,71,75,0,0,0,0,0
l33,2=0,0,0,0,0,0,0,0,0,0,0,0,0,0,63,0,47,51,0,0,0,53,0,0,42,56,69,60,61,0,63,68,67,0,60,0,0,0,0,0
l34,2=0,0,0,0,0,0,0,0,0,0,0,0,0,0,9,0,17,0,0,0,57,0,0,49,48,42,69,58,50,47,52,74,81,74,0,0,0,0,0,0
l35,2=0,0,0,0,0,0,0,0,0,0,0,4,0,0,0,0,55,0,0,0,46,48,65,0,0,0,0,0,0,0,0,0,0,0,0,0,63,53,57,63
l36,2=0,0,0,0,0,0,0,0,0,0,0,33,0,3,0,19,61,51,0,57,64,61,69,0,16,0,0,0,0,0,0,0,0,0,0,55,0,53,57,65
l37,2=0,0,0,0,0,0,0,0,0,0,0,0,0,0,0,0,0,0,0,16,60,51,47,0,0,0,0,0,0,0,0,0,0,0,0,52,63,0,53,60
l38,2=0,0,0,0,0,0,0,0,1,0,0,23,33,57,34,35,55,31,0,48,70,69,0,0,0,0,0,0,0,0,0,0,0,0,0,52,63,54,0,65
l39,2=0,0,0,0,0,0,0,0,0,0,0,0,0,0,0,0,58,0,0,56,61,62,63,0,0,0,0,0,0,0,0,0,0,0,0,45,55,49,47,0

l0,3=0,74,83,90,81,87,76,35,0,68,0,0,0,0,0,0,0,0,0,0,0,0,0,0,0,0,0,0,0,0,0,0,0,0,0,0,0,0,0,0
l1,3=85,0,87,90,87,87,83,61,45,71,75,0,0,17,0,0,0,0,0,0,0,0,0,0,0,0,0,0,0,0,0,0,0,0,0,0,0,0,0,0
l2,3=85,87,0,90,87,90,90,82,66,73,89,0,0,52,0,0,0,0,0,0,0,0,0,0,0,0,0,0,0,0,0,0,0,0,0,0,0,0,0,0
l3,3=86,89,87,0,87,80,81,0,43,0,73,0,0,0,0,0,0,0,0,0,0,0,0,0,0,0,0,0,0,0,0,0,0,0,0,0,0,0,0,0
l4,3=48,87,88,92,0,89,38,21,9,29,23,0,0,21,0,0,0,0,0,0,0,0,0,0,0,0,0,0,0,0,0,0,0,0,0,0,0,0,0,0
l5,3=86,87,92,30,87,0,78,83,56,67,88,21,0,66,19,12,0,0,0,0,0,0,0,0,0,0,0,0,0,0,0,0,0,0,0,0,0,0,0,0
l6,3=80,86,93,84,79,82,0,76,67,70,89,72,68,68,0,59,74,0,0,0,0,0,0,0,0,0,0,0,0,0,0,0,0,0,0,0,0,0,0,0
l7,3=77,48,86,25,14,87,79,0,75,75,90,0,0,73,0,76,49,0,0,0,0,0,0,0,0,0,0,0,0,0,0,0,0,0,0,0,0,0,0,0
l8,3=0,38,38,2,35,12,35,79,0,75,85,76,26,82,15,85,53,38,0,0,0,28,28,0,40,0,0,0,0,0,0,0,0,0,0,0,0,0,30,0
l9,3=42,41,43,0,48,36,31,79,79,0,94,29,28,82,39,43,0,0,0,0,34,1,0,0,0,0,0,0,0,0,0,0,0,0,0,0,0,0,0,0
l10,3=4,36,87,50,48,87,82,86,74,76,0,31,1,81,31,36,0,0,0,0,0,0,0,24,24,0,0,0,0,0,0,0,0,0,0,0,0,0,21,0
l11,3=0,0,0,0,0,19,63,0,70,39,74,0,86,86,90,94,46,82,0,26,34,53,58,81,81,24,0,0,0,0,0,0,0,0,0,0,72,2,75,0
l12,3=0,0,0,0,0,0,27,0,29,24,0,94,0,28,98,94,50,98,0,30,0,24,26,84,95,83,0,0,0,0,0,0,0,23,0,32,0,0,38,0
l13,3=0,0,33,0,0,35,23,30,82,74,83,90,65,0,0,79,49,61,22,33,37,20,34,34,25,31,0,0,0,0,0,0,0,0,0,0,1,0,35,0
l14,3=0,0,0,0,0,7,0,0,26,23,12,96,90,0,0,40,62,35,0,0,33,0,0,93,95,65,0,0,0,0,0,0,0,4,0,0,0,0,40,0
l15,3=0,0,0,0,0,4,21,28,75,43,29,96,89,82,45,0,82,75,0,13,41,19,0,32,89,0,0,0,0,0,0,0,0,0,0,0,0,0,38,35
l16,3=0,0,0,0,0,0,25,14,27,0,0,25,58,27,77,40,0,76,17,14,75,38,71,16,41,26,0,0,0,0,0,0,0,25,0,0,39,25,36,38
l17,3=0,0,0,0,0,0,0,0,63,2,0,91,90,83,44,83,94,0,0,0,50,21,34,28,90,0,0,0,0,0,0,0,0,0,0,31,70,16,56,32
l18,3=0,0,0,0,0,0,0,0,0,0,0,0,0,64,0,0,32,0,0,64,48,11,52,0,0,0,0,0,0,0,0,0,0,0,0,0,0,0,0,0
l19,3=0,0,0,0,0,0,0,0,0,0,0,2,53,61,0,1,9,0,49,0,82,82,96,0,0,0,0,0,0,33,0,58,0,0,0,13,84,58,65,28
l20,3=0,0,0,0,0,0,0,0,0,40,0,44,0,67,21,72,87,58,32,82,0,84,96,0,45,0,0,0,0,0,0,0,0,0,45,54,88,88,85,90
l21,3=0,0,0,0,0,0,0,0,69,16,0,67,70,66,0,41,85,47,38,82,87,0,93,0,0,0,0,0,0,0,0,0,1,58,0,56,90,84,83,85
l22,3=0,0,0,0,0,0,0,0,51,0,0,60,51,67,0,0,88,53,33,93,88,83,0,0,0,0,61,0,0,47,0,0,0,0,0,84,90,0,85,93
l23,3=0,0,0,0,0,0,0,0,0,0,0,31,85,28,92,39,25,36,0,0,0,0,0,0,93,88,0,0,0,0,0,0,0,25,0,0,0,0,0,0
l24,3=0,0,0,0,0,0,0,0,30,0,13,78,90,25,91,79,82,79,0,0,38,0,0,91,0,84,0,0,0,0,0,0,0,78,0,0,37,0,33,0
l25,3=0,0,0,0,0,0,0,0,0,0,0,21,86,26,88,0,46,0,0,0,0,0,0,89,91,0,12,0,0,9,0,31,45,87,79,0,0,0,0,0
l26,3=0,0,0,0,0,0,0,0,0,0,0,0,0,0,0,0,0,0,0,0,0,0,64,0,0,23,0,75,97,96,95,94,92,49,87,0,0,0,0,0
l27,3=0,0,0,0,0,0,0,0,0,0,0,0,0,0,0,0,0,0,0,0,0,0,0,0,0,0,88,0,97,98,100,92,90,1,28,0,0,0,0,0
l28,3=0,0,0,0,0,0,0,0,0,0,0,0,0,0,0,0,0,0,0,0,0,0,0,0,0,0,95,100,0,98,92,89,73,89,77,0,0,0,0,0
l29,3=0,0,0,0,0,0,0,0,0,0,0,0,0,0,0,0,0,0,0,56,0,0,63,0,0,5,94,99,97,0,97,79,82,52,67,0,0,0,0,0
l30,3=0,0,0,0,0,0,0,0,0,0,0,0,0,0,0,0,0,0,0,0,0,0,0,0,0,0,93,100,86,94,0,71,88,66,0,0,0,0,0,0
l31,3=0,0,0,0,0,0,0,0,0,0,0,0,0,0,0,0,0,0,0,60,0,0,0,32,0,63,95,79,79,78,61,0,95,95,98,0,0,0,0,0
l32,3=0,0,0,0,0,0,0,0,0,0,0,0,4,0,0,0,0,0,0,0,0,0,0,0,0,73,89,74,69,74,73,97,0,95,98,0,0,0,0,0
l33,3=0,0,0,0,0,0,0,0,0,0,0,0,56,0,2,0,68,0,0,0,0,49,0,64,83,86,67,0,83,58,66,90,85,0,90,0,0,0,0,0
l34,3=0,0,0,0,0,0,0,0,0,0,0,0,0,0,1,0,0,0,0,0,50,0,0,4,0,84,81,26,71,74,25,93,95,95,0,0,0,0,0,0
l35,3=0,0,0,0,0,0,0,0,0,0,0,0,33,0,0,0,0,15,0,0,41,18,82,0,0,0,0,0,0,0,0,0,0,0,0,0,89,89,85,89
l36,3=0,0,0,0,0,0,0,0,0,0,0,57,0,9,0,0,74,52,0,70,73,69,70,0,30,0,0,0,0,0,0,0,0,0,0,85,0,86,86,80
l37,3=0,0,0,0,0,0,0,0,0,0,0,0,0,0,0,0,42,3,0,49,76,70,0,0,0,0,0,0,0,0,0,0,0,0,0,84,88,0,73,81
l38,3=0,0,0,0,0,0,0,0,24,0,0,69,58,64,72,60,74,54,0,50,83,70,74,0,28,0,0,0,0,0,0,0,0,0,0,87,93,81,0,87
l39,3=0,0,0,0,0,0,0,0,0,0,0,0,0,0,0,24,72,14,0,0,76,76,91,0,0,0,0,0,0,0,0,0,0,0,0,86,87,81,82,0

l0,4=0,86,75,91,78,83,71,85,0,86,0,0,0,0,0,0,0,0,0,0,0,0,0,0,0,0,0,0,0,0,0,0,0,0,0,0,0,0,0,0
l1,4=82,0,92,89,90,85,85,68,68,85,86,0,0,55,0,0,0,0,0,0,0,0,0,0,0,0,0,0,0,0,0,0,0,0,0,0,0,0,0,0
l2,4=79,90,0,89,90,85,85,88,42,82,95,0,0,80,0,0,0,0,0,0,0,0,0,0,0,0,0,0,0,0,0,0,0,0,0,0,0,0,0,0
l3,4=94,88,90,0,88,76,70,0,63,0,85,0,0,0,0,0,0,0,0,0,0,0,0,0,0,0,0,0,0,0,0,0,0,0,0,0,0,0,0,0
l4,4=79,90,90,83,0,80,57,82,70,76,1,0,0,7,0,0,0,0,0,0,0,0,0,0,0,0,0,0,0,0,0,0,0,0,0,0,0,0,0,0
l5,4=88,85,94,79,85,0,67,90,22,81,90,0,0,81,0,74,0,0,0,0,0,0,0,0,0,0,0,0,0,0,0,0,0,0,0,0,0,0,0,0
l6,4=85,90,92,79,68,80,0,93,70,90,95,80,70,0,0,66,73,0,0,0,0,0,0,0,0,0,0,0,0,0,0,0,0,0,0,0,0,0,0,0
l7,4=77,55,91,0,87,85,81,0,81,95,97,76,2,0,0,84,0,0,0,0,0,0,0,0,0,0,0,0,0,0,0,0,0,0,0,0,0,0,0,0
l8,4=0,63,0,70,66,0,54,82,0,100,86,81,82,88,77,80,78,69,0,0,47,72,67,0,26,0,0,0,0,0,0,0,0,0,0,0,0,0,0,0
l9,4=80,79,79,0,72,74,74,93,82,0,97,81,0,86,0,77,0,72,0,0,66,0,75,0,0,0,0,0,0,0,0,0,0,0,0,0,0,0,0,0
l10,4=0,73,87,74,23,78,81,93,78,96,0,82,79,82,80,79,0,68,0,0,0,0,0,11,0,0,0,0,0,0,0,0,0,0,0,0,0,0,0,0
l11,4=0,0,0,0,0,0,65,68,77,87,88,0,84,80,85,92,78,76,0,3,13,74,66,74,71,42,0,0,0,0,0,0,0,0,0,48,77,0,79,0
l12,4=0,0,0,0,0,0,14,0,77,0,80,88,0,82,93,84,83,95,0,2,54,0,0,77,86,83,0,0,0,0,0,0,48,35,0,0,15,0,77,0
l13,4=0,0,55,0,0,71,0,0,82,88,85,84,83,0,79,82,78,78,1,54,72,69,73,73,0,65,0,0,0,0,0,0,0,0,0,0,1,0,52,0
l14,4=0,0,0,0,0,0,0,0,74,0,85,88,91,79,0,0,79,62,0,0,82,0,0,83,89,79,0,0,0,0,0,1,0,69,69,0,11,0,80,0
l15,4=0,0,0,0,0,50,42,76,77,81,85,92,88,88,0,0,78,60,0,12,76,66,59,74,81,41,0,0,0,0,0,0,0,0,0,0,64,0,79,0
l16,4=0,0,0,0,0,0,48,0,78,0,0,84,88,80,89,84,0,91,60,70,87,80,81,66,81,74,0,0,0,0,0,0,0,1,0,69,76,0,89,80
l17,4=0,0,0,0,0,0,0,0,75,86,80,89,91,85,82,78,92,0,0,0,80,72,73,44,86,25,0,0,0,0,0,0,0,0,0,59,80,0,75,73
l18,4=0,0,0,0,0,0,0,0,0,0,0,0,0,1,0,0,72,0,0,81,23,85,81,0,0,0,0,0,0,0,0,0,0,0,0,0,0,0,0,0
l19,4=0,0,0,0,0,0,0,0,0,0,0,0,12,65,0,7,76,0,75,0,94,94,94,0,0,0,0,0,32,0,0,0,0,0,0,0,83,68,73,79
l20,4=0,0,0,0,0,0,0,0,19,66,0,14,66,72,81,77,85,68,10,86,0,89,94,0,67,0,0,0,18,0,0,0,57,0,0,0,87,74,91,79
l21,4=0,0,0,0,0,0,0,0,69,17,1,73,0,73,0,73,90,52,66,84,93,0,90,0,41,0,0,0,0,0,0,0,0,0,0,31,89,67,81,87
l22,4=0,0,0,0,0,0,0,0,61,80,0,59,6,73,0,45,80,47,64,99,95,89,0,0,0,0,76,0,0,41,1,0,0,36,0,71,89,72,91,77
l23,4=0,0,0,0,0,0,0,0,0,0,0,83,89,86,94,80,73,0,0,0,0,0,0,0,88,86,0,0,0,0,0,0,0,82,72,0,0,0,0,0
l24,4=0,0,0,0,0,0,0,0,57,0,0,79,90,0,94,85,74,84,0,0,78,52,0,91,0,82,0,0,0,0,0,0,0,71,0,0,0,0,0,0
l25,4=0,0,0,0,0,0,0,0,0,0,0,18,91,74,94,60,76,36,0,0,0,0,0,91,89,0,0,0,0,70,0,71,88,90,85,0,0,0,0,0
l26,4=0,0,0,0,0,0,0,0,0,0,0,0,0,0,0,0,0,0,0,2,0,0,86,0,0,0,0,85,100,99,100,100,98,81,96,0,0,0,0,0
l27,4=0,0,0,0,0,0,0,0,0,0,0,0,0,0,0,0,0,0,0,0,0,0,0,0,0,0,95,0,100,99,100,96,81,0,67,0,0,0,0,0
l28,4=0,0,0,0,0,0,0,0,0,0,0,0,0,0,0,0,0,0,0,78,84,0,0,0,0,0,100,99,0,99,91,91,89,92,87,0,0,0,0,0
l29,4=0,0,0,0,0,0,0,0,0,0,0,0,0,0,0,0,0,0,0,7,0,0,74,0,0,73,100,99,100,0,100,89,85,90,89,0,0,0,0,0
l30,4=0,0,0,0,0,0,0,0,0,0,0,0,0,0,0,0,0,0,0,0,0,0,0,0,0,0,100,99,99,99,0,97,89,87,0,0,0,0,0,0
l31,4=0,0,0,0,0,0,0,0,0,0,0,0,0,0,0,0,0,0,0,0,0,0,1,0,0,69,100,83,79,85,88,0,100,98,100,0,0,0,0,0
l32,4=0,0,0,0,0,0,0,0,0,0,0,0,80,0,0,0,0,0,0,0,80,0,0,0,0,79,87,80,95,89,90,100,0,97,100,0,0,0,0,0
l33,4=0,0,0,0,0,0,0,0,0,0,0,0,65,0,75,0,0,0,0,0,0,0,54,76,77,79,60,0,84,76,78,97,94,0,91,0,0,0,0,0
l34,4=0,0,0,0,0,0,0,0,0,0,0,0,0,0,78,0,0,0,0,0,1,0,0,82,2,76,83,64,93,93,1,100,100,100,0,0,0,0,0,0
l35,4=0,0,0,0,0,0,0,0,0,0,0,2,0,0,0,0,78,37,0,0,0,6,69,0,0,0,0,0,0,0,0,0,0,0,0,0,85,78,87,86
l36,4=0,0,0,0,0,0,0,0,0,0,0,57,34,7,0,40,55,56,0,60,73,66,69,0,0,0,0,0,0,0,0,0,0,0,0,74,0,80,88,86
l37,4=0,0,0,0,0,0,0,0,0,0,0,0,0,0,0,0,0,0,0,65,75,62,67,0,0,0,0,0,0,0,0,0,0,0,0,73,84,0,81,72
l38,4=0,0,0,0,0,0,0,0,0,0,0,78,77,27,78,74,78,38,0,49,92,67,82,0,0,0,0,0,0,0,0,0,0,0,0,78,87,74,0,82
l39,4=0,0,0,0,0,0,0,0,0,0,0,0,0,0,0,0,75,41,0,63,76,74,65,0,0,0,0,0,0,0,0,0,0,0,0,73,84,57,86,0

l0,5=0,74,79,89,78,65,74,78,59,69,75,0,0,0,0,0,0,0,0,0,0,0,0,0,0,0,0,0,0,0,0,0,0,0,0,0,0,0,0,0
l1,5=82,0,91,82,91,74,85,75,0,69,76,0,0,0,0,0,0,0,0,0,0,0,0,49,0,0,0,0,0,0,0,0,0,0,0,0,0,0,0,0
l2,5=80,81,0,84,85,72,86,58,0,69,76,0,0,0,0,0,0,0,0,0,0,0,0,0,0,0,0,0,0,0,0,0,0,0,0,0,0,0,0,0
l3,5=90,78,90,0,91,59,71,0,26,67,73,0,0,0,0,0,0,0,0,0,0,0,0,0,0,0,0,0,0,0,0,0,0,0,0,0,0,0,0,0
l4,5=82,83,86,85,0,67,76,74,78,0,75,0,0,48,0,54,0,0,0,0,0,0,0,0,0,0,0,0,0,0,0,0,0,0,0,0,0,0,0,0
l5,5=80,76,80,79,87,0,67,79,61,69,76,66,0,73,0,0,0,0,0,0,0,0,0,0,0,0,0,0,0,0,0,0,0,0,0,0,0,0,0,0
l6,5=80,76,80,77,77,56,0,81,73,69,77,79,0,0,0,0,55,0,0,0,0,0,0,0,0,0,0,0,0,0,0,0,0,0,0,0,0,0,0,0
l7,5=80,73,73,0,78,61,79,0,78,69,85,79,0,0,0,74,0,0,0,0,0,0,0,0,0,0,0,0,0,0,0,0,0,0,0,0,0,0,0,0
l8,5=4,0,0,32,45,29,25,54,0,70,76,79,47,84,69,70,56,22,0,0,9,43,45,57,53,1,0,0,0,0,0,0,0,0,0,0,0,0,0,0
l9,5=45,70,77,56,0,58,74,51,78,0,79,78,0,81,23,73,45,37,0,0,20,0,47,0,41,0,0,0,0,0,0,0,0,0,0,0,0,0,44,0
l10,5=72,70,77,67,70,61,74,79,78,73,0,79,0,71,64,72,1,28,0,0,0,0,0,0,0,0,0,0,0,0,0,0,0,0,0,0,0,0,0,0
l11,5=0,0,0,0,0,17,17,25,44,63,66,0,71,81,84,85,59,28,0,0,16,30,0,55,49,11,0,0,0,0,0,0,0,0,0,0,15,31,61,0
l12,5=0,0,0,0,0,0,0,0,24,0,0,85,0,61,86,65,66,77,0,0,22,0,0,65,81,57,0,0,0,0,0,0,39,36,0,1,14,0,56,0
l13,5=0,0,0,0,12,12,0,0,79,68,53,79,58,0,74,75,55,39,0,3,25,0,36,61,0,21,0,0,0,0,0,0,0,0,0,10,10,0,0,0
l14,5=0,0,0,0,0,0,0,0,26,31,37,85,74,65,0,62,58,25,0,0,32,0,23,77,84,36,0,0,0,0,0,2,0,49,38,0,0,0,57,0
l15,5=0,0,0,0,24,0,0,30,34,51,56,90,63,90,66,0,48,24,0,0,19,34,37,59,60,26,0,0,0,0,0,0,0,0,0,0,15,0,60,6
l16,5=0,0,0,0,0,0,13,0,24,32,0,72,70,60,79,43,0,28,0,24,30,37,37,0,42,13,0,0,0,0,0,4,0,0,34,16,9,30,62,30
l17,5=0,0,0,0,0,0,0,0,37,49,32,87,75,84,80,71,72,0,0,3,39,31,1,9,60,27,0,0,0,0,0,0,0,0,0,15,19,5,0,30
l18,5=0,0,0,0,0,0,0,0,0,0,0,0,0,0,0,0,0,0,0,26,0,61,44,0,0,0,0,0,0,0,0,0,0,0,0,0,0,0,0,0
l19,5=0,0,0,0,0,0,0,0,0,0,0,0,0,7,0,0,32,0,7,0,70,67,62,0,0,0,0,0,21,21,0,3,0,0,0,30,29,28,0,48
l20,5=0,0,0,0,0,0,0,0,9,10,0,8,14,25,46,16,26,40,0,53,0,67,63,0,23,0,10,0,2,0,0,0,26,0,0,0,55,53,68,34
l21,5=0,0,0,0,0,0,0,0,22,7,0,28,0,17,0,43,34,8,18,38,72,0,47,0,23,0,0,0,0,0,0,3,0,0,0,35,28,33,53,53
l22,5=0,0,0,0,0,0,0,0,19,25,0,0,3,37,24,43,39,0,11,59,71,67,0,0,0,0,9,0,0,0,0,0,0,0,0,17,37,40,68,31
l23,5=0,1,0,0,0,0,0,0,55,0,0,67,64,61,77,64,0,0,0,0,0,0,0,0,86,76,0,0,0,0,0,0,0,65,62,0,0,0,0,0
l24,5=0,0,0,0,0,0,0,0,36,33,0,64,74,0,86,71,65,64,0,0,27,33,0,78,0,76,0,0,0,0,0,0,0,54,4,0,1,0,0,0
l25,5=0,0,0,0,0,0,0,0,13,0,0,35,71,57,76,57,51,14,0,0,0,0,0,83,79,0,0,0,0,33,0,0,73,68,56,0,0,0,0,0
l26,5=0,0,0,0,0,0,0,0,0,0,0,0,0,0,0,0,0,0,0,0,39,0,43,0,0,0,0,67,95,89,84,80,80,58,69,0,0,0,0,0
l27,5=0,0,0,0,0,0,0,0,0,0,0,0,0,0,0,0,0,0,0,0,0,0,0,0,0,0,82,0,91,81,93,66,71,0,0,0,0,0,0,0
l28,5=0,0,0,0,0,0,0,0,0,0,0,0,0,0,0,0,0,0,0,41,48,0,0,0,0,0,89,87,0,90,92,69,84,75,64,0,0,0,0,0
l29,5=0,0,0,0,0,0,0,0,0,0,0,0,0,0,0,0,0,0,0,41,0,0,0,0,0,35,87,85,95,0,89,52,70,64,64,0,0,0,0,0
l30,5=0,0,0,0,0,0,0,0,0,0,0,0,0,0,0,0,0,0,0,0,0,0,0,0,0,0,85,87,95,85,0,65,5,70,0,0,0,0,0,0
l31,5=0,0,0,0,0,0,0,0,0,0,0,0,0,0,1,0,17,0,0,19,0,0,0,0,0,0,76,55,61,49,56,0,88,74,79,0,0,0,0,0
l32,5=0,0,0,0,0,0,0,0,0,0,0,0,50,0,0,0,0,0,0,0,50,0,0,0,0,69,80,60,73,71,24,82,0,77,85,0,0,0,0,0
l33,5=0,0,0,0,0,0,0,0,0,0,0,0,46,0,67,0,0,0,0,0,13,0,0,65,69,65,58,0,68,60,60,67,77,0,71,0,0,0,0,0
l34,5=0,0,0,0,0,0,0,0,0,0,0,0,37,0,56,0,44,0,0,0,41,0,0,67,45,54,63,0,62,60,0,80,90,84,0,0,0,0,0,0
l35,5=0,0,0,0,0,0,0,0,0,0,0,0,7,16,0,0,20,5,0,10,0,33,20,0,0,0,0,0,0,0,0,0,0,0,0,0,19,42,45,43
l36,5=0,0,0,0,0,0,0,0,0,0,0,32,16,21,0,35,13,12,0,22,24,29,32,0,1,0,0,0,0,0,0,0,0,0,0,18,0,48,59,56
l37,5=0,0,0,0,0,0,0,0,0,0,0,4,0,0,0,0,16,0,0,10,38,19,27,0,0,0,0,0,0,0,0,0,0,0,0,31,54,0,54,27
l38,5=0,0,0,0,0,0,0,0,0,12,0,51,24,0,56,46,43,0,0,0,60,36,44,0,0,0,0,0,0,0,0,0,0,0,0,21,20,47,0,53
l39,5=0,0,0,0,0,0,0,0,0,0,0,0,0,0,0,0,15,0,0,29,23,38,12,0,0,0,0,0,0,0,0,0,0,0,0,18,39,25,57,0

l0,6=0,91,75,82,79,89,73,0,37,18,65,0,0,0,0,0,0,0,0,0,0,0,0,0,0,0,0,0,0,0,0,0,0,0,0,0,0,0,0,0
l1,6=92,0,92,71,87,85,75,46,6,61,49,0,0,0,0,0,0,0,0,0,0,0,0,6,0,0,0,0,0,0,0,0,0,0,0,0,0,0,0,0
l2,6=84,86,0,77,80,86,73,64,0,69,71,0,0,0,0,0,0,0,0,0,0,0,0,0,0,0,0,0,0,0,0,0,0,0,0,0,0,0,0,0
l3,6=94,83,86,0,87,83,66,0,0,53,19,0,0,0,0,0,0,0,0,0,0,0,0,0,0,0,0,0,0,0,0,0,0,0,0,0,0,0,0,0
l4,6=84,91,90,82,0,88,73,21,29,0,52,0,0,25,0,0,0,0,0,0,0,0,0,25,0,0,0,0,0,0,0,0,0,0,0,0,0,0,0,0
l5,6=86,79,81,71,69,0,69,84,64,62,70,0,0,10,0,0,0,0,0,0,0,0,0,0,0,0,0,0,0,0,0,0,0,0,0,0,0,0,0,0
l6,6=60,79,66,56,53,60,0,83,58,61,70,58,2,3,0,0,44,0,0,0,0,0,0,0,0,0,0,0,0,0,0,0,0,0,0,0,0,0,0,0
l7,6=0,35,73,0,16,82,70,0,68,60,74,61,0,0,0,53,0,0,0,0,0,0,0,0,0,0,0,0,0,0,0,0,0,0,0,0,0,0,0,0
l8,6=6,0,0,0,14,28,36,62,0,62,69,66,24,67,17,30,47,57,0,0,29,30,35,0,22,0,0,0,0,0,0,0,0,0,0,0,0,0,0,0
l9,6=0,50,60,44,0,74,67,65,73,0,70,59,43,60,32,50,31,36,0,0,1,0,24,0,0,0,0,0,0,0,0,0,0,0,0,0,0,0,13,0
l10,6=41,18,61,29,37,60,68,84,70,71,0,63,0,24,0,43,36,0,0,0,0,0,0,0,0,0,0,0,0,0,0,0,0,0,0,0,0,0,0,0
l11,6=0,0,0,0,0,0,23,27,60,27,38,0,50,27,33,68,50,46,0,0,24,0,0,5,29,4,0,0,0,0,0,0,0,0,0,0,4,3,36,0
l12,6=0,0,0,0,0,0,0,0,26,24,0,63,0,22,56,50,61,57,0,0,27,0,0,35,64,68,0,0,0,0,0,0,0,11,12,0,0,0,16,0
l13,6=0,0,0,0,13,0,0,0,68,56,24,53,28,0,22,55,37,46,0,18,12,0,25,14,27,0,0,0,0,0,0,0,0,0,0,20,15,0,22,0
l14,6=0,0,0,0,0,0,0,0,31,22,0,53,67,23,0,28,43,51,0,0,31,0,31,56,50,48,0,0,0,0,0,0,0,12,3,0,3,0,22,0
l15,6=0,0,0,0,0,0,0,34,38,40,33,73,68,32,26,0,47,60,0,0,11,31,31,30,36,8,0,0,0,0,0,0,0,0,0,2,12,0,36,0
l16,6=0,0,0,0,0,0,13,0,35,22,13,48,49,11,24,29,0,59,23,24,32,37,38,3,27,10,0,0,0,0,0,0,0,0,10,26,21,3,39,31
l17,6=0,0,0,0,0,0,0,0,50,22,0,55,48,25,33,48,56,0,0,0,46,35,0,0,33,25,0,0,0,0,0,0,0,5,0,0,9,1,34,0
l18,6=0,0,0,0,0,0,0,0,0,0,0,0,0,5,0,0,35,0,0,34,0,34,0,0,0,0,0,0,0,0,0,0,0,0,0,0,0,0,0,0
l19,6=0,0,0,0,0,0,0,0,0,0,0,0,0,22,0,0,31,0,25,0,60,44,59,0,0,0,0,0,0,18,0,23,0,0,0,2,22,0,0,43
l20,6=0,0,0,0,0,0,0,0,27,0,0,8,18,2,16,0,33,29,0,53,0,58,62,0,1,0,20,0,0,0,0,10,0,7,0,40,27,24,46,38
l21,6=0,0,0,0,0,0,0,0,32,10,0,0,0,0,0,21,45,21,29,41,60,0,49,0,0,0,0,0,0,0,0,1,0,0,0,62,20,23,38,43
l22,6=0,0,0,0,0,0,0,0,32,18,0,0,1,18,13,20,39,0,0,53,65,51,0,0,0,0,31,0,0,0,1,0,0,0,0,39,37,27,41,41
l23,6=0,0,0,1,5,0,0,0,0,0,0,36,60,39,58,36,31,0,0,0,0,0,0,0,65,70,0,0,0,0,0,15,0,20,31,0,0,0,0,0
l24,6=0,0,0,0,0,0,0,0,39,0,0,44,78,42,55,37,44,41,0,0,21,0,0,69,0,55,0,0,0,0,0,0,0,16,13,0,0,0,0,0
l25,6=0,0,0,0,0,0,0,0,8,0,0,14,77,15,48,22,27,22,0,0,0,0,0,68,56,0,0,0,0,0,0,0,14,30,0,0,0,0,0,0
l26,6=0,0,0,0,0,0,0,0,0,0,0,0,0,0,0,0,0,0,0,1,27,0,34,0,0,0,0,53,76,77,81,72,75,18,40,0,0,0,0,0
l27,6=0,0,0,0,0,0,0,0,0,0,0,0,0,0,0,0,0,0,0,0,0,0,0,0,0,0,73,0,72,77,89,57,41,0,0,0,0,0,0,0
l28,6=0,0,0,0,0,0,0,0,0,0,0,0,0,0,0,0,0,0,0,19,15,0,1,0,0,0,78,83,0,81,88,59,51,47,51,0,0,0,0,0
l29,6=0,0,0,0,0,0,0,0,0,0,0,0,0,0,0,0,0,0,0,30,0,0,1,0,0,0,75,84,76,0,44,30,33,21,24,0,0,0,0,0
l30,6=0,0,0,0,0,0,0,0,0,0,0,0,0,0,0,0,0,0,0,0,0,0,0,0,0,0,74,89,72,39,0,44,0,0,28,0,0,0,0,0
l31,6=0,0,0,0,0,0,0,0,0,0,0,0,0,0,0,0,19,0,0,25,30,0,0,27,0,0,71,29,48,27,41,0,71,64,74,0,0,0,0,0
l32,6=0,0,0,0,0,0,0,0,0,0,0,0,12,0,1,0,1,0,0,0,0,0,0,0,0,47,64,25,36,32,1,77,0,62,82,0,0,0,0,0
l33,6=0,0,0,0,0,0,0,0,0,0,0,0,53,0,42,0,0,27,0,0,44,0,0,53,48,61,49,0,31,28,28,61,73,0,67,0,0,0,0,0
l34,6=0,0,0,0,0,0,0,0,0,0,0,0,37,0,23,0,32,0,0,0,0,0,0,50,32,0,49,0,30,21,34,58,84,42,0,0,0,0,0,0
l35,6=0,0,0,0,0,0,0,0,0,0,0,0,0,9,0,0,20,0,0,0,34,38,27,0,0,0,0,0,0,0,0,0,0,0,0,0,25,32,33,47
l36,6=0,0,0,0,0,0,0,0,0,0,0,10,5,7,0,7,37,10,0,23,37,37,36,0,0,0,0,0,0,0,0,0,0,0,0,58,0,36,42,50
l37,6=0,0,0,0,0,0,0,0,0,0,0,1,0,0,0,0,17,0,0,0,22,12,31,0,0,0,0,0,0,0,0,0,0,0,0,59,45,0,33,36
l38,6=0,0,0,0,0,0,0,0,0,6,0,42,14,15,4,24,43,22,0,0,41,40,39,0,0,0,0,0,0,0,0,0,0,0,0,54,28,30,0,46
l39,6=0,0,0,0,0,0,0,0,0,0,0,0,0,0,0,0,30,0,0,37,37,38,36,0,0,0,0,0,0,0,0,0,0,0,0,53,45,27,41,0

l0,7=0,95,87,89,86,91,77,0,85,83,83,0,0,0,0,0,0,0,0,0,0,0,0,1,0,0,0,0,0,0,0,0,0,0,0,0,0,0,0,0
l1,7=98,0,97,89,87,89,81,95,44,80,80,0,0,0,0,0,0,0,0,0,0,0,0,0,0,0,0,0,0,0,0,0,0,0,0,0,0,0,0,0
l2,7=95,95,0,89,76,89,81,65,83,84,0,0,0,0,0,0,0,0,0,0,0,0,0,0,0,0,0,0,0,0,0,0,0,0,0,0,0,0,0,0
l3,7=95,94,89,0,92,89,0,57,62,42,75,0,0,0,0,0,0,0,0,0,0,0,0,0,0,0,0,0,0,0,0,0,0,0,0,0,0,0,0,0
l4,7=94,95,85,95,0,89,81,3,86,0,86,0,0,62,0,0,0,0,0,0,0,0,0,0,0,0,0,0,0,0,0,0,0,0,0,0,0,0,0,0
l5,7=95,95,86,85,82,0,81,95,85,87,85,0,0,32,0,8,0,0,0,0,0,0,0,0,0,0,0,0,0,0,0,0,0,0,0,0,0,0,0,0
l6,7=56,94,90,13,82,89,0,95,0,87,86,23,0,45,0,0,13,0,0,0,0,0,0,0,0,0,0,0,0,0,0,0,0,0,0,0,0,0,0,0
l7,7=0,93,59,65,31,93,82,0,90,89,89,8,8,61,0,48,0,2,0,0,0,0,0,0,0,0,0,0,0,0,0,0,0,0,0,0,0,0,0,0
l8,7=25,13,48,54,68,25,0,54,0,89,89,38,21,70,52,53,27,30,0,3,10,14,44,0,26,0,0,0,0,0,0,0,0,0,0,0,0,0,7,0
l9,7=23,24,62,39,0,44,79,93,94,0,89,33,15,68,31,64,0,9,0,0,18,10,22,0,1,3,0,0,0,0,0,0,0,0,0,0,0,0,18,0
l10,7=44,27,0,58,64,84,75,95,94,89,0,61,0,2,0,65,29,1,0,0,0,0,0,0,0,0,0,0,0,0,0,0,0,0,0,0,0,0,0,0
l11,7=0,0,0,0,0,0,13,6,59,51,19,0,36,48,38,81,31,20,0,0,22,0,25,21,37,2,0,0,0,0,0,0,0,0,0,12,1,0,29,11
l12,7=0,0,0,0,0,0,0,0,25,38,0,36,0,19,61,52,38,29,0,0,23,19,0,47,83,75,0,0,0,0,0,0,1,33,26,0,0,0,15,0
l13,7=0,0,0,0,30,3,14,30,91,80,0,17,10,0,47,53,15,27,0,0,21,0,9,24,39,27,0,0,0,0,0,0,0,0,0,18,6,0,20,0
l14,7=0,0,0,0,0,0,0,0,29,38,0,13,45,45,0,37,33,29,0,0,23,26,25,53,45,47,0,0,0,0,0,0,0,28,0,0,0,0,19,0
l15,7=0,0,0,0,6,2,0,28,60,62,18,75,54,56,44,0,21,22,0,1,30,37,32,44,30,29,0,0,0,0,0,0,0,0,0,0,25,8,32,0
l16,7=0,0,0,0,0,0,7,0,27,1,15,17,24,33,48,32,0,25,13,0,33,42,39,28,37,17,0,0,0,0,0,5,2,11,0,32,32,5,24,13
l17,7=0,0,0,0,0,0,0,0,35,33,0,15,21,45,62,37,32,0,0,0,33,37,23,27,52,0,0,0,0,0,0,0,0,31,0,0,29,0,26,0
l18,7=0,0,0,0,0,0,0,0,0,0,0,0,0,0,0,0,18,0,0,26,36,21,0,0,0,0,0,0,0,0,0,0,0,0,0,0,0,0,0,0
l19,7=0,0,0,0,0,0,0,0,4,0,0,0,6,0,0,0,6,0,13,0,65,45,57,0,0,0,0,0,9,10,0,34,0,0,0,0,38,0,10,26
l20,7=0,0,0,0,0,0,0,0,1,21,0,4,10,15,30,21,21,17,12,59,0,67,64,0,0,0,15,0,6,0,0,17,0,23,0,51,60,18,50,31
l21,7=0,0,0,0,0,0,0,0,25,33,0,0,9,3,30,31,20,16,10,30,72,0,58,0,0,0,0,0,0,0,0,0,17,0,17,47,53,48,44,32
l22,7=0,0,0,0,0,0,0,0,29,29,0,9,0,13,24,24,18,7,0,62,75,65,0,0,0,0,23,0,0,11,0,13,0,0,0,0,62,30,43,29
l23,7=0,0,0,0,0,0,0,0,0,0,0,10,36,33,65,36,26,19,0,0,0,0,0,0,83,78,0,0,0,0,0,0,2,30,44,0,0,0,0,0
l24,7=0,0,0,0,4,0,0,0,23,5,0,11,68,36,50,27,31,34,0,0,0,0,0,67,0,67,0,0,0,0,0,0,0,31,36,0,0,0,0,0
l25,7=0,0,0,0,0,0,0,0,0,28,0,0,66,38,63,31,20,0,0,0,0,0,0,67,69,0,0,0,0,6,0,14,21,36,0,0,0,0,13,0
l26,7=0,0,0,0,0,0,0,0,0,0,0,0,0,0,0,0,0,0,0,0,44,0,36,0,0,0,0,72,70,84,73,69,70,45,54,0,0,0,0,0
l27,7=0,0,0,0,0,0,0,0,0,0,0,0,0,0,0,0,0,0,0,0,0,0,0,0,0,0,68,0,67,84,80,33,46,0,0,0,0,0,0,0
l28,7=0,0,0,0,0,0,0,0,0,0,0,0,0,0,0,0,0,0,0,27,33,1,0,0,0,0,77,90,0,86,84,59,31,57,44,0,0,0,0,0
l29,7=0,0,0,0,0,0,0,0,0,0,0,0,0,0,0,0,0,0,0,30,0,0,34,0,0,15,74,86,70,0,80,59,62,50,33,0,0,0,0,0
l30,7=0,0,0,0,0,0,0,0,0,0,0,0,0,0,0,0,0,0,0,0,0,0,0,0,0,0,69,86,67,84,0,57,46,32,48,0,0,0,0,0
l31,7=0,0,0,0,0,0,0,0,0,0,0,0,0,0,0,0,17,0,0,43,31,0,27,1,0,9,64,23,53,40,44,0,70,77,74,0,0,0,0,0
l32,7=0,0,0,0,0,0,0,0,0,0,0,0,10,0,0,0,20,0,0,0,0,22,0,17,0,40,61,41,30,54,40,73,0,77,82,0,0,0,0,0
l33,7=0,0,0,0,0,0,0,0,0,0,0,0,42,0,45,0,31,39,0,0,48,0,0,41,42,50,41,0,50,40,40,70,69,0,60,0,0,0,0,0
l34,7=0,0,0,0,0,0,0,0,0,0,0,0,33,0,0,0,0,0,0,0,0,25,0,44,37,0,34,9,30,28,34,66,78,49,0,0,0,0,0,0
l35,7=0,0,0,0,0,0,0,0,0,0,0,0,0,12,0,0,18,0,0,0,34,39,0,0,0,0,0,0,0,0,0,0,0,0,0,0,55,63,48,33
l36,7=0,0,0,0,0,0,0,0,0,0,0,0,0,1,0,10,20,11,0,14,37,38,38,0,0,0,0,0,0,0,0,0,0,0,0,52,0,60,51,51
l37,7=0,0,0,0,0,0,0,0,0,0,0,0,0,0,0,1,7,0,0,0,29,31,21,0,0,0,0,0,0,0,0,0,0,0,0,60,65,0,39,3
l38,7=0,0,0,0,0,0,0,0,0,20,0,20,8,27,24,43,34,34,0,2,43,40,37,0,0,2,0,0,0,0,0,0,0,0,0,48,58,26,0,34
l39,7=0,0,0,0,0,0,0,0,0,0,0,0,0,0,0,0,1,0,0,12,40,40,35,0,0,0,0,0,0,0,0,0,0,0,0,46,66,0,22,0

l0,8=0,99,99,100,100,99,98,86,67,98,96,0,0,74,0,0,0,0,0,0,0,0,0,0,0,0,0,0,0,0,0,0,0,0,0,0,0,0,0,0
l1,8=99,0,99,99,100,98,93,97,76,94,96,0,0,0,0,0,0,0,0,0,0,0,0,0,0,0,0,0,0,0,0,0,0,0,0,0,0,0,0,0
l2,8=99,99,0,100,94,99,99,99,0,91,93,0,0,35,0,68,0,0,0,0,0,0,0,0,0,0,0,0,0,0,0,0,0,0,0,0,0,0,0,0
l3,8=98,99,99,0,100,98,98,88,0,0,71,0,0,0,0,0,0,0,0,0,0,0,0,0,0,0,0,0,0,0,0,0,0,0,0,0,0,0,0,0
l4,8=98,99,90,100,0,93,99,68,91,78,93,0,0,88,0,0,0,0,0,0,0,0,0,8,11,0,0,0,0,0,0,0,0,0,0,0,0,0,0,0
l5,8=100,99,100,99,98,0,99,97,95,94,98,85,0,0,0,0,0,0,0,0,0,0,0,0,0,0,0,0,0,0,0,0,0,0,0,0,0,0,0,0
l6,8=89,75,94,96,95,94,0,92,85,94,92,17,0,72,0,0,41,0,0,0,0,0,0,0,0,0,0,0,0,0,0,0,0,0,0,0,0,0,0,0
l7,8=80,91,93,94,90,94,95,0,91,100,98,27,0,91,0,0,6,33,0,0,0,0,0,0,0,0,0,0,0,0,0,0,0,0,0,0,0,0,0,0
l8,8=45,37,0,11,94,75,50,79,0,99,93,96,0,93,86,92,0,52,0,82,0,0,76,0,2,0,0,0,0,0,0,0,0,0,0,0,0,0,0,0
l9,8=85,72,24,0,86,73,93,92,93,0,98,67,52,92,24,94,50,46,0,0,0,43,2,82,45,0,0,0,0,0,0,0,0,0,0,0,0,0,78,0
l10,8=86,90,87,88,94,93,93,92,90,99,0,95,0,91,0,93,2,0,0,0,0,0,0,0,0,0,0,0,0,0,0,0,0,0,0,0,0,0,0,0
l11,8=0,0,0,0,0,23,3,0,89,89,76,0,98,60,89,97,54,55,0,0,34,32,25,78,50,33,0,0,0,0,0,0,0,0,0,12,28,0,61,0
l12,8=0,0,0,0,0,0,0,0,0,48,0,64,0,0,96,95,60,55,0,0,37,0,0,91,96,55,0,0,0,0,0,0,0,45,3,4,13,0,44,0
l13,8=21,0,0,1,76,0,23,46,99,99,85,48,4,0,89,91,41,42,0,0,48,35,0,82,51,37,0,0,0,0,0,0,0,0,0,11,0,0,77,0
l14,8=0,0,0,0,0,0,0,0,68,25,0,48,96,69,0,80,53,58,0,0,53,35,10,91,83,42,0,0,0,0,0,0,0,0,0,0,24,0,5,0
l15,8=0,0,1,0,0,0,0,0,83,85,75,100,65,73,87,0,50,52,0,0,74,43,53,80,51,23,0,0,0,0,0,0,0,0,0,0,35,0,78,0
l16,8=0,0,0,0,0,0,11,0,0,37,0,60,60,39,75,72,0,47,27,63,76,29,77,49,54,18,0,0,0,0,0,34,0,6,13,15,39,31,41,42
l17,8=0,0,0,0,0,0,0,6,76,50,1,59,51,50,95,95,54,0,0,64,68,15,35,44,49,0,0,0,0,0,0,0,0,51,0,0,18,0,53,23
l18,8=0,0,0,0,0,0,0,0,0,0,0,0,0,0,0,0,69,0,0,73,69,51,0,0,0,0,0,0,0,0,0,0,0,0,0,0,1,0,22,0
l19,8=0,0,0,0,0,0,0,0,45,0,0,0,0,0,0,0,77,36,36,0,85,59,80,0,0,0,32,0,49,0,0,59,0,0,0,15,64,0,0,70
l20,8=0,0,0,0,0,0,0,0,0,0,0,0,26,31,46,51,36,32,35,94,0,79,87,0,0,0,17,0,0,0,0,14,0,2,1,37,55,61,76,54
l21,8=0,0,0,0,0,0,0,0,0,40,0,30,12,38,52,56,40,12,22,63,87,0,86,0,0,0,0,0,0,0,0,11,0,23,0,39,42,50,79,70
l22,8=0,0,0,0,0,0,0,0,54,13,0,18,0,0,15,52,69,32,0,88,87,73,0,0,0,0,0,0,0,47,0,51,0,0,0,41,73,55,76,55
l23,8=0,0,0,0,0,0,0,0,0,60,0,48,91,73,90,79,49,37,0,0,0,0,0,0,96,89,0,0,0,0,0,0,39,53,44,0,0,0,0,0
l24,8=0,0,0,1,0,0,0,0,0,44,0,46,96,67,88,73,80,45,0,0,0,0,0,94,0,88,0,0,0,0,0,10,0,43,30,0,2,0,0,0
l25,8=0,0,0,0,0,0,0,0,0,0,0,46,96,72,78,55,49,0,0,0,0,0,0,94,90,0,0,0,0,58,0,46,49,60,42,0,0,0,8,0
l26,8=0,0,0,0,0,0,0,0,0,0,0,0,0,0,0,0,0,0,0,57,52,0,0,0,0,0,0,90,94,89,84,92,84,82,79,0,0,0,0,0
l27,8=0,0,0,0,0,0,0,0,0,0,0,0,0,0,0,0,0,0,0,0,0,0,0,0,0,0,91,0,94,89,93,0,78,0,73,0,0,0,0,0
l28,8=0,0,0,0,0,0,0,0,0,0,0,0,0,0,0,0,0,0,0,69,52,0,0,0,0,0,92,92,0,90,93,92,62,83,72,0,0,0,0,0
l29,8=0,0,0,0,0,0,0,0,0,0,0,0,0,0,0,0,0,0,0,0,0,0,54,0,0,52,92,92,94,0,93,91,50,70,71,0,0,0,0,0
l30,8=0,0,0,0,0,0,0,0,0,0,0,0,0,0,0,0,0,0,0,0,0,0,0,0,0,0,85,92,94,89,0,77,76,69,0,0,0,0,0,0
l31,8=0,0,0,0,0,0,0,0,0,0,0,0,0,0,0,0,59,0,0,70,44,0,56,0,41,40,92,0,89,82,66,0,84,87,85,0,0,0,0,0
l32,8=0,0,0,0,0,0,0,0,0,0,0,0,26,0,0,0,0,0,0,0,0,0,0,76,0,65,91,71,70,62,78,94,0,93,90,0,0,0,0,0
l33,8=0,0,0,0,0,0,0,0,0,0,0,0,68,0,0,0,18,65,0,0,44,14,0,77,65,68,78,0,84,68,73,90,86,0,71,0,0,0,0,0
l34,8=0,0,0,0,0,0,0,0,0,0,0,0,47,0,0,0,75,0,0,0,52,0,0,78,57,66,77,65,82,66,0,90,90,65,0,0,0,0,0,0
l35,8=0,0,0,0,0,0,0,0,0,0,0,0,11,4,0,0,20,0,0,2,34,20,37,0,0,0,0,0,0,0,0,0,0,0,0,0,70,53,69,60
l36,8=0,0,0,0,0,0,0,0,0,0,0,13,4,0,28,37,24,7,0,35,45,20,64,0,0,0,0,0,0,0,0,0,0,0,0,50,0,47,75,67
l37,8=0,0,0,0,0,0,0,0,0,0,0,0,0,0,0,0,16,0,0,0,38,20,36,0,0,0,0,0,0,0,0,0,0,0,0,45,33,0,55,41
l38,8=0,0,0,0,0,0,0,0,0,40,0,17,11,43,0,54,35,21,0,0,60,35,60,0,0,0,0,0,0,0,0,0,0,0,0,51,50,60,0,51
l39,8=0,0,0,0,0,0,0,0,0,0,0,0,0,0,0,0,70,2,0,55,67,59,43,0,0,0,0,0,0,0,0,0,0,0,0,77,68,49,60,0

l0,9=0,100,100,100,100,100,98,98,0,100,100,0,0,0,0,0,0,0,0,0,0,0,0,0,0,0,0,0,0,0,0,0,0,0,0,0,0,0,0,0
l1,9=98,0,100,100,100,100,98,96,99,100,100,0,0,0,0,0,0,0,0,0,0,0,0,41,0,0,0,0,0,0,0,0,0,0,0,0,0,0,0,0
l2,9=99,100,0,100,97,100,98,60,0,58,64,0,17,0,0,1,0,0,0,0,0,0,0,0,0,0,0,0,0,0,0,0,0,0,0,0,0,0,0,0
l3,9=95,99,98,0,100,100,98,95,0,99,65,0,0,0,0,0,0,0,0,0,0,0,0,0,0,0,0,0,0,0,0,0,0,0,0,0,0,0,0,0
l4,9=98,100,96,100,0,99,98,95,100,83,100,0,0,0,7,0,0,0,0,0,0,0,0,0,19,0,0,0,0,0,0,0,0,0,0,0,0,0,0,0
l5,9=98,100,100,100,99,0,98,90,99,100,100,0,0,89,0,0,0,0,0,0,0,0,0,0,0,0,0,0,0,0,0,0,0,0,0,0,0,0,0,0
l6,9=62,92,99,96,92,98,0,99,92,97,100,0,0,57,0,0,66,0,0,0,0,0,0,0,0,0,0,0,0,0,0,0,0,0,0,0,0,0,0,0
l7,9=62,98,79,97,95,91,98,0,100,100,100,23,14,100,0,82,0,0,0,0,0,0,0,0,0,0,0,0,0,0,0,0,0,0,0,0,0,0,0,0
l8,9=0,92,0,68,96,96,81,97,0,100,61,95,0,99,0,92,70,33,0,68,0,0,29,0,0,0,0,0,0,0,0,0,0,0,0,0,0,0,0,0
l9,9=95,86,71,88,78,88,95,99,100,0,100,98,28,100,83,98,78,0,0,0,0,0,2,26,0,0,0,0,0,0,0,0,0,0,0,0,0,0,0,0
l10,9=98,100,94,88,97,100,98,99,100,100,0,24,73,100,0,98,76,81,0,0,1,0,0,5,0,0,0,0,0,0,0,0,0,0,0,0,0,0,0,0
l11,9=0,0,0,0,0,0,0,3,64,56,32,0,97,36,86,100,77,36,0,0,80,70,21,28,63,89,0,0,0,0,0,0,0,0,0,0,77,1,69,0
l12,9=0,0,0,0,0,0,0,0,0,26,7,78,0,35,97,99,87,62,0,0,79,65,0,57,76,99,0,0,0,0,0,0,0,5,10,0,81,0,77,0
l13,9=0,0,0,61,0,58,78,61,98,100,57,98,38,0,77,100,83,0,0,31,85,73,0,27,68,90,0,0,0,0,0,0,0,0,0,0,74,0,79,0
l14,9=0,0,0,0,2,0,0,0,0,56,0,59,99,35,0,99,86,37,0,0,85,73,28,62,100,0,0,0,0,0,0,0,0,0,0,0,79,0,0,0
l15,9=0,0,0,0,0,0,0,4,56,57,60,99,63,36,95,0,85,37,0,0,82,76,28,28,74,0,0,0,0,0,0,0,0,0,0,0,77,60,79,0
l16,9=0,0,0,0,0,0,29,0,46,53,38,59,38,34,79,96,0,37,31,68,94,23,28,27,74,86,0,0,0,0,0,18,0,63,84,0,69,58,86,77
l17,9=0,0,0,0,0,0,0,0,55,0,48,59,39,0,99,100,88,0,0,73,78,72,28,0,35,82,0,0,0,0,0,0,0,72,0,0,0,0,71,69
l18,9=0,0,0,0,0,0,0,0,0,0,0,0,0,0,0,0,78,0,0,0,84,80,0,0,0,0,0,0,0,0,0,0,0,0,0,0,0,0,0,0
l19,9=0,0,0,0,0,0,0,0,31,0,0,0,0,4,0,0,76,83,0,0,87,80,91,0,0,0,85,0,40,0,0,47,0,0,0,37,74,34,62,77
l20,9=0,0,0,0,0,0,0,0,0,0,0,31,32,27,48,58,73,3,31,90,0,85,96,0,2,0,58,0,0,0,0,27,0,0,76,78,78,81,76,73
l21,9=0,0,0,0,0,0,0,0,0,0,0,33,31,29,59,68,36,30,32,69,95,0,95,0,0,0,0,0,0,0,0,0,0,39,0,83,74,79,84,80
l22,9=0,0,0,0,0,0,0,0,58,17,0,2,9,0,53,68,68,52,0,84,94,80,0,0,0,0,81,0,0,21,0,23,0,0,0,78,81,79,82,0
l23,9=0,0,0,0,0,0,0,0,0,48,0,59,99,36,99,89,85,0,0,0,0,0,0,0,100,99,0,0,0,0,0,0,72,92,93,0,0,0,0,0
l24,9=0,0,0,0,0,0,0,0,0,0,0,59,98,36,99,94,93,0,0,0,44,0,0,97,0,99,0,0,0,0,0,0,0,91,76,0,81,0,0,0
l25,9=0,0,0,0,0,0,0,0,0,0,0,58,100,35,3,0,83,29,0,0,0,0,0,98,99,0,0,0,0,18,0,0,75,92,84,0,0,0,71,0
l26,9=0,0,0,0,0,0,0,0,0,0,0,0,0,0,0,0,0,0,0,81,76,0,80,0,0,0,0,87,95,98,97,99,98,81,92,0,0,0,0,0
l27,9=0,0,0,0,0,0,0,0,0,0,0,0,0,0,0,0,0,0,0,0,0,0,0,0,0,0,100,0,95,98,99,91,79,0,0,0,0,0,0,0
l28,9=0,0,0,0,0,0,0,0,0,0,0,0,0,0,0,0,0,0,0,76,0,0,0,0,0,0,100,100,0,98,98,86,0,81,21,0,0,0,0,0
l29,9=0,0,0,0,0,0,0,0,0,0,0,0,0,0,0,0,0,0,0,0,23,0,77,0,0,2,100,100,95,0,99,98,51,84,86,0,0,0,0,0
l30,9=0,0,0,0,0,0,0,0,0,0,0,0,0,0,0,0,0,0,0,0,0,0,0,0,0,0,100,100,95,98,0,94,89,49,91,0,0,0,0,0
l31,9=0,0,0,0,0,0,0,0,0,0,0,0,0,0,0,0,18,0,0,56,54,0,32,0,0,0,97,81,84,92,89,0,99,100,100,0,0,0,0,0
l32,9=0,0,0,0,0,0,0,0,0,0,0,0,0,0,0,0,0,0,0,0,0,0,0,44,0,83,99,28,0,21,90,97,0,100,100,0,0,0,0,0
l33,9=0,0,0,0,0,0,0,0,0,0,0,0,30,0,0,0,49,60,0,0,20,13,0,91,90,96,95,0,91,65,32,97,94,0,96,0,0,0,0,0
l34,9=0,0,0,0,0,0,0,0,0,0,0,0,29,0,0,0,85,0,0,0,84,0,0,90,56,89,95,0,1,66,89,97,100,94,0,0,0,0,0,0
l35,9=0,0,0,0,0,0,0,0,0,0,0,0,0,0,0,0,0,0,0,18,70,73,45,0,0,0,0,0,0,0,0,0,0,0,0,0,88,82,76,67
l36,9=0,0,0,0,0,0,0,0,0,0,0,18,20,1,23,44,28,0,0,35,81,54,28,0,31,0,0,0,0,0,0,0,0,0,0,84,0,87,77,73
l37,9=0,0,0,0,0,0,0,0,0,0,0,0,0,0,0,5,6,0,0,1,76,67,24,0,0,0,0,0,0,0,0,0,0,0,0,83,87,0,71,69
l38,9=0,0,0,0,0,0,0,0,0,0,0,18,27,24,0,58,64,9,0,30,81,78,29,0,0,18,0,0,0,0,0,0,0,0,0,84,86,85,0,76
l39,9=0,0,0,0,0,0,0,0,0,0,0,0,0,0,0,0,61,27,0,60,80,77,0,0,0,0,0,0,0,0,0,0,0,0,0,78,74,79,71,0

l0,10=0,93,92,94,92,82,2,77,14,76,72,0,0,0,0,0,0,0,0,0,0,0,0,0,0,0,0,0,0,0,0,0,0,0,0,0,0,0,0,0
l1,10=93,0,92,80,92,92,79,75,7,65,62,0,0,0,0,0,0,0,0,0,0,0,0,2,0,0,0,0,0,0,0,0,0,0,0,0,0,0,0,0
l2,10=92,89,0,93,87,92,86,83,63,83,79,0,0,0,0,0,0,0,0,0,0,0,0,0,0,0,0,0,0,0,0,0,0,0,0,0,0,0,0,0
l3,10=96,84,92,0,97,92,78,80,1,76,2,0,0,0,0,0,0,0,0,0,0,0,0,0,0,0,0,0,0,0,0,0,0,0,0,0,0,0,0,0
l4,10=93,88,85,93,0,92,77,82,75,69,82,0,0,0,34,0,0,0,0,0,0,0,0,0,0,0,0,0,0,0,0,0,0,0,0,0,0,0,0,0
l5,10=85,92,92,88,92,0,87,89,70,82,85,0,0,67,0,0,0,0,0,0,0,0,0,0,0,0,0,0,0,0,0,0,0,0,0,0,0,0,0,0
l6,10=1,80,83,80,81,88,0,89,80,83,83,0,0,48,0,9,14,0,0,0,0,0,0,0,0,0,0,0,0,0,0,0,0,0,0,0,0,0,0,0
l7,10=71,77,61,76,80,87,87,0,84,87,89,49,32,74,15,0,0,0,0,0,0,0,0,0,0,0,0,0,0,0,0,0,0,0,0,0,0,0,0,0
l8,10=4,0,12,47,71,30,74,85,0,93,55,80,59,76,15,76,16,38,0,25,0,0,49,34,0,0,0,0,0,0,0,0,0,0,0,0,0,0,0,0
l9,10=53,46,68,62,45,35,78,89,84,0,88,74,60,77,43,63,0,0,0,0,0,14,0,21,14,0,0,0,0,0,0,0,0,0,0,0,0,0,0,0
l10,10=54,55,63,42,74,62,74,89,62,88,0,58,0,58,0,62,0,49,0,0,0,0,0,0,0,0,0,0,0,0,0,0,0,0,0,0,0,0,0,0
l11,10=0,0,0,0,0,0,0,60,77,77,49,0,82,75,77,85,38,83,0,0,51,58,0,44,52,68,0,0,0,0,0,0,0,0,0,26,55,0,53,0
l12,10=0,0,0,0,0,0,0,0,62,68,0,88,0,66,95,84,89,94,0,0,73,64,0,93,98,99,0,0,0,0,0,0,0,13,0,11,0,0,62,0
l13,10=0,0,0,0,0,31,40,75,81,85,67,83,72,0,53,82,52,23,0,14,58,53,0,41,49,42,0,0,0,0,0,0,0,0,0,0,0,0,55,0
l14,10=0,0,0,0,37,0,0,0,19,75,0,85,97,67,0,47,63,76,0,0,51,39,45,52,97,86,0,0,0,0,0,0,0,40,0,0,67,0,57,0
l15,10=0,0,0,0,0,0,1,0,76,77,72,92,95,74,63,0,53,58,0,24,60,0,39,7,50,42,0,0,0,0,0,0,0,0,0,0,1,0,53,0
l16,10=0,0,0,0,0,0,2,0,6,0,0,44,91,55,57,41,0,57,7,20,72,68,47,35,60,0,0,0,0,0,0,0,0,0,22,3,38,37,81,53
l17,10=0,0,0,0,0,0,0,0,64,0,56,89,97,27,84,49,68,0,0,25,71,76,68,0,50,63,0,0,0,0,0,0,0,22,0,0,60,0,76,38
l18,10=0,0,0,0,0,0,0,0,0,0,0,0,0,0,0,0,49,0,0,71,76,78,0,0,0,0,0,0,0,0,0,0,0,0,0,0,0,0,0,0
l19,10=0,0,0,0,0,0,0,0,27,0,0,0,0,7,0,26,44,36,36,0,81,72,77,0,0,0,48,0,0,0,0,40,11,0,0,39,0,36,39,61
l20,10=0,0,0,0,0,0,0,0,0,0,0,38,64,34,4,23,60,27,31,83,0,92,90,0,0,0,0,0,0,0,0,0,46,0,0,55,76,42,74,76
l21,10=0,0,0,0,0,0,0,0,0,43,0,53,61,29,33,4,53,44,38,44,91,0,89,0,0,0,3,0,0,0,0,0,0,20,0,47,53,39,70,76
l22,10=0,0,0,0,0,0,0,0,48,0,0,0,0,0,30,27,46,38,0,71,89,82,0,0,0,0,39,0,0,24,0,52,0,0,0,62,69,37,75,65
l23,10=0,0,0,0,0,0,0,0,59,55,0,76,98,62,80,18,56,0,0,0,0,0,0,0,99,100,0,0,0,0,0,4,67,50,2,0,0,0,0,0
l24,10=0,0,0,0,0,0,0,0,0,51,0,84,98,72,96,47,91,58,0,0,0,0,0,98,0,98,0,0,0,0,0,0,0,44,24,0,0,0,44,0
l25,10=0,0,0,39,0,0,0,0,0,0,0,81,98,41,92,30,2,43,0,0,0,0,0,99,98,0,41,0,0,0,0,62,62,92,49,0,0,0,55,0
l26,10=0,0,0,0,0,0,0,0,0,0,0,0,0,0,0,0,0,0,0,45,0,0,54,0,0,24,0,68,97,97,98,98,98,53,78,0,0,0,0,0
l27,10=0,0,0,0,0,0,0,0,0,0,0,0,0,0,0,0,0,0,0,0,0,0,0,0,0,0,75,0,93,95,99,82,0,0,77,0,0,0,0,0
l28,10=0,0,0,0,0,0,0,0,0,0,0,0,0,0,0,0,0,0,0,0,2,0,1,0,0,0,88,97,0,97,99,89,57,68,55,0,0,0,0,0
l29,10=0,0,0,0,0,0,0,0,0,0,0,0,0,0,0,0,0,0,0,0,18,0,38,0,0,0,88,97,97,0,99,92,67,1,66,0,0,0,0,0
l30,10=0,0,0,0,0,0,0,0,0,0,0,0,0,0,0,0,0,0,0,0,0,0,0,0,0,0,87,97,97,97,0,86,79,55,76,0,0,0,0,0
l31,10=0,0,0,0,0,0,0,0,0,0,0,0,0,0,0,0,0,0,0,33,0,0,60,27,0,59,88,61,80,97,95,0,99,99,100,0,0,0,0,0
l32,10=0,0,0,0,0,0,0,0,0,0,0,0,0,0,0,0,0,0,0,11,56,0,0,78,11,56,87,0,36,70,78,96,0,99,100,0,0,0,0,0
l33,10=0,0,0,0,0,0,0,0,0,0,0,0,60,0,71,0,0,28,0,0,0,62,0,87,79,94,69,0,82,19,65,99,97,0,97,0,0,0,0,0
l34,10=0,0,0,0,0,0,0,0,0,0,0,0,1,0,0,0,71,0,0,0,19,0,0,37,36,83,81,64,41,50,67,97,99,98,0,0,0,0,0,0
l35,10=0,0,0,0,0,0,0,0,0,0,0,1,10,0,0,0,0,0,0,23,66,55,62,0,0,0,0,0,0,0,0,0,0,0,0,0,81,46,63,64
l36,10=0,0,0,0,0,0,0,0,0,0,0,27,0,0,22,0,31,24,0,0,75,13,63,0,0,0,0,0,0,0,0,0,0,0,0,70,0,45,76,76
l37,10=0,0,0,0,0,0,0,0,0,0,0,0,0,0,0,0,39,0,0,21,71,61,56,0,0,0,0,0,0,0,0,0,0,0,0,60,75,0,64,68
l38,10=0,0,0,0,0,0,0,0,0,0,0,32,50,21,9,20,62,28,0,0,76,72,70,0,1,23,0,0,0,0,0,0,0,0,0,67,82,42,0,81
l39,10=0,0,0,0,0,0,0,0,0,0,0,0,0,0,0,0,52,13,0,36,70,66,62,0,0,0,0,0,0,0,0,0,0,0,0,53,80,42,71,0

l0,11=0,93,85,95,89,85,28,47,19,5,0,0,0,0,0,0,0,0,0,0,0,0,0,0,0,0,0,0,0,0,0,0,0,0,0,0,0,0,0,0
l1,11=86,0,90,83,72,86,78,75,0,11,42,0,0,0,0,0,0,0,0,0,0,0,0,0,0,0,0,0,0,0,0,0,0,0,0,0,0,0,0,0
l2,11=83,92,0,88,84,87,51,78,43,29,11,0,0,0,0,0,0,0,0,0,0,0,0,0,0,0,0,0,0,0,0,0,0,0,0,0,0,0,0,0
l3,11=86,81,84,0,90,84,52,0,0,4,7,0,0,0,0,0,0,0,0,0,0,0,0,0,0,0,0,0,0,0,0,0,0,0,0,0,0,0,0,0
l4,11=82,60,77,91,0,80,77,46,7,4,7,0,0,0,6,0,0,0,0,0,0,0,0,1,0,0,0,0,0,0,0,0,0,0,0,0,0,0,0,0
l5,11=79,92,90,89,83,0,87,86,39,84,2,0,0,0,0,0,0,0,0,0,0,0,0,0,0,0,0,0,0,0,0,0,0,0,0,0,0,0,0,0
l6,11=23,86,17,34,83,82,0,86,60,86,61,8,0,57,0,59,18,0,0,0,0,0,0,0,0,0,0,0,0,0,0,0,0,0,0,0,0,0,0,0
l7,11=63,87,72,38,66,82,86,0,72,86,86,48,37,82,0,33,0,0,0,0,0,0,0,0,0,0,0,0,0,0,0,0,0,0,0,0,0,0,0,0
l8,11=41,0,24,0,22,61,59,64,0,92,54,40,37,86,37,82,0,60,0,37,0,0,0,24,22,0,0,0,0,0,0,0,0,0,0,0,0,0,0,0
l9,11=44,24,4,25,30,79,82,85,77,0,84,39,20,83,0,72,25,2,0,0,0,18,0,1,8,0,0,0,0,0,0,0,0,0,0,0,0,0,0,0
l10,11=0,42,18,66,57,30,68,86,63,89,0,47,0,73,0,70,0,16,0,0,0,0,0,0,0,0,0,0,0,0,0,0,0,0,0,0,0,0,0,0
l11,11=0,6,0,0,0,0,44,50,71,77,46,0,47,84,80,90,72,84,0,0,3,15,28,46,47,38,0,0,0,0,0,0,0,0,0,15,0,0,61,0
l12,11=0,0,0,0,0,0,0,30,69,76,0,51,0,76,95,90,86,95,0,0,60,19,31,52,97,97,0,0,0,0,0,0,0,0,0,0,0,0,68,0
l13,11=0,0,0,0,0,14,56,77,77,86,47,79,26,0,61,87,64,76,0,18,51,17,0,33,36,35,0,0,0,0,0,0,0,0,0,0,0,0,47,0
l14,11=0,0,0,0,30,0,0,0,10,0,0,29,86,62,0,55,84,87,0,0,0,9,6,69,29,81,0,0,0,0,0,0,0,67,17,18,37,0,59,0
l15,11=0,0,0,0,0,0,54,36,71,78,47,88,62,91,58,0,75,85,0,47,68,16,27,14,0,36,0,0,0,0,0,0,0,0,0,5,38,0,61,0
l16,11=0,0,0,0,0,0,32,0,0,48,0,20,30,63,87,80,0,89,8,30,80,27,39,33,58,14,0,0,0,0,0,2,33,27,19,0,49,62,73,26
l17,11=0,0,0,0,0,0,0,0,59,48,30,26,32,74,91,88,87,0,0,0,72,24,38,42,49,0,0,0,0,0,0,0,0,0,0,0,50,0,63,16
l18,11=0,0,0,0,0,0,0,0,0,0,0,0,0,0,0,0,46,0,0,78,69,69,36,0,0,0,0,0,0,0,0,0,0,0,0,0,0,0,0,0
l19,11=0,0,0,0,0,0,0,0,33,0,0,0,0,9,0,52,50,0,51,0,81,67,68,0,0,0,49,0,0,0,0,27,0,0,0,17,25,44,3,35
l20,11=0,0,0,0,0,0,0,0,0,0,0,0,18,44,0,57,75,56,53,90,0,89,84,0,0,0,18,0,0,0,0,0,17,0,0,21,56,53,64,27
l21,11=0,0,0,0,0,0,0,0,0,59,0,12,21,48,36,54,80,62,54,86,87,0,83,0,6,0,0,0,0,0,0,0,0,0,0,15,34,46,72,28
l22,11=0,0,0,0,0,0,0,0,0,0,0,10,18,0,7,40,57,52,1,70,85,82,0,0,0,0,48,0,0,0,0,42,0,0,0,35,58,36,63,41
l23,11=0,0,0,0,19,0,0,0,16,6,0,25,68,57,92,35,59,66,0,0,0,0,0,0,97,97,0,0,0,0,0,16,58,60,0,0,0,0,0,0
l24,11=0,0,0,0,0,0,0,0,19,36,0,24,88,70,43,0,89,78,0,0,0,0,0,95,0,93,0,0,0,0,0,0,0,0,0,0,0,0,0,0
l25,11=0,0,0,0,0,0,0,0,0,0,0,36,88,47,91,60,36,0,0,0,0,0,0,100,94,0,0,0,0,0,0,46,42,89,0,0,0,0,0,0
l26,11=0,0,0,0,0,0,0,0,0,0,0,0,0,0,0,0,0,0,0,29,25,0,51,0,0,0,0,73,91,88,93,85,86,59,58,0,0,0,0,0
l27,11=0,0,0,0,0,0,0,0,0,0,0,0,0,0,0,0,0,0,0,0,0,0,0,0,0,0,75,0,84,93,97,62,0,0,34,0,0,0,0,0
l28,11=0,0,0,0,0,0,0,0,0,0,0,0,0,0,0,0,0,0,0,0,30,0,0,0,0,0,85,96,0,93,97,67,42,0,30,0,0,0,0,0
l29,11=0,0,0,0,0,0,0,0,0,0,0,0,0,0,0,0,0,0,0,0,9,0,0,0,0,0,84,96,91,0,97,78,36,30,32,0,0,0,0,0
l30,11=0,0,0,0,0,0,0,0,0,0,0,0,0,0,0,0,0,0,0,0,0,0,0,0,0,0,85,96,91,93,0,85,57,75,61,0,0,0,0,0
l31,11=0,0,0,0,0,0,0,0,0,0,0,0,0,0,0,0,1,0,0,17,0,0,39,24,0,44,85,71,71,89,81,0,91,100,99,0,0,0,0,0
l32,11=0,0,0,0,0,0,0,0,0,0,0,0,0,0,0,0,23,0,0,0,28,0,0,34,0,21,84,2,42,22,60,90,0,100,99,0,0,0,0,0
l33,11=0,0,0,0,0,0,0,0,0,0,0,0,0,0,81,0,25,0,0,0,13,0,0,74,0,93,71,0,0,69,82,96,95,0,95,0,0,0,0,0
l34,11=0,0,0,0,0,0,0,0,0,0,0,0,0,0,44,0,65,0,0,0,0,0,0,0,0,0,75,72,53,72,74,96,96,98,0,0,0,0,0,0
l35,11=0,0,0,0,0,0,0,0,0,0,0,7,0,0,27,21,0,0,0,31,67,5,41,0,0,0,0,0,0,0,0,0,0,0,0,0,85,67,69,28
l36,11=0,0,0,0,0,0,0,0,0,0,0,0,0,0,30,48,72,66,0,0,79,18,46,0,0,0,0,0,0,0,0,0,0,0,0,49,0,79,73,30
l37,11=0,0,0,0,0,0,0,0,0,0,0,0,0,0,0,0,64,0,0,30,68,18,22,0,0,0,0,0,0,0,0,0,0,0,0,24,56,0,61,30
l38,11=0,0,0,0,0,0,0,0,0,0,0,17,24,33,53,56,84,48,0,0,75,26,46,0,0,0,0,0,0,0,0,0,0,0,0,24,61,69,0,32
l39,11=0,0,0,0,0,0,0,0,0,0,0,0,0,0,0,0,63,0,0,70,69,24,45,0,0,0,0,0,0,0,0,0,0,0,0,22,81,60,73,0

l0,12=0,94,89,92,89,87,77,75,12,65,66,0,0,0,0,0,0,0,0,0,0,0,0,0,0,0,0,0,0,0,0,0,0,0,0,0,0,0,0,0
l1,12=90,0,84,89,85,77,85,84,0,38,68,55,0,0,0,0,0,0,0,0,0,0,0,0,0,0,0,0,0,0,0,0,0,0,0,0,0,0,0,0
l2,12=90,92,0,88,88,87,90,70,54,72,75,0,0,2,0,0,0,0,0,0,0,0,0,0,0,0,0,0,0,0,0,0,0,0,0,0,0,0,0,0
l3,12=90,89,83,0,89,84,0,54,0,12,59,0,0,0,0,0,0,0,0,0,0,0,0,0,0,0,0,0,0,0,0,0,0,0,0,0,0,0,0,0
l4,12=89,88,83,90,0,76,73,70,55,60,47,0,0,0,46,0,0,0,0,0,0,0,0,45,0,0,0,0,0,0,0,0,0,0,0,0,0,0,0,0
l5,12=89,86,89,86,85,0,85,85,74,86,54,0,0,26,0,0,0,0,0,0,0,0,0,17,0,0,0,0,0,0,0,0,0,0,0,0,0,0,0,0
l6,12=75,89,84,7,81,82,0,85,60,31,79,68,0,53,6,68,0,0,0,0,0,0,0,0,0,0,0,0,0,0,0,0,0,0,0,0,0,0,0,0
l7,12=86,88,59,53,85,85,85,0,78,87,89,51,46,77,0,10,0,0,0,0,0,0,0,0,0,0,0,0,0,0,0,0,0,0,0,0,0,0,0,0
l8,12=24,0,44,0,36,57,63,64,0,89,82,65,61,80,6,67,37,30,0,43,0,41,0,0,40,0,0,0,0,0,0,0,0,0,0,0,0,0,0,0
l9,12=43,1,58,30,36,85,52,85,79,0,88,67,58,79,0,61,36,6,0,0,47,53,0,0,19,0,0,0,0,0,0,0,0,0,0,0,0,0,0,0
l10,12=47,66,64,49,23,31,73,90,74,88,0,61,0,72,0,62,0,0,0,0,0,0,0,0,0,0,0,0,0,0,0,0,0,0,0,0,0,0,0,0
l11,12=0,54,0,0,0,0,72,41,61,44,41,0,78,79,66,86,60,56,0,0,50,56,53,70,54,52,0,0,0,0,0,0,0,0,0,13,20,0,62,0
l12,12=0,0,0,0,0,0,0,2,53,39,0,79,0,73,90,86,83,94,0,0,67,62,51,78,95,100,0,0,0,0,0,0,0,31,0,0,0,0,80,0
l13,12=0,0,0,0,0,18,58,71,78,83,49,83,77,0,64,84,59,49,0,0,52,50,0,69,65,44,0,0,0,0,0,0,0,0,0,0,0,0,0,0
l14,12=0,0,0,0,33,0,2,0,0,4,0,72,94,67,0,78,86,54,0,0,0,59,0,88,95,53,0,0,0,0,0,0,0,56,61,27,31,0,61,0
l15,12=0,0,0,0,0,0,73,0,61,45,47,91,85,86,68,0,60,59,0,56,61,68,3,55,76,70,0,0,0,0,0,0,0,0,0,0,0,0,73,0
l16,12=0,0,0,0,0,0,0,0,15,18,0,73,87,69,82,81,0,56,6,65,73,77,65,46,90,69,0,0,0,0,0,0,0,16,0,17,45,48,82,56
l17,12=0,0,0,0,0,0,0,0,25,18,0,88,92,70,79,84,66,0,0,53,74,80,59,69,59,0,0,0,0,0,0,0,0,31,0,0,41,0,69,0
l18,12=0,0,0,0,0,0,0,0,0,0,0,0,0,0,0,0,59,0,0,65,64,56,0,0,0,0,0,0,0,0,0,0,0,0,0,0,0,0,0,0
l19,12=0,0,0,0,0,0,0,0,37,0,0,0,0,0,0,42,48,33,32,0,85,81,73,0,0,0,47,0,24,0,0,58,27,0,0,30,0,0,13,71
l20,12=0,0,0,0,0,0,0,0,0,28,0,44,51,47,0,42,55,42,27,86,0,92,86,0,0,0,36,0,0,0,0,43,0,0,0,42,79,43,83,60
l21,12=0,0,0,0,0,0,0,0,39,38,0,58,58,51,52,58,78,75,29,84,88,0,85,0,57,0,32,0,0,0,0,0,0,0,1,34,39,51,87,66
l22,12=0,0,0,0,0,0,0,0,0,0,0,54,54,0,0,1,45,40,0,79,88,90,0,0,0,0,43,0,0,0,0,0,0,0,0,44,47,0,78,70
l23,12=0,0,0,0,36,4,0,0,0,1,0,61,88,69,87,45,33,38,0,0,0,0,0,0,94,100,0,0,0,0,0,23,28,53,0,0,0,0,0,0
l24,12=0,0,0,0,0,0,0,0,7,24,0,35,94,60,90,83,87,55,0,0,0,56,0,95,0,98,0,0,0,0,0,8,58,0,0,0,24,0,66,0
l25,12=0,0,0,0,0,0,0,0,0,0,0,46,94,30,44,65,74,0,0,0,0,0,0,100,92,0,0,0,0,0,0,70,52,65,91,0,0,0,0,0
l26,12=0,0,0,0,0,0,0,0,0,0,0,0,0,0,0,0,0,0,0,47,41,20,41,0,0,0,0,55,95,84,95,91,74,62,72,0,0,0,0,0
l27,12=0,0,0,0,0,0,0,0,0,0,0,0,0,0,0,0,0,0,0,0,0,0,0,0,0,0,79,0,87,97,98,73,0,17,18,0,0,0,0,0
l28,12=0,0,0,0,0,0,0,0,0,0,0,0,0,0,0,0,0,0,0,52,39,0,0,0,0,0,88,96,0,97,98,78,63,62,66,0,0,0,0,0
l29,12=0,0,0,0,0,0,0,0,0,0,0,0,0,0,0,0,0,0,0,0,0,0,0,0,0,0,83,96,95,0,98,77,74,63,78,0,0,0,0,0
l30,12=0,0,0,0,0,0,0,0,0,0,0,0,0,0,0,0,0,0,0,0,0,0,0,0,0,0,88,96,95,97,0,77,73,40,33,0,0,0,0,0
l31,12=0,0,0,0,0,0,0,0,0,0,0,0,0,0,0,0,0,0,0,62,58,0,0,43,19,75,88,76,89,88,95,0,94,100,100,0,0,0,0,0
l32,12=0,0,0,0,0,0,0,0,0,0,0,0,0,0,0,0,0,0,0,41,0,0,0,52,62,64,81,0,84,85,89,98,0,100,100,0,0,0,0,0
l33,12=0,0,0,0,0,0,0,0,0,0,0,0,47,0,60,0,18,5,0,0,0,0,0,56,2,75,76,26,69,72,67,97,95,0,100,0,0,0,0,0
l34,12=0,0,0,0,0,0,0,0,0,0,0,0,0,0,65,0,0,0,0,0,0,2,0,3,0,85,82,52,83,83,65,97,96,96,0,0,0,0,0,0
l35,12=0,0,0,0,0,0,0,0,0,0,0,4,0,0,14,0,16,0,0,29,55,34,63,0,0,0,0,0,0,0,0,0,0,0,0,0,85,70,81,50
l36,12=0,0,0,0,0,0,0,0,0,0,0,26,0,0,17,0,54,27,0,0,79,64,74,0,13,0,0,0,0,0,0,0,0,0,0,55,0,77,87,81
l37,12=0,0,0,0,0,0,0,0,0,0,0,0,0,0,0,0,44,0,0,0,60,47,0,0,0,0,0,0,0,0,0,0,0,0,0,52,50,0,64,73
l38,12=0,0,0,0,0,0,0,0,0,0,0,49,71,0,25,35,64,22,0,0,79,86,76,0,43,0,0,0,0,0,0,0,0,0,0,54,52,41,0,80
l39,12=0,0,0,0,0,0,0,0,0,0,0,0,0,0,0,0,40,0,0,70,58,64,72,0,0,0,0,0,0,0,0,0,0,0,0,45,60,64,80,0

l0,13=0,93,91,93,90,94,95,90,69,67,76,0,0,0,0,0,0,0,0,0,0,0,0,0,0,0,0,0,0,0,0,0,0,0,0,0,0,0,0,0
l1,13=93,0,91,97,88,94,95,43,0,11,21,0,0,0,0,0,0,0,0,0,0,0,0,0,0,0,0,0,0,0,0,0,0,0,0,0,0,0,0,0
l2,13=93,93,0,92,88,94,95,85,0,84,89,0,0,59,0,0,0,0,0,0,0,0,0,0,0,0,0,0,0,0,0,0,0,0,0,0,0,0,0,0
l3,13=97,97,91,0,92,95,92,47,0,0,49,0,0,0,0,0,0,0,0,0,0,0,0,0,0,0,0,0,0,0,0,0,0,0,0,0,0,0,0,0
l4,13=93,93,91,92,0,94,95,83,11,9,84,0,0,0,0,0,0,0,0,0,0,0,0,0,0,0,0,0,0,0,0,0,0,0,0,0,0,0,0,0
l5,13=93,93,91,92,88,0,95,84,88,87,87,0,0,41,0,0,0,0,0,0,0,0,0,0,0,0,0,0,0,0,0,0,0,0,0,0,0,0,0,0
l6,13=91,90,91,86,88,94,0,0,83,84,0,80,0,78,0,76,0,0,0,0,0,0,0,0,0,0,0,0,0,0,0,0,0,0,0,0,0,0,0,0
l7,13=92,72,83,89,51,59,0,0,91,87,92,28,3,85,0,0,0,0,0,0,0,0,0,0,0,0,0,0,0,0,0,0,0,0,0,0,0,0,0,0
l8,13=46,1,0,47,23,54,56,84,0,93,79,32,52,87,58,20,24,49,0,61,0,42,8,0,28,0,0,0,0,0,0,0,0,0,0,0,0,0,0,0
l9,13=43,29,69,0,22,88,83,85,91,0,92,75,53,87,45,83,31,58,0,0,39,64,0,0,0,0,0,0,0,0,0,0,0,0,0,0,0,0,0,0
l10,13=46,48,71,73,42,55,0,91,90,93,0,31,0,87,0,21,0,0,0,0,0,0,0,0,0,0,0,0,0,0,0,0,0,0,0,0,0,0,0,0
l11,13=0,0,0,0,0,0,51,62,79,37,26,0,96,96,52,91,28,95,0,0,44,52,37,29,23,59,0,0,0,0,0,0,0,0,0,0,2,0,65,0
l12,13=0,0,0,0,0,0,0,0,0,35,0,48,0,62,75,53,32,98,0,0,48,49,38,31,65,100,0,0,0,0,0,0,0,28,0,0,45,0,78,0
l13,13=0,0,18,0,0,30,49,75,92,92,57,95,59,0,53,91,27,86,0,35,39,50,0,32,16,70,0,0,0,0,0,0,0,0,0,0,0,0,66,0
l14,13=0,0,0,0,0,0,0,0,82,37,0,40,100,82,0,27,50,93,0,0,0,50,0,38,99,90,0,0,0,0,0,0,10,15,21,0,1,0,5,0
l15,13=0,0,0,0,0,0,49,0,62,42,26,95,98,96,53,0,34,98,0,61,44,49,0,32,34,78,0,0,0,0,0,0,0,0,0,0,68,0,73,0
l16,13=0,0,0,0,0,0,0,0,64,31,0,32,83,63,60,29,0,96,38,73,39,47,34,1,39,53,0,0,0,0,0,0,0,0,18,61,78,38,84,68
l17,13=0,0,0,0,0,0,0,0,67,34,0,40,98,88,57,30,31,0,0,69,52,58,34,23,38,0,0,0,0,0,0,0,0,28,0,2,77,0,81,0
l18,13=0,0,0,0,0,0,0,0,0,0,0,0,0,0,0,0,52,0,0,93,92,0,34,0,0,0,0,0,0,0,0,0,0,0,0,0,0,0,0,12
l19,13=0,0,0,0,0,0,0,0,56,0,0,0,0,2,0,27,55,59,61,0,92,98,90,0,0,0,38,0,0,17,0,9,1,0,0,0,31,47,53,76
l20,13=0,0,0,0,0,0,0,0,0,28,0,30,78,50,0,24,19,88,64,95,0,99,96,0,0,0,45,0,0,0,0,59,0,0,8,79,87,78,91,82
l21,13=0,0,0,0,0,0,0,0,57,32,0,33,68,63,44,18,27,89,0,95,93,0,96,0,27,0,27,0,0,0,0,0,0,1,0,55,56,0,87,83
l22,13=0,0,0,0,0,0,0,0,1,0,0,24,58,0,0,0,26,63,0,86,92,98,0,0,0,0,44,0,0,0,0,0,0,0,0,75,89,44,87,93
l23,13=0,0,0,0,0,0,0,0,0,6,0,37,91,77,90,48,0,2,0,0,0,0,0,0,37,100,0,0,0,0,0,0,0,28,14,0,0,0,0,0
l24,13=0,0,0,2,0,0,0,0,78,0,0,27,99,0,99,38,70,92,0,0,0,49,0,31,0,100,0,0,0,0,0,0,61,4,0,0,70,0,46,0
l25,13=0,0,0,0,0,0,0,0,0,0,0,20,99,61,73,30,7,0,0,0,0,0,0,100,98,0,0,0,0,22,0,88,73,40,32,0,0,0,0,0
l26,13=0,0,0,0,0,0,0,0,0,0,0,0,0,0,0,0,0,0,0,35,53,20,57,0,0,0,0,90,97,78,100,99,87,83,0,0,0,0,0,0
l27,13=0,0,0,0,0,0,0,0,0,0,0,0,0,0,0,0,0,0,0,0,0,0,0,0,0,0,88,0,94,99,100,83,70,77,60,0,0,0,0,0
l28,13=0,0,0,0,0,0,0,0,0,0,0,0,0,0,0,0,0,0,0,10,0,0,0,0,0,0,97,98,0,99,100,94,69,81,88,0,0,0,0,0
l29,13=0,0,0,0,0,0,0,0,0,0,0,0,0,0,0,0,0,0,0,34,0,0,0,0,0,4,85,98,97,0,100,84,81,79,91,0,0,0,0,0
l30,13=0,0,0,0,0,0,0,0,0,0,0,0,0,0,0,0,0,0,0,0,0,0,0,0,0,0,97,98,97,99,0,91,75,80,20,0,0,0,0,0
l31,13=0,0,0,0,0,0,0,0,0,0,0,0,0,0,0,0,0,0,0,18,53,0,0,0,0,71,97,92,95,97,100,0,99,100,100,0,0,0,0,0
l32,13=0,0,0,0,0,0,0,0,0,0,0,0,0,0,31,0,0,0,0,23,0,0,0,0,69,74,93,75,83,96,87,100,0,100,100,0,0,0,0,0
l33,13=0,0,0,0,0,0,0,0,0,0,0,0,89,0,43,0,0,75,0,0,0,0,0,30,25,95,95,79,93,85,93,98,99,0,100,0,0,0,0,0
l34,13=0,0,0,0,0,0,0,0,0,0,0,0,1,0,55,0,47,0,0,0,44,0,1,42,1,95,0,70,92,95,72,100,99,100,0,0,0,0,0,0
l35,13=0,0,0,0,0,0,0,0,0,0,0,0,0,0,0,0,21,0,0,0,48,34,37,0,0,0,0,0,0,0,0,0,0,0,0,0,93,92,87,83
l36,13=0,0,0,0,0,0,0,0,0,0,0,0,19,0,0,19,26,64,0,16,49,31,39,0,20,0,0,0,0,0,0,0,0,0,0,92,0,87,89,81
l37,13=0,0,0,0,0,0,0,0,0,0,0,0,0,0,0,0,10,0,0,34,45,0,25,0,0,0,0,0,0,0,0,0,0,0,0,82,90,0,78,73
l38,13=0,0,0,0,0,0,0,0,0,0,0,2,71,36,0,22,26,72,0,55,52,54,38,0,4,0,0,0,0,0,0,0,0,0,0,81,89,79,0,78
l39,13=0,0,0,0,0,0,0,0,0,0,0,0,0,0,0,0,24,0,0,68,47,54,45,0,0,0,0,0,0,0,0,0,0,0,0,76,84,59,81,0

l0,14=0,100,100,100,100,100,99,97,95,97,98,0,0,0,0,0,0,0,0,0,0,0,0,0,0,0,0,0,0,0,0,0,0,0,0,0,0,0,0,0
l1,14=100,0,100,100,100,100,57,0,0,0,90,0,0,34,0,0,0,0,0,0,0,0,0,0,1,0,0,0,0,0,0,0,0,0,0,0,0,0,0,0
l2,14=100,100,0,100,100,100,100,100,93,99,100,0,0,92,0,17,0,0,0,0,0,0,0,0,0,0,0,0,0,0,0,0,0,0,0,0,0,0,0,0
l3,14=100,100,99,0,99,100,99,91,0,43,67,0,0,0,0,0,0,0,0,0,0,0,0,0,0,0,0,0,0,0,0,0,0,0,0,0,0,0,0,0
l4,14=100,99,100,100,0,100,99,23,43,55,100,0,0,0,0,3,0,0,0,0,0,0,0,0,0,0,0,0,0,0,0,0,0,0,0,0,0,0,0,0
l5,14=100,100,100,100,100,0,100,100,95,100,100,0,0,93,0,56,0,0,0,0,0,0,0,0,0,0,0,0,0,0,0,0,0,0,0,0,0,0,0,0
l6,14=95,92,100,95,100,100,0,97,86,95,95,100,0,90,0,93,0,0,0,0,0,0,52,0,0,0,0,0,0,0,0,0,0,0,0,0,0,0,0,0
l7,14=100,0,100,96,83,100,99,0,98,100,100,0,0,98,0,4,59,0,0,0,0,0,0,0,0,0,0,0,0,0,0,0,0,0,0,0,0,0,0,0
l8,14=48,0,54,0,43,51,52,60,0,100,100,36,47,44,42,30,11,0,0,11,27,33,45,0,41,0,0,0,0,0,0,0,0,0,0,0,0,0,0,0
l9,14=48,0,54,37,43,97,57,99,98,0,100,58,0,100,53,97,40,30,0,0,47,53,0,45,0,0,0,0,0,0,0,0,0,0,0,0,0,0,0,0
l10,14=93,97,90,51,100,100,98,100,98,100,0,37,48,100,35,38,0,0,0,0,15,0,0,0,0,0,0,0,0,0,0,0,0,0,0,0,0,0,0,0
l11,14=0,0,0,0,0,0,89,0,40,95,31,0,97,99,96,98,96,97,0,0,51,33,62,90,0,33,0,0,0,0,0,0,0,0,0,0,51,0,30,0
l12,14=0,0,0,0,0,0,0,0,52,0,11,69,0,98,96,58,26,97,0,5,59,4,50,98,94,99,0,0,0,0,0,0,0,54,0,2,0,0,0,0
l13,14=9,69,97,0,26,99,88,98,94,99,94,99,97,0,74,98,41,97,0,0,0,59,0,86,94,61,0,0,0,0,0,0,0,0,0,0,0,0,43,0
l14,14=0,0,0,0,0,0,0,0,46,26,5,69,100,44,0,30,61,83,0,0,0,14,0,99,99,16,0,0,0,0,0,0,33,52,0,0,0,0,28,0
l15,14=0,0,0,0,3,30,72,0,96,61,30,100,97,100,73,0,83,97,0,36,57,28,0,98,94,31,0,0,0,0,0,0,0,0,0,0,11,0,35,0
l16,14=0,0,0,0,0,0,0,33,18,21,0,69,83,15,71,58,0,95,7,63,42,36,95,22,92,0,0,0,0,0,0,0,0,52,53,89,89,39,23,20
l17,14=0,0,0,0,0,0,0,0,0,29,0,98,98,98,74,97,61,0,0,56,59,59,92,96,94,36,0,0,0,0,0,0,0,1,0,47,52,0,53,0
l18,14=0,0,0,0,0,0,0,0,0,0,0,0,0,0,0,0,78,0,0,87,92,50,82,0,0,0,0,0,0,0,0,0,0,0,0,0,0,0,0,0
l19,14=0,0,0,0,0,0,0,0,3,0,0,0,90,0,0,46,60,93,83,0,97,93,92,0,0,0,0,0,1,47,0,0,0,0,0,89,88,86,50,64
l20,14=0,0,0,0,0,0,0,0,1,54,0,66,93,0,0,54,58,94,92,97,0,96,98,0,0,0,0,0,0,0,0,0,0,0,86,93,97,84,94,55
l21,14=0,0,0,0,0,0,0,0,85,56,3,65,93,93,66,53,60,93,2,97,98,0,98,0,89,0,0,0,0,0,0,0,0,0,73,91,87,84,43,92
l22,14=0,0,0,0,0,0,42,0,30,1,0,65,91,0,0,0,94,91,87,93,98,96,0,0,4,0,54,0,0,0,0,0,0,0,0,90,91,0,86,94
l23,14=0,0,0,0,0,0,0,0,0,33,0,34,97,37,96,58,2,40,0,0,0,0,0,0,47,100,0,0,0,0,0,0,42,51,55,0,0,0,0,0
l24,14=0,0,0,0,0,0,0,0,45,0,0,0,100,43,96,57,64,99,0,0,0,32,0,45,0,68,0,0,0,0,0,0,0,0,0,0,45,0,0,0
l25,14=0,0,0,0,0,0,0,0,0,0,0,34,100,67,33,32,0,40,0,0,0,0,0,100,99,0,0,0,4,0,0,0,40,83,95,0,0,0,0,0
l26,14=0,0,0,0,0,0,0,0,0,0,0,0,0,0,0,0,0,0,0,0,38,0,81,0,0,0,0,88,100,91,98,100,96,90,94,0,0,0,0,0
l27,14=0,0,0,0,0,0,0,0,0,0,0,0,0,0,0,0,0,0,0,0,0,0,0,0,0,0,91,0,99,100,99,94,93,87,2,0,0,0,0,0
l28,14=0,0,0,0,0,0,0,0,0,0,0,0,0,0,0,0,0,0,0,29,0,0,0,0,0,19,100,100,0,100,99,99,89,88,94,0,0,0,0,0
l29,14=0,0,0,0,0,0,0,0,0,0,0,0,0,0,0,0,0,0,0,83,0,0,0,0,0,0,91,100,100,0,99,94,92,0,92,0,0,0,0,0
l30,14=0,0,0,0,0,0,0,0,0,0,0,0,0,0,0,0,0,0,0,0,0,0,0,0,0,0,95,100,100,100,0,94,89,90,0,0,0,0,0,0
l31,14=0,0,0,0,0,0,0,0,0,0,0,0,0,0,0,0,0,0,0,0,0,0,0,0,0,0,100,83,98,98,94,0,99,100,99,0,0,0,0,0
l32,14=0,0,0,0,0,0,0,0,0,0,0,0,0,0,70,0,0,0,0,0,0,0,0,96,0,69,99,84,92,96,94,100,0,100,100,0,0,0,0,0
l33,14=0,0,0,0,0,0,0,0,0,0,0,0,93,0,84,0,84,1,0,0,0,0,0,91,0,95,97,80,95,0,97,100,100,0,99,0,0,0,0,0
l34,14=0,0,0,0,0,0,0,0,0,0,0,0,92,0,0,0,94,0,0,0,93,68,0,96,0,95,98,10,97,96,0,100,100,100,0,0,0,0,0,0
l35,14=0,0,0,0,0,0,0,0,0,0,0,0,56,0,0,0,55,70,0,67,51,51,82,0,0,0,0,0,0,0,0,0,0,0,0,0,98,95,89,93
l36,14=0,0,0,0,0,0,0,0,0,0,0,38,0,0,0,0,48,40,0,60,53,38,85,0,56,0,0,0,0,0,0,0,0,0,0,96,0,81,53,54
l37,14=0,0,0,0,0,0,0,0,0,0,0,0,0,0,0,0,3,0,0,53,49,31,0,0,0,0,0,0,0,0,0,0,0,0,0,94,84,0,50,53
l38,14=0,0,0,0,0,0,0,0,0,0,0,41,0,2,48,19,22,91,0,57,58,15,88,0,0,0,0,0,0,0,0,0,0,0,0,94,98,85,0,56
l39,14=0,0,0,0,0,0,0,0,0,0,0,0,0,0,0,0,59,0,0,74,54,56,85,0,0,0,0,0,0,0,0,0,0,0,0,90,86,86,50,0

l0,15=0,98,96,100,100,100,97,98,97,97,6,0,0,0,0,0,0,0,0,0,0,0,0,0,0,0,0,0,0,0,0,0,0,0,0,0,0,0,0,0
l1,15=98,0,97,99,98,100,97,98,97,96,97,0,0,88,0,0,0,0,0,0,0,0,0,0,57,0,0,0,0,0,0,0,0,0,0,0,0,0,0,0
l2,15=98,97,0,99,98,100,97,98,97,97,1,77,0,96,0,0,0,0,0,0,0,0,0,0,0,0,0,0,0,0,0,0,0,0,0,0,0,0,0,0
l3,15=100,100,95,0,99,99,86,0,0,0,54,0,0,0,0,0,0,0,0,0,0,0,0,0,0,0,0,0,0,0,0,0,0,0,0,0,0,0,0,0
l4,15=100,99,96,100,0,100,97,98,0,96,97,0,0,0,0,0,0,0,0,0,0,0,0,0,0,0,0,0,0,0,0,0,0,0,0,0,0,0,0,0
l5,15=98,98,97,99,100,0,97,98,97,97,98,0,0,96,0,76,0,0,0,0,0,0,0,0,0,0,0,0,0,0,0,0,0,0,0,0,0,0,0,0
l6,15=98,97,96,96,97,93,0,98,97,97,98,97,87,94,0,95,0,0,0,0,0,0,31,0,0,0,0,0,0,0,0,0,0,0,0,0,0,0,0,0
l7,15=98,97,96,61,98,96,97,0,97,97,99,0,0,14,27,0,93,0,0,0,0,0,0,0,0,0,0,0,0,0,0,0,0,0,0,0,0,0,0,0
l8,15=97,65,56,0,0,93,95,98,0,100,100,61,96,95,73,58,0,0,0,40,11,57,83,0,95,0,0,0,0,0,0,0,0,0,0,0,0,0,0,0
l9,15=99,52,46,0,97,100,99,99,99,0,100,66,0,100,0,99,62,25,0,0,93,64,10,56,0,0,0,0,0,0,0,0,0,0,0,0,0,0,0,0
l10,15=1,95,0,96,98,96,97,100,97,100,0,0,90,96,38,0,31,0,0,0,0,0,0,0,0,0,0,0,0,0,0,0,0,0,0,0,0,0,0,0
l11,15=0,0,1,0,1,0,99,0,99,75,0,0,100,100,75,100,94,99,0,19,55,60,86,98,98,63,0,0,0,0,0,0,0,0,0,0,99,0,98,0
l12,15=0,0,0,0,0,0,28,0,96,0,55,99,0,99,99,99,84,99,0,65,47,0,83,99,100,100,0,0,0,0,0,0,0,0,0,33,90,0,64,0
l13,15=0,60,57,0,0,100,95,1,98,100,61,100,99,0,76,98,62,99,0,0,0,17,28,96,77,62,0,0,0,0,0,0,0,0,0,0,0,0,0,0
l14,15=0,0,0,0,0,0,0,0,80,0,6,54,100,95,0,58,62,99,0,0,0,0,0,99,100,63,0,0,0,0,0,0,0,59,0,0,1,0,81,0
l15,15=0,0,0,0,0,38,94,0,99,75,0,100,99,99,79,0,62,100,0,0,55,60,0,99,98,61,0,0,0,0,0,0,0,0,0,70,0,0,99,0
l16,15=0,0,0,0,0,0,1,91,0,64,12,63,86,85,79,59,0,92,92,77,38,25,86,0,98,0,0,0,0,0,0,3,65,53,0,81,99,84,83,0
l17,15=0,0,0,0,0,0,0,0,0,70,0,59,99,97,79,64,62,0,0,79,46,60,86,93,98,60,0,0,0,0,0,0,0,59,45,0,91,13,99,0
l18,15=0,0,0,0,0,0,0,0,0,0,0,0,0,0,0,0,90,0,0,79,77,2,72,0,0,0,0,0,0,0,0,0,0,0,0,0,0,0,0,0
l19,15=0,0,0,0,0,0,0,0,12,0,0,5,69,0,0,0,44,80,48,0,96,96,97,0,0,0,32,0,0,56,0,57,0,0,0,68,89,0,78,74
l20,15=0,0,0,0,0,0,0,0,0,72,0,56,82,0,0,55,59,92,79,99,0,100,99,0,0,0,0,0,0,0,0,0,0,0,0,85,98,78,99,94
l21,15=0,0,0,0,0,0,0,0,88,69,0,65,0,12,0,58,62,99,0,99,97,0,99,0,88,0,0,0,0,0,0,0,0,0,50,77,98,92,99,93
l22,15=0,0,0,0,0,0,8,0,73,50,0,49,68,5,0,0,93,81,40,94,96,99,0,0,0,0,31,0,0,0,0,0,0,0,0,69,86,78,79,67
l23,15=0,0,0,0,0,0,0,0,0,66,0,54,99,65,99,97,0,94,0,0,0,0,0,0,100,100,0,0,0,0,0,0,93,98,0,0,0,0,0,0
l24,15=0,0,0,0,0,0,0,0,92,0,0,55,100,46,99,100,98,99,0,0,0,54,0,100,0,94,0,0,0,0,0,0,91,5,0,0,78,0,0,0
l25,15=0,0,0,0,0,0,0,0,0,0,0,82,98,95,96,57,0,92,0,0,0,0,0,96,98,0,55,0,51,0,0,84,93,50,61,0,0,0,0,0
l26,15=0,0,0,0,0,0,0,0,0,0,0,0,0,0,0,0,0,0,0,71,20,0,72,0,0,73,0,81,97,96,95,97,93,70,74,0,0,0,0,0
l27,15=0,0,0,0,0,0,0,0,0,0,0,0,0,0,0,0,0,0,0,0,0,0,0,0,0,0,95,0,97,98,97,92,94,89,75,0,0,0,0,0
l28,15=0,0,0,0,0,0,0,0,0,0,0,0,0,0,0,0,0,0,0,0,0,0,0,0,0,69,98,86,0,98,97,97,88,93,72,0,0,0,0,0
l29,15=0,0,0,0,0,0,0,0,0,0,0,0,0,0,0,0,0,0,0,83,0,0,37,0,0,1,98,86,97,0,48,95,95,89,79,0,0,0,0,0
l30,15=0,0,0,0,0,0,0,0,0,0,0,0,0,0,0,0,0,0,0,0,0,0,0,0,0,0,96,86,97,98,0,92,93,89,0,0,0,0,0,0
l31,15=0,0,0,0,0,0,0,0,0,0,0,0,0,0,0,0,0,0,0,41,3,0,0,0,0,80,98,70,96,96,90,0,99,97,84,0,0,0,0,0
l32,15=0,0,0,0,0,0,0,0,0,0,0,0,76,0,0,0,86,0,0,0,0,0,0,87,85,88,93,74,81,84,90,97,0,97,84,0,0,0,0,0
l33,15=0,0,0,0,0,0,0,0,0,0,0,0,38,0,88,0,88,92,0,0,0,0,0,90,82,90,51,70,83,84,92,94,97,0,97,0,0,0,0,0
l34,15=0,0,0,0,0,0,0,0,0,0,0,0,4,0,0,0,1,38,0,0,40,44,0,0,0,88,92,66,81,83,0,91,99,97,0,0,0,0,0,0
l35,15=0,0,0,0,0,0,0,0,0,0,0,0,59,0,0,31,41,0,0,18,37,34,66,0,0,0,0,0,0,0,0,0,0,0,0,0,99,93,91,92
l36,15=0,0,0,0,0,0,0,0,0,0,0,50,68,0,0,0,52,72,0,80,43,53,76,0,21,0,0,0,0,0,0,0,0,0,0,87,0,94,99,89
l37,15=0,0,0,0,0,0,0,0,0,0,0,0,0,0,0,0,0,0,0,0,9,41,68,0,0,0,0,0,0,0,0,0,0,0,0,99,95,0,92,91
l38,15=0,0,0,0,0,0,0,0,0,0,0,27,62,0,45,51,49,90,0,74,51,57,70,0,0,0,0,0,0,0,0,0,0,0,0,85,99,93,0,96
l39,15=0,0,0,0,0,0,0,0,0,0,0,0,0,0,0,0,0,0,0,73,33,49,68,0,0,0,0,0,0,0,0,0,0,0,0,97,96,92,93,0

