t=2016-04-13_23.56.05

n=40

q0=1
q1=1
q2=1
q3=1
q4=1
q5=1
q6=1
q7=1
q8=1
q9=1
q10=1
q11=1
q12=1
q13=1
q14=1
q15=1
q16=1
q17=1
q18=1
q19=1
q20=1
q21=1
q22=1
q23=1
q24=1
q25=1
q26=1
q27=1
q28=1
q29=1
q30=1
q31=1
q32=1
q33=1
q34=1
q35=1
q36=1
q37=1
q38=1
q39=1

a0=0x141592000c576ce6
a1=0x141592000c5aedbc
a2=0x141592000c5750f4
a3=0x141592000c576658
a4=0x141592000c575890
a5=0x141592000c574ffa
a6=0x141592000c5acf11
a7=0x141592000d9df361
a8=0x141592000c576300
a9=0x141592000c5779b6
a10=0x141592000c5762b9
a11=0x141592000c5af078
a12=0x141592000c575517
a13=0x141592000c5752c3
a14=0x141592000c5a4baa
a15=0x141592000c5776e7
a16=0x141592000c58cdeb
a17=0x141592000c5881fc
a18=0x141592000bd81d33
a19=0x141592000bd84d6a
a20=0x141592000c577233
a21=0x141592000c574527
a22=0x141592000c5746a3
a23=0x141592000c574da3
a24=0x141592000c5741c9
a25=0x141592000da244ea
a26=0x141592000c5ae886
a27=0x141592000c57510e
a28=0x141592000c5ab6c8
a29=0x141592000c574d05
a30=0x141592000edae61f
a31=0x141592000c57667e
a32=0x141592000c577f43
a33=0x141592000c576449
a34=0x1415920010f4117a
a35=0x141592000c575966
a36=0x141592000c574d35
a37=0x141592000c576fb1
a38=0x141592000c5aea5d
a39=0x141592000c59f23f

l0,0=0,92,71,92,79,89,82,53,31,73,64,0,0,21,0,0,0,0,0,0,0,0,0,0,0,0,0,0,0,0,0,0,0,0,0,0,0,0,0,0
l1,0=89,0,77,88,90,91,89,77,64,53,82,0,0,3,0,0,0,0,0,0,0,0,0,0,0,0,0,0,0,0,0,0,0,0,0,0,0,0,0,0
l2,0=79,92,0,47,81,82,91,77,61,70,82,0,0,43,0,0,0,0,0,0,0,0,0,0,0,0,0,0,0,0,0,0,0,0,0,0,0,0,0,0
l3,0=95,90,53,0,90,89,89,54,67,0,77,0,0,0,0,0,0,0,0,0,0,0,0,0,0,0,0,0,0,0,0,0,0,0,0,0,0,0,0,0
l4,0=65,91,76,87,0,85,1,33,0,61,5,0,0,49,0,0,0,0,0,0,0,0,0,0,0,0,0,0,0,0,0,0,0,0,0,0,0,0,0,0
l5,0=79,95,60,59,71,0,85,75,65,69,81,0,0,11,0,0,0,0,0,0,0,0,0,0,0,0,0,0,0,0,0,0,0,0,0,0,0,0,0,0
l6,0=48,66,72,43,29,67,0,76,60,57,66,16,0,46,0,41,39,0,0,0,0,0,0,0,0,0,0,0,0,0,0,0,0,0,0,0,0,0,0,0
l7,0=50,70,61,30,40,65,86,0,63,61,81,33,0,14,0,11,0,0,0,0,0,0,0,0,0,0,0,0,0,0,0,0,0,0,0,0,0,0,0,0
l8,0=0,14,17,16,0,42,69,33,0,82,40,41,51,79,54,67,72,28,0,0,0,32,16,1,45,0,0,0,0,0,0,0,0,0,0,0,0,0,16,0
l9,0=62,28,51,0,66,73,71,70,91,0,84,35,41,57,21,56,43,58,0,0,0,0,30,0,0,0,0,0,0,0,0,0,0,0,0,0,0,0,0,0
l10,0=44,72,63,43,35,70,75,80,63,86,0,57,46,62,0,58,0,0,0,0,0,0,0,0,0,0,0,0,0,0,0,0,0,0,0,0,0,0,0,0
l11,0=0,0,0,0,0,0,51,32,46,31,29,0,81,84,76,93,75,84,0,52,0,6,0,0,46,36,0,0,0,0,0,0,0,0,0,0,70,0,24,0
l12,0=0,0,0,0,0,0,0,0,39,27,24,79,0,77,83,92,67,100,0,0,19,19,0,78,87,70,0,0,0,0,0,0,0,22,0,0,42,0,29,0
l13,0=0,0,11,0,36,0,49,0,78,36,53,51,71,0,77,73,16,68,0,45,0,28,36,57,41,54,0,0,0,0,0,0,0,0,0,0,0,0,18,0
l14,0=0,0,0,0,0,0,0,0,41,27,0,30,79,82,0,82,88,82,0,0,21,5,0,87,70,89,0,0,0,0,0,0,0,23,0,0,31,0,0,0
l15,0=0,0,0,0,0,0,37,0,46,31,25,86,79,77,77,0,46,77,0,0,5,0,37,0,72,0,0,0,0,0,0,0,0,0,0,0,44,0,23,0
l16,0=0,0,0,0,0,0,35,0,46,18,0,29,60,30,85,46,0,95,0,59,16,30,57,30,58,0,0,0,0,0,0,0,0,18,0,34,53,0,29,19
l17,0=0,0,0,0,0,0,0,0,32,26,0,33,88,77,87,84,97,0,0,0,27,24,32,0,55,67,0,0,0,0,0,0,0,23,0,0,67,52,24,0
l18,0=0,0,0,0,0,0,0,0,0,0,0,0,0,0,0,0,0,0,0,0,74,24,70,0,0,0,0,0,0,0,0,0,0,0,0,0,0,0,0,0
l19,0=0,0,0,0,0,0,0,0,2,0,0,13,0,53,0,0,54,0,0,0,77,30,89,0,0,0,0,0,0,0,0,28,0,0,0,38,66,0,58,67
l20,0=0,0,0,0,0,0,0,0,0,0,0,0,30,2,39,7,60,55,82,90,0,89,88,0,0,0,0,0,0,0,0,0,0,0,7,32,95,86,91,68
l21,0=0,0,0,0,0,0,0,0,28,0,0,1,31,57,13,0,84,43,35,42,99,0,88,0,0,0,0,0,0,0,0,0,0,0,0,44,49,0,83,19
l22,0=0,0,0,0,0,0,0,0,22,13,0,0,1,45,0,43,72,26,55,90,99,89,0,0,29,0,36,0,0,1,0,0,29,0,0,47,79,34,71,50
l23,0=0,0,0,0,0,0,0,0,34,0,0,0,73,64,83,0,55,0,0,0,0,0,0,0,77,58,0,0,0,0,0,0,0,4,23,0,0,0,0,0
l24,0=0,0,0,0,0,0,0,0,42,0,0,23,90,63,81,77,82,78,0,0,0,0,45,84,0,70,0,0,0,0,0,0,54,23,19,0,0,0,0,0
l25,0=0,0,0,0,0,0,0,0,1,0,0,10,64,58,89,0,0,64,0,0,0,0,0,38,64,0,46,8,0,0,0,27,61,27,41,0,0,0,0,0
l26,0=0,0,0,0,0,0,0,0,0,0,0,0,0,0,0,0,0,0,0,35,0,0,63,0,0,63,0,65,92,92,91,85,66,54,65,0,0,0,0,0
l27,0=0,0,0,0,0,0,0,0,0,0,0,0,0,0,0,0,0,0,0,0,0,0,0,0,0,1,83,0,92,96,97,82,70,60,81,0,0,0,0,0
l28,0=0,0,0,0,0,0,0,0,0,0,0,0,0,0,0,0,0,0,0,6,0,0,36,0,0,0,84,100,0,96,96,86,73,65,72,0,0,0,0,0
l29,0=0,0,0,0,0,0,0,0,0,0,0,0,0,0,0,0,0,0,0,3,0,0,13,0,0,0,83,100,92,0,96,70,65,55,64,0,0,0,0,0
l30,0=0,0,0,0,0,0,0,0,0,0,0,0,0,0,0,0,0,0,0,0,0,0,0,0,0,0,82,100,92,96,0,80,81,81,0,0,0,0,0,0
l31,0=0,0,0,0,0,0,0,0,0,0,0,0,0,0,0,0,0,0,0,59,0,0,10,1,0,56,80,61,82,75,64,0,84,78,92,0,0,0,0,0
l32,0=0,0,0,0,0,0,0,0,0,0,0,0,0,0,0,0,0,0,0,0,0,0,48,18,56,67,73,61,76,64,63,86,0,84,93,0,0,0,0,0
l33,0=0,0,0,0,0,0,0,0,0,0,0,0,46,0,56,0,53,49,0,0,0,0,0,17,45,62,52,43,71,45,57,80,84,0,77,0,0,0,0,0
l34,0=0,0,0,0,0,0,0,0,0,0,0,0,0,0,0,0,0,0,0,0,39,0,0,63,56,72,61,61,75,61,0,92,93,63,0,0,0,0,0,0
l35,0=0,0,0,0,0,0,0,0,0,0,0,0,0,0,0,0,36,0,0,33,1,17,33,0,0,0,0,0,0,0,0,0,0,0,0,0,58,83,89,21
l36,0=0,0,0,0,0,0,0,0,0,0,0,17,15,0,9,43,44,48,0,52,30,16,58,0,0,0,0,0,0,0,0,0,0,0,0,51,0,75,32,24
l37,0=0,0,0,0,0,0,0,0,0,0,0,0,0,0,0,0,0,34,0,0,24,0,32,0,0,0,0,0,0,0,0,0,0,0,0,69,90,0,21,30
l38,0=0,0,0,0,0,0,0,0,22,0,0,13,44,56,0,58,72,27,0,54,34,29,62,0,0,0,0,0,0,0,0,0,0,0,0,78,92,54,0,26
l39,0=0,0,0,0,0,0,0,0,0,0,0,0,0,0,0,0,42,0,0,71,34,19,65,0,0,0,0,0,0,0,0,0,0,0,0,60,90,85,31,0

l0,1=0,72,65,85,44,74,71,49,0,68,26,0,0,0,0,0,0,0,0,0,0,0,0,0,0,0,0,0,0,0,0,0,0,0,0,0,0,0,0,0
l1,1=85,0,83,78,84,87,49,63,47,43,55,0,0,10,0,0,0,0,0,0,0,0,0,0,0,0,0,0,0,0,0,0,0,0,0,0,0,0,0,0
l2,1=85,84,0,40,78,91,83,66,29,74,74,0,0,0,0,5,0,0,0,0,0,0,0,0,0,0,0,0,0,0,0,0,0,0,0,0,0,0,0,0
l3,1=83,73,57,0,80,81,0,2,0,9,48,0,0,0,0,0,0,0,0,0,0,0,0,0,0,0,0,0,0,0,0,0,0,0,0,0,0,0,0,0
l4,1=67,72,62,67,0,79,52,50,0,60,37,0,0,30,0,0,0,0,0,0,0,0,0,0,0,0,0,0,0,0,0,0,0,0,0,0,0,0,0,0
l5,1=75,77,81,58,56,0,68,81,58,71,64,0,0,0,0,0,0,0,0,0,0,0,0,0,0,0,0,0,0,0,0,0,0,0,0,0,0,0,0,0
l6,1=65,49,59,0,33,54,0,73,62,54,62,28,1,33,0,0,20,0,0,0,0,0,0,0,0,0,0,0,0,0,0,0,0,0,0,0,0,0,0,0
l7,1=38,16,28,10,16,57,66,0,69,69,79,24,2,12,0,7,0,0,0,0,0,0,0,0,0,0,0,0,0,0,0,0,0,0,0,0,0,0,0,0
l8,1=0,11,0,0,0,13,35,61,0,79,55,44,8,60,19,49,28,28,0,0,0,35,24,3,0,0,0,0,0,0,0,0,0,0,0,0,0,0,2,0
l9,1=50,8,42,9,32,47,33,65,83,0,72,39,14,60,15,36,23,36,0,0,0,23,20,0,0,0,0,0,0,0,0,0,0,0,0,0,0,0,0,0
l10,1=38,51,54,33,33,49,61,88,69,84,0,33,0,55,0,39,0,0,0,0,0,5,0,0,0,0,0,0,0,0,0,0,0,0,0,0,0,0,0,0
l11,1=0,0,0,0,0,0,23,18,29,43,28,0,65,65,33,63,30,61,0,40,0,28,0,0,14,3,0,0,0,0,0,0,0,0,0,28,54,0,15,0
l12,1=0,0,0,0,0,0,0,0,3,32,0,64,0,62,65,58,42,76,0,0,21,31,35,54,86,16,0,0,0,0,0,0,0,5,0,0,0,0,12,0
l13,1=0,0,0,0,10,0,22,0,40,58,50,66,46,0,33,14,29,52,0,25,11,25,21,33,8,7,0,0,0,0,0,0,0,0,0,0,0,0,10,0
l14,1=0,0,0,0,0,0,0,0,25,35,0,56,83,47,0,28,54,52,0,0,23,32,0,61,50,42,0,0,0,0,0,0,0,0,0,0,0,0,0,0
l15,1=0,0,0,0,0,0,0,1,33,33,27,80,78,30,18,0,24,61,0,0,12,0,25,23,58,0,0,0,0,0,0,0,0,0,0,0,41,0,0,0
l16,1=0,0,0,0,0,0,5,0,13,30,0,34,33,37,26,14,0,58,0,35,25,35,48,27,13,4,0,0,0,0,0,0,0,13,0,31,34,0,5,9
l17,1=0,0,0,0,0,0,0,0,15,34,0,76,88,47,28,35,40,0,0,0,24,31,44,2,16,11,0,0,0,0,0,0,0,16,0,0,48,0,0,0
l18,1=0,0,0,0,0,0,0,0,0,0,0,0,0,0,0,0,0,0,0,13,29,37,48,0,0,0,0,0,0,0,0,0,0,0,0,0,0,0,0,0
l19,1=0,0,0,0,0,0,0,0,0,0,0,21,0,33,0,0,22,0,37,0,37,22,63,0,0,0,0,0,0,0,0,35,0,0,0,17,52,4,26,48
l20,1=0,0,0,0,0,0,0,0,0,0,0,0,20,33,13,12,30,37,51,71,0,57,66,0,0,0,0,0,0,0,0,0,0,0,0,54,65,45,34,30
l21,1=0,0,0,0,0,0,0,0,27,29,3,20,24,37,16,0,44,32,43,40,43,0,64,0,1,0,0,0,0,0,0,33,30,0,0,53,6,32,25,34
l22,1=0,0,0,0,0,0,0,0,19,25,0,0,21,34,0,17,45,39,48,72,44,50,0,0,5,0,23,0,0,1,0,0,0,0,0,47,60,38,28,49
l23,1=0,0,0,0,0,0,0,0,1,0,0,0,46,44,52,26,27,0,0,0,0,0,0,0,71,17,0,0,0,0,0,0,0,0,33,0,0,0,0,0
l24,1=0,0,0,0,0,0,0,0,0,0,0,44,82,37,35,32,33,53,0,0,0,0,25,60,0,28,0,0,0,0,0,0,44,30,28,0,10,0,0,0
l25,1=0,0,0,0,0,0,0,0,12,0,0,12,61,40,59,0,25,42,0,0,0,0,0,48,62,0,24,0,18,3,0,47,0,38,31,0,0,0,0,0
l26,1=0,0,0,0,0,0,0,0,0,0,0,0,0,0,0,0,0,0,0,0,0,0,49,0,0,31,0,59,80,67,64,67,66,62,54,0,0,0,0,0
l27,1=0,0,0,0,0,0,0,0,0,0,0,0,0,0,0,0,0,0,0,0,0,0,0,0,0,0,54,0,76,71,97,51,70,67,64,0,0,0,0,0
l28,1=0,0,0,0,0,0,0,0,0,0,0,0,0,0,0,0,0,0,0,0,0,0,0,0,0,22,62,80,0,74,80,67,53,75,69,0,0,0,0,0
l29,1=0,0,0,0,0,0,0,0,0,0,0,0,0,0,0,0,0,0,0,19,0,0,8,0,0,0,55,80,85,0,79,51,55,52,54,0,0,0,0,0
l30,1=0,0,0,0,0,0,0,0,0,0,0,0,0,0,0,0,0,0,0,0,0,0,0,0,0,0,59,89,83,72,0,59,64,73,0,0,0,0,0,0
l31,1=0,0,0,0,0,0,0,0,0,0,0,0,0,0,0,0,0,0,0,50,1,30,0,0,0,34,54,49,56,34,43,0,67,69,69,0,0,0,0,0
l32,1=0,0,0,0,0,0,0,0,0,0,0,0,0,0,0,0,2,0,0,0,0,32,2,7,23,0,53,49,34,24,42,65,0,70,77,0,0,0,0,0
l33,1=0,0,0,0,0,0,0,0,0,0,0,0,14,0,0,0,42,48,0,0,0,0,0,4,42,35,50,51,55,29,56,65,66,0,57,0,0,0,0,0
l34,1=0,0,0,0,0,0,0,0,0,0,0,0,0,0,0,0,0,0,0,0,7,0,0,41,22,31,45,46,52,22,0,69,84,70,0,0,0,0,0,0
l35,1=0,0,0,0,0,0,0,0,0,0,0,6,0,0,0,0,21,0,2,0,23,35,39,0,0,0,0,0,0,0,0,0,0,0,0,0,64,45,38,22
l36,1=0,0,0,0,0,0,0,0,0,0,0,38,0,0,0,13,28,37,0,53,32,15,55,0,2,0,0,0,0,0,0,0,0,0,0,62,0,52,23,28
l37,1=0,0,0,0,0,0,0,0,0,0,0,0,0,0,0,0,0,0,0,13,31,9,45,0,0,0,0,0,0,0,0,0,0,0,0,63,65,0,17,36
l38,1=0,0,0,0,0,0,0,0,4,0,0,33,31,37,0,0,24,0,0,54,32,38,50,0,0,0,0,0,0,0,0,0,0,0,0,71,71,43,0,26
l39,1=0,0,0,0,0,0,0,0,0,0,0,0,0,0,0,0,21,0,0,49,34,34,56,0,0,0,0,0,0,0,0,0,0,0,0,46,63,52,16,0

l0,2=0,81,67,63,73,69,65,0,0,59,48,0,0,0,0,0,0,0,0,0,0,0,0,0,0,0,0,0,0,0,0,0,0,0,0,0,0,0,0,0
l1,2=79,0,60,73,72,80,69,0,16,68,69,0,0,0,0,0,0,0,0,0,0,0,0,0,0,0,0,0,0,0,0,0,0,0,0,0,0,0,0,0
l2,2=86,75,0,68,78,83,84,75,16,78,69,0,0,0,0,0,0,0,0,0,0,0,0,0,0,0,0,0,0,0,0,0,0,0,0,0,0,0,0,0
l3,2=77,88,60,0,50,78,18,0,23,1,8,0,0,0,0,0,0,0,0,0,0,0,0,0,0,0,0,0,0,0,0,0,0,0,0,0,0,0,0,0
l4,2=73,75,60,37,0,69,64,35,29,71,37,0,0,0,0,0,0,0,0,0,0,0,0,0,0,0,0,0,0,0,0,0,0,0,0,0,0,0,0,0
l5,2=55,84,73,58,67,0,68,64,38,57,60,0,0,0,0,17,0,0,0,0,0,0,0,0,0,0,0,0,0,0,0,0,0,0,0,0,0,0,0,0
l6,2=36,62,67,15,54,62,0,54,11,32,57,22,32,19,0,22,0,0,0,0,0,0,0,0,0,0,0,0,0,0,0,0,0,0,0,0,0,0,0,0
l7,2=0,13,64,0,39,67,66,0,49,71,83,19,0,37,0,36,0,0,0,0,0,0,0,0,0,0,0,0,0,0,0,0,0,0,0,0,0,0,0,0
l8,2=0,0,7,9,25,27,23,52,0,79,56,30,0,51,0,48,25,26,0,0,0,24,19,0,11,22,0,0,0,0,0,0,0,0,0,0,0,0,12,0
l9,2=15,30,57,0,59,55,29,59,59,0,75,20,23,54,0,35,17,22,0,0,1,10,0,0,0,0,0,0,0,0,0,0,0,0,0,0,0,0,0,0
l10,2=19,64,48,16,30,59,74,79,46,80,0,23,0,49,0,32,0,0,0,0,0,0,0,0,0,0,0,0,0,0,0,0,0,0,0,0,0,0,0,0
l11,2=0,0,0,0,0,0,31,14,16,24,17,0,73,60,55,63,36,73,0,12,7,29,18,41,13,33,0,0,0,0,0,0,0,0,0,0,22,0,20,11
l12,2=0,0,0,0,0,0,29,0,1,25,0,65,0,43,76,61,57,79,0,7,3,11,22,64,77,66,0,0,0,0,0,0,0,0,0,0,11,0,25,0
l13,2=0,0,0,0,0,0,2,20,53,62,27,71,45,0,29,47,39,38,0,13,0,21,21,30,17,21,0,0,0,0,0,0,0,0,0,0,0,0,26,0
l14,2=0,0,0,0,0,0,0,0,0,0,0,50,83,41,0,39,64,42,0,0,30,14,0,74,61,65,0,0,0,0,0,0,0,36,11,0,0,0,26,0
l15,2=0,0,0,0,0,6,23,26,38,25,14,75,70,50,27,0,2,57,0,1,28,5,0,28,48,0,0,0,0,0,0,0,0,0,0,0,6,0,17,0
l16,2=0,0,0,0,0,0,0,0,17,15,0,38,56,41,41,0,0,59,0,20,39,33,44,35,28,36,0,0,0,0,0,0,0,36,0,34,26,29,26,30
l17,2=0,0,0,0,0,0,0,0,16,26,0,81,83,45,32,54,70,0,0,4,18,34,31,0,61,38,0,0,0,0,0,0,0,35,0,30,27,0,26,0
l18,2=0,0,0,0,0,0,0,0,0,0,0,0,0,4,0,0,0,0,0,12,38,36,42,0,0,0,0,0,0,0,0,0,0,0,0,0,0,0,0,0
l19,2=0,0,0,0,0,0,0,0,0,0,0,30,1,43,0,5,31,3,21,0,53,35,61,0,0,0,0,0,1,10,0,42,0,0,0,18,39,33,47,43
l20,2=0,0,0,0,0,0,0,0,0,0,0,0,0,30,18,39,53,20,33,42,0,48,60,0,8,0,0,0,0,0,0,17,0,0,0,47,44,48,51,44
l21,2=0,0,0,0,0,0,0,0,17,17,0,38,33,41,7,0,53,31,35,24,68,0,70,0,2,0,0,0,0,0,0,26,0,32,0,40,39,45,34,36
l22,2=0,0,0,0,0,0,0,0,16,0,0,14,29,38,0,0,53,25,33,52,64,51,0,0,0,0,0,0,13,13,0,0,0,0,0,53,44,48,38,43
l23,2=0,0,0,0,0,0,0,0,0,0,0,36,71,39,69,18,27,0,0,0,0,0,0,0,68,64,0,0,0,0,0,0,0,0,27,0,0,0,0,0
l24,2=0,0,0,0,0,0,0,0,16,0,0,24,80,43,62,52,53,57,0,0,17,5,0,77,0,68,0,0,0,0,0,0,23,38,24,0,21,0,0,0
l25,2=0,0,0,0,0,0,0,0,21,0,0,44,71,44,63,9,54,41,0,0,0,0,0,66,62,0,46,0,0,0,0,57,35,50,42,0,0,0,0,0
l26,2=0,0,0,0,0,0,0,0,0,0,0,0,0,0,0,0,0,0,0,1,0,0,0,0,0,46,0,42,84,70,61,74,52,61,55,0,0,0,0,0
l27,2=0,0,0,0,0,0,0,0,0,0,0,0,0,0,0,0,0,0,0,0,0,0,0,0,0,0,58,0,82,86,79,74,55,51,47,0,0,0,0,0
l28,2=0,0,0,0,0,0,0,0,0,0,0,0,0,0,0,0,0,0,0,14,0,0,29,0,0,0,88,83,0,86,67,74,43,64,55,0,0,0,0,0
l29,2=0,0,0,0,0,0,0,0,0,0,0,0,0,0,0,0,0,0,0,32,0,0,38,0,0,0,80,81,84,0,66,67,39,0,26,0,0,0,0,0
l30,2=0,0,0,0,0,0,0,0,0,0,0,0,0,0,0,0,0,0,0,0,0,0,0,0,0,0,80,89,82,76,0,67,51,64,49,0,0,0,0,0
l31,2=0,0,0,0,0,0,0,0,0,0,0,0,0,0,0,0,0,0,0,34,27,3,0,10,0,53,82,58,58,54,41,0,63,62,59,0,0,0,0,0
l32,2=0,0,0,0,0,0,0,0,0,0,0,0,0,0,0,0,0,0,0,0,0,1,0,0,27,50,66,48,43,37,41,74,0,63,89,0,0,0,0,0
l33,2=0,0,0,0,0,0,0,0,0,0,0,0,0,0,33,0,54,37,0,0,0,34,0,0,36,56,61,46,55,0,43,69,58,0,59,0,0,0,0,0
l34,2=0,0,0,0,0,0,0,0,0,0,0,0,1,0,22,0,0,0,0,0,44,0,0,50,32,55,61,48,50,33,39,74,72,65,0,0,0,0,0,0
l35,2=0,0,0,0,0,0,0,0,0,0,0,0,0,0,0,0,37,11,0,4,28,27,37,0,0,0,0,0,0,0,0,0,0,0,0,0,46,61,58,41
l36,2=0,0,0,0,0,0,0,0,0,0,0,39,19,0,0,8,50,34,0,28,47,39,47,0,12,0,0,0,0,0,0,0,0,0,0,67,0,63,60,37
l37,2=0,0,0,0,0,0,0,0,0,0,0,0,0,0,0,0,28,0,0,13,45,35,40,0,0,0,0,0,0,0,0,0,0,0,0,62,50,0,51,44
l38,2=0,0,0,0,0,0,0,0,9,0,0,30,32,46,23,18,44,28,0,27,48,33,36,0,0,0,0,0,0,0,0,0,0,0,0,64,47,55,0,39
l39,2=0,0,0,0,0,0,0,0,0,0,0,0,0,0,0,0,40,0,0,33,49,34,49,0,0,0,0,0,0,0,0,0,0,0,0,57,41,57,49,0

l0,3=0,83,83,79,74,80,67,68,0,70,0,0,0,0,0,0,0,0,0,0,0,0,0,0,0,0,0,0,0,0,0,0,0,0,0,0,0,0,0,0
l1,3=86,0,67,80,72,84,79,55,65,69,71,1,0,47,0,0,0,0,0,0,0,0,0,0,0,0,0,0,0,0,0,0,0,0,0,0,0,0,0,0
l2,3=86,61,0,78,74,89,87,81,70,74,87,0,0,78,0,0,0,0,0,0,0,0,0,0,0,0,0,0,0,0,0,0,0,0,0,0,0,0,0,0
l3,3=83,82,82,0,71,80,70,0,0,0,31,0,0,0,0,0,0,0,0,0,0,0,0,0,0,0,0,0,0,0,0,0,0,0,0,0,0,0,0,0
l4,3=81,76,86,79,0,79,76,32,22,74,14,0,0,0,0,0,0,0,0,0,0,0,0,0,7,0,0,0,0,0,0,0,0,0,0,0,0,0,0,0
l5,3=79,78,86,79,72,0,79,81,44,60,79,34,0,70,0,13,0,0,0,0,0,0,0,0,0,0,0,0,0,0,0,0,0,0,0,0,0,0,0,0
l6,3=61,63,89,62,50,69,0,74,67,63,82,68,52,23,0,39,29,0,0,0,0,0,0,0,0,0,0,0,0,0,0,0,0,0,0,0,0,0,0,0
l7,3=72,47,79,0,55,74,76,0,74,72,96,19,24,75,0,65,10,0,0,0,0,0,0,0,0,0,0,0,0,0,0,0,0,0,0,0,0,0,0,0
l8,3=0,33,37,0,22,24,50,79,0,77,80,74,35,83,2,74,31,35,0,0,0,38,23,8,30,0,0,0,0,0,0,0,0,0,0,0,0,0,3,0
l9,3=41,37,43,0,47,30,49,79,84,0,96,24,42,86,29,36,6,3,0,0,24,0,0,0,0,0,0,0,0,0,0,0,0,0,0,0,0,0,0,0
l10,3=0,30,76,25,15,71,84,84,72,80,0,48,35,81,14,33,0,0,0,0,0,0,0,0,18,0,0,0,0,0,0,0,0,0,0,0,0,0,0,0
l11,3=0,0,0,0,0,29,59,0,68,16,37,0,84,85,81,91,45,87,0,7,5,36,42,74,71,30,0,0,0,0,0,0,0,0,0,0,55,0,59,51
l12,3=0,0,0,0,0,0,41,0,20,33,12,96,0,30,95,90,31,96,0,20,8,30,22,79,94,88,0,0,0,0,0,0,0,24,0,18,25,0,27,0
l13,3=0,0,26,0,0,21,11,35,82,73,81,89,63,0,24,71,51,76,3,15,24,11,21,31,27,27,0,0,0,0,0,0,0,0,0,0,0,0,47,0
l14,3=0,0,0,0,0,0,0,0,9,24,4,75,91,28,0,28,30,11,0,0,26,0,0,93,81,44,0,0,0,0,0,0,0,28,0,0,0,0,26,0
l15,3=0,0,0,0,0,1,57,58,75,67,4,98,86,80,52,0,70,79,0,15,61,17,0,73,81,0,0,0,0,0,0,0,0,0,0,0,0,0,59,36
l16,3=0,0,0,0,0,0,34,0,49,22,0,38,70,60,71,36,0,86,23,11,45,47,45,31,34,27,0,0,0,0,0,0,0,28,0,0,34,32,23,28
l17,3=0,0,0,0,0,0,0,0,58,3,0,93,91,80,12,74,82,0,0,1,40,74,0,25,82,6,0,0,0,0,0,0,0,41,0,24,68,2,57,28
l18,3=0,0,0,0,0,0,0,0,0,0,0,0,0,39,0,0,39,0,0,36,51,20,54,0,0,0,0,0,0,0,0,0,0,0,0,0,0,0,0,0
l19,3=0,0,0,0,0,0,0,0,0,0,0,34,35,38,0,11,10,4,48,0,86,85,92,0,0,0,23,0,0,44,0,13,0,0,0,31,72,44,61,0
l20,3=0,0,0,0,0,0,0,0,0,43,0,19,0,48,33,52,69,42,34,68,0,90,92,0,35,0,0,0,0,0,0,0,0,0,1,50,78,86,75,80
l21,3=0,0,0,0,0,0,0,0,71,8,0,79,56,41,10,32,68,77,44,72,89,0,89,0,0,0,0,0,0,0,0,0,0,46,0,69,80,82,64,65
l22,3=0,0,0,0,0,0,0,0,40,0,0,57,23,47,0,0,68,41,47,88,92,89,0,0,0,0,0,0,0,40,0,0,0,0,0,75,67,83,56,78
l23,3=0,0,0,0,0,0,0,0,4,0,0,37,74,28,87,26,22,17,0,0,0,0,0,0,92,82,0,0,0,0,0,1,0,0,0,0,0,0,0,0
l24,3=0,0,0,0,4,0,0,0,37,0,11,57,90,30,85,83,65,80,0,0,33,0,2,91,0,86,0,0,0,0,0,0,0,42,0,0,25,0,21,0
l25,3=0,0,0,0,4,0,0,0,16,0,0,26,81,24,83,0,24,17,0,0,0,0,0,86,86,0,5,0,0,1,0,36,30,87,41,0,0,0,0,0
l26,3=0,0,0,0,0,0,0,0,0,0,0,0,0,0,0,0,0,0,0,28,1,0,0,0,0,21,0,79,96,91,91,93,81,60,82,0,0,0,0,0
l27,3=0,0,0,0,0,0,0,0,0,0,0,0,0,0,0,0,0,0,0,0,0,0,0,0,0,0,88,0,96,97,100,91,89,0,3,0,0,0,0,0
l28,3=0,0,0,0,0,0,0,0,0,0,0,0,0,0,0,0,0,0,0,1,0,0,19,0,0,0,94,100,0,97,90,92,82,90,81,0,0,0,0,0
l29,3=0,0,0,0,0,0,0,0,0,0,0,0,0,0,0,0,0,0,0,20,0,0,23,0,0,0,93,99,96,0,95,64,77,28,65,0,0,0,0,0
l30,3=0,0,0,0,0,0,0,0,0,0,0,0,0,0,0,0,0,0,0,0,0,0,0,0,0,0,90,100,91,94,0,71,86,51,0,0,0,0,0,0
l31,3=0,0,0,0,0,0,0,0,0,0,0,0,0,0,0,0,0,0,0,16,0,0,0,22,0,29,93,72,78,75,20,0,97,95,94,0,0,0,0,0
l32,3=0,0,0,0,0,0,0,0,0,0,0,0,0,0,0,0,0,0,0,0,0,0,0,0,0,76,85,65,77,79,79,95,0,92,95,0,0,0,0,0
l33,3=0,0,0,0,0,0,0,0,0,0,0,0,11,0,26,0,31,21,0,0,0,19,0,4,30,84,27,0,43,26,17,86,88,0,90,0,0,0,0,0
l34,3=0,0,0,0,0,0,0,0,0,0,0,0,0,0,0,0,2,0,0,0,16,0,0,14,5,82,82,10,76,74,12,94,97,95,0,0,0,0,0,0
l35,3=0,0,0,0,0,0,0,0,0,0,0,0,23,0,0,0,0,2,0,19,41,35,62,0,0,0,0,0,0,0,0,0,0,0,0,0,83,87,84,75
l36,3=0,0,0,0,0,0,0,0,0,0,0,59,11,1,1,0,58,64,0,39,65,68,57,0,13,0,0,0,0,0,0,0,0,0,0,82,0,90,88,78
l37,3=0,0,0,0,0,0,0,0,0,0,0,0,0,0,0,0,55,1,0,12,68,67,70,0,0,0,0,0,0,0,0,0,0,0,0,77,80,0,69,77
l38,3=0,0,0,0,0,0,0,0,1,0,0,71,54,48,66,42,61,56,0,45,75,74,67,0,31,0,0,0,0,0,0,0,0,0,0,83,87,84,0,84
l39,3=0,0,0,0,0,0,0,0,0,0,0,0,0,0,0,1,49,0,0,0,78,7,72,0,0,0,0,0,0,0,0,0,0,0,0,73,70,83,79,0

l0,4=0,91,77,82,79,84,79,84,0,79,26,0,0,0,0,0,0,0,0,0,0,0,0,0,0,0,0,0,0,0,0,0,0,0,0,0,0,0,0,0
l1,4=86,0,76,82,79,85,80,75,68,75,68,0,0,0,0,0,0,0,0,0,0,0,0,4,0,0,0,0,0,0,0,0,0,0,0,0,0,0,0,0
l2,4=76,82,0,69,79,88,85,89,12,76,75,0,0,74,0,0,0,0,0,0,0,0,0,0,0,0,0,0,0,0,0,0,0,0,0,0,0,0,0,0
l3,4=93,95,81,0,81,81,2,18,28,0,82,0,0,0,0,0,0,0,0,0,0,0,0,0,0,0,0,0,0,0,0,0,0,0,0,0,0,0,0,0
l4,4=83,91,78,69,0,85,76,80,63,76,66,0,0,82,0,0,0,0,0,0,0,0,0,0,0,0,0,0,0,0,0,0,0,0,0,0,0,0,0,0
l5,4=76,93,82,67,80,0,76,88,45,75,73,0,0,47,0,63,0,0,0,0,0,0,0,0,0,0,0,0,0,0,0,0,0,0,0,0,0,0,0,0
l6,4=69,89,82,27,75,78,0,95,41,70,83,63,54,0,0,56,41,0,0,0,0,0,0,0,0,0,0,0,0,0,0,0,0,0,0,0,0,0,0,0
l7,4=68,67,76,51,74,82,84,0,72,82,92,60,0,73,0,63,0,0,0,0,0,0,0,0,0,0,0,0,0,0,0,0,0,0,0,0,0,0,0,0
l8,4=0,61,1,44,58,32,61,83,0,69,62,62,50,78,36,57,39,49,0,0,42,52,46,0,39,0,0,0,0,0,0,0,0,0,0,0,0,0,0,0
l9,4=65,69,67,0,75,66,74,90,79,0,92,62,0,83,29,5,0,61,0,0,43,0,55,0,0,0,0,0,0,0,0,0,0,0,0,0,0,0,0,0
l10,4=43,73,80,60,73,80,82,92,47,87,0,67,53,77,44,56,0,4,0,0,0,0,0,17,1,0,0,0,0,0,0,0,0,0,0,0,0,0,0,0
l11,4=0,0,0,0,0,0,70,77,44,46,47,0,64,77,60,86,37,66,0,0,0,55,56,62,37,40,0,0,0,0,0,0,0,0,0,0,59,1,69,0
l12,4=0,0,0,0,0,0,48,0,30,0,48,78,0,87,82,72,63,93,0,1,55,0,0,75,71,68,0,0,0,0,0,0,10,23,0,8,30,0,70,0
l13,4=0,0,64,0,53,0,0,50,45,60,50,67,59,0,47,59,33,66,0,31,51,35,50,63,43,37,0,0,0,0,0,0,0,0,0,0,0,0,52,0
l14,4=0,0,0,0,0,0,0,0,38,27,60,78,89,75,0,0,48,66,0,0,70,26,9,87,75,65,0,0,0,0,0,31,0,70,58,0,49,0,71,0
l15,4=0,0,0,0,0,66,64,75,42,2,46,92,61,78,0,0,44,64,0,0,66,47,55,60,66,10,0,0,0,0,0,0,0,0,0,0,55,37,68,0
l16,4=0,0,0,0,0,0,62,0,37,0,0,68,82,77,70,68,0,96,42,45,71,63,66,65,56,38,0,0,0,0,0,0,0,1,0,58,28,50,81,69
l17,4=0,0,0,0,0,0,0,0,41,60,0,88,90,80,57,59,79,0,0,0,71,59,51,60,67,36,0,0,0,0,0,0,0,0,0,55,68,0,67,73
l18,4=0,0,0,0,0,0,0,0,0,0,0,0,0,0,0,0,43,0,0,62,28,85,71,0,0,0,0,0,0,0,0,0,0,0,0,0,0,0,0,0
l19,4=0,0,0,0,0,0,0,0,0,0,0,0,46,64,0,0,41,0,51,0,98,89,96,0,0,0,39,0,0,59,0,0,0,0,0,31,68,40,74,80
l20,4=0,0,0,0,0,0,0,0,16,43,0,0,41,72,42,61,65,71,24,82,0,89,95,0,48,0,0,0,31,0,0,0,14,0,8,0,81,65,90,77
l21,4=0,0,0,0,0,0,0,0,60,0,0,57,0,66,2,57,71,59,51,83,97,0,94,0,28,0,0,0,0,0,0,0,0,7,0,38,67,56,86,91
l22,4=0,0,0,0,0,0,0,0,31,54,0,56,0,68,1,53,53,56,33,89,100,89,0,0,0,0,35,0,0,26,0,0,0,17,0,68,83,67,87,70
l23,4=0,0,0,0,0,0,0,0,0,0,0,62,67,77,85,58,43,47,0,0,0,0,0,0,73,76,0,0,0,0,0,0,0,70,69,0,0,0,0,0
l24,4=0,0,0,0,0,0,0,0,38,1,0,20,86,22,88,72,49,87,0,0,61,33,0,95,0,68,0,0,0,0,0,0,0,71,45,0,0,0,38,0
l25,4=0,0,0,0,0,0,0,0,0,0,0,36,89,66,84,25,31,34,0,0,0,0,0,93,73,0,0,0,0,40,0,48,69,86,79,0,0,0,0,0
l26,4=0,0,0,0,0,0,0,0,0,0,0,0,0,0,0,0,0,0,0,66,8,0,82,0,0,0,0,85,100,99,100,100,93,86,97,0,0,0,0,0
l27,4=0,0,0,0,0,0,0,0,0,0,0,0,0,0,0,0,0,0,0,0,0,0,0,0,0,0,97,0,99,99,100,95,87,0,82,0,0,0,0,0
l28,4=0,0,0,0,0,0,0,0,0,0,0,0,0,0,0,0,0,0,0,25,85,0,0,0,0,0,100,100,0,99,100,94,98,96,96,0,0,0,0,0
l29,4=0,0,0,0,0,0,0,0,0,0,0,0,0,0,0,0,0,0,0,79,0,0,51,0,0,68,100,100,100,0,100,85,82,92,91,0,0,0,0,0
l30,4=0,0,0,0,0,0,0,0,0,0,0,0,0,0,0,0,0,0,0,0,0,0,0,0,0,0,100,100,96,98,0,96,86,90,0,0,0,0,0,0
l31,4=0,0,0,0,0,0,0,0,0,0,0,0,0,0,38,0,0,0,0,0,0,0,0,0,0,67,100,76,86,90,86,0,100,98,99,0,0,0,0,0
l32,4=0,0,0,0,0,0,0,0,0,0,0,0,67,0,0,0,0,0,0,0,67,0,0,0,0,96,99,80,97,96,99,100,0,100,100,0,0,0,0,0
l33,4=0,0,0,0,0,0,0,0,0,0,0,0,46,0,68,0,3,0,0,0,0,0,7,70,65,84,79,0,73,76,62,93,98,0,100,0,0,0,0,0
l34,4=0,0,0,0,0,0,0,0,0,0,0,0,0,0,67,0,0,0,0,0,60,0,0,94,73,96,97,67,95,92,0,100,100,100,0,0,0,0,0,0
l35,4=0,0,0,0,0,0,0,0,0,0,0,0,0,1,0,0,38,21,0,17,0,5,55,0,0,0,0,0,0,0,0,0,0,0,0,0,78,69,84,84
l36,4=0,0,0,0,0,0,0,0,0,0,0,50,35,0,4,29,0,61,0,38,70,49,62,0,0,0,0,0,0,0,0,0,0,0,0,80,0,70,87,80
l37,4=0,0,0,0,0,0,0,0,0,0,0,0,0,0,0,14,33,0,0,27,79,59,62,0,0,0,0,0,0,0,0,0,0,0,0,75,79,0,76,83
l38,4=0,0,0,0,0,0,0,0,0,0,0,66,54,45,45,54,46,56,0,44,88,58,68,0,0,0,0,0,0,0,0,0,0,0,0,82,83,54,0,92
l39,4=0,0,0,0,0,0,0,0,0,0,0,0,0,0,0,0,39,48,0,45,70,71,50,0,0,0,0,0,0,0,0,0,0,0,0,77,73,66,87,0

l0,5=0,80,66,56,66,61,61,64,0,69,57,0,0,0,0,0,0,0,0,0,0,0,0,0,0,0,0,0,0,0,0,0,0,0,0,0,0,0,0,0
l1,5=70,0,69,59,90,73,66,58,52,69,58,0,2,0,0,0,0,0,0,0,0,0,0,1,0,0,0,0,0,0,0,0,0,0,0,0,0,0,0,0
l2,5=51,48,0,50,63,78,71,18,0,69,60,0,0,9,0,0,0,0,0,0,0,0,0,0,0,0,0,0,0,0,0,0,0,0,0,0,0,0,0,0
l3,5=54,48,64,0,90,61,52,1,23,62,50,0,0,0,0,0,0,0,0,0,0,0,0,0,0,0,0,0,0,0,0,0,0,0,0,0,0,0,0,0
l4,5=57,80,66,73,0,84,60,63,56,69,4,0,0,68,13,31,0,0,0,0,0,0,0,0,0,0,0,0,0,0,0,0,0,0,0,0,0,0,0,0
l5,5=51,62,78,50,88,0,61,68,58,69,61,41,0,48,0,13,0,0,0,0,0,0,0,0,0,0,0,0,0,0,0,0,0,0,0,0,0,0,0,0
l6,5=52,49,64,46,63,61,0,69,57,71,62,59,0,0,0,0,27,0,0,0,0,0,0,0,0,0,0,0,0,0,0,0,0,0,0,0,0,0,0,0
l7,5=51,38,1,32,61,61,66,0,58,64,71,49,0,10,0,56,0,0,0,0,0,0,0,0,0,0,0,0,0,0,0,0,0,0,0,0,0,0,0,0
l8,5=0,0,0,9,38,24,45,65,0,72,62,67,0,77,11,50,24,57,0,0,2,18,18,9,27,0,0,0,0,0,0,0,0,0,0,0,0,0,0,0
l9,5=28,25,62,29,59,60,60,65,60,0,63,54,0,76,0,50,0,57,0,0,17,0,27,1,12,0,0,0,0,0,0,0,0,0,0,0,0,0,19,0
l10,5=50,44,64,40,14,61,60,68,59,75,0,56,0,69,39,52,0,23,0,0,0,0,0,0,0,0,0,0,0,0,0,0,0,0,0,0,0,0,0,0
l11,5=0,0,0,0,0,12,26,41,61,64,42,0,63,26,24,74,27,58,0,0,6,10,3,18,8,7,0,0,0,0,0,0,0,0,0,0,6,1,19,0
l12,5=0,0,0,0,0,0,0,0,0,0,0,83,0,21,73,44,49,78,0,0,4,8,0,36,42,46,0,0,0,0,0,0,9,10,0,0,3,0,23,0
l13,5=0,0,0,0,25,17,0,0,61,64,26,46,53,0,27,57,24,55,0,6,6,0,12,23,0,0,0,0,0,0,0,0,0,0,0,4,0,0,0,0
l14,5=0,0,0,0,6,0,0,0,31,6,30,78,75,20,0,26,26,58,0,0,26,0,8,44,79,38,0,0,0,0,0,2,0,28,14,0,3,0,23,0
l15,5=0,0,0,0,18,0,0,54,50,47,24,84,60,78,11,0,22,45,0,0,11,12,8,32,39,9,0,0,0,0,0,0,0,0,0,0,5,0,30,14
l16,5=0,0,0,0,0,0,14,0,27,0,0,36,59,8,12,14,0,75,0,13,38,21,29,9,25,6,0,0,0,0,0,0,0,0,0,18,5,4,36,4
l17,5=0,0,0,0,0,0,0,0,46,44,6,74,79,28,24,45,67,0,0,0,48,9,8,2,40,13,0,0,0,0,0,0,0,0,0,0,8,3,4,6
l18,5=0,0,0,0,0,0,0,0,0,0,0,0,0,0,0,0,0,0,0,0,0,57,36,0,0,0,0,0,0,0,0,0,0,0,0,0,0,0,0,0
l19,5=0,0,0,0,0,0,0,0,0,0,0,0,0,9,0,0,19,0,0,0,73,64,76,0,0,0,17,0,0,26,0,0,0,0,0,37,16,0,20,4
l20,5=0,0,0,0,0,0,0,0,2,10,0,10,20,5,10,14,35,41,0,66,0,63,76,0,12,0,1,0,1,0,0,0,12,0,0,12,44,29,67,33
l21,5=0,0,0,0,0,0,0,0,25,1,0,20,14,0,0,23,36,18,39,46,69,0,66,0,7,0,2,0,0,0,0,0,0,0,0,45,18,4,48,62
l22,5=0,0,0,0,0,0,0,0,24,29,0,7,2,14,4,28,38,17,21,75,76,62,0,0,0,0,18,0,0,19,0,0,0,0,0,37,22,6,50,57
l23,5=0,0,0,0,0,0,0,0,3,0,0,44,63,60,60,43,9,0,0,0,0,0,0,0,77,62,0,0,0,0,0,0,0,51,42,0,0,0,0,0
l24,5=0,0,0,0,0,0,0,0,49,22,0,37,70,5,74,52,28,65,0,0,24,14,0,74,0,59,0,0,0,0,0,0,0,25,16,0,0,0,0,0
l25,5=0,0,0,0,0,0,0,0,0,0,0,32,70,6,60,33,15,39,0,0,0,0,0,71,66,0,0,0,0,32,0,0,27,56,39,0,0,0,0,0
l26,5=0,0,0,0,0,0,0,0,0,0,0,0,0,0,0,0,0,0,0,25,29,0,39,0,0,0,0,51,81,91,83,79,73,48,59,0,0,0,0,0
l27,5=0,0,0,0,0,0,0,0,0,0,0,0,0,0,0,0,0,0,0,0,0,0,0,0,0,0,73,0,78,80,92,64,63,0,0,0,0,0,0,0
l28,5=0,0,0,0,0,0,0,0,0,0,0,0,0,0,0,0,0,0,0,20,37,0,0,0,0,0,85,84,0,91,92,58,61,55,57,0,0,0,0,0
l29,5=0,0,0,0,0,0,0,0,0,0,0,0,0,0,0,0,0,0,0,43,0,0,33,0,0,33,84,84,81,0,90,43,61,56,56,0,0,0,0,0
l30,5=0,0,0,0,0,0,0,0,0,0,0,0,0,0,0,0,0,0,0,0,0,0,0,0,0,0,83,84,81,87,0,66,0,63,0,0,0,0,0,0
l31,5=0,0,0,0,0,0,0,0,0,0,0,0,0,0,10,0,7,0,0,0,0,0,0,0,0,0,77,28,38,33,44,0,81,69,75,0,0,0,0,0
l32,5=0,0,0,0,0,0,0,0,0,0,0,0,46,0,0,0,0,0,0,0,35,0,0,2,0,49,68,30,29,54,24,84,0,62,83,0,0,0,0,0
l33,5=0,0,0,0,0,0,0,0,0,0,0,0,44,0,45,0,0,0,0,0,0,0,0,59,30,49,46,0,23,51,51,52,52,0,69,0,0,0,0,0
l34,5=0,0,0,0,0,0,0,0,0,0,0,0,0,0,26,0,3,0,0,0,11,0,0,60,39,43,60,0,23,49,0,82,84,81,0,0,0,0,0,0
l35,5=0,0,0,0,0,0,0,0,0,0,0,0,6,2,0,0,9,0,0,7,2,11,6,0,0,0,0,0,0,0,0,0,0,0,0,0,10,6,28,43
l36,5=0,0,0,0,0,0,0,0,0,0,0,27,10,0,2,1,9,27,0,19,44,11,27,0,0,0,0,0,0,0,0,0,0,0,0,43,0,19,34,60
l37,5=0,0,0,0,0,0,0,0,0,0,0,0,0,0,0,0,8,2,0,0,47,10,17,0,0,0,0,0,0,0,0,0,0,0,0,33,57,0,38,39
l38,5=0,0,0,0,0,0,0,0,0,6,0,39,33,0,12,29,25,0,0,10,55,15,29,0,0,0,0,0,0,0,0,0,0,0,0,50,8,7,0,57
l39,5=0,0,0,0,0,0,0,0,0,0,0,0,0,0,0,3,1,0,0,0,37,22,26,0,0,0,0,0,0,0,0,0,0,0,0,40,28,16,54,0

l0,6=0,94,69,87,77,85,65,0,0,46,59,0,0,0,0,0,0,0,0,0,0,0,0,0,0,0,0,0,0,0,0,0,0,0,0,0,0,0,0,0
l1,6=78,0,76,82,85,81,64,42,0,64,0,0,0,0,0,0,0,0,0,0,0,0,0,23,0,0,0,0,0,0,0,0,0,0,0,0,0,0,0,0
l2,6=67,90,0,85,82,81,64,53,37,65,68,0,0,0,0,0,0,0,0,0,0,0,0,0,0,0,0,0,0,0,0,0,0,0,0,0,0,0,0,0
l3,6=71,71,68,0,89,80,56,0,0,7,13,0,0,0,0,0,0,0,0,0,0,0,0,0,0,0,0,0,0,0,0,0,0,0,0,0,0,0,0,0
l4,6=62,93,59,89,0,81,63,34,37,20,23,0,0,16,1,8,0,0,0,0,0,0,0,8,0,0,0,0,0,0,0,0,0,0,0,0,0,0,0,0
l5,6=74,84,71,81,77,0,43,79,30,64,62,0,0,0,0,0,0,0,0,0,0,0,0,0,0,0,0,0,0,0,0,0,0,0,0,0,0,0,0,0
l6,6=56,83,55,53,61,12,0,74,17,67,70,30,0,2,0,0,34,0,0,0,0,0,0,0,0,0,0,0,0,0,0,0,0,0,0,0,0,0,0,0
l7,6=2,42,31,1,18,74,61,0,19,44,72,31,3,0,0,29,0,0,0,0,0,0,0,0,0,0,0,0,0,0,0,0,0,0,0,0,0,0,0,0
l8,6=0,0,9,0,20,8,15,36,0,48,49,48,25,62,17,17,30,30,0,0,17,23,21,3,2,13,0,0,0,0,0,0,0,0,0,0,0,0,0,0
l9,6=14,45,39,13,9,57,49,52,62,0,69,37,16,44,11,28,22,14,0,0,0,10,13,1,0,0,0,0,0,0,0,0,0,0,0,0,0,0,2,0
l10,6=23,1,37,18,7,43,59,81,46,74,0,37,0,26,0,23,36,0,0,0,0,1,0,0,0,0,0,0,0,0,0,0,0,0,0,0,0,0,0,0
l11,6=0,0,0,0,0,0,6,12,27,15,10,0,32,18,24,63,28,23,0,0,1,0,0,4,16,9,0,0,0,0,0,0,0,0,0,0,4,0,11,0
l12,6=0,0,0,0,0,0,0,0,19,12,0,55,0,22,57,42,47,49,0,0,1,26,15,37,66,53,0,0,0,0,0,0,0,12,0,0,1,0,8,0
l13,6=0,0,0,0,14,0,0,0,38,31,4,33,17,0,16,38,10,27,0,3,0,0,11,13,13,0,0,0,0,0,0,0,0,0,0,8,2,0,3,0
l14,6=0,0,0,0,1,0,0,0,18,14,0,45,44,26,0,22,24,36,0,0,17,0,15,50,31,33,0,0,0,0,0,0,0,12,0,0,8,0,9,0
l15,6=0,0,0,0,4,0,0,13,14,15,6,66,30,31,18,0,32,31,0,0,3,15,16,22,20,2,0,0,0,0,0,0,0,0,0,4,6,0,11,0
l16,6=0,0,0,0,0,0,4,0,3,6,3,35,34,15,11,17,0,39,0,1,4,30,23,12,12,10,0,0,0,0,0,0,0,0,1,13,3,2,10,4
l17,6=0,0,0,0,0,0,0,0,21,10,0,37,36,29,26,32,49,0,0,0,30,24,14,1,25,0,0,0,0,0,0,0,0,4,0,0,3,0,8,0
l18,6=0,0,0,0,0,0,0,0,0,0,0,0,0,2,0,0,32,0,0,16,0,37,0,0,0,0,0,0,0,0,0,0,0,0,0,0,0,0,0,0
l19,6=0,0,0,0,0,0,0,0,0,0,0,0,0,18,0,0,27,0,8,0,66,47,68,0,0,0,19,0,1,0,0,1,0,0,0,19,9,0,8,10
l20,6=0,0,0,0,0,0,0,0,10,1,0,0,2,0,14,0,21,26,0,61,0,64,67,0,2,0,0,0,0,0,0,0,0,0,0,19,31,0,40,14
l21,6=0,0,0,0,0,0,0,0,12,1,0,0,15,0,0,16,33,22,4,21,62,0,62,0,0,0,0,0,0,0,0,0,0,0,0,22,26,3,19,12
l22,6=0,0,0,0,0,0,0,0,17,10,0,0,15,19,9,18,33,18,0,66,65,58,0,0,0,0,20,0,0,5,0,0,0,0,0,19,37,0,32,18
l23,6=0,5,0,0,6,0,0,0,1,1,0,5,33,0,42,24,4,0,0,0,0,0,0,0,61,51,0,0,0,0,0,9,4,19,11,0,0,0,0,0
l24,6=0,0,0,0,0,0,0,0,19,0,0,33,60,29,30,25,36,32,0,0,10,0,0,62,0,31,0,0,0,0,0,0,0,17,6,0,0,0,3,0
l25,6=0,0,0,0,0,0,0,0,17,0,0,25,59,1,40,7,20,0,0,0,0,0,0,58,35,0,0,0,0,0,0,0,11,27,0,0,0,0,0,0
l26,6=0,0,0,0,0,0,0,0,0,0,0,0,0,0,0,0,0,0,0,28,14,0,33,0,0,0,0,48,80,67,52,61,49,21,25,0,0,0,0,0
l27,6=0,0,0,0,0,0,0,0,0,0,0,0,0,0,0,0,0,0,0,0,0,0,0,0,0,0,43,0,74,67,84,44,26,0,0,0,0,0,0,0
l28,6=0,0,0,0,0,0,0,0,0,0,0,0,0,0,0,0,0,0,0,17,27,0,10,0,0,0,55,76,0,75,77,57,34,52,31,0,0,0,0,0
l29,6=0,0,0,0,0,0,0,0,0,0,0,0,0,0,0,0,0,0,0,0,0,0,31,0,0,0,50,74,80,0,36,36,26,28,22,0,0,0,0,0
l30,6=0,0,0,0,0,0,0,0,0,0,0,0,0,0,0,0,0,0,0,0,0,0,0,0,0,0,48,81,74,21,0,36,0,0,23,0,0,0,0,0
l31,6=0,0,0,0,0,0,0,0,0,0,0,0,0,0,0,0,0,0,0,3,0,0,0,33,0,0,50,28,44,18,28,0,69,57,63,0,0,0,0,0
l32,6=0,0,0,0,0,0,0,0,0,0,0,0,0,0,0,0,0,0,0,0,0,0,0,39,0,29,41,28,37,23,0,68,0,65,74,0,0,0,0,0
l33,6=0,0,0,0,0,0,0,0,0,0,0,0,32,0,36,0,24,2,0,0,10,0,0,44,32,35,26,0,37,20,16,58,60,0,59,0,0,0,0,0
l34,6=0,0,0,0,0,0,0,0,0,0,0,0,18,0,0,0,1,0,0,0,0,0,0,45,31,0,30,0,40,21,23,59,80,64,0,0,0,0,0,0
l35,6=0,0,0,0,0,0,0,0,0,0,0,0,0,12,0,0,24,0,0,4,15,37,18,0,0,0,0,0,0,0,0,0,0,0,0,0,22,16,16,14
l36,6=0,0,0,0,0,0,0,0,0,0,0,10,0,9,3,7,26,13,0,0,20,31,25,0,0,0,0,0,0,0,0,0,0,0,0,29,0,17,19,22
l37,6=0,0,0,0,0,0,0,0,0,0,0,1,0,0,0,0,20,1,0,0,11,14,13,0,0,0,0,0,0,0,0,0,0,0,0,35,52,0,15,8
l38,6=0,0,0,0,0,0,0,0,0,2,0,26,10,6,16,13,39,17,0,0,40,36,28,0,0,0,0,0,0,0,0,0,0,0,0,28,28,12,0,17
l39,6=0,0,0,0,0,0,0,0,0,0,0,0,0,0,0,0,20,0,0,6,23,34,26,0,0,0,0,0,0,0,0,0,0,0,0,26,52,11,39,0

l0,7=0,97,87,96,96,95,85,19,17,36,39,0,0,0,0,0,0,0,0,0,0,0,0,1,0,0,0,0,0,0,0,0,0,0,0,0,0,0,0,0
l1,7=95,0,89,84,97,90,85,87,0,52,25,0,0,24,0,0,0,0,0,0,0,0,0,0,0,0,0,0,0,0,0,0,0,0,0,0,0,0,0,0
l2,7=67,90,0,93,91,66,85,77,43,62,48,0,0,0,0,0,0,0,0,0,0,0,0,0,0,0,0,0,0,0,0,0,0,0,0,0,0,0,0,0
l3,7=85,89,88,0,92,84,82,24,0,0,40,0,0,0,0,0,0,0,0,0,0,0,0,0,0,0,0,0,0,0,0,0,0,0,0,0,0,0,0,0
l4,7=66,92,68,93,0,92,90,53,21,19,39,0,0,18,0,0,0,0,0,0,0,0,0,0,0,0,0,0,0,0,0,0,0,0,0,0,0,0,0,0
l5,7=91,90,79,64,91,0,52,88,42,49,54,0,2,22,0,0,0,0,0,0,0,0,0,0,0,0,0,0,0,0,0,0,0,0,0,0,0,0,0,0
l6,7=40,45,69,46,51,44,0,88,0,57,48,1,0,30,0,0,7,0,0,0,0,0,0,0,0,0,0,0,0,0,0,0,0,0,0,0,0,0,0,0
l7,7=7,40,31,32,30,52,60,0,23,70,59,4,9,32,0,18,0,1,0,0,0,0,0,0,0,0,0,0,0,0,0,0,0,0,0,0,0,0,0,0
l8,7=2,0,3,12,18,14,0,26,0,51,39,26,20,68,22,21,12,22,0,0,1,0,17,0,0,0,0,0,0,0,0,0,0,0,0,0,0,0,0,0
l9,7=8,15,57,0,10,29,78,82,76,0,55,16,15,43,0,19,0,0,0,0,14,0,9,8,3,0,0,0,0,0,0,0,0,0,0,0,0,0,17,0
l10,7=12,6,40,31,27,37,42,87,75,73,0,28,0,25,0,35,9,3,0,0,0,0,0,0,0,0,0,0,0,0,0,0,0,0,0,0,0,0,0,0
l11,7=0,0,0,0,0,0,2,0,21,22,8,0,53,28,18,81,10,10,0,0,10,3,10,4,3,10,0,0,0,0,0,0,0,0,0,1,3,0,23,1
l12,7=0,0,0,0,0,0,0,0,14,12,0,20,0,8,32,21,13,27,0,0,10,3,0,12,59,51,0,0,0,0,0,0,0,2,0,0,0,0,0,0
l13,7=0,3,0,0,13,3,7,11,42,34,2,9,13,0,21,23,5,22,0,0,5,0,14,8,6,11,0,0,0,0,0,0,0,0,0,1,2,0,16,0
l14,7=0,0,0,0,0,0,0,0,14,0,0,7,48,17,0,13,3,33,0,0,13,11,9,36,5,42,0,0,0,0,0,0,0,3,0,0,0,0,16,0
l15,7=0,0,0,0,4,0,0,14,19,26,9,75,39,34,21,0,7,16,0,6,15,14,12,12,1,15,0,0,0,0,0,0,0,0,0,0,3,5,24,0
l16,7=0,0,0,0,0,0,5,0,13,0,6,6,37,9,0,10,0,24,10,0,22,15,16,9,3,5,0,0,0,0,0,13,0,0,0,7,11,6,24,2
l17,7=0,0,0,0,0,0,0,0,17,8,3,6,46,25,23,10,13,0,0,7,24,12,0,0,9,0,0,0,0,0,0,0,0,4,0,1,7,0,35,3
l18,7=0,0,0,0,0,0,0,0,0,0,0,0,0,0,0,0,17,0,0,17,24,2,0,0,0,0,0,0,0,0,0,0,0,0,0,0,0,0,0,0
l19,7=0,0,0,0,0,0,0,0,0,0,0,0,0,0,0,1,0,3,9,0,70,45,73,0,0,0,15,0,8,0,0,16,0,0,0,6,1,5,26,9
l20,7=0,0,0,0,0,0,0,0,0,6,0,0,15,2,12,11,10,11,8,60,0,54,70,0,0,0,9,0,7,10,0,0,0,0,0,14,23,1,65,23
l21,7=0,0,0,0,0,0,0,0,6,6,0,3,15,1,15,11,10,8,3,18,68,0,71,0,1,0,0,0,0,0,0,0,0,0,1,11,14,17,37,38
l22,7=0,0,0,0,0,0,0,0,7,5,0,5,0,7,5,13,20,0,0,62,72,54,0,0,0,0,9,0,0,13,0,0,0,0,0,13,45,6,47,39
l23,7=0,0,0,0,1,0,0,0,0,15,0,1,49,14,46,13,7,0,0,0,0,0,0,0,65,82,0,0,0,0,0,0,10,0,11,0,0,0,0,0
l24,7=0,0,0,0,0,0,0,0,9,12,0,5,79,15,19,1,18,52,0,0,1,0,0,74,0,59,0,0,0,0,0,0,0,4,8,0,1,0,0,0
l25,7=0,0,0,0,7,0,0,0,0,0,0,5,72,13,39,12,5,0,0,0,0,0,0,64,47,0,0,0,0,14,0,0,17,13,2,0,0,0,14,0
l26,7=0,0,0,0,0,0,0,0,0,0,0,0,0,0,0,0,0,0,0,27,18,0,5,0,0,0,0,68,64,82,64,71,68,43,57,0,0,0,0,0
l27,7=0,0,0,0,0,0,0,0,0,0,0,0,0,0,0,0,0,0,0,0,0,0,0,0,0,0,67,0,62,83,87,23,64,0,2,0,0,0,0,0
l28,7=0,0,0,0,0,0,0,0,0,0,0,0,0,0,0,0,0,0,0,26,29,0,0,0,0,0,77,81,0,86,80,74,33,50,41,0,0,0,0,0
l29,7=0,0,0,0,0,0,0,0,0,0,0,0,0,0,0,0,0,0,0,0,30,0,39,0,0,12,68,82,64,0,80,56,61,41,20,0,0,0,0,0
l30,7=0,0,0,0,0,0,0,0,0,0,0,0,0,0,0,0,0,0,0,0,0,0,0,0,0,0,67,86,62,83,0,59,50,17,56,0,0,0,0,0
l31,7=0,0,0,0,0,0,0,0,0,0,0,0,0,0,0,0,26,0,0,30,0,0,0,2,1,0,75,2,50,50,50,0,76,76,84,0,0,0,0,0
l32,7=0,0,0,0,0,0,0,0,0,0,0,0,0,0,0,0,1,0,0,0,0,0,0,25,0,36,67,44,24,56,45,81,0,79,88,0,0,0,0,0
l33,7=0,0,0,0,0,0,0,0,0,0,0,0,49,0,37,0,0,35,0,0,0,0,0,35,42,40,60,0,44,52,37,76,76,0,64,0,0,0,0,0
l34,7=0,0,0,0,0,0,0,0,0,0,0,0,5,0,0,0,0,0,0,0,0,0,0,42,14,5,54,21,23,17,24,74,81,53,0,0,0,0,0,0
l35,7=0,0,0,0,0,0,0,0,0,0,0,0,0,1,0,0,8,0,0,0,24,15,15,0,0,0,0,0,0,0,0,0,0,0,0,0,29,58,38,27
l36,7=0,0,0,0,0,0,0,0,0,0,0,0,0,1,0,2,8,7,0,0,16,11,41,0,0,0,0,0,0,0,0,0,0,0,0,35,0,55,46,28
l37,7=0,0,0,0,0,0,0,0,0,0,0,0,0,0,0,0,5,0,0,0,9,0,14,0,0,0,0,0,0,0,0,0,0,0,0,35,47,0,16,20
l38,7=0,0,0,0,0,0,0,0,0,5,0,7,0,15,3,12,10,17,0,14,30,23,34,0,0,0,0,0,0,0,0,0,0,0,0,40,46,9,0,27
l39,7=0,0,0,0,0,0,0,0,0,0,0,0,0,0,0,0,0,0,0,11,29,35,41,0,0,0,0,0,0,0,0,0,0,0,0,31,47,21,28,0

l0,8=0,100,97,74,89,99,48,48,0,90,45,0,0,19,0,0,0,0,0,0,0,0,0,0,0,0,0,0,0,0,0,0,0,0,0,0,0,0,0,0
l1,8=99,0,97,93,94,99,91,82,42,83,2,0,0,28,0,0,0,0,0,0,0,0,0,16,0,0,0,0,0,0,0,0,0,0,0,0,0,0,0,0
l2,8=97,94,0,49,65,99,84,63,21,31,70,0,0,12,0,0,0,0,0,0,0,0,0,0,0,0,0,0,0,0,0,0,0,0,0,0,0,0,0,0
l3,8=97,94,93,0,89,99,47,0,34,41,0,0,0,0,0,0,0,0,0,0,0,0,0,0,0,0,0,0,0,0,0,0,0,0,0,0,0,0,0,0
l4,8=84,96,64,95,0,89,60,23,51,76,1,0,0,40,0,0,0,0,0,0,0,0,0,0,3,0,0,0,0,0,0,0,0,0,0,0,0,0,0,0
l5,8=97,95,77,88,89,0,48,65,53,55,93,0,5,29,0,0,0,0,0,0,0,0,0,0,0,0,0,0,0,0,0,0,0,0,0,0,0,0,0,0
l6,8=42,52,63,45,70,53,0,61,40,83,52,0,0,15,0,0,21,0,0,0,0,0,0,0,0,0,0,0,0,0,0,0,0,0,0,0,0,0,0,0
l7,8=41,47,49,19,51,73,46,0,47,95,73,23,14,46,0,0,0,22,0,0,0,0,0,0,0,0,0,0,0,0,0,0,0,0,0,0,0,0,0,0
l8,8=0,29,1,27,50,48,26,41,0,83,49,45,0,45,28,44,0,43,0,28,0,0,32,0,35,0,0,0,0,0,0,0,0,0,0,0,0,0,0,0
l9,8=39,36,15,38,22,8,46,80,67,0,95,29,33,45,26,51,17,30,0,0,0,27,14,47,34,0,0,0,0,0,0,0,0,0,0,0,0,0,18,0
l10,8=5,5,41,5,20,63,40,52,45,94,0,29,0,40,0,54,5,0,0,0,0,0,0,0,0,0,0,0,0,0,0,0,0,0,0,0,0,0,0,0
l11,8=0,0,0,0,0,4,0,9,42,32,18,0,48,27,30,62,27,43,0,0,7,22,10,41,45,31,0,0,0,0,0,0,0,0,0,7,27,0,19,0
l12,8=0,0,0,0,0,0,0,0,0,7,0,44,0,0,49,33,29,48,0,0,0,0,0,53,74,60,0,0,0,0,0,0,0,20,0,13,1,0,8,0
l13,8=0,5,1,0,17,0,0,43,49,36,25,15,0,0,27,25,14,38,0,0,0,17,2,42,41,30,0,0,0,0,0,0,0,0,0,5,15,0,19,0
l14,8=0,0,0,0,0,0,0,0,21,19,0,18,49,29,0,21,15,46,0,0,1,27,6,53,70,34,0,0,0,0,0,0,0,0,0,0,24,0,0,0
l15,8=0,0,0,0,0,0,0,0,41,32,23,52,47,42,33,0,25,45,0,0,17,19,26,48,45,23,0,0,0,0,0,0,0,0,0,0,20,0,20,0
l16,8=0,0,0,0,0,0,2,0,0,4,1,28,47,14,20,20,0,47,13,19,26,32,33,27,58,5,0,0,0,0,0,19,0,0,11,3,28,22,9,11
l17,8=0,0,0,0,0,0,0,7,26,9,0,29,47,35,57,27,39,0,0,16,23,15,20,16,48,8,0,0,0,0,0,0,0,19,0,10,23,0,16,3
l18,8=0,0,0,0,0,0,0,0,0,0,0,0,0,0,0,0,34,0,0,65,42,38,0,0,0,0,0,0,0,0,0,0,0,0,0,0,0,0,0,0
l19,8=0,0,0,0,0,0,0,0,8,0,0,0,0,0,0,0,32,35,27,0,75,64,90,0,0,0,2,0,15,0,0,22,0,0,0,25,39,15,0,40
l20,8=0,0,0,0,0,0,0,0,0,0,0,2,0,0,5,22,24,33,24,98,0,92,91,0,17,0,1,0,0,2,0,0,0,5,0,29,52,26,42,17
l21,8=0,0,0,0,0,0,0,0,0,18,0,11,14,19,22,17,15,20,18,47,76,0,90,0,0,0,0,0,0,0,0,16,0,10,3,33,27,24,27,21
l22,8=0,0,0,0,0,0,0,0,12,11,0,5,0,3,9,21,31,25,0,87,76,89,0,0,0,0,6,0,0,13,0,0,0,0,0,60,72,23,25,22
l23,8=0,0,0,0,0,0,0,0,0,21,0,18,51,33,50,22,13,1,0,0,0,0,0,0,96,92,0,0,0,0,0,0,32,27,49,0,0,0,0,0
l24,8=0,0,0,1,0,0,0,0,4,15,0,19,66,33,73,18,27,34,0,0,14,0,0,79,0,62,0,0,0,0,0,30,0,19,25,0,17,0,1,0
l25,8=0,0,0,2,0,0,0,0,0,0,0,25,96,30,42,16,11,0,0,0,0,0,0,97,94,0,0,0,0,39,0,2,32,34,48,0,0,0,6,0
l26,8=0,0,0,0,0,0,0,0,0,0,0,0,0,0,0,0,0,0,0,0,34,0,18,0,0,0,0,89,93,93,85,90,86,75,72,0,0,0,0,0
l27,8=0,0,0,0,0,0,0,0,0,0,0,0,0,0,0,0,0,0,0,0,0,0,0,0,0,0,85,0,93,93,96,0,76,0,66,0,0,0,0,0
l28,8=0,0,0,0,0,0,0,0,0,0,0,0,0,0,0,0,0,0,0,67,40,0,22,0,0,0,93,92,0,93,96,92,65,78,65,0,0,0,0,0
l29,8=0,0,0,0,0,0,0,0,0,0,0,0,0,0,0,0,0,0,0,0,45,0,57,0,0,59,93,92,93,0,96,89,43,65,66,0,0,0,0,0
l30,8=0,0,0,0,0,0,0,0,0,0,0,0,0,0,0,0,0,0,0,0,0,0,0,0,0,0,84,92,93,93,0,73,80,50,0,0,0,0,0,0
l31,8=0,0,0,0,0,0,0,0,0,0,0,0,0,0,0,0,37,0,0,44,0,12,0,0,44,0,90,0,87,82,53,0,86,86,88,0,0,0,0,0
l32,8=0,0,0,0,0,0,0,0,0,0,0,0,0,0,0,0,0,0,0,0,0,0,0,46,0,44,92,51,25,36,71,91,0,91,96,0,0,0,0,0
l33,8=0,0,0,0,0,0,0,0,0,0,0,0,33,0,0,0,0,29,0,0,27,14,0,39,42,50,70,0,61,56,39,93,85,0,77,0,0,0,0,0
l34,8=0,0,0,0,0,0,0,0,0,0,0,0,26,0,9,0,23,0,0,0,16,20,0,48,49,46,39,35,38,62,0,93,91,82,0,0,0,0,0,0
l35,8=0,0,0,0,0,0,0,0,0,0,0,2,21,1,0,0,1,0,0,0,10,23,24,0,0,0,0,0,0,0,0,0,0,0,0,0,40,26,23,34
l36,8=0,0,0,0,0,0,0,0,0,0,0,4,6,9,14,5,12,10,0,15,16,24,27,0,6,0,0,0,0,0,0,0,0,0,0,40,0,25,18,11
l37,8=0,0,0,0,0,0,0,0,0,0,0,0,0,0,0,0,12,0,0,2,10,22,19,0,0,0,0,0,0,0,0,0,0,0,0,43,36,0,9,1
l38,8=0,0,0,0,0,0,0,0,0,11,0,6,17,21,0,18,9,29,0,0,28,41,37,0,1,0,0,0,0,0,0,0,0,0,0,39,63,23,0,7
l39,8=0,0,0,0,0,0,0,0,0,0,0,0,0,0,0,0,18,1,0,40,39,46,38,0,0,0,0,0,0,0,0,0,0,0,0,44,42,8,32,0

l0,9=0,97,95,99,86,95,95,86,29,88,55,0,0,0,0,0,0,0,0,0,0,0,0,0,0,0,0,0,0,0,0,0,0,0,0,0,0,0,0,0
l1,9=96,0,95,99,94,95,62,95,75,70,64,0,0,38,0,1,0,0,0,0,0,0,0,63,0,0,0,0,0,0,0,0,0,0,0,0,0,0,0,0
l2,9=96,94,0,99,90,96,100,92,53,45,21,0,77,0,0,0,0,0,0,0,0,0,0,0,0,0,0,0,0,0,0,0,0,0,0,0,0,0,0,0
l3,9=96,95,89,0,96,96,75,59,2,62,42,0,0,0,0,0,0,0,0,0,0,0,0,0,0,0,0,0,0,0,0,0,0,0,0,0,0,0,0,0
l4,9=96,95,95,99,0,89,51,70,84,0,32,0,0,0,18,0,0,0,0,0,0,0,0,0,0,0,0,0,0,0,0,0,0,0,0,0,0,0,0,0
l5,9=96,95,95,99,92,0,60,53,78,70,43,0,0,73,0,0,0,0,0,0,0,0,0,0,0,0,0,0,0,0,0,0,0,0,0,0,0,0,0,0
l6,9=95,52,99,88,52,80,0,98,70,81,94,0,0,80,0,0,2,0,0,0,0,0,0,0,0,0,0,0,0,0,0,0,0,0,0,0,0,0,0,0
l7,9=93,93,73,67,85,37,100,0,89,96,100,52,63,97,2,9,0,0,0,0,0,0,0,0,0,0,0,0,0,0,0,0,0,0,0,0,0,0,0,0
l8,9=5,29,0,46,72,32,53,91,0,93,23,87,4,97,0,15,51,71,0,19,0,0,78,36,0,0,0,0,0,0,0,0,0,0,0,0,0,0,0,0
l9,9=87,30,14,48,0,57,58,97,95,0,97,92,0,97,53,55,53,0,0,0,0,0,0,49,0,0,0,0,0,0,0,0,0,0,0,0,0,0,0,0
l10,9=83,88,48,87,56,61,72,97,83,94,0,0,65,84,2,61,59,44,0,0,0,0,0,50,0,0,0,0,0,0,0,0,0,0,0,0,0,0,0,0
l11,9=0,0,0,0,0,0,0,19,74,20,2,0,98,97,46,89,58,86,0,0,24,25,43,68,61,38,0,0,0,0,0,0,0,0,0,4,15,0,20,0
l12,9=0,0,0,0,0,0,0,0,0,0,1,90,0,81,60,44,74,91,0,0,0,1,0,89,68,96,0,0,0,0,0,0,0,0,0,0,27,0,38,0
l13,9=0,0,0,1,0,6,51,56,80,67,4,82,87,0,34,37,60,64,0,1,15,25,0,1,54,35,0,0,0,0,0,0,0,0,0,0,24,0,35,0
l14,9=0,0,0,0,7,0,0,0,0,20,0,79,95,82,0,21,64,85,0,0,16,27,75,85,90,46,0,0,0,0,0,0,0,10,0,0,5,0,0,0
l15,9=0,0,0,0,0,0,0,1,49,20,4,99,98,94,31,0,62,91,0,0,19,28,49,66,54,0,0,0,0,0,0,0,0,0,0,0,31,7,36,0
l16,9=0,0,0,0,0,0,0,0,53,17,2,72,97,86,33,19,0,84,48,25,27,20,83,72,64,42,0,0,0,0,0,2,0,7,17,30,33,34,44,35
l17,9=0,0,0,0,0,0,0,0,61,0,3,79,99,72,37,34,65,0,0,34,25,33,83,0,52,40,0,0,0,0,0,0,0,12,0,0,33,0,25,35
l18,9=0,0,0,0,0,0,0,0,0,1,0,0,0,0,0,0,68,0,0,0,53,59,0,0,0,0,0,0,0,0,0,0,0,0,0,0,4,0,0,0
l19,9=0,0,0,0,0,0,0,0,16,0,0,0,0,0,0,0,56,63,0,0,92,88,93,0,0,0,1,0,0,0,0,0,0,0,0,59,59,48,0,72
l20,9=0,0,0,0,0,0,0,0,0,0,0,45,0,9,3,12,90,46,28,89,0,96,95,0,26,0,35,0,0,0,0,0,0,0,9,16,81,45,66,65
l21,9=0,0,0,0,0,0,0,0,0,0,0,55,39,59,25,13,33,64,62,41,96,0,94,0,3,0,0,0,0,0,0,0,0,10,0,75,32,33,47,32
l22,9=0,0,0,0,0,0,0,0,57,1,0,9,0,0,23,14,60,63,0,80,94,88,0,0,0,0,2,0,30,33,0,41,0,0,0,82,84,40,84,12
l23,9=0,1,0,0,0,0,0,0,0,15,1,72,95,7,92,18,58,0,0,0,0,0,0,0,99,100,0,0,0,0,0,0,16,12,21,0,0,0,0,0
l24,9=0,0,0,0,0,0,0,0,0,0,0,71,98,91,57,30,88,84,0,0,24,0,0,98,0,62,0,0,0,0,0,0,0,12,25,0,31,0,0,0
l25,9=0,0,0,2,0,0,0,0,0,0,0,70,99,88,35,0,57,75,0,0,0,0,0,98,98,0,3,0,0,12,0,0,16,65,30,0,0,0,27,0
l26,9=0,0,0,0,0,0,0,0,0,0,0,0,0,0,0,0,0,0,0,3,83,0,18,0,0,0,0,87,98,99,94,94,99,79,87,0,0,0,0,0
l27,9=0,0,0,0,0,0,0,0,0,0,0,0,0,0,0,0,0,0,0,0,0,0,0,0,0,0,98,0,98,99,99,89,83,0,0,0,0,0,0,0
l28,9=0,0,0,0,0,0,0,0,0,0,0,0,0,0,0,0,0,0,0,0,68,0,84,0,0,0,98,99,0,99,99,87,0,80,0,0,0,0,0,0
l29,9=0,0,0,0,0,0,0,0,0,0,0,0,0,0,0,0,0,0,0,0,0,0,85,0,0,0,98,99,98,0,99,98,2,79,92,0,0,0,0,0
l30,9=0,0,0,0,0,0,0,0,0,0,0,0,0,0,0,0,0,0,0,0,0,0,0,0,0,0,98,99,98,99,0,94,88,43,83,0,0,0,0,0
l31,9=0,0,0,0,0,0,0,0,0,0,0,0,0,0,0,0,4,0,0,1,0,0,85,0,0,0,96,89,87,98,93,0,99,98,100,0,0,0,0,0
l32,9=0,0,0,0,0,0,0,0,0,0,0,0,0,0,0,0,0,0,0,0,0,0,0,90,0,54,98,87,0,24,94,99,0,99,100,0,0,0,0,0
l33,9=0,0,0,0,0,0,0,0,0,0,0,0,0,0,84,0,84,81,0,0,33,50,0,100,87,99,88,0,91,72,47,99,99,0,100,0,0,0,0,0
l34,9=0,0,0,0,0,0,0,0,0,0,0,0,81,0,21,0,83,0,0,0,30,0,0,100,49,53,88,0,0,98,98,99,99,98,0,0,0,0,0,0
l35,9=0,0,0,0,0,0,0,0,0,0,0,0,0,0,0,0,8,0,0,17,18,42,73,0,0,0,0,0,0,0,0,0,0,0,0,0,83,35,37,28
l36,9=0,0,0,0,0,0,0,0,0,0,0,13,25,12,0,12,26,30,0,13,34,18,87,0,9,0,0,0,0,0,0,0,0,0,0,81,0,40,40,31
l37,9=0,0,0,0,0,0,0,0,0,0,0,0,0,0,0,1,30,0,0,13,21,24,45,0,0,0,0,0,0,0,0,0,0,0,0,67,72,0,32,25
l38,9=0,0,0,0,0,0,0,0,0,0,0,31,41,36,0,17,47,37,0,0,34,37,85,0,0,3,0,0,0,0,0,0,0,0,0,56,42,32,0,29
l39,9=0,0,0,0,0,0,0,0,0,0,0,0,0,0,0,0,38,55,0,36,50,26,25,0,0,0,0,0,0,0,0,0,0,0,0,69,67,31,36,0

l0,10=0,83,74,87,78,54,29,35,25,35,41,0,0,0,0,0,0,0,0,0,0,0,0,0,0,0,0,0,0,0,0,0,0,0,0,0,0,0,0,0
l1,10=80,0,71,61,81,32,45,38,4,39,33,0,0,0,0,0,0,0,0,0,0,0,0,0,0,0,0,0,0,0,0,0,0,0,0,0,0,0,0,0
l2,10=44,37,0,41,40,49,37,5,9,31,37,0,10,0,0,0,0,0,0,0,0,0,0,0,0,0,0,0,0,0,0,0,0,0,0,0,0,0,0,0
l3,10=83,71,61,0,86,46,32,34,37,32,1,0,0,0,0,0,0,0,0,0,0,0,0,0,0,0,0,0,0,0,0,0,0,0,0,0,0,0,0,0
l4,10=42,37,37,90,0,34,18,23,10,27,36,0,0,0,12,0,0,0,0,0,0,0,0,0,0,0,0,0,0,0,0,0,0,0,0,0,0,0,0,0
l5,10=40,32,65,38,41,0,44,40,23,34,37,2,2,28,0,0,0,0,0,0,0,0,0,0,0,0,0,0,0,0,0,0,0,0,0,0,0,0,0,0
l6,10=33,31,34,31,33,35,0,42,29,35,35,0,0,18,0,1,0,3,0,0,0,0,0,0,0,0,0,0,0,0,0,0,0,0,0,0,0,0,0,0
l7,10=34,31,21,34,38,35,36,0,40,39,44,19,9,33,8,0,0,0,0,0,0,0,0,0,0,0,0,0,0,0,0,0,0,0,0,0,0,0,0,0
l8,10=10,0,11,17,20,14,22,41,0,39,19,26,18,36,12,29,13,16,0,2,3,0,18,18,8,0,0,0,0,0,0,0,0,0,0,0,0,0,0,0
l9,10=23,8,5,23,15,12,35,44,40,0,40,29,20,36,25,22,0,0,0,0,0,13,3,18,0,0,0,0,0,0,0,0,0,0,0,0,0,0,0,0
l10,10=28,26,18,14,31,25,28,44,20,49,0,22,0,33,5,25,0,22,0,0,0,0,0,0,0,0,0,0,0,0,0,0,0,0,0,0,0,0,0,0
l11,10=0,0,0,0,0,4,0,9,23,27,15,0,32,33,37,37,14,38,0,0,10,11,0,28,31,19,0,0,0,0,0,0,0,0,0,3,18,0,0,0
l12,10=0,0,0,0,0,0,0,0,9,21,0,32,0,27,44,37,36,43,0,0,12,16,0,38,44,40,0,0,0,0,0,0,0,17,0,0,1,0,14,0
l13,10=0,0,0,0,0,11,6,19,40,37,29,30,29,0,16,35,27,10,0,0,9,10,0,20,30,5,0,0,0,0,0,0,0,0,0,0,0,0,9,0
l14,10=0,0,0,0,9,0,0,0,7,23,0,29,41,22,0,19,32,39,0,0,0,0,4,33,43,25,0,0,0,0,0,0,0,20,0,0,22,0,0,0
l15,10=0,0,0,0,0,0,0,0,22,24,25,34,37,36,22,0,23,36,0,0,3,5,9,14,21,5,0,0,0,0,0,0,0,0,0,2,10,3,8,0
l16,10=0,0,0,0,0,0,0,0,4,0,0,16,37,22,23,20,0,31,5,4,15,17,26,22,28,2,0,0,0,0,0,0,1,0,24,8,15,8,17,13
l17,10=0,0,0,0,0,0,0,0,6,0,8,31,43,13,24,22,29,0,0,1,1,18,28,0,12,2,0,0,0,0,0,0,0,16,0,0,19,0,11,6
l18,10=0,0,0,0,0,0,0,0,0,0,0,0,0,0,0,0,22,0,0,45,39,45,0,0,0,0,0,0,0,0,0,0,0,0,0,0,0,0,0,0
l19,10=0,0,0,0,0,0,0,0,7,0,0,0,0,0,0,9,17,21,24,0,69,29,47,0,0,0,17,0,0,0,0,0,0,0,0,15,12,14,0,20
l20,10=0,0,0,0,0,0,0,0,0,0,0,14,23,19,0,11,24,11,20,40,0,79,88,0,6,0,3,0,0,0,0,0,20,0,0,22,32,18,19,18
l21,10=0,0,0,0,0,0,0,0,1,13,0,19,21,22,1,14,23,27,26,22,80,0,82,0,0,0,0,0,0,0,0,0,0,15,0,17,17,15,19,16
l22,10=0,0,0,0,0,0,0,0,7,9,0,0,0,0,2,12,18,23,0,36,74,63,0,0,0,0,0,0,1,13,0,11,0,0,0,23,27,17,33,16
l23,10=0,0,0,0,0,0,0,0,20,20,0,28,42,30,43,5,26,0,0,0,0,0,0,0,59,88,0,0,0,0,0,8,37,36,16,0,0,0,0,0
l24,10=0,0,0,0,0,0,0,0,9,7,0,29,44,34,48,22,36,30,0,0,11,0,0,43,0,37,0,0,0,0,0,0,0,27,11,0,0,0,12,0
l25,10=0,0,0,11,0,0,0,0,0,0,0,31,90,15,44,17,19,31,0,0,0,0,0,89,47,0,5,0,0,0,0,8,30,49,40,0,0,0,5,0
l26,10=0,0,0,0,0,0,0,0,0,0,0,0,0,0,0,0,0,0,0,27,1,0,0,0,0,8,0,27,78,95,97,95,90,61,42,0,0,0,0,0
l27,10=0,0,0,0,0,0,0,0,0,0,0,0,0,0,0,0,0,0,0,0,0,0,0,0,0,0,56,0,52,95,99,83,0,0,37,0,0,0,0,0
l28,10=0,0,0,0,0,0,0,0,0,0,0,0,0,0,0,0,0,0,0,0,1,0,9,0,0,0,77,63,0,95,99,93,52,75,29,0,0,0,0,0
l29,10=0,0,0,0,0,0,0,0,0,0,0,0,0,0,0,0,0,0,0,0,0,0,40,0,0,0,77,63,78,0,99,92,69,8,32,0,0,0,0,0
l30,10=0,0,0,0,0,0,0,0,0,0,0,0,0,0,0,0,0,0,0,0,0,0,0,0,0,0,77,63,78,95,0,90,75,58,36,0,0,0,0,0
l31,10=0,0,0,0,0,0,0,0,0,0,0,0,0,0,0,0,0,0,0,0,0,0,44,0,0,10,77,27,63,93,98,0,100,100,99,0,0,0,0,0
l32,10=0,0,0,0,0,0,0,0,0,0,0,0,0,0,0,0,7,0,0,0,1,0,0,0,0,12,77,0,22,71,72,99,0,100,99,0,0,0,0,0
l33,10=0,0,0,0,0,0,0,0,0,0,0,0,32,0,41,0,0,21,0,0,0,9,0,85,36,42,35,0,31,20,36,100,100,0,99,0,0,0,0,0
l34,10=0,0,0,0,0,0,0,0,0,0,0,0,20,0,0,0,30,0,0,0,1,0,0,1,6,25,41,25,16,33,27,100,100,100,0,0,0,0,0,0
l35,10=0,0,0,0,0,0,0,0,0,0,0,0,0,0,0,0,14,0,0,7,13,15,36,0,0,0,0,0,0,0,0,0,0,0,0,0,35,21,18,15
l36,10=0,0,0,0,0,0,0,0,0,0,0,7,1,0,8,0,14,11,0,0,15,6,37,0,0,0,0,0,0,0,0,0,0,0,0,27,0,22,16,20
l37,10=0,0,0,0,0,0,0,0,0,0,0,0,0,0,0,2,13,0,0,6,10,11,31,0,0,0,0,0,0,0,0,0,0,0,0,20,31,0,9,18
l38,10=0,0,0,0,0,0,0,0,0,0,0,0,25,20,0,8,22,15,0,0,16,20,39,0,3,1,0,0,0,0,0,0,0,0,0,23,32,14,0,17
l39,10=0,0,0,0,0,0,0,0,0,0,0,0,0,0,0,0,19,19,0,20,16,19,37,0,0,0,0,0,0,0,0,0,0,0,0,20,30,20,15,0

l0,11=0,81,80,76,65,46,42,39,20,43,0,0,0,0,0,0,0,0,0,0,0,0,0,0,0,0,0,0,0,0,0,0,0,0,0,0,0,0,0,0
l1,11=54,0,72,71,63,30,72,74,0,0,20,2,0,7,0,0,0,0,0,0,0,0,0,0,0,0,0,0,0,0,0,0,0,0,0,0,0,0,0,0
l2,11=37,65,0,56,57,46,17,10,26,37,24,0,0,0,0,0,0,0,0,0,0,0,0,0,0,0,0,0,0,0,0,0,0,0,0,0,0,0,0,0
l3,11=57,78,79,0,73,45,30,33,0,29,23,0,0,0,0,0,0,0,0,0,0,0,0,0,0,0,0,0,0,0,0,0,0,0,0,0,0,0,0,0
l4,11=34,65,77,72,0,35,26,35,21,32,25,0,0,0,5,0,0,0,0,0,0,0,0,0,0,0,0,0,0,0,0,0,0,0,0,0,0,0,0,0
l5,11=52,64,81,66,55,0,49,79,19,60,10,0,0,8,0,0,0,0,0,0,0,0,0,0,0,0,0,0,0,0,0,0,0,0,0,0,0,0,0,0
l6,11=8,56,10,15,32,19,0,74,32,49,28,7,0,11,0,15,17,0,0,0,0,0,0,0,0,0,0,0,0,0,0,0,0,0,0,0,0,0,0,0
l7,11=25,51,0,44,43,28,56,0,52,54,36,20,23,40,0,3,0,0,0,0,0,0,0,0,0,0,0,0,0,0,0,0,0,0,0,0,0,0,0,0
l8,11=2,0,7,8,13,9,21,40,0,54,24,17,25,46,3,19,0,12,0,11,0,0,0,8,11,0,0,0,0,0,0,0,0,0,0,0,0,0,0,0
l9,11=11,0,15,14,21,20,38,74,55,0,34,20,24,44,0,15,7,2,0,0,0,13,0,0,10,0,0,0,0,0,0,0,0,0,0,0,0,0,0,0
l10,11=0,4,22,23,34,4,33,79,44,61,0,21,0,36,0,20,0,3,0,0,0,0,0,0,0,0,0,0,0,0,0,0,0,0,0,0,0,0,0,0
l11,11=0,0,0,0,0,0,18,18,29,37,23,0,53,39,46,36,29,75,0,0,6,6,11,16,20,6,0,0,0,0,0,0,0,0,0,4,0,0,20,0
l12,11=0,0,0,0,0,0,0,4,36,33,0,35,0,13,65,32,45,82,0,0,12,16,14,22,75,52,0,0,0,0,0,0,0,0,0,0,0,0,41,0
l13,11=0,2,0,0,0,4,22,62,53,50,26,50,27,0,0,33,26,57,0,0,9,9,0,10,14,7,0,0,0,0,0,0,0,0,0,0,0,0,11,0
l14,11=0,0,0,0,1,0,0,0,0,0,0,37,91,0,0,0,47,69,0,0,3,7,0,28,43,28,0,0,0,0,0,0,0,24,8,5,8,0,33,0
l15,11=0,0,0,0,0,0,18,9,41,25,20,60,59,47,0,0,33,70,0,4,10,8,6,9,9,4,0,0,0,0,0,0,0,0,0,0,7,0,27,0
l16,11=0,0,0,0,0,0,19,0,0,4,0,10,28,10,54,28,0,77,1,0,12,26,15,15,30,0,0,0,0,0,0,0,0,0,10,8,18,41,71,28
l17,11=0,0,0,0,0,0,0,0,12,10,6,26,32,11,43,31,51,0,0,0,11,18,10,14,11,5,0,0,0,0,0,0,0,0,0,0,9,0,13,0
l18,11=0,0,0,0,0,0,0,0,0,0,0,0,0,0,0,0,31,0,0,55,51,64,17,0,0,0,0,0,0,0,0,0,0,0,0,0,0,0,0,0
l19,11=0,0,0,0,0,0,0,0,15,0,0,0,0,0,0,13,0,0,46,0,53,62,72,0,0,0,23,0,0,0,1,0,0,0,0,10,13,0,0,53
l20,11=0,0,0,0,0,0,0,0,0,0,0,0,16,8,0,17,39,28,28,57,0,77,89,0,2,0,2,0,0,0,0,0,11,0,0,15,22,45,68,47
l21,11=0,0,0,0,0,0,0,0,0,32,0,6,19,15,16,15,48,41,39,57,62,0,86,0,1,0,0,0,0,0,0,0,0,0,0,12,16,32,75,0
l22,11=0,0,0,0,0,0,0,0,0,0,0,8,15,0,0,5,23,23,0,46,61,73,0,0,0,0,0,0,0,16,0,6,0,0,0,40,55,36,73,51
l23,11=0,0,0,0,0,0,0,0,12,6,0,22,56,18,54,13,45,41,0,0,0,0,0,0,77,73,0,0,0,0,0,3,29,31,0,0,0,0,6,0
l24,11=0,0,0,0,0,0,0,0,9,13,0,20,92,14,48,9,72,13,0,0,3,0,0,51,0,29,0,0,0,0,0,0,0,2,0,0,0,0,10,0
l25,11=0,0,0,0,0,0,0,0,0,6,0,9,93,19,55,16,13,25,0,0,0,0,0,75,72,0,0,0,0,0,0,3,8,51,9,0,0,0,0,0
l26,11=0,0,0,0,0,0,0,0,0,0,0,0,0,0,0,0,0,0,0,26,13,0,0,0,0,0,0,80,94,90,95,34,29,7,40,0,0,0,0,0
l27,11=0,0,0,0,0,0,0,0,0,0,0,0,0,0,0,0,0,0,0,0,0,0,0,0,0,0,83,0,92,92,95,24,0,0,27,0,0,0,0,0
l28,11=0,0,0,0,0,0,0,0,0,0,0,0,0,0,0,0,0,0,0,0,9,0,0,0,0,0,86,93,0,94,95,35,20,0,32,0,0,0,0,0
l29,11=0,0,0,0,0,0,0,0,0,0,0,0,0,0,0,0,0,0,0,0,0,0,29,0,0,0,83,94,94,0,95,36,16,8,42,0,0,0,0,0
l30,11=0,0,0,0,0,0,0,0,0,0,0,0,0,0,0,0,0,0,0,0,0,0,0,0,0,0,86,94,94,94,0,32,26,18,67,0,0,0,0,0
l31,11=0,0,0,0,0,0,0,0,0,0,0,0,0,0,0,0,0,0,0,0,0,0,46,36,0,38,86,62,80,88,78,0,53,98,100,0,0,0,0,0
l32,11=0,0,0,0,0,0,0,0,0,0,0,0,0,0,0,0,2,0,0,0,9,0,0,11,0,4,86,2,33,23,32,47,0,98,100,0,0,0,0,0
l33,11=0,0,0,0,0,0,0,0,0,0,0,0,0,0,49,0,0,0,0,0,10,0,0,39,18,61,56,0,0,58,54,100,71,0,100,0,0,0,0,0
l34,11=0,0,0,0,0,0,0,0,0,0,0,0,3,0,32,0,50,0,0,0,0,0,0,14,4,7,80,63,53,50,47,100,71,98,0,0,0,0,0,0
l35,11=0,0,0,0,0,0,0,0,0,0,0,0,0,0,4,0,12,0,0,1,9,11,34,0,0,0,0,0,0,0,0,0,0,0,0,0,69,50,52,30
l36,11=0,0,0,0,0,0,0,0,0,0,0,0,0,0,1,6,28,12,0,0,18,11,40,0,0,0,0,0,0,0,0,0,0,0,0,37,0,51,78,61
l37,11=0,0,0,0,0,0,0,0,0,0,0,0,0,0,0,0,23,0,0,0,11,11,14,0,0,0,0,0,0,0,0,0,0,0,0,18,24,0,24,52
l38,11=0,0,0,0,0,0,0,0,0,0,0,3,19,2,18,17,52,1,0,0,18,42,45,0,2,0,0,0,0,0,0,0,0,0,0,17,27,35,0,56
l39,11=0,0,0,0,0,0,0,0,0,0,0,0,0,0,0,0,40,0,0,30,32,0,39,0,0,0,0,0,0,0,0,0,0,0,0,25,68,60,66,0

l0,12=0,89,78,83,78,80,36,66,0,38,43,0,0,0,0,0,0,0,0,0,0,0,0,0,0,0,0,0,0,0,0,0,0,0,0,0,0,0,0,0
l1,12=78,0,38,72,75,71,72,81,0,0,0,34,0,0,0,0,0,0,0,0,0,0,0,0,0,0,0,0,0,0,0,0,0,0,0,0,0,0,0,0
l2,12=79,63,0,73,78,79,74,20,10,37,61,0,0,5,0,0,0,0,0,0,0,0,0,0,0,0,0,0,0,0,0,0,0,0,0,0,0,0,0,0
l3,12=81,83,75,0,78,75,36,0,15,0,54,0,0,0,0,0,0,0,0,0,0,0,0,0,0,0,0,0,0,0,0,0,0,0,0,0,0,0,0,0
l4,12=78,82,73,74,0,63,52,55,35,34,50,0,0,0,26,0,0,0,0,0,0,0,0,40,0,0,0,0,0,0,0,0,0,0,0,0,0,0,0,0
l5,12=78,76,75,72,75,0,72,79,57,70,14,0,0,39,0,0,1,0,0,0,0,0,0,5,0,0,0,0,0,0,0,0,0,0,0,0,0,0,0,0
l6,12=11,76,73,47,63,65,0,77,42,43,65,57,3,53,3,56,15,0,0,0,0,0,0,0,0,0,0,0,0,0,0,0,0,0,0,0,0,0,0,0
l7,12=75,81,43,0,75,71,74,0,67,73,79,41,9,74,0,11,0,0,0,0,0,0,0,0,0,0,0,0,0,0,0,0,0,0,0,0,0,0,0,0
l8,12=0,0,0,29,26,24,48,54,0,74,76,61,56,77,0,59,33,12,0,17,0,32,0,0,7,0,0,0,0,0,0,0,0,0,0,0,0,0,0,0
l9,12=24,6,10,10,21,73,14,82,66,0,76,59,53,74,16,54,23,1,0,0,43,43,0,18,33,6,0,0,0,0,0,0,0,0,0,0,0,0,0,0
l10,12=33,0,48,49,40,22,59,82,62,73,0,54,0,65,0,54,29,0,0,0,0,0,0,0,0,0,0,0,0,0,0,0,0,0,0,0,0,0,0,0
l11,12=0,4,0,0,0,0,59,31,27,59,47,0,76,77,59,84,59,53,0,0,39,39,27,26,0,32,0,0,0,0,0,0,0,0,0,2,2,0,25,0
l12,12=0,0,0,0,0,0,0,0,30,48,2,84,0,63,81,83,79,86,0,0,57,52,44,49,89,88,0,0,0,0,0,0,0,0,0,0,0,0,55,0
l13,12=0,0,2,6,0,17,0,59,67,71,63,82,68,0,54,84,57,45,0,0,51,42,0,57,59,5,0,0,0,0,0,0,0,0,0,0,1,0,12,0
l14,12=0,0,0,0,10,0,0,0,12,25,0,54,86,57,0,63,84,53,0,0,50,50,0,77,90,57,0,0,0,0,0,0,0,40,33,19,25,0,0,0
l15,12=0,0,0,0,0,0,42,13,28,44,30,88,79,80,53,0,62,57,0,23,50,51,0,43,58,52,0,0,0,0,0,0,0,0,0,0,0,0,30,0
l16,12=0,0,0,0,0,0,2,0,13,22,16,59,75,53,79,72,0,50,4,25,63,61,28,23,83,21,0,0,0,0,0,0,0,0,6,4,24,14,59,27
l17,12=0,0,0,0,0,0,0,0,2,13,0,88,86,67,73,81,67,0,0,27,65,63,42,34,49,0,0,0,0,0,0,0,0,1,0,0,22,0,36,0
l18,12=0,0,0,0,0,0,0,0,0,0,0,0,0,0,0,0,54,0,0,33,58,51,0,0,0,0,0,0,0,0,0,0,0,0,0,0,0,0,0,0
l19,12=0,0,0,0,0,0,0,0,6,0,0,0,0,0,0,19,30,15,10,0,75,64,48,0,0,0,26,0,0,0,13,4,0,0,0,7,27,17,32,29
l20,12=0,0,0,0,0,0,0,0,0,25,0,39,46,38,27,19,68,20,9,82,0,84,87,0,0,0,0,0,0,0,0,17,0,0,0,33,72,18,37,26
l21,12=0,0,0,0,0,0,0,0,23,36,0,48,43,37,26,21,57,35,8,71,87,0,86,0,21,0,0,0,0,0,0,0,0,0,0,41,40,10,44,12
l22,12=0,0,0,0,0,0,0,0,0,0,0,40,34,0,0,1,30,17,0,76,86,80,0,0,0,0,0,0,0,0,0,0,0,0,0,42,48,18,60,64
l23,12=0,0,0,0,31,1,0,0,1,3,0,65,71,73,68,66,41,36,0,0,0,0,0,0,86,94,0,0,0,0,0,1,0,50,0,0,0,0,1,0
l24,12=0,0,0,0,0,0,0,0,0,0,0,19,87,55,82,76,83,64,0,0,0,59,0,84,0,86,0,0,0,0,0,0,32,0,0,0,19,0,35,0
l25,12=0,0,0,0,0,0,0,0,0,3,0,56,88,19,55,61,68,0,0,0,0,0,0,95,85,0,0,0,0,0,0,52,45,65,62,0,0,0,0,0
l26,12=0,0,0,0,0,0,0,0,0,0,0,0,0,0,0,0,0,0,0,25,0,0,0,0,0,0,0,71,92,80,90,89,81,27,76,0,0,0,0,0
l27,12=0,0,0,0,0,0,0,0,0,0,0,0,0,0,0,0,0,0,0,0,0,0,0,0,0,0,77,0,90,94,97,85,0,9,12,0,0,0,0,0
l28,12=0,0,0,0,0,0,0,0,0,0,0,0,0,0,0,0,0,0,0,0,0,0,2,0,0,0,84,98,0,96,97,84,40,44,54,0,0,0,0,0
l29,12=0,0,0,0,0,0,0,0,0,0,0,0,0,0,0,0,0,0,0,0,0,0,0,0,0,0,79,98,92,0,97,86,70,60,64,0,0,0,0,0
l30,12=0,0,0,0,0,0,0,0,0,0,0,0,0,0,0,0,0,0,0,0,0,0,0,0,0,0,80,98,92,96,0,85,77,44,34,0,0,0,0,0
l31,12=0,0,0,0,0,0,0,0,0,0,0,0,0,0,0,0,0,0,0,0,51,0,2,11,0,41,84,86,89,92,97,0,96,100,100,0,0,0,0,0
l32,12=0,0,0,0,0,0,0,0,0,0,0,0,0,0,0,0,0,0,0,0,0,0,0,11,47,41,81,0,78,86,91,94,0,100,100,0,0,0,0,0
l33,12=0,0,0,0,0,0,0,0,0,0,0,0,0,0,61,0,0,0,0,0,0,0,0,49,2,80,70,25,51,69,65,100,96,0,99,0,0,0,0,0
l34,12=0,0,0,0,0,0,0,0,0,0,0,0,0,0,50,0,19,0,0,0,0,0,0,0,1,93,82,22,84,87,69,100,96,100,0,0,0,0,0,0
l35,12=0,0,0,0,0,0,0,0,0,0,0,0,0,0,5,0,22,0,0,0,45,36,39,0,0,0,0,0,0,0,0,0,0,0,0,0,81,51,66,41
l36,12=0,0,0,0,0,0,0,0,0,0,0,1,0,0,3,0,35,3,0,6,55,33,38,0,1,0,0,0,0,0,0,0,0,0,0,52,0,30,66,32
l37,12=0,0,0,0,0,0,0,0,0,0,0,0,0,0,0,0,38,0,0,0,54,21,23,0,0,0,0,0,0,0,0,0,0,0,0,40,42,0,0,31
l38,12=0,0,0,0,0,0,0,0,0,0,0,35,49,15,0,20,48,3,0,22,50,62,47,0,9,0,0,0,0,0,0,0,0,0,0,44,44,0,0,30
l39,12=0,0,0,0,0,0,0,0,0,0,0,0,0,0,0,0,38,0,0,26,52,13,39,0,0,0,0,0,0,0,0,0,0,0,0,41,44,31,33,0

l0,13=0,89,87,87,91,86,85,81,47,75,82,0,0,0,0,0,0,0,0,0,0,0,0,0,0,0,0,0,0,0,0,0,0,0,0,0,0,0,0,0
l1,13=86,0,86,90,89,80,79,77,19,0,17,0,0,0,0,0,0,0,0,0,0,0,0,0,0,0,0,0,0,0,0,0,0,0,0,0,0,0,0,0
l2,13=80,84,0,86,87,87,82,78,0,69,82,0,0,34,0,0,0,0,0,0,0,0,0,0,0,0,0,0,0,0,0,0,0,0,0,0,0,0,0,0
l3,13=87,89,88,0,91,77,78,0,40,5,73,0,0,0,0,0,0,0,0,0,0,0,0,0,0,0,0,0,0,0,0,0,0,0,0,0,0,0,0,0
l4,13=82,85,87,85,0,78,82,74,0,49,67,0,0,0,0,0,0,0,0,0,0,0,0,16,0,0,0,0,0,0,0,0,0,0,0,0,0,0,0,0
l5,13=79,83,87,81,82,0,82,77,59,83,82,0,0,53,0,0,0,0,0,0,0,0,0,0,0,0,0,0,0,0,0,0,0,0,0,0,0,0,0,0
l6,13=81,84,88,84,85,85,0,0,73,85,11,84,0,57,0,78,0,0,0,0,0,0,0,0,0,0,0,0,0,0,0,0,0,0,0,0,0,0,0,0
l7,13=44,81,84,18,48,44,0,0,81,84,90,0,15,53,0,39,0,0,0,0,0,0,0,0,0,0,0,0,0,0,0,0,0,0,0,0,0,0,0,0
l8,13=16,27,0,46,12,29,70,80,0,92,85,53,22,84,48,13,50,34,0,55,0,52,3,0,60,0,0,0,0,0,0,0,0,0,0,0,0,0,0,0
l9,13=18,0,76,14,30,80,81,81,81,0,88,70,47,82,35,80,54,55,0,0,51,61,0,0,0,0,0,0,0,0,0,0,0,0,0,0,0,0,0,0
l10,13=18,8,80,42,24,48,15,84,81,94,0,59,0,82,0,40,1,0,0,0,0,0,0,0,0,0,0,0,0,0,0,0,0,0,0,0,0,0,0,0
l11,13=0,0,0,0,0,0,74,0,50,27,24,0,44,90,50,90,65,80,0,0,74,68,24,20,38,22,0,0,0,0,0,0,0,0,0,0,12,0,62,0
l12,13=0,0,0,0,0,0,0,0,0,27,0,81,0,38,64,55,74,98,0,0,82,52,21,18,85,98,0,0,0,0,0,0,0,40,0,0,0,0,49,0
l13,13=0,0,15,0,0,23,58,78,77,92,50,88,35,0,52,88,57,76,0,1,74,65,0,24,46,63,0,0,0,0,0,0,0,0,0,0,0,0,74,0
l14,13=0,0,0,0,0,0,0,0,55,25,0,63,92,50,0,48,80,76,0,0,0,0,0,52,95,71,0,0,0,0,0,0,1,40,32,0,1,0,27,0
l15,13=0,0,0,0,0,0,74,22,1,32,28,93,74,88,48,0,75,90,0,45,75,58,0,27,69,41,0,0,0,0,0,0,0,0,0,0,36,0,70,0
l16,13=0,0,0,0,0,0,0,0,28,20,0,67,51,26,59,51,0,87,28,47,74,60,24,6,67,9,0,0,0,0,0,0,0,22,28,32,42,1,80,57
l17,13=0,0,0,0,0,0,0,0,25,25,0,80,91,47,46,54,78,0,0,51,84,68,23,21,66,3,0,0,0,0,0,0,0,29,0,3,41,0,68,0
l18,13=0,0,0,0,0,0,0,0,0,0,0,0,0,0,0,0,40,0,0,89,94,0,2,0,0,0,0,0,0,0,0,0,0,0,0,0,0,0,0,0
l19,13=0,0,0,0,0,0,0,0,29,0,0,0,0,0,0,17,26,33,47,0,95,91,83,0,0,0,43,0,3,21,2,53,0,0,0,26,43,35,54,57
l20,13=0,0,0,0,0,0,0,0,0,12,0,4,29,22,0,13,33,62,43,93,0,96,94,0,0,0,4,0,0,0,0,37,0,0,0,36,84,65,89,66
l21,13=0,0,0,0,0,0,0,0,22,23,0,44,25,32,0,21,63,78,0,93,96,0,94,0,38,0,0,0,0,0,0,0,0,0,0,35,29,0,88,64
l22,13=0,0,0,0,0,0,0,0,0,0,0,5,18,0,0,0,35,28,0,86,96,97,0,0,0,0,12,0,0,0,0,0,0,0,0,43,71,0,83,80
l23,13=0,0,0,0,11,0,0,0,0,0,0,64,41,52,96,51,55,74,0,0,0,0,0,0,69,99,0,0,0,0,0,0,0,9,2,0,0,0,0,0
l24,13=0,0,0,0,0,0,0,0,53,0,0,15,92,19,99,52,68,80,0,0,0,61,0,26,0,94,0,0,0,0,0,0,41,11,0,0,47,0,61,0
l25,13=0,0,0,0,0,0,0,0,0,0,0,63,92,42,58,51,29,17,0,0,0,0,0,100,95,0,0,0,0,14,0,75,51,56,55,0,0,0,0,0
l26,13=0,0,0,0,0,0,0,0,0,0,0,0,0,0,0,0,0,0,0,63,18,0,25,0,0,0,0,86,98,93,99,99,91,89,0,0,0,0,0,0
l27,13=0,0,0,0,0,0,0,0,0,0,0,0,0,0,0,0,0,0,0,0,0,0,0,0,0,0,93,0,98,100,100,92,84,81,0,0,0,0,0,0
l28,13=0,0,0,0,0,0,0,0,0,0,0,0,0,0,0,0,0,0,0,2,1,0,14,0,0,0,99,98,0,100,100,98,79,86,88,0,0,0,0,0
l29,13=0,0,0,0,0,0,0,0,0,0,0,0,0,0,0,0,0,0,0,55,0,0,0,0,0,0,88,98,98,0,100,93,92,70,89,0,0,0,0,0
l30,13=0,0,0,0,0,0,0,0,0,0,0,0,0,0,0,0,0,0,0,0,0,0,0,0,0,0,99,98,97,100,0,99,85,82,8,0,0,0,0,0
l31,13=0,0,0,0,0,0,0,0,0,0,0,0,0,0,0,0,0,0,0,77,78,0,0,0,0,81,99,96,95,99,99,0,99,100,100,0,0,0,0,0
l32,13=0,0,0,0,0,0,0,0,0,0,0,0,1,0,23,0,0,0,0,0,0,0,0,0,86,88,92,70,82,97,89,100,0,100,100,0,0,0,0,0
l33,13=0,0,0,0,0,0,0,0,0,0,0,0,84,0,73,0,55,77,0,0,0,0,0,14,61,96,96,81,95,91,98,100,99,0,100,0,0,0,0,0
l34,13=0,0,0,0,0,0,0,0,0,0,0,0,0,0,45,0,65,0,0,0,41,0,10,23,0,91,0,4,98,99,73,100,99,100,0,0,0,0,0,0
l35,13=0,0,0,0,0,0,0,0,0,0,0,0,0,0,0,0,20,0,0,0,27,9,20,0,0,0,0,0,0,0,0,0,0,0,0,0,90,89,70,73
l36,13=0,0,0,0,0,0,0,0,0,0,0,0,0,0,0,10,27,31,0,34,31,3,20,0,25,0,0,0,0,0,0,0,0,0,0,82,0,50,86,55
l37,13=0,0,0,0,0,0,0,0,0,0,0,0,0,0,0,0,0,0,0,1,30,0,10,0,0,0,0,0,0,0,0,0,0,0,0,82,41,0,61,62
l38,13=0,0,0,0,0,0,0,0,0,0,0,3,17,22,0,14,29,39,0,48,90,61,23,0,26,0,0,0,0,0,0,0,0,0,0,48,59,45,0,66
l39,13=0,0,0,0,0,0,0,0,0,0,0,0,0,0,0,0,23,0,0,62,33,16,28,0,0,0,0,0,0,0,0,0,0,0,0,43,39,52,67,0

l0,14=0,96,97,98,57,63,57,72,49,88,83,0,0,0,0,0,0,0,0,0,0,0,0,0,0,0,0,0,0,0,0,0,0,0,0,0,0,0,0,0
l1,14=91,0,97,97,62,64,34,33,0,0,14,0,0,34,0,0,0,0,0,0,0,0,0,0,13,0,0,0,0,0,0,0,0,0,0,0,0,0,0,0
l2,14=94,98,0,96,60,65,57,73,38,92,78,0,0,11,0,30,0,0,0,0,0,0,0,0,0,0,0,0,0,0,0,0,0,0,0,0,0,0,0,0
l3,14=92,96,97,0,57,63,58,8,0,87,85,0,0,0,0,0,0,0,0,0,0,0,0,0,0,0,0,0,0,0,0,0,0,0,0,0,0,0,0,0
l4,14=92,96,97,96,0,62,51,0,1,85,94,0,0,0,0,0,0,0,0,0,0,0,0,0,0,0,0,0,0,0,0,0,0,0,0,0,0,0,0,0
l5,14=94,96,98,96,57,0,58,69,81,92,95,0,0,35,0,72,0,0,0,0,0,0,0,0,0,0,0,0,0,0,0,0,0,0,0,0,0,0,0,0
l6,14=90,82,98,92,52,63,0,71,79,89,90,97,0,86,0,88,0,0,0,0,0,0,43,0,0,0,0,0,0,0,0,0,0,0,0,0,0,0,0,0
l7,14=92,69,98,44,0,61,58,0,95,93,99,0,0,55,0,46,84,0,0,0,0,0,0,0,0,0,0,0,0,0,0,0,0,0,0,0,0,0,0,0
l8,14=39,0,26,27,20,38,17,20,0,98,94,33,23,22,32,44,35,0,0,36,0,26,0,0,49,0,0,0,0,0,0,0,0,0,0,0,0,0,0,0
l9,14=44,0,40,48,24,65,25,73,98,0,100,67,0,98,36,94,40,22,0,0,48,45,0,42,1,0,0,0,0,0,0,0,0,0,0,0,0,0,0,0
l10,14=78,0,25,52,57,65,56,98,96,98,0,42,22,98,25,40,0,0,0,0,0,0,0,0,1,0,0,0,0,0,0,0,0,0,0,0,0,0,0,0
l11,14=0,0,0,0,0,0,91,0,35,90,46,0,94,97,74,99,97,96,0,0,56,51,51,65,16,42,0,0,0,0,0,0,0,0,0,0,29,0,16,0
l12,14=0,0,0,0,0,0,0,0,21,0,1,97,0,59,99,94,91,99,0,3,94,0,40,95,92,98,0,0,0,0,0,0,0,36,0,0,0,0,0,0
l13,14=0,34,17,0,0,43,45,42,53,98,94,100,57,0,75,99,88,54,0,4,0,86,9,39,90,53,0,0,0,0,0,0,0,0,0,0,0,0,35,0
l14,14=0,0,0,0,0,0,0,0,25,39,33,96,95,59,0,44,91,19,0,0,8,23,0,95,97,23,0,0,0,0,0,0,21,51,0,0,0,0,24,0
l15,14=0,0,0,0,0,35,17,1,55,93,45,100,59,98,34,0,99,84,0,12,52,49,0,95,93,31,0,0,0,0,0,0,0,0,0,0,1,0,25,0
l16,14=0,0,0,0,0,0,0,7,9,50,0,95,51,14,80,98,0,51,8,41,91,74,98,44,89,1,0,0,0,0,0,0,0,45,27,59,56,18,34,67
l17,14=0,0,0,0,0,0,0,0,0,92,0,97,98,59,75,99,97,0,0,85,96,96,90,96,95,54,0,0,0,0,0,0,0,36,0,24,0,0,97,0
l18,14=0,0,0,0,0,0,0,0,0,0,0,0,0,0,0,0,87,0,0,89,92,0,87,0,0,0,0,0,0,0,0,0,0,0,0,0,0,0,0,0
l19,14=0,0,0,0,0,0,0,0,0,0,0,0,19,24,0,10,88,50,51,0,97,94,93,0,0,0,51,0,0,82,0,79,0,0,0,0,76,14,88,86
l20,14=0,0,0,0,0,0,0,0,0,77,0,83,51,0,0,86,34,48,47,98,0,97,99,0,0,0,0,0,0,0,0,0,0,0,6,62,59,39,98,86
l21,14=0,0,0,0,0,0,0,0,53,80,32,87,0,53,58,88,93,63,0,98,98,0,99,0,73,0,0,0,0,0,0,0,0,0,0,55,53,41,90,75
l22,14=0,0,0,0,0,0,47,0,17,0,0,85,44,6,0,4,94,37,23,93,98,97,0,0,1,0,0,0,77,0,0,0,0,0,0,63,62,38,98,88
l23,14=0,0,0,0,0,0,0,0,0,40,0,67,59,25,95,93,41,44,0,0,0,0,0,0,51,100,0,0,0,0,0,0,44,50,53,0,0,0,0,0
l24,14=0,0,0,0,0,0,0,0,25,0,0,0,63,40,98,94,91,58,0,0,0,30,0,56,0,59,0,0,0,0,0,0,0,0,0,0,26,0,26,0
l25,14=0,0,0,0,0,0,0,0,0,0,0,94,97,58,65,94,66,55,0,0,0,0,0,99,94,0,0,0,25,0,0,0,83,95,97,0,0,0,0,0
l26,14=0,0,0,0,0,0,0,0,0,0,0,0,0,0,0,0,0,0,0,14,1,0,0,0,0,0,0,97,100,98,100,100,99,100,98,0,0,0,0,0
l27,14=0,0,0,0,0,0,0,0,0,0,0,0,0,0,0,0,0,0,0,0,0,0,0,0,0,0,100,0,100,100,100,97,99,98,0,0,0,0,0,0
l28,14=0,0,0,0,0,0,0,0,0,0,0,0,0,0,0,0,0,0,0,0,2,0,95,0,0,50,100,100,0,100,100,99,94,100,99,0,0,0,0,0
l29,14=0,0,0,0,0,0,0,0,0,0,0,0,0,0,0,0,0,0,0,94,0,0,0,0,0,0,97,100,100,0,100,97,99,0,98,0,0,0,0,0
l30,14=0,0,0,0,0,0,0,0,0,0,0,0,0,0,0,0,0,0,0,0,0,0,0,0,0,0,100,100,100,100,0,97,99,100,0,0,0,0,0,0
l31,14=0,0,0,0,0,0,0,0,0,0,0,0,0,0,0,0,0,0,0,95,8,0,0,0,0,0,99,96,99,98,97,0,99,100,100,0,0,0,0,0
l32,14=0,0,0,0,0,0,0,0,0,0,0,0,0,0,75,0,0,0,0,0,21,0,0,95,0,65,99,87,95,97,96,100,0,100,100,0,0,0,0,0
l33,14=0,0,0,0,0,0,0,0,0,0,0,0,95,0,94,0,94,61,0,0,0,0,0,96,31,97,98,97,97,0,96,100,100,0,100,0,0,0,0,0
l34,14=0,0,0,0,0,0,0,0,0,0,0,0,0,0,0,0,90,0,0,0,91,0,0,94,1,100,100,0,100,100,1,100,100,100,0,0,0,0,0,0
l35,14=0,0,0,0,0,0,0,0,0,0,0,0,11,0,0,0,82,6,0,0,84,46,75,0,0,0,0,0,0,0,0,0,0,0,0,0,96,89,92,79
l36,14=0,0,0,0,0,0,0,0,0,0,0,58,7,0,0,0,83,0,0,54,89,77,86,0,46,0,0,0,0,0,0,0,0,0,0,70,0,18,98,77
l37,14=0,0,0,0,0,0,0,0,0,0,0,0,0,0,0,0,44,0,0,11,77,68,59,0,0,0,0,0,0,0,0,0,0,0,0,84,13,0,87,73
l38,14=0,0,0,0,0,0,0,0,0,0,0,67,0,4,40,52,47,42,0,53,97,86,93,0,51,0,0,0,0,0,0,0,0,0,0,66,61,39,0,85
l39,14=0,0,0,0,0,0,0,0,0,0,0,0,0,0,0,0,85,0,0,81,90,90,87,0,0,0,0,0,0,0,0,0,0,0,0,63,53,47,91,0

l0,15=0,97,95,100,99,97,98,93,56,95,0,0,0,0,0,0,0,0,0,0,0,0,0,0,0,0,0,0,0,0,0,0,0,0,0,0,0,0,0,0
l1,15=97,0,96,94,95,95,98,0,0,0,94,0,0,93,0,0,0,0,0,0,0,0,0,0,19,0,0,0,0,0,0,0,0,0,0,0,0,0,0,0
l2,15=97,100,0,92,99,100,98,97,96,98,98,37,0,97,0,0,0,0,0,0,0,0,0,0,0,0,0,0,0,0,0,0,0,0,0,0,0,0,0,0
l3,15=100,99,52,0,95,95,95,0,0,86,47,0,0,0,0,0,0,0,0,0,0,0,0,0,0,0,0,0,0,0,0,0,0,0,0,0,0,0,0,0
l4,15=100,99,96,94,0,95,96,88,8,95,94,0,0,1,0,28,0,0,0,0,0,0,0,0,0,0,0,0,0,0,0,0,0,0,0,0,0,0,0,0
l5,15=97,96,96,94,93,0,98,93,95,95,97,0,0,94,0,64,0,0,0,0,0,0,0,0,0,0,0,0,0,0,0,0,0,0,0,0,0,0,0,0
l6,15=97,96,95,91,93,95,0,93,91,95,97,97,80,91,0,93,19,0,0,0,0,0,7,0,0,0,0,0,0,0,0,0,0,0,0,0,0,0,0,0
l7,15=97,0,95,0,93,95,98,0,96,95,100,0,0,53,0,8,90,0,0,0,0,0,0,0,0,0,0,0,0,0,0,0,0,0,0,0,0,0,0,0
l8,15=34,0,51,0,39,93,75,93,0,100,99,87,55,58,70,94,19,0,0,29,26,48,81,0,92,0,0,0,0,0,0,0,0,0,0,0,0,0,0,0
l9,15=99,0,90,54,92,97,99,96,100,0,100,86,0,98,47,97,20,43,0,0,97,71,23,37,0,0,0,0,0,0,0,0,0,0,0,0,0,0,0,0
l10,15=0,93,92,77,93,95,98,96,96,100,0,0,90,96,63,0,1,0,0,0,0,0,0,0,0,0,0,0,0,0,0,0,0,0,0,0,0,0,0,0
l11,15=0,0,0,0,0,11,86,0,58,89,0,0,100,100,73,100,99,64,0,0,91,54,86,90,94,95,0,0,0,0,0,0,0,0,0,0,92,0,77,0
l12,15=0,0,0,0,0,0,9,0,67,0,98,98,0,98,100,98,93,96,0,27,96,2,63,96,100,100,0,0,0,0,0,0,0,0,0,0,92,0,16,0
l13,15=0,63,51,0,47,88,80,42,61,100,100,100,100,0,82,100,80,59,0,10,54,5,53,49,85,96,0,0,0,0,0,0,0,0,0,0,0,0,0,0
l14,15=0,0,0,0,0,0,0,0,58,24,35,23,99,55,0,97,92,59,0,0,1,22,1,95,100,97,0,0,0,0,0,0,0,96,0,0,0,0,44,0
l15,15=0,0,0,0,15,69,81,0,61,94,0,100,62,61,87,0,98,61,0,10,81,54,9,97,100,87,0,0,0,0,0,0,0,0,0,81,0,0,97,0
l16,15=0,0,0,0,0,0,0,50,0,67,0,89,59,53,88,99,0,47,54,66,78,49,89,4,98,72,0,0,0,0,0,0,0,90,0,87,95,91,93,88
l17,15=0,0,0,0,0,0,0,0,0,87,0,90,62,60,88,99,51,0,0,62,92,55,91,95,100,95,0,0,0,0,0,0,0,93,92,0,93,2,97,0
l18,15=0,0,0,0,0,0,0,0,0,0,0,0,0,0,0,0,92,0,0,5,92,24,74,0,0,0,0,0,0,0,0,0,0,0,0,0,0,0,0,0
l19,15=0,0,0,0,0,0,0,0,24,0,0,0,32,12,0,0,73,45,0,0,99,91,84,0,0,0,66,0,29,75,0,0,0,0,0,60,78,0,46,79
l20,15=0,0,0,0,0,0,0,0,0,87,0,80,56,15,0,92,91,57,53,97,0,100,99,0,0,0,0,0,0,0,0,0,0,0,0,96,95,54,97,95
l21,15=0,0,0,0,0,0,0,0,52,84,3,85,0,4,73,91,85,77,1,96,99,0,97,0,62,0,0,0,0,0,0,0,0,0,19,47,94,90,96,86
l22,15=0,0,0,0,0,0,2,0,45,60,0,72,40,1,0,3,90,47,4,89,99,99,0,0,0,0,2,0,0,11,0,0,0,0,0,72,83,70,86,71
l23,15=0,0,0,0,0,0,0,0,0,42,0,77,97,13,100,97,3,59,0,0,0,0,0,0,97,100,0,0,0,0,0,0,72,99,0,0,0,0,0,0
l24,15=0,0,0,0,0,0,0,0,56,0,0,87,100,54,100,100,94,89,0,0,0,2,0,100,0,98,0,0,0,0,0,0,66,3,0,0,92,0,0,0
l25,15=0,0,0,0,0,0,0,0,0,0,0,93,92,59,100,97,51,59,0,0,0,0,0,100,97,0,84,0,61,0,0,56,71,81,99,0,0,0,0,0
l26,15=0,0,0,0,0,0,0,0,0,0,0,0,0,0,0,0,0,0,0,89,0,0,0,0,0,96,0,97,100,100,100,94,98,0,99,0,0,0,0,0
l27,15=0,0,0,0,0,0,0,0,0,0,0,0,0,0,0,0,0,0,0,0,0,0,0,0,0,0,98,0,100,100,100,91,99,100,100,0,0,0,0,0
l28,15=0,0,0,0,0,0,0,0,0,0,0,0,0,0,0,0,0,0,0,9,0,0,7,0,0,78,100,97,0,100,100,93,96,99,99,0,0,0,0,0
l29,15=0,0,0,0,0,0,0,0,0,0,0,0,0,0,0,0,0,0,0,97,0,0,16,0,0,0,99,97,100,0,100,93,98,99,99,0,0,0,0,0
l30,15=0,0,0,0,0,0,0,0,0,0,0,0,0,0,0,0,0,0,0,0,0,0,0,0,0,0,99,97,100,100,0,91,98,99,0,0,0,0,0,0
l31,15=0,0,0,0,0,0,0,0,0,0,0,0,0,0,0,0,0,0,0,0,13,0,0,0,0,98,99,95,99,100,99,0,100,100,99,0,0,0,0,0
l32,15=0,0,0,0,0,0,0,0,0,0,0,0,1,0,0,0,0,0,0,0,0,0,0,97,97,97,99,95,99,100,98,94,0,100,100,0,0,0,0,0
l33,15=0,0,0,0,0,0,0,0,0,0,0,0,0,0,99,0,89,49,0,0,0,6,0,100,58,95,0,94,98,97,96,98,100,0,100,0,0,0,0,0
l34,15=0,0,0,0,0,0,0,0,0,0,0,0,0,0,0,0,0,48,0,0,0,4,0,0,0,100,98,93,99,100,0,94,100,100,0,0,0,0,0,0
l35,15=0,0,0,0,0,0,0,0,0,0,0,0,2,0,0,55,68,0,0,45,88,3,71,0,0,0,0,0,0,0,0,0,0,0,0,0,93,91,91,86
l36,15=0,0,0,0,0,0,0,0,0,0,0,75,23,0,0,0,89,44,0,57,90,48,79,0,63,0,0,0,0,0,0,0,0,0,0,98,0,92,99,87
l37,15=0,0,0,0,0,0,0,0,0,0,0,0,0,0,0,0,69,0,0,0,69,41,71,0,0,0,0,0,0,0,0,0,0,0,0,93,91,0,90,89
l38,15=0,0,0,0,0,0,0,0,0,0,0,47,13,0,59,89,89,57,0,0,93,51,87,0,0,0,0,0,0,0,0,0,0,0,0,96,97,95,0,93
l39,15=0,0,0,0,0,0,0,0,0,0,0,0,0,0,0,0,70,0,0,62,92,43,80,0,0,0,0,0,0,0,0,0,0,0,0,91,86,90,90,0

