t=2016-04-13_11.51.03

n=40

q0=1
q1=1
q2=1
q3=1
q4=1
q5=1
q6=1
q7=1
q8=1
q9=1
q10=1
q11=1
q12=1
q13=1
q14=1
q15=1
q16=1
q17=1
q18=1
q19=1
q20=1
q21=1
q22=1
q23=1
q24=1
q25=1
q26=1
q27=1
q28=1
q29=1
q30=1
q31=1
q32=1
q33=1
q34=1
q35=1
q36=1
q37=1
q38=1
q39=1

a0=0x141592000c576ce6
a1=0x141592000c5aedbc
a2=0x141592000c5750f4
a3=0x141592000c576658
a4=0x141592000c575890
a5=0x141592000c574ffa
a6=0x141592000c5acf11
a7=0x141592000d9df361
a8=0x141592000c576300
a9=0x141592000c5779b6
a10=0x141592000c5762b9
a11=0x141592000c5af078
a12=0x141592000c575517
a13=0x141592000c5752c3
a14=0x141592000c5a4baa
a15=0x141592000c5776e7
a16=0x141592000c58cdeb
a17=0x141592000c5881fc
a18=0x141592000bd81d33
a19=0x141592000bd84d6a
a20=0x141592000c577233
a21=0x141592000c574527
a22=0x141592000c5746a3
a23=0x141592000c574da3
a24=0x141592000c5741c9
a25=0x141592000da244ea
a26=0x141592000c5ae886
a27=0x141592000c57510e
a28=0x141592000c5ab6c8
a29=0x141592000c574d05
a30=0x141592000edae61f
a31=0x141592000c57667e
a32=0x141592000c577f43
a33=0x141592000c576449
a34=0x1415920010f4117a
a35=0x141592000c575966
a36=0x141592000c574d35
a37=0x141592000c576fb1
a38=0x141592000c5aea5d
a39=0x141592000c59f23f

l0,0=0,82,82,93,84,84,80,39,0,74,71,0,0,0,0,0,0,0,0,0,0,0,0,0,0,0,0,0,0,0,0,0,0,0,0,0,0,0,0,0
l1,0=88,0,83,91,84,85,70,70,70,68,79,0,0,67,0,0,0,0,0,0,0,0,0,0,0,0,0,0,0,0,0,0,0,0,0,0,0,0,0,0
l2,0=76,84,0,83,71,87,86,53,47,75,78,0,0,54,0,0,0,0,0,0,0,0,0,0,0,0,0,0,0,0,0,0,0,0,0,0,0,0,0,0
l3,0=92,79,83,0,86,80,69,39,55,0,70,0,0,0,0,0,0,0,0,0,0,0,0,0,0,0,0,0,0,0,0,0,0,0,0,0,0,0,0,0
l4,0=87,82,63,92,0,66,33,37,0,30,63,0,0,56,0,0,0,0,0,0,0,0,0,0,0,0,0,0,0,0,0,0,0,0,0,0,0,0,0,0
l5,0=81,93,85,83,70,0,75,50,70,75,74,0,0,48,0,0,0,0,0,0,0,0,0,0,0,0,0,0,0,0,0,0,0,0,0,0,0,0,0,0
l6,0=67,46,84,69,34,80,0,56,73,61,69,30,0,69,0,50,53,0,0,0,0,0,0,0,0,0,0,0,0,0,0,0,0,0,0,0,0,0,0,0
l7,0=48,78,79,71,63,80,77,0,69,81,79,66,0,47,0,52,0,0,0,0,0,0,0,0,0,0,0,0,0,0,0,0,0,0,0,0,0,0,0,0
l8,0=0,31,20,32,6,59,65,37,0,88,37,73,62,86,61,77,80,1,0,0,0,59,0,16,51,0,0,0,0,0,0,0,0,0,0,0,0,0,23,0
l9,0=42,26,77,0,31,80,62,55,86,0,85,67,49,71,41,63,63,57,0,0,0,0,21,0,0,0,0,0,0,0,0,0,0,0,0,0,0,0,0,0
l10,0=56,80,80,78,67,80,72,57,66,90,0,77,47,78,0,81,0,0,0,0,0,0,0,0,0,0,0,0,0,0,0,0,0,0,0,0,0,0,0,0
l11,0=0,0,0,0,0,0,18,36,42,25,29,0,88,81,83,96,84,93,0,24,0,6,0,0,79,22,0,0,0,0,0,0,0,0,0,0,76,0,22,0
l12,0=0,0,0,0,0,0,0,0,32,20,20,78,0,73,81,94,79,100,0,0,20,32,0,71,91,76,0,0,0,0,0,0,0,23,0,0,45,0,39,0
l13,0=0,0,3,0,15,3,53,0,83,36,75,74,88,0,82,79,56,77,0,24,0,56,30,47,59,53,0,0,0,0,0,0,0,0,0,0,0,0,36,0
l14,0=0,0,0,0,0,0,0,0,34,20,0,74,80,75,0,81,83,86,0,0,20,0,0,53,82,90,0,0,0,0,0,0,0,25,0,0,37,0,23,0
l15,0=0,0,0,0,0,0,26,7,34,21,28,97,93,77,81,0,62,84,0,0,11,0,19,0,83,0,0,0,0,0,0,0,0,0,0,0,47,0,34,0
l16,0=0,0,0,0,0,0,9,0,36,17,0,77,77,0,84,60,0,97,0,37,18,52,43,5,78,0,0,0,0,0,0,0,0,1,0,33,26,0,36,21
l17,0=0,0,0,0,0,0,0,0,4,21,0,92,93,75,85,84,93,0,0,0,32,45,23,0,81,72,0,0,0,0,0,0,0,28,0,0,71,4,33,0
l18,0=0,0,0,0,0,0,0,0,0,0,0,0,0,0,0,0,0,0,0,0,50,1,53,0,0,0,0,0,0,0,0,0,0,0,0,0,0,0,0,0
l19,0=0,0,0,0,0,0,0,0,2,0,0,6,0,13,0,0,32,0,0,0,49,15,85,0,0,0,7,0,0,5,0,0,0,0,0,0,12,0,3,24
l20,0=0,0,0,0,0,0,0,0,0,0,0,0,10,0,7,6,33,23,43,80,0,91,84,0,0,0,0,0,0,0,0,0,0,0,1,2,52,28,84,78
l21,0=0,0,0,0,0,0,0,0,29,0,0,1,8,34,0,0,75,23,7,7,64,0,83,0,1,0,3,0,0,0,0,3,0,0,0,72,9,1,73,6
l22,0=0,0,0,0,0,0,0,0,6,3,0,0,0,14,2,9,56,14,36,83,64,91,0,0,6,0,3,0,0,0,0,0,0,0,0,14,72,6,40,36
l23,0=0,0,0,0,0,0,0,0,27,0,0,0,74,61,81,0,65,0,0,0,0,0,0,0,84,49,0,0,0,0,0,0,1,22,58,0,0,0,0,0
l24,0=0,0,0,0,0,0,0,0,33,0,0,73,93,58,81,82,83,83,0,0,0,1,13,76,0,72,0,0,0,0,0,0,27,31,45,0,0,0,0,0
l25,0=0,0,0,0,0,0,0,0,17,0,0,37,78,54,84,0,1,72,0,0,0,0,0,26,76,0,42,0,0,0,0,45,28,26,64,0,0,0,0,0
l26,0=0,0,0,0,0,0,0,0,0,0,0,0,0,0,0,0,0,0,0,51,0,51,35,0,0,49,0,43,96,79,92,88,57,48,69,0,0,0,0,0
l27,0=0,0,0,0,0,0,0,0,0,0,0,0,0,0,0,0,0,0,0,0,0,0,0,0,0,0,75,0,96,91,98,75,73,70,77,0,0,0,0,0
l28,0=0,0,0,0,0,0,0,0,0,0,0,0,0,0,0,0,0,0,0,0,0,0,0,0,0,0,83,98,0,91,98,88,81,53,84,0,0,0,0,0
l29,0=0,0,0,0,0,0,0,0,0,0,0,0,0,0,0,0,0,0,0,39,0,0,0,0,0,0,82,100,96,0,98,69,49,46,64,0,0,0,0,0
l30,0=0,0,0,0,0,0,0,0,0,0,0,0,0,0,0,0,0,0,0,0,0,0,0,0,0,0,0,0,0,82,0,68,74,75,0,0,0,0,0,0
l31,0=0,0,0,0,0,0,0,0,0,0,0,0,0,0,0,0,0,0,0,0,1,35,0,0,0,32,80,33,88,65,56,0,88,84,91,0,0,0,0,0
l32,0=0,0,0,0,0,0,0,0,0,0,0,0,0,0,0,0,0,0,0,0,0,0,9,16,52,50,68,30,73,53,64,84,0,87,92,0,0,0,0,0
l33,0=0,0,0,0,0,0,0,0,0,0,0,0,45,0,55,0,51,60,0,0,0,0,0,35,59,48,58,21,75,48,64,81,81,0,85,0,0,0,0,0
l34,0=0,0,0,0,0,0,0,0,0,0,0,0,0,0,0,0,0,0,0,0,15,0,9,59,53,70,68,37,82,51,0,87,94,65,0,0,0,0,0,0
l35,0=0,0,0,0,0,0,0,0,0,0,0,0,0,0,0,0,6,0,0,2,1,39,4,0,0,0,0,0,0,0,0,0,0,0,0,0,45,55,83,17
l36,0=0,0,0,0,0,0,0,0,0,0,0,14,4,0,6,5,10,17,0,20,37,19,50,0,0,0,0,0,0,0,0,0,0,0,0,79,0,28,44,51
l37,0=0,0,0,0,0,0,0,0,0,0,0,0,0,0,0,0,0,3,0,1,34,22,31,0,0,0,0,0,0,0,0,0,0,0,0,86,68,0,11,53
l38,0=0,0,0,0,0,0,0,0,6,0,0,7,20,19,1,19,72,11,0,9,42,46,51,0,0,0,0,0,0,0,0,0,0,0,0,88,90,4,0,58
l39,0=0,0,0,0,0,0,0,0,0,0,0,0,0,0,0,0,26,0,0,29,40,16,35,0,0,0,0,0,0,0,0,0,0,0,0,75,54,28,52,0

l0,1=0,78,46,86,64,72,56,12,12,47,43,0,0,0,0,0,0,0,0,0,0,0,0,0,0,0,0,0,0,0,0,0,0,0,0,0,0,0,0,0
l1,1=56,0,66,84,83,78,34,44,50,58,66,0,0,25,0,0,0,0,0,0,0,0,0,0,0,0,0,0,0,0,0,0,0,0,0,0,0,0,0,0
l2,1=38,87,0,72,62,82,73,59,0,65,76,0,0,0,0,1,0,0,0,0,0,0,0,0,0,0,0,0,0,0,0,0,0,0,0,0,0,0,0,0
l3,1=75,78,57,0,80,70,39,53,0,1,57,0,0,0,0,0,0,0,0,0,0,0,0,0,0,0,0,0,0,0,0,0,0,0,0,0,0,0,0,0
l4,1=36,78,47,78,0,61,46,51,13,58,46,0,0,33,0,0,0,0,0,0,0,0,0,0,0,0,0,0,0,0,0,0,0,0,0,0,0,0,0,0
l5,1=47,79,66,42,56,0,49,60,64,65,57,0,0,1,0,0,0,0,0,0,0,0,0,0,0,0,0,0,0,0,0,0,0,0,0,0,0,0,0,0
l6,1=30,30,60,16,27,16,0,61,63,42,53,27,0,25,0,0,3,0,0,0,0,0,0,0,0,0,0,0,0,0,0,0,0,0,0,0,0,0,0,0
l7,1=17,31,46,14,48,27,56,0,69,67,74,15,0,11,0,3,0,0,0,0,0,0,0,0,0,0,0,0,0,0,0,0,0,0,0,0,0,0,0,0
l8,1=0,18,0,0,18,15,48,56,0,81,47,58,0,67,32,21,11,3,0,0,0,21,15,30,0,0,0,0,0,0,0,0,0,0,0,0,0,0,3,0
l9,1=17,39,42,0,39,27,38,61,82,0,79,43,15,71,13,18,3,10,0,0,0,7,4,0,0,0,0,0,0,0,0,0,0,0,0,0,0,0,0,0
l10,1=20,58,49,19,38,25,51,76,67,79,0,33,0,50,0,14,0,0,0,0,0,3,0,0,0,0,0,0,0,0,0,0,0,0,0,0,0,0,0,0
l11,1=0,0,0,0,0,0,12,8,50,28,27,0,71,76,57,36,8,39,0,6,0,6,0,0,36,3,0,0,0,0,0,0,0,0,0,15,41,0,25,0
l12,1=0,0,0,0,0,0,0,0,2,22,0,71,0,64,69,34,16,41,0,0,7,18,6,66,67,20,0,0,0,0,0,0,0,0,0,0,0,0,17,0
l13,1=0,0,0,0,9,0,10,0,70,67,50,75,67,0,30,7,10,21,0,3,8,25,11,38,6,1,0,0,0,0,0,0,0,0,0,0,0,0,21,0
l14,1=0,0,0,0,0,0,0,0,43,24,0,55,78,49,0,15,15,15,0,0,22,31,0,68,52,44,0,0,0,0,0,0,0,1,0,0,0,0,0,0
l15,1=0,0,0,0,0,0,1,0,52,30,23,83,73,24,32,0,4,36,0,0,3,0,5,24,55,0,0,0,0,0,0,0,0,0,0,0,26,0,0,0
l16,1=0,0,0,0,0,0,0,0,27,7,0,27,45,29,32,0,0,16,0,1,28,33,24,15,29,10,0,0,0,0,0,0,0,0,0,30,30,3,0,9
l17,1=0,0,0,0,0,0,0,0,17,22,0,53,85,48,33,16,17,0,0,0,10,15,17,0,31,11,0,0,0,0,0,0,0,1,0,0,30,0,0,0
l18,1=0,0,0,0,0,0,0,0,0,0,0,0,0,0,0,0,0,0,0,6,42,35,50,0,0,0,0,0,0,0,0,0,0,0,0,0,0,0,0,0
l19,1=0,0,0,0,0,0,0,0,0,0,0,2,0,4,0,0,2,0,7,0,44,16,62,0,0,0,5,0,0,0,0,0,0,0,0,7,5,2,7,42
l20,1=0,0,0,0,0,0,0,0,0,0,0,0,7,6,11,1,11,8,21,26,0,60,65,0,0,0,0,0,0,0,0,0,0,0,0,17,44,38,54,38
l21,1=0,0,0,0,0,0,0,0,28,2,0,2,4,15,6,0,15,5,7,2,52,0,64,0,5,0,0,0,0,0,0,0,0,0,0,49,2,4,50,57
l22,1=0,0,0,0,0,0,0,0,8,2,0,0,3,4,0,2,13,5,14,31,49,57,0,0,7,0,2,0,0,0,0,0,0,0,0,44,44,5,31,57
l23,1=0,0,0,0,0,0,0,0,25,0,0,0,55,47,60,13,4,0,0,0,0,0,0,0,56,21,0,0,0,0,0,0,8,0,28,0,0,0,0,0
l24,1=0,0,0,0,0,0,0,0,0,0,0,39,74,29,46,18,9,15,0,0,0,1,2,67,0,24,0,0,0,0,0,0,31,17,12,0,2,0,0,0
l25,1=0,0,0,0,0,0,0,0,0,0,0,11,53,21,63,0,9,12,0,0,0,0,0,61,54,0,7,0,1,1,0,32,0,19,19,0,0,0,0,0
l26,1=0,0,0,0,0,0,0,0,0,0,0,0,0,0,0,0,0,0,0,10,0,25,19,0,0,19,0,38,58,62,75,58,72,47,39,0,0,0,0,0
l27,1=0,0,0,0,0,0,0,0,0,0,0,0,0,0,0,0,0,0,0,0,0,0,0,0,0,0,62,0,54,66,90,41,58,35,55,0,0,0,0,0
l28,1=0,0,0,0,0,0,0,0,0,0,0,0,0,0,0,0,0,0,0,0,0,0,0,0,0,12,75,56,0,74,82,58,41,34,59,0,0,0,0,0
l29,1=0,0,0,0,0,0,0,0,0,0,0,0,0,0,0,0,0,0,0,0,0,0,0,0,0,1,70,57,60,0,83,47,42,18,30,0,0,0,0,0
l30,1=0,0,0,0,0,0,0,0,0,0,0,0,0,0,0,0,0,0,0,0,0,0,0,0,0,0,62,69,59,73,0,40,35,37,0,0,0,0,0,0
l31,1=0,0,0,0,0,0,0,0,0,0,0,0,0,0,0,0,0,0,0,0,3,10,12,0,0,18,63,8,28,25,22,0,67,43,70,0,0,0,0,0
l32,1=0,0,0,0,0,0,0,0,0,0,0,0,0,0,0,0,0,0,0,0,0,0,0,31,26,0,39,7,6,23,22,50,0,44,80,0,0,0,0,0
l33,1=0,0,0,0,0,0,0,0,0,0,0,0,0,0,0,0,6,9,0,0,0,0,0,1,27,26,36,7,24,16,38,47,56,0,51,0,0,0,0,0
l34,1=0,0,0,0,0,0,0,0,0,0,0,0,0,0,0,0,1,0,0,0,6,0,0,48,28,21,18,9,15,22,0,50,80,31,0,0,0,0,0,0
l35,1=0,0,0,0,0,0,0,0,0,0,0,2,0,0,0,0,5,0,0,0,1,37,30,0,0,0,0,0,0,0,0,0,0,0,0,0,47,34,44,5
l36,1=0,0,0,0,0,0,0,0,0,0,0,14,0,0,0,0,4,5,0,3,19,6,50,0,0,0,0,0,0,0,0,0,0,0,0,49,0,48,39,20
l37,1=0,0,0,0,0,0,0,0,0,0,0,0,0,0,0,0,0,0,0,1,11,6,10,0,0,0,0,0,0,0,0,0,0,0,0,45,49,0,35,39
l38,1=0,0,0,0,0,0,0,0,0,0,0,11,9,9,0,0,0,0,0,2,49,55,49,0,0,0,0,0,0,0,0,0,0,0,0,60,63,48,0,39
l39,1=0,0,0,0,0,0,0,0,0,0,0,0,0,0,0,0,3,0,0,11,44,52,55,0,0,0,0,0,0,0,0,0,0,0,0,15,24,49,49,0

l0,2=0,67,60,64,70,68,73,26,20,63,46,0,0,0,0,0,0,0,0,0,0,0,0,0,0,0,0,0,0,0,0,0,0,0,0,0,0,0,0,0
l1,2=72,0,63,70,78,72,53,46,26,65,58,0,0,10,0,0,0,0,0,0,0,0,0,0,0,0,0,0,0,0,0,0,0,0,0,0,0,0,0,0
l2,2=56,57,0,69,67,76,83,65,48,66,49,0,0,0,0,0,0,0,0,0,0,0,0,0,0,0,0,0,0,0,0,0,0,0,0,0,0,0,0,0
l3,2=78,84,71,0,60,66,66,24,40,36,34,0,0,0,0,0,0,0,0,0,0,0,0,0,0,0,0,0,0,0,0,0,0,0,0,0,0,0,0,0
l4,2=69,68,62,50,0,68,74,38,0,69,40,0,0,0,0,0,0,0,0,0,0,0,0,0,0,0,0,0,0,0,0,0,0,0,0,0,0,0,0,0
l5,2=55,74,73,54,62,0,63,63,64,61,49,0,0,26,0,0,0,0,0,0,0,0,0,0,0,0,0,0,0,0,0,0,0,0,0,0,0,0,0,0
l6,2=54,45,71,46,55,63,0,62,36,55,56,12,23,17,0,6,0,0,0,0,0,0,0,0,0,0,0,0,0,0,0,0,0,0,0,0,0,0,0,0
l7,2=18,45,58,28,44,65,65,0,65,61,65,5,0,30,0,14,0,0,0,0,0,0,0,0,0,0,0,0,0,0,0,0,0,0,0,0,0,0,0,0
l8,2=0,0,7,3,0,27,20,44,0,84,51,36,1,51,0,30,24,19,0,0,0,22,17,6,21,9,0,0,0,0,0,0,0,0,0,0,0,0,5,0
l9,2=17,39,72,16,51,57,69,73,84,0,67,20,20,53,0,19,3,11,0,0,0,1,0,0,0,0,0,0,0,0,0,0,0,0,0,0,0,0,0,0
l10,2=23,55,56,29,36,64,75,74,69,80,0,19,0,47,0,13,0,0,0,0,0,0,0,0,0,0,0,0,0,0,0,0,0,0,0,0,0,0,0,0
l11,2=0,0,0,0,0,0,17,1,50,31,18,0,68,66,44,40,21,75,0,28,7,16,13,41,18,8,0,0,0,0,0,0,0,0,0,1,36,0,40,0
l12,2=0,0,0,0,0,0,15,0,0,29,0,61,0,44,60,39,39,85,0,0,0,18,8,61,74,46,0,0,0,0,0,0,0,0,0,0,0,0,28,0
l13,2=0,0,0,0,0,0,3,8,79,71,40,63,44,0,23,23,28,31,0,31,14,21,18,39,26,0,0,0,0,0,0,0,0,0,0,0,0,0,41,0
l14,2=0,0,0,0,0,0,0,0,8,0,0,53,73,42,0,25,42,47,0,0,0,0,0,66,44,38,0,0,0,0,0,0,0,47,0,0,0,0,47,0
l15,2=0,0,0,0,0,0,19,7,70,40,25,77,69,48,23,0,0,68,0,0,24,0,0,10,56,0,0,0,0,0,0,0,0,0,0,0,14,0,34,14
l16,2=0,0,0,0,0,0,0,0,34,7,0,25,52,31,40,0,0,61,0,28,32,26,27,38,28,27,0,0,0,0,0,0,0,33,0,23,39,26,45,31
l17,2=0,0,0,0,0,0,0,0,31,34,0,71,73,41,25,36,49,0,0,0,1,17,13,0,40,23,0,0,0,0,0,0,0,28,0,1,34,0,38,0
l18,2=0,0,0,0,0,0,0,0,0,0,0,0,0,0,0,0,0,0,0,23,14,18,21,0,0,0,0,0,0,0,0,0,0,0,0,0,0,0,0,0
l19,2=0,0,0,0,0,0,0,0,0,0,0,4,0,12,0,0,8,0,10,0,37,1,47,0,0,0,11,0,0,0,0,2,0,0,0,1,14,0,19,20
l20,2=0,0,0,0,0,0,0,0,0,0,0,0,0,7,0,5,35,3,14,61,0,42,46,0,0,0,0,0,0,0,0,0,0,0,0,27,56,33,61,44
l21,2=0,0,0,0,0,0,0,0,27,8,0,11,12,25,0,0,35,12,16,8,55,0,49,0,0,0,0,0,0,0,0,0,0,9,0,31,55,14,63,46
l22,2=0,0,0,0,0,0,0,0,9,0,0,3,9,11,0,0,35,2,12,69,47,39,0,0,0,0,1,0,0,1,0,1,0,0,0,35,61,44,19,45
l23,2=0,0,0,0,0,0,0,0,0,0,0,33,60,44,50,1,25,1,0,0,0,0,0,0,50,39,0,0,0,0,0,0,0,0,33,0,0,0,0,0
l24,2=0,0,0,0,0,0,0,0,54,5,0,27,64,50,50,35,38,67,0,0,12,0,0,60,0,46,0,0,0,0,0,0,28,39,0,0,24,0,0,0
l25,2=0,0,0,0,0,0,0,0,33,0,0,6,60,4,49,0,32,41,0,0,0,0,0,54,47,0,21,0,0,0,0,39,53,58,52,0,0,0,0,0
l26,2=0,0,0,0,0,0,0,0,0,0,0,0,0,0,0,0,0,0,0,33,0,0,0,0,0,23,0,0,80,73,79,55,66,73,51,0,0,0,0,0
l27,2=0,0,0,0,0,0,0,0,0,0,0,0,0,0,0,0,0,0,0,0,0,0,0,0,0,0,0,0,76,77,88,52,63,58,56,0,0,0,0,0
l28,2=0,0,0,0,0,0,0,0,0,0,0,0,0,0,0,0,0,0,0,0,0,0,0,0,0,0,83,70,0,80,85,55,46,60,38,0,0,0,0,0
l29,2=0,0,0,0,0,0,0,0,0,0,0,0,0,0,0,0,0,0,0,1,0,0,17,0,0,0,78,67,80,0,79,48,45,0,10,0,0,0,0,0
l30,2=0,0,0,0,0,0,0,0,0,0,0,0,0,0,0,0,0,0,0,0,0,0,0,0,0,0,76,81,71,71,0,42,44,58,30,0,0,0,0,0
l31,2=0,0,0,0,0,0,0,0,0,0,0,0,0,0,0,0,0,0,0,29,15,0,7,5,0,23,70,25,49,28,30,0,71,71,61,0,0,0,0,0
l32,2=0,0,0,0,0,0,0,0,0,0,0,0,0,0,0,0,1,0,0,0,0,0,0,0,22,25,41,18,29,30,34,55,0,66,75,0,0,0,0,0
l33,2=0,0,0,0,0,0,0,0,0,0,0,0,0,0,36,0,26,34,0,0,0,16,0,0,31,37,36,22,42,0,54,40,61,0,52,0,0,0,0,0
l34,2=0,0,0,0,0,0,0,0,0,0,0,0,0,0,0,0,0,0,0,0,21,0,0,39,22,30,39,21,39,23,33,46,76,70,0,0,0,0,0,0
l35,2=0,0,0,0,0,0,0,0,0,0,0,0,0,0,0,0,17,0,0,0,7,15,20,0,0,0,0,0,0,0,0,0,0,0,0,0,66,56,65,20
l36,2=0,0,0,0,0,0,0,0,0,0,0,16,0,0,0,0,32,16,0,20,37,29,32,0,2,0,0,0,0,0,0,0,0,0,0,41,0,60,67,31
l37,2=0,0,0,0,0,0,0,0,0,0,0,0,0,0,0,0,9,0,0,0,12,5,16,0,0,0,0,0,0,0,0,0,0,0,0,39,68,0,60,43
l38,2=0,0,0,0,0,0,0,0,3,0,0,7,5,31,11,2,25,8,0,11,37,32,12,0,0,0,0,0,0,0,0,0,0,0,0,44,77,60,0,46
l39,2=0,0,0,0,0,0,0,0,0,0,0,0,0,0,0,0,11,0,0,15,27,22,32,0,0,0,0,0,0,0,0,0,0,0,0,10,15,55,61,0

l0,3=0,73,78,89,84,76,71,47,0,59,0,0,0,0,0,0,0,0,0,0,0,0,0,0,0,0,0,0,0,0,0,0,0,0,0,0,0,0,0,0
l1,3=79,0,71,89,85,77,65,45,56,68,72,1,0,53,0,0,0,0,0,0,0,0,0,0,0,0,0,0,0,0,0,0,0,0,0,0,0,0,0,0
l2,3=79,73,0,90,87,80,83,60,54,74,81,0,0,30,0,0,0,0,0,0,0,0,0,0,0,0,0,0,0,0,0,0,0,0,0,0,0,0,0,0
l3,3=83,84,84,0,85,53,76,0,0,0,70,0,0,0,0,0,0,0,0,0,0,0,0,0,0,0,0,0,0,0,0,0,0,0,0,0,0,0,0,0
l4,3=80,78,83,88,0,71,34,0,0,31,0,0,0,11,0,0,0,0,0,0,0,0,0,0,0,0,0,0,0,0,0,0,0,0,0,0,0,0,0,0
l5,3=78,83,86,66,85,0,75,60,33,67,78,34,0,63,0,0,0,0,0,0,0,0,0,0,0,0,0,0,0,0,0,0,0,0,0,0,0,0,0,0
l6,3=65,67,84,77,73,55,0,51,42,68,83,59,48,53,0,29,43,0,0,0,0,0,0,0,0,0,0,0,0,0,0,0,0,0,0,0,0,0,0,0
l7,3=53,30,67,0,7,55,70,0,56,70,87,0,0,70,0,54,16,0,0,0,0,0,0,0,0,0,0,0,0,0,0,0,0,0,0,0,0,0,0,0
l8,3=0,24,35,0,0,21,31,63,0,78,76,47,21,82,0,69,39,38,0,0,0,48,33,0,17,0,0,0,0,0,0,0,0,0,0,0,0,0,9,0
l9,3=34,28,37,1,36,26,30,60,75,0,90,33,27,82,17,33,2,0,0,0,17,0,0,0,0,0,0,0,0,0,0,0,0,0,0,0,0,0,0,0
l10,3=0,25,71,26,0,60,75,72,57,79,0,34,1,80,2,16,0,0,0,0,0,0,0,0,0,0,0,0,0,0,0,0,0,0,0,0,0,0,1,0
l11,3=0,0,0,0,0,20,43,0,61,28,28,0,90,86,67,72,30,91,0,13,13,30,28,25,30,26,0,0,0,0,0,0,0,0,0,0,57,0,59,0
l12,3=0,0,0,0,0,0,27,0,6,29,0,90,0,31,80,72,42,95,0,23,0,26,9,41,70,90,0,0,0,0,0,0,0,5,0,16,9,0,29,0
l13,3=0,1,18,0,0,23,18,36,73,79,81,84,74,0,0,64,55,81,0,13,52,18,35,28,19,23,0,0,0,0,0,0,0,0,0,0,0,0,50,0
l14,3=0,0,0,0,0,0,0,0,25,28,0,84,94,8,0,17,50,0,0,0,13,0,0,57,66,44,0,0,0,0,0,0,0,32,0,0,0,0,31,0
l15,3=0,0,0,0,0,0,26,41,71,71,31,92,87,82,19,0,64,83,0,14,67,10,0,24,36,0,0,0,0,0,0,0,0,0,0,0,14,0,32,15
l16,3=0,0,0,0,0,0,17,0,30,16,0,29,78,27,41,17,0,80,11,11,72,33,51,11,17,32,0,0,0,0,0,0,0,30,0,0,31,29,35,21
l17,3=0,0,0,0,0,0,0,0,46,1,0,82,94,75,0,33,75,0,0,5,60,55,32,8,56,21,0,0,0,0,0,0,0,35,0,9,64,3,60,32
l18,3=0,0,0,0,0,0,0,0,0,0,0,0,0,17,0,0,20,0,0,42,2,4,13,0,0,0,0,0,0,0,0,0,0,0,0,0,0,0,0,0
l19,3=0,0,0,0,0,0,0,0,0,0,0,0,12,0,0,0,18,0,24,0,81,87,88,0,0,0,0,0,0,6,0,20,0,0,0,0,1,0,35,16
l20,3=0,0,0,0,0,0,0,0,0,1,0,1,5,59,0,53,75,57,27,80,0,90,92,0,28,0,0,0,0,0,0,0,0,0,0,69,67,78,82,59
l21,3=0,0,0,0,0,0,0,0,46,4,0,30,45,0,4,0,70,65,29,76,86,0,86,0,0,0,0,0,0,0,0,0,9,20,0,84,76,69,71,23
l22,3=0,0,0,0,0,0,0,0,6,0,0,32,9,25,0,0,75,21,4,92,90,93,0,0,0,0,19,0,0,12,0,0,0,0,0,90,52,50,76,58
l23,3=0,0,0,0,0,0,0,0,0,0,0,29,81,29,46,13,28,1,0,0,0,0,0,0,66,85,0,0,0,0,0,0,0,26,0,0,0,0,0,0
l24,3=0,0,0,0,0,0,0,0,28,0,0,43,93,26,46,37,56,82,0,0,24,0,0,57,0,88,0,0,0,0,0,0,0,36,0,0,22,0,17,0
l25,3=0,0,0,0,0,0,0,0,2,0,0,20,87,22,44,1,24,19,0,0,0,0,0,44,58,0,12,0,0,3,0,55,68,85,57,0,0,0,0,0
l26,3=0,0,0,0,0,0,0,0,0,0,0,0,0,0,0,0,0,0,0,5,0,0,39,0,0,29,0,58,97,90,87,94,91,61,78,0,0,0,0,0
l27,3=0,0,0,0,0,0,0,0,0,0,0,0,0,0,0,0,0,0,0,0,0,0,0,0,0,0,86,0,97,97,99,90,92,11,8,0,0,0,0,0
l28,3=0,0,0,0,0,0,0,0,0,0,0,0,0,0,0,0,0,0,0,5,0,0,0,0,0,0,95,99,0,97,70,83,76,86,59,0,0,0,0,0
l29,3=0,0,0,0,0,0,0,0,0,0,0,0,0,0,0,0,0,0,0,42,4,0,42,0,0,5,95,98,97,0,93,63,76,57,43,0,0,0,0,0
l30,3=0,0,0,0,0,0,0,0,0,0,0,0,0,0,0,0,0,0,0,0,0,0,0,0,0,0,91,99,92,88,0,61,90,60,0,0,0,0,0,0
l31,3=0,0,0,0,0,0,0,0,0,0,0,0,0,0,0,0,0,0,0,46,0,0,0,1,0,53,95,65,81,47,27,0,96,94,91,0,0,0,0,0
l32,3=0,0,0,0,0,0,0,0,0,0,0,0,0,0,0,0,0,0,0,0,0,9,0,0,0,70,73,56,81,62,66,98,0,92,93,0,0,0,0,0
l33,3=0,0,0,0,0,0,0,0,0,0,0,0,25,0,27,0,46,37,0,0,0,26,0,16,46,86,47,0,85,46,48,86,88,0,77,0,0,0,0,0
l34,3=0,0,0,0,0,0,0,0,0,0,0,0,0,0,0,0,0,0,0,0,26,0,0,2,0,80,69,16,79,61,14,94,96,96,0,0,0,0,0,0
l35,3=0,0,0,0,0,0,0,0,0,0,0,0,1,0,0,0,3,1,0,0,17,21,36,0,0,0,0,0,0,0,0,0,0,0,0,0,76,80,75,37
l36,3=0,0,0,0,0,0,0,0,0,0,0,45,5,0,0,0,62,53,0,27,63,71,39,0,6,0,0,0,0,0,0,0,0,0,0,84,0,80,78,34
l37,3=0,0,0,0,0,0,0,0,0,0,0,0,0,0,0,0,41,0,0,0,72,38,40,0,0,0,0,0,0,0,0,0,0,0,0,90,78,0,68,55
l38,3=0,0,0,0,0,0,0,0,0,0,0,65,68,63,61,24,66,57,0,52,78,74,54,0,6,0,0,0,0,0,0,0,0,0,0,92,82,70,0,37
l39,3=0,0,0,0,0,0,0,0,0,0,0,0,0,0,0,1,49,11,0,21,75,4,71,0,0,0,0,0,0,0,0,0,0,0,0,84,72,78,45,0

l0,4=0,73,77,92,66,74,77,61,0,68,0,0,0,0,0,0,0,0,0,0,0,0,0,0,0,0,0,0,0,0,0,0,0,0,0,0,0,0,0,0
l1,4=64,0,88,93,89,91,90,59,73,67,72,0,0,43,0,0,0,0,0,0,0,0,0,5,0,0,0,0,0,0,0,0,0,0,0,0,0,0,0,0
l2,4=60,84,0,93,83,93,94,76,71,68,85,0,0,48,0,0,0,0,0,0,0,0,0,0,0,0,0,0,0,0,0,0,0,0,0,0,0,0,0,0
l3,4=68,83,87,0,80,80,81,0,0,0,75,0,0,0,0,0,0,0,0,0,0,0,0,0,0,0,0,0,0,0,0,0,0,0,0,0,0,0,0,0
l4,4=54,85,88,83,0,67,84,59,65,61,39,0,0,7,0,0,0,0,0,0,0,0,0,0,0,0,0,0,0,0,0,0,0,0,0,0,0,0,0,0
l5,4=61,86,90,81,64,0,91,76,0,66,81,0,0,47,0,37,0,0,0,0,0,0,0,2,0,0,0,0,0,0,0,0,0,0,0,0,0,0,0,0
l6,4=61,81,88,75,80,87,0,84,71,86,90,72,55,0,0,38,67,0,0,0,0,0,0,0,0,0,0,0,0,0,0,0,0,0,0,0,0,0,0,0
l7,4=50,63,88,0,62,91,94,0,91,90,90,63,0,46,0,50,0,0,0,0,0,0,0,0,0,0,0,0,0,0,0,0,0,0,0,0,0,0,0,0
l8,4=0,61,40,0,30,0,73,67,0,93,73,74,58,71,6,59,82,64,0,0,40,74,53,0,45,0,0,0,0,0,0,0,0,0,0,0,0,0,0,0
l9,4=51,62,72,0,54,77,85,77,93,0,92,71,0,70,8,20,0,62,0,0,68,0,57,0,0,0,0,0,0,0,0,0,0,0,0,0,0,0,1,0
l10,4=0,61,87,67,57,87,94,84,87,92,0,75,57,70,67,53,0,24,0,0,0,0,0,15,0,0,0,0,0,0,0,0,0,0,0,0,0,0,0,0
l11,4=0,0,0,0,0,0,74,58,75,75,68,0,66,62,75,75,82,63,0,0,0,76,55,76,7,63,0,0,0,0,0,0,0,0,0,0,72,29,74,0
l12,4=0,0,0,0,0,0,31,0,74,0,61,83,0,70,86,65,92,86,0,42,69,0,0,89,79,85,0,0,0,0,0,0,52,48,0,0,66,0,77,0
l13,4=0,0,65,0,0,60,0,6,88,81,68,76,61,0,68,60,81,63,0,13,75,70,58,75,6,67,0,0,0,0,0,0,0,0,0,0,0,0,67,0
l14,4=0,0,0,0,0,0,0,0,35,37,65,83,83,61,0,2,90,63,0,0,78,6,0,91,82,85,0,0,0,0,0,28,0,71,57,0,69,0,82,0
l15,4=0,0,0,0,0,75,72,63,75,36,65,87,69,67,2,0,81,62,0,4,75,72,53,74,76,42,0,0,0,0,0,0,0,0,0,0,64,0,73,0
l16,4=0,0,0,0,0,0,59,0,64,0,0,67,64,51,76,50,0,69,64,53,81,78,51,68,73,71,0,0,0,0,0,0,0,29,17,77,62,68,76,73
l17,4=0,0,0,0,0,0,0,0,75,69,4,85,84,67,66,49,96,0,0,0,77,75,57,0,84,39,0,0,0,0,0,0,0,0,0,72,71,0,73,80
l18,4=0,0,0,0,0,0,0,0,0,0,0,0,0,0,0,0,78,0,0,64,19,80,61,0,0,0,0,0,0,0,0,0,0,0,0,0,0,0,0,0
l19,4=0,0,0,0,0,0,0,0,0,0,0,0,32,13,0,0,71,0,70,0,89,89,79,0,0,0,0,0,25,19,0,0,0,0,0,47,62,0,65,70
l20,4=0,0,0,0,0,0,0,0,16,26,0,0,36,43,40,46,82,58,4,71,0,86,85,0,63,0,0,0,17,0,0,0,34,0,4,76,67,71,83,84
l21,4=0,0,0,0,0,0,0,0,62,0,0,42,0,27,11,35,82,50,68,70,87,0,78,0,46,0,0,0,0,0,0,0,0,18,0,56,68,69,81,80
l22,4=0,0,0,0,0,0,0,0,53,37,0,38,0,35,0,27,75,41,68,89,97,87,0,0,0,0,64,0,0,30,5,0,0,41,0,77,75,75,83,73
l23,4=0,0,0,0,0,0,0,0,0,0,0,70,66,64,88,53,82,0,0,0,0,0,0,0,82,92,0,0,0,0,0,0,0,72,68,0,0,0,0,0
l24,4=0,0,0,0,0,0,0,0,62,0,0,0,77,19,91,64,87,76,0,0,77,70,0,99,0,85,0,0,0,0,0,0,0,70,53,0,0,0,0,0
l25,4=0,0,0,0,0,0,0,0,0,0,0,38,83,56,88,25,82,10,0,0,0,0,0,99,87,0,0,0,0,49,0,66,85,86,81,0,0,0,0,0
l26,4=0,0,0,0,0,0,0,0,0,0,0,0,0,0,0,0,0,0,0,0,0,0,69,0,0,0,0,90,97,97,98,100,95,78,95,0,0,0,0,0
l27,4=0,0,0,0,0,0,0,0,0,0,0,0,0,0,0,0,0,0,0,0,0,0,0,0,0,0,98,0,97,97,100,98,83,0,78,0,0,0,0,0
l28,4=0,0,0,0,0,0,0,0,0,0,0,0,0,0,0,0,0,0,0,33,33,0,0,0,0,0,100,100,0,97,85,79,89,88,88,0,0,0,0,0
l29,4=0,0,0,0,0,0,0,0,0,0,0,0,0,0,0,0,0,0,0,34,0,0,11,0,0,37,100,100,97,0,99,63,87,84,84,0,0,0,0,0
l30,4=0,0,0,0,0,0,0,0,0,0,0,0,0,0,0,0,0,0,0,0,0,0,0,0,0,0,100,100,91,97,0,88,87,80,0,0,0,0,0,0
l31,4=0,0,0,0,0,0,0,0,0,0,0,0,0,0,12,0,0,0,0,0,0,0,0,0,0,33,100,41,40,26,79,0,100,99,100,0,0,0,0,0
l32,4=0,0,0,0,0,0,0,0,0,0,0,0,60,0,0,0,0,0,0,0,72,0,0,0,0,96,97,86,95,86,87,100,0,99,100,0,0,0,0,0
l33,4=0,0,0,0,0,0,0,0,0,0,0,0,19,0,36,0,1,0,0,0,0,0,15,40,35,96,36,0,40,25,37,100,99,0,100,0,0,0,0,0
l34,4=0,0,0,0,0,0,0,0,0,0,0,0,0,0,33,0,33,0,0,0,32,0,0,92,35,98,98,36,94,89,0,100,100,100,0,0,0,0,0,0
l35,4=0,0,0,0,0,0,0,0,0,0,0,0,0,0,0,0,55,3,0,2,59,2,31,0,0,0,0,0,0,0,0,0,0,0,0,0,73,84,81,75
l36,4=0,0,0,0,0,0,0,0,0,0,0,21,21,0,8,25,57,40,0,37,76,73,61,0,0,0,0,0,0,0,0,0,0,0,0,81,0,83,82,70
l37,4=0,0,0,0,0,0,0,0,0,0,0,0,0,0,0,0,47,0,0,0,77,68,49,0,0,0,0,0,0,0,0,0,0,0,0,82,77,0,70,70
l38,4=0,0,0,0,0,0,0,0,0,0,0,46,40,18,38,42,82,47,0,49,82,72,66,0,0,0,0,0,0,0,0,0,0,0,0,80,71,71,0,82
l39,4=0,0,0,0,0,0,0,0,0,0,0,0,0,0,0,0,64,31,0,48,73,62,51,0,0,0,0,0,0,0,0,0,0,0,0,81,56,69,81,0

l0,5=0,79,83,79,63,80,67,72,8,75,59,0,0,0,0,0,0,0,0,0,0,0,0,0,0,0,0,0,0,0,0,0,0,0,0,0,0,0,0,0
l1,5=86,0,88,79,83,87,69,78,28,75,76,0,0,0,0,0,0,0,0,0,0,0,0,40,0,0,0,0,0,0,0,0,0,0,0,0,0,0,0,0
l2,5=83,81,0,74,78,86,73,0,0,76,77,0,0,0,0,0,0,0,0,0,0,0,0,0,0,0,0,0,0,0,0,0,0,0,0,0,0,0,0,0
l3,5=86,82,88,0,83,85,63,0,0,65,60,0,0,0,0,0,0,0,0,0,0,0,0,0,0,0,0,0,0,0,0,0,0,0,0,0,0,0,0,0
l4,5=83,81,84,78,0,81,69,79,53,34,62,0,0,28,0,0,0,0,0,0,0,0,0,0,0,0,0,0,0,0,0,0,0,0,0,0,0,0,0,0
l5,5=83,78,88,69,79,0,66,78,40,76,77,45,0,71,0,3,0,0,0,0,0,0,0,0,0,0,0,0,0,0,0,0,0,0,0,0,0,0,0,0
l6,5=83,78,84,62,77,78,0,81,49,79,78,71,0,0,0,0,15,0,0,0,0,0,0,0,0,0,0,0,0,0,0,0,0,0,0,0,0,0,0,0
l7,5=82,77,44,51,76,79,68,0,68,76,80,73,0,0,0,71,0,0,0,0,0,0,0,0,0,0,0,0,0,0,0,0,0,0,0,0,0,0,0,0
l8,5=0,3,0,0,42,49,16,46,0,82,77,85,3,84,29,67,33,20,0,0,3,35,36,33,25,0,0,0,0,0,0,0,0,0,0,0,1,0,0,0
l9,5=63,72,80,42,5,79,67,46,76,0,84,83,1,84,0,71,9,39,0,0,12,0,51,0,12,0,0,0,0,0,0,0,0,0,0,0,0,0,30,0
l10,5=70,69,81,58,72,81,67,81,68,83,0,73,2,62,37,64,0,11,0,0,0,0,0,0,0,0,0,0,0,0,0,0,0,0,0,0,0,0,0,0
l11,5=0,0,0,0,0,38,14,16,55,64,47,0,66,80,66,85,38,29,0,0,5,15,1,33,17,11,0,0,0,0,0,0,0,0,0,2,10,25,54,0
l12,5=0,0,0,0,0,0,0,0,4,0,0,76,0,54,68,49,47,90,0,0,11,1,1,41,34,59,0,0,0,0,0,0,33,22,0,4,2,0,40,0
l13,5=0,0,0,0,6,34,0,0,81,80,40,81,53,0,48,80,33,46,0,7,13,0,40,52,0,2,0,0,0,0,0,0,0,0,0,4,1,0,0,0
l14,5=0,0,0,0,0,0,0,0,24,0,27,65,67,57,0,39,43,21,0,0,13,0,19,70,52,37,0,0,0,0,0,6,0,43,1,0,0,0,45,0
l15,5=0,0,0,0,14,0,0,22,47,56,42,89,57,87,28,0,24,26,0,0,12,23,42,46,29,12,0,0,0,0,0,0,0,0,0,0,7,0,57,24
l16,5=0,0,0,0,0,0,10,0,27,7,0,38,57,46,50,24,0,30,0,22,23,36,49,0,18,12,0,0,0,0,0,0,0,8,5,10,0,20,58,39
l17,5=0,0,0,0,0,0,0,0,41,42,12,84,68,77,59,59,62,0,0,1,38,23,23,0,33,11,0,0,0,0,0,0,0,0,0,5,16,27,4,0
l18,5=0,0,0,0,0,0,0,0,0,0,0,0,0,0,0,0,0,0,0,8,0,48,37,0,0,0,0,0,0,0,0,0,0,0,0,0,0,0,0,0
l19,5=0,0,0,0,0,0,0,0,0,0,0,0,0,16,0,0,26,0,0,0,54,51,70,0,0,0,4,0,17,21,0,0,0,0,0,21,14,0,16,44
l20,5=0,0,0,0,0,0,0,0,7,16,0,0,3,22,20,16,29,27,0,68,0,53,70,0,13,0,6,0,5,0,0,0,25,0,3,16,18,27,57,34
l21,5=0,0,0,0,0,0,0,0,27,2,0,16,1,0,0,31,36,12,19,51,54,0,60,0,7,0,0,0,0,0,0,1,0,0,0,16,27,29,45,52
l22,5=0,0,0,0,0,0,0,0,21,32,0,2,5,37,12,31,30,5,8,69,57,55,0,0,0,0,13,0,0,0,0,0,0,0,0,11,35,33,62,7
l23,5=0,22,0,0,0,0,0,0,39,0,0,28,23,57,46,49,0,0,0,0,0,0,0,0,44,68,0,0,0,0,0,0,0,50,49,0,0,0,0,0
l24,5=0,0,0,0,0,0,0,0,37,27,0,28,50,34,68,55,30,67,0,0,12,15,0,72,0,57,0,0,0,0,0,0,0,43,6,0,0,0,0,0
l25,5=0,0,0,0,0,0,0,0,0,0,0,21,26,3,39,40,18,17,0,0,0,0,0,60,33,0,0,0,0,21,0,0,61,63,53,0,0,0,0,0
l26,5=0,0,0,0,0,0,0,0,0,0,0,0,0,0,0,0,0,0,0,19,14,0,34,0,0,0,0,66,85,90,76,83,59,56,76,0,0,0,0,0
l27,5=0,0,0,0,0,0,0,0,0,0,0,0,0,0,0,0,0,0,0,0,0,0,0,0,0,0,69,0,84,81,89,66,59,0,0,0,0,0,0,0
l28,5=0,0,0,0,0,0,0,0,0,0,0,0,0,0,0,0,0,0,0,33,19,0,0,0,0,0,79,86,0,91,89,66,57,59,70,0,0,0,0,0
l29,5=0,0,0,0,0,0,0,0,0,0,0,0,0,0,0,0,0,0,0,37,0,0,0,0,0,16,77,84,85,0,81,58,56,54,69,0,0,0,0,0
l30,5=0,0,0,0,0,0,0,0,0,0,0,0,0,0,0,0,0,0,0,0,0,0,0,0,0,0,71,86,82,83,0,65,4,57,0,0,0,0,0,0
l31,5=0,0,0,0,0,0,0,0,0,0,0,0,0,0,17,0,0,0,0,0,0,0,0,2,0,0,71,51,53,42,51,0,73,68,81,0,0,0,0,0
l32,5=0,0,0,0,0,0,0,0,0,0,0,0,12,0,0,0,0,0,0,0,20,0,0,0,0,58,67,53,65,66,22,85,0,73,89,0,0,0,0,0
l33,5=0,0,0,0,0,0,0,0,0,0,0,0,14,0,39,0,3,0,0,0,0,0,0,45,28,52,48,0,59,43,60,67,62,0,79,0,0,0,0,0
l34,5=0,0,0,0,0,0,0,0,0,0,0,0,1,0,19,0,20,0,0,0,18,0,0,44,24,42,48,0,56,57,0,82,87,79,0,0,0,0,0,0
l35,5=0,0,0,0,0,0,0,0,0,0,0,0,3,9,0,0,17,0,0,26,14,25,20,0,0,0,0,0,0,0,0,0,0,0,0,0,8,25,23,44
l36,5=0,0,0,0,0,0,0,0,0,0,0,42,10,0,0,25,3,12,0,17,22,32,48,0,0,0,0,0,0,0,0,0,0,0,0,16,0,36,51,58
l37,5=0,0,0,0,0,0,0,0,0,0,0,9,0,0,0,0,9,4,0,0,28,24,31,0,0,0,0,0,0,0,0,0,0,0,0,36,48,0,47,39
l38,5=0,0,0,0,0,0,0,0,0,23,0,53,23,0,31,41,29,0,0,6,47,31,60,0,0,0,0,0,0,0,0,0,0,0,0,7,17,30,0,56
l39,5=0,0,0,0,0,0,0,0,0,0,0,0,0,0,0,2,16,0,0,32,13,32,0,0,0,0,0,0,0,0,0,0,0,0,0,15,31,29,58,0

l0,6=0,86,80,76,75,82,57,0,1,37,60,0,0,0,0,0,0,0,0,0,0,0,0,0,0,0,0,0,0,0,0,0,0,0,0,0,0,0,0,0
l1,6=82,0,84,76,86,84,60,29,28,55,24,0,0,0,0,0,0,0,0,0,0,0,0,30,0,0,0,0,0,0,0,0,0,0,0,0,0,0,0,0
l2,6=82,82,0,72,83,84,58,47,8,58,55,0,0,0,0,0,0,0,0,0,0,0,0,0,0,0,0,0,0,0,0,0,0,0,0,0,0,0,0,0
l3,6=82,80,76,0,86,80,51,0,0,43,23,0,0,0,0,0,0,0,0,0,0,0,0,0,0,0,0,0,0,0,0,0,0,0,0,0,0,0,0,0
l4,6=77,87,82,81,0,82,51,41,43,0,58,0,0,2,0,0,0,0,0,0,0,0,0,12,0,0,0,0,0,0,0,0,0,0,0,0,0,0,0,0
l5,6=79,75,80,72,74,0,57,60,50,56,65,0,0,12,0,0,0,0,0,0,0,0,0,0,0,0,0,0,0,0,0,0,0,0,0,0,0,0,0,0
l6,6=58,62,57,53,45,61,0,60,35,56,63,42,0,17,0,0,37,0,0,0,0,0,0,0,0,0,0,0,0,0,0,0,0,0,0,0,0,0,0,0
l7,6=0,35,45,0,40,80,57,0,60,52,66,44,0,1,0,43,0,0,0,0,0,0,0,0,0,0,0,0,0,0,0,0,0,0,0,0,0,0,0,0
l8,6=0,4,1,0,26,31,24,56,0,56,62,63,15,46,2,30,45,49,0,0,21,28,17,0,4,0,0,0,0,0,0,0,0,0,0,0,0,0,0,0
l9,6=10,46,56,38,0,75,52,57,65,0,66,46,18,38,11,43,24,15,0,0,0,0,7,0,0,0,0,0,0,0,0,0,0,0,0,0,0,0,1,0
l10,6=44,21,52,29,44,69,57,60,64,59,0,51,0,14,0,33,43,0,0,0,0,0,0,0,0,0,0,0,0,0,0,0,0,0,0,0,0,0,0,0
l11,6=0,0,0,0,0,0,13,22,39,17,35,0,24,10,21,60,43,31,0,0,13,0,0,0,4,2,0,0,0,0,0,0,0,0,0,0,13,0,35,0
l12,6=0,0,0,0,0,0,0,0,24,13,1,56,0,6,44,45,50,62,0,0,22,0,0,28,45,52,0,0,0,0,0,0,0,20,0,0,5,0,12,0
l13,6=0,0,0,0,0,6,4,0,63,39,34,40,10,0,27,48,42,48,0,12,0,0,18,19,12,5,0,0,0,0,0,0,0,0,0,6,8,0,11,0
l14,6=0,0,0,0,0,0,0,0,15,14,2,33,50,9,0,29,34,48,0,0,25,0,10,44,14,6,0,0,0,0,0,0,0,21,0,0,0,0,26,0
l15,6=0,0,0,0,0,0,0,34,29,22,29,68,38,14,19,0,47,52,0,0,17,30,10,7,5,4,0,0,0,0,0,0,0,0,0,1,12,0,35,0
l16,6=0,0,0,0,0,0,12,0,24,8,18,28,17,6,6,25,0,44,3,12,0,31,8,1,3,0,0,0,0,0,0,0,0,2,1,4,17,4,38,22
l17,6=0,0,0,0,0,0,0,0,32,8,0,35,22,13,27,40,50,0,0,0,32,31,0,0,13,4,0,0,0,0,0,0,0,12,0,0,11,0,33,2
l18,6=0,0,0,0,0,0,0,0,0,0,0,0,0,0,0,0,32,0,0,15,2,13,0,0,0,0,0,0,0,0,0,0,0,0,0,0,0,0,0,0
l19,6=0,0,0,0,0,0,0,0,0,0,0,0,0,10,0,0,19,0,2,0,36,42,52,0,0,0,0,0,0,14,0,9,0,0,0,14,14,0,0,35
l20,6=0,0,0,0,0,0,0,0,25,0,0,5,10,0,12,1,0,27,0,26,0,49,56,0,1,0,1,0,0,0,0,0,0,1,0,12,24,18,45,35
l21,6=0,0,0,0,0,0,0,0,27,2,0,0,9,0,0,17,35,23,4,25,39,0,32,0,1,0,0,0,0,0,0,0,0,0,0,24,16,13,33,34
l22,6=0,0,0,0,0,0,0,0,24,17,0,0,8,10,11,13,31,0,0,34,42,52,0,0,0,0,25,0,0,0,0,0,0,0,0,6,36,18,43,41
l23,6=0,18,0,0,3,0,0,0,2,0,0,0,35,12,38,28,33,0,0,0,0,0,0,0,37,45,0,0,0,0,0,5,0,22,15,0,0,0,0,0
l24,6=0,0,0,0,0,0,0,0,31,0,0,30,54,13,37,31,44,43,0,0,15,0,0,56,0,17,0,0,0,0,0,0,0,22,9,0,2,0,0,0
l25,6=0,0,0,0,0,0,0,0,0,0,0,16,51,8,41,19,21,14,0,0,0,0,0,51,25,0,0,0,0,0,0,0,11,36,0,0,0,0,0,0
l26,6=0,0,0,0,0,0,0,0,0,0,0,0,0,0,0,0,0,0,0,2,13,0,19,0,0,0,0,26,54,76,73,66,76,18,22,0,0,0,0,0
l27,6=0,0,0,0,0,0,0,0,0,0,0,0,0,0,0,0,0,0,0,0,0,0,0,0,0,0,53,0,53,72,88,59,55,0,0,0,0,0,0,0
l28,6=0,0,0,0,0,0,0,0,0,0,0,0,0,0,0,0,0,0,0,12,16,1,0,0,0,0,63,81,0,83,87,59,26,53,29,0,0,0,0,0
l29,6=0,0,0,0,0,0,0,0,0,0,0,0,0,0,0,0,0,0,0,16,0,0,0,0,0,0,60,85,54,0,5,20,28,28,14,0,0,0,0,0
l30,6=0,0,0,0,0,0,0,0,0,0,0,0,0,0,0,0,0,0,0,0,0,0,0,0,0,0,59,85,53,13,0,22,0,0,16,0,0,0,0,0
l31,6=0,0,0,0,0,0,0,0,0,0,0,0,0,0,0,0,0,0,0,14,0,0,0,12,0,0,57,9,36,15,6,0,73,63,52,0,0,0,0,0
l32,6=0,0,0,0,0,0,0,0,0,0,0,0,0,0,0,0,0,0,0,0,0,0,0,0,0,4,50,9,24,21,0,68,0,66,75,0,0,0,0,0
l33,6=0,0,0,0,0,0,0,0,0,0,0,0,28,0,29,0,7,21,0,0,21,0,0,34,7,24,24,0,24,24,1,68,77,0,62,0,0,0,0,0
l34,6=0,0,0,0,0,0,0,0,0,0,0,0,8,0,0,0,24,0,0,0,2,0,0,36,5,1,32,0,25,16,3,59,81,61,0,0,0,0,0,0
l35,6=0,0,0,0,0,0,0,0,0,0,0,0,0,3,0,0,15,0,0,1,13,36,0,0,0,0,0,0,0,0,0,0,0,0,0,0,24,26,46,49
l36,6=0,0,0,0,0,0,0,0,0,0,0,19,2,2,0,11,28,7,0,0,25,14,18,0,0,0,0,0,0,0,0,0,0,0,0,14,0,29,49,52
l37,6=0,0,0,0,0,0,0,0,0,0,0,0,0,0,0,0,3,0,0,0,10,0,0,0,0,0,0,0,0,0,0,0,0,0,0,16,38,0,31,6
l38,6=0,0,0,0,0,0,0,0,0,1,0,25,4,3,4,15,34,19,0,0,33,33,12,0,0,0,0,0,0,0,0,0,0,0,0,17,26,23,0,49
l39,6=0,0,0,0,0,0,0,0,0,0,0,0,0,0,0,0,6,0,0,12,24,34,7,0,0,0,0,0,0,0,0,0,0,0,0,28,38,14,41,0

l0,7=0,96,68,87,81,87,85,8,76,57,71,0,0,0,0,0,0,0,0,0,0,0,0,0,0,0,0,0,0,0,0,0,0,0,0,0,0,0,0,0
l1,7=91,0,88,85,90,83,86,84,25,55,9,0,0,0,0,0,0,0,0,0,0,0,0,3,0,0,0,0,0,0,0,0,0,0,0,0,0,0,0,0
l2,7=80,93,0,84,90,83,86,71,66,59,0,0,0,0,0,0,0,0,0,0,0,0,0,0,0,0,0,0,0,0,0,0,0,0,0,0,0,0,0,0
l3,7=91,93,70,0,94,82,70,57,21,10,67,0,0,0,0,0,0,0,0,0,0,0,0,0,0,0,0,0,0,0,0,0,0,0,0,0,0,0,0,0
l4,7=81,96,77,87,0,84,86,38,81,0,74,0,0,27,0,1,0,0,0,0,0,0,0,0,0,0,0,0,0,0,0,0,0,0,0,0,0,0,0,0
l5,7=91,93,78,84,90,0,85,86,72,59,76,0,0,6,0,0,0,0,0,0,0,0,0,0,0,0,0,0,0,0,0,0,0,0,0,0,0,0,0,0
l6,7=75,93,80,52,84,78,0,86,0,59,75,1,0,22,0,0,0,0,0,0,0,0,0,0,0,0,0,0,0,0,0,0,0,0,0,0,0,0,0,0
l7,7=0,46,40,36,22,84,86,0,63,59,76,3,0,17,0,24,0,0,0,0,0,0,0,0,0,0,0,0,0,0,0,0,0,0,0,0,0,0,0,0
l8,7=5,6,34,29,27,14,0,45,0,59,75,29,9,33,10,32,16,23,0,0,7,0,17,0,0,0,0,0,0,0,0,0,0,0,0,0,0,0,0,0
l9,7=3,24,52,11,0,16,84,86,86,0,77,9,8,30,3,33,1,0,0,0,10,2,11,16,16,0,0,0,0,0,0,0,0,0,0,0,0,0,16,0
l10,7=9,9,0,44,60,57,78,86,83,60,0,25,0,0,0,47,25,10,0,0,0,0,0,0,0,0,0,0,0,0,0,0,0,0,0,0,0,0,0,0
l11,7=0,0,0,0,0,0,10,8,46,9,6,0,49,6,7,64,18,16,0,0,20,0,11,3,33,0,0,0,0,0,0,0,0,0,0,8,7,0,25,5
l12,7=0,0,0,0,0,0,0,0,23,6,0,27,0,2,25,32,27,19,0,2,22,2,0,37,82,63,0,0,0,0,0,0,0,23,6,0,0,0,9,0
l13,7=0,0,0,0,8,1,17,34,85,19,2,10,8,0,10,42,15,22,0,0,18,0,10,3,37,16,0,0,0,0,0,0,0,0,0,7,2,0,15,0
l14,7=0,0,0,0,0,0,0,0,29,6,0,5,25,4,0,12,16,35,0,0,27,4,16,40,38,30,0,0,0,0,0,0,0,23,0,0,0,0,5,0
l15,7=0,0,0,0,0,0,0,28,40,13,6,46,45,10,7,0,16,20,0,1,23,8,14,34,27,13,0,0,0,0,0,0,0,0,0,0,0,1,23,0
l16,7=0,0,0,0,0,0,15,0,24,3,5,4,10,2,3,10,0,15,8,0,29,11,16,26,32,11,0,0,0,0,0,15,0,15,3,25,11,2,24,3
l17,7=0,0,0,0,0,0,0,0,28,1,0,5,11,5,14,14,20,0,0,0,27,6,0,23,43,0,0,0,0,0,0,0,0,22,0,5,5,0,18,0
l18,7=0,0,0,0,0,0,0,0,0,0,0,0,0,0,0,0,30,0,0,24,30,10,1,0,0,0,0,0,0,0,0,0,0,0,0,2,0,0,0,0
l19,7=0,0,0,0,0,0,0,0,5,0,0,0,2,0,0,4,0,0,25,0,50,24,37,0,0,0,0,0,3,9,0,34,0,0,0,2,5,7,11,29
l20,7=0,0,0,0,0,0,0,0,0,2,0,2,5,3,1,13,17,21,10,38,0,34,32,0,0,0,12,0,0,0,0,0,0,4,0,34,26,15,27,28
l21,7=0,0,0,0,0,0,0,0,0,5,0,0,5,0,2,14,17,17,6,23,49,0,26,0,0,0,0,0,0,0,0,0,1,0,2,43,24,5,28,37
l22,7=0,0,0,0,0,0,0,0,22,2,0,3,3,1,1,11,18,0,0,41,62,34,0,0,0,0,12,0,0,4,2,0,0,0,0,33,30,22,41,27
l23,7=0,0,0,0,0,0,0,0,0,4,0,0,44,2,34,19,20,11,0,0,0,0,0,0,82,63,0,0,0,0,0,1,1,21,40,0,0,0,0,0
l24,7=0,0,0,0,0,0,0,0,0,6,0,8,56,9,9,11,23,36,0,0,4,0,0,58,0,48,0,0,0,0,0,6,0,26,25,0,4,0,0,0
l25,7=0,0,0,0,0,0,0,0,0,3,0,0,53,6,32,12,16,0,0,0,0,0,0,58,66,0,0,0,0,10,0,7,40,35,0,0,0,0,13,0
l26,7=0,0,0,0,0,0,0,0,0,0,0,0,0,0,0,0,0,0,0,0,28,0,18,0,0,0,0,55,67,87,54,72,81,43,45,0,0,0,0,0
l27,7=0,0,0,0,0,0,0,0,0,0,0,0,0,0,0,0,0,0,0,0,0,0,0,0,0,0,72,0,66,87,85,38,62,0,0,0,0,0,0,0
l28,7=0,0,0,0,0,0,0,0,0,0,0,0,0,0,0,0,0,0,0,25,29,1,0,0,0,0,81,88,0,89,85,61,52,51,33,0,0,0,0,0
l29,7=0,0,0,0,0,0,0,0,0,0,0,0,0,0,0,0,0,0,0,31,0,0,20,0,0,10,77,88,67,0,85,58,65,47,23,0,0,0,0,0
l30,7=0,0,0,0,0,0,0,0,0,0,0,0,0,0,0,0,0,0,0,0,0,0,0,0,0,0,67,88,66,87,0,58,59,36,41,0,0,0,0,0
l31,7=0,0,0,0,0,0,0,0,0,0,0,0,0,0,0,0,19,0,0,25,0,0,0,13,11,1,71,6,54,53,47,0,84,75,73,0,0,0,0,0
l32,7=0,0,0,0,0,0,0,0,0,0,0,0,0,0,0,0,0,0,0,0,0,0,0,15,0,23,68,27,33,57,37,76,0,74,83,0,0,0,0,0
l33,7=0,0,0,0,0,0,0,0,0,0,0,0,21,0,11,0,20,19,0,0,6,0,0,31,40,24,45,0,53,45,35,79,85,0,47,0,0,0,0,0
l34,7=0,0,0,0,0,0,0,0,0,0,0,0,7,0,0,0,23,0,0,0,0,0,0,44,36,0,54,10,33,32,38,74,88,66,0,0,0,0,0,0
l35,7=0,0,0,0,0,0,0,0,0,0,0,0,0,0,0,0,15,0,0,0,28,19,7,0,0,0,0,0,0,0,0,0,0,0,0,0,27,44,39,33
l36,7=0,0,0,0,0,0,0,0,0,0,0,0,0,0,0,0,17,5,0,1,29,16,22,0,0,0,0,0,0,0,0,0,0,0,0,48,0,43,43,43
l37,7=0,0,0,0,0,0,0,0,0,0,0,0,0,0,0,0,2,0,0,0,5,0,6,0,0,0,0,0,0,0,0,0,0,0,0,48,30,0,24,29
l38,7=0,0,0,0,0,0,0,0,0,4,0,5,2,2,0,16,17,24,0,4,31,18,19,0,0,1,0,0,0,0,0,0,0,0,0,36,33,19,0,29
l39,7=0,0,0,0,0,0,0,0,0,0,0,0,0,0,0,0,0,0,0,16,28,21,19,0,0,0,0,0,0,0,0,0,0,0,0,45,29,20,24,0

l0,8=0,97,90,97,96,88,94,54,39,72,71,0,0,35,0,0,0,0,0,0,0,0,0,0,0,0,0,0,0,0,0,0,0,0,0,0,0,0,0,0
l1,8=97,0,93,97,97,88,93,95,0,64,60,0,0,39,0,0,0,0,0,0,0,0,0,7,0,0,0,0,0,0,0,0,0,0,0,0,0,0,0,0
l2,8=96,99,0,97,97,90,98,95,0,47,70,3,0,0,0,11,0,0,0,0,0,0,0,0,0,0,0,0,0,0,0,0,0,0,0,0,0,0,0,0
l3,8=96,97,88,0,97,88,87,90,0,7,45,0,0,43,0,0,0,0,0,0,0,0,0,0,0,0,0,0,0,0,0,0,0,0,0,0,0,0,0,0
l4,8=96,97,79,97,0,88,94,89,85,59,86,0,0,68,0,0,0,0,0,0,0,0,0,0,3,0,0,0,0,0,0,0,0,0,0,0,0,0,0,0
l5,8=97,97,96,97,96,0,94,95,86,54,92,46,0,21,0,0,0,0,0,0,0,0,0,0,0,0,0,0,0,0,0,0,0,0,0,0,0,0,0,0
l6,8=92,92,89,92,91,83,0,92,68,71,82,4,0,0,0,0,27,0,0,0,0,0,0,0,0,0,0,0,0,0,0,0,0,0,0,0,0,0,0,0
l7,8=63,92,86,89,88,87,94,0,88,97,97,18,0,86,0,0,5,54,0,0,0,0,0,0,0,0,0,0,0,0,0,0,0,0,0,0,0,0,0,0
l8,8=45,0,0,1,85,71,16,91,0,96,90,93,0,89,54,88,0,74,0,50,0,0,45,0,6,0,0,0,0,0,0,0,0,0,0,0,0,0,0,0
l9,8=77,17,1,0,24,18,92,96,99,0,97,56,64,87,20,75,32,60,0,0,0,38,5,42,43,0,0,0,0,0,0,0,0,0,0,0,0,0,51,0
l10,8=79,61,33,68,89,86,93,96,90,97,0,77,0,79,0,75,0,0,0,0,0,0,0,0,0,0,0,0,0,0,0,0,0,0,0,0,0,0,0,0
l11,8=0,0,0,0,0,14,1,8,90,55,39,0,93,36,74,93,45,85,0,9,4,25,20,45,49,24,0,0,0,0,0,0,0,0,0,16,17,0,35,0
l12,8=0,0,0,0,0,0,0,0,0,19,0,68,0,0,87,59,52,75,0,0,2,0,0,55,96,89,0,0,0,0,0,0,0,13,1,9,19,0,33,0
l13,8=2,0,0,10,21,0,1,93,99,94,38,8,0,0,60,56,13,51,0,0,15,29,0,43,39,32,0,0,0,0,0,0,0,0,0,0,14,0,55,0
l14,8=0,0,0,0,0,0,0,0,42,20,0,12,92,50,0,47,4,83,0,0,23,38,29,58,84,50,0,0,0,0,0,0,0,0,0,0,12,0,0,0
l15,8=0,0,1,0,0,0,6,0,81,56,40,98,88,85,81,0,36,88,0,0,22,30,31,45,39,14,0,0,0,0,0,0,0,0,0,0,13,0,66,0
l16,8=0,0,0,0,0,0,3,3,0,9,1,28,72,15,9,26,0,59,32,40,25,29,37,22,43,15,0,0,0,0,0,18,0,0,12,0,25,35,33,27
l17,8=0,0,0,0,0,0,0,14,35,12,0,39,33,38,82,55,46,0,0,42,24,9,12,17,37,0,0,0,0,0,0,0,0,8,0,0,16,6,42,20
l18,8=0,0,0,0,0,0,0,0,0,0,0,0,0,0,0,0,52,0,0,67,44,39,0,0,0,0,0,0,0,0,0,0,0,0,0,0,0,0,0,0
l19,8=0,0,0,0,0,0,0,0,22,0,0,0,1,0,0,0,35,43,49,0,59,35,73,0,0,0,27,0,47,1,0,49,0,0,0,29,25,0,26,43
l20,8=0,0,0,0,0,0,0,0,0,0,0,0,15,19,26,15,24,35,39,70,0,65,82,0,1,0,10,0,1,0,0,15,0,0,0,29,28,41,55,29
l21,8=0,0,0,0,0,0,0,0,0,10,0,12,2,32,31,18,17,6,35,46,57,0,74,0,0,0,0,0,0,0,0,3,0,0,0,31,26,43,52,41
l22,8=0,0,0,0,0,0,0,0,28,11,0,10,0,0,27,15,19,31,0,75,65,50,0,0,0,0,0,0,0,15,0,0,0,0,0,35,36,41,50,35
l23,8=0,0,0,0,0,0,0,0,0,40,0,12,22,57,73,42,41,61,0,0,0,0,0,0,91,89,0,0,0,0,0,0,57,41,46,0,0,0,0,0
l24,8=0,0,0,0,0,0,0,0,5,32,0,14,92,51,89,38,87,64,0,0,6,0,0,89,0,89,0,0,0,0,0,23,0,10,13,0,8,0,0,0
l25,8=0,0,0,0,0,0,0,0,0,0,0,9,91,53,62,21,37,0,0,0,0,0,0,89,76,0,0,0,0,57,0,36,63,52,41,0,0,0,35,0
l26,8=0,0,0,0,0,0,0,0,0,0,0,0,0,0,0,0,0,0,0,57,34,0,0,0,0,0,0,86,92,93,62,93,84,76,77,0,0,0,0,0
l27,8=0,0,0,0,0,0,0,0,0,0,0,0,0,0,0,0,0,0,0,0,0,0,0,0,0,0,86,0,92,93,93,0,70,0,77,0,0,0,0,0
l28,8=0,0,0,0,0,0,0,0,0,0,0,0,0,0,0,0,0,0,0,62,36,0,0,0,0,0,93,93,0,93,93,93,59,78,75,0,0,0,0,0
l29,8=0,0,0,0,0,0,0,0,0,0,0,0,0,0,0,0,0,0,0,4,0,0,52,0,0,55,93,93,92,0,93,91,59,68,75,0,0,0,0,0
l30,8=0,0,0,0,0,0,0,0,0,0,0,0,0,0,0,0,0,0,0,0,0,0,0,0,0,0,84,93,92,93,0,60,70,56,0,0,0,0,0,0
l31,8=0,0,0,0,0,0,0,0,0,0,0,0,0,0,0,0,41,0,0,58,24,0,0,0,25,25,91,0,91,87,43,0,83,87,87,0,0,0,0,0
l32,8=0,0,0,0,0,0,0,0,0,0,0,0,0,0,0,0,0,0,0,0,0,0,1,74,0,65,92,73,64,66,68,92,0,93,90,0,0,0,0,0
l33,8=0,0,0,0,0,0,0,0,0,0,0,0,14,0,0,0,19,64,0,0,0,0,0,74,41,60,75,0,77,72,47,91,85,0,80,0,0,0,0,0
l34,8=0,0,0,0,0,0,0,0,0,0,0,0,13,0,1,0,59,0,0,0,0,0,0,80,25,62,77,68,76,73,0,91,87,83,0,0,0,0,0,0
l35,8=0,0,0,0,0,0,0,0,0,0,0,2,6,0,0,0,0,0,0,12,4,18,24,0,0,0,0,0,0,0,0,0,0,0,0,0,35,39,42,31
l36,8=0,0,0,0,0,0,0,0,0,0,0,6,18,5,0,6,13,9,0,34,6,18,37,0,1,0,0,0,0,0,0,0,0,0,0,41,0,38,47,36
l37,8=0,0,0,0,0,0,0,0,0,0,0,0,0,0,0,0,10,0,0,0,6,18,19,0,0,0,0,0,0,0,0,0,0,0,0,33,22,0,39,20
l38,8=0,0,0,0,0,0,0,0,0,6,0,6,24,23,0,18,12,26,0,5,9,29,38,0,0,0,0,0,0,0,0,0,0,0,0,37,34,42,0,32
l39,8=0,0,0,0,0,0,0,0,0,0,0,0,0,0,0,0,33,4,0,48,31,34,42,0,0,0,0,0,0,0,0,0,0,0,0,41,32,38,41,0

l0,9=0,99,98,97,90,96,85,92,0,92,83,0,0,0,0,0,0,0,0,0,0,0,0,0,0,0,0,0,0,0,0,0,0,0,0,0,0,0,0,0
l1,9=99,0,86,97,91,100,66,96,80,92,90,0,0,1,0,0,0,0,0,0,0,0,0,44,0,0,0,0,0,0,0,0,0,0,0,0,0,0,0,0
l2,9=99,98,0,98,81,100,98,83,28,0,89,0,24,0,0,0,0,0,0,0,0,0,0,0,0,0,0,0,0,0,0,0,0,0,0,0,0,0,0,0
l3,9=91,93,87,0,90,97,83,83,0,34,1,0,0,0,0,0,0,0,0,0,0,0,0,0,0,0,0,0,0,0,0,0,0,0,0,0,0,0,0,0
l4,9=98,97,74,98,0,95,88,96,87,0,90,0,0,0,0,0,0,0,0,0,0,0,0,0,0,0,0,0,0,0,0,0,0,0,0,0,0,0,0,0
l5,9=99,99,98,98,87,0,16,95,93,100,98,0,0,82,0,0,0,0,0,0,0,0,0,0,0,0,0,0,0,0,0,0,0,0,0,0,0,0,0,0
l6,9=88,64,98,93,68,0,0,100,51,99,100,0,0,83,0,0,25,0,0,0,0,0,0,0,0,0,0,0,0,0,0,0,0,0,0,0,0,0,0,0
l7,9=81,95,63,88,85,86,99,0,97,100,100,16,18,100,0,42,0,0,0,0,0,0,0,0,0,0,0,0,0,0,0,0,0,0,0,0,0,0,0,0
l8,9=52,91,25,0,85,82,85,86,0,100,82,92,0,100,0,59,22,26,0,39,0,0,33,1,0,0,0,0,0,0,0,0,0,0,0,0,0,0,0,0
l9,9=94,74,0,35,0,87,97,100,98,0,100,97,31,100,81,88,51,0,0,0,0,0,14,66,52,0,0,0,0,0,0,0,0,0,0,0,0,0,0,0
l10,9=90,92,90,67,81,100,98,100,95,100,0,0,64,96,0,91,38,61,0,0,15,0,0,72,0,0,0,0,0,0,0,0,0,0,0,0,0,0,0,0
l11,9=0,0,0,0,0,0,0,10,60,60,1,0,96,99,87,98,34,33,0,0,48,23,17,83,92,63,0,0,0,0,0,0,0,0,0,0,62,0,70,0
l12,9=0,0,0,0,0,0,0,0,0,41,10,64,0,89,98,80,58,60,0,0,62,10,10,96,99,96,0,0,0,0,0,0,0,0,60,0,78,0,79,0
l13,9=0,0,0,4,0,20,49,57,84,100,38,89,40,0,72,92,37,0,0,7,49,27,6,62,84,81,0,0,0,0,0,0,0,0,0,0,54,0,79,0
l14,9=0,0,0,0,0,0,0,0,0,62,0,50,98,97,0,72,34,54,0,0,69,30,21,96,100,89,0,0,0,0,0,0,0,41,0,0,1,0,0,0
l15,9=0,0,0,5,0,0,0,7,42,60,45,98,68,98,92,0,37,34,0,0,37,32,21,60,92,0,0,0,0,0,0,0,0,0,0,0,69,33,85,0
l16,9=0,0,0,0,0,0,10,0,12,41,6,30,42,75,47,57,0,28,49,49,62,14,21,59,96,51,0,0,0,0,0,0,0,46,73,0,50,49,79,18
l17,9=0,0,0,0,0,0,0,0,52,0,30,33,47,0,96,70,37,0,0,64,58,27,23,0,69,60,0,0,0,0,0,0,0,78,0,0,20,8,2,20
l18,9=0,0,0,0,0,0,0,0,0,0,0,0,0,0,0,0,60,0,0,0,79,61,0,0,0,0,0,0,0,0,0,0,0,0,0,0,0,0,0,0
l19,9=0,0,0,0,0,0,0,0,5,0,0,0,0,0,0,0,67,69,0,0,93,78,78,0,0,0,58,0,14,0,0,47,0,0,0,63,64,49,66,69
l20,9=0,0,0,0,0,0,0,0,0,0,0,8,21,41,40,15,43,15,34,87,0,90,93,0,0,0,17,0,0,0,0,0,0,0,11,63,73,65,74,32
l21,9=0,0,0,0,0,0,0,0,0,0,0,19,13,51,35,31,10,14,46,69,96,0,88,0,0,0,0,0,0,0,0,0,0,7,0,69,62,55,78,20
l22,9=0,0,0,0,0,0,0,0,26,8,0,12,16,1,33,27,22,17,0,63,96,86,0,0,0,0,26,0,0,21,0,33,0,0,0,75,76,48,80,6
l23,9=0,0,0,0,0,0,0,0,0,55,3,58,97,94,96,50,37,0,0,0,0,0,0,0,100,97,0,0,0,0,0,0,89,97,94,0,0,0,0,0
l24,9=0,0,0,0,0,0,0,0,0,53,0,33,97,98,98,66,92,28,0,0,13,0,0,99,0,96,0,0,0,0,0,0,0,89,27,0,55,0,0,0
l25,9=0,0,0,0,0,0,0,0,0,0,0,31,97,80,90,0,34,20,0,0,0,0,0,99,98,0,0,0,0,4,0,0,83,97,67,0,0,0,67,0
l26,9=0,0,0,0,0,0,0,0,0,0,0,0,0,0,0,0,0,0,0,86,80,0,68,0,0,0,0,85,97,100,99,97,99,80,82,0,0,0,0,0
l27,9=0,0,0,0,0,0,0,0,0,0,0,0,0,0,0,0,0,0,0,0,0,0,0,0,0,0,97,0,97,100,100,88,86,0,0,0,0,0,0,0
l28,9=0,0,0,0,0,0,0,0,0,0,0,0,0,0,0,0,0,0,0,83,0,0,50,0,0,0,98,100,0,100,99,82,0,83,27,0,0,0,0,0
l29,9=0,0,0,0,0,0,0,0,0,0,0,0,0,0,0,0,0,0,0,0,10,0,69,0,0,0,98,100,97,0,100,95,45,81,81,0,0,0,0,0
l30,9=0,0,0,0,0,0,0,0,0,0,0,0,0,0,0,0,0,0,0,0,0,0,0,0,0,0,97,100,97,100,0,92,93,38,87,0,0,0,0,0
l31,9=0,0,0,0,0,0,0,0,0,0,0,0,0,0,0,0,0,0,0,82,10,0,41,0,0,0,94,73,90,92,93,0,99,99,98,0,0,0,0,0
l32,9=0,0,0,0,0,0,0,0,0,0,0,0,0,0,0,0,0,0,0,0,0,0,0,81,0,86,98,53,0,43,93,97,0,99,98,0,0,0,0,0
l33,9=0,0,0,0,0,0,0,0,0,0,0,0,1,0,66,0,85,63,0,0,0,19,0,94,96,96,95,0,95,88,83,97,99,0,96,0,0,0,0,0
l34,9=0,0,0,0,0,0,0,0,0,0,0,0,37,0,3,0,84,0,0,0,69,0,0,94,72,83,95,0,5,97,94,97,99,99,0,0,0,0,0,0
l35,9=0,0,0,0,0,0,0,0,0,0,0,0,0,0,0,0,0,0,0,23,35,22,33,0,0,0,0,0,0,0,0,0,0,0,0,0,69,52,74,14
l36,9=0,0,0,0,0,0,0,0,0,0,0,6,11,7,0,18,3,0,0,31,46,14,23,0,8,0,0,0,0,0,0,0,0,0,0,74,0,55,70,12
l37,9=0,0,0,0,0,0,0,0,0,0,0,0,0,0,0,0,9,0,0,30,48,15,18,0,0,0,0,0,0,0,0,0,0,0,0,67,59,0,63,12
l38,9=0,0,0,0,0,0,0,0,0,0,0,16,11,39,0,27,20,0,0,27,53,27,24,0,0,7,0,0,0,0,0,0,0,0,0,77,69,61,0,13
l39,9=0,0,0,0,0,0,0,0,0,0,0,0,0,0,0,0,16,14,0,50,51,23,8,0,0,0,0,0,0,0,0,0,0,0,0,59,60,56,67,0

l0,10=0,77,89,84,85,74,7,72,22,74,81,0,0,0,0,0,0,0,0,0,0,0,0,0,0,0,0,0,0,0,0,0,0,0,0,0,0,0,0,0
l1,10=85,0,84,77,83,84,82,85,48,6,68,0,0,0,0,0,0,0,0,0,0,0,0,0,0,0,0,0,0,0,0,0,0,0,0,0,0,0,0,0
l2,10=85,71,0,78,83,86,82,83,70,79,75,0,14,6,0,0,0,0,0,0,0,0,0,0,0,0,0,0,0,0,0,0,0,0,0,0,0,0,0,0
l3,10=89,76,84,0,93,84,45,60,1,48,21,0,0,0,0,0,0,0,0,0,0,0,0,0,0,0,0,0,0,0,0,0,0,0,0,0,0,0,0,0
l4,10=83,71,85,85,0,85,75,84,74,60,82,0,0,0,2,0,0,0,0,0,0,0,0,0,0,0,0,0,0,0,0,0,0,0,0,0,0,0,0,0
l5,10=85,68,85,78,83,0,77,86,68,81,86,0,0,73,0,0,0,0,0,0,0,0,0,0,0,0,0,0,0,0,0,0,0,0,0,0,0,0,0,0
l6,10=9,66,82,56,68,79,0,86,80,80,81,0,0,54,0,0,1,0,0,0,0,0,0,0,0,0,0,0,0,0,0,0,0,0,0,0,0,0,0,0
l7,10=75,70,70,68,80,84,83,0,84,81,86,44,14,81,10,6,0,0,0,0,0,0,0,0,0,0,0,0,0,0,0,0,0,0,0,0,0,0,0,0
l8,10=0,18,34,11,34,57,65,77,0,85,72,67,51,84,0,67,7,19,0,17,3,0,26,40,0,0,0,0,0,0,0,0,0,0,0,0,0,0,0,0
l9,10=49,0,49,37,32,64,74,86,85,0,86,65,67,83,32,59,0,0,0,0,0,17,3,21,24,0,0,0,0,0,0,0,0,0,0,0,0,0,0,0
l10,10=64,51,51,48,64,72,66,86,70,81,0,41,0,70,0,61,0,32,0,0,0,0,0,8,0,0,0,0,0,0,0,0,0,0,0,0,0,0,0,0
l11,10=0,0,0,0,0,0,0,27,70,63,43,0,80,79,77,77,2,72,0,0,19,22,0,51,70,27,0,0,0,0,0,0,0,0,0,4,16,0,24,0
l12,10=0,0,0,0,0,0,0,0,10,51,0,82,0,41,93,72,77,85,0,0,39,24,0,67,89,98,0,0,0,0,0,0,0,3,0,1,0,0,34,0
l13,10=0,0,0,0,0,43,22,69,84,81,70,78,73,0,43,73,50,0,0,6,28,19,0,4,43,3,0,0,0,0,0,0,0,0,0,0,2,0,20,0
l14,10=0,0,0,0,2,0,0,0,0,49,0,79,88,44,0,63,42,63,0,0,17,0,11,57,85,71,0,0,0,0,0,0,0,21,0,0,33,0,19,0
l15,10=0,0,0,0,0,0,0,0,69,62,66,86,85,64,45,0,39,41,0,21,30,1,4,7,69,4,0,0,0,0,0,0,0,0,0,0,4,0,24,0
l16,10=0,0,0,0,0,0,0,0,13,0,0,0,79,21,23,40,0,43,0,15,39,16,6,8,85,0,0,0,0,0,0,0,6,3,0,1,23,22,64,27
l17,10=0,0,0,0,0,0,0,0,42,1,31,83,94,1,48,69,47,0,0,38,22,28,20,2,23,5,0,0,0,0,0,0,0,4,0,0,24,0,31,28
l18,10=0,0,0,0,0,0,0,0,0,0,0,0,0,0,0,0,4,0,0,63,38,62,0,0,0,0,0,0,0,0,0,0,0,0,0,0,0,0,0,0
l19,10=0,0,0,0,0,0,0,0,9,0,0,0,0,0,0,0,15,17,28,0,49,61,47,0,0,0,1,0,0,0,0,20,2,0,0,8,29,30,19,29
l20,10=0,0,0,0,0,0,0,0,0,0,0,17,43,14,12,16,25,10,16,76,0,86,73,0,0,0,0,0,0,0,0,0,5,0,0,6,44,45,36,46
l21,10=0,0,0,0,0,0,0,0,0,21,0,29,46,17,4,11,22,23,20,56,74,0,65,0,0,0,0,0,0,0,0,0,0,2,0,5,23,4,39,43
l22,10=0,0,0,0,0,0,0,0,14,13,0,0,0,0,0,15,17,23,0,63,73,74,0,0,0,0,0,0,0,5,0,21,0,0,0,11,48,27,41,41
l23,10=0,0,0,0,0,0,0,0,62,43,1,76,88,0,54,21,43,0,0,0,0,0,0,0,95,97,0,0,0,0,0,0,51,49,0,0,0,0,0,0
l24,10=0,0,0,0,0,0,0,0,0,37,0,77,91,44,90,63,81,36,0,0,13,0,0,92,0,89,0,0,0,0,0,0,0,35,0,0,0,0,18,0
l25,10=0,0,0,23,0,0,0,0,0,0,0,75,93,35,90,45,0,24,0,0,0,0,0,95,91,0,12,0,0,0,0,38,32,93,78,0,0,0,39,0
l26,10=0,0,0,0,0,0,0,0,0,0,0,0,0,0,0,0,0,0,0,47,0,0,35,0,0,11,0,23,96,96,100,98,98,28,0,0,0,0,0,0
l27,10=0,0,0,0,0,0,0,0,0,0,0,0,0,0,0,0,0,0,0,0,0,0,0,0,0,0,61,0,92,96,100,76,0,0,74,0,0,0,0,0
l28,10=0,0,0,0,0,0,0,0,0,0,0,0,0,0,0,0,0,0,0,0,0,0,0,0,0,0,67,98,0,96,99,84,30,76,1,0,0,0,0,0
l29,10=0,0,0,0,0,0,0,0,0,0,0,0,0,0,0,0,0,0,0,0,4,0,10,0,0,0,67,98,96,0,100,87,38,1,1,0,0,0,0,0
l30,10=0,0,0,0,0,0,0,0,0,0,0,0,0,0,0,0,0,0,0,0,0,0,0,0,0,0,67,98,96,96,0,84,78,32,56,0,0,0,0,0
l31,10=0,0,0,0,0,0,0,0,0,0,0,0,0,0,0,0,0,0,0,36,2,0,43,1,0,20,67,46,81,93,90,0,96,100,100,0,0,0,0,0
l32,10=0,0,0,0,0,0,0,0,0,0,0,0,0,0,0,0,19,0,0,22,28,0,0,67,0,18,67,0,27,69,70,98,0,100,100,0,0,0,0,0
l33,10=0,0,0,0,0,0,0,0,0,0,0,0,52,0,89,0,35,25,0,0,0,13,0,92,79,98,53,0,92,12,68,98,99,0,100,0,0,0,0,0
l34,10=0,0,0,0,0,0,0,0,0,0,0,0,58,0,0,0,71,0,0,1,1,0,0,0,32,80,64,22,29,80,82,98,99,100,0,0,0,0,0,0
l35,10=0,0,0,0,0,0,0,0,0,0,0,1,3,0,0,0,1,0,0,13,20,9,18,0,0,0,0,0,0,0,0,0,0,0,0,0,63,39,34,34
l36,10=0,0,0,0,0,0,0,0,0,0,0,3,0,0,8,1,15,7,0,22,27,1,21,0,0,0,0,0,0,0,0,0,0,0,0,21,0,46,41,40
l37,10=0,0,0,0,0,0,0,0,0,0,0,0,0,0,0,0,12,0,0,17,27,0,12,0,0,0,0,0,0,0,0,0,0,0,0,7,35,0,28,39
l38,10=0,0,0,0,0,0,0,0,0,0,0,19,26,5,0,16,38,11,0,8,40,26,27,0,1,2,0,0,0,0,0,0,0,0,0,23,50,40,0,64
l39,10=0,0,0,0,0,0,0,0,0,0,0,0,0,0,0,0,17,11,0,13,29,23,18,0,0,0,0,0,0,0,0,0,0,0,0,7,35,42,37,0

l0,11=0,83,86,89,84,84,0,36,24,50,29,0,0,0,0,0,0,0,0,0,0,0,0,0,0,0,0,0,0,0,0,0,0,0,0,0,0,0,0,0
l1,11=79,0,85,73,83,86,76,76,52,53,38,32,0,45,0,0,0,0,0,0,0,0,0,0,0,0,0,0,0,0,0,0,0,0,0,0,0,0,0,0
l2,11=81,84,0,84,83,87,0,72,55,56,44,0,0,0,0,5,0,0,0,0,0,0,0,0,0,0,0,0,0,0,0,0,0,0,0,0,0,0,0,0
l3,11=87,77,85,0,87,83,57,1,0,39,70,0,0,0,0,0,0,0,0,0,0,0,0,0,0,0,0,0,0,0,0,0,0,0,0,0,0,0,0,0
l4,11=79,84,80,84,0,79,67,48,19,51,69,0,0,0,23,0,0,0,0,0,0,0,0,35,0,0,0,0,0,0,0,0,0,0,0,0,0,0,0,0
l5,11=79,84,86,84,82,0,70,85,63,76,0,14,0,0,0,0,0,0,0,0,0,0,0,0,0,0,0,0,0,0,0,0,0,0,0,0,0,0,0,0
l6,11=0,81,0,60,67,62,0,80,26,74,62,27,0,60,1,48,20,0,0,0,0,0,0,0,0,0,0,0,0,0,0,0,0,0,0,0,0,0,0,0
l7,11=51,84,61,56,81,86,84,0,78,78,82,48,56,84,0,40,0,0,0,0,0,0,0,0,0,0,0,0,0,0,0,0,0,0,0,0,0,0,0,0
l8,11=21,15,21,0,42,54,62,60,0,81,56,60,64,84,32,66,0,45,0,16,0,0,0,43,38,0,0,0,0,0,0,0,0,0,0,0,0,0,0,0
l9,11=26,28,21,52,59,68,76,85,79,0,82,64,67,84,0,62,1,0,0,0,0,22,0,0,8,0,0,0,0,0,0,0,0,0,0,0,0,0,0,0
l10,11=11,15,1,62,63,0,67,85,43,79,0,54,0,75,0,56,0,5,0,0,0,0,0,0,0,0,0,0,0,0,0,0,0,0,0,0,0,0,0,0
l11,11=0,2,0,0,0,15,20,29,25,24,35,0,78,84,69,81,53,69,0,0,3,2,17,65,73,56,0,0,0,0,0,0,0,0,0,14,0,0,15,0
l12,11=0,0,0,0,0,0,0,12,21,22,0,82,0,71,87,75,60,76,0,0,6,16,19,66,89,88,0,0,0,0,0,0,0,0,0,0,0,0,14,0
l13,11=0,13,0,0,0,0,58,67,77,44,51,82,74,0,44,77,45,58,0,0,5,13,0,50,31,59,0,0,0,0,0,0,0,0,0,0,0,0,8,0
l14,11=0,0,0,0,28,0,0,0,4,0,0,78,85,44,0,31,63,74,0,0,0,3,0,82,50,76,0,0,0,0,0,0,0,19,29,17,19,0,10,0
l15,11=0,0,0,0,0,0,31,13,25,20,38,88,85,87,8,0,57,71,0,6,11,7,4,17,10,36,0,0,0,0,0,0,0,0,0,16,19,0,12,0
l16,11=0,0,0,0,0,0,8,0,0,0,0,32,66,31,50,61,0,55,0,3,4,10,12,11,59,21,0,0,0,0,0,0,10,10,30,10,19,10,17,23
l17,11=0,0,0,0,0,0,0,0,15,4,7,85,89,57,51,76,68,0,0,0,4,8,22,25,34,0,0,0,0,0,0,0,0,0,0,0,23,0,11,4
l18,11=0,0,0,0,0,0,0,0,0,0,0,0,0,0,0,0,33,0,0,13,8,18,7,0,0,0,0,0,0,0,0,0,0,0,0,0,0,0,0,0
l19,11=0,0,0,0,0,0,0,0,9,0,0,0,0,0,0,28,24,0,2,0,8,13,41,0,0,0,13,0,0,0,0,4,0,0,0,17,13,0,0,16
l20,11=0,0,0,0,0,0,0,0,0,0,0,2,26,27,0,26,39,24,2,13,0,47,60,0,0,0,8,0,5,0,0,0,1,0,0,33,19,10,13,25
l21,11=0,0,0,0,0,0,0,0,0,15,0,18,38,33,10,19,47,27,2,16,26,0,58,0,6,0,0,0,0,0,0,0,0,0,0,17,16,6,44,23
l22,11=0,0,0,0,0,0,0,0,0,0,0,32,30,0,0,1,31,23,0,15,26,22,0,0,0,0,13,0,0,0,0,5,0,0,0,33,19,0,36,16
l23,11=0,0,0,0,23,0,0,0,16,0,0,77,83,72,81,6,42,59,0,0,0,0,0,0,88,90,0,0,0,0,0,15,20,23,0,0,0,0,0,0
l24,11=0,0,0,0,0,0,0,0,11,11,0,72,88,71,58,5,68,61,0,0,0,0,0,89,0,79,0,0,0,0,0,0,0,0,0,0,0,0,0,0
l25,11=0,0,0,0,0,0,0,0,0,1,0,63,90,69,82,62,29,0,0,0,0,0,0,96,85,0,0,0,0,0,0,35,12,84,2,0,0,0,0,0
l26,11=0,0,0,0,0,0,0,0,0,0,0,0,0,0,0,0,0,0,0,15,4,0,24,0,0,0,0,74,92,87,92,87,82,31,34,0,0,0,0,0
l27,11=0,0,0,0,0,0,0,0,0,0,0,0,0,0,0,0,0,0,0,0,0,0,0,0,0,0,82,0,88,94,95,58,0,0,30,0,0,0,0,0
l28,11=0,0,0,0,0,0,0,0,0,0,0,0,0,0,0,0,0,0,0,0,2,0,0,0,0,0,89,97,0,95,95,62,35,0,26,0,0,0,0,0
l29,11=0,0,0,0,0,0,0,0,0,0,0,0,0,0,0,0,0,0,0,0,0,0,0,0,0,0,89,97,92,0,95,89,33,30,26,0,0,0,0,0
l30,11=0,0,0,0,0,0,0,0,0,0,0,0,0,0,0,0,0,0,0,0,0,0,0,0,0,0,88,97,92,95,0,85,75,76,78,0,0,0,0,0
l31,11=0,0,0,0,0,0,0,0,0,0,0,0,0,0,0,0,1,0,0,6,0,0,22,14,0,20,89,68,80,86,85,0,86,100,100,0,0,0,0,0
l32,11=0,0,0,0,0,0,0,0,0,0,0,0,0,0,0,0,13,0,0,0,1,0,0,18,0,10,89,0,43,40,69,89,0,100,100,0,0,0,0,0
l33,11=0,0,0,0,0,0,0,0,0,0,0,0,0,0,80,0,26,0,0,0,0,0,0,63,2,89,75,0,0,71,87,92,98,0,100,0,0,0,0,0
l34,11=0,0,0,0,0,0,0,0,0,0,0,0,0,0,14,0,53,0,0,2,0,0,0,2,0,5,81,58,14,60,77,92,98,100,0,0,0,0,0,0
l35,11=0,0,0,0,0,0,0,0,0,0,0,12,1,0,2,3,0,0,0,1,2,0,19,0,0,0,0,0,0,0,0,0,0,0,0,0,41,13,14,26
l36,11=0,0,0,0,0,0,0,0,0,0,0,0,0,0,6,10,36,21,0,5,4,4,22,0,0,0,0,0,0,0,0,0,0,0,0,53,0,14,15,26
l37,11=0,0,0,0,0,0,0,0,0,0,0,0,0,0,0,0,34,0,0,0,3,0,0,0,0,0,0,0,0,0,0,0,0,0,0,34,19,0,8,26
l38,11=0,0,0,0,0,0,0,0,0,0,0,27,41,11,6,21,40,15,0,0,5,15,31,0,0,0,0,0,0,0,0,0,0,0,0,55,44,11,0,47
l39,11=0,0,0,0,0,0,0,0,0,0,0,0,0,0,0,0,35,0,0,8,3,4,22,0,0,0,0,0,0,0,0,0,0,0,0,34,25,35,39,0

l0,12=0,83,81,87,83,87,57,64,49,50,54,0,0,0,0,0,0,0,0,0,0,0,0,0,0,0,0,0,0,0,0,0,0,0,0,0,0,0,0,0
l1,12=85,0,75,79,80,81,85,78,3,0,63,56,0,0,0,0,0,0,0,0,0,0,0,0,0,13,0,0,0,0,0,0,0,0,0,0,0,0,0,0
l2,12=84,82,0,83,81,86,85,60,59,66,69,0,0,0,0,0,0,0,0,0,0,0,0,0,0,0,0,0,0,0,0,0,0,0,0,0,0,0,0,0
l3,12=86,78,81,0,88,86,0,45,1,26,64,0,0,0,0,0,0,0,0,0,0,0,0,0,0,0,0,0,0,0,0,0,0,0,0,0,0,0,0,0
l4,12=84,80,77,87,0,80,53,77,51,57,55,0,0,0,22,0,0,0,0,0,0,0,0,38,0,0,0,0,0,0,0,0,0,0,0,0,0,0,0,0
l5,12=85,83,81,84,81,0,75,84,62,79,66,0,0,60,0,0,0,0,0,0,0,0,0,3,0,0,0,0,0,0,0,0,0,0,0,0,0,0,0,0
l6,12=30,81,76,0,63,47,0,83,60,54,75,66,0,42,2,67,0,0,0,0,0,0,0,0,0,0,0,0,0,0,0,0,0,0,0,0,0,0,0,0
l7,12=70,83,54,72,81,85,85,0,74,79,86,49,39,80,0,0,0,0,0,0,0,0,0,0,0,0,0,0,0,0,0,0,0,0,0,0,0,0,0,0
l8,12=21,0,23,26,59,43,44,67,0,81,79,64,54,80,25,67,28,13,0,16,0,3,0,0,1,0,0,0,0,0,0,0,0,0,0,0,0,0,0,0
l9,12=13,4,36,27,41,84,29,83,74,0,86,62,48,80,0,65,20,3,0,0,38,47,0,0,0,0,0,0,0,0,0,0,0,0,0,0,0,0,0,0
l10,12=18,36,51,66,54,35,75,86,72,81,0,60,0,77,0,64,0,0,0,0,0,0,0,3,0,0,0,0,0,0,0,0,0,0,0,0,0,0,0,0
l11,12=0,4,0,0,0,0,37,27,59,69,42,0,64,54,41,77,60,80,0,0,24,22,39,26,1,13,0,0,0,0,0,0,0,0,0,14,6,0,45,0
l12,12=0,0,0,0,0,0,0,0,38,36,0,75,0,34,87,74,67,81,0,0,45,25,30,18,89,91,0,0,0,0,0,0,0,10,0,0,0,0,44,0
l13,12=0,0,0,0,0,21,26,67,73,77,77,80,62,0,42,77,61,72,0,0,38,30,0,37,6,0,0,0,0,0,0,0,0,0,0,0,0,0,0,0
l14,12=0,0,0,0,28,0,0,0,35,0,0,56,87,35,0,74,72,72,0,0,3,52,0,63,90,51,0,0,0,0,0,0,0,30,23,2,12,0,10,0
l15,12=0,0,0,0,0,0,35,0,58,61,48,85,80,85,45,0,62,76,0,12,37,37,1,17,15,26,0,0,0,0,0,0,0,0,0,0,0,0,32,0
l16,12=0,0,0,0,0,0,0,0,12,7,0,15,56,17,50,66,0,75,7,16,44,34,18,0,46,6,0,0,0,0,0,0,0,1,0,17,24,1,52,21
l17,12=0,0,0,0,0,0,0,0,17,10,0,87,72,39,41,80,75,0,0,25,52,61,38,20,7,0,0,0,0,0,0,0,0,7,0,0,23,0,22,0
l18,12=0,0,0,0,0,0,0,0,0,0,0,0,0,0,0,0,25,0,0,22,44,19,0,0,0,0,0,0,0,0,0,0,0,0,0,0,0,0,0,0
l19,12=0,0,0,0,0,0,0,0,16,0,0,0,0,0,0,7,16,14,9,0,58,35,47,0,0,0,18,0,16,0,0,4,4,0,0,2,20,0,10,30
l20,12=0,0,0,0,0,0,0,0,0,9,0,8,10,10,0,8,36,34,6,57,0,83,78,0,0,0,14,0,0,0,0,0,0,0,0,25,50,1,13,14
l21,12=0,0,0,0,0,0,0,0,14,11,0,11,10,11,14,8,40,33,6,68,76,0,78,0,4,0,9,0,0,0,0,0,0,0,0,14,22,5,55,9
l22,12=0,0,0,0,0,0,0,0,0,0,0,13,7,0,0,2,14,17,0,28,76,77,0,0,0,0,14,0,0,0,0,0,0,0,0,24,48,0,29,36
l23,12=0,0,0,0,61,0,0,0,0,0,0,73,57,44,52,66,0,72,0,0,0,0,0,0,90,96,0,0,0,0,0,20,0,40,0,0,0,0,0,0
l24,12=0,0,0,0,0,0,0,0,6,0,0,0,85,55,87,73,74,56,0,0,0,48,1,87,0,85,0,0,0,0,0,0,40,0,0,0,14,0,49,0
l25,12=0,0,0,0,0,0,0,0,0,0,0,31,88,29,68,63,45,0,0,0,0,0,0,91,90,0,0,0,0,0,0,62,35,76,81,0,0,0,0,0
l26,12=0,0,0,0,0,0,0,0,0,0,0,0,0,0,0,0,0,0,0,9,19,4,20,0,0,0,0,66,90,82,92,90,74,20,69,0,0,0,0,0
l27,12=0,0,0,0,0,0,0,0,0,0,0,0,0,0,0,0,0,0,0,0,0,0,0,0,0,0,80,0,85,96,95,85,0,21,7,0,0,0,0,0
l28,12=0,0,0,0,0,0,0,0,0,0,0,0,0,0,0,0,0,0,0,23,12,0,0,0,0,0,83,94,0,96,95,85,62,24,60,0,0,0,0,0
l29,12=0,0,0,0,0,0,0,0,0,0,0,0,0,0,0,0,0,0,0,0,0,0,0,0,0,0,81,94,90,0,95,87,70,52,65,0,0,0,0,0
l30,12=0,0,0,0,0,0,0,0,0,0,0,0,0,0,0,0,0,0,0,0,0,0,0,0,0,0,82,94,90,96,0,86,73,62,37,0,0,0,0,0
l31,12=0,0,0,0,0,0,0,0,0,0,0,0,0,0,0,0,0,0,0,22,12,0,15,20,6,55,83,84,76,86,93,0,94,100,100,0,0,0,0,0
l32,12=0,0,0,0,0,0,0,0,0,0,0,0,0,0,0,0,2,0,0,17,0,0,0,11,64,44,80,0,72,89,91,95,0,100,100,0,0,0,0,0
l33,12=0,0,0,0,0,0,0,0,0,0,0,0,60,0,67,0,5,24,0,0,0,0,0,65,3,78,72,40,56,69,62,97,94,0,100,0,0,0,0,0
l34,12=0,0,0,0,0,0,0,0,0,0,0,0,0,0,19,0,0,0,0,0,0,0,0,0,0,85,82,34,78,85,56,96,94,100,0,0,0,0,0,0
l35,12=0,0,0,0,0,0,0,0,0,0,0,0,0,0,0,0,6,0,0,0,30,12,20,0,0,0,0,0,0,0,0,0,0,0,0,0,58,4,20,1
l36,12=0,0,0,0,0,0,0,0,0,0,0,3,0,0,0,0,20,15,0,18,39,17,28,0,0,0,0,0,0,0,0,0,0,0,0,42,0,8,22,18
l37,12=0,0,0,0,0,0,0,0,0,0,0,0,0,0,0,0,18,0,0,0,37,18,15,0,0,0,0,0,0,0,0,0,0,0,0,29,27,0,7,28
l38,12=0,0,0,0,0,0,0,0,0,0,0,11,9,0,0,7,29,16,0,5,30,26,36,0,1,0,0,0,0,0,0,0,0,0,0,32,38,1,0,35
l39,12=0,0,0,0,0,0,0,0,0,0,0,0,0,0,0,0,14,0,0,24,31,18,30,0,0,0,0,0,0,0,0,0,0,0,0,12,12,12,18,0

l0,13=0,91,90,90,90,92,75,75,40,37,82,0,0,0,0,0,0,0,0,0,0,0,0,0,0,0,0,0,0,0,0,0,0,0,0,0,0,0,0,0
l1,13=86,0,84,91,85,87,86,81,26,61,72,0,1,0,0,0,0,0,0,0,0,0,0,0,0,0,0,0,0,0,0,0,0,0,0,0,0,0,0,0
l2,13=86,87,0,84,89,86,88,58,0,86,85,0,0,10,0,0,0,0,0,0,0,0,0,0,0,0,0,0,0,0,0,0,0,0,0,0,0,0,0,0
l3,13=91,95,87,0,94,91,65,74,0,32,17,0,0,0,0,0,0,0,0,0,0,0,0,0,0,0,0,0,0,0,0,0,0,0,0,0,0,0,0,0
l4,13=87,86,86,88,0,86,86,78,41,75,58,0,0,0,0,0,0,0,0,0,0,0,0,33,0,0,0,0,0,0,0,0,0,0,0,0,0,0,0,0
l5,13=87,85,84,82,85,0,87,59,85,86,86,0,0,84,0,1,0,0,0,0,0,0,0,0,0,0,0,0,0,0,0,0,0,0,0,0,0,0,0,0
l6,13=79,86,84,79,85,86,0,22,79,86,10,85,0,70,0,80,1,0,0,0,0,0,0,0,0,0,0,0,0,0,0,0,0,0,0,0,0,0,0,0
l7,13=49,66,68,81,85,28,16,0,88,88,88,13,20,83,0,13,0,0,0,0,0,0,0,0,0,0,0,0,0,0,0,0,0,0,0,0,0,0,0,0
l8,13=24,4,3,56,70,46,31,60,0,91,79,35,41,85,77,15,22,14,0,11,1,32,14,0,62,0,0,0,0,0,0,0,0,0,0,0,0,0,0,0
l9,13=42,6,80,48,77,85,60,81,88,0,87,50,43,86,60,82,35,40,0,0,21,40,0,0,0,0,0,0,0,0,0,0,0,0,0,0,0,0,0,0
l10,13=29,7,55,69,65,69,12,82,86,93,0,26,0,86,0,59,2,0,0,0,0,0,0,0,0,0,0,0,0,0,0,0,0,0,0,0,0,0,0,0
l11,13=0,0,0,0,0,0,25,4,64,69,29,0,60,90,82,91,41,54,0,0,36,45,40,53,0,40,0,0,0,0,0,0,0,0,0,0,5,0,32,0
l12,13=0,0,0,0,0,0,0,0,46,62,0,56,0,44,99,71,51,62,0,0,37,28,27,42,97,98,0,0,0,0,0,0,0,66,0,0,0,0,34,0
l13,13=0,0,0,0,1,25,22,30,87,90,64,89,36,0,83,87,42,48,0,0,16,36,2,65,55,35,0,0,0,0,0,0,0,0,0,0,0,0,44,0
l14,13=0,0,0,0,0,0,0,0,76,69,0,32,73,83,0,67,57,43,0,0,29,35,0,95,98,81,0,0,0,0,0,0,2,62,4,0,0,0,0,0
l15,13=0,0,0,0,0,3,26,0,53,84,27,93,59,93,80,0,53,55,0,2,39,30,3,60,59,64,0,0,0,0,0,0,0,0,0,0,18,0,35,0
l16,13=0,0,0,0,0,0,0,0,43,45,0,22,36,35,93,62,0,54,0,6,27,33,44,0,62,0,0,0,0,0,0,0,0,48,27,55,19,10,53,51
l17,13=0,0,0,0,0,0,0,0,28,27,0,32,97,82,77,70,54,0,0,9,43,58,43,39,64,50,0,0,0,0,0,0,0,57,0,0,19,0,39,0
l18,13=0,0,0,0,0,0,0,0,0,0,0,0,0,0,0,0,38,0,0,69,53,34,20,0,0,0,0,0,0,0,0,0,0,0,0,0,0,0,0,0
l19,13=0,0,0,0,0,0,0,0,38,0,0,0,1,0,0,14,36,10,27,0,83,64,86,0,0,0,0,0,8,14,0,0,0,0,0,0,26,43,55,67
l20,13=0,0,0,0,0,0,0,0,0,0,0,17,28,0,4,13,24,27,7,92,0,93,95,0,0,0,27,0,0,0,0,46,0,0,0,79,48,63,83,0
l21,13=0,0,0,0,0,0,0,0,40,42,0,35,29,34,32,21,29,26,0,80,84,0,94,0,33,0,17,0,0,0,0,0,0,0,0,65,18,24,83,62
l22,13=0,0,0,0,0,0,0,0,0,0,0,14,26,0,0,2,23,16,0,64,85,94,0,0,0,0,35,0,0,0,0,0,0,0,2,78,55,2,49,84
l23,13=0,0,0,0,2,0,0,0,0,0,0,31,44,83,100,65,0,20,0,0,0,0,0,0,87,99,0,0,0,0,0,0,0,0,71,0,0,0,0,0
l24,13=0,0,0,0,0,0,0,0,66,4,0,6,98,73,100,68,55,48,0,0,0,46,0,71,0,94,0,0,0,0,0,0,79,3,0,0,20,0,0,0
l25,13=0,0,0,0,0,0,0,0,0,0,0,9,98,17,96,68,4,24,0,0,0,0,0,99,98,0,0,0,0,2,0,79,84,95,91,0,0,0,0,0
l26,13=0,0,0,0,0,0,0,0,0,0,0,0,0,0,0,0,0,0,0,1,30,15,55,0,0,0,0,91,97,91,99,98,90,88,0,0,0,0,0,0
l27,13=0,0,0,0,0,0,0,0,0,0,0,0,0,0,0,0,0,0,0,0,0,0,0,0,0,0,82,0,97,100,100,83,74,77,27,0,0,0,0,0
l28,13=0,0,0,0,0,0,0,0,0,0,0,0,0,0,0,0,0,0,0,18,14,0,0,0,0,4,99,99,0,100,100,97,69,80,91,0,0,0,0,0
l29,13=0,0,0,0,0,0,0,0,0,0,0,0,0,0,0,0,0,0,0,7,0,0,0,0,0,4,77,99,97,0,100,88,84,79,86,0,0,0,0,0
l30,13=0,0,0,0,0,0,0,0,0,0,0,0,0,0,0,0,0,0,0,0,0,0,0,0,0,0,99,99,97,100,0,89,73,79,1,0,0,0,0,0
l31,13=0,0,0,0,0,0,0,0,0,0,0,0,0,0,0,0,0,0,0,2,35,0,0,0,0,64,99,98,97,100,99,0,99,100,99,0,0,0,0,0
l32,13=0,0,0,0,0,0,0,0,0,0,0,0,6,0,38,0,0,0,0,2,0,0,0,1,86,81,94,71,80,96,94,100,0,100,100,0,0,0,0,0
l33,13=0,0,0,0,0,0,0,0,0,0,0,0,96,0,81,0,59,52,0,0,0,0,0,18,44,98,99,78,96,79,98,100,99,0,100,0,0,0,0,0
l34,13=0,0,0,0,0,0,0,0,0,0,0,0,0,0,44,0,24,0,0,0,31,0,1,79,0,99,0,26,96,100,20,100,99,100,0,0,0,0,0,0
l35,13=0,0,0,0,0,0,0,0,0,0,0,0,0,0,0,0,9,0,0,0,26,6,43,0,0,0,0,0,0,0,0,0,0,0,0,0,61,91,46,65
l36,13=0,0,0,0,0,0,0,0,0,0,0,0,1,0,0,20,25,7,0,3,27,0,53,0,28,0,0,0,0,0,0,0,0,0,0,89,0,44,82,57
l37,13=0,0,0,0,0,0,0,0,0,0,0,0,0,0,0,0,3,0,0,1,29,2,0,0,0,0,0,0,0,0,0,0,0,0,0,87,36,0,37,73
l38,13=0,0,0,0,0,0,0,0,0,0,0,5,27,33,8,21,27,16,0,6,32,33,49,0,8,0,0,0,0,0,0,0,0,0,0,80,42,38,0,67
l39,13=0,0,0,0,0,0,0,0,0,0,0,0,0,0,0,0,23,0,0,14,0,16,90,0,0,0,0,0,0,0,0,0,0,0,0,84,29,50,49,0

l0,14=0,85,99,90,87,95,41,89,91,98,99,0,0,0,0,0,0,0,0,0,0,0,0,0,0,0,0,0,0,0,0,0,0,0,0,0,0,0,0,0
l1,14=84,0,99,90,87,95,77,37,0,22,69,0,0,28,0,0,0,0,0,0,0,0,0,0,0,0,0,0,0,0,0,0,0,0,0,0,0,0,0,0
l2,14=84,85,0,90,87,95,77,96,48,100,76,0,0,45,0,0,0,0,0,0,0,0,0,0,0,0,0,0,0,0,0,0,0,0,0,0,0,0,0,0
l3,14=84,85,97,0,87,94,77,84,0,86,97,0,0,0,0,0,0,0,0,0,0,0,0,0,0,0,0,0,0,0,0,0,0,0,0,0,0,0,0,0
l4,14=84,85,99,83,0,94,55,2,44,40,99,0,0,0,0,1,0,0,0,0,0,0,0,0,2,0,0,0,0,0,0,0,0,0,0,0,0,0,0,0
l5,14=84,85,100,87,88,0,77,96,93,100,99,0,0,26,0,28,0,0,0,0,0,0,0,0,0,0,0,0,0,0,0,0,0,0,0,0,0,0,0,0
l6,14=48,82,100,72,83,95,0,83,83,77,67,97,0,54,0,53,0,0,0,0,0,0,54,0,0,0,0,0,0,0,0,0,0,0,0,0,0,0,0,0
l7,14=84,42,99,77,3,94,55,0,94,100,99,0,2,48,0,23,39,0,0,0,0,0,0,0,0,0,0,0,0,0,0,0,0,0,0,0,0,0,0,0
l8,14=31,0,24,0,28,29,26,26,0,100,100,12,26,28,34,29,2,0,0,7,37,18,23,0,26,0,0,0,0,0,0,0,0,0,0,0,0,0,0,0
l9,14=33,0,45,13,4,93,45,94,98,0,100,44,0,100,29,52,43,27,0,0,36,30,0,45,0,0,0,0,0,0,0,0,0,0,0,0,0,0,0,0
l10,14=78,73,20,74,88,94,76,100,94,100,0,60,36,62,1,40,0,0,0,0,13,0,0,0,0,0,0,0,0,0,0,0,0,0,0,0,0,0,0,0
l11,14=0,0,0,0,0,0,100,0,46,97,47,0,99,100,97,100,96,98,0,3,52,39,44,71,13,45,0,0,0,0,0,0,0,0,0,0,52,0,30,0
l12,14=0,0,0,0,0,0,0,0,80,3,6,78,0,98,100,84,9,98,0,42,95,0,22,78,66,98,0,0,0,0,0,0,0,48,0,0,0,0,0,0
l13,14=0,66,81,0,0,57,49,44,94,100,92,100,97,0,96,99,59,60,0,0,0,43,0,11,63,56,0,0,0,0,0,0,0,0,0,0,0,0,69,0
l14,14=0,0,0,0,0,0,0,0,55,42,5,55,99,48,0,52,61,35,0,0,36,9,0,78,100,1,0,0,0,0,0,0,1,46,0,0,0,0,53,0
l15,14=0,0,0,0,0,13,35,0,95,97,42,100,59,100,63,0,83,67,0,44,93,15,12,77,63,36,0,0,0,0,0,0,0,0,0,0,4,0,49,0
l16,14=0,0,0,0,0,0,0,12,5,86,0,55,4,24,97,85,0,61,2,83,89,45,59,7,64,2,0,0,0,0,0,0,0,79,11,25,76,41,91,81
l17,14=0,0,0,0,0,0,0,0,0,73,0,83,99,98,97,99,68,0,0,67,96,62,32,77,64,53,0,0,0,0,0,0,0,0,0,25,45,0,98,0
l18,14=0,0,0,0,0,0,0,0,0,0,0,0,0,0,0,0,50,0,0,88,92,0,91,0,0,0,0,0,0,0,0,0,0,0,0,0,0,0,0,0
l19,14=0,0,0,0,0,0,0,0,0,0,0,6,49,0,0,64,49,53,76,0,98,91,93,0,0,0,67,0,64,82,0,0,0,0,0,40,65,64,89,89
l20,14=0,0,0,0,0,0,0,0,0,81,0,53,57,0,70,76,54,60,82,97,0,99,98,0,0,0,35,0,0,0,0,0,0,0,38,58,76,89,98,96
l21,14=0,0,0,0,0,0,0,0,74,86,0,84,35,88,24,76,80,90,0,95,97,0,98,0,56,0,0,0,0,0,0,0,0,0,0,69,93,3,88,87
l22,14=0,0,0,0,0,0,21,0,0,0,0,52,38,0,15,17,73,53,75,92,100,99,0,0,14,0,84,0,0,0,0,0,0,0,0,57,92,38,92,94
l23,14=0,0,0,0,0,0,0,0,0,40,0,29,59,14,99,81,3,31,0,0,0,0,0,0,36,99,0,0,0,0,0,0,31,49,30,0,0,0,0,0
l24,14=0,0,0,0,0,0,0,0,53,0,0,18,99,52,99,85,72,72,0,0,0,16,1,33,0,84,0,0,0,0,0,0,0,0,0,0,38,0,0,0
l25,14=0,0,0,0,0,0,0,0,0,0,0,17,99,97,22,82,4,41,0,0,0,0,0,100,100,0,0,0,0,0,0,0,47,100,87,0,0,0,0,0
l26,14=0,0,0,0,0,0,0,0,0,0,0,0,0,0,0,0,0,0,0,69,76,0,70,0,0,0,0,92,100,86,98,98,93,90,93,0,0,0,0,0
l27,14=0,0,0,0,0,0,0,0,0,0,0,0,0,0,0,0,0,0,0,0,0,0,0,0,0,0,96,0,100,100,100,89,89,90,12,0,0,0,0,0
l28,14=0,0,0,0,0,0,0,0,0,0,0,0,0,0,0,0,0,0,0,79,0,0,0,0,0,22,100,100,0,100,100,98,84,94,98,0,0,0,0,0
l29,14=0,0,0,0,0,0,0,0,0,0,0,0,0,0,0,0,0,0,0,80,1,0,0,0,0,0,92,100,100,0,100,90,89,8,89,0,0,0,0,0
l30,14=0,0,0,0,0,0,0,0,0,0,0,0,0,0,0,0,0,0,0,0,0,0,0,0,0,0,98,100,100,100,0,89,82,89,0,0,0,0,0,0
l31,14=0,0,0,0,0,0,0,0,0,0,0,0,0,0,0,0,0,0,0,0,0,0,0,0,0,2,100,94,98,99,98,0,100,100,100,0,0,0,0,0
l32,14=0,0,0,0,0,0,0,0,0,0,0,0,0,0,67,0,0,0,0,0,0,0,0,76,0,83,100,94,91,98,93,100,0,100,100,0,0,0,0,0
l33,14=0,0,0,0,0,0,0,0,0,0,0,0,98,0,92,0,96,0,0,0,0,0,0,97,17,99,99,88,99,9,98,100,100,0,100,0,0,0,0,0
l34,14=0,0,0,0,0,0,0,0,0,0,0,0,0,0,0,0,81,0,0,0,90,0,5,92,1,98,100,35,99,98,0,100,100,100,0,0,0,0,0,0
l35,14=0,0,0,0,0,0,0,0,0,0,0,0,7,0,0,0,50,0,0,73,82,53,57,0,0,0,0,0,0,0,0,0,0,0,0,0,96,95,94,91
l36,14=0,0,0,0,0,0,0,0,0,0,0,15,5,0,0,0,52,1,0,80,89,45,57,0,14,0,0,0,0,0,0,0,0,0,0,59,0,90,97,87
l37,14=0,0,0,0,0,0,0,0,0,0,0,0,0,0,0,0,10,0,0,0,86,0,3,0,0,0,0,0,0,0,0,0,0,0,0,80,66,0,84,88
l38,14=0,0,0,0,0,0,0,0,0,0,0,0,0,7,84,62,21,27,0,80,96,44,57,0,0,0,0,0,0,0,0,0,0,0,0,58,79,91,0,92
l39,14=0,0,0,0,0,0,0,0,0,0,0,0,0,0,0,0,52,0,0,86,89,57,56,0,0,0,0,0,0,0,0,0,0,0,0,57,67,90,90,0

l0,15=0,97,96,100,99,100,97,82,91,98,4,0,0,0,0,0,0,0,0,0,0,0,0,0,0,0,0,0,0,0,0,0,0,0,0,0,0,0,0,0
l1,15=98,0,97,96,98,99,97,87,82,19,98,0,0,85,0,0,0,0,0,0,0,0,0,0,0,0,0,0,0,0,0,0,0,0,0,0,0,0,0,0
l2,15=98,97,0,96,97,100,97,96,77,87,63,38,0,94,0,0,0,0,0,0,0,0,0,0,0,0,0,0,0,0,0,0,0,0,0,0,0,0,0,0
l3,15=100,100,97,0,99,100,0,0,0,0,87,0,0,0,0,0,0,0,0,0,0,0,0,0,0,0,0,0,0,0,0,0,0,0,0,0,0,0,0,0
l4,15=100,100,97,96,0,100,91,86,50,85,98,0,0,64,0,0,0,0,0,0,0,0,0,0,10,0,0,0,0,0,0,0,0,0,0,0,0,0,0,0
l5,15=98,97,98,96,99,0,97,96,96,98,98,0,0,96,0,86,0,0,0,0,0,0,0,0,0,0,0,0,0,0,0,0,0,0,0,0,0,0,0,0
l6,15=98,97,97,0,95,96,0,96,84,98,98,98,84,94,0,89,1,0,0,0,0,0,36,0,0,0,0,0,0,0,0,0,0,0,0,0,0,0,0,0
l7,15=95,91,97,0,96,97,97,0,98,98,99,1,0,87,40,7,56,0,0,0,0,0,0,0,0,0,0,0,0,0,0,0,0,0,0,0,0,0,0,0
l8,15=91,71,33,0,70,61,46,92,0,100,99,62,65,97,93,81,13,0,0,43,39,55,51,0,93,0,0,0,0,0,0,0,0,0,0,0,0,0,0,0
l9,15=99,0,69,0,86,99,75,100,100,0,100,60,1,100,10,97,50,12,0,0,96,59,1,41,0,0,0,0,0,0,0,0,0,0,0,0,0,0,0,0
l10,15=0,91,5,90,97,97,97,100,98,100,0,46,95,98,0,0,0,0,0,0,0,0,0,0,0,0,0,0,0,0,0,0,0,0,0,0,0,0,0,0
l11,15=0,0,7,0,9,0,61,6,96,96,43,0,98,100,12,100,97,58,0,0,87,73,56,91,93,96,0,0,0,0,0,0,0,0,0,0,96,0,93,0
l12,15=0,0,0,0,0,0,0,0,96,0,66,100,0,100,99,95,96,100,0,0,97,0,4,99,100,100,0,0,0,0,0,0,0,0,0,8,56,0,0,0
l13,15=0,82,87,0,79,60,54,4,95,100,68,100,99,0,99,100,54,58,0,2,39,0,0,83,83,96,0,0,0,0,0,0,0,0,0,0,0,0,23,0
l14,15=0,0,0,0,0,0,0,0,90,72,0,45,99,99,0,82,56,58,0,0,0,0,0,92,100,100,0,0,0,0,0,0,0,74,0,0,0,0,35,0
l15,15=0,0,0,0,0,45,54,1,95,96,3,100,64,100,98,0,57,59,0,0,87,62,0,90,100,92,0,0,0,0,0,0,0,0,0,89,0,0,95,0
l16,15=0,0,0,0,0,0,0,28,27,83,5,63,60,90,99,83,0,56,91,89,84,58,57,0,99,21,0,0,0,0,0,0,0,69,0,91,99,88,94,33
l17,15=0,0,0,0,0,0,0,0,4,85,0,62,63,97,98,83,55,0,0,92,87,62,57,90,100,95,0,0,0,0,0,0,2,72,32,0,95,83,95,0
l18,15=0,0,0,0,0,0,0,0,0,0,0,0,0,0,0,0,89,0,0,65,91,2,84,0,0,0,0,0,0,0,0,0,0,0,0,0,5,0,0,0
l19,15=0,0,0,0,0,0,0,0,20,0,0,0,37,0,0,0,44,37,6,0,100,94,95,0,0,0,66,0,0,44,0,0,0,0,0,80,70,0,74,42
l20,15=0,0,0,0,0,0,0,0,17,78,0,52,55,0,1,66,49,47,74,98,0,99,98,0,19,0,62,0,0,0,0,0,0,0,0,95,98,0,99,57
l21,15=0,0,0,0,0,0,0,0,67,78,14,83,0,0,48,74,50,84,0,96,100,0,98,0,23,0,0,0,0,0,0,0,0,0,84,86,97,66,98,94
l22,15=0,0,0,0,0,0,0,0,56,50,0,41,42,0,0,0,77,37,43,94,100,98,0,0,0,0,36,0,0,1,0,0,0,0,0,87,74,63,79,49
l23,15=0,0,0,0,0,0,0,0,0,93,0,63,99,87,99,94,0,59,0,0,0,0,0,0,100,100,0,0,0,0,0,0,98,99,0,0,0,0,0,0
l24,15=0,0,0,0,4,0,0,0,96,0,0,51,99,93,99,100,97,100,0,0,45,0,0,100,0,100,0,0,0,0,0,0,88,59,0,0,92,0,0,0
l25,15=0,0,0,0,0,0,0,0,0,0,0,83,99,99,92,80,9,58,0,0,0,0,0,88,98,0,81,0,61,0,0,94,94,86,98,0,0,0,0,0
l26,15=0,0,0,0,0,0,0,0,0,0,0,0,0,0,0,0,0,0,0,93,76,0,56,0,0,94,0,93,100,84,99,97,93,75,94,0,0,0,0,0
l27,15=0,0,0,0,0,0,0,0,0,0,0,0,0,0,0,0,0,0,0,0,0,0,0,0,0,0,86,0,100,85,100,98,94,79,94,0,0,0,0,0
l28,15=0,0,0,0,0,0,0,0,0,0,0,0,0,0,0,0,0,0,0,6,0,0,0,0,0,94,87,95,0,85,100,98,97,80,99,0,0,0,0,0
l29,15=0,0,0,0,0,0,0,0,0,0,0,0,0,0,0,0,0,0,0,91,0,0,8,0,0,0,88,95,100,0,100,98,93,79,94,0,0,0,0,0
l30,15=0,0,0,0,0,0,0,0,0,0,0,0,0,0,0,0,0,0,0,0,0,0,0,0,0,0,88,95,100,85,0,97,93,79,0,0,0,0,0,0
l31,15=0,0,0,0,0,0,0,0,0,0,0,0,0,0,0,0,1,0,0,0,0,0,0,0,0,93,88,89,96,84,99,0,100,87,100,0,0,0,0,0
l32,15=0,0,0,0,0,0,0,0,0,0,0,0,76,0,0,0,0,0,0,0,0,0,0,78,88,95,88,92,96,84,99,98,0,87,100,0,0,0,0,0
l33,15=0,0,0,0,0,0,0,0,0,0,0,0,1,0,78,0,94,46,0,0,0,0,0,99,86,97,81,88,97,92,99,98,100,0,100,0,0,0,0,0
l34,15=0,0,0,0,0,0,0,0,0,0,0,0,27,0,0,0,0,7,0,0,0,61,0,0,0,98,85,90,96,79,0,98,100,87,0,0,0,0,0,0
l35,15=0,0,0,0,0,0,0,0,0,0,0,0,28,0,0,44,39,0,0,36,77,39,39,0,0,0,0,0,0,0,0,0,0,0,0,0,97,90,94,94
l36,15=0,0,0,0,0,0,0,0,0,0,0,37,19,0,0,0,52,15,0,70,86,51,42,0,63,0,0,0,0,0,0,0,0,0,0,97,0,92,99,49
l37,15=0,0,0,0,0,0,0,0,0,0,0,0,0,0,0,0,44,0,0,0,50,32,51,0,0,0,0,0,0,0,0,0,0,0,0,96,98,0,92,56
l38,15=0,0,0,0,0,0,0,0,0,0,0,23,1,0,10,52,50,52,0,46,88,58,45,0,0,0,0,0,0,0,0,0,0,0,0,96,99,89,0,57
l39,15=0,0,0,0,0,0,0,0,0,0,0,0,0,0,0,0,38,0,0,67,72,43,48,0,0,0,0,0,0,0,0,0,0,0,0,93,81,91,94,0

