t=2016-04-14_00.41.13

n=40

q0=1
q1=1
q2=1
q3=1
q4=1
q5=1
q6=1
q7=1
q8=1
q9=1
q10=1
q11=1
q12=1
q13=1
q14=1
q15=1
q16=1
q17=1
q18=1
q19=1
q20=1
q21=1
q22=1
q23=1
q24=1
q25=1
q26=1
q27=1
q28=1
q29=1
q30=1
q31=1
q32=1
q33=1
q34=1
q35=1
q36=1
q37=1
q38=1
q39=1

a0=0x141592000c576ce6
a1=0x141592000c5aedbc
a2=0x141592000c5750f4
a3=0x141592000c576658
a4=0x141592000c575890
a5=0x141592000c574ffa
a6=0x141592000c5acf11
a7=0x141592000d9df361
a8=0x141592000c576300
a9=0x141592000c5779b6
a10=0x141592000c5762b9
a11=0x141592000c5af078
a12=0x141592000c575517
a13=0x141592000c5752c3
a14=0x141592000c5a4baa
a15=0x141592000c5776e7
a16=0x141592000c58cdeb
a17=0x141592000c5881fc
a18=0x141592000bd81d33
a19=0x141592000bd84d6a
a20=0x141592000c577233
a21=0x141592000c574527
a22=0x141592000c5746a3
a23=0x141592000c574da3
a24=0x141592000c5741c9
a25=0x141592000da244ea
a26=0x141592000c5ae886
a27=0x141592000c57510e
a28=0x141592000c5ab6c8
a29=0x141592000c574d05
a30=0x141592000edae61f
a31=0x141592000c57667e
a32=0x141592000c577f43
a33=0x141592000c576449
a34=0x1415920010f4117a
a35=0x141592000c575966
a36=0x141592000c574d35
a37=0x141592000c576fb1
a38=0x141592000c5aea5d
a39=0x141592000c59f23f

l0,0=0,95,91,99,89,93,89,85,92,89,0,0,0,48,0,0,0,0,0,0,0,0,0,0,0,0,0,0,0,0,0,0,0,0,0,0,0,0,0,0
l1,0=92,0,92,89,93,92,90,91,89,0,91,0,0,0,0,0,0,0,0,0,0,0,0,0,0,0,0,0,0,0,0,0,0,0,0,0,0,0,0,0
l2,0=92,94,0,0,93,93,93,91,6,80,92,0,0,68,0,0,0,0,0,0,0,0,0,0,0,0,0,0,0,0,0,0,0,0,0,0,0,0,0,0
l3,0=96,84,0,0,93,93,89,66,80,0,82,0,0,0,0,0,0,0,0,0,0,0,0,0,0,0,0,0,0,0,0,0,0,0,0,0,0,0,0,0
l4,0=79,92,91,90,0,93,49,0,0,75,82,0,0,73,0,0,0,0,0,0,0,0,0,0,0,0,0,0,0,0,0,0,0,0,0,0,0,0,0,0
l5,0=92,95,92,90,93,0,90,91,90,86,87,0,0,50,0,0,0,0,0,0,0,0,0,0,0,0,0,0,0,0,0,0,0,0,0,0,0,0,0,0
l6,0=82,81,93,78,56,87,0,91,86,75,80,30,0,69,0,39,35,0,0,0,0,0,0,0,0,0,0,0,0,0,0,0,0,0,0,0,0,0,0,0
l7,0=70,87,91,65,14,90,90,0,86,86,92,61,0,16,0,22,0,0,0,0,0,0,0,0,0,0,0,0,0,0,0,0,0,0,0,0,0,0,0,0
l8,0=67,60,0,59,0,78,72,71,0,89,32,67,71,85,36,47,58,52,0,0,0,41,24,0,65,0,0,0,0,0,0,0,0,0,0,0,0,0,23,0
l9,0=81,0,79,0,76,93,76,89,92,0,92,60,63,78,4,40,34,56,0,0,0,0,36,0,0,0,0,0,0,0,0,0,0,0,0,0,0,0,0,0
l10,0=0,84,92,68,83,81,85,91,79,93,0,74,60,85,0,66,0,0,0,0,0,0,0,0,0,0,0,0,0,0,0,0,0,0,0,0,0,0,0,0
l11,0=0,0,0,0,0,0,31,73,85,28,27,0,90,84,47,92,36,90,0,44,0,16,0,0,71,0,0,0,0,0,0,0,0,0,0,0,78,0,32,0
l12,0=0,0,0,0,0,0,0,0,73,25,20,88,0,81,86,92,54,99,0,0,27,27,0,74,92,58,0,0,0,0,0,0,0,73,0,0,66,0,41,0
l13,0=0,0,24,0,38,0,45,0,91,41,54,76,88,0,85,48,29,70,0,46,0,38,65,66,66,40,0,0,0,0,0,0,0,0,0,0,10,0,26,0
l14,0=0,0,0,0,0,0,0,0,77,6,0,55,89,82,0,29,54,79,0,0,27,0,45,77,79,72,0,0,0,0,0,0,0,75,0,0,7,0,0,0
l15,0=0,0,0,0,0,0,40,33,82,24,24,96,94,83,59,0,31,80,0,5,11,0,46,0,78,0,0,0,0,0,0,0,0,0,0,0,24,0,32,0
l16,0=0,0,0,0,0,0,28,0,75,26,0,53,79,65,47,23,0,93,0,55,28,34,81,67,78,0,0,0,0,0,0,0,0,57,0,49,70,14,37,29
l17,0=0,0,0,0,0,0,0,0,70,28,0,61,94,82,47,30,38,0,0,0,34,34,70,0,80,46,0,0,0,0,0,0,0,78,0,0,81,0,0,0
l18,0=0,0,0,0,0,0,0,0,0,0,0,0,0,0,0,0,0,0,0,0,85,2,79,0,0,0,0,0,0,0,0,0,0,0,0,0,0,0,0,0
l19,0=0,0,0,0,0,0,0,0,6,0,0,19,0,48,0,0,69,0,0,0,87,56,91,0,0,0,1,0,0,1,0,38,0,0,0,44,65,1,56,72
l20,0=0,0,0,0,0,0,0,0,0,0,0,0,54,0,20,3,30,74,91,72,0,93,91,0,0,0,0,0,0,0,0,0,0,0,10,0,98,84,74,59
l21,0=0,0,0,0,0,0,0,0,50,0,0,19,49,59,0,0,89,64,42,44,97,0,91,0,0,0,0,0,0,0,0,0,0,0,0,80,54,39,87,40
l22,0=0,0,0,0,0,0,0,0,32,9,0,0,0,51,15,8,54,51,75,92,98,93,0,0,20,0,30,0,0,0,0,0,4,0,0,63,98,48,53,49
l23,0=0,0,0,0,0,0,0,0,24,0,0,0,80,74,83,0,30,0,0,0,0,0,0,0,87,0,0,0,0,0,0,0,0,63,74,0,0,0,0,0
l24,0=0,0,0,0,0,0,0,0,82,0,0,52,93,81,75,47,34,78,0,0,0,0,15,76,0,46,0,0,0,0,0,0,68,79,74,0,0,0,8,0
l25,0=0,0,0,0,0,0,0,0,9,0,0,0,81,66,89,0,0,67,0,0,0,0,0,0,82,0,34,4,0,0,0,59,72,74,77,0,0,0,0,0
l26,0=0,0,0,0,0,0,0,0,0,0,0,0,0,0,0,0,0,0,0,30,0,0,62,0,0,63,0,78,87,89,93,91,76,71,74,0,0,0,0,0
l27,0=0,0,0,0,0,0,0,0,0,0,0,0,0,0,0,0,0,0,0,0,0,0,0,0,0,0,77,0,87,94,99,74,63,66,71,0,0,0,0,0
l28,0=0,0,0,0,0,0,0,0,0,0,0,0,0,0,0,0,0,0,0,19,1,0,0,0,0,0,85,99,0,94,99,85,70,69,69,0,0,0,0,0
l29,0=0,0,0,0,0,0,0,0,0,0,0,0,0,0,0,0,0,0,0,51,0,0,0,0,0,0,81,99,87,0,99,69,65,69,66,0,0,0,0,0
l30,0=0,0,0,0,0,0,0,0,0,0,0,0,0,0,0,0,0,0,0,0,0,0,0,0,0,0,78,99,87,94,0,65,76,76,0,0,0,0,0,0
l31,0=0,0,0,0,0,0,0,0,0,0,0,0,0,0,0,0,0,0,0,66,0,0,0,0,0,65,82,65,84,76,61,0,89,84,90,0,0,0,0,0
l32,0=0,0,0,0,0,0,0,0,0,0,0,0,0,0,0,0,0,0,0,0,0,0,0,1,61,67,75,59,78,67,61,85,0,85,92,0,0,0,0,0
l33,0=0,0,0,0,0,0,0,0,0,0,0,0,66,0,46,0,61,63,0,0,0,0,0,58,65,63,63,51,72,59,73,77,87,0,75,0,0,0,0,0
l34,0=0,0,0,0,0,0,0,0,0,0,0,0,0,0,0,0,0,0,0,0,38,0,13,63,64,74,72,67,81,70,0,91,96,77,0,0,0,0,0,0
l35,0=0,0,0,0,0,0,0,0,0,0,0,0,0,0,0,0,16,0,0,27,0,26,58,0,0,0,0,0,0,0,0,0,0,0,0,0,85,84,95,24
l36,0=0,0,0,0,0,0,0,0,0,0,0,42,40,34,0,1,26,59,0,48,36,22,89,0,0,0,0,0,0,0,0,0,0,0,0,90,0,84,39,30
l37,0=0,0,0,0,0,0,0,0,0,0,0,0,0,0,0,0,6,1,0,2,37,14,53,0,0,0,0,0,0,0,0,0,0,0,0,94,97,0,25,34
l38,0=0,0,0,0,0,0,0,0,43,0,0,37,60,55,0,21,37,0,0,47,37,36,90,0,0,0,0,0,0,0,0,0,0,0,0,95,98,50,0,34
l39,0=0,0,0,0,0,0,0,0,0,0,0,0,0,0,0,0,30,0,0,50,37,27,88,0,0,0,0,0,0,0,0,0,0,0,0,83,85,87,38,0

l0,1=0,87,86,89,80,85,76,27,40,81,43,0,0,6,0,0,0,0,0,0,0,0,0,0,0,0,0,0,0,0,0,0,0,0,0,0,0,0,0,0
l1,1=85,0,93,85,88,87,72,75,64,69,80,0,0,50,0,0,0,0,0,0,0,0,0,1,0,0,0,0,0,0,0,0,0,0,0,0,0,0,0,0
l2,1=80,91,0,85,75,92,87,85,0,82,90,0,0,0,0,5,0,0,0,0,0,0,0,0,0,0,0,0,0,0,0,0,0,0,0,0,0,0,0,0
l3,1=84,87,79,0,87,85,68,14,0,58,79,0,0,0,0,0,0,0,0,0,0,0,0,0,0,0,0,0,0,0,0,0,0,0,0,0,0,0,0,0
l4,1=68,87,62,84,0,80,67,0,68,77,78,0,0,56,0,0,0,0,0,0,0,0,0,0,0,0,0,0,0,0,0,0,0,0,0,0,0,0,0,0
l5,1=82,91,93,89,87,0,79,86,71,84,83,0,0,0,0,0,0,0,0,0,0,0,0,0,0,0,0,0,0,0,0,0,0,0,0,0,0,0,0,0
l6,1=59,39,91,49,54,73,0,83,78,54,83,47,13,54,0,0,24,0,0,0,0,0,0,0,0,0,0,0,0,0,0,0,0,0,0,0,0,0,0,0
l7,1=23,64,72,20,27,82,87,0,81,80,90,29,7,36,0,5,0,0,0,0,0,0,0,0,0,0,0,0,0,0,0,0,0,0,0,0,0,0,0,0
l8,1=4,17,0,0,46,51,70,72,0,84,76,69,0,79,56,55,30,38,0,0,0,46,19,26,0,0,0,0,0,0,0,0,0,0,0,0,0,0,12,0
l9,1=57,29,71,21,67,80,53,79,90,0,90,62,28,82,45,55,18,36,0,0,0,16,17,0,0,0,0,0,0,0,0,0,0,0,0,0,0,0,0,0
l10,1=38,72,91,70,81,79,87,91,85,85,0,62,0,84,0,48,0,0,0,0,0,4,0,0,0,0,0,0,0,0,0,0,0,0,0,0,0,0,0,0
l11,1=0,1,0,0,0,0,43,23,66,70,59,0,79,80,71,70,34,80,0,35,0,0,0,0,73,0,0,0,0,0,0,0,0,0,0,29,66,0,56,0
l12,1=0,0,0,0,0,0,0,0,0,25,0,79,0,77,81,65,36,86,0,0,30,10,0,76,90,44,0,0,0,0,0,0,0,1,0,0,0,0,55,0
l13,1=0,0,0,0,22,0,48,0,72,73,71,84,67,0,62,21,31,61,0,36,17,28,25,57,0,19,0,0,0,0,0,0,0,0,0,0,0,0,55,0
l14,1=0,0,0,0,0,0,0,0,49,52,0,59,84,64,0,32,53,56,0,0,30,21,0,76,73,68,0,0,0,0,0,0,0,0,0,0,1,0,0,0
l15,1=0,0,0,0,0,0,0,0,53,59,51,90,83,37,57,0,18,68,0,0,2,0,19,42,83,0,0,0,0,0,0,0,0,0,0,0,42,4,38,0
l16,1=0,0,0,0,0,0,9,0,50,39,0,49,54,51,60,15,0,49,0,27,33,35,42,43,60,18,0,0,0,0,0,0,12,8,1,36,37,0,59,50
l17,1=0,0,0,0,0,0,0,0,48,49,0,68,91,57,62,41,38,0,0,0,21,4,21,56,64,14,0,0,0,0,0,0,0,20,0,0,56,0,0,0
l18,1=0,0,0,0,0,0,0,0,0,0,0,0,0,0,0,0,0,0,0,54,66,52,61,0,0,0,0,0,0,0,0,0,0,0,0,0,0,0,0,0
l19,1=0,0,0,0,0,0,0,0,0,0,0,20,0,34,0,0,18,0,44,0,67,34,72,0,0,0,0,0,0,0,0,30,0,0,0,0,52,34,63,60
l20,1=0,0,0,0,0,0,0,0,0,0,0,0,47,37,44,12,30,37,60,70,0,68,72,0,0,0,0,0,0,0,0,0,0,0,0,44,75,64,79,62
l21,1=0,0,0,0,0,0,0,0,51,36,7,0,44,45,43,0,49,31,49,48,70,0,68,0,1,0,4,0,0,0,0,26,37,0,0,69,47,52,75,62
l22,1=0,0,0,0,0,0,0,0,44,32,0,0,17,42,0,19,49,37,50,74,72,68,0,0,10,0,32,0,0,2,0,0,3,0,0,42,76,58,72,62
l23,1=0,0,0,0,0,0,0,0,25,0,0,0,66,63,74,21,24,31,0,0,0,0,0,0,78,43,0,0,0,0,0,0,0,0,29,0,0,0,0,0
l24,1=0,0,0,0,0,0,0,0,0,0,0,58,82,8,71,37,33,66,0,0,0,0,7,79,0,48,0,0,0,0,0,0,47,32,22,0,0,0,0,0
l25,1=0,0,0,0,0,0,0,0,25,0,0,0,66,54,75,0,27,44,0,0,0,0,0,63,75,0,29,0,27,7,0,29,0,35,28,0,0,0,0,0
l26,1=0,0,0,0,0,0,0,0,0,0,0,0,0,0,0,0,0,0,0,0,0,0,42,0,0,45,0,58,70,81,51,68,61,63,48,0,0,0,0,0
l27,1=0,0,0,0,0,0,0,0,0,0,0,0,0,0,0,0,0,0,0,0,0,0,0,0,0,0,70,0,73,84,90,58,73,63,62,0,0,0,0,0
l28,1=0,0,0,0,0,0,0,0,0,0,0,0,0,0,0,0,0,0,0,18,19,0,0,0,0,41,76,86,0,90,77,68,56,64,55,0,0,0,0,0
l29,1=0,0,0,0,0,0,0,0,0,0,0,0,0,0,0,0,0,0,0,10,0,0,23,0,0,6,72,88,77,0,73,68,57,52,44,0,0,0,0,0
l30,1=0,0,0,0,0,0,0,0,0,0,0,0,0,0,0,0,0,0,0,0,0,0,0,0,0,0,70,90,75,88,0,52,57,71,0,0,0,0,0,0
l31,1=0,0,0,0,0,0,0,0,0,0,0,0,0,0,0,0,0,0,0,52,0,36,0,0,0,46,70,53,60,56,40,0,74,70,68,0,0,0,0,0
l32,1=0,0,0,0,0,0,0,0,0,0,0,0,0,0,0,0,24,0,0,0,0,37,11,0,56,0,69,65,49,71,55,68,0,72,77,0,0,0,0,0
l33,1=0,0,0,0,0,0,0,0,0,0,0,0,7,0,0,0,38,41,0,0,0,0,0,21,57,58,63,51,51,49,55,66,72,0,57,0,0,0,0,0
l34,1=0,0,0,0,0,0,0,0,0,0,0,0,0,0,0,0,33,0,0,0,41,0,0,64,57,49,58,51,59,50,0,66,83,70,0,0,0,0,0,0
l35,1=0,0,0,0,0,0,0,0,0,0,0,15,0,0,0,0,26,0,0,0,13,39,33,0,0,0,0,0,0,0,0,0,0,0,0,0,76,73,78,46
l36,1=0,0,0,0,0,0,0,0,0,0,0,44,0,4,0,16,19,34,0,41,41,6,51,0,1,0,0,0,0,0,0,0,0,0,0,56,0,68,80,58
l37,1=0,0,0,0,0,0,0,0,0,0,0,0,0,0,0,0,0,0,0,34,34,31,39,0,0,0,0,0,0,0,0,0,0,0,0,55,76,0,74,65
l38,1=0,0,0,0,0,0,0,0,5,0,0,37,52,43,0,7,29,0,0,50,44,41,52,0,0,0,0,0,0,0,0,0,0,0,0,79,77,69,0,62
l39,1=0,0,0,0,0,0,0,0,0,0,0,0,0,0,0,0,27,0,0,63,38,37,52,0,0,0,0,0,0,0,0,0,0,0,0,45,68,73,68,0

l0,2=0,81,75,77,83,83,63,0,18,69,0,0,0,0,0,0,0,0,0,0,0,0,0,0,0,0,0,0,0,0,0,0,0,0,0,0,0,0,0,0
l1,2=86,0,79,86,85,90,82,70,60,83,80,0,0,0,0,0,0,0,0,0,0,0,0,0,0,0,0,0,0,0,0,0,0,0,0,0,0,0,0,0
l2,2=88,87,0,77,88,94,92,89,0,86,82,0,0,0,0,0,0,0,0,0,0,0,0,0,0,0,0,0,0,0,0,0,0,0,0,0,0,0,0,0
l3,2=84,85,73,0,86,85,40,46,16,0,59,0,0,0,0,0,0,0,0,0,0,0,0,0,0,0,0,0,0,0,0,0,0,0,0,0,0,0,0,0
l4,2=79,76,72,77,0,82,78,58,63,83,57,0,0,0,0,0,0,0,0,0,0,0,0,0,0,0,0,0,0,0,0,0,0,0,0,0,0,0,0,0
l5,2=80,82,80,76,83,0,78,78,67,79,80,0,0,0,0,0,0,0,0,0,0,0,0,0,0,0,0,0,0,0,0,0,0,0,0,0,0,0,0,0
l6,2=41,78,81,26,75,82,0,59,45,66,76,21,19,33,0,18,0,0,0,0,0,0,0,0,0,0,0,0,0,0,0,0,0,0,0,0,0,0,0,0
l7,2=0,53,76,26,42,77,66,0,76,78,89,24,0,39,0,22,13,0,0,0,0,0,0,0,0,0,0,0,0,0,0,0,0,0,0,0,0,0,0,0
l8,2=0,23,0,9,51,61,45,62,0,86,62,45,0,72,0,33,48,51,0,0,0,45,39,4,43,39,0,0,0,0,0,0,0,0,0,0,0,0,27,0
l9,2=37,34,65,7,69,54,47,71,79,0,84,30,22,70,4,21,27,33,0,0,0,31,0,0,0,0,0,0,0,0,0,0,0,0,0,0,0,0,0,0
l10,2=0,61,60,37,52,70,84,85,77,86,0,29,0,61,0,16,0,13,0,0,0,0,0,24,0,0,0,0,0,0,0,0,0,0,0,0,0,0,0,0
l11,2=0,0,0,0,0,0,32,13,49,41,35,0,61,81,62,52,49,81,0,34,29,38,31,23,31,0,0,0,0,0,0,0,0,0,0,28,44,0,23,21
l12,2=0,0,0,0,0,0,38,0,0,32,0,75,0,69,77,47,63,87,0,0,0,38,3,78,87,71,0,0,0,0,0,0,0,0,0,0,0,0,40,0
l13,2=0,0,0,0,0,0,7,26,73,80,49,73,34,0,44,36,52,57,1,33,23,39,29,33,46,34,0,0,0,0,0,0,0,0,0,0,0,0,44,0
l14,2=0,0,0,0,0,0,0,0,0,6,1,61,64,49,0,25,66,58,0,0,7,0,0,79,71,67,0,0,0,0,0,0,0,44,0,0,0,0,42,0
l15,2=0,0,0,0,0,0,36,30,66,49,28,88,56,64,52,0,42,69,0,17,47,1,0,0,69,0,0,0,0,0,0,0,0,0,0,0,25,0,38,0
l16,2=0,0,0,0,0,0,0,0,49,10,0,41,38,56,76,19,0,80,0,26,57,49,64,26,55,51,0,0,0,0,0,0,0,29,0,49,52,31,50,54
l17,2=0,0,0,0,0,0,0,0,49,19,0,71,64,68,56,46,76,0,0,0,48,0,43,58,75,0,0,0,0,0,0,0,0,35,0,0,45,0,48,0
l18,2=0,0,0,0,0,0,0,0,0,0,0,0,0,7,0,0,0,0,0,64,61,55,59,0,0,0,0,0,0,0,0,0,0,0,0,0,0,0,0,0
l19,2=0,0,0,0,0,0,0,0,0,0,0,20,0,40,0,1,27,0,48,0,71,0,76,0,0,0,0,0,29,40,0,42,0,0,0,0,60,3,56,62
l20,2=0,0,0,0,0,0,0,0,0,0,0,2,0,38,1,29,70,45,50,74,0,64,74,0,1,0,0,0,0,0,0,0,0,0,23,63,68,49,64,66
l21,2=0,0,0,0,0,0,0,0,59,34,0,33,22,56,2,3,70,0,52,0,78,0,77,0,0,0,0,0,0,0,0,0,0,35,0,58,55,62,64,65
l22,2=0,0,0,0,0,0,0,0,38,0,0,26,14,45,0,0,70,39,47,80,75,68,0,0,0,0,0,0,0,31,0,0,0,0,0,58,68,50,52,66
l23,2=0,0,0,0,0,0,0,0,3,0,13,7,56,58,68,0,17,60,0,0,0,0,0,0,77,70,0,0,0,0,0,0,0,1,51,0,0,0,0,0
l24,2=0,0,0,0,0,0,0,0,63,0,0,27,60,70,68,39,63,74,0,0,11,0,0,81,0,69,0,0,0,0,0,0,19,60,27,0,32,0,3,0
l25,2=0,0,0,0,0,0,0,0,55,0,0,0,55,51,67,0,59,11,0,0,0,0,0,73,69,0,51,0,0,0,0,55,54,68,63,0,0,0,0,0
l26,2=0,0,0,0,0,0,0,0,0,0,0,0,0,0,0,0,0,0,0,0,0,0,0,0,0,51,0,28,83,82,78,72,68,73,56,0,0,0,0,0
l27,2=0,0,0,0,0,0,0,0,0,0,0,0,0,0,0,0,0,0,0,0,0,0,0,0,0,0,39,0,82,85,90,68,71,61,58,0,0,0,0,0
l28,2=0,0,0,0,0,0,0,0,0,0,0,0,0,0,0,0,0,0,0,49,2,0,13,0,0,0,88,85,0,90,84,74,55,77,55,0,0,0,0,0
l29,2=0,0,0,0,0,0,0,0,0,0,0,0,0,0,0,0,0,0,0,50,0,0,48,0,0,0,80,84,83,0,82,67,59,0,11,0,0,0,0,0
l30,2=0,0,0,0,0,0,0,0,0,0,0,0,0,0,0,0,0,0,0,0,0,0,0,0,0,0,76,89,82,77,0,53,67,74,34,0,0,0,0,0
l31,2=0,0,0,0,0,0,0,0,0,0,0,0,0,0,0,0,0,0,0,53,0,0,0,5,0,62,80,70,65,65,51,0,78,79,74,0,0,0,0,0
l32,2=0,0,0,0,0,0,0,0,0,0,0,0,0,0,0,0,0,0,0,0,0,0,0,0,18,68,75,63,56,67,65,73,0,79,85,0,0,0,0,0
l33,2=0,0,0,0,0,0,0,0,0,0,0,0,0,0,55,0,26,27,0,0,0,32,0,5,58,67,68,44,62,0,63,69,72,0,72,0,0,0,0,0
l34,2=0,0,0,0,0,0,0,0,0,0,0,0,0,1,0,0,0,0,0,0,45,0,0,57,47,67,68,51,62,38,47,73,82,77,0,0,0,0,0,0
l35,2=0,0,0,0,0,0,0,0,0,0,0,0,0,0,0,0,53,0,0,0,59,41,55,0,0,0,0,0,0,0,0,0,0,0,0,0,70,60,67,64
l36,2=0,0,0,0,0,0,0,0,0,0,0,39,0,0,0,10,66,49,0,59,71,47,64,0,21,0,0,0,0,0,0,0,0,0,0,67,0,65,67,46
l37,2=0,0,0,0,0,0,0,0,0,0,0,0,0,0,0,0,38,0,0,0,52,52,59,0,0,0,0,0,0,0,0,0,0,0,0,67,70,0,65,70
l38,2=0,0,0,0,0,0,0,0,10,0,0,0,17,58,35,16,62,40,0,59,73,61,46,0,0,0,0,0,0,0,0,0,0,0,0,67,71,62,0,70
l39,2=0,0,0,0,0,0,0,0,0,0,0,0,0,0,0,0,63,0,0,68,65,55,61,0,0,0,0,0,0,0,0,0,0,0,0,61,53,60,61,0

l0,3=0,88,70,76,85,85,0,37,28,83,0,0,0,0,0,0,0,0,0,0,0,0,0,0,0,0,0,0,0,0,0,0,0,0,0,0,0,0,0,0
l1,3=87,0,81,81,85,89,88,81,74,87,34,0,0,0,0,0,0,0,0,0,0,0,0,0,0,0,0,0,0,0,0,0,0,0,0,0,0,0,0,0
l2,3=84,87,0,79,85,89,94,84,80,88,86,0,0,80,0,0,0,0,0,0,0,0,0,0,0,0,0,0,0,0,0,0,0,0,0,0,0,0,0,0
l3,3=83,89,70,0,73,81,81,0,74,13,75,0,0,0,0,0,0,0,0,0,0,0,0,0,0,0,0,0,0,0,0,0,0,0,0,0,0,0,0,0
l4,3=87,85,81,43,0,85,60,0,43,78,0,0,0,0,0,0,0,0,0,0,0,0,0,0,0,0,0,0,0,0,0,0,0,0,0,0,0,0,0,0
l5,3=84,90,85,79,85,0,88,84,85,88,84,45,0,78,0,0,0,0,0,0,0,0,0,0,0,0,0,0,0,0,0,0,0,0,0,0,0,0,0,0
l6,3=0,88,85,76,78,86,0,80,80,83,91,69,67,53,0,62,61,0,0,0,0,0,0,0,0,0,0,0,0,0,0,0,0,0,0,0,0,0,0,0
l7,3=65,78,81,0,0,83,86,0,86,88,91,0,0,77,0,72,61,0,0,0,0,0,0,0,0,0,0,0,0,0,0,0,0,0,0,0,0,0,0,0
l8,3=0,27,38,33,30,38,45,81,0,88,85,54,33,85,0,82,45,41,0,0,0,30,29,14,41,5,0,0,0,0,0,0,0,0,0,0,0,0,18,0
l9,3=27,34,43,20,46,40,57,77,90,0,92,29,33,85,29,41,0,0,0,0,25,7,0,0,0,0,0,0,0,0,0,0,0,0,0,0,0,0,0,0
l10,3=0,27,76,36,0,76,88,89,86,94,0,28,30,84,24,23,0,0,0,0,0,0,0,32,15,0,0,0,0,0,0,0,0,0,0,0,0,0,20,0
l11,3=0,0,0,0,0,35,55,0,81,37,26,0,89,89,87,93,33,88,0,24,22,29,33,46,80,17,0,0,0,0,0,0,0,0,0,0,45,21,78,1
l12,3=0,0,0,0,0,0,44,0,37,19,0,89,0,49,96,89,43,96,0,25,0,27,26,82,94,88,0,0,0,0,0,0,0,12,0,14,0,0,31,0
l13,3=0,0,37,0,0,34,20,38,91,89,39,87,47,0,1,73,39,45,19,27,27,18,31,42,38,36,0,0,0,0,0,0,0,0,0,0,3,0,32,0
l14,3=0,0,0,0,0,0,0,0,0,33,22,90,94,29,0,34,48,37,0,0,26,0,13,92,94,51,0,0,0,0,0,0,0,23,10,0,0,0,33,0
l15,3=0,0,0,0,0,0,44,41,87,60,15,92,90,84,33,0,73,79,0,12,29,18,0,42,86,0,0,0,0,0,0,0,0,0,0,0,0,0,32,26
l16,3=0,0,0,0,0,0,40,25,43,0,0,13,45,41,79,39,0,82,22,30,74,62,75,33,45,36,0,0,0,0,0,0,0,18,0,1,39,32,33,40
l17,3=0,0,0,0,0,0,0,0,74,0,0,86,94,78,24,72,92,0,0,0,65,25,31,43,82,0,0,0,0,0,0,0,0,6,0,26,65,0,45,38
l18,3=0,0,0,0,0,0,0,0,0,0,0,0,0,66,0,0,53,0,0,79,68,50,58,0,0,0,0,0,0,0,0,0,0,0,0,0,0,0,0,0
l19,3=0,0,0,0,0,0,0,0,0,0,0,5,51,56,0,1,56,0,60,0,88,84,92,0,0,0,0,0,48,71,0,65,0,0,0,57,72,0,85,62
l20,3=0,0,0,0,0,0,0,0,0,35,0,40,0,63,54,75,86,73,43,81,0,86,90,0,54,0,4,0,0,0,0,0,0,0,0,79,77,84,91,88
l21,3=0,0,0,0,0,0,0,0,85,28,0,69,78,60,0,35,87,66,51,83,93,0,91,0,0,0,0,0,0,0,0,0,0,47,0,83,78,81,89,68
l22,3=0,0,0,0,0,0,0,0,72,0,0,63,60,78,4,0,86,45,51,95,99,87,0,0,0,0,0,0,0,63,0,0,0,0,0,89,67,83,60,90
l23,3=0,0,0,0,0,0,0,0,4,0,0,26,86,39,87,36,35,40,0,0,0,0,0,0,91,84,0,0,0,0,0,4,0,0,0,0,0,0,0,0
l24,3=0,0,0,0,0,0,0,0,44,0,0,30,94,39,91,76,39,83,0,0,27,0,0,91,0,87,0,0,0,0,0,0,0,31,0,0,36,0,30,0
l25,3=0,0,0,0,0,0,0,0,34,0,0,5,88,34,73,0,34,0,0,0,0,0,0,89,86,0,12,0,0,0,0,31,34,57,51,0,0,0,0,0
l26,3=0,0,0,0,0,0,0,0,0,0,0,0,0,0,0,0,0,0,0,13,44,0,0,0,0,26,0,81,97,95,97,91,80,59,82,0,0,0,0,0
l27,3=0,0,0,0,0,0,0,0,0,0,0,0,0,0,0,0,0,0,0,0,0,0,0,0,0,0,90,0,96,95,100,88,82,0,2,0,0,0,0,0
l28,3=0,0,0,0,0,0,0,0,0,0,0,0,0,0,0,0,0,0,0,63,0,0,29,0,0,0,93,100,0,98,92,83,78,83,81,0,0,0,0,0
l29,3=0,0,0,0,0,0,0,0,0,0,0,0,0,0,0,0,0,0,0,61,0,0,66,0,0,0,93,100,97,0,91,76,77,58,72,0,0,0,0,0
l30,3=0,0,0,0,0,0,0,0,0,0,0,0,0,0,0,0,0,0,0,0,0,0,0,0,0,0,91,100,89,92,0,74,82,65,0,0,0,0,0,0
l31,3=0,0,0,0,0,0,0,0,0,0,0,0,0,0,0,0,0,0,0,59,0,0,0,57,0,61,93,73,76,72,73,0,95,91,98,0,0,0,0,0
l32,3=0,0,0,0,0,0,0,0,0,0,0,0,20,0,0,0,0,0,0,0,0,0,0,0,0,72,87,76,72,81,81,97,0,92,98,0,0,0,0,0
l33,3=0,0,0,0,0,0,0,0,0,0,0,0,35,0,25,0,56,1,0,0,0,24,0,0,83,87,69,0,85,65,54,92,88,0,92,0,0,0,0,0
l34,3=0,0,0,0,0,0,0,0,0,0,0,0,0,0,33,0,0,0,0,0,25,0,0,36,0,80,85,24,72,77,27,94,95,93,0,0,0,0,0,0
l35,3=0,0,0,0,0,0,0,0,0,0,0,0,19,0,0,0,0,11,0,36,72,52,75,0,0,0,0,0,0,0,0,0,0,0,0,0,80,85,90,89
l36,3=0,0,0,0,0,0,0,0,0,0,0,51,6,19,0,0,63,63,0,65,71,70,56,0,35,0,0,0,0,0,0,0,0,0,0,90,0,83,90,79
l37,3=0,0,0,0,0,0,0,0,0,0,0,0,0,0,0,0,70,0,0,0,78,65,82,0,0,0,0,0,0,0,0,0,0,0,0,90,80,0,84,86
l38,3=0,0,0,0,0,0,0,0,10,0,0,64,60,68,69,53,62,54,0,71,86,74,35,0,38,0,0,0,0,0,0,0,0,0,0,91,81,70,0,87
l39,3=0,0,0,0,0,0,0,0,0,0,0,0,0,0,0,0,72,11,0,59,74,6,73,0,0,0,0,0,0,0,0,0,0,0,0,90,72,85,90,0

l0,4=0,85,74,78,85,82,0,30,76,93,0,0,0,0,0,0,0,0,0,0,0,0,0,0,0,0,0,0,0,0,0,0,0,0,0,0,0,0,0,0
l1,4=93,0,87,79,91,90,90,80,81,88,72,0,0,5,0,0,0,0,0,0,0,0,0,0,0,0,0,0,0,0,0,0,0,0,0,0,0,0,0,0
l2,4=79,79,0,63,89,92,90,85,79,88,80,0,0,85,0,3,0,0,0,0,0,0,0,0,0,0,0,0,0,0,0,0,0,0,0,0,0,0,0,0
l3,4=88,86,87,0,83,84,78,0,80,0,0,0,0,0,0,0,0,0,0,0,0,0,0,0,0,0,0,0,0,0,0,0,0,0,0,0,0,0,0,0
l4,4=93,94,91,80,0,90,76,80,77,80,63,0,0,16,0,0,0,0,0,0,0,0,0,0,0,0,0,0,0,0,0,0,0,0,0,0,0,0,0,0
l5,4=82,89,93,67,83,0,83,90,81,91,82,0,0,81,0,71,0,0,0,0,0,0,0,0,0,0,0,0,0,0,0,0,0,0,0,0,0,0,0,0
l6,4=0,92,92,51,83,85,0,95,77,94,92,78,79,0,0,75,77,0,0,0,0,0,0,0,0,0,0,0,0,0,0,0,0,0,0,0,0,0,0,0
l7,4=46,69,89,0,71,90,90,0,88,99,93,77,0,83,0,83,0,0,0,0,0,0,0,0,0,0,0,0,0,0,0,0,0,0,0,0,0,0,0,0
l8,4=73,71,38,55,72,71,55,85,0,95,76,83,84,94,77,82,83,71,0,0,36,80,58,0,0,0,0,0,0,0,0,0,0,0,0,0,0,0,0,0
l9,4=77,75,73,3,72,74,73,95,90,0,97,82,0,92,0,67,0,71,0,0,69,0,67,0,0,0,0,0,0,0,0,0,0,0,0,0,0,0,0,0
l10,4=0,77,90,2,62,84,89,95,87,99,0,87,81,90,76,81,0,56,0,0,0,0,0,57,0,0,0,0,0,0,0,0,0,0,0,0,0,0,2,0
l11,4=0,0,0,0,0,0,60,80,80,83,74,0,88,90,84,95,85,75,0,0,0,82,69,75,72,69,0,0,0,0,0,0,0,0,0,0,73,36,79,0
l12,4=0,0,0,0,0,0,33,0,80,0,69,90,0,94,91,87,89,88,0,22,74,0,0,82,89,83,0,0,0,0,0,0,51,67,0,58,61,0,80,0
l13,4=0,0,72,0,0,14,0,66,83,83,75,85,87,0,78,84,83,74,0,69,76,76,69,73,0,77,0,0,0,0,0,0,0,0,0,0,12,0,34,0
l14,4=0,0,0,0,0,0,0,0,80,0,73,91,96,90,0,0,86,32,0,0,78,0,29,93,94,83,0,0,0,0,0,1,0,79,53,0,26,0,81,0
l15,4=0,0,0,0,0,60,57,83,80,77,72,96,87,92,0,0,83,71,0,2,77,81,61,72,84,21,0,0,0,0,0,0,0,0,0,0,71,43,77,0
l16,4=0,0,0,0,0,0,53,0,79,0,0,84,92,90,87,83,0,86,60,80,84,83,76,71,85,80,0,0,0,0,0,0,0,0,0,76,70,58,82,71
l17,4=0,0,0,0,0,0,0,0,80,83,44,92,96,94,44,82,93,0,0,13,80,81,71,68,89,7,0,0,0,0,0,0,0,0,0,74,76,0,76,76
l18,4=0,0,0,0,0,0,0,0,0,0,0,0,0,0,0,0,83,0,0,83,48,90,80,0,0,0,0,0,0,0,0,0,0,0,0,0,0,0,0,0
l19,4=0,0,0,0,0,0,0,0,0,0,0,0,52,80,0,0,82,0,69,0,93,93,90,0,0,0,9,0,0,72,0,0,0,0,0,77,78,28,75,71
l20,4=0,0,0,0,0,0,0,0,32,63,0,0,79,83,79,81,89,79,20,91,0,93,90,0,76,0,0,0,61,0,0,0,32,0,0,82,85,73,95,76
l21,4=0,0,0,0,0,0,0,0,83,0,0,79,0,79,0,78,93,72,67,91,92,0,89,0,30,0,0,0,0,0,0,0,0,60,0,76,81,67,83,83
l22,4=0,0,0,0,0,0,0,0,72,73,0,78,3,86,12,63,87,67,67,98,94,93,0,0,0,0,67,0,0,64,0,0,34,40,0,60,87,75,95,67
l23,4=0,0,0,0,0,0,0,0,0,0,2,86,92,92,95,86,80,49,0,0,0,0,0,0,94,92,0,0,0,0,0,0,0,74,63,0,0,0,0,0
l24,4=0,0,0,0,0,0,0,0,0,0,0,81,94,0,95,87,86,81,0,0,77,2,0,94,0,83,0,0,0,0,0,0,0,78,0,0,0,0,0,0
l25,4=0,0,0,0,0,0,0,0,0,0,0,56,96,84,94,34,81,16,0,0,0,0,0,95,94,0,0,0,0,58,0,69,74,91,72,0,0,0,0,0
l26,4=0,0,0,0,0,0,0,0,0,0,0,0,0,0,0,0,0,0,0,42,0,0,80,0,0,0,0,91,100,100,100,100,95,86,74,0,0,0,0,0
l27,4=0,0,0,0,0,0,0,0,0,0,0,0,0,0,0,0,0,0,0,0,0,0,0,0,0,0,99,0,100,99,100,93,90,0,70,0,0,0,0,0
l28,4=0,0,0,0,0,0,0,0,0,0,0,0,0,0,0,0,0,0,0,2,88,0,0,0,0,0,99,100,0,100,98,95,96,94,97,0,0,0,0,0
l29,4=0,0,0,0,0,0,0,0,0,0,0,0,0,0,0,0,0,0,0,87,0,0,81,0,0,82,99,100,100,0,99,88,90,91,85,0,0,0,0,0
l30,4=0,0,0,0,0,0,0,0,0,0,0,0,0,0,0,0,0,0,0,0,0,0,0,0,0,0,98,100,97,98,0,97,92,90,0,0,0,0,0,0
l31,4=0,0,0,0,0,0,0,0,0,0,0,0,0,0,0,0,0,0,0,0,0,0,0,0,0,85,99,93,92,90,93,0,98,98,100,0,0,0,0,0
l32,4=0,0,0,0,0,0,0,0,0,0,0,0,93,0,0,0,0,0,0,0,75,0,64,0,0,96,97,91,97,98,99,100,0,100,100,0,0,0,0,0
l33,4=0,0,0,0,0,0,0,0,0,0,0,0,81,0,79,0,0,0,0,0,0,46,43,82,86,96,85,0,85,81,84,100,98,0,100,0,0,0,0,0
l34,4=0,0,0,0,0,0,0,0,0,0,0,0,0,0,81,0,0,0,0,0,21,0,0,92,27,96,97,78,97,98,4,100,98,100,0,0,0,0,0,0
l35,4=0,0,0,0,0,0,0,0,0,0,0,0,55,0,0,0,75,45,0,59,72,59,37,0,0,0,0,0,0,0,0,0,0,0,0,0,84,79,77,74
l36,4=0,0,0,0,0,0,0,0,0,0,0,63,60,23,3,60,71,69,0,72,78,72,75,0,0,0,0,0,0,0,0,0,0,0,0,82,0,78,76,72
l37,4=0,0,0,0,0,0,0,0,0,0,0,0,0,0,0,8,54,0,0,46,74,74,76,0,0,0,0,0,0,0,0,0,0,0,0,88,88,0,77,75
l38,4=0,0,0,0,0,0,0,0,0,0,0,79,82,24,77,78,86,70,0,79,89,77,81,0,0,0,0,0,0,0,0,0,0,0,0,89,83,69,0,79
l39,4=0,0,0,0,0,0,0,0,0,0,0,0,0,0,0,0,75,59,0,82,75,81,58,0,0,0,0,0,0,0,0,0,0,0,0,82,82,71,80,0

l0,5=0,83,70,74,56,63,63,0,0,63,72,0,0,0,0,0,0,0,0,0,0,0,0,0,0,0,0,0,0,0,0,0,0,0,0,0,0,0,0,0
l1,5=86,0,81,71,76,80,76,38,0,63,73,0,1,0,0,0,0,0,0,0,0,0,0,9,0,0,0,0,0,0,0,0,0,0,0,0,0,0,0,0
l2,5=73,69,0,72,61,74,65,28,0,63,74,0,0,2,0,0,0,0,0,0,0,0,0,0,0,0,0,0,0,0,0,0,0,0,0,0,0,0,0,0
l3,5=74,64,69,0,75,72,63,1,16,54,0,0,0,0,0,0,0,0,0,0,0,0,0,0,0,0,0,0,0,0,0,0,0,0,0,0,0,0,0,0
l4,5=59,82,77,80,0,77,69,65,72,0,73,0,0,32,0,0,0,0,0,0,0,0,0,0,0,0,0,0,0,0,0,0,0,0,0,0,0,0,0,0
l5,5=67,84,75,73,71,0,62,69,68,63,74,56,0,63,0,0,0,0,0,0,0,0,0,0,0,0,0,0,0,0,0,0,0,0,0,0,0,0,0,0
l6,5=63,68,71,67,62,40,0,72,63,62,71,63,0,0,0,0,41,0,0,1,0,0,0,0,0,0,0,0,0,0,0,0,0,0,0,0,0,0,0,0
l7,5=0,59,48,56,53,67,66,0,75,60,89,65,0,13,0,65,0,0,0,0,0,0,0,0,0,0,0,0,0,0,0,0,0,0,0,0,0,0,0,0
l8,5=0,0,0,19,37,33,28,66,0,75,79,76,0,77,19,62,49,28,0,0,6,51,42,16,28,0,0,0,0,0,0,0,0,0,0,0,0,0,0,0
l9,5=67,61,69,61,0,67,65,67,80,0,82,73,0,73,4,67,31,33,0,0,37,0,49,0,27,0,0,0,0,0,0,0,0,0,0,0,0,0,52,0
l10,5=52,62,69,0,52,67,64,74,75,77,0,66,0,56,50,60,0,22,0,0,0,0,0,0,0,0,0,0,0,0,0,0,0,0,0,0,0,0,0,0
l11,5=0,0,0,0,0,27,20,30,51,49,70,0,39,23,32,83,55,38,0,0,41,47,33,21,26,27,0,0,0,0,0,0,0,0,0,0,19,11,65,0
l12,5=0,0,0,0,0,0,0,0,0,0,0,83,0,18,80,70,63,77,0,0,40,0,0,29,48,71,0,0,0,0,0,0,48,10,0,35,16,0,55,0
l13,5=0,0,0,0,12,34,0,0,83,70,59,75,51,0,24,77,52,46,0,3,43,0,43,20,16,30,0,0,0,0,0,0,0,0,0,33,3,0,0,0
l14,5=0,0,0,0,0,0,0,0,30,16,45,81,82,18,0,60,65,26,0,0,49,0,38,50,86,48,0,0,0,0,0,24,0,56,49,0,3,0,58,0
l15,5=0,0,0,0,0,0,0,37,44,42,58,89,42,76,25,0,48,27,0,0,1,52,44,24,38,28,0,0,0,0,0,0,0,0,0,0,18,0,61,43
l16,5=0,0,0,0,0,0,13,0,31,26,0,63,41,17,27,42,0,44,0,12,54,59,48,0,33,27,0,0,0,0,0,0,0,31,32,40,17,7,63,46
l17,5=0,0,0,0,0,0,0,0,41,37,33,88,82,24,32,71,71,0,0,4,65,44,22,0,42,36,0,0,0,0,0,0,0,0,0,38,21,4,0,33
l18,5=0,0,0,0,0,0,0,0,0,0,0,0,0,0,0,0,0,0,0,0,0,66,58,0,0,0,0,0,0,0,0,0,0,0,0,0,0,0,0,0
l19,5=0,0,0,0,0,0,0,0,0,0,0,0,0,7,0,0,45,1,0,0,74,71,84,0,0,0,23,0,0,30,0,0,0,0,0,0,40,1,1,57
l20,5=0,0,0,0,0,0,0,0,8,14,0,17,27,21,28,0,53,36,0,81,0,72,84,0,12,0,0,0,16,0,0,0,24,0,0,44,59,23,75,51
l21,5=0,0,0,0,0,0,0,0,29,6,0,21,0,0,0,29,54,11,24,75,70,0,74,0,11,0,0,0,0,0,0,0,0,0,0,50,41,17,57,63
l22,5=0,0,0,0,0,0,0,0,35,31,0,14,8,17,12,40,55,1,11,86,75,74,0,0,0,0,27,0,0,19,0,0,0,0,0,25,37,15,71,61
l23,5=0,0,0,0,0,0,0,0,55,0,0,60,73,58,79,67,0,0,0,0,0,0,0,0,83,78,0,0,0,0,0,0,0,65,69,0,0,0,0,0
l24,5=0,0,0,0,0,0,0,0,38,31,0,62,81,12,86,71,60,64,0,0,36,42,0,85,0,74,0,0,0,0,0,0,0,62,34,0,11,0,0,0
l25,5=0,0,0,0,0,0,0,0,0,0,0,40,75,14,78,52,48,19,0,0,0,0,0,84,76,0,0,0,0,28,0,0,72,70,62,0,0,0,0,0
l26,5=0,0,0,0,0,0,0,0,0,0,0,0,0,0,0,0,0,0,0,41,11,0,43,0,0,0,0,59,93,90,85,82,79,52,71,0,0,0,0,0
l27,5=0,0,0,0,0,0,0,0,0,0,0,0,0,0,0,0,0,0,0,0,0,0,0,0,0,0,78,0,87,77,92,66,67,0,0,0,0,0,0,0
l28,5=0,0,0,0,0,0,0,0,0,0,0,0,0,0,0,0,0,0,0,0,46,0,11,0,0,0,87,89,0,91,92,60,71,62,66,0,0,0,0,0
l29,5=0,0,0,0,0,0,0,0,0,0,0,0,0,0,0,0,0,0,0,52,0,0,37,0,0,45,87,88,92,0,90,46,69,56,62,0,0,0,0,0
l30,5=0,0,0,0,0,0,0,0,0,0,0,0,0,0,0,0,0,0,0,0,0,0,0,0,0,0,84,89,91,87,0,63,0,63,0,0,0,0,0,0
l31,5=0,0,0,0,0,0,0,0,0,0,0,0,0,0,23,0,0,0,0,0,0,0,0,0,0,0,82,50,63,45,66,0,83,76,80,0,0,0,0,0
l32,5=0,0,0,0,0,0,0,0,0,0,0,0,46,0,0,0,0,0,0,0,48,0,0,8,0,71,79,54,71,69,38,85,0,72,87,0,0,0,0,0
l33,5=0,0,0,0,0,0,0,0,0,0,0,0,23,0,45,0,45,0,0,0,0,0,0,69,40,71,64,0,70,56,72,68,72,0,76,0,0,0,0,0
l34,5=0,0,0,0,0,0,0,0,0,0,0,0,22,0,47,0,37,0,0,0,15,0,0,73,31,65,69,0,71,61,0,80,85,83,0,0,0,0,0,0
l35,5=0,0,0,0,0,0,0,0,0,0,0,0,16,9,0,0,30,8,0,0,30,30,21,0,0,0,0,0,0,0,0,0,0,0,0,0,25,3,43,38
l36,5=0,0,0,0,0,0,0,0,9,0,0,29,17,4,0,31,34,16,0,11,49,46,46,0,6,0,0,0,0,0,0,0,0,0,0,45,0,18,58,63
l37,5=0,0,0,0,0,0,0,0,0,0,0,16,0,0,0,0,26,0,0,0,40,43,39,0,0,0,0,0,0,0,0,0,0,0,0,0,64,0,54,47
l38,5=0,0,0,0,0,0,0,0,0,14,0,41,25,0,22,45,46,0,0,0,56,45,54,0,0,0,0,0,0,0,0,0,0,0,0,47,26,18,0,65
l39,5=0,0,0,0,0,0,0,0,0,0,0,0,0,0,0,19,30,0,0,9,44,58,41,0,0,0,0,0,0,0,0,0,0,0,0,41,48,13,69,0

l0,6=0,91,77,80,90,71,72,1,0,61,63,0,0,0,0,0,0,0,0,0,0,0,0,0,0,0,0,0,0,0,0,0,0,0,0,0,0,0,0,0
l1,6=87,0,78,87,90,73,76,35,0,73,58,0,0,0,0,0,0,0,0,0,0,0,0,35,0,0,0,0,0,0,0,0,0,0,0,0,0,0,0,0
l2,6=73,81,0,75,85,77,73,53,31,78,66,0,0,40,0,0,0,0,0,0,0,0,0,0,0,0,0,0,0,0,0,0,0,0,0,0,0,0,0,0
l3,6=71,81,69,0,90,71,73,0,0,70,0,0,0,0,0,0,0,0,0,0,0,0,0,0,0,0,0,0,0,0,0,0,0,0,0,0,0,0,0,0
l4,6=83,87,81,89,0,82,73,41,35,0,56,0,0,2,0,0,0,0,0,0,0,0,0,32,0,0,0,0,0,0,0,0,0,0,0,0,0,0,0,0
l5,6=81,78,78,80,81,0,64,67,43,78,70,0,0,49,0,0,0,0,0,0,0,0,0,0,0,0,0,0,0,0,0,0,0,0,0,0,0,0,0,0
l6,6=54,72,53,56,59,42,0,64,31,74,67,52,0,14,0,0,47,0,0,0,0,0,6,0,0,0,0,0,0,0,0,0,0,0,0,0,0,0,0,0
l7,6=18,24,45,32,50,67,71,0,44,76,71,51,0,0,0,53,0,0,0,0,0,0,0,0,0,0,0,0,0,0,0,0,0,0,0,0,0,0,0,0
l8,6=0,0,21,0,57,43,48,58,0,77,70,63,41,71,19,48,51,52,0,0,28,34,31,18,25,1,0,0,0,0,0,0,0,0,0,0,0,0,0,0
l9,6=17,50,53,46,0,63,67,60,51,0,77,56,29,66,21,56,37,29,0,0,3,0,26,0,0,0,0,0,0,0,0,0,0,0,0,0,0,0,9,0
l10,6=28,28,51,0,57,54,71,73,50,84,0,57,0,53,0,49,51,0,0,0,0,0,0,0,0,0,0,0,0,0,0,0,0,0,0,0,0,0,0,0
l11,6=0,0,0,0,0,0,33,30,39,45,25,0,32,46,26,71,48,45,0,0,15,0,0,7,33,13,0,0,0,0,0,0,0,0,0,0,24,23,43,0
l12,6=0,0,0,0,0,0,0,0,26,41,0,56,0,47,55,50,59,56,0,0,19,0,15,37,70,58,0,0,0,0,0,0,0,38,15,0,27,0,35,0
l13,6=0,0,0,0,0,29,3,0,49,71,24,37,28,0,24,52,43,57,0,11,3,0,31,25,37,0,0,0,0,0,0,0,0,0,0,23,29,0,26,0
l14,6=0,0,0,0,0,0,0,0,21,38,0,37,52,42,0,34,41,48,0,0,27,0,31,54,56,37,0,0,0,0,0,0,0,36,3,0,0,0,34,0
l15,6=0,0,0,0,0,0,0,34,25,49,23,74,47,58,25,0,50,57,0,0,2,34,28,34,36,2,0,0,0,0,0,0,0,0,0,5,7,0,41,0
l16,6=0,0,0,0,0,0,27,0,20,18,11,36,33,28,12,33,0,67,12,6,15,40,34,5,31,15,0,0,0,0,0,0,0,14,0,25,26,17,47,22
l17,6=0,0,0,0,0,0,0,0,27,33,0,36,35,52,28,44,55,0,0,0,38,39,32,0,36,17,0,0,0,0,0,0,0,17,0,0,29,14,39,0
l18,6=0,0,0,0,0,0,0,0,0,0,0,0,0,4,0,0,42,0,0,43,0,36,0,0,0,0,0,0,0,0,0,0,0,0,0,0,0,0,0,0
l19,6=0,0,0,0,0,0,0,0,0,0,0,0,0,38,0,0,36,0,21,0,58,44,49,0,0,0,0,0,0,0,1,31,0,0,0,0,33,23,35,32
l20,6=0,0,0,0,0,0,0,0,22,6,0,15,23,3,21,0,31,42,0,55,0,57,49,0,0,0,0,0,7,0,0,0,0,19,0,8,36,31,50,32
l21,6=0,0,0,0,0,0,0,0,21,2,0,0,4,0,0,31,42,38,22,48,58,0,50,0,0,0,0,0,0,0,0,0,0,0,0,38,36,31,42,39
l22,6=0,0,0,0,0,0,0,0,23,35,0,0,23,43,21,31,41,33,0,56,61,48,0,0,0,0,38,0,0,0,0,0,0,0,0,36,40,7,48,37
l23,6=0,4,0,0,20,0,0,0,19,0,0,24,48,37,60,45,41,0,0,0,0,0,0,0,71,56,0,0,0,0,0,21,26,48,36,0,0,0,0,0
l24,6=0,0,0,0,0,0,0,0,28,0,0,46,60,48,58,46,49,43,0,0,3,0,0,72,0,43,0,0,0,0,0,0,0,47,32,0,0,0,8,0
l25,6=0,0,0,0,0,0,0,0,10,0,0,19,60,0,61,9,39,41,0,0,0,0,0,74,60,0,0,0,0,0,0,0,31,55,0,0,0,0,0,0
l26,6=0,0,0,0,0,0,0,0,0,0,0,0,0,0,0,0,0,0,0,0,1,0,28,0,0,0,0,50,88,74,47,65,64,39,35,0,0,0,0,0
l27,6=0,0,0,0,0,0,0,0,0,0,0,0,0,0,0,0,0,0,0,0,0,0,0,0,0,0,63,0,83,75,78,51,39,0,0,0,0,0,0,0
l28,6=0,0,0,0,0,0,0,0,0,0,0,0,0,0,0,0,0,0,0,0,30,0,23,0,0,0,72,81,0,84,78,59,47,67,44,0,0,0,0,0
l29,6=0,0,0,0,0,0,0,0,0,0,0,0,0,0,0,0,0,0,0,0,0,0,0,0,0,0,72,72,88,0,29,42,37,50,29,0,0,0,0,0
l30,6=0,0,0,0,0,0,0,0,0,0,0,0,0,0,0,0,0,0,0,0,0,0,0,0,0,0,66,83,83,49,0,43,0,2,32,0,0,0,0,0
l31,6=0,0,0,0,0,0,0,0,0,0,0,0,0,0,0,0,0,0,0,28,0,0,0,35,0,0,68,38,60,43,30,0,69,66,62,0,0,0,0,0
l32,6=0,0,0,0,0,0,0,0,0,0,0,0,0,0,0,0,0,0,0,0,0,0,0,32,0,29,63,31,56,49,0,69,0,78,81,0,0,0,0,0
l33,6=0,0,0,0,0,0,0,0,0,0,0,0,44,0,51,0,34,30,0,0,32,0,0,57,54,41,44,0,51,45,15,62,70,0,63,0,0,0,0,0
l34,6=0,0,0,0,0,0,0,0,0,0,0,0,37,0,29,0,22,0,0,9,0,0,0,56,42,0,50,0,51,38,28,65,78,77,0,0,0,0,0,0
l35,6=0,0,0,0,0,0,0,0,0,0,0,0,0,26,0,1,41,0,0,0,15,42,35,0,0,0,0,0,0,0,0,0,0,0,0,0,45,44,41,37
l36,6=0,0,0,0,0,0,0,0,0,0,0,13,14,19,0,1,40,34,0,16,34,36,39,0,0,0,0,0,0,0,0,0,0,0,0,44,0,47,52,47
l37,6=0,0,0,0,0,0,0,0,0,0,0,10,0,0,0,0,10,0,0,10,32,32,2,0,0,0,0,0,0,0,0,0,0,0,0,47,49,0,39,35
l38,6=0,0,0,0,0,0,0,0,0,3,0,25,16,30,14,29,42,39,0,11,37,38,38,0,0,0,0,0,0,0,0,0,0,0,0,44,48,35,0,40
l39,6=0,0,0,0,0,0,0,0,0,0,0,0,0,0,0,0,40,0,0,24,34,37,36,0,0,0,0,0,0,0,0,0,0,0,0,38,47,34,49,0

l0,7=0,96,87,92,93,93,88,76,71,74,79,0,0,0,0,0,0,0,0,0,0,0,0,0,0,0,0,0,0,0,0,0,0,0,0,0,0,0,0,0
l1,7=94,0,91,93,93,91,83,75,36,56,55,0,0,50,0,0,0,0,0,0,0,0,0,0,0,0,0,0,0,0,0,0,0,0,0,0,0,0,0,0
l2,7=87,89,0,93,89,74,83,24,63,75,69,0,0,0,0,0,0,0,0,0,0,0,0,0,0,0,0,0,0,0,0,0,0,0,0,0,0,0,0,0
l3,7=87,89,86,0,91,90,83,43,0,68,72,0,0,0,0,0,0,0,0,0,0,0,0,0,0,0,0,0,0,0,0,0,0,0,0,0,0,0,0,0
l4,7=93,96,92,96,0,93,88,70,76,0,66,0,0,64,0,0,0,0,0,0,0,0,0,0,0,0,0,0,0,0,0,0,0,0,0,0,0,0,0,0
l5,7=88,89,65,92,90,0,13,86,81,83,79,0,0,46,0,0,0,0,0,0,0,0,0,0,0,0,0,0,0,0,0,0,0,0,0,0,0,0,0,0
l6,7=72,83,80,80,80,15,0,82,0,75,70,30,0,47,0,0,17,0,0,0,0,0,0,0,0,0,0,0,0,0,0,0,0,0,0,0,0,0,0,0
l7,7=42,58,25,45,57,90,84,0,64,83,79,26,23,49,0,58,0,2,0,0,0,0,0,0,0,0,0,0,0,0,0,0,0,0,0,0,0,0,0,0
l8,7=33,13,37,0,69,62,0,23,0,85,79,79,64,81,53,69,19,21,0,3,6,2,39,0,0,0,0,0,0,0,0,0,0,0,0,0,0,0,0,0
l9,7=24,27,50,33,0,75,83,86,93,0,79,69,48,79,24,72,1,8,0,0,14,4,22,15,13,0,0,0,0,0,0,0,0,0,0,0,0,0,30,0
l10,7=47,44,47,47,58,71,65,86,86,85,0,63,0,33,0,66,32,2,0,0,0,0,0,0,0,0,0,0,0,0,0,0,0,0,0,0,0,0,0,0
l11,7=0,0,0,0,0,0,12,2,48,49,45,0,71,54,44,83,22,14,0,0,14,15,27,27,13,11,0,0,0,0,0,0,0,0,0,4,14,0,44,21
l12,7=0,0,0,0,0,0,0,0,30,36,0,77,0,29,67,74,26,23,0,0,14,0,0,67,88,48,0,0,0,0,0,0,0,35,10,0,14,0,25,0
l13,7=0,25,0,0,39,25,14,14,88,74,15,66,38,0,52,69,15,20,0,0,12,0,24,41,22,12,0,0,0,0,0,0,0,0,0,7,12,0,39,0
l14,7=0,0,0,0,0,0,0,0,35,31,0,43,65,37,0,44,24,35,0,0,15,28,31,58,20,34,0,0,0,0,0,0,0,37,0,0,0,0,30,0
l15,7=0,0,0,0,0,0,0,11,43,58,47,85,82,57,45,0,16,18,0,2,15,32,31,49,11,14,0,0,0,0,0,0,0,0,0,0,15,31,42,0
l16,7=0,0,0,0,0,0,2,0,35,6,29,51,57,26,42,38,0,20,21,0,22,33,37,34,17,10,0,0,0,0,0,11,21,22,0,16,19,35,47,0
l17,7=0,0,0,0,0,0,0,0,42,32,9,44,55,47,53,57,23,0,0,0,26,29,24,31,22,0,0,0,0,0,0,0,0,32,0,0,18,0,45,20
l18,7=0,0,0,0,0,0,0,0,0,0,0,0,0,0,0,0,35,0,0,45,36,30,0,0,0,0,0,0,0,0,0,0,0,0,0,0,0,0,0,0
l19,7=0,0,0,0,0,0,0,0,4,0,0,0,6,0,0,0,0,0,31,0,65,47,65,0,0,0,24,0,0,0,0,35,0,0,0,15,0,0,24,0
l20,7=0,0,0,0,0,0,0,0,0,26,0,24,32,16,30,33,30,16,20,68,0,66,68,0,0,0,0,0,9,8,0,0,0,1,0,36,35,38,48,30
l21,7=0,0,0,0,0,0,0,0,22,23,0,12,29,0,35,37,28,14,19,43,67,0,68,0,7,0,0,0,0,0,0,0,0,0,0,34,27,0,45,51
l22,7=0,0,0,0,0,0,0,0,31,30,0,23,0,22,32,37,32,9,0,66,67,66,0,0,0,0,3,0,0,0,0,0,0,0,0,34,50,0,37,42
l23,7=0,0,0,0,0,0,0,0,0,11,0,23,66,35,69,59,29,5,0,0,0,0,0,0,90,82,0,0,0,0,0,0,16,38,42,0,0,0,0,0
l24,7=0,0,0,0,0,0,0,0,1,38,0,45,90,50,47,37,27,41,0,0,2,0,0,80,0,74,0,0,0,0,0,0,0,48,22,0,0,0,0,0
l25,7=0,0,0,0,4,0,0,0,4,18,0,34,83,32,64,50,16,0,0,0,0,0,0,77,77,0,0,0,0,14,0,0,47,55,0,0,0,0,26,0
l26,7=0,0,0,0,0,0,0,0,0,0,0,0,0,0,0,0,0,0,0,39,0,0,14,0,0,0,0,72,79,81,71,59,75,58,55,0,0,0,0,0
l27,7=0,0,0,0,0,0,0,0,0,0,0,0,0,0,0,0,0,0,0,0,0,0,0,0,0,0,62,0,77,79,82,30,61,0,3,0,0,0,0,0
l28,7=0,0,0,0,0,0,0,0,0,0,0,0,0,0,0,0,0,0,0,24,30,0,0,0,0,0,70,88,0,85,82,54,48,58,52,0,0,0,0,0
l29,7=0,0,0,0,0,0,0,0,0,0,0,0,0,0,0,0,0,0,0,0,34,0,0,0,0,17,69,88,79,0,80,50,55,55,32,0,0,0,0,0
l30,7=0,0,0,0,0,0,0,0,0,0,0,0,0,0,0,0,0,0,0,0,0,0,0,0,0,0,56,88,77,79,0,48,49,32,53,0,0,0,0,0
l31,7=0,0,0,0,0,0,0,0,0,0,0,0,0,0,0,0,19,0,0,52,0,0,0,0,0,0,64,16,63,49,46,0,81,81,84,0,0,0,0,0
l32,7=0,0,0,0,0,0,0,0,0,0,0,0,0,0,0,0,12,0,0,0,0,0,0,38,0,38,60,45,55,62,45,66,0,83,89,0,0,0,0,0
l33,7=0,0,0,0,0,0,0,0,0,0,0,0,53,0,48,0,22,39,0,0,18,0,0,46,53,50,55,0,70,53,44,64,79,0,73,0,0,0,0,0
l34,7=0,0,0,0,0,0,0,0,0,0,0,0,43,0,0,0,0,0,0,0,0,0,0,52,48,0,35,23,55,43,44,65,85,64,0,0,0,0,0,0
l35,7=0,0,0,0,0,0,0,0,0,0,0,0,0,8,0,0,20,0,0,10,22,32,44,0,0,0,0,0,0,0,0,0,0,0,0,0,56,54,38,36
l36,7=0,0,0,0,0,0,0,0,0,0,0,5,21,13,0,23,17,13,0,0,39,29,47,0,0,0,0,0,0,0,0,0,0,0,0,61,0,49,40,42
l37,7=0,0,0,0,0,0,0,0,0,0,0,0,0,0,0,21,14,0,0,0,17,0,0,0,0,0,0,0,0,0,0,0,0,0,0,40,34,0,28,32
l38,7=0,0,0,0,0,0,0,0,0,31,0,45,33,27,31,46,21,18,0,9,48,43,48,0,0,1,0,0,0,0,0,0,0,0,0,40,60,35,0,33
l39,7=0,0,0,0,0,0,0,0,0,0,0,1,0,0,0,0,0,3,0,0,20,44,51,0,0,0,0,0,0,0,0,0,0,0,0,40,38,38,32,0

l0,8=0,97,97,91,97,92,95,82,10,91,90,0,0,76,0,0,0,0,0,0,0,0,0,0,0,0,0,0,0,0,0,0,0,0,0,0,0,0,0,0
l1,8=97,0,97,96,97,90,95,87,68,96,0,0,0,60,0,0,0,0,0,0,0,0,0,43,0,0,0,0,0,0,0,0,0,0,0,0,0,0,0,0
l2,8=97,96,0,92,93,90,89,87,0,87,90,0,0,0,0,5,0,0,0,0,0,0,0,0,0,0,0,0,0,0,0,0,0,0,0,0,0,0,0,0
l3,8=91,96,93,0,97,90,93,86,0,82,18,0,0,0,0,0,0,0,0,0,0,0,0,0,23,0,0,0,0,0,0,0,0,0,0,0,0,0,0,0
l4,8=95,96,96,97,0,89,94,85,92,71,87,0,0,87,2,0,0,0,0,0,0,0,0,0,60,0,0,0,0,0,0,0,0,0,0,0,0,0,0,0
l5,8=97,97,99,96,97,0,94,92,95,92,96,64,0,87,0,0,0,0,0,0,0,0,0,0,0,0,0,0,0,0,0,0,0,0,0,0,0,0,0,0
l6,8=89,89,82,82,93,80,0,95,77,93,86,0,0,31,0,5,60,0,0,0,0,0,0,0,0,0,0,0,0,0,0,0,0,0,0,0,0,0,0,0
l7,8=85,91,89,89,91,87,90,0,95,97,100,46,0,93,0,0,10,56,0,0,0,0,0,0,0,0,0,0,0,0,0,0,0,0,0,0,0,0,0,0
l8,8=0,13,0,0,73,83,86,94,0,100,95,87,0,94,81,91,0,86,0,72,0,0,51,0,0,9,0,0,0,0,0,0,0,0,0,0,0,0,0,0
l9,8=48,76,9,67,16,51,90,96,97,0,100,67,40,93,47,91,70,72,0,0,0,54,16,48,51,0,0,0,0,0,0,0,0,0,0,0,0,0,55,0
l10,8=49,0,84,65,49,86,90,96,97,100,0,71,0,92,0,80,2,0,0,0,0,0,0,0,0,0,0,0,0,0,0,0,0,0,0,0,0,0,0,0
l11,8=0,0,0,0,0,9,0,29,96,89,78,0,97,46,86,95,88,91,0,0,26,57,23,57,72,81,0,0,0,0,0,0,0,0,0,17,36,0,54,0
l12,8=0,0,0,0,0,0,0,0,0,30,0,74,0,0,97,95,96,89,0,0,46,0,0,61,97,96,0,0,0,0,0,0,0,52,6,10,23,0,44,0
l13,8=14,3,0,2,38,28,9,93,99,98,81,42,0,0,87,89,69,67,0,0,43,55,0,55,71,56,0,0,0,0,0,0,0,0,0,7,24,0,57,0
l14,8=0,0,0,0,0,0,0,0,61,33,0,51,97,53,0,84,81,96,0,0,59,66,40,76,88,79,0,0,0,0,0,0,0,0,0,0,25,0,0,0
l15,8=0,0,0,0,0,0,0,0,96,91,86,97,61,57,88,0,88,94,0,0,73,76,40,56,64,62,0,0,0,0,0,0,0,0,0,0,21,0,71,0
l16,8=0,0,0,0,0,0,29,0,0,27,0,65,59,17,77,71,0,84,43,68,81,61,51,43,78,29,0,0,0,0,0,12,3,4,37,13,37,44,50,52
l17,8=0,0,0,0,0,0,0,33,67,30,0,71,55,15,94,93,93,0,0,65,75,4,14,16,73,0,0,0,0,0,0,0,0,60,0,4,10,0,66,40
l18,8=0,0,0,0,0,0,0,0,0,0,0,0,0,0,0,0,79,0,0,76,72,64,0,0,0,0,0,0,0,0,0,0,0,0,0,0,0,0,0,0
l19,8=0,0,0,0,0,0,0,0,43,0,0,0,0,0,0,0,70,62,53,0,79,65,88,0,0,0,0,0,11,0,0,48,0,0,0,55,60,0,43,62
l20,8=0,0,0,0,0,0,0,0,0,0,0,0,25,13,47,44,52,55,52,94,0,90,92,0,12,0,0,0,0,0,0,0,0,5,7,33,56,47,68,48
l21,8=0,0,0,0,0,0,0,0,0,44,0,25,10,31,55,49,48,2,47,66,83,0,88,0,0,0,0,0,0,0,0,9,0,31,14,36,38,41,67,58
l22,8=0,0,0,0,0,0,0,0,43,34,0,24,0,0,48,45,72,52,0,87,84,85,0,0,0,0,0,0,0,48,0,0,0,0,0,70,70,38,61,64
l23,8=0,0,0,0,0,0,0,0,0,68,0,62,91,56,93,79,81,65,0,0,0,0,0,0,97,96,0,0,0,0,0,0,63,71,88,0,0,0,0,0
l24,8=0,0,0,46,19,0,0,0,0,72,0,63,97,57,94,76,95,83,0,0,35,0,0,96,0,95,0,0,0,0,0,2,0,61,62,0,8,0,0,0
l25,8=0,0,0,3,0,0,0,0,17,0,0,58,97,53,82,69,72,0,0,0,0,0,0,96,92,0,0,0,0,70,0,2,68,79,80,0,0,0,19,0
l26,8=0,0,0,0,0,0,0,0,0,0,0,0,0,0,0,0,0,0,0,1,0,0,0,0,0,0,0,91,91,94,89,93,87,76,78,0,0,0,0,0
l27,8=0,0,0,0,0,0,0,0,0,0,0,0,0,0,0,0,0,0,0,0,0,0,0,0,0,0,85,0,91,94,95,0,74,0,75,0,0,0,0,0
l28,8=0,0,0,0,0,0,0,0,0,0,0,0,0,0,0,0,0,0,0,65,51,0,42,0,0,0,93,93,0,94,95,93,65,74,72,0,0,0,0,0
l29,8=0,0,0,0,0,0,0,0,0,0,0,0,0,0,0,0,0,0,0,0,2,0,66,0,0,63,93,93,91,0,95,93,55,72,81,0,0,0,0,0
l30,8=0,0,0,0,0,0,0,0,0,0,0,0,0,0,0,0,0,0,0,0,0,0,0,0,0,0,84,93,91,94,0,76,75,63,0,0,0,0,0,0
l31,8=0,0,0,0,0,0,0,0,0,0,0,0,0,0,0,0,70,0,0,71,0,2,6,0,28,0,92,0,86,87,84,0,86,86,89,0,0,0,0,0
l32,8=0,0,0,0,0,0,0,0,0,0,0,0,0,0,0,0,26,0,0,0,0,0,0,77,0,77,92,80,70,75,84,90,0,89,94,0,0,0,0,0
l33,8=0,0,0,0,0,0,0,0,0,0,0,0,75,0,0,0,10,75,0,0,53,23,0,74,71,83,81,0,79,81,80,92,89,0,85,0,0,0,0,0
l34,8=0,0,0,0,0,0,0,0,0,0,0,0,66,0,0,0,72,0,0,0,63,44,0,78,82,81,81,81,77,82,0,90,91,82,0,0,0,0,0,0
l35,8=0,0,0,0,0,0,0,0,0,0,0,5,20,1,0,0,29,0,0,42,38,48,38,0,0,0,0,0,0,0,0,0,0,0,0,0,73,62,47,50
l36,8=0,0,0,0,0,0,0,0,0,0,0,17,13,14,40,33,38,1,0,45,49,43,40,0,2,0,0,0,0,0,0,0,0,0,0,73,0,41,55,52
l37,8=0,0,0,0,0,0,0,0,0,0,0,0,0,0,0,0,34,0,0,0,49,42,17,0,0,0,0,0,0,0,0,0,0,0,0,69,32,0,38,36
l38,8=0,0,0,0,0,0,0,0,0,26,0,20,16,20,0,49,42,54,0,46,68,67,42,0,0,0,0,0,0,0,0,0,0,0,0,45,47,44,0,50
l39,8=0,0,0,0,0,0,0,0,0,0,0,0,0,0,0,0,40,1,0,47,61,60,44,0,0,0,0,0,0,0,0,0,0,0,0,74,64,47,48,0

l0,9=0,99,99,98,97,98,99,92,91,100,88,0,0,0,0,0,0,0,0,0,0,0,0,0,0,0,0,0,0,0,0,0,0,0,0,0,0,0,0,0
l1,9=99,0,99,96,98,100,92,94,93,95,88,0,0,1,0,0,0,0,0,0,0,0,0,22,0,0,0,0,0,0,0,0,0,0,0,0,0,0,0,0
l2,9=99,99,0,98,98,100,99,93,9,54,52,0,75,0,0,5,0,0,0,0,0,0,0,0,0,0,0,0,0,0,0,0,0,0,0,0,0,0,0,0
l3,9=91,89,93,0,98,86,92,92,0,0,0,0,0,0,0,0,0,0,0,0,0,0,0,0,0,0,0,0,0,0,0,0,0,0,0,0,0,0,0,0
l4,9=96,98,97,98,0,92,90,87,92,83,87,0,0,4,72,0,0,0,0,0,0,0,0,0,49,0,0,0,0,0,0,0,0,0,0,0,0,0,0,0
l5,9=99,99,99,98,98,0,99,14,98,100,89,0,0,47,0,0,0,0,0,0,0,0,0,0,0,0,0,0,0,0,0,0,0,0,0,0,0,0,0,0
l6,9=98,77,99,97,83,58,0,99,67,96,91,0,0,78,0,0,10,0,0,0,0,0,0,0,0,0,0,0,0,0,0,0,0,0,0,0,0,0,0,0
l7,9=62,97,97,96,66,6,100,0,99,100,100,67,57,98,0,43,0,0,0,0,0,0,0,0,0,0,0,0,0,0,0,0,0,0,0,0,0,0,0,0
l8,9=58,86,0,16,54,35,84,94,0,100,54,94,0,97,6,87,36,29,0,73,0,0,83,0,0,0,0,0,0,0,0,0,0,0,0,0,0,0,0,0
l9,9=80,87,79,0,32,54,93,98,99,0,100,90,25,99,68,90,46,0,0,0,0,0,2,78,74,0,0,0,0,0,0,0,0,0,0,0,0,0,0,0
l10,9=92,95,91,0,94,97,97,98,95,100,0,0,49,95,0,93,34,26,0,0,0,0,0,61,0,0,0,0,0,0,0,0,0,0,0,0,0,0,0,0
l11,9=0,0,0,0,0,0,0,60,58,39,2,0,99,88,72,99,45,35,0,0,83,83,76,93,98,84,0,0,0,0,0,0,0,0,0,0,23,0,82,0
l12,9=0,0,1,0,0,0,0,0,0,2,0,98,0,88,74,98,46,61,0,0,91,88,17,100,99,100,0,0,0,0,0,0,0,0,0,0,22,0,92,0
l13,9=0,0,0,0,2,7,82,95,80,100,51,96,90,0,63,96,45,0,0,29,86,81,0,86,92,75,0,0,0,0,0,0,0,0,0,0,27,0,88,0
l14,9=0,0,0,0,30,0,0,0,0,42,0,95,100,80,0,97,46,36,0,0,92,85,81,99,99,93,0,0,0,0,0,0,0,76,2,0,11,0,0,0
l15,9=0,0,0,0,0,0,0,0,54,38,56,99,99,88,71,0,46,35,0,0,80,79,71,64,97,0,0,0,0,0,0,0,0,0,0,0,25,0,92,0
l16,9=0,0,0,0,0,0,8,0,38,36,36,88,92,85,68,92,0,35,37,80,95,44,85,89,93,82,0,0,0,0,0,51,0,75,73,0,27,75,91,64
l17,9=0,0,0,0,0,0,0,0,51,0,42,95,99,5,72,96,46,0,0,84,85,89,88,0,80,0,0,0,0,0,0,0,0,85,0,0,25,0,81,67
l18,9=0,0,0,0,0,0,0,0,0,0,0,0,0,0,0,0,56,0,0,0,91,90,0,0,0,0,0,0,0,0,0,0,0,0,0,0,15,0,0,0
l19,9=0,0,0,0,0,0,0,0,43,0,0,0,0,6,0,0,69,82,0,0,95,91,90,0,0,0,0,0,0,0,0,0,0,0,0,79,54,70,6,80
l20,9=0,0,0,0,0,0,0,0,0,0,0,48,72,65,50,71,89,20,29,86,0,95,94,0,34,0,46,0,0,0,0,0,0,0,65,29,84,83,94,86
l21,9=0,0,0,0,0,0,0,0,0,0,0,63,76,68,50,75,17,27,36,86,98,0,90,0,0,0,0,0,0,0,0,0,0,52,0,33,28,76,91,67
l22,9=0,0,0,0,0,0,0,0,49,11,0,49,58,2,50,72,47,48,0,86,99,92,0,0,0,0,0,0,15,65,0,57,0,0,0,88,83,73,90,64
l23,9=0,0,0,0,0,0,0,0,0,40,6,98,100,89,100,93,59,0,0,0,0,0,0,0,100,100,0,0,0,0,0,0,93,99,83,0,0,0,0,0
l24,9=0,0,0,0,15,0,0,0,0,37,0,96,99,88,91,95,89,23,0,0,84,0,0,100,0,98,0,0,0,0,0,0,0,94,82,0,28,0,0,0
l25,9=0,0,0,5,0,0,0,0,0,0,0,88,100,78,73,0,46,0,0,0,0,0,0,100,100,0,1,0,0,50,0,0,87,99,82,0,0,0,81,0
l26,9=0,0,0,0,0,0,0,0,0,0,0,0,0,0,0,0,0,0,0,0,87,0,0,0,0,0,0,92,100,99,99,98,99,85,91,0,0,0,0,0
l27,9=0,0,0,0,0,0,0,0,0,0,0,0,0,0,0,0,0,0,0,0,0,0,0,0,0,0,98,0,100,99,100,93,83,0,0,0,0,0,0,0
l28,9=0,0,0,0,0,0,0,0,0,0,0,0,0,0,0,0,0,0,0,0,61,0,80,0,0,0,98,100,0,99,100,90,0,89,0,0,0,0,0,0
l29,9=0,0,0,0,0,0,0,0,0,0,0,0,0,0,0,0,0,0,0,0,0,0,84,0,0,15,98,100,100,0,100,96,71,85,90,0,0,0,0,0
l30,9=0,0,0,0,0,0,0,0,0,0,0,0,0,0,0,0,0,0,0,0,0,0,0,0,0,0,98,100,100,99,0,97,87,66,88,0,0,0,0,0
l31,9=0,0,0,0,0,0,0,0,0,0,0,0,0,0,0,0,40,0,0,0,0,0,85,0,0,0,97,61,94,98,96,0,99,100,100,0,0,0,0,0
l32,9=0,0,0,0,0,0,0,0,0,0,0,0,16,0,0,0,0,0,0,0,0,0,0,97,0,97,98,36,0,77,97,99,0,100,100,0,0,0,0,0
l33,9=0,0,0,0,0,0,0,0,0,0,0,0,0,0,84,0,82,88,0,0,2,51,0,99,94,100,97,0,99,92,92,99,100,0,100,0,0,0,0,0
l34,9=0,0,0,0,0,0,0,0,0,0,0,0,83,0,45,0,60,0,0,0,94,0,0,97,93,93,96,0,0,91,94,99,100,100,0,0,0,0,0,0
l35,9=0,0,0,0,0,0,0,0,0,0,0,0,0,0,0,0,0,0,0,71,61,76,81,0,0,0,0,0,0,0,0,0,0,0,0,0,80,84,84,69
l36,9=0,0,0,0,0,0,0,0,0,0,0,36,54,49,3,49,20,11,0,46,82,70,82,0,33,0,0,0,0,0,0,0,0,0,0,54,0,82,79,62
l37,9=0,0,0,0,0,0,0,0,0,0,0,0,0,0,0,0,16,0,0,37,78,66,69,0,0,0,0,0,0,0,0,0,0,0,0,51,51,0,79,61
l38,9=0,0,0,0,0,0,0,0,0,0,0,38,64,57,0,72,37,10,0,11,94,86,88,0,0,11,0,0,0,0,0,0,0,0,0,33,29,84,0,64
l39,9=0,0,0,0,0,0,0,0,0,0,0,0,0,0,0,0,31,28,0,71,83,76,75,0,0,0,0,0,0,0,0,0,0,0,0,47,51,78,77,0

l0,10=0,92,85,89,89,85,85,69,65,83,74,0,0,0,0,0,0,0,0,0,0,0,0,0,0,0,0,0,0,0,0,0,0,0,0,0,0,0,0,0
l1,10=90,0,84,77,87,88,80,78,35,54,54,6,0,0,0,0,0,0,0,0,0,0,0,0,0,0,0,0,0,0,0,0,0,0,0,0,0,0,0,0
l2,10=84,85,0,85,88,85,84,84,0,78,55,0,54,0,0,0,0,0,0,0,0,0,0,0,0,0,0,0,0,0,0,0,0,0,0,0,0,0,0,0
l3,10=89,73,84,0,95,65,84,60,0,60,0,0,0,0,0,0,0,0,0,0,0,0,0,0,0,2,0,0,0,0,0,0,0,0,0,0,0,0,0,0
l4,10=84,84,83,95,0,85,54,67,47,62,84,0,0,9,55,2,0,0,0,0,0,0,0,0,0,0,0,0,0,0,0,0,0,0,0,0,0,0,0,0
l5,10=84,85,83,85,88,0,85,86,61,84,84,0,0,76,0,0,0,0,0,0,0,0,0,0,0,0,0,0,0,0,0,0,0,0,0,0,0,0,0,0
l6,10=82,79,82,82,35,82,0,85,76,81,80,0,0,62,0,0,32,0,0,0,0,0,0,0,0,0,0,0,0,0,0,0,0,0,0,0,0,0,0,0
l7,10=65,82,79,77,84,84,85,0,80,85,85,59,54,80,48,0,0,0,0,0,0,0,0,0,0,0,0,0,0,0,0,0,0,0,0,0,0,0,0,0
l8,10=42,7,0,23,33,26,59,82,0,87,42,73,73,82,0,78,41,57,0,36,34,0,51,42,25,0,0,0,0,0,0,0,0,0,0,0,0,0,0,0
l9,10=76,0,53,69,67,68,82,85,83,0,85,75,78,80,48,74,0,0,0,0,0,42,1,36,27,0,0,0,0,0,0,0,0,0,0,0,0,0,0,0
l10,10=70,50,44,0,85,62,76,86,67,85,0,58,0,76,0,72,0,55,0,0,0,0,0,0,0,0,0,0,0,0,0,0,0,0,0,0,0,0,0,0
l11,10=0,5,0,0,0,0,0,52,77,71,43,0,85,82,78,85,0,80,0,0,63,59,0,69,77,63,0,0,0,0,0,0,0,0,0,0,64,0,62,0
l12,10=0,0,0,0,0,0,0,0,60,59,0,83,0,83,92,85,87,92,0,0,70,64,0,89,97,97,0,0,0,0,0,0,0,0,0,0,18,0,68,0
l13,10=0,0,0,0,10,33,34,71,82,84,51,79,83,0,55,83,51,0,0,3,55,46,0,49,43,0,0,0,0,0,0,0,0,0,0,0,0,0,49,0
l14,10=0,0,0,0,42,0,0,4,0,56,0,81,93,76,0,77,80,80,0,0,59,0,1,84,89,75,0,0,0,0,0,0,0,42,0,0,72,0,39,0
l15,10=0,0,0,0,2,0,0,0,74,58,48,88,88,84,62,0,49,81,0,50,41,2,30,27,46,49,0,0,0,0,0,0,0,0,0,0,20,3,56,0
l16,10=0,0,0,0,0,0,12,0,48,0,0,0,87,66,58,42,0,79,55,54,73,52,29,44,51,28,0,0,0,0,0,0,13,2,7,29,61,32,68,69
l17,10=0,0,0,0,0,0,4,0,57,0,7,47,95,1,63,49,56,0,0,59,39,67,53,22,44,43,0,0,0,0,0,0,0,6,0,0,53,0,66,70
l18,10=0,0,0,0,0,0,0,0,0,0,0,0,0,0,0,0,38,0,0,72,69,71,0,0,0,0,0,0,0,0,0,0,0,0,0,0,0,0,0,0
l19,10=0,0,0,0,0,0,0,0,24,0,0,0,0,0,0,27,54,52,54,0,76,62,73,0,0,0,50,0,0,0,0,0,0,0,0,51,0,40,4,58
l20,10=0,0,0,0,0,0,0,0,0,0,0,25,57,48,32,27,47,46,49,88,0,89,83,0,6,0,29,0,0,0,0,0,50,0,0,48,77,46,73,74
l21,10=0,0,0,0,0,0,0,0,0,40,0,27,64,47,9,5,39,63,56,72,89,0,82,0,0,0,0,0,0,0,0,0,0,29,0,51,63,60,69,72
l22,10=0,0,0,0,0,0,0,0,51,5,0,0,0,0,0,27,30,57,0,76,89,82,0,0,0,0,0,0,0,38,0,44,13,0,0,72,73,53,67,61
l23,10=0,0,0,0,0,0,0,0,66,50,0,45,92,80,78,44,53,34,0,0,0,0,0,0,96,98,0,0,0,0,0,56,79,55,0,0,0,0,0,0
l24,10=0,0,0,0,0,0,0,0,27,53,0,80,95,83,90,47,88,81,0,0,40,0,0,96,0,92,0,0,0,0,0,0,0,36,18,0,0,0,55,0
l25,10=0,0,0,59,0,0,0,0,0,0,0,46,95,0,87,42,32,23,0,0,0,0,0,96,94,0,37,0,0,0,0,63,61,91,53,0,0,0,53,0
l26,10=0,0,0,0,0,0,0,0,0,0,0,0,0,0,0,0,0,0,0,54,51,0,0,0,0,23,0,74,94,96,99,99,97,59,68,0,0,0,0,0
l27,10=0,0,0,0,0,0,0,0,0,0,0,0,0,0,0,0,0,0,0,0,0,0,0,0,0,0,83,0,91,96,99,80,0,0,76,0,0,0,0,0
l28,10=0,0,0,0,0,0,0,0,0,0,0,0,0,0,0,0,0,0,0,31,27,0,5,0,0,0,91,96,0,96,99,84,55,71,54,0,0,0,0,0
l29,10=0,0,0,0,0,0,0,0,0,0,0,0,0,0,0,0,0,0,0,0,0,0,36,0,0,0,91,96,94,0,99,83,65,29,58,0,0,0,0,0
l30,10=0,0,0,0,0,0,0,0,0,0,0,0,0,0,0,0,0,0,0,0,0,0,0,0,0,0,89,96,94,96,0,88,78,64,70,0,0,0,0,0
l31,10=0,0,0,0,0,0,0,0,0,0,0,0,0,0,0,0,0,0,0,0,4,0,31,21,0,30,91,74,88,93,97,0,100,100,100,0,0,0,0,0
l32,10=0,0,0,0,0,0,0,0,0,0,0,0,0,0,0,0,5,0,0,0,42,0,10,77,0,23,91,0,38,74,84,99,0,100,100,0,0,0,0,0
l33,10=0,0,0,0,0,0,0,0,0,0,0,0,32,0,35,0,5,18,0,0,0,27,0,95,35,97,52,0,84,26,40,99,100,0,96,0,0,0,0,0
l34,10=0,0,0,0,0,0,0,0,0,0,0,0,0,0,0,0,56,1,0,0,26,0,0,8,28,81,87,75,63,82,81,99,100,100,0,0,0,0,0,0
l35,10=0,0,0,0,0,0,0,0,0,0,0,0,0,0,0,0,29,0,0,47,57,46,48,0,0,0,0,0,0,0,0,0,0,0,0,0,79,66,65,43
l36,10=0,0,0,0,0,0,0,0,0,0,0,4,17,0,29,0,23,59,0,0,63,37,50,0,0,0,0,0,0,0,0,0,0,0,0,73,0,66,63,72
l37,10=0,0,0,0,0,0,0,0,0,0,0,0,0,0,0,0,18,0,0,9,41,42,42,0,0,0,0,0,0,0,0,0,0,0,0,59,72,0,50,68
l38,10=0,0,0,0,0,0,0,0,0,0,0,5,65,19,3,6,43,59,0,12,69,57,52,0,8,17,0,0,0,0,0,0,0,0,0,58,70,46,0,69
l39,10=0,0,0,0,0,0,0,0,0,0,0,0,0,0,0,0,35,54,0,47,62,53,43,0,0,0,0,0,0,0,0,0,0,0,0,40,74,55,56,0

l0,11=0,90,84,88,87,84,72,67,56,60,61,0,0,0,0,0,0,0,0,0,0,0,0,3,0,0,0,0,0,0,0,0,0,0,0,0,0,0,0,0
l1,11=83,0,74,86,86,85,77,78,55,53,0,48,0,36,0,0,0,0,0,0,0,0,0,0,0,0,0,0,0,0,0,0,0,0,0,0,0,0,0,0
l2,11=83,85,0,86,85,85,80,67,0,0,81,0,0,0,0,0,0,0,0,0,0,0,0,0,0,0,0,0,0,0,0,0,0,0,0,0,0,0,0,0
l3,11=84,88,83,0,92,84,0,50,0,32,61,0,0,0,0,0,0,0,0,0,0,0,0,0,0,0,0,0,0,0,0,0,0,0,0,0,0,0,0,0
l4,11=80,82,78,88,0,81,63,64,0,61,67,0,32,0,48,0,0,0,0,0,0,0,0,34,0,0,0,0,0,0,0,0,0,0,0,0,0,0,0,0
l5,11=81,85,83,85,85,0,79,81,74,86,71,0,0,47,1,0,0,0,0,0,0,0,0,0,0,0,0,0,0,0,0,0,0,0,0,0,0,0,0,0
l6,11=74,78,75,6,79,78,0,79,41,79,63,19,0,62,0,43,11,0,0,0,0,0,0,0,0,0,0,0,0,0,0,0,0,0,0,0,0,0,0,0
l7,11=71,85,71,72,84,84,81,0,81,86,82,63,54,81,0,41,0,0,0,0,0,0,0,0,0,0,0,0,0,0,0,0,0,0,0,0,0,0,0,0
l8,11=61,47,0,0,0,74,66,70,0,87,76,70,62,82,0,74,0,41,0,48,3,0,0,58,48,0,0,0,0,0,0,0,0,0,0,0,0,0,0,0
l9,11=70,52,0,62,73,82,75,86,82,0,82,45,59,81,0,52,3,1,0,0,0,24,0,30,59,0,0,0,0,0,0,0,0,0,0,0,0,0,0,0
l10,11=56,0,71,67,75,69,72,86,75,87,0,66,0,72,0,64,0,2,0,0,0,0,0,0,0,0,0,0,0,0,0,0,0,0,0,0,0,0,0,0
l11,11=0,33,0,0,0,0,33,40,43,55,38,0,68,83,82,80,22,53,0,0,24,15,18,83,78,60,0,0,0,0,0,0,0,0,0,52,0,0,42,0
l12,11=0,0,0,0,1,0,0,2,40,49,0,49,0,76,92,57,44,55,0,0,35,24,19,85,91,92,0,0,0,0,0,0,0,0,0,0,0,0,50,0
l13,11=1,9,0,0,0,30,40,57,82,79,43,82,59,0,64,78,20,31,0,24,33,19,0,77,68,57,0,0,0,0,0,0,0,0,0,0,0,0,37,0
l14,11=0,0,0,0,62,0,0,0,0,0,0,46,85,60,0,0,49,49,0,0,1,20,0,84,2,72,0,0,0,0,0,0,0,60,41,60,67,0,41,0
l15,11=0,0,0,0,0,0,38,10,41,49,40,85,74,88,0,0,43,56,0,55,35,22,4,57,0,58,0,0,0,0,0,0,0,0,0,20,68,0,46,0
l16,11=0,0,0,0,0,0,8,0,0,14,0,23,56,65,78,31,0,34,10,3,36,25,16,67,81,9,0,0,0,0,0,0,35,13,41,35,76,64,56,20
l17,11=0,0,0,0,0,0,0,0,34,29,11,28,58,70,79,35,24,0,0,0,34,25,21,66,60,1,0,0,0,0,0,0,0,0,0,0,74,0,44,3
l18,11=0,0,0,0,0,0,0,0,0,0,0,0,0,0,0,0,23,0,0,66,64,66,6,0,0,0,0,0,0,0,0,0,0,0,0,0,0,0,0,0
l19,11=0,0,0,0,0,0,0,0,23,0,0,0,0,16,0,22,1,0,49,0,75,63,58,0,0,0,30,0,1,0,0,0,0,0,0,48,34,0,33,32
l20,11=0,0,0,0,0,0,0,0,0,0,0,0,40,50,0,22,65,19,45,72,0,86,81,0,0,0,0,0,0,0,0,2,40,0,0,52,68,62,65,12
l21,11=0,0,0,0,0,0,0,0,0,30,0,10,38,45,47,19,67,19,48,66,84,0,81,0,32,0,0,0,0,0,0,0,0,0,0,41,53,51,71,12
l22,11=0,0,0,0,0,0,0,0,0,0,0,12,37,0,0,6,11,16,0,55,82,82,0,0,0,0,0,0,0,0,0,45,0,0,0,61,63,51,69,44
l23,11=0,0,0,0,18,0,0,0,26,22,0,42,80,70,83,21,18,25,0,0,0,0,0,0,90,95,0,0,0,0,0,47,57,65,2,0,0,0,0,0
l24,11=0,0,0,0,0,0,0,0,22,39,0,49,86,69,12,0,78,29,0,0,0,0,0,91,0,85,0,0,0,0,0,0,0,0,0,0,0,0,0,0
l25,11=0,0,0,0,0,0,0,0,0,0,0,37,87,61,85,42,5,0,0,0,0,0,0,95,90,0,0,0,0,0,0,62,47,84,0,0,0,0,0,0
l26,11=0,0,0,0,0,0,0,0,0,0,0,0,0,0,0,0,0,0,0,59,3,0,2,0,0,0,0,78,88,91,90,79,79,54,66,0,0,0,0,0
l27,11=0,0,0,0,0,0,0,0,0,0,0,0,0,0,0,0,0,0,0,0,0,0,0,0,0,0,75,0,80,93,91,53,1,0,37,0,0,0,0,0
l28,11=0,0,0,0,0,0,0,0,0,0,0,0,0,0,0,0,0,0,0,15,24,0,13,0,0,0,86,89,0,93,91,76,66,0,40,0,0,0,0,0
l29,11=0,0,0,0,0,0,0,0,0,0,0,0,0,0,0,0,0,0,0,0,0,0,3,0,0,0,83,89,88,0,91,77,31,26,30,0,0,0,0,0
l30,11=0,0,0,0,0,0,0,0,0,0,0,0,0,0,0,0,0,0,0,0,0,0,0,0,0,0,85,90,88,93,0,80,40,51,47,0,0,0,0,0
l31,11=0,0,0,0,0,0,0,0,0,0,0,0,0,0,0,0,0,0,0,0,23,0,41,48,0,58,86,68,82,92,84,0,90,100,100,0,0,0,0,0
l32,11=0,0,0,0,0,0,0,0,0,0,0,0,0,0,0,0,7,0,0,0,19,0,0,32,0,23,86,1,36,37,44,84,0,100,100,0,0,0,0,0
l33,11=0,0,0,0,0,0,0,0,0,0,0,0,0,0,72,0,1,0,0,0,9,0,0,70,0,93,72,0,0,75,87,100,96,0,100,0,0,0,0,0
l34,11=0,0,0,0,0,0,0,0,0,0,0,0,0,0,33,0,16,0,0,0,0,0,0,19,0,4,79,54,43,79,78,100,96,100,0,0,0,0,0,0
l35,11=0,0,0,0,0,0,0,0,0,0,0,3,0,0,38,0,4,0,0,36,26,4,18,0,0,0,0,0,0,0,0,0,0,0,0,0,90,65,53,10
l36,11=0,0,0,0,0,0,0,0,0,0,0,0,0,0,50,14,18,19,0,12,32,18,19,0,0,0,0,0,0,0,0,0,0,0,0,80,0,70,59,23
l37,11=0,0,0,0,0,0,0,0,0,0,0,0,0,0,0,0,15,0,0,0,32,17,15,0,0,0,0,0,0,0,0,0,0,0,0,74,78,0,43,18
l38,11=0,0,0,0,0,0,0,0,0,0,0,15,46,30,43,23,23,17,0,10,34,24,23,0,0,0,0,0,0,0,0,0,0,0,0,77,80,54,0,21
l39,11=0,0,0,0,0,0,0,0,0,0,0,0,0,0,0,0,19,0,0,53,29,18,34,0,0,0,0,0,0,0,0,0,0,0,0,55,83,64,56,0

l0,12=0,92,84,87,87,85,62,7,0,66,42,0,0,0,0,0,0,0,0,0,0,0,0,0,0,0,0,0,0,0,0,0,0,0,0,0,0,0,0,0
l1,12=83,0,80,83,84,84,85,86,20,0,73,55,0,0,4,0,0,0,0,0,0,0,0,0,0,0,0,0,0,0,0,0,0,0,0,0,0,0,0,0
l2,12=84,80,0,83,84,84,85,49,20,52,75,0,0,0,0,0,0,0,0,0,0,0,0,0,0,0,0,0,0,0,0,0,0,0,0,0,0,0,0,0
l3,12=87,87,83,0,88,84,64,37,0,53,70,0,0,0,0,0,0,0,0,0,0,0,0,0,0,0,0,0,0,0,0,0,0,0,0,0,0,0,0,0
l4,12=84,84,80,83,0,74,74,73,57,59,68,0,0,0,35,0,0,0,0,0,0,0,0,41,0,0,0,0,0,0,0,0,0,0,0,0,0,0,0,0
l5,12=83,86,83,83,83,0,79,81,71,85,77,0,0,57,0,0,0,0,0,0,0,0,0,2,0,0,0,0,0,0,0,0,0,0,0,0,0,0,0,0
l6,12=66,85,82,69,79,72,0,80,69,64,81,69,0,62,5,72,1,0,0,0,0,0,0,0,0,0,0,0,0,0,0,0,0,0,0,0,0,0,0,0
l7,12=15,86,35,61,83,83,85,0,82,85,86,50,48,83,0,5,0,0,0,0,0,0,0,0,0,0,0,0,0,0,0,0,0,0,0,0,0,0,0,0
l8,12=0,9,0,31,41,64,79,81,0,86,86,75,74,84,20,77,29,26,0,34,0,26,0,0,54,0,0,0,0,0,0,0,0,0,0,0,0,0,0,0
l9,12=67,0,0,37,41,83,62,86,82,0,86,73,71,83,0,71,32,22,0,0,55,40,0,0,41,0,0,0,0,0,0,0,0,0,0,0,0,0,0,0
l10,12=34,68,73,72,71,63,78,86,81,86,0,70,0,82,0,65,0,0,0,0,0,0,0,7,0,0,0,0,0,0,0,0,0,0,0,0,0,0,0,0
l11,12=0,52,0,0,0,0,79,50,76,81,72,0,81,59,47,87,44,50,0,0,58,25,37,55,0,68,0,0,0,0,0,0,0,0,0,38,38,1,65,0
l12,12=0,0,0,0,0,0,0,0,72,77,0,88,0,48,92,86,74,86,0,0,70,43,39,52,93,92,0,0,0,0,0,0,0,9,0,0,0,0,72,0
l13,12=0,0,0,0,0,49,76,80,82,85,80,84,81,0,50,85,44,46,0,0,61,32,0,55,75,12,0,0,0,0,0,0,0,0,0,0,0,0,22,0
l14,12=0,0,0,0,32,0,2,0,11,3,0,69,85,44,0,66,76,46,0,0,33,40,0,59,94,53,0,0,0,0,0,0,0,44,59,49,47,0,3,0
l15,12=0,0,0,0,0,0,68,0,74,76,64,90,82,87,47,0,47,61,0,36,65,33,11,45,81,72,0,0,0,0,0,0,0,0,0,0,0,0,62,0
l16,12=0,0,0,0,0,0,3,0,40,57,0,57,81,40,53,67,0,48,44,39,71,44,4,17,90,57,0,0,0,0,0,0,0,0,0,35,53,39,74,65
l17,12=0,0,0,0,0,0,0,0,57,65,0,89,87,45,47,70,50,0,0,39,70,44,26,34,68,0,0,0,0,0,0,0,0,20,0,0,52,0,51,0
l18,12=0,0,0,0,0,0,0,0,0,0,0,0,0,0,0,0,60,0,0,62,65,57,0,0,0,0,0,0,0,0,0,0,0,0,0,0,0,0,0,0
l19,12=0,0,0,0,0,0,0,0,45,0,0,0,0,0,0,37,30,36,40,0,78,77,77,0,0,0,16,0,0,40,13,0,0,0,0,50,41,49,58,59
l20,12=0,0,0,0,0,0,0,0,0,45,0,41,50,31,0,37,68,59,38,86,0,83,85,0,0,0,0,0,0,0,0,32,0,0,0,46,74,63,75,52
l21,12=0,0,0,0,0,0,0,0,45,50,0,43,48,33,54,46,67,69,38,87,87,0,85,0,51,0,0,0,0,0,0,0,0,0,0,47,38,46,77,0
l22,12=0,0,0,0,0,0,0,0,0,0,0,51,53,0,0,16,29,39,0,83,85,82,0,0,6,0,0,0,0,0,0,36,0,0,0,70,59,0,76,74
l23,12=0,0,0,0,36,0,0,0,0,0,0,82,79,55,54,65,38,39,0,0,0,0,0,0,97,93,0,0,0,0,0,7,0,29,0,0,0,0,0,0
l24,12=0,0,0,0,0,0,0,0,40,48,0,0,90,63,92,83,77,57,0,0,0,56,2,92,0,92,0,0,0,0,0,19,50,0,0,0,23,0,52,0
l25,12=0,0,0,0,0,0,0,0,0,0,0,50,90,18,49,80,60,0,0,0,0,0,0,96,96,0,0,0,0,8,0,71,55,71,87,0,0,0,0,0
l26,12=0,0,0,0,0,0,0,0,0,0,0,0,0,0,0,0,0,0,0,63,0,0,0,0,0,0,0,69,90,75,78,92,75,61,73,0,0,0,0,0
l27,12=0,0,0,0,0,0,0,0,0,0,0,0,0,0,0,0,0,0,0,0,0,0,0,0,0,0,54,0,85,94,89,80,0,26,25,0,0,0,0,0
l28,12=0,0,0,0,0,0,0,0,0,0,0,0,0,0,0,0,0,0,0,0,0,0,0,0,0,0,63,93,0,94,89,77,68,65,70,0,0,0,0,0
l29,12=0,0,0,0,0,0,0,0,0,0,0,0,0,0,0,0,0,0,0,35,0,0,0,0,0,1,52,93,90,0,89,82,67,58,69,0,0,0,0,0
l30,12=0,0,0,0,0,0,0,0,0,0,0,0,0,0,0,0,0,0,0,0,0,0,0,0,0,0,56,93,90,94,0,80,69,34,40,0,0,0,0,0
l31,12=0,0,0,0,0,0,0,0,0,0,0,0,15,0,0,0,0,0,0,0,55,0,61,13,36,65,63,80,87,91,89,0,97,100,100,0,0,0,0,0
l32,12=0,0,0,0,0,0,0,0,0,0,0,0,0,0,0,0,0,0,0,0,0,0,0,10,62,62,62,0,81,83,83,95,0,100,100,0,0,0,0,0
l33,12=0,0,0,0,0,0,0,0,0,0,0,0,60,0,74,0,0,12,0,0,0,0,0,41,4,72,55,36,67,78,71,99,97,0,100,0,0,0,0,0
l34,12=0,0,0,0,0,0,0,0,0,0,0,0,0,0,42,0,8,0,0,0,0,0,0,2,0,93,63,37,87,92,73,99,97,100,0,0,0,0,0,0
l35,12=0,0,0,0,0,0,0,0,0,0,0,17,0,0,10,0,14,0,0,30,48,27,38,0,0,0,0,0,0,0,0,0,0,0,0,0,83,63,76,59
l36,12=0,0,0,0,0,0,0,0,0,0,0,18,0,0,13,0,39,19,0,34,72,0,42,0,12,0,0,0,0,0,0,0,0,0,0,81,0,76,77,72
l37,12=0,0,0,0,0,0,0,0,0,0,0,0,0,0,0,0,36,0,0,35,63,7,0,0,0,0,0,0,0,0,0,0,0,0,0,66,61,0,0,66
l38,12=0,0,0,0,0,0,0,0,0,0,0,30,58,2,1,28,42,18,0,33,70,44,46,0,46,0,0,0,0,0,0,0,0,0,0,73,61,0,0,62
l39,12=0,0,0,0,0,0,0,0,0,0,0,0,0,0,0,0,34,0,0,46,53,0,52,0,0,0,0,0,0,0,0,0,0,0,0,60,71,65,70,0

l0,13=0,97,93,91,90,85,88,83,81,86,67,0,0,0,0,0,0,0,0,0,0,0,0,0,0,0,0,0,0,0,0,0,0,0,0,0,0,0,0,0
l1,13=93,0,93,91,89,80,86,83,0,79,86,0,0,0,0,0,0,0,0,0,0,0,0,1,0,0,0,0,0,0,0,0,0,0,0,0,0,0,0,0
l2,13=92,95,0,88,88,82,87,83,0,53,86,0,0,28,0,0,0,0,0,0,0,0,0,0,0,0,0,0,0,0,0,0,0,0,0,0,0,0,0,0
l3,13=93,97,91,0,92,84,86,73,17,48,86,0,0,0,0,0,0,0,0,0,0,0,0,0,0,0,0,0,0,0,0,0,0,0,0,0,0,0,0,0
l4,13=93,95,91,90,0,82,86,81,51,76,71,0,0,19,0,0,0,0,0,0,0,0,0,2,0,0,0,0,0,0,0,0,0,0,0,0,0,0,0,0
l5,13=87,91,89,86,89,0,86,80,57,87,86,0,0,79,0,0,0,0,0,0,0,0,0,0,0,0,0,0,0,0,0,0,0,0,0,0,0,0,0,0
l6,13=85,90,89,84,87,80,0,0,83,86,50,87,0,76,0,83,0,0,0,0,0,0,0,0,0,0,0,0,0,0,0,0,0,0,0,0,0,0,0,0
l7,13=66,90,53,82,86,74,0,0,85,87,88,25,37,82,0,76,0,0,0,0,0,0,0,0,0,0,0,0,0,0,0,0,0,0,0,0,0,0,0,0
l8,13=57,0,0,75,78,74,77,82,0,91,86,77,67,85,80,69,74,59,0,26,0,40,18,0,80,0,0,0,0,0,0,0,0,0,0,0,0,0,0,0
l9,13=78,52,64,76,82,80,85,83,86,0,86,80,77,84,69,82,76,69,0,0,48,68,0,0,0,0,0,0,0,0,0,0,0,0,0,0,0,0,0,0
l10,13=44,50,50,81,82,79,69,83,85,93,0,82,0,84,0,78,0,0,0,0,0,0,0,0,0,0,0,0,0,0,0,0,0,0,0,0,0,0,0,0
l11,13=0,0,0,0,0,0,82,2,41,29,30,0,88,92,84,91,82,92,0,0,45,49,42,50,0,76,0,0,0,0,0,0,0,0,0,0,0,0,17,0
l12,13=0,0,0,0,0,0,0,0,1,28,0,94,0,74,96,88,88,98,0,0,50,46,39,41,98,97,0,0,0,0,0,0,0,27,0,0,0,0,21,0
l13,13=0,0,0,0,46,73,80,81,63,90,56,95,81,0,84,90,82,86,0,8,51,51,0,55,64,80,0,0,0,0,0,0,0,0,0,0,0,0,24,0
l14,13=0,0,0,0,0,0,0,0,44,28,0,89,96,86,0,83,94,89,0,0,45,29,0,95,99,86,0,0,0,0,0,0,0,24,61,0,0,0,0,0
l15,13=0,0,0,0,0,0,79,30,22,31,30,97,93,92,83,0,88,92,0,25,46,41,0,53,85,78,0,0,0,0,0,0,0,0,0,0,69,0,22,0
l16,13=0,0,0,0,0,0,0,0,14,21,0,73,80,61,92,88,0,96,15,24,41,45,38,11,90,0,0,0,0,0,0,0,0,8,48,65,73,0,18,43
l17,13=0,0,0,0,0,0,0,0,34,27,0,96,95,80,81,89,94,0,0,27,54,51,42,40,82,74,0,0,0,0,0,0,0,25,0,19,73,0,21,0
l18,13=0,0,0,0,0,0,0,0,0,0,0,0,0,0,0,0,65,0,0,89,86,0,12,0,0,0,0,0,0,0,0,0,0,0,0,0,0,0,0,0
l19,13=0,0,0,0,0,0,0,0,25,0,0,0,0,1,0,42,43,42,58,0,92,95,81,0,0,0,54,0,17,44,0,13,0,0,0,49,47,25,57,79
l20,13=0,0,0,0,0,0,0,0,0,16,0,54,69,43,45,63,69,85,54,95,0,98,94,0,1,0,0,0,0,0,0,39,0,0,0,69,85,33,48,45
l21,13=0,0,0,0,0,0,0,0,20,26,0,70,66,62,47,55,76,87,0,95,95,0,95,0,63,0,0,0,0,0,0,0,0,0,0,52,63,0,53,41
l22,13=0,0,0,0,0,0,0,0,0,0,0,53,54,0,0,0,67,48,0,91,95,98,0,0,0,0,44,0,8,0,0,2,0,0,39,79,83,0,31,78
l23,13=0,0,0,46,1,0,0,0,0,0,0,86,81,79,96,85,71,73,0,0,0,0,0,0,91,98,0,0,0,0,0,0,0,28,0,0,0,0,0,0
l24,13=0,0,0,0,0,0,0,0,44,0,0,0,96,2,97,86,89,91,0,0,3,47,0,57,0,94,0,0,0,0,0,0,30,9,0,0,79,0,0,0
l25,13=0,0,0,0,0,0,0,0,0,0,0,83,96,86,97,86,0,82,0,0,0,0,0,99,99,0,0,0,0,7,0,80,36,55,83,0,0,0,0,0
l26,13=0,0,0,0,0,0,0,0,0,0,0,0,0,0,0,0,0,0,0,56,2,0,57,0,0,0,0,78,99,79,100,99,74,72,0,0,0,0,0,0
l27,13=0,0,0,0,0,0,0,0,0,0,0,0,0,0,0,0,0,0,0,0,0,0,0,0,0,0,82,0,99,100,100,82,70,78,27,0,0,0,0,0
l28,13=0,0,0,0,0,0,0,0,0,0,0,0,0,0,0,0,0,0,0,56,0,0,55,0,0,0,98,98,0,100,100,92,71,80,82,0,0,0,0,0
l29,13=0,0,0,0,0,0,0,0,0,0,0,0,0,0,0,0,0,0,0,56,0,0,0,0,0,0,80,99,99,0,100,88,78,71,77,0,0,0,0,0
l30,13=0,0,0,0,0,0,0,0,0,0,0,0,0,0,0,0,0,0,0,0,0,0,0,0,0,0,98,99,99,100,0,89,75,79,0,0,0,0,0,0
l31,13=0,0,0,0,0,0,0,0,0,0,0,0,0,0,5,0,0,0,0,13,52,0,24,0,0,83,98,98,98,99,99,0,99,100,100,0,0,0,0,0
l32,13=0,0,0,0,0,0,0,0,0,0,0,0,30,0,25,0,1,0,0,0,0,0,0,0,70,82,97,37,79,94,93,100,0,100,100,0,0,0,0,0
l33,13=0,0,0,0,0,0,0,0,0,0,0,0,94,0,92,0,79,89,0,0,0,0,0,79,65,98,98,71,98,92,100,100,99,0,100,0,0,0,0,0
l34,13=0,0,0,0,0,0,0,0,0,0,0,0,11,0,83,0,73,0,0,0,0,0,68,0,0,98,2,14,99,100,59,100,99,100,0,0,0,0,0,0
l35,13=0,0,0,0,0,0,0,0,0,0,0,0,1,0,0,0,60,0,0,17,42,19,38,0,0,0,0,0,0,0,0,0,0,0,0,0,90,92,82,46
l36,13=0,0,0,0,0,0,0,0,0,0,0,0,0,0,0,56,66,62,0,16,53,24,41,0,63,0,0,0,0,0,0,0,0,0,0,89,0,29,27,50
l37,13=0,0,0,0,0,0,0,0,0,0,0,0,0,0,0,0,0,0,0,12,42,0,0,0,0,0,0,0,0,0,0,0,0,0,0,86,76,0,17,44
l38,13=0,0,0,0,0,0,0,0,0,0,0,17,66,53,0,58,63,62,0,21,56,44,42,0,0,0,0,0,0,0,0,0,0,0,0,81,86,21,0,43
l39,13=0,0,0,0,0,0,0,0,0,0,0,0,0,0,0,0,54,0,0,25,39,33,48,0,0,0,0,0,0,0,0,0,0,0,0,76,81,27,22,0

l0,14=0,100,100,100,100,99,99,100,92,99,99,0,0,4,0,0,0,0,0,0,0,0,0,0,0,0,0,0,0,0,0,0,0,0,0,0,0,0,0,0
l1,14=99,0,100,100,100,99,99,99,20,48,43,0,0,51,40,0,0,0,0,0,0,0,0,0,4,0,0,0,0,0,0,0,0,0,0,0,0,0,0,0
l2,14=100,100,0,100,100,100,100,100,77,92,98,0,0,0,0,0,0,0,0,0,0,0,0,0,0,0,0,0,0,0,0,0,0,0,0,0,0,0,0,0
l3,14=99,100,100,0,100,99,99,100,0,99,99,0,0,0,0,0,0,0,0,0,0,0,0,0,0,0,0,0,0,0,0,0,0,0,0,0,0,0,0,0
l4,14=99,100,100,99,0,99,77,0,53,47,99,0,0,49,0,0,0,0,0,0,0,0,0,0,0,0,0,0,0,0,0,0,0,0,0,0,0,0,0,0
l5,14=99,100,100,100,100,0,100,59,84,100,100,0,0,94,0,47,0,0,0,0,0,0,0,0,0,0,0,0,0,0,0,0,0,0,0,0,0,0,0,0
l6,14=90,95,100,100,91,100,0,94,90,96,99,98,0,94,0,89,0,0,0,0,0,0,61,0,0,0,0,0,0,0,0,0,0,0,0,0,0,0,0,0
l7,14=98,100,99,97,0,80,90,0,98,100,100,0,0,91,0,16,61,0,0,0,0,0,0,0,0,0,0,0,0,0,0,0,0,0,0,0,0,0,0,0
l8,14=50,4,28,23,49,56,34,30,0,100,100,51,56,53,30,35,0,0,0,9,38,55,48,0,32,0,0,0,0,0,0,0,0,0,0,0,0,0,0,0
l9,14=81,43,0,40,48,98,63,100,98,0,100,96,0,100,32,96,39,44,0,0,41,55,0,44,0,0,0,0,0,0,0,0,0,0,0,0,0,0,0,0
l10,14=87,66,25,99,100,100,100,100,98,100,0,62,63,100,8,30,0,0,0,0,22,2,0,0,0,0,0,0,0,0,0,0,0,0,0,0,0,0,0,0
l11,14=0,0,0,0,0,0,99,0,37,98,42,0,98,98,97,99,96,98,0,0,42,58,55,54,19,52,0,0,0,0,0,0,0,0,0,0,37,0,26,0
l12,14=0,0,0,0,0,0,0,0,64,0,28,97,0,98,98,60,70,99,0,14,98,44,68,98,80,98,0,0,0,0,0,0,0,58,0,0,0,0,0,0
l13,14=7,26,0,0,48,54,44,29,38,100,99,100,97,0,54,99,25,98,0,12,0,56,0,0,64,32,0,0,0,0,0,0,0,0,0,0,0,0,26,0
l14,14=0,0,0,0,0,0,0,0,39,40,0,97,100,54,0,33,70,51,0,0,0,36,0,98,100,24,0,0,0,0,0,0,29,31,0,0,0,0,12,0
l15,14=0,0,0,0,0,38,33,0,41,98,43,100,98,98,30,0,91,98,0,46,42,57,0,71,80,29,0,0,0,0,0,0,0,0,0,0,0,0,23,0
l16,14=0,0,0,0,0,0,0,22,0,54,0,95,91,41,58,60,0,98,23,85,89,67,95,35,79,0,0,0,0,0,0,0,0,12,10,89,93,15,8,8
l17,14=0,0,0,0,0,0,0,0,0,46,0,97,98,98,61,97,80,0,0,50,98,97,71,70,90,43,0,0,0,0,0,0,0,14,0,41,37,0,60,0
l18,14=0,0,0,0,0,0,0,0,0,0,0,0,0,0,0,0,78,0,0,88,83,8,84,0,0,0,0,0,0,0,0,0,0,0,0,0,0,0,0,0
l19,14=0,0,0,0,0,0,0,0,1,0,0,0,83,3,0,50,70,94,79,0,98,93,93,0,0,0,44,0,42,81,0,0,0,0,0,84,90,47,21,87
l20,14=0,0,0,0,0,0,0,0,4,83,0,87,91,0,0,50,58,94,79,99,0,97,97,0,32,0,0,0,0,0,0,1,0,0,19,85,98,72,59,56
l21,14=0,0,0,0,0,0,0,0,49,84,7,88,86,87,53,50,58,93,0,99,98,0,98,0,73,0,0,0,0,0,0,0,0,0,0,82,87,70,51,51
l22,14=0,0,0,0,0,0,39,0,30,0,0,89,87,0,0,0,77,94,72,95,98,98,0,0,5,0,42,0,0,0,0,0,0,0,0,85,98,72,54,95
l23,14=0,0,0,0,0,0,0,0,0,45,0,51,57,0,98,32,14,50,0,0,0,0,0,0,5,100,0,0,0,0,0,0,40,33,32,0,0,0,0,0
l24,14=0,0,0,0,0,0,0,0,39,0,0,0,100,55,98,60,72,100,0,0,31,54,0,0,0,75,0,0,0,0,0,0,0,0,0,0,40,0,0,0
l25,14=0,0,0,0,4,0,0,0,0,0,0,97,100,63,58,54,0,97,0,0,0,0,0,98,100,0,0,0,9,0,0,0,45,58,66,0,0,0,0,0
l26,14=0,0,0,0,0,0,0,0,0,0,0,0,0,0,0,0,0,0,0,86,28,0,85,0,0,0,0,97,100,96,100,100,99,100,99,0,0,0,0,0
l27,14=0,0,0,0,0,0,0,0,0,0,0,0,0,0,0,0,0,0,0,0,0,0,0,0,0,0,86,0,100,100,100,87,87,83,0,0,0,0,0,0
l28,14=0,0,0,0,0,0,0,0,0,0,0,0,0,0,0,0,0,0,0,73,0,0,20,0,0,21,100,99,0,100,100,88,84,87,84,0,0,0,0,0
l29,14=0,0,0,0,0,0,0,0,0,0,0,0,0,0,0,0,0,0,0,90,0,0,0,0,0,0,86,99,100,0,100,90,89,0,84,0,0,0,0,0
l30,14=0,0,0,0,0,0,0,0,0,0,0,0,0,0,0,0,0,0,0,0,0,0,0,0,0,0,100,99,100,100,0,87,88,86,0,0,0,0,0,0
l31,14=0,0,0,0,0,0,0,0,0,0,0,0,0,0,1,0,0,0,0,0,67,0,0,0,0,0,100,88,97,96,95,0,100,100,99,0,0,0,0,0
l32,14=0,0,0,0,0,0,0,0,0,0,0,0,0,0,68,0,0,0,0,0,1,0,0,86,0,80,99,93,91,97,96,100,0,100,100,0,0,0,0,0
l33,14=0,0,0,0,0,0,0,0,0,0,0,0,97,0,95,0,92,7,0,0,0,0,0,91,0,98,100,88,99,0,99,100,100,0,100,0,0,0,0,0
l34,14=0,0,0,0,0,0,0,0,0,0,0,0,14,0,0,0,83,0,0,0,88,0,1,84,0,100,100,1,100,100,0,100,100,100,0,0,0,0,0,0
l35,14=0,0,0,0,0,0,0,0,0,0,0,0,27,0,0,0,55,58,0,81,83,69,84,0,0,0,0,0,0,0,0,0,0,0,0,0,99,94,91,91
l36,14=0,0,0,0,0,0,0,0,0,0,0,32,0,0,0,0,42,1,0,87,86,81,87,0,40,0,0,0,0,0,0,0,0,0,0,96,0,65,59,52
l37,14=0,0,0,0,0,0,0,0,0,0,0,0,0,0,0,0,0,0,0,0,84,27,86,0,0,0,0,0,0,0,0,0,0,0,0,95,90,0,42,55
l38,14=0,0,0,0,0,0,0,0,0,0,0,63,0,66,15,23,39,91,0,43,96,91,93,0,0,0,0,0,0,0,0,0,0,0,0,94,99,56,0,51
l39,14=0,0,0,0,0,0,0,0,0,0,0,0,0,0,0,0,57,0,0,89,84,86,86,0,0,0,0,0,0,0,0,0,0,0,0,86,87,71,49,0

l0,15=0,98,96,100,100,100,98,98,67,96,88,0,0,0,0,0,0,0,0,0,0,0,0,0,0,0,0,0,0,0,0,0,0,0,0,0,0,0,0,0
l1,15=96,0,96,98,97,100,98,94,0,96,98,0,0,97,61,0,0,0,0,0,0,0,0,0,29,0,0,0,0,0,0,0,0,0,0,0,0,0,0,0
l2,15=100,99,0,98,97,100,100,98,0,92,94,35,0,96,0,0,0,0,0,0,0,0,0,0,0,0,0,0,0,0,0,0,0,0,0,0,0,0,0,0
l3,15=100,99,96,0,97,100,0,0,0,0,98,0,0,0,0,0,0,0,0,0,0,0,0,0,0,0,0,0,0,0,0,0,0,0,0,0,0,0,0,0
l4,15=96,99,96,95,0,100,98,97,0,90,98,0,0,92,0,0,0,0,0,0,0,0,0,0,0,0,0,0,0,0,0,0,0,0,0,0,0,0,0,0
l5,15=96,96,96,98,100,0,98,98,96,96,98,0,0,97,0,95,0,0,0,0,0,0,0,0,0,0,0,0,0,0,0,0,0,0,0,0,0,0,0,0
l6,15=96,96,96,81,97,100,0,98,95,96,98,96,91,94,0,97,22,0,0,0,0,0,37,0,0,0,0,0,0,0,0,0,0,0,0,0,0,0,0,0
l7,15=96,85,96,56,97,100,98,0,97,96,100,0,0,92,93,0,98,0,0,0,0,0,0,0,0,0,0,0,0,0,0,0,0,0,0,0,0,0,0,0
l8,15=79,1,0,31,0,89,83,94,0,100,99,85,90,96,94,97,0,0,0,48,10,58,70,38,95,0,0,0,0,0,0,0,0,0,0,0,0,0,0,0
l9,15=98,83,0,0,78,99,97,99,100,0,100,83,0,99,43,100,85,60,0,0,97,65,5,36,0,0,0,0,0,0,0,0,0,0,0,0,0,0,0,0
l10,15=95,94,4,95,97,100,98,100,97,100,0,0,92,97,83,0,0,0,0,0,0,0,0,0,0,0,0,0,0,0,0,0,0,0,0,0,0,0,0,0
l11,15=0,0,0,0,0,0,99,0,60,75,0,0,98,99,90,100,99,99,0,2,61,62,75,95,0,98,0,0,0,0,0,0,0,0,0,0,99,0,70,0
l12,15=0,0,0,0,0,0,88,0,98,0,99,100,0,99,100,100,99,99,0,66,93,0,75,99,100,100,0,0,0,0,0,0,0,31,0,0,99,0,68,0
l13,15=0,86,56,0,85,93,93,57,60,100,99,100,100,0,98,100,93,99,0,7,0,55,31,94,94,97,0,0,0,0,0,0,0,0,0,0,0,0,0,0
l14,15=0,0,0,0,0,0,0,7,61,62,42,89,100,98,0,100,99,98,0,0,25,0,0,99,100,98,0,0,0,0,0,0,0,62,9,0,0,0,0,0
l15,15=0,0,0,0,0,83,94,0,61,76,0,100,93,99,98,0,99,99,0,0,61,63,2,99,99,95,0,0,0,0,0,0,0,0,0,67,0,0,71,0
l16,15=0,0,0,0,0,0,16,57,0,67,1,86,88,85,98,100,0,99,90,95,59,58,76,0,99,66,0,0,0,0,0,9,0,60,0,75,96,92,60,18
l17,15=0,0,0,0,0,0,0,0,0,74,0,89,93,99,98,100,99,0,0,97,62,63,76,99,99,97,0,0,0,0,0,0,0,58,0,0,98,87,71,4
l18,15=0,0,0,0,0,0,0,0,0,0,0,0,0,0,0,0,83,0,0,40,75,25,70,0,0,0,0,0,0,0,0,0,0,0,0,0,0,0,0,0
l19,15=0,0,0,0,0,0,0,0,19,0,0,0,63,0,0,0,80,78,0,0,99,96,91,0,0,0,2,0,71,64,0,0,0,0,0,0,80,0,0,43
l20,15=0,0,0,0,0,0,0,0,0,74,0,80,87,0,28,94,92,96,85,98,0,100,98,0,0,0,0,0,0,0,0,0,0,0,0,76,99,0,77,61
l21,15=0,0,0,0,0,0,0,0,56,73,7,83,0,71,0,96,89,94,0,98,100,0,100,0,57,0,0,0,23,0,0,0,0,0,31,74,96,92,98,52
l22,15=0,0,0,0,0,0,16,0,45,58,0,70,67,4,0,4,92,80,67,94,100,98,0,0,0,0,71,0,0,7,0,39,0,6,0,60,86,80,60,41
l23,15=0,0,0,0,0,0,0,0,0,49,0,88,100,81,100,100,0,99,0,0,0,0,0,0,100,100,0,0,0,0,0,0,93,99,0,0,0,0,0,0
l24,15=0,0,0,0,0,0,0,0,61,0,0,0,100,98,100,100,99,100,0,0,0,0,0,100,0,98,0,0,0,0,0,0,96,1,0,0,98,0,4,0
l25,15=0,0,0,0,0,0,0,0,0,0,0,97,100,97,97,94,81,97,0,0,0,0,0,98,100,0,40,0,41,0,0,59,95,49,94,0,0,0,0,0
l26,15=0,0,0,0,0,0,0,0,0,0,0,0,0,0,0,0,0,0,0,0,0,0,89,0,0,89,0,93,98,81,98,96,95,33,95,0,0,0,0,0
l27,15=0,0,0,0,0,0,0,0,0,0,0,0,0,0,0,0,0,0,0,0,0,0,0,0,0,0,94,0,98,83,98,95,96,76,96,0,0,0,0,0
l28,15=0,0,0,0,0,0,0,0,0,0,0,0,0,0,0,0,0,0,0,91,0,34,0,0,0,81,96,94,0,83,98,95,94,76,95,0,0,0,0,0
l29,15=0,0,0,0,0,0,0,0,0,0,0,0,0,0,0,0,0,0,0,92,0,0,20,0,0,0,96,94,98,0,98,96,96,76,96,0,0,0,0,0
l30,15=0,0,0,0,0,0,0,0,0,0,0,0,0,0,0,0,0,0,0,0,0,0,0,0,0,0,96,94,98,84,0,95,95,76,0,0,0,0,0,0
l31,15=0,0,0,0,0,0,0,0,0,0,0,0,0,0,1,0,9,0,0,0,0,0,76,0,0,94,96,91,96,81,95,0,96,84,96,0,0,0,0,0
l32,15=0,0,0,0,0,0,0,0,0,0,0,0,81,0,0,0,0,0,0,0,28,0,0,93,95,96,96,91,95,82,96,96,0,84,97,0,0,0,0,0
l33,15=0,0,0,0,0,0,0,0,0,0,0,0,90,0,96,0,97,93,0,0,0,0,40,100,81,97,58,93,97,95,92,98,98,0,98,0,0,0,0,0
l34,15=0,0,0,0,0,0,0,0,0,0,0,0,29,0,90,0,0,0,0,0,10,41,0,0,0,97,95,91,96,77,0,96,97,84,0,0,0,0,0,0
l35,15=0,0,0,0,0,0,0,0,0,0,0,0,39,0,0,71,75,0,0,0,54,41,52,0,0,0,0,0,0,0,0,0,0,0,0,0,99,98,95,92
l36,15=0,0,0,0,0,0,0,0,0,0,0,69,68,0,0,0,90,79,0,89,60,58,68,0,61,0,0,0,0,0,0,0,0,0,0,77,0,99,95,54
l37,15=0,0,0,0,0,0,0,0,0,0,0,0,0,0,0,0,72,0,0,0,0,48,63,0,0,0,0,0,0,0,0,0,0,0,0,98,96,0,76,92
l38,15=0,0,0,0,0,0,0,0,0,0,0,43,64,0,0,88,74,89,0,0,59,58,68,0,5,0,0,0,0,0,0,0,0,0,0,76,99,98,0,56
l39,15=0,0,0,0,0,0,0,0,0,0,0,0,0,0,0,0,72,0,0,91,90,58,68,0,0,0,0,0,0,0,0,0,0,0,0,99,98,99,69,0

