t=2016-04-14_00.26.10

n=40

q0=1
q1=1
q2=1
q3=1
q4=1
q5=1
q6=1
q7=1
q8=1
q9=1
q10=1
q11=1
q12=1
q13=1
q14=1
q15=1
q16=1
q17=1
q18=1
q19=1
q20=1
q21=1
q22=1
q23=1
q24=1
q25=1
q26=1
q27=1
q28=1
q29=1
q30=1
q31=1
q32=1
q33=1
q34=1
q35=1
q36=1
q37=1
q38=1
q39=1

a0=0x141592000c576ce6
a1=0x141592000c5aedbc
a2=0x141592000c5750f4
a3=0x141592000c576658
a4=0x141592000c575890
a5=0x141592000c574ffa
a6=0x141592000c5acf11
a7=0x141592000d9df361
a8=0x141592000c576300
a9=0x141592000c5779b6
a10=0x141592000c5762b9
a11=0x141592000c5af078
a12=0x141592000c575517
a13=0x141592000c5752c3
a14=0x141592000c5a4baa
a15=0x141592000c5776e7
a16=0x141592000c58cdeb
a17=0x141592000c5881fc
a18=0x141592000bd81d33
a19=0x141592000bd84d6a
a20=0x141592000c577233
a21=0x141592000c574527
a22=0x141592000c5746a3
a23=0x141592000c574da3
a24=0x141592000c5741c9
a25=0x141592000da244ea
a26=0x141592000c5ae886
a27=0x141592000c57510e
a28=0x141592000c5ab6c8
a29=0x141592000c574d05
a30=0x141592000edae61f
a31=0x141592000c57667e
a32=0x141592000c577f43
a33=0x141592000c576449
a34=0x1415920010f4117a
a35=0x141592000c575966
a36=0x141592000c574d35
a37=0x141592000c576fb1
a38=0x141592000c5aea5d
a39=0x141592000c59f23f

l0,0=0,97,91,97,92,92,89,81,90,93,0,0,0,49,0,0,0,0,0,0,0,0,0,0,0,0,0,0,0,0,0,0,0,0,0,0,0,0,0,0
l1,0=94,0,91,90,93,93,89,91,89,0,93,0,0,0,0,0,0,0,0,0,0,0,0,0,0,0,0,0,0,0,0,0,0,0,0,0,0,0,0,0
l2,0=92,93,0,0,93,93,94,92,1,92,94,0,0,71,0,0,0,0,0,0,0,0,0,0,0,0,0,0,0,0,0,0,0,0,0,0,0,0,0,0
l3,0=96,84,0,0,93,92,89,71,79,0,88,0,0,0,0,0,0,0,0,0,0,0,0,0,0,0,0,0,0,0,0,0,0,0,0,0,0,0,0,0
l4,0=57,91,91,92,0,92,59,0,0,85,88,0,0,49,0,0,0,0,0,0,0,0,0,0,0,0,0,0,0,0,0,0,0,0,0,0,0,0,0,0
l5,0=92,97,91,93,93,0,89,92,90,93,92,0,0,55,0,0,0,0,0,0,0,0,0,0,0,0,0,0,0,0,0,0,0,0,0,0,0,0,0,0
l6,0=80,83,92,81,62,87,0,92,83,80,83,32,0,71,0,45,58,0,0,0,0,0,0,0,0,0,0,0,0,0,0,0,0,0,0,0,0,0,0,0
l7,0=50,87,91,58,17,89,90,0,85,91,94,66,1,10,0,28,0,0,0,0,0,0,0,0,0,0,0,0,0,0,0,0,0,0,0,0,0,0,0,0
l8,0=31,25,0,34,0,80,80,75,0,93,53,79,68,89,25,55,79,54,0,0,0,68,27,0,42,0,0,0,0,0,0,0,0,0,0,0,0,0,52,0
l9,0=80,0,74,0,73,90,75,90,92,0,94,74,59,81,8,46,59,67,0,0,0,0,36,0,0,0,0,0,0,0,0,0,0,0,0,0,0,0,0,0
l10,0=0,81,91,72,84,81,77,92,76,95,0,69,62,89,0,67,1,0,0,0,0,0,0,0,0,0,0,0,0,0,0,0,0,0,0,0,0,0,0,0
l11,0=0,0,0,0,0,0,45,68,32,33,48,0,86,55,32,93,85,92,0,21,0,46,0,0,50,0,0,0,0,0,0,0,0,0,0,0,81,1,79,0
l12,0=0,0,0,0,0,0,0,0,29,29,37,86,0,82,89,93,83,100,0,0,24,68,0,78,95,64,0,0,0,0,0,0,0,28,0,0,68,0,83,0
l13,0=0,0,15,0,37,0,71,0,92,48,69,84,83,0,80,55,63,72,0,22,0,66,57,59,42,44,0,0,0,0,0,0,0,0,0,0,8,0,68,0
l14,0=0,0,0,0,0,0,0,0,27,8,0,82,84,32,0,43,84,83,0,0,25,0,54,66,53,67,0,0,0,0,0,0,0,28,0,0,6,0,2,0
l15,0=0,0,0,0,0,0,59,35,29,28,47,96,92,33,41,0,76,85,0,0,5,0,50,0,52,0,0,0,0,0,0,0,0,0,0,0,19,1,81,0
l16,0=0,0,0,0,0,0,40,0,30,18,0,81,82,19,33,34,0,98,0,26,21,85,75,40,50,0,0,0,0,0,0,0,0,19,0,46,71,27,88,76
l17,0=0,0,0,0,0,0,0,0,29,32,0,93,91,35,32,44,95,0,0,0,29,83,68,0,52,50,0,0,0,0,0,0,0,30,0,0,79,0,0,0
l18,0=0,0,0,0,0,0,0,0,0,0,0,0,0,0,0,0,0,0,0,0,75,3,76,0,0,0,0,0,0,0,0,0,0,0,0,0,0,0,0,0
l19,0=0,0,0,0,0,0,0,0,3,0,0,30,0,39,0,0,65,0,0,0,72,64,91,0,0,0,2,0,0,1,0,37,0,0,0,60,70,0,67,75
l20,0=0,0,0,0,0,0,0,0,0,0,0,0,71,0,20,1,68,73,59,58,0,91,91,0,0,0,0,0,0,0,0,0,0,0,6,0,97,96,98,95
l21,0=0,0,0,0,0,0,0,0,24,0,0,35,54,22,0,0,76,60,35,21,97,0,91,0,0,0,0,0,0,0,0,0,0,0,0,82,58,44,93,78
l22,0=0,0,0,0,0,0,0,0,20,8,0,0,0,19,12,13,74,51,49,92,97,91,0,0,8,0,54,0,0,0,0,0,1,0,0,68,98,52,88,81
l23,0=0,0,0,0,0,0,0,0,8,0,0,0,81,51,86,0,77,0,0,0,0,0,0,0,84,0,0,0,0,0,0,0,0,23,70,0,0,0,0,0
l24,0=0,0,0,0,0,0,0,0,30,0,0,80,91,31,82,58,81,83,0,0,0,0,27,80,0,51,0,0,0,0,0,0,22,30,70,0,0,0,22,0
l25,0=0,0,0,0,0,0,0,0,4,0,0,0,82,27,91,0,0,72,0,0,0,0,0,0,82,0,63,2,0,0,0,43,24,26,73,0,0,0,0,0
l26,0=0,0,0,0,0,0,0,0,0,0,0,0,0,0,0,0,0,0,0,25,0,0,60,0,0,50,0,76,85,90,91,88,71,64,66,0,0,0,0,0
l27,0=0,0,0,0,0,0,0,0,0,0,0,0,0,0,0,0,0,0,0,0,0,0,0,0,0,0,74,0,85,96,97,68,57,51,61,0,0,0,0,0
l28,0=0,0,0,0,0,0,0,0,0,0,0,0,0,0,0,0,0,0,0,5,0,0,0,0,0,0,89,97,0,96,96,83,63,52,57,0,0,0,0,0
l29,0=0,0,0,0,0,0,0,0,0,0,0,0,0,0,0,0,0,0,0,37,0,0,0,0,0,0,84,96,85,0,96,62,58,52,54,0,0,0,0,0
l30,0=0,0,0,0,0,0,0,0,0,0,0,0,0,0,0,0,0,0,0,0,0,0,0,0,0,0,76,97,85,96,0,65,71,61,0,0,0,0,0,0
l31,0=0,0,0,0,0,0,0,0,0,0,0,0,0,0,0,0,0,0,0,59,0,0,0,0,0,53,83,63,81,69,53,0,86,83,90,0,0,0,0,0
l32,0=0,0,0,0,0,0,0,0,0,0,0,0,0,0,0,0,0,0,0,0,0,0,3,0,51,56,77,62,72,60,53,85,0,86,92,0,0,0,0,0
l33,0=0,0,0,0,0,0,0,0,0,0,0,0,67,0,62,0,55,60,0,0,0,0,0,43,63,64,67,58,70,55,72,79,87,0,72,0,0,0,0,0
l34,0=0,0,0,0,0,0,0,0,0,0,0,0,0,0,0,0,0,0,0,0,31,0,21,63,57,70,74,66,77,64,0,87,93,74,0,0,0,0,0,0
l35,0=0,0,0,0,0,0,0,0,0,0,0,0,0,0,0,0,33,0,0,10,0,71,65,0,0,0,0,0,0,0,0,0,0,0,0,0,78,91,97,65
l36,0=0,0,0,0,0,0,0,0,0,0,0,63,42,9,0,0,62,48,0,24,30,61,90,0,0,0,0,0,0,0,0,0,0,0,0,92,0,92,98,89
l37,0=0,0,0,0,0,0,0,0,0,0,0,0,0,0,0,0,27,2,0,0,30,24,59,0,0,0,0,0,0,0,0,0,0,0,0,92,94,0,60,98
l38,0=0,0,0,0,0,0,0,0,21,0,0,58,69,20,0,33,92,0,0,23,34,91,90,0,0,0,0,0,0,0,0,0,0,0,0,93,97,59,0,95
l39,0=0,0,0,0,0,0,0,0,0,0,0,0,0,0,0,0,74,0,0,28,31,74,87,0,0,0,0,0,0,0,0,0,0,0,0,81,85,97,96,0

l0,1=0,84,81,88,75,87,81,40,40,78,50,0,0,7,0,0,0,0,0,0,0,0,0,0,0,0,0,0,0,0,0,0,0,0,0,0,0,0,0,0
l1,1=90,0,84,86,91,92,78,79,52,64,85,1,0,47,0,0,0,0,0,0,0,0,0,2,0,0,0,0,0,0,0,0,0,0,0,0,0,0,0,0
l2,1=88,92,0,74,73,95,87,85,0,80,87,0,0,0,0,6,0,0,0,0,0,0,0,0,0,0,0,0,0,0,0,0,0,0,0,0,0,0,0,0
l3,1=89,83,76,0,86,87,78,19,0,59,83,0,0,0,0,0,0,0,0,0,0,0,0,0,0,0,0,0,0,0,0,0,0,0,0,0,0,0,0,0
l4,1=70,83,65,83,0,83,73,1,65,75,82,0,0,53,0,0,0,0,0,0,0,0,0,0,0,0,0,0,0,0,0,0,0,0,0,0,0,0,0,0
l5,1=85,91,85,85,87,0,82,86,72,80,83,0,0,0,0,0,0,0,0,0,0,0,0,0,0,0,0,0,0,0,0,0,0,0,0,0,0,0,0,0
l6,1=61,48,81,47,47,77,0,87,72,40,79,39,13,46,0,0,31,0,0,0,0,0,0,0,0,0,0,0,0,0,0,0,0,0,0,0,0,0,0,0
l7,1=32,70,73,36,28,91,87,0,76,76,89,36,10,33,0,9,0,0,0,0,0,0,0,0,0,0,0,0,0,0,0,0,0,0,0,0,0,0,0,0
l8,1=5,18,0,0,45,53,72,73,0,82,76,64,0,74,31,48,37,28,0,0,0,49,35,21,0,0,0,0,0,0,0,0,0,0,0,0,0,0,9,0
l9,1=66,38,67,35,70,79,37,78,90,0,90,60,29,77,24,44,33,35,0,0,0,18,26,0,0,0,0,0,0,0,0,0,0,0,0,0,0,0,0,0
l10,1=37,65,82,59,79,79,87,91,80,86,0,55,0,81,0,39,0,0,0,0,0,2,0,0,0,0,0,0,0,0,0,0,0,0,0,0,0,0,0,0
l11,1=0,0,0,0,0,0,30,21,50,63,71,0,75,76,50,62,48,79,0,21,0,0,0,0,53,0,0,0,0,0,0,0,0,0,0,35,60,0,29,0
l12,1=0,0,0,0,0,0,1,0,0,19,0,80,0,77,83,59,51,87,0,0,29,22,5,72,92,42,0,0,0,0,0,0,0,2,0,0,0,0,32,0
l13,1=0,0,0,0,24,0,37,0,55,68,78,80,69,0,39,24,42,67,0,27,18,33,38,60,0,27,0,0,0,0,0,0,0,0,0,0,0,0,23,0
l14,1=0,0,0,0,0,0,0,0,30,42,0,63,85,57,0,34,61,46,0,0,24,31,0,71,53,68,0,0,0,0,0,0,0,0,0,0,1,0,0,0
l15,1=0,0,1,0,0,0,0,0,36,52,53,88,79,45,39,0,35,80,0,0,3,0,35,34,58,0,0,0,0,0,0,0,0,0,0,0,37,3,11,0
l16,1=0,0,0,0,0,0,4,0,18,24,0,57,49,55,45,20,0,46,0,2,30,43,52,48,38,17,0,0,0,0,0,0,9,43,2,38,35,2,26,13
l17,1=0,0,0,0,0,0,0,0,16,31,0,83,90,69,43,38,52,0,0,0,18,14,48,50,46,11,0,0,0,0,0,0,0,51,0,0,50,0,0,0
l18,1=0,0,0,0,0,0,0,0,0,0,0,0,0,0,0,0,0,0,0,57,64,65,63,0,0,0,0,0,0,0,0,0,0,0,0,0,0,0,0,0
l19,1=0,0,0,0,0,0,0,0,0,0,0,26,0,36,0,0,14,0,36,0,66,42,75,0,0,0,0,0,0,0,0,33,0,0,0,0,48,23,39,65
l20,1=0,0,0,0,0,0,0,0,0,0,0,0,42,40,28,8,50,39,54,77,0,73,75,0,0,0,0,0,0,0,0,0,0,0,1,57,68,47,64,45
l21,1=0,0,0,0,0,0,0,0,42,36,5,0,36,58,28,0,64,32,47,41,68,0,69,0,1,0,2,0,0,0,0,26,43,0,0,66,49,49,64,70
l22,1=0,0,0,0,0,0,0,0,27,31,0,0,11,46,0,19,63,35,50,80,70,74,0,0,7,0,24,0,0,5,0,0,6,0,0,57,73,43,64,71
l23,1=0,0,0,0,0,0,0,0,18,0,0,0,66,64,75,21,35,38,0,0,0,0,0,0,81,35,0,0,0,0,0,0,0,6,61,0,0,0,0,0
l24,1=0,0,0,0,0,0,0,0,0,0,0,64,84,11,48,38,48,71,0,0,0,0,16,75,0,43,0,0,0,0,0,0,47,57,48,0,0,0,0,0
l25,1=0,0,0,0,0,0,0,0,12,0,0,0,62,59,76,0,44,51,0,0,0,0,0,65,74,0,30,0,43,6,0,38,0,61,55,0,0,0,0,0
l26,1=0,0,0,0,0,0,0,0,0,0,0,0,0,0,0,0,0,0,0,0,0,0,38,0,0,38,0,58,78,70,49,81,67,60,44,0,0,0,0,0
l27,1=0,0,0,0,0,0,0,0,0,0,0,0,0,0,0,0,0,0,0,0,0,0,0,0,0,0,56,0,71,73,88,62,65,59,54,0,0,0,0,0
l28,1=0,0,0,0,0,0,0,0,0,0,0,0,0,0,0,0,0,0,0,22,16,0,0,0,0,37,74,81,0,82,81,81,54,58,51,0,0,0,0,0
l29,1=0,0,0,0,0,0,0,0,0,0,0,0,0,0,0,0,0,0,0,2,0,0,17,0,0,1,69,80,78,0,74,70,55,46,39,0,0,0,0,0
l30,1=0,0,0,0,0,0,0,0,0,0,0,0,0,0,0,0,0,0,0,0,0,0,0,0,0,0,57,86,76,80,0,56,54,61,0,0,0,0,0,0
l31,1=0,0,0,0,0,0,0,0,0,0,0,0,0,0,0,0,0,0,0,47,0,37,0,0,0,39,68,47,67,49,30,0,77,70,71,0,0,0,0,0
l32,1=0,0,0,0,0,0,0,0,0,0,0,0,0,0,0,0,34,0,0,0,0,36,9,0,47,0,67,57,50,58,38,78,0,75,79,0,0,0,0,0
l33,1=0,0,0,0,0,0,0,0,0,0,0,0,7,0,0,0,46,33,0,0,0,0,0,16,49,55,56,46,60,40,53,75,75,0,61,0,0,0,0,0
l34,1=0,0,0,0,0,0,0,0,0,0,0,0,0,0,0,0,46,0,0,0,34,0,0,55,47,47,55,50,67,43,0,78,84,70,0,0,0,0,0,0
l35,1=0,0,0,0,0,0,0,0,0,0,0,28,0,0,0,0,42,0,0,0,22,51,46,0,0,0,0,0,0,0,0,0,0,0,0,0,71,53,72,36
l36,1=0,0,0,0,0,0,0,0,0,0,0,51,0,9,0,16,38,36,0,5,40,14,65,0,0,0,0,0,0,0,0,0,0,0,0,71,0,50,47,42
l37,1=0,0,0,0,0,0,0,0,0,0,0,0,0,0,0,0,0,0,0,4,38,41,57,0,0,0,0,0,0,0,0,0,0,0,0,71,71,0,42,48
l38,1=0,0,0,0,0,0,0,0,4,0,0,52,52,54,0,6,48,0,0,42,45,54,65,0,0,0,0,0,0,0,0,0,0,0,0,71,73,54,0,47
l39,1=0,0,0,0,0,0,0,0,0,0,0,0,0,0,0,0,46,0,0,45,41,51,63,0,0,0,0,0,0,0,0,0,0,0,0,61,67,51,39,0

l0,2=0,83,81,79,85,78,75,0,16,78,0,0,0,0,0,0,0,0,0,0,0,0,0,0,0,0,0,0,0,0,0,0,0,0,0,0,0,0,0,0
l1,2=85,0,82,83,85,89,84,65,53,82,71,0,0,0,0,0,0,0,0,0,0,0,0,0,0,0,0,0,0,0,0,0,0,0,0,0,0,0,0,0
l2,2=87,88,0,78,90,92,93,80,0,85,71,0,0,0,0,0,0,0,0,0,0,0,0,0,0,0,0,0,0,0,0,0,0,0,0,0,0,0,0,0
l3,2=85,85,77,0,85,80,39,38,26,0,61,0,0,0,0,0,0,0,0,0,0,0,0,0,0,0,0,0,0,0,0,0,0,0,0,0,0,0,0,0
l4,2=78,78,76,78,0,78,81,52,58,82,57,0,0,0,0,0,0,0,0,0,0,0,0,0,0,0,0,0,0,0,0,0,0,0,0,0,0,0,0,0
l5,2=79,82,86,79,85,0,84,67,69,79,71,0,0,0,0,0,0,0,0,0,0,0,0,0,0,0,0,0,0,0,0,0,0,0,0,0,0,0,0,0
l6,2=40,74,88,29,72,76,0,48,38,65,73,18,31,34,0,35,0,0,0,0,0,0,0,0,0,0,0,0,0,0,0,0,0,0,0,0,0,0,0,0
l7,2=0,52,82,30,41,73,68,0,76,80,80,22,1,35,0,38,12,0,0,0,0,0,0,0,0,0,0,0,0,0,0,0,0,0,0,0,0,0,0,0
l8,2=0,16,0,9,39,54,42,55,0,86,60,39,0,71,0,55,37,32,0,0,0,30,32,5,45,33,0,0,0,0,0,0,0,0,0,0,0,0,20,0
l9,2=39,39,73,7,65,52,44,63,80,0,79,24,29,69,9,39,23,24,0,0,0,21,0,0,0,0,0,0,0,0,0,0,0,0,0,0,0,0,0,0
l10,2=0,58,59,42,48,67,87,84,74,86,0,25,0,64,0,36,0,11,0,0,0,0,0,33,0,0,0,0,0,0,0,0,0,0,0,0,0,0,0,0
l11,2=0,0,0,0,0,0,29,15,45,52,27,0,80,82,77,75,45,77,0,29,18,25,31,29,32,0,0,0,0,0,0,0,0,0,0,22,46,0,15,18
l12,2=0,0,0,0,0,0,39,0,0,42,0,74,0,70,81,68,58,81,0,0,0,24,4,71,87,72,0,0,0,0,0,0,0,0,0,0,0,0,29,0
l13,2=0,0,0,0,0,0,9,28,71,74,36,74,50,0,45,58,45,41,0,35,20,26,30,34,50,30,0,0,0,0,0,0,0,0,0,0,0,0,31,0
l14,2=0,0,0,0,0,0,0,0,0,7,1,54,81,48,0,51,57,53,0,0,11,0,0,76,71,71,0,0,0,0,0,0,0,34,0,0,0,0,35,0
l15,2=0,0,0,0,0,0,32,35,58,57,16,90,77,64,59,0,32,59,0,19,44,1,0,0,71,0,0,0,0,0,0,0,0,0,0,0,24,0,25,0
l16,2=0,0,0,0,0,0,0,0,45,14,0,36,61,57,68,39,0,66,0,39,59,33,59,32,64,52,0,0,0,0,0,0,0,14,0,49,53,36,42,53
l17,2=0,0,0,0,0,0,0,0,45,26,3,79,82,69,76,73,73,0,0,0,43,0,43,50,74,0,0,0,0,0,0,0,0,31,0,0,48,0,38,0
l18,2=0,0,0,0,0,0,0,0,0,0,0,0,0,4,0,0,0,0,0,63,60,40,68,0,0,0,0,0,0,0,0,0,0,0,0,0,0,0,0,0
l19,2=0,0,0,0,0,0,0,0,0,0,0,15,0,43,0,3,27,0,57,0,70,0,76,0,0,0,0,0,26,45,0,50,0,0,0,0,61,16,63,67
l20,2=0,0,0,0,0,0,0,0,0,0,0,1,0,46,1,51,67,35,53,70,0,45,71,0,2,0,0,0,0,0,0,0,0,0,28,67,65,49,70,67
l21,2=0,0,0,0,0,0,0,0,53,35,0,29,46,59,3,5,67,2,58,0,77,0,77,0,0,0,0,0,0,0,0,0,0,35,0,62,55,63,71,66
l22,2=0,0,0,0,0,0,0,0,36,0,0,24,28,45,0,0,72,37,53,76,74,50,0,0,0,0,0,0,0,41,0,0,0,0,0,59,66,56,58,68
l23,2=0,0,0,0,0,0,0,0,0,0,6,5,74,62,78,0,24,48,0,0,0,0,0,0,81,71,0,0,0,0,0,0,0,0,50,0,0,0,0,0
l24,2=0,0,0,0,0,0,0,0,57,0,0,24,81,67,77,65,55,63,0,0,8,0,0,74,0,71,0,0,0,0,0,0,18,44,34,0,32,0,5,0
l25,2=0,0,0,0,0,0,0,0,47,0,0,0,73,58,73,0,51,6,0,0,0,0,0,68,71,0,55,0,0,0,0,65,59,52,61,0,0,0,0,0
l26,2=0,0,0,0,0,0,0,0,0,0,0,0,0,0,0,0,0,0,0,0,0,0,0,0,0,46,0,30,91,80,74,81,70,62,67,0,0,0,0,0
l27,2=0,0,0,0,0,0,0,0,0,0,0,0,0,0,0,0,0,0,0,0,0,0,0,0,0,0,42,0,83,81,90,75,66,49,61,0,0,0,0,0
l28,2=0,0,0,0,0,0,0,0,0,0,0,0,0,0,0,0,0,0,0,47,8,0,14,0,0,0,81,89,0,88,82,81,56,63,65,0,0,0,0,0
l29,2=0,0,0,0,0,0,0,0,0,0,0,0,0,0,0,0,0,0,0,49,0,0,42,0,0,0,79,88,91,0,80,73,62,0,19,0,0,0,0,0
l30,2=0,0,0,0,0,0,0,0,0,0,0,0,0,0,0,0,0,0,0,0,0,0,0,0,0,0,69,90,87,74,0,54,66,62,45,0,0,0,0,0
l31,2=0,0,0,0,0,0,0,0,0,0,0,0,0,0,0,0,0,0,0,52,0,0,0,7,0,57,76,67,75,67,56,0,75,63,78,0,0,0,0,0
l32,2=0,0,0,0,0,0,0,0,0,0,0,0,0,0,0,0,0,0,0,0,0,0,0,0,21,63,72,66,68,70,63,81,0,64,82,0,0,0,0,0
l33,2=0,0,0,0,0,0,0,0,0,0,0,0,0,0,59,0,24,25,0,0,0,26,0,6,50,66,67,38,70,0,58,76,70,0,70,0,0,0,0,0
l34,2=0,0,0,0,0,0,0,0,0,0,0,0,0,0,0,0,0,0,0,0,47,0,0,48,51,65,66,55,69,38,48,79,75,70,0,0,0,0,0,0
l35,2=0,0,0,0,0,0,0,0,0,0,0,0,0,0,0,0,57,0,0,0,56,34,61,0,0,0,0,0,0,0,0,0,0,0,0,0,72,60,71,65
l36,2=0,0,0,0,0,0,0,0,0,0,0,27,0,0,0,10,61,40,0,60,69,28,69,0,24,0,0,0,0,0,0,0,0,0,0,72,0,66,69,40
l37,2=0,0,0,0,0,0,0,0,0,0,0,0,0,0,0,0,31,0,0,2,45,40,66,0,0,0,0,0,0,0,0,0,0,0,0,72,72,0,71,72
l38,2=0,0,0,0,0,0,0,0,13,0,0,0,30,60,46,34,59,28,0,59,72,40,61,0,0,0,0,0,0,0,0,0,0,0,0,72,75,63,0,67
l39,2=0,0,0,0,0,0,0,0,0,0,0,0,0,0,0,0,61,0,0,64,67,39,69,0,0,0,0,0,0,0,0,0,0,0,0,67,56,63,67,0

l0,3=0,88,86,86,87,86,0,40,38,72,0,0,0,0,0,0,0,0,0,0,0,0,0,0,0,0,0,0,0,0,0,0,0,0,0,0,0,0,0,0
l1,3=83,0,85,90,88,93,89,82,81,82,39,0,0,0,0,0,0,0,0,0,0,0,0,0,0,0,0,0,0,0,0,0,0,0,0,0,0,0,0,0
l2,3=83,88,0,89,87,93,94,87,83,83,88,0,0,76,0,0,0,0,0,0,0,0,0,0,0,0,0,0,0,0,0,0,0,0,0,0,0,0,0,0
l3,3=82,88,85,0,82,86,88,0,78,18,79,0,0,0,0,0,0,0,0,0,0,0,0,0,0,0,0,0,0,0,0,0,0,0,0,0,0,0,0,0
l4,3=84,86,86,39,0,86,55,0,52,72,0,0,0,0,0,0,0,0,0,0,0,0,0,0,0,0,0,0,0,0,0,0,0,0,0,0,0,0,0,0
l5,3=83,91,92,90,87,0,90,85,88,84,87,52,0,75,0,0,0,0,0,0,0,0,0,0,0,0,0,0,0,0,0,0,0,0,0,0,0,0,0,0
l6,3=0,88,92,88,86,87,0,81,83,81,89,76,68,43,0,63,69,0,0,0,0,0,0,0,0,0,0,0,0,0,0,0,0,0,0,0,0,0,0,0
l7,3=59,77,86,0,0,86,87,0,89,84,90,0,0,74,0,72,64,0,0,0,0,0,0,0,0,0,0,0,0,0,0,0,0,0,0,0,0,0,0,0
l8,3=0,20,26,27,36,41,37,86,0,85,87,62,24,79,0,81,47,35,0,0,0,39,31,11,32,9,0,0,0,0,0,0,0,0,0,0,0,0,14,0
l9,3=31,28,31,20,48,41,56,83,93,0,93,35,27,79,37,36,0,1,0,0,28,9,0,0,0,0,0,0,0,0,0,0,0,0,0,0,0,0,0,0
l10,3=0,19,82,29,0,75,90,92,89,91,0,35,24,79,34,25,0,0,0,0,0,0,0,30,8,0,0,0,0,0,0,0,0,0,0,0,0,0,21,0
l11,3=0,0,0,0,0,30,44,0,81,38,39,0,89,81,85,88,37,87,0,26,36,33,35,49,76,11,0,0,0,0,0,0,0,0,0,0,43,22,74,0
l12,3=0,0,0,0,0,0,37,0,34,23,0,96,0,37,99,86,46,97,0,25,0,35,24,83,94,88,0,0,0,0,0,0,0,13,0,18,0,0,42,0
l13,3=0,0,29,0,0,31,11,30,93,85,44,94,45,0,2,73,43,40,24,25,39,22,31,42,28,25,0,0,0,0,0,0,0,0,0,0,1,0,34,0
l14,3=0,0,0,0,0,0,0,0,0,36,35,99,95,13,0,32,48,31,0,0,39,0,17,92,93,36,0,0,0,0,0,0,0,26,10,0,0,0,43,0
l15,3=0,0,0,0,0,0,36,31,83,60,20,99,91,79,40,0,79,77,0,8,43,16,0,43,86,0,0,0,0,0,0,0,0,0,0,0,0,0,43,26
l16,3=0,0,0,0,0,0,31,20,38,0,0,3,43,21,66,34,0,81,22,27,79,72,71,38,35,29,0,0,0,0,0,0,0,23,0,2,40,32,38,38
l17,3=0,0,0,0,0,0,0,0,75,0,0,96,95,70,28,76,91,0,0,0,70,33,33,50,81,0,0,0,0,0,0,0,0,6,0,27,71,0,46,32
l18,3=0,0,0,0,0,0,0,0,0,0,0,0,0,46,0,0,55,0,0,77,71,60,65,0,0,0,0,0,0,0,0,0,0,0,0,0,0,0,0,0
l19,3=0,0,0,0,0,0,0,0,0,0,0,1,6,43,0,0,69,0,62,0,91,85,93,0,0,0,0,0,54,72,0,50,0,0,0,68,85,0,77,81
l20,3=0,0,0,0,0,0,0,0,0,42,0,7,0,43,43,71,88,69,50,88,0,92,91,0,58,0,2,0,0,0,0,0,0,0,0,73,86,78,85,88
l21,3=0,0,0,0,0,0,0,0,83,34,0,25,16,37,0,36,88,66,56,89,92,0,92,0,0,0,0,0,0,0,0,0,0,50,0,85,84,73,83,74
l22,3=0,0,0,0,0,0,0,0,66,0,0,23,8,54,8,0,89,40,48,96,96,93,0,0,0,0,0,0,0,66,0,0,0,0,0,92,81,76,57,90
l23,3=0,0,0,0,0,0,0,0,7,0,0,37,84,28,89,31,35,36,0,0,0,0,0,0,92,87,0,0,0,0,0,2,0,0,0,0,0,0,0,0
l24,3=0,0,0,0,0,0,0,0,43,0,0,40,95,25,90,77,45,79,0,0,41,0,0,91,0,84,0,0,0,0,0,0,0,30,0,0,34,0,38,0
l25,3=0,0,0,0,0,0,0,0,30,0,0,9,87,25,80,0,41,0,0,0,0,0,0,84,82,0,6,0,0,0,0,37,39,53,49,0,0,0,0,0
l26,3=0,0,0,0,0,0,0,0,0,0,0,0,0,0,0,0,0,0,0,10,32,0,0,0,0,16,0,75,97,90,94,96,81,68,81,0,0,0,0,0
l27,3=0,0,0,0,0,0,0,0,0,0,0,0,0,0,0,0,0,0,0,0,0,0,0,0,0,0,82,0,91,88,99,87,77,0,1,0,0,0,0,0
l28,3=0,0,0,0,0,0,0,0,0,0,0,0,0,0,0,0,0,0,0,61,0,0,36,0,0,0,94,100,0,93,91,91,76,83,79,0,0,0,0,0
l29,3=0,0,0,0,0,0,0,0,0,0,0,0,0,0,0,0,0,0,0,64,0,0,58,0,0,0,94,100,97,0,88,70,72,64,72,0,0,0,0,0
l30,3=0,0,0,0,0,0,0,0,0,0,0,0,0,0,0,0,0,0,0,0,0,0,0,0,0,0,87,100,84,86,0,76,80,66,0,0,0,0,0,0
l31,3=0,0,0,0,0,0,0,0,0,0,0,0,0,0,0,0,0,0,0,62,0,0,0,46,0,66,94,73,74,72,68,0,97,93,95,0,0,0,0,0
l32,3=0,0,0,0,0,0,0,0,0,0,0,0,5,0,0,0,0,0,0,0,0,0,0,0,0,75,90,74,74,80,80,98,0,92,97,0,0,0,0,0
l33,3=0,0,0,0,0,0,0,0,0,0,0,0,29,0,22,0,55,3,0,0,0,24,0,0,73,90,57,0,83,66,51,90,86,0,91,0,0,0,0,0
l34,3=0,0,0,0,0,0,0,0,0,0,0,0,0,0,31,0,0,0,0,0,39,0,0,23,0,83,83,22,73,73,39,97,97,95,0,0,0,0,0,0
l35,3=0,0,0,0,0,0,0,0,0,0,0,0,3,0,0,0,1,11,0,41,78,61,81,0,0,0,0,0,0,0,0,0,0,0,0,0,86,77,83,87
l36,3=0,0,0,0,0,0,0,0,0,0,0,10,1,13,0,0,70,65,0,67,79,75,65,0,25,0,0,0,0,0,0,0,0,0,0,92,0,77,83,74
l37,3=0,0,0,0,0,0,0,0,0,0,0,0,0,0,0,0,72,0,0,0,85,78,82,0,0,0,0,0,0,0,0,0,0,0,0,92,87,0,76,87
l38,3=0,0,0,0,0,0,0,0,2,0,0,41,7,46,64,56,60,56,0,71,90,76,54,0,41,0,0,0,0,0,0,0,0,0,0,93,89,66,0,88
l39,3=0,0,0,0,0,0,0,0,0,0,0,0,0,0,0,0,80,3,0,71,89,8,85,0,0,0,0,0,0,0,0,0,0,0,0,93,85,78,85,0

l0,4=0,93,67,83,84,82,0,24,76,86,0,0,0,0,0,0,0,0,0,0,0,0,0,0,0,0,0,0,0,0,0,0,0,0,0,0,0,0,0,0
l1,4=87,0,82,87,92,91,80,70,75,78,84,0,0,7,0,0,0,0,0,0,0,0,0,0,0,0,0,0,0,0,0,0,0,0,0,0,0,0,0,0
l2,4=75,86,0,78,90,89,80,78,79,80,89,0,0,81,0,10,0,0,0,0,0,0,0,0,0,0,0,0,0,0,0,0,0,0,0,0,0,0,0,0
l3,4=85,90,85,0,82,83,62,0,78,0,0,0,0,0,0,0,0,0,0,0,0,0,0,0,0,0,0,0,0,0,0,0,0,0,0,0,0,0,0,0
l4,4=87,94,88,85,0,91,73,70,76,73,76,0,0,12,0,0,0,0,0,0,0,0,0,0,0,0,0,0,0,0,0,0,0,0,0,0,0,0,0,0
l5,4=79,92,89,78,84,0,77,85,80,82,90,0,0,74,0,68,0,0,0,0,0,0,0,0,0,0,0,0,0,0,0,0,0,0,0,0,0,0,0,0
l6,4=0,93,88,69,84,86,0,92,75,84,95,78,76,0,0,69,76,0,0,0,0,0,0,0,0,0,0,0,0,0,0,0,0,0,0,0,0,0,0,0
l7,4=47,76,83,0,75,90,79,0,85,89,96,77,0,77,0,77,1,0,0,0,0,0,0,0,0,0,0,0,0,0,0,0,0,0,0,0,0,0,0,0
l8,4=67,78,34,60,76,67,54,80,0,88,83,77,83,91,83,78,78,77,0,0,37,67,71,0,0,0,0,0,0,0,0,0,0,0,0,0,0,0,0,0
l9,4=70,79,70,3,75,73,73,90,85,0,97,78,0,88,0,64,0,75,0,0,67,0,77,0,0,0,0,0,0,0,0,0,0,0,0,0,0,0,0,0
l10,4=0,79,87,4,67,87,79,92,85,89,0,80,81,88,83,77,0,57,0,0,0,0,0,67,0,0,0,0,0,0,0,0,0,0,0,0,0,0,0,0
l11,4=0,0,0,0,0,0,62,73,80,76,83,0,86,86,86,93,82,81,0,0,1,71,74,79,73,70,0,0,0,0,0,0,0,0,0,0,77,55,84,0
l12,4=0,0,0,0,0,0,31,0,79,0,81,82,0,91,93,85,90,91,0,22,68,0,0,82,85,87,0,0,0,0,0,0,68,73,0,65,56,0,85,0
l13,4=0,0,70,0,0,13,0,50,82,79,82,80,86,0,85,80,78,80,0,58,73,57,76,77,0,79,0,0,0,0,0,0,0,0,0,0,5,0,38,0
l14,4=0,0,0,0,0,0,0,0,80,0,82,84,93,81,0,0,84,41,0,0,78,0,28,86,90,84,0,0,0,0,0,0,0,81,78,0,35,0,86,0
l15,4=0,0,0,0,0,62,60,78,80,74,81,92,86,87,0,0,78,76,0,3,71,67,73,77,80,24,0,0,0,0,0,0,0,0,0,0,78,57,82,0
l16,4=0,0,0,0,0,0,55,0,80,0,0,78,91,78,90,79,0,88,65,75,79,74,80,76,77,83,0,0,0,0,0,0,0,0,0,81,75,73,87,79
l17,4=0,0,0,0,0,0,0,0,80,77,49,84,93,83,41,79,94,0,0,9,76,65,73,72,84,8,0,0,0,0,0,0,0,0,0,77,80,0,84,77
l18,4=0,0,0,0,0,0,0,0,0,0,0,0,0,0,0,0,80,0,0,80,52,82,79,0,0,0,0,0,0,0,0,0,0,0,0,0,0,0,0,0
l19,4=0,0,0,0,0,0,0,0,0,0,0,0,48,64,0,0,79,0,76,0,91,89,92,0,0,0,7,0,0,70,0,0,0,0,0,82,80,28,82,82
l20,4=0,0,0,0,0,0,0,0,39,60,0,0,73,73,81,76,88,72,30,89,0,90,92,0,68,0,0,0,61,0,0,0,39,0,0,81,88,83,94,80
l21,4=0,0,0,0,0,0,0,0,84,0,0,71,0,64,0,72,93,60,74,89,91,0,92,0,26,0,0,0,0,0,0,0,0,52,0,76,85,82,93,91
l22,4=0,0,0,0,0,0,0,0,70,76,0,68,1,73,24,51,83,56,76,96,93,90,0,0,0,0,62,0,0,55,0,0,48,46,0,23,90,86,94,66
l23,4=0,0,0,0,0,0,0,0,0,0,2,84,93,89,95,82,78,41,0,0,0,0,0,0,91,91,0,0,0,0,0,0,0,79,84,0,0,0,0,0
l24,4=0,0,0,0,0,0,0,0,0,0,0,75,93,0,95,86,84,87,0,0,76,5,0,95,0,87,0,0,0,0,0,0,0,81,0,0,0,0,0,0
l25,4=0,0,0,0,0,0,0,0,0,0,0,50,93,79,96,23,81,12,0,0,0,0,0,96,94,0,0,0,0,65,0,72,88,96,88,0,0,0,0,0
l26,4=0,0,0,0,0,0,0,0,0,0,0,0,0,0,0,0,0,0,0,36,0,0,82,0,0,0,0,86,100,100,100,100,97,87,98,0,0,0,0,0
l27,4=0,0,0,0,0,0,0,0,0,0,0,0,0,0,0,0,0,0,0,0,0,0,0,0,0,0,99,0,100,100,100,97,92,0,87,0,0,0,0,0
l28,4=0,0,0,0,0,0,0,0,0,0,0,0,0,0,0,0,0,0,0,1,84,0,0,0,0,0,100,99,0,100,100,96,98,99,99,0,0,0,0,0
l29,4=0,0,0,0,0,0,0,0,0,0,0,0,0,0,0,0,0,0,0,87,0,0,79,0,0,80,100,99,100,0,100,87,92,91,97,0,0,0,0,0
l30,4=0,0,0,0,0,0,0,0,0,0,0,0,0,0,0,0,0,0,0,0,0,0,0,0,0,0,98,99,98,99,0,99,95,92,0,0,0,0,0,0
l31,4=0,0,0,0,0,0,0,0,0,0,0,0,0,0,0,0,0,0,0,0,0,0,0,0,0,90,100,87,89,92,91,0,100,100,100,0,0,0,0,0
l32,4=0,0,0,0,0,0,0,0,0,0,0,0,90,0,0,0,0,0,0,0,77,0,75,0,0,96,97,91,98,98,99,100,0,100,100,0,0,0,0,0
l33,4=0,0,0,0,0,0,0,0,0,0,0,0,77,0,81,0,0,0,0,0,0,43,51,80,84,97,81,0,89,87,83,100,100,0,100,0,0,0,0,0
l34,4=0,0,0,0,0,0,0,0,0,0,0,0,0,0,85,0,0,0,0,0,4,0,0,89,26,96,97,78,98,98,1,100,100,100,0,0,0,0,0,0
l35,4=0,0,0,0,0,0,0,0,0,0,0,0,39,0,0,0,70,41,0,44,68,37,18,0,0,0,0,0,0,0,0,0,0,0,0,0,87,88,85,82
l36,4=0,0,0,0,0,0,0,0,0,0,0,45,49,20,4,48,59,62,0,64,78,58,76,0,0,0,0,0,0,0,0,0,0,0,0,87,0,88,84,82
l37,4=0,0,0,0,0,0,0,0,0,0,0,0,0,0,0,4,49,0,0,14,72,60,79,0,0,0,0,0,0,0,0,0,0,0,0,93,88,0,87,79
l38,4=0,0,0,0,0,0,0,0,0,0,0,70,74,18,80,72,80,63,0,71,87,64,86,0,0,0,0,0,0,0,0,0,0,0,0,91,84,85,0,90
l39,4=0,0,0,0,0,0,0,0,0,0,0,0,0,0,0,0,74,49,0,76,73,72,56,0,0,0,0,0,0,0,0,0,0,0,0,88,86,85,87,0

l0,5=0,85,71,77,73,74,67,0,0,75,76,0,0,0,0,0,0,0,0,0,0,0,0,0,0,0,0,0,0,0,0,0,0,0,0,0,0,0,0,0
l1,5=89,0,82,77,87,81,81,33,0,76,78,0,1,3,0,0,0,0,0,0,0,0,0,4,0,0,0,0,0,0,0,0,0,0,0,0,0,0,0,0
l2,5=74,71,0,77,75,79,70,30,0,76,78,0,0,11,0,0,0,0,0,0,0,0,0,0,0,0,0,0,0,0,0,0,0,0,0,0,0,0,0,0
l3,5=73,67,71,0,86,79,66,0,14,55,0,0,0,0,0,0,0,0,0,0,0,0,0,0,0,0,0,0,0,0,0,0,0,0,0,0,0,0,0,0
l4,5=64,85,80,84,0,82,77,51,56,0,72,0,0,50,0,0,0,0,0,0,0,0,0,0,0,0,0,0,0,0,0,0,0,0,0,0,0,0,0,0
l5,5=66,87,78,77,85,0,64,58,51,75,79,39,0,74,0,0,0,0,0,0,0,0,0,0,0,0,0,0,0,0,0,0,0,0,0,0,0,0,0,0
l6,5=58,72,70,71,71,68,0,64,33,76,76,38,0,0,0,0,28,0,0,4,0,0,0,0,0,0,0,0,0,0,0,0,0,0,0,0,0,0,0,0
l7,5=0,61,50,65,67,75,68,0,57,70,86,67,0,41,0,71,0,0,0,0,0,0,0,0,0,0,0,0,0,0,0,0,0,0,0,0,0,0,0,0
l8,5=0,0,0,24,73,50,35,55,0,84,80,64,1,87,52,72,27,26,0,0,6,29,21,23,66,0,0,0,0,0,0,0,0,0,0,0,1,0,0,0
l9,5=63,66,69,72,0,75,68,58,63,0,82,76,0,85,4,71,21,40,0,0,33,0,24,0,62,0,0,0,0,0,0,0,0,0,0,0,0,0,54,0
l10,5=62,63,71,0,63,75,68,63,58,85,0,70,1,72,57,65,0,38,0,0,0,0,0,0,0,0,0,0,0,0,0,0,0,0,0,0,0,0,0,0
l11,5=0,0,0,0,0,41,28,27,40,51,75,0,27,64,76,88,29,34,0,0,38,21,19,25,53,49,0,0,0,0,0,0,0,0,0,0,43,39,65,0
l12,5=0,0,0,0,0,0,0,0,0,0,0,51,0,54,80,67,44,90,0,0,31,0,0,35,78,71,0,0,0,0,0,0,42,11,0,39,38,0,61,0
l13,5=0,0,0,0,29,56,0,0,68,80,68,75,47,0,69,79,27,49,0,15,37,0,24,27,45,53,0,0,0,0,0,0,0,0,0,25,3,0,0,0
l14,5=0,0,0,0,0,0,0,0,22,15,49,31,76,54,0,56,29,29,0,0,48,0,20,51,81,72,0,0,0,0,0,11,0,58,53,0,7,0,64,0
l15,5=0,0,0,0,0,0,0,35,34,40,65,87,40,90,64,0,25,30,0,0,1,24,21,28,75,51,0,0,0,0,0,0,0,0,0,0,39,0,62,43
l16,5=0,0,0,0,0,0,25,0,20,25,0,23,27,45,72,38,0,34,0,45,52,28,21,0,55,47,0,0,0,0,0,1,0,28,35,44,36,31,63,42
l17,5=0,0,0,0,0,0,0,0,29,39,38,29,76,66,76,68,51,0,0,14,67,21,14,0,76,59,0,0,0,0,0,0,0,0,0,42,47,13,0,14
l18,5=0,0,0,0,0,0,0,0,0,0,0,0,0,0,0,0,0,0,0,0,0,55,45,0,0,0,0,0,0,0,0,0,0,0,0,0,0,0,0,0
l19,5=0,0,0,0,0,0,0,0,0,0,0,0,0,11,0,0,19,0,0,0,79,57,76,0,0,0,39,0,0,15,0,0,0,0,0,0,36,0,0,43
l20,5=0,0,0,0,0,0,0,0,1,12,0,12,12,31,39,0,37,39,0,76,0,59,76,0,24,0,0,0,13,0,0,0,18,0,0,49,49,38,73,48
l21,5=0,0,0,0,0,0,0,0,17,6,0,10,0,0,0,34,37,12,30,68,71,0,68,0,25,0,0,0,0,0,0,0,0,0,0,52,46,51,60,64
l22,5=0,0,0,0,0,0,0,0,13,27,0,5,0,39,26,38,21,3,10,79,80,42,0,0,0,0,41,0,0,7,0,0,0,0,0,10,56,53,77,49
l23,5=0,0,0,0,0,0,0,0,36,0,0,63,64,62,71,61,0,0,0,0,0,0,0,0,81,74,0,0,0,0,0,0,0,63,66,0,0,0,0,0
l24,5=0,0,0,0,0,0,0,0,34,38,0,24,76,37,81,72,63,77,0,0,32,20,0,82,0,71,0,0,0,0,0,0,0,62,42,0,35,0,0,0
l25,5=0,0,0,0,0,0,0,0,0,0,0,18,66,43,73,53,26,21,0,0,0,0,0,81,77,0,0,0,0,30,0,0,66,72,60,0,0,0,0,0
l26,5=0,0,0,0,0,0,0,0,0,0,0,0,0,0,0,0,0,0,0,43,13,0,42,0,0,0,0,71,89,93,82,88,79,57,67,0,0,0,0,0
l27,5=0,0,0,0,0,0,0,0,0,0,0,0,0,0,0,0,0,0,0,0,0,0,0,0,0,0,83,0,89,83,93,76,72,0,0,0,0,0,0,0
l28,5=0,0,0,0,0,0,0,0,0,0,0,0,0,0,0,0,0,0,0,0,42,0,12,0,0,0,89,89,0,93,89,73,76,72,64,0,0,0,0,0
l29,5=0,0,0,0,0,0,0,0,0,0,0,0,0,0,0,0,0,0,0,49,0,0,35,0,0,43,89,87,89,0,88,52,61,62,58,0,0,0,0,0
l30,5=0,0,0,0,0,0,0,0,0,0,0,0,0,0,0,0,0,0,0,0,0,0,0,0,0,0,87,89,89,92,0,75,0,71,0,0,0,0,0,0
l31,5=0,0,0,0,0,0,0,0,0,0,0,0,0,0,16,0,1,0,0,0,0,0,0,0,0,0,84,52,64,50,64,0,89,75,74,0,0,0,0,0
l32,5=0,0,0,0,0,0,0,0,0,0,0,0,26,0,0,0,0,0,0,0,40,0,0,8,0,63,86,48,67,73,11,94,0,76,82,0,0,0,0,0
l33,5=0,0,0,0,0,0,0,0,0,0,0,0,12,0,60,0,16,0,0,0,0,0,0,65,64,63,72,0,67,69,68,67,65,0,70,0,0,0,0,0
l34,5=0,0,0,0,0,0,0,0,0,0,0,0,9,0,45,0,34,0,0,0,20,0,0,70,47,58,74,0,67,69,0,90,93,89,0,0,0,0,0,0
l35,5=0,0,0,0,0,0,0,0,0,0,0,0,6,16,0,0,9,7,0,0,25,15,1,0,0,0,0,0,0,0,0,0,0,0,0,0,38,6,41,39
l36,5=0,0,0,0,0,0,0,0,1,0,0,13,11,10,0,24,17,22,0,42,47,20,22,0,15,0,0,0,0,0,0,0,0,0,0,53,0,60,65,52
l37,5=0,0,0,0,0,0,0,0,0,0,0,6,0,0,0,0,9,0,0,0,33,20,20,0,0,0,0,0,0,0,0,0,0,0,0,13,41,0,58,50
l38,5=0,0,0,0,0,0,0,0,0,20,0,15,15,0,44,38,24,0,0,0,61,21,22,0,0,0,0,0,0,0,0,0,0,0,0,56,55,65,0,61
l39,5=0,0,0,0,0,0,0,0,0,0,0,0,0,0,0,11,13,0,0,32,41,31,21,0,0,0,0,0,0,0,0,0,0,0,0,53,45,56,70,0

l0,6=0,89,74,78,84,79,65,4,0,59,51,0,0,0,0,0,0,0,0,0,0,0,0,0,0,0,0,0,0,0,0,0,0,0,0,0,0,0,0,0
l1,6=87,0,77,82,85,80,71,36,0,76,46,0,0,0,0,0,0,0,0,0,0,0,0,40,0,0,0,0,0,0,0,0,0,0,0,0,0,0,0,0
l2,6=77,81,0,72,80,79,68,51,59,81,58,0,0,46,0,0,0,0,0,0,0,0,0,0,0,0,0,0,0,0,0,0,0,0,0,0,0,0,0,0
l3,6=60,79,66,0,86,79,65,0,0,70,0,0,0,0,0,0,0,0,0,0,0,0,0,0,0,0,0,0,0,0,0,0,0,0,0,0,0,0,0,0
l4,6=82,86,79,87,0,83,70,47,58,0,51,0,0,1,0,0,0,0,0,0,0,0,0,37,0,0,0,0,0,0,0,0,0,0,0,0,0,0,0,0
l5,6=79,80,75,78,76,0,58,71,65,78,68,0,0,53,0,0,0,0,0,0,0,0,0,0,0,0,0,0,0,0,0,0,0,0,0,0,0,0,0,0
l6,6=57,75,49,57,58,47,0,63,56,75,62,51,1,15,0,0,41,0,0,0,0,0,1,0,0,0,0,0,0,0,0,0,0,0,0,0,0,0,0,0
l7,6=22,31,40,19,41,75,64,0,71,78,69,49,0,0,0,55,0,0,0,0,0,0,0,0,0,0,0,0,0,0,0,0,0,0,0,0,0,0,0,0
l8,6=0,0,21,0,52,43,46,57,0,78,68,59,44,73,24,46,45,60,0,0,41,41,29,24,22,4,0,0,0,0,0,0,0,0,0,0,0,0,0,0
l9,6=21,40,46,30,0,69,60,62,74,0,74,53,34,69,27,54,26,23,0,0,6,0,19,0,0,0,0,0,0,0,0,0,0,0,0,0,0,0,11,0
l10,6=39,43,47,0,50,60,64,75,73,83,0,54,0,57,0,49,33,0,0,0,0,0,0,0,0,0,0,0,0,0,0,0,0,0,0,0,0,0,0,0
l11,6=0,0,0,0,0,0,34,28,51,38,34,0,60,52,36,72,38,30,0,0,32,0,0,6,26,23,0,0,0,0,0,0,0,0,0,0,13,16,44,0
l12,6=0,0,0,0,0,0,0,0,38,41,0,70,0,56,52,57,52,39,0,0,31,0,2,37,63,55,0,0,0,0,0,0,0,20,7,0,17,0,23,0
l13,6=0,0,0,0,0,5,2,0,69,71,29,51,40,0,30,60,31,38,0,21,5,0,17,20,28,0,0,0,0,0,0,0,0,0,0,21,20,0,19,0
l14,6=0,0,0,0,0,0,0,0,37,32,0,52,65,57,0,38,31,36,0,0,36,0,21,58,55,49,0,0,0,0,0,1,0,24,3,0,0,0,34,0
l15,6=0,0,0,0,0,0,0,33,39,55,32,79,62,66,33,0,43,36,0,0,6,34,16,36,37,3,0,0,0,0,0,0,0,0,0,1,2,0,47,0
l16,6=0,0,0,0,0,0,16,0,33,24,26,58,64,23,14,45,0,38,10,19,30,38,25,4,32,27,0,0,0,0,0,0,0,5,2,29,14,5,51,30
l17,6=0,0,0,0,0,0,0,0,44,25,0,60,64,62,39,54,53,0,0,0,46,36,5,0,34,30,0,0,0,0,0,0,0,8,0,0,23,8,31,0
l18,6=0,0,0,0,0,0,0,0,0,0,0,0,0,4,0,0,26,0,0,29,0,30,0,0,0,0,0,0,0,0,0,0,0,0,0,0,0,0,0,0
l19,6=0,0,0,0,0,0,0,0,0,0,0,0,0,29,0,0,21,0,19,0,59,34,62,0,0,0,0,0,0,0,0,22,0,0,0,19,28,18,25,31
l20,6=0,0,0,0,0,0,0,0,26,0,0,7,30,0,20,0,18,27,0,55,0,63,61,0,0,0,0,0,1,0,0,0,0,7,0,10,23,23,47,39
l21,6=0,0,0,0,0,0,0,0,27,1,0,0,4,0,0,28,23,19,22,36,59,0,58,0,0,0,0,0,0,0,0,0,0,0,0,26,18,22,30,38
l22,6=0,0,0,0,0,0,0,0,28,22,0,0,25,29,20,26,25,17,0,53,62,59,0,0,0,0,29,0,0,0,0,0,0,0,0,25,44,4,44,40
l23,6=0,3,0,0,11,0,0,0,29,0,0,34,60,46,67,44,35,0,0,0,0,0,0,0,64,58,0,0,0,0,0,26,21,40,40,0,0,0,0,0
l24,6=0,0,0,0,0,0,0,0,43,0,0,44,73,55,60,56,45,63,0,0,4,0,0,72,0,50,0,0,0,0,0,0,0,41,20,0,0,0,9,0
l25,6=0,0,0,0,0,0,0,0,12,0,0,27,71,0,63,9,35,27,0,0,0,0,0,70,58,0,0,0,0,0,0,0,30,46,0,0,0,0,0,0
l26,6=0,0,0,0,0,0,0,0,0,0,0,0,0,0,0,0,0,0,0,0,5,0,33,0,0,0,0,47,83,66,45,59,66,30,38,0,0,0,0,0
l27,6=0,0,0,0,0,0,0,0,0,0,0,0,0,0,0,0,0,0,0,0,0,0,0,0,0,0,56,0,78,72,81,46,47,0,0,0,0,0,0,0
l28,6=0,0,0,0,0,0,0,0,0,0,0,0,0,0,0,0,0,0,0,0,27,0,26,0,0,0,64,88,0,77,81,55,49,53,45,0,0,0,0,0
l29,6=0,0,0,0,0,0,0,0,0,0,0,0,0,0,0,0,0,0,0,0,0,0,0,0,0,0,64,77,83,0,34,40,41,37,24,0,0,0,0,0
l30,6=0,0,0,0,0,0,0,0,0,0,0,0,0,0,0,0,0,0,0,0,0,0,0,0,0,0,60,88,79,35,0,45,0,0,32,0,0,0,0,0
l31,6=0,0,0,0,0,0,0,0,0,0,0,0,0,0,0,0,0,0,0,22,0,0,0,30,0,0,58,43,53,36,34,0,71,57,55,0,0,0,0,0
l32,6=0,0,0,0,0,0,0,0,0,0,0,0,0,0,0,0,0,0,0,0,0,0,0,23,0,34,59,29,52,44,0,70,0,69,75,0,0,0,0,0
l33,6=0,0,0,0,0,0,0,0,0,0,0,0,44,0,48,0,30,42,0,0,33,0,0,49,42,44,39,0,53,36,28,63,67,0,61,0,0,0,0,0
l34,6=0,0,0,0,0,0,0,0,0,0,0,0,37,0,34,0,28,0,0,10,0,0,0,40,36,0,43,0,52,32,34,66,79,66,0,0,0,0,0,0
l35,6=0,0,0,0,0,0,0,0,0,0,0,0,0,23,0,0,24,0,0,10,3,31,19,0,0,0,0,0,0,0,0,0,0,0,0,0,27,40,38,43
l36,6=0,0,0,0,0,0,0,0,0,0,0,15,19,13,0,0,20,9,0,18,37,33,25,0,0,0,0,0,0,0,0,0,0,0,0,33,0,40,49,53
l37,6=0,0,0,0,0,0,0,0,0,0,0,8,0,0,0,0,2,0,0,10,29,28,2,0,0,0,0,0,0,0,0,0,0,0,0,43,57,0,31,37
l38,6=0,0,0,0,0,0,0,0,0,3,0,41,32,23,16,35,33,23,0,18,42,35,25,0,0,0,0,0,0,0,0,0,0,0,0,32,51,29,0,50
l39,6=0,0,0,0,0,0,0,0,0,0,0,0,0,0,0,0,22,0,0,20,33,35,24,0,0,0,0,0,0,0,0,0,0,0,0,27,54,20,44,0

l0,7=0,94,89,88,98,95,93,85,74,74,81,0,0,0,0,0,0,0,0,0,0,0,0,0,0,0,0,0,0,0,0,0,0,0,0,0,0,0,0,0
l1,7=96,0,93,88,97,90,89,85,49,53,56,0,0,58,0,0,0,0,0,0,0,0,0,0,0,0,0,0,0,0,0,0,0,0,0,0,0,0,0,0
l2,7=92,89,0,88,94,79,89,74,77,78,43,0,0,0,0,0,0,0,0,0,0,0,0,0,0,0,0,0,0,0,0,0,0,0,0,0,0,0,0,0
l3,7=89,85,89,0,96,90,89,60,0,67,73,0,0,0,0,0,0,0,0,0,0,0,0,0,0,0,0,0,0,0,0,0,0,0,0,0,0,0,0,0
l4,7=96,93,94,92,0,95,93,81,78,0,68,0,0,73,0,0,0,0,0,0,0,0,0,0,0,0,0,0,0,0,0,0,0,0,0,0,0,0,0,0
l5,7=93,89,63,87,94,0,21,93,85,84,81,0,0,57,0,0,0,0,0,0,0,0,0,0,0,0,0,0,0,0,0,0,0,0,0,0,0,0,0,0
l6,7=83,83,86,80,86,18,0,88,0,83,77,14,0,57,0,0,32,0,0,0,0,0,0,0,0,0,0,0,0,0,0,0,0,0,0,0,0,0,0,0
l7,7=40,68,23,27,72,89,89,0,79,84,81,3,15,61,0,65,0,2,0,0,0,0,0,0,0,0,0,0,0,0,0,0,0,0,0,0,0,0,0,0
l8,7=30,7,28,0,46,72,0,78,0,85,81,49,40,86,55,74,69,63,0,6,4,2,35,0,1,0,0,0,0,0,0,0,0,0,0,0,0,0,0,0
l9,7=25,25,35,20,0,82,89,93,90,0,81,27,31,84,20,81,4,24,0,0,21,2,19,7,23,0,0,0,0,0,0,0,0,0,0,0,0,0,36,0
l10,7=66,32,35,35,47,72,69,93,90,84,0,61,0,39,0,72,65,4,0,0,0,0,0,0,0,0,0,0,0,0,0,0,0,0,0,0,0,0,0,0
l11,7=0,0,0,0,0,0,30,18,68,49,20,0,56,59,46,87,66,42,0,0,18,8,24,15,24,23,0,0,0,0,0,0,0,0,0,3,28,0,55,12
l12,7=0,0,0,0,0,0,0,0,44,32,0,41,0,39,69,82,77,66,0,0,17,0,0,39,83,63,0,0,0,0,0,0,0,27,4,0,30,0,35,0
l13,7=0,23,0,0,25,29,33,47,88,76,8,24,27,0,47,74,54,58,0,0,16,0,20,21,30,20,0,0,0,0,0,0,0,0,0,6,25,0,43,0
l14,7=0,0,0,0,0,0,0,0,44,30,0,18,73,54,0,46,68,60,0,0,19,22,26,62,25,54,0,0,0,0,0,0,0,26,0,0,0,0,39,0
l15,7=0,0,0,0,0,0,0,48,67,55,20,73,78,65,49,0,54,54,0,3,18,25,31,31,23,29,0,0,0,0,0,0,0,0,0,0,30,26,51,0
l16,7=0,0,0,0,0,0,24,0,47,10,16,20,43,43,46,46,0,62,40,0,27,28,33,22,26,16,0,0,0,0,0,16,9,5,0,22,42,32,58,0
l17,7=0,0,0,0,0,0,0,0,61,26,0,18,44,58,60,63,73,0,0,2,35,19,12,14,39,0,0,0,0,0,0,0,0,18,0,0,38,0,58,11
l18,7=0,0,0,0,0,0,0,0,0,0,0,0,0,0,0,0,44,0,0,36,38,23,0,0,0,0,0,0,0,0,0,0,0,0,0,0,0,0,0,0
l19,7=0,0,0,0,0,0,0,0,9,0,0,0,2,0,0,0,0,1,32,0,74,50,70,0,0,0,32,0,1,0,0,32,0,0,0,22,5,0,30,0
l20,7=0,0,0,0,0,0,0,0,0,18,0,5,19,22,20,30,53,40,29,66,0,75,74,0,0,0,0,0,7,9,0,0,0,0,0,37,52,30,58,14
l21,7=0,0,0,0,0,0,0,0,21,20,0,2,12,0,26,36,49,29,28,36,78,0,71,0,5,0,0,0,0,0,0,0,0,0,0,31,44,0,49,57
l22,7=0,0,0,0,0,0,0,0,33,21,0,5,0,27,21,32,49,14,0,63,79,74,0,0,0,0,9,0,0,1,0,0,0,0,0,30,50,0,41,47
l23,7=0,0,0,0,0,0,0,0,0,15,0,8,56,48,67,62,60,22,0,0,0,0,0,0,83,82,0,0,0,0,0,0,14,23,35,0,0,0,0,0
l24,7=0,0,0,1,0,0,0,0,1,36,0,18,89,61,55,39,63,60,0,0,5,1,0,79,0,74,0,0,0,0,0,0,0,36,14,0,2,0,0,0
l25,7=0,0,0,0,4,0,0,0,2,18,0,14,84,39,64,55,40,0,0,0,0,0,0,76,66,0,0,0,0,12,0,2,55,57,0,0,0,0,34,0
l26,7=0,0,0,0,0,0,0,0,0,0,0,0,0,0,0,0,0,0,0,35,1,0,15,0,0,0,0,79,77,82,71,71,74,60,55,0,0,0,0,0
l27,7=0,0,0,0,0,0,0,0,0,0,0,0,0,0,0,0,0,0,0,0,0,0,0,0,0,0,74,0,73,80,86,30,59,0,0,0,0,0,0,0
l28,7=0,0,0,0,0,0,0,0,0,0,0,0,0,0,0,0,0,0,0,33,40,0,0,0,0,0,79,89,0,84,86,62,54,59,50,0,0,0,0,0
l29,7=0,0,0,0,0,0,0,0,0,0,0,0,0,0,0,0,0,0,0,0,43,0,4,0,0,27,77,89,77,0,85,62,62,58,13,0,0,0,0,0
l30,7=0,0,0,0,0,0,0,0,0,0,0,0,0,0,0,0,0,0,0,0,0,0,0,0,0,0,72,89,73,80,0,60,55,31,52,0,0,0,0,0
l31,7=0,0,0,0,0,0,0,0,0,0,0,0,0,0,0,0,34,0,0,45,0,0,0,0,0,0,78,12,62,55,64,0,79,82,79,0,0,0,0,0
l32,7=0,0,0,0,0,0,0,0,0,0,0,0,0,0,0,0,45,0,0,0,0,0,0,21,0,49,74,63,47,66,64,73,0,82,81,0,0,0,0,0
l33,7=0,0,0,0,0,0,0,0,0,0,0,0,58,0,43,0,38,42,0,0,18,0,0,44,45,61,61,0,71,56,58,73,78,0,68,0,0,0,0,0
l34,7=0,0,0,0,0,0,0,0,0,0,0,0,49,0,0,0,0,0,0,0,0,0,0,54,45,0,63,30,54,40,63,72,82,58,0,0,0,0,0,0
l35,7=0,0,0,0,0,0,0,0,0,0,0,0,0,10,0,0,53,0,0,2,29,26,33,0,0,0,0,0,0,0,0,0,0,0,0,0,60,56,51,27
l36,7=0,0,0,0,0,0,0,0,0,0,0,1,16,16,0,21,50,29,0,1,43,26,51,0,0,0,0,0,0,0,0,0,0,0,0,64,0,51,56,57
l37,7=0,0,0,0,0,0,0,0,0,0,0,0,0,0,0,18,33,0,0,0,22,0,0,0,0,0,0,0,0,0,0,0,0,0,0,48,56,0,23,15
l38,7=0,0,0,0,0,0,0,0,0,25,0,18,20,36,28,48,56,44,0,10,57,31,39,0,0,1,0,0,0,0,0,0,0,0,0,37,62,28,0,19
l39,7=0,0,0,0,0,0,0,0,0,0,0,1,0,0,0,0,0,1,0,0,21,30,36,0,0,0,0,0,0,0,0,0,0,0,0,40,60,32,39,0

l0,8=0,93,97,94,97,98,89,91,8,87,86,0,0,76,0,0,0,0,0,0,0,0,0,0,0,0,0,0,0,0,0,0,0,0,0,0,0,0,0,0
l1,8=93,0,97,99,98,98,89,95,77,90,0,0,0,62,0,0,0,0,0,0,0,0,0,43,0,0,0,0,0,0,0,0,0,0,0,0,0,0,0,0
l2,8=89,90,0,94,91,98,86,95,0,86,88,0,0,2,0,1,0,0,0,0,0,0,0,0,0,0,0,0,0,0,0,0,0,0,0,0,0,0,0,0
l3,8=77,85,96,0,97,98,89,95,0,81,16,0,0,0,0,0,0,0,0,0,0,0,0,0,23,0,0,0,0,0,0,0,0,0,0,0,0,0,0,0
l4,8=88,92,97,99,0,98,89,94,91,64,75,0,0,90,0,0,0,0,0,0,0,0,0,0,75,0,0,0,0,0,0,0,0,0,0,0,0,0,0,0
l5,8=89,89,97,99,97,0,89,96,93,90,93,76,0,86,0,0,0,0,0,0,0,0,0,0,0,0,0,0,0,0,0,0,0,0,0,0,0,0,0,0
l6,8=82,81,89,84,90,86,0,96,72,93,84,0,0,41,0,7,45,0,0,0,0,0,0,0,0,0,0,0,0,0,0,0,0,0,0,0,0,0,0,0
l7,8=81,84,90,92,87,94,90,0,91,98,98,63,0,94,0,0,10,32,0,0,0,0,0,0,0,0,0,0,0,0,0,0,0,0,0,0,0,0,0,0
l8,8=0,20,0,0,75,93,81,95,0,100,92,94,0,96,79,94,0,45,0,68,0,0,84,0,0,8,0,0,0,0,0,0,0,0,0,0,0,0,0,0
l9,8=68,65,6,50,15,68,90,96,95,0,98,95,73,96,39,94,46,36,0,0,0,52,27,72,76,0,0,0,0,0,0,0,0,0,0,0,0,0,65,0
l10,8=73,0,86,46,49,94,87,96,93,100,0,89,0,84,0,88,0,0,0,0,0,0,0,0,0,0,0,0,0,0,0,0,0,0,0,0,0,0,0,0
l11,8=0,0,0,0,0,23,0,19,88,91,87,0,99,78,89,100,58,54,0,1,19,60,51,85,91,80,0,0,0,0,0,0,0,0,0,18,23,0,68,0
l12,8=0,0,0,0,0,0,0,0,0,30,0,99,0,0,97,100,60,46,0,0,45,0,0,90,97,93,0,0,0,0,0,0,0,50,5,12,11,0,55,0
l13,8=26,1,0,0,36,44,2,54,99,98,82,64,0,0,86,93,42,34,0,0,46,48,0,81,89,65,0,0,0,0,0,0,0,0,0,3,18,0,70,0
l14,8=0,0,0,0,0,0,0,0,67,37,0,76,99,80,0,90,52,56,0,0,58,58,67,89,95,78,0,0,0,0,0,0,0,0,0,0,18,0,0,0
l15,8=0,0,0,0,0,0,0,0,88,91,88,99,98,93,89,0,55,56,0,0,69,76,83,85,84,67,0,0,0,0,0,0,0,0,0,0,15,0,77,0
l16,8=0,0,0,0,0,0,20,0,0,31,1,92,98,48,79,67,0,44,24,61,84,60,80,75,92,32,0,0,0,0,0,22,10,5,20,17,28,51,58,35
l17,8=0,0,0,0,0,0,0,16,64,33,0,95,96,62,93,97,59,0,0,62,77,3,63,52,89,0,0,0,0,0,0,0,0,63,0,2,7,0,71,22
l18,8=0,0,0,0,0,0,0,0,0,0,0,0,0,0,0,0,80,0,0,75,76,68,0,0,0,0,0,0,0,0,0,0,0,0,0,0,0,0,0,0
l19,8=0,0,0,0,0,0,0,0,44,0,0,0,0,0,0,0,71,51,36,0,82,71,92,0,0,0,0,0,16,0,0,35,0,0,0,47,46,0,54,57
l20,8=0,0,0,0,0,0,0,0,0,0,0,0,51,31,55,44,45,24,29,90,0,93,95,0,13,0,0,0,0,0,0,0,0,5,11,34,56,54,76,36
l21,8=0,0,0,0,0,0,0,0,0,43,0,42,32,49,60,53,36,1,29,65,88,0,93,0,0,0,0,0,0,0,0,12,0,29,11,40,25,50,76,42
l22,8=0,0,0,0,0,0,0,0,47,38,0,35,0,0,53,43,78,24,0,90,79,86,0,0,0,0,0,0,4,21,0,0,0,0,0,70,57,41,72,50
l23,8=0,0,0,0,0,0,0,0,0,72,0,83,96,84,93,81,52,33,0,0,0,0,0,0,97,93,0,0,0,0,0,0,72,70,57,0,0,0,0,0
l24,8=0,0,0,28,19,0,0,0,0,67,0,85,99,82,89,80,92,47,0,0,38,0,0,91,0,90,0,0,0,0,0,3,0,58,46,0,4,0,0,0
l25,8=0,0,0,4,0,0,0,0,28,0,0,76,99,77,77,74,45,0,0,0,0,0,0,91,92,0,0,0,0,43,0,3,75,76,52,0,0,0,24,0
l26,8=0,0,0,0,0,0,0,0,0,0,0,0,0,0,0,0,0,0,0,2,0,0,0,0,0,0,0,88,90,92,88,92,87,75,78,0,0,0,0,0
l27,8=0,0,0,0,0,0,0,0,0,0,0,0,0,0,0,0,0,0,0,0,0,0,0,0,0,0,79,0,90,93,94,0,77,0,72,0,0,0,0,0
l28,8=0,0,0,0,0,0,0,0,0,0,0,0,0,0,0,0,0,0,0,68,49,0,53,0,0,0,91,91,0,93,94,92,70,68,73,0,0,0,0,0
l29,8=0,0,0,0,0,0,0,0,0,0,0,0,0,0,0,0,0,0,0,0,3,0,65,0,0,57,90,91,91,0,94,92,58,70,79,0,0,0,0,0
l30,8=0,0,0,0,0,0,0,0,0,0,0,0,0,0,0,0,0,0,0,0,0,0,0,0,0,0,76,91,90,92,0,68,79,63,0,0,0,0,0,0
l31,8=0,0,0,0,0,0,0,0,0,0,0,0,0,0,0,0,71,0,0,62,0,1,1,0,29,0,88,0,86,83,74,0,85,87,87,0,0,0,0,0
l32,8=0,0,0,0,0,0,0,0,0,0,0,0,0,0,0,0,17,0,0,0,0,0,0,76,0,78,88,74,72,51,74,93,0,92,92,0,0,0,0,0
l33,8=0,0,0,0,0,0,0,0,0,0,0,0,75,0,0,0,10,70,0,0,57,25,0,74,68,79,77,0,80,71,71,92,89,0,82,0,0,0,0,0
l34,8=0,0,0,0,0,0,0,0,0,0,0,0,75,0,0,0,71,0,0,0,65,53,0,78,71,79,77,71,78,73,0,91,92,83,0,0,0,0,0,0
l35,8=0,0,0,0,0,0,0,0,0,0,0,17,39,2,0,0,24,0,0,27,39,45,51,0,0,0,0,0,0,0,0,0,0,0,0,0,60,63,51,51
l36,8=0,0,0,0,0,0,0,0,0,0,0,37,42,35,43,29,30,1,0,35,55,33,61,0,6,0,0,0,0,0,0,0,0,0,0,71,0,49,63,43
l37,8=0,0,0,0,0,0,0,0,0,0,0,0,0,0,0,0,26,0,0,0,48,36,29,0,0,0,0,0,0,0,0,0,0,0,0,68,26,0,41,32
l38,8=0,0,0,0,0,0,0,0,0,28,0,41,50,48,0,50,34,15,0,37,75,70,67,0,0,0,0,0,0,0,0,0,0,0,0,44,40,49,0,37
l39,8=0,0,0,0,0,0,0,0,0,0,0,0,0,0,0,0,32,3,0,47,56,64,59,0,0,0,0,0,0,0,0,0,0,0,0,69,53,52,57,0

l0,9=0,99,100,97,98,99,98,92,85,99,92,0,0,1,0,0,0,0,0,0,0,0,0,0,0,0,0,0,0,0,0,0,0,0,0,0,0,0,0,0
l1,9=100,0,100,94,99,99,80,93,87,94,92,0,0,1,0,0,0,0,0,0,0,0,0,13,0,0,0,0,0,0,0,0,0,0,0,0,0,0,0,0
l2,9=100,99,0,98,99,99,100,96,12,59,56,0,48,0,0,7,0,0,0,0,0,0,0,0,0,0,0,0,0,0,0,0,0,0,0,0,0,0,0,0
l3,9=95,92,93,0,99,94,82,92,0,0,0,0,0,0,0,0,0,0,0,0,0,0,0,0,0,0,0,0,0,0,0,0,0,0,0,0,0,0,0,0
l4,9=99,98,98,98,0,96,83,89,91,81,93,0,0,8,42,0,0,0,0,0,0,0,0,0,44,0,0,0,0,0,0,0,0,0,0,0,0,0,0,0
l5,9=100,99,100,98,99,0,98,3,96,99,99,0,0,54,0,0,0,0,0,0,0,0,0,0,0,0,0,0,0,0,0,0,0,0,0,0,0,0,0,0
l6,9=100,78,100,98,82,57,0,100,83,96,99,0,0,82,0,0,29,0,0,0,0,0,0,0,0,0,0,0,0,0,0,0,0,0,0,0,0,0,0,0
l7,9=40,97,100,96,71,4,100,0,99,99,100,61,35,100,3,16,0,0,0,0,0,0,0,0,0,0,0,0,0,0,0,0,0,0,0,0,0,0,0,0
l8,9=31,87,0,24,55,32,88,97,0,99,52,90,0,99,1,48,61,86,0,77,0,0,29,0,0,0,0,0,0,0,0,0,0,0,0,0,0,0,0,0
l9,9=66,83,79,0,27,51,93,99,99,0,100,93,12,100,46,54,71,0,0,0,0,0,0,30,61,0,0,0,0,0,0,0,0,0,0,0,0,0,0,0
l10,9=96,92,86,0,99,93,97,99,94,99,0,0,24,92,0,91,58,76,0,0,0,0,0,27,0,0,0,0,0,0,0,0,0,0,0,0,0,0,0,0
l11,9=0,0,0,0,0,0,0,52,89,34,1,0,99,63,61,96,75,99,0,0,83,76,26,35,80,84,0,0,0,0,0,0,0,0,0,2,44,0,81,0
l12,9=0,0,0,0,0,0,0,0,0,0,0,90,0,63,63,56,77,100,0,0,85,80,0,62,80,100,0,0,0,0,0,0,0,0,0,0,42,0,91,0
l13,9=0,0,0,0,2,4,88,95,94,99,29,92,50,0,45,84,74,0,0,36,81,75,0,35,74,83,0,0,0,0,0,0,0,0,0,0,46,0,84,0
l14,9=0,0,0,0,30,0,0,0,0,32,0,81,100,58,0,55,78,100,0,0,83,76,33,96,100,95,0,0,0,0,0,0,0,53,0,0,27,0,0,0
l15,9=0,0,0,0,0,0,0,0,73,33,31,100,98,63,60,0,75,99,0,0,65,74,28,32,78,0,0,0,0,0,0,0,0,0,0,0,36,0,91,0
l16,9=0,0,0,0,0,0,15,0,48,29,19,76,56,61,57,52,0,94,73,79,92,10,32,35,76,87,0,0,0,0,0,68,0,49,49,0,47,63,88,86
l17,9=0,0,0,0,0,0,0,0,74,0,22,80,63,0,62,54,76,0,0,86,71,83,32,0,64,0,0,0,0,0,0,0,0,49,0,0,45,0,79,89
l18,9=0,0,0,0,0,0,0,0,0,0,0,0,0,0,0,0,74,0,0,0,85,86,0,0,0,0,0,0,0,0,0,0,0,0,0,0,32,0,0,0
l19,9=0,0,0,0,0,0,0,0,45,0,0,0,0,8,0,0,87,88,0,0,92,92,91,0,0,0,0,0,0,0,0,0,0,0,0,86,70,73,3,82
l20,9=0,0,0,0,0,0,0,0,0,0,0,39,37,49,41,37,91,66,58,88,0,97,93,0,31,0,42,0,0,0,0,0,0,0,43,48,80,72,91,90
l21,9=0,0,0,0,0,0,0,0,0,0,0,55,42,49,44,39,33,79,69,87,97,0,92,0,0,0,0,0,0,0,0,0,0,34,0,58,50,65,91,85
l22,9=0,0,0,0,0,0,0,0,69,5,0,42,26,2,45,38,68,78,0,86,97,95,0,0,0,0,0,0,31,74,0,86,0,0,0,90,77,68,90,79
l23,9=0,0,0,0,0,0,0,0,0,33,7,84,100,63,99,50,80,0,0,0,0,0,0,0,100,100,0,0,0,0,0,0,56,63,58,0,0,0,0,0
l24,9=0,0,0,0,13,0,0,0,0,30,0,80,98,63,89,54,96,61,0,0,81,0,0,98,0,98,0,0,0,0,0,0,0,58,52,0,47,0,0,0
l25,9=0,0,0,10,0,0,0,0,0,0,0,78,100,59,59,0,73,0,0,0,0,0,0,99,100,0,1,0,0,48,0,0,49,100,55,0,0,0,77,0
l26,9=0,0,0,0,0,0,0,0,0,0,0,0,0,0,0,0,0,0,0,0,82,0,0,0,0,0,0,88,100,99,99,100,100,86,80,0,0,0,0,0
l27,9=0,0,0,0,0,0,0,0,0,0,0,0,0,0,0,0,0,0,0,0,0,0,0,0,0,0,98,0,100,99,100,96,87,0,0,0,0,0,0,0
l28,9=0,0,0,0,0,0,0,0,0,0,0,0,0,0,0,0,0,0,0,0,61,0,81,0,0,0,99,100,0,99,100,90,0,88,0,0,0,0,0,0
l29,9=0,0,0,0,0,0,0,0,0,0,0,0,0,0,0,0,0,0,0,0,0,0,82,0,0,9,99,100,100,0,100,97,37,86,76,0,0,0,0,0
l30,9=0,0,0,0,0,0,0,0,0,0,0,0,0,0,0,0,0,0,0,0,0,0,0,0,0,0,99,100,100,99,0,98,93,45,72,0,0,0,0,0
l31,9=0,0,0,0,0,0,0,0,0,0,0,0,0,0,0,0,69,0,0,0,0,0,52,0,0,0,97,92,95,98,97,0,100,100,99,0,0,0,0,0
l32,9=0,0,0,0,0,0,0,0,0,0,0,0,4,0,0,0,0,0,0,0,0,0,0,61,0,93,99,88,0,74,99,100,0,100,99,0,0,0,0,0
l33,9=0,0,0,0,0,0,0,0,0,0,0,0,0,0,91,0,84,90,0,0,0,36,0,96,97,98,97,0,98,92,89,100,100,0,98,0,0,0,0,0
l34,9=0,0,0,0,0,0,0,0,0,0,0,0,45,0,35,0,75,0,0,0,90,0,0,95,76,92,99,0,0,99,97,100,100,100,0,0,0,0,0,0
l35,9=0,0,0,0,0,0,0,0,0,0,0,0,0,0,0,0,0,0,0,66,46,73,48,0,0,0,0,0,0,0,0,0,0,0,0,0,77,79,86,78
l36,9=0,0,0,0,0,0,0,0,0,0,0,26,20,31,1,15,45,40,0,51,73,65,30,0,29,0,0,0,0,0,0,0,0,0,0,91,0,70,79,79
l37,9=0,0,0,0,0,0,0,0,0,0,0,0,0,0,0,0,39,0,0,38,63,65,30,0,0,0,0,0,0,0,0,0,0,0,0,85,76,0,78,78
l38,9=0,0,0,0,0,0,0,0,0,0,0,36,29,43,0,33,61,42,0,0,91,83,31,0,0,25,0,0,0,0,0,0,0,0,0,58,51,71,0,82
l39,9=0,0,0,0,0,0,0,0,0,0,0,0,0,0,0,0,60,76,0,73,73,74,28,0,0,0,0,0,0,0,0,0,0,0,0,88,72,77,82,0

l0,10=0,91,85,92,92,85,86,63,72,83,80,0,0,0,0,0,0,0,0,0,0,0,0,0,0,0,0,0,0,0,0,0,0,0,0,0,0,0,0,0
l1,10=91,0,83,75,89,88,81,78,31,38,58,5,0,0,0,0,0,0,0,0,0,0,0,0,0,0,0,0,0,0,0,0,0,0,0,0,0,0,0,0
l2,10=87,84,0,86,86,85,86,86,0,81,60,0,47,0,0,0,0,0,0,0,0,0,0,0,0,0,0,0,0,0,0,0,0,0,0,0,0,0,0,0
l3,10=91,68,83,0,96,51,83,50,0,48,0,0,0,0,0,0,0,0,0,0,0,0,0,0,0,7,0,0,0,0,0,0,0,0,0,0,0,0,0,0
l4,10=87,83,82,94,0,85,51,69,49,69,84,0,0,6,45,0,0,0,0,0,0,0,0,0,0,0,0,0,0,0,0,0,0,0,0,0,0,0,0,0
l5,10=87,85,83,86,87,0,86,86,64,85,80,0,0,77,0,0,0,0,0,0,0,0,0,0,0,0,0,0,0,0,0,0,0,0,0,0,0,0,0,0
l6,10=84,75,81,83,38,83,0,86,79,82,78,0,0,51,0,1,27,1,0,0,0,0,0,0,0,0,0,0,0,0,0,0,0,0,0,0,0,0,0,0
l7,10=63,81,80,77,82,85,86,0,87,85,84,64,47,84,45,3,0,0,0,0,0,0,0,0,0,0,0,0,0,0,0,0,0,0,0,0,0,0,0,0
l8,10=65,8,0,25,31,33,69,82,0,90,40,81,63,85,0,80,37,64,0,37,25,0,57,65,52,0,0,0,0,0,0,0,0,0,0,0,0,0,0,0
l9,10=77,0,58,69,63,70,82,86,87,0,84,84,68,84,49,65,0,0,0,0,0,30,0,49,55,0,0,0,0,0,0,0,0,0,0,0,0,0,0,0
l10,10=72,51,47,0,83,64,74,86,72,85,0,63,0,75,0,72,0,55,0,0,0,0,0,0,0,0,0,0,0,0,0,0,0,0,0,0,0,0,0,0
l11,10=0,1,0,0,0,0,0,56,82,63,40,0,81,80,81,88,0,85,0,0,43,52,0,81,82,71,0,0,0,0,0,0,0,0,0,0,62,0,42,0
l12,10=0,0,0,0,0,0,0,0,72,48,0,89,0,81,95,89,93,89,0,0,45,56,0,91,98,99,0,0,0,0,0,0,0,7,0,0,12,0,48,0
l13,10=0,0,0,0,4,40,42,70,87,85,46,86,77,0,55,86,50,0,0,2,41,42,0,75,79,0,0,0,0,0,0,0,0,0,0,0,0,0,34,0
l14,10=0,0,0,0,38,0,0,4,0,47,0,86,90,73,0,74,85,85,0,0,43,1,0,85,93,85,0,0,0,0,0,0,0,70,0,0,70,0,19,0
l15,10=0,0,0,0,0,0,0,0,80,45,46,90,86,84,62,0,50,85,0,34,26,1,56,63,80,42,0,0,0,0,0,0,0,0,0,0,29,3,24,0
l16,10=0,0,0,0,0,0,15,0,49,0,0,0,80,67,63,43,0,82,29,39,47,38,65,69,87,21,0,0,0,0,0,0,13,0,63,58,60,31,48,32
l17,10=0,0,0,0,0,0,12,0,69,0,7,70,93,0,64,53,56,0,0,35,26,58,73,64,77,33,0,0,0,0,0,0,0,45,0,0,70,0,44,29
l18,10=0,0,0,0,0,0,0,0,0,0,0,0,0,0,0,0,39,0,0,77,76,76,0,0,0,0,0,0,0,0,0,0,0,0,0,0,0,0,0,0
l19,10=0,0,0,0,0,0,0,0,23,0,0,0,0,0,0,27,51,56,48,0,85,75,80,0,0,0,49,0,0,0,0,0,0,0,0,61,0,42,1,46
l20,10=0,0,0,0,0,0,0,0,0,0,0,42,53,47,27,26,51,54,49,89,0,92,87,0,11,0,28,0,0,0,0,0,45,0,0,66,70,50,49,43
l21,10=0,0,0,0,0,0,0,0,0,27,0,47,55,52,14,2,43,74,56,60,89,0,89,0,0,0,0,0,0,0,0,0,0,36,0,73,60,51,48,41
l22,10=0,0,0,0,0,0,0,0,51,5,0,0,0,0,0,30,31,57,0,78,86,87,0,0,0,0,0,0,0,21,0,50,9,0,0,76,68,50,74,35
l23,10=0,0,0,0,0,0,0,0,75,41,0,70,91,81,83,33,53,23,0,0,0,0,0,0,96,99,0,0,0,0,0,47,82,83,0,0,0,0,0,0
l24,10=0,0,0,0,0,0,0,0,31,46,0,85,93,80,94,48,93,83,0,0,33,0,0,96,0,98,0,0,0,0,0,0,0,61,35,0,0,0,39,0
l25,10=0,0,0,52,0,0,0,0,0,0,0,65,94,0,88,36,31,27,0,0,0,0,0,96,97,0,29,0,0,0,0,49,61,93,84,0,0,0,34,0
l26,10=0,0,0,0,0,0,0,0,0,0,0,0,0,0,0,0,0,0,0,64,54,0,0,0,0,19,0,73,95,98,100,98,97,58,72,0,0,0,0,0
l27,10=0,0,0,0,0,0,0,0,0,0,0,0,0,0,0,0,0,0,0,0,0,0,0,0,0,0,84,0,91,98,100,83,0,0,79,0,0,0,0,0
l28,10=0,0,0,0,0,0,0,0,0,0,0,0,0,0,0,0,0,0,0,38,20,0,7,0,0,0,90,95,0,98,100,84,61,72,66,0,0,0,0,0
l29,10=0,0,0,0,0,0,0,0,0,0,0,0,0,0,0,0,0,0,0,0,0,0,40,0,0,0,90,95,95,0,100,84,66,31,66,0,0,0,0,0
l30,10=0,0,0,0,0,0,0,0,0,0,0,0,0,0,0,0,0,0,0,0,0,0,0,0,0,0,80,0,79,98,0,88,75,59,76,0,0,0,0,0
l31,10=0,0,0,0,0,0,0,0,0,0,0,0,0,0,0,0,0,0,0,0,6,0,34,34,0,29,90,71,89,97,100,0,100,99,99,0,0,0,0,0
l32,10=0,0,0,0,0,0,0,0,0,0,0,0,0,0,0,0,3,0,0,0,40,0,12,85,0,29,90,0,20,86,82,99,0,100,99,0,0,0,0,0
l33,10=0,0,0,0,0,0,0,0,0,0,0,0,27,0,33,0,3,14,0,0,0,20,0,96,29,99,55,0,88,25,39,99,100,0,99,0,0,0,0,0
l34,10=0,0,0,0,0,0,0,0,0,0,0,0,0,0,0,0,57,0,0,0,19,0,0,21,43,89,89,59,43,53,85,99,100,99,0,0,0,0,0,0
l35,10=0,0,0,0,0,0,0,0,0,0,0,0,0,0,0,0,24,0,0,50,43,47,70,0,0,0,0,0,0,0,0,0,0,0,0,0,75,60,45,35
l36,10=0,0,0,0,0,0,0,0,0,0,0,18,21,0,24,0,20,36,0,0,46,32,71,0,0,0,0,0,0,0,0,0,0,0,0,81,0,58,46,44
l37,10=0,0,0,0,0,0,0,0,0,0,0,0,0,0,0,0,20,0,0,4,27,35,67,0,0,0,0,0,0,0,0,0,0,0,0,75,73,0,38,38
l38,10=0,0,0,0,0,0,0,0,0,0,0,27,60,20,1,2,48,42,0,0,46,55,72,0,32,14,0,0,0,0,0,0,0,0,0,77,71,44,0,41
l39,10=0,0,0,0,0,0,0,0,0,0,0,0,0,0,0,0,38,65,0,50,45,50,64,0,0,0,0,0,0,0,0,0,0,0,0,62,69,55,43,0

l0,11=0,89,87,91,86,85,77,63,48,64,52,0,0,1,0,0,0,0,0,0,0,0,0,2,0,0,0,0,0,0,0,0,0,0,0,0,0,0,0,0
l1,11=83,0,83,88,85,85,80,83,40,52,0,45,0,23,0,0,0,0,0,0,0,0,0,0,0,0,0,0,0,0,0,0,0,0,0,0,0,0,0,0
l2,11=82,84,0,87,85,86,82,73,0,0,81,0,0,0,0,0,0,0,0,0,0,0,0,0,0,0,0,0,0,0,0,0,0,0,0,0,0,0,0,0
l3,11=84,86,87,0,89,87,0,48,0,36,48,0,0,0,0,0,0,0,0,0,0,0,0,0,0,0,0,0,0,0,0,0,0,0,0,0,0,0,0,0
l4,11=82,84,87,88,0,83,72,66,0,58,65,0,29,0,48,0,0,0,0,0,0,0,0,25,0,0,0,0,0,0,0,0,0,0,0,0,0,0,0,0
l5,11=82,84,87,87,85,0,84,83,72,83,73,0,0,56,1,0,0,0,0,0,0,0,0,0,0,0,0,0,0,0,0,0,0,0,0,0,0,0,0,0
l6,11=72,79,52,0,71,78,0,80,59,77,69,29,0,61,0,34,13,0,0,0,0,0,0,0,0,0,0,0,0,0,0,0,0,0,0,0,0,0,0,0
l7,11=73,84,69,70,84,85,84,0,83,83,81,59,50,85,0,31,0,0,0,0,0,0,0,0,0,0,0,0,0,0,0,0,0,0,0,0,0,0,0,0
l8,11=62,45,0,0,0,68,68,75,0,87,76,74,75,85,0,86,0,49,0,48,4,0,0,59,57,0,0,0,0,0,0,0,0,0,0,0,0,0,0,0
l9,11=71,47,0,20,56,82,77,87,84,0,81,82,74,85,0,47,1,1,0,0,0,29,0,15,55,0,0,0,0,0,0,0,0,0,0,0,0,0,0,0
l10,11=52,0,74,45,75,59,75,87,77,83,0,74,0,77,0,76,0,8,0,0,0,0,0,0,0,0,0,0,0,0,0,0,0,0,0,0,0,0,0,0
l11,11=0,44,0,0,0,0,33,63,71,73,44,0,81,84,77,88,22,65,0,0,19,14,27,80,80,32,0,0,0,0,0,0,0,0,0,23,0,0,69,0
l12,11=0,0,0,0,0,0,0,1,68,69,0,83,0,75,88,51,45,73,0,0,26,26,29,80,91,91,0,0,0,0,0,0,0,0,0,0,0,0,72,0
l13,11=0,10,0,0,0,53,39,81,84,84,51,87,77,0,60,88,22,51,0,23,25,24,1,73,69,33,0,0,0,0,0,0,0,0,0,0,0,0,53,0
l14,11=0,0,0,0,46,0,0,0,0,0,0,78,87,64,0,0,49,68,0,0,0,21,0,83,1,42,0,0,0,0,0,0,0,26,14,28,63,0,62,0
l15,11=0,0,0,0,0,0,37,25,70,70,45,87,85,86,0,0,46,66,0,52,26,24,15,58,0,31,0,0,0,0,0,0,0,0,0,8,63,0,70,1
l16,11=0,0,0,0,0,0,10,0,0,29,0,47,74,64,68,26,0,58,16,12,29,27,25,63,83,0,0,0,0,0,0,0,25,0,16,7,69,65,76,64
l17,11=0,0,0,0,0,0,0,0,63,43,18,53,81,71,69,28,24,0,0,0,26,26,29,66,70,0,0,0,0,0,0,0,0,0,0,0,67,0,68,20
l18,11=0,0,0,0,0,0,0,0,0,0,0,0,0,0,0,0,29,0,0,71,67,64,19,0,0,0,0,0,0,0,0,0,0,0,0,0,0,0,0,0
l19,11=0,0,0,0,0,0,0,0,37,0,0,0,0,14,0,25,1,0,47,0,77,59,67,0,0,0,31,0,4,0,0,0,0,0,0,33,41,0,27,49
l20,11=0,0,0,0,0,0,0,0,0,0,0,0,46,47,0,17,67,32,44,80,0,82,83,0,0,0,0,0,0,0,0,1,25,0,0,24,58,62,72,59
l21,11=0,0,0,0,0,0,0,0,0,48,0,28,47,46,42,16,71,30,46,70,83,0,83,0,42,0,0,0,0,0,0,0,0,0,0,18,47,53,77,46
l22,11=0,0,0,0,0,0,0,0,0,0,0,32,46,0,0,6,13,30,0,58,82,77,0,0,0,0,0,0,0,1,0,25,0,0,0,65,58,54,77,54
l23,11=0,0,0,0,7,0,0,0,30,20,0,80,86,72,82,16,22,42,0,0,0,0,0,0,91,95,0,0,0,0,0,20,32,22,0,0,0,0,0,0
l24,11=0,0,0,0,0,0,0,0,13,50,0,81,90,73,6,0,81,50,0,0,0,1,0,93,0,87,0,0,0,0,0,0,0,0,0,0,0,0,0,0
l25,11=0,0,0,0,0,0,0,0,0,0,0,65,90,58,84,41,6,0,0,0,0,0,0,98,90,0,0,0,0,0,0,28,19,69,0,0,0,0,0,0
l26,11=0,0,0,0,0,0,0,0,0,0,0,0,0,0,0,0,0,0,0,66,4,0,0,0,0,0,0,78,96,90,88,84,86,69,71,0,0,0,0,0
l27,11=0,0,0,0,0,0,0,0,0,0,0,0,0,0,0,0,0,0,0,0,0,0,0,0,0,0,79,0,92,92,91,51,1,0,31,0,0,0,0,0
l28,11=0,0,0,0,0,0,0,0,0,0,0,0,0,0,0,0,0,0,0,24,24,0,18,0,0,0,85,93,0,93,91,85,75,0,59,0,0,0,0,0
l29,11=0,0,0,0,0,0,0,0,0,0,0,0,0,0,0,0,0,0,0,0,0,0,1,0,0,0,81,93,96,0,91,83,38,33,29,0,0,0,0,0
l30,11=0,0,0,0,0,0,0,0,0,0,0,0,0,0,0,0,0,0,0,0,0,0,0,0,0,0,81,93,95,93,0,83,46,50,41,0,0,0,0,0
l31,11=0,0,0,0,0,0,0,0,0,0,0,0,0,0,0,0,0,0,0,0,33,0,57,59,0,61,85,71,84,90,84,0,93,100,100,0,0,0,0,0
l32,11=0,0,0,0,0,0,0,0,0,0,0,0,0,0,0,0,7,0,0,0,11,0,0,35,0,11,85,1,41,41,38,94,0,100,100,0,0,0,0,0
l33,11=0,0,0,0,0,0,0,0,0,0,0,0,0,0,71,0,3,0,0,0,3,0,0,72,0,93,73,0,0,69,90,99,96,0,100,0,0,0,0,0
l34,11=0,0,0,0,0,0,0,0,0,0,0,0,0,0,32,0,20,0,0,0,0,0,0,20,0,2,81,56,51,79,81,99,96,100,0,0,0,0,0,0
l35,11=0,0,0,0,0,0,0,0,0,0,0,10,0,0,27,0,3,0,0,45,22,2,29,0,0,0,0,0,0,0,0,0,0,0,0,0,82,66,72,39
l36,11=0,0,0,0,0,0,0,0,0,0,0,0,0,0,43,11,18,40,0,12,25,17,30,0,0,0,0,0,0,0,0,0,0,0,0,58,0,71,78,71
l37,11=0,0,0,0,0,0,0,0,0,0,0,0,0,0,0,0,17,0,0,0,23,16,27,0,0,0,0,0,0,0,0,0,0,0,0,32,68,0,56,68
l38,11=0,0,0,0,0,0,0,0,0,0,0,37,59,24,36,20,22,31,0,0,28,27,34,0,0,0,0,0,0,0,0,0,0,0,0,36,72,62,0,70
l39,11=0,0,0,0,0,0,0,0,0,0,0,0,0,0,0,0,17,0,0,59,25,14,43,0,0,0,0,0,0,0,0,0,0,0,0,26,73,69,73,0

l0,12=0,94,85,83,86,84,57,5,0,62,38,0,0,0,0,0,0,0,0,0,0,0,0,0,0,0,0,0,0,0,0,0,0,0,0,0,0,0,0,0
l1,12=85,0,82,83,83,84,85,87,12,0,69,52,0,0,1,0,0,0,0,0,0,0,0,0,0,0,0,0,0,0,0,0,0,0,0,0,0,0,0,0
l2,12=85,80,0,83,82,85,85,44,5,44,73,0,0,0,0,0,0,0,0,0,0,0,0,0,0,0,0,0,0,0,0,0,0,0,0,0,0,0,0,0
l3,12=86,88,84,0,87,84,56,27,0,43,63,0,0,0,0,0,0,0,0,0,0,0,0,0,0,0,0,0,0,0,0,0,0,0,0,0,0,0,0,0
l4,12=86,87,81,84,0,79,76,73,50,56,67,0,0,0,47,0,0,0,0,0,0,0,0,51,0,0,0,0,0,0,0,0,0,0,0,0,0,0,0,0
l5,12=85,86,85,83,81,0,79,83,76,85,77,0,0,56,0,0,0,0,0,0,0,0,0,0,0,0,0,0,0,0,0,0,0,0,0,0,0,0,0,0
l6,12=62,84,83,69,76,69,0,84,70,40,79,67,0,69,4,64,1,0,0,0,0,0,0,0,0,0,0,0,0,0,0,0,0,0,0,0,0,0,0,0
l7,12=11,87,39,70,81,84,84,0,83,85,84,46,38,84,0,7,0,0,0,0,0,0,0,0,0,0,0,0,0,0,0,0,0,0,0,0,0,0,0,0
l8,12=0,10,0,49,68,74,74,82,0,89,84,75,75,85,35,73,41,37,0,45,0,31,0,0,51,0,0,0,0,0,0,0,0,0,0,0,0,0,0,0
l9,12=72,0,0,63,70,84,62,87,83,0,84,70,73,84,0,72,50,30,0,0,58,45,0,0,38,0,0,0,0,0,0,0,0,0,0,0,0,0,0,0
l10,12=33,64,72,72,73,67,80,87,82,87,0,67,0,82,0,69,0,0,0,0,0,0,0,7,0,0,0,0,0,0,0,0,0,0,0,0,0,0,0,0
l11,12=0,34,0,0,0,0,75,46,47,50,65,0,82,86,73,83,70,55,0,0,46,41,39,66,0,65,0,0,0,0,0,0,0,0,0,60,39,2,68,0
l12,12=0,0,0,0,0,0,0,0,43,45,0,84,0,76,89,83,81,86,0,0,68,46,40,68,92,93,0,0,0,0,0,0,0,15,0,0,0,0,75,0
l13,12=0,0,0,3,0,58,67,77,83,86,74,84,82,0,79,83,74,54,0,0,56,41,0,66,71,16,0,0,0,0,0,0,0,0,0,0,0,0,30,0
l14,12=0,0,0,0,59,0,0,0,9,0,0,60,84,72,0,79,84,54,0,0,22,42,0,75,92,54,0,0,0,0,0,0,0,46,56,56,45,0,3,0
l15,12=0,0,0,0,0,0,66,0,43,45,62,88,83,87,73,0,76,73,0,41,60,44,11,60,79,70,0,0,0,0,0,0,0,0,0,0,0,0,61,0
l16,12=0,0,0,0,0,0,0,0,5,8,0,63,85,72,87,81,0,56,31,35,71,45,7,49,92,56,0,0,0,0,0,0,0,0,0,55,52,30,74,32
l17,12=0,0,0,0,0,0,0,0,9,14,0,89,87,75,75,83,84,0,0,35,68,46,32,59,65,0,0,0,0,0,0,0,0,17,0,0,52,0,56,0
l18,12=0,0,0,0,0,0,0,0,0,0,0,0,0,0,0,0,56,0,0,54,68,56,0,0,0,0,0,0,0,0,0,0,0,0,0,0,0,0,0,0
l19,12=0,0,0,0,0,0,0,0,25,0,0,0,0,0,0,45,50,38,41,0,78,74,73,0,0,0,32,0,0,42,26,0,0,0,0,50,40,33,51,38
l20,12=0,0,0,0,0,0,0,0,0,36,0,44,59,47,0,46,66,63,40,85,0,83,87,0,0,0,0,0,0,0,0,22,0,0,0,49,81,50,71,35
l21,12=0,0,0,0,0,0,0,0,30,53,0,45,56,45,49,46,61,65,39,85,88,0,86,0,40,0,0,0,0,0,0,0,0,0,0,50,41,38,78,0
l22,12=0,0,0,0,0,0,0,0,0,0,0,46,56,0,0,27,49,40,0,81,87,82,0,0,2,0,0,0,0,0,0,27,0,0,0,68,63,0,74,49
l23,12=0,0,0,0,62,0,0,0,0,0,0,78,79,81,89,80,66,49,0,0,0,0,0,0,96,95,0,0,0,0,0,1,2,25,0,0,0,0,0,0
l24,12=0,0,0,0,0,0,0,0,28,36,0,0,86,75,91,79,85,75,0,0,0,65,2,88,0,92,0,0,0,0,0,14,52,0,0,0,21,0,56,0
l25,12=0,0,0,0,0,0,0,0,0,0,0,43,88,18,52,78,70,0,0,0,0,0,0,95,94,0,0,0,0,7,0,77,58,71,79,0,0,0,0,0
l26,12=0,0,0,0,0,0,0,0,0,0,0,0,0,0,0,0,0,0,0,58,0,0,0,0,0,0,0,72,95,79,89,93,82,66,77,0,0,0,0,0
l27,12=0,0,0,0,0,0,0,0,0,0,0,0,0,0,0,0,0,0,0,0,0,0,0,0,0,0,76,0,90,92,91,85,0,4,9,0,0,0,0,0
l28,12=0,0,0,0,0,0,0,0,0,0,0,0,0,0,0,0,0,0,0,0,0,0,1,0,0,0,89,92,0,92,91,87,78,70,79,0,0,0,0,0
l29,12=0,0,0,0,0,0,0,0,0,0,0,0,0,0,0,0,0,0,0,24,0,0,0,0,0,0,81,92,95,0,91,85,78,62,71,0,0,0,0,0
l30,12=0,0,0,0,0,0,0,0,0,0,0,0,0,0,0,0,0,0,0,0,0,0,0,0,0,0,85,92,95,92,0,85,81,36,38,0,0,0,0,0
l31,12=0,0,0,0,0,0,0,0,0,0,0,0,16,0,0,0,0,0,0,0,56,0,57,24,31,72,89,83,90,90,91,0,94,100,100,0,0,0,0,0
l32,12=0,0,0,0,0,0,0,0,0,0,0,0,0,0,0,0,0,0,0,0,0,0,0,14,61,69,84,0,84,83,87,96,0,100,100,0,0,0,0,0
l33,12=0,0,0,0,0,0,0,0,0,0,0,0,53,0,73,0,0,13,0,0,0,0,0,51,0,77,86,41,70,79,78,99,94,0,100,0,0,0,0,0
l34,12=0,0,0,0,0,0,0,0,0,0,0,0,0,0,65,0,10,0,0,0,0,0,0,0,0,94,89,36,86,90,79,99,94,100,0,0,0,0,0,0
l35,12=0,0,0,0,0,0,0,0,0,0,0,28,0,0,21,0,26,0,0,33,36,33,40,0,0,0,0,0,0,0,0,0,0,0,0,0,91,43,70,41
l36,12=0,0,0,0,0,0,0,0,0,0,0,21,0,0,25,0,60,27,0,33,68,18,41,0,4,0,0,0,0,0,0,0,0,0,0,82,0,51,77,47
l37,12=0,0,0,0,0,0,0,0,0,0,0,0,0,0,0,0,57,0,0,34,56,20,0,0,0,0,0,0,0,0,0,0,0,0,0,70,60,0,0,44
l38,12=0,0,0,0,0,0,0,0,0,0,0,54,65,4,0,43,69,27,0,33,64,47,42,0,36,0,0,0,0,0,0,0,0,0,0,77,63,0,0,41
l39,12=0,0,0,0,0,0,0,0,0,0,0,0,0,0,0,0,57,0,0,52,50,0,46,0,0,0,0,0,0,0,0,0,0,0,0,60,79,42,65,0

l0,13=0,93,92,94,91,91,89,86,72,86,60,0,0,0,0,0,0,0,0,0,0,0,0,0,0,0,0,0,0,0,0,0,0,0,0,0,0,0,0,0
l1,13=94,0,92,94,90,86,88,86,0,71,87,0,0,0,0,0,0,0,0,0,0,0,0,0,0,0,0,0,0,0,0,0,0,0,0,0,0,0,0,0
l2,13=94,90,0,92,85,89,89,86,0,84,87,0,0,15,0,0,0,0,0,0,0,0,0,0,0,0,0,0,0,0,0,0,0,0,0,0,0,0,0,0
l3,13=95,93,90,0,93,89,88,73,21,70,88,0,0,0,0,0,0,0,0,0,0,0,0,1,0,0,0,0,0,0,0,0,0,0,0,0,0,0,0,0
l4,13=92,90,89,94,0,87,88,82,56,74,80,0,0,5,0,0,0,0,0,0,0,0,0,0,0,0,0,0,0,0,0,0,0,0,0,0,0,0,0,0
l5,13=90,87,89,90,89,0,88,80,75,86,87,0,0,52,0,0,0,0,0,0,0,0,0,0,0,0,0,0,0,0,0,0,0,0,0,0,0,0,0,0
l6,13=87,86,87,87,85,86,0,0,76,86,71,89,0,71,0,85,0,0,0,0,0,0,0,0,0,0,0,0,0,0,0,0,0,0,0,0,0,0,0,0
l7,13=60,86,56,53,78,51,0,0,82,87,91,24,34,49,0,31,0,0,0,0,0,0,0,0,0,0,0,0,0,0,0,0,0,0,0,0,0,0,0,0
l8,13=40,0,0,46,46,60,65,86,0,91,88,75,66,87,48,30,69,53,0,72,0,55,16,0,44,0,0,0,0,0,0,0,0,0,0,0,0,0,0,0
l9,13=72,46,60,74,74,85,83,86,82,0,90,81,73,85,36,85,67,65,0,0,63,72,0,0,0,0,0,0,0,0,0,0,0,0,0,0,0,0,0,0
l10,13=30,47,53,53,45,67,58,86,80,93,0,79,0,85,0,33,0,0,0,0,0,0,0,0,0,0,0,0,0,0,0,0,0,0,0,0,0,0,0,0
l11,13=0,0,0,0,0,0,69,0,64,81,81,0,88,93,32,91,78,85,0,0,70,71,41,48,0,44,0,0,0,0,0,0,0,0,0,0,0,0,19,0
l12,13=0,0,0,0,0,0,0,0,3,75,0,92,0,42,60,58,85,99,0,0,77,61,41,46,61,67,0,0,0,0,0,0,0,27,0,0,0,0,22,0
l13,13=0,0,0,0,28,52,68,84,88,90,89,96,81,0,31,89,76,82,0,32,72,71,0,49,27,47,0,0,0,0,0,0,0,0,0,0,0,0,23,0
l14,13=0,0,0,0,0,0,0,0,77,73,0,90,97,45,0,36,94,83,0,0,67,50,0,90,96,52,0,0,0,0,0,0,0,24,65,0,0,0,0,0
l15,13=0,0,0,0,0,0,65,22,53,81,74,96,91,72,30,0,87,90,0,65,72,59,0,52,51,46,0,0,0,0,0,0,0,0,0,0,60,0,20,0
l16,13=0,0,0,0,0,0,0,0,62,67,0,78,80,36,32,38,0,92,30,69,74,62,43,17,54,0,0,0,0,0,0,0,0,7,27,69,64,0,22,57
l17,13=0,0,0,0,0,0,0,0,59,72,0,93,96,43,31,39,94,0,0,74,81,76,42,46,51,43,0,0,0,0,0,0,0,26,0,11,64,0,21,0
l18,13=0,0,0,0,0,0,0,0,0,0,0,0,0,0,0,0,68,0,0,96,94,0,9,0,0,0,0,0,0,0,0,0,0,0,0,0,0,0,0,0
l19,13=0,0,0,0,0,0,0,0,44,0,0,0,0,2,0,19,49,38,49,0,96,93,92,0,0,0,40,0,18,52,0,12,0,0,0,52,42,20,43,74
l20,13=0,0,0,0,0,0,0,0,0,45,0,65,72,19,14,25,75,83,55,96,0,97,97,0,0,0,0,0,0,0,0,35,0,0,0,70,82,31,49,70
l21,13=0,0,0,0,0,0,0,0,41,65,0,73,61,36,18,22,78,80,0,96,97,0,98,0,37,0,0,0,0,0,0,0,0,0,0,52,54,0,61,56
l22,13=0,0,0,0,0,0,0,0,2,0,0,57,51,0,0,0,71,44,0,93,97,96,0,0,0,0,26,0,12,0,0,16,0,0,38,85,73,0,27,87
l23,13=0,0,0,23,0,0,0,0,0,0,0,87,79,40,100,49,66,76,0,0,0,0,0,0,52,100,0,0,0,0,0,0,0,27,0,0,0,0,0,0
l24,13=0,0,0,0,0,0,0,0,77,0,0,0,97,0,100,37,89,84,0,0,9,68,0,55,0,62,0,0,0,0,0,0,24,5,0,0,72,0,0,0
l25,13=0,0,0,0,0,0,0,0,0,0,0,86,97,44,60,37,0,81,0,0,0,0,0,99,96,0,0,0,0,10,0,67,29,54,92,0,0,0,0,0
l26,13=0,0,0,0,0,0,0,0,0,0,0,0,0,0,0,0,0,0,0,67,4,0,55,0,0,0,0,79,98,83,100,98,74,67,0,0,0,0,0,0
l27,13=0,0,0,0,0,0,0,0,0,0,0,0,0,0,0,0,0,0,0,0,0,0,0,0,0,0,78,0,98,100,100,78,69,68,19,0,0,0,0,0
l28,13=0,0,0,0,0,0,0,0,0,0,0,0,0,0,0,0,0,0,0,69,0,0,54,0,0,0,95,96,0,100,100,87,73,73,89,0,0,0,0,0
l29,13=0,0,0,0,0,0,0,0,0,0,0,0,0,0,0,0,0,0,0,63,0,0,0,0,0,0,75,96,98,0,100,82,77,63,85,0,0,0,0,0
l30,13=0,0,0,0,0,0,0,0,0,0,0,0,0,0,0,0,0,0,0,0,0,0,0,0,0,0,95,96,98,100,0,88,73,69,1,0,0,0,0,0
l31,13=0,0,0,0,0,0,0,0,0,0,0,0,0,0,4,0,0,0,0,40,74,0,14,0,0,87,95,96,98,98,99,0,100,100,100,0,0,0,0,0
l32,13=0,0,0,0,0,0,0,0,0,0,0,0,26,0,10,0,1,0,0,0,0,0,0,1,67,85,91,43,82,97,93,100,0,100,100,0,0,0,0,0
l33,13=0,0,0,0,0,0,0,0,0,0,0,0,96,0,57,0,79,84,0,0,0,0,0,71,46,96,93,60,97,93,99,100,100,0,100,0,0,0,0,0
l34,13=0,0,0,0,0,0,0,0,0,0,0,0,7,0,54,0,68,0,0,0,0,0,55,0,0,100,0,15,98,100,63,100,100,100,0,0,0,0,0,0
l35,13=0,0,0,0,0,0,0,0,0,0,0,0,0,0,0,0,61,0,0,55,68,42,46,0,0,0,0,0,0,0,0,0,0,0,0,0,95,89,83,72
l36,13=0,0,0,0,0,0,0,0,0,0,0,0,0,0,0,16,68,58,0,40,85,49,50,0,38,0,0,0,0,0,0,0,0,0,0,92,0,28,28,74
l37,13=0,0,0,0,0,0,0,0,0,0,0,0,0,0,0,0,0,0,0,40,76,0,0,0,0,0,0,0,0,0,0,0,0,0,0,90,67,0,16,62
l38,13=0,0,0,0,0,0,0,0,0,0,0,28,63,25,0,23,69,56,0,59,82,71,47,0,0,0,0,0,0,0,0,0,0,0,0,87,74,21,0,62
l39,13=0,0,0,0,0,0,0,0,0,0,0,0,0,0,0,0,54,0,0,72,71,50,54,0,0,0,0,0,0,0,0,0,0,0,0,79,72,26,22,0

l0,14=0,100,99,99,95,99,95,97,99,98,99,0,0,4,0,0,0,0,0,0,0,0,0,0,0,0,0,0,0,0,0,0,0,0,0,0,0,0,0,0
l1,14=99,0,96,97,94,99,92,91,14,50,54,0,0,41,38,0,0,0,0,0,0,0,0,0,3,0,0,0,0,0,0,0,0,0,0,0,0,0,0,0
l2,14=100,100,0,97,95,100,96,97,86,89,97,0,0,1,0,0,0,0,0,0,0,0,0,0,0,0,0,0,0,0,0,0,0,0,0,0,0,0,0,0
l3,14=99,99,95,0,94,99,94,93,0,96,97,0,0,0,0,0,0,0,0,0,0,0,0,0,0,0,0,0,0,0,0,0,0,0,0,0,0,0,0,0
l4,14=99,99,96,97,0,99,69,0,48,47,97,0,0,37,0,0,0,0,0,0,0,0,0,0,0,0,0,0,0,0,0,0,0,0,0,0,0,0,0,0
l5,14=99,99,96,98,95,0,96,55,85,99,99,0,0,84,0,76,0,0,0,0,0,0,0,0,0,0,0,0,0,0,0,0,0,0,0,0,0,0,0,0
l6,14=93,94,98,97,83,100,0,88,91,94,99,95,0,87,0,86,0,0,0,0,0,0,55,0,0,0,0,0,0,0,0,0,0,0,0,0,0,0,0,0
l7,14=99,99,96,98,6,86,86,0,99,100,100,0,0,82,0,27,72,0,0,0,0,0,0,0,0,0,0,0,0,0,0,0,0,0,0,0,0,0,0,0
l8,14=43,2,20,40,45,55,25,29,0,100,99,48,44,38,52,49,0,0,0,6,32,33,54,0,53,0,0,0,0,0,0,0,0,0,0,0,0,0,0,0
l9,14=81,41,0,45,41,99,61,97,100,0,100,90,0,94,36,95,41,41,0,0,52,41,0,42,0,0,0,0,0,0,0,0,0,0,0,0,0,0,0,0
l10,14=84,67,20,97,95,100,95,97,100,100,0,58,54,94,10,46,0,0,0,0,20,0,0,0,0,0,0,0,0,0,0,0,0,0,0,0,0,0,0,0
l11,14=0,0,0,0,0,0,94,0,41,97,54,0,98,99,96,98,95,99,0,0,56,45,57,52,27,44,0,0,0,0,0,0,0,0,0,0,44,0,34,0
l12,14=0,0,0,0,0,0,0,0,75,0,37,95,0,92,100,95,95,99,0,12,59,18,67,95,96,99,0,0,0,0,0,0,0,59,0,0,0,0,0,0
l13,14=12,29,0,0,45,54,35,26,39,100,97,100,97,0,88,98,40,97,0,7,0,36,0,0,82,40,0,0,0,0,0,0,0,0,0,0,0,0,29,0
l14,14=0,0,0,0,0,0,0,0,39,39,1,93,100,42,0,47,90,46,0,0,0,17,0,95,100,41,0,0,0,0,0,0,19,32,0,0,0,0,17,0
l15,14=0,0,0,0,0,41,26,0,39,98,52,100,98,99,54,0,97,99,0,18,38,34,0,68,99,42,0,0,0,0,0,0,0,0,0,0,0,0,30,0
l16,14=0,0,0,0,0,0,0,19,0,37,0,95,62,28,97,96,0,99,24,25,41,34,93,34,97,0,0,0,0,0,0,0,0,16,21,96,89,4,15,16
l17,14=0,0,0,0,0,0,0,0,0,50,0,97,98,98,96,96,97,0,0,24,63,78,70,64,99,66,0,0,0,0,0,0,0,11,0,43,41,0,59,0
l18,14=0,0,0,0,0,0,0,0,0,0,0,0,0,0,0,0,86,0,0,83,84,8,79,0,0,0,0,0,0,0,0,0,0,0,0,0,0,0,0,0
l19,14=0,0,0,0,0,0,0,0,2,0,0,0,78,1,0,81,91,90,85,0,99,93,84,0,0,0,79,0,36,62,0,0,0,0,0,89,88,57,47,88
l20,14=0,0,0,0,0,0,0,0,6,89,0,78,90,0,0,83,89,91,81,95,0,97,99,0,35,0,0,0,0,0,0,1,0,0,34,93,96,61,59,59
l21,14=0,0,0,0,0,0,0,0,68,91,3,79,82,84,82,81,89,91,0,93,99,0,99,0,84,0,0,0,0,0,0,0,0,0,0,89,86,55,54,50
l22,14=0,0,0,0,0,0,31,0,39,0,0,80,83,0,0,0,95,87,73,89,99,97,0,0,9,0,78,0,1,0,0,0,0,0,0,91,90,58,53,93
l23,14=0,0,0,0,0,0,0,0,0,50,0,49,48,0,98,48,18,46,0,0,0,0,0,0,16,100,0,0,0,0,0,0,27,34,31,0,0,0,0,0
l24,14=0,0,0,0,0,0,0,0,39,0,0,0,100,43,100,95,97,100,0,0,24,38,1,0,0,100,0,0,0,0,0,0,0,0,0,0,49,0,0,0
l25,14=0,0,0,0,3,0,0,0,0,0,0,94,100,52,95,88,0,95,0,0,0,0,0,98,98,0,0,0,5,0,0,0,35,61,81,0,0,0,0,0
l26,14=0,0,0,0,0,0,0,0,0,0,0,0,0,0,0,0,0,0,0,86,16,0,82,0,0,0,0,92,99,99,98,100,97,96,97,0,0,0,0,0
l27,14=0,0,0,0,0,0,0,0,0,0,0,0,0,0,0,0,0,0,0,0,0,0,0,0,0,0,86,0,99,100,100,87,85,81,1,0,0,0,0,0
l28,14=0,0,0,0,0,0,0,0,0,0,0,0,0,0,0,0,0,0,0,75,0,0,35,0,0,24,100,100,0,100,100,93,83,81,89,0,0,0,0,0
l29,14=0,0,0,0,0,0,0,0,0,0,0,0,0,0,0,0,0,0,0,86,0,0,0,0,0,0,86,100,99,0,100,88,87,0,90,0,0,0,0,0
l30,14=0,0,0,0,0,0,0,0,0,0,0,0,0,0,0,0,0,0,0,0,0,0,0,0,0,0,98,100,97,100,0,87,83,80,0,0,0,0,0,0
l31,14=0,0,0,0,0,0,0,0,0,0,0,0,0,0,0,0,0,0,0,0,45,0,0,0,0,0,99,79,98,99,92,0,99,99,99,0,0,0,0,0
l32,14=0,0,0,0,0,0,0,0,0,0,0,0,0,0,94,0,0,0,0,0,0,0,0,87,0,91,99,88,93,100,93,100,0,100,100,0,0,0,0,0
l33,14=0,0,0,0,0,0,0,0,0,0,0,0,98,0,95,0,94,6,0,0,0,0,0,92,0,99,99,78,99,0,100,100,100,0,100,0,0,0,0,0
l34,14=0,0,0,0,0,0,0,0,0,0,0,0,18,0,0,0,87,0,0,0,61,0,3,85,0,100,100,1,99,100,0,100,100,100,0,0,0,0,0,0
l35,14=0,0,0,0,0,0,0,0,0,0,0,0,16,0,0,0,88,64,0,27,42,49,76,0,0,0,0,0,0,0,0,0,0,0,0,0,97,91,88,86
l36,14=0,0,0,0,0,0,0,0,0,0,0,25,0,0,0,0,88,1,0,19,51,41,81,0,65,0,0,0,0,0,0,0,0,0,0,98,0,46,59,52
l37,14=0,0,0,0,0,0,0,0,0,0,0,0,0,0,0,0,0,0,0,0,50,15,80,0,0,0,0,0,0,0,0,0,0,0,0,98,86,0,49,53
l38,14=0,0,0,0,0,0,0,0,0,0,0,46,0,38,78,83,84,88,0,10,61,54,97,0,0,0,0,0,0,0,0,0,0,0,0,97,97,34,0,55
l39,14=0,0,0,0,0,0,0,0,0,0,0,0,0,0,0,0,88,0,0,49,47,65,79,0,0,0,0,0,0,0,0,0,0,0,0,94,86,57,49,0

l0,15=0,99,96,100,99,100,97,98,68,98,94,0,0,0,0,0,0,0,0,0,0,0,0,0,0,0,0,0,0,0,0,0,0,0,0,0,0,0,0,0
l1,15=97,0,96,98,95,98,97,88,0,98,99,0,0,98,62,0,0,0,0,0,0,0,0,0,33,0,0,0,0,0,0,0,0,0,0,0,0,0,0,0
l2,15=100,100,0,98,95,100,100,98,0,96,94,40,0,98,0,0,0,0,0,0,0,0,0,0,0,0,0,0,0,0,0,0,0,0,0,0,0,0,0,0
l3,15=100,99,96,0,95,98,0,0,0,0,99,0,0,0,0,0,0,0,0,0,0,0,0,0,0,0,0,0,0,0,0,0,0,0,0,0,0,0,0,0
l4,15=98,100,96,93,0,100,97,90,0,92,99,0,0,95,0,0,0,0,0,0,0,0,0,0,0,0,0,0,0,0,0,0,0,0,0,0,0,0,0,0
l5,15=97,97,96,98,99,0,97,98,97,98,99,0,0,98,0,94,0,0,0,0,0,0,0,0,0,0,0,0,0,0,0,0,0,0,0,0,0,0,0,0
l6,15=97,97,96,80,94,98,0,98,96,98,99,96,93,97,0,95,12,0,0,0,0,0,45,0,0,0,0,0,0,0,0,0,0,0,0,0,0,0,0,0
l7,15=97,77,96,55,95,98,97,0,97,98,100,0,0,80,76,0,92,0,0,0,0,0,0,0,0,0,0,0,0,0,0,0,0,0,0,0,0,0,0,0
l8,15=88,0,0,29,0,88,75,89,0,100,99,94,62,79,78,62,0,0,0,53,19,91,91,28,96,0,0,0,0,0,0,0,0,0,0,0,0,0,0,0
l9,15=99,73,0,0,88,99,94,99,100,0,100,89,0,100,39,97,51,67,0,0,97,95,9,33,0,0,0,0,0,0,0,0,0,0,0,0,0,0,0,0
l10,15=96,96,6,96,95,98,97,100,97,100,0,0,95,98,81,0,1,0,0,0,0,1,0,0,0,0,0,0,0,0,0,0,0,0,0,0,0,0,0,0
l11,15=0,0,0,0,0,0,88,0,62,94,0,0,99,100,74,100,95,99,0,2,99,97,98,92,0,62,0,0,0,0,0,0,0,0,0,0,99,0,57,0
l12,15=0,0,0,0,0,0,81,0,98,0,99,99,0,100,100,97,95,99,0,65,99,0,98,99,100,100,0,0,0,0,0,0,0,54,0,1,96,1,56,0
l13,15=0,76,57,0,91,90,79,56,62,100,99,100,100,0,81,100,53,99,0,3,0,79,35,90,96,59,0,0,0,0,0,0,0,0,0,0,0,0,0,0
l14,15=0,0,0,0,0,0,0,9,63,74,38,99,100,82,0,62,54,99,0,0,44,0,0,99,100,62,0,0,0,0,0,0,0,99,4,0,0,0,0,0
l15,15=0,0,0,0,0,73,84,0,63,94,0,100,62,82,81,0,55,99,0,0,98,98,2,98,99,59,0,0,0,0,0,0,0,0,0,80,0,0,59,0
l16,15=0,0,0,0,0,0,14,55,0,81,9,98,61,72,81,62,0,96,89,96,96,86,99,0,99,21,0,0,0,0,0,25,0,91,0,77,97,92,55,20
l17,15=0,0,0,0,0,0,0,0,0,92,0,99,62,82,82,67,55,0,0,99,99,98,99,98,99,61,0,0,0,0,0,0,0,95,3,0,98,88,58,1
l18,15=0,0,0,0,0,0,0,0,0,0,0,0,0,0,0,0,83,0,0,41,87,11,80,0,0,0,0,0,0,0,0,0,0,0,0,0,0,0,0,0
l19,15=0,0,0,0,0,0,0,0,23,0,0,0,50,0,0,0,44,71,0,0,99,90,99,0,0,0,1,0,68,65,0,0,0,0,0,0,69,0,0,39
l20,15=0,0,0,0,0,0,0,0,0,90,0,89,60,0,9,57,52,93,75,99,0,100,100,0,0,0,0,0,0,0,0,0,0,0,0,85,99,0,73,56
l21,15=0,0,0,0,0,0,0,0,55,88,7,91,0,62,0,57,51,92,1,99,100,0,100,0,61,0,0,0,21,0,0,0,0,0,33,73,96,90,94,47
l22,15=0,0,0,0,0,0,17,0,45,69,0,76,53,5,0,8,91,76,50,96,100,98,0,0,0,0,46,0,0,8,0,51,0,8,0,58,84,82,50,39
l23,15=0,0,0,0,0,0,0,0,1,67,0,97,100,69,100,99,0,99,0,0,0,0,0,0,100,100,0,0,0,0,0,0,96,100,0,0,0,0,0,0
l24,15=0,0,0,0,0,0,0,0,63,0,0,0,100,82,100,100,95,100,0,0,0,0,0,100,0,87,0,0,0,0,0,0,98,3,0,0,99,0,6,0
l25,15=0,0,0,0,0,0,0,0,0,0,0,97,99,81,87,61,46,95,0,0,0,0,0,98,83,0,56,0,38,0,0,94,96,93,89,0,0,0,0,0
l26,15=0,0,0,0,0,0,0,0,0,0,0,0,0,0,0,0,0,0,0,0,0,0,73,0,0,87,0,97,82,98,85,98,95,34,88,0,0,0,0,0
l27,15=0,0,0,0,0,0,0,0,0,0,0,0,0,0,0,0,0,0,0,0,0,0,0,0,0,0,89,0,82,99,85,93,93,88,83,0,0,0,0,0
l28,15=0,0,0,0,0,0,0,0,0,0,0,0,0,0,0,0,0,0,0,89,0,25,0,0,0,65,98,98,0,99,85,95,92,90,83,0,0,0,0,0
l29,15=0,0,0,0,0,0,0,0,0,0,0,0,0,0,0,0,0,0,0,89,0,0,15,0,0,0,91,98,82,0,85,94,92,90,84,0,0,0,0,0
l30,15=0,0,0,0,0,0,0,0,0,0,0,0,0,0,0,0,0,0,0,0,0,0,0,0,0,0,98,98,82,99,0,84,92,90,0,0,0,0,0,0
l31,15=0,0,0,0,0,0,0,0,0,0,0,0,0,0,0,0,5,0,0,0,0,0,69,0,0,89,97,87,77,97,79,0,97,97,91,0,0,0,0,0
l32,15=0,0,0,0,0,0,0,0,0,0,0,0,68,0,0,0,0,0,0,0,45,0,0,90,73,90,97,87,70,98,80,98,0,97,91,0,0,0,0,0
l33,15=0,0,0,0,0,0,0,0,0,0,0,0,57,0,77,0,54,92,0,0,0,0,43,99,68,74,9,77,79,97,90,98,99,0,95,0,0,0,0,0
l34,15=0,0,0,0,0,0,0,0,0,0,0,0,13,0,57,0,0,0,0,0,20,57,0,0,0,95,97,81,72,97,0,98,98,97,0,0,0,0,0,0
l35,15=0,0,0,0,0,0,0,0,0,0,0,0,35,0,0,39,44,0,0,4,92,72,78,0,0,0,0,0,0,0,0,0,0,0,0,0,99,97,89,89
l36,15=0,0,0,0,0,0,0,0,0,0,0,87,52,0,0,0,51,69,0,89,96,88,96,0,72,0,0,0,0,0,0,0,0,0,0,86,0,97,86,50
l37,15=0,0,0,0,0,0,0,0,0,0,0,0,1,0,0,0,43,0,0,0,0,78,95,0,0,0,0,0,0,0,0,0,0,0,0,97,97,0,77,92
l38,15=0,0,0,0,0,0,0,0,0,0,0,84,52,0,0,51,23,90,0,0,99,90,96,0,13,0,0,0,0,0,0,0,0,0,0,85,99,98,0,52
l39,15=0,0,0,0,0,0,0,0,0,0,0,0,0,0,0,0,35,0,0,87,99,80,96,0,0,0,0,0,0,0,0,0,0,0,0,99,95,98,56,0

