t=2016-04-13_00.18.33

n=40

q0=1
q1=1
q2=1
q3=1
q4=1
q5=1
q6=1
q7=1
q8=1
q9=1
q10=1
q11=1
q12=1
q13=1
q14=1
q15=1
q16=1
q17=1
q18=1
q19=1
q20=1
q21=1
q22=1
q23=1
q24=1
q25=1
q26=1
q27=1
q28=1
q29=1
q30=1
q31=1
q32=1
q33=1
q34=1
q35=1
q36=1
q37=1
q38=1
q39=1

a0=0x141592000c576ce6
a1=0x141592000c5aedbc
a2=0x141592000c5750f4
a3=0x141592000c576658
a4=0x141592000c575890
a5=0x141592000c574ffa
a6=0x141592000c5acf11
a7=0x141592000d9df361
a8=0x141592000c576300
a9=0x141592000c5779b6
a10=0x141592000c5762b9
a11=0x141592000c5af078
a12=0x141592000c575517
a13=0x141592000c5752c3
a14=0x141592000c5a4baa
a15=0x141592000c5776e7
a16=0x141592000c58cdeb
a17=0x141592000c5881fc
a18=0x141592000bd81d33
a19=0x141592000bd84d6a
a20=0x141592000c577233
a21=0x141592000c574527
a22=0x141592000c5746a3
a23=0x141592000c574da3
a24=0x141592000c5741c9
a25=0x141592000da244ea
a26=0x141592000c5ae886
a27=0x141592000c57510e
a28=0x141592000c5ab6c8
a29=0x141592000c574d05
a30=0x141592000edae61f
a31=0x141592000c57667e
a32=0x141592000c577f43
a33=0x141592000c576449
a34=0x1415920010f4117a
a35=0x141592000c575966
a36=0x141592000c574d35
a37=0x141592000c576fb1
a38=0x141592000c5aea5d
a39=0x141592000c59f23f

l0,0=0,93,89,95,92,91,89,85,39,92,92,0,0,0,0,0,0,0,0,0,0,0,0,0,0,0,0,0,0,0,0,0,0,0,0,0,0,0,0,0
l1,0=92,0,90,92,92,92,65,88,81,76,92,0,0,11,0,0,0,0,0,0,0,0,0,0,0,0,0,0,0,0,0,0,0,0,0,0,0,0,0,0
l2,0=83,94,0,83,93,93,96,88,31,90,93,0,0,75,0,0,0,0,0,0,0,0,0,0,0,0,0,0,0,0,0,0,0,0,0,0,0,0,0,0
l3,0=96,93,87,0,92,87,89,84,71,0,65,0,0,0,0,0,0,0,0,0,0,0,0,0,0,0,0,0,0,0,0,0,0,0,0,0,0,0,0,0
l4,0=92,93,90,92,0,91,78,81,77,74,76,0,0,69,0,0,0,0,0,0,0,0,0,0,0,0,0,0,0,0,0,0,0,0,0,0,0,0,0,0
l5,0=87,96,90,83,89,0,88,84,84,89,86,50,0,65,0,0,0,0,0,0,0,0,0,0,0,0,0,0,0,0,0,0,0,0,0,0,0,0,0,0
l6,0=79,49,98,81,83,84,0,86,83,81,85,25,0,69,0,57,58,0,0,0,0,0,0,0,0,0,0,0,0,0,0,0,0,0,0,0,0,0,0,0
l7,0=63,86,85,80,83,85,88,0,82,86,88,44,0,64,0,59,0,0,0,0,0,0,0,0,0,0,0,0,0,0,0,0,0,0,0,0,0,0,0,0
l8,0=0,57,0,27,70,74,82,77,0,92,42,70,68,89,75,82,85,41,0,0,0,47,1,43,65,0,0,0,0,0,0,0,0,0,0,0,0,0,13,0
l9,0=80,50,84,0,73,90,82,86,94,0,93,75,59,83,2,64,66,59,0,0,0,0,28,0,0,0,0,0,0,0,0,0,0,0,0,0,0,0,0,0
l10,0=82,86,86,65,84,84,85,88,79,93,0,82,50,84,0,79,0,0,0,0,0,0,0,0,0,0,0,0,0,0,0,0,0,0,0,0,0,0,0,0
l11,0=0,0,0,0,0,41,48,68,83,35,29,0,92,89,90,94,82,93,0,42,0,23,0,0,34,38,0,0,0,0,0,0,0,0,0,0,68,0,20,0
l12,0=0,0,0,0,0,0,0,0,69,26,7,92,0,82,87,94,75,99,0,0,26,35,0,83,88,83,0,0,0,0,0,0,0,28,0,1,44,0,21,0
l13,0=0,0,34,0,58,8,60,56,92,77,83,89,84,0,89,84,55,78,0,48,0,44,33,48,38,58,0,0,0,0,0,0,0,0,0,0,0,0,14,0
l14,0=0,0,0,0,0,0,0,0,77,13,0,39,84,83,0,83,85,85,0,0,29,0,40,77,48,87,0,0,0,0,0,0,0,29,0,0,23,0,21,0
l15,0=0,0,0,0,0,0,51,52,79,22,24,98,94,84,88,0,73,84,0,0,11,0,28,26,79,0,0,0,0,0,0,0,0,0,0,0,47,0,22,0
l16,0=0,0,0,0,0,0,43,0,73,27,0,34,66,55,87,66,0,91,0,60,25,45,46,27,37,0,0,0,0,0,0,0,0,19,0,41,51,28,25,25
l17,0=0,0,0,0,0,0,0,0,51,28,0,41,94,80,89,88,90,0,0,0,30,49,21,0,36,70,0,0,0,0,0,0,0,29,0,0,76,0,2,0
l18,0=0,0,0,0,0,0,0,0,0,0,0,0,0,0,0,0,0,0,0,0,72,0,77,0,0,0,0,0,0,0,0,0,0,0,0,0,0,0,0,0
l19,0=0,0,0,0,0,0,0,0,7,0,0,20,0,64,0,0,67,0,0,0,79,29,91,0,0,0,48,0,0,0,0,9,0,0,0,43,75,0,48,80
l20,0=0,0,0,0,0,0,0,0,0,0,0,0,49,0,55,16,58,62,76,89,0,90,90,0,0,0,0,0,0,0,0,0,0,0,7,47,82,78,87,89
l21,0=0,0,0,0,0,0,0,0,70,0,1,23,41,65,0,0,69,62,37,48,90,0,89,0,0,0,16,0,0,0,0,0,0,0,0,78,58,40,72,75
l22,0=0,0,0,0,0,0,0,0,42,14,0,0,0,58,56,45,66,41,74,89,90,90,0,0,0,0,9,0,0,0,0,14,1,0,0,63,93,59,46,52
l23,0=0,0,0,0,0,0,0,0,57,0,0,0,81,75,85,31,68,0,0,0,0,0,0,0,82,50,0,0,0,0,0,24,3,29,25,0,0,0,0,0
l24,0=0,0,0,0,0,0,0,0,81,0,0,34,94,81,85,85,83,81,0,0,0,0,2,88,0,80,0,0,0,0,0,0,48,33,19,0,0,0,0,0
l25,0=0,0,0,0,0,0,0,0,24,0,0,15,83,68,88,0,0,71,0,0,0,0,0,39,76,0,64,6,0,0,0,64,58,48,74,0,0,0,0,0
l26,0=0,0,0,0,0,0,0,0,0,0,0,0,0,0,0,0,0,0,0,66,0,6,28,0,0,60,0,81,97,89,91,89,78,73,64,0,0,0,0,0
l27,0=0,0,0,0,0,0,0,0,0,0,0,0,0,0,0,0,0,0,0,0,0,0,0,0,0,2,83,0,97,93,98,82,79,71,80,0,0,0,0,0
l28,0=0,0,0,0,0,0,0,0,0,0,0,0,0,0,0,0,0,0,0,0,0,0,0,0,0,0,87,100,0,93,98,85,78,66,81,0,0,0,0,0
l29,0=0,0,0,0,0,0,0,0,0,0,0,0,0,0,0,0,0,0,0,0,0,0,0,0,0,1,83,100,97,0,98,78,67,65,62,0,0,0,0,0
l30,0=0,0,0,0,0,0,0,0,0,0,0,0,0,0,0,0,0,0,0,0,0,0,0,0,0,0,81,100,97,93,0,72,70,67,0,0,0,0,0,0
l31,0=0,0,0,0,0,0,0,0,0,0,0,0,0,0,0,0,0,0,0,59,0,0,44,64,0,59,85,67,88,74,57,0,88,79,90,0,0,0,0,0
l32,0=0,0,0,0,0,0,0,0,0,0,0,0,0,0,0,0,0,0,0,0,0,0,0,24,54,61,77,66,79,64,63,83,0,84,93,0,0,0,0,0
l33,0=0,0,0,0,0,0,0,0,0,0,0,0,58,0,71,0,53,67,0,0,0,0,0,65,60,64,76,55,73,60,66,80,88,0,78,0,0,0,0,0
l34,0=0,0,0,0,0,0,0,0,0,0,0,0,0,0,0,0,0,0,0,0,44,0,0,73,58,75,78,71,85,67,0,91,95,77,0,0,0,0,0,0
l35,0=0,0,0,0,0,0,0,0,0,0,0,0,1,0,0,0,20,0,0,13,12,48,38,0,0,0,0,0,0,0,0,0,0,0,0,0,77,92,91,43
l36,0=0,0,0,0,0,0,0,0,0,0,0,21,26,0,0,34,35,50,0,55,32,34,54,0,0,0,0,0,0,0,0,0,0,0,0,77,0,94,31,37
l37,0=0,0,0,0,0,0,0,0,0,0,0,0,0,0,0,0,14,0,0,0,29,16,31,0,0,0,0,0,0,0,0,0,0,0,0,78,96,0,0,37
l38,0=0,0,0,0,0,0,0,0,46,0,0,20,64,43,15,69,86,2,0,47,34,52,52,0,0,0,0,0,0,0,0,0,0,0,0,83,97,0,0,37
l39,0=0,0,0,0,0,0,0,0,0,0,0,0,0,0,0,0,48,0,0,75,34,44,52,0,0,0,0,0,0,0,0,0,0,0,0,75,96,92,31,0

l0,1=0,85,52,92,89,85,80,0,59,75,64,0,0,5,0,0,0,0,0,0,0,0,0,0,0,0,0,0,0,0,0,0,0,0,0,0,0,0,0,0
l1,1=86,0,86,88,90,89,79,69,70,72,81,0,0,54,0,0,0,0,0,0,0,0,0,0,0,0,0,0,0,0,0,0,0,0,0,0,0,0,0,0
l2,1=61,93,0,82,86,94,88,73,0,80,86,0,0,0,0,18,0,0,0,0,0,0,0,0,0,0,0,0,0,0,0,0,0,0,0,0,0,0,0,0
l3,1=91,85,81,0,78,84,71,49,0,0,70,0,0,0,0,0,0,0,0,0,0,0,0,0,0,0,0,0,0,0,0,0,0,0,0,0,0,0,0,0
l4,1=86,85,81,62,0,84,64,53,74,72,68,0,0,47,16,0,0,0,0,0,0,0,0,0,0,0,0,0,0,0,0,0,0,0,0,0,0,0,0,0
l5,1=76,86,87,77,83,0,77,79,75,78,77,0,0,31,0,0,0,0,0,0,0,0,0,0,0,0,0,0,0,0,0,0,0,0,0,0,0,0,0,0
l6,1=61,65,81,58,50,63,0,80,64,63,80,44,5,53,0,0,13,0,0,0,0,0,0,0,0,0,0,0,0,0,0,0,0,0,0,0,0,0,0,0
l7,1=0,51,66,28,45,80,82,0,83,80,87,20,9,0,0,0,0,0,0,0,0,0,0,0,0,0,0,0,0,0,0,0,0,0,0,0,0,0,0,0
l8,1=43,37,0,0,71,45,69,78,0,84,64,65,2,80,67,64,51,37,0,0,0,54,49,18,0,0,0,0,0,0,0,0,0,0,0,0,0,0,0,0
l9,1=52,58,65,0,55,69,61,76,90,0,86,60,37,82,37,59,26,42,0,0,0,19,5,0,0,0,0,0,0,0,0,0,0,0,0,0,0,0,0,0
l10,1=56,71,72,62,64,71,80,90,72,87,0,51,0,77,0,49,1,0,0,0,0,2,0,0,0,0,0,0,0,0,0,0,0,0,0,0,0,0,0,0
l11,1=0,0,0,0,0,0,50,12,37,46,47,0,76,83,74,73,34,74,0,29,15,13,0,12,39,0,0,0,0,0,0,0,0,0,0,8,57,0,30,0
l12,1=0,0,0,0,0,0,0,0,9,35,0,73,0,72,80,65,35,77,0,0,53,42,33,70,87,49,0,0,0,0,0,0,0,1,0,0,0,0,28,0
l13,1=0,3,0,0,13,0,42,0,47,72,74,76,69,0,76,29,31,54,0,19,20,46,39,47,31,26,0,0,0,0,0,0,0,0,0,0,0,0,27,0
l14,1=0,0,0,0,15,0,0,0,33,39,0,62,76,69,0,36,40,51,0,0,55,36,46,71,62,53,0,0,0,0,0,0,0,0,0,0,0,0,0,0
l15,1=0,0,0,0,0,0,1,0,38,45,40,81,76,51,57,0,6,55,0,0,0,0,31,18,72,0,0,0,0,0,0,0,0,0,0,0,49,0,0,0
l16,1=0,0,0,0,0,0,15,0,25,30,0,41,41,45,68,3,0,51,0,12,55,44,55,37,33,26,0,0,0,0,0,0,11,9,0,34,49,26,14,18
l17,1=0,0,0,0,0,0,0,0,19,37,0,63,83,55,57,37,36,0,0,0,55,0,47,39,36,14,0,0,0,0,0,0,0,18,0,0,53,0,3,0
l18,1=0,0,0,0,0,0,0,0,0,0,0,0,0,0,0,0,0,0,0,33,69,48,71,0,0,0,0,0,0,0,0,0,0,0,0,0,0,0,0,0
l19,1=0,0,0,0,0,0,0,0,0,0,0,17,0,36,0,0,3,0,40,0,76,44,83,0,0,0,32,0,0,0,0,29,0,0,0,31,62,26,48,67
l20,1=0,0,0,0,0,0,0,0,0,0,0,1,29,36,43,0,27,39,53,65,0,72,83,0,0,0,0,0,0,0,0,0,0,0,0,30,69,58,56,54
l21,1=0,0,0,0,0,0,0,0,37,29,11,12,28,44,39,0,49,15,44,36,77,0,81,0,0,0,7,0,0,0,0,19,14,0,0,66,30,37,52,69
l22,1=0,0,0,0,0,0,0,0,32,16,0,0,22,38,37,15,39,34,45,72,80,72,0,0,7,0,4,0,0,0,0,37,0,0,0,46,75,35,29,73
l23,1=0,0,0,0,0,0,0,0,19,0,0,0,66,66,72,0,31,41,0,0,0,0,0,0,77,52,0,0,0,0,0,0,0,15,44,0,0,0,0,0
l24,1=0,0,0,0,0,0,0,0,0,0,0,56,76,58,76,58,31,50,0,0,0,0,15,74,0,56,0,0,0,0,0,0,39,38,31,0,0,0,0,0
l25,1=0,0,0,0,0,0,0,0,6,0,0,0,63,52,73,0,48,33,0,0,0,0,0,67,65,0,24,0,21,1,0,60,0,66,38,0,0,0,0,0
l26,1=0,0,0,0,0,0,0,0,0,0,0,0,0,0,0,0,0,0,0,40,0,5,19,0,0,41,0,73,78,81,72,79,76,79,61,0,0,0,0,0
l27,1=0,0,0,0,0,0,0,0,0,0,0,0,0,0,0,0,0,0,0,0,0,0,0,0,0,0,64,0,79,88,87,58,71,61,62,0,0,0,0,0
l28,1=0,0,0,0,0,0,0,0,0,0,0,0,0,0,0,0,0,0,0,7,0,0,0,0,0,26,77,82,0,88,77,73,65,61,61,0,0,0,0,0
l29,1=0,0,0,0,0,0,0,0,0,0,0,0,0,0,0,0,0,0,0,0,0,0,0,0,0,1,71,82,79,0,77,66,68,30,23,0,0,0,0,0
l30,1=0,0,0,0,0,0,0,0,0,0,0,0,0,0,0,0,0,0,0,0,0,0,0,0,0,0,64,88,79,87,0,52,66,64,0,0,0,0,0,0
l31,1=0,0,0,0,0,0,0,0,0,0,0,0,0,0,0,0,0,0,0,37,6,13,57,0,0,53,67,64,69,67,52,0,74,77,79,0,0,0,0,0
l32,1=0,0,0,0,0,0,0,0,0,0,0,0,0,0,0,0,7,0,0,0,0,2,0,0,17,0,60,38,22,30,28,77,0,75,84,0,0,0,0,0
l33,1=0,0,0,0,0,0,0,0,0,0,0,0,5,0,0,0,13,19,0,0,0,0,0,18,25,30,59,34,27,20,32,69,71,0,33,0,0,0,0,0
l34,1=0,0,0,0,0,0,0,0,0,0,0,0,0,0,0,0,0,0,0,0,12,0,0,61,23,37,49,37,66,26,0,78,83,64,0,0,0,0,0,0
l35,1=0,0,0,0,0,0,0,0,0,0,0,0,0,0,0,0,16,0,0,23,26,50,61,0,0,0,0,0,0,0,0,0,0,0,0,0,69,61,56,28
l36,1=0,0,0,0,0,0,0,0,0,0,0,41,1,0,0,7,11,31,0,36,71,13,73,0,0,0,0,0,0,0,0,0,0,0,0,50,0,62,41,39
l37,1=0,0,0,0,0,0,0,0,0,0,0,0,0,0,0,0,1,0,0,11,70,36,38,0,0,0,0,0,0,0,0,0,0,0,0,48,69,0,38,42
l38,1=0,0,0,0,0,0,0,0,0,0,0,36,28,37,0,0,17,0,0,40,72,53,51,0,0,0,0,0,0,0,0,0,0,0,0,69,69,53,0,41
l39,1=0,0,0,0,0,0,0,0,0,0,0,0,0,0,0,0,21,0,0,44,66,49,68,0,0,0,0,0,0,0,0,0,0,0,0,39,60,59,34,0

l0,2=0,85,85,82,74,79,63,63,64,65,52,0,0,0,0,0,0,0,0,0,0,0,0,0,0,0,0,0,0,0,0,0,0,0,0,0,0,0,0,0
l1,2=83,0,89,86,79,83,69,69,36,70,77,0,0,0,0,0,0,0,0,0,0,0,0,0,0,0,0,0,0,0,0,0,0,0,0,0,0,0,0,0
l2,2=64,79,0,84,71,90,75,81,34,80,76,0,0,0,0,17,0,0,0,0,0,0,0,0,0,0,0,0,0,0,0,0,0,0,0,0,0,0,0,0
l3,2=84,91,92,0,73,74,34,0,40,3,0,0,0,0,0,0,0,0,0,0,0,0,0,0,0,0,0,0,0,0,0,0,0,0,0,0,0,0,0,0
l4,2=75,85,83,78,0,81,61,54,0,73,37,0,0,0,0,0,0,0,0,0,0,0,0,5,0,0,0,0,0,0,0,0,0,0,0,0,0,0,0,0
l5,2=66,84,89,71,73,0,58,76,63,70,71,0,0,10,0,0,0,0,0,0,0,0,0,0,0,0,0,0,0,0,0,0,0,0,0,0,0,0,0,0
l6,2=62,75,87,45,63,68,0,61,35,66,74,18,39,22,0,18,0,0,0,0,0,0,0,0,0,0,0,0,0,0,0,0,0,0,0,0,0,0,0,0
l7,2=41,65,81,37,46,76,56,0,73,73,81,27,1,40,0,28,2,0,0,0,0,0,0,0,0,0,0,0,0,0,0,0,0,0,0,0,0,0,0,0
l8,2=24,1,1,23,0,43,19,73,0,87,66,41,0,68,6,42,48,40,0,0,0,37,29,0,30,0,0,0,0,0,0,0,0,0,0,0,0,0,1,0
l9,2=32,56,88,13,66,61,54,80,84,0,79,39,41,69,0,34,29,33,0,0,0,19,0,0,0,0,0,0,0,0,0,0,0,0,0,0,0,0,0,0
l10,2=36,74,74,9,29,72,64,83,67,85,0,32,0,57,0,22,0,7,0,0,0,0,0,2,0,0,0,0,0,0,0,0,0,0,0,0,0,0,0,0
l11,2=0,0,0,0,0,0,7,15,52,33,34,0,78,78,73,52,50,75,0,24,26,34,27,35,21,3,0,0,0,0,0,0,0,0,0,6,44,0,37,13
l12,2=0,0,0,0,0,0,7,0,0,32,0,73,0,49,84,45,64,82,0,0,0,34,0,70,91,72,0,0,0,0,0,0,0,0,0,0,0,0,32,0
l13,2=0,0,0,0,0,0,0,28,71,69,51,70,53,0,52,40,53,53,0,35,19,32,31,41,43,38,0,0,0,0,0,0,0,0,0,0,0,0,48,0
l14,2=0,0,0,0,0,0,0,0,32,0,0,69,84,52,0,37,66,53,0,0,28,2,0,76,74,72,0,0,0,0,0,0,0,45,0,0,0,0,47,0
l15,2=0,0,5,0,0,0,6,28,57,35,34,91,81,55,43,0,33,59,0,12,35,0,0,0,73,0,0,0,0,0,0,0,0,0,0,0,20,0,36,14
l16,2=0,0,0,0,0,0,0,0,43,13,0,35,59,44,63,21,0,65,0,32,42,37,48,0,49,42,0,0,0,0,0,0,0,33,0,39,48,4,44,39
l17,2=0,0,0,0,0,0,0,0,43,24,1,85,84,46,45,42,74,0,0,0,31,31,32,41,56,0,0,0,0,0,0,0,0,29,0,0,46,0,37,0
l18,2=0,0,0,0,0,0,0,0,0,0,0,0,0,2,0,0,0,0,0,51,42,51,51,0,0,0,0,0,0,0,0,0,0,0,0,0,0,0,0,0
l19,2=0,0,0,0,0,0,0,0,0,0,0,25,0,41,0,0,33,0,33,0,57,0,70,0,0,0,49,0,0,0,0,37,0,0,0,1,60,1,63,55
l20,2=0,0,0,0,0,0,0,0,0,0,0,9,0,32,21,28,67,34,38,72,0,68,70,0,0,0,0,0,0,0,0,0,0,0,24,46,66,67,71,56
l21,2=0,0,0,0,0,0,0,0,41,23,0,25,42,39,10,0,65,31,36,0,64,0,70,0,0,0,0,0,0,0,0,0,0,31,0,50,65,47,72,58
l22,2=0,0,0,0,0,0,0,0,41,0,0,22,8,38,0,0,67,33,40,77,61,63,0,0,0,0,6,0,0,35,0,31,0,0,0,55,66,54,27,57
l23,2=0,0,0,0,0,0,0,0,0,0,0,43,74,56,73,0,0,46,0,0,0,0,0,0,78,70,0,0,0,0,0,0,0,0,30,0,0,0,0,0
l24,2=0,0,0,0,0,0,0,0,51,0,0,37,75,53,71,45,65,61,0,0,1,0,0,76,0,72,0,0,0,0,0,0,0,37,15,0,26,0,0,0
l25,2=0,0,0,0,0,0,0,0,5,0,0,0,74,55,69,0,62,0,0,0,0,0,0,66,73,0,47,0,0,0,0,64,55,66,60,0,0,0,0,0
l26,2=0,0,0,0,0,0,0,0,0,0,0,0,0,0,0,0,0,0,0,60,0,0,11,0,0,55,0,5,83,85,84,78,73,71,68,0,0,0,0,0
l27,2=0,0,0,0,0,0,0,0,0,0,0,0,0,0,0,0,0,0,0,0,0,0,0,0,0,0,35,0,83,88,91,78,68,65,71,0,0,0,0,0
l28,2=0,0,0,0,0,0,0,0,0,0,0,0,0,0,0,0,0,0,0,0,0,0,0,0,0,0,84,81,0,89,87,72,55,60,60,0,0,0,0,0
l29,2=0,0,0,0,0,0,0,0,0,0,0,0,0,0,0,0,0,0,0,0,0,0,50,0,0,0,77,82,83,0,84,67,58,0,4,0,0,0,0,0
l30,2=0,0,0,0,0,0,0,0,0,0,0,0,0,0,0,0,0,0,0,0,0,0,0,0,0,0,77,90,80,85,0,55,56,57,53,0,0,0,0,0
l31,2=0,0,0,0,0,0,0,0,0,0,0,0,0,0,0,0,0,0,0,60,3,0,46,0,0,58,76,53,72,68,59,0,75,72,76,0,0,0,0,0
l32,2=0,0,0,0,0,0,0,0,0,0,0,0,0,0,0,0,0,0,0,0,0,0,0,0,0,64,69,52,62,73,67,78,0,73,83,0,0,0,0,0
l33,2=0,0,0,0,0,0,0,0,0,0,0,0,0,0,58,0,59,41,0,0,0,48,0,0,40,69,68,42,66,0,71,70,65,0,72,0,0,0,0,0
l34,2=0,0,0,0,0,0,0,0,0,0,0,0,0,0,0,0,0,0,0,0,45,0,0,53,56,60,68,48,61,56,59,78,82,76,0,0,0,0,0,0
l35,2=0,0,0,0,0,0,0,0,0,0,0,0,0,0,0,0,41,0,0,0,28,37,54,0,0,0,0,0,0,0,0,0,0,0,0,0,68,70,71,49
l36,2=0,0,0,0,0,0,0,0,0,0,0,26,0,9,0,4,63,37,0,47,51,53,60,0,9,0,0,0,0,0,0,0,0,0,0,67,0,70,72,52
l37,2=0,0,0,0,0,0,0,0,0,0,0,0,0,0,0,0,3,0,0,2,45,39,48,0,0,0,0,0,0,0,0,0,0,0,0,63,68,0,68,55
l38,2=0,0,0,0,0,0,0,0,0,0,0,22,33,42,26,17,43,27,0,48,59,55,14,0,0,0,0,0,0,0,0,0,0,0,0,65,69,66,0,56
l39,2=0,0,0,0,0,0,0,0,0,0,0,0,0,0,0,0,49,0,0,54,46,57,56,0,0,0,0,0,0,0,0,0,0,0,0,48,54,57,67,0

l0,3=0,81,68,83,76,80,81,80,0,65,0,0,0,0,0,0,0,0,0,0,0,0,0,0,0,0,0,0,0,0,0,0,0,0,0,0,0,0,0,0
l1,3=84,0,66,89,84,80,89,80,63,81,65,1,0,0,0,0,0,0,0,0,0,0,0,0,0,0,0,0,0,0,0,0,0,0,0,0,0,0,0,0
l2,3=84,76,0,89,85,86,94,87,73,84,92,0,0,67,0,0,0,0,0,0,0,0,0,0,0,0,0,0,0,0,0,0,0,0,0,0,0,0,0,0
l3,3=84,88,78,0,87,0,87,0,16,3,68,0,0,0,0,0,0,0,0,0,0,0,0,0,0,0,0,0,0,0,0,0,0,0,0,0,0,0,0,0
l4,3=49,86,79,91,0,82,85,9,0,47,30,0,0,34,0,0,0,0,0,0,0,0,0,0,0,0,0,0,0,0,0,0,0,0,0,0,0,0,0,0
l5,3=84,88,81,1,84,0,88,87,63,77,90,57,0,75,21,6,0,0,0,0,0,0,0,0,0,0,0,0,0,0,0,0,0,0,0,0,0,0,0,0
l6,3=75,84,82,79,74,72,0,83,74,78,94,76,71,62,0,52,63,0,0,0,0,0,0,0,0,0,0,0,0,0,0,0,0,0,0,0,0,0,0,0
l7,3=72,76,72,0,36,74,86,0,80,84,94,0,0,76,0,68,33,0,0,0,0,0,0,0,0,0,0,0,0,0,0,0,0,0,0,0,0,0,0,0
l8,3=0,7,28,5,0,15,71,86,0,85,86,79,25,84,1,86,67,38,0,0,0,48,28,0,34,0,0,0,0,0,0,0,0,0,0,0,0,0,24,0
l9,3=40,31,34,9,40,35,48,87,82,0,98,35,37,85,25,35,0,0,0,0,21,3,0,0,0,0,0,0,0,0,0,0,0,0,0,0,0,0,0,0
l10,3=0,26,78,30,31,75,91,92,79,87,0,40,5,83,17,24,0,0,0,0,0,0,0,13,16,0,0,0,0,0,0,0,0,0,0,0,0,0,19,0
l11,3=0,0,0,0,0,28,73,0,71,57,68,0,91,91,86,95,66,92,0,19,16,59,54,75,72,17,0,0,0,0,0,0,0,0,0,0,51,16,80,0
l12,3=0,0,0,0,0,0,36,0,18,35,0,97,0,41,95,94,32,96,0,30,0,37,24,81,93,87,0,0,0,0,0,0,0,6,0,28,1,0,40,0
l13,3=0,0,13,0,12,29,23,25,83,82,82,90,73,0,0,82,32,72,19,19,24,27,29,34,29,41,0,0,0,0,0,0,0,0,0,0,18,0,40,0
l14,3=0,0,0,0,0,11,0,0,19,33,11,97,95,0,0,28,39,34,0,0,30,0,0,91,91,60,0,0,0,0,0,0,0,0,0,0,0,0,41,0
l15,3=0,0,0,0,0,2,32,31,74,61,28,97,94,86,34,0,71,77,0,15,38,32,0,32,84,0,0,0,0,0,0,0,0,0,0,0,0,0,40,27
l16,3=0,0,0,0,0,0,35,15,34,0,0,39,59,38,71,30,0,81,13,0,72,67,77,0,47,36,0,0,0,0,0,0,0,30,0,0,42,26,42,35
l17,3=0,0,0,0,0,0,0,0,56,3,0,95,95,83,32,77,87,0,0,0,60,38,34,36,81,0,0,0,0,0,0,0,0,17,0,15,62,3,48,30
l18,3=0,0,0,0,0,0,0,0,0,0,0,0,0,53,0,0,22,0,0,64,52,30,41,0,0,0,0,0,0,0,0,0,0,0,0,0,0,0,0,0
l19,3=0,0,0,0,0,0,0,0,0,0,0,11,50,55,0,2,0,0,56,0,91,87,92,0,0,0,0,0,0,22,0,41,0,0,0,0,78,49,79,0
l20,3=0,0,0,0,0,0,0,0,0,31,0,8,0,71,43,63,83,63,46,90,0,89,90,0,49,0,0,0,0,0,0,0,0,0,17,14,88,79,92,89
l21,3=0,0,0,0,0,0,0,0,65,18,0,74,74,61,0,39,83,59,46,84,94,0,87,0,0,0,0,0,0,0,0,0,29,53,0,29,89,68,85,83
l22,3=0,0,0,0,0,0,0,0,42,0,0,68,42,67,0,0,81,52,26,98,98,89,0,0,0,0,54,0,0,44,0,0,0,0,0,90,89,57,92,90
l23,3=0,0,0,0,0,0,0,0,0,0,0,39,86,43,85,28,0,34,0,0,0,0,0,0,87,85,0,0,0,0,0,0,0,37,0,0,0,0,0,0
l24,3=0,0,0,0,0,0,0,0,28,0,7,70,95,35,86,82,77,81,0,0,27,0,0,91,0,84,0,0,0,0,0,0,0,63,0,0,35,0,31,0
l25,3=0,0,0,0,2,0,0,0,0,0,0,21,86,40,82,0,29,0,0,0,0,0,0,86,86,0,18,0,0,3,0,34,43,87,74,0,0,0,0,0
l26,3=0,0,0,0,0,0,0,0,0,0,0,0,0,0,0,0,0,0,0,0,0,0,60,0,0,50,0,81,96,95,92,95,86,61,81,0,0,0,0,0
l27,3=0,0,0,0,0,0,0,0,0,0,0,0,0,0,0,0,0,0,0,0,0,0,0,0,0,0,88,0,96,96,100,87,92,0,37,0,0,0,0,0
l28,3=0,0,0,0,0,0,0,0,0,0,0,0,0,0,0,0,0,0,0,0,0,0,0,0,0,0,93,100,0,97,87,87,84,85,81,0,0,0,0,0
l29,3=0,0,0,0,0,0,0,0,0,0,0,0,0,0,0,0,0,0,0,58,0,0,59,0,0,3,93,99,96,0,96,78,89,66,68,0,0,0,0,0
l30,3=0,0,0,0,0,0,0,0,0,0,0,0,0,0,0,0,0,0,0,0,0,0,0,0,0,0,90,100,87,93,0,71,88,72,0,0,0,0,0,0
l31,3=0,0,0,0,0,0,0,0,0,0,0,0,0,0,0,0,0,0,0,62,0,0,5,2,0,71,93,77,80,78,67,0,98,96,94,0,0,0,0,0
l32,3=0,0,0,0,0,0,0,0,0,0,0,0,0,0,0,0,0,0,0,0,0,17,0,0,0,78,87,70,76,83,83,98,0,92,95,0,0,0,0,0
l33,3=0,0,0,0,0,0,0,0,0,0,0,0,37,0,0,0,57,4,0,0,0,44,0,69,78,90,67,0,87,60,70,91,90,0,91,0,0,0,0,0
l34,3=0,0,0,0,0,0,0,0,0,0,0,0,0,0,3,0,0,0,0,0,53,0,0,50,13,86,83,46,78,80,18,94,98,97,0,0,0,0,0,0
l35,3=0,0,0,0,0,0,0,0,0,0,0,0,36,0,0,0,0,0,0,0,1,0,77,0,0,0,0,0,0,0,0,0,0,0,0,0,88,79,92,88
l36,3=0,0,0,0,0,0,0,0,0,0,0,64,12,35,0,0,68,71,0,74,71,81,69,0,29,0,0,0,0,0,0,0,0,0,0,90,0,78,91,80
l37,3=0,0,0,0,0,0,0,0,0,0,0,3,0,0,0,0,29,0,0,38,78,64,40,0,0,0,0,0,0,0,0,0,0,0,0,90,87,0,84,79
l38,3=0,0,0,0,0,0,0,0,9,0,0,80,71,71,68,62,68,46,0,72,94,75,76,0,18,0,0,0,0,0,0,0,0,0,0,89,89,69,0,89
l39,3=0,0,0,0,0,0,0,0,0,0,0,0,0,0,0,11,75,35,0,0,90,80,84,0,0,0,0,0,0,0,0,0,0,0,0,89,83,72,91,0

l0,4=0,86,73,86,0,89,85,90,0,87,77,0,0,0,0,0,0,0,0,0,0,0,0,0,0,0,0,0,0,0,0,0,0,0,0,0,0,0,0,0
l1,4=89,0,89,85,91,89,92,69,70,85,11,0,0,77,0,0,0,0,0,0,0,0,0,4,0,0,0,0,0,0,0,0,0,0,0,0,0,0,0,0
l2,4=87,92,0,85,91,89,92,84,0,82,93,0,0,81,0,0,0,0,0,0,0,0,0,0,0,0,0,0,0,0,0,0,0,0,0,0,0,0,0,0
l3,4=97,95,80,0,86,84,85,0,74,0,82,0,0,0,0,0,0,0,0,0,0,0,0,0,0,0,0,0,0,0,0,0,0,0,0,0,0,0,0,0
l4,4=0,91,85,80,0,81,72,74,71,75,0,0,0,69,0,0,0,0,0,0,0,0,0,41,0,0,0,0,0,0,0,0,0,0,0,0,0,0,0,0
l5,4=90,87,92,75,87,0,86,89,63,83,86,0,0,81,0,68,0,0,0,0,0,0,0,0,0,0,0,0,0,0,0,0,0,0,0,0,0,0,0,0
l6,4=89,92,90,78,81,83,0,94,74,87,94,71,69,0,0,67,53,0,0,0,0,0,0,0,0,0,0,0,0,0,0,0,0,0,0,0,0,0,0,0
l7,4=88,65,89,0,86,89,93,0,85,91,98,65,1,0,7,80,0,0,0,0,0,0,0,0,0,0,0,0,0,0,0,0,0,0,0,0,0,0,0,0
l8,4=0,60,0,65,80,4,74,80,0,93,82,72,81,87,73,78,67,78,0,0,53,81,76,8,43,0,0,0,0,0,0,0,0,0,0,0,0,0,0,0
l9,4=78,74,78,0,81,76,85,91,89,0,98,73,0,85,0,68,0,77,0,0,69,0,82,0,0,0,0,0,0,0,0,0,0,0,0,0,0,0,0,0
l10,4=73,0,88,65,0,80,92,94,81,92,0,75,74,84,80,79,0,66,0,0,0,0,0,11,0,0,0,0,0,0,0,0,0,0,0,0,0,0,0,0
l11,4=0,0,0,0,0,0,84,79,82,84,85,0,84,84,87,91,69,80,0,0,0,82,82,79,79,76,0,0,0,0,0,0,0,0,0,66,79,0,80,0
l12,4=0,0,0,0,0,0,8,0,82,0,84,75,0,84,92,81,76,92,0,20,69,0,0,83,89,87,0,0,0,0,0,0,52,28,0,0,17,0,79,0
l13,4=0,1,9,0,41,64,0,0,89,85,81,74,83,0,86,80,67,79,0,48,82,81,82,78,0,82,0,0,0,0,0,0,0,0,0,0,1,0,63,0
l14,4=0,0,0,0,0,0,0,0,80,0,86,75,92,82,0,0,70,79,0,0,84,0,0,85,93,85,0,0,0,0,0,0,0,70,43,0,1,0,81,0
l15,4=0,0,0,0,0,53,68,79,81,76,81,85,85,86,0,0,68,77,0,14,82,78,69,75,87,27,0,0,0,0,0,0,0,0,0,0,75,0,77,0
l16,4=0,0,0,0,0,0,81,0,83,0,0,74,86,81,88,78,0,92,68,60,90,90,86,76,83,81,0,0,0,0,0,0,0,63,0,88,73,0,93,87
l17,4=0,0,0,0,0,0,0,0,82,84,69,77,92,85,86,78,89,0,0,0,84,81,81,70,89,81,0,0,0,0,0,0,0,0,0,78,87,0,10,82
l18,4=0,0,0,0,0,0,0,0,0,0,0,0,0,1,0,0,77,0,0,74,30,93,90,0,0,0,0,0,0,0,0,0,0,0,0,0,0,0,0,0
l19,4=0,0,0,0,0,0,0,0,0,0,0,0,59,65,0,1,71,0,73,0,96,98,95,0,0,0,2,0,0,0,0,0,0,0,0,0,70,70,83,83
l20,4=0,0,0,0,0,0,0,0,43,64,0,0,61,78,80,77,88,81,6,79,0,94,95,0,78,0,0,0,40,0,0,0,34,0,0,79,85,82,94,90
l21,4=0,0,0,0,0,0,0,0,80,0,0,70,0,74,0,74,87,62,68,77,93,0,92,0,34,0,0,0,0,0,0,0,5,0,0,51,84,81,85,89
l22,4=0,0,0,0,0,0,0,0,69,82,0,64,0,78,0,56,78,51,70,91,97,94,0,0,0,0,82,0,0,46,0,0,0,37,0,87,81,87,94,78
l23,4=0,0,0,0,13,0,0,0,0,0,0,76,90,87,92,81,59,20,0,0,0,0,0,0,93,93,0,0,0,0,0,0,0,76,68,0,0,0,0,0
l24,4=0,0,0,0,0,0,0,0,62,0,0,72,90,0,94,82,74,85,0,0,83,5,0,93,0,86,0,0,0,0,0,0,0,75,0,0,0,0,0,0
l25,4=0,0,0,0,0,0,0,0,0,0,0,48,92,67,94,29,68,52,0,0,0,0,0,93,93,0,0,0,0,63,0,71,90,89,74,0,0,0,0,0
l26,4=0,0,0,0,0,0,0,0,0,0,0,0,0,0,0,0,0,0,0,18,0,0,86,0,0,0,0,96,100,100,99,100,98,73,92,0,0,0,0,0
l27,4=0,0,0,0,0,0,0,0,0,0,0,0,0,0,0,0,0,0,0,0,0,0,0,0,0,0,100,0,100,100,100,98,90,0,73,0,0,0,0,0
l28,4=0,0,0,0,0,0,0,0,0,0,0,0,0,0,0,0,0,0,0,60,89,0,0,0,0,3,100,100,0,100,98,94,97,94,93,0,0,0,0,0
l29,4=0,0,0,0,0,0,0,0,0,0,0,0,0,0,0,0,0,0,0,1,0,0,65,0,0,84,100,100,100,0,99,90,90,89,92,0,0,0,0,0
l30,4=0,0,0,0,0,0,0,0,0,0,0,0,0,0,0,0,0,0,0,0,0,0,0,0,0,0,100,100,99,100,0,97,92,82,0,0,0,0,0,0
l31,4=0,0,0,0,0,0,0,0,0,0,0,0,0,0,0,0,0,0,0,0,0,0,0,0,0,87,100,91,91,92,84,0,99,98,100,0,0,0,0,0
l32,4=0,0,0,0,0,0,0,0,0,0,0,0,86,0,0,0,0,0,0,0,79,2,0,0,0,95,99,89,98,97,96,100,0,98,100,0,0,0,0,0
l33,4=0,0,0,0,0,0,0,0,0,0,0,0,70,0,72,0,56,0,0,0,0,0,41,81,86,97,75,0,95,85,77,100,99,0,100,0,0,0,0,0
l34,4=0,0,0,0,0,0,0,0,0,0,0,0,0,0,79,0,15,0,0,0,21,0,0,91,37,95,99,79,98,97,1,100,99,100,0,0,0,0,0,0
l35,4=0,0,0,0,0,0,0,0,0,0,0,0,0,0,0,0,69,15,0,0,64,10,74,0,0,0,0,0,0,0,0,0,0,0,0,0,71,89,89,85
l36,4=0,0,0,0,0,0,0,0,0,0,0,52,32,4,0,60,53,72,0,48,88,78,79,0,0,0,0,0,0,0,0,0,0,0,0,89,0,90,91,88
l37,4=0,0,0,0,0,0,0,0,0,0,0,0,0,0,0,0,0,0,0,41,81,76,78,0,0,0,0,0,0,0,0,0,0,0,0,88,71,0,86,60
l38,4=0,0,0,0,0,0,0,0,0,0,0,70,78,54,85,75,72,0,0,60,93,79,85,0,0,0,0,0,0,0,0,0,0,0,0,92,89,84,0,83
l39,4=0,0,0,0,0,0,0,0,0,0,0,0,0,0,0,0,72,55,0,62,85,86,66,0,0,0,0,0,0,0,0,0,0,0,0,88,72,59,89,0

l0,5=0,74,72,80,73,75,79,67,12,74,75,0,0,0,0,0,0,0,0,0,0,0,0,0,0,0,0,0,0,0,0,0,0,0,0,0,0,0,0,0
l1,5=72,0,83,74,84,87,88,66,0,76,64,0,0,33,0,0,0,0,0,0,0,0,0,19,0,0,0,0,0,0,0,0,0,0,0,0,0,0,0,0
l2,5=70,81,0,76,76,81,84,66,0,75,76,0,0,0,0,0,0,0,0,0,0,0,0,0,0,0,0,0,0,0,0,0,0,0,0,0,0,0,0,0
l3,5=80,74,83,0,84,62,75,0,0,52,63,0,0,0,0,0,0,0,0,0,0,0,0,0,0,0,0,0,0,0,0,0,0,0,0,0,0,0,0,0
l4,5=72,82,77,83,0,80,77,63,70,66,69,0,0,60,0,21,0,0,0,0,0,0,0,0,0,0,0,0,0,0,0,0,0,0,0,0,0,0,0,0
l5,5=70,78,76,73,74,0,30,68,64,75,75,52,0,61,0,0,0,0,0,0,0,0,0,0,0,0,0,0,0,0,0,0,0,0,0,0,0,0,0,0
l6,5=71,78,76,72,72,23,0,71,52,76,78,77,0,0,0,0,58,0,0,1,0,0,0,0,0,0,0,0,0,0,0,0,0,0,0,0,0,0,0,0
l7,5=70,72,69,0,71,72,77,0,75,78,87,79,0,0,0,71,0,0,0,0,0,0,0,0,0,0,0,0,0,0,0,0,0,0,0,0,0,0,0,0
l8,5=0,0,0,3,61,33,40,72,0,80,77,82,46,76,65,76,69,50,0,0,2,55,52,59,66,0,0,0,0,0,0,0,0,0,0,0,0,0,0,0
l9,5=39,48,72,61,58,72,75,70,78,0,81,81,37,72,0,70,47,55,0,0,41,0,54,0,39,0,0,0,0,0,0,0,0,0,0,0,0,0,24,0
l10,5=41,33,71,62,58,71,75,75,74,86,0,76,0,60,65,62,14,38,0,0,0,0,0,0,0,0,0,0,0,0,0,0,0,0,0,0,0,0,0,0
l11,5=0,0,0,0,0,21,31,25,30,39,65,0,82,72,81,89,73,60,0,0,38,45,18,50,47,24,0,0,0,0,0,0,0,0,0,0,18,17,49,0
l12,5=0,0,0,0,0,0,0,0,15,11,0,82,0,50,84,65,74,85,0,0,32,0,2,63,74,74,0,0,0,0,0,0,14,33,0,42,17,0,34,0
l13,5=0,0,0,0,43,21,0,0,80,61,43,82,72,0,77,84,68,59,0,5,47,0,49,58,31,31,0,0,0,0,0,0,0,0,0,4,11,0,0,0
l14,5=0,0,0,0,0,0,0,0,17,0,38,83,84,58,0,54,68,51,0,0,54,0,10,77,82,56,0,0,0,0,0,0,0,35,39,0,0,0,39,0
l15,5=0,0,0,0,27,0,0,31,25,31,57,87,76,78,64,0,56,53,0,0,39,54,56,59,75,36,0,0,0,0,0,0,0,0,0,0,21,0,48,30
l16,5=0,0,0,0,0,0,28,0,16,21,1,72,81,48,72,38,0,63,0,13,52,52,50,40,57,29,0,0,0,0,0,8,0,6,0,48,16,3,49,45
l17,5=0,0,0,0,0,0,0,0,24,28,35,85,84,72,77,69,78,0,0,1,63,48,11,18,77,37,0,0,0,0,0,0,0,0,0,42,21,0,0,30
l18,5=0,0,0,0,0,0,0,0,0,0,0,0,0,0,0,0,0,0,0,20,0,63,46,0,0,0,0,0,0,0,0,0,0,0,0,0,0,0,0,0
l19,5=0,0,0,0,0,0,0,0,0,0,0,0,0,20,0,0,36,0,7,0,68,60,72,0,0,0,11,0,21,29,0,19,0,0,0,35,43,22,30,60
l20,5=0,0,0,0,0,0,0,0,2,14,0,13,24,28,35,18,42,46,0,74,0,67,72,0,19,0,20,0,17,0,0,0,7,0,0,40,32,17,61,42
l21,5=0,0,0,0,0,0,0,0,17,4,0,39,0,5,0,36,41,26,15,55,72,0,66,0,27,0,0,0,0,0,0,8,0,0,0,52,18,17,39,62
l22,5=0,0,0,0,0,0,0,0,16,20,0,0,22,38,2,34,36,0,14,77,73,65,0,0,0,0,24,0,0,0,0,0,0,0,0,40,42,17,60,41
l23,5=0,0,0,0,0,0,0,0,20,0,0,56,67,50,62,64,44,0,0,0,0,0,0,0,82,77,0,0,0,0,0,0,0,43,72,0,0,0,0,0
l24,5=0,0,0,0,0,0,0,0,20,19,0,54,78,38,86,67,65,52,0,0,43,44,0,77,0,71,0,0,0,0,0,0,0,44,7,0,2,0,0,0
l25,5=0,0,0,0,0,0,0,0,0,0,0,34,71,39,59,47,53,38,0,0,0,0,0,72,68,0,0,0,0,25,0,0,41,52,63,0,0,0,0,0
l26,5=0,0,0,0,0,0,0,0,0,0,0,0,0,0,0,0,0,0,0,26,40,0,39,0,0,0,0,75,90,89,83,82,76,44,65,0,0,0,0,0
l27,5=0,0,0,0,0,0,0,0,0,0,0,0,0,0,0,0,0,0,0,0,0,0,0,0,0,0,74,0,88,80,92,69,70,0,0,0,0,0,0,0
l28,5=0,0,0,0,0,0,0,0,0,0,0,0,0,0,0,0,0,0,0,45,52,0,0,0,0,0,84,89,0,90,92,77,80,62,71,0,0,0,0,0
l29,5=0,0,0,0,0,0,0,0,0,0,0,0,0,0,0,0,0,0,0,46,0,0,0,0,0,16,82,88,90,0,90,51,68,48,59,0,0,0,0,0
l30,5=0,0,0,0,0,0,0,0,0,0,0,0,0,0,0,0,0,0,0,0,0,0,0,0,0,0,80,89,90,86,0,60,1,49,0,0,0,0,0,0
l31,5=0,0,0,0,0,0,0,0,0,0,0,0,0,0,0,0,27,0,0,26,2,6,0,2,0,0,77,60,52,47,52,0,80,64,76,0,0,0,0,0
l32,5=0,0,0,0,0,0,0,0,0,0,0,0,52,0,0,0,0,0,0,0,56,0,0,0,0,64,77,68,66,62,39,86,0,62,89,0,0,0,0,0
l33,5=0,0,0,0,0,0,0,0,0,0,0,0,49,0,56,0,6,0,0,0,0,0,0,61,62,67,61,0,65,65,64,68,64,0,78,0,0,0,0,0
l34,5=0,0,0,0,0,0,0,0,0,0,0,0,19,0,42,0,0,0,0,0,6,0,0,62,41,57,65,0,61,55,0,83,88,67,0,0,0,0,0,0
l35,5=0,0,0,0,0,0,0,0,0,0,0,0,20,5,0,0,28,10,0,8,29,37,33,0,0,0,0,0,0,0,0,0,0,0,0,0,63,32,35,51
l36,5=0,0,0,0,0,0,0,0,0,0,0,52,26,14,0,33,26,31,0,11,43,41,57,0,1,0,0,0,0,0,0,0,0,0,0,61,0,25,33,60
l37,5=0,0,0,0,0,0,0,0,0,0,0,12,0,0,0,0,3,0,0,9,38,36,46,0,0,0,0,0,0,0,0,0,0,0,0,55,38,0,30,28
l38,5=0,0,0,0,0,0,0,0,0,10,0,62,48,0,50,49,45,0,0,13,55,52,59,0,0,0,0,0,0,0,0,0,0,0,0,61,23,23,0,64
l39,5=0,0,0,0,0,0,0,0,0,0,0,0,0,0,0,3,27,0,0,15,34,46,36,0,0,0,0,0,0,0,0,0,0,0,0,54,44,14,38,0

l0,6=0,77,71,85,85,90,63,31,57,26,67,0,0,0,0,0,0,0,0,0,0,0,0,0,0,0,0,0,0,0,0,0,0,0,0,0,0,0,0,0
l1,6=84,0,82,90,85,85,62,19,46,48,43,0,0,0,0,0,0,0,0,0,0,0,0,5,0,0,0,0,0,0,0,0,0,0,0,0,0,0,0,0
l2,6=81,73,0,90,83,89,62,66,0,55,70,0,0,0,0,0,0,0,0,0,0,0,0,0,0,0,0,0,0,0,0,0,0,0,0,0,0,0,0,0
l3,6=80,76,75,0,85,82,57,0,0,44,32,0,0,0,0,0,0,0,0,0,0,0,0,4,0,0,0,0,0,0,0,0,0,0,0,0,0,0,0,0
l4,6=84,77,75,92,0,88,62,4,51,32,52,0,0,45,0,0,0,0,0,0,0,0,0,5,0,0,0,0,0,0,0,0,0,0,0,0,0,0,0,0
l5,6=80,68,73,84,79,0,61,80,60,51,71,0,0,2,0,0,0,0,0,0,0,0,0,0,0,0,0,0,0,0,0,0,0,0,0,0,0,0,0,0
l6,6=62,70,59,53,64,65,0,79,52,51,69,51,2,0,0,0,47,0,0,0,0,0,0,0,0,0,0,0,0,0,0,0,0,0,0,0,0,0,0,0
l7,6=16,4,65,0,21,84,64,0,60,46,74,45,0,0,0,54,0,0,0,0,0,0,0,0,0,0,0,0,0,0,0,0,0,0,0,0,0,0,0,0
l8,6=20,22,0,0,44,30,32,59,0,55,62,59,29,63,20,39,47,57,0,0,26,32,40,19,24,0,0,0,0,0,0,0,0,0,0,0,0,0,0,0
l9,6=2,51,46,47,43,79,56,66,65,0,71,47,36,56,39,49,38,37,0,0,0,0,25,4,0,0,0,0,0,0,0,0,0,0,0,0,0,0,2,0
l10,6=35,25,42,36,54,65,56,82,61,59,0,50,0,26,0,45,42,0,0,0,0,0,0,0,0,0,0,0,0,0,0,0,0,0,0,0,0,0,0,0
l11,6=0,0,0,0,0,0,24,38,53,28,19,0,51,24,33,66,48,54,0,0,1,0,0,0,26,5,0,0,0,0,0,0,0,0,0,0,1,24,26,0
l12,6=0,0,0,0,0,0,0,0,34,24,0,57,0,16,68,52,60,60,0,0,0,0,11,27,64,45,0,0,0,0,0,0,0,25,2,0,10,0,17,0
l13,6=0,0,0,0,35,0,0,0,67,34,17,30,26,0,30,54,35,51,0,22,1,0,22,3,24,0,0,0,0,0,0,0,0,0,0,27,19,0,24,0
l14,6=0,0,0,0,0,0,0,0,33,24,0,32,58,18,0,28,37,53,0,0,16,0,21,34,28,26,0,0,0,0,0,0,0,22,0,0,0,0,17,0
l15,6=0,0,0,0,0,0,0,42,36,29,15,67,46,32,29,0,43,55,0,0,2,30,26,22,29,13,0,0,0,0,0,0,0,0,0,0,21,0,25,0
l16,6=0,0,0,0,0,0,6,0,33,18,10,26,37,9,24,31,0,64,23,18,10,29,22,1,24,8,0,0,0,0,0,0,0,0,0,18,23,8,29,36
l17,6=0,0,0,0,0,0,0,0,42,20,0,33,37,29,37,51,56,0,0,0,39,27,0,4,29,11,0,0,0,0,0,0,0,8,0,0,13,0,28,0
l18,6=0,0,0,0,0,0,0,0,0,0,0,0,0,1,0,0,33,0,0,31,0,29,0,0,0,0,0,0,0,0,0,0,0,0,0,0,0,0,0,0
l19,6=0,0,0,0,0,0,0,0,0,0,0,0,0,17,0,0,31,0,31,0,41,42,63,0,0,0,0,0,0,25,0,29,0,0,0,0,16,0,21,48
l20,6=0,0,0,0,0,0,0,0,32,2,0,0,0,0,22,0,21,47,0,59,0,55,65,0,0,0,0,0,0,0,0,23,0,14,0,41,31,24,39,38
l21,6=0,0,0,0,0,0,0,0,35,3,0,0,23,0,0,35,45,42,31,41,45,0,56,0,0,0,0,0,2,0,0,8,0,0,0,52,20,0,24,48
l22,6=0,0,0,0,0,0,0,0,33,17,0,0,24,15,21,31,37,0,0,62,50,47,0,0,0,0,23,0,0,0,0,0,0,0,0,35,48,41,36,45
l23,6=0,0,0,13,0,0,0,0,40,3,0,0,42,11,54,31,32,13,0,0,0,0,0,0,69,47,0,0,0,0,0,20,0,27,36,0,0,0,0,0
l24,6=0,0,0,0,0,0,0,0,40,0,0,37,63,27,54,34,41,44,0,0,0,0,0,60,0,37,0,0,0,0,0,0,0,29,16,0,0,0,0,0
l25,6=0,0,0,0,0,0,0,0,4,0,0,14,62,2,51,26,27,36,0,0,0,0,0,51,48,0,0,0,0,4,0,0,36,43,28,0,0,0,0,0
l26,6=0,0,0,0,0,0,0,0,0,0,0,0,0,0,0,0,0,0,0,9,5,0,22,0,0,0,0,59,76,70,64,62,74,27,34,0,0,0,0,0
l27,6=0,0,0,0,0,0,0,0,0,0,0,0,0,0,0,0,0,0,0,0,0,0,0,0,0,0,66,0,72,70,88,50,47,0,0,0,0,0,0,0
l28,6=0,0,0,0,0,0,0,0,0,0,0,0,0,0,0,0,0,0,0,13,9,7,3,0,0,0,74,81,0,77,83,52,48,53,41,0,0,0,0,0
l29,6=0,0,0,0,0,0,0,0,0,0,0,0,0,0,0,0,0,0,0,19,0,0,0,0,0,0,72,86,76,0,33,34,32,28,26,0,0,0,0,0
l30,6=0,0,0,0,0,0,0,0,0,0,0,0,0,0,0,0,0,0,0,0,0,0,0,0,0,0,69,87,73,44,0,44,0,8,28,0,0,0,0,0
l31,6=0,0,0,0,0,0,0,0,0,0,0,0,0,0,0,0,0,0,0,21,9,0,0,14,0,0,66,35,60,36,43,0,75,67,62,0,0,0,0,0
l32,6=0,0,0,0,0,0,0,0,0,0,0,0,0,0,0,0,0,0,0,0,0,0,0,0,0,23,66,27,52,46,0,70,0,72,76,0,0,0,0,0
l33,6=0,0,0,0,0,0,0,0,0,0,0,0,42,0,44,0,0,34,0,0,13,0,0,36,45,33,41,0,53,42,29,64,72,0,61,0,0,0,0,0
l34,6=0,0,0,0,0,0,0,0,0,0,0,0,29,0,0,0,5,0,0,0,1,0,0,38,29,19,52,0,57,26,35,61,82,66,0,0,0,0,0,0
l35,6=0,0,0,0,0,0,0,0,0,0,0,0,0,12,0,0,31,0,0,0,25,35,34,0,0,0,0,0,0,0,0,0,0,0,0,0,55,47,24,54
l36,6=0,0,0,0,0,0,0,0,0,0,0,0,11,9,0,19,38,22,0,15,31,32,41,0,0,0,0,0,0,0,0,0,0,0,0,54,0,38,36,61
l37,6=0,0,0,0,0,0,0,0,0,0,0,1,0,0,0,0,8,0,0,0,22,0,39,0,0,0,0,0,0,0,0,0,0,0,0,50,60,0,24,45
l38,6=0,0,0,0,0,0,0,0,0,0,0,14,19,17,8,29,44,36,0,14,34,33,41,0,0,0,0,0,0,0,0,0,0,0,0,45,33,32,0,49
l39,6=0,0,0,0,0,0,0,0,0,0,0,0,0,0,0,0,27,0,0,33,27,33,38,0,0,0,0,0,0,0,0,0,0,0,0,50,55,41,37,0

l0,7=0,94,85,77,91,91,84,0,81,79,84,0,0,0,0,0,0,0,0,0,0,0,0,37,0,0,0,0,0,0,0,0,0,0,0,0,0,0,0,0
l1,7=85,0,93,79,90,85,89,84,51,76,73,0,0,0,0,0,0,0,0,0,0,0,0,0,0,0,0,0,0,0,0,0,0,0,0,0,0,0,0,0
l2,7=84,89,0,78,89,85,89,48,70,84,1,0,0,0,0,2,0,0,0,0,0,0,0,0,0,0,0,0,0,0,0,0,0,0,0,0,0,0,0,0
l3,7=81,89,89,0,94,73,79,66,68,74,76,0,0,0,0,0,0,0,0,0,0,0,0,0,0,0,0,0,0,0,0,0,0,0,0,0,0,0,0,0
l4,7=83,89,89,83,0,87,89,41,83,51,86,0,0,64,0,0,0,0,0,0,0,0,0,0,0,0,0,0,0,0,0,0,0,0,0,0,0,0,0,0
l5,7=82,86,84,64,90,0,90,87,76,84,86,0,0,1,0,6,0,0,0,0,0,0,0,0,0,0,0,0,0,0,0,0,0,0,0,0,0,0,0,0
l6,7=65,89,89,55,90,85,0,87,0,86,86,29,0,50,0,0,23,0,0,0,0,0,0,0,0,0,0,0,0,0,0,0,0,0,0,0,0,0,0,0
l7,7=0,69,44,52,47,85,90,0,78,86,86,6,7,55,0,45,0,1,0,0,0,0,0,0,0,0,0,0,0,0,0,0,0,0,0,0,0,0,0,0
l8,7=27,24,18,41,63,56,0,22,0,86,84,42,14,70,48,53,15,20,0,2,4,1,24,0,1,0,0,0,0,0,0,0,0,0,0,0,0,0,3,0
l9,7=22,31,29,34,30,65,85,86,88,0,90,34,13,68,37,53,1,9,0,0,14,1,15,0,0,13,0,0,0,0,0,0,0,0,0,0,0,0,20,0
l10,7=60,34,0,44,62,82,86,87,88,86,0,62,0,4,0,48,20,2,0,0,0,0,0,0,0,0,0,0,0,0,0,0,0,0,0,0,0,0,0,0
l11,7=0,0,0,0,0,0,13,1,48,49,40,0,34,43,47,71,17,22,0,0,16,2,17,20,37,0,0,0,0,0,0,0,0,0,0,17,20,1,24,8
l12,7=0,0,0,0,0,0,0,0,28,37,0,47,0,29,66,66,42,20,0,1,15,13,0,45,81,66,0,0,0,0,0,0,0,20,14,0,0,0,14,0
l13,7=0,0,0,4,36,0,13,16,85,76,0,16,12,0,53,53,10,17,0,0,15,0,17,21,39,33,0,0,0,0,0,0,0,0,0,25,16,0,18,0
l14,7=0,0,0,0,0,0,0,0,35,38,0,11,36,42,0,40,17,31,0,0,16,19,17,52,42,54,0,0,0,0,0,0,0,18,0,0,0,0,17,0
l15,7=0,0,0,0,3,2,0,16,47,61,39,84,41,48,49,0,13,19,0,4,16,25,17,37,21,26,0,0,0,0,0,0,0,0,0,0,30,6,23,0
l16,7=0,0,0,0,0,0,6,0,25,13,36,16,21,30,51,28,0,23,20,0,20,23,27,17,32,27,0,0,0,0,0,10,7,13,0,34,36,21,28,9
l17,7=0,0,0,0,0,0,0,0,45,39,8,17,19,40,69,40,18,0,0,0,19,25,0,14,50,0,0,0,0,0,0,0,0,18,0,0,31,0,25,0
l18,7=0,0,0,0,0,0,0,0,0,0,0,0,0,0,0,0,42,0,0,32,31,11,0,0,0,0,0,0,0,0,0,0,0,0,0,0,0,0,0,0
l19,7=0,0,0,0,0,0,0,0,2,0,0,0,5,0,0,1,0,0,22,0,47,49,60,0,0,0,0,0,14,21,0,35,0,0,0,8,0,0,0,44
l20,7=0,0,0,0,0,0,0,0,0,29,0,2,7,21,31,21,12,19,20,60,0,67,66,0,0,0,5,0,23,0,0,0,0,16,0,55,57,37,47,24
l21,7=0,0,0,0,0,0,0,0,19,38,0,4,15,7,37,28,24,24,18,36,53,0,61,0,0,0,0,0,4,0,0,0,0,0,0,51,47,37,41,39
l22,7=0,0,0,0,0,0,0,0,21,34,0,12,0,25,32,21,43,0,0,52,60,63,0,0,0,0,17,0,0,15,0,0,0,0,0,0,57,37,42,43
l23,7=3,0,0,0,0,0,0,0,0,0,0,13,58,32,73,43,10,11,0,0,0,0,0,0,83,71,0,0,0,0,0,0,0,32,47,0,0,0,0,0
l24,7=0,0,0,0,0,0,0,0,0,6,0,11,77,35,59,30,18,25,0,0,0,0,0,68,0,57,0,0,0,0,0,0,0,25,31,0,0,0,0,0
l25,7=0,0,0,0,3,0,0,0,0,37,0,0,71,45,64,36,21,0,0,0,0,0,0,70,53,0,0,0,0,5,0,0,21,36,0,0,0,0,16,0
l26,7=0,0,0,0,0,0,0,0,0,0,0,0,0,0,0,0,0,0,0,0,25,0,44,0,0,0,0,64,77,86,68,72,69,58,65,0,0,0,0,0
l27,7=0,0,0,0,0,0,0,0,0,0,0,0,0,0,0,0,0,0,0,0,0,0,0,0,0,0,71,0,71,86,91,36,54,0,0,0,0,0,0,0
l28,7=0,0,0,0,0,0,0,0,0,0,0,0,0,0,0,0,0,0,0,30,36,9,0,0,0,0,74,89,0,90,91,60,39,64,51,0,0,0,0,0
l29,7=0,0,0,0,0,0,0,0,0,0,0,0,0,0,0,0,0,0,0,31,0,0,43,0,0,24,72,86,77,0,91,66,62,51,13,0,0,0,0,0
l30,7=0,0,0,0,0,0,0,0,0,0,0,0,0,0,0,0,0,0,0,0,0,0,0,0,0,0,68,86,71,86,0,57,54,23,58,0,0,0,0,0
l31,7=0,0,0,0,0,0,0,0,0,0,0,0,0,0,0,0,19,0,0,42,0,0,0,1,0,0,68,23,61,39,48,0,69,82,80,0,0,0,0,0
l32,7=0,0,0,0,0,0,0,0,0,0,0,0,0,0,0,0,17,0,0,0,0,0,1,3,0,38,68,32,41,46,42,77,0,82,87,0,0,0,0,0
l33,7=0,0,0,0,0,0,0,0,0,0,0,0,55,0,50,0,42,41,0,0,30,0,0,32,42,43,48,0,60,43,38,79,77,0,59,0,0,0,0,0
l34,7=0,0,0,0,0,0,0,0,0,0,0,0,43,0,0,0,5,0,0,0,0,0,4,40,30,0,50,9,51,28,46,75,79,54,0,0,0,0,0,0
l35,7=0,0,0,0,0,0,0,0,0,0,0,0,0,21,0,0,12,0,0,1,27,26,0,0,0,0,0,0,0,0,0,0,0,0,0,0,58,54,44,25
l36,7=0,0,0,0,0,0,0,0,0,0,0,0,0,7,0,26,12,17,0,0,20,22,35,0,0,0,0,0,0,0,0,0,0,0,0,61,0,54,48,25
l37,7=0,0,0,0,0,0,0,0,0,0,0,0,0,0,0,0,8,0,0,0,17,18,22,0,0,0,0,0,0,0,0,0,0,0,0,69,63,0,21,15
l38,7=0,0,0,0,0,0,0,0,0,33,0,17,6,30,31,30,14,22,0,0,20,27,31,0,0,1,0,0,0,0,0,0,0,0,0,54,62,41,0,0
l39,7=0,0,0,0,0,0,0,0,0,0,0,0,0,0,0,0,3,0,0,22,33,48,43,0,0,0,0,0,0,0,0,0,0,0,0,57,70,37,0,0

l0,8=0,98,95,97,98,96,92,61,49,94,89,0,0,24,0,0,0,0,0,0,0,0,0,20,0,0,0,0,0,0,0,0,0,0,0,0,0,0,0,0
l1,8=98,0,96,97,98,96,86,89,90,80,90,0,0,0,0,0,0,0,0,0,0,0,0,0,0,0,0,0,0,0,0,0,0,0,0,0,0,0,0,0
l2,8=98,98,0,97,91,99,94,89,0,85,83,0,0,12,0,61,0,0,0,0,0,0,0,0,0,0,0,0,0,0,0,0,0,0,0,0,0,0,0,0
l3,8=98,98,95,0,98,95,79,79,0,0,74,0,0,0,0,0,0,0,0,0,0,0,0,0,5,0,0,0,0,0,0,0,0,0,0,0,0,0,0,0
l4,8=98,98,87,97,0,94,93,80,93,79,88,0,0,66,0,0,0,0,0,0,0,0,0,0,4,0,0,0,0,0,0,0,0,0,0,0,0,0,0,0
l5,8=98,98,96,95,98,0,93,88,92,89,90,53,11,2,0,0,0,0,0,0,0,0,0,0,0,0,0,0,0,0,0,0,0,0,0,0,0,0,0,0
l6,8=88,87,92,68,93,90,0,86,60,89,85,8,0,38,0,0,59,0,0,0,0,0,0,0,0,0,0,0,0,0,0,0,0,0,0,0,0,0,0,0
l7,8=78,93,91,87,90,93,88,0,94,99,98,25,0,94,0,0,3,32,0,0,0,0,0,0,0,0,0,0,0,0,0,0,0,0,0,0,0,0,0,0
l8,8=24,85,0,15,80,91,45,60,0,99,93,89,0,95,71,88,0,49,0,58,0,0,50,0,0,0,0,0,0,0,0,0,0,0,0,0,0,0,0,0
l9,8=87,0,61,0,59,82,88,92,96,0,99,64,34,95,16,89,67,45,0,0,0,49,13,46,67,0,0,0,0,0,0,0,0,0,0,0,0,0,69,0
l10,8=88,92,90,83,91,92,86,92,95,99,0,75,0,83,0,81,40,0,0,0,0,0,0,0,0,0,0,0,0,0,0,0,0,0,0,0,0,0,0,0
l11,8=0,0,0,0,2,16,11,2,70,86,78,0,98,32,80,95,72,59,0,0,41,33,15,44,76,46,0,0,0,0,0,0,0,0,0,13,32,0,57,0
l12,8=0,0,0,0,0,0,0,0,0,25,0,85,0,0,98,95,75,55,0,0,42,0,0,58,99,88,0,0,0,0,0,0,0,61,25,11,12,0,56,0
l13,8=4,0,0,5,54,0,16,55,97,98,91,33,1,0,80,87,32,27,0,0,56,41,0,52,76,52,0,0,0,0,0,0,0,0,0,11,0,0,72,0
l14,8=0,0,0,0,0,0,0,0,56,38,0,54,99,44,0,88,63,62,0,0,71,48,29,56,99,53,0,0,0,0,0,0,0,0,0,0,35,0,30,0
l15,8=0,0,0,0,0,0,0,0,64,83,78,99,62,50,79,0,63,55,0,0,79,52,35,50,76,9,0,0,0,0,0,0,0,0,0,0,31,0,70,0
l16,8=0,0,0,0,0,0,13,0,0,41,16,70,61,12,60,63,0,33,10,60,87,51,56,27,85,24,0,0,0,0,0,34,0,31,33,12,37,22,59,56
l17,8=0,0,0,0,0,0,0,12,56,60,0,68,52,16,96,93,51,0,0,61,79,21,19,21,55,0,0,0,0,0,0,0,0,58,0,0,14,0,68,32
l18,8=0,0,0,0,0,0,0,0,0,0,0,0,0,0,0,0,77,0,0,80,82,50,0,0,0,0,0,0,0,0,0,0,0,0,0,0,0,0,13,0
l19,8=0,0,0,0,0,0,0,0,30,0,0,0,0,0,0,0,73,57,55,0,87,56,87,0,0,0,30,0,50,0,0,66,0,0,0,35,64,0,0,68
l20,8=0,0,0,0,0,0,0,0,0,0,0,1,16,16,32,38,39,32,29,93,0,77,94,0,14,0,0,0,3,0,0,0,0,0,0,32,36,33,76,44
l21,8=0,0,0,0,0,0,0,0,0,41,0,31,14,28,45,42,45,9,15,58,87,0,92,0,0,0,0,0,0,0,0,13,0,0,0,36,34,38,75,58
l22,8=0,0,0,0,0,0,0,0,37,35,0,36,0,0,30,39,80,30,0,88,87,76,0,0,0,0,0,0,0,44,0,0,0,0,0,65,73,29,75,52
l23,8=0,0,0,0,0,0,0,0,0,61,0,37,93,45,86,79,62,45,0,0,0,0,0,0,97,96,0,0,0,0,0,0,68,71,73,0,0,0,0,0
l24,8=0,0,0,27,0,0,0,0,0,54,0,54,99,45,97,75,88,51,0,0,44,0,0,94,0,96,0,0,0,0,0,27,0,0,41,0,0,0,0,0
l25,8=0,0,0,0,0,0,0,0,0,0,0,54,99,58,75,38,62,0,0,0,0,0,0,94,92,0,0,0,0,70,0,40,72,78,65,0,0,0,21,0
l26,8=0,0,0,0,0,0,0,0,0,0,0,0,0,0,0,0,0,0,0,65,52,0,0,0,0,0,0,86,92,94,86,89,87,82,77,0,0,0,0,0
l27,8=0,0,0,0,0,0,0,0,0,0,0,0,0,0,0,0,0,0,0,0,0,0,0,0,0,0,88,0,92,94,95,0,81,0,72,0,0,0,0,0
l28,8=0,0,0,0,0,0,0,0,0,0,0,0,0,0,0,0,0,0,0,73,72,0,0,0,0,0,92,89,0,94,90,89,68,85,76,0,0,0,0,0
l29,8=0,0,0,0,0,0,0,0,0,0,0,0,0,0,0,0,0,0,0,0,0,0,54,0,0,62,90,92,93,0,93,88,63,67,70,0,0,0,0,0
l30,8=0,0,0,0,0,0,0,0,0,0,0,0,0,0,0,0,0,0,0,0,0,0,0,0,0,0,79,88,87,91,0,75,78,73,0,0,0,0,0,0
l31,8=0,0,0,0,0,0,0,0,0,0,0,0,0,0,0,0,64,0,0,71,0,0,0,0,57,46,91,0,85,85,62,0,88,89,88,0,0,0,0,0
l32,8=0,0,0,0,0,0,0,0,0,0,0,0,8,0,0,0,0,0,0,0,0,0,0,78,0,79,92,77,62,76,84,96,0,93,93,0,0,0,0,0
l33,8=0,0,0,0,0,0,0,0,0,0,0,0,80,0,0,0,60,74,0,0,30,0,0,77,0,82,83,0,80,80,77,93,87,0,84,0,0,0,0,0
l34,8=0,0,0,0,0,0,0,0,0,0,0,0,65,0,0,0,80,0,0,0,3,0,1,80,69,77,83,72,74,80,0,91,92,84,0,0,0,0,0,0
l35,8=0,0,0,0,0,0,0,0,0,0,0,16,18,2,0,0,20,0,0,24,44,26,28,0,0,0,0,0,0,0,0,0,0,0,0,0,70,37,65,60
l36,8=0,0,0,0,0,0,0,0,0,0,0,23,11,0,19,28,23,9,0,39,50,19,36,0,0,0,0,0,0,0,0,0,0,0,0,75,0,30,72,45
l37,8=0,0,0,0,0,0,0,0,0,0,0,0,0,0,0,0,22,0,0,0,52,26,21,0,0,0,0,0,0,0,0,0,0,0,0,39,33,0,53,41
l38,8=0,0,0,0,0,0,0,0,0,31,0,25,13,22,2,40,34,22,0,0,71,52,37,0,0,0,0,0,0,0,0,0,0,0,0,56,69,34,0,43
l39,8=0,0,0,0,0,0,0,0,0,0,0,0,0,0,0,0,51,0,0,50,71,46,41,0,0,0,0,0,0,0,0,0,0,0,0,75,64,37,60,0

l0,9=0,95,99,95,95,96,91,89,0,93,87,0,0,0,0,0,0,0,0,0,0,0,0,0,0,0,0,0,0,0,0,0,0,0,0,0,0,0,0,0
l1,9=98,0,97,91,95,88,87,92,92,87,87,0,0,0,0,0,0,0,0,0,0,0,0,0,0,0,0,0,0,0,0,0,0,0,0,0,0,0,0,0
l2,9=98,95,0,95,95,100,93,91,0,50,50,0,8,0,0,0,0,0,0,0,0,0,0,0,0,0,0,0,0,0,0,0,0,0,0,0,0,0,0,0
l3,9=97,92,91,0,95,90,86,89,0,71,86,0,0,0,0,0,0,0,0,0,0,0,0,0,0,0,0,0,0,0,0,0,0,0,0,0,0,0,0,0
l4,9=98,95,84,95,0,87,86,90,93,75,87,0,0,8,60,0,0,0,0,0,0,0,0,0,0,0,0,0,0,0,0,0,0,0,0,0,0,0,0,0
l5,9=98,95,99,95,95,0,93,50,94,90,97,0,0,77,0,0,0,0,0,0,0,0,0,0,0,0,0,0,0,0,0,0,0,0,0,0,0,0,0,0
l6,9=59,88,99,91,85,95,0,99,85,94,97,0,0,84,0,0,64,0,0,0,0,0,0,0,0,0,0,0,0,0,0,0,0,0,0,0,0,0,0,0
l7,9=97,92,84,96,93,78,100,0,96,100,100,38,18,98,0,69,0,0,0,0,0,0,0,0,0,0,0,0,0,0,0,0,0,0,0,0,0,0,0,0
l8,9=0,81,0,1,92,91,89,96,0,96,55,88,0,96,0,84,77,25,0,55,0,0,35,0,0,0,0,0,0,0,0,0,0,0,0,0,0,0,0,0
l9,9=61,88,75,80,83,91,92,99,97,0,97,86,0,97,86,98,89,0,0,0,0,0,0,25,0,0,0,0,0,0,0,0,0,0,0,0,0,0,0,0
l10,9=95,91,91,90,93,97,93,99,96,95,0,30,64,94,0,98,71,52,0,0,1,0,0,20,0,0,0,0,0,0,0,0,0,0,0,0,0,0,0,0
l11,9=0,0,0,0,0,0,0,18,94,51,42,0,97,57,91,100,89,32,0,0,74,74,34,35,57,79,0,0,0,0,0,0,0,0,0,0,85,2,89,0
l12,9=0,0,0,0,0,0,0,0,0,0,5,77,0,55,98,99,95,54,0,0,87,8,1,61,63,99,0,0,0,0,0,0,0,0,0,0,77,0,93,0
l13,9=0,0,0,28,16,67,86,97,97,99,54,99,55,0,86,99,91,0,0,25,83,85,0,35,58,82,0,0,0,0,0,0,0,0,0,0,78,0,90,0
l14,9=0,0,0,0,62,0,0,0,0,54,0,85,99,56,0,100,91,90,0,0,90,85,34,100,99,0,0,0,0,0,0,0,0,0,0,0,87,0,0,0
l15,9=0,0,0,2,0,0,0,10,82,54,55,99,98,57,92,0,94,35,0,0,77,82,34,33,62,0,0,0,0,0,0,0,0,0,0,0,80,60,94,0
l16,9=0,0,0,0,0,0,48,0,74,51,41,58,56,57,86,97,0,30,18,65,92,9,36,35,63,80,0,0,0,0,0,3,0,48,71,0,65,47,94,84
l17,9=0,0,0,0,0,0,0,0,83,0,49,60,59,7,98,100,99,0,0,65,80,82,35,0,42,0,0,0,0,0,0,0,0,50,0,0,80,0,70,83
l18,9=0,0,0,0,0,0,0,0,0,0,0,0,0,0,0,0,90,0,0,0,85,87,0,0,0,0,0,0,0,0,0,0,0,0,0,0,0,0,0,0
l19,9=0,0,0,0,0,0,0,0,35,0,0,0,0,7,0,0,82,65,0,0,91,88,91,0,0,0,82,0,21,0,0,38,0,0,0,0,80,47,67,79
l20,9=0,0,0,0,0,0,0,0,0,0,0,35,44,43,66,66,84,13,15,92,0,95,95,0,2,0,55,0,0,0,0,0,0,0,39,86,86,79,91,85
l21,9=0,0,0,0,0,0,0,0,0,0,0,31,35,46,62,76,33,22,19,66,95,0,94,0,0,0,0,0,0,0,0,0,0,11,0,86,76,72,93,83
l22,9=0,0,0,0,0,0,0,0,82,13,0,25,29,0,51,72,83,38,0,80,95,89,0,0,0,0,80,0,0,20,0,27,0,0,0,86,85,74,90,23
l23,9=0,0,0,0,0,0,0,0,0,34,0,58,98,58,100,98,91,0,0,0,0,0,0,0,100,100,0,0,0,0,0,0,59,61,78,0,0,0,0,0
l24,9=0,0,0,0,0,0,0,0,0,1,0,58,99,57,100,98,100,26,0,0,31,0,0,100,0,99,0,0,0,0,0,3,0,61,17,0,81,0,0,0
l25,9=0,0,0,0,0,0,0,0,0,0,0,54,99,56,0,0,91,0,0,0,0,0,0,100,100,0,1,0,0,1,0,0,57,99,74,0,0,0,84,0
l26,9=0,0,0,0,0,0,0,0,0,0,0,0,0,0,0,0,0,0,0,79,76,0,90,0,0,0,0,90,98,99,98,97,99,90,96,0,0,0,0,0
l27,9=0,0,0,0,0,0,0,0,0,0,0,0,0,0,0,0,0,0,0,0,0,0,0,0,0,0,100,0,98,99,100,87,83,0,0,0,0,0,0,0
l28,9=0,0,0,0,0,0,0,0,0,0,0,0,0,0,0,0,0,0,0,75,0,0,0,0,0,0,100,99,0,99,100,91,0,86,0,0,0,0,0,0
l29,9=0,0,0,0,0,0,0,0,0,0,0,0,0,0,0,0,0,0,0,1,12,0,80,0,0,0,100,99,98,0,100,93,27,86,92,0,0,0,0,0
l30,9=0,0,0,0,0,0,0,0,0,0,0,0,0,0,0,0,0,0,0,0,0,0,0,0,0,0,99,99,98,99,0,94,95,80,93,0,0,0,0,0
l31,9=0,0,0,0,0,0,0,0,0,0,0,0,0,0,0,0,10,0,0,37,0,0,27,0,6,0,97,69,91,92,91,0,100,100,100,0,0,0,0,0
l32,9=0,0,0,0,0,0,0,0,0,0,0,0,28,0,0,0,0,0,0,0,0,0,0,71,0,92,100,54,0,35,96,98,0,100,100,0,0,0,0,0
l33,9=0,0,0,0,0,0,0,0,0,0,0,0,20,0,0,0,79,85,0,0,0,1,0,97,99,99,98,0,96,89,68,98,100,0,99,0,0,0,0,0
l34,9=0,0,0,0,0,0,0,0,0,0,0,0,45,0,0,0,93,0,0,0,82,0,0,100,50,92,100,0,0,97,96,98,100,100,0,0,0,0,0,0
l35,9=0,0,0,0,0,0,0,0,0,0,0,0,0,0,0,0,0,0,0,0,67,75,30,0,0,0,0,0,0,0,0,0,0,0,0,0,91,75,86,72
l36,9=0,0,0,0,0,0,0,0,0,0,0,25,17,19,40,49,17,14,0,41,78,56,34,0,25,0,0,0,0,0,0,0,0,0,0,90,0,86,86,82
l37,9=0,0,0,0,0,0,0,0,0,0,0,0,0,0,0,16,2,0,0,11,74,70,29,0,0,0,0,0,0,0,0,0,0,0,0,86,92,0,86,73
l38,9=0,0,0,0,0,0,0,0,0,0,0,30,33,38,0,66,83,0,0,27,88,86,35,0,0,41,0,0,0,0,0,0,0,0,0,89,91,85,0,83
l39,9=0,0,0,0,0,0,0,0,0,0,0,0,0,0,0,0,82,21,0,59,84,84,0,0,0,0,0,0,0,0,0,0,0,0,0,85,85,79,87,0

l0,10=0,90,90,90,92,76,0,76,0,74,66,0,0,0,0,0,0,0,0,0,0,0,0,0,0,0,0,0,0,0,0,0,0,0,0,0,0,0,0,0
l1,10=90,0,85,86,88,89,86,74,53,62,63,0,0,0,0,0,0,0,0,0,0,0,0,0,0,0,0,0,0,0,0,0,0,0,0,0,0,0,0,0
l2,10=87,86,0,86,88,89,87,83,42,86,74,0,0,0,0,0,0,0,0,0,0,0,0,0,0,0,0,0,0,0,0,0,0,0,0,0,0,0,0,0
l3,10=94,86,85,0,96,88,69,62,0,65,53,0,0,0,0,0,0,0,0,0,0,0,0,0,0,0,0,0,0,0,0,0,0,0,0,0,0,0,0,0
l4,10=87,85,85,89,0,89,72,80,74,59,82,0,0,0,37,0,0,0,0,0,0,0,0,0,0,0,0,0,0,0,0,0,0,0,0,0,0,0,0,0
l5,10=85,86,85,85,88,0,87,86,70,83,82,0,0,69,0,0,0,0,0,0,0,0,0,0,0,0,0,0,0,0,0,0,0,0,0,0,0,0,0,0
l6,10=0,80,84,65,70,88,0,87,69,86,70,0,0,54,0,12,13,0,0,0,0,0,0,0,0,0,0,0,0,0,0,0,0,0,0,0,0,0,0,0
l7,10=78,75,69,74,81,87,87,0,81,87,82,52,46,75,0,0,0,0,0,0,0,0,0,0,0,0,0,0,0,0,0,0,0,0,0,0,0,0,0,0
l8,10=0,36,0,18,63,58,67,78,0,92,58,77,62,83,51,79,8,60,0,34,4,0,52,50,22,0,0,0,0,0,0,0,0,0,0,0,0,0,0,0
l9,10=65,67,61,63,35,36,82,86,85,0,83,75,66,80,50,43,0,0,0,0,0,26,2,32,25,0,0,0,0,0,0,0,0,0,0,0,0,0,0,0
l10,10=59,60,52,59,79,67,73,87,53,87,0,53,0,71,0,70,0,47,0,0,0,0,0,0,0,0,0,0,0,0,0,0,0,0,0,0,0,0,0,0
l11,10=0,0,0,0,0,0,0,45,76,78,62,0,82,81,68,87,29,84,0,0,55,55,0,45,52,69,0,0,0,0,0,0,0,0,0,45,55,0,32,0
l12,10=0,0,0,0,0,0,0,0,56,69,0,88,0,76,95,86,75,97,0,0,66,59,0,58,95,97,0,0,0,0,0,0,0,18,0,30,0,0,37,0
l13,10=0,0,0,0,0,32,38,67,84,87,69,82,74,0,53,80,45,34,0,11,55,51,0,39,49,24,0,0,0,0,0,0,0,0,0,0,0,0,33,0
l14,10=0,0,0,0,28,0,0,0,50,74,0,83,95,77,0,50,52,90,0,0,55,47,33,53,89,86,0,0,0,0,0,0,0,38,0,0,69,0,35,0
l15,10=0,0,0,0,0,0,4,0,75,78,71,90,91,83,65,0,46,86,0,35,59,0,47,0,51,66,0,0,0,0,0,0,0,0,0,0,0,2,43,0
l16,10=0,0,0,0,0,0,1,0,8,0,0,44,84,63,57,42,0,81,11,27,69,59,40,36,58,8,0,0,0,0,0,0,0,0,19,0,61,44,46,51
l17,10=0,0,0,0,0,0,0,0,57,0,58,87,95,46,76,54,55,0,0,34,64,65,52,0,49,54,0,0,0,0,0,0,0,2,0,0,61,0,29,34
l18,10=0,0,0,0,0,0,0,0,0,0,0,0,0,0,0,0,30,0,0,71,75,75,0,0,0,0,0,0,0,0,0,0,0,0,0,0,0,0,0,0
l19,10=0,0,0,0,0,0,0,0,35,0,0,0,0,7,0,32,28,54,50,0,81,62,75,0,0,0,54,0,0,0,0,52,21,0,0,0,0,41,0,55
l20,10=0,0,0,0,0,0,0,0,0,0,0,36,58,47,5,21,43,44,48,88,0,92,92,0,0,0,0,0,0,0,0,0,41,0,0,62,73,51,48,65
l21,10=0,0,0,0,0,0,0,0,0,53,0,55,60,51,37,0,41,68,54,46,89,0,89,0,0,0,17,0,0,0,0,0,0,11,0,54,60,27,42,74
l22,10=0,0,0,0,0,0,0,0,47,20,0,0,0,0,21,30,29,57,0,78,88,77,0,0,0,0,53,0,0,25,0,54,0,0,0,59,70,42,74,53
l23,10=0,0,0,0,0,0,0,0,56,51,0,78,95,76,80,0,50,0,0,0,0,0,0,0,95,97,0,0,0,0,0,4,79,72,5,0,0,0,0,0
l24,10=0,0,0,0,0,0,0,0,8,63,0,80,95,82,96,50,88,85,0,0,1,0,0,97,0,89,0,0,0,0,0,0,0,46,21,0,0,0,5,0
l25,10=0,0,0,22,0,0,0,0,0,0,0,77,95,35,88,50,15,60,0,0,0,0,0,97,95,0,59,0,0,0,0,62,59,94,64,0,0,0,46,0
l26,10=0,0,0,0,0,0,0,0,0,0,0,0,0,0,0,0,0,0,0,61,0,1,57,0,0,33,0,79,94,96,99,98,96,60,75,0,0,0,0,0
l27,10=0,0,0,0,0,0,0,0,0,0,0,0,0,0,0,0,0,0,0,0,0,0,0,0,0,0,83,0,91,96,100,84,0,0,73,0,0,0,0,0
l28,10=0,0,0,0,0,0,0,0,0,0,0,0,0,0,0,0,0,0,0,0,0,0,0,0,0,0,95,97,0,96,100,88,54,75,58,0,0,0,0,0
l29,10=0,0,0,0,0,0,0,0,0,0,0,0,0,0,0,0,0,0,0,0,19,0,39,0,0,0,95,97,94,0,100,89,70,1,55,0,0,0,0,0
l30,10=0,0,0,0,0,0,0,0,0,0,0,0,0,0,0,0,0,0,0,0,0,0,0,0,0,0,95,97,94,96,0,89,84,66,70,0,0,0,0,0
l31,10=0,0,0,0,0,0,0,0,0,0,0,0,0,0,0,0,0,0,0,44,26,0,54,18,0,47,95,70,80,91,97,0,99,100,100,0,0,0,0,0
l32,10=0,0,0,0,0,0,0,0,0,0,0,0,0,0,0,0,0,0,0,19,69,0,0,75,0,35,95,0,36,76,82,99,0,100,100,0,0,0,0,0
l33,10=0,0,0,0,0,0,0,0,0,0,0,0,76,0,78,0,0,21,0,0,29,19,0,94,95,96,92,0,93,31,91,99,99,0,100,0,0,0,0,0
l34,10=0,0,0,0,0,0,0,0,0,0,0,0,0,0,0,0,67,0,0,12,47,0,0,34,42,83,88,61,48,53,89,99,99,100,0,0,0,0,0,0
l35,10=0,0,0,0,0,0,0,0,0,0,0,23,36,0,0,0,0,0,0,0,66,55,49,0,0,0,0,0,0,0,0,0,0,0,0,0,79,59,65,64
l36,10=0,0,0,0,0,0,0,0,0,0,0,38,0,0,22,0,23,43,0,0,73,57,51,0,0,0,0,0,0,0,0,0,0,0,0,71,0,73,44,78
l37,10=0,0,0,0,0,0,0,0,0,0,0,0,0,0,0,0,25,0,0,26,67,0,44,0,0,0,0,0,0,0,0,0,0,0,0,61,72,0,38,64
l38,10=0,0,0,0,0,0,0,0,0,0,0,49,65,46,11,26,45,42,0,0,71,61,51,0,0,39,0,0,0,0,0,0,0,0,0,66,75,61,0,70
l39,10=0,0,0,0,0,0,0,0,0,0,0,0,0,0,0,0,38,32,0,35,68,61,46,0,0,0,0,0,0,0,0,0,0,0,0,63,76,59,43,0

l0,11=0,91,85,91,88,81,45,68,33,56,0,0,0,0,0,0,0,0,0,0,0,0,0,0,0,0,0,0,0,0,0,0,0,0,0,0,0,0,0,0
l1,11=87,0,87,71,78,86,79,82,38,54,65,37,0,18,0,0,0,0,0,0,0,0,0,0,0,0,0,0,0,0,0,0,0,0,0,0,0,0,0,0
l2,11=86,84,0,89,85,86,40,81,48,57,57,0,0,0,0,0,0,0,0,0,0,0,0,0,0,0,0,0,0,0,0,0,0,0,0,0,0,0,0,0
l3,11=90,59,85,0,88,85,22,0,0,30,53,0,0,0,0,0,0,0,0,0,0,0,0,0,0,0,0,0,0,0,0,0,0,0,0,0,0,0,0,0
l4,11=87,72,79,88,0,81,78,67,0,47,62,0,0,0,46,0,0,0,0,0,0,0,0,43,0,0,0,0,0,0,0,0,0,0,0,0,0,0,0,0
l5,11=86,84,86,88,85,0,84,87,52,81,56,0,0,4,0,0,0,0,0,0,0,0,0,0,0,0,0,0,0,0,0,0,0,0,0,0,0,0,0,0
l6,11=44,81,18,36,85,86,0,87,53,81,72,33,0,57,0,60,36,0,0,0,0,0,0,0,0,0,0,0,0,0,0,0,0,0,0,0,0,0,0,0
l7,11=77,79,77,36,80,81,85,0,76,83,84,55,52,71,0,53,0,0,0,0,0,0,0,0,0,0,0,0,0,0,0,0,0,0,0,0,0,0,0,0
l8,11=54,35,18,0,0,59,65,49,0,85,42,43,53,85,58,75,0,62,0,47,0,0,0,33,34,0,0,0,0,0,0,0,0,0,0,0,0,0,0,0
l9,11=62,44,20,26,46,75,78,87,79,0,83,40,43,84,0,65,13,5,0,0,0,16,0,11,2,0,0,0,0,0,0,0,0,0,0,0,0,0,0,0
l10,11=0,55,39,67,69,58,71,87,66,83,0,62,0,63,0,64,0,18,0,1,0,0,0,1,0,0,0,0,0,0,0,0,0,0,0,0,0,0,0,0
l11,11=0,29,0,0,0,0,57,47,49,66,24,0,58,84,76,87,68,81,0,0,6,10,23,53,50,47,0,0,0,0,0,0,0,0,0,19,0,0,46,0
l12,11=0,0,0,0,0,0,0,32,47,63,0,52,0,76,91,83,74,87,0,0,29,22,25,57,91,94,0,0,0,0,0,0,0,0,0,0,0,0,49,0
l13,11=0,4,0,0,0,4,58,54,79,76,27,79,52,0,58,83,56,75,0,4,22,15,0,44,44,46,0,0,0,0,0,0,0,0,0,0,0,0,27,0
l14,11=0,0,0,0,39,0,0,0,30,0,0,53,87,54,0,60,85,86,0,0,0,5,0,81,45,81,0,0,0,0,0,0,0,29,1,20,60,0,35,0
l15,11=0,0,0,0,0,0,64,38,50,67,26,85,71,88,57,0,76,83,0,53,31,16,15,37,0,51,0,0,0,0,0,0,0,0,0,11,58,0,39,0
l16,11=0,0,0,0,0,0,36,0,0,29,0,24,57,60,76,78,0,82,5,26,32,24,27,44,50,12,0,0,0,0,0,0,19,12,21,0,75,62,49,20
l17,11=0,0,0,0,0,0,0,0,44,42,6,33,67,71,83,86,87,0,0,0,29,24,27,48,46,0,0,0,0,0,0,0,0,0,0,0,72,0,31,17
l18,11=0,0,0,0,0,0,0,0,0,0,0,0,0,0,0,0,39,0,0,72,57,64,24,0,0,0,0,0,0,0,0,0,0,0,0,0,0,0,0,0
l19,11=0,0,0,0,0,0,0,0,29,0,0,0,0,2,0,43,37,0,42,0,75,60,65,0,0,0,45,0,0,0,0,36,0,0,7,17,0,40,0,18
l20,11=0,0,0,0,0,0,0,0,0,0,0,0,33,45,0,53,69,43,46,84,0,81,83,0,0,0,3,0,21,0,0,0,7,9,0,22,67,52,39,22
l21,11=0,0,0,0,0,0,0,0,0,51,0,15,38,44,34,49,67,50,46,71,84,0,81,0,8,0,0,0,0,0,0,0,0,0,0,15,57,53,69,26
l22,11=0,0,0,0,0,0,0,0,0,0,0,19,33,0,0,17,43,41,0,65,83,78,0,0,0,0,45,0,0,0,0,49,0,0,0,33,61,0,69,20
l23,11=0,0,0,0,33,0,0,0,0,24,0,52,85,64,84,50,64,59,0,0,0,0,0,0,90,95,0,0,0,0,0,36,61,24,0,0,0,0,0,0
l24,11=0,0,0,0,0,0,0,0,9,3,0,29,91,76,37,0,89,80,0,0,0,0,0,92,0,75,0,0,0,0,0,0,0,0,0,0,0,0,0,0
l25,11=0,0,0,0,0,0,0,0,0,0,0,27,91,64,87,71,34,0,0,0,0,0,0,93,88,0,0,0,0,0,0,59,46,83,0,0,0,0,0,0
l26,11=0,0,0,0,0,0,0,0,0,0,0,0,0,0,0,0,0,0,0,35,23,0,45,0,0,0,0,76,97,93,91,88,81,62,70,0,0,0,0,0
l27,11=0,0,0,0,0,0,0,0,0,0,0,0,0,0,0,0,0,0,0,0,0,0,0,0,0,0,81,0,92,93,93,72,1,0,32,0,0,0,0,0
l28,11=0,0,0,0,0,0,0,0,0,0,0,0,0,0,0,0,0,0,0,0,27,0,0,0,0,0,86,93,0,95,93,77,32,0,25,0,0,0,0,0
l29,11=0,0,0,0,0,0,0,0,0,0,0,0,0,0,0,0,0,0,0,0,0,0,1,0,0,0,84,93,97,0,93,83,29,34,29,0,0,0,0,0
l30,11=0,0,0,0,0,0,0,0,0,0,0,0,0,0,0,0,0,0,0,0,0,0,0,0,0,0,84,93,97,95,0,85,73,80,71,0,0,0,0,0
l31,11=0,0,0,0,0,0,0,0,0,0,0,0,0,0,0,0,0,0,0,21,0,0,49,22,0,56,86,71,85,91,84,0,84,100,100,0,0,0,0,0
l32,11=0,0,0,0,0,0,0,0,0,0,0,0,0,0,0,0,20,0,0,0,13,0,0,36,0,21,86,0,49,32,64,92,0,100,100,0,0,0,0,0
l33,11=0,0,0,0,0,0,0,0,0,0,0,0,0,0,70,0,32,0,0,0,26,0,0,77,0,91,82,0,0,80,91,98,96,0,100,0,0,0,0,0
l34,11=0,0,0,0,0,0,0,0,0,0,0,0,0,0,22,0,65,0,0,28,0,0,0,10,16,0,79,74,38,77,77,98,96,100,0,0,0,0,0,0
l35,11=0,0,0,0,0,0,0,0,0,0,0,6,2,0,28,15,0,0,0,42,30,3,28,0,0,0,0,0,0,0,0,0,0,0,0,0,90,73,42,23
l36,11=0,0,0,0,0,0,0,0,0,0,0,0,0,0,44,48,66,60,0,0,29,23,29,0,0,0,0,0,0,0,0,0,0,0,0,52,0,77,49,24
l37,11=0,0,0,0,0,0,0,0,0,0,0,0,0,0,0,0,62,0,0,5,29,21,0,0,0,0,0,0,0,0,0,0,0,0,0,25,77,0,40,24
l38,11=0,0,0,0,0,0,0,0,0,0,0,23,54,30,40,55,77,15,0,0,32,24,31,0,0,0,0,0,0,0,0,0,0,0,0,27,81,70,0,25
l39,11=0,0,0,0,0,0,0,0,0,0,0,0,0,0,0,0,57,7,0,60,28,23,28,0,0,0,0,0,0,0,0,0,0,0,0,59,86,68,72,0

l0,12=0,90,86,89,88,83,75,74,5,64,62,0,0,0,0,0,0,0,0,0,0,0,0,0,0,0,0,0,0,0,0,0,0,0,0,0,0,0,0,0
l1,12=82,0,84,86,82,81,85,80,0,56,67,57,0,0,0,0,0,0,0,0,0,0,0,0,0,0,0,0,0,0,0,0,0,0,0,0,0,0,0,0
l2,12=82,86,0,86,79,81,85,65,37,70,68,0,0,0,0,0,0,0,0,0,0,0,0,0,0,0,0,0,0,0,0,0,0,0,0,0,0,0,0,0
l3,12=84,80,78,0,86,78,4,48,0,0,67,0,0,0,0,0,0,0,0,0,0,0,0,0,0,0,0,0,0,0,0,0,0,0,0,0,0,0,0,0
l4,12=84,81,78,86,0,54,80,70,41,55,31,0,0,0,52,0,0,0,0,0,0,0,0,58,0,0,0,0,0,0,0,0,0,0,0,0,0,0,0,0
l5,12=82,87,86,86,73,0,83,86,67,82,74,0,0,54,0,0,0,0,0,0,0,0,0,52,0,0,0,0,0,0,0,0,0,0,0,0,0,0,0,0
l6,12=67,87,85,43,79,74,0,85,56,50,78,65,0,55,0,60,0,0,0,0,0,0,0,0,0,0,0,0,0,0,0,0,0,0,0,0,0,0,0,0
l7,12=74,85,60,47,76,77,84,0,70,82,81,57,52,68,0,9,0,0,0,0,0,0,0,0,0,0,0,0,0,0,0,0,0,0,0,0,0,0,0,0
l8,12=17,0,53,31,36,57,67,62,0,85,79,67,62,79,50,62,25,28,0,46,0,42,0,0,28,0,0,0,0,0,0,0,0,0,0,0,0,0,0,0
l9,12=58,46,56,0,33,81,53,86,74,0,81,71,58,79,0,54,29,3,0,0,53,50,0,0,1,0,0,0,0,0,0,0,0,0,0,0,0,0,0,0
l10,12=51,63,59,68,24,49,75,86,68,87,0,61,8,73,0,61,0,0,0,0,0,0,0,27,0,0,0,0,0,0,0,0,0,0,0,0,0,0,0,0
l11,12=0,61,0,0,0,0,71,48,40,49,57,0,79,56,70,84,40,47,0,0,51,54,53,59,36,62,0,0,0,0,0,0,0,0,0,21,28,0,71,0
l12,12=0,0,0,0,0,0,0,11,37,45,0,79,0,50,92,82,79,85,0,0,63,58,50,69,91,93,0,0,0,0,0,0,0,1,0,0,0,0,77,0
l13,12=0,0,0,0,0,48,62,65,72,80,60,84,78,0,65,83,39,39,0,0,49,45,0,60,57,59,0,0,0,0,0,0,0,0,0,0,0,0,0,0
l14,12=0,0,0,0,35,0,0,0,29,0,0,74,85,47,0,73,85,45,0,0,0,54,8,83,91,47,0,0,0,0,0,0,0,64,53,32,39,0,58,0
l15,12=0,0,0,0,0,0,75,0,41,50,57,87,82,82,71,0,42,53,0,46,62,57,9,62,78,75,0,0,0,0,0,0,0,0,0,0,0,0,60,0
l16,12=0,0,0,0,0,0,0,0,4,22,0,64,85,40,78,79,0,46,26,53,72,60,58,44,86,69,0,0,0,0,0,0,0,1,0,18,55,47,83,17
l17,12=0,0,0,0,0,0,0,0,5,23,0,86,89,47,70,83,52,0,0,50,68,67,57,63,64,0,0,0,0,0,0,0,0,34,0,0,49,0,56,11
l18,12=0,0,0,0,0,0,0,0,0,0,0,0,0,0,0,0,56,0,0,54,51,41,0,0,0,0,0,0,0,0,0,0,0,0,0,0,0,0,0,0
l19,12=0,0,0,0,0,0,0,0,22,0,0,0,0,0,0,44,27,27,39,0,78,62,68,0,0,0,31,0,34,11,0,38,18,0,0,28,0,0,49,57
l20,12=0,0,0,0,0,0,0,0,0,31,0,46,49,29,0,46,40,34,39,82,0,82,84,0,0,0,30,0,7,0,0,4,0,0,0,34,69,58,78,37
l21,12=0,0,0,0,0,0,0,0,23,44,0,49,51,30,48,51,68,64,38,82,89,0,83,0,51,0,26,0,0,0,0,0,0,0,0,52,62,48,89,53
l22,12=0,0,0,0,0,0,0,0,0,0,0,47,45,0,3,5,27,26,0,75,88,82,0,0,0,0,29,0,0,0,0,0,0,0,0,39,68,44,78,45
l23,12=0,0,0,0,38,26,0,0,0,0,7,60,80,48,86,64,25,32,0,0,0,0,0,0,91,94,0,0,0,0,0,18,30,55,0,0,0,0,0,0
l24,12=0,0,0,0,0,0,0,0,2,12,0,13,90,42,95,82,89,33,0,0,0,54,0,84,0,90,0,0,0,0,0,33,68,0,0,0,1,0,59,0
l25,12=0,0,0,0,0,0,0,0,0,0,0,61,90,41,40,76,65,0,0,0,0,0,0,97,93,0,0,0,0,0,0,73,74,61,85,0,0,0,0,0
l26,12=0,0,0,0,0,0,0,0,0,0,0,0,0,0,0,0,0,0,0,44,33,11,25,0,0,0,0,70,94,80,92,84,80,56,66,0,0,0,0,0
l27,12=0,0,0,0,0,0,0,0,0,0,0,0,0,0,0,0,0,0,0,0,0,0,0,0,0,0,76,0,91,98,92,71,0,18,22,0,0,0,0,0
l28,12=0,0,0,0,0,0,0,0,0,0,0,0,0,0,0,0,0,0,0,49,40,0,0,0,0,0,81,96,0,98,92,72,65,56,61,0,0,0,0,0
l29,12=0,0,0,0,0,0,0,0,0,0,0,0,0,0,0,0,0,0,0,5,0,0,0,0,0,0,77,96,94,0,92,79,77,59,73,0,0,0,0,0
l30,12=0,0,0,0,0,0,0,0,0,0,0,0,0,0,0,0,0,0,0,0,0,0,0,0,0,0,81,96,94,98,0,78,77,38,31,0,0,0,0,0
l31,12=0,0,0,0,0,0,0,0,0,0,0,0,0,0,0,0,0,0,0,63,41,0,0,33,50,69,81,81,86,91,92,0,97,99,100,0,0,0,0,0
l32,12=0,0,0,0,0,0,0,0,0,0,0,0,0,0,0,0,0,0,0,37,0,0,0,45,63,69,78,0,90,89,89,88,0,99,100,0,0,0,0,0
l33,12=0,0,0,0,0,0,0,0,0,0,0,0,40,0,65,0,0,13,0,0,0,0,0,60,0,58,71,30,72,76,76,96,98,0,97,0,0,0,0,0
l34,12=0,0,0,0,0,0,0,0,0,0,0,0,0,0,63,0,6,0,0,0,0,0,0,0,1,83,80,44,83,87,65,96,98,99,0,0,0,0,0,0
l35,12=0,0,0,0,0,0,0,0,0,0,0,19,0,0,20,0,10,0,0,34,54,37,66,0,0,0,0,0,0,0,0,0,0,0,0,0,88,71,79,26
l36,12=0,0,0,0,0,0,0,0,0,0,0,40,0,0,18,0,38,31,0,0,67,59,69,0,0,0,0,0,0,0,0,0,0,0,0,86,0,74,85,47
l37,12=0,0,0,0,0,0,0,0,0,0,0,0,0,0,0,0,28,0,0,0,59,56,48,0,0,0,0,0,0,0,0,0,0,0,0,51,60,0,51,41
l38,12=0,0,0,0,0,0,0,0,0,0,0,56,70,0,29,31,40,17,0,30,66,66,70,0,49,0,0,0,0,0,0,0,0,0,0,47,61,45,0,42
l39,12=0,0,0,0,0,0,0,0,0,0,0,0,0,0,0,0,30,0,0,62,61,53,77,0,0,0,0,0,0,0,0,0,0,0,0,38,83,76,84,0

l0,13=0,92,90,93,91,91,94,89,78,86,86,0,0,0,0,0,0,0,0,0,0,0,0,0,0,0,0,0,0,0,0,0,0,0,0,0,0,0,0,0
l1,13=93,0,90,95,89,87,90,86,40,35,84,0,0,0,0,0,0,0,0,0,0,0,0,0,0,0,0,0,0,0,0,0,0,0,0,0,0,0,0,0
l2,13=93,92,0,93,89,91,94,83,0,84,87,0,0,32,0,0,0,0,0,0,0,0,0,0,0,0,0,0,0,0,0,0,0,0,0,0,0,0,0,0
l3,13=97,94,89,0,96,91,90,86,2,0,87,0,0,0,0,0,0,0,0,0,0,0,0,0,2,0,0,0,0,0,0,0,0,0,0,0,0,0,0,0
l4,13=93,89,88,93,0,87,92,87,58,11,87,0,0,0,0,0,0,0,0,0,0,0,0,0,0,0,0,0,0,0,0,0,0,0,0,0,0,0,0,0
l5,13=90,87,88,87,86,0,90,86,60,87,87,0,0,58,0,0,0,0,0,0,0,0,0,0,0,0,0,0,0,0,0,0,0,0,0,0,0,0,0,0
l6,13=87,86,86,84,86,87,0,0,65,87,0,82,0,56,0,77,0,0,0,0,0,0,0,0,0,0,0,0,0,0,0,0,0,0,0,0,0,0,0,0
l7,13=88,87,53,82,86,87,1,0,87,92,91,69,33,77,0,3,0,0,0,0,0,0,0,0,0,0,0,0,0,0,0,0,0,0,0,0,0,0,0,0
l8,13=51,37,0,31,23,58,76,85,0,96,87,68,65,85,49,28,66,52,0,40,0,31,8,0,76,0,0,0,0,0,0,0,0,0,0,0,0,0,0,0
l9,13=40,0,50,0,0,87,89,86,87,0,90,74,66,85,25,83,69,59,0,0,35,35,0,0,0,0,0,0,0,0,0,0,0,0,0,0,0,0,0,0
l10,13=45,43,50,38,46,68,0,89,86,96,0,73,0,85,0,23,0,0,0,0,0,0,0,0,0,0,0,0,0,0,0,0,0,0,0,0,0,0,0,0
l11,13=0,0,0,0,0,0,80,62,38,27,30,0,89,91,32,89,81,89,0,0,43,39,39,45,0,19,0,0,0,0,0,0,0,0,0,0,0,0,66,0
l12,13=0,0,0,0,0,0,0,0,3,26,0,93,0,39,63,50,91,98,0,0,46,35,45,50,99,99,0,0,0,0,0,0,0,31,0,0,66,0,74,0
l13,13=0,0,4,0,0,50,72,77,61,91,55,93,69,0,31,89,73,84,0,13,38,38,0,28,30,70,0,0,0,0,0,0,0,0,0,0,0,0,66,0
l14,13=0,0,0,0,0,0,0,0,38,25,0,89,94,48,0,25,97,89,0,0,0,36,0,93,100,90,0,0,0,0,0,0,11,29,62,0,64,0,0,0
l15,13=0,0,0,0,0,0,80,0,32,29,31,94,92,93,31,0,95,92,0,44,43,33,0,50,88,79,0,0,0,0,0,0,0,0,0,0,52,0,72,0
l16,13=0,0,0,0,0,0,0,0,17,24,0,81,83,32,33,27,0,95,36,45,44,38,36,22,96,70,0,0,0,0,0,0,0,0,32,64,72,20,77,54
l17,13=0,0,0,0,0,0,0,0,22,26,0,93,93,49,34,27,98,0,0,48,54,53,26,42,93,24,0,0,0,0,0,0,0,22,0,0,68,0,75,0
l18,13=0,0,0,0,0,0,0,0,0,0,0,0,0,0,0,0,78,0,0,89,85,0,57,0,0,0,0,0,0,0,0,0,0,0,0,0,0,0,0,0
l19,13=0,0,0,0,0,0,0,0,48,0,0,0,0,1,0,47,66,52,67,0,88,88,87,0,0,0,40,0,4,11,0,38,0,0,0,40,55,56,54,76
l20,13=0,0,0,0,0,0,0,0,0,20,0,71,69,23,0,18,81,85,48,93,0,97,98,0,0,0,41,0,0,0,0,45,0,0,0,84,86,78,86,63
l21,13=0,0,0,0,0,0,0,0,30,40,0,79,67,51,22,28,75,89,0,93,90,0,98,0,69,0,42,0,0,0,0,0,0,0,0,64,76,15,84,87
l22,13=0,0,0,0,0,0,0,0,0,0,0,59,58,0,0,0,66,46,4,58,90,97,0,0,0,0,56,0,0,0,0,0,0,0,38,86,89,46,77,93
l23,13=0,0,0,0,0,0,0,0,0,0,0,86,86,0,100,49,82,67,0,0,0,0,0,0,94,100,0,0,0,0,0,0,0,24,66,0,0,0,0,0
l24,13=0,0,0,24,0,0,0,0,38,0,0,0,94,0,100,27,98,90,0,0,0,39,0,55,0,100,0,0,0,0,0,0,30,0,0,0,68,0,15,0
l25,13=0,0,0,1,0,0,0,0,0,0,0,16,94,47,63,26,96,6,0,0,0,0,0,100,100,0,0,0,0,6,0,75,36,38,90,0,0,0,0,0
l26,13=0,0,0,0,0,0,0,0,0,0,0,0,0,0,0,0,0,0,0,50,51,36,61,0,0,0,0,92,97,85,99,100,84,77,0,0,0,0,0,0
l27,13=0,0,0,0,0,0,0,0,0,0,0,0,0,0,0,0,0,0,0,0,0,0,0,0,0,0,86,0,92,100,100,88,73,73,48,0,0,0,0,0
l28,13=0,0,0,0,0,0,0,0,0,0,0,0,0,0,0,0,0,0,0,35,21,0,0,0,0,6,98,99,0,100,100,95,68,80,85,0,0,0,0,0
l29,13=0,0,0,0,0,0,0,0,0,0,0,0,0,0,0,0,0,0,0,22,0,0,0,0,0,0,81,99,97,0,100,89,84,75,81,0,0,0,0,0
l30,13=0,0,0,0,0,0,0,0,0,0,0,0,0,0,0,0,0,0,0,0,0,0,0,0,0,0,98,99,97,100,0,92,76,78,13,0,0,0,0,0
l31,13=0,0,0,0,0,0,0,0,0,0,0,0,0,0,0,0,0,0,0,41,66,0,0,0,0,79,98,97,97,99,100,0,100,100,100,0,0,0,0,0
l32,13=0,0,0,0,0,0,0,0,0,0,0,0,0,0,46,0,13,0,0,4,0,0,0,0,83,93,92,73,79,97,93,100,0,100,100,0,0,0,0,0
l33,13=0,0,0,0,0,0,0,0,0,0,0,0,85,0,65,0,4,80,0,0,0,0,0,50,0,97,98,80,95,93,96,100,100,0,100,0,0,0,0,0
l34,13=0,0,0,0,0,0,0,0,0,0,0,0,0,0,68,0,80,0,0,0,21,0,77,79,33,98,0,62,97,99,80,100,100,100,0,0,0,0,0,0
l35,13=0,0,0,0,0,0,0,0,0,0,0,0,5,0,0,0,63,0,0,19,42,31,44,0,0,0,0,0,0,0,0,0,0,0,0,0,91,93,86,69
l36,13=0,0,0,0,0,0,0,0,0,0,0,0,65,0,22,12,75,56,0,38,47,42,48,0,65,0,0,0,0,0,0,0,0,0,0,92,0,75,85,68
l37,13=0,0,0,0,0,0,0,0,0,0,0,0,0,0,0,0,0,0,0,38,47,0,38,0,0,0,0,0,0,0,0,0,0,0,0,89,83,0,70,59
l38,13=0,0,0,0,0,0,0,0,0,0,0,71,73,30,0,18,75,73,0,45,51,46,47,0,4,0,0,0,0,0,0,0,0,0,0,84,81,70,0,66
l39,13=0,0,0,0,0,0,0,0,0,0,0,0,0,0,0,0,67,0,0,50,44,47,52,0,0,0,0,0,0,0,0,0,0,0,0,88,88,70,74,0

l0,14=0,100,100,100,100,99,99,99,84,97,99,0,0,0,0,0,0,0,0,0,0,0,0,0,0,0,0,0,0,0,0,0,0,0,0,0,0,0,0,0
l1,14=100,0,100,100,100,99,17,0,49,0,58,0,0,51,0,0,0,0,0,0,0,0,0,0,0,0,0,0,0,0,0,0,0,0,0,0,0,0,0,0
l2,14=100,100,0,100,100,100,99,100,31,96,100,0,0,54,0,12,0,0,0,0,0,0,0,0,0,0,0,0,0,0,0,0,0,0,0,0,0,0,0,0
l3,14=100,100,99,0,100,99,99,97,0,0,100,0,0,0,0,0,0,0,0,0,0,0,0,0,0,0,0,0,0,0,0,0,0,0,0,0,0,0,0,0
l4,14=100,100,99,100,0,99,99,0,49,44,100,0,0,0,0,1,0,0,0,0,0,0,0,0,0,0,0,0,0,0,0,0,0,0,0,0,0,0,0,0
l5,14=100,100,99,100,100,0,99,100,96,97,100,0,0,84,0,51,0,0,0,0,0,0,0,0,0,0,0,0,0,0,0,0,0,0,0,0,0,0,0,0
l6,14=98,6,100,94,100,99,0,97,86,95,93,99,0,92,0,90,0,0,0,0,0,0,50,0,0,0,0,0,0,0,0,0,0,0,0,0,0,0,0,0
l7,14=100,0,100,99,0,99,98,0,97,97,100,0,0,84,0,4,92,0,0,0,0,0,0,0,0,0,0,0,0,0,0,0,0,0,0,0,0,0,0,0
l8,14=41,48,7,10,46,43,31,40,0,97,99,47,48,49,28,34,50,0,0,11,25,48,36,0,33,0,0,0,0,0,0,0,0,0,0,0,0,0,0,0
l9,14=42,0,38,0,41,68,42,100,98,0,100,50,0,100,28,84,51,36,0,0,33,53,0,48,16,0,0,0,0,0,0,0,0,0,0,0,0,0,0,0
l10,14=99,60,73,95,100,99,98,100,98,97,0,45,53,100,19,34,0,0,0,0,13,0,0,0,0,0,0,0,0,0,0,0,0,0,0,0,0,0,0,0
l11,14=0,0,0,0,0,0,60,0,34,60,33,0,97,99,60,98,94,98,0,0,61,50,74,82,0,28,0,0,0,0,0,0,0,0,0,4,34,0,31,0
l12,14=0,0,0,0,0,0,0,0,55,0,26,98,0,85,100,60,49,99,0,4,63,0,52,97,63,99,0,0,0,0,0,0,0,42,0,18,22,0,0,0
l13,14=0,90,76,0,0,90,60,64,68,97,99,100,97,0,58,98,94,98,0,29,0,89,0,91,63,61,0,0,0,0,0,0,0,0,0,0,0,0,50,0
l14,14=0,0,0,0,0,0,0,0,42,26,4,98,100,50,0,43,94,98,0,0,2,10,0,98,100,0,0,0,0,0,0,0,6,34,0,0,0,0,31,0
l15,14=0,0,0,0,1,31,52,0,70,60,33,100,97,99,60,0,94,98,0,27,62,59,0,97,63,26,0,0,0,0,0,0,0,0,0,0,0,0,51,0
l16,14=0,0,0,0,0,0,0,33,23,36,0,97,51,40,56,60,0,97,10,26,44,78,94,47,60,28,0,0,0,0,0,0,0,47,54,87,92,0,24,34
l17,14=0,0,0,0,0,0,0,0,0,32,0,98,97,85,60,98,94,0,0,43,63,91,80,97,63,35,0,0,0,0,0,0,0,0,0,41,74,0,57,0
l18,14=0,0,0,0,0,0,0,0,0,0,0,0,0,0,0,0,81,0,0,92,94,4,90,0,0,0,0,0,0,0,0,0,0,0,0,0,0,0,0,0
l19,14=0,0,0,0,0,0,0,0,0,0,0,0,82,2,0,52,87,93,74,0,98,96,94,0,0,0,56,0,0,65,0,0,0,0,0,86,92,54,55,85
l20,14=0,0,0,0,0,0,0,0,2,56,0,92,88,0,0,55,85,95,85,98,0,98,98,0,0,0,4,0,0,0,0,0,0,0,70,91,95,53,94,69
l21,14=0,0,0,0,0,0,0,0,84,87,0,92,84,89,51,90,87,93,0,98,99,0,98,0,84,0,0,0,0,0,0,0,0,0,7,84,96,55,74,89
l22,14=0,0,0,0,0,0,31,0,2,0,0,93,85,0,0,0,95,94,74,98,99,98,0,0,0,0,64,0,0,0,0,0,0,0,0,87,97,6,57,78
l23,14=0,0,0,0,0,0,0,0,0,26,0,50,74,29,99,50,50,42,0,0,0,0,0,0,33,100,0,0,0,0,0,0,49,41,55,0,0,0,0,0
l24,14=0,0,0,0,0,0,0,0,42,18,0,0,100,48,100,58,96,100,0,0,0,46,0,52,0,64,0,0,0,0,0,0,0,0,0,0,47,0,0,0
l25,14=0,0,0,0,0,0,0,0,0,0,0,45,100,52,17,31,53,43,0,0,0,0,0,99,100,0,0,0,4,0,0,0,47,99,99,0,0,0,0,0
l26,14=0,0,0,0,0,0,0,0,0,0,0,0,0,0,0,0,0,0,0,76,68,0,87,0,0,0,0,92,98,91,97,100,94,91,89,0,0,0,0,0
l27,14=0,0,0,0,0,0,0,0,0,0,0,0,0,0,0,0,0,0,0,0,0,0,0,0,0,0,88,0,97,100,100,89,89,84,11,0,0,0,0,0
l28,14=0,0,0,0,0,0,0,0,0,0,0,0,0,0,0,0,0,0,0,17,0,0,0,0,0,57,99,100,0,100,100,99,89,93,94,0,0,0,0,0
l29,14=0,0,0,0,0,0,0,0,0,0,0,0,0,0,0,0,0,0,0,74,0,0,0,0,0,0,87,100,98,0,100,89,91,0,87,0,0,0,0,0
l30,14=0,0,0,0,0,0,0,0,0,0,0,0,0,0,0,0,0,0,0,0,0,0,0,0,0,0,94,100,98,100,0,89,89,91,0,0,0,0,0,0
l31,14=0,0,0,0,0,0,0,0,0,0,0,0,0,0,0,0,0,0,0,0,0,0,0,0,0,0,99,87,98,94,93,0,99,100,99,0,0,0,0,0
l32,14=0,0,0,0,0,0,0,0,0,0,0,0,0,0,47,0,0,0,0,0,0,0,0,96,0,73,99,97,94,99,94,100,0,100,100,0,0,0,0,0
l33,14=0,0,0,0,0,0,0,0,0,0,0,0,90,0,83,0,90,0,0,0,0,0,0,89,0,99,97,85,98,0,98,100,99,0,100,0,0,0,0,0
l34,14=0,0,0,0,0,0,0,0,0,0,0,0,0,0,0,0,97,0,0,0,98,27,11,97,0,99,97,27,98,99,0,100,99,100,0,0,0,0,0,0
l35,14=0,0,0,0,0,0,0,0,0,0,0,0,75,0,1,0,82,61,0,56,58,82,87,0,0,0,0,0,0,0,0,0,0,0,0,0,98,95,91,89
l36,14=0,0,0,0,0,0,0,0,0,0,0,0,50,0,0,0,84,87,0,39,59,85,91,0,31,0,0,0,0,0,0,0,0,0,0,95,0,46,57,65
l37,14=0,0,0,0,0,0,0,0,0,0,0,0,0,0,0,0,0,0,0,31,48,3,0,0,0,0,0,0,0,0,0,0,0,0,0,92,89,0,55,64
l38,14=0,0,0,0,0,0,0,0,0,0,0,92,0,20,24,21,84,91,0,25,62,75,93,0,0,0,0,0,0,0,0,0,0,0,0,94,98,54,0,68
l39,14=0,0,0,0,0,0,0,0,0,0,0,0,0,0,0,0,85,0,0,56,60,85,92,0,0,0,0,0,0,0,0,0,0,0,0,85,91,54,55,0

l0,15=0,98,98,100,100,99,98,97,97,97,54,0,0,0,0,0,0,0,0,0,0,0,0,0,0,0,0,0,0,0,0,0,0,0,0,0,0,0,0,0
l1,15=99,0,98,98,100,97,98,97,97,96,97,0,0,94,34,0,0,0,0,0,0,0,0,0,0,0,0,0,0,0,0,0,0,0,0,0,0,0,0,0
l2,15=99,98,0,98,99,99,98,97,98,98,0,90,0,97,0,0,0,0,0,0,0,0,0,0,0,0,0,0,0,0,0,0,0,0,0,0,0,0,0,0
l3,15=100,100,91,0,100,99,0,0,0,0,96,0,0,0,0,0,0,0,0,0,0,0,0,0,0,0,0,0,0,0,0,0,0,0,0,0,0,0,0,0
l4,15=100,100,98,100,0,99,98,97,93,90,97,0,0,0,0,0,0,0,0,0,0,0,0,0,0,0,0,0,0,0,0,0,0,0,0,0,0,0,0,0
l5,15=99,98,98,98,99,0,98,97,98,98,97,0,1,97,0,86,0,0,0,0,0,0,0,0,0,0,0,0,0,0,0,0,0,0,0,0,0,0,0,0
l6,15=99,98,98,0,98,96,0,97,98,98,97,97,79,93,0,95,1,0,0,0,0,0,44,0,0,0,0,0,0,0,0,0,0,0,0,0,0,0,0,0
l7,15=98,64,98,69,99,97,98,0,98,98,99,0,0,45,0,0,78,0,0,0,0,0,0,0,0,0,0,0,0,0,0,0,0,0,0,0,0,0,0,0
l8,15=98,59,48,7,98,96,98,97,0,100,98,83,97,95,58,57,0,0,0,25,0,60,93,7,76,0,0,0,0,0,0,0,0,0,0,0,0,0,0,0
l9,15=99,0,66,0,86,99,100,100,100,0,100,97,0,100,0,99,99,35,0,0,100,98,1,57,0,0,0,0,0,0,0,0,0,0,0,0,0,0,0,0
l10,15=86,96,0,83,99,97,98,100,98,100,0,1,96,97,26,0,28,0,0,0,0,0,0,0,0,0,0,0,0,0,0,0,0,0,0,0,0,0,0,0
l11,15=0,0,4,0,0,0,100,0,100,100,6,0,100,100,55,100,79,100,0,10,64,63,99,71,77,60,0,0,0,0,0,0,0,0,0,0,100,0,100,0
l12,15=0,0,0,0,0,0,1,0,100,0,62,98,0,100,100,99,87,100,0,0,64,0,96,99,100,100,0,0,0,0,0,0,0,0,0,4,95,0,73,0
l13,15=0,58,59,0,0,97,98,5,100,100,62,100,100,0,56,100,79,98,0,26,0,14,29,99,9,60,0,0,0,0,0,0,0,0,0,6,0,0,59,0
l14,15=0,0,0,0,0,0,0,0,98,1,1,86,100,99,0,59,79,98,0,0,62,0,0,99,100,60,0,0,0,0,0,0,0,60,0,0,0,0,97,0
l15,15=0,0,0,0,0,37,98,0,100,99,0,100,100,99,57,0,79,98,0,0,63,63,0,99,76,60,0,0,0,0,0,0,0,0,0,91,0,0,99,0
l16,15=0,0,0,0,0,0,4,88,0,72,5,86,93,94,58,59,0,93,93,68,61,56,98,0,76,3,0,0,0,0,0,4,0,31,12,96,99,75,94,4
l17,15=0,0,0,0,0,0,0,0,0,97,0,86,100,99,58,82,79,0,0,71,64,63,98,99,76,59,0,0,0,0,0,0,0,59,18,0,99,11,99,0
l18,15=0,0,0,0,0,0,0,0,0,0,0,0,0,0,0,0,84,0,0,76,89,1,72,0,0,0,0,0,0,0,0,0,0,0,0,0,0,0,0,0
l19,15=0,0,0,0,0,0,0,0,16,0,0,5,67,2,0,0,63,71,74,0,100,91,96,0,0,0,40,0,0,65,0,0,0,0,0,78,86,0,79,97
l20,15=0,0,0,0,0,0,0,0,0,95,0,84,93,0,49,56,79,94,95,100,0,100,98,0,0,0,2,0,0,0,0,0,0,0,0,97,99,0,99,98
l21,15=0,0,0,0,0,0,0,0,80,93,0,85,0,17,0,57,74,95,0,100,100,0,98,0,60,0,0,0,16,0,0,0,0,22,50,89,99,97,99,97
l22,15=0,0,0,0,0,0,10,0,79,41,0,75,73,1,0,0,80,73,27,95,100,99,0,0,0,0,33,0,0,33,0,0,0,0,0,85,85,76,80,88
l23,15=0,0,0,0,0,0,0,0,0,89,0,25,100,99,100,61,0,99,0,0,0,0,0,0,100,100,0,0,0,0,0,0,71,61,0,0,0,0,0,0
l24,15=0,0,0,0,0,0,0,0,98,1,0,85,100,0,100,100,79,100,0,0,0,32,0,100,0,60,0,0,0,0,0,0,68,0,0,0,96,0,0,0
l25,15=0,0,0,0,0,0,0,0,0,0,0,86,98,96,100,59,2,98,0,0,0,0,0,87,99,0,50,0,67,5,0,90,70,49,75,0,0,0,0,0
l26,15=0,0,0,0,0,0,0,0,0,0,0,0,0,0,0,0,0,0,0,92,63,0,81,0,0,94,0,97,94,82,96,96,90,61,92,0,0,0,0,0
l27,15=0,0,0,0,0,0,0,0,0,0,0,0,0,0,0,0,0,0,0,0,0,0,0,0,0,0,79,0,94,83,97,90,90,75,92,0,0,0,0,0
l28,15=0,0,0,0,0,0,0,0,0,0,0,0,0,0,0,0,0,0,0,0,0,23,0,0,0,92,87,99,0,83,97,95,90,77,95,0,0,0,0,0
l29,15=0,0,0,0,0,0,0,0,0,0,0,0,0,0,0,0,0,0,0,91,0,0,66,0,0,0,87,99,94,0,97,93,91,75,93,0,0,0,0,0
l30,15=0,0,0,0,0,0,0,0,0,0,0,0,0,0,0,0,0,0,0,0,0,0,0,0,0,0,84,99,94,83,0,89,90,75,0,0,0,0,0,0
l31,15=0,0,0,0,0,0,0,0,0,0,0,0,0,0,0,0,1,0,0,0,0,0,0,0,0,92,87,91,91,82,93,0,97,86,97,0,0,0,0,0
l32,15=0,0,0,0,0,0,0,0,0,0,0,0,45,0,0,0,0,0,0,0,0,0,0,76,93,96,87,96,93,83,95,97,0,86,97,0,0,0,0,0
l33,15=0,0,0,0,0,0,0,0,0,0,0,0,85,0,97,0,77,92,0,0,0,20,0,97,0,84,50,97,94,90,96,98,99,0,98,0,0,0,0,0
l34,15=0,0,0,0,0,0,0,0,0,0,0,0,0,0,0,0,63,1,0,0,0,56,0,0,21,96,82,92,91,78,0,97,97,86,0,0,0,0,0,0
l35,15=0,0,0,0,0,0,0,0,0,0,0,0,47,0,0,35,62,0,0,39,52,40,69,0,0,0,0,0,0,0,0,0,0,0,0,0,99,97,94,95
l36,15=0,0,0,0,0,0,0,0,0,0,0,74,72,0,0,0,66,56,0,56,54,58,76,0,37,0,0,0,0,0,0,0,0,0,0,99,0,97,99,95
l37,15=0,0,0,0,0,0,0,0,0,0,0,0,0,0,0,0,40,0,0,0,0,49,70,0,0,0,0,0,0,0,0,0,0,0,0,97,99,0,93,95
l38,15=0,0,0,0,0,0,0,0,0,0,0,69,70,0,31,51,68,85,0,40,63,59,87,0,0,0,0,0,0,0,0,0,0,0,0,97,99,97,0,96
l39,15=0,0,0,0,0,0,0,0,0,0,0,0,0,0,0,0,0,0,0,56,56,56,71,0,0,0,0,0,0,0,0,0,0,0,0,96,99,97,94,0

