t=2016-04-13_01.33.48

n=40

q0=1
q1=1
q2=1
q3=1
q4=1
q5=1
q6=1
q7=1
q8=1
q9=1
q10=1
q11=1
q12=1
q13=1
q14=1
q15=1
q16=1
q17=1
q18=1
q19=1
q20=1
q21=1
q22=1
q23=1
q24=1
q25=1
q26=1
q27=1
q28=1
q29=1
q30=1
q31=1
q32=1
q33=1
q34=1
q35=1
q36=1
q37=1
q38=1
q39=1

a0=0x141592000c576ce6
a1=0x141592000c5aedbc
a2=0x141592000c5750f4
a3=0x141592000c576658
a4=0x141592000c575890
a5=0x141592000c574ffa
a6=0x141592000c5acf11
a7=0x141592000d9df361
a8=0x141592000c576300
a9=0x141592000c5779b6
a10=0x141592000c5762b9
a11=0x141592000c5af078
a12=0x141592000c575517
a13=0x141592000c5752c3
a14=0x141592000c5a4baa
a15=0x141592000c5776e7
a16=0x141592000c58cdeb
a17=0x141592000c5881fc
a18=0x141592000bd81d33
a19=0x141592000bd84d6a
a20=0x141592000c577233
a21=0x141592000c574527
a22=0x141592000c5746a3
a23=0x141592000c574da3
a24=0x141592000c5741c9
a25=0x141592000da244ea
a26=0x141592000c5ae886
a27=0x141592000c57510e
a28=0x141592000c5ab6c8
a29=0x141592000c574d05
a30=0x141592000edae61f
a31=0x141592000c57667e
a32=0x141592000c577f43
a33=0x141592000c576449
a34=0x1415920010f4117a
a35=0x141592000c575966
a36=0x141592000c574d35
a37=0x141592000c576fb1
a38=0x141592000c5aea5d
a39=0x141592000c59f23f

l0,0=0,93,91,97,92,93,85,82,48,91,86,0,0,0,0,0,0,0,0,0,0,0,0,0,0,0,0,0,0,0,0,0,0,0,0,0,0,0,0,0
l1,0=91,0,92,92,92,93,69,88,81,76,85,0,0,19,0,0,0,0,0,0,0,0,0,0,0,0,0,0,0,0,0,0,0,0,0,0,0,0,0,0
l2,0=81,93,0,82,92,94,90,89,19,88,90,0,0,81,0,0,0,0,0,0,0,0,0,0,0,0,0,0,0,0,0,0,0,0,0,0,0,0,0,0
l3,0=96,93,92,0,91,90,85,83,74,0,68,0,0,0,0,0,0,0,0,0,0,0,0,0,0,0,0,0,0,0,0,0,0,0,0,0,0,0,0,0
l4,0=91,93,92,93,0,93,78,76,74,72,75,0,0,71,0,0,0,0,0,0,0,0,0,0,0,0,0,0,0,0,0,0,0,0,0,0,0,0,0,0
l5,0=82,93,92,82,89,0,86,85,75,88,75,44,0,70,0,0,0,0,0,0,0,0,0,0,0,0,0,0,0,0,0,0,0,0,0,0,0,0,0,0
l6,0=80,60,99,83,80,81,0,87,77,79,74,52,0,67,0,29,51,0,0,0,0,0,0,0,0,0,0,0,0,0,0,0,0,0,0,0,0,0,0,0
l7,0=72,79,84,78,79,81,84,0,77,81,80,74,0,52,0,33,0,0,0,0,0,0,0,0,0,0,0,0,0,0,0,0,0,0,0,0,0,0,0,0
l8,0=0,62,0,23,40,52,79,73,0,92,62,85,69,90,37,66,80,20,0,0,0,62,0,32,69,0,0,0,0,0,0,0,0,0,0,0,0,0,51,0
l9,0=78,63,87,0,40,93,74,88,94,0,85,82,34,85,11,41,65,31,0,0,0,0,19,0,0,0,0,0,0,0,0,0,0,0,0,0,0,0,0,0
l10,0=79,82,89,67,78,82,78,89,73,95,0,82,51,89,0,79,0,0,0,0,0,0,0,0,0,0,0,0,0,0,0,0,0,0,0,0,0,0,0,0
l11,0=0,0,0,0,0,21,50,63,82,73,69,0,89,76,48,93,75,66,0,54,0,25,0,0,72,42,0,0,0,0,0,0,0,0,0,0,46,0,63,0
l12,0=0,0,0,0,0,0,0,0,71,63,14,87,0,81,79,93,44,100,0,0,66,47,0,78,91,80,0,0,0,0,0,0,0,43,0,0,33,0,74,0
l13,0=0,0,52,0,25,1,58,50,93,78,81,90,86,0,77,85,34,75,0,58,0,58,21,40,75,65,0,0,0,0,0,0,0,0,0,0,0,0,58,0
l14,0=0,0,0,0,0,0,0,0,79,30,0,86,87,51,0,49,72,36,0,0,71,0,25,49,86,86,0,0,0,0,0,0,0,47,0,0,15,0,61,0
l15,0=0,0,0,0,0,0,51,49,82,70,63,98,91,68,45,0,44,39,0,0,31,0,20,16,86,0,0,0,0,0,0,0,0,0,0,0,38,0,71,0
l16,0=0,0,0,0,0,0,39,0,82,62,0,78,36,29,48,27,0,38,0,60,63,56,26,9,75,0,0,0,0,0,0,0,0,34,0,13,34,14,80,57
l17,0=0,0,0,0,0,0,0,0,60,66,0,91,91,54,46,50,55,0,0,0,76,50,17,0,76,73,0,0,0,0,0,0,0,49,0,0,50,0,35,0
l18,0=0,0,0,0,0,0,0,0,0,0,0,0,0,0,0,0,0,0,0,0,78,0,81,0,0,0,0,0,0,0,0,0,0,0,0,0,0,0,0,0
l19,0=0,0,0,0,0,0,0,0,7,0,0,26,0,56,0,0,71,0,0,0,88,37,94,0,0,0,37,0,0,0,0,13,0,0,0,23,78,0,68,81
l20,0=0,0,0,0,0,0,0,0,0,0,0,0,21,0,25,3,33,30,58,86,0,90,94,0,0,0,0,0,0,0,0,0,0,0,13,30,87,62,95,98
l21,0=0,0,0,0,0,0,0,0,71,0,0,27,18,65,0,0,76,67,22,36,92,0,94,0,0,0,18,0,0,0,0,1,0,0,0,85,60,33,80,76
l22,0=0,0,0,0,0,0,0,0,44,38,0,0,0,39,26,17,72,19,43,87,92,90,0,0,0,0,9,0,0,0,0,6,1,0,0,53,96,40,80,82
l23,0=0,0,0,0,0,0,0,0,70,0,0,0,84,47,45,8,38,0,0,0,0,0,0,0,85,50,0,0,0,0,0,18,1,48,46,0,0,0,0,0
l24,0=0,0,0,0,0,0,0,0,83,0,0,84,91,48,73,49,76,35,0,0,0,0,0,83,0,78,0,0,0,0,0,0,33,53,44,0,0,0,0,0
l25,0=0,0,0,0,0,0,0,0,32,0,0,35,87,59,79,0,0,48,0,0,0,0,0,29,83,0,54,2,1,0,0,64,41,47,77,0,0,0,0,0
l26,0=0,0,0,0,0,0,0,0,0,0,0,0,0,0,0,0,0,0,0,56,0,9,16,0,0,58,0,80,98,82,92,88,76,61,58,0,0,0,0,0
l27,0=0,0,0,0,0,0,0,0,0,0,0,0,0,0,0,0,0,0,0,0,0,0,0,0,0,0,86,0,98,86,100,75,75,75,73,0,0,0,0,0
l28,0=0,0,0,0,0,0,0,0,0,0,0,0,0,0,0,0,0,0,0,0,0,0,0,0,0,0,90,99,0,86,100,83,77,67,76,0,0,0,0,0
l29,0=0,0,0,0,0,0,0,0,0,0,0,0,0,0,0,0,0,0,0,0,0,0,0,0,0,1,87,100,98,0,100,72,63,57,58,0,0,0,0,0
l30,0=0,0,0,0,0,0,0,0,0,0,0,0,0,0,0,0,0,0,0,0,0,0,0,0,0,0,83,100,98,86,0,65,67,69,0,0,0,0,0,0
l31,0=0,0,0,0,0,0,0,0,0,0,0,0,0,0,0,0,0,0,0,39,0,0,34,47,0,58,86,65,88,65,65,0,88,80,94,0,0,0,0,0
l32,0=0,0,0,0,0,0,0,0,0,0,0,0,0,0,0,0,0,0,0,0,0,0,0,4,55,58,80,62,82,56,67,83,0,87,94,0,0,0,0,0
l33,0=0,0,0,0,0,0,0,0,0,0,0,0,49,0,56,0,57,65,0,0,0,0,0,59,62,62,68,43,75,49,74,78,85,0,79,0,0,0,0,0
l34,0=0,0,0,0,0,0,0,0,0,0,0,0,0,0,0,0,0,0,0,0,61,0,0,67,59,77,77,66,86,57,0,88,95,73,0,0,0,0,0,0
l35,0=0,0,0,0,0,0,0,0,0,0,0,0,0,0,0,0,16,0,0,19,36,50,28,0,0,0,0,0,0,0,0,0,0,0,0,0,54,94,95,76
l36,0=0,0,0,0,0,0,0,0,0,0,0,48,11,0,8,17,22,30,0,53,89,44,36,0,0,0,0,0,0,0,0,0,0,0,0,56,0,70,95,93
l37,0=0,0,0,0,0,0,0,0,0,0,0,0,0,0,0,0,7,0,0,0,84,9,21,0,0,0,0,0,0,0,0,0,0,0,0,56,59,0,5,97
l38,0=0,0,0,0,0,0,0,0,52,0,0,44,41,26,11,33,49,5,0,46,91,60,34,0,0,0,0,0,0,0,0,0,0,0,0,92,97,0,0,97
l39,0=0,0,0,0,0,0,0,0,0,0,0,0,0,0,0,0,27,0,0,85,91,43,36,0,0,0,0,0,0,0,0,0,0,0,0,54,58,64,94,0

l0,1=0,90,69,91,89,80,82,0,69,69,69,0,0,12,0,0,0,0,0,0,0,0,0,0,0,0,0,0,0,0,0,0,0,0,0,0,0,0,0,0
l1,1=83,0,88,88,89,90,82,68,71,69,79,0,0,66,0,0,0,0,0,0,0,0,0,0,0,0,0,0,0,0,0,0,0,0,0,0,0,0,0,0
l2,1=62,93,0,80,86,94,92,72,0,79,89,0,0,0,0,17,0,0,0,0,0,0,0,0,0,0,0,0,0,0,0,0,0,0,0,0,0,0,0,0
l3,1=90,90,83,0,76,82,76,58,0,0,70,0,0,0,0,0,0,0,0,0,0,0,0,0,0,0,0,0,0,0,0,0,0,0,0,0,0,0,0,0
l4,1=86,88,83,67,0,82,69,51,75,69,68,0,0,48,15,0,0,0,0,0,0,0,0,0,0,0,0,0,0,0,0,0,0,0,0,0,0,0,0,0
l5,1=73,92,88,74,83,0,80,76,75,76,79,0,0,30,0,0,0,0,0,0,0,0,0,0,0,0,0,0,0,0,0,0,0,0,0,0,0,0,0,0
l6,1=62,76,81,62,63,71,0,80,71,63,77,58,13,58,0,6,31,0,0,0,0,0,0,0,0,0,0,0,0,0,0,0,0,0,0,0,0,0,0,0
l7,1=0,58,71,38,48,86,86,0,82,82,87,27,18,0,0,0,0,0,0,0,0,0,0,0,0,0,0,0,0,0,0,0,0,0,0,0,0,0,0,0
l8,1=32,39,0,0,68,38,73,73,0,81,66,68,1,83,52,63,52,42,0,0,0,52,25,13,0,0,0,0,0,0,0,0,0,0,0,0,0,0,0,0
l9,1=59,54,69,0,63,70,69,76,90,0,88,66,41,89,32,57,45,53,0,0,0,19,14,0,0,0,0,0,0,0,0,0,0,0,0,0,0,0,0,0
l10,1=49,77,79,55,69,77,81,88,78,87,0,63,0,76,0,50,3,0,0,0,0,9,0,0,1,0,0,0,0,0,0,0,0,0,0,0,0,0,0,0
l11,1=0,0,0,0,0,0,41,29,53,28,24,0,77,85,53,75,57,73,0,23,4,6,0,5,30,0,0,0,0,0,0,0,0,0,0,10,47,0,28,0
l12,1=0,0,0,0,0,0,0,0,8,23,0,72,0,71,62,68,59,79,0,0,22,23,11,59,84,70,0,0,0,0,0,0,0,5,0,0,0,0,25,0
l13,1=0,5,0,0,29,0,37,0,79,62,46,78,71,0,57,47,60,67,0,16,10,20,20,20,24,40,0,0,0,0,0,0,0,0,0,0,0,0,25,0
l14,1=0,0,0,0,19,0,0,0,57,27,0,47,78,64,0,56,61,58,0,0,24,19,10,61,45,68,0,0,0,0,0,0,0,0,0,0,0,0,0,0
l15,1=0,0,2,0,0,0,5,0,52,30,21,86,78,45,38,0,30,69,0,0,0,0,9,5,57,0,0,0,0,0,0,0,0,0,0,0,42,0,0,0
l16,1=0,0,0,0,0,0,21,0,48,6,0,31,47,44,41,34,0,58,0,5,24,27,23,10,30,43,0,0,0,0,0,0,4,3,0,43,41,20,18,8
l17,1=0,0,0,0,0,0,0,0,45,14,0,49,85,54,42,64,68,0,0,0,19,0,10,12,29,40,0,0,0,0,0,0,0,6,0,4,45,0,1,0
l18,1=0,0,0,0,0,0,0,0,0,0,0,0,0,0,0,0,0,0,0,41,56,56,56,0,0,0,0,0,0,0,0,0,0,0,0,0,0,0,0,0
l19,1=0,0,0,0,0,0,0,0,0,0,0,10,0,39,0,0,2,0,37,0,61,37,70,0,0,0,42,0,0,0,0,33,0,0,0,37,57,15,59,49
l20,1=0,0,0,0,0,0,0,0,0,0,0,1,37,36,31,0,61,45,49,75,0,72,69,0,0,0,0,0,0,0,0,0,0,0,0,36,63,44,64,41
l21,1=0,0,0,0,0,0,0,0,57,21,6,6,34,45,26,0,62,12,39,33,62,0,67,0,0,0,17,0,0,0,0,26,8,0,0,61,25,29,61,54
l22,1=0,0,0,0,0,0,0,0,45,12,0,0,24,41,23,27,62,41,47,79,64,72,0,0,5,0,5,0,0,0,0,38,0,0,0,62,65,27,34,58
l23,1=0,0,0,0,0,0,0,0,30,0,0,0,63,60,51,0,48,44,0,0,0,0,0,0,77,66,0,0,0,0,0,0,0,10,35,0,0,0,0,0
l24,1=0,0,0,0,0,0,0,0,0,0,0,42,80,47,58,62,57,57,0,0,0,0,7,73,0,74,0,0,0,0,0,0,30,28,21,0,0,0,0,0
l25,1=0,0,0,0,0,0,0,0,6,0,0,0,60,54,52,0,51,42,0,0,0,0,0,51,59,0,44,0,10,0,0,60,0,57,32,0,0,0,0,0
l26,1=0,0,0,0,0,0,0,0,0,0,0,0,0,0,0,0,0,0,0,48,0,6,12,0,0,41,0,72,78,79,81,87,80,72,39,0,0,0,0,0
l27,1=0,0,0,0,0,0,0,0,0,0,0,0,0,0,0,0,0,0,0,0,0,0,0,0,0,0,58,0,81,83,89,62,73,52,48,0,0,0,0,0
l28,1=0,0,0,0,0,0,0,0,0,0,0,0,0,0,0,0,0,0,0,7,0,0,0,0,0,30,80,83,0,83,84,80,45,53,47,0,0,0,0,0
l29,1=0,0,0,0,0,0,0,0,0,0,0,0,0,0,0,0,0,0,0,0,0,0,0,0,0,1,70,83,81,0,84,73,55,18,17,0,0,0,0,0
l30,1=0,0,0,0,0,0,0,0,0,0,0,0,0,0,0,0,0,0,0,0,0,0,0,0,0,0,58,91,81,83,0,56,46,61,0,0,0,0,0,0
l31,1=0,0,0,0,0,0,0,0,0,0,0,0,0,0,0,0,0,0,0,40,10,14,40,0,0,46,69,44,63,54,51,0,80,70,67,0,0,0,0,0
l32,1=0,0,0,0,0,0,0,0,0,0,0,0,0,0,0,0,8,0,0,0,0,1,0,0,12,0,61,22,20,25,26,82,0,68,82,0,0,0,0,0
l33,1=0,0,0,0,0,0,0,0,0,0,0,0,8,0,0,0,19,23,0,0,0,0,0,13,16,26,55,20,28,18,28,73,70,0,21,0,0,0,0,0
l34,1=0,0,0,0,0,0,0,0,0,0,0,0,0,0,0,0,0,0,0,0,10,0,0,43,14,39,45,23,57,21,0,81,86,51,0,0,0,0,0,0
l35,1=0,0,0,0,0,0,0,0,0,0,0,0,0,0,0,0,36,0,0,14,16,38,29,0,0,0,0,0,0,0,0,0,0,0,0,0,66,46,68,27
l36,1=0,0,0,0,0,0,0,0,0,0,0,21,3,0,0,35,47,37,0,30,33,5,38,0,0,0,0,0,0,0,0,0,0,0,0,67,0,47,45,28
l37,1=0,0,0,0,0,0,0,0,0,0,0,0,0,0,0,0,13,0,0,5,33,22,7,0,0,0,0,0,0,0,0,0,0,0,0,67,66,0,39,33
l38,1=0,0,0,0,0,0,0,0,0,0,0,25,37,38,0,0,44,0,0,41,36,38,28,0,0,0,0,0,0,0,0,0,0,0,0,68,66,44,0,33
l39,1=0,0,0,0,0,0,0,0,0,0,0,0,0,0,0,0,52,0,0,44,29,35,31,0,0,0,0,0,0,0,0,0,0,0,0,52,50,43,39,0

l0,2=0,80,78,81,79,73,75,61,62,64,61,0,0,1,0,0,0,0,0,0,0,0,0,0,0,0,0,0,0,0,0,0,0,0,0,0,0,0,0,0
l1,2=81,0,77,83,83,74,77,69,37,71,76,0,0,0,0,0,0,0,0,0,0,0,0,0,0,0,0,0,0,0,0,0,0,0,0,0,0,0,0,0
l2,2=69,75,0,83,74,86,87,76,35,83,76,0,0,0,0,19,0,0,0,0,0,0,0,0,0,0,0,0,0,0,0,0,0,0,0,0,0,0,0,0
l3,2=88,90,85,0,79,67,58,3,54,3,2,0,0,0,0,0,0,0,0,0,0,0,0,0,0,0,0,0,0,0,0,0,0,0,0,0,0,0,0,0
l4,2=76,81,73,76,0,73,74,59,0,75,55,0,0,0,0,0,0,0,0,0,0,0,0,6,0,0,0,0,0,0,0,0,0,0,0,0,0,0,0,0
l5,2=66,76,84,67,78,0,72,73,67,76,72,0,0,8,0,0,0,0,0,0,0,0,0,0,0,0,0,0,0,0,0,0,0,0,0,0,0,0,0,0
l6,2=63,77,83,35,68,62,0,56,37,72,76,26,29,22,0,23,0,0,0,0,0,0,0,0,0,0,0,0,0,0,0,0,0,0,0,0,0,0,0,0
l7,2=48,59,72,32,46,71,64,0,73,77,82,36,0,34,0,38,0,0,0,0,0,0,0,0,0,0,0,0,0,0,0,0,0,0,0,0,0,0,0,0
l8,2=22,1,0,18,0,38,21,69,0,90,70,50,0,69,7,56,44,32,0,0,0,35,21,0,26,0,0,0,0,0,0,0,0,0,0,0,0,0,2,0
l9,2=33,44,82,8,70,62,61,78,82,0,79,45,34,71,0,43,25,22,0,0,0,14,0,0,0,0,0,0,0,0,0,0,0,0,0,0,0,0,0,0
l10,2=29,66,66,7,35,71,73,82,70,90,0,36,0,55,0,28,0,7,0,0,0,0,0,2,0,0,0,0,0,0,0,0,0,0,0,0,0,0,0,0
l11,2=0,0,0,0,0,0,20,23,44,47,32,0,76,76,70,70,49,74,0,27,26,29,21,41,34,2,0,0,0,0,0,0,0,0,0,5,32,0,33,16
l12,2=0,0,0,0,0,0,15,0,0,39,0,77,0,48,84,62,54,82,0,0,0,32,0,68,86,74,0,0,0,0,0,0,0,0,0,0,0,0,32,0
l13,2=0,0,0,0,0,0,0,20,72,72,55,80,44,0,56,52,52,54,3,30,19,30,21,42,41,41,0,0,0,0,0,0,0,0,0,0,0,0,37,0
l14,2=0,0,0,0,0,0,0,0,25,0,0,71,82,52,0,41,60,54,0,0,30,1,0,71,72,67,0,0,0,0,0,0,0,40,0,0,0,0,37,0
l15,2=0,0,6,0,0,0,21,29,60,44,35,92,79,58,45,0,25,59,0,14,38,0,0,0,69,0,0,0,0,0,0,0,0,0,0,0,13,0,32,13
l16,2=0,0,0,0,0,0,0,0,35,27,0,45,52,37,61,25,0,65,0,23,44,34,40,0,47,47,0,0,0,0,0,0,0,22,0,37,39,2,38,30
l17,2=0,0,0,0,0,0,0,0,34,35,0,85,82,50,45,54,75,0,0,0,37,31,27,45,59,0,0,0,0,0,0,0,0,28,0,0,32,0,35,0
l18,2=0,0,0,0,0,0,0,0,0,0,0,0,0,3,0,0,0,0,0,51,51,47,39,0,0,0,0,0,0,0,0,0,0,0,0,0,0,0,0,0
l19,2=0,0,0,0,0,0,0,0,0,0,0,24,0,37,0,0,29,0,41,0,64,0,58,0,0,0,43,0,0,0,0,39,0,0,0,6,53,0,61,39
l20,2=0,0,0,0,0,0,0,0,0,0,0,10,0,25,24,38,61,32,39,65,0,57,56,0,0,0,0,0,0,0,0,0,0,0,20,49,60,51,65,42
l21,2=0,0,0,0,0,0,0,0,41,26,0,31,37,33,9,0,59,29,38,0,69,0,58,0,0,0,0,0,0,0,0,0,1,32,0,52,58,36,64,42
l22,2=0,0,0,0,0,0,0,0,34,0,0,26,10,34,0,0,61,30,45,69,64,53,0,0,0,0,12,0,0,29,0,31,0,0,0,61,60,41,29,42
l23,2=0,0,0,0,0,0,0,0,0,0,0,51,69,53,71,0,0,46,0,0,0,0,0,0,76,70,0,0,0,0,0,0,0,0,31,0,0,0,0,0
l24,2=0,0,0,0,0,0,0,0,39,0,0,42,74,60,66,57,57,61,0,0,3,0,0,74,0,73,0,0,0,0,0,0,0,30,13,0,22,0,0,0
l25,2=0,0,0,0,0,0,0,0,10,0,0,0,69,60,64,0,54,0,0,0,0,0,0,65,70,0,55,0,0,0,0,55,49,61,56,0,0,0,0,0
l26,2=0,0,0,0,0,0,0,0,0,0,0,0,0,0,0,0,0,0,0,43,0,0,9,0,0,53,0,12,69,78,82,77,62,64,60,0,0,0,0,0
l27,2=0,0,0,0,0,0,0,0,0,0,0,0,0,0,0,0,0,0,0,0,0,0,0,0,0,0,25,0,69,84,88,72,58,51,62,0,0,0,0,0
l28,2=0,0,0,0,0,0,0,0,0,0,0,0,0,0,0,0,0,0,0,0,0,0,0,0,0,0,86,81,0,84,83,74,47,47,51,0,0,0,0,0
l29,2=0,0,0,0,0,0,0,0,0,0,0,0,0,0,0,0,0,0,0,0,0,0,38,0,0,0,83,82,69,0,82,69,48,0,1,0,0,0,0,0
l30,2=0,0,0,0,0,0,0,0,0,0,0,0,0,0,0,0,0,0,0,0,0,0,0,0,0,0,78,87,65,74,0,49,46,43,42,0,0,0,0,0
l31,2=0,0,0,0,0,0,0,0,0,0,0,0,0,0,0,0,0,0,0,37,9,0,30,0,0,54,82,47,55,48,40,0,65,67,70,0,0,0,0,0
l32,2=0,0,0,0,0,0,0,0,0,0,0,0,0,0,0,0,0,0,0,0,0,0,0,0,0,56,73,40,41,56,45,77,0,70,82,0,0,0,0,0
l33,2=0,0,0,0,0,0,0,0,0,0,0,0,0,0,51,0,40,35,0,0,0,34,0,0,43,67,69,37,48,0,56,67,60,0,68,0,0,0,0,0
l34,2=0,0,0,0,0,0,0,0,0,0,0,0,0,0,0,0,2,0,0,0,39,0,0,49,45,56,73,41,48,34,38,75,70,75,0,0,0,0,0,0
l35,2=0,0,0,0,0,0,0,0,0,0,0,0,0,0,0,0,42,0,0,0,40,38,42,0,0,0,0,0,0,0,0,0,0,0,0,0,64,56,71,39
l36,2=0,0,0,0,0,0,0,0,0,0,0,35,0,10,0,0,61,42,0,48,60,45,47,0,4,0,0,0,0,0,0,0,0,0,0,72,0,55,71,39
l37,2=0,0,0,0,0,0,0,0,0,0,0,0,0,0,0,0,0,0,0,3,57,36,37,0,0,0,0,0,0,0,0,0,0,0,0,71,64,0,64,37
l38,2=0,0,0,0,0,0,0,0,0,0,0,26,28,36,28,12,43,16,0,44,69,54,13,0,0,0,0,0,0,0,0,0,0,0,0,72,66,51,0,44
l39,2=0,0,0,0,0,0,0,0,0,0,0,0,0,1,0,0,50,0,0,55,55,48,45,0,0,0,0,0,0,0,0,0,0,0,0,57,49,40,62,0

l0,3=0,82,85,85,81,86,66,70,0,78,0,0,0,0,0,0,0,0,0,0,0,0,0,0,0,0,0,0,0,0,0,0,0,0,0,0,0,0,0,0
l1,3=88,0,82,92,88,87,70,76,61,88,56,0,0,0,0,0,0,0,0,0,0,0,0,0,0,0,0,0,0,0,0,0,0,0,0,0,0,0,0,0
l2,3=88,72,0,91,89,89,78,85,73,89,82,0,0,50,0,0,0,0,0,0,0,0,0,0,0,0,0,0,0,0,0,0,0,0,0,0,0,0,0,0
l3,3=88,88,87,0,88,0,72,0,20,7,51,0,0,0,0,0,0,0,0,0,0,0,0,0,0,0,0,0,0,0,0,0,0,0,0,0,0,0,0,0
l4,3=50,86,89,90,0,89,66,2,0,49,19,0,0,34,0,0,0,0,0,0,0,0,0,0,0,0,0,0,0,0,0,0,0,0,0,0,0,0,0,0
l5,3=89,86,89,0,89,0,70,84,57,77,79,41,0,66,17,14,0,0,0,0,0,0,0,0,0,0,0,0,0,0,0,0,0,0,0,0,0,0,0,0
l6,3=81,82,90,80,83,80,0,79,75,77,85,69,66,56,0,53,64,0,0,0,0,0,0,0,0,0,0,0,0,0,0,0,0,0,0,0,0,0,0,0
l7,3=81,72,84,0,32,86,67,0,79,87,86,0,0,65,0,64,28,0,0,0,0,0,0,0,0,0,0,0,0,0,0,0,0,0,0,0,0,0,0,0
l8,3=0,17,36,5,0,22,37,82,0,90,77,76,19,74,0,82,56,37,0,0,0,47,28,0,28,0,0,0,0,0,0,0,0,0,0,0,0,0,17,0
l9,3=38,44,42,4,38,35,30,83,86,0,87,27,36,73,17,39,0,1,0,0,22,1,0,0,0,0,0,0,0,0,0,0,0,0,0,0,0,0,0,0
l10,3=0,39,88,38,31,86,74,87,82,95,0,29,4,73,12,31,0,0,0,0,0,0,0,15,16,0,0,0,0,0,0,0,0,0,0,0,0,0,18,0
l11,3=0,0,0,0,0,35,57,0,75,57,58,0,89,82,89,91,62,86,0,21,30,46,58,74,73,24,0,0,0,0,0,0,0,0,0,0,58,15,68,0
l12,3=0,0,0,0,0,0,24,0,15,32,0,95,0,45,98,90,31,97,0,30,0,38,20,77,92,84,0,0,0,0,0,0,0,10,0,33,2,0,36,0
l13,3=0,0,16,0,9,27,12,30,88,85,70,88,58,0,0,80,26,58,17,24,26,23,27,33,23,39,0,0,0,0,0,0,0,0,0,0,10,0,34,0
l14,3=0,0,0,0,0,3,0,0,17,30,10,95,94,0,0,33,42,24,0,0,30,0,0,89,90,59,0,0,0,0,0,0,0,0,0,0,0,0,39,0
l15,3=0,0,0,0,0,0,15,38,80,56,24,96,93,75,27,0,72,75,0,11,36,23,0,33,81,0,0,0,0,0,0,0,0,0,0,0,0,0,38,23
l16,3=0,0,0,0,0,0,22,21,33,0,0,27,58,41,76,43,0,79,14,3,74,64,74,0,37,39,0,0,0,0,0,0,0,28,0,0,31,21,37,39
l17,3=0,0,0,0,0,0,0,0,63,3,0,94,94,73,27,75,94,0,0,0,61,37,35,44,78,0,0,0,0,0,0,0,0,6,0,20,67,2,46,36
l18,3=0,0,0,0,0,0,0,0,0,0,0,0,0,61,0,0,26,0,0,71,57,39,44,0,0,0,0,0,0,0,0,0,0,0,0,0,0,0,0,0
l19,3=0,0,0,0,0,0,0,0,0,0,0,1,55,54,0,2,0,0,63,0,86,87,93,0,0,0,0,0,0,26,0,67,0,0,0,0,82,59,61,0
l20,3=0,0,0,0,0,0,0,0,0,32,0,6,0,72,39,69,90,69,41,89,0,89,95,0,69,0,0,0,0,0,0,0,0,0,18,15,86,89,78,91
l21,3=0,0,0,0,0,0,0,0,75,24,0,66,68,59,0,42,84,63,39,87,88,0,92,0,0,0,0,0,0,0,0,0,36,54,0,7,86,77,70,84
l22,3=0,0,0,0,0,0,0,0,57,0,0,68,33,72,0,0,90,42,26,98,94,89,0,0,0,0,63,0,0,48,0,0,0,0,0,92,84,70,75,91
l23,3=0,0,0,0,0,0,0,0,0,0,0,28,82,45,88,34,0,30,0,0,0,0,0,0,87,83,0,0,0,0,0,0,0,34,0,0,0,0,0,0
l24,3=0,0,0,0,0,0,0,0,27,0,6,63,94,36,85,79,76,76,0,0,28,0,0,88,0,82,0,0,0,0,0,0,0,58,0,0,19,0,27,0
l25,3=0,0,0,0,3,0,0,0,0,0,0,16,82,42,83,0,27,0,0,0,0,0,0,84,83,0,16,0,0,4,0,32,40,88,73,0,0,0,0,0
l26,3=0,0,0,0,0,0,0,0,0,0,0,0,0,0,0,0,0,0,0,0,0,0,66,0,0,44,0,82,97,97,93,97,88,62,85,0,0,0,0,0
l27,3=0,0,0,0,0,0,0,0,0,0,0,0,0,0,0,0,0,0,0,0,0,0,0,0,0,0,90,0,97,100,100,96,93,9,43,0,0,0,0,0
l28,3=0,0,0,0,0,0,0,0,0,0,0,0,0,0,0,0,0,0,0,0,0,0,0,0,0,0,94,100,0,100,88,88,86,86,82,0,0,0,0,0
l29,3=0,0,0,0,0,0,0,0,0,0,0,0,0,0,0,0,0,0,0,51,0,0,58,0,0,6,94,98,97,0,95,90,91,62,67,0,0,0,0,0
l30,3=0,0,0,0,0,0,0,0,0,0,0,0,0,0,0,0,0,0,0,0,0,0,0,0,0,0,91,100,91,91,0,83,90,69,0,0,0,0,0,0
l31,3=0,0,0,0,0,0,0,0,0,0,0,0,0,0,0,0,0,0,0,59,0,0,6,0,0,64,93,79,85,74,61,0,97,96,96,0,0,0,0,0
l32,3=0,0,0,0,0,0,0,0,0,0,0,0,0,0,0,0,0,0,0,0,0,29,0,0,0,76,86,70,82,77,86,100,0,93,97,0,0,0,0,0
l33,3=0,0,0,0,0,0,0,0,0,0,0,0,32,0,0,0,54,4,0,0,0,45,0,65,80,86,62,0,87,63,69,92,89,0,94,0,0,0,0,0
l34,3=0,0,0,0,0,0,0,0,0,0,0,0,0,0,7,0,0,0,0,0,60,0,0,40,17,84,81,35,83,77,13,97,97,96,0,0,0,0,0,0
l35,3=0,0,0,0,0,0,0,0,0,0,0,0,10,0,0,0,0,0,0,0,1,0,80,0,0,0,0,0,0,0,0,0,0,0,0,0,84,88,76,85
l36,3=0,0,0,0,0,0,0,0,0,0,0,45,4,21,0,0,71,60,0,71,68,74,74,0,24,0,0,0,0,0,0,0,0,0,0,90,0,85,77,72
l37,3=0,0,0,0,0,0,0,0,0,0,0,0,0,0,0,0,31,0,0,37,81,52,49,0,0,0,0,0,0,0,0,0,0,0,0,90,85,0,65,76
l38,3=0,0,0,0,0,0,0,0,17,0,0,73,60,63,75,52,72,46,0,66,88,73,80,0,13,0,0,0,0,0,0,0,0,0,0,93,89,77,0,88
l39,3=0,0,0,0,0,0,0,0,0,0,0,0,0,0,0,5,75,23,0,0,87,79,85,0,0,0,0,0,0,0,0,0,0,0,0,92,84,86,75,0

l0,4=0,86,78,91,0,72,86,89,0,85,62,0,0,0,0,0,0,0,0,0,0,0,0,0,0,0,0,0,0,0,0,0,0,0,0,0,0,0,0,0
l1,4=80,0,91,86,90,76,90,79,76,86,4,0,0,68,0,0,0,0,0,0,0,0,0,1,0,0,0,0,0,0,0,0,0,0,0,0,0,0,0,0
l2,4=77,91,0,86,90,76,90,87,0,81,86,0,0,76,0,0,0,0,0,0,0,0,0,0,0,0,0,0,0,0,0,0,0,0,0,0,0,0,0,0
l3,4=95,93,89,0,85,67,86,0,74,0,67,0,0,0,0,0,0,0,0,0,0,0,0,0,0,0,0,0,0,0,0,0,0,0,0,0,0,0,0,0
l4,4=0,91,84,79,0,68,80,79,75,75,0,0,0,58,0,0,0,0,0,0,0,0,0,46,0,0,0,0,0,0,0,0,0,0,0,0,0,0,0,0
l5,4=82,88,95,74,84,0,90,93,59,80,73,0,0,77,0,66,0,0,0,0,0,0,0,0,0,0,0,0,0,0,0,0,0,0,0,0,0,0,0,0
l6,4=80,91,91,79,83,67,0,96,78,93,86,80,69,0,0,63,72,0,0,0,0,0,0,0,0,0,0,0,0,0,0,0,0,0,0,0,0,0,0,0
l7,4=81,76,89,0,86,74,90,0,87,97,88,74,0,0,6,74,0,0,0,0,0,0,0,0,0,0,0,0,0,0,0,0,0,0,0,0,0,0,0,0
l8,4=0,66,0,77,81,4,76,88,0,97,78,80,77,84,66,76,73,80,0,0,41,76,69,12,39,0,0,0,0,0,0,0,0,0,0,0,0,0,0,0
l9,4=78,84,81,0,81,64,86,95,87,0,88,80,0,85,0,67,0,82,0,0,57,0,79,0,0,0,0,0,0,0,0,0,0,0,0,0,0,0,0,0
l10,4=72,1,90,78,0,70,90,96,84,97,0,85,71,83,75,75,0,67,0,0,0,0,0,28,0,0,0,0,0,0,0,0,0,0,0,0,0,0,0,0
l11,4=0,0,0,0,0,0,86,75,82,88,78,0,81,81,81,96,76,84,0,0,0,78,66,81,64,64,0,0,0,0,0,0,0,0,0,70,75,0,79,0
l12,4=0,0,0,0,0,0,12,0,80,0,74,91,0,80,4,24,85,95,0,25,55,0,0,82,89,87,0,0,0,0,0,0,45,34,0,0,12,0,79,0
l13,4=0,1,8,0,41,63,0,0,84,89,77,82,77,0,78,81,75,80,0,60,65,74,78,79,0,73,0,0,0,0,0,0,0,0,0,0,5,0,40,0
l14,4=0,0,0,0,0,0,0,0,75,0,79,88,90,78,0,0,81,80,0,0,68,0,0,89,94,81,0,0,0,0,0,0,0,73,61,0,0,0,79,0
l15,4=0,0,0,0,0,46,68,84,82,72,77,96,84,89,0,0,75,74,0,17,65,72,58,79,87,14,0,0,0,0,0,0,0,0,0,0,79,0,78,0
l16,4=0,0,0,0,0,0,81,0,83,0,0,88,85,78,90,81,0,87,65,74,73,81,87,72,77,74,0,0,0,0,0,0,0,62,0,84,75,0,92,63
l17,4=0,0,0,0,0,0,0,0,81,85,68,94,90,86,81,80,94,0,0,0,66,74,74,71,89,70,0,0,0,0,0,0,0,0,0,74,81,0,67,58
l18,4=0,0,0,0,0,0,0,0,0,0,0,0,0,0,0,0,84,0,0,87,16,87,86,0,0,0,0,0,0,0,0,0,0,0,0,0,0,0,0,0
l19,4=0,0,0,0,0,0,0,0,0,0,0,0,41,55,0,0,74,0,66,0,93,95,93,0,0,0,2,0,0,0,0,0,0,0,0,0,74,49,77,62
l20,4=0,0,0,0,0,0,0,0,35,66,0,0,52,69,81,85,92,67,3,90,0,90,93,0,64,0,0,0,34,0,0,0,43,0,0,81,87,69,92,65
l21,4=0,0,0,0,0,0,0,0,77,0,0,81,0,60,0,75,94,58,69,90,87,0,91,0,26,0,0,0,0,0,0,0,3,0,0,64,85,64,84,67
l22,4=0,0,0,0,0,0,0,0,65,75,0,75,0,66,0,63,86,52,67,98,95,90,0,0,0,0,75,0,0,35,0,0,0,41,0,88,86,76,92,48
l23,4=0,0,0,0,8,0,0,0,3,0,0,84,85,83,93,81,71,18,0,0,0,0,0,0,90,91,0,0,0,0,0,0,0,79,85,0,0,0,0,0
l24,4=0,0,0,0,0,0,0,0,62,0,0,79,86,0,94,90,85,89,0,0,66,4,0,97,0,86,0,0,0,0,0,0,0,78,0,0,0,0,0,0
l25,4=0,0,0,0,0,0,0,0,0,0,0,63,90,69,94,32,78,57,0,0,0,0,0,97,91,0,0,0,0,66,0,74,86,90,86,0,0,0,0,0
l26,4=0,0,0,0,0,0,0,0,0,0,0,0,0,0,0,0,0,0,0,14,0,0,86,0,0,0,0,93,100,100,100,100,99,79,99,0,0,0,0,0
l27,4=0,0,0,0,0,0,0,0,0,0,0,0,0,0,0,0,0,0,0,0,0,0,0,0,0,0,99,0,100,100,100,99,86,0,82,0,0,0,0,0
l28,4=0,0,0,0,0,0,0,0,0,0,0,0,0,0,0,0,0,0,0,72,83,0,0,0,0,5,100,100,0,100,99,93,99,93,97,0,0,0,0,0
l29,4=0,0,0,0,0,0,0,0,0,0,0,0,0,0,0,0,0,0,0,7,0,0,68,0,0,82,100,100,100,0,100,90,90,88,90,0,0,0,0,0
l30,4=0,0,0,0,0,0,0,0,0,0,0,0,0,0,0,0,0,0,0,0,0,0,0,0,0,0,100,100,97,100,0,98,92,82,0,0,0,0,0,0
l31,4=0,0,0,0,0,0,0,0,0,0,0,0,0,0,1,0,0,0,0,0,0,0,0,0,0,83,100,90,92,87,92,0,100,99,100,0,0,0,0,0
l32,4=0,0,0,0,0,0,0,0,0,0,0,0,75,0,0,0,0,0,0,0,68,0,0,0,0,96,98,87,98,99,99,100,0,99,100,0,0,0,0,0
l33,4=0,0,0,0,0,0,0,0,0,0,0,0,55,0,78,0,70,0,0,0,0,0,48,89,84,97,79,0,96,82,84,100,100,0,100,0,0,0,0,0
l34,4=0,0,0,0,0,0,0,0,0,0,0,0,0,0,84,0,0,0,0,0,11,0,0,93,39,93,98,78,98,94,3,100,100,100,0,0,0,0,0,0
l35,4=0,0,0,0,0,0,0,0,0,0,0,0,0,0,0,0,68,33,0,0,51,12,68,0,0,0,0,0,0,0,0,0,0,0,0,0,79,77,86,51
l36,4=0,0,0,0,0,0,0,0,0,0,0,60,30,3,0,61,55,59,0,59,72,70,67,0,0,0,0,0,0,0,0,0,0,0,0,89,0,79,89,59
l37,4=0,0,0,0,0,0,0,0,0,0,0,0,0,0,0,0,0,0,0,44,64,66,72,0,0,0,0,0,0,0,0,0,0,0,0,89,78,0,80,37
l38,4=0,0,0,0,0,0,0,0,0,0,0,79,66,13,75,75,76,4,0,70,85,72,82,0,0,0,0,0,0,0,0,0,0,0,0,91,85,71,0,64
l39,4=0,0,0,0,0,0,0,0,0,0,0,0,0,0,0,0,75,52,0,71,66,75,56,0,0,0,0,0,0,0,0,0,0,0,0,83,78,51,85,0

l0,5=0,74,81,85,83,82,74,77,9,85,78,0,0,0,0,0,0,0,0,0,0,0,0,0,0,0,0,0,0,0,0,0,0,0,0,0,0,0,0,0
l1,5=84,0,85,80,86,85,77,77,0,86,68,0,0,27,0,0,0,0,0,0,0,0,0,11,0,0,0,0,0,0,0,0,0,0,0,0,0,0,0,0
l2,5=84,82,0,85,85,85,77,76,0,86,81,0,0,0,0,0,0,0,0,0,0,0,0,0,0,0,0,0,0,0,0,0,0,0,0,0,0,0,0,0
l3,5=90,74,85,0,86,82,72,0,3,80,65,0,0,0,0,0,0,0,0,0,0,0,0,0,0,0,0,0,0,0,0,0,0,0,0,0,0,0,0,0
l4,5=89,81,84,86,0,85,74,71,81,81,70,0,0,69,0,25,0,0,0,0,0,0,0,0,0,0,0,0,0,0,0,0,0,0,0,0,0,0,0,0
l5,5=84,82,85,80,84,0,47,77,80,86,81,24,0,71,0,1,0,0,0,0,0,0,0,0,0,0,0,0,0,0,0,0,0,0,0,0,0,0,0,0
l6,5=84,75,81,79,82,38,0,77,77,86,81,59,0,0,0,0,66,0,0,0,0,0,0,0,0,0,0,0,0,0,0,0,0,0,0,0,0,0,0,0
l7,5=84,74,60,0,80,82,75,0,85,88,87,67,0,0,0,77,0,0,0,0,0,0,0,0,0,0,0,0,0,0,0,0,0,0,0,0,0,0,0,0
l8,5=0,0,0,7,76,64,67,79,0,91,84,65,18,89,35,47,71,65,0,0,2,59,47,51,24,0,0,0,0,0,0,0,0,0,0,0,0,0,0,0
l9,5=54,44,80,68,70,82,74,77,86,0,84,76,19,86,0,74,62,71,0,0,15,0,50,0,16,0,0,0,0,0,0,0,0,0,0,0,0,0,32,0
l10,5=53,30,79,65,69,82,72,81,81,92,0,68,2,61,50,67,15,50,0,0,0,0,0,0,0,0,0,0,0,0,0,0,0,0,0,0,0,0,0,0
l11,5=0,0,0,0,0,41,51,63,85,86,67,0,79,72,53,87,79,86,0,0,12,45,9,49,16,15,0,0,0,0,0,0,0,0,0,0,32,35,61,0
l12,5=0,0,0,0,0,0,0,0,46,36,0,61,0,47,83,52,83,88,0,0,5,0,0,61,49,52,0,0,0,0,0,0,34,34,0,18,23,0,55,0
l13,5=0,0,0,0,52,36,0,0,87,89,49,48,28,0,43,81,77,81,0,4,15,0,47,57,15,13,0,0,0,0,0,0,0,0,0,0,17,0,0,0
l14,5=0,0,0,0,0,0,0,0,61,0,45,37,81,54,0,39,80,70,0,0,17,0,9,81,88,31,0,0,0,0,0,0,0,43,24,0,0,0,57,0
l15,5=0,0,0,0,34,0,0,67,73,74,61,83,50,89,38,0,64,76,0,0,13,53,50,57,32,15,0,0,0,0,0,0,0,0,0,0,33,0,62,39
l16,5=0,0,0,0,0,0,33,0,49,49,2,28,30,36,47,25,0,87,0,13,20,57,50,30,23,17,0,0,0,0,0,7,0,4,0,22,23,10,69,44
l17,5=0,0,0,0,0,0,0,0,67,68,38,32,81,74,51,43,88,0,0,1,22,45,5,18,28,17,0,0,0,0,0,0,0,0,0,19,37,0,0,34
l18,5=0,0,0,0,0,0,0,0,0,0,0,0,0,0,0,0,0,0,0,33,0,75,49,0,0,0,0,0,0,0,0,0,0,0,0,0,0,0,0,0
l19,5=0,0,0,0,0,0,0,0,0,0,0,0,0,14,0,0,35,0,13,0,70,72,72,0,0,0,9,0,28,17,0,14,0,0,0,19,44,26,34,57
l20,5=0,0,0,0,0,0,0,0,5,32,0,3,8,28,27,15,51,51,0,79,0,76,72,0,9,0,20,0,19,0,0,0,23,0,0,21,36,44,73,45
l21,5=0,0,0,0,0,0,0,0,39,9,0,13,0,2,0,33,53,26,28,59,72,0,66,0,13,0,0,0,0,0,0,9,0,0,0,27,35,39,54,59
l22,5=0,0,0,0,0,0,0,0,35,44,0,0,9,38,1,31,46,0,23,80,72,74,0,0,0,0,34,0,0,0,0,0,0,0,0,21,43,43,69,39
l23,5=0,0,0,0,0,0,0,0,66,0,0,20,55,50,63,63,39,0,0,0,0,0,0,0,88,78,0,0,0,0,0,0,0,61,48,0,0,0,0,0
l24,5=0,0,0,0,0,0,0,0,68,51,0,19,77,31,83,56,73,59,0,0,13,48,0,87,0,70,0,0,0,0,0,0,0,51,7,0,7,0,0,0
l25,5=0,0,0,0,0,0,0,0,0,0,0,15,57,39,61,37,56,47,0,0,0,0,0,81,83,0,0,0,0,9,0,0,69,65,41,0,0,0,0,0
l26,5=0,0,0,0,0,0,0,0,0,0,0,0,0,0,0,0,0,0,0,25,37,0,46,0,0,0,0,67,94,90,83,81,79,54,71,0,0,0,0,0
l27,5=0,0,0,0,0,0,0,0,0,0,0,0,0,0,0,0,0,0,0,0,0,0,0,0,0,0,79,0,91,86,93,72,69,0,0,0,0,0,0,0
l28,5=0,0,0,0,0,0,0,0,0,0,0,0,0,0,0,0,0,0,0,54,43,0,0,0,0,0,86,84,0,94,92,74,75,66,67,0,0,0,0,0
l29,5=0,0,0,0,0,0,0,0,0,0,0,0,0,0,0,0,0,0,0,51,0,0,0,0,0,11,85,82,94,0,90,63,67,60,64,0,0,0,0,0
l30,5=0,0,0,0,0,0,0,0,0,0,0,0,0,0,0,0,0,0,0,0,0,0,0,0,0,0,83,84,94,88,0,73,2,62,0,0,0,0,0,0
l31,5=0,0,0,0,0,0,0,0,0,0,0,0,0,0,0,0,19,0,0,29,2,8,0,0,0,0,72,58,65,46,64,0,83,68,76,0,0,0,0,0
l32,5=0,0,0,0,0,0,0,0,0,0,0,0,38,0,0,0,0,0,0,0,40,0,0,0,0,63,72,64,78,72,25,84,0,69,89,0,0,0,0,0
l33,5=0,0,0,0,0,0,0,0,0,0,0,0,16,0,45,0,12,0,0,0,0,0,0,63,43,66,68,0,76,45,71,72,70,0,76,0,0,0,0,0
l34,5=0,0,0,0,0,0,0,0,0,0,0,0,20,0,45,0,0,0,0,0,0,0,0,70,52,58,69,0,75,65,0,79,88,81,0,0,0,0,0,0
l35,5=0,0,0,0,0,0,0,0,0,0,0,0,8,3,0,0,27,12,0,13,11,56,30,0,0,0,0,0,0,0,0,0,0,0,0,0,59,50,50,59
l36,5=0,0,0,0,0,0,0,0,0,0,0,16,12,28,0,28,25,39,0,17,14,55,52,0,0,0,0,0,0,0,0,0,0,0,0,32,0,60,52,63
l37,5=0,0,0,0,0,0,0,0,0,0,0,4,0,0,0,0,2,0,0,12,14,51,43,0,0,0,0,0,0,0,0,0,0,0,0,29,48,0,49,39
l38,5=0,0,0,0,0,0,0,0,0,24,0,21,20,0,34,30,60,0,0,15,38,61,59,0,0,0,0,0,0,0,0,0,0,0,0,30,40,55,0,64
l39,5=0,0,0,0,0,0,0,0,0,0,0,0,0,0,0,0,24,0,0,16,13,57,29,0,0,0,0,0,0,0,0,0,0,0,0,29,43,26,57,0

l0,6=0,87,79,67,86,83,74,24,60,15,72,0,0,0,0,0,0,0,0,0,0,0,0,0,0,0,0,0,0,0,0,0,0,0,0,0,0,0,0,0
l1,6=84,0,83,70,86,79,74,18,56,67,61,0,0,0,0,0,0,0,0,0,0,0,0,6,0,0,0,0,0,0,0,0,0,0,0,0,0,0,0,0
l2,6=83,83,0,71,83,79,72,71,1,68,76,0,0,0,0,0,0,0,0,0,0,0,0,0,0,0,0,0,0,0,0,0,0,0,0,0,0,0,0,0
l3,6=83,87,82,0,86,79,72,0,0,55,33,0,0,0,0,0,0,0,0,0,0,0,0,4,0,0,0,0,0,0,0,0,0,0,0,0,0,0,0,0
l4,6=88,87,82,77,0,80,73,3,60,42,62,0,0,52,0,0,0,0,0,0,0,0,0,7,0,0,0,0,0,0,0,0,0,0,0,0,0,0,0,0
l5,6=83,81,82,68,82,0,72,75,63,68,77,0,0,0,0,0,0,0,0,0,0,0,0,0,0,0,0,0,0,0,0,0,0,0,0,0,0,0,0,0
l6,6=71,81,72,54,73,62,0,75,60,68,77,61,7,2,0,0,51,0,0,0,0,0,1,0,0,0,0,0,0,0,0,0,0,0,0,0,0,0,0,0
l7,6=24,25,72,0,35,77,76,0,65,62,78,58,0,0,0,48,0,0,0,0,0,0,0,0,0,0,0,0,0,0,0,0,0,0,0,0,0,0,0,0
l8,6=27,42,0,0,55,50,38,63,0,72,74,62,49,67,29,35,45,36,0,0,36,33,50,37,40,1,0,0,0,0,0,0,0,0,0,0,0,0,0,0
l9,6=0,62,63,46,46,72,67,69,69,0,76,59,41,62,37,46,40,25,0,0,6,0,33,9,0,0,0,0,0,0,0,0,0,0,0,0,0,0,12,0
l10,6=39,50,64,33,65,62,69,75,66,74,0,61,0,46,0,40,45,0,0,0,0,0,0,0,0,0,0,0,0,0,0,0,0,0,0,0,0,0,0,0
l11,6=0,0,0,0,0,0,27,20,36,42,43,0,61,38,49,59,44,31,0,0,3,0,0,0,37,14,0,0,0,0,0,0,0,0,0,0,0,26,50,0
l12,6=0,0,0,0,0,0,0,0,12,25,0,63,0,35,58,46,64,40,0,0,0,0,16,51,67,63,0,0,0,0,0,0,0,47,11,0,4,0,46,0
l13,6=0,0,0,0,47,0,0,0,69,59,33,55,52,0,47,49,40,31,0,24,3,0,42,19,40,0,0,0,0,0,0,0,0,0,0,18,17,0,47,0
l14,6=0,0,0,0,0,0,0,0,16,26,0,46,69,35,0,28,36,29,0,0,31,0,42,50,45,28,0,0,0,0,0,0,0,43,0,0,0,0,47,0
l15,6=0,0,0,0,0,0,0,29,18,43,39,75,60,50,36,0,46,32,0,0,3,31,40,46,43,23,0,0,0,0,0,0,0,0,0,0,14,0,49,0
l16,6=0,0,0,0,0,0,11,0,6,22,29,40,58,28,22,25,0,35,6,13,15,31,41,32,31,9,0,0,0,0,0,0,0,0,0,6,21,14,51,29
l17,6=0,0,0,0,0,0,0,0,22,23,0,57,59,49,52,46,55,0,0,0,41,32,0,33,45,20,0,0,0,0,0,0,0,35,0,0,12,0,52,0
l18,6=0,0,0,0,0,0,0,0,0,0,0,0,0,1,0,0,43,0,0,39,2,41,0,0,0,0,0,0,0,0,0,0,0,0,0,0,0,0,0,0
l19,6=0,0,0,0,0,0,0,0,0,0,0,0,0,29,0,0,34,0,29,0,59,48,64,0,0,0,1,0,0,35,0,28,0,0,0,0,20,0,39,50
l20,6=0,0,0,0,0,0,0,0,18,0,0,0,0,6,30,0,27,30,0,60,0,64,66,0,0,0,0,0,0,0,0,19,0,30,0,24,28,30,55,44
l21,6=0,0,0,0,0,0,0,0,17,3,0,0,39,0,0,26,48,26,26,49,59,0,60,0,0,0,0,0,1,0,0,9,0,0,0,46,25,4,51,49
l22,6=0,0,0,0,0,0,0,0,20,30,0,0,36,35,30,24,47,0,0,57,59,47,0,0,0,0,28,0,0,0,0,0,0,0,0,23,45,41,55,48
l23,6=0,0,0,9,0,0,0,0,21,8,0,0,52,17,43,31,31,5,0,0,0,0,0,0,70,61,0,0,0,0,0,10,0,50,50,0,0,0,0,0
l24,6=0,0,0,0,0,0,0,0,21,0,0,38,80,37,48,35,42,46,0,0,0,0,0,63,0,47,0,0,0,0,0,0,0,49,33,0,0,0,0,0
l25,6=0,0,0,0,0,0,0,0,7,0,0,21,68,12,42,23,28,22,0,0,0,0,0,59,45,0,0,0,0,5,0,0,39,52,41,0,0,0,0,0
l26,6=0,0,0,0,0,0,0,0,0,0,0,0,0,0,0,0,0,0,0,15,17,0,45,0,0,0,0,49,76,80,68,69,73,44,53,0,0,0,0,0
l27,6=0,0,0,0,0,0,0,0,0,0,0,0,0,0,0,0,0,0,0,0,0,0,0,0,0,0,73,0,73,80,88,51,50,0,0,0,0,0,0,0
l28,6=0,0,0,0,0,0,0,0,0,0,0,0,0,0,0,0,0,0,0,32,28,11,3,0,0,0,77,77,0,81,86,59,55,59,55,0,0,0,0,0
l29,6=0,0,0,0,0,0,0,0,0,0,0,0,0,0,0,0,0,0,0,38,0,0,0,0,0,0,75,81,76,0,51,43,48,48,42,0,0,0,0,0
l30,6=0,0,0,0,0,0,0,0,0,0,0,0,0,0,0,0,0,0,0,0,0,0,0,0,0,0,74,84,74,56,0,48,0,14,43,0,0,0,0,0
l31,6=0,0,0,0,0,0,0,0,0,0,0,0,0,0,0,0,0,0,0,37,33,0,0,25,0,0,71,36,45,41,56,0,74,70,71,0,0,0,0,0
l32,6=0,0,0,0,0,0,0,0,0,0,0,0,0,0,0,0,0,0,0,0,0,0,0,0,0,36,64,36,56,62,1,67,0,71,81,0,0,0,0,0
l33,6=0,0,0,0,0,0,0,0,0,0,0,0,54,0,38,0,0,36,0,0,37,0,0,46,41,47,49,0,53,55,46,57,65,0,65,0,0,0,0,0
l34,6=0,0,0,0,0,0,0,0,0,0,0,0,42,0,0,0,1,0,0,0,1,0,0,42,29,31,53,0,51,43,43,62,83,72,0,0,0,0,0,0
l35,6=0,0,0,0,0,0,0,0,0,0,0,0,0,25,0,0,35,0,0,0,37,42,39,0,0,0,0,0,0,0,0,0,0,0,0,0,49,51,49,55
l36,6=0,0,0,0,0,0,0,0,0,0,0,0,32,28,0,19,39,4,0,7,39,39,50,0,0,0,0,0,0,0,0,0,0,0,0,31,0,45,57,57
l37,6=0,0,0,0,0,0,0,0,0,0,0,22,0,0,0,0,24,0,0,0,29,0,44,0,0,0,0,0,0,0,0,0,0,0,0,53,52,0,50,44
l38,6=0,0,0,0,0,0,0,0,0,0,0,43,38,35,15,32,48,22,0,11,43,44,48,0,0,0,0,0,0,0,0,0,0,0,0,30,32,37,0,56
l39,6=0,0,0,0,0,0,0,0,0,0,0,0,0,0,0,0,34,0,0,37,38,43,42,0,0,0,0,0,0,0,0,0,0,0,0,47,49,42,54,0

l0,7=0,92,91,89,83,93,89,0,79,76,77,0,0,0,0,0,0,0,0,0,0,0,0,16,0,0,0,0,0,0,0,0,0,0,0,0,0,0,0,0
l1,7=78,0,96,90,84,90,91,78,61,72,65,0,0,0,0,0,0,0,0,0,0,0,0,0,0,0,0,0,0,0,0,0,0,0,0,0,0,0,0,0
l2,7=70,92,0,90,81,90,91,71,70,79,0,0,0,0,0,3,0,0,0,0,0,0,0,0,0,0,0,0,0,0,0,0,0,0,0,0,0,0,0,0
l3,7=77,92,93,0,85,83,74,59,67,71,71,0,0,0,0,0,0,0,0,0,0,0,0,0,0,0,0,0,0,0,0,0,0,0,0,0,0,0,0,0
l4,7=80,92,92,93,0,90,91,51,74,39,76,0,0,56,0,0,0,0,0,0,0,0,0,0,0,0,0,0,0,0,0,0,0,0,0,0,0,0,0,0
l5,7=72,87,87,79,83,0,90,84,71,82,75,0,0,0,0,10,0,0,0,0,0,0,0,0,0,0,0,0,0,0,0,0,0,0,0,0,0,0,0,0
l6,7=57,92,90,67,83,91,0,83,0,84,79,23,0,37,0,0,37,0,0,0,0,0,0,0,0,0,0,0,0,0,0,0,0,0,0,0,0,0,0,0
l7,7=0,64,75,70,21,91,90,0,75,84,80,12,20,43,0,71,0,11,0,0,0,0,0,0,0,0,0,0,0,0,0,0,0,0,0,0,0,0,0,0
l8,7=20,39,56,62,22,26,0,62,0,84,72,39,30,71,36,74,46,61,0,5,8,3,15,0,1,0,0,0,0,0,0,0,0,0,0,0,0,0,14,0
l9,7=17,39,79,51,11,51,84,80,82,0,85,34,26,66,28,75,0,27,0,0,27,11,12,0,0,25,0,0,0,0,0,0,0,0,0,0,0,0,25,0
l10,7=57,46,0,65,65,86,84,84,80,86,0,58,0,1,0,72,53,13,0,0,0,0,0,0,0,0,0,0,0,0,0,0,0,0,0,0,0,0,0,0
l11,7=0,0,0,0,0,0,35,2,52,29,26,0,60,20,31,81,51,47,0,0,25,11,14,13,11,0,0,0,0,0,0,0,0,0,0,16,9,0,32,18
l12,7=0,0,0,0,0,0,0,0,35,24,0,39,0,8,53,78,65,58,0,0,28,18,0,19,75,70,0,0,0,0,0,0,0,26,20,0,0,0,23,0
l13,7=0,0,0,9,13,0,36,48,80,49,0,29,23,0,36,75,46,54,0,0,24,0,12,11,12,40,0,0,0,0,0,0,0,0,0,23,8,0,30,0
l14,7=0,0,0,0,0,0,0,0,42,26,0,18,57,18,0,55,54,57,0,0,33,31,12,32,13,49,0,0,0,0,0,0,0,24,0,0,0,0,28,0
l15,7=0,0,0,0,0,0,0,44,55,38,23,77,70,24,33,0,41,55,0,9,35,36,13,18,8,31,0,0,0,0,0,0,0,0,0,0,13,1,36,0
l16,7=0,0,0,0,0,0,33,0,36,8,17,20,35,9,31,47,0,53,28,0,36,35,16,13,9,26,0,0,0,0,0,14,15,19,0,23,16,13,33,27
l17,7=0,0,0,0,0,0,0,0,45,18,1,17,32,18,41,52,57,0,0,0,38,33,0,12,15,0,0,0,0,0,0,0,0,24,0,0,13,0,33,0
l18,7=0,0,0,0,0,0,0,0,0,0,0,0,0,0,0,0,40,0,0,42,41,28,0,0,0,0,0,0,0,0,0,0,0,0,0,0,0,0,0,0
l19,7=0,0,0,0,0,0,0,0,5,0,0,0,22,0,0,2,0,0,41,0,65,53,66,0,0,0,0,0,17,29,0,49,0,0,0,11,0,0,0,46
l20,7=0,0,0,0,0,0,0,0,0,14,0,3,18,7,21,38,42,42,39,61,0,63,66,0,0,0,10,0,25,0,0,0,0,12,0,38,28,15,38,44
l21,7=0,0,0,0,0,0,0,0,24,18,0,4,34,1,29,44,41,38,25,43,67,0,65,0,0,0,0,0,5,0,0,0,0,0,0,39,21,25,34,45
l22,7=0,0,0,0,0,0,0,0,36,14,0,13,0,7,21,39,37,0,0,59,73,62,0,0,0,0,36,0,0,28,0,0,0,0,0,0,50,26,35,45
l23,7=2,0,0,0,0,0,0,0,0,0,0,21,55,14,68,55,51,31,0,0,0,0,0,0,77,71,0,0,0,0,0,0,0,27,52,0,0,0,0,0
l24,7=0,0,0,0,0,0,0,0,0,7,0,22,77,16,40,45,58,58,0,0,0,0,0,67,0,48,0,0,0,0,0,0,0,29,40,0,0,0,0,0
l25,7=0,0,0,0,1,0,0,0,0,21,0,0,70,51,62,45,41,0,0,0,0,0,0,59,47,0,0,0,0,24,0,0,44,46,0,0,0,0,21,0
l26,7=0,0,0,0,0,0,0,0,0,0,0,0,0,0,0,0,0,0,0,0,28,0,36,0,0,0,0,66,58,82,68,80,80,53,62,0,0,0,0,0
l27,7=0,0,0,0,0,0,0,0,0,0,0,0,0,0,0,0,0,0,0,0,0,0,0,0,0,0,78,0,57,82,89,34,60,0,0,0,0,0,0,0
l28,7=0,0,0,0,0,0,0,0,0,0,0,0,0,0,0,0,0,0,0,28,40,18,0,0,0,0,84,91,0,86,93,69,46,54,48,0,0,0,0,0
l29,7=0,0,0,0,0,0,0,0,0,0,0,0,0,0,0,0,0,0,0,34,0,0,37,0,0,22,79,85,58,0,89,69,68,52,3,0,0,0,0,0
l30,7=0,0,0,0,0,0,0,0,0,0,0,0,0,0,0,0,0,0,0,0,0,0,0,0,0,0,79,85,57,82,0,62,59,26,55,0,0,0,0,0
l31,7=0,0,0,0,0,0,0,0,0,0,0,0,0,0,0,0,33,0,0,34,0,0,0,1,0,0,75,19,40,44,53,0,80,70,78,0,0,0,0,0
l32,7=0,0,0,0,0,0,0,0,0,0,0,0,0,0,0,0,40,0,0,0,0,0,2,5,0,34,69,42,28,56,50,79,0,71,86,0,0,0,0,0
l33,7=0,0,0,0,0,0,0,0,0,0,0,0,49,0,53,0,50,46,0,0,34,0,0,42,35,42,50,0,37,53,50,78,79,0,67,0,0,0,0,0
l34,7=0,0,0,0,0,0,0,0,0,0,0,0,41,0,0,0,5,0,0,0,0,0,6,39,28,0,52,22,30,31,48,73,83,54,0,0,0,0,0,0
l35,7=0,0,0,0,0,0,0,0,0,0,0,0,0,5,0,0,36,0,0,1,44,46,0,0,0,0,0,0,0,0,0,0,0,0,0,0,29,37,34,44
l36,7=0,0,0,0,0,0,0,0,0,0,0,0,0,2,0,36,40,32,0,0,48,36,22,0,0,0,0,0,0,0,0,0,0,0,0,26,0,21,38,52
l37,7=0,0,0,0,0,0,0,0,0,0,0,0,0,0,0,0,22,0,0,0,40,33,19,0,0,0,0,0,0,0,0,0,0,0,0,43,23,0,33,36
l38,7=0,0,0,0,0,0,0,0,1,13,0,16,17,9,19,47,40,43,0,0,50,45,21,0,0,0,0,0,0,0,0,0,0,0,0,24,52,15,0,0
l39,7=0,0,0,0,0,0,0,0,0,0,0,0,0,0,0,0,4,0,0,35,44,46,47,0,0,0,0,0,0,0,0,0,0,0,0,56,52,11,0,0

l0,8=0,95,94,89,96,96,96,83,57,89,94,0,0,31,0,0,0,0,0,0,0,0,0,25,0,0,0,0,0,0,0,0,0,0,0,0,0,0,0,0
l1,8=95,0,94,89,96,96,88,94,87,78,93,0,0,0,0,0,0,0,0,0,0,0,0,0,0,0,0,0,0,0,0,0,0,0,0,0,0,0,0,0
l2,8=95,95,0,89,91,97,97,95,0,72,90,0,0,15,0,68,0,0,0,0,0,0,0,0,0,0,0,0,0,0,0,0,0,0,0,0,0,0,0,0
l3,8=95,95,94,0,96,93,83,82,0,0,79,0,0,0,0,0,0,0,0,0,0,0,0,0,4,0,0,0,0,0,0,0,0,0,0,0,0,0,0,0
l4,8=95,95,80,89,0,95,97,81,91,78,93,0,0,58,0,0,0,0,0,0,0,0,0,0,3,0,0,0,0,0,0,0,0,0,0,0,0,0,0,0
l5,8=95,95,94,88,96,0,96,94,91,86,94,71,24,1,0,0,0,0,0,0,0,0,0,0,0,0,0,0,0,0,0,0,0,0,0,0,0,0,0,0
l6,8=64,62,88,77,91,91,0,95,75,88,91,21,0,43,0,0,70,0,0,0,0,0,0,0,0,0,0,0,0,0,0,0,0,0,0,0,0,0,0,0
l7,8=54,90,87,83,90,92,93,0,93,98,99,29,0,83,0,0,3,25,0,0,0,0,0,0,0,0,0,0,0,0,0,0,0,0,0,0,0,0,0,0
l8,8=18,64,0,17,67,54,47,94,0,98,96,90,0,90,74,88,0,58,0,39,0,0,79,0,0,0,0,0,0,0,0,0,0,0,0,0,0,0,0,0
l9,8=58,2,50,0,50,51,92,95,95,0,98,57,64,83,22,88,85,51,0,0,0,64,25,79,73,0,0,0,0,0,0,0,0,0,0,0,0,0,61,0
l10,8=89,89,82,79,89,91,91,95,94,98,0,83,0,68,0,85,45,0,0,0,0,0,0,0,0,0,0,0,0,0,0,0,0,0,0,0,0,0,0,0
l11,8=0,0,0,0,1,11,7,9,92,69,54,0,99,52,78,95,89,66,0,0,38,45,38,75,86,71,0,0,0,0,0,0,0,0,0,24,34,0,57,0
l12,8=0,0,0,0,0,0,0,0,0,11,0,74,0,0,91,95,97,61,0,0,33,0,0,98,98,93,0,0,0,0,0,0,0,44,25,19,19,0,35,0
l13,8=1,0,0,6,53,0,25,93,98,98,58,40,11,0,81,89,51,29,0,0,44,57,0,87,90,76,0,0,0,0,0,0,0,0,0,14,0,0,67,0
l14,8=0,0,0,0,0,0,0,0,61,29,0,45,100,70,0,88,75,65,0,0,60,62,49,94,98,69,0,0,0,0,0,0,0,0,0,0,25,0,17,0
l15,8=0,0,1,0,0,0,0,0,84,67,54,95,98,79,80,0,82,62,0,0,73,77,66,84,87,13,0,0,0,0,0,0,0,0,0,0,37,0,69,0
l16,8=0,0,0,0,0,0,9,0,0,24,6,55,98,33,68,70,0,35,18,33,87,51,84,40,96,29,0,0,0,0,0,25,0,7,30,22,31,24,44,50
l17,8=0,0,0,0,0,0,0,26,80,31,0,55,98,50,89,93,54,0,0,27,78,42,53,55,66,0,0,0,0,0,0,0,0,50,0,0,22,0,43,21
l18,8=0,0,0,0,0,0,0,0,0,0,0,0,0,0,0,0,70,0,0,62,77,58,0,0,0,0,0,0,0,0,0,0,0,0,0,0,0,0,17,0
l19,8=0,0,0,0,0,0,0,0,43,0,0,0,0,0,0,0,71,47,45,0,88,68,82,0,0,0,40,0,43,0,0,66,0,0,0,43,72,0,0,72
l20,8=0,0,0,0,0,0,0,0,0,0,0,0,33,22,47,50,56,30,24,87,0,86,92,0,18,0,1,0,4,0,0,0,0,0,0,44,43,34,74,56
l21,8=0,0,0,0,0,0,0,0,0,31,0,30,31,44,51,51,59,18,15,39,89,0,91,0,0,0,0,0,0,0,0,16,0,0,0,52,35,34,72,72
l22,8=0,0,0,0,0,0,0,0,45,30,0,30,0,0,41,47,75,27,0,78,89,81,0,0,0,0,0,0,0,29,0,0,0,0,0,65,78,29,71,60
l23,8=0,0,0,0,0,0,0,0,0,57,0,43,95,77,92,82,76,45,0,0,0,0,0,0,94,92,0,0,0,0,0,0,58,55,63,0,0,0,0,0
l24,8=0,0,0,35,0,0,0,0,0,52,0,46,100,71,97,76,95,55,0,0,34,0,0,98,0,90,0,0,0,0,0,28,0,0,41,0,0,0,0,0
l25,8=0,0,0,0,0,0,0,0,0,0,0,43,100,70,86,44,72,0,0,0,0,0,0,98,80,0,0,0,0,34,0,36,59,60,53,0,0,0,14,0
l26,8=0,0,0,0,0,0,0,0,0,0,0,0,0,0,0,0,0,0,0,54,41,0,0,0,0,0,0,91,93,93,90,93,83,79,80,0,0,0,0,0
l27,8=0,0,0,0,0,0,0,0,0,0,0,0,0,0,0,0,0,0,0,0,0,0,0,0,0,0,94,0,93,93,95,0,81,0,78,0,0,0,0,0
l28,8=0,0,0,0,0,0,0,0,0,0,0,0,0,0,0,0,0,0,0,64,71,0,0,0,0,0,94,93,0,93,95,93,69,81,75,0,0,0,0,0
l29,8=0,0,0,0,0,0,0,0,0,0,0,0,0,0,0,0,0,0,0,0,0,0,60,0,0,51,94,93,93,0,95,93,60,66,71,0,0,0,0,0
l30,8=0,0,0,0,0,0,0,0,0,0,0,0,0,0,0,0,0,0,0,0,0,0,0,0,0,0,86,93,93,93,0,79,79,77,0,0,0,0,0,0
l31,8=0,0,0,0,0,0,0,0,0,0,0,0,0,0,0,0,64,0,0,60,0,0,0,0,46,39,94,0,83,70,60,0,83,86,85,0,0,0,0,0
l32,8=0,0,0,0,0,0,0,0,0,0,0,0,11,0,0,0,1,0,0,0,0,0,0,63,0,53,93,71,61,50,68,96,0,92,90,0,0,0,0,0
l33,8=0,0,0,0,0,0,0,0,0,0,0,0,77,0,0,0,35,70,0,0,18,0,0,63,0,57,63,0,73,55,65,93,89,0,67,0,0,0,0,0
l34,8=0,0,0,0,0,0,0,0,0,0,0,0,77,0,0,0,74,0,0,0,1,0,1,65,57,57,63,69,67,56,0,90,90,67,0,0,0,0,0,0
l35,8=0,0,0,0,0,0,0,0,0,0,0,14,28,10,0,0,31,0,0,16,44,34,33,0,0,0,0,0,0,0,0,0,0,0,0,0,76,34,67,62
l36,8=0,0,0,0,0,0,0,0,0,0,0,15,33,0,26,22,33,14,0,22,50,31,52,0,0,0,0,0,0,0,0,0,0,0,0,76,0,22,72,56
l37,8=0,0,0,0,0,0,0,0,0,0,0,0,0,0,0,0,31,0,0,0,52,37,34,0,0,0,0,0,0,0,0,0,0,0,0,49,31,0,55,44
l38,8=0,0,0,0,0,0,0,0,0,20,0,18,35,38,4,49,45,25,0,0,68,66,63,0,0,0,0,0,0,0,0,0,0,0,0,72,80,36,0,42
l39,8=0,0,0,0,0,0,0,0,0,0,0,0,0,0,0,0,63,0,0,30,69,64,54,0,0,0,0,0,0,0,0,0,0,0,0,76,65,41,59,0

l0,9=0,98,100,95,97,94,93,93,0,99,88,0,0,0,0,0,0,0,0,0,0,0,0,0,0,0,0,0,0,0,0,0,0,0,0,0,0,0,0,0
l1,9=97,0,100,93,97,94,96,95,94,96,90,0,0,0,0,0,0,0,0,0,0,0,0,0,0,0,0,0,0,0,0,0,0,0,0,0,0,0,0,0
l2,9=97,98,0,95,97,100,99,89,0,94,53,0,10,0,0,0,0,0,0,0,0,0,0,0,0,0,0,0,0,0,0,0,0,0,0,0,0,0,0,0
l3,9=95,90,98,0,98,88,91,91,0,82,88,0,0,0,0,0,0,0,0,0,0,0,0,0,0,0,0,0,0,0,0,0,0,0,0,0,0,0,0,0
l4,9=97,98,100,98,0,92,94,94,94,93,90,0,0,12,75,0,0,0,0,0,0,0,0,0,0,0,0,0,0,0,0,0,0,0,0,0,0,0,0,0
l5,9=97,97,100,96,97,0,99,64,98,100,99,0,0,85,0,0,0,0,0,0,0,0,0,0,0,0,0,0,0,0,0,0,0,0,0,0,0,0,0,0
l6,9=86,91,100,52,59,91,0,98,91,99,99,0,0,90,0,0,23,0,0,0,0,0,0,0,0,0,0,0,0,0,0,0,0,0,0,0,0,0,0,0
l7,9=92,92,80,95,96,51,99,0,100,100,99,17,14,100,0,23,0,0,0,0,0,0,0,0,0,0,0,0,0,0,0,0,0,0,0,0,0,0,0,0
l8,9=0,59,0,0,70,34,37,94,0,100,60,87,0,99,0,30,31,52,0,79,0,0,54,0,0,0,0,0,0,0,0,0,0,0,0,0,0,0,0,0
l9,9=93,86,46,44,49,34,62,98,100,0,99,80,0,100,94,59,34,0,0,0,0,0,1,42,0,0,0,0,0,0,0,0,0,0,0,0,0,0,0,0
l10,9=93,94,97,92,96,99,99,98,100,100,0,23,63,100,0,95,53,67,0,0,0,0,0,26,0,0,0,0,0,0,0,0,0,0,0,0,0,0,0,0
l11,9=0,0,0,0,0,0,0,20,97,91,23,0,95,98,94,95,33,61,0,0,63,50,50,58,60,61,0,0,0,0,0,0,0,0,0,0,80,2,90,0
l12,9=0,0,0,0,0,0,0,0,0,0,1,64,0,95,99,59,37,75,0,0,65,7,6,99,64,100,0,0,0,0,0,0,0,0,0,0,78,0,88,0
l13,9=0,0,0,10,6,17,34,92,100,100,33,98,64,0,94,95,48,0,0,35,60,54,0,58,61,63,0,0,0,0,0,0,0,0,0,0,77,0,90,0
l14,9=0,0,0,0,31,0,0,0,0,94,0,77,98,98,0,71,60,100,0,0,67,56,49,100,100,0,0,0,0,0,0,0,0,0,0,0,86,0,0,0
l15,9=0,0,0,1,0,0,0,18,73,93,33,98,78,98,96,0,33,60,0,0,58,54,49,59,61,0,0,0,0,0,0,0,0,0,0,0,76,47,92,0
l16,9=0,0,0,0,0,0,11,0,64,86,25,32,69,96,90,34,0,59,74,94,69,0,53,57,61,61,0,0,0,0,0,9,0,39,34,0,69,41,92,82
l17,9=0,0,0,0,0,0,0,0,91,0,13,37,70,15,100,35,35,0,0,95,62,52,54,0,33,0,0,0,0,0,0,0,0,42,0,0,79,0,68,83
l18,9=0,0,0,0,0,0,0,0,0,1,0,0,0,0,0,0,53,0,0,0,61,55,0,0,0,0,0,0,0,0,0,0,0,0,0,0,0,0,0,0
l19,9=0,0,0,0,0,0,0,0,32,0,0,0,0,12,0,0,76,74,0,0,88,90,92,0,0,0,78,0,64,2,0,71,0,0,0,0,81,47,67,82
l20,9=0,0,0,0,0,0,0,0,0,0,0,18,51,70,78,19,85,26,68,95,0,96,97,0,0,0,58,0,0,0,0,0,0,0,17,28,84,86,86,81
l21,9=0,0,0,0,0,0,0,0,0,0,0,17,30,76,70,28,0,49,74,95,95,0,97,0,0,0,0,0,0,0,0,0,0,8,0,30,76,80,90,84
l22,9=0,0,0,0,0,0,0,0,68,22,0,17,28,0,69,27,46,62,0,95,95,91,0,0,0,0,77,0,0,51,0,53,0,0,0,51,88,80,90,24
l23,9=0,0,0,0,0,0,0,0,0,67,0,35,97,97,100,34,41,0,0,0,0,0,0,0,100,100,0,0,0,0,0,0,90,50,42,0,0,0,0,0
l24,9=0,0,0,0,0,0,0,0,0,3,0,35,98,98,100,33,99,51,0,0,21,0,0,100,0,98,0,0,0,0,0,4,0,50,4,0,85,0,0,0
l25,9=0,0,0,0,0,0,0,0,0,0,0,32,98,98,0,0,58,0,0,0,0,0,0,100,100,0,0,0,0,8,0,0,90,98,30,0,0,0,69,0
l26,9=0,0,0,0,0,0,0,0,0,0,0,0,0,0,0,0,0,0,0,83,78,0,85,0,0,0,0,88,99,97,99,98,98,81,88,0,0,0,0,0
l27,9=0,0,0,0,0,0,0,0,0,0,0,0,0,0,0,0,0,0,0,0,0,0,0,0,0,0,97,0,99,97,100,94,79,0,0,0,0,0,0,0
l28,9=0,0,0,0,0,0,0,0,0,0,0,0,0,0,0,0,0,0,0,81,0,0,0,0,0,0,100,99,0,97,100,87,0,79,0,0,0,0,0,0
l29,9=0,0,0,0,0,0,0,0,0,0,0,0,0,0,0,0,0,0,0,0,10,0,79,0,0,0,100,99,99,0,100,96,24,76,84,0,0,0,0,0
l30,9=0,0,0,0,0,0,0,0,0,0,0,0,0,0,0,0,0,0,0,0,0,0,0,0,0,0,98,99,99,97,0,94,87,74,87,0,0,0,0,0
l31,9=0,0,0,0,0,0,0,0,0,0,0,0,0,0,0,0,1,0,0,48,0,0,25,0,5,0,99,90,93,94,92,0,100,100,100,0,0,0,0,0
l32,9=0,0,0,0,0,0,0,0,0,0,0,0,21,0,0,0,0,0,0,0,0,0,0,90,0,70,100,89,0,66,97,100,0,100,100,0,0,0,0,0
l33,9=0,0,0,0,0,0,0,0,0,0,0,0,24,0,0,0,69,83,0,0,0,1,0,94,94,99,95,0,96,80,74,100,100,0,99,0,0,0,0,0
l34,9=0,0,0,0,0,0,0,0,0,0,0,0,48,0,0,0,53,0,0,0,58,0,0,99,44,62,100,0,0,92,97,100,100,100,0,0,0,0,0,0
l35,9=0,0,0,0,0,0,0,0,0,0,0,0,0,0,0,0,0,0,0,0,51,46,46,0,0,0,0,0,0,0,0,0,0,0,0,0,88,87,86,68
l36,9=0,0,0,0,0,0,0,0,0,0,0,14,22,41,47,20,3,34,0,58,61,34,49,0,18,0,0,0,0,0,0,0,0,0,0,53,0,90,86,78
l37,9=0,0,0,0,0,0,0,0,0,0,0,0,0,0,0,4,0,0,0,19,56,42,45,0,0,0,0,0,0,0,0,0,0,0,0,29,85,0,84,72
l38,9=0,0,0,0,0,0,0,0,0,0,0,21,35,65,0,26,26,14,0,44,63,52,53,0,0,20,0,0,0,0,0,0,0,0,0,30,86,90,0,80
l39,9=0,0,0,0,0,0,0,0,0,0,0,0,0,0,0,0,26,46,0,84,60,51,0,0,0,0,0,0,0,0,0,0,0,0,0,28,82,87,80,0

l0,10=0,92,89,94,88,68,0,78,0,80,67,0,0,0,0,0,0,0,0,0,0,0,0,0,0,0,0,0,0,0,0,0,0,0,0,0,0,0,0,0
l1,10=91,0,89,92,86,91,85,76,53,60,56,0,0,0,0,0,0,0,0,0,0,0,0,0,0,0,0,0,0,0,0,0,0,0,0,0,0,0,0,0
l2,10=86,88,0,88,87,92,86,83,45,85,73,0,0,0,0,0,0,0,0,0,0,0,0,0,0,0,0,0,0,0,0,0,0,0,0,0,0,0,0,0
l3,10=95,90,89,0,91,86,74,72,0,69,55,0,0,0,0,0,0,0,0,0,0,0,0,0,0,0,0,0,0,0,0,0,0,0,0,0,0,0,0,0
l4,10=90,88,83,93,0,89,75,83,73,70,81,0,0,0,44,0,0,0,0,0,0,0,0,0,0,0,0,0,0,0,0,0,0,0,0,0,0,0,0,0
l5,10=82,86,89,86,87,0,86,87,77,84,81,0,0,74,0,0,0,0,0,0,0,0,0,0,0,0,0,0,0,0,0,0,0,0,0,0,0,0,0,0
l6,10=0,86,83,76,78,85,0,87,80,85,80,0,0,62,0,7,19,0,0,0,0,0,0,0,0,0,0,0,0,0,0,0,0,0,0,0,0,0,0,0
l7,10=75,77,66,74,85,85,85,0,83,86,84,37,34,83,0,0,0,0,0,0,0,0,0,0,0,0,0,0,0,0,0,0,0,0,0,0,0,0,0,0
l8,10=0,34,1,26,71,64,66,85,0,93,62,82,65,85,50,80,4,49,0,36,6,0,54,66,35,0,0,0,0,0,0,0,0,0,0,0,0,0,0,0
l9,10=69,66,68,70,67,65,77,87,85,0,84,71,61,83,63,45,0,0,0,0,0,14,2,44,39,0,0,0,0,0,0,0,0,0,0,0,0,0,0,0
l10,10=63,64,60,64,79,68,66,87,65,86,0,60,0,74,0,73,0,46,0,0,0,0,0,0,0,0,0,0,0,0,0,0,0,0,0,0,0,0,0,0
l11,10=0,0,0,0,0,0,0,26,57,82,36,0,71,85,80,88,29,59,0,0,26,25,0,83,80,55,0,0,0,0,0,0,0,0,0,46,53,0,48,0
l12,10=0,0,0,0,0,0,0,0,40,71,0,56,0,77,96,87,74,97,0,0,48,43,0,98,96,100,0,0,0,0,0,0,0,37,0,29,0,0,60,0
l13,10=0,0,0,0,0,51,51,55,85,87,41,86,68,0,68,82,43,20,0,26,37,30,0,72,73,22,0,0,0,0,0,0,0,0,0,0,0,0,48,0
l14,10=0,0,0,0,55,0,0,0,40,76,0,85,95,79,0,54,50,90,0,0,38,36,29,91,93,75,0,0,0,0,0,0,0,68,0,0,70,0,51,0
l15,10=0,0,0,0,0,0,9,0,57,81,47,89,93,86,80,0,46,84,0,50,40,0,34,0,81,48,0,0,0,0,0,0,0,0,0,0,0,0,65,0
l16,10=0,0,0,0,0,0,7,0,1,0,0,18,68,67,69,45,0,61,35,53,52,44,17,67,93,12,0,0,0,0,0,0,0,0,68,0,64,61,69,33
l17,10=0,0,0,0,0,0,0,0,32,1,21,53,81,60,90,55,51,0,0,62,24,49,47,0,74,42,0,0,0,0,0,0,0,42,0,0,68,0,58,10
l18,10=0,0,0,0,0,0,0,0,0,0,0,0,0,0,0,0,28,0,0,66,75,82,0,0,0,0,0,0,0,0,0,0,0,0,0,0,0,0,0,0
l19,10=0,0,0,0,0,0,0,0,22,0,0,0,0,10,0,33,30,39,61,0,84,69,78,0,0,0,32,0,0,0,0,55,9,0,0,0,0,50,0,29
l20,10=0,0,0,0,0,0,0,0,0,0,0,20,45,52,12,23,40,21,57,80,0,92,92,0,0,0,0,0,0,0,0,0,27,0,0,70,75,56,67,43
l21,10=0,0,0,0,0,0,0,0,0,41,0,37,47,55,55,0,40,45,68,64,92,0,90,0,0,0,3,0,0,0,0,0,0,23,0,57,58,19,64,45
l22,10=0,0,0,0,0,0,0,0,38,19,0,0,0,0,25,34,33,41,0,73,90,84,0,0,0,0,31,0,0,25,0,57,0,0,0,62,64,49,76,30
l23,10=0,0,0,0,0,0,0,0,49,62,0,53,97,79,90,0,50,0,0,0,0,0,0,0,97,100,0,0,0,0,0,9,83,84,25,0,0,0,0,0
l24,10=0,0,0,0,0,0,0,0,6,71,0,53,97,85,98,54,89,59,0,0,2,0,0,99,0,85,0,0,0,0,0,0,0,82,47,0,0,0,19,0
l25,10=0,0,0,27,0,0,0,0,0,0,0,73,97,50,94,50,25,44,0,0,0,0,0,99,96,0,38,0,0,0,0,67,66,98,89,0,0,0,67,0
l26,10=0,0,0,0,0,0,0,0,0,0,0,0,0,0,0,0,0,0,0,56,0,0,55,0,0,34,0,84,92,99,99,98,97,65,74,0,0,0,0,0
l27,10=0,0,0,0,0,0,0,0,0,0,0,0,0,0,0,0,0,0,0,0,0,0,0,0,0,0,86,0,89,99,100,85,0,0,71,0,0,0,0,0
l28,10=0,0,0,0,0,0,0,0,0,0,0,0,0,0,0,0,0,0,0,0,1,0,0,0,0,0,97,96,0,99,100,88,56,82,65,0,0,0,0,0
l29,10=0,0,0,0,0,0,0,0,0,0,0,0,0,0,0,0,0,0,0,0,16,0,44,0,0,0,97,96,92,0,100,92,68,2,57,0,0,0,0,0
l30,10=0,0,0,0,0,0,0,0,0,0,0,0,0,0,0,0,0,0,0,0,0,0,0,0,0,0,97,96,92,99,0,88,80,71,70,0,0,0,0,0
l31,10=0,0,0,0,0,0,0,0,0,0,0,0,0,0,0,0,0,0,0,51,16,0,55,32,0,48,97,73,78,97,96,0,98,100,100,0,0,0,0,0
l32,10=0,0,0,0,0,0,0,0,0,0,0,0,0,0,0,0,0,0,0,24,58,0,0,80,0,35,97,0,52,77,75,98,0,100,100,0,0,0,0,0
l33,10=0,0,0,0,0,0,0,0,0,0,0,0,70,0,81,0,0,18,0,0,34,23,0,98,94,99,96,0,89,12,85,98,98,0,100,0,0,0,0,0
l34,10=0,0,0,0,0,0,0,0,0,0,0,0,0,0,0,0,64,0,0,20,36,0,0,67,63,82,90,51,71,55,73,98,98,100,0,0,0,0,0,0
l35,10=0,0,0,0,0,0,0,0,0,0,0,14,25,0,0,0,0,0,0,0,48,39,44,0,0,0,0,0,0,0,0,0,0,0,0,0,81,66,73,41
l36,10=0,0,0,0,0,0,0,0,0,0,0,11,0,0,46,0,19,19,0,0,55,7,48,0,0,0,0,0,0,0,0,0,0,0,0,82,0,78,67,48
l37,10=0,0,0,0,0,0,0,0,0,0,0,0,0,0,0,0,26,0,0,45,48,0,5,0,0,0,0,0,0,0,0,0,0,0,0,69,72,0,63,42
l38,10=0,0,0,0,0,0,0,0,0,0,0,19,42,61,18,18,46,19,0,0,53,49,51,0,2,24,0,0,0,0,0,0,0,0,0,75,73,70,0,47
l39,10=0,0,0,0,0,0,0,0,0,0,0,0,0,0,0,0,39,13,0,57,49,42,41,0,0,0,0,0,0,0,0,0,0,0,0,63,75,63,63,0

l0,11=0,93,87,93,89,81,49,73,34,63,0,0,0,0,0,0,0,0,0,0,0,0,0,0,0,0,0,0,0,0,0,0,0,0,0,0,0,0,0,0
l1,11=90,0,89,72,77,85,82,84,38,61,70,45,0,30,0,0,0,0,0,0,0,0,0,0,0,0,0,0,0,0,0,0,0,0,0,0,0,0,0,0
l2,11=85,81,0,88,86,85,59,86,57,72,71,0,0,0,0,0,0,0,0,0,0,0,0,0,0,0,0,0,0,0,0,0,0,0,0,0,0,0,0,0
l3,11=91,64,87,0,89,81,33,0,0,34,67,0,0,0,0,0,0,0,0,0,0,0,0,0,0,0,0,0,0,0,0,0,0,0,0,0,0,0,0,0
l4,11=85,73,86,91,0,81,84,78,0,61,71,0,0,0,26,0,0,0,0,0,0,0,0,37,0,0,0,0,0,0,0,0,0,0,0,0,0,0,0,0
l5,11=84,80,89,88,86,0,87,90,54,85,63,0,0,5,0,0,0,0,0,0,0,0,0,0,0,0,0,0,0,0,0,0,0,0,0,0,0,0,0,0
l6,11=43,80,25,29,86,82,0,90,74,85,77,46,0,57,0,46,33,0,0,0,0,0,0,0,0,0,0,0,0,0,0,0,0,0,0,0,0,0,0,0
l7,11=75,78,80,29,84,82,87,0,81,85,82,56,53,81,0,37,0,0,0,0,0,0,0,0,0,0,0,0,0,0,0,0,0,0,0,0,0,0,0,0
l8,11=53,41,38,0,0,60,70,72,0,88,68,71,68,82,40,80,0,46,0,51,1,0,0,27,55,0,0,0,0,0,0,0,0,0,0,0,0,0,0,0
l9,11=62,44,36,18,18,77,86,90,83,0,82,74,75,81,0,51,11,0,0,0,0,26,0,4,0,0,0,0,0,0,0,0,0,0,0,0,0,0,0,0
l10,11=0,64,49,69,69,57,71,90,71,86,0,67,0,71,0,69,0,18,0,2,0,0,0,0,0,0,0,0,0,0,0,0,0,0,0,0,0,0,0,0
l11,11=0,36,0,0,0,0,58,62,76,80,73,0,85,40,52,91,44,54,0,0,5,18,18,51,78,61,0,0,0,0,0,0,0,0,0,28,0,0,41,0
l12,11=0,0,0,0,0,0,0,47,74,75,0,86,0,37,94,67,54,91,0,0,69,26,20,58,98,96,0,0,0,0,0,0,0,0,0,0,0,0,45,0
l13,11=0,1,0,0,0,8,65,82,84,85,77,83,80,0,39,85,40,51,0,18,61,21,0,44,66,66,0,0,0,0,0,0,0,0,0,0,0,0,25,0
l14,11=0,0,0,0,16,0,0,0,48,0,0,84,94,36,0,37,81,88,0,0,0,12,0,74,33,90,0,0,0,0,0,0,0,20,6,35,35,0,34,0
l15,11=0,0,0,0,0,0,64,51,78,80,75,90,94,86,40,0,79,90,0,54,72,23,10,38,0,67,0,0,0,0,0,0,0,0,0,21,33,0,40,0
l16,11=0,0,0,0,0,0,37,0,0,36,0,64,83,31,53,47,0,59,17,37,77,29,22,47,86,5,0,0,0,0,0,0,8,10,29,0,41,41,46,55
l17,11=0,0,0,0,0,0,0,0,66,51,40,88,93,38,55,52,51,0,0,0,70,28,23,48,78,0,0,0,0,0,0,0,0,0,0,0,42,0,32,48
l18,11=0,0,0,0,0,0,0,0,0,0,0,0,0,0,0,0,34,0,0,65,62,67,15,0,0,0,0,0,0,0,0,0,0,0,0,0,0,0,0,0
l19,11=0,0,0,0,0,0,0,0,36,0,1,0,0,4,0,29,21,0,53,0,77,67,68,0,0,0,21,0,0,0,0,16,0,0,8,33,0,31,0,52
l20,11=0,0,0,0,0,0,0,0,0,0,0,0,50,25,0,33,41,37,51,85,0,88,82,0,0,0,2,0,14,0,0,0,2,3,0,42,40,37,40,63
l21,11=0,0,0,0,0,0,0,0,0,57,0,27,59,25,21,32,67,41,54,79,86,0,80,0,11,0,0,0,0,0,0,0,0,0,0,12,31,36,74,60
l22,11=0,0,0,0,0,0,0,0,0,0,0,47,48,0,0,8,24,34,0,67,84,83,0,0,0,0,20,0,0,0,0,26,0,0,0,56,47,0,68,53
l23,11=0,0,0,0,21,0,0,0,5,29,0,82,95,44,57,30,66,49,0,0,0,0,0,0,98,96,0,0,0,0,0,20,30,22,0,0,0,0,0,0
l24,11=0,0,0,0,0,0,0,0,19,6,0,81,96,38,14,0,84,54,0,0,0,0,0,93,0,94,0,0,0,0,0,0,0,0,0,0,0,0,0,0
l25,11=0,0,0,0,0,0,0,0,0,0,0,67,96,47,93,58,17,0,0,0,0,0,0,95,97,0,0,0,0,0,0,49,19,91,0,0,0,0,0,0
l26,11=0,0,0,0,0,0,0,0,0,0,0,0,0,0,0,0,0,0,0,29,19,0,36,0,0,0,0,77,91,87,93,86,79,59,62,0,0,0,0,0
l27,11=0,0,0,0,0,0,0,0,0,0,0,0,0,0,0,0,0,0,0,0,0,0,0,0,0,0,86,0,87,91,95,69,0,0,36,0,0,0,0,0
l28,11=0,0,0,0,0,0,0,0,0,0,0,0,0,0,0,0,0,0,0,0,20,0,0,0,0,0,91,94,0,91,95,80,27,0,25,0,0,0,0,0
l29,11=0,0,0,0,0,0,0,0,0,0,0,0,0,0,0,0,0,0,0,0,0,0,1,0,0,0,90,94,91,0,95,82,23,31,31,0,0,0,0,0
l30,11=0,0,0,0,0,0,0,0,0,0,0,0,0,0,0,0,0,0,0,0,0,0,0,0,0,0,91,94,91,91,0,83,65,83,70,0,0,0,0,0
l31,11=0,0,0,0,0,0,0,0,0,0,0,0,0,0,0,0,0,0,0,24,0,0,52,23,0,57,91,72,84,83,86,0,81,100,100,0,0,0,0,0
l32,11=0,0,0,0,0,0,0,0,0,0,0,0,0,0,0,0,12,0,0,0,22,0,0,30,0,23,91,0,44,40,64,92,0,100,100,0,0,0,0,0
l33,11=0,0,0,0,0,0,0,0,0,0,0,0,0,0,75,0,48,0,0,0,41,0,0,79,0,95,89,0,0,82,93,98,100,0,100,0,0,0,0,0
l34,11=0,0,0,0,0,0,0,0,0,0,0,0,0,0,13,0,50,0,0,28,0,0,0,11,16,0,87,59,43,77,85,98,100,100,0,0,0,0,0,0
l35,11=0,0,0,0,0,0,0,0,0,0,0,19,12,0,20,14,0,0,0,35,66,0,26,0,0,0,0,0,0,0,0,0,0,0,0,0,87,46,45,73
l36,11=0,0,0,0,0,0,0,0,0,0,0,0,0,0,30,22,33,38,0,0,66,22,26,0,0,0,0,0,0,0,0,0,0,0,0,85,0,49,47,75
l37,11=0,0,0,0,0,0,0,0,0,0,0,0,0,0,0,0,31,0,0,17,61,22,0,0,0,0,0,0,0,0,0,0,0,0,0,45,50,0,42,68
l38,11=0,0,0,0,0,0,0,0,0,0,0,51,77,13,21,32,44,2,0,0,73,29,27,0,0,0,0,0,0,0,0,0,0,0,0,50,53,45,0,77
l39,11=0,0,0,0,0,0,0,0,0,0,0,0,0,0,0,0,25,1,0,60,63,22,24,0,0,0,0,0,0,0,0,0,0,0,0,71,83,45,75,0

l0,12=0,89,83,92,92,89,65,68,7,64,58,0,0,0,0,0,0,0,0,0,0,0,0,0,0,0,0,0,0,0,0,0,0,0,0,0,0,0,0,0
l1,12=89,0,76,88,90,84,75,82,0,59,62,57,0,0,0,0,0,0,0,0,0,0,0,0,0,0,0,0,0,0,0,0,0,0,0,0,0,0,0,0
l2,12=89,80,0,89,86,90,78,65,45,70,66,0,0,0,0,0,0,0,0,0,0,0,0,0,0,0,0,0,0,0,0,0,0,0,0,0,0,0,0,0
l3,12=90,83,78,0,93,80,2,56,0,0,63,0,0,0,0,0,0,0,0,0,0,0,0,0,0,0,0,0,0,0,0,0,0,0,0,0,0,0,0,0
l4,12=89,83,75,90,0,57,72,71,51,56,33,0,0,0,57,0,0,0,0,0,0,0,0,61,0,0,0,0,0,0,0,0,0,0,0,0,0,0,0,0
l5,12=89,82,83,88,83,0,73,84,73,80,67,0,0,63,0,0,0,0,0,0,0,0,0,51,0,0,0,0,0,0,0,0,0,0,0,0,0,0,0,0
l6,12=79,84,82,55,84,79,0,83,70,41,77,64,0,65,2,71,0,0,0,0,0,0,0,0,0,0,0,0,0,0,0,0,0,0,0,0,0,0,0,0
l7,12=82,82,51,72,87,85,75,0,78,83,85,57,53,85,0,8,0,0,0,0,0,0,0,0,0,0,0,0,0,0,0,0,0,0,0,0,0,0,0,0
l8,12=8,0,41,57,66,59,57,69,0,85,75,58,62,88,53,64,43,54,0,27,0,47,0,0,27,0,0,0,0,0,0,0,0,0,0,0,0,0,0,0
l9,12=44,30,51,0,68,85,42,83,78,0,83,59,61,85,0,65,47,9,0,0,36,62,0,0,1,0,0,0,0,0,0,0,0,0,0,0,0,0,0,0
l10,12=41,42,54,71,48,54,62,87,74,85,0,59,7,74,0,65,0,0,0,0,0,0,0,30,0,0,0,0,0,0,0,0,0,0,0,0,0,0,0,0
l11,12=0,23,0,0,0,0,67,34,43,47,59,0,83,88,77,88,74,89,0,0,31,58,38,54,48,57,0,0,0,0,0,0,0,0,0,53,35,0,27,0
l12,12=0,0,0,0,0,0,0,11,41,39,0,80,0,83,94,87,83,93,0,0,43,62,58,78,97,98,0,0,0,0,0,0,0,4,0,0,0,0,44,0
l13,12=0,0,0,0,0,51,56,67,79,81,70,81,77,0,75,87,74,77,0,0,36,57,0,72,61,62,0,0,0,0,0,0,0,0,0,0,0,0,0,0
l14,12=0,0,0,0,75,0,0,0,34,0,0,72,92,79,0,81,88,88,0,0,0,68,2,91,97,42,0,0,0,0,0,0,0,51,65,60,43,0,38,0
l15,12=0,0,0,0,0,0,66,0,44,48,65,88,88,91,78,0,78,83,0,26,40,65,5,71,79,78,0,0,0,0,0,0,0,0,0,0,0,0,33,0
l16,12=0,0,0,0,0,0,0,0,19,4,0,67,81,76,87,82,0,90,14,24,50,70,51,49,88,68,0,0,0,0,0,0,0,3,0,56,59,22,47,41
l17,12=0,0,0,0,0,0,0,0,19,3,0,86,89,77,84,87,87,0,0,20,51,76,63,73,62,0,0,0,0,0,0,0,0,9,0,0,57,0,29,21
l18,12=0,0,0,0,0,0,0,0,0,0,0,0,0,0,0,0,55,0,0,57,57,55,0,0,0,0,0,0,0,0,0,0,0,0,0,0,0,0,0,0
l19,12=0,0,0,0,0,0,0,0,32,0,0,0,0,0,0,43,53,48,31,0,84,74,73,0,0,0,31,0,28,4,0,35,12,0,0,52,0,0,20,58
l20,12=0,0,0,0,0,0,0,0,0,23,0,50,59,55,0,48,74,71,30,84,0,89,84,0,0,0,27,0,7,0,0,3,0,0,0,63,71,38,79,57
l21,12=0,0,0,0,0,0,0,0,34,49,0,56,60,54,61,51,70,76,32,84,91,0,83,0,53,0,26,0,0,0,0,0,0,0,0,60,68,60,86,56
l22,12=0,0,0,0,0,0,0,0,0,0,0,51,56,0,5,6,56,54,0,76,90,89,0,0,0,0,30,0,0,0,0,0,0,0,0,68,64,28,51,69
l23,12=0,0,0,0,71,30,0,0,0,0,11,54,79,83,92,68,58,72,0,0,0,0,0,0,97,98,0,0,0,0,0,11,25,46,0,0,0,0,0,0
l24,12=0,0,0,3,0,0,0,0,1,11,0,10,92,70,94,80,88,69,0,0,0,65,0,93,0,94,0,0,0,0,0,26,38,0,0,0,1,0,37,0
l25,12=0,0,0,0,0,0,0,0,0,0,0,58,92,76,66,79,75,0,0,0,0,0,0,97,96,0,0,0,0,0,0,83,72,50,89,0,0,0,0,0
l26,12=0,0,0,0,0,0,0,0,0,0,0,0,0,0,0,0,0,0,0,48,26,7,26,0,0,0,0,74,90,82,97,97,76,63,70,0,0,0,0,0
l27,12=0,0,0,0,0,0,0,0,0,0,0,0,0,0,0,0,0,0,0,0,0,0,0,0,0,0,82,0,84,92,99,82,0,21,24,0,0,0,0,0
l28,12=0,0,0,0,0,0,0,0,0,0,0,0,0,0,0,0,0,0,0,54,47,0,0,0,0,0,87,98,0,94,99,82,59,64,65,0,0,0,0,0
l29,12=0,0,0,0,0,0,0,0,0,0,0,0,0,0,0,0,0,0,0,0,0,0,0,0,0,0,82,98,90,0,99,88,70,66,75,0,0,0,0,0
l30,12=0,0,0,0,0,0,0,0,0,0,0,0,0,0,0,0,0,0,0,0,0,0,0,0,0,0,86,98,90,94,0,86,70,41,34,0,0,0,0,0
l31,12=0,0,0,0,0,0,0,0,0,0,0,0,0,0,0,0,0,0,0,66,49,0,0,44,52,69,87,82,84,90,99,0,93,100,100,0,0,0,0,0
l32,12=0,0,0,0,0,0,0,0,0,0,0,0,0,0,0,0,0,0,0,27,0,0,0,58,70,71,83,0,83,86,92,96,0,100,100,0,0,0,0,0
l33,12=0,0,0,0,0,0,0,0,0,0,0,0,47,0,72,0,6,19,0,0,1,0,0,77,0,71,84,45,78,86,93,100,94,0,100,0,0,0,0,0
l34,12=0,0,0,0,0,0,0,0,0,0,0,0,0,0,70,0,1,0,0,0,0,0,0,0,1,86,85,45,83,88,82,100,94,100,0,0,0,0,0,0
l35,12=0,0,0,0,0,0,0,0,0,0,0,17,0,0,28,0,29,0,0,15,41,46,72,0,0,0,0,0,0,0,0,0,0,0,0,0,85,45,46,43
l36,12=0,0,0,0,0,0,0,0,0,0,0,36,0,0,26,0,64,65,0,0,51,66,77,0,0,0,0,0,0,0,0,0,0,0,0,89,0,46,48,73
l37,12=0,0,0,0,0,0,0,0,0,0,0,0,0,0,0,0,59,0,0,0,37,41,31,0,0,0,0,0,0,0,0,0,0,0,0,87,65,0,7,68
l38,12=0,0,0,0,0,0,0,0,0,0,0,57,73,0,54,53,79,60,0,4,53,77,76,0,50,0,0,0,0,0,0,0,0,0,0,82,64,9,0,73
l39,12=0,0,0,0,0,0,0,0,0,0,0,0,0,0,0,0,52,0,0,43,44,62,76,0,0,0,0,0,0,0,0,0,0,0,0,64,82,43,49,0

l0,13=0,91,91,93,89,90,93,94,83,86,89,0,0,0,0,0,0,0,0,0,0,0,0,0,0,0,0,0,0,0,0,0,0,0,0,0,0,0,0,0
l1,13=89,0,91,95,89,90,93,92,52,72,81,0,0,0,0,0,0,0,0,0,0,0,0,0,0,0,0,0,0,0,0,0,0,0,0,0,0,0,0,0
l2,13=93,93,0,92,89,91,94,52,0,87,91,0,0,27,0,0,0,0,0,0,0,0,0,0,0,0,0,0,0,0,0,0,0,0,0,0,0,0,0,0
l3,13=93,93,91,0,93,90,93,86,3,0,91,0,0,0,0,0,0,0,0,0,0,0,0,0,5,0,0,0,0,0,0,0,0,0,0,0,0,0,0,0
l4,13=89,91,91,92,0,89,93,89,65,24,88,0,0,0,0,0,0,0,0,0,0,0,0,0,0,0,0,0,0,0,0,0,0,0,0,0,0,0,0,0
l5,13=89,90,91,91,83,0,93,51,69,89,87,0,0,50,0,0,0,0,0,0,0,0,0,0,0,0,0,0,0,0,0,0,0,0,0,0,0,0,0,0
l6,13=86,87,92,84,90,91,0,0,70,87,0,81,0,48,0,79,0,0,0,0,0,0,0,0,0,0,0,0,0,0,0,0,0,0,0,0,0,0,0,0
l7,13=88,90,51,89,88,87,0,0,91,89,92,44,19,69,0,3,0,0,0,0,0,0,0,0,0,0,0,0,0,0,0,0,0,0,0,0,0,0,0,0
l8,13=65,17,0,51,64,73,44,56,0,94,90,44,42,89,46,31,56,55,0,66,0,66,28,0,49,0,0,0,0,0,0,0,0,0,0,0,0,0,0,0
l9,13=65,0,34,0,1,85,84,92,91,0,92,47,42,89,29,80,56,66,0,0,56,67,0,0,0,0,0,0,0,0,0,0,0,0,0,0,0,0,0,0
l10,13=71,21,38,63,79,83,0,94,87,94,0,46,0,86,0,26,0,0,0,0,0,0,0,0,0,0,0,0,0,0,0,0,0,0,0,0,0,0,0,0
l11,13=0,0,0,0,0,0,32,19,52,80,77,0,59,96,37,88,68,95,0,0,71,77,78,76,0,9,0,0,0,0,0,0,0,0,0,0,0,0,25,0
l12,13=0,0,0,0,0,0,0,0,7,79,0,66,0,36,62,54,80,98,0,0,81,66,80,84,76,98,0,0,0,0,0,0,0,51,0,0,75,0,27,0
l13,13=0,0,1,0,0,74,27,28,78,94,88,97,44,0,34,88,61,91,0,25,65,75,0,53,7,29,0,0,0,0,0,0,0,0,0,0,0,0,22,0
l14,13=0,0,0,0,0,0,0,0,57,80,0,65,99,52,0,29,88,92,0,0,0,72,0,99,100,38,0,0,0,0,0,0,21,46,36,0,70,0,0,0
l15,13=0,0,0,0,0,0,31,0,44,82,78,97,68,96,36,0,85,98,0,71,73,68,0,81,42,32,0,0,0,0,0,0,0,0,0,0,67,0,25,0
l16,13=0,0,0,0,0,0,0,0,44,70,0,56,57,41,40,29,0,95,37,77,76,70,72,54,42,28,0,0,0,0,0,0,0,0,21,73,75,2,27,34
l17,13=0,0,0,0,0,0,0,0,45,74,0,66,61,53,38,31,81,0,0,79,89,89,79,78,43,9,0,0,0,0,0,0,0,45,0,0,77,0,27,0
l18,13=0,0,0,0,0,0,0,0,0,0,0,0,0,0,0,0,72,0,0,91,93,0,48,0,0,0,0,0,0,0,0,0,0,0,0,0,0,0,0,0
l19,13=0,0,0,0,0,0,0,0,57,0,0,0,0,1,0,58,60,54,73,0,96,90,89,0,0,0,38,0,1,14,0,47,0,0,0,47,47,63,60,74
l20,13=0,0,0,0,0,0,0,0,0,53,0,49,46,21,0,22,65,82,69,95,0,96,97,0,0,0,21,0,0,0,0,60,0,0,0,85,82,37,48,37
l21,13=0,0,0,0,0,0,0,0,45,72,0,59,41,46,32,27,68,86,0,95,97,0,97,0,41,0,20,0,0,0,0,0,0,0,0,74,76,9,84,57
l22,13=0,0,0,0,0,0,0,0,2,0,0,43,38,0,0,0,60,53,0,90,96,96,0,0,0,0,31,0,0,0,0,0,0,0,26,85,85,27,28,59
l23,13=0,0,0,0,0,0,0,0,0,0,0,62,58,8,99,53,71,67,0,0,0,0,0,0,44,100,0,0,0,0,0,0,0,40,41,0,0,0,0,0
l24,13=0,0,0,47,0,0,0,0,57,0,0,0,99,0,99,29,87,96,0,0,0,75,0,89,0,96,0,0,0,0,0,0,45,0,0,0,78,0,6,0
l25,13=0,0,0,5,0,0,0,0,0,0,0,12,99,46,61,31,82,0,0,0,0,0,0,100,100,0,0,0,0,12,0,99,60,60,60,0,0,0,0,0
l26,13=0,0,0,0,0,0,0,0,0,0,0,0,0,0,0,0,0,0,0,48,58,23,56,0,0,0,0,92,97,78,98,99,83,77,0,0,0,0,0,0
l27,13=0,0,0,0,0,0,0,0,0,0,0,0,0,0,0,0,0,0,0,0,0,0,0,0,0,0,82,0,94,99,99,86,70,70,57,0,0,0,0,0
l28,13=0,0,0,0,0,0,0,0,0,0,0,0,0,0,0,0,0,0,0,42,26,0,0,0,0,3,97,99,0,99,99,96,66,71,80,0,0,0,0,0
l29,13=0,0,0,0,0,0,0,0,0,0,0,0,0,0,0,0,0,0,0,15,0,0,0,0,0,0,79,99,97,0,99,88,80,73,82,0,0,0,0,0
l30,13=0,0,0,0,0,0,0,0,0,0,0,0,0,0,0,0,0,0,0,0,0,0,0,0,0,0,97,99,97,99,0,92,77,73,8,0,0,0,0,0
l31,13=0,0,0,0,0,0,0,0,0,0,0,0,0,0,0,0,0,0,0,60,71,0,0,0,0,79,97,98,97,99,99,0,99,100,100,0,0,0,0,0
l32,13=0,0,0,0,0,0,0,0,0,0,0,0,0,0,47,0,8,0,0,6,0,0,0,0,80,93,90,73,83,92,91,100,0,100,100,0,0,0,0,0
l33,13=0,0,0,0,0,0,0,0,0,0,0,0,94,0,64,0,0,83,0,0,0,0,0,81,0,100,95,87,96,91,98,100,99,0,100,0,0,0,0,0
l34,13=0,0,0,0,0,0,0,0,0,0,0,0,0,0,74,0,78,0,0,0,35,0,76,81,14,99,0,59,97,98,79,100,99,100,0,0,0,0,0,0
l35,13=0,0,0,0,0,0,0,0,0,0,0,0,4,0,0,0,53,0,0,18,79,63,79,0,0,0,0,0,0,0,0,0,0,0,0,0,89,42,28,39
l36,13=0,0,0,0,0,0,0,0,0,0,0,0,40,0,8,4,61,56,0,59,77,69,86,0,33,0,0,0,0,0,0,0,0,0,0,94,0,37,28,42
l37,13=0,0,0,0,0,0,0,0,0,0,0,0,0,0,0,0,0,0,0,63,79,0,69,0,0,0,0,0,0,0,0,0,0,0,0,92,85,0,28,39
l38,13=0,0,0,0,0,0,0,0,0,0,0,49,48,24,0,22,63,70,0,70,84,78,81,0,7,0,0,0,0,0,0,0,0,0,0,88,84,37,0,40
l39,13=0,0,0,0,0,0,0,0,0,0,0,0,0,0,0,0,55,0,0,78,76,76,91,0,0,0,0,0,0,0,0,0,0,0,0,88,85,34,28,0

l0,14=0,100,100,100,100,100,100,99,89,96,99,0,0,0,0,0,0,0,0,0,0,0,0,0,0,0,0,0,0,0,0,0,0,0,0,0,0,0,0,0
l1,14=100,0,100,100,100,100,15,0,39,0,55,0,0,32,0,0,0,0,0,0,0,0,0,0,0,0,0,0,0,0,0,0,0,0,0,0,0,0,0,0
l2,14=100,100,0,100,100,100,100,100,22,97,100,0,0,49,0,10,0,0,0,0,0,0,0,0,0,0,0,0,0,0,0,0,0,0,0,0,0,0,0,0
l3,14=100,100,100,0,100,100,100,100,0,0,100,0,0,0,0,0,0,0,0,0,0,0,0,0,0,0,0,0,0,0,0,0,0,0,0,0,0,0,0,0
l4,14=100,100,100,100,0,100,100,0,42,48,100,0,0,0,0,1,0,0,0,0,0,0,0,0,0,0,0,0,0,0,0,0,0,0,0,0,0,0,0,0
l5,14=100,100,100,100,100,0,100,100,95,97,100,0,0,73,0,87,0,0,0,0,0,0,0,0,0,0,0,0,0,0,0,0,0,0,0,0,0,0,0,0
l6,14=97,4,100,95,100,100,0,96,85,90,95,98,0,88,0,89,0,0,0,0,0,0,54,0,0,0,0,0,0,0,0,0,0,0,0,0,0,0,0,0
l7,14=96,0,100,87,0,99,99,0,97,98,100,0,0,68,0,5,78,0,0,0,0,0,0,0,0,0,0,0,0,0,0,0,0,0,0,0,0,0,0,0
l8,14=52,25,7,10,49,56,25,27,0,98,99,22,33,25,58,42,32,0,0,5,30,40,48,0,50,0,0,0,0,0,0,0,0,0,0,0,0,0,0,0
l9,14=53,0,29,0,47,75,41,99,97,0,100,42,0,100,57,64,33,28,0,0,30,44,0,41,12,0,0,0,0,0,0,0,0,0,0,0,0,0,0,0
l10,14=97,31,48,79,100,99,98,100,97,98,0,23,36,100,43,53,0,0,0,0,7,0,0,0,0,0,0,0,0,0,0,0,0,0,0,0,0,0,0,0
l11,14=0,0,0,0,0,0,61,0,23,96,53,0,63,100,100,100,79,61,0,0,52,41,71,78,0,38,0,0,0,0,0,0,0,0,0,5,28,0,37,0
l12,14=0,0,0,0,0,0,0,0,39,0,45,67,0,69,100,97,34,99,0,6,57,0,51,98,99,99,0,0,0,0,0,0,0,45,0,26,18,0,0,0
l13,14=0,56,53,0,0,98,61,62,68,98,99,100,97,0,99,100,74,71,0,28,0,70,0,88,96,96,0,0,0,0,0,0,0,0,0,0,0,0,71,0
l14,14=0,0,0,0,0,0,0,0,29,48,22,65,100,26,0,62,79,61,0,0,2,8,0,99,100,6,0,0,0,0,0,0,8,28,0,0,0,0,37,0
l15,14=0,0,0,0,0,45,50,0,68,96,55,100,60,100,100,0,84,63,0,23,57,51,0,98,98,38,0,0,0,0,0,0,0,0,0,0,0,0,80,0
l16,14=0,0,0,0,0,0,0,11,13,86,0,64,13,19,92,97,0,59,14,32,47,41,95,40,96,39,0,0,0,0,0,0,0,32,39,93,90,1,48,19
l17,14=0,0,0,0,0,0,0,0,0,58,0,83,97,69,100,97,79,0,0,50,57,70,90,98,99,47,0,0,0,0,0,0,0,5,0,51,77,0,81,0
l18,14=0,0,0,0,0,0,0,0,0,0,0,0,0,0,0,0,77,0,0,89,91,6,87,0,0,0,0,0,0,0,0,0,0,0,0,0,0,0,0,0
l19,14=0,0,0,0,0,0,0,0,0,0,0,0,53,3,0,89,71,55,80,0,96,94,95,0,0,0,52,0,0,56,0,0,0,0,0,92,89,88,77,84
l20,14=0,0,0,0,0,0,0,0,1,91,0,61,59,0,1,93,70,57,80,98,0,97,99,0,0,0,3,0,0,0,0,0,0,0,56,95,91,86,97,53
l21,14=0,0,0,0,0,0,0,0,66,91,0,93,55,80,82,93,84,88,0,98,96,0,99,0,87,0,0,0,0,0,0,0,0,0,12,91,96,87,76,91
l22,14=0,0,0,0,0,0,27,0,7,0,0,62,57,0,0,0,86,56,65,97,96,97,0,0,0,0,83,0,0,0,0,0,0,0,0,92,95,30,80,61
l23,14=0,0,0,0,0,0,0,0,0,48,0,24,47,11,100,82,33,28,0,0,0,0,0,0,51,100,0,0,0,0,0,0,52,41,56,0,0,0,0,0
l24,14=0,0,0,0,0,0,0,0,29,26,0,0,64,25,100,92,81,63,0,0,0,39,0,43,0,100,0,0,0,0,0,0,0,0,0,0,41,0,0,0
l25,14=0,0,0,0,0,0,0,0,0,0,0,22,100,30,42,41,36,28,0,0,0,0,0,100,100,0,0,0,13,0,0,0,53,99,99,0,0,0,0,0
l26,14=0,0,0,0,0,0,0,0,0,0,0,0,0,0,0,0,0,0,0,65,67,0,87,0,0,0,0,92,99,91,99,100,94,88,93,0,0,0,0,0
l27,14=0,0,0,0,0,0,0,0,0,0,0,0,0,0,0,0,0,0,0,0,0,0,0,0,0,0,88,0,99,100,100,94,85,82,8,0,0,0,0,0
l28,14=0,0,0,0,0,0,0,0,0,0,0,0,0,0,0,0,0,0,0,2,0,0,0,0,0,54,100,100,0,100,100,100,86,89,94,0,0,0,0,0
l29,14=0,0,0,0,0,0,0,0,0,0,0,0,0,0,0,0,0,0,0,65,0,0,1,0,0,0,87,100,99,0,100,94,86,0,92,0,0,0,0,0
l30,14=0,0,0,0,0,0,0,0,0,0,0,0,0,0,0,0,0,0,0,0,0,0,0,0,0,0,95,100,99,100,0,94,83,88,0,0,0,0,0,0
l31,14=0,0,0,0,0,0,0,0,0,0,0,0,0,0,0,0,0,0,0,0,0,0,0,0,0,0,100,87,98,93,92,0,99,100,99,0,0,0,0,0
l32,14=0,0,0,0,0,0,0,0,0,0,0,0,0,0,82,0,0,0,0,0,0,0,0,94,0,92,100,93,98,99,88,100,0,100,100,0,0,0,0,0
l33,14=0,0,0,0,0,0,0,0,0,0,0,0,88,0,88,0,87,3,0,0,0,0,0,87,0,99,99,84,98,0,99,100,100,0,100,0,0,0,0,0
l34,14=0,0,0,0,0,0,0,0,0,0,0,0,0,0,0,0,94,0,0,0,93,26,10,98,1,99,99,16,98,99,0,100,100,100,0,0,0,0,0,0
l35,14=0,0,0,0,0,0,0,0,0,0,0,0,41,0,1,0,69,33,0,52,55,60,86,0,0,0,0,0,0,0,0,0,0,0,0,0,98,95,95,91
l36,14=0,0,0,0,0,0,0,0,0,0,0,1,11,0,0,0,69,45,0,48,55,57,88,0,48,0,0,0,0,0,0,0,0,0,0,99,0,87,81,51
l37,14=0,0,0,0,0,0,0,0,0,0,0,0,0,0,0,0,0,0,0,30,41,9,1,0,0,0,0,0,0,0,0,0,0,0,0,97,86,0,75,50
l38,14=0,0,0,0,0,0,0,0,0,0,0,33,0,2,91,92,68,49,0,28,57,30,91,0,0,0,0,0,0,0,0,0,0,0,0,97,98,91,0,54
l39,14=0,0,0,0,0,0,0,0,0,0,0,0,0,0,0,0,70,0,0,55,55,63,89,0,0,0,0,0,0,0,0,0,0,0,0,92,88,88,77,0

l0,15=0,97,97,100,100,100,98,97,91,97,85,0,0,0,0,0,0,0,0,0,0,0,0,0,0,0,0,0,0,0,0,0,0,0,0,0,0,0,0,0
l1,15=98,0,97,98,100,98,98,98,97,93,98,0,0,72,35,0,0,0,0,0,0,0,0,0,0,0,0,0,0,0,0,0,0,0,0,0,0,0,0,0
l2,15=99,97,0,98,98,100,98,98,97,97,0,89,0,95,0,0,0,0,0,0,0,0,0,0,0,0,0,0,0,0,0,0,0,0,0,0,0,0,0,0
l3,15=100,100,92,0,100,100,0,0,0,0,98,0,0,0,0,0,0,0,0,0,0,0,0,0,0,0,0,0,0,0,0,0,0,0,0,0,0,0,0,0
l4,15=100,100,97,100,0,100,98,98,73,92,98,0,0,0,0,1,0,0,0,0,0,0,0,0,0,0,0,0,0,0,0,0,0,0,0,0,0,0,0,0
l5,15=98,97,97,98,98,0,98,98,96,97,98,0,0,95,0,85,0,0,0,0,0,0,0,0,0,0,0,0,0,0,0,0,0,0,0,0,0,0,0,0
l6,15=98,97,97,0,97,97,0,98,95,97,98,98,61,94,0,95,3,0,0,0,0,0,44,0,0,0,0,0,0,0,0,0,0,0,0,0,0,0,0,0
l7,15=97,82,97,48,98,98,98,0,97,97,100,0,0,24,6,0,98,0,0,0,0,0,0,0,0,0,0,0,0,0,0,0,0,0,0,0,0,0,0,0
l8,15=96,82,47,3,97,98,87,98,0,100,99,98,60,61,78,97,0,0,0,29,2,90,95,21,99,0,0,0,0,0,0,0,0,0,0,0,0,0,0,0
l9,15=99,8,65,0,87,99,99,99,100,0,100,99,0,98,0,99,98,20,0,0,98,98,0,53,0,0,0,0,0,0,0,0,0,0,0,0,0,0,0,0
l10,15=91,94,0,66,98,98,98,100,97,100,0,0,94,95,33,0,51,0,0,0,0,0,0,0,0,0,0,0,0,0,0,0,0,0,0,0,0,0,0,0
l11,15=0,0,7,0,0,0,90,0,64,92,3,0,60,99,79,100,100,63,0,13,98,99,99,84,98,63,0,0,0,0,0,0,0,0,0,0,63,0,99,0
l12,15=0,0,0,0,0,0,2,0,93,0,99,99,0,99,100,99,99,100,0,2,98,0,93,100,100,100,0,0,0,0,0,0,0,0,0,8,59,0,70,0
l13,15=0,79,59,0,0,97,88,0,64,100,99,100,100,0,78,100,99,61,0,11,0,14,24,99,0,60,0,0,0,0,0,0,0,0,0,3,0,0,32,0
l14,15=0,0,0,0,0,0,0,0,62,2,11,99,100,63,0,99,99,62,0,0,94,0,0,100,100,62,0,0,0,0,0,0,0,100,0,0,0,0,96,0
l15,15=0,0,0,0,2,60,88,0,64,92,0,100,59,63,79,0,99,62,0,0,97,99,0,100,99,60,0,0,0,0,0,0,0,0,0,63,0,0,98,0
l16,15=0,0,0,0,0,0,5,37,0,87,54,99,58,61,79,99,0,60,57,62,97,95,100,0,99,0,0,0,0,0,0,11,0,82,13,71,63,50,96,3
l17,15=0,0,0,0,0,0,0,0,0,90,0,99,59,62,79,99,99,0,0,70,98,99,100,100,99,61,0,0,0,0,0,0,0,100,16,0,63,4,98,0
l18,15=0,0,0,0,0,0,0,0,0,0,0,0,0,0,0,0,90,0,0,79,87,13,78,0,0,0,0,0,0,0,0,0,0,0,0,0,0,0,0,0
l19,15=0,0,0,0,0,0,0,0,10,0,0,4,43,0,0,0,80,50,40,0,98,96,93,0,0,0,44,0,0,79,0,0,0,0,0,56,50,0,79,93
l20,15=0,0,0,0,0,0,0,0,0,89,0,96,58,0,65,92,96,61,58,99,0,99,100,0,0,0,4,0,0,0,0,0,0,0,0,75,63,0,98,96
l21,15=0,0,0,0,0,0,0,0,55,88,1,97,0,9,0,94,95,60,0,99,99,0,100,0,90,0,0,0,8,0,0,0,0,38,89,62,97,59,98,93
l22,15=0,0,0,0,0,0,10,0,49,32,0,81,48,0,0,0,91,51,11,89,98,99,0,0,0,0,33,0,0,36,0,0,0,0,0,58,50,49,82,82
l23,15=0,0,0,0,0,0,0,0,0,82,0,32,100,61,100,100,0,64,0,0,0,0,0,0,100,100,0,0,0,0,0,0,99,100,0,0,0,0,0,0
l24,15=0,0,0,0,0,0,0,0,62,1,0,99,100,0,100,100,100,64,0,0,0,53,0,100,0,63,0,0,0,0,0,0,97,0,0,0,61,0,0,0
l25,15=0,0,0,0,0,0,0,0,0,0,0,92,97,62,88,100,0,61,0,0,0,0,0,98,97,0,58,0,71,3,0,97,99,94,100,0,0,0,0,0
l26,15=0,0,0,0,0,0,0,0,0,0,0,0,0,0,0,0,0,0,0,92,57,0,76,0,0,95,0,89,98,98,98,98,77,73,93,0,0,0,0,0
l27,15=0,0,0,0,0,0,0,0,0,0,0,0,0,0,0,0,0,0,0,0,0,0,0,0,0,0,96,0,98,99,98,96,77,95,93,0,0,0,0,0
l28,15=0,0,0,0,0,0,0,0,0,0,0,0,0,0,0,0,0,0,0,0,0,22,0,0,0,93,99,91,0,99,98,98,77,98,98,0,0,0,0,0
l29,15=0,0,0,0,0,0,0,0,0,0,0,0,0,0,0,0,0,0,0,90,0,0,70,0,0,0,99,91,98,0,98,97,78,95,93,0,0,0,0,0
l30,15=0,0,0,0,0,0,0,0,0,0,0,0,0,0,0,0,0,0,0,0,0,0,0,0,0,0,97,91,98,99,0,95,77,95,0,0,0,0,0,0
l31,15=0,0,0,0,0,0,0,0,0,0,0,0,0,0,0,0,4,0,0,0,0,0,0,0,0,93,99,85,97,99,94,0,88,100,99,0,0,0,0,0
l32,15=0,0,0,0,0,0,0,0,0,0,0,0,52,0,0,0,0,0,0,0,0,0,0,93,92,97,99,87,97,99,98,99,0,100,100,0,0,0,0,0
l33,15=0,0,0,0,0,0,0,0,0,0,0,0,51,0,95,0,97,57,0,0,0,28,0,98,0,85,51,67,97,98,98,99,88,0,100,0,0,0,0,0
l34,15=0,0,0,0,0,0,0,0,0,0,0,0,0,0,0,0,42,0,0,0,0,90,0,0,18,97,97,76,97,98,0,99,88,100,0,0,0,0,0,0
l35,15=0,0,0,0,0,0,0,0,0,0,0,0,25,0,0,65,70,0,0,40,85,61,79,0,0,0,0,0,0,0,0,0,0,0,0,0,99,92,94,91
l36,15=0,0,0,0,0,0,0,0,0,0,0,83,27,0,0,0,86,37,0,54,88,87,82,0,67,0,0,0,0,0,0,0,0,0,0,98,0,59,98,91
l37,15=0,0,0,0,0,0,0,0,0,0,0,0,0,0,0,0,48,0,0,0,0,79,79,0,0,0,0,0,0,0,0,0,0,0,0,98,95,0,93,92
l38,15=0,0,0,0,0,0,0,0,0,0,0,81,26,0,52,87,83,57,0,50,98,94,88,0,0,0,0,0,0,0,0,0,0,0,0,74,99,57,0,95
l39,15=0,0,0,0,0,0,0,0,0,0,0,0,0,0,0,0,0,0,0,60,93,89,78,0,0,0,0,0,0,0,0,0,0,0,0,93,90,68,96,0

