t=2016-04-14_04.57.06

n=40

q0=1
q1=1
q2=1
q3=1
q4=1
q5=1
q6=1
q7=1
q8=1
q9=1
q10=1
q11=1
q12=1
q13=1
q14=1
q15=1
q16=1
q17=1
q18=1
q19=1
q20=1
q21=1
q22=1
q23=1
q24=1
q25=1
q26=1
q27=1
q28=1
q29=1
q30=1
q31=1
q32=1
q33=1
q34=1
q35=1
q36=1
q37=1
q38=1
q39=1

a0=0x141592000c576ce6
a1=0x141592000c5aedbc
a2=0x141592000c5750f4
a3=0x141592000c576658
a4=0x141592000c575890
a5=0x141592000c574ffa
a6=0x141592000c5acf11
a7=0x141592000d9df361
a8=0x141592000c576300
a9=0x141592000c5779b6
a10=0x141592000c5762b9
a11=0x141592000c5af078
a12=0x141592000c575517
a13=0x141592000c5752c3
a14=0x141592000c5a4baa
a15=0x141592000c5776e7
a16=0x141592000c58cdeb
a17=0x141592000c5881fc
a18=0x141592000bd81d33
a19=0x141592000bd84d6a
a20=0x141592000c577233
a21=0x141592000c574527
a22=0x141592000c5746a3
a23=0x141592000c574da3
a24=0x141592000c5741c9
a25=0x141592000da244ea
a26=0x141592000c5ae886
a27=0x141592000c57510e
a28=0x141592000c5ab6c8
a29=0x141592000c574d05
a30=0x141592000edae61f
a31=0x141592000c57667e
a32=0x141592000c577f43
a33=0x141592000c576449
a34=0x1415920010f4117a
a35=0x141592000c575966
a36=0x141592000c574d35
a37=0x141592000c576fb1
a38=0x141592000c5aea5d
a39=0x141592000c59f23f

l0,0=0,90,89,94,90,89,85,81,86,85,0,0,0,55,0,0,0,0,0,0,0,0,0,0,0,0,0,0,0,0,0,0,0,0,0,0,0,0,0,0
l1,0=81,0,89,87,93,90,85,87,79,0,86,0,0,0,0,0,0,0,0,0,0,0,0,0,0,0,0,0,0,0,0,0,0,0,0,0,0,0,0,0
l2,0=81,90,0,0,93,89,89,87,4,85,86,0,0,57,0,0,0,0,0,0,0,0,0,0,0,0,0,0,0,0,0,0,0,0,0,0,0,0,0,0
l3,0=85,75,0,0,93,89,85,65,71,0,80,0,0,0,0,0,0,0,0,0,0,0,0,0,0,0,0,0,0,0,0,0,0,0,0,0,0,0,0,0
l4,0=69,88,89,91,0,89,33,0,0,78,79,0,0,64,0,0,0,0,0,0,0,0,0,0,0,0,0,0,0,0,0,0,0,0,0,0,0,0,0,0
l5,0=81,92,90,91,93,0,84,88,84,85,82,0,0,30,0,0,0,0,0,0,0,0,0,0,0,0,0,0,0,0,0,0,0,0,0,0,0,0,0,0
l6,0=66,79,93,78,34,84,0,92,78,78,78,39,0,69,0,34,47,0,0,0,0,0,0,0,0,0,0,0,0,0,0,0,0,0,0,0,0,0,0,0
l7,0=58,84,89,67,12,85,86,0,76,87,87,70,0,16,0,30,0,0,0,0,0,0,0,0,0,0,0,0,0,0,0,0,0,0,0,0,0,0,0,0
l8,0=61,60,0,65,0,43,49,75,0,91,65,83,76,92,61,43,53,25,0,0,0,77,0,5,26,0,0,0,0,0,0,0,0,0,0,0,0,0,40,0
l9,0=74,0,80,0,60,89,70,91,92,0,87,73,66,79,2,36,49,45,0,0,0,0,9,0,0,0,0,0,0,0,0,0,0,0,0,0,0,0,0,0
l10,0=0,85,89,79,84,81,80,93,74,93,0,78,64,87,0,74,13,0,0,0,0,0,0,0,0,0,0,0,0,0,0,0,0,0,0,0,0,0,0,0
l11,0=0,0,0,0,0,0,31,77,80,76,75,0,92,89,68,92,41,56,0,51,0,71,0,0,29,0,0,0,0,0,0,0,0,0,0,0,75,2,45,0
l12,0=0,0,0,0,0,0,0,0,83,68,61,88,0,83,87,92,53,98,0,0,53,65,7,80,89,81,0,0,0,0,0,0,0,49,0,9,58,0,49,0
l13,0=0,0,14,0,28,0,31,0,90,74,83,85,89,0,83,47,34,57,0,49,41,73,38,43,25,58,0,0,0,0,0,0,0,0,0,0,0,0,39,0
l14,0=0,0,0,0,0,0,0,0,77,6,0,88,90,86,0,27,54,50,0,0,73,0,0,53,52,85,0,0,0,0,0,0,0,30,0,0,20,0,29,0
l15,0=0,0,0,0,0,0,30,43,79,68,70,97,95,83,71,0,37,50,0,0,61,0,38,0,45,0,0,0,0,0,0,0,0,0,0,0,29,0,42,0
l16,0=0,0,0,0,0,0,15,0,85,63,1,84,88,49,70,27,0,57,0,58,73,92,54,25,30,0,0,0,0,0,0,0,0,25,7,43,73,22,52,53
l17,0=0,0,0,0,0,0,0,0,74,73,0,91,95,81,68,30,43,0,0,0,85,89,30,0,30,81,0,0,0,0,0,0,0,33,0,0,78,4,0,0
l18,0=0,0,0,0,0,0,0,0,0,0,0,0,0,0,0,0,0,0,0,0,83,0,70,0,0,0,0,0,0,0,0,0,0,0,0,0,0,0,0,0
l19,0=0,0,0,0,0,0,0,0,2,0,0,42,0,44,0,0,57,0,0,0,85,43,88,0,0,0,0,0,42,1,0,40,0,0,0,0,61,23,65,87
l20,0=0,0,0,0,0,0,0,0,0,0,0,0,54,52,42,17,38,24,48,90,0,97,88,0,0,0,0,0,0,0,0,0,0,0,0,34,93,56,60,61
l21,0=0,0,0,0,0,0,0,0,70,0,0,48,53,60,0,0,87,22,30,43,97,0,87,0,0,0,0,0,0,0,0,0,0,0,0,86,57,34,94,49
l22,0=0,0,0,0,0,0,0,0,47,7,0,0,39,50,0,17,32,14,46,90,97,97,0,0,0,0,49,0,0,0,0,0,0,0,0,41,84,34,51,59
l23,0=0,0,0,0,0,0,0,0,64,0,0,0,84,76,87,0,37,0,0,0,0,0,0,0,87,56,0,0,0,0,0,0,27,28,30,0,0,0,0,0
l24,0=0,0,0,0,0,0,0,0,85,0,0,82,94,77,77,51,40,50,0,0,0,0,0,87,0,80,0,0,0,0,0,0,71,32,29,0,0,0,0,0
l25,0=0,0,0,0,0,0,0,0,8,0,0,0,84,61,91,0,0,49,0,0,0,0,0,18,82,0,58,2,0,0,0,51,73,30,79,0,0,0,0,0
l26,0=0,0,0,0,0,0,0,0,0,0,0,0,0,0,0,0,0,0,0,0,0,0,73,0,0,58,0,79,85,90,78,88,78,73,76,0,0,0,0,0
l27,0=0,0,0,0,0,0,0,0,0,0,0,0,0,0,0,0,0,0,0,0,0,0,0,0,0,0,87,0,85,94,97,79,72,74,75,0,0,0,0,0
l28,0=0,0,0,0,0,0,0,0,0,0,0,0,0,0,0,0,0,0,0,69,0,0,0,0,0,0,89,100,0,94,96,87,75,73,80,0,0,0,0,0
l29,0=0,0,0,0,0,0,0,0,0,0,0,0,0,0,0,0,0,0,0,70,0,0,0,0,0,0,89,100,85,0,96,68,72,73,77,0,0,0,0,0
l30,0=0,0,0,0,0,0,0,0,0,0,0,0,0,0,0,0,0,0,0,0,0,0,0,0,0,0,85,100,85,94,0,72,76,75,0,0,0,0,0,0
l31,0=0,0,0,0,0,0,0,0,0,0,0,0,0,0,0,0,0,0,0,73,0,0,0,0,0,67,87,76,77,76,72,0,89,79,92,0,0,0,0,0
l32,0=0,0,0,0,0,0,0,0,0,0,0,0,0,0,0,0,0,0,0,0,0,0,0,54,70,68,78,76,73,72,75,81,0,84,95,0,0,0,0,0
l33,0=0,0,0,0,0,0,0,0,0,0,0,0,77,0,72,0,67,66,0,0,0,0,0,58,74,71,67,63,70,68,69,77,86,0,84,0,0,0,0,0
l34,0=0,0,0,0,0,0,0,0,0,0,0,0,0,0,1,0,63,0,0,0,0,0,0,79,76,74,77,78,72,74,0,90,91,79,0,0,0,0,0,0
l35,0=0,0,0,0,0,0,0,0,0,0,0,0,1,0,0,0,19,0,0,0,7,69,24,0,0,0,0,0,0,0,0,0,0,0,0,0,81,90,94,46
l36,0=0,0,0,0,0,0,0,0,0,0,0,64,37,23,1,2,33,29,0,52,93,63,59,0,0,0,0,0,0,0,0,0,0,0,0,67,0,58,57,59
l37,0=0,0,0,0,0,0,0,0,0,0,0,0,0,0,0,0,20,3,0,18,91,50,30,0,0,0,0,0,0,0,0,0,0,0,0,68,91,0,38,61
l38,0=0,0,0,0,0,0,0,0,48,0,0,58,68,55,0,25,42,0,0,54,97,94,60,0,0,0,0,0,0,0,0,0,0,0,0,80,93,35,0,61
l39,0=0,0,0,0,0,0,0,0,0,0,0,0,0,0,0,0,33,0,0,58,93,72,59,0,0,0,0,0,0,0,0,0,0,0,0,56,76,92,56,0

l0,1=0,86,87,80,77,83,77,40,42,75,54,0,0,16,0,0,0,0,0,0,0,0,0,0,0,0,0,0,0,0,0,0,0,0,0,0,0,0,0,0
l1,1=87,0,91,76,88,85,71,64,55,59,79,0,0,59,0,0,0,0,0,0,0,0,0,0,0,0,0,0,0,0,0,0,0,0,0,0,0,0,0,0
l2,1=85,89,0,74,71,88,83,68,0,75,88,0,0,0,0,18,0,0,0,0,0,0,0,0,0,0,0,0,0,0,0,0,0,0,0,0,0,0,0,0
l3,1=87,83,79,0,84,83,72,18,0,47,79,0,0,0,0,0,0,0,0,0,0,0,0,0,0,0,0,0,0,0,0,0,0,0,0,0,0,0,0,0
l4,1=68,83,67,73,0,78,68,0,61,70,76,0,0,49,0,0,0,0,0,0,0,0,0,0,0,0,0,0,0,0,0,0,0,0,0,0,0,0,0,0
l5,1=84,89,91,79,84,0,78,72,69,76,83,0,0,0,0,0,0,0,0,0,0,0,0,0,9,0,0,0,0,0,0,0,0,0,0,0,0,0,0,0
l6,1=74,68,88,55,63,76,0,74,71,55,82,56,5,67,0,0,36,0,0,0,0,0,0,0,0,0,0,0,0,0,0,0,0,0,0,0,0,0,0,0
l7,1=54,76,79,27,47,79,82,0,77,75,90,34,37,55,0,14,0,0,0,0,0,0,0,0,0,0,0,0,0,0,0,0,0,0,0,0,0,0,0,0
l8,1=5,27,0,0,54,66,72,61,0,80,74,67,0,74,54,67,60,44,0,0,0,55,35,36,0,0,0,0,0,0,0,0,0,0,0,0,0,0,16,0
l9,1=64,47,72,26,67,77,57,65,90,0,89,59,46,76,42,60,51,46,0,0,0,18,26,0,0,0,0,0,0,0,0,0,0,0,0,0,0,0,0,0
l10,1=55,75,88,62,80,78,81,80,77,82,0,61,0,79,0,55,4,0,0,0,0,16,0,0,0,0,0,0,0,0,0,0,0,0,0,0,0,0,0,0
l11,1=0,1,0,0,0,0,55,37,54,51,40,0,80,78,70,76,69,65,0,45,0,5,0,0,61,0,0,0,0,0,0,0,0,0,0,33,54,0,35,0
l12,1=0,0,0,0,0,0,0,0,0,20,0,68,0,71,75,75,67,70,0,0,22,16,23,70,84,61,0,0,0,0,0,0,0,0,0,0,0,0,35,0
l13,1=0,7,0,0,5,0,65,0,61,57,43,80,66,0,58,56,63,54,0,37,32,30,34,59,0,33,0,0,0,0,0,0,0,0,0,0,0,0,32,0
l14,1=0,0,0,0,1,0,0,0,45,39,0,44,85,70,0,66,68,57,0,0,34,9,0,74,70,64,0,0,0,0,0,0,0,28,0,0,0,0,0,0
l15,1=0,0,1,0,0,0,0,0,52,44,38,85,81,62,58,0,58,64,0,0,21,0,22,50,79,0,0,0,0,0,0,0,0,0,0,0,48,1,8,0
l16,1=0,0,0,0,0,0,37,0,29,22,0,41,64,65,70,50,0,60,0,1,40,36,40,0,58,42,0,0,0,0,0,0,19,0,1,37,48,4,25,5
l17,1=0,0,0,0,0,0,0,0,30,26,0,52,89,67,58,75,77,0,0,1,24,17,22,47,62,40,0,0,0,0,0,0,0,7,0,0,53,0,12,0
l18,1=0,0,0,0,0,0,0,0,0,0,0,0,0,0,0,0,0,0,0,19,58,53,56,0,0,0,0,0,0,0,0,0,0,0,0,0,0,0,0,0
l19,1=0,0,0,0,0,0,0,0,0,0,0,16,0,44,0,0,0,0,24,0,66,24,68,0,0,0,0,0,0,0,0,44,0,0,0,33,43,29,48,43
l20,1=0,0,0,0,0,0,0,0,0,0,0,0,39,51,50,35,69,34,39,72,0,68,68,0,0,0,0,0,0,0,0,0,0,0,0,41,63,47,72,33
l21,1=0,0,0,0,0,0,0,0,39,34,19,12,48,59,29,0,68,33,42,46,66,0,67,0,0,0,24,0,0,0,0,32,35,0,0,58,46,46,66,45
l22,1=0,0,0,0,0,0,0,0,35,26,0,0,40,50,0,38,61,37,49,74,67,65,0,0,1,0,53,0,0,2,0,0,0,0,0,47,60,44,55,46
l23,1=0,0,0,0,0,0,0,0,25,0,0,0,71,67,65,59,0,52,0,0,0,0,0,0,77,59,0,0,0,0,0,0,2,33,40,0,0,0,0,0
l24,1=0,0,0,0,0,0,0,0,0,0,0,43,81,10,65,71,67,62,0,0,0,0,2,77,0,67,0,0,0,0,0,0,56,38,30,0,0,0,0,0
l25,1=0,0,0,0,0,0,0,0,0,0,0,0,66,50,64,0,59,39,0,0,0,0,0,64,69,0,41,0,21,0,0,53,0,35,34,0,0,0,0,0
l26,1=0,0,0,0,0,0,0,0,0,0,0,0,0,0,0,0,0,0,0,0,0,3,51,0,0,36,0,60,78,80,39,84,65,57,53,0,0,0,0,0
l27,1=0,0,0,0,0,0,0,0,0,0,0,0,0,0,0,0,0,0,0,0,0,0,0,0,0,0,62,0,82,87,97,67,62,59,70,0,0,0,0,0
l28,1=0,0,0,0,0,0,0,0,0,0,0,0,0,0,0,0,0,0,0,0,0,0,0,0,0,37,77,86,0,90,97,79,48,58,64,0,0,0,0,0
l29,1=0,0,0,0,0,0,0,0,0,0,0,0,0,0,0,0,0,0,0,1,0,0,1,0,0,0,71,79,82,0,52,71,49,38,47,0,0,0,0,0
l30,1=0,0,0,0,0,0,0,0,0,0,0,0,0,0,0,0,0,0,0,0,0,0,0,0,0,0,67,86,81,87,0,54,49,51,0,0,0,0,0,0
l31,1=0,0,0,0,0,0,0,0,0,0,0,0,0,0,0,0,0,0,0,45,0,21,0,0,0,46,68,49,72,62,27,0,78,72,81,0,0,0,0,0
l32,1=0,0,0,0,0,0,0,0,0,0,0,0,0,0,0,0,14,0,0,0,0,7,0,10,25,0,69,58,26,65,29,84,0,75,88,0,0,0,0,0
l33,1=0,0,0,0,0,0,0,0,0,0,0,0,1,0,19,0,0,18,0,0,0,0,0,24,26,30,60,21,70,20,32,81,75,0,73,0,0,0,0,0
l34,1=0,0,0,0,0,0,0,0,0,0,0,0,0,0,0,0,40,0,0,0,0,0,0,66,56,52,58,57,71,54,0,85,87,72,0,0,0,0,0,0
l35,1=0,0,0,0,0,0,0,0,0,0,0,3,0,0,0,0,51,0,0,36,20,27,36,0,0,0,0,0,0,0,0,0,0,0,0,0,67,54,69,26
l36,1=0,0,0,0,0,0,0,0,0,0,0,26,0,23,0,45,53,33,0,39,41,14,44,0,0,0,0,0,0,0,0,0,0,0,0,59,0,51,55,25
l37,1=0,0,0,0,0,0,0,0,0,0,0,0,0,0,0,0,1,0,0,29,33,26,39,0,0,0,0,0,0,0,0,0,0,0,0,58,66,0,44,29
l38,1=0,0,0,0,0,0,0,0,8,0,0,31,57,51,0,0,60,1,0,54,43,34,43,0,0,0,0,0,0,0,0,0,0,0,0,71,68,49,0,29
l39,1=0,0,0,0,0,0,0,0,0,0,0,0,0,0,0,0,56,0,0,57,39,31,42,0,0,0,0,0,0,0,0,0,0,0,0,47,54,52,41,0

l0,2=0,74,80,72,64,79,56,0,20,74,0,0,0,0,0,0,0,0,0,0,0,0,0,0,0,0,0,0,0,0,0,0,0,0,0,0,0,0,0,0
l1,2=75,0,80,78,68,84,69,73,58,73,78,0,0,0,0,0,0,0,0,0,0,0,0,0,0,0,0,0,0,0,0,0,0,0,0,0,0,0,0,0
l2,2=79,81,0,71,71,86,78,85,0,81,78,0,0,0,0,0,0,0,0,0,0,0,0,0,0,0,0,0,0,0,0,0,0,0,0,0,0,0,0,0
l3,2=75,80,78,0,68,80,27,49,17,1,65,0,0,0,0,0,0,0,0,0,0,0,0,0,0,0,0,0,0,0,0,0,0,0,0,0,0,0,0,0
l4,2=68,70,76,72,0,79,65,67,63,75,71,0,0,0,0,0,0,0,0,0,0,0,0,0,0,0,0,0,0,0,0,0,0,0,0,0,0,0,0,0
l5,2=69,75,84,72,71,0,65,76,70,73,77,0,0,0,0,0,0,0,0,0,0,0,0,0,0,0,0,0,0,0,0,0,0,0,0,0,0,0,0,0
l6,2=36,70,86,37,67,78,0,63,55,63,77,27,45,40,0,41,0,0,0,0,0,0,0,0,0,0,0,0,0,0,0,0,0,0,0,0,0,0,0,0
l7,2=0,51,80,45,47,73,50,0,75,74,86,40,1,49,0,52,13,0,0,0,0,0,0,0,0,0,0,0,0,0,0,0,0,0,0,0,0,0,0,0
l8,2=0,34,0,7,45,59,45,66,0,84,73,50,0,74,0,61,56,42,0,0,0,51,37,0,37,29,0,0,0,0,0,0,0,0,0,0,0,0,40,0
l9,2=37,45,75,19,56,63,47,76,82,0,83,42,45,70,0,50,30,34,0,0,0,43,0,0,0,0,0,0,0,0,0,0,0,0,0,0,0,0,0,0
l10,2=0,57,66,48,54,71,69,85,78,81,0,50,0,63,0,44,0,16,0,0,0,0,0,27,0,0,0,0,0,0,0,0,0,0,0,0,0,0,0,0
l11,2=0,0,0,0,0,0,37,21,65,53,56,0,80,81,66,74,57,88,0,37,36,54,41,33,41,0,0,0,0,0,0,0,0,0,0,40,55,0,37,31
l12,2=0,0,0,0,0,0,41,0,0,49,0,76,0,61,81,71,67,91,0,0,0,31,1,72,84,77,0,0,0,0,0,0,0,0,0,0,0,0,48,0
l13,2=0,0,0,0,0,0,13,36,77,72,71,76,60,0,52,62,59,54,2,31,26,49,26,37,45,28,0,0,0,0,0,0,0,0,0,0,0,0,54,0
l14,2=0,0,0,0,0,0,0,0,2,0,0,67,83,51,0,55,70,52,0,0,44,0,0,80,59,67,0,0,0,0,0,0,0,47,0,0,0,0,51,0
l15,2=0,0,0,0,0,0,39,46,70,56,48,88,80,63,52,0,55,70,0,12,53,0,0,1,67,0,0,0,0,0,0,0,0,0,0,0,48,0,37,0
l16,2=0,0,0,0,0,0,0,0,60,12,0,51,68,48,70,43,0,74,0,36,58,58,56,0,47,54,0,0,0,0,0,0,0,24,0,54,56,43,50,42
l17,2=0,0,0,0,0,0,0,0,63,30,2,77,83,67,54,67,75,0,0,2,52,40,40,43,70,0,0,0,0,0,0,0,0,30,0,0,55,0,51,0
l18,2=0,0,0,0,0,0,0,0,0,0,0,0,0,3,0,0,0,0,0,48,49,53,50,0,0,0,0,0,0,0,0,0,0,0,0,0,0,0,0,0
l19,2=0,0,0,0,0,0,0,0,0,0,0,20,0,37,0,0,42,5,40,0,60,39,69,0,0,0,45,0,4,31,0,42,0,0,0,0,59,0,54,49
l20,2=0,0,0,0,0,0,0,0,0,0,0,0,0,37,32,46,64,55,34,60,0,70,68,0,15,0,0,0,0,0,0,0,0,0,8,61,68,54,63,51
l21,2=0,0,0,0,0,0,0,0,61,37,0,42,45,45,0,1,64,41,43,33,71,0,67,0,0,0,0,0,0,0,0,0,0,39,0,53,53,59,61,48
l22,2=0,0,0,0,0,0,0,0,39,0,0,35,22,36,0,0,64,39,36,71,70,70,0,0,0,0,0,0,0,29,0,0,0,25,0,55,68,55,52,51
l23,2=0,0,0,0,0,0,0,0,0,0,11,33,77,53,76,0,0,53,0,0,0,0,0,0,75,71,0,0,0,0,0,0,0,32,47,0,0,0,0,0
l24,2=0,0,0,0,0,0,0,0,65,0,0,50,81,61,73,67,68,76,0,0,39,0,0,80,0,76,0,0,0,0,0,0,30,45,32,0,49,0,3,0
l25,2=0,0,0,0,0,0,0,0,47,0,0,0,77,39,66,0,63,0,0,0,0,0,0,64,69,0,46,0,0,0,0,62,63,61,57,0,0,0,0,0
l26,2=0,0,0,0,0,0,0,0,0,0,0,0,0,0,0,0,0,0,0,48,0,0,0,0,0,44,0,8,75,76,69,73,74,73,60,0,0,0,0,0
l27,2=0,0,0,0,0,0,0,0,0,0,0,0,0,0,0,0,0,0,0,0,0,0,0,0,0,0,37,0,83,85,89,69,74,58,56,0,0,0,0,0
l28,2=0,0,0,0,0,0,0,0,0,0,0,0,0,0,0,0,0,0,0,38,0,0,0,0,0,0,86,80,0,85,78,73,59,75,53,0,0,0,0,0
l29,2=0,0,0,0,0,0,0,0,0,0,0,0,0,0,0,0,0,0,0,44,0,0,54,0,0,0,76,79,83,0,72,67,68,0,44,0,0,0,0,0
l30,2=0,0,0,0,0,0,0,0,0,0,0,0,0,0,0,0,0,0,0,0,0,0,0,0,0,0,75,89,81,76,0,60,74,71,46,0,0,0,0,0
l31,2=0,0,0,0,0,0,0,0,0,0,0,0,0,0,0,0,0,0,0,47,0,0,0,0,0,64,81,65,65,67,37,0,83,75,72,0,0,0,0,0
l32,2=0,0,0,0,0,0,0,0,0,0,0,0,0,0,0,0,0,0,0,0,0,0,0,0,25,64,73,57,59,66,56,76,0,77,90,0,0,0,0,0
l33,2=0,0,0,0,0,0,0,0,0,0,0,0,0,0,56,0,39,28,0,0,0,41,13,39,46,70,71,45,66,0,50,70,77,0,72,0,0,0,0,0
l34,2=0,0,0,0,0,0,0,0,0,0,0,0,0,0,3,0,46,0,0,0,45,0,0,40,41,67,70,53,64,40,41,73,87,81,0,0,0,0,0,0
l35,2=0,0,0,0,0,0,0,0,0,0,0,0,0,0,0,0,53,0,0,0,49,46,50,0,0,0,0,0,0,0,0,0,0,0,0,0,70,63,66,54
l36,2=0,0,0,0,0,0,0,0,0,0,0,42,0,10,0,13,59,48,0,46,60,46,60,0,22,0,0,0,0,0,0,0,0,0,0,65,0,65,66,44
l37,2=0,0,0,0,0,0,0,0,0,0,0,0,0,0,0,0,34,0,0,0,45,52,53,0,0,0,0,0,0,0,0,0,0,0,0,65,70,0,64,53
l38,2=0,0,0,0,0,0,0,0,25,0,0,0,39,49,26,6,52,41,0,46,61,56,48,0,0,0,0,0,0,0,0,0,0,0,0,66,70,60,0,51
l39,2=0,0,0,0,0,0,0,0,0,0,0,0,0,0,0,0,59,0,0,50,60,56,57,0,0,0,0,0,0,0,0,0,0,0,0,60,59,61,59,0

l0,3=0,87,84,78,83,69,0,30,28,67,0,0,0,0,0,0,0,0,0,0,0,0,0,0,0,0,0,0,0,0,0,0,0,0,0,0,0,0,0,0
l1,3=81,0,85,79,81,74,71,72,63,67,34,0,0,0,0,0,0,0,0,0,0,0,0,0,0,0,0,0,0,0,0,0,0,0,0,0,0,0,0,0
l2,3=77,87,0,78,83,74,78,78,77,69,82,0,0,74,0,0,0,0,0,0,0,0,0,0,0,0,0,0,0,0,0,0,0,0,0,0,0,0,0,0
l3,3=79,87,84,0,79,69,62,0,72,24,72,0,0,0,0,0,0,0,0,0,0,0,0,0,0,0,0,0,0,0,0,0,0,0,0,0,0,0,0,0
l4,3=83,87,86,32,0,69,38,0,43,56,0,0,0,0,0,0,0,0,0,0,0,0,0,0,3,0,0,0,0,0,0,0,0,0,0,0,0,0,0,0
l5,3=78,90,90,78,81,0,72,75,81,69,80,49,0,75,0,0,0,0,0,0,0,0,0,0,0,0,0,0,0,0,0,0,0,0,0,0,0,0,0,0
l6,3=0,88,91,78,72,69,0,77,83,83,90,77,77,60,0,63,69,0,0,0,0,0,0,0,0,0,0,0,0,0,0,0,0,0,0,0,0,0,0,0
l7,3=58,78,86,0,0,69,68,0,87,87,97,0,0,74,0,69,65,0,0,0,0,0,0,0,0,0,0,0,0,0,0,0,0,0,0,0,0,0,0,0
l8,3=1,29,31,24,35,26,30,81,0,87,85,62,32,83,0,82,47,38,0,0,0,40,30,0,38,0,0,0,0,0,0,0,0,0,0,0,0,0,19,0
l9,3=37,33,37,21,45,25,48,77,90,0,96,41,33,84,22,50,0,0,0,0,27,11,0,0,0,0,0,0,0,0,0,0,0,0,0,0,0,0,0,0
l10,3=0,27,85,27,0,62,72,86,87,90,0,39,16,82,18,26,0,0,0,0,0,0,0,30,0,0,0,0,0,0,0,0,0,0,0,0,0,0,11,0
l11,3=0,0,0,0,0,20,60,0,75,60,68,0,92,88,84,90,0,86,0,8,60,71,50,71,74,8,0,0,0,0,0,0,0,0,0,5,79,15,74,7
l12,3=0,0,0,0,0,0,27,0,31,35,0,97,0,39,94,89,44,93,0,23,0,28,33,79,93,85,0,0,0,0,0,0,0,29,0,26,0,0,37,0
l13,3=0,0,33,0,0,16,16,25,91,84,42,93,44,0,0,74,40,42,22,33,36,23,31,35,38,36,0,0,0,0,0,0,0,0,0,0,2,0,36,0
l14,3=0,0,0,0,0,0,0,0,0,38,26,92,97,0,0,43,48,0,0,0,0,0,0,89,87,48,0,0,0,0,0,0,0,26,0,0,0,0,36,0
l15,3=0,0,0,0,0,0,26,29,80,73,11,98,93,84,40,0,76,77,0,19,66,24,0,39,81,0,0,0,0,0,0,0,0,0,0,0,0,0,39,29
l16,3=0,0,0,0,0,0,27,19,33,0,0,0,47,27,53,45,0,78,29,0,80,48,55,0,41,36,0,0,0,0,0,0,0,18,0,0,32,24,34,42
l17,3=0,0,0,0,0,0,0,0,71,0,0,95,97,78,0,77,90,0,0,1,71,24,37,39,79,0,0,0,0,0,0,0,0,0,0,28,74,0,47,26
l18,3=0,0,0,0,0,0,0,0,0,0,0,0,0,51,0,0,58,0,0,73,63,57,47,0,0,0,0,0,0,0,0,0,0,0,0,0,0,0,0,0
l19,3=0,0,0,0,0,0,0,0,0,0,0,0,32,35,0,8,0,0,64,0,88,88,96,0,0,0,37,0,43,73,0,52,0,0,0,45,86,24,70,34
l20,3=0,0,0,0,0,0,0,0,0,25,0,57,0,59,0,78,86,69,53,92,0,91,92,0,50,0,5,0,0,0,0,0,0,0,0,71,91,81,88,83
l21,3=0,0,0,0,0,0,0,0,73,32,0,76,49,47,0,48,86,33,59,93,91,0,94,0,0,0,0,0,0,0,0,0,0,39,0,77,88,76,80,61
l22,3=0,0,0,0,0,0,0,0,50,0,0,58,47,58,0,0,87,48,42,97,97,91,0,0,0,0,0,0,1,59,0,0,0,0,0,85,89,82,63,90
l23,3=0,0,0,0,0,0,0,0,0,0,8,38,86,29,86,40,0,32,0,0,0,0,0,0,92,89,0,0,0,0,0,0,0,0,0,0,0,0,0,0
l24,3=0,0,0,0,0,0,0,0,37,0,0,43,97,30,83,81,43,79,0,0,38,0,0,90,0,89,0,0,0,0,0,0,0,31,0,0,26,0,35,0
l25,3=0,0,0,0,0,0,0,0,0,0,0,4,87,29,77,0,40,0,0,0,0,0,0,85,88,0,4,0,0,6,0,35,48,62,44,0,0,0,0,0
l26,3=0,0,0,0,0,0,0,0,0,0,0,0,0,0,0,0,0,0,0,73,49,0,0,0,0,7,0,66,98,92,90,92,86,68,82,0,0,0,0,0
l27,3=0,0,0,0,0,0,0,0,0,0,0,0,0,0,0,0,0,0,0,0,0,0,0,0,0,0,90,0,98,95,100,89,90,0,29,0,0,0,0,0
l28,3=0,0,0,0,0,0,0,0,0,0,0,0,0,0,0,0,0,0,0,70,0,0,53,0,0,0,94,100,0,95,88,87,82,83,81,0,0,0,0,0
l29,3=0,0,0,0,0,0,0,0,0,0,0,0,0,0,0,0,0,0,0,71,0,0,62,0,0,2,93,99,98,0,88,82,76,66,75,0,0,0,0,0
l30,3=0,0,0,0,0,0,0,0,0,0,0,0,0,0,0,0,0,0,0,0,0,0,0,0,0,0,93,100,95,92,0,76,84,69,0,0,0,0,0,0
l31,3=0,0,0,0,0,0,0,0,0,0,0,0,0,0,0,0,0,0,0,70,0,0,0,0,0,64,93,76,80,77,63,0,97,91,97,0,0,0,0,0
l32,3=0,0,0,0,0,0,0,0,0,0,0,0,21,0,0,0,0,0,0,0,0,0,0,0,0,75,88,72,76,80,72,96,0,91,98,0,0,0,0,0
l33,3=0,0,0,0,0,0,0,0,0,0,0,0,56,0,53,0,45,0,0,0,0,9,0,0,75,87,55,0,81,65,47,88,89,0,88,0,0,0,0,0
l34,3=0,0,0,0,0,0,0,0,0,0,0,0,0,0,8,0,0,0,0,0,6,0,0,21,0,84,81,44,82,76,56,94,97,94,0,0,0,0,0,0
l35,3=0,0,0,0,0,0,0,0,0,0,0,0,33,0,0,0,0,20,0,40,59,52,71,0,0,0,0,0,0,0,0,0,0,0,0,0,93,79,81,87
l36,3=0,0,0,0,0,0,0,0,0,0,0,64,0,11,0,0,67,50,0,70,73,76,59,0,31,0,0,0,0,0,0,0,0,0,0,88,0,76,84,76
l37,3=0,0,0,0,0,0,0,0,0,0,0,0,0,0,0,0,56,0,0,35,84,76,81,0,0,0,0,0,0,0,0,0,0,0,0,88,92,0,73,87
l38,3=0,0,0,0,0,0,0,0,10,0,0,73,54,55,71,63,63,54,0,72,90,79,56,0,45,0,0,0,0,0,0,0,0,0,0,88,93,69,0,90
l39,3=0,0,0,0,0,0,0,0,0,0,0,0,0,0,0,0,67,0,0,9,75,25,74,0,0,0,0,0,0,0,0,0,0,0,0,85,84,80,84,0

l0,4=0,94,62,93,94,82,0,23,80,91,0,0,0,0,0,0,0,0,0,0,0,0,0,0,0,0,0,0,0,0,0,0,0,0,0,0,0,0,0,0
l1,4=95,0,76,89,91,87,93,77,83,87,91,0,0,0,0,0,0,0,0,0,0,0,0,0,0,0,0,0,0,0,0,0,0,0,0,0,0,0,0,0
l2,4=78,86,0,86,90,89,92,88,79,88,91,0,0,80,0,9,0,0,0,0,0,0,0,0,0,0,0,0,0,0,0,0,0,0,0,0,0,0,0,0
l3,4=98,93,81,0,90,87,82,0,81,0,0,0,0,0,0,0,0,0,0,0,0,0,0,0,0,0,0,0,0,0,0,0,0,0,0,0,0,0,0,0
l4,4=95,92,81,89,0,87,92,77,82,81,83,0,0,1,0,0,0,0,0,0,0,0,0,0,0,0,0,0,0,0,0,0,0,0,0,0,0,0,0,0
l5,4=85,90,84,86,86,0,88,88,82,89,91,0,0,76,0,74,0,0,0,0,0,0,0,0,0,0,0,0,0,0,0,0,0,0,0,0,0,0,0,0
l6,4=0,92,81,77,84,84,0,93,79,89,96,78,80,0,0,72,78,0,0,0,0,0,0,0,0,0,0,0,0,0,0,0,0,0,0,0,0,0,0,0
l7,4=41,82,78,0,80,87,92,0,85,95,96,77,0,81,0,80,4,0,0,0,0,0,0,0,0,0,0,0,0,0,0,0,0,0,0,0,0,0,0,0
l8,4=71,76,35,69,77,70,59,77,0,91,86,77,83,89,72,77,77,72,0,0,42,82,74,0,43,0,0,0,0,0,0,0,0,0,0,0,0,0,0,0
l9,4=74,81,65,7,77,76,88,91,87,0,98,74,0,85,0,65,0,72,0,0,66,0,83,0,0,0,0,0,0,0,0,0,0,0,0,0,0,0,0,0
l10,4=0,82,76,0,75,84,92,93,83,95,0,80,85,85,77,77,0,57,0,0,0,0,0,51,0,0,0,0,0,0,0,0,0,0,0,0,0,0,0,0
l11,4=0,0,0,0,0,0,78,70,83,80,86,0,89,88,81,91,79,76,0,0,37,83,82,66,82,66,0,0,0,0,0,0,0,0,0,0,77,64,83,0
l12,4=0,0,0,0,0,0,15,0,83,0,83,84,0,89,86,82,86,88,0,35,66,0,1,72,88,82,0,0,0,0,0,0,52,64,0,0,63,0,84,0
l13,4=0,0,63,0,0,12,0,48,85,81,84,81,88,0,77,80,78,75,0,70,71,81,83,66,82,75,0,0,0,0,0,0,0,0,0,0,1,0,40,0
l14,4=0,0,0,0,0,0,0,0,82,0,86,85,95,86,0,61,82,0,0,0,76,0,0,78,95,79,0,0,0,0,0,0,0,69,70,0,0,0,85,0
l15,4=0,0,0,0,0,67,76,74,83,71,84,90,89,90,71,0,76,73,0,17,74,82,74,65,85,52,0,0,0,0,0,0,0,0,0,0,76,26,80,0
l16,4=0,0,0,0,0,0,74,0,83,0,0,80,93,87,83,74,0,88,65,78,83,79,79,59,86,76,0,0,0,0,0,0,0,0,0,79,75,68,91,80
l17,4=0,0,0,0,0,0,0,0,83,78,43,86,95,90,0,75,92,0,0,0,76,78,85,0,88,10,0,0,0,0,0,0,0,0,0,78,79,0,83,82
l18,4=0,0,0,0,0,0,0,0,0,0,0,0,0,0,0,0,78,0,0,83,38,87,83,0,0,0,0,0,0,0,0,0,0,0,0,0,0,0,0,0
l19,4=0,0,0,0,0,0,0,0,0,0,0,0,53,75,0,0,73,0,74,0,88,92,93,0,0,0,72,0,0,73,0,0,0,0,0,81,80,49,79,84
l20,4=0,0,0,0,0,0,0,0,44,61,0,0,76,76,69,68,80,76,11,94,0,92,95,0,73,0,14,0,10,0,0,0,2,0,0,78,86,78,94,83
l21,4=0,0,0,0,0,0,0,0,82,0,0,66,0,71,0,67,76,59,64,94,88,0,91,0,0,0,0,0,0,0,0,0,0,0,0,80,86,78,86,93
l22,4=0,0,0,0,0,0,0,0,68,76,0,67,31,74,0,43,77,71,67,98,92,94,0,0,0,0,0,0,0,60,0,0,18,25,0,0,86,87,93,52
l23,4=0,0,0,0,0,0,0,0,0,0,2,80,95,89,89,82,70,0,0,0,0,0,0,0,95,89,0,0,0,0,0,0,0,74,81,0,0,0,0,0
l24,4=0,0,0,0,0,0,0,0,52,0,0,77,95,84,87,85,86,85,0,0,68,0,0,90,0,82,0,0,0,0,0,0,0,70,0,0,0,0,0,0
l25,4=0,0,0,0,0,0,0,0,0,0,0,57,95,80,90,38,78,15,0,0,0,0,0,98,96,0,0,0,0,65,0,65,79,97,84,0,0,0,0,0
l26,4=0,0,0,0,0,0,0,0,0,0,0,0,0,0,0,0,0,0,0,90,44,0,18,0,0,0,0,80,100,100,99,100,99,84,96,0,0,0,0,0
l27,4=0,0,0,0,0,0,0,0,0,0,0,0,0,0,0,0,0,0,0,0,0,0,0,0,0,0,99,0,99,100,99,100,91,0,81,0,0,0,0,0
l28,4=0,0,0,0,0,0,0,0,0,0,0,0,0,0,0,0,0,0,0,54,73,0,0,0,0,0,99,100,0,100,99,98,99,97,95,0,0,0,0,0
l29,4=0,0,0,0,0,0,0,0,0,0,0,0,0,0,0,0,0,0,0,91,0,0,85,0,0,85,99,100,100,0,99,92,94,92,92,0,0,0,0,0
l30,4=0,0,0,0,0,0,0,0,0,0,0,0,0,0,0,0,0,0,0,0,0,0,0,0,0,0,98,100,98,99,0,98,97,93,0,0,0,0,0,0
l31,4=0,0,0,0,0,0,0,0,0,0,0,0,0,0,0,0,0,0,0,0,10,0,0,0,0,88,99,80,90,90,92,0,100,98,99,0,0,0,0,0
l32,4=0,0,0,0,0,0,0,0,0,0,0,0,89,0,0,0,0,0,0,1,31,0,44,0,0,97,99,83,99,98,97,100,0,100,100,0,0,0,0,0
l33,4=0,0,0,0,0,0,0,0,0,0,0,0,80,0,78,0,0,0,0,0,0,0,36,69,88,97,79,0,88,86,84,100,100,0,99,0,0,0,0,0
l34,4=0,0,0,0,0,0,0,0,0,0,0,0,0,0,82,0,0,0,0,0,44,0,0,79,4,96,98,69,97,96,7,100,100,100,0,0,0,0,0,0
l35,4=0,0,0,0,0,0,0,0,0,0,0,0,1,0,0,0,65,49,0,63,70,75,0,0,0,0,0,0,0,0,0,0,0,0,0,0,83,85,83,88
l36,4=0,0,0,0,0,0,0,0,0,0,0,47,55,4,0,49,55,72,0,72,79,74,78,0,0,0,0,0,0,0,0,0,0,0,0,85,0,84,82,88
l37,4=0,0,0,0,0,0,0,0,0,0,0,3,0,0,0,1,50,0,0,39,72,78,74,0,0,0,0,0,0,0,0,0,0,0,0,90,87,0,85,87
l38,4=0,0,0,0,0,0,0,0,0,0,0,71,82,15,73,63,83,60,0,72,84,75,81,0,0,0,0,0,0,0,0,0,0,0,0,87,84,77,0,90
l39,4=0,0,0,0,0,0,0,0,0,0,0,0,0,0,0,0,64,56,0,69,74,81,1,0,0,0,0,0,0,0,0,0,0,0,0,87,83,81,85,0

l0,5=0,93,72,75,65,74,74,0,0,73,72,0,0,0,0,0,0,0,0,0,0,0,0,0,0,0,0,0,0,0,0,0,0,0,0,0,0,0,0,0
l1,5=88,0,89,75,89,91,89,67,0,73,74,0,4,19,0,0,0,0,0,0,0,0,0,23,0,0,0,0,0,0,0,0,0,0,0,0,0,0,0,0
l2,5=69,80,0,75,67,89,82,60,6,74,74,0,0,0,0,0,0,0,0,0,0,0,0,0,0,0,0,0,0,0,0,0,0,0,0,0,0,0,0,0
l3,5=70,74,72,0,87,83,74,1,17,73,0,0,0,0,0,0,0,0,0,0,0,0,0,0,0,0,0,0,0,0,0,0,0,0,0,0,0,0,0,0
l4,5=58,90,83,85,0,87,83,72,74,0,71,0,0,42,0,0,0,0,0,0,0,0,0,0,0,0,0,0,0,0,0,0,0,0,0,0,0,0,0,0
l5,5=59,92,80,75,87,0,76,78,74,74,74,72,0,80,0,0,0,0,0,0,0,0,0,0,0,0,0,0,0,0,0,0,0,0,0,0,0,0,0,0
l6,5=38,79,77,51,66,72,0,83,72,77,78,72,0,0,0,0,70,0,0,4,0,0,0,0,0,0,0,0,0,0,0,0,0,0,0,0,0,0,0,0
l7,5=0,43,27,23,58,75,78,0,77,73,83,82,0,25,0,76,0,0,0,0,0,0,0,0,0,0,0,0,0,0,0,0,0,0,0,0,0,0,0,0
l8,5=0,0,0,10,58,49,72,76,0,75,76,82,8,89,36,74,77,81,0,0,0,44,28,35,61,0,0,0,0,0,0,0,0,0,0,0,1,0,0,0
l9,5=42,51,72,26,0,75,76,72,79,0,79,82,18,86,16,73,56,82,0,0,25,0,32,0,57,0,0,0,0,0,0,0,0,0,0,0,0,0,53,0
l10,5=48,72,72,0,62,75,76,78,77,84,0,82,0,82,54,66,0,54,0,0,0,0,0,0,0,0,0,0,0,0,0,0,0,0,0,0,0,0,0,0
l11,5=0,0,0,0,0,34,39,45,79,71,67,0,32,34,49,85,79,85,0,0,18,26,18,30,50,10,0,0,0,0,0,0,0,0,0,0,19,10,67,0
l12,5=0,0,0,0,0,0,0,0,18,6,0,87,0,28,82,63,84,89,0,0,22,0,0,46,73,45,0,0,0,0,0,0,13,0,0,16,15,0,59,0
l13,5=0,0,0,0,7,58,0,0,83,73,64,81,30,0,45,75,76,82,0,14,28,0,28,44,53,18,0,0,0,0,0,0,0,0,0,20,1,0,0,0
l14,5=0,0,0,0,0,0,0,0,51,26,44,87,86,26,0,59,84,72,0,0,30,0,19,57,82,27,0,0,0,0,0,0,0,55,40,0,0,0,61,0
l15,5=0,0,0,0,0,0,0,61,62,55,54,89,42,90,38,0,64,69,0,0,0,33,22,39,75,11,0,0,0,0,0,0,0,0,0,0,16,0,61,35
l16,5=0,0,0,0,0,0,33,0,39,27,0,65,31,25,48,49,0,88,0,37,32,39,34,0,55,9,0,0,0,0,0,3,0,0,0,27,18,2,64,34
l17,5=0,0,0,0,0,0,0,0,59,54,28,89,86,34,48,68,88,0,0,28,42,19,7,0,75,14,0,0,0,0,0,0,0,0,0,23,18,3,0,6
l18,5=0,0,0,0,0,0,0,0,0,0,0,0,0,0,0,0,0,0,0,0,0,62,43,0,0,0,0,0,0,0,0,0,0,0,0,0,0,0,0,0
l19,5=0,0,0,0,0,0,0,0,0,0,0,0,0,8,0,0,46,17,0,0,73,77,73,0,0,0,10,0,0,44,3,0,0,0,0,17,24,0,53,41
l20,5=0,0,0,0,0,0,0,0,0,16,0,0,21,20,33,0,56,62,0,81,0,75,73,0,0,0,0,0,32,0,0,0,7,0,0,36,57,16,74,45
l21,5=0,0,0,0,0,0,0,0,44,18,0,29,1,6,0,44,54,28,49,80,70,0,65,0,17,0,0,0,0,0,0,0,0,0,0,35,33,10,61,63
l22,5=0,0,0,0,0,0,0,0,39,36,0,5,0,20,19,52,56,2,40,84,74,75,0,0,0,0,10,0,0,27,0,0,0,0,0,20,35,14,75,48
l23,5=0,0,0,0,0,0,0,0,50,0,0,67,77,73,73,64,0,0,0,0,0,0,0,0,80,76,0,0,0,0,0,0,0,56,66,0,0,0,0,0
l24,5=0,0,0,0,0,0,0,0,67,52,0,74,86,30,83,74,79,77,0,0,0,2,0,78,0,72,0,0,0,0,0,0,0,61,0,0,15,0,0,0
l25,5=0,0,0,0,0,0,0,0,27,0,0,54,78,25,74,54,65,64,0,0,0,0,0,77,72,0,0,0,0,55,0,0,40,67,59,0,0,0,0,0
l26,5=0,0,0,0,0,0,0,0,0,0,0,0,0,0,0,0,0,0,0,46,1,0,31,0,0,0,0,65,92,94,85,82,78,51,67,0,0,0,0,0
l27,5=0,0,0,0,0,0,0,0,0,0,0,0,0,0,0,0,0,0,0,0,0,0,0,0,0,0,72,0,92,88,92,74,68,0,0,0,0,0,0,0
l28,5=0,0,0,0,0,0,0,0,0,0,0,0,0,0,0,0,0,0,0,0,43,0,3,0,0,0,84,88,0,94,92,72,71,67,67,0,0,0,0,0
l29,5=0,0,0,0,0,0,0,0,0,0,0,0,0,0,0,0,0,0,0,52,0,0,28,0,0,45,83,87,92,0,89,53,63,59,59,0,0,0,0,0
l30,5=0,0,0,0,0,0,0,0,0,0,0,0,0,0,0,0,0,0,0,0,0,0,0,0,0,0,77,89,92,88,0,71,0,66,0,0,0,0,0,0
l31,5=0,0,0,0,0,0,0,0,0,0,0,0,0,0,0,0,23,0,0,0,0,0,0,0,0,0,77,59,61,49,62,0,85,70,76,0,0,0,0,0
l32,5=0,0,0,0,0,0,0,0,0,0,0,0,43,0,0,0,0,0,0,0,27,0,0,5,0,71,74,55,70,70,1,87,0,71,88,0,0,0,0,0
l33,5=0,0,0,0,0,0,0,0,0,0,0,0,10,0,46,0,0,0,0,0,0,0,0,44,57,71,59,0,67,65,62,71,69,0,72,0,0,0,0,0
l34,5=0,0,0,0,0,0,0,0,0,0,0,0,27,0,51,0,31,0,0,0,0,0,0,63,34,67,68,0,67,65,0,83,88,79,0,0,0,0,0,0
l35,5=0,0,0,0,0,0,0,0,0,0,0,0,6,12,0,0,30,29,0,22,22,26,2,0,0,0,0,0,0,0,0,0,0,0,0,0,20,8,47,42
l36,5=0,0,0,0,0,0,0,0,8,0,0,32,9,5,0,36,39,49,0,45,32,36,32,0,11,0,0,0,0,0,0,0,0,0,0,32,0,15,66,63
l37,5=0,0,0,0,0,0,0,0,0,0,0,20,0,0,0,0,5,2,0,11,22,30,25,0,0,0,0,0,0,0,0,0,0,0,0,30,54,0,59,44
l38,5=0,0,0,0,0,0,0,0,0,28,0,49,14,0,36,49,57,0,0,39,59,33,44,0,0,0,0,0,0,0,0,0,0,0,0,37,37,16,0,63
l39,5=0,0,0,0,0,0,0,0,0,0,0,0,0,0,0,5,30,0,0,39,25,42,26,0,0,0,0,0,0,0,0,0,0,0,0,33,37,13,69,0

l0,6=0,89,80,69,83,80,68,7,0,67,70,0,0,0,0,0,0,0,0,0,0,0,0,0,0,0,0,0,0,0,0,0,0,0,0,0,0,0,0,0
l1,6=88,0,84,77,84,84,71,47,0,72,66,0,0,0,0,0,0,0,0,0,0,0,0,30,0,0,0,0,0,0,0,0,0,0,0,0,0,0,0,0
l2,6=79,79,0,69,79,83,70,71,46,75,71,0,0,33,0,0,0,0,0,0,0,0,0,0,0,0,0,0,0,0,0,0,0,0,0,0,0,0,0,0
l3,6=65,75,70,0,83,81,68,0,0,68,0,0,0,0,0,0,0,0,0,0,0,0,0,0,0,0,0,0,0,0,0,0,0,0,0,0,0,0,0,0
l4,6=84,84,84,85,0,85,70,64,65,0,63,0,0,11,0,0,0,0,0,0,0,0,0,41,0,0,0,0,0,0,0,0,0,0,0,0,0,0,0,0
l5,6=79,75,84,73,68,0,68,84,72,74,71,0,0,52,0,0,0,0,0,0,0,0,0,0,0,0,0,0,0,0,0,0,0,0,0,0,0,0,0,0
l6,6=54,73,61,55,50,53,0,82,58,71,71,51,1,14,0,0,48,0,0,0,0,0,5,0,0,0,0,0,0,0,0,0,0,0,0,0,0,0,0,0
l7,6=18,23,53,23,38,76,68,0,73,74,72,46,1,0,0,57,0,0,0,0,0,0,0,0,0,0,0,0,0,0,0,0,0,0,0,0,0,0,0,0
l8,6=0,0,27,0,45,53,44,65,0,75,71,59,43,80,29,54,56,60,0,0,37,44,42,34,39,18,0,0,0,0,0,0,0,0,0,0,0,0,0,0
l9,6=13,55,61,37,0,75,66,82,73,0,72,52,34,78,38,62,37,31,0,0,6,0,29,1,0,0,0,0,0,0,0,0,0,0,0,0,0,0,5,0
l10,6=30,31,60,0,43,64,68,86,73,80,0,56,0,52,0,48,48,0,0,0,0,0,0,0,0,0,0,0,0,0,0,0,0,0,0,0,0,0,0,0
l11,6=0,0,0,0,0,0,27,31,37,27,51,0,58,59,55,73,55,53,0,0,14,0,0,30,39,27,0,0,0,0,0,0,0,0,0,0,14,4,25,0
l12,6=0,0,0,0,0,0,0,0,24,19,0,62,0,47,63,59,66,66,0,0,24,38,0,52,66,56,0,0,0,0,0,0,0,28,22,0,16,0,15,0
l13,6=0,0,0,0,0,17,1,0,71,47,47,57,46,0,44,64,44,60,0,11,12,0,41,23,48,0,0,0,0,0,0,0,0,0,0,34,17,0,11,0
l14,6=0,0,0,0,0,0,0,0,21,20,0,51,58,47,0,39,32,48,0,0,30,0,37,52,50,45,0,0,0,0,0,0,0,29,23,0,0,0,13,0
l15,6=0,0,0,0,0,0,0,38,30,30,48,69,57,66,51,0,52,60,0,0,0,46,39,49,50,34,0,0,0,0,0,0,0,0,0,23,6,0,25,0
l16,6=0,0,0,0,0,0,17,0,14,10,23,46,56,45,27,41,0,61,5,4,16,40,40,32,41,32,0,0,0,0,0,0,0,0,0,33,15,2,22,31
l17,6=0,0,0,0,0,0,0,0,30,19,0,54,58,67,57,59,66,0,0,0,43,39,3,0,50,33,0,0,0,0,0,0,0,19,0,10,25,2,22,0
l18,6=0,0,0,0,0,0,0,0,0,0,0,0,0,7,0,0,44,0,0,42,0,45,0,0,0,0,0,0,0,0,0,0,0,0,0,0,0,0,0,0
l19,6=0,0,0,0,0,0,0,0,0,0,0,0,0,47,0,0,44,0,21,0,66,50,64,0,0,0,0,0,0,15,0,4,0,0,0,3,32,0,25,33
l20,6=0,0,0,0,0,0,0,0,20,5,0,19,28,28,38,0,39,40,0,65,0,60,65,0,0,0,0,0,26,0,0,6,0,1,0,0,43,17,48,38
l21,6=0,0,0,0,0,0,0,0,25,2,0,0,28,0,0,37,41,32,18,58,66,0,64,0,0,0,0,0,0,0,0,0,0,0,0,43,28,19,24,50
l22,6=0,0,0,0,0,0,0,0,29,18,0,0,0,49,40,42,46,0,0,68,68,59,0,0,0,0,28,0,0,0,0,0,0,0,0,40,49,11,44,47
l23,6=0,0,0,0,23,0,0,0,19,0,0,23,54,13,60,44,38,0,0,0,0,0,0,0,62,54,0,0,0,0,0,7,0,44,33,0,0,0,0,0
l24,6=0,0,0,0,0,0,0,0,42,0,0,48,64,54,59,47,49,49,0,0,0,0,0,64,0,46,0,0,0,0,0,0,0,43,23,0,0,0,0,0
l25,6=0,0,0,0,0,0,0,0,23,0,0,26,58,5,56,37,36,35,0,0,0,0,0,59,52,0,0,0,0,0,0,0,20,45,0,0,0,0,0,0
l26,6=0,0,0,0,0,0,0,0,0,0,0,0,0,0,0,0,0,0,0,0,23,0,28,0,0,0,0,58,78,76,61,56,64,34,34,0,0,0,0,0
l27,6=0,0,0,0,0,0,0,0,0,0,0,0,0,0,0,0,0,0,0,0,0,0,0,0,0,0,63,0,73,78,88,49,52,0,0,0,0,0,0,0
l28,6=0,0,0,0,0,0,0,0,0,0,0,0,0,0,0,0,0,0,0,0,42,0,1,0,0,0,66,85,0,83,88,59,51,57,39,0,0,0,0,0
l29,6=0,0,0,0,0,0,0,0,0,0,0,0,0,0,0,0,0,0,0,18,0,0,0,0,0,0,65,81,78,0,43,32,42,38,20,0,0,0,0,0
l30,6=0,0,0,0,0,0,0,0,0,0,0,0,0,0,0,0,0,0,0,0,0,0,0,0,0,0,62,85,73,45,0,38,0,1,28,0,0,0,0,0
l31,6=0,0,0,0,0,0,0,0,0,0,0,0,0,0,0,0,0,0,0,20,26,0,0,27,0,0,63,39,53,34,45,0,80,60,43,0,0,0,0,0
l32,6=0,0,0,0,0,0,0,0,0,0,0,0,4,0,0,0,0,0,0,0,0,0,0,27,0,41,57,32,48,44,0,63,0,74,69,0,0,0,0,0
l33,6=0,0,0,0,0,0,0,0,0,0,0,0,41,0,47,0,0,31,0,0,31,0,0,39,37,41,35,0,46,40,30,54,74,0,57,0,0,0,0,0
l34,6=0,0,0,0,0,0,0,0,0,0,0,0,37,0,38,0,0,0,0,0,39,0,0,41,30,0,42,0,49,36,50,53,84,71,0,0,0,0,0,0
l35,6=0,0,0,0,0,0,0,0,0,0,0,0,0,36,0,3,42,0,0,0,1,50,45,0,0,0,0,0,0,0,0,0,0,0,0,0,38,35,27,44
l36,6=0,0,0,0,0,0,0,0,0,0,0,23,22,35,0,2,40,34,0,17,32,54,57,0,0,0,0,0,0,0,0,0,0,0,0,54,0,34,31,58
l37,6=0,0,0,0,0,0,0,0,0,0,0,10,0,0,0,0,10,0,0,0,29,46,1,0,0,0,0,0,0,0,0,0,0,0,0,54,57,0,22,39
l38,6=0,0,0,0,0,0,0,0,0,2,0,44,23,35,9,45,53,42,0,19,39,56,57,0,0,0,0,0,0,0,0,0,0,0,0,52,60,26,0,56
l39,6=0,0,0,0,0,0,0,0,0,0,0,0,0,0,0,0,39,0,0,4,27,55,58,0,0,0,0,0,0,0,0,0,0,0,0,44,59,25,51,0

l0,7=0,92,92,89,95,91,85,75,73,70,76,0,0,0,0,0,0,0,0,0,0,0,0,3,0,0,0,0,0,0,0,0,0,0,0,0,0,0,0,0
l1,7=90,0,97,89,95,86,80,79,50,53,51,0,0,53,0,0,0,0,0,0,0,0,0,0,0,0,0,0,0,0,0,0,0,0,0,0,0,0,0,0
l2,7=80,89,0,89,92,53,80,35,76,79,57,0,0,0,0,0,0,0,0,0,0,0,0,0,0,0,0,0,0,0,0,0,0,0,0,0,0,0,0,0
l3,7=81,85,91,0,94,82,80,45,0,62,67,0,0,0,0,0,0,0,0,0,0,0,0,0,0,0,0,0,0,0,0,0,0,0,0,0,0,0,0,0
l4,7=90,92,96,93,0,91,85,77,81,0,73,0,0,73,0,0,0,0,0,0,0,0,0,0,0,0,0,0,0,0,0,0,0,0,0,0,0,0,0,0
l5,7=81,89,78,88,92,0,1,88,82,83,78,0,2,51,0,0,0,0,0,0,0,0,0,0,0,0,0,0,0,0,0,0,0,0,0,0,0,0,0,0
l6,7=75,87,90,77,83,0,0,88,0,83,74,20,0,45,0,0,19,0,0,0,0,0,0,0,0,0,0,0,0,0,0,0,0,0,0,0,0,0,0,0
l7,7=28,58,25,48,50,86,80,0,66,83,78,11,7,53,0,58,0,8,0,0,0,0,0,0,0,0,0,0,0,0,0,0,0,0,0,0,0,0,0,0
l8,7=15,7,30,0,66,29,0,38,0,85,78,47,15,87,25,61,38,40,0,1,2,8,47,0,14,0,0,0,0,0,0,0,0,0,0,0,0,0,0,0
l9,7=12,14,40,40,0,51,80,88,87,0,78,33,12,83,1,63,0,18,0,0,24,1,15,6,12,0,0,0,0,0,0,0,0,0,0,0,0,0,12,0
l10,7=37,18,45,56,49,68,61,88,85,85,0,62,0,18,0,69,36,4,0,0,0,0,0,0,0,0,0,0,0,0,0,0,0,0,0,0,0,0,0,0
l11,7=0,0,0,0,0,0,12,5,65,51,32,0,24,31,30,84,37,28,0,0,25,7,32,0,15,8,0,0,0,0,0,0,0,0,0,0,10,0,17,26
l12,7=0,0,0,0,0,0,0,0,40,35,0,42,0,14,52,65,44,36,0,1,28,0,0,46,83,50,0,0,0,0,0,0,0,24,2,0,9,0,12,0
l13,7=0,12,0,0,26,14,14,20,85,73,5,23,12,0,28,58,25,34,0,0,22,0,29,21,27,7,0,0,0,0,0,0,0,0,0,11,13,0,12,0
l14,7=0,0,0,0,0,0,0,0,39,7,0,18,44,25,0,33,28,36,0,0,28,38,28,57,17,27,0,0,0,0,0,1,0,27,0,0,0,0,12,0
l15,7=0,0,0,0,0,0,0,20,62,62,30,78,55,60,31,0,27,30,0,0,31,42,38,30,13,9,0,0,0,0,0,0,0,0,0,0,13,21,15,0
l16,7=0,0,0,0,0,0,10,0,39,0,23,21,18,12,28,26,0,32,36,7,27,42,43,23,13,3,0,0,0,0,0,0,9,12,0,20,21,22,18,0
l17,7=0,0,0,0,0,0,0,0,47,37,0,18,17,25,35,35,33,0,0,28,39,35,36,25,17,0,0,0,0,0,0,0,0,21,0,0,16,0,17,0
l18,7=0,0,0,0,0,0,0,0,0,0,0,0,0,0,0,0,48,0,0,45,40,43,0,0,0,0,0,0,0,0,0,0,0,0,0,0,0,0,0,0
l19,7=0,0,0,0,0,0,0,0,4,0,0,0,6,0,0,0,11,14,37,0,67,56,68,0,0,0,38,0,0,0,0,44,0,0,0,0,14,0,21,0
l20,7=0,0,0,0,0,0,0,0,0,25,0,14,11,8,26,23,32,27,36,67,0,70,70,0,10,0,30,0,4,14,0,34,0,0,0,25,42,25,54,27
l21,7=0,0,0,0,0,0,0,0,27,29,0,5,0,0,26,24,29,21,34,46,67,0,69,0,11,0,30,0,0,0,0,0,1,0,0,24,30,10,45,53
l22,7=0,0,0,0,0,0,0,0,35,27,0,14,0,13,20,27,51,24,0,66,73,70,0,0,0,0,0,0,0,9,0,0,0,0,0,22,48,0,42,56
l23,7=0,0,0,0,0,0,0,0,0,14,0,0,50,17,61,41,28,25,0,0,0,0,0,0,87,80,0,0,0,0,0,0,0,18,34,0,0,0,0,0
l24,7=0,0,0,0,0,0,0,0,41,44,0,17,76,33,31,31,30,36,0,0,29,16,0,84,0,65,0,0,0,0,0,0,0,26,18,0,0,0,0,0
l25,7=0,0,0,0,0,0,0,0,0,17,0,24,73,27,53,45,22,0,0,0,0,0,0,80,71,0,0,0,0,23,0,34,34,45,0,0,0,0,9,0
l26,7=0,0,0,0,0,0,0,0,0,0,0,0,0,0,0,0,0,0,0,42,26,29,0,0,0,0,0,68,75,87,73,68,81,55,55,0,0,0,0,0
l27,7=0,0,0,0,0,0,0,0,0,0,0,0,0,0,0,0,0,0,0,0,0,0,0,0,0,0,70,0,71,87,90,38,67,0,1,0,0,0,0,0
l28,7=0,0,0,0,0,0,0,0,0,0,0,0,0,0,0,0,0,0,0,0,27,0,0,0,0,0,78,90,0,90,90,67,43,59,52,0,0,0,0,0
l29,7=0,0,0,0,0,0,0,0,0,0,0,0,0,0,0,0,0,0,0,0,20,0,8,0,0,19,73,90,75,0,90,56,57,51,3,0,0,0,0,0
l30,7=0,0,0,0,0,0,0,0,0,0,0,0,0,0,0,0,0,0,0,0,0,0,0,0,0,0,65,90,71,87,0,59,52,21,49,0,0,0,0,0
l31,7=0,0,0,0,0,0,0,0,0,0,0,0,0,0,0,0,0,0,0,43,19,0,0,0,0,9,75,12,51,42,52,0,87,85,78,0,0,0,0,0
l32,7=0,0,0,0,0,0,0,0,0,0,0,0,6,0,0,0,19,0,0,0,0,0,0,9,0,23,61,42,32,60,53,66,0,81,80,0,0,0,0,0
l33,7=0,0,0,0,0,0,0,0,0,0,0,0,38,0,46,0,37,36,0,0,17,0,0,43,45,42,51,0,55,42,45,66,86,0,69,0,0,0,0,0
l34,7=0,0,0,0,0,0,0,0,0,0,0,0,23,0,0,0,0,0,0,0,1,8,0,65,34,0,50,20,38,26,51,65,89,61,0,0,0,0,0,0
l35,7=0,0,0,0,0,0,0,0,0,0,0,0,0,3,0,0,36,0,0,0,39,49,42,0,0,0,0,0,0,0,0,0,0,0,0,0,56,59,28,53
l36,7=0,0,0,0,0,0,0,0,0,0,0,1,5,9,0,9,36,22,0,9,38,51,52,0,0,0,0,0,0,0,0,0,0,0,0,43,0,57,49,54
l37,7=0,0,0,0,0,0,0,0,0,0,0,0,0,0,0,15,30,0,0,0,31,0,0,0,0,0,0,0,0,0,0,0,0,0,0,30,44,0,16,46
l38,7=0,0,0,0,0,0,0,0,0,27,0,24,11,21,25,33,57,35,0,26,41,59,52,0,0,0,0,0,0,0,0,0,0,0,0,39,55,27,0,53
l39,7=0,0,0,0,0,0,0,0,0,0,0,0,0,0,0,0,0,0,0,0,28,58,53,0,0,0,0,0,0,0,0,0,0,0,0,30,50,30,20,0

l0,8=0,95,96,86,95,98,86,86,22,89,83,0,0,51,0,0,0,0,0,0,0,0,0,0,0,0,0,0,0,0,0,0,0,0,0,0,0,0,0,0
l1,8=98,0,96,93,96,98,86,91,81,92,0,0,0,38,0,0,0,0,0,0,0,0,0,13,0,0,0,0,0,0,0,0,0,0,0,0,0,0,0,0
l2,8=98,94,0,88,92,98,85,88,0,90,84,0,0,5,0,7,0,0,0,0,0,0,0,0,0,0,0,0,0,0,0,0,0,0,0,0,0,0,0,0
l3,8=85,93,87,0,95,97,86,90,0,85,23,0,0,0,0,0,0,0,0,0,0,0,0,0,0,0,0,0,0,0,0,0,0,0,0,0,0,0,0,0
l4,8=97,94,96,95,0,97,86,90,92,60,79,0,0,58,0,0,0,0,0,0,0,0,0,0,0,0,0,0,0,0,0,0,0,0,0,0,0,0,0,0
l5,8=98,94,96,93,95,0,85,94,94,89,87,51,0,50,0,0,0,0,0,0,0,0,0,0,0,0,0,0,0,0,0,0,0,0,0,0,0,0,0,0
l6,8=93,90,91,87,92,88,0,91,75,95,84,0,0,21,0,16,46,0,0,0,0,0,0,0,0,0,0,0,0,0,0,0,0,0,0,0,0,0,0,0
l7,8=94,90,90,87,91,93,85,0,94,98,98,31,0,77,0,0,15,43,0,0,0,0,0,0,0,0,0,0,0,0,0,0,0,0,0,0,0,0,0,0
l8,8=0,8,0,0,90,85,52,93,0,98,95,93,0,86,67,94,0,53,0,66,0,0,78,0,33,0,0,0,0,0,0,0,0,0,0,0,0,0,0,0
l9,8=63,51,8,75,7,78,83,94,95,0,98,60,26,79,57,95,51,45,0,0,0,56,27,66,76,0,0,0,0,0,0,0,0,0,0,0,0,0,68,0
l10,8=64,0,76,73,84,91,83,94,95,98,0,54,0,67,0,91,0,0,0,0,0,0,0,0,0,0,0,0,0,0,0,0,0,0,0,0,0,0,0,0
l11,8=0,0,0,0,0,18,0,2,89,95,72,0,99,52,87,98,57,56,0,0,14,42,21,82,87,83,0,0,0,0,0,0,0,0,0,32,52,0,59,0
l12,8=0,0,0,0,0,0,0,0,0,14,0,62,0,12,97,98,62,52,0,0,32,0,0,94,97,95,0,0,0,0,0,0,0,65,20,44,43,0,54,0
l13,8=27,1,0,0,62,39,0,58,98,98,82,39,22,0,85,92,49,49,0,0,25,63,0,73,88,74,0,0,0,0,0,0,0,0,0,14,41,0,68,0
l14,8=0,0,0,0,0,0,0,0,69,67,0,51,99,63,0,88,46,59,0,0,29,70,1,92,97,76,0,0,0,0,0,0,0,32,0,0,51,0,0,0
l15,8=0,0,0,0,0,0,0,0,89,95,85,99,67,78,90,0,57,58,0,0,43,60,60,80,81,62,0,0,0,0,0,0,0,0,0,0,59,0,78,0
l16,8=0,0,0,0,0,0,5,0,0,45,0,58,59,35,53,77,0,44,24,61,41,49,77,47,92,43,0,0,0,0,0,20,14,16,34,54,56,40,49,46
l17,8=0,0,0,0,0,0,0,9,79,49,0,60,55,47,96,95,57,0,0,39,38,1,42,30,84,0,0,0,0,0,0,0,0,62,0,2,51,0,64,14
l18,8=0,0,0,0,0,0,0,0,0,0,0,0,0,0,0,0,81,0,0,75,71,75,0,0,0,0,0,0,0,0,0,0,0,0,0,0,0,0,0,0
l19,8=0,0,0,0,0,0,0,0,51,0,0,0,2,0,0,0,78,59,47,0,76,76,90,0,0,0,56,0,0,0,0,59,0,0,0,62,54,0,50,0
l20,8=0,0,0,0,0,0,0,0,0,0,0,0,33,14,49,60,40,34,40,96,0,97,93,0,1,0,0,0,5,0,0,0,0,0,0,55,75,48,78,46
l21,8=0,0,0,0,0,0,0,0,0,48,0,24,3,44,49,60,35,0,37,64,77,0,93,0,0,0,0,0,0,0,0,0,0,0,4,61,61,38,74,52
l22,8=0,0,0,0,0,0,0,0,58,42,0,11,0,0,0,61,78,34,0,93,77,94,0,0,0,0,0,0,0,35,0,0,0,0,0,72,72,0,69,75
l23,8=0,0,0,0,0,0,0,0,0,70,0,53,93,66,94,80,52,36,0,0,0,0,0,0,97,95,0,0,0,0,0,0,67,72,81,0,0,0,0,0
l24,8=0,0,0,13,0,0,0,0,4,82,0,54,99,68,91,76,94,51,0,0,6,0,0,96,0,94,0,0,0,0,0,0,0,2,60,0,19,0,0,0
l25,8=0,0,0,1,0,0,0,0,0,0,0,55,99,62,75,71,42,0,0,0,0,0,0,96,92,0,0,0,0,39,0,31,71,80,78,0,0,0,4,0
l26,8=0,0,0,0,0,0,0,0,0,0,0,0,0,0,0,0,0,0,0,73,0,0,0,0,0,0,0,89,93,95,90,92,89,86,87,0,0,0,0,0
l27,8=0,0,0,0,0,0,0,0,0,0,0,0,0,0,0,0,0,0,0,0,0,0,0,0,0,0,92,0,93,95,93,0,83,0,83,0,0,0,0,0
l28,8=0,0,0,0,0,0,0,0,0,0,0,0,0,0,0,0,0,0,0,0,62,0,0,0,0,0,92,92,0,95,93,92,71,88,83,0,0,0,0,0
l29,8=0,0,0,0,0,0,0,0,0,0,0,0,0,0,0,0,0,0,0,0,6,0,72,0,0,66,92,92,93,0,93,91,67,82,80,0,0,0,0,0
l30,8=0,0,0,0,0,0,0,0,0,0,0,0,0,0,0,0,0,0,0,0,0,0,0,0,0,0,89,92,93,95,0,77,85,80,0,0,0,0,0,0
l31,8=0,0,0,0,0,0,0,0,0,0,0,0,0,0,0,0,75,0,0,63,0,0,0,0,2,32,91,0,87,84,79,0,89,90,90,0,0,0,0,0
l32,8=0,0,0,0,0,0,0,0,0,0,0,0,0,0,0,0,23,0,0,0,0,0,0,64,0,77,89,79,17,71,81,97,0,94,93,0,0,0,0,0
l33,8=0,0,0,0,0,0,0,0,0,0,0,0,79,0,61,0,25,75,0,0,23,0,0,68,31,80,79,0,79,79,79,96,91,0,90,0,0,0,0,0
l34,8=0,0,0,0,0,0,0,0,0,0,0,0,67,0,0,0,81,0,0,0,34,7,0,76,67,80,79,76,75,79,0,93,94,88,0,0,0,0,0,0
l35,8=0,0,0,0,0,0,0,0,0,0,0,0,27,1,0,0,32,0,0,44,29,53,55,0,0,0,0,0,0,0,0,0,0,0,0,0,75,59,61,65
l36,8=0,0,0,0,0,0,0,0,0,0,0,20,15,24,37,49,31,7,0,41,35,50,66,0,9,0,0,0,0,0,0,0,0,0,0,74,0,42,66,52
l37,8=0,0,0,0,0,0,0,0,0,0,0,0,0,0,0,0,33,0,0,0,34,43,0,0,0,0,0,0,0,0,0,0,0,0,0,75,61,0,57,47
l38,8=0,0,0,0,0,0,0,0,0,47,0,22,17,37,0,63,24,24,0,40,42,66,68,0,0,0,0,0,0,0,0,0,0,0,0,72,77,48,0,44
l39,8=0,0,0,0,0,0,0,0,0,0,0,0,0,0,0,0,39,0,0,0,34,69,69,0,0,0,0,0,0,0,0,0,0,0,0,73,67,50,60,0

l0,9=0,98,100,97,92,100,98,94,91,96,95,0,0,1,0,0,0,0,0,0,0,0,0,0,0,0,0,0,0,0,0,0,0,0,0,0,0,0,0,0
l1,9=99,0,100,97,99,100,91,96,93,85,96,0,0,0,0,0,0,0,0,0,0,0,0,0,0,0,0,0,0,0,0,0,0,0,0,0,0,0,0,0
l2,9=98,98,0,98,99,100,100,100,5,85,96,0,28,0,0,2,0,0,0,0,0,0,0,0,0,0,0,0,0,0,0,0,0,0,0,0,0,0,0,0
l3,9=94,90,95,0,99,95,91,93,0,0,0,0,0,0,0,0,0,0,0,0,0,0,0,0,0,0,0,0,0,0,0,0,0,0,0,0,0,0,0,0
l4,9=96,97,98,98,0,96,92,89,92,84,94,0,0,0,48,0,0,0,0,0,0,0,0,0,0,0,0,0,0,0,0,0,0,0,0,0,0,0,0,0
l5,9=98,98,100,98,99,0,100,5,98,99,100,0,1,56,0,0,0,0,0,0,0,0,0,0,0,0,0,0,0,0,0,0,0,0,0,0,0,0,0,0
l6,9=98,77,100,97,75,61,0,100,93,99,100,0,0,53,0,0,53,0,0,0,0,0,0,0,0,0,0,0,0,0,0,0,0,0,0,0,0,0,0,0
l7,9=93,98,100,96,84,2,100,0,99,99,100,63,23,100,0,24,0,0,0,0,0,0,0,0,0,0,0,0,0,0,0,0,0,0,0,0,0,0,0,0
l8,9=84,94,0,10,60,63,63,98,0,99,97,89,0,100,5,95,77,35,0,64,0,0,34,0,0,0,0,0,0,0,0,0,0,0,0,0,0,0,0,0
l9,9=94,89,72,0,45,61,99,100,99,0,100,98,0,100,89,93,85,0,0,0,0,0,1,31,24,0,0,0,0,0,0,0,0,0,0,0,0,0,0,0
l10,9=95,95,91,0,98,99,100,100,98,99,0,0,28,99,0,97,63,25,0,0,2,0,0,25,0,0,0,0,0,0,0,0,0,0,0,0,0,0,0,0
l11,9=0,0,0,0,0,0,0,42,57,92,0,0,98,39,90,98,89,37,0,0,83,78,7,38,44,53,0,0,0,0,0,0,0,0,0,17,27,1,75,0
l12,9=0,0,0,0,0,0,0,0,0,0,2,88,0,39,92,97,89,63,0,0,73,75,27,57,44,100,0,0,0,0,0,0,0,0,0,0,17,0,87,0
l13,9=0,0,0,0,0,24,57,62,99,99,97,96,35,0,59,98,90,1,0,24,82,82,0,34,44,51,0,0,0,0,0,0,0,0,0,0,29,0,83,0
l14,9=0,0,0,0,21,0,0,0,0,93,0,81,97,25,0,97,89,37,0,0,93,80,12,99,99,56,0,0,0,0,0,0,0,8,0,0,29,0,0,0
l15,9=0,0,0,0,0,0,0,0,44,90,95,99,61,39,90,0,89,37,0,0,81,80,31,33,44,0,0,0,0,0,0,0,0,0,0,0,27,0,85,0
l16,9=0,0,0,0,0,0,7,0,29,79,68,77,33,35,81,92,0,36,26,68,94,78,31,38,44,48,0,0,0,0,0,76,0,80,85,0,30,39,88,86
l17,9=0,0,0,0,0,0,0,0,40,0,76,81,35,4,90,97,89,0,0,73,81,77,33,0,38,2,0,0,0,0,0,0,0,83,0,0,26,0,72,81
l18,9=0,0,0,0,0,0,0,0,0,1,0,0,0,0,0,0,88,0,0,0,87,89,4,0,0,0,0,0,0,0,0,0,0,0,0,0,30,0,0,0
l19,9=0,0,0,0,0,0,0,0,28,0,0,0,0,3,0,0,82,57,0,0,94,91,89,0,0,0,0,0,0,0,0,0,0,0,0,63,35,39,0,76
l20,9=0,0,0,0,0,0,0,0,0,0,0,53,25,23,73,71,92,20,19,94,0,97,91,0,9,0,9,0,0,0,0,0,0,0,63,26,83,74,87,84
l21,9=0,0,0,0,0,0,0,0,0,0,0,51,28,26,68,75,67,29,24,83,98,0,89,0,0,0,0,0,0,0,0,0,0,43,0,34,29,39,84,71
l22,9=0,0,0,0,0,0,0,0,59,24,0,2,41,0,49,77,76,55,0,90,99,92,0,0,0,0,0,0,0,52,0,67,0,0,0,88,83,52,87,30
l23,9=0,0,0,0,0,0,0,0,0,79,43,82,98,39,100,97,89,0,0,0,0,0,0,0,99,100,0,0,0,0,0,0,95,99,99,0,0,0,0,0
l24,9=0,0,0,0,0,0,0,0,0,64,0,81,98,36,95,97,99,36,0,0,66,0,0,99,0,99,0,0,0,0,0,0,0,93,91,0,32,0,0,0
l25,9=0,0,0,0,0,0,0,0,0,0,0,79,98,33,91,0,86,3,0,0,0,0,0,99,99,0,0,0,0,40,0,0,94,99,88,0,0,0,79,0
l26,9=0,0,0,0,0,0,0,0,0,0,0,0,0,0,0,0,0,0,0,23,81,0,0,0,0,0,0,88,97,99,99,100,100,87,90,0,0,0,0,0
l27,9=0,0,0,0,0,0,0,0,0,0,0,0,0,0,0,0,0,0,0,0,0,0,0,0,0,0,96,0,97,99,100,100,88,0,0,0,0,0,0,0
l28,9=0,0,0,0,0,0,0,0,0,0,0,0,0,0,0,0,0,0,0,0,67,0,52,0,0,0,98,100,0,99,100,94,0,88,82,0,0,0,0,0
l29,9=0,0,0,0,0,0,0,0,0,0,0,0,0,0,0,0,0,0,0,0,0,0,81,0,0,38,98,100,97,0,100,98,85,87,88,0,0,0,0,0
l30,9=0,0,0,0,0,0,0,0,0,0,0,0,0,0,0,0,0,0,0,0,0,0,0,0,0,0,97,100,97,99,0,100,97,33,88,0,0,0,0,0
l31,9=0,0,0,0,0,0,0,0,0,0,0,0,0,0,0,0,75,0,0,0,0,0,41,0,0,0,96,62,96,97,99,0,100,100,100,0,0,0,0,0
l32,9=0,0,0,0,0,0,0,0,0,0,0,0,0,0,0,0,0,0,0,0,0,0,0,59,0,89,98,58,0,60,97,100,0,100,100,0,0,0,0,0
l33,9=0,0,0,0,0,0,0,0,0,0,0,0,24,0,27,0,87,90,0,0,58,25,0,99,98,100,95,0,94,91,84,100,100,0,100,0,0,0,0,0
l34,9=0,0,0,0,0,0,0,0,0,0,0,0,31,0,52,0,93,0,0,0,92,0,0,95,44,54,97,0,37,80,99,100,100,100,0,0,0,0,0,0
l35,9=0,0,0,0,0,0,0,0,0,0,0,0,0,0,0,0,0,0,0,51,58,77,44,0,0,0,0,0,0,0,0,0,0,0,0,0,82,76,80,73
l36,9=0,0,0,0,0,0,0,0,0,0,0,44,22,11,26,56,51,10,0,33,80,70,30,0,20,0,0,0,0,0,0,0,0,0,0,51,0,42,73,75
l37,9=0,0,0,0,0,0,0,0,0,0,0,0,0,0,0,0,49,0,0,41,76,70,25,0,0,0,0,0,0,0,0,0,0,0,0,48,48,0,73,76
l38,9=0,0,0,0,0,0,0,0,0,0,0,19,26,21,0,72,74,0,0,0,93,84,32,0,0,9,0,0,0,0,0,0,0,0,0,29,32,42,0,78
l39,9=0,0,0,0,0,0,0,0,0,0,0,0,0,0,0,0,72,28,0,49,84,79,0,0,0,0,0,0,0,0,0,0,0,0,0,48,52,55,74,0

l0,10=0,93,89,92,91,87,88,73,70,85,79,0,0,0,0,0,0,0,0,0,0,0,0,0,0,0,0,0,0,0,0,0,0,0,0,0,0,0,0,0
l1,10=89,0,87,82,89,90,86,81,42,52,56,14,0,0,0,0,0,0,0,0,0,0,0,0,0,0,0,0,0,0,0,0,0,0,0,0,0,0,0,0
l2,10=86,87,0,87,88,87,87,89,0,79,64,0,54,0,0,0,0,0,0,0,0,0,0,0,0,0,0,0,0,0,0,0,0,0,0,0,0,0,0,0
l3,10=89,76,86,0,94,68,82,63,0,62,0,0,0,0,0,0,0,0,0,0,0,0,0,0,0,0,0,0,0,0,0,0,0,0,0,0,0,0,0,0
l4,10=86,86,85,94,0,87,63,76,40,68,85,0,0,9,46,0,0,0,0,0,0,0,0,0,0,0,0,0,0,0,0,0,0,0,0,0,0,0,0,0
l5,10=86,88,86,87,88,0,87,89,69,86,86,0,1,73,0,0,0,0,0,0,0,0,0,0,0,0,0,0,0,0,0,0,0,0,0,0,0,0,0,0
l6,10=84,80,81,84,58,86,0,90,78,83,81,0,0,56,0,0,15,0,0,0,0,0,0,0,0,0,0,0,0,0,0,0,0,0,0,0,0,0,0,0
l7,10=68,85,81,79,78,86,87,0,87,87,87,66,51,76,28,0,0,0,0,0,0,0,0,0,0,0,0,0,0,0,0,0,0,0,0,0,0,0,0,0
l8,10=43,8,0,9,48,58,82,86,0,90,46,76,78,79,0,79,60,45,0,22,0,0,53,43,8,0,0,0,0,0,0,0,0,0,0,0,0,0,0,0
l9,10=79,0,63,72,69,75,87,89,87,0,87,81,79,78,51,74,0,0,0,0,0,17,0,6,0,0,0,0,0,0,0,0,0,0,0,0,0,0,0,0
l10,10=73,61,53,0,83,74,82,89,71,87,0,64,0,71,0,75,0,61,0,0,0,0,0,5,0,0,0,0,0,0,0,0,0,0,0,0,0,0,0,0
l11,10=0,5,0,0,0,0,0,63,82,80,42,0,85,79,80,89,0,83,0,0,71,54,0,80,81,72,0,0,0,0,0,0,0,0,0,2,60,0,66,0
l12,10=0,0,0,0,0,0,0,0,68,67,0,86,0,76,91,88,92,95,0,0,76,65,0,91,96,99,0,0,0,0,0,0,0,27,0,0,36,0,82,0
l13,10=0,0,0,0,4,59,55,84,87,86,53,82,85,0,58,82,81,0,0,0,67,47,0,39,52,0,0,0,0,0,0,0,0,0,0,0,0,0,58,0
l14,10=0,0,0,0,58,0,0,0,0,57,0,87,98,73,0,82,85,87,0,0,71,0,0,86,93,87,0,0,0,0,0,0,0,34,0,0,68,0,62,0
l15,10=0,0,0,0,0,0,0,0,80,60,50,88,92,81,60,0,77,65,0,10,64,0,46,10,49,57,0,0,0,0,0,0,0,0,0,0,17,2,49,0
l16,10=0,0,0,0,0,0,13,0,41,0,0,0,91,55,52,71,0,65,14,15,77,50,34,33,57,0,0,0,0,0,0,0,10,0,31,42,59,52,86,59
l17,10=0,0,0,0,0,0,8,0,53,0,23,53,98,2,63,87,92,0,0,13,66,56,57,1,44,56,0,0,0,0,0,0,0,14,0,0,64,0,73,49
l18,10=0,0,0,0,0,0,0,0,0,0,0,0,0,0,0,0,59,0,0,75,76,68,0,0,0,0,0,0,0,0,0,0,0,0,0,0,0,0,0,0
l19,10=0,0,0,0,0,0,0,0,12,0,0,0,0,0,0,43,61,48,42,0,86,65,84,0,0,0,47,0,0,0,0,0,0,0,0,65,0,37,44,47
l20,10=0,0,0,0,0,0,0,0,0,0,0,22,60,42,34,43,79,32,26,85,0,90,90,0,0,0,0,0,0,0,0,0,36,0,0,68,78,47,77,78
l21,10=0,0,0,0,0,0,0,0,0,36,0,32,57,39,2,9,71,47,29,43,89,0,90,0,0,0,0,0,0,0,0,0,0,10,0,73,73,66,75,54
l22,10=0,0,0,0,0,0,0,0,39,1,0,0,0,0,0,47,51,47,0,74,89,76,0,0,0,0,0,0,0,27,0,45,0,0,0,79,74,59,77,59
l23,10=0,0,0,0,0,0,0,0,80,37,0,52,95,76,88,62,86,0,0,0,0,0,0,0,97,99,0,0,0,0,0,49,82,50,23,0,0,0,0,0
l24,10=0,0,0,0,0,0,0,0,0,6,0,53,98,76,91,84,93,65,0,0,0,0,0,97,0,95,0,0,0,0,0,0,0,48,2,0,0,0,69,0
l25,10=0,0,0,46,0,0,0,0,0,0,0,55,98,0,86,63,0,43,0,0,0,0,0,97,96,0,45,0,0,0,0,60,73,96,66,0,0,0,63,0
l26,10=0,0,0,0,0,0,0,0,0,0,0,0,0,0,0,0,0,0,0,62,4,0,0,0,0,44,0,90,95,97,100,100,97,60,83,0,0,0,0,0
l27,10=0,0,0,0,0,0,0,0,0,0,0,0,0,0,0,0,0,0,0,0,0,0,0,0,0,0,85,0,92,97,100,85,0,0,81,0,0,0,0,0
l28,10=0,0,0,0,0,0,0,0,0,0,0,0,0,0,0,0,0,0,0,0,39,0,0,0,0,0,97,99,0,97,100,92,57,78,68,0,0,0,0,0
l29,10=0,0,0,0,0,0,0,0,0,0,0,0,0,0,0,0,0,0,0,0,0,0,47,0,0,0,97,99,95,0,100,90,60,27,71,0,0,0,0,0
l30,10=0,0,0,0,0,0,0,0,0,0,0,0,0,0,0,0,0,0,0,0,0,0,0,0,0,0,97,99,95,97,0,89,74,65,77,0,0,0,0,0
l31,10=0,0,0,0,0,0,0,0,0,0,0,0,0,0,0,0,0,0,0,0,2,0,74,44,0,71,97,86,91,93,99,0,99,100,100,0,0,0,0,0
l32,10=0,0,0,0,0,0,0,0,0,0,0,0,0,0,0,0,29,0,0,0,60,0,0,80,0,66,97,0,38,78,78,100,0,100,100,0,0,0,0,0
l33,10=0,0,0,0,0,0,0,0,0,0,0,0,74,0,57,0,0,25,0,0,0,36,0,97,82,98,87,0,91,30,77,100,99,0,100,0,0,0,0,0
l34,10=0,0,0,0,0,0,0,0,0,0,0,0,0,0,0,0,86,0,0,0,6,0,0,38,32,83,95,81,44,57,82,100,99,99,0,0,0,0,0,0
l35,10=0,0,0,0,0,0,0,0,0,0,0,0,0,0,0,0,37,0,0,22,61,49,59,0,0,0,0,0,0,0,0,0,0,0,0,0,82,70,70,53
l36,10=0,0,0,0,0,0,0,0,0,0,0,10,12,0,21,1,61,29,0,0,69,46,60,0,0,0,0,0,0,0,0,0,0,0,0,86,0,75,75,72
l37,10=0,0,0,0,0,0,0,0,0,0,0,0,0,0,0,0,46,0,0,3,54,41,56,0,0,0,0,0,0,0,0,0,0,0,0,77,79,0,61,66
l38,10=0,0,0,0,0,0,0,0,0,0,0,15,45,10,8,25,78,34,0,1,72,55,62,0,3,13,0,0,0,0,0,0,0,0,0,77,77,61,0,67
l39,10=0,0,0,0,0,0,0,0,0,0,0,0,0,0,0,0,62,36,0,16,69,43,58,0,0,0,0,0,0,0,0,0,0,0,0,64,78,65,70,0

l0,11=0,86,89,89,86,85,75,64,67,65,59,0,0,0,0,0,0,0,0,0,0,0,0,0,0,0,0,0,0,0,0,0,0,0,0,0,0,0,0,0
l1,11=87,0,77,86,85,85,78,77,61,57,0,53,0,28,0,0,0,0,0,0,0,0,0,0,0,0,0,0,0,0,0,0,0,0,0,0,0,0,0,0
l2,11=85,82,0,86,85,87,83,66,0,0,78,0,0,0,0,0,0,0,0,0,0,0,0,0,0,0,0,0,0,0,0,0,0,0,0,0,0,0,0,0
l3,11=88,83,89,0,89,86,0,61,0,54,60,0,0,0,0,0,0,0,0,0,0,0,0,0,0,0,0,0,0,0,0,0,0,0,0,0,0,0,0,0
l4,11=80,78,80,86,0,82,69,71,0,63,68,0,26,0,41,0,0,0,0,0,0,0,0,0,0,0,0,0,0,0,0,0,0,0,0,0,0,0,0,0
l5,11=85,82,87,86,85,0,81,84,78,84,71,0,0,49,0,0,0,0,0,0,0,0,0,1,0,0,0,0,0,0,0,0,0,0,0,0,0,0,0,0
l6,11=73,76,57,3,71,79,0,83,62,77,69,45,0,62,0,32,15,0,0,0,0,0,0,0,0,0,0,0,0,0,0,0,0,0,0,0,0,0,0,0
l7,11=71,81,67,71,84,86,85,0,84,84,83,57,57,81,0,43,1,0,0,0,0,0,0,0,0,0,0,0,0,0,0,0,0,0,0,0,0,0,0,0
l8,11=66,60,0,0,0,45,41,72,0,86,75,75,75,82,0,78,0,39,0,30,0,0,0,40,42,0,0,0,0,0,0,0,0,0,0,0,0,0,0,0
l9,11=70,49,0,37,41,49,52,85,85,0,83,75,71,81,0,46,18,6,0,0,0,67,0,23,28,0,0,0,0,0,0,0,0,0,0,0,0,0,0,0
l10,11=52,0,74,44,75,41,73,85,77,84,0,67,0,76,0,68,0,0,0,0,0,0,0,0,0,0,0,0,0,0,0,0,0,0,0,0,0,0,0,0
l11,11=0,38,0,0,0,0,23,58,74,80,70,0,80,84,79,84,25,55,0,0,0,59,54,49,48,43,0,0,0,0,0,0,0,0,0,20,0,0,43,0
l12,11=0,0,0,0,0,0,0,9,74,71,0,86,0,75,92,51,51,59,0,0,60,60,52,50,91,93,0,0,0,0,0,0,0,0,0,0,0,0,47,0
l13,11=0,9,0,0,0,23,24,75,85,85,81,83,79,0,70,82,26,40,0,22,58,60,0,45,46,38,0,0,0,0,0,0,0,0,0,0,0,0,42,0
l14,11=0,0,0,0,26,0,0,0,0,0,0,85,89,65,0,0,52,44,0,0,49,54,0,52,43,62,0,0,0,0,0,0,0,31,22,25,59,0,41,0
l15,11=0,0,0,0,0,0,24,13,77,70,73,88,85,86,0,0,48,60,0,32,58,65,50,11,2,44,0,0,0,0,0,0,0,0,0,12,62,0,46,0
l16,11=0,0,0,0,0,0,7,0,0,46,0,69,84,63,74,29,0,45,0,0,63,71,60,35,56,27,0,0,0,0,0,0,46,0,17,4,66,56,50,36
l17,11=0,0,0,0,0,0,0,0,57,55,12,89,88,65,78,30,31,0,0,0,55,64,55,41,40,10,0,0,0,0,0,0,0,0,0,0,60,0,41,0
l18,11=0,0,0,0,0,0,0,0,0,0,0,0,0,0,0,0,17,0,0,75,63,77,42,0,0,0,0,0,0,0,0,0,0,0,0,0,0,0,0,0
l19,11=0,0,0,0,0,0,0,0,29,0,0,0,0,24,0,13,0,0,52,0,73,69,60,0,0,0,49,0,0,0,0,0,0,0,0,31,0,26,22,31
l20,11=0,0,0,0,0,0,0,0,0,0,0,0,43,40,12,18,59,20,40,82,0,88,77,0,0,0,0,0,0,0,0,14,30,1,0,19,58,53,62,36
l21,11=0,0,0,0,0,0,0,0,0,47,0,43,40,44,34,13,70,25,45,70,80,0,77,0,2,0,0,0,0,0,0,0,0,0,0,16,53,47,79,5
l22,11=0,0,0,0,0,0,0,0,0,0,0,40,39,0,0,11,30,20,10,65,78,85,0,0,0,0,0,0,0,9,0,33,0,0,0,66,65,45,73,62
l23,11=0,0,0,0,0,0,0,0,28,44,0,85,87,75,86,3,25,36,0,0,0,0,0,0,91,96,0,0,0,0,0,46,59,33,0,0,0,0,0,0
l24,11=0,0,0,0,0,0,0,0,40,57,0,80,91,73,73,0,82,40,0,0,8,0,0,91,0,90,0,0,0,0,0,0,0,0,0,0,0,0,0,0
l25,11=0,0,0,0,0,0,0,0,0,0,0,66,91,53,88,38,26,3,0,0,0,0,0,95,89,0,0,0,0,0,0,62,55,85,0,0,0,0,0,0
l26,11=0,0,0,0,0,0,0,0,0,0,0,0,0,0,0,0,0,0,0,46,0,0,0,0,0,0,0,83,94,90,95,94,90,41,71,0,0,0,0,0
l27,11=0,0,0,0,0,0,0,0,0,0,0,0,0,0,0,0,0,0,0,0,0,0,0,0,0,0,87,0,91,91,96,55,1,0,43,0,0,0,0,0
l28,11=0,0,0,0,0,0,0,0,0,0,0,0,0,0,0,0,0,0,0,31,19,0,0,0,0,0,90,96,0,91,95,87,70,0,46,0,0,0,0,0
l29,11=0,0,0,0,0,0,0,0,0,0,0,0,0,0,0,0,0,0,0,0,0,0,21,0,0,0,90,96,94,0,95,78,36,38,46,0,0,0,0,0
l30,11=0,0,0,0,0,0,0,0,0,0,0,0,0,0,0,0,0,0,0,0,0,0,0,0,0,0,89,96,94,91,0,84,51,69,67,0,0,0,0,0
l31,11=0,0,0,0,0,0,0,0,0,0,0,0,0,0,0,0,0,0,0,0,52,0,53,60,0,69,90,77,90,87,89,0,95,100,100,0,0,0,0,0
l32,11=0,0,0,0,0,0,0,0,0,0,0,0,0,0,0,0,10,0,0,0,21,0,0,19,0,17,90,0,28,23,32,94,0,100,100,0,0,0,0,0
l33,11=0,0,0,0,0,0,0,0,0,0,0,0,0,0,79,0,0,0,0,0,34,0,0,77,0,95,79,0,0,76,89,99,99,0,100,0,0,0,0,0
l34,11=0,0,0,0,0,0,0,0,0,0,0,0,0,0,41,0,46,0,0,0,0,0,0,0,0,2,86,83,17,79,88,99,99,100,0,0,0,0,0,0
l35,11=0,0,0,0,0,0,0,0,0,0,0,8,0,0,19,2,0,0,0,29,45,20,59,0,0,0,0,0,0,0,0,0,0,0,0,0,81,63,50,0
l36,11=0,0,0,0,0,0,0,0,0,0,0,0,0,0,10,12,24,26,0,0,56,50,61,0,0,0,0,0,0,0,0,0,0,0,0,52,0,73,51,47
l37,11=0,0,0,0,0,0,0,0,0,0,0,0,0,0,0,0,20,0,0,1,54,42,49,0,0,0,0,0,0,0,0,0,0,0,0,26,76,0,31,38
l38,11=0,0,0,0,0,0,0,0,0,0,0,53,57,15,26,18,27,24,0,7,61,76,68,0,0,0,0,0,0,0,0,0,0,0,0,30,76,34,0,46
l39,11=0,0,0,0,0,0,0,0,0,0,0,0,0,0,0,0,22,0,0,40,56,0,63,0,0,0,0,0,0,0,0,0,0,0,0,0,78,60,58,0

l0,12=0,93,88,91,83,86,67,3,0,68,38,0,0,0,0,0,0,0,0,0,0,0,0,0,0,0,0,0,0,0,0,0,0,0,0,0,0,0,0,0
l1,12=88,0,80,87,83,86,86,83,22,12,62,60,0,0,0,0,0,0,0,0,0,0,0,0,0,0,0,0,0,0,0,0,0,0,0,0,0,0,0,0
l2,12=87,78,0,86,83,87,86,42,11,54,68,0,0,0,0,0,0,0,0,0,0,0,0,0,0,0,0,0,0,0,0,0,0,0,0,0,0,0,0,0
l3,12=89,87,87,0,86,86,69,15,0,57,59,0,0,0,0,0,0,0,0,0,0,0,0,0,0,0,0,0,0,0,0,0,0,0,0,0,0,0,0,0
l4,12=87,83,77,89,0,80,75,70,57,62,57,0,0,0,42,0,0,0,0,0,0,0,0,53,0,0,0,0,0,0,0,0,0,0,0,0,0,0,0,0
l5,12=86,84,88,86,83,0,81,75,70,85,64,0,0,39,0,0,0,0,0,0,0,0,0,21,0,0,0,0,0,0,0,0,0,0,0,0,0,0,0,0
l6,12=61,83,87,65,79,74,0,79,60,56,73,72,0,68,11,70,0,0,0,0,0,0,0,0,0,0,0,0,0,0,0,0,0,0,0,0,0,0,0,0
l7,12=15,84,26,50,83,86,86,0,82,85,78,27,19,81,0,0,0,0,0,0,0,0,0,0,0,0,0,0,0,0,0,0,0,0,0,0,0,0,0,0
l8,12=0,15,0,33,45,76,82,72,0,86,78,52,53,81,0,79,35,39,0,43,0,22,0,13,67,0,0,0,0,0,0,0,0,0,0,0,0,0,0,0
l9,12=70,0,0,45,42,85,67,83,83,0,78,50,51,81,0,73,57,32,0,0,48,34,0,0,49,0,0,0,0,0,0,0,0,0,0,0,0,0,0,0
l10,12=45,63,60,68,74,69,84,83,83,90,0,55,0,80,0,72,0,0,0,0,0,0,0,0,0,0,0,0,0,0,0,0,0,0,0,0,0,0,0,0
l11,12=0,53,0,0,0,0,78,29,47,80,49,0,54,83,78,84,74,86,0,0,46,24,31,75,0,61,0,0,0,0,0,0,0,0,0,11,62,0,68,0
l12,12=0,0,0,0,0,0,0,0,45,74,0,88,0,72,93,84,80,87,0,0,66,32,27,69,91,95,0,0,0,0,0,0,0,36,0,0,0,0,71,0
l13,12=0,0,0,4,4,51,74,68,83,85,51,84,54,0,81,83,76,81,0,0,61,24,0,78,76,1,0,0,0,0,0,0,0,0,0,0,0,0,19,0
l14,12=0,0,0,0,28,0,5,0,0,21,0,47,84,75,0,81,84,81,0,0,61,35,0,84,92,59,0,0,0,0,0,0,0,64,35,32,54,0,59,0
l15,12=0,0,0,0,0,0,74,0,45,74,46,89,79,84,75,0,76,81,0,56,64,30,2,55,72,68,0,0,0,0,0,0,0,0,0,0,0,0,65,0
l16,12=0,0,0,0,0,0,0,0,9,35,0,40,55,59,89,85,0,89,47,56,63,31,10,44,91,36,0,0,0,0,0,0,0,0,0,4,61,60,76,30
l17,12=0,0,0,0,0,0,0,0,20,37,0,56,59,68,76,85,86,0,0,57,62,35,36,63,54,0,0,0,0,0,0,0,0,8,0,0,63,0,65,0
l18,12=0,0,0,0,0,0,0,0,0,0,0,0,0,0,0,0,58,0,0,61,61,34,0,0,0,0,0,0,0,0,0,0,0,0,0,0,0,0,0,0
l19,12=0,0,0,0,0,0,0,0,23,0,0,0,0,0,0,43,47,45,41,0,83,69,76,0,0,0,50,0,0,31,14,0,0,0,0,20,36,44,44,68
l20,12=0,0,0,0,0,0,0,0,0,38,0,13,33,34,38,45,59,52,37,86,0,85,87,0,0,0,0,0,0,0,0,34,0,0,0,28,76,55,71,36
l21,12=0,0,0,0,0,0,0,0,23,48,0,29,31,38,48,50,71,64,31,86,88,0,87,0,39,0,0,0,0,0,0,0,0,0,0,24,40,30,78,0
l22,12=0,0,0,0,0,0,0,0,0,0,0,29,30,0,0,1,41,46,0,83,87,82,0,0,0,0,0,0,0,0,0,37,0,0,0,44,75,0,73,57
l23,12=0,0,0,0,31,0,0,0,0,0,0,53,48,82,92,67,53,79,0,0,0,0,0,0,93,97,0,0,0,0,0,21,47,59,0,0,0,0,0,0
l24,12=0,0,0,0,0,0,0,0,60,55,0,0,87,73,94,82,86,58,0,0,0,49,0,89,0,91,0,0,0,0,0,0,60,28,0,0,11,0,60,0
l25,12=0,0,0,0,2,0,0,0,0,0,0,61,87,8,59,80,63,0,0,0,0,0,0,94,93,0,0,0,0,6,0,78,45,74,92,0,0,0,0,0
l26,12=0,0,0,0,0,0,0,0,0,0,0,0,0,0,0,0,0,0,0,34,0,0,0,0,0,0,0,68,96,78,96,91,73,46,70,0,0,0,0,0
l27,12=0,0,0,0,0,0,0,0,0,0,0,0,0,0,0,0,0,0,0,0,0,0,0,0,0,0,80,0,89,92,96,67,0,11,9,0,0,0,0,0
l28,12=0,0,0,0,0,0,0,0,0,0,0,0,0,0,0,0,0,0,0,0,0,0,0,0,0,0,91,94,0,93,96,81,68,64,72,0,0,0,0,0
l29,12=0,0,0,0,0,0,0,0,0,0,0,0,0,0,0,0,0,0,0,28,0,0,0,0,0,4,78,94,96,0,96,70,66,63,67,0,0,0,0,0
l30,12=0,0,0,0,0,0,0,0,0,0,0,0,0,0,0,0,0,0,0,2,0,0,0,0,0,0,87,94,96,93,0,73,69,62,32,0,0,0,0,0
l31,12=0,0,0,0,0,0,0,0,0,0,0,0,1,0,0,0,0,0,0,0,61,0,68,34,0,76,91,85,93,91,92,0,95,100,100,0,0,0,0,0
l32,12=0,0,0,0,0,0,0,0,0,0,0,0,0,0,0,0,0,0,0,1,0,0,0,35,58,30,87,2,84,88,91,97,0,100,100,0,0,0,0,0
l33,12=0,0,0,0,0,0,0,0,0,0,0,0,51,0,72,0,0,0,0,0,0,0,0,58,33,79,86,23,68,73,78,98,95,0,100,0,0,0,0,0
l34,12=0,0,0,0,0,0,0,0,0,0,0,0,0,0,68,0,0,0,0,0,17,0,0,0,0,96,91,23,95,93,75,98,95,100,0,0,0,0,0,0
l35,12=0,0,0,0,0,0,0,0,0,0,0,9,0,0,14,0,38,0,0,18,41,3,40,0,0,0,0,0,0,0,0,0,0,0,0,0,88,65,77,43
l36,12=0,0,0,0,0,0,0,0,0,0,0,10,0,0,18,0,58,46,0,14,67,3,44,0,2,0,0,0,0,0,0,0,0,0,0,76,0,77,78,48
l37,12=0,0,0,0,0,0,0,0,0,0,0,0,0,0,0,0,55,0,0,49,53,0,0,0,0,0,0,0,0,0,0,0,0,0,0,41,77,0,0,44
l38,12=0,0,0,0,0,0,0,0,0,0,0,18,37,0,27,52,71,40,0,52,64,37,45,0,26,0,0,0,0,0,0,0,0,0,0,47,80,0,0,43
l39,12=0,0,0,0,0,0,0,0,0,0,0,0,0,0,0,0,58,0,0,67,54,0,47,0,0,0,0,0,0,0,0,0,0,0,0,38,80,63,64,0

l0,13=0,95,93,96,92,91,91,89,80,86,53,0,0,0,0,0,0,0,0,0,0,0,0,0,0,0,0,0,0,0,0,0,0,0,0,0,0,0,0,0
l1,13=93,0,93,96,90,86,88,88,0,73,87,0,0,0,0,0,0,0,0,0,0,0,0,0,0,0,0,0,0,0,0,0,0,0,0,0,0,0,0,0
l2,13=93,93,0,92,89,91,90,87,0,52,87,0,0,17,0,0,0,0,0,0,0,0,0,0,0,0,0,0,0,0,0,0,0,0,0,0,0,0,0,0
l3,13=95,95,94,0,95,91,88,77,12,51,88,0,0,0,0,0,0,0,0,0,0,0,0,0,0,0,0,0,0,0,0,0,0,0,0,0,0,0,0,0
l4,13=93,93,87,97,0,91,89,81,55,75,75,0,0,22,0,0,0,0,0,0,0,0,0,6,0,0,0,0,0,0,0,0,0,0,0,0,0,0,0,0
l5,13=93,87,92,88,90,0,88,79,47,87,87,0,0,51,0,0,0,0,0,0,0,0,0,0,0,0,0,0,0,0,0,0,0,0,0,0,0,0,0,0
l6,13=85,86,88,88,88,88,0,0,77,86,49,84,0,66,0,83,0,0,0,0,0,0,0,0,0,0,0,0,0,0,0,0,0,0,0,0,0,0,0,0
l7,13=78,85,86,28,50,56,0,0,87,89,91,14,39,54,0,36,0,0,0,0,0,0,0,0,0,0,0,0,0,0,0,0,0,0,0,0,0,0,0,0
l8,13=68,0,0,25,32,62,80,87,0,93,87,75,77,86,49,41,44,47,0,74,0,70,23,0,75,0,0,0,0,0,0,0,0,0,0,0,0,0,0,0
l9,13=76,71,73,66,74,86,88,86,89,0,91,78,83,85,36,82,66,49,0,0,64,73,0,0,0,0,0,0,0,0,0,0,0,0,0,0,0,0,0,0
l10,13=51,79,80,31,27,68,70,87,87,93,0,76,0,85,0,43,0,0,0,0,0,0,0,0,0,0,0,0,0,0,0,0,0,0,0,0,0,0,0,0
l11,13=0,0,0,0,0,0,82,0,28,28,42,0,91,91,54,91,50,93,0,0,70,76,68,78,0,79,0,0,0,0,0,0,0,0,0,0,0,0,34,0
l12,13=0,0,0,0,0,0,0,0,25,26,0,91,0,48,59,54,55,100,0,0,78,74,66,74,97,99,0,0,0,0,0,0,0,79,0,0,0,0,43,0
l13,13=0,0,1,0,22,52,81,83,53,91,62,92,82,0,51,91,48,55,0,52,73,76,0,81,0,83,0,0,0,0,0,0,0,0,0,0,0,0,46,0
l14,13=0,0,0,0,0,0,0,0,29,25,0,90,99,54,0,47,85,59,0,0,72,74,0,98,97,88,0,0,0,0,0,0,46,70,48,25,0,0,0,0
l15,13=0,0,0,0,0,0,78,27,13,30,43,92,93,73,49,0,55,70,0,63,69,68,0,80,85,78,0,0,0,0,0,0,0,0,0,0,47,0,41,0
l16,13=0,0,0,0,0,0,0,0,7,23,0,81,89,39,56,50,0,60,19,64,72,70,67,22,93,0,0,0,0,0,0,0,0,61,16,40,47,7,51,33
l17,13=0,0,0,0,0,0,0,0,23,24,0,90,98,50,48,51,58,0,0,73,80,87,61,75,87,64,0,0,0,0,0,0,0,72,0,8,47,0,44,0
l18,13=0,0,0,0,0,0,0,0,0,0,0,0,0,0,0,0,76,0,0,91,92,0,0,0,0,0,0,0,0,0,0,0,0,0,0,0,0,0,0,0
l19,13=0,0,0,0,0,0,0,0,20,0,0,0,0,12,0,36,64,40,59,0,95,93,85,0,0,0,57,0,12,54,3,3,0,0,0,39,22,62,65,86
l20,13=0,0,0,0,0,0,0,0,0,16,0,60,81,30,25,31,49,46,35,95,0,97,92,0,0,0,6,0,0,0,0,40,0,0,21,35,88,53,51,40
l21,13=0,0,0,0,0,0,0,0,15,24,0,75,74,38,29,32,43,54,0,95,96,0,93,0,60,0,0,0,0,0,0,3,0,0,0,34,7,17,51,34
l22,13=0,0,0,0,0,0,0,0,0,0,0,65,74,0,0,0,51,35,0,91,96,97,0,0,0,0,36,0,0,0,0,24,0,0,32,54,58,13,51,82
l23,13=0,0,0,3,0,0,0,0,0,0,0,89,83,55,97,49,2,50,0,0,0,0,0,0,90,99,0,0,0,0,0,0,0,86,27,0,0,0,0,0
l24,13=0,0,0,0,0,0,0,0,29,0,0,0,99,0,97,47,93,59,0,0,0,73,0,85,0,99,0,0,0,0,0,0,81,6,0,0,50,0,2,0
l25,13=0,0,0,0,0,0,0,0,0,0,0,85,99,51,57,50,0,26,0,0,0,0,0,100,97,0,0,0,0,1,0,90,88,95,79,0,0,0,0,0
l26,13=0,0,0,0,0,0,0,0,0,0,0,0,0,0,0,0,0,0,0,64,58,0,53,0,0,0,0,85,95,89,100,99,81,84,16,0,0,0,0,0
l27,13=0,0,0,0,0,0,0,0,0,0,0,0,0,0,0,0,0,0,0,0,0,0,0,0,0,0,84,0,93,100,100,77,24,77,18,0,0,0,0,0
l28,13=0,0,0,0,0,0,0,0,0,0,0,0,0,0,0,0,0,0,0,51,33,0,0,0,0,0,99,97,0,100,100,98,68,79,87,0,0,0,0,0
l29,13=0,0,0,0,0,0,0,0,0,0,0,0,0,0,0,0,0,0,0,64,4,0,0,0,0,0,82,97,95,0,100,83,82,77,86,0,0,0,0,0
l30,13=0,0,0,0,0,0,0,0,0,0,0,0,0,0,0,0,0,0,0,0,0,0,0,0,0,0,93,97,95,100,0,81,72,79,31,0,0,0,0,0
l31,13=0,0,0,0,0,0,0,0,0,0,0,0,0,0,0,0,0,0,0,18,76,12,48,0,0,78,99,92,95,99,100,0,100,100,100,0,0,0,0,0
l32,13=0,0,0,0,0,0,0,0,0,0,0,0,0,0,47,0,0,0,0,0,0,0,0,0,83,86,93,52,84,98,91,99,0,100,100,0,0,0,0,0
l33,13=0,0,0,0,0,0,0,0,0,0,0,0,95,0,67,0,52,93,0,0,0,0,0,96,59,98,99,87,95,97,100,99,100,0,100,0,0,0,0,0
l34,13=0,0,0,0,0,0,0,0,0,0,0,0,1,0,54,0,72,0,0,0,84,0,76,74,0,97,0,27,94,97,84,99,100,100,0,0,0,0,0,0
l35,13=0,0,0,0,0,0,0,0,0,0,0,0,0,0,10,0,35,0,0,43,58,39,70,0,0,0,0,0,0,0,0,0,0,0,0,0,95,93,82,37
l36,13=0,0,0,0,0,0,0,0,0,0,0,0,0,0,0,26,40,33,0,11,85,0,79,0,61,0,0,0,0,0,0,0,0,0,0,89,0,48,51,38
l37,13=0,0,0,0,0,0,0,0,0,0,0,0,0,0,0,0,0,0,0,65,73,0,2,0,0,0,0,0,0,0,0,0,0,0,0,87,44,0,41,35
l38,13=0,0,0,0,0,0,0,0,0,0,0,4,71,35,0,31,43,37,0,66,80,79,76,0,4,0,0,0,0,0,0,0,0,0,0,52,51,39,0,36
l39,13=0,0,0,0,0,0,0,0,0,0,0,0,0,0,0,0,38,0,0,76,71,60,84,0,0,0,0,0,0,0,0,0,0,0,0,50,51,41,43,0

l0,14=0,100,99,99,100,99,100,99,98,99,99,0,0,4,0,0,0,0,0,0,0,0,0,0,0,0,0,0,0,0,0,0,0,0,0,0,0,0,0,0
l1,14=100,0,99,99,100,99,100,97,12,61,47,0,0,54,5,0,0,0,0,0,0,0,0,0,0,0,0,0,0,0,0,0,0,0,0,0,0,0,0,0
l2,14=100,100,0,99,100,100,100,99,89,76,93,0,0,8,0,0,0,0,0,0,0,0,0,0,0,0,0,0,0,0,0,0,0,0,0,0,0,0,0,0
l3,14=100,100,99,0,100,99,100,99,0,91,100,0,0,0,0,0,0,0,0,0,0,0,0,0,0,0,0,0,0,0,0,0,0,0,0,0,0,0,0,0
l4,14=100,100,99,99,0,99,85,0,43,55,100,0,0,48,0,0,0,0,0,0,0,0,0,0,0,0,0,0,0,0,0,0,0,0,0,0,0,0,0,0
l5,14=100,100,100,100,100,0,100,93,95,100,100,0,0,91,0,56,0,0,0,0,0,0,0,0,0,0,0,0,0,0,0,0,0,0,0,0,0,0,0,0
l6,14=92,99,100,99,92,100,0,93,89,97,99,99,0,92,0,91,0,0,0,0,0,0,54,0,0,0,0,0,0,0,0,0,0,0,0,0,0,0,0,0
l7,14=99,99,98,98,11,59,96,0,98,100,100,0,0,96,0,12,57,0,0,0,0,0,0,0,0,0,0,0,0,0,0,0,0,0,0,0,0,0,0,0
l8,14=54,7,22,27,38,33,44,60,0,100,100,44,44,58,44,25,0,0,0,14,28,35,38,0,40,0,0,0,0,0,0,0,0,0,0,0,0,0,0,0
l9,14=77,43,0,44,51,98,60,100,99,0,100,99,0,99,45,97,45,43,0,0,47,57,0,45,0,0,0,0,0,0,0,0,0,0,0,0,0,0,0,0
l10,14=97,83,25,99,100,100,98,100,99,100,0,51,70,99,5,37,0,0,0,0,13,3,0,0,0,0,0,0,0,0,0,0,0,0,0,0,0,0,0,0
l11,14=0,0,0,0,0,0,98,0,43,97,30,0,99,99,98,97,97,98,0,0,35,35,41,50,35,46,0,0,0,0,0,0,0,0,0,0,33,0,40,0
l12,14=0,0,0,0,0,0,0,0,96,0,40,92,0,98,100,60,2,99,0,53,64,57,94,95,71,100,0,0,0,0,0,0,0,62,0,0,0,0,0,0
l13,14=5,32,0,0,37,33,45,59,44,100,72,100,99,0,44,97,29,98,0,14,0,36,0,0,40,46,0,0,0,0,0,0,0,0,0,0,0,0,41,0
l14,14=0,0,0,0,0,0,0,0,44,37,0,68,100,57,0,24,37,48,0,0,22,5,0,95,100,32,0,0,0,0,0,0,45,18,0,0,0,0,38,0
l15,14=0,0,0,0,0,17,42,0,77,66,24,100,99,99,43,0,95,98,0,39,33,30,0,92,71,39,0,0,0,0,0,0,0,0,0,0,0,0,40,0
l16,14=0,0,0,0,0,0,0,50,0,33,0,67,37,52,71,60,0,97,22,73,51,24,93,22,68,0,0,0,0,0,0,0,0,11,14,84,88,43,33,90
l17,14=0,0,0,0,0,0,0,0,0,39,0,98,99,99,72,96,81,0,0,49,64,59,63,56,76,53,0,0,0,0,0,0,0,24,0,49,40,0,97,0
l18,14=0,0,0,0,0,0,0,0,0,0,0,0,0,0,0,0,74,0,0,87,84,1,81,0,0,0,0,0,0,0,0,0,0,0,0,0,0,0,0,0
l19,14=0,0,0,0,0,0,0,0,1,0,0,0,86,6,0,54,54,84,81,0,98,94,88,0,0,0,0,0,9,84,0,7,0,0,0,82,86,92,81,88
l20,14=0,0,0,0,0,0,0,0,2,58,0,60,92,0,10,54,55,85,78,98,0,97,96,0,0,0,49,0,0,0,0,0,0,0,48,81,94,92,96,95
l21,14=0,0,0,0,0,0,0,0,85,58,19,61,86,85,56,54,54,87,0,98,99,0,96,0,58,0,0,0,0,0,0,0,0,0,0,82,85,86,84,86
l22,14=0,0,0,0,0,0,49,0,53,0,0,62,86,0,0,0,73,84,78,94,99,98,0,0,11,0,84,0,0,0,0,0,0,0,3,83,89,94,89,95
l23,14=0,0,0,0,0,0,0,0,0,39,0,44,46,0,100,25,27,48,0,0,0,0,0,0,40,100,0,0,0,0,0,0,46,26,17,0,0,0,0,0
l24,14=0,0,0,0,0,0,0,0,43,0,0,0,100,57,100,60,64,100,0,0,0,36,1,46,0,100,0,0,0,0,0,0,0,0,0,0,40,0,0,0
l25,14=0,0,0,4,0,0,0,0,0,0,0,50,100,56,60,38,0,49,0,0,0,0,0,98,100,0,0,0,17,17,0,0,51,56,62,0,0,0,0,0
l26,14=0,0,0,0,0,0,0,0,0,0,0,0,0,0,0,0,0,0,0,0,93,0,86,0,0,0,0,96,100,97,100,100,98,96,93,0,0,0,0,0
l27,14=0,0,0,0,0,0,0,0,0,0,0,0,0,0,0,0,0,0,0,0,0,0,0,0,0,0,88,0,100,100,100,94,90,91,24,0,0,0,0,0
l28,14=0,0,0,0,0,0,0,0,0,0,0,0,0,0,0,0,0,0,0,64,0,0,0,0,0,53,100,100,0,100,100,94,87,91,87,0,0,0,0,0
l29,14=0,0,0,0,0,0,0,0,0,0,0,0,0,0,0,0,0,0,0,90,0,0,0,0,0,0,88,100,100,0,100,94,91,0,90,0,0,0,0,0
l30,14=0,0,0,0,0,0,0,0,0,0,0,0,0,0,0,0,0,0,0,0,0,0,0,0,0,0,100,100,100,100,0,93,90,91,0,0,0,0,0,0
l31,14=0,0,0,0,0,0,0,0,0,0,0,0,0,0,0,0,0,0,0,20,0,0,2,0,0,0,100,88,97,98,91,0,99,100,99,0,0,0,0,0
l32,14=0,0,0,0,0,0,0,0,0,0,0,0,0,0,91,0,0,0,0,0,0,0,0,88,0,89,99,89,87,98,86,100,0,100,100,0,0,0,0,0
l33,14=0,0,0,0,0,0,0,0,0,0,0,0,99,0,98,0,97,81,0,0,0,0,25,95,0,100,99,97,96,0,100,100,100,0,100,0,0,0,0,0
l34,14=0,0,0,0,0,0,0,0,0,0,0,0,61,0,0,0,69,0,0,0,88,0,62,85,0,100,100,70,100,100,33,100,100,100,0,0,0,0,0,0
l35,14=0,0,0,0,0,0,0,0,0,0,0,0,12,0,3,0,54,40,0,67,57,42,75,0,0,0,0,0,0,0,0,0,0,0,0,0,95,96,90,87
l36,14=0,0,0,0,0,0,0,0,0,0,0,1,0,0,0,0,26,34,0,72,58,36,82,0,27,0,0,0,0,0,0,0,0,0,0,92,0,90,97,87
l37,14=0,0,0,0,0,0,0,0,0,0,0,0,0,0,0,0,2,0,0,66,57,4,79,0,0,0,0,0,0,0,0,0,0,0,0,95,80,0,81,87
l38,14=0,0,0,0,0,0,0,0,0,0,0,30,0,61,37,25,6,89,0,74,63,42,85,0,0,0,0,0,0,0,0,0,0,0,0,91,95,89,0,89
l39,14=0,0,0,0,0,0,0,0,0,0,0,0,0,0,0,0,54,0,0,76,57,48,81,0,0,0,0,0,0,0,0,0,0,0,0,83,84,91,81,0

l0,15=0,99,99,100,100,100,99,98,93,96,94,0,0,0,0,0,0,0,0,0,0,0,0,0,0,0,0,0,0,0,0,0,0,0,0,0,0,0,0,0
l1,15=100,0,99,97,99,98,99,95,2,96,97,0,0,98,6,0,0,0,0,0,0,0,0,0,49,0,0,0,0,0,0,0,0,0,0,0,0,0,0,0
l2,15=100,100,0,97,99,100,100,98,2,95,91,22,0,97,0,0,0,0,0,0,0,0,0,0,0,0,0,0,0,0,0,0,0,0,0,0,0,0,0,0
l3,15=100,100,99,0,98,98,2,0,0,0,97,0,0,0,0,0,0,0,0,0,0,0,0,0,0,0,0,0,0,0,0,0,0,0,0,0,0,0,0,0
l4,15=100,100,99,95,0,100,99,95,0,93,97,0,0,96,0,0,0,0,0,0,0,0,0,0,0,0,0,0,0,0,0,0,0,0,0,0,0,0,0,0
l5,15=100,99,99,97,100,0,99,98,97,96,97,0,0,98,0,90,0,0,0,0,0,0,0,0,0,0,0,0,0,0,0,0,0,0,0,0,0,0,0,0
l6,15=100,99,99,87,98,98,0,98,92,96,97,97,95,97,0,97,21,0,0,0,0,0,21,0,0,0,0,0,0,0,0,0,0,0,0,0,0,0,0,0
l7,15=100,95,99,86,99,98,99,0,98,96,100,0,0,97,92,0,94,0,0,0,0,0,0,0,0,0,0,0,0,0,0,0,0,0,0,0,0,0,0,0
l8,15=96,0,0,47,0,89,56,97,0,100,97,62,89,97,99,57,0,0,0,44,30,55,68,5,98,0,0,0,0,0,0,0,0,0,0,0,0,0,0,0
l9,15=99,98,0,0,92,98,98,100,100,0,100,62,0,100,86,97,59,28,0,0,96,79,37,50,0,0,0,0,0,0,0,0,0,0,0,0,0,0,0,0
l10,15=99,98,5,96,99,98,99,100,98,100,0,0,95,98,88,0,10,0,0,0,0,1,0,0,0,0,0,0,0,0,0,0,0,0,0,0,0,0,0,0
l11,15=0,0,0,0,0,0,59,0,98,89,0,0,99,99,0,99,99,77,0,0,60,57,71,100,87,78,0,0,0,0,0,0,0,0,0,0,99,0,73,0
l12,15=0,0,0,0,0,0,55,0,98,0,60,99,0,100,100,99,99,100,0,20,86,0,72,100,100,99,0,0,0,0,0,0,0,82,0,0,98,1,77,0
l13,15=0,98,97,0,97,97,59,92,98,100,60,100,100,0,98,99,62,77,0,1,0,47,41,96,97,77,0,0,0,0,0,0,0,0,0,0,0,0,0,0
l14,15=0,0,0,0,0,0,0,0,98,89,50,0,99,99,0,60,62,77,0,0,20,17,0,100,100,78,0,0,0,0,0,0,0,98,0,0,0,0,2,0
l15,15=0,0,0,0,0,46,57,0,98,89,0,100,92,99,96,0,62,78,0,0,60,58,0,100,100,76,0,0,0,0,0,0,0,0,0,83,0,0,77,0
l16,15=0,0,0,0,0,0,5,91,0,84,1,63,88,91,99,60,0,75,91,94,60,55,72,15,100,0,0,0,0,0,0,3,0,91,0,96,92,94,62,27
l17,15=0,0,0,0,0,0,0,0,0,87,0,63,92,99,99,82,62,0,0,99,61,57,72,99,100,78,0,0,0,0,0,0,0,90,10,0,98,69,77,46
l18,15=0,0,0,0,0,0,0,0,0,0,0,0,0,0,0,0,94,0,0,40,93,20,68,0,0,0,0,0,0,0,0,0,0,0,0,0,0,0,0,0
l19,15=0,0,0,0,0,0,0,0,13,0,0,0,63,0,0,0,54,61,0,0,100,92,93,0,0,0,0,0,50,41,0,0,0,0,0,0,77,0,30,48
l20,15=0,0,0,0,0,0,0,0,0,87,0,56,87,0,1,53,61,75,80,100,0,99,100,0,4,0,0,0,0,0,0,0,0,0,0,99,99,0,77,59
l21,15=0,0,0,0,0,0,0,0,80,85,6,59,0,68,81,57,61,77,0,100,100,0,100,0,91,0,0,0,1,0,0,0,0,8,87,94,95,91,95,58
l22,15=0,0,0,0,0,0,2,0,69,73,0,42,67,9,0,0,99,63,61,93,100,97,0,0,0,0,16,0,0,0,0,16,0,39,0,77,84,77,62,49
l23,15=0,0,0,0,0,0,0,0,0,50,0,64,100,57,100,99,0,77,0,0,0,0,0,0,100,99,0,0,0,0,0,0,93,100,0,0,0,0,0,0
l24,15=0,0,0,0,0,0,0,0,98,0,0,21,100,99,100,99,99,99,0,0,9,55,0,100,0,78,0,0,0,0,0,0,93,0,0,0,99,0,0,0
l25,15=0,0,0,0,0,0,0,0,0,0,0,73,99,96,89,59,0,67,0,0,0,0,0,99,99,0,73,0,29,0,0,93,92,91,85,0,0,0,0,0
l26,15=0,0,0,0,0,0,0,0,0,0,0,0,0,0,0,0,0,0,0,0,73,0,12,0,0,86,0,96,96,98,82,98,92,0,77,0,0,0,0,0
l27,15=0,0,0,0,0,0,0,0,0,0,0,0,0,0,0,0,0,0,0,0,0,0,0,0,0,0,85,0,96,98,81,91,89,92,71,0,0,0,0,0
l28,15=0,0,0,0,0,0,0,0,0,0,0,0,0,0,0,0,0,0,0,85,0,0,0,0,0,67,98,97,0,99,82,93,90,95,90,0,0,0,0,0
l29,15=0,0,0,0,0,0,0,0,0,0,0,0,0,0,0,0,0,0,0,82,0,0,0,0,0,0,94,97,96,0,82,91,88,92,71,0,0,0,0,0
l30,15=0,0,0,0,0,0,0,0,0,0,0,0,0,0,0,0,0,0,0,0,0,0,0,0,0,0,98,97,96,98,0,89,88,92,0,0,0,0,0,0
l31,15=0,0,0,0,0,0,0,0,0,0,0,0,0,0,0,0,0,0,0,0,0,0,46,0,0,88,97,94,94,98,74,0,93,97,83,0,0,0,0,0
l32,15=0,0,0,0,0,0,0,0,0,0,0,0,80,0,10,0,4,0,0,0,0,0,0,100,99,98,97,95,94,98,83,98,0,100,91,0,0,0,0,0
l33,15=0,0,0,0,0,0,0,0,0,0,0,0,88,0,80,0,70,51,0,0,0,4,54,99,31,90,0,94,96,87,74,98,94,0,85,0,0,0,0,0
l34,15=0,0,0,0,0,0,0,0,0,0,0,0,5,0,0,0,0,0,0,0,0,56,0,0,0,92,96,91,95,98,0,98,94,97,0,0,0,0,0,0
l35,15=0,0,0,0,0,0,0,0,0,0,0,0,42,0,0,37,52,0,0,0,56,46,50,0,0,0,0,0,0,0,0,0,0,0,0,0,99,100,92,96
l36,15=0,0,0,0,0,0,0,0,0,0,0,37,69,0,0,0,61,35,0,86,59,54,67,0,80,0,0,0,0,0,0,0,0,0,0,99,0,95,97,58
l37,15=0,0,0,0,0,0,0,0,0,0,0,0,5,0,0,0,51,0,0,0,0,44,51,0,0,0,0,0,0,0,0,0,0,0,0,98,90,0,90,97
l38,15=0,0,0,0,0,0,0,0,0,0,0,24,65,0,1,52,25,73,0,2,60,53,66,0,0,0,0,0,0,0,0,0,0,0,0,98,99,98,0,56
l39,15=0,0,0,0,0,0,0,0,0,0,0,0,0,0,0,0,24,0,0,88,60,53,65,0,0,0,0,0,0,0,0,0,0,0,0,98,90,97,73,0

