t=2016-04-14_03.26.47

n=40

q0=1
q1=1
q2=1
q3=1
q4=1
q5=1
q6=1
q7=1
q8=1
q9=1
q10=1
q11=1
q12=1
q13=1
q14=1
q15=1
q16=1
q17=1
q18=1
q19=1
q20=1
q21=1
q22=1
q23=1
q24=1
q25=1
q26=1
q27=1
q28=1
q29=1
q30=1
q31=1
q32=1
q33=1
q34=1
q35=1
q36=1
q37=1
q38=1
q39=1

a0=0x141592000c576ce6
a1=0x141592000c5aedbc
a2=0x141592000c5750f4
a3=0x141592000c576658
a4=0x141592000c575890
a5=0x141592000c574ffa
a6=0x141592000c5acf11
a7=0x141592000d9df361
a8=0x141592000c576300
a9=0x141592000c5779b6
a10=0x141592000c5762b9
a11=0x141592000c5af078
a12=0x141592000c575517
a13=0x141592000c5752c3
a14=0x141592000c5a4baa
a15=0x141592000c5776e7
a16=0x141592000c58cdeb
a17=0x141592000c5881fc
a18=0x141592000bd81d33
a19=0x141592000bd84d6a
a20=0x141592000c577233
a21=0x141592000c574527
a22=0x141592000c5746a3
a23=0x141592000c574da3
a24=0x141592000c5741c9
a25=0x141592000da244ea
a26=0x141592000c5ae886
a27=0x141592000c57510e
a28=0x141592000c5ab6c8
a29=0x141592000c574d05
a30=0x141592000edae61f
a31=0x141592000c57667e
a32=0x141592000c577f43
a33=0x141592000c576449
a34=0x1415920010f4117a
a35=0x141592000c575966
a36=0x141592000c574d35
a37=0x141592000c576fb1
a38=0x141592000c5aea5d
a39=0x141592000c59f23f

l0,0=0,92,91,97,87,94,87,84,88,92,0,0,0,50,0,0,0,0,0,0,0,0,0,0,0,0,0,0,0,0,0,0,0,0,0,0,0,0,0,0
l1,0=92,0,92,89,93,95,87,92,82,0,92,0,0,0,0,0,0,0,0,0,0,0,0,0,0,0,0,0,0,0,0,0,0,0,0,0,0,0,0,0
l2,0=92,91,0,0,93,96,90,92,4,92,92,0,0,72,0,0,0,0,0,0,0,0,0,0,0,0,0,0,0,0,0,0,0,0,0,0,0,0,0,0
l3,0=96,80,0,0,93,95,86,61,80,0,86,0,0,0,0,0,0,0,0,0,0,0,0,0,0,0,0,0,0,0,0,0,0,0,0,0,0,0,0,0
l4,0=81,90,91,93,0,93,59,0,0,85,83,0,0,82,0,0,0,0,0,0,0,0,0,0,0,0,0,0,0,0,0,0,0,0,0,0,0,0,0,0
l5,0=92,93,92,93,93,0,87,92,86,92,87,0,0,66,0,0,0,0,0,0,0,0,0,0,0,0,0,0,0,0,0,0,0,0,0,0,0,0,0,0
l6,0=84,82,93,84,63,89,0,91,83,85,84,29,0,82,0,69,68,0,0,0,0,0,0,0,0,0,0,0,0,0,0,0,0,0,0,0,0,0,0,0
l7,0=69,86,92,36,35,92,87,0,82,91,91,41,0,18,0,65,0,0,0,0,0,0,0,0,0,0,0,0,0,0,0,0,0,0,0,0,0,0,0,0
l8,0=76,52,0,26,0,78,80,49,0,92,37,51,70,91,78,79,82,50,0,0,0,46,27,0,52,0,0,0,0,0,0,0,0,0,0,0,0,0,28,0
l9,0=86,0,68,0,73,93,80,89,91,0,91,48,73,85,18,75,74,66,0,0,0,0,18,0,0,0,0,0,0,0,0,0,0,0,0,0,0,0,0,0
l10,0=0,81,92,79,84,87,84,92,81,94,0,77,68,91,0,76,38,0,0,0,0,0,0,0,0,0,0,0,0,0,0,0,0,0,0,0,0,0,0,0
l11,0=0,0,0,0,0,0,60,49,52,60,27,0,89,91,86,93,87,95,0,74,0,28,0,0,55,0,0,0,0,0,0,0,0,0,0,0,83,0,39,0
l12,0=0,0,0,0,0,0,0,0,50,57,23,84,0,85,87,93,82,100,0,0,21,23,7,83,89,81,0,0,0,0,0,0,0,28,0,3,72,0,49,0
l13,0=0,0,5,0,75,0,76,0,88,68,52,68,87,0,83,83,68,84,0,49,28,45,51,81,53,80,0,0,0,0,0,0,0,0,0,0,55,0,37,0
l14,0=0,0,0,0,0,0,0,0,48,23,0,33,87,87,0,84,85,84,0,0,29,0,0,84,82,88,0,0,0,0,0,0,0,28,0,0,2,0,7,0
l15,0=0,0,0,0,0,0,63,26,50,58,28,95,94,87,83,0,78,86,0,23,10,0,48,4,75,0,0,0,0,0,0,0,0,0,0,0,25,0,38,0
l16,0=0,0,0,0,0,0,56,0,50,44,0,32,84,59,82,80,0,100,0,74,25,31,52,73,59,0,0,0,0,0,0,0,0,16,0,33,81,2,44,30
l17,0=0,0,0,0,0,0,0,0,36,56,0,35,94,88,83,88,95,0,0,0,30,31,52,0,59,80,0,0,0,0,0,0,0,30,0,0,84,0,0,0
l18,0=0,0,0,0,0,0,0,0,0,0,0,0,0,0,0,0,0,0,0,0,80,1,81,0,0,0,0,0,0,0,0,0,0,0,0,0,0,0,0,0
l19,0=0,0,0,0,0,0,0,0,0,0,0,15,0,47,0,0,50,0,0,0,83,6,94,0,0,0,0,0,0,0,0,27,0,0,0,0,61,15,44,80
l20,0=0,0,0,0,0,0,0,0,0,0,0,0,32,66,49,5,66,58,89,88,0,92,94,0,0,0,0,0,0,0,0,0,0,0,0,0,97,90,66,61
l21,0=0,0,0,0,0,0,0,0,39,0,0,17,34,67,0,0,77,58,30,41,98,0,94,0,0,0,0,0,0,0,0,0,0,0,0,85,41,36,88,32
l22,0=0,0,0,0,0,0,0,0,25,9,0,0,23,64,0,37,69,45,53,88,98,92,0,0,0,0,50,0,0,0,0,0,0,0,0,43,97,51,64,62
l23,0=0,0,0,0,0,0,0,0,19,0,0,0,72,84,86,0,76,0,0,0,0,0,0,0,79,0,0,0,0,0,0,0,0,24,30,0,0,0,0,0
l24,0=0,0,0,0,0,0,0,0,50,0,0,32,92,83,86,83,82,84,0,0,0,0,0,86,0,80,0,0,0,0,0,0,69,28,26,0,0,0,0,0
l25,0=0,0,0,0,0,0,0,0,8,0,0,0,72,72,89,0,0,74,0,0,0,0,0,2,76,0,58,1,0,0,0,52,73,26,68,0,0,0,0,0
l26,0=0,0,0,0,0,0,0,0,0,0,0,0,0,0,0,0,0,0,0,0,0,0,68,0,0,43,0,75,86,89,95,93,73,64,68,0,0,0,0,0
l27,0=0,0,0,0,0,0,0,0,0,0,0,0,0,0,0,0,0,0,0,0,0,0,0,0,0,0,71,0,86,91,100,80,63,61,68,0,0,0,0,0
l28,0=0,0,0,0,0,0,0,0,0,0,0,0,0,0,0,0,0,0,0,0,0,0,0,0,0,0,88,98,0,94,100,89,67,64,64,0,0,0,0,0
l29,0=0,0,0,0,0,0,0,0,0,0,0,0,0,0,0,0,0,0,0,0,0,0,1,0,0,0,80,99,86,0,100,62,64,59,57,0,0,0,0,0
l30,0=0,0,0,0,0,0,0,0,0,0,0,0,0,0,0,0,0,0,0,0,0,0,0,0,0,0,70,99,86,94,0,74,74,67,0,0,0,0,0,0
l31,0=0,0,0,0,0,0,0,0,0,0,0,0,0,0,0,0,0,0,0,66,0,0,0,0,0,55,80,59,75,58,52,0,89,83,94,0,0,0,0,0
l32,0=0,0,0,0,0,0,0,0,0,0,0,0,0,0,0,0,0,0,0,21,0,0,0,0,55,55,72,58,71,49,53,88,0,85,95,0,0,0,0,0
l33,0=0,0,0,0,0,0,0,0,0,0,0,0,57,0,63,0,48,51,0,0,0,0,0,48,58,63,62,52,60,45,58,86,86,0,77,0,0,0,0,0
l34,0=0,0,0,0,0,0,0,0,0,0,0,0,0,0,0,0,49,0,0,0,0,0,0,58,58,71,68,60,72,48,0,94,98,73,0,0,0,0,0,0
l35,0=0,0,0,0,0,0,0,0,0,0,0,0,0,0,0,0,24,0,0,0,0,28,30,0,0,0,0,0,0,0,0,0,0,0,0,0,76,86,89,24
l36,0=0,0,0,0,0,0,0,0,0,0,0,26,41,47,0,5,61,46,0,67,34,14,63,0,0,0,0,0,0,0,0,0,0,0,0,64,0,88,47,34
l37,0=0,0,0,0,0,0,0,0,0,0,0,0,0,0,0,0,0,0,0,31,34,15,42,0,0,0,0,0,0,0,0,0,0,0,0,65,94,0,30,35
l38,0=0,0,0,0,0,0,0,0,32,0,0,23,68,64,0,75,90,0,0,67,35,35,64,0,0,0,0,0,0,0,0,0,0,0,0,80,97,57,0,35
l39,0=0,0,0,0,0,0,0,0,0,0,0,0,0,0,0,0,68,0,0,76,34,27,61,0,0,0,0,0,0,0,0,0,0,0,0,56,95,90,47,0

l0,1=0,88,90,88,82,88,85,39,38,80,42,0,0,6,0,0,0,0,0,0,0,0,0,0,0,0,0,0,0,0,0,0,0,0,0,0,0,0,0,0
l1,1=90,0,89,87,88,90,78,80,64,66,82,0,0,33,0,0,0,0,0,0,0,0,0,2,0,0,0,0,0,0,0,0,0,0,0,0,0,0,0,0
l2,1=89,90,0,87,75,93,87,87,0,80,88,0,0,0,0,10,0,0,0,0,0,0,0,0,0,0,0,0,0,0,0,0,0,0,0,0,0,0,0,0
l3,1=91,88,84,0,86,87,79,15,0,49,81,0,0,0,0,0,0,0,0,0,0,0,0,0,0,0,0,0,0,0,0,0,0,0,0,0,0,0,0,0
l4,1=75,88,78,84,0,80,75,1,74,75,82,0,0,44,0,0,0,0,0,0,0,0,0,0,0,0,0,0,0,0,0,0,0,0,0,0,0,0,0,0
l5,1=90,90,90,88,85,0,84,89,75,80,83,0,0,0,0,0,0,0,0,0,0,0,0,0,0,0,0,0,0,0,0,0,0,0,0,0,0,0,0,0
l6,1=76,61,84,65,62,80,0,86,76,45,78,54,18,50,0,0,36,0,0,0,0,0,0,0,0,0,0,0,0,0,0,0,0,0,0,0,0,0,0,0
l7,1=54,74,80,35,26,86,87,0,80,74,88,54,12,28,0,12,0,0,0,0,0,0,0,0,0,0,0,0,0,0,0,0,0,0,0,0,0,0,0,0
l8,1=1,23,0,0,38,73,75,79,0,80,77,75,0,65,58,71,45,31,0,0,1,61,54,19,0,0,0,0,0,0,0,0,0,0,0,0,0,0,12,0
l9,1=70,38,75,33,71,80,62,80,88,0,88,69,40,69,37,69,33,27,0,0,0,18,42,0,0,0,0,0,0,0,0,0,0,0,0,0,0,0,0,0
l10,1=48,76,90,72,81,80,86,91,82,84,0,62,0,72,0,56,5,0,0,0,0,23,0,0,0,0,0,0,0,0,0,0,0,0,0,0,0,0,0,0
l11,1=0,1,0,0,0,0,55,33,40,34,45,0,78,67,74,82,38,70,0,32,41,22,0,0,54,0,0,0,0,0,0,0,0,0,0,27,51,0,49,0
l12,1=0,0,0,0,0,0,1,0,0,12,0,80,0,47,80,81,43,79,0,0,35,42,42,66,91,67,0,0,0,0,0,0,0,12,0,0,0,0,52,0
l13,1=0,0,0,0,16,0,59,0,42,43,72,78,68,0,58,38,36,39,0,0,51,57,53,60,0,45,0,0,0,0,0,0,0,0,0,0,0,0,47,0
l14,1=0,0,0,0,0,0,0,0,33,27,0,68,82,41,0,48,64,41,0,0,54,26,0,70,66,68,0,0,0,0,0,0,0,0,0,0,0,0,0,0
l15,1=0,0,1,0,0,0,0,0,48,39,43,85,85,25,65,0,29,44,0,12,42,0,44,41,83,0,0,0,0,0,0,0,0,0,0,0,44,2,39,0
l16,1=0,0,0,0,0,0,30,0,14,17,0,55,50,29,68,19,0,41,0,37,53,56,47,35,50,47,0,0,0,0,0,0,29,24,4,34,32,13,41,7
l17,1=0,0,0,0,0,0,0,0,13,18,0,79,90,37,59,53,45,0,0,31,25,44,47,43,52,44,0,0,0,0,0,0,0,30,0,0,46,0,0,0
l18,1=0,0,0,0,0,0,0,0,0,0,0,0,0,0,0,0,40,0,0,40,62,61,61,0,0,0,0,0,0,0,0,0,0,0,0,0,0,0,0,0
l19,1=0,0,0,0,0,0,0,0,0,0,0,23,0,23,0,1,31,1,29,0,71,27,73,0,0,0,12,0,0,11,0,35,0,0,0,18,35,33,54,61
l20,1=0,0,0,0,0,0,0,0,0,0,0,5,22,30,40,15,34,16,51,62,0,82,75,0,0,0,0,0,0,0,0,0,0,0,1,44,62,64,74,37
l21,1=0,0,0,0,0,0,0,0,53,19,22,0,31,39,26,0,56,26,39,40,79,0,69,0,0,0,1,0,0,0,0,24,0,0,0,71,34,55,68,47
l22,1=0,0,0,0,0,0,0,0,25,16,0,0,22,27,0,31,47,21,41,66,73,76,0,0,0,0,17,0,0,35,0,0,0,0,0,28,63,49,53,63
l23,1=0,0,0,0,0,0,0,0,13,0,0,0,62,38,71,33,34,37,0,0,0,0,0,0,77,58,0,0,0,0,0,0,0,9,37,0,0,0,0,0
l24,1=0,0,0,0,0,0,0,0,0,0,0,71,87,1,73,58,42,45,0,0,0,0,0,73,0,69,0,0,0,0,0,0,42,62,33,0,0,0,0,0
l25,1=0,0,0,0,0,0,0,0,11,0,0,0,64,35,73,0,37,35,0,0,0,0,0,55,74,0,24,0,31,7,0,52,0,59,33,0,0,0,0,0
l26,1=0,0,0,0,0,0,0,0,0,0,0,0,0,0,0,0,0,0,0,32,0,15,38,0,0,43,0,51,76,76,70,72,59,57,49,0,0,0,0,0
l27,1=0,0,0,0,0,0,0,0,0,0,0,0,0,0,0,0,0,0,0,0,0,0,0,0,0,0,55,0,81,83,99,51,60,49,64,0,0,0,0,0
l28,1=0,0,0,0,0,0,0,0,0,0,0,0,0,0,0,0,0,0,0,9,18,0,0,0,0,39,71,86,0,84,99,72,44,54,54,0,0,0,0,0
l29,1=0,0,0,0,0,0,0,0,0,0,0,0,0,0,0,0,0,0,0,29,0,0,34,0,0,6,63,72,81,0,85,56,56,49,56,0,0,0,0,0
l30,1=0,0,0,0,0,0,0,0,0,0,0,0,0,0,0,0,0,0,0,0,0,0,0,0,0,0,61,86,80,83,0,45,45,51,0,0,0,0,0,0
l31,1=0,0,0,0,0,0,0,0,0,0,0,0,0,0,0,0,0,0,0,39,0,12,0,0,0,47,57,39,62,59,45,0,64,68,76,0,0,0,0,0
l32,1=0,0,0,0,0,0,0,0,0,0,0,0,0,0,0,0,44,0,0,0,0,0,0,0,40,0,54,43,47,53,46,68,0,70,89,0,0,0,0,0
l33,1=0,0,0,0,0,0,0,0,0,0,0,0,26,0,0,0,45,42,0,0,0,0,0,15,43,60,45,37,56,43,54,63,61,0,64,0,0,0,0,0
l34,1=0,0,0,0,0,0,0,0,0,0,0,0,0,0,0,0,44,0,0,0,20,6,0,57,39,61,42,42,61,48,0,73,80,66,0,0,0,0,0,0
l35,1=0,0,0,0,0,0,0,0,0,0,0,22,0,0,0,0,21,0,0,29,43,59,36,0,0,0,0,0,0,0,0,0,0,0,0,0,65,71,77,32
l36,1=0,0,0,0,0,0,0,0,0,0,0,44,0,9,0,16,21,21,0,27,65,21,64,0,0,0,0,0,0,0,0,0,0,0,0,45,0,69,78,32
l37,1=0,0,0,0,0,0,0,0,0,0,0,0,0,0,0,0,3,0,0,36,57,51,55,0,0,0,0,0,0,0,0,0,0,0,0,45,63,0,57,41
l38,1=0,0,0,0,0,0,0,0,6,0,0,41,39,27,0,12,32,0,0,41,70,69,59,0,0,0,0,0,0,0,0,0,0,0,0,77,67,69,0,38
l39,1=0,0,0,0,0,0,0,0,0,0,0,0,0,0,0,0,24,0,0,54,62,62,68,0,0,0,0,0,0,0,0,0,0,0,0,41,59,72,65,0

l0,2=0,84,84,75,79,79,67,0,12,77,0,0,0,0,0,0,0,0,0,0,0,0,0,0,0,0,0,0,0,0,0,0,0,0,0,0,0,0,0,0
l1,2=87,0,85,80,81,83,85,68,43,79,76,0,0,0,0,0,0,0,0,0,0,0,0,0,0,0,0,0,0,0,0,0,0,0,0,0,0,0,0,0
l2,2=87,84,0,74,81,88,90,83,0,82,78,0,0,0,0,0,0,0,0,0,0,0,0,0,0,0,0,0,0,0,0,0,0,0,0,0,0,0,0,0
l3,2=86,83,81,0,81,80,37,36,12,0,72,0,0,0,0,0,0,0,0,0,0,0,0,0,0,0,0,0,0,0,0,0,0,0,0,0,0,0,0,0
l4,2=80,80,82,75,0,81,83,65,59,79,68,0,0,0,0,0,0,0,0,0,0,0,0,0,0,0,0,0,0,0,0,0,0,0,0,0,0,0,0,0
l5,2=81,84,89,76,81,0,84,75,59,73,77,0,0,0,0,0,0,0,0,0,0,0,0,0,0,0,0,0,0,0,0,0,0,0,0,0,0,0,0,0
l6,2=46,81,90,37,74,79,0,63,43,65,78,25,33,38,0,32,0,0,0,0,0,0,0,0,0,0,0,0,0,0,0,0,0,0,0,0,0,0,0,0
l7,2=0,67,82,46,51,78,69,0,68,76,85,33,1,47,0,49,38,0,0,0,0,0,0,0,0,0,0,0,0,0,0,0,0,0,0,0,0,0,0,0
l8,2=0,35,0,9,46,53,43,69,0,82,75,48,0,70,0,66,45,40,0,0,0,42,31,3,43,41,0,0,0,0,0,0,0,0,0,0,0,0,41,0
l9,2=40,51,78,4,68,65,53,75,75,0,83,38,38,67,0,48,35,26,0,0,12,3,4,0,0,0,0,0,0,0,0,0,0,0,0,0,0,0,0,0
l10,2=0,70,69,41,54,71,85,85,68,83,0,36,0,62,0,39,0,5,0,0,0,0,0,39,0,0,0,0,0,0,0,0,0,0,0,0,0,0,0,0
l11,2=0,0,0,0,0,0,18,17,39,40,41,0,82,81,68,82,36,74,0,21,35,31,8,29,33,0,0,0,0,0,0,0,0,0,0,24,43,0,23,36
l12,2=0,0,0,0,0,0,22,0,0,28,0,70,0,53,81,77,50,80,0,0,0,37,0,71,89,74,0,0,0,0,0,0,0,0,0,0,0,0,34,0
l13,2=0,0,0,0,0,0,5,33,68,75,54,69,44,0,41,59,40,36,0,21,39,40,28,41,42,28,0,0,0,0,0,0,0,0,0,0,0,0,45,0
l14,2=0,0,0,0,0,0,0,0,0,2,0,55,83,40,0,52,52,44,0,0,38,0,0,72,59,60,0,0,0,0,0,0,0,46,0,0,0,0,45,0
l15,2=0,0,0,0,0,0,24,46,62,50,32,90,79,59,52,0,36,56,0,36,40,4,0,0,74,0,0,0,0,0,0,0,0,0,0,0,36,0,38,0
l16,2=0,0,0,0,0,0,0,4,40,14,0,40,54,44,52,32,0,58,0,39,51,53,41,19,45,44,0,0,0,0,0,0,0,15,0,35,48,36,43,47
l17,2=0,0,0,0,0,0,0,0,40,8,1,82,83,56,64,70,61,0,0,21,30,23,29,42,71,0,0,0,0,0,0,0,0,34,0,0,43,0,39,0
l18,2=0,0,0,0,0,0,0,0,0,0,0,0,0,0,0,0,0,0,0,30,52,54,45,0,0,0,0,0,0,0,0,0,0,0,0,0,0,0,0,0
l19,2=0,0,0,0,0,0,0,0,0,0,0,0,0,30,0,17,10,15,16,0,63,62,72,0,0,0,35,0,0,34,0,37,0,0,0,0,54,17,55,62
l20,2=0,0,0,0,0,0,0,0,0,5,0,32,0,48,37,48,52,25,40,65,0,65,63,0,0,0,0,0,0,0,0,0,0,0,12,46,59,55,60,64
l21,2=0,0,0,0,0,0,0,0,43,10,0,33,37,40,0,0,54,14,42,65,75,0,68,0,0,0,0,0,0,0,0,0,0,33,0,40,53,65,64,64
l22,2=0,0,0,0,0,0,0,0,31,1,0,8,16,42,0,0,51,25,24,72,68,66,0,0,0,0,0,0,0,28,0,0,0,6,0,50,59,52,36,66
l23,2=0,0,0,0,0,0,0,0,2,0,16,8,74,44,75,0,20,39,0,0,0,0,0,0,80,60,0,0,0,0,0,0,0,0,31,0,0,0,0,0
l24,2=0,0,0,0,0,0,0,0,49,0,0,29,77,59,67,70,50,59,0,0,0,0,0,76,0,72,0,0,0,0,0,0,23,50,15,0,31,0,12,0
l25,2=0,0,0,0,0,0,0,0,40,0,0,0,73,41,67,0,43,10,0,0,0,0,0,65,73,0,29,0,0,0,0,54,59,57,49,0,0,0,0,0
l26,2=0,0,0,0,0,0,0,0,0,0,0,0,0,0,0,0,0,0,0,36,0,0,0,0,0,37,0,9,87,73,83,70,67,61,45,0,0,0,0,0
l27,2=0,0,0,0,0,0,0,0,0,0,0,0,0,0,0,0,0,0,0,0,0,0,0,0,0,0,21,0,86,85,91,69,71,59,60,0,0,0,0,0
l28,2=0,0,0,0,0,0,0,0,0,0,0,0,0,0,0,0,0,0,0,22,7,0,0,0,0,0,68,83,0,86,88,70,56,68,55,0,0,0,0,0
l29,2=0,0,0,0,0,0,0,0,0,0,0,0,0,0,0,0,0,0,0,43,0,0,33,0,0,0,60,79,87,0,81,63,64,0,6,0,0,0,0,0
l30,2=0,0,0,0,0,0,0,0,0,0,0,0,0,0,0,0,0,0,0,0,0,0,0,0,0,0,59,87,82,75,0,47,56,60,34,0,0,0,0,0
l31,2=0,0,0,0,0,0,0,0,0,0,0,0,0,0,0,0,0,0,0,38,6,0,0,4,0,44,58,45,69,46,44,0,75,71,68,0,0,0,0,0
l32,2=0,0,0,0,0,0,0,0,0,0,0,0,0,0,0,0,1,0,0,0,0,0,0,0,25,55,48,53,57,49,62,72,0,70,84,0,0,0,0,0
l33,2=0,0,0,0,0,0,0,0,0,0,0,0,0,0,50,0,30,34,0,0,0,38,7,18,42,57,46,50,58,0,58,68,72,0,65,0,0,0,0,0
l34,2=0,0,0,0,0,0,0,0,0,0,0,0,0,0,1,0,16,0,0,0,32,2,0,50,35,54,43,50,57,26,46,74,82,74,0,0,0,0,0,0
l35,2=0,0,0,0,0,0,0,0,0,0,0,2,0,0,0,0,43,0,0,5,51,43,47,0,0,0,0,0,0,0,0,0,0,0,0,0,69,68,64,66
l36,2=0,0,0,0,0,0,0,0,0,0,0,37,0,0,0,24,51,28,0,44,62,49,56,0,19,0,0,0,0,0,0,0,0,0,0,56,0,64,64,57
l37,2=0,0,0,0,0,0,0,0,0,0,0,0,0,0,0,0,28,0,0,11,40,53,38,0,0,0,0,0,0,0,0,0,0,0,0,56,69,0,60,68
l38,2=0,0,0,0,0,0,0,0,20,0,0,1,30,46,27,28,46,25,0,48,64,60,37,0,0,0,0,0,0,0,0,0,0,0,0,57,70,63,0,65
l39,2=0,0,0,0,0,0,0,0,0,0,0,0,0,0,0,0,47,0,0,57,63,49,47,0,0,0,0,0,0,0,0,0,0,0,0,46,51,62,56,0

l0,3=0,87,78,83,85,89,0,34,37,76,0,0,0,0,0,0,0,0,0,0,0,0,0,0,0,0,0,0,0,0,0,0,0,0,0,0,0,0,0,0
l1,3=85,0,82,88,85,93,88,76,68,85,38,0,0,0,0,0,0,0,0,0,0,0,0,0,0,0,0,0,0,0,0,0,0,0,0,0,0,0,0,0
l2,3=84,85,0,87,85,94,91,83,76,86,89,0,0,83,0,0,0,0,0,0,0,0,0,0,0,0,0,0,0,0,0,0,0,0,0,0,0,0,0,0
l3,3=83,90,75,0,77,80,81,0,69,9,77,0,0,0,0,0,0,0,0,0,0,0,0,0,0,0,0,0,0,0,0,0,0,0,0,0,0,0,0,0
l4,3=84,85,84,45,0,89,48,0,48,77,0,0,0,0,0,0,0,0,0,0,0,0,0,0,0,0,0,0,0,0,0,0,0,0,0,0,0,0,0,0
l5,3=84,88,86,88,85,0,88,79,83,86,89,43,0,82,0,0,0,0,0,0,0,0,0,0,0,0,0,0,0,0,0,0,0,0,0,0,0,0,0,0
l6,3=0,87,86,78,75,90,0,75,75,83,91,74,76,72,0,72,65,0,0,0,0,0,0,0,0,0,0,0,0,0,0,0,0,0,0,0,0,0,0,0
l7,3=61,71,82,0,0,85,86,0,83,87,95,0,1,83,0,78,70,0,0,0,0,0,0,0,0,0,0,0,0,0,0,0,0,0,0,0,0,0,0,0
l8,3=0,24,34,30,35,45,35,79,0,87,87,61,41,88,0,86,37,38,0,0,0,28,5,31,42,0,0,0,0,0,0,0,0,0,0,0,0,0,0,0
l9,3=42,29,37,21,43,43,58,79,87,0,95,35,42,88,36,46,0,0,0,0,16,0,0,0,0,0,0,0,0,0,0,0,0,0,0,0,0,0,0,0
l10,3=0,21,75,32,0,77,88,86,83,89,0,35,28,88,33,33,0,0,0,0,0,0,0,29,13,0,0,0,0,0,0,0,0,0,0,0,0,0,0,0
l11,3=0,0,0,0,0,34,39,0,74,29,36,0,93,93,83,97,70,88,0,17,30,24,4,39,77,0,0,0,0,0,0,0,0,0,0,4,39,38,78,9
l12,3=0,0,0,0,0,0,30,0,33,26,0,94,0,44,96,96,40,98,0,0,17,32,35,83,93,85,0,0,0,0,0,0,0,20,0,1,0,0,39,0
l13,3=0,0,31,0,0,38,25,32,87,89,43,90,49,0,0,85,34,43,0,15,24,3,0,37,25,28,0,0,0,0,0,0,0,0,0,0,13,0,31,0
l14,3=0,0,0,0,0,0,0,0,0,28,30,95,96,25,0,37,36,21,0,0,1,15,35,92,93,42,0,0,0,0,0,0,0,29,22,0,8,0,40,0
l15,3=0,0,0,0,0,0,30,34,74,64,22,97,92,83,25,0,80,81,0,0,30,8,0,39,82,0,0,0,0,0,0,0,0,0,0,3,13,0,40,23
l16,3=0,0,0,0,0,0,21,24,41,0,0,37,46,42,54,57,0,88,26,0,72,75,80,29,42,34,0,0,0,0,0,0,0,31,0,26,40,41,34,36
l17,3=0,0,0,0,0,0,0,0,48,0,0,90,96,82,16,83,94,0,0,0,26,17,9,60,82,0,0,0,0,0,0,0,0,0,0,5,59,0,31,32
l18,3=0,0,0,0,0,0,0,0,0,0,0,0,0,0,0,0,70,0,0,69,57,52,64,0,0,0,0,0,0,0,0,0,0,0,0,0,0,0,0,0
l19,3=0,0,0,0,0,0,0,0,0,0,0,6,0,37,0,0,1,0,57,0,85,91,98,0,0,0,45,0,0,52,0,35,0,0,0,70,90,50,86,0
l20,3=0,0,0,0,0,0,0,0,0,8,0,72,0,74,0,75,91,37,44,89,0,92,94,0,31,0,0,0,0,0,0,0,0,0,0,78,88,85,91,78
l21,3=0,0,0,0,0,0,0,0,75,0,0,21,76,2,15,0,91,58,53,91,88,0,95,0,0,0,0,0,0,0,0,0,0,41,0,84,87,83,87,77
l22,3=0,0,0,0,0,0,0,0,0,0,0,50,50,0,32,0,91,28,47,96,93,94,0,0,0,0,0,0,0,49,0,0,0,0,0,91,87,88,70,85
l23,3=0,0,0,0,0,0,0,0,34,0,1,28,87,39,87,38,32,40,0,0,0,0,0,0,91,86,0,0,0,0,0,10,0,0,0,0,0,0,0,0
l24,3=0,0,0,0,0,0,0,0,42,0,0,35,96,36,88,86,39,80,0,0,21,0,0,91,0,90,0,0,0,0,0,0,0,35,0,0,23,0,32,0
l25,3=0,0,0,0,0,0,0,0,16,0,0,0,89,36,78,0,33,0,0,0,0,0,0,83,87,0,7,0,0,2,0,33,36,51,45,0,0,0,0,0
l26,3=0,0,0,0,0,0,0,0,0,0,0,0,0,0,0,0,0,0,0,62,19,0,0,0,0,10,0,68,100,93,93,96,87,61,87,0,0,0,0,0
l27,3=0,0,0,0,0,0,0,0,0,0,0,0,0,0,0,0,0,0,0,0,0,0,0,0,0,0,90,0,100,97,99,93,87,0,1,0,0,0,0,0
l28,3=0,0,0,0,0,0,0,0,0,0,0,0,0,0,0,0,0,0,0,0,0,0,0,0,0,0,95,98,0,97,93,95,88,90,87,0,0,0,0,0
l29,3=0,0,0,0,0,0,0,0,0,0,0,0,0,0,0,0,0,0,0,57,0,0,26,0,0,1,95,98,100,0,89,84,83,33,61,0,0,0,0,0
l30,3=0,0,0,0,0,0,0,0,0,0,0,0,0,0,0,0,0,0,0,0,0,0,0,0,0,0,93,99,95,88,0,73,87,54,0,0,0,0,0,0
l31,3=0,0,0,0,0,0,0,0,0,0,0,0,0,0,0,0,0,0,0,29,0,0,0,25,0,24,94,57,81,54,27,0,97,93,96,0,0,0,0,0
l32,3=0,0,0,0,0,0,0,0,0,0,0,0,16,0,0,0,0,0,0,0,0,0,0,0,0,72,86,76,80,66,75,98,0,91,98,0,0,0,0,0
l33,3=0,0,0,0,0,0,0,0,0,0,0,0,12,0,6,0,30,0,0,0,0,1,0,0,40,83,28,0,45,26,24,90,89,0,93,0,0,0,0,0
l34,3=0,0,0,0,0,0,0,0,0,0,0,0,0,0,12,0,0,0,0,0,11,0,0,16,0,76,81,7,78,64,13,94,97,96,0,0,0,0,0,0
l35,3=0,0,0,0,0,0,0,0,0,0,0,9,16,0,0,0,24,6,0,57,60,40,81,0,0,0,0,0,0,0,0,0,0,0,0,0,91,87,90,85
l36,3=0,0,0,0,0,0,0,0,0,0,0,62,2,0,0,0,69,59,0,74,69,66,73,0,33,0,0,0,0,0,0,0,0,0,0,91,0,88,91,83
l37,3=0,0,0,0,0,0,0,0,0,0,0,11,0,0,0,0,58,0,0,45,71,66,85,0,0,0,0,0,0,0,0,0,0,0,0,91,92,0,83,81
l38,3=0,0,0,0,0,0,0,0,7,0,0,71,62,68,59,77,66,57,0,77,84,63,69,0,36,0,0,0,0,0,0,0,0,0,0,92,93,81,0,82
l39,3=0,0,0,0,0,0,0,0,0,0,0,0,0,0,0,0,73,5,0,0,66,51,88,0,0,0,0,0,0,0,0,0,0,0,0,91,92,88,87,0

l0,4=0,88,75,86,85,86,0,15,74,86,0,0,0,0,0,0,0,0,0,0,0,0,0,0,0,0,0,0,0,0,0,0,0,0,0,0,0,0,0,0
l1,4=82,0,85,88,91,91,91,72,77,81,85,0,0,5,0,0,0,0,0,0,0,0,0,0,0,0,0,0,0,0,0,0,0,0,0,0,0,0,0,0
l2,4=72,83,0,82,89,94,91,84,76,84,89,0,0,81,0,10,0,0,0,0,0,0,0,0,0,0,0,0,0,0,0,0,0,0,0,0,0,0,0,0
l3,4=81,88,85,0,83,88,83,0,80,0,0,0,0,0,0,0,0,0,0,0,0,0,0,0,0,0,0,0,0,0,0,0,0,0,0,0,0,0,0,0
l4,4=82,91,88,86,0,90,87,72,77,81,78,0,0,3,0,0,0,0,0,0,0,0,0,0,0,0,0,0,0,0,0,0,0,0,0,0,0,0,0,0
l5,4=74,88,90,82,83,0,88,90,77,86,89,0,0,79,0,71,0,0,0,0,0,0,0,0,0,0,0,0,0,0,0,0,0,0,0,0,0,0,0,0
l6,4=0,91,88,77,83,88,0,96,67,90,93,72,75,0,0,73,79,0,0,0,0,0,0,0,0,0,0,0,0,0,0,0,0,0,0,0,0,0,0,0
l7,4=45,74,86,0,75,90,91,0,88,93,93,70,0,79,0,79,53,0,0,0,0,0,0,0,0,0,0,0,0,0,0,0,0,0,0,0,0,0,0,0
l8,4=66,74,38,70,73,70,4,79,0,91,83,77,79,89,79,78,83,77,0,0,7,73,15,0,0,0,0,0,0,0,0,0,0,0,0,0,0,0,0,0
l9,4=70,76,75,13,71,75,85,94,90,0,96,77,0,90,0,70,0,76,0,0,74,0,77,0,0,0,0,0,0,0,0,0,0,0,0,0,0,0,0,0
l10,4=0,77,88,2,67,90,91,96,88,93,0,81,77,90,73,77,0,51,0,0,0,0,0,72,0,0,0,0,0,0,0,0,0,0,0,0,0,0,0,0
l11,4=0,0,0,0,0,39,81,72,83,81,85,0,84,85,85,93,86,80,0,1,69,71,74,83,67,69,0,0,0,0,0,0,0,0,0,0,80,46,74,0
l12,4=0,0,0,0,0,0,40,0,83,0,82,84,0,86,93,82,91,91,0,0,73,0,13,87,86,87,0,0,0,0,0,0,65,73,0,15,11,0,75,0
l13,4=0,0,74,0,0,6,0,9,84,86,82,77,83,0,82,79,83,80,0,67,74,71,77,82,0,78,0,0,0,0,0,0,0,0,0,0,0,0,62,0
l14,4=0,0,0,0,0,0,0,0,83,10,84,88,95,85,0,0,89,66,0,0,76,25,0,96,90,85,0,0,0,0,0,4,0,83,75,0,56,0,74,0
l15,4=0,0,0,0,0,45,37,77,82,76,82,94,85,87,0,0,83,77,0,67,76,68,68,81,79,12,0,0,0,0,0,0,0,0,0,0,76,35,73,0
l16,4=0,0,0,0,0,0,76,0,83,0,0,80,84,83,90,76,0,87,74,77,81,80,78,81,74,79,0,0,0,0,0,0,0,0,0,64,79,71,78,79
l17,4=0,0,0,0,0,0,0,0,83,83,28,87,96,87,63,77,96,0,0,72,76,61,72,76,80,1,0,0,0,0,0,0,0,0,0,65,81,0,73,80
l18,4=0,0,0,0,0,0,0,0,0,0,0,0,0,0,0,0,83,0,0,80,0,48,83,0,0,0,0,0,0,0,0,0,0,0,0,0,0,0,0,0
l19,4=0,0,0,0,0,0,0,0,0,0,0,0,0,72,0,25,79,57,74,0,91,87,95,0,0,0,49,0,0,73,0,0,0,0,0,75,80,63,75,82
l20,4=0,0,0,0,0,0,0,0,0,68,0,62,63,70,77,69,86,72,0,92,0,85,93,0,46,0,1,0,14,0,0,23,29,0,0,64,90,72,86,75
l21,4=0,0,0,0,0,0,0,0,77,0,0,69,0,76,41,58,94,57,59,92,91,0,91,0,0,0,0,0,0,0,0,0,0,34,0,68,83,73,67,91
l22,4=0,0,0,0,0,0,0,0,33,75,0,58,27,75,0,42,88,58,72,98,96,91,0,0,0,0,37,0,0,53,0,0,42,32,0,0,91,81,85,12
l23,4=0,0,0,0,0,0,0,0,0,0,0,83,94,89,95,79,83,60,0,0,0,0,0,0,90,93,0,0,0,0,0,0,0,81,75,0,0,0,0,0
l24,4=0,0,0,0,0,0,0,0,0,0,0,74,91,0,95,84,86,86,0,0,75,0,0,97,0,87,0,0,0,0,0,0,0,83,0,0,0,0,0,0
l25,4=0,0,0,0,0,0,0,0,0,0,0,34,96,83,95,27,85,1,0,0,0,0,0,99,93,0,0,0,0,63,0,69,88,94,82,0,0,0,0,0
l26,4=0,0,0,0,0,0,0,0,0,0,0,0,0,0,0,0,0,0,0,80,11,0,81,0,0,0,0,86,100,100,99,100,97,89,98,0,0,0,0,0
l27,4=0,0,0,0,0,0,0,0,0,0,0,0,0,0,0,0,0,0,0,0,0,0,0,0,0,0,98,0,100,100,100,96,89,0,78,0,0,0,0,0
l28,4=0,0,0,0,0,0,0,0,0,0,0,0,0,0,0,0,0,0,0,0,76,0,0,0,0,0,98,100,0,100,99,96,96,96,96,0,0,0,0,0
l29,4=0,0,0,0,0,0,0,0,0,0,0,0,0,0,0,0,0,0,0,90,0,0,87,0,0,87,98,100,100,0,99,90,91,88,91,0,0,0,0,0
l30,4=0,0,0,0,0,0,0,0,0,0,0,0,0,0,0,0,0,0,0,0,0,0,0,0,0,0,98,100,99,100,0,97,93,88,0,0,0,0,0,0
l31,4=0,0,0,0,0,0,0,0,0,0,0,0,0,0,4,0,0,0,0,0,59,0,0,0,0,87,98,87,93,89,84,0,99,100,100,0,0,0,0,0
l32,4=0,0,0,0,0,0,0,0,0,0,0,0,85,0,0,0,0,0,0,0,71,0,68,0,0,95,97,85,99,99,98,100,0,100,100,0,0,0,0,0
l33,4=0,0,0,0,0,0,0,0,0,0,0,0,74,0,78,0,0,0,0,0,0,13,35,87,84,96,78,0,94,85,78,100,99,0,100,0,0,0,0,0
l34,4=0,0,0,0,0,0,0,0,0,0,0,0,0,0,86,0,0,0,0,0,29,0,0,93,31,95,98,76,100,96,7,100,99,100,0,0,0,0,0,0
l35,4=0,0,0,0,0,0,0,0,0,0,0,0,5,0,0,0,63,40,0,67,73,66,0,0,0,0,0,0,0,0,0,0,0,0,0,0,88,86,79,85
l36,4=0,0,0,0,0,0,0,0,0,0,0,55,8,0,6,52,54,69,0,68,80,58,80,0,0,0,0,0,0,0,0,0,0,0,0,82,0,84,78,85
l37,4=0,0,0,0,0,0,0,0,0,0,0,0,0,0,0,0,50,0,0,43,73,68,77,0,0,0,0,0,0,0,0,0,0,0,0,85,91,0,73,82
l38,4=0,0,0,0,0,0,0,0,0,0,0,72,69,51,77,71,84,66,0,71,88,64,84,0,0,0,0,0,0,0,0,0,0,0,0,84,86,72,0,92
l39,4=0,0,0,0,0,0,0,0,0,0,0,0,0,0,0,0,61,60,0,72,72,76,0,0,0,0,0,0,0,0,0,0,0,0,0,82,86,76,79,0

l0,5=0,85,70,71,70,66,78,0,0,81,74,0,0,0,0,0,0,0,0,0,0,0,0,0,0,0,0,0,0,0,0,0,0,0,0,0,0,0,0,0
l1,5=90,0,82,71,91,80,87,37,0,81,74,0,1,1,0,0,0,0,0,0,0,0,0,11,0,0,0,0,0,0,0,0,0,0,0,0,0,0,0,0
l2,5=75,79,0,71,73,76,81,36,1,81,74,0,0,14,0,0,0,0,0,0,0,0,0,0,0,0,0,0,0,0,0,0,0,0,0,0,0,0,0,0
l3,5=77,72,70,0,91,71,75,1,8,75,0,0,0,0,0,0,0,0,0,0,0,0,0,0,0,0,0,0,0,0,0,0,0,0,0,0,0,0,0,0
l4,5=62,86,79,78,0,75,82,61,69,0,73,0,0,51,0,0,0,0,0,0,0,0,0,0,0,0,0,0,0,0,0,0,0,0,0,0,0,0,0,0
l5,5=75,86,78,71,89,0,78,73,70,81,74,55,0,77,0,0,0,0,0,0,0,0,0,0,0,0,0,0,0,0,0,0,0,0,0,0,0,0,0,0
l6,5=45,76,74,64,76,42,0,78,59,88,78,60,0,0,0,0,55,0,0,12,0,0,0,0,0,0,0,0,0,0,0,0,0,0,0,0,0,0,0,0
l7,5=0,33,50,60,66,67,79,0,73,81,86,68,0,42,0,73,0,0,0,0,0,0,0,0,0,0,0,0,0,0,0,0,0,0,0,0,0,0,0,0
l8,5=0,0,0,14,49,22,41,74,0,89,78,76,4,90,44,72,62,51,0,0,0,54,30,56,65,0,0,0,0,0,0,0,0,0,0,0,0,0,0,0
l9,5=46,49,70,64,0,68,78,71,79,0,80,74,4,81,0,69,48,58,0,0,29,0,45,0,61,0,0,0,0,0,0,0,0,0,0,0,0,0,42,0
l10,5=65,72,70,0,66,67,78,80,72,93,0,67,0,75,53,64,0,40,0,0,0,0,0,0,0,0,0,0,0,0,0,0,0,0,0,0,0,0,0,0
l11,5=0,0,0,0,0,16,29,23,48,55,47,0,79,78,77,88,75,57,0,0,39,42,40,50,62,39,0,0,0,0,0,0,0,0,0,0,17,13,54,0
l12,5=0,0,0,0,0,0,0,0,3,0,0,83,0,74,83,69,76,84,0,0,36,0,0,72,80,75,0,0,0,0,0,0,14,8,0,25,15,0,46,0
l13,5=0,0,0,0,14,20,0,0,80,85,38,75,73,0,64,82,69,69,0,17,30,19,41,56,50,41,0,0,0,0,0,0,0,0,0,31,0,0,0,0
l14,5=0,0,0,0,0,0,0,0,30,0,32,83,83,70,0,64,78,47,0,0,49,0,34,84,88,77,0,0,0,0,0,7,0,49,43,0,0,0,50,0
l15,5=0,0,0,0,0,0,0,35,39,42,36,85,76,86,60,0,50,45,0,0,0,45,47,58,78,41,0,0,0,0,0,0,0,0,0,0,17,0,52,38
l16,5=0,0,0,0,0,0,17,0,28,31,0,72,79,56,76,43,0,59,0,4,50,51,53,35,63,43,0,0,0,0,0,14,0,0,18,40,17,6,48,37
l17,5=0,0,0,0,0,0,0,0,36,42,20,85,83,80,78,63,84,0,0,17,58,2,38,3,81,50,0,0,0,0,0,0,0,0,0,36,19,10,0,0
l18,5=0,0,0,0,0,0,0,0,0,0,0,0,0,0,0,0,0,0,0,0,0,59,35,0,0,0,0,0,0,0,0,0,0,0,0,0,0,0,0,0
l19,5=0,0,0,0,0,0,0,0,0,0,0,0,0,47,0,0,10,32,0,0,65,68,69,0,0,0,0,0,10,22,0,0,0,0,0,4,32,5,40,45
l20,5=0,0,0,0,0,0,0,0,1,16,0,31,37,26,40,0,61,45,0,73,0,65,69,0,0,0,0,0,0,0,0,0,16,0,0,51,65,26,74,49
l21,5=0,0,0,0,0,0,0,0,29,6,0,35,0,33,0,40,60,8,16,67,60,0,61,0,15,0,0,0,0,0,0,0,0,0,0,54,42,16,49,61
l22,5=0,0,0,0,0,0,0,0,22,27,0,35,0,43,31,49,60,22,8,78,65,69,0,0,0,0,22,0,0,5,0,0,0,0,0,35,45,18,61,53
l23,5=0,0,0,0,0,0,0,0,55,0,0,62,78,70,81,65,23,0,0,0,0,0,0,0,88,77,0,0,0,0,0,0,0,62,74,0,0,0,0,0
l24,5=0,0,0,0,0,0,0,0,42,39,0,70,81,56,83,76,74,73,0,0,0,1,0,84,0,75,0,0,0,0,0,0,0,60,17,0,10,0,0,0
l25,5=0,0,0,0,0,0,0,0,0,0,0,50,78,60,80,49,59,35,0,0,0,0,0,82,79,0,0,0,0,28,0,0,46,69,67,0,0,0,0,0
l26,5=0,0,0,0,0,0,0,0,0,0,0,0,0,0,0,0,0,0,0,0,1,0,37,0,0,0,0,61,85,92,82,90,81,49,72,0,0,0,0,0
l27,5=0,0,0,0,0,0,0,0,0,0,0,0,0,0,0,0,0,0,0,0,0,0,0,0,0,0,81,0,80,80,91,72,69,0,0,0,0,0,0,0
l28,5=0,0,0,0,0,0,0,0,0,0,0,0,0,0,0,0,0,0,0,46,32,0,0,0,0,0,90,84,0,94,91,70,74,60,67,0,0,0,0,0
l29,5=0,0,0,0,0,0,0,0,0,0,0,0,0,0,0,0,0,0,0,50,0,0,13,0,0,42,90,83,83,0,90,56,64,49,56,0,0,0,0,0
l30,5=0,0,0,0,0,0,0,0,0,0,0,0,0,0,0,0,0,0,0,0,0,0,0,0,0,0,86,85,83,88,0,72,0,60,0,0,0,0,0,0
l31,5=0,0,0,0,0,0,0,0,0,0,0,0,0,0,14,0,38,0,0,0,0,0,0,0,0,0,83,60,67,45,60,0,82,77,80,0,0,0,0,0
l32,5=0,0,0,0,0,0,0,0,0,0,0,0,63,0,0,0,0,0,0,0,46,0,0,8,0,71,82,61,70,73,7,92,0,71,88,0,0,0,0,0
l33,5=0,0,0,0,0,0,0,0,0,0,0,0,43,0,74,0,2,0,0,0,0,0,0,71,79,69,74,0,68,50,63,78,73,0,76,0,0,0,0,0
l34,5=0,0,0,0,0,0,0,0,0,0,0,0,29,0,54,0,49,0,0,0,0,0,0,72,54,66,74,0,68,68,0,88,85,85,0,0,0,0,0,0
l35,5=0,0,0,0,0,0,0,0,0,0,0,0,21,30,0,0,26,19,0,0,28,32,23,0,0,0,0,0,0,0,0,0,0,0,0,0,20,11,25,37
l36,5=0,0,0,0,0,0,0,0,0,0,0,39,30,0,0,35,49,33,0,10,42,48,56,0,8,0,0,0,0,0,0,0,0,0,0,55,0,22,51,61
l37,5=0,0,0,0,0,0,0,0,0,0,0,14,0,0,0,0,22,0,0,3,35,41,48,0,0,0,0,0,0,0,0,0,0,0,0,46,67,0,43,46
l38,5=0,0,0,0,0,0,0,0,0,21,0,57,47,0,51,50,64,0,0,9,52,57,57,0,0,0,0,0,0,0,0,0,0,0,0,53,48,21,0,61
l39,5=0,0,0,0,0,0,0,0,0,0,0,0,0,0,0,6,31,0,0,5,40,59,47,0,0,0,0,0,0,0,0,0,0,0,0,54,48,19,58,0

l0,6=0,82,73,73,93,80,67,2,0,58,61,0,0,0,0,0,0,0,0,0,0,0,0,0,0,0,0,0,0,0,0,0,0,0,0,0,0,0,0,0
l1,6=93,0,82,83,93,84,75,31,0,77,56,0,0,0,0,0,0,0,0,0,0,0,0,30,0,0,0,0,0,0,0,0,0,0,0,0,0,0,0,0
l2,6=78,71,0,72,89,84,73,50,51,85,67,0,0,48,0,0,0,0,0,0,0,0,0,0,0,0,0,0,0,0,0,0,0,0,0,0,0,0,0,0
l3,6=73,78,64,0,92,80,66,0,0,74,0,0,0,0,0,0,0,0,0,0,0,0,0,0,0,0,0,0,0,0,0,0,0,0,0,0,0,0,0,0
l4,6=87,80,86,90,0,89,70,40,60,0,54,0,0,4,0,0,0,0,0,0,0,0,0,27,0,0,0,0,0,0,0,0,0,0,0,0,0,0,0,0
l5,6=78,69,80,79,88,0,60,68,70,79,68,0,0,49,0,0,0,0,0,0,0,0,0,0,0,0,0,0,0,0,0,0,0,0,0,0,0,0,0,0
l6,6=50,74,58,63,61,52,0,68,52,77,65,59,5,12,0,0,48,0,0,0,0,0,0,0,0,0,0,0,0,0,0,0,0,0,0,0,0,0,0,0
l7,6=11,20,52,29,51,79,66,0,73,79,70,53,3,0,0,55,0,1,0,0,0,0,0,0,0,0,0,0,0,0,0,0,0,0,0,0,0,0,0,0
l8,6=0,0,20,0,56,51,45,49,0,82,67,68,42,81,29,49,50,59,0,0,39,36,32,29,26,2,0,0,0,0,0,0,0,0,0,0,0,0,0,0
l9,6=17,37,51,43,0,73,60,59,73,0,71,58,36,76,31,48,34,29,0,0,1,0,2,0,0,0,0,0,0,0,0,0,0,0,0,0,0,0,12,0
l10,6=24,29,57,0,52,62,66,70,73,88,0,64,0,54,0,46,42,0,0,0,0,0,0,0,0,0,0,0,0,0,0,0,0,0,0,0,0,0,0,0
l11,6=0,0,0,0,0,0,21,11,53,46,35,0,33,53,48,65,47,44,0,0,40,35,0,25,30,3,0,0,0,0,0,0,0,0,0,0,16,12,28,0
l12,6=0,0,0,0,0,0,0,0,46,38,0,47,0,48,58,51,54,63,0,0,41,1,0,50,73,56,0,0,0,0,0,0,0,38,12,0,11,0,19,0
l13,6=0,0,0,0,0,19,0,0,68,72,33,38,26,0,42,53,41,55,0,22,0,0,33,25,33,0,0,0,0,0,0,0,0,0,0,20,15,0,17,0
l14,6=0,0,0,0,0,0,0,0,41,38,0,34,60,56,0,38,40,47,0,0,42,0,42,56,59,48,0,0,0,0,0,2,0,42,5,0,0,0,21,1
l15,6=0,0,0,0,0,0,0,20,47,53,34,75,60,64,46,0,50,59,0,0,38,39,42,44,35,0,0,0,0,0,0,0,0,0,0,3,9,0,32,0
l16,6=0,0,0,0,0,0,4,0,39,36,20,32,33,43,20,38,0,64,24,19,40,45,47,24,32,5,0,0,0,0,0,0,0,13,0,21,16,9,31,31
l17,6=0,0,0,0,0,0,0,0,48,37,0,37,37,61,53,49,56,0,0,23,43,38,38,0,34,7,0,0,0,0,0,0,0,28,0,15,19,7,29,0
l18,6=0,0,0,0,0,0,0,0,0,0,0,0,0,1,0,0,34,0,0,21,1,38,0,0,0,0,0,0,0,0,0,0,0,0,0,0,0,0,0,0
l19,6=0,0,0,0,0,0,0,0,0,0,0,0,0,33,0,0,31,26,25,0,62,49,62,0,0,0,29,0,4,8,0,27,0,0,0,0,27,0,34,23
l20,6=0,0,0,0,0,0,0,0,30,0,0,15,19,0,29,27,32,34,0,51,0,60,62,0,0,0,0,0,0,0,0,0,0,13,0,1,25,16,56,32
l21,6=0,0,0,0,0,0,0,0,32,11,0,24,16,8,0,31,35,24,23,33,64,0,61,0,0,0,0,0,0,0,0,0,0,0,0,29,24,15,47,43
l22,6=0,0,0,0,0,0,0,0,31,10,0,0,0,33,29,32,36,26,0,54,65,58,0,0,0,0,33,0,0,0,0,0,0,0,0,25,44,0,49,39
l23,6=0,4,0,0,16,0,0,0,29,0,0,32,57,49,60,42,33,0,0,0,0,0,0,0,72,63,0,0,0,0,0,29,28,45,45,0,0,0,0,0
l24,6=0,0,0,0,0,0,0,0,45,0,0,51,68,57,53,46,46,43,0,0,0,0,0,71,0,49,0,0,0,0,0,0,0,40,29,0,0,0,0,0
l25,6=0,0,0,0,0,0,0,0,16,0,0,17,64,0,61,4,37,18,0,0,0,0,0,68,66,0,0,0,0,0,0,0,38,50,0,0,0,0,0,0
l26,6=0,0,0,0,0,0,0,0,0,0,0,0,0,0,0,0,0,0,0,17,19,0,32,0,0,0,0,48,86,74,59,66,65,34,42,0,0,0,0,0
l27,6=0,0,0,0,0,0,0,0,0,0,0,0,0,0,0,0,0,0,0,0,0,0,0,0,0,0,65,0,81,71,88,53,48,0,0,0,0,0,0,0
l28,6=0,0,0,0,0,0,0,0,0,0,0,0,0,0,0,0,0,0,0,16,30,0,24,0,0,0,72,78,0,81,88,64,56,62,57,0,0,0,0,0
l29,6=0,0,0,0,0,0,0,0,0,0,0,0,0,0,0,0,0,0,0,16,0,0,0,0,0,0,72,76,86,0,39,37,36,34,31,0,0,0,0,0
l30,6=0,0,0,0,0,0,0,0,0,0,0,0,0,0,0,0,0,0,0,0,0,0,0,0,0,0,71,82,81,37,0,42,0,0,38,0,0,0,0,0
l31,6=0,0,0,0,0,0,0,0,0,0,0,0,0,0,0,0,0,0,0,20,0,0,0,30,0,0,68,37,52,38,41,0,77,65,65,0,0,0,0,0
l32,6=0,0,0,0,0,0,0,0,0,0,0,0,0,0,0,0,0,0,0,0,0,0,0,33,0,23,65,37,58,45,0,70,0,76,87,0,0,0,0,0
l33,6=0,0,0,0,0,0,0,0,0,0,0,0,43,0,45,0,32,19,0,0,34,0,0,49,54,53,44,0,55,45,28,60,73,0,70,0,0,0,0,0
l34,6=0,0,0,0,0,0,0,0,0,0,0,0,32,0,27,0,0,0,0,0,0,0,0,53,38,0,57,0,59,35,43,67,84,75,0,0,0,0,0,0
l35,6=0,0,0,0,0,0,0,0,0,0,0,0,0,16,0,0,33,1,0,0,1,40,35,0,0,0,0,0,0,0,0,0,0,0,0,0,28,24,33,37
l36,6=0,0,0,0,0,0,0,0,0,0,0,21,11,16,0,2,35,31,0,20,49,40,51,0,0,0,0,0,0,0,0,0,0,0,0,32,0,27,41,49
l37,6=0,0,0,0,0,0,0,0,0,0,0,7,0,0,0,0,16,0,0,0,39,28,0,0,0,0,0,0,0,0,0,0,0,0,0,39,52,0,28,22
l38,6=0,0,0,0,0,0,0,0,0,12,0,27,15,16,18,33,47,35,0,20,52,43,50,0,0,0,0,0,0,0,0,0,0,0,0,35,49,22,0,48
l39,6=0,0,0,0,0,0,0,0,0,0,0,0,0,0,0,0,30,0,0,4,44,42,46,0,0,0,0,0,0,0,0,0,0,0,0,30,52,18,56,0

l0,7=0,99,92,95,98,98,91,72,67,81,83,0,0,0,0,0,0,0,0,0,0,0,0,0,0,0,0,0,0,0,0,0,0,0,0,0,0,0,0,0
l1,7=100,0,94,95,99,94,87,88,33,60,61,0,0,48,0,0,0,0,0,0,0,0,0,0,0,0,0,0,0,0,0,0,0,0,0,0,0,0,0,0
l2,7=94,96,0,95,93,78,87,33,64,90,70,0,0,0,0,0,0,0,0,0,0,0,0,0,0,0,0,0,0,0,0,0,0,0,0,0,0,0,0,0
l3,7=90,96,90,0,95,93,86,49,0,76,76,0,0,0,0,0,0,0,0,0,0,0,0,0,0,0,0,0,0,0,0,0,0,0,0,0,0,0,0,0
l4,7=98,99,93,99,0,98,89,79,64,0,71,0,0,56,0,0,0,0,0,0,0,0,0,0,0,0,0,0,0,0,0,0,0,0,0,0,0,0,0,0
l5,7=96,96,82,93,94,0,10,94,68,92,83,0,0,58,0,0,0,0,0,0,0,0,0,0,0,0,0,0,0,0,0,0,0,0,0,0,0,0,0,0
l6,7=89,92,91,86,83,15,0,94,0,92,76,28,12,47,0,0,26,0,0,0,0,0,0,0,0,0,0,0,0,0,0,0,0,0,0,0,0,0,0,0
l7,7=37,59,31,52,62,94,87,0,58,92,83,11,15,49,0,51,0,5,0,0,0,0,0,0,0,0,0,0,0,0,0,0,0,0,0,0,0,0,0,0
l8,7=24,12,30,0,67,53,0,30,0,92,83,49,20,65,46,70,16,25,0,2,0,0,8,0,12,1,0,0,0,0,0,0,0,0,0,0,0,0,0,0
l9,7=22,20,44,41,0,68,87,94,84,0,83,45,16,65,0,73,9,3,0,0,24,12,4,14,41,1,0,0,0,0,0,0,0,0,0,0,0,0,43,0
l10,7=59,38,59,70,62,70,66,94,84,92,0,72,0,13,0,62,13,18,0,0,0,0,0,0,0,0,0,0,0,0,0,0,0,0,0,0,0,0,0,0
l11,7=0,0,0,0,0,0,14,5,44,52,41,0,38,48,40,87,17,18,0,0,32,23,16,20,41,22,0,0,0,0,0,0,0,0,0,0,0,0,49,21
l12,7=0,0,0,0,0,0,0,0,30,44,0,48,0,39,70,77,26,28,0,0,27,22,0,54,86,84,0,0,0,0,0,0,0,45,0,0,33,0,11,0
l13,7=0,18,0,0,41,26,16,19,67,83,4,26,16,0,46,71,17,21,0,6,2,5,13,23,51,38,0,0,0,0,0,0,0,0,0,31,15,0,42,0
l14,7=0,0,0,0,0,0,0,0,28,0,0,17,62,45,0,54,33,39,0,0,34,20,16,53,49,60,0,0,0,0,0,0,0,46,0,0,4,0,35,0
l15,7=0,0,0,0,0,0,0,18,41,59,42,86,55,54,47,0,14,15,0,0,39,29,20,33,41,50,0,0,0,0,0,0,0,0,0,0,45,31,51,0
l16,7=0,0,0,0,0,0,5,0,29,32,37,18,22,40,49,34,0,21,25,0,40,31,31,28,48,30,0,0,0,0,0,18,7,19,0,48,53,32,43,0
l17,7=0,0,0,0,0,0,0,0,40,40,23,18,23,44,51,31,18,0,0,0,39,8,22,0,56,0,0,0,0,0,0,0,0,38,0,16,51,0,56,0
l18,7=0,0,0,0,0,0,0,0,0,0,0,0,0,0,0,0,34,0,0,39,45,1,0,0,0,0,0,0,0,0,0,0,0,0,0,0,0,0,0,0
l19,7=0,0,0,0,0,0,0,0,1,0,0,0,0,13,0,0,0,0,28,0,70,41,59,0,0,0,36,0,0,0,0,29,0,0,0,0,32,0,34,0
l20,7=0,0,0,0,0,0,0,0,0,21,0,9,13,18,34,33,25,13,23,66,0,65,61,0,27,0,5,0,2,9,0,0,0,3,0,54,61,31,56,23
l21,7=0,0,0,0,0,0,0,0,4,35,0,11,17,20,33,31,20,8,12,40,73,0,63,0,30,0,0,0,0,0,0,0,0,0,5,50,54,19,51,63
l22,7=0,0,0,0,0,0,0,0,9,28,0,10,0,20,31,30,41,12,0,65,73,63,0,0,0,0,29,0,0,0,0,0,0,0,0,41,61,0,45,56
l23,7=0,0,0,0,0,0,0,0,0,13,0,11,42,37,70,56,17,0,0,0,0,0,0,0,82,87,0,0,0,0,0,0,6,44,64,0,0,0,0,0
l24,7=0,0,0,0,0,0,0,0,11,45,0,36,83,53,59,42,53,58,0,0,31,13,0,86,0,75,0,0,0,0,0,0,0,47,42,0,2,0,9,0
l25,7=0,0,0,0,14,0,0,0,11,29,0,12,78,37,65,52,13,0,0,0,0,0,0,85,72,0,0,0,0,13,0,17,43,56,0,0,0,0,20,0
l26,7=0,0,0,0,0,0,0,0,0,0,0,0,0,0,0,0,0,0,0,37,31,0,20,0,0,0,0,70,86,76,73,78,73,50,63,0,0,0,0,0
l27,7=0,0,0,0,0,0,0,0,0,0,0,0,0,0,0,0,0,0,0,0,0,0,0,0,0,0,75,0,83,78,84,38,54,0,0,0,0,0,0,0
l28,7=0,0,0,0,0,0,0,0,0,0,0,0,0,0,0,0,0,0,0,0,40,0,0,0,0,0,85,84,0,83,83,71,47,63,51,0,0,0,0,0
l29,7=0,0,0,0,0,0,0,0,0,0,0,0,0,0,0,0,0,0,0,0,42,0,0,0,0,26,79,84,86,0,83,55,53,46,28,0,0,0,0,0
l30,7=0,0,0,0,0,0,0,0,0,0,0,0,0,0,0,0,0,0,0,0,0,0,0,0,0,0,69,84,81,76,0,53,48,35,53,0,0,0,0,0
l31,7=0,0,0,0,0,0,0,0,0,0,0,0,0,0,0,0,17,0,0,39,16,0,0,0,0,1,74,8,62,40,46,0,84,79,82,0,0,0,0,0
l32,7=0,0,0,0,0,0,0,0,0,0,0,0,2,0,0,0,12,0,0,0,0,0,0,22,0,43,76,33,43,63,57,85,0,80,87,0,0,0,0,0
l33,7=0,0,0,0,0,0,0,0,0,0,0,0,55,0,49,0,22,31,0,0,30,0,0,35,53,53,59,0,68,44,36,81,79,0,77,0,0,0,0,0
l34,7=0,0,0,0,0,0,0,0,0,0,0,0,27,0,0,0,0,0,0,0,0,5,0,67,45,0,62,11,44,26,50,82,85,67,0,0,0,0,0,0
l35,7=0,0,0,0,0,0,0,0,0,0,0,0,0,12,0,0,14,0,0,0,35,31,22,0,0,0,0,0,0,0,0,0,0,0,0,0,67,48,53,39
l36,7=0,0,0,0,0,0,0,0,0,0,0,0,10,2,0,25,15,12,0,15,48,33,41,0,0,0,0,0,0,0,0,0,0,0,0,57,0,46,55,59
l37,7=0,0,0,0,0,0,0,0,0,0,0,0,0,0,0,13,10,0,0,0,28,0,0,0,0,0,0,0,0,0,0,0,0,0,0,57,62,0,33,31
l38,7=0,0,0,0,0,0,0,0,0,37,0,20,0,29,0,40,25,25,0,37,55,49,42,0,25,7,0,0,0,0,0,0,0,0,0,53,65,37,0,43
l39,7=0,0,0,0,0,0,0,0,0,0,0,0,0,0,0,0,0,0,0,0,31,35,31,0,0,0,0,0,0,0,0,0,0,0,0,57,68,36,46,0

l0,8=0,100,99,89,95,98,92,92,9,88,87,0,0,74,0,0,0,0,0,0,0,0,0,0,0,0,0,0,0,0,0,0,0,0,0,0,0,0,0,0
l1,8=99,0,99,97,96,98,92,96,65,89,0,0,0,70,0,0,0,0,0,0,0,0,0,32,0,0,0,0,0,0,0,0,0,0,0,0,0,0,0,0
l2,8=99,97,0,91,90,96,89,94,0,82,88,0,0,1,0,10,0,0,0,0,0,0,0,0,0,0,0,0,0,0,0,0,0,0,0,0,0,0,0,0
l3,8=89,96,92,0,96,94,89,93,0,72,11,0,0,0,0,0,0,0,0,0,0,0,0,0,0,0,0,0,0,0,0,0,0,0,0,0,0,0,0,0
l4,8=97,97,95,97,0,96,92,91,93,67,82,0,0,89,0,0,0,0,0,0,0,0,0,0,66,0,0,0,0,0,0,0,0,0,0,0,0,0,0,0
l5,8=98,97,99,97,96,0,90,96,95,87,97,69,4,85,0,0,0,0,0,0,0,0,0,0,0,0,0,0,0,0,0,0,0,0,0,0,0,0,0,0
l6,8=95,91,92,87,89,90,0,92,68,90,91,0,0,24,0,5,54,0,0,0,0,0,0,0,0,0,0,0,0,0,0,0,0,0,0,0,0,0,0,0
l7,8=94,90,91,92,88,92,90,0,91,95,98,60,1,92,0,0,11,29,0,0,0,0,0,0,0,0,0,0,0,0,0,0,0,0,0,0,0,0,0,0
l8,8=0,17,0,0,58,61,78,84,0,95,90,92,0,95,80,92,0,53,0,66,0,0,47,0,58,43,0,0,0,0,0,0,0,0,0,0,0,0,0,0
l9,8=91,81,10,59,20,54,88,92,93,0,98,79,50,93,67,92,59,42,0,0,0,72,10,44,75,0,0,0,0,0,0,0,0,0,0,0,0,0,68,0
l10,8=92,0,86,47,53,92,86,92,91,95,0,63,0,86,0,91,0,0,0,0,0,0,0,0,0,0,0,0,0,0,0,0,0,0,0,0,0,0,0,0
l11,8=0,0,0,0,0,12,0,13,70,83,81,0,98,38,80,100,66,53,0,0,51,73,0,48,81,84,0,0,0,0,0,0,0,0,0,0,29,0,55,0
l12,8=0,0,0,0,0,0,0,0,0,43,0,76,0,33,95,100,74,56,0,0,0,43,0,46,99,93,0,0,0,0,0,0,0,67,0,14,11,0,56,0
l13,8=41,6,0,1,40,36,4,62,98,95,85,48,46,0,85,93,39,47,0,21,57,51,22,53,83,61,0,0,0,0,0,0,0,0,0,4,24,0,74,0
l14,8=0,0,0,0,0,0,0,0,51,34,0,53,96,54,0,83,63,55,0,0,40,65,2,53,99,72,0,0,0,0,0,0,0,0,53,0,30,0,0,0
l15,8=0,0,0,0,0,0,0,0,70,84,89,100,63,63,82,0,66,55,0,0,73,72,27,51,80,64,0,0,0,0,0,0,0,0,0,0,20,0,74,0
l16,8=0,0,0,0,0,0,22,0,0,26,0,63,62,18,86,85,0,54,11,54,79,62,53,34,87,1,0,0,0,0,0,30,0,1,32,23,32,45,65,58
l17,8=0,0,0,0,0,0,0,9,55,33,0,67,62,47,92,97,72,0,0,29,76,8,19,21,88,19,0,0,0,0,0,0,0,46,0,0,10,0,84,44
l18,8=0,0,0,0,0,0,0,0,0,0,0,0,0,0,0,0,77,0,0,62,72,64,0,0,0,0,0,0,0,0,0,0,0,0,0,0,0,0,0,0
l19,8=0,0,0,0,0,0,0,0,28,0,0,0,0,6,0,0,64,5,9,0,80,78,82,0,0,0,0,0,0,0,0,39,0,0,0,56,0,0,56,6
l20,8=0,0,0,0,0,0,0,0,0,0,0,34,2,26,42,58,47,30,28,94,0,94,84,0,29,0,0,0,7,0,0,0,0,0,5,32,73,57,84,57
l21,8=0,0,0,0,0,0,0,0,0,40,0,39,34,23,49,61,38,0,11,69,81,0,83,0,0,0,0,0,0,0,0,19,0,0,0,37,39,49,82,68
l22,8=0,0,0,0,0,0,0,0,34,28,0,0,0,26,1,58,75,29,0,88,81,93,0,0,0,0,0,0,4,59,0,0,0,0,0,67,72,0,74,75
l23,8=0,0,0,0,0,0,0,0,0,56,0,50,53,54,85,80,61,39,0,0,0,0,0,0,98,93,0,0,0,0,0,0,72,73,80,0,0,0,0,0
l24,8=0,0,0,20,24,0,0,0,37,62,0,57,98,53,95,73,68,47,0,0,55,0,0,92,0,89,0,0,0,0,0,11,0,79,69,0,0,0,2,0
l25,8=0,0,0,9,0,0,0,0,46,0,0,78,98,77,80,75,35,7,0,0,0,0,0,92,83,0,0,0,0,60,0,2,73,78,78,0,0,0,2,0
l26,8=0,0,0,0,0,0,0,0,0,0,0,0,0,0,0,0,0,0,0,0,0,0,0,0,0,0,0,88,94,94,83,90,87,82,81,0,0,0,0,0
l27,8=0,0,0,0,0,0,0,0,0,0,0,0,0,0,0,0,0,0,0,0,0,0,0,0,0,0,88,0,94,94,93,0,75,0,76,0,0,0,0,0
l28,8=0,0,0,0,0,0,0,0,0,0,0,0,0,0,0,0,0,0,0,0,53,0,59,0,0,0,93,93,0,95,93,91,62,82,72,0,0,0,0,0
l29,8=0,0,0,0,0,0,0,0,0,0,0,0,0,0,0,0,0,0,0,0,6,0,64,0,0,64,93,93,94,0,93,91,63,73,74,0,0,0,0,0
l30,8=0,0,0,0,0,0,0,0,0,0,0,0,0,0,0,0,0,0,0,0,0,0,0,0,0,0,86,93,94,94,0,71,79,71,0,0,0,0,0,0
l31,8=0,0,0,0,0,0,0,0,0,0,0,0,0,0,0,0,68,0,0,58,0,9,0,0,13,0,91,0,87,82,78,0,86,92,87,0,0,0,0,0
l32,8=0,0,0,0,0,0,0,0,0,0,0,0,0,0,0,0,0,0,0,0,0,0,2,79,0,76,90,78,64,68,82,94,0,97,93,0,0,0,0,0
l33,8=0,0,0,0,0,0,0,0,0,0,0,0,70,0,0,0,11,36,0,0,29,0,0,64,68,77,84,0,82,70,80,94,91,0,84,0,0,0,0,0
l34,8=0,0,0,0,0,0,0,0,0,0,0,0,0,0,75,0,56,0,0,0,62,0,0,81,75,77,80,59,75,72,0,91,93,84,0,0,0,0,0,0
l35,8=0,0,0,0,0,0,0,0,0,0,0,0,28,1,0,0,28,0,0,36,40,57,47,0,0,0,0,0,0,0,0,0,0,0,0,0,75,74,63,64
l36,8=0,0,0,0,0,0,0,0,0,0,0,31,18,15,42,42,30,9,0,0,56,53,35,0,0,0,0,0,0,0,0,0,0,0,0,70,0,59,73,67
l37,8=0,0,0,0,0,0,0,0,0,0,0,0,0,0,0,0,31,0,0,0,49,48,0,0,0,0,0,0,0,0,0,0,0,0,0,54,37,0,53,53
l38,8=0,0,0,0,0,0,0,0,0,36,0,35,25,23,0,61,38,29,0,34,73,70,38,0,0,0,0,0,0,0,0,0,0,0,0,40,44,53,0,58
l39,8=0,0,0,0,0,0,0,0,0,0,0,0,0,0,0,0,35,7,0,0,61,79,39,0,0,0,0,0,0,0,0,0,0,0,0,69,67,62,69,0

l0,9=0,96,95,100,97,98,98,99,97,100,100,0,0,1,0,0,0,0,0,0,0,0,0,0,0,0,0,0,0,0,0,0,0,0,0,0,0,0,0,0
l1,9=97,0,95,99,97,98,95,99,99,100,100,0,0,5,0,0,0,0,0,0,0,0,0,0,0,0,0,0,0,0,0,0,0,0,0,0,0,0,0,0
l2,9=97,96,0,100,97,98,98,99,16,72,60,0,59,0,0,33,0,0,0,0,0,0,0,0,0,0,0,0,0,0,0,0,0,0,0,0,0,0,0,0
l3,9=94,94,95,0,97,98,97,99,0,0,0,0,0,0,0,0,0,0,0,0,0,0,0,0,0,0,0,0,0,0,0,0,0,0,0,0,0,0,0,0
l4,9=97,96,94,100,0,98,95,97,98,95,99,0,0,22,90,0,0,0,0,0,0,0,0,0,8,0,0,0,0,0,0,0,0,0,0,0,0,0,0,0
l5,9=97,96,95,100,97,0,96,11,98,100,100,0,0,54,0,0,0,0,0,0,0,0,0,0,0,0,0,0,0,0,0,0,0,0,0,0,0,0,0,0
l6,9=97,62,95,99,92,91,0,99,91,99,98,0,0,91,0,0,14,0,0,0,0,0,0,0,0,0,0,0,0,0,0,0,0,0,0,0,0,0,0,0
l7,9=52,98,98,95,93,7,99,0,99,100,100,28,48,100,2,61,0,0,0,0,0,0,0,0,0,0,0,0,0,0,0,0,0,0,0,0,0,0,0,0
l8,9=32,65,0,28,92,92,93,98,0,100,35,62,0,99,0,87,93,48,0,40,0,0,47,11,0,0,0,0,0,0,0,0,0,0,0,0,0,0,0,0
l9,9=51,61,73,0,71,90,94,99,99,0,100,90,52,100,81,92,92,0,0,0,0,0,8,31,29,0,0,0,0,0,0,0,0,0,0,0,0,0,0,0
l10,9=91,93,84,0,95,97,95,99,98,100,0,0,5,96,0,98,76,39,0,0,3,0,0,25,0,0,0,0,0,0,0,0,0,0,0,0,0,0,0,0
l11,9=0,0,0,0,0,0,0,68,97,53,1,0,100,58,84,100,95,50,0,0,85,88,9,37,35,87,0,0,0,0,0,0,0,0,0,2,77,0,86,0
l12,9=0,0,0,0,0,0,0,0,0,48,0,73,0,57,85,98,99,71,0,0,0,31,9,65,45,100,0,0,0,0,0,0,0,0,0,0,79,0,94,0
l13,9=0,0,0,0,8,4,91,99,99,100,35,99,65,0,82,100,99,45,0,40,79,79,19,37,35,79,0,0,0,0,0,0,0,0,0,0,71,0,91,0
l14,9=0,0,0,0,72,0,0,0,0,54,0,35,66,57,0,98,99,50,0,0,85,83,0,99,96,97,0,0,0,0,0,0,0,49,56,0,82,0,0,0
l15,9=0,0,0,0,0,0,0,0,75,54,35,100,98,59,84,0,98,50,0,0,50,78,44,32,35,0,0,0,0,0,0,0,0,0,0,0,80,0,94,0
l16,9=0,0,0,0,0,0,4,0,77,49,24,35,60,52,81,90,0,49,28,39,92,83,48,37,33,80,0,0,0,0,0,68,0,4,48,0,81,73,91,85
l17,9=0,0,0,0,0,0,0,0,80,0,28,38,66,47,84,97,98,0,0,43,75,70,48,0,31,85,0,0,0,0,0,0,0,56,0,13,65,0,90,87
l18,9=0,0,0,0,0,0,0,0,0,0,0,0,0,0,0,0,85,0,0,0,89,85,64,0,0,0,0,0,0,0,0,0,0,0,0,0,0,0,0,0
l19,9=0,0,0,0,0,0,0,0,59,0,0,0,0,36,0,0,74,51,0,0,92,88,91,0,0,0,85,0,0,0,0,0,0,0,0,73,0,75,62,83
l20,9=0,0,0,0,0,0,0,0,0,0,0,28,0,35,67,8,87,0,25,95,0,99,95,0,0,0,71,0,0,0,0,0,0,0,41,71,88,80,93,87
l21,9=0,0,0,0,0,0,0,0,0,0,0,26,40,34,68,72,79,27,26,58,96,0,91,0,0,0,0,0,0,0,0,0,0,0,0,77,84,68,91,83
l22,9=0,0,0,0,0,0,0,0,72,21,0,0,34,5,0,69,74,56,12,94,97,91,0,0,0,0,2,0,27,46,0,67,0,0,0,86,88,70,91,35
l23,9=0,0,0,0,0,0,0,0,0,53,7,40,100,60,100,63,99,0,0,0,0,0,0,0,100,100,0,0,0,0,0,0,86,61,58,0,0,0,0,0
l24,9=0,0,0,0,29,0,0,0,0,52,0,37,90,59,99,97,98,49,0,0,0,0,0,100,0,99,0,0,0,0,0,0,0,60,54,0,67,0,0,0
l25,9=0,0,0,13,0,0,0,0,0,0,0,36,100,49,91,0,98,48,0,0,0,0,0,100,100,0,0,0,0,14,0,0,82,98,58,0,0,0,44,0
l26,9=0,0,0,0,0,0,0,0,0,0,0,0,0,0,0,0,0,0,0,87,84,0,3,0,0,0,0,85,98,100,97,97,99,87,87,0,0,0,0,0
l27,9=0,0,0,0,0,0,0,0,0,0,0,0,0,0,0,0,0,0,0,0,0,0,0,0,0,0,97,0,98,100,100,95,91,0,0,0,0,0,0,0
l28,9=0,0,0,0,0,0,0,0,0,0,0,0,0,0,0,0,0,0,0,0,81,0,83,0,0,0,98,100,0,100,100,87,0,85,0,0,0,0,0,0
l29,9=0,0,0,0,0,0,0,0,0,0,0,0,0,0,0,0,0,0,0,0,0,0,83,0,0,17,98,100,98,0,100,98,68,85,87,0,0,0,0,0
l30,9=0,0,0,0,0,0,0,0,0,0,0,0,0,0,0,0,0,0,0,0,0,0,0,0,0,0,98,100,98,100,0,97,90,61,85,0,0,0,0,0
l31,9=0,0,0,0,0,0,0,0,0,0,0,0,0,0,0,0,79,0,0,0,8,0,58,0,0,0,97,80,96,99,99,0,99,100,100,0,0,0,0,0
l32,9=0,0,0,0,0,0,0,0,0,0,0,0,0,0,0,0,0,0,0,0,0,0,0,77,0,92,98,78,0,41,99,100,0,100,100,0,0,0,0,0
l33,9=0,0,0,0,0,0,0,0,0,0,0,0,0,0,76,0,19,68,0,0,0,0,0,97,96,100,95,0,96,66,83,100,99,0,100,0,0,0,0,0
l34,9=0,0,0,0,0,0,0,0,0,0,0,0,49,0,92,0,93,0,0,0,91,0,0,97,60,92,95,0,0,99,92,100,99,100,0,0,0,0,0,0
l35,9=0,0,0,0,0,0,0,0,0,0,0,0,0,0,0,0,0,0,0,35,62,67,56,0,0,0,0,0,0,0,0,0,0,0,0,0,88,78,91,75
l36,9=0,0,0,0,0,0,0,0,0,0,0,1,30,20,50,49,46,0,0,0,82,57,46,0,1,0,0,0,0,0,0,0,0,0,0,82,0,81,80,79
l37,9=0,0,0,0,0,0,0,0,0,0,0,0,0,0,0,0,54,0,0,35,74,59,40,0,0,0,0,0,0,0,0,0,0,0,0,73,83,0,78,79
l38,9=0,0,0,0,0,0,0,0,0,0,0,15,39,33,0,66,73,28,0,5,91,83,47,0,0,0,0,0,0,0,0,0,0,0,0,79,83,78,0,82
l39,9=0,0,0,0,0,0,0,0,0,0,0,0,0,0,0,0,70,37,0,36,81,72,1,0,0,0,0,0,0,0,0,0,0,0,0,76,84,73,78,0

l0,10=0,94,91,93,92,90,88,67,66,83,76,0,0,0,0,0,0,0,0,0,0,0,0,0,0,0,0,0,0,0,0,0,0,0,0,0,0,0,0,0
l1,10=91,0,89,84,90,90,83,80,46,55,63,13,0,0,0,0,0,0,0,0,0,0,0,0,0,0,0,0,0,0,0,0,0,0,0,0,0,0,0,0
l2,10=87,90,0,88,88,86,85,88,0,78,62,0,62,0,0,0,0,0,0,0,0,0,0,0,0,0,0,0,0,0,0,0,0,0,0,0,0,0,0,0
l3,10=92,70,88,0,94,67,83,65,0,63,0,0,0,0,0,0,0,0,0,0,0,0,0,0,0,0,0,0,0,0,0,0,0,0,0,0,0,0,0,0
l4,10=87,88,88,96,0,86,59,65,54,64,86,0,0,44,66,0,0,0,0,0,0,0,0,0,0,0,0,0,0,0,0,0,0,0,0,0,0,0,0,0
l5,10=86,90,87,88,88,0,85,88,55,85,83,0,0,77,0,0,0,0,0,0,0,0,0,0,0,0,0,0,0,0,0,0,0,0,0,0,0,0,0,0
l6,10=85,84,82,86,56,82,0,89,72,81,77,0,0,57,0,0,6,0,0,0,0,0,0,0,0,0,0,0,0,0,0,0,0,0,0,0,0,0,0,0
l7,10=72,88,81,74,81,85,85,0,84,86,84,56,51,82,53,0,0,0,0,0,0,0,0,0,0,0,0,0,0,0,0,0,0,0,0,0,0,0,0,0
l8,10=70,11,0,23,53,27,46,85,0,91,72,75,60,83,57,80,33,39,0,6,33,0,35,39,22,0,0,0,0,0,0,0,0,0,0,0,0,0,0,0
l9,10=79,0,48,64,68,69,81,88,85,0,86,75,62,83,65,74,0,0,0,0,0,1,0,33,43,0,0,0,0,0,0,0,0,0,0,0,0,0,0,0
l10,10=76,50,45,0,84,64,78,88,63,86,0,57,0,77,0,73,0,55,0,0,0,0,0,0,0,0,0,0,0,0,0,0,0,0,0,0,0,0,0,0
l11,10=0,2,0,0,0,0,0,36,72,77,64,0,77,82,82,88,38,80,0,0,42,67,0,72,79,44,0,0,0,0,0,0,0,0,0,3,49,0,53,0
l12,10=0,0,0,0,0,0,0,0,54,73,0,85,0,77,94,88,91,94,0,0,50,65,0,96,96,99,0,0,0,0,0,0,0,13,3,0,44,0,65,0
l13,10=0,0,0,0,13,30,19,71,85,85,77,82,72,0,67,84,51,0,0,0,35,40,0,48,49,2,0,0,0,0,0,0,0,0,0,0,0,0,30,0
l14,10=0,0,0,0,58,0,0,1,40,69,0,79,95,68,0,56,84,84,0,0,43,0,23,87,93,83,0,0,0,0,0,0,7,0,0,5,63,0,0,0
l15,10=0,0,0,0,1,0,0,0,70,72,73,87,85,82,74,0,47,52,0,0,34,48,34,36,48,13,0,0,0,0,0,0,0,0,0,0,30,0,36,0
l16,10=0,0,0,0,0,0,0,0,24,0,0,24,85,61,81,53,0,53,0,38,55,62,31,39,53,9,0,0,0,0,0,0,14,17,6,5,52,35,68,29
l17,10=0,0,0,0,0,0,0,0,52,1,44,85,93,0,85,61,54,0,0,36,41,65,35,6,42,9,0,0,0,0,0,0,0,33,0,0,59,0,57,23
l18,10=0,0,0,0,0,0,0,0,0,0,0,0,0,0,0,0,11,0,0,37,22,18,0,0,0,0,0,0,0,0,0,0,0,0,0,0,0,0,0,0
l19,10=0,0,0,0,0,0,0,0,0,0,0,0,0,0,0,0,37,15,32,0,63,24,32,0,0,0,28,0,0,3,0,0,0,0,0,41,0,31,16,13
l20,10=0,0,0,0,0,0,0,0,1,0,0,19,16,19,12,13,31,13,24,78,0,93,51,0,0,0,0,0,0,0,0,0,17,0,0,29,68,34,31,23
l21,10=0,0,0,0,0,0,0,0,0,27,0,26,13,20,0,15,45,18,29,68,66,0,51,0,0,0,0,0,0,0,0,0,0,1,0,31,22,54,62,19
l22,10=0,0,0,0,0,0,0,0,22,1,0,0,0,0,10,16,30,21,0,50,66,84,0,0,0,0,17,0,0,7,0,13,0,0,0,52,23,41,55,27
l23,10=0,0,0,0,0,0,0,0,55,67,0,78,95,79,91,54,51,0,0,0,0,0,0,0,97,100,0,0,0,0,0,3,82,81,0,0,0,0,0,0
l24,10=0,0,0,0,0,0,0,0,7,73,0,78,94,80,94,58,92,53,0,0,0,0,0,98,0,98,0,0,0,0,0,0,0,59,38,0,0,0,32,0
l25,10=0,0,0,54,0,0,0,0,0,0,0,76,95,0,93,44,45,35,0,0,0,0,0,99,96,0,29,0,0,0,0,59,75,97,76,0,0,0,45,0
l26,10=0,0,0,0,0,0,0,0,0,0,0,0,0,0,0,0,0,0,0,32,8,0,19,0,0,11,0,41,96,95,100,99,96,33,26,0,0,0,0,0
l27,10=0,0,0,0,0,0,0,0,0,0,0,0,0,0,0,0,0,0,0,0,0,0,0,0,0,0,63,0,94,95,100,83,0,0,63,0,0,0,0,0
l28,10=0,0,0,0,0,0,0,0,0,0,0,0,0,0,0,0,0,0,0,21,1,0,0,0,0,0,73,95,0,95,99,90,22,51,13,0,0,0,0,0
l29,10=0,0,0,0,0,0,0,0,0,0,0,0,0,0,0,0,0,0,0,4,0,0,20,0,0,0,72,95,96,0,100,84,23,6,14,0,0,0,0,0
l30,10=0,0,0,0,0,0,0,0,0,0,0,0,0,0,0,0,0,0,0,0,0,0,0,0,0,0,72,95,96,95,0,87,71,42,42,0,0,0,0,0
l31,10=0,0,0,0,0,0,0,0,0,0,0,0,0,0,0,0,0,0,0,0,0,0,23,18,0,36,73,28,91,92,100,0,100,100,100,0,0,0,0,0
l32,10=0,0,0,0,0,0,0,0,0,0,0,0,0,0,7,0,5,0,0,0,43,0,3,84,0,34,73,0,39,78,86,99,0,100,100,0,0,0,0,0
l33,10=0,0,0,0,0,0,0,0,0,0,0,0,22,0,9,0,24,23,0,0,0,1,0,97,63,98,70,0,93,8,66,100,100,0,100,0,0,0,0,0
l34,10=0,0,0,0,0,0,0,0,0,0,0,0,29,0,0,0,54,0,0,0,15,0,0,3,16,51,72,27,50,20,48,100,100,100,0,0,0,0,0,0
l35,10=0,0,0,0,0,0,0,0,0,0,0,0,0,0,0,0,16,0,0,39,42,54,40,0,0,0,0,0,0,0,0,0,0,0,0,0,79,68,58,22
l36,10=0,0,0,0,0,0,0,0,0,0,0,5,15,0,15,1,8,10,0,0,49,38,40,0,0,0,0,0,0,0,0,0,0,0,0,53,0,73,63,45
l37,10=0,0,0,0,0,0,0,0,0,0,0,0,0,0,0,0,15,0,0,18,35,59,33,0,0,0,0,0,0,0,0,0,0,0,0,46,81,0,44,35
l38,10=0,0,0,0,0,0,0,0,0,0,0,16,52,10,0,6,42,23,0,8,47,66,42,0,0,0,0,0,0,0,0,0,0,0,0,49,81,46,0,39
l39,10=0,0,0,0,0,0,0,0,0,0,0,0,0,0,0,0,33,16,0,29,53,28,33,0,0,0,0,0,0,0,0,0,0,0,0,31,75,62,59,0

l0,11=0,84,88,89,88,87,73,58,52,53,59,0,0,0,0,0,0,0,0,0,0,0,0,0,0,0,0,0,0,0,0,0,0,0,0,0,0,0,0,0
l1,11=90,0,72,83,84,85,74,74,56,49,0,52,11,37,0,0,0,0,0,0,0,0,0,0,0,8,0,0,0,0,0,0,0,0,0,0,0,0,0,0
l2,11=85,82,0,83,83,87,80,60,0,0,79,0,0,0,0,0,0,0,0,0,0,0,0,0,0,0,0,0,0,0,0,0,0,0,0,0,0,0,0,0
l3,11=90,83,88,0,89,89,0,54,0,38,58,0,0,0,0,0,0,0,0,0,0,0,0,0,0,0,0,0,0,0,0,0,0,0,0,0,0,0,0,0
l4,11=80,78,82,87,0,82,62,59,0,53,65,0,0,0,23,0,0,0,0,0,0,0,0,1,0,0,0,0,0,0,0,0,0,0,0,0,0,0,0,0
l5,11=85,82,89,83,83,0,82,82,67,73,66,0,0,51,2,0,0,0,0,0,0,0,0,0,0,0,0,0,0,0,0,0,0,0,0,0,0,0,0,0
l6,11=71,77,68,2,67,79,0,80,41,67,47,32,0,50,0,59,44,0,0,0,0,0,0,0,0,0,0,0,0,0,0,0,0,0,0,0,0,0,0,0
l7,11=69,82,65,64,75,86,84,0,78,76,85,63,52,82,0,54,0,0,0,0,0,0,0,0,0,0,0,0,0,0,0,0,0,0,0,0,0,0,0,0
l8,11=42,46,0,0,0,53,64,72,0,80,49,72,67,83,41,78,0,59,0,23,0,0,0,14,6,0,0,0,0,0,0,0,0,0,0,0,0,0,0,0
l9,11=39,43,0,15,32,66,78,85,78,0,85,78,49,82,0,76,2,43,0,0,0,21,0,17,43,0,0,0,0,0,0,0,0,0,0,0,0,0,0,0
l10,11=30,0,66,37,66,46,68,86,71,80,0,63,0,76,0,67,0,32,0,0,0,0,0,0,0,0,0,0,0,0,0,0,0,0,0,0,0,0,0,0
l11,11=0,27,0,0,0,0,47,41,48,43,45,0,76,72,80,87,65,78,0,0,32,18,14,29,74,48,0,0,0,0,0,0,0,0,0,19,0,0,55,0
l12,11=0,0,0,0,0,0,0,12,40,38,0,83,0,57,93,84,80,84,0,0,39,21,7,30,96,94,0,0,0,0,0,0,0,0,0,0,0,0,67,0
l13,11=0,5,0,0,0,30,63,78,80,77,53,83,43,0,24,85,69,69,0,0,36,20,5,28,64,58,0,0,0,0,0,0,0,0,0,0,0,0,51,0
l14,11=0,0,0,0,11,0,0,0,1,0,0,81,87,44,0,53,81,82,0,0,37,4,12,85,77,80,0,0,0,0,0,0,0,0,27,20,22,0,53,0
l15,11=0,0,0,0,0,0,51,15,47,37,44,90,82,88,55,0,81,77,0,29,39,9,15,21,0,49,0,0,0,0,0,0,0,0,0,5,21,0,60,1
l16,11=0,0,0,0,0,0,23,0,0,6,0,33,47,47,85,81,0,82,0,23,44,22,16,12,88,0,0,0,0,0,0,0,0,0,7,0,25,55,73,40
l17,11=0,0,0,0,0,0,0,0,33,31,22,55,49,52,80,85,83,0,0,0,38,20,17,26,60,0,0,0,0,0,0,0,0,0,0,0,26,0,57,13
l18,11=0,0,0,0,0,0,0,0,0,0,0,0,0,0,0,0,6,0,0,54,24,46,7,0,0,0,0,0,0,0,0,0,0,0,0,0,0,0,0,0
l19,11=0,0,0,0,0,0,0,0,1,0,0,0,0,0,0,25,30,0,22,0,49,43,29,0,0,0,8,0,8,5,0,0,0,0,0,12,3,1,25,24
l20,11=0,0,0,0,0,0,0,0,0,0,0,4,9,16,27,38,44,21,16,65,0,69,78,0,0,0,0,0,0,0,0,0,0,0,0,6,6,26,39,15
l21,11=0,0,0,0,0,0,0,0,0,18,0,24,10,17,15,30,62,21,19,62,53,0,77,0,3,0,0,0,0,0,0,0,0,0,0,8,6,26,78,14
l22,11=0,0,0,0,0,0,0,0,0,0,0,21,8,0,16,33,31,23,0,48,51,69,0,0,0,0,0,0,0,5,0,4,0,0,0,63,61,24,70,55
l23,11=0,0,0,0,1,0,0,0,1,29,0,56,84,57,90,52,61,60,0,0,0,0,0,0,93,94,0,0,0,0,0,5,37,45,20,0,0,0,0,0
l24,11=0,0,0,0,0,0,0,0,0,30,0,79,87,49,80,0,88,72,0,0,0,0,0,93,0,89,0,0,0,0,0,0,0,16,0,0,0,0,0,0
l25,11=0,2,0,0,0,0,0,0,0,0,0,41,87,42,87,70,14,8,0,0,0,0,0,95,93,0,0,0,0,0,0,34,25,86,17,0,0,0,0,0
l26,11=0,0,0,0,0,0,0,0,0,0,0,0,0,0,0,0,0,0,0,23,0,0,1,0,0,0,0,76,94,90,94,90,82,7,11,0,0,0,0,0
l27,11=0,0,0,0,0,0,0,0,0,0,0,0,0,0,0,0,0,0,0,0,0,0,0,0,0,0,37,0,89,93,96,56,0,0,33,0,0,0,0,0
l28,11=0,0,0,0,0,0,0,0,0,0,0,0,0,0,0,0,0,0,0,17,6,0,0,0,0,0,39,93,0,94,96,86,5,0,8,0,0,0,0,0
l29,11=0,0,0,0,0,0,0,0,0,0,0,0,0,0,0,0,0,0,0,13,0,0,9,0,0,0,39,93,94,0,96,79,3,6,5,0,0,0,0,0
l30,11=0,0,0,0,0,0,0,0,0,0,0,0,0,0,0,0,0,0,0,0,0,0,0,0,0,0,38,93,93,94,0,84,26,43,45,0,0,0,0,0
l31,11=0,0,0,0,0,0,0,0,0,0,0,0,0,0,1,0,0,0,0,0,19,0,25,10,0,25,39,73,86,90,91,0,94,100,100,0,0,0,0,0
l32,11=0,0,0,0,0,0,0,0,0,0,0,0,0,0,0,0,11,0,0,0,8,0,0,10,0,12,39,0,34,29,46,91,0,100,100,0,0,0,0,0
l33,11=0,0,0,0,0,0,0,0,0,0,0,0,8,0,0,0,0,0,0,0,11,0,0,55,13,92,28,0,0,19,92,100,99,0,100,0,0,0,0,0
l34,11=0,0,0,0,0,0,0,0,0,0,0,0,1,0,26,0,22,0,0,0,0,0,0,8,0,15,37,13,14,16,76,100,99,100,0,0,0,0,0,0
l35,11=0,0,0,0,0,0,0,0,0,0,0,10,0,0,21,6,13,0,0,36,33,11,20,0,0,0,0,0,0,0,0,0,0,0,0,0,83,67,65,2
l36,11=0,0,0,0,0,0,0,0,0,0,0,0,0,0,16,32,52,42,0,1,42,21,23,0,0,0,0,0,0,0,0,0,0,0,0,53,0,70,78,53
l37,11=0,0,0,0,0,0,0,0,0,0,0,0,0,0,0,0,52,0,0,0,37,13,14,0,0,0,0,0,0,0,0,0,0,0,0,24,31,0,30,42
l38,11=0,0,0,0,0,0,0,0,0,0,0,31,32,15,29,54,69,53,0,21,44,26,24,0,0,0,0,0,0,0,0,0,0,0,0,25,31,38,0,52
l39,11=0,0,0,0,0,0,0,0,0,0,0,0,0,0,0,0,54,0,0,46,37,11,38,0,0,0,0,0,0,0,0,0,0,0,0,2,78,59,69,0

l0,12=0,92,87,88,87,90,61,6,0,65,46,0,0,0,0,0,0,0,0,0,0,0,0,0,0,0,0,0,0,0,0,0,0,0,0,0,0,0,0,0
l1,12=90,0,77,85,86,86,87,84,30,11,63,57,0,0,0,0,0,0,0,0,0,0,0,0,0,6,0,0,0,0,0,0,0,0,0,0,0,0,0,0
l2,12=88,80,0,84,83,89,88,49,16,34,71,0,0,0,0,0,0,0,0,0,0,0,0,0,0,0,0,0,0,0,0,0,0,0,0,0,0,0,0,0
l3,12=90,91,83,0,88,88,59,29,0,58,59,0,0,0,0,0,0,0,0,0,0,0,0,0,0,0,0,0,0,0,0,0,0,0,0,0,0,0,0,0
l4,12=90,87,76,88,0,75,76,71,61,60,61,0,0,0,28,0,0,0,0,0,0,0,0,40,0,2,0,0,0,0,0,0,0,0,0,0,0,0,0,0
l5,12=86,86,83,82,84,0,78,73,71,83,74,0,0,51,0,0,2,0,0,0,0,0,0,0,0,0,0,0,0,0,0,0,0,0,0,0,0,0,0,0
l6,12=36,85,83,63,81,75,0,77,63,35,78,70,0,61,9,63,5,0,0,0,0,0,0,0,0,0,0,0,0,0,0,0,0,0,0,0,0,0,0,0
l7,12=7,86,33,54,84,86,87,0,87,84,88,41,38,85,0,0,0,0,0,0,0,0,0,0,0,0,0,0,0,0,0,0,0,0,0,0,0,0,0,0
l8,12=0,6,0,41,41,46,74,75,0,88,87,71,71,85,6,58,45,40,0,0,0,0,0,2,48,2,0,0,0,0,0,0,0,0,0,0,0,0,0,0
l9,12=35,0,0,49,41,86,56,84,87,0,88,66,63,85,19,48,30,8,0,0,26,42,0,2,4,0,0,0,0,0,0,0,0,0,0,0,0,0,0,0
l10,12=26,62,66,63,63,42,82,87,87,88,0,62,2,84,0,47,38,0,0,0,0,0,0,8,0,0,0,0,0,0,0,0,0,0,0,0,0,0,0,0
l11,12=0,50,0,0,0,0,73,31,75,44,47,0,80,90,28,83,55,87,0,0,0,10,43,60,0,77,0,0,0,0,0,0,0,0,0,28,39,0,45,0
l12,12=0,0,0,0,0,0,0,0,66,40,0,82,0,72,88,78,83,89,0,0,36,49,35,47,95,95,0,0,0,0,0,0,0,0,0,0,0,0,55,0
l13,12=0,0,0,3,1,27,70,77,86,82,48,85,76,0,45,76,59,77,0,0,0,43,0,72,71,32,0,0,0,0,0,0,0,0,0,0,0,0,6,0
l14,12=0,0,0,0,34,0,2,0,0,26,0,33,89,53,0,47,88,80,0,0,24,42,1,82,95,0,0,0,0,0,0,0,0,39,54,41,51,0,0,0
l15,12=0,0,0,0,0,0,60,0,70,41,34,89,81,90,42,0,61,78,0,21,27,31,16,20,70,62,0,0,0,0,0,0,0,0,0,0,0,0,43,0
l16,12=0,0,0,0,0,0,0,0,17,1,2,49,72,64,55,51,0,81,7,25,38,52,0,35,89,51,0,0,0,0,0,0,4,0,0,16,47,25,57,44
l17,12=0,0,0,0,0,0,0,0,45,12,0,78,87,74,41,52,68,0,0,31,39,53,42,51,51,0,0,0,0,0,0,0,0,0,0,0,59,0,39,0
l18,12=0,0,0,0,0,0,0,0,0,0,0,0,0,0,0,0,36,0,0,73,29,35,0,0,0,0,0,0,0,0,0,0,0,0,0,0,0,0,0,0
l19,12=0,0,0,0,0,0,0,0,0,0,0,0,0,0,0,0,16,19,15,0,50,62,69,0,0,0,31,0,0,23,0,0,0,0,0,23,11,12,13,32
l20,12=0,0,0,0,0,0,0,0,0,16,0,0,15,6,8,6,32,28,8,82,0,72,80,0,0,0,0,0,0,0,0,19,0,0,0,22,79,13,24,22
l21,12=0,0,0,0,0,0,0,0,0,21,0,11,23,11,11,6,31,25,10,84,56,0,82,0,31,0,0,0,0,0,0,0,0,1,0,22,16,0,74,0
l22,12=0,0,0,0,0,0,0,0,0,0,0,22,15,3,0,5,0,22,0,81,56,71,0,0,4,0,0,0,0,0,0,18,0,0,0,73,76,0,70,73
l23,12=0,0,0,0,16,0,0,0,0,0,1,56,59,75,84,2,63,62,0,0,0,0,0,0,97,97,0,0,0,0,0,0,11,76,0,0,0,0,1,0
l24,12=0,0,0,0,0,0,0,0,44,5,0,13,89,76,93,76,86,28,0,0,0,40,16,91,0,92,0,0,0,0,0,0,59,0,0,0,15,0,56,0
l25,12=0,0,0,0,14,0,0,0,0,0,0,63,89,32,0,71,71,0,0,0,0,0,0,97,97,0,0,0,0,0,0,64,69,13,88,0,0,0,0,0
l26,12=0,0,0,0,0,0,0,0,0,0,0,0,0,0,0,0,0,0,0,24,0,0,0,0,0,0,0,57,96,79,91,88,72,13,62,0,0,0,0,0
l27,12=0,0,0,0,0,0,0,0,0,0,0,0,0,0,0,0,0,0,0,0,0,0,0,0,0,0,69,0,87,91,97,73,0,5,21,0,0,0,0,0
l28,12=0,0,0,0,0,0,0,0,0,0,0,0,0,0,0,0,0,0,0,0,0,0,0,0,0,0,75,97,0,92,97,76,43,25,56,0,0,0,0,0
l29,12=0,0,0,0,0,0,0,0,0,0,0,0,0,0,0,0,0,0,0,25,0,0,0,0,0,0,68,97,96,0,97,73,65,25,54,0,0,0,0,0
l30,12=0,0,0,0,0,0,0,0,0,0,0,0,0,0,0,0,0,0,0,0,0,0,0,0,0,0,75,97,96,92,0,77,68,16,22,0,0,0,0,0
l31,12=0,0,0,0,0,0,0,0,0,0,0,0,0,0,0,0,0,0,0,0,13,0,40,0,0,26,75,84,93,90,96,0,98,100,100,0,0,0,0,0
l32,12=0,0,0,0,0,0,0,0,0,0,0,0,0,0,0,0,6,0,0,0,0,0,0,10,49,61,71,0,86,86,94,93,0,100,100,0,0,0,0,0
l33,12=0,0,0,0,0,0,0,0,0,0,0,0,0,0,16,0,0,0,0,0,0,0,0,53,2,3,65,19,36,77,52,97,97,0,100,0,0,0,0,0
l34,12=0,0,0,0,0,0,0,0,0,0,0,0,0,0,22,0,0,0,0,0,0,0,0,0,0,95,75,18,81,82,43,97,98,100,0,0,0,0,0,0
l35,12=0,0,0,0,0,0,0,0,0,0,0,11,0,0,7,0,7,0,0,24,11,13,49,0,0,0,0,0,0,0,0,0,0,0,0,0,86,51,57,58
l36,12=0,0,0,0,0,0,0,0,0,0,0,17,0,0,4,0,35,29,0,11,45,32,51,0,13,0,0,0,0,0,0,0,0,0,0,86,0,60,65,67
l37,12=0,0,0,0,0,0,0,0,0,0,0,0,0,0,0,0,27,0,0,26,30,0,0,0,0,0,0,0,0,0,0,0,0,0,0,73,79,0,0,60
l38,12=0,0,0,0,0,0,0,0,0,0,0,25,51,4,2,16,58,26,0,26,38,56,63,0,35,0,0,0,0,0,0,0,0,0,0,77,80,0,0,52
l39,12=0,0,0,0,0,0,0,0,0,0,0,0,0,0,0,0,50,0,0,58,35,0,63,0,0,0,0,0,0,0,0,0,0,0,0,69,76,56,55,0

l0,13=0,98,93,94,94,91,94,91,83,90,67,0,0,0,0,0,0,0,0,0,0,0,0,0,0,0,0,0,0,0,0,0,0,0,0,0,0,0,0,0
l1,13=92,0,93,94,93,90,93,89,0,77,89,0,0,0,0,0,0,0,0,0,0,0,0,0,0,0,0,0,0,0,0,0,0,0,0,0,0,0,0,0
l2,13=92,95,0,93,93,90,94,86,0,61,90,0,0,24,0,0,0,0,0,0,0,0,0,0,0,0,0,0,0,0,0,0,0,0,0,0,0,0,0,0
l3,13=95,98,95,0,95,92,92,74,29,65,91,0,0,0,0,0,0,0,0,0,0,0,0,0,0,0,0,0,0,0,0,0,0,0,0,0,0,0,0,0
l4,13=92,95,91,94,0,91,90,80,59,72,77,0,0,35,0,0,0,0,0,0,0,0,0,3,0,0,0,0,0,0,0,0,0,0,0,0,0,0,0,0
l5,13=92,90,93,91,93,0,91,75,82,89,90,0,0,68,0,0,0,0,0,0,0,0,0,0,0,0,0,0,0,0,0,0,0,0,0,0,0,0,0,0
l6,13=85,91,89,88,88,90,0,0,82,86,47,80,0,72,0,76,0,0,0,0,0,0,0,0,0,0,0,0,0,0,0,0,0,0,0,0,0,0,0,0
l7,13=85,91,55,53,68,45,0,0,87,90,94,5,25,83,0,16,3,0,0,0,0,0,0,0,0,0,0,0,0,0,0,0,0,0,0,0,0,0,0,0
l8,13=74,0,0,44,56,74,81,85,0,94,90,44,62,90,50,13,27,25,0,58,0,25,2,0,68,0,0,0,0,0,0,0,0,0,0,0,0,0,0,0
l9,13=73,54,68,67,73,85,87,84,88,0,94,56,74,88,4,78,35,48,0,1,34,60,0,0,0,0,0,0,0,0,0,0,0,0,0,0,0,0,0,0
l10,13=61,54,50,50,47,85,54,88,86,94,0,31,55,87,0,24,2,0,0,0,0,0,0,0,0,0,0,0,0,0,0,0,0,0,0,0,0,0,0,0
l11,13=0,0,0,0,0,0,66,0,73,40,29,0,90,97,46,85,29,89,0,0,22,29,51,46,2,47,0,0,0,0,0,0,0,0,0,0,0,0,47,0
l12,13=0,0,0,0,0,0,0,0,54,36,0,57,0,76,73,53,35,96,0,0,27,26,48,43,97,64,0,0,0,0,0,0,0,25,0,0,0,0,65,0
l13,13=0,0,0,0,34,44,63,76,88,94,56,93,79,0,43,85,17,77,0,10,24,29,0,47,7,48,0,0,0,0,0,0,0,0,0,0,0,0,76,0
l14,13=0,0,0,0,0,0,0,0,62,19,0,41,99,77,0,25,60,82,0,0,0,18,0,99,100,53,0,0,0,0,0,59,21,0,22,45,0,0,14,0
l15,13=0,0,0,0,0,0,61,4,32,42,29,93,94,95,42,0,40,90,0,25,23,25,0,45,50,47,0,0,0,0,0,0,0,0,0,0,59,0,67,0
l16,13=0,0,0,0,0,0,0,1,60,22,0,33,92,65,55,28,0,89,12,61,11,25,51,4,39,22,0,0,0,0,0,0,0,1,3,57,62,9,73,71
l17,13=0,0,0,0,0,0,0,0,2,36,0,42,97,88,47,29,35,0,0,41,29,31,54,44,48,24,0,0,0,0,0,0,0,20,0,0,63,0,69,0
l18,13=0,0,0,0,0,0,0,0,0,0,0,0,0,0,0,0,28,0,0,91,89,5,18,0,0,0,0,0,0,0,0,0,0,0,0,0,0,0,0,0
l19,13=0,0,0,0,0,0,0,0,1,0,0,0,0,0,0,0,43,11,26,0,91,85,88,0,0,0,34,0,23,16,0,0,0,0,0,42,14,34,29,43
l20,13=0,0,0,0,0,0,0,0,0,0,0,2,69,35,0,17,2,76,25,90,0,88,96,0,0,0,2,0,0,0,0,13,0,0,7,34,81,84,86,42
l21,13=0,0,0,0,0,0,0,0,0,14,0,17,58,41,0,11,15,50,0,90,93,0,97,0,19,0,0,0,0,0,0,0,0,0,0,35,0,0,86,31
l22,13=0,0,0,0,0,0,0,0,0,0,0,12,50,0,0,0,34,42,0,87,93,88,0,0,0,0,16,0,0,0,0,13,0,0,8,71,83,15,87,91
l23,13=0,0,0,0,2,0,0,0,0,12,0,35,75,80,98,29,27,81,0,0,0,0,0,0,54,100,0,0,0,0,0,0,0,27,0,0,0,0,0,0
l24,13=0,0,0,0,0,0,0,0,72,11,0,0,99,9,98,41,33,86,0,0,0,29,0,51,0,75,0,0,0,0,0,0,64,0,0,0,76,0,57,0
l25,13=0,0,0,0,0,0,0,0,0,0,0,39,99,91,53,28,27,26,0,0,0,0,0,100,100,0,0,0,0,0,0,71,81,30,37,0,0,0,0,0
l26,13=0,0,0,0,0,0,0,0,0,0,0,0,0,0,0,0,0,0,0,32,22,0,17,0,0,0,0,18,99,39,99,100,31,18,0,0,0,0,0,0
l27,13=0,0,0,0,0,0,0,0,0,0,0,0,0,0,0,0,0,0,0,0,0,0,0,0,0,0,64,0,99,100,99,78,45,74,13,0,0,0,0,0
l28,13=0,0,0,0,0,0,0,0,0,0,0,0,0,0,0,0,0,0,0,34,13,0,0,0,0,0,70,95,0,100,99,90,28,69,87,0,0,0,0,0
l29,13=0,0,0,0,0,0,0,0,0,0,0,0,0,0,0,0,0,0,0,25,3,0,0,0,0,0,64,96,99,0,99,85,84,21,85,0,0,0,0,0
l30,13=0,0,0,0,0,0,0,0,0,0,0,0,0,0,0,0,0,0,0,0,0,0,0,0,0,0,70,96,99,100,0,85,74,73,0,0,0,0,0,0
l31,13=0,0,0,0,0,0,0,0,0,0,0,0,0,0,29,0,0,0,0,0,29,0,16,0,0,34,70,94,98,98,98,0,100,100,100,0,0,0,0,0
l32,13=0,0,0,0,0,0,0,0,0,0,0,0,36,0,27,0,0,0,0,0,0,0,0,0,76,91,69,15,86,97,88,100,0,100,100,0,0,0,0,0
l33,13=0,0,0,0,0,0,0,0,0,0,0,0,98,0,10,0,82,60,0,0,0,0,0,92,0,98,70,91,97,100,99,100,100,0,100,0,0,0,0,0
l34,13=0,0,0,0,0,0,0,0,0,0,0,0,0,0,33,0,0,0,0,0,18,0,14,0,0,98,0,4,96,98,3,100,100,100,0,0,0,0,0,0
l35,13=0,0,0,0,0,0,0,0,0,0,0,0,0,0,12,0,22,0,0,31,12,9,48,0,0,0,0,0,0,0,0,0,0,0,0,0,91,88,89,81
l36,13=0,0,0,0,0,0,0,0,0,0,0,0,0,0,0,7,21,32,0,19,30,0,50,0,26,0,0,0,0,0,0,0,0,0,0,89,0,76,90,75
l37,13=0,0,0,0,0,0,0,0,0,0,0,0,0,0,0,0,0,0,0,54,27,0,0,0,0,0,0,0,0,0,0,0,0,0,0,80,74,0,48,73
l38,13=0,0,0,0,0,0,0,0,1,0,0,9,54,65,9,13,25,45,0,57,25,30,50,0,6,0,0,0,0,0,0,0,0,0,0,73,80,53,0,77
l39,13=0,0,0,0,0,0,0,0,0,0,0,0,0,0,0,0,19,0,0,65,26,23,63,0,0,0,0,0,0,0,0,0,0,0,0,68,66,73,78,0

l0,14=0,99,100,99,100,99,99,100,97,100,100,0,0,6,0,0,0,0,0,0,0,0,0,0,0,0,0,0,0,0,0,0,0,0,0,0,0,0,0,0
l1,14=100,0,100,99,100,99,99,97,8,53,44,0,0,44,0,0,0,0,0,0,0,0,0,0,12,0,0,0,0,0,0,0,0,0,0,0,0,0,0,0
l2,14=100,100,0,99,100,100,100,100,91,87,97,0,0,2,0,3,0,0,0,0,0,0,0,0,0,0,0,0,0,0,0,0,0,0,0,0,0,0,0,0
l3,14=100,99,100,0,99,99,99,100,0,79,100,0,0,0,0,0,0,0,0,0,0,0,0,0,0,0,0,0,0,0,0,0,0,0,0,0,0,0,0,0
l4,14=100,99,100,99,0,99,65,0,39,49,100,0,0,19,0,0,0,0,0,0,0,0,0,0,0,0,0,0,0,0,0,0,0,0,0,0,0,0,0,0
l5,14=100,100,100,100,100,0,100,75,84,100,100,0,0,96,0,43,0,0,0,0,0,0,0,0,0,0,0,0,0,0,0,0,0,0,0,0,0,0,0,0
l6,14=96,93,100,99,93,100,0,95,92,96,99,98,0,95,0,90,0,0,0,0,0,0,42,0,0,0,0,0,0,0,0,0,0,0,0,0,0,0,0,0
l7,14=100,97,99,98,19,91,98,0,99,99,100,0,0,99,0,18,48,0,0,0,0,0,0,0,0,0,0,0,0,0,0,0,0,0,0,0,0,0,0,0
l8,14=58,0,50,41,56,59,47,30,0,100,100,54,40,44,59,26,30,0,0,11,26,25,30,0,48,0,0,0,0,0,0,0,0,0,0,0,0,0,0,0
l9,14=92,43,0,45,55,100,56,100,99,0,100,97,0,100,45,98,50,35,0,0,49,41,0,45,0,0,0,0,0,0,0,0,0,0,0,0,0,0,0,0
l10,14=98,92,52,98,100,100,99,100,99,100,0,78,53,100,9,35,0,0,0,0,18,0,0,0,0,0,0,0,0,0,0,0,0,0,0,0,0,0,0,0
l11,14=0,0,0,0,0,0,98,0,35,98,43,0,97,100,98,99,95,99,0,0,42,39,47,65,46,52,0,0,0,0,0,0,0,0,0,0,36,0,46,0
l12,14=0,0,0,0,0,0,0,0,60,0,37,97,0,100,100,60,59,100,0,0,63,0,62,98,97,100,0,0,0,0,0,0,0,95,0,0,0,0,0,0
l13,14=7,45,0,0,46,58,56,29,26,100,99,100,98,0,56,99,32,74,0,13,0,25,0,0,97,42,0,0,0,0,0,0,0,0,0,0,0,0,44,0
l14,14=0,0,0,0,0,0,0,0,26,29,2,97,99,37,0,23,60,35,0,0,11,0,0,98,100,43,0,0,0,0,0,2,27,49,0,0,0,0,33,0
l15,14=0,0,0,0,0,39,48,0,52,67,38,100,87,100,55,0,95,99,0,45,40,19,0,98,98,41,0,0,0,0,0,0,0,0,0,0,24,0,47,0
l16,14=0,0,0,0,0,0,0,20,18,25,0,95,43,45,98,60,0,71,24,87,13,14,64,48,96,22,0,0,0,0,0,0,0,45,33,89,90,45,37,25
l17,14=0,0,0,0,0,0,0,0,0,37,0,98,97,100,97,96,59,0,0,46,63,60,62,95,98,39,0,0,0,0,0,0,0,26,0,34,0,0,81,0
l18,14=0,0,0,0,0,0,0,0,0,0,0,0,0,0,0,0,81,0,0,91,84,67,83,0,0,0,0,0,0,0,0,0,0,0,0,0,0,0,0,0
l19,14=0,0,0,0,0,0,0,0,1,0,0,0,6,7,0,53,74,62,84,0,97,92,90,0,0,0,49,0,78,79,0,0,0,0,0,82,85,84,70,88
l20,14=0,0,0,0,0,0,0,0,0,62,0,82,79,0,1,54,54,62,82,98,0,96,95,0,0,0,13,0,4,0,0,0,0,0,81,84,94,85,81,58
l21,14=0,0,0,0,0,0,0,0,59,62,12,84,0,87,0,54,55,62,21,97,98,0,95,0,86,0,0,0,0,0,0,0,0,0,0,82,84,83,70,55
l22,14=0,0,0,0,0,0,57,0,12,0,0,82,73,0,0,0,88,63,78,97,98,98,0,0,0,0,50,0,0,0,0,13,0,56,0,84,89,85,74,67
l23,14=0,0,0,0,0,0,0,0,0,35,0,56,44,0,100,24,31,35,0,0,0,0,0,0,48,100,0,0,0,0,0,0,37,5,0,0,0,0,0,0
l24,14=0,0,0,0,0,0,0,0,25,0,0,33,87,70,100,61,59,74,0,0,0,26,0,92,0,92,0,0,0,0,0,0,0,0,0,0,37,0,39,0
l25,14=0,0,0,0,0,0,0,0,0,0,0,66,99,49,99,28,0,35,0,0,0,0,0,99,99,0,0,0,0,0,0,0,37,77,100,0,0,0,0,0
l26,14=0,0,0,0,0,0,0,0,0,0,0,0,0,0,0,0,0,0,0,93,87,0,89,0,0,0,0,98,99,98,100,100,100,97,98,0,0,0,0,0
l27,14=0,0,0,0,0,0,0,0,0,0,0,0,0,0,0,0,0,0,0,0,0,0,0,0,0,0,85,0,99,100,100,89,87,88,0,0,0,0,0,0
l28,14=0,0,0,0,0,0,0,0,0,0,0,0,0,0,0,0,0,0,0,91,82,0,0,0,0,2,99,99,0,100,100,90,86,88,82,0,0,0,0,0
l29,14=0,0,0,0,0,0,0,0,0,0,0,0,0,0,0,0,0,0,0,84,0,0,0,0,0,0,84,99,99,0,100,89,88,0,83,0,0,0,0,0
l30,14=0,0,0,0,0,0,0,0,0,0,0,0,0,0,0,0,0,0,0,0,0,0,0,0,0,0,99,99,99,100,0,87,87,88,0,0,0,0,0,0
l31,14=0,0,0,0,0,0,0,0,0,0,0,0,0,0,48,0,0,0,0,0,15,0,37,0,0,0,99,85,98,99,96,0,100,100,100,0,0,0,0,0
l32,14=0,0,0,0,0,0,0,0,0,0,0,0,0,0,92,0,0,0,0,0,0,0,0,92,0,72,98,91,90,98,94,100,0,100,100,0,0,0,0,0
l33,14=0,0,0,0,0,0,0,0,0,0,0,0,98,0,98,0,93,19,0,0,0,0,72,39,7,99,99,82,99,0,100,100,100,0,100,0,0,0,0,0
l34,14=0,0,0,0,0,0,0,0,0,0,0,0,0,0,86,0,50,0,0,0,69,0,0,39,0,99,98,0,98,99,0,100,100,100,0,0,0,0,0,0
l35,14=0,0,0,0,0,0,0,0,0,0,0,0,21,0,0,0,54,6,0,89,55,51,55,0,0,0,0,0,0,0,0,0,0,0,0,0,98,96,87,90
l36,14=0,0,0,0,0,0,0,0,0,0,0,0,0,0,0,0,42,0,0,90,57,25,49,0,68,0,0,0,0,0,0,0,0,0,0,99,0,83,79,51
l37,14=0,0,0,0,0,0,0,0,0,0,0,0,0,0,0,0,1,0,0,89,56,7,56,0,0,0,0,0,0,0,0,0,0,0,0,97,85,0,70,60
l38,14=0,0,0,0,0,0,0,0,0,0,0,43,0,44,85,22,22,43,0,90,63,27,55,0,0,0,0,0,0,0,0,0,0,0,0,97,98,84,0,59
l39,14=0,0,0,0,0,0,0,0,0,0,0,0,0,0,0,0,55,0,0,91,56,56,58,0,0,0,0,0,0,0,0,0,0,0,0,87,84,84,70,0

l0,15=0,99,99,100,100,100,97,97,87,99,97,0,0,0,0,0,0,0,0,0,0,0,0,0,0,0,0,0,0,0,0,0,0,0,0,0,0,0,0,0
l1,15=97,0,98,99,97,97,96,95,1,99,97,0,0,99,16,0,0,0,0,0,0,0,0,0,9,0,0,0,0,0,0,0,0,0,0,0,0,0,0,0
l2,15=100,100,0,99,97,100,100,97,0,98,88,20,0,97,0,0,0,0,0,0,0,0,0,0,0,0,0,0,0,0,0,0,0,0,0,0,0,0,0,0
l3,15=99,100,98,0,97,97,0,0,0,0,97,0,0,0,0,0,0,0,0,0,0,0,0,0,0,0,0,0,0,0,0,0,0,0,0,0,0,0,0,0
l4,15=98,100,98,97,0,100,96,95,0,97,97,0,0,97,0,0,0,0,0,0,0,0,0,0,0,0,0,0,0,0,0,0,0,0,0,0,0,0,0,0
l5,15=97,97,98,99,100,0,97,97,94,99,97,0,0,99,0,93,0,0,0,0,0,0,0,0,0,0,0,0,0,0,0,0,0,0,0,0,0,0,0,0
l6,15=97,97,98,75,96,97,0,97,93,99,97,97,93,97,0,99,45,0,0,0,0,0,0,0,0,0,0,0,0,0,0,0,0,0,0,0,0,0,0,0
l7,15=97,96,98,60,96,97,97,0,96,99,100,0,0,93,0,0,97,0,0,0,0,0,0,0,0,0,0,0,0,0,0,0,0,0,0,0,0,0,0,0
l8,15=92,0,0,33,0,78,92,97,0,100,97,97,97,67,82,95,3,0,0,28,30,63,56,0,96,0,0,0,0,0,0,0,0,0,0,0,0,0,0,0
l9,15=96,96,0,0,56,99,97,99,99,0,100,97,0,100,54,99,0,58,0,0,97,93,35,68,0,0,0,0,0,0,0,0,0,0,0,0,0,0,0,0
l10,15=95,97,2,98,97,97,97,100,96,100,0,0,95,99,95,0,8,0,0,0,0,0,0,0,0,0,0,0,0,0,0,0,0,0,0,0,0,0,0,0
l11,15=0,0,0,0,0,0,100,0,96,100,0,0,98,98,83,100,99,59,0,0,99,62,61,71,95,99,0,0,0,0,0,0,0,0,0,0,70,0,92,0
l12,15=0,0,0,0,0,0,21,0,97,0,100,99,0,100,100,99,99,99,0,0,99,0,61,99,100,100,0,0,0,0,0,0,0,63,0,0,70,0,91,0
l13,15=0,97,91,0,56,84,96,92,97,100,100,100,100,0,83,100,60,59,0,92,0,1,36,69,97,98,0,0,0,0,0,0,0,0,0,0,0,0,0,0
l14,15=0,0,0,0,0,0,0,0,95,93,99,99,100,66,0,95,61,59,0,0,0,63,0,99,100,99,0,0,0,0,0,0,0,62,0,0,1,0,88,0
l15,15=0,0,0,0,0,48,96,0,97,100,0,100,98,67,83,0,61,59,0,0,97,63,0,71,99,89,0,0,0,0,0,0,0,0,0,56,0,0,98,0
l16,15=0,0,0,0,0,0,24,86,0,4,19,99,98,61,83,95,0,53,81,96,96,62,61,5,99,0,0,0,0,0,0,0,0,57,0,58,70,95,94,98
l17,15=0,0,0,0,0,0,0,0,0,99,0,99,98,67,83,95,60,0,0,99,99,63,61,70,99,99,0,0,0,0,0,0,0,59,30,0,68,45,98,7
l18,15=0,0,0,0,0,0,0,0,0,0,0,0,0,0,0,0,94,0,0,0,87,0,76,0,0,0,0,0,0,0,0,0,0,0,0,0,0,0,0,0
l19,15=0,0,0,0,0,0,0,0,3,0,0,0,19,45,0,0,53,44,0,0,99,95,93,0,0,0,48,0,45,64,0,0,0,0,0,0,58,0,65,84
l20,15=0,0,0,0,0,0,0,0,0,98,0,93,97,0,0,92,56,53,59,100,0,100,98,0,0,0,0,0,0,0,0,0,0,0,0,58,71,12,98,99
l21,15=0,0,0,0,0,0,0,0,89,95,0,97,0,0,72,93,57,57,0,100,100,0,98,0,86,0,0,0,0,0,0,0,0,13,92,54,96,89,97,97
l22,15=0,0,0,0,0,0,0,0,72,75,0,70,69,2,0,0,98,44,40,92,99,99,0,0,0,0,48,0,0,0,0,62,0,47,0,50,58,72,75,82
l23,15=0,0,0,0,0,0,0,0,0,79,0,97,100,65,100,99,0,52,0,0,0,0,0,0,100,100,0,0,0,0,0,0,55,94,0,0,0,0,0,0
l24,15=0,0,0,0,0,0,0,0,97,0,0,96,100,67,100,99,61,99,0,0,0,44,0,99,0,99,0,0,0,0,0,0,1,54,0,0,69,0,0,0
l25,15=0,0,0,0,0,0,0,0,0,0,0,88,98,66,99,72,0,56,0,0,0,0,0,100,99,0,59,0,55,1,0,80,28,4,97,0,0,0,0,0
l26,15=0,0,0,0,0,0,0,0,0,0,0,0,0,0,0,0,0,0,0,81,1,0,65,0,0,76,0,94,99,91,97,99,76,2,96,0,0,0,0,0
l27,15=0,0,0,0,0,0,0,0,0,0,0,0,0,0,0,0,0,0,0,0,0,0,0,0,0,0,96,0,99,94,97,94,75,83,88,0,0,0,0,0
l28,15=0,0,0,0,0,0,0,0,0,0,0,0,0,0,0,0,0,0,0,91,0,0,0,0,0,86,98,95,0,94,97,94,75,87,88,0,0,0,0,0
l29,15=0,0,0,0,0,0,0,0,0,0,0,0,0,0,0,0,0,0,0,90,0,0,0,0,0,1,96,95,99,0,96,95,76,87,88,0,0,0,0,0
l30,15=0,0,0,0,0,0,0,0,0,0,0,0,0,0,0,0,0,0,0,0,0,0,0,0,0,0,98,95,99,94,0,94,75,87,0,0,0,0,0,0
l31,15=0,0,0,0,0,0,0,0,0,0,0,0,0,0,0,0,0,0,0,0,0,0,70,0,0,88,98,89,97,89,94,0,87,98,97,0,0,0,0,0
l32,15=0,0,0,0,0,0,0,0,0,0,0,0,90,0,59,0,0,0,0,0,0,0,0,91,43,87,97,89,87,92,96,99,0,93,97,0,0,0,0,0
l33,15=0,0,0,0,0,0,0,0,0,0,0,0,94,0,97,0,71,14,0,0,0,7,46,98,86,11,8,63,98,94,95,99,88,0,99,0,0,0,0,0
l34,15=0,0,0,0,0,0,0,0,0,0,0,0,0,0,0,0,0,8,0,0,75,66,0,19,0,93,98,88,95,89,0,99,87,98,0,0,0,0,0,0
l35,15=0,0,0,0,0,0,0,0,0,0,0,0,39,0,0,75,48,0,0,0,91,45,46,0,0,0,0,0,0,0,0,0,0,0,0,0,97,98,93,97
l36,15=0,0,0,0,0,0,0,0,0,0,0,63,50,0,0,0,59,23,0,90,99,61,55,0,61,0,0,0,0,0,0,0,0,0,0,59,0,97,98,98
l37,15=0,0,0,0,0,0,0,0,0,0,0,0,0,0,0,0,45,0,0,0,1,44,50,0,0,0,0,0,0,0,0,0,0,0,0,94,95,0,89,97
l38,15=0,0,0,0,0,0,0,0,0,0,0,39,27,0,57,86,49,47,0,64,98,62,54,0,0,0,0,0,0,0,0,0,0,0,0,57,70,96,0,98
l39,15=0,0,0,0,0,0,0,0,0,0,0,0,0,0,0,0,46,0,0,91,96,61,54,0,0,0,0,0,0,0,0,0,0,0,0,96,67,97,92,0

