t=2016-04-13_09.05.12

n=40

q0=1
q1=1
q2=1
q3=1
q4=1
q5=1
q6=1
q7=1
q8=1
q9=1
q10=1
q11=1
q12=1
q13=1
q14=1
q15=1
q16=1
q17=1
q18=1
q19=1
q20=1
q21=1
q22=1
q23=1
q24=1
q25=1
q26=1
q27=1
q28=1
q29=1
q30=1
q31=1
q32=1
q33=1
q34=1
q35=1
q36=1
q37=1
q38=1
q39=1

a0=0x141592000c576ce6
a1=0x141592000c5aedbc
a2=0x141592000c5750f4
a3=0x141592000c576658
a4=0x141592000c575890
a5=0x141592000c574ffa
a6=0x141592000c5acf11
a7=0x141592000d9df361
a8=0x141592000c576300
a9=0x141592000c5779b6
a10=0x141592000c5762b9
a11=0x141592000c5af078
a12=0x141592000c575517
a13=0x141592000c5752c3
a14=0x141592000c5a4baa
a15=0x141592000c5776e7
a16=0x141592000c58cdeb
a17=0x141592000c5881fc
a18=0x141592000bd81d33
a19=0x141592000bd84d6a
a20=0x141592000c577233
a21=0x141592000c574527
a22=0x141592000c5746a3
a23=0x141592000c574da3
a24=0x141592000c5741c9
a25=0x141592000da244ea
a26=0x141592000c5ae886
a27=0x141592000c57510e
a28=0x141592000c5ab6c8
a29=0x141592000c574d05
a30=0x141592000edae61f
a31=0x141592000c57667e
a32=0x141592000c577f43
a33=0x141592000c576449
a34=0x1415920010f4117a
a35=0x141592000c575966
a36=0x141592000c574d35
a37=0x141592000c576fb1
a38=0x141592000c5aea5d
a39=0x141592000c59f23f

l0,0=0,89,78,90,86,89,85,73,0,84,77,0,0,0,0,0,0,0,0,0,0,0,0,0,0,0,0,0,0,0,0,0,0,0,0,0,0,0,0,0
l1,0=89,0,78,85,66,89,85,75,77,51,81,0,0,48,0,0,0,0,0,0,0,0,0,0,0,0,0,0,0,0,0,0,0,0,0,0,0,0,0,0
l2,0=79,93,0,82,86,91,94,76,0,79,84,0,0,65,0,0,0,0,0,0,0,0,0,0,0,0,0,0,0,0,0,0,0,0,0,0,0,0,0,0
l3,0=95,89,79,0,88,89,85,71,61,0,73,0,0,0,0,0,0,0,0,0,0,0,0,0,0,0,0,0,0,0,0,0,0,0,0,0,0,0,0,0
l4,0=89,75,82,85,0,89,14,54,54,59,69,0,0,37,0,0,0,0,0,0,0,0,0,0,0,0,0,0,0,0,0,0,0,0,0,0,0,0,0,0
l5,0=82,94,80,84,83,0,86,73,77,83,75,8,0,56,0,0,0,0,0,0,0,0,0,0,0,0,0,0,0,0,0,0,0,0,0,0,0,0,0,0
l6,0=78,78,90,72,16,74,0,83,76,74,69,48,0,64,0,47,52,0,0,0,0,0,0,0,0,0,0,0,0,0,0,0,0,0,0,0,0,0,0,0
l7,0=68,82,73,75,50,72,83,0,76,84,79,67,0,36,0,38,0,0,0,0,0,0,0,0,0,0,0,0,0,0,0,0,0,0,0,0,0,0,0,0
l8,0=0,41,0,25,37,80,85,67,0,93,52,85,71,91,51,80,81,34,0,2,0,48,0,41,52,0,0,0,0,0,0,0,0,0,0,0,0,0,22,0
l9,0=55,41,69,0,46,89,76,85,94,0,83,73,53,87,0,49,64,58,0,0,0,0,37,0,0,0,0,0,0,0,0,0,0,0,0,0,0,0,0,0
l10,0=78,84,75,72,79,76,78,87,74,97,0,71,47,83,0,73,1,0,0,0,0,0,0,0,0,0,0,0,0,0,0,0,0,0,0,0,0,0,0,0
l11,0=0,0,0,0,1,7,31,50,33,21,47,0,87,37,31,95,81,90,0,27,0,19,0,0,71,22,0,0,0,0,0,0,0,0,0,0,67,1,49,0
l12,0=0,0,0,0,0,0,0,0,24,16,10,84,0,86,86,95,76,99,0,0,29,27,0,83,93,84,0,0,0,0,0,0,0,26,0,0,26,0,70,0
l13,0=0,0,33,0,28,7,59,10,93,65,80,89,85,0,85,85,32,80,0,31,0,50,64,74,62,72,0,0,0,0,0,0,0,0,0,0,0,0,49,0
l14,0=0,0,0,0,0,0,0,0,25,1,0,82,84,58,0,51,82,85,0,0,38,0,19,66,80,86,0,0,0,0,0,0,0,32,0,0,49,0,69,0
l15,0=0,0,0,0,0,0,37,28,25,18,43,97,92,41,53,0,70,85,0,0,10,0,30,0,81,0,0,0,0,0,0,0,0,0,0,0,48,0,73,0
l16,0=0,0,0,0,0,0,13,0,24,16,0,73,73,9,31,39,0,92,0,40,33,35,45,42,73,0,0,0,0,0,0,0,0,13,0,11,21,1,73,51
l17,0=0,0,0,0,0,0,0,0,7,19,0,90,92,34,30,53,90,0,0,0,39,34,28,0,75,77,0,0,0,0,0,0,0,30,0,0,72,31,7,0
l18,0=0,0,0,0,0,0,0,0,0,0,0,0,0,0,0,0,0,0,0,0,59,0,61,0,0,0,0,0,0,0,0,0,0,0,0,0,0,0,0,0
l19,0=0,0,0,0,0,0,0,0,1,0,0,7,0,9,0,0,48,0,0,0,68,8,92,0,0,0,5,0,0,0,0,1,0,0,0,0,64,0,9,80
l20,0=0,0,0,0,0,0,0,0,0,0,0,0,35,2,16,1,35,24,21,80,0,59,91,0,0,0,0,0,0,0,0,2,0,0,7,23,79,71,97,91
l21,0=0,0,0,0,0,0,0,0,27,0,1,13,38,38,0,0,69,50,0,29,84,0,91,0,0,0,7,0,0,0,0,0,0,0,0,56,42,32,80,59
l22,0=0,0,0,0,0,0,0,0,4,6,0,0,4,19,2,10,47,22,26,90,84,59,0,0,0,0,11,0,0,0,0,0,0,0,0,45,91,33,74,85
l23,0=0,0,0,0,0,0,0,0,19,0,0,0,82,52,86,0,65,0,0,0,0,0,0,0,89,67,0,0,0,0,0,0,14,31,74,0,0,0,0,0
l24,0=0,0,0,0,0,0,0,0,25,0,0,75,92,32,54,64,77,74,0,0,0,0,1,86,0,84,0,0,0,0,0,0,20,33,71,0,0,0,0,0
l25,0=0,0,0,0,0,0,0,0,3,0,0,36,84,42,86,0,0,71,0,0,0,0,0,48,81,0,55,3,0,0,0,28,23,34,74,0,0,0,0,0
l26,0=0,0,0,0,0,0,0,0,0,0,0,0,0,0,0,0,0,0,0,56,0,11,34,0,0,60,0,65,98,91,87,91,65,68,54,0,0,0,0,0
l27,0=0,0,0,0,0,0,0,0,0,0,0,0,0,0,0,0,0,0,0,0,0,0,0,0,0,1,74,0,98,96,97,68,69,73,71,0,0,0,0,0
l28,0=0,0,0,0,0,0,0,0,0,0,0,0,0,0,0,0,0,0,0,0,0,0,0,0,0,1,86,100,0,96,97,91,71,77,78,0,0,0,0,0
l29,0=0,0,0,0,0,0,0,0,0,0,0,0,0,0,0,0,0,0,0,56,0,0,0,0,0,2,81,100,98,0,97,66,61,68,53,0,0,0,0,0
l30,0=0,0,0,0,0,0,0,0,0,0,0,0,0,0,0,0,0,0,0,0,0,0,0,0,0,0,82,100,98,96,0,57,65,76,0,0,0,0,0,0
l31,0=0,0,0,0,0,0,0,0,0,0,0,0,0,0,0,0,0,0,0,2,11,0,0,24,0,62,83,57,90,69,53,0,81,88,91,0,0,0,0,0
l32,0=0,0,0,0,0,0,0,0,0,0,0,0,0,0,0,0,0,0,0,0,0,0,1,47,61,65,68,54,73,51,53,84,0,86,92,0,0,0,0,0
l33,0=0,0,0,0,0,0,0,0,0,0,0,0,65,0,61,0,50,69,0,0,0,0,0,49,68,75,65,52,68,55,60,77,74,0,78,0,0,0,0,0
l34,0=0,0,0,0,0,0,0,0,0,0,0,0,0,0,11,0,0,0,0,0,30,0,0,62,67,78,69,59,82,53,0,92,89,78,0,0,0,0,0,0
l35,0=0,0,0,0,0,0,0,0,0,0,0,0,0,0,0,0,20,0,0,1,9,5,12,0,0,0,0,0,0,0,0,0,0,0,0,0,59,92,96,62
l36,0=0,0,0,0,0,0,0,0,0,0,0,30,14,0,10,11,18,18,0,16,33,3,54,0,0,0,0,0,0,0,0,0,0,0,0,78,0,89,96,81
l37,0=0,0,0,0,0,0,0,0,0,0,0,0,0,0,0,0,0,2,0,0,31,14,13,0,0,0,0,0,0,0,0,0,0,0,0,84,90,0,30,80
l38,0=0,0,0,0,0,0,0,0,5,0,0,23,43,12,11,16,76,0,0,1,46,31,52,0,0,0,0,0,0,0,0,0,0,0,0,85,95,20,0,82
l39,0=0,0,0,0,0,0,0,0,0,0,0,0,0,0,0,0,34,0,0,53,44,10,54,0,0,0,0,0,0,0,0,0,0,0,0,80,90,89,92,0

l0,1=0,82,69,91,71,74,61,52,49,58,66,0,0,0,0,0,0,0,0,0,0,0,0,0,0,0,0,0,0,0,0,0,0,0,0,0,0,0,0,0
l1,1=79,0,75,88,78,80,40,22,60,68,75,0,0,41,0,0,0,0,0,0,0,0,0,0,0,0,0,0,0,0,0,0,0,0,0,0,0,0,0,0
l2,1=68,91,0,76,70,87,82,64,27,79,83,0,0,0,0,2,0,0,0,0,0,0,0,0,0,0,0,0,0,0,0,0,0,0,0,0,0,0,0,0
l3,1=88,84,71,0,73,75,52,55,0,0,71,0,0,0,0,0,0,0,0,0,0,0,0,0,0,0,0,0,0,0,0,0,0,0,0,0,0,0,0,0
l4,1=77,82,71,84,0,73,0,61,60,62,64,0,0,8,0,0,0,0,0,0,0,0,0,0,0,0,0,0,0,0,0,0,0,0,0,0,0,0,0,0
l5,1=79,86,76,84,69,0,65,67,65,73,73,0,0,5,0,0,0,0,0,0,0,0,0,0,0,0,0,0,0,0,0,0,0,0,0,0,0,0,0,0
l6,1=40,23,76,39,0,55,0,68,58,48,73,23,2,17,0,0,14,0,0,0,0,0,0,0,0,0,0,0,0,0,0,0,0,0,0,0,0,0,0,0
l7,1=40,19,65,44,64,72,74,0,71,75,83,32,3,5,0,0,0,0,0,0,0,0,0,0,0,0,0,0,0,0,0,0,0,0,0,0,0,0,0,0
l8,1=9,29,0,0,43,42,59,60,0,84,64,66,0,67,49,36,52,24,0,0,0,35,29,42,0,0,0,0,0,0,0,0,0,0,0,0,0,0,0,0
l9,1=44,56,59,1,48,64,51,66,86,0,83,57,22,69,14,30,29,29,0,0,0,13,17,0,0,0,0,0,0,0,0,0,0,0,0,0,0,0,0,0
l10,1=51,75,69,64,57,65,70,74,63,85,0,46,0,57,0,27,0,0,0,0,0,2,0,0,0,0,0,0,0,0,0,0,0,0,0,0,0,0,0,0
l11,1=0,0,0,0,0,0,18,13,37,35,28,0,77,80,44,51,63,73,0,15,1,0,0,0,21,0,0,0,0,0,0,0,0,0,0,26,32,0,26,0
l12,1=0,0,0,0,0,0,0,0,0,23,0,80,0,51,84,48,62,81,0,0,3,13,14,67,82,40,0,0,0,0,0,0,0,0,0,0,1,0,22,0
l13,1=0,16,0,0,0,0,16,0,54,65,44,79,64,0,40,10,57,56,0,10,5,27,23,36,20,11,0,0,0,0,0,0,0,0,0,0,0,0,23,0
l14,1=0,0,0,0,0,0,0,0,22,24,0,75,76,44,0,15,75,55,0,0,5,8,0,68,41,71,0,0,0,0,0,0,0,0,0,0,8,0,0,0
l15,1=0,0,0,0,0,0,0,0,38,31,27,89,76,19,24,0,34,62,0,0,2,0,16,12,42,0,0,0,0,0,0,0,0,0,0,0,28,0,0,0
l16,1=0,0,0,0,0,0,1,0,17,3,0,52,60,23,41,5,0,59,0,0,9,19,28,5,17,12,0,0,0,0,0,0,0,6,0,31,30,0,1,13
l17,1=0,0,0,0,0,0,0,0,13,25,0,71,83,23,29,22,79,0,0,0,2,8,18,32,21,9,0,0,0,0,0,0,0,19,0,0,31,0,0,0
l18,1=0,0,0,0,0,0,0,0,0,0,0,0,0,0,0,0,0,0,0,7,17,12,37,0,0,0,0,0,0,0,0,0,0,0,0,0,0,0,0,0
l19,1=0,0,0,0,0,0,0,0,0,0,0,24,0,0,0,0,5,0,4,0,21,3,63,0,0,0,2,0,0,0,0,0,0,0,0,8,16,0,26,52
l20,1=0,0,0,0,0,0,0,0,0,0,0,0,25,10,19,1,43,20,21,47,0,48,62,0,0,0,0,0,0,0,0,0,0,0,2,18,51,26,60,46
l21,1=0,0,0,0,0,0,0,0,23,3,6,3,5,15,1,0,46,3,5,17,24,0,34,0,0,0,0,0,0,0,0,0,0,0,0,45,38,9,57,53
l22,1=0,0,0,0,0,0,0,0,10,3,0,0,2,0,0,2,51,3,4,53,31,46,0,0,0,0,1,0,0,0,0,0,0,0,0,43,52,4,27,58
l23,1=0,0,0,0,0,0,0,0,34,0,0,0,62,39,67,5,2,42,0,0,0,0,0,0,70,39,0,0,0,0,0,0,1,7,60,0,0,0,0,0
l24,1=0,0,0,0,0,0,0,0,0,0,0,57,80,32,41,29,58,51,0,0,0,0,0,69,0,46,0,0,0,0,0,0,24,31,27,0,0,0,0,0
l25,1=0,0,0,0,0,0,0,0,2,0,0,0,59,34,69,0,57,35,0,0,0,0,0,54,58,0,33,0,23,2,0,45,0,53,54,0,0,0,0,0
l26,1=0,0,0,0,0,0,0,0,0,0,0,0,0,0,0,0,0,0,0,38,4,0,29,0,0,33,0,25,76,81,80,60,69,61,49,0,0,0,0,0
l27,1=0,0,0,0,0,0,0,0,0,0,0,0,0,0,0,0,0,0,0,0,0,0,0,0,0,0,61,0,76,89,90,45,55,52,58,0,0,0,0,0
l28,1=0,0,0,0,0,0,0,0,0,0,0,0,0,0,0,0,0,0,0,0,0,0,0,0,0,12,77,54,0,89,87,60,34,40,56,0,0,0,0,0
l29,1=0,0,0,0,0,0,0,0,0,0,0,0,0,0,0,0,0,0,0,0,0,0,0,0,0,0,72,55,76,0,87,45,48,29,44,0,0,0,0,0
l30,1=0,0,0,0,0,0,0,0,0,0,0,0,0,0,0,0,0,0,0,0,0,0,0,0,0,0,61,68,76,88,0,21,32,41,0,0,0,0,0,0
l31,1=0,0,0,0,0,0,0,0,0,0,0,0,0,0,0,0,0,0,0,0,7,0,18,0,0,34,69,8,63,65,27,0,69,62,71,0,0,0,0,0
l32,1=0,0,0,0,0,0,0,0,0,0,0,0,0,0,0,0,0,0,0,0,0,0,0,1,27,0,65,12,42,31,37,59,0,62,82,0,0,0,0,0
l33,1=0,0,0,0,0,0,0,0,0,0,0,0,0,0,0,0,29,30,0,0,0,0,0,26,32,55,63,12,55,20,58,57,64,0,65,0,0,0,0,0
l34,1=0,0,0,0,0,0,0,0,0,0,0,0,0,0,9,0,8,0,0,0,8,0,0,49,35,43,57,20,58,27,0,59,79,60,0,0,0,0,0,0
l35,1=0,0,0,0,0,0,0,0,0,0,0,6,0,0,0,0,9,0,0,1,0,9,10,0,0,0,0,0,0,0,0,0,0,0,0,0,60,27,44,31
l36,1=0,0,0,0,0,0,0,0,0,0,0,33,0,0,0,1,18,3,0,5,9,1,28,0,0,0,0,0,0,0,0,0,0,0,0,53,0,28,42,35
l37,1=0,0,0,0,0,0,0,0,0,0,0,0,0,0,0,0,0,0,0,1,4,0,0,0,0,0,0,0,0,0,0,0,0,0,0,52,58,0,35,39
l38,1=0,0,0,0,0,0,0,0,0,0,0,28,4,0,0,0,1,0,0,2,11,20,16,0,0,0,0,0,0,0,0,0,0,0,0,59,63,24,0,44
l39,1=0,0,0,0,0,0,0,0,0,0,0,0,0,0,0,0,5,0,0,12,10,6,28,0,0,0,0,0,0,0,0,0,0,0,0,30,37,22,33,0

l0,2=0,72,77,76,75,76,73,32,8,60,69,0,0,0,0,0,0,0,0,0,0,0,0,0,0,0,0,0,0,0,0,0,0,0,0,0,0,0,0,0
l1,2=67,0,82,85,80,81,64,64,0,56,74,0,0,35,0,0,0,0,0,0,0,0,0,0,0,0,0,0,0,0,0,0,0,0,0,0,0,0,0,0
l2,2=68,69,0,77,76,86,83,70,25,66,70,0,0,0,0,1,0,0,0,0,0,0,0,0,0,0,0,0,0,0,0,0,0,0,0,0,0,0,0,0
l3,2=81,82,78,0,74,76,62,0,5,39,66,0,0,0,0,0,0,0,0,0,0,0,0,0,0,0,0,0,0,0,0,0,0,0,0,0,0,0,0,0
l4,2=76,73,77,76,0,76,73,68,0,61,0,0,0,0,0,0,0,0,0,0,0,0,0,0,0,0,0,0,0,0,0,0,0,0,0,0,0,0,0,0
l5,2=60,77,81,72,77,0,63,73,41,52,65,0,0,39,0,0,0,0,0,0,0,0,0,0,0,0,0,0,0,0,0,0,0,0,0,0,0,0,0,0
l6,2=57,31,82,41,58,61,0,55,24,48,69,19,21,22,0,9,0,0,0,0,0,0,0,0,0,0,0,0,0,0,0,0,0,0,0,0,0,0,0,0
l7,2=24,40,73,2,60,77,62,0,54,54,81,18,2,33,0,18,0,0,0,0,0,0,0,0,0,0,0,0,0,0,0,0,0,0,0,0,0,0,0,0
l8,2=0,0,2,9,0,25,25,60,0,74,64,26,0,60,11,30,12,14,0,0,0,38,19,0,19,1,0,0,0,0,0,0,0,0,0,0,0,0,1,0
l9,2=33,45,74,26,64,63,63,69,67,0,81,33,27,57,0,19,3,11,0,0,0,16,0,0,0,0,0,0,0,0,0,0,0,0,0,0,0,0,0,0
l10,2=48,72,75,36,0,73,74,76,57,68,0,33,0,53,0,11,0,2,0,0,0,0,0,0,0,0,0,0,0,0,0,0,0,0,0,0,0,0,0,0
l11,2=0,0,0,0,0,0,22,8,32,18,26,0,79,69,69,54,10,81,0,19,11,25,17,23,0,0,0,0,0,0,0,0,0,0,0,18,32,0,22,1
l12,2=0,0,0,0,0,0,19,0,0,30,0,78,0,43,84,54,28,90,0,0,0,27,4,68,90,64,0,0,0,0,0,0,0,0,0,0,5,0,29,0
l13,2=0,0,0,0,0,0,4,16,55,53,48,70,31,0,38,22,16,19,0,21,11,33,17,22,29,16,0,0,0,0,0,0,0,0,0,0,0,0,32,0
l14,2=0,0,0,0,0,0,0,0,20,0,0,66,82,40,0,14,33,29,0,0,14,0,0,73,75,61,0,0,0,0,0,0,0,28,0,0,0,0,24,0
l15,2=0,0,0,0,0,0,21,14,53,20,19,87,79,48,29,0,6,49,0,1,18,0,0,0,73,0,0,0,0,0,0,0,0,0,0,0,0,0,22,8
l16,2=0,0,0,0,0,0,0,0,24,6,0,29,58,27,65,4,0,56,0,17,27,39,44,0,32,23,0,0,0,0,0,0,0,25,0,30,33,22,25,23
l17,2=0,0,0,0,0,0,0,0,29,14,0,85,82,45,61,50,52,0,0,0,6,27,17,25,68,0,0,0,0,0,0,0,0,22,0,12,34,0,21,1
l18,2=0,0,0,0,0,0,0,0,0,0,0,0,0,1,0,0,0,0,0,12,18,20,24,0,0,0,0,0,0,0,0,0,0,0,0,0,0,0,0,0
l19,2=0,0,0,0,0,0,0,0,0,0,0,6,0,10,0,0,4,0,10,0,41,0,54,0,0,0,0,0,0,0,0,2,0,0,0,9,35,0,20,39
l20,2=0,0,0,0,0,0,0,0,0,0,0,3,0,10,8,22,27,0,4,50,0,64,53,0,1,0,0,0,0,0,0,7,0,0,2,17,51,44,41,48
l21,2=0,0,0,0,0,0,0,0,30,10,0,14,14,21,0,0,32,7,16,1,64,0,57,0,0,0,0,0,0,0,0,0,0,6,0,55,55,24,46,48
l22,2=0,0,0,0,0,0,0,0,10,0,0,8,12,8,0,0,27,2,8,71,54,65,0,0,0,0,8,0,0,5,0,0,0,0,0,52,52,18,10,48
l23,2=0,0,0,0,0,0,0,0,0,0,0,48,72,50,77,0,0,30,0,0,0,0,0,0,82,60,0,0,0,0,0,0,0,0,31,0,0,0,0,0
l24,2=0,0,0,0,0,0,0,0,35,0,0,0,79,40,77,32,35,53,0,0,0,0,0,74,0,69,0,0,0,0,0,0,11,27,0,0,26,0,0,0
l25,2=0,0,0,0,0,0,0,0,14,0,0,0,72,42,70,0,22,0,0,0,0,0,0,50,67,0,47,0,0,0,0,41,63,53,45,0,0,0,0,0
l26,2=0,0,0,0,0,0,0,0,0,0,0,0,0,0,0,0,0,0,0,15,0,0,4,0,0,30,0,0,81,69,76,52,65,62,58,0,0,0,0,0
l27,2=0,0,0,0,0,0,0,0,0,0,0,0,0,0,0,0,0,0,0,0,0,0,0,0,0,0,9,0,81,79,88,46,66,49,66,0,0,0,0,0
l28,2=0,0,0,0,0,0,0,0,0,0,0,0,0,0,0,0,0,0,0,0,0,0,0,0,0,0,79,58,0,80,80,49,39,61,45,0,0,0,0,0
l29,2=0,0,0,0,0,0,0,0,0,0,0,0,0,0,0,0,0,0,0,0,0,0,28,0,0,0,72,55,81,0,76,51,65,0,7,0,0,0,0,0
l30,2=0,0,0,0,0,0,0,0,0,0,0,0,0,0,0,0,0,0,0,0,0,0,0,0,0,0,58,76,66,64,0,35,40,45,30,0,0,0,0,0
l31,2=0,0,0,0,0,0,0,0,0,0,0,0,0,0,0,0,0,0,0,17,15,0,3,2,0,34,72,33,60,44,35,0,77,67,74,0,0,0,0,0
l32,2=0,0,0,0,0,0,0,0,0,0,0,0,0,0,0,0,0,0,0,0,0,0,0,0,4,45,57,37,46,46,61,52,0,70,84,0,0,0,0,0
l33,2=0,0,0,0,0,0,0,0,0,0,0,0,0,0,47,0,23,12,0,0,0,19,1,0,30,50,54,33,54,0,56,48,72,0,68,0,0,0,0,0
l34,2=0,0,0,0,0,0,0,0,0,0,0,0,0,0,3,0,7,0,0,0,20,0,0,27,29,36,55,25,50,27,34,58,82,71,0,0,0,0,0,0
l35,2=0,0,0,0,0,0,0,0,0,0,0,0,0,0,0,0,10,0,0,1,2,16,38,0,0,0,0,0,0,0,0,0,0,0,0,0,55,52,44,45
l36,2=0,0,0,0,0,0,0,0,0,0,0,17,0,0,0,0,23,11,0,24,33,45,41,0,1,0,0,0,0,0,0,0,0,0,0,59,0,52,49,43
l37,2=0,0,0,0,0,0,0,0,0,0,0,0,0,0,0,0,3,0,0,0,28,16,21,0,0,0,0,0,0,0,0,0,0,0,0,54,56,0,39,38
l38,2=0,0,0,0,0,0,0,0,0,0,0,7,12,24,7,5,17,5,0,15,35,47,15,0,0,0,0,0,0,0,0,0,0,0,0,61,59,47,0,47
l39,2=0,0,0,0,0,0,0,0,0,0,0,0,0,0,0,0,7,0,0,18,24,23,38,0,0,0,0,0,0,0,0,0,0,0,0,20,35,25,41,0

l0,3=0,31,43,36,68,44,40,26,0,29,0,0,0,0,0,0,0,0,0,0,0,0,0,0,0,0,0,0,0,0,0,0,0,0,0,0,0,0,0,0
l1,3=73,0,44,35,69,46,38,35,27,40,52,1,0,0,0,0,0,0,0,0,0,0,0,0,0,0,0,0,0,0,0,0,0,0,0,0,0,0,0,0
l2,3=74,31,0,35,72,53,46,36,25,40,58,0,0,68,0,0,0,0,0,0,0,0,0,0,0,0,0,0,0,0,0,0,0,0,0,0,0,0,0,0
l3,3=79,66,81,0,76,40,39,0,0,2,47,0,0,0,0,0,0,0,0,0,0,0,0,0,0,0,0,0,0,0,0,0,0,0,0,0,0,0,0,0
l4,3=69,30,46,35,0,42,14,16,0,7,1,0,0,7,0,0,0,0,0,0,0,0,0,0,0,0,0,0,0,0,0,0,0,0,0,0,0,0,0,0
l5,3=74,33,49,33,72,0,38,36,24,32,52,18,0,70,24,0,0,0,0,0,0,0,0,0,0,0,0,0,0,0,0,0,0,0,0,0,0,0,0,0
l6,3=62,31,88,33,66,39,0,30,29,36,66,36,63,62,0,53,65,0,0,0,0,0,0,0,0,0,0,0,0,0,0,0,0,0,0,0,0,0,0,0
l7,3=43,26,45,0,67,41,41,0,34,43,93,0,0,78,0,63,33,0,0,0,0,0,0,0,0,0,0,0,0,0,0,0,0,0,0,0,0,0,0,0
l8,3=0,22,3,0,0,5,18,78,0,83,83,62,21,87,0,79,33,38,0,0,0,31,16,0,33,0,0,0,0,0,0,0,0,0,0,0,0,0,15,0
l9,3=29,24,5,12,26,11,12,69,67,0,95,19,28,87,36,37,0,0,0,0,22,9,0,0,0,0,0,0,0,0,0,0,0,0,0,0,0,0,0,0
l10,3=0,24,46,15,27,41,43,84,32,89,0,22,3,86,14,23,0,0,0,0,0,0,0,0,10,0,0,0,0,0,0,0,0,0,0,0,0,0,11,0
l11,3=0,0,0,0,0,7,76,0,55,32,33,0,89,91,82,90,40,86,0,18,5,24,51,72,75,19,0,0,0,0,0,0,0,0,0,0,44,15,67,0
l12,3=0,0,0,0,0,0,27,0,23,31,0,83,0,41,93,90,33,98,0,28,0,18,3,79,95,80,0,0,0,0,0,0,0,12,0,20,0,0,34,0
l13,3=0,0,5,0,1,24,5,27,72,79,84,79,73,0,0,77,33,66,5,17,16,15,19,25,14,16,0,0,0,0,0,0,0,0,0,0,0,0,34,0
l14,3=0,0,0,0,0,2,0,0,18,24,10,90,91,0,0,27,37,28,0,0,11,0,0,93,95,37,0,0,0,0,0,0,0,20,0,0,0,0,41,0
l15,3=0,0,0,0,0,0,13,26,62,41,20,91,88,86,35,0,40,70,0,21,17,10,0,24,85,0,0,0,0,0,0,0,0,0,0,0,0,0,30,23
l16,3=0,0,0,0,0,0,20,3,29,0,0,15,70,34,42,34,0,80,5,8,67,38,64,2,34,9,0,0,0,0,0,0,0,24,0,0,30,19,46,39
l17,3=0,0,0,0,0,0,0,0,51,0,0,78,91,84,20,79,94,0,0,0,14,18,23,24,91,0,0,0,0,0,0,0,0,5,0,23,54,2,28,30
l18,3=0,0,0,0,0,0,0,0,0,0,0,0,0,20,0,0,23,0,0,43,33,6,17,0,0,0,0,0,0,0,0,0,0,0,0,0,0,0,0,0
l19,3=0,0,0,0,0,0,0,0,0,0,0,1,15,16,0,0,0,0,17,0,73,64,87,0,0,0,0,0,0,8,0,34,0,0,0,0,42,2,56,14
l20,3=0,0,0,0,0,0,0,0,0,13,0,3,0,50,4,49,79,43,7,80,0,87,92,0,39,0,0,0,0,0,0,0,0,0,4,12,68,84,86,83
l21,3=0,0,0,0,0,0,0,0,57,14,0,23,33,22,0,6,76,35,7,76,84,0,87,0,0,0,17,0,0,0,0,0,0,36,0,56,72,69,79,74
l22,3=0,0,0,0,0,0,0,0,19,0,0,22,6,26,0,0,75,25,8,97,90,87,0,0,0,0,51,0,0,36,0,0,0,0,0,81,58,44,77,79
l23,3=0,0,0,0,0,0,0,0,0,0,0,36,85,38,86,30,5,31,0,0,0,0,0,0,92,78,0,0,0,0,0,0,0,4,0,0,0,0,0,0
l24,3=0,0,0,0,0,0,0,0,31,0,3,43,91,37,87,81,63,76,0,0,16,0,0,93,0,75,0,0,0,0,0,0,0,29,0,0,16,0,26,0
l25,3=0,0,0,0,0,0,0,0,0,0,0,8,84,35,80,0,24,0,0,0,0,0,0,85,88,0,19,0,0,1,0,38,42,81,54,0,0,0,0,0
l26,3=0,0,0,0,0,0,0,0,0,0,0,0,0,0,0,0,0,0,0,0,0,18,45,0,0,8,0,74,93,95,95,95,92,50,71,0,0,0,0,0
l27,3=0,0,0,0,0,0,0,0,0,0,0,0,0,0,0,0,0,0,0,0,0,0,0,0,0,0,86,0,93,99,99,85,86,3,33,0,0,0,0,0
l28,3=0,0,0,0,0,0,0,0,0,0,0,0,0,0,0,0,0,0,0,32,0,0,0,0,0,0,94,99,0,99,87,82,71,74,67,0,0,0,0,0
l29,3=0,0,0,0,0,0,0,0,0,0,0,0,0,0,0,0,0,0,0,48,0,0,44,0,0,0,92,96,93,0,92,61,80,41,56,0,0,0,0,0
l30,3=0,0,0,0,0,0,0,0,0,0,0,0,0,0,0,0,0,0,0,0,0,0,0,0,0,0,90,99,90,86,0,50,91,41,20,0,0,0,0,0
l31,3=0,0,0,0,0,0,0,0,0,0,0,0,0,0,0,0,0,0,0,58,0,0,0,12,0,25,93,80,68,71,26,0,98,91,95,0,0,0,0,0
l32,3=0,0,0,0,0,0,0,0,0,0,0,0,0,0,0,0,0,0,0,0,0,0,0,0,0,68,82,76,68,75,71,99,0,84,95,0,0,0,0,0
l33,3=0,0,0,0,0,0,0,0,0,0,0,0,43,0,34,0,58,20,0,0,0,35,0,63,69,77,61,5,59,30,12,88,87,0,89,0,0,0,0,0
l34,3=0,0,0,0,0,0,0,0,0,0,0,0,0,0,28,0,2,0,0,0,39,0,0,50,3,69,79,28,65,69,32,94,98,95,0,0,0,0,0,0
l35,3=0,0,0,0,0,0,0,0,0,0,0,0,5,0,0,0,0,5,0,0,2,6,46,0,0,0,0,0,0,0,0,0,0,0,0,0,73,81,86,72
l36,3=0,0,0,0,0,0,0,0,0,0,0,14,1,0,0,0,50,45,0,44,60,59,42,0,20,0,0,0,0,0,0,0,0,0,0,84,0,83,86,62
l37,3=0,0,0,0,0,0,0,0,0,0,0,0,0,0,0,0,22,0,0,3,67,24,9,0,0,0,0,0,0,0,0,0,0,0,0,81,73,0,70,67
l38,3=0,0,0,0,0,0,0,0,2,0,0,47,30,44,60,24,67,27,0,22,73,60,57,0,7,0,0,0,0,0,0,0,0,0,0,92,78,68,0,67
l39,3=0,0,0,0,0,0,0,0,0,0,0,0,0,0,0,2,26,7,0,8,67,31,53,0,0,0,0,0,0,0,0,0,0,0,0,79,66,62,64,0

l0,4=0,80,80,85,70,85,81,68,61,81,77,0,0,0,0,0,0,0,0,0,0,0,0,0,0,0,0,0,0,0,0,0,0,0,0,0,0,0,0,0
l1,4=71,0,89,91,91,89,89,71,81,83,76,0,0,13,0,0,0,0,0,0,0,0,0,43,0,0,0,0,0,0,0,0,0,0,0,0,0,0,0,0
l2,4=74,97,0,89,89,89,90,83,0,79,90,0,0,66,0,0,0,0,0,0,0,0,0,0,0,0,0,0,0,0,0,0,0,0,0,0,0,0,0,0
l3,4=89,92,86,0,89,86,81,0,0,0,72,0,0,0,0,0,0,0,0,0,0,0,0,0,0,0,0,0,0,0,0,0,0,0,0,0,0,0,0,0
l4,4=50,97,84,87,0,80,70,73,79,63,0,0,0,5,0,0,0,0,0,0,0,0,0,0,0,0,0,0,0,0,0,0,0,0,0,0,0,0,0,0
l5,4=81,89,92,88,79,0,75,87,67,81,87,0,0,68,0,59,0,0,0,0,0,0,0,25,0,0,0,0,0,0,0,0,0,0,0,0,0,0,0,0
l6,4=75,94,89,81,80,81,0,93,80,82,92,77,49,0,0,61,71,0,0,0,0,0,0,0,0,0,0,0,0,0,0,0,0,0,0,0,0,0,0,0
l7,4=62,77,88,0,89,89,89,0,87,91,95,73,7,64,0,74,31,0,0,0,0,0,0,0,0,0,0,0,0,0,0,0,0,0,0,0,0,0,0,0
l8,4=2,79,0,0,74,0,71,77,0,90,81,77,62,84,70,77,76,79,0,0,53,71,59,0,42,0,0,0,0,0,0,0,0,0,0,0,0,0,0,0
l9,4=65,83,75,0,74,78,77,88,90,0,95,76,0,82,2,44,0,80,0,0,50,0,63,0,0,0,0,0,0,0,0,0,0,0,0,0,0,0,0,0
l10,4=62,0,89,71,0,89,89,93,88,92,0,79,57,80,75,68,0,63,0,0,0,0,0,0,0,0,0,0,0,0,0,0,0,0,0,0,0,0,0,0
l11,4=0,0,0,0,0,0,73,40,86,71,80,0,70,79,80,93,77,81,0,0,0,71,60,76,46,44,0,0,0,0,0,0,0,0,0,10,70,0,62,0
l12,4=0,0,0,0,0,0,13,0,73,0,61,86,0,81,91,86,86,88,0,19,49,0,0,81,79,86,0,0,0,0,0,0,36,58,0,0,36,0,53,0
l13,4=0,0,53,0,0,65,0,9,88,77,75,79,69,0,77,79,75,82,0,22,64,67,65,75,0,64,0,0,0,0,0,0,0,0,0,0,0,0,37,0
l14,4=0,0,0,0,0,0,0,0,69,8,67,86,78,76,0,0,75,49,0,0,65,3,0,84,84,69,0,0,0,0,0,20,0,71,23,0,26,0,64,0
l15,4=0,0,0,0,0,44,47,50,86,46,68,91,69,84,0,0,63,62,0,7,63,63,38,73,70,1,0,0,0,0,0,0,0,0,0,0,58,0,57,0
l16,4=0,0,0,0,0,0,50,0,76,0,0,81,70,79,82,61,0,84,24,49,71,81,70,50,73,60,0,0,0,0,0,0,0,2,0,63,60,32,73,70
l17,4=0,0,0,0,0,0,0,0,83,69,55,88,80,85,78,64,90,0,0,0,65,75,63,1,80,40,0,0,0,0,0,0,0,0,0,57,78,0,42,74
l18,4=0,0,0,0,0,0,0,0,0,0,0,0,0,0,0,0,35,0,0,88,6,81,72,0,0,0,0,0,0,0,0,0,0,0,0,0,0,0,0,0
l19,4=0,0,0,0,0,0,0,0,0,0,0,0,27,8,0,0,57,0,41,0,81,92,83,0,0,0,0,0,12,0,0,0,0,0,0,0,75,0,55,69
l20,4=0,0,0,0,0,0,0,0,25,37,0,0,45,72,70,69,75,47,6,89,0,88,83,0,53,0,0,0,11,0,0,0,43,0,0,13,87,56,78,82
l21,4=0,0,0,0,0,0,0,0,77,0,0,67,0,48,23,53,68,28,25,88,78,0,82,0,35,0,0,0,0,0,0,0,0,36,0,0,86,47,60,83
l22,4=0,0,0,0,0,0,0,0,40,50,0,54,0,63,0,25,56,31,26,95,82,88,0,0,0,0,63,0,0,19,0,0,0,18,0,77,83,53,78,71
l23,4=0,0,0,0,0,0,0,0,0,0,0,75,79,81,93,65,42,0,0,0,0,0,0,0,87,92,0,0,0,0,0,0,0,78,30,0,0,0,0,0
l24,4=0,0,0,0,0,0,0,0,51,0,0,65,73,0,94,81,63,85,0,0,60,30,0,94,0,84,0,0,0,0,0,0,0,70,0,0,0,0,0,0
l25,4=0,0,0,0,0,0,0,0,0,0,0,45,80,59,92,0,56,34,0,0,0,0,0,94,75,0,0,0,0,40,0,52,72,86,40,0,0,0,0,0
l26,4=0,0,0,0,0,0,0,0,0,0,0,0,0,0,0,0,0,0,0,0,0,0,71,0,0,0,0,91,100,99,100,99,99,77,95,0,0,0,0,0
l27,4=0,0,0,0,0,0,0,0,0,0,0,0,0,0,0,0,0,0,0,0,0,0,0,0,0,0,98,0,100,98,100,96,88,0,73,0,0,0,0,0
l28,4=0,0,0,0,0,0,0,0,0,0,0,0,0,0,0,0,0,0,0,78,56,0,0,0,0,0,98,100,0,99,93,87,94,89,90,0,0,0,0,0
l29,4=0,0,0,0,0,0,0,0,0,0,0,0,0,0,0,0,0,0,0,0,0,0,53,0,0,68,98,100,100,0,100,85,88,87,84,0,0,0,0,0
l30,4=0,0,0,0,0,0,0,0,0,0,0,0,0,0,0,0,0,0,0,0,0,0,0,0,0,0,98,100,96,98,0,94,90,84,0,0,0,0,0,0
l31,4=0,0,0,0,0,0,0,0,0,0,0,0,0,0,42,0,0,0,0,0,0,0,0,0,0,66,98,87,80,69,83,0,100,100,99,0,0,0,0,0
l32,4=0,0,0,0,0,0,0,0,0,0,0,0,61,0,0,0,0,0,0,0,67,0,0,0,0,80,89,84,91,77,89,100,0,100,100,0,0,0,0,0
l33,4=0,0,0,0,0,0,0,0,0,0,0,0,59,0,71,0,41,0,0,0,0,17,29,78,52,80,63,0,75,59,67,93,91,0,89,0,0,0,0,0
l34,4=0,0,0,0,0,0,0,0,0,0,0,0,0,0,71,0,0,0,0,0,40,0,0,88,3,79,86,73,87,79,0,100,100,100,0,0,0,0,0,0
l35,4=0,0,0,0,0,0,0,0,0,0,0,0,0,0,0,0,35,8,0,0,13,0,41,0,0,0,0,0,0,0,0,0,0,0,0,0,79,61,62,78
l36,4=0,0,0,0,0,0,0,0,0,0,0,45,26,0,12,26,29,38,0,25,43,60,50,0,0,0,0,0,0,0,0,0,0,0,0,76,0,58,58,76
l37,4=0,0,0,0,0,0,0,0,0,0,0,0,0,0,0,0,11,0,0,0,40,48,46,0,0,0,0,0,0,0,0,0,0,0,0,81,82,0,56,66
l38,4=0,0,0,0,0,0,0,0,0,0,0,74,55,31,71,66,71,4,0,30,77,60,71,0,0,0,0,0,0,0,0,0,0,0,0,84,81,56,0,80
l39,4=0,0,0,0,0,0,0,0,0,0,0,0,0,0,0,0,43,18,0,17,40,54,28,0,0,0,0,0,0,0,0,0,0,0,0,77,75,49,66,0

l0,5=0,70,68,84,71,68,68,55,1,55,69,0,0,0,0,0,0,0,0,0,0,0,0,0,0,0,0,0,0,0,0,0,0,0,0,0,0,0,0,0
l1,5=80,0,86,78,86,83,77,56,20,60,50,0,0,0,0,0,0,0,0,0,0,0,0,56,0,0,0,0,0,0,0,0,0,0,0,0,0,0,0,0
l2,5=70,83,0,71,71,80,77,1,63,59,69,0,0,0,0,0,0,0,0,0,0,0,0,0,0,0,0,0,0,0,0,0,0,0,0,0,0,0,0,0
l3,5=82,73,83,0,86,69,63,0,0,12,17,0,0,0,0,0,0,0,0,0,0,0,0,0,0,0,0,0,0,0,0,0,0,0,0,0,0,0,0,0
l4,5=71,80,79,81,0,77,68,57,71,35,69,0,0,57,0,0,0,0,0,0,0,0,0,0,0,0,0,0,0,0,0,0,0,0,0,0,0,0,0,0
l5,5=70,82,79,69,75,0,68,57,67,60,69,24,0,75,0,0,0,0,0,0,0,0,0,0,0,0,0,0,0,0,0,0,0,0,0,0,0,0,0,0
l6,5=70,70,72,66,71,65,0,60,69,62,69,51,0,0,0,0,20,0,0,0,0,0,0,0,0,0,0,0,0,0,0,0,0,0,0,0,0,0,0,0
l7,5=68,68,0,0,71,65,69,0,69,58,80,65,3,0,0,52,0,0,0,0,0,0,0,0,0,0,0,0,0,0,0,0,0,0,0,0,0,0,0,0
l8,5=0,2,12,0,64,5,24,41,0,69,70,52,6,86,54,29,17,25,0,0,9,16,19,9,34,1,0,0,0,0,0,0,0,0,0,0,0,0,0,0
l9,5=68,69,67,55,0,65,69,43,74,0,73,68,3,81,5,39,16,43,0,0,15,0,21,0,32,0,0,0,0,0,0,0,0,0,0,0,0,0,36,0
l10,5=68,58,67,62,68,68,68,60,70,77,0,67,10,73,54,51,10,31,0,0,0,0,0,0,0,0,0,0,0,0,0,0,0,0,0,0,0,0,0,0
l11,5=0,0,0,0,0,9,14,22,72,43,22,0,39,75,75,74,18,29,0,0,10,10,1,33,17,12,0,0,0,0,0,0,0,0,0,0,49,29,49,0
l12,5=0,0,0,0,0,0,0,0,14,1,0,50,0,62,79,33,36,91,0,0,12,0,0,60,48,64,0,0,0,0,0,0,18,35,0,29,30,0,39,0
l13,5=0,0,0,0,34,18,0,0,80,64,16,65,30,0,62,59,17,42,0,5,17,0,15,58,1,1,0,0,0,0,0,0,0,0,0,18,0,0,0,0
l14,5=0,0,0,0,0,0,0,0,43,2,13,30,76,69,0,28,20,27,0,0,19,0,7,86,83,58,0,0,0,0,0,17,0,51,31,0,0,0,42,0
l15,5=0,0,0,0,2,0,0,29,68,27,17,82,43,88,56,0,9,27,0,0,14,15,17,56,43,14,0,0,0,0,0,0,0,0,0,0,36,0,43,5
l16,5=0,0,0,0,0,0,10,0,35,12,0,19,35,44,27,7,0,28,0,10,17,9,13,1,19,11,0,0,0,0,0,13,0,0,0,33,0,37,43,7
l17,5=0,0,0,0,0,0,0,0,62,26,7,29,76,79,66,30,42,0,0,4,27,10,7,0,42,20,0,0,0,0,0,0,0,0,0,23,50,30,0,6
l18,5=0,0,0,0,0,0,0,0,0,0,0,0,0,0,0,0,0,0,0,13,0,29,15,0,0,0,0,0,0,0,0,0,0,0,0,0,0,0,0,0
l19,5=0,0,0,0,0,0,0,0,0,0,0,0,0,12,0,0,24,0,4,0,40,32,47,0,0,0,0,0,0,0,0,0,0,0,0,26,41,0,13,33
l20,5=0,0,0,0,0,0,0,0,7,8,0,0,12,24,13,3,18,24,0,41,0,36,43,0,11,0,10,0,0,0,0,0,13,0,11,0,46,49,52,12
l21,5=0,0,0,0,0,0,0,0,38,1,0,7,2,3,0,6,21,6,35,19,42,0,33,0,9,0,0,0,0,0,0,4,0,0,0,44,46,35,45,36
l22,5=0,0,0,0,0,0,0,0,37,14,0,0,8,27,5,6,13,3,18,44,45,24,0,0,0,0,28,0,0,0,0,0,0,0,0,32,58,46,52,0
l23,5=0,0,0,0,0,0,0,0,37,0,0,54,63,60,64,40,0,0,0,0,0,0,0,0,79,69,0,0,0,0,0,0,0,49,47,0,0,0,0,0
l24,5=0,0,0,0,0,0,0,0,52,13,0,19,75,1,79,56,39,66,0,0,12,6,0,87,0,63,0,0,0,0,0,0,0,46,4,0,0,0,0,0
l25,5=0,0,0,0,0,0,0,0,7,0,0,14,69,24,61,23,8,30,0,0,0,0,0,82,72,0,0,0,0,6,0,0,49,60,49,0,0,0,0,0
l26,5=0,0,0,0,0,0,0,0,0,0,0,0,0,0,0,0,0,0,0,0,21,0,28,0,0,0,0,35,86,84,88,84,73,47,55,0,0,0,0,0
l27,5=0,0,0,0,0,0,0,0,0,0,0,0,0,0,0,0,0,0,0,0,0,0,0,0,0,0,68,0,86,73,91,72,66,0,0,0,0,0,0,0
l28,5=0,0,0,0,0,0,0,0,0,0,0,0,0,0,0,0,0,0,0,28,25,0,0,0,0,0,77,87,0,88,91,70,72,64,57,0,0,0,0,0
l29,5=0,0,0,0,0,0,0,0,0,0,0,0,0,0,0,0,0,0,0,4,0,0,0,0,0,13,76,83,86,0,89,49,37,55,54,0,0,0,0,0
l30,5=0,0,0,0,0,0,0,0,0,0,0,0,0,0,0,0,0,0,0,0,0,0,0,0,0,0,73,87,84,74,0,71,0,63,0,0,0,0,0,0
l31,5=0,0,0,0,0,0,0,0,0,0,0,0,0,0,1,0,9,0,0,0,0,1,0,0,0,0,62,28,38,16,41,0,81,71,70,0,0,0,0,0
l32,5=0,0,0,0,0,0,0,0,0,0,0,0,26,0,0,0,0,0,0,12,25,0,0,0,0,51,53,32,51,47,14,88,0,65,85,0,0,0,0,0
l33,5=0,0,0,0,0,0,0,0,0,0,0,0,25,0,53,0,0,0,0,0,0,0,0,57,28,49,36,0,44,33,51,66,63,0,60,0,0,0,0,0
l34,5=0,0,0,0,0,0,0,0,0,0,0,0,29,0,43,0,16,0,0,0,27,0,0,59,25,47,44,0,41,47,0,87,83,77,0,0,0,0,0,0
l35,5=0,0,0,0,0,0,0,0,0,0,0,0,7,5,0,0,6,1,0,5,0,7,6,0,0,0,0,0,0,0,0,0,0,0,0,0,49,54,34,12
l36,5=0,0,0,0,0,0,0,0,0,0,0,7,11,2,0,4,0,6,0,11,13,8,11,0,0,0,0,0,0,0,0,0,0,0,0,44,0,56,43,16
l37,5=0,0,0,0,0,0,0,0,0,0,0,0,0,0,0,0,4,2,0,0,13,2,11,0,0,0,0,0,0,0,0,0,0,0,0,49,53,0,40,5
l38,5=0,0,0,0,0,0,0,0,0,4,0,15,14,0,21,8,14,0,0,0,20,10,15,0,0,0,0,0,0,0,0,0,0,0,0,53,57,58,0,15
l39,5=0,0,0,0,0,0,0,0,0,0,0,0,0,0,0,0,8,1,0,11,7,8,0,0,0,0,0,0,0,0,0,0,0,0,0,42,57,44,46,0

l0,6=0,72,73,74,72,88,57,31,0,34,50,0,0,0,0,0,0,0,0,0,0,0,0,0,0,0,0,0,0,0,0,0,0,0,0,0,0,0,0,0
l1,6=82,0,84,74,80,88,62,50,54,61,0,0,0,0,0,0,0,0,0,0,0,0,0,6,0,0,0,0,0,0,0,0,0,0,0,0,0,0,0,0
l2,6=81,74,0,74,78,88,62,45,40,65,58,0,0,0,0,0,0,0,0,0,0,0,0,0,0,0,0,0,0,0,0,0,0,0,0,0,0,0,0,0
l3,6=82,71,76,0,80,84,55,0,5,49,0,0,0,0,0,0,0,0,0,0,0,0,0,0,0,0,0,0,0,0,0,0,0,0,0,0,0,0,0,0
l4,6=78,78,72,76,0,83,57,68,40,26,46,0,0,10,0,0,0,0,0,0,0,0,0,8,0,0,0,0,0,0,0,0,0,0,0,0,0,0,0,0
l5,6=78,65,73,69,72,0,57,79,50,62,54,0,0,16,0,0,0,0,0,0,0,0,0,0,0,0,0,0,0,0,0,0,0,0,0,0,0,0,0,0
l6,6=51,49,63,49,48,64,0,79,32,62,54,52,0,9,0,0,28,0,0,0,0,0,0,0,0,0,0,0,0,0,0,0,0,0,0,0,0,0,0,0
l7,6=28,27,29,0,46,80,57,0,66,60,54,34,0,0,0,47,0,0,0,0,0,0,0,0,0,0,0,0,0,0,0,0,0,0,0,0,0,0,0,0
l8,6=0,20,16,12,21,37,29,66,0,63,53,66,18,47,9,26,20,29,0,0,24,14,18,0,19,0,0,0,0,0,0,0,0,0,0,0,0,0,0,0
l9,6=8,28,32,35,15,76,54,66,69,0,56,53,19,45,22,45,13,12,0,0,6,0,14,0,0,0,0,0,0,0,0,0,0,0,0,0,0,0,2,0
l10,6=41,7,33,1,25,62,57,81,69,67,0,55,0,29,0,35,20,0,0,0,0,0,0,0,0,0,0,0,0,0,0,0,0,0,0,0,0,0,0,0
l11,6=0,0,0,0,0,0,21,17,38,28,23,0,28,19,29,57,18,16,0,0,0,0,0,0,20,4,0,0,0,0,0,0,0,0,0,0,9,12,24,0
l12,6=0,0,0,0,0,0,0,0,19,23,0,49,0,19,52,47,43,35,0,0,18,0,3,21,42,57,0,0,0,0,0,0,0,19,4,0,4,0,13,0
l13,6=0,0,0,0,10,4,4,0,66,51,21,29,19,0,35,52,16,27,0,19,12,0,14,6,21,11,0,0,0,0,0,0,0,0,0,10,11,0,15,0
l14,6=0,0,0,0,0,0,0,0,17,24,0,26,46,20,0,28,15,22,0,0,19,0,16,26,29,27,0,0,0,0,0,2,0,24,0,0,6,0,13,0
l15,6=0,0,0,0,0,0,0,23,18,33,22,73,39,32,22,0,20,20,0,0,12,12,16,10,27,15,0,0,0,0,0,0,0,0,0,8,13,1,18,0
l16,6=0,0,0,0,0,0,11,0,16,18,18,18,29,8,14,16,0,21,7,18,16,13,15,4,20,7,0,0,0,0,0,0,0,0,2,6,13,4,26,19
l17,6=0,0,0,0,0,0,0,0,23,20,0,32,31,28,41,41,28,0,0,0,42,7,1,0,25,12,0,0,0,0,0,0,0,7,0,0,9,1,25,0
l18,6=0,0,0,0,0,0,0,0,0,0,0,0,0,0,0,0,18,0,0,26,6,27,0,0,0,0,0,0,0,0,0,0,0,0,0,0,0,0,0,0
l19,6=0,0,0,0,0,0,0,0,0,0,0,0,0,6,0,0,11,0,11,0,47,38,55,0,0,0,0,0,0,13,0,15,0,0,0,0,23,0,0,39
l20,6=0,0,0,0,0,0,0,0,13,1,0,0,6,1,12,5,8,23,0,42,0,41,60,0,0,0,1,0,0,0,0,7,0,10,0,0,38,6,28,25
l21,6=0,0,0,0,0,0,0,0,14,6,0,0,8,0,0,13,23,11,10,34,50,0,56,0,0,0,0,0,0,0,0,13,0,0,0,42,18,0,14,33
l22,6=0,0,0,0,0,0,0,0,17,20,0,0,7,12,13,19,14,0,0,42,50,42,0,0,0,0,12,0,0,0,0,0,0,0,0,17,45,26,30,29
l23,6=0,6,0,0,7,0,0,0,0,0,0,0,37,19,42,27,22,0,0,0,0,0,0,0,38,58,0,0,0,0,0,15,0,26,32,0,0,0,0,0
l24,6=0,0,0,0,0,0,0,0,21,0,0,37,67,20,38,29,33,26,0,0,0,0,0,38,0,29,0,0,0,0,0,0,0,29,2,0,0,0,0,0
l25,6=0,0,0,0,0,0,0,0,9,0,0,8,63,13,39,24,14,16,0,0,0,0,0,34,31,0,0,0,0,0,0,0,28,44,1,0,0,0,0,0
l26,6=0,0,0,0,0,0,0,0,0,0,0,0,0,0,0,0,0,0,0,0,12,0,34,0,0,0,0,52,72,71,81,62,71,18,37,0,0,0,0,0
l27,6=0,0,0,0,0,0,0,0,0,0,0,0,0,0,0,0,0,0,0,0,0,0,0,0,0,0,56,0,67,71,86,51,42,0,0,0,0,0,0,0
l28,6=0,0,0,0,0,0,0,0,0,0,0,0,0,0,0,0,0,0,0,0,0,0,0,0,0,0,68,80,0,76,84,55,49,39,39,0,0,0,0,0
l29,6=0,0,0,0,0,0,0,0,0,0,0,0,0,0,0,0,0,0,0,18,0,0,0,0,0,0,61,79,72,0,39,35,40,24,25,0,0,0,0,0
l30,6=0,0,0,0,0,0,0,0,0,0,0,0,0,0,0,0,0,0,0,0,0,0,0,0,0,0,61,84,67,40,0,39,0,3,32,0,0,0,0,0
l31,6=0,0,0,0,0,0,0,0,0,0,0,0,0,0,1,0,0,0,0,23,17,1,0,7,0,0,53,24,45,36,34,0,70,61,66,0,0,0,0,0
l32,6=0,0,0,0,0,0,0,0,0,0,0,0,0,0,0,0,0,0,0,0,0,0,0,0,0,22,56,13,42,42,0,63,0,63,82,0,0,0,0,0
l33,6=0,0,0,0,0,0,0,0,0,0,0,0,40,0,28,0,0,24,0,0,26,0,0,20,23,42,28,0,42,37,29,53,65,0,65,0,0,0,0,0
l34,6=0,0,0,0,0,0,0,0,0,0,0,0,22,0,10,0,21,0,0,3,0,0,0,15,13,5,35,0,40,30,28,52,82,57,0,0,0,0,0,0
l35,6=0,0,0,0,0,0,0,0,0,0,0,0,0,1,0,1,11,0,0,0,22,17,13,0,0,0,0,0,0,0,0,0,0,0,0,0,25,49,29,37
l36,6=0,0,0,0,0,0,0,0,0,0,0,6,0,6,1,7,14,1,0,21,30,9,28,0,0,0,0,0,0,0,0,0,0,0,0,24,0,50,33,40
l37,6=0,0,0,0,0,0,0,0,0,0,0,0,0,0,0,0,2,0,0,0,0,0,17,0,0,0,0,0,0,0,0,0,0,0,0,28,52,0,26,31
l38,6=0,0,0,0,0,0,0,0,0,0,0,21,3,4,5,19,17,11,0,0,40,13,28,0,0,0,0,0,0,0,0,0,0,0,0,24,34,43,0,34
l39,6=0,0,0,0,0,0,0,0,0,0,0,0,0,0,0,0,10,0,0,28,30,31,42,0,0,0,0,0,0,0,0,0,0,0,0,42,50,40,23,0

l0,7=0,94,79,73,89,93,79,41,66,65,74,0,0,0,0,0,0,0,0,0,0,0,0,0,0,0,0,0,0,0,0,0,0,0,0,0,0,0,0,0
l1,7=86,0,95,76,87,84,84,84,31,72,44,0,0,0,0,0,0,0,0,0,0,0,0,7,0,0,0,0,0,0,0,0,0,0,0,0,0,0,0,0
l2,7=72,89,0,73,82,75,84,77,44,62,32,0,0,0,0,0,0,0,0,0,0,0,0,0,0,0,0,0,0,0,0,0,0,0,0,0,0,0,0,0
l3,7=80,86,79,0,91,84,81,30,56,33,59,0,0,0,0,0,0,0,0,0,0,0,0,0,0,0,0,0,0,0,0,0,0,0,0,0,0,0,0,0
l4,7=85,90,84,80,0,84,84,66,76,26,77,0,0,54,0,0,0,0,0,0,0,0,0,0,0,0,0,0,0,0,0,0,0,0,0,0,0,0,0,0
l5,7=87,87,78,74,84,0,84,87,76,67,77,0,0,9,0,0,0,0,0,0,0,0,0,0,0,0,0,0,0,0,0,0,0,0,0,0,0,0,0,0
l6,7=77,89,89,71,87,87,0,87,0,74,77,25,0,54,0,0,22,0,0,0,0,0,0,0,0,0,0,0,0,0,0,0,0,0,0,0,0,0,0,0
l7,7=46,71,67,41,60,82,84,0,70,74,77,22,5,62,0,44,0,3,0,0,0,0,0,0,0,0,0,0,0,0,0,0,0,0,0,0,0,0,0,0
l8,7=40,35,56,52,68,65,0,66,0,72,76,62,34,74,32,52,23,30,0,0,4,0,11,2,2,0,0,0,0,0,0,0,0,0,0,0,0,0,0,0
l9,7=47,51,58,24,13,50,84,87,85,0,78,49,28,74,23,50,1,6,0,0,22,2,7,0,12,2,0,0,0,0,0,0,0,0,0,0,0,0,20,0
l10,7=57,47,32,46,60,69,81,87,84,72,0,51,0,9,0,49,30,4,0,0,0,0,0,0,0,0,0,0,0,0,0,0,0,0,0,0,0,0,0,0
l11,7=0,0,0,0,0,0,25,14,17,14,24,0,51,52,22,63,26,22,0,0,24,0,5,9,21,0,0,0,0,0,0,0,0,0,0,24,10,0,32,5
l12,7=0,0,0,0,0,0,0,0,5,8,0,65,0,25,53,55,51,28,0,0,23,2,0,26,77,69,0,0,0,0,0,0,0,6,10,0,0,0,0,0
l13,7=0,0,0,0,25,0,33,31,82,32,2,54,19,0,37,52,17,28,0,0,17,0,3,13,27,31,0,0,0,0,0,0,0,0,0,21,0,0,21,0
l14,7=0,0,0,0,0,0,0,0,8,9,0,31,48,40,0,29,29,50,0,0,26,9,5,43,27,46,0,0,0,0,0,0,0,7,0,0,0,0,18,0
l15,7=0,0,0,0,2,0,0,25,14,15,20,73,54,60,26,0,17,22,0,0,25,12,7,14,18,27,0,0,0,0,0,0,0,0,0,0,19,11,28,0
l16,7=0,0,0,0,0,0,17,0,8,5,12,36,46,28,26,14,0,25,13,0,34,13,7,13,26,18,0,0,0,0,0,7,4,0,0,26,29,12,31,0
l17,7=0,0,0,0,0,0,0,0,9,9,3,32,42,43,44,27,30,0,0,0,35,13,0,0,35,0,0,0,0,0,0,0,0,9,0,0,26,0,27,0
l18,7=0,0,0,0,0,0,0,0,0,0,0,0,0,0,0,0,27,0,0,19,39,32,0,0,0,0,0,0,0,0,0,0,0,0,0,0,0,0,0,0
l19,7=0,0,0,0,0,0,0,0,0,0,0,0,7,0,0,1,0,0,13,0,61,57,52,0,0,0,0,0,3,11,0,30,0,0,0,27,26,0,19,41
l20,7=0,0,0,0,0,0,0,0,0,7,0,20,20,20,13,16,27,20,14,33,0,75,62,0,0,0,4,0,0,0,0,0,0,3,0,41,42,17,62,34
l21,7=0,0,0,0,0,0,0,0,1,7,0,0,17,5,14,18,32,17,14,19,64,0,53,0,0,0,0,0,0,0,0,0,0,0,0,40,34,16,31,50
l22,7=0,0,0,0,0,0,0,0,6,7,0,20,0,26,13,19,31,0,0,35,70,70,0,0,0,0,15,0,0,9,0,1,0,0,0,0,51,14,53,46
l23,7=0,0,0,0,0,0,0,0,0,1,0,22,39,34,47,31,27,0,0,0,0,0,0,0,81,75,0,0,0,0,0,0,3,9,27,0,0,0,0,0
l24,7=0,0,0,0,0,0,0,0,3,8,0,32,62,39,24,25,35,46,0,0,0,0,0,61,0,64,0,0,0,0,0,0,0,7,13,0,0,0,0,0
l25,7=0,0,0,0,0,0,0,0,0,8,0,0,60,35,47,25,11,0,0,0,0,0,0,59,67,0,0,0,0,14,0,1,20,30,0,0,0,0,11,0
l26,7=0,0,0,0,0,0,0,0,0,0,0,0,0,0,0,0,0,0,0,0,28,0,26,0,0,0,0,70,70,81,77,73,80,48,62,0,0,0,0,0
l27,7=0,0,0,0,0,0,0,0,0,0,0,0,0,0,0,0,0,0,0,0,0,0,0,0,0,0,71,0,65,81,86,10,64,0,0,0,0,0,0,0
l28,7=0,0,0,0,0,0,0,0,0,0,0,0,0,0,0,0,0,0,0,15,29,1,0,0,0,0,84,80,0,85,86,62,48,48,35,0,0,0,0,0
l29,7=0,0,0,0,0,0,0,0,0,0,0,0,0,0,0,0,0,0,0,12,0,0,20,0,0,26,78,80,70,0,86,51,58,44,15,0,0,0,0,0
l30,7=0,0,0,0,0,0,0,0,0,0,0,0,0,0,0,0,0,0,0,0,0,0,0,0,0,0,60,80,65,80,0,54,50,23,43,0,0,0,0,0
l31,7=0,0,0,0,0,0,0,0,0,0,0,0,0,0,0,0,12,0,0,20,0,0,2,1,0,2,73,1,47,36,38,0,79,69,74,0,0,0,0,0
l32,7=0,0,0,0,0,0,0,0,0,0,0,0,0,0,0,0,18,0,0,0,0,0,0,17,0,41,73,21,26,43,33,73,0,70,86,0,0,0,0,0
l33,7=0,0,0,0,0,0,0,0,0,0,0,0,36,0,30,0,0,34,0,0,28,0,0,30,47,54,54,0,42,49,31,70,80,0,47,0,0,0,0,0
l34,7=0,0,0,0,0,0,0,0,0,0,0,0,29,0,3,0,13,0,0,0,0,0,0,34,17,0,63,6,29,23,28,67,88,54,0,0,0,0,0,0
l35,7=0,0,0,0,0,0,0,0,0,0,0,0,0,15,0,0,18,0,0,4,37,20,0,0,0,0,0,0,0,0,0,0,0,0,0,0,45,37,54,36
l36,7=0,0,0,0,0,0,0,0,0,0,0,0,0,0,0,2,22,14,0,0,39,17,37,0,0,0,0,0,0,0,0,0,0,0,0,42,0,32,58,56
l37,7=0,0,0,0,0,0,0,0,0,0,0,0,0,0,0,3,4,0,0,0,33,22,7,0,0,0,0,0,0,0,0,0,0,0,0,58,50,0,29,41
l38,7=0,0,0,0,0,0,0,0,0,8,0,41,0,35,14,27,26,22,0,11,46,20,27,0,0,2,0,0,0,0,0,0,0,0,0,43,54,17,0,31
l39,7=0,0,0,0,0,0,0,0,0,0,0,0,0,0,0,0,0,0,0,16,39,24,15,0,0,0,0,0,0,0,0,0,0,0,0,45,54,16,29,0

l0,8=0,94,96,94,95,97,70,70,76,86,88,0,0,62,0,0,0,0,0,0,0,0,0,0,0,0,0,0,0,0,0,0,0,0,0,0,0,0,0,0
l1,8=90,0,96,94,95,97,82,82,59,0,89,0,0,0,0,0,0,0,0,0,0,0,0,0,0,0,0,0,0,0,0,0,0,0,0,0,0,0,0,0
l2,8=90,97,0,94,95,98,90,83,0,9,89,0,0,0,0,5,0,0,0,0,0,0,0,0,0,0,0,0,0,0,0,0,0,0,0,0,0,0,0,0
l3,8=90,94,94,0,95,97,12,60,0,0,33,0,0,0,0,0,0,0,0,0,0,0,0,0,0,0,0,0,0,0,0,0,0,0,0,0,0,0,0,0
l4,8=90,94,96,96,0,88,79,75,87,81,86,0,0,69,0,0,0,0,0,0,0,0,0,0,5,0,0,0,0,0,0,0,0,0,0,0,0,0,0,0
l5,8=90,94,96,94,90,0,82,83,87,83,93,60,0,0,0,0,0,0,0,0,0,0,0,0,0,0,0,0,0,0,0,0,0,0,0,0,0,0,0,0
l6,8=70,93,88,46,89,91,0,87,72,89,90,0,0,18,0,0,49,0,0,0,0,0,0,0,0,0,0,0,0,0,0,0,0,0,0,0,0,0,0,0
l7,8=83,92,85,83,86,92,87,0,85,99,99,51,0,80,0,0,0,42,0,0,0,0,0,0,0,0,0,0,0,0,0,0,0,0,0,0,0,0,0,0
l8,8=54,0,0,15,73,85,62,82,0,99,96,97,0,94,51,88,0,62,0,34,0,0,50,0,45,0,0,0,0,0,0,0,0,0,0,0,0,0,0,0
l9,8=73,0,0,0,49,83,87,87,96,0,99,91,68,94,15,85,59,52,0,0,0,27,1,62,75,0,0,0,0,0,0,0,0,0,0,0,0,0,29,0
l10,8=76,89,73,50,84,90,81,89,91,99,0,81,0,78,0,89,16,0,0,0,0,0,0,0,0,0,0,0,0,0,0,0,0,0,0,0,0,0,0,0
l11,8=0,0,0,0,0,32,0,11,90,88,78,0,99,2,58,97,76,67,0,0,29,28,19,50,83,58,0,0,0,0,0,0,0,0,0,23,19,0,18,0
l12,8=0,0,0,0,0,0,0,0,0,42,0,100,0,0,64,75,82,65,0,0,15,0,0,79,97,89,0,0,0,0,0,0,0,7,1,1,5,0,13,0
l13,8=10,0,0,25,26,0,21,78,98,98,82,7,0,0,57,60,48,48,0,0,32,31,0,70,77,63,0,0,0,0,0,0,0,0,0,0,0,0,25,0
l14,8=0,0,0,0,0,0,0,0,68,6,0,78,99,41,0,69,53,87,0,0,49,33,31,75,96,69,0,0,0,0,0,0,0,0,0,0,13,0,0,0
l15,8=0,0,0,0,0,0,0,0,87,91,81,100,97,52,59,0,63,70,0,0,57,39,40,70,58,17,0,0,0,0,0,0,0,0,0,0,9,0,28,0
l16,8=0,0,0,0,0,0,20,0,0,31,4,89,92,5,45,41,0,33,30,34,70,29,45,38,88,19,0,0,0,0,0,3,0,0,20,2,24,5,13,55
l17,8=0,0,0,0,0,0,0,17,73,49,4,95,90,18,59,54,62,0,0,46,64,16,20,30,72,0,0,0,0,0,0,0,0,14,0,0,11,0,21,38
l18,8=0,0,0,0,0,0,0,0,0,0,0,0,0,0,0,0,52,0,0,58,66,63,0,0,0,0,0,0,0,0,0,0,0,0,0,0,0,0,15,0
l19,8=0,0,0,0,0,0,0,0,23,0,0,0,0,0,0,0,48,29,37,0,80,60,83,0,0,0,34,0,30,0,0,29,0,0,0,20,32,0,0,69
l20,8=0,0,0,0,0,0,0,0,0,0,0,11,9,5,24,23,40,29,39,77,0,79,95,0,0,0,7,0,0,0,0,0,0,2,0,23,29,16,44,53
l21,8=0,0,0,0,0,0,0,0,0,38,0,45,21,16,29,27,41,17,26,46,74,0,92,0,0,0,0,0,0,0,0,0,0,0,0,25,22,16,22,58
l22,8=0,0,0,0,0,0,0,0,38,27,0,21,0,0,19,26,49,20,0,70,85,73,0,0,0,0,0,0,0,36,0,6,0,0,0,34,43,15,41,62
l23,8=0,0,0,0,0,0,0,0,0,64,0,68,95,41,88,59,63,37,0,0,0,0,0,0,95,88,0,0,0,0,0,0,23,36,77,0,0,0,0,0
l24,8=0,0,0,0,0,0,0,0,3,61,0,78,99,41,94,44,78,51,0,0,0,0,0,95,0,86,0,0,0,0,0,1,0,33,0,0,4,0,0,0
l25,8=0,0,0,0,0,0,0,0,0,0,0,70,98,40,68,37,43,0,0,0,0,0,0,95,91,0,0,0,0,59,0,23,22,44,38,0,0,0,8,0
l26,8=0,0,0,0,0,0,0,0,0,0,0,0,0,0,0,0,0,0,0,57,46,0,0,0,0,0,0,79,94,95,79,90,85,71,54,0,0,0,0,0
l27,8=0,0,0,0,0,0,0,0,0,0,0,0,0,0,0,0,0,0,0,0,0,0,0,0,0,0,82,0,94,95,94,0,71,0,67,0,0,0,0,0
l28,8=0,0,0,0,0,0,0,0,0,0,0,0,0,0,0,0,0,0,0,57,31,0,0,0,0,0,89,88,0,95,94,90,31,80,46,0,0,0,0,0
l29,8=0,0,0,0,0,0,0,0,0,0,0,0,0,0,0,0,0,0,0,0,0,0,62,0,0,51,88,88,94,0,94,90,44,68,65,0,0,0,0,0
l30,8=0,0,0,0,0,0,0,0,0,0,0,0,0,0,0,0,0,0,0,0,0,0,0,0,0,0,76,88,94,95,0,53,68,60,0,0,0,0,0,0
l31,8=0,0,0,0,0,0,0,0,0,0,0,0,0,0,0,0,38,0,0,48,0,0,55,0,32,34,85,0,91,90,34,0,84,89,86,0,0,0,0,0
l32,8=0,0,0,0,0,0,0,0,0,0,0,0,18,0,0,0,15,0,0,0,0,0,0,77,0,60,86,55,58,64,65,92,0,92,91,0,0,0,0,0
l33,8=0,0,0,0,0,0,0,0,0,0,0,0,67,0,0,0,0,43,0,0,46,0,0,76,63,65,64,0,73,69,42,90,82,0,78,0,0,0,0,0
l34,8=0,0,0,0,0,0,0,0,0,0,0,0,69,0,12,0,50,0,0,0,33,0,0,77,59,64,65,54,70,70,0,91,89,78,0,0,0,0,0,0
l35,8=0,0,0,0,0,0,0,0,0,0,0,2,2,0,0,0,0,0,0,22,25,19,19,0,0,0,0,0,0,0,0,0,0,0,0,0,41,28,34,51
l36,8=0,0,0,0,0,0,0,0,0,0,0,21,11,0,5,8,26,5,0,24,34,16,32,0,2,0,0,0,0,0,0,0,0,0,0,42,0,12,23,58
l37,8=0,0,0,0,0,0,0,0,0,0,0,0,0,0,0,0,26,0,0,0,38,20,19,0,0,0,0,0,0,0,0,0,0,0,0,40,26,0,16,2
l38,8=0,0,0,0,0,0,0,0,0,35,0,26,30,12,0,28,29,22,0,0,52,29,33,0,0,0,0,0,0,0,0,0,0,0,0,35,31,10,0,50
l39,8=0,0,0,0,0,0,0,0,0,0,0,0,0,0,0,0,41,1,0,43,51,60,40,0,0,0,0,0,0,0,0,0,0,0,0,34,41,3,27,0

l0,9=0,97,99,96,98,100,88,81,39,90,84,0,0,50,0,0,0,0,0,0,0,0,0,0,0,0,0,0,0,0,0,0,0,0,0,0,0,0,0,0
l1,9=93,0,99,97,97,100,89,87,92,86,85,0,0,11,0,0,0,0,0,0,0,0,0,0,0,0,0,0,0,0,0,0,0,0,0,0,0,0,0,0
l2,9=93,97,0,99,79,100,100,53,34,0,86,0,25,0,0,0,0,0,0,0,0,0,0,0,0,0,0,0,0,0,0,0,0,0,0,0,0,0,0,0
l3,9=81,83,90,0,98,94,88,77,0,0,16,0,0,0,0,0,0,0,0,0,0,0,0,0,0,0,0,0,0,0,0,0,0,0,0,0,0,0,0,0
l4,9=93,91,89,100,0,96,0,78,95,83,86,0,0,7,7,0,0,0,0,0,0,0,0,0,0,0,0,0,0,0,0,0,0,0,0,0,0,0,0,0
l5,9=93,96,99,100,98,0,98,82,98,83,98,0,0,91,0,0,0,0,0,0,0,0,0,0,0,0,0,0,0,0,0,0,0,0,0,0,0,0,0,0
l6,9=50,55,99,90,34,97,0,96,85,93,99,0,0,84,0,0,37,0,0,0,0,0,0,0,0,0,0,0,0,0,0,0,0,0,0,0,0,0,0,0
l7,9=31,76,74,97,77,60,100,0,100,97,99,38,28,99,0,44,0,0,0,0,0,0,0,0,0,0,0,0,0,0,0,0,0,0,0,0,0,0,0,0
l8,9=1,47,1,0,78,58,54,92,0,98,97,97,13,99,22,89,81,62,0,20,0,0,80,0,0,0,0,0,0,0,0,0,0,0,0,0,0,0,0,0
l9,9=63,23,0,0,66,51,92,96,100,0,99,94,56,99,92,98,96,0,0,0,0,0,3,62,34,0,0,0,0,0,0,0,0,0,0,0,0,0,0,0
l10,9=81,86,93,75,97,100,97,98,98,97,0,0,66,99,0,97,67,63,0,0,2,0,0,12,0,0,0,0,0,0,0,0,0,0,0,0,0,0,0,0
l11,9=0,0,0,0,0,0,0,10,57,53,0,0,98,98,96,99,96,75,0,0,78,63,55,92,97,47,0,0,0,0,0,0,0,0,0,0,27,0,49,0
l12,9=0,0,0,0,0,0,0,0,0,20,1,97,0,87,99,98,97,77,0,0,76,24,24,99,99,99,0,0,0,0,0,0,0,0,4,0,28,0,54,0
l13,9=0,0,0,19,0,46,42,56,99,97,92,97,89,0,78,98,93,15,0,9,78,81,0,90,90,12,0,0,0,0,0,0,0,0,0,0,17,0,53,0
l14,9=0,0,0,0,1,0,0,0,3,52,0,93,98,91,0,97,97,65,0,0,85,84,70,99,100,34,0,0,0,0,0,0,0,77,44,0,21,0,0,0
l15,9=0,0,0,27,0,0,0,2,50,52,97,98,96,98,97,0,97,65,0,0,77,85,68,84,98,0,0,0,0,0,0,0,0,0,0,0,28,2,54,0
l16,9=0,0,0,0,0,0,21,0,19,45,52,85,89,89,84,88,0,58,28,24,86,59,75,85,91,50,0,0,0,0,0,0,0,82,77,0,22,26,53,72
l17,9=0,0,0,0,0,0,0,0,52,0,83,94,96,69,97,98,96,0,0,30,79,85,83,0,0,47,0,0,0,0,0,0,0,86,0,0,20,0,15,77
l18,9=0,0,0,0,0,0,0,0,0,1,0,0,0,0,0,0,88,0,0,0,82,85,0,0,0,0,0,0,0,0,0,0,0,0,0,0,0,0,0,0
l19,9=0,0,0,0,0,0,0,0,28,0,0,0,0,13,0,0,66,68,0,0,86,89,83,0,0,0,76,0,66,0,0,57,0,0,0,63,74,51,45,69
l20,9=0,0,0,0,0,0,0,0,0,0,0,41,64,56,58,51,86,39,23,91,0,95,93,0,0,0,35,0,0,0,0,0,0,1,55,57,49,31,62,79
l21,9=0,0,0,0,0,0,0,0,0,0,0,35,58,59,55,67,59,41,27,31,94,0,88,0,1,0,0,0,0,0,0,0,0,43,0,67,1,28,63,74
l22,9=0,0,0,0,0,0,0,0,39,6,0,35,45,0,55,57,78,47,0,85,96,89,0,0,0,0,44,0,0,40,0,12,0,0,0,66,80,47,72,59
l23,9=0,0,0,0,0,0,0,0,0,42,2,91,97,93,99,86,96,0,0,0,0,0,0,0,100,100,0,0,0,0,0,0,32,96,96,0,0,0,0,0
l24,9=0,0,0,0,0,0,0,0,0,39,0,93,98,92,100,95,98,0,0,0,11,0,0,100,0,95,0,0,0,0,0,0,0,95,39,0,28,0,0,0
l25,9=0,0,0,0,0,0,0,0,0,0,0,85,98,71,3,0,94,42,0,0,0,0,0,100,100,0,0,0,0,13,0,0,31,96,85,0,0,0,49,0
l26,9=0,0,0,0,0,0,0,0,0,0,0,0,0,0,0,0,0,0,0,73,63,0,75,0,0,0,0,76,95,96,90,92,96,75,84,0,0,0,0,0
l27,9=0,0,0,0,0,0,0,0,0,0,0,0,0,0,0,0,0,0,0,0,0,0,0,0,0,0,89,0,95,96,100,84,84,0,0,0,0,0,0,0
l28,9=0,0,0,0,0,0,0,0,0,0,0,0,0,0,0,0,0,0,0,72,0,0,1,0,0,0,98,100,0,96,99,81,15,76,0,0,0,0,0,0
l29,9=0,0,0,0,0,0,0,0,0,0,0,0,0,0,0,0,0,0,0,0,6,0,71,0,0,0,98,100,96,0,100,93,13,75,83,0,0,0,0,0
l30,9=0,0,0,0,0,0,0,0,0,0,0,0,0,0,0,0,0,0,0,0,0,0,0,0,0,0,98,100,95,96,0,93,93,40,89,0,0,0,0,0
l31,9=0,0,0,0,0,0,0,0,0,0,0,0,0,0,0,0,0,0,0,26,0,0,38,0,0,0,96,56,83,91,85,0,99,98,100,0,0,0,0,0
l32,9=0,0,0,0,0,0,0,0,0,0,0,0,8,0,0,0,0,0,0,0,0,0,0,43,0,43,97,22,0,20,90,96,0,98,100,0,0,0,0,0
l33,9=0,0,0,0,0,0,0,0,0,0,0,0,1,0,0,0,38,36,0,0,23,15,0,91,91,95,78,0,84,33,30,96,96,0,97,0,0,0,0,0
l34,9=0,0,0,0,0,0,0,0,0,0,0,0,34,0,26,0,94,0,0,0,49,0,0,99,41,33,97,0,0,82,73,99,100,97,0,0,0,0,0,0
l35,9=0,0,0,0,0,0,0,0,0,0,0,0,0,0,0,0,0,0,0,11,53,62,73,0,0,0,0,0,0,0,0,0,0,0,0,0,81,51,70,56
l36,9=0,0,0,0,0,0,0,0,0,0,0,20,41,11,17,38,2,0,0,12,72,0,76,0,21,0,0,0,0,0,0,0,0,0,0,78,0,32,48,57
l37,9=0,0,0,0,0,0,0,0,0,0,0,0,0,0,0,1,41,0,0,14,64,58,65,0,0,0,0,0,0,0,0,0,0,0,0,67,29,0,39,60
l38,9=0,0,0,0,0,0,0,0,0,0,0,29,52,45,0,52,78,0,0,12,78,75,84,0,0,4,0,0,0,0,0,0,0,0,0,70,28,30,0,63
l39,9=0,0,0,0,0,0,0,0,0,0,0,0,0,0,0,0,64,42,0,23,76,73,65,0,0,0,0,0,0,0,0,0,0,0,0,57,28,30,41,0

l0,10=0,92,89,93,93,87,54,75,31,73,72,0,0,0,0,0,0,0,0,0,0,0,0,0,0,0,0,0,0,0,0,0,0,0,0,0,0,0,0,0
l1,10=94,0,89,91,93,87,85,79,25,51,24,0,0,0,0,0,0,0,0,0,0,0,0,1,0,0,0,0,0,0,0,0,0,0,0,0,0,0,0,0
l2,10=94,92,0,85,57,87,70,61,14,72,56,0,4,0,0,0,0,0,0,0,0,0,0,0,0,0,0,0,0,0,0,0,0,0,0,0,0,0,0,0
l3,10=96,86,89,0,98,87,59,49,0,52,0,0,0,0,0,0,0,0,0,0,0,0,0,0,0,0,0,0,0,0,0,0,0,0,0,0,0,0,0,0
l4,10=93,85,28,93,0,86,58,64,61,55,61,0,0,0,0,0,0,0,0,0,0,0,0,0,0,0,0,0,0,0,0,0,0,0,0,0,0,0,0,0
l5,10=81,85,89,85,89,0,75,81,47,70,69,0,0,63,0,0,0,0,0,0,0,0,0,0,0,0,0,0,0,0,0,0,0,0,0,0,0,0,0,0
l6,10=44,71,66,66,54,72,0,73,66,72,65,0,0,45,0,0,2,0,0,0,0,0,0,0,0,0,0,0,0,0,0,0,0,0,0,0,0,0,0,0
l7,10=54,63,55,61,63,73,68,0,68,90,81,31,18,62,7,0,0,0,0,0,0,0,0,0,0,0,0,0,0,0,0,0,0,0,0,0,0,0,0,0
l8,10=9,2,0,28,43,27,54,63,0,92,35,76,27,66,17,59,35,42,0,12,6,0,38,25,18,0,0,0,0,0,0,0,0,0,0,0,0,0,0,0
l9,10=32,0,52,46,38,26,65,71,73,0,79,72,40,66,25,56,0,0,0,0,0,23,1,10,20,0,0,0,0,0,0,0,0,0,0,0,0,0,0,0
l10,10=46,33,40,36,52,55,56,76,45,90,0,51,0,54,0,53,0,40,0,0,0,0,0,1,0,0,0,0,0,0,0,0,0,0,0,0,0,0,0,0
l11,10=0,0,0,0,0,0,0,34,62,63,29,0,68,69,73,89,24,72,0,0,44,44,0,34,37,40,0,0,0,0,0,0,0,0,0,34,24,0,33,0
l12,10=0,0,0,0,0,0,0,0,43,57,0,84,0,54,84,76,67,88,0,0,52,48,0,88,93,99,0,0,0,0,0,0,0,26,0,0,0,0,41,0
l13,10=0,0,0,0,0,28,21,54,67,76,36,78,42,0,38,67,46,34,0,7,48,39,0,33,32,27,0,0,0,0,0,0,0,0,0,0,5,0,31,0
l14,10=0,0,0,0,5,0,0,0,5,55,0,81,93,51,0,65,59,78,0,0,46,2,30,38,95,57,0,0,0,0,0,0,0,41,0,0,30,0,35,0
l15,10=0,0,0,0,0,0,0,0,62,60,37,88,61,65,44,0,55,73,0,27,44,11,33,4,35,22,0,0,0,0,0,0,0,0,0,0,5,0,31,0
l16,10=0,0,0,0,0,0,0,0,33,0,0,11,65,42,35,53,0,70,31,32,53,47,49,24,49,19,0,0,0,0,0,0,0,0,36,1,30,31,52,32
l17,10=0,0,0,0,0,0,0,0,48,8,20,56,73,26,51,88,76,0,0,36,46,57,55,0,31,24,0,0,0,0,0,0,0,19,0,0,21,0,43,34
l18,10=0,0,0,0,0,0,0,0,0,0,0,0,0,0,0,0,38,0,0,56,80,77,0,0,0,0,0,0,0,0,0,0,0,0,0,0,0,0,0,0
l19,10=0,0,0,0,0,0,0,0,16,0,0,0,0,7,0,35,36,54,60,0,83,74,75,0,0,0,54,0,0,0,0,3,11,0,0,51,0,18,24,43
l20,10=0,0,0,0,0,0,0,0,0,0,0,14,44,33,9,26,59,13,49,64,0,90,88,0,0,0,0,0,0,0,0,0,32,0,0,68,46,41,55,65
l21,10=0,0,0,0,0,0,0,0,0,38,0,33,41,30,15,16,49,60,58,55,90,0,81,0,0,0,22,0,0,0,0,0,0,12,0,51,29,25,59,52
l22,10=0,0,0,0,0,0,0,0,35,6,0,0,0,0,5,30,43,52,0,60,88,78,0,0,0,0,40,0,0,9,0,30,0,0,0,56,44,33,73,55
l23,10=0,0,0,0,0,0,0,0,42,19,0,44,93,52,50,21,55,0,0,0,0,0,0,0,98,100,0,0,0,0,0,0,56,56,22,0,0,0,0,0
l24,10=0,0,0,0,0,0,0,0,31,52,0,50,93,56,93,66,84,72,0,0,0,0,0,98,0,95,0,0,0,0,0,0,0,47,33,0,0,0,0,0
l25,10=0,0,0,21,0,0,0,0,0,0,0,52,93,11,92,21,19,35,0,0,0,0,0,98,94,0,29,0,0,0,0,39,26,95,72,0,0,0,34,0
l26,10=0,0,0,0,0,0,0,0,0,0,0,0,0,0,0,0,0,0,0,47,0,6,50,0,0,34,0,70,94,96,97,98,89,62,69,0,0,0,0,0
l27,10=0,0,0,0,0,0,0,0,0,0,0,0,0,0,0,0,0,0,0,0,0,0,0,0,0,0,87,0,91,96,98,89,0,0,69,0,0,0,0,0
l28,10=0,0,0,0,0,0,0,0,0,0,0,0,0,0,0,0,0,0,0,15,0,0,0,0,0,0,92,90,0,96,98,78,30,68,30,0,0,0,0,0
l29,10=0,0,0,0,0,0,0,0,0,0,0,0,0,0,0,0,0,0,0,0,10,0,14,0,0,0,92,95,94,0,98,91,66,13,56,0,0,0,0,0
l30,10=0,0,0,0,0,0,0,0,0,0,0,0,0,0,0,0,0,0,0,0,0,0,0,0,0,0,92,95,94,96,0,93,80,54,69,0,0,0,0,0
l31,10=0,0,0,0,0,0,0,0,0,0,0,0,0,0,0,0,0,0,0,11,9,0,50,11,0,50,92,65,78,96,97,0,100,100,100,0,0,0,0,0
l32,10=0,0,0,0,0,0,0,0,0,0,0,0,0,0,0,0,6,0,0,40,71,0,2,79,0,44,87,0,67,74,76,97,0,100,100,0,0,0,0,0
l33,10=0,0,0,0,0,0,0,0,0,0,0,0,68,0,80,0,0,56,0,0,0,24,0,95,86,94,82,0,91,35,72,97,94,0,95,0,0,0,0,0
l34,10=0,0,0,0,0,0,0,0,0,0,0,0,0,0,0,0,63,0,0,0,47,0,0,34,36,81,81,68,69,79,78,98,100,95,0,0,0,0,0,0
l35,10=0,0,0,0,0,0,0,0,0,0,0,6,6,0,0,0,0,0,0,10,53,49,50,0,0,0,0,0,0,0,0,0,0,0,0,0,79,36,43,47
l36,10=0,0,0,0,0,0,0,0,0,0,0,10,0,0,8,0,30,30,0,0,69,48,52,0,0,0,0,0,0,0,0,0,0,0,0,74,0,47,55,56
l37,10=0,0,0,0,0,0,0,0,0,0,0,0,0,0,0,0,33,0,0,4,55,39,52,0,0,0,0,0,0,0,0,0,0,0,0,68,41,0,40,49
l38,10=0,0,0,0,0,0,0,0,0,0,0,21,34,14,7,28,54,42,0,0,61,61,59,0,0,9,0,0,0,0,0,0,0,0,0,59,43,29,0,57
l39,10=0,0,0,0,0,0,0,0,0,0,0,0,0,0,0,0,44,32,0,32,61,55,53,0,0,0,0,0,0,0,0,0,0,0,0,53,44,34,52,0

l0,11=0,85,83,91,86,83,23,36,34,49,0,0,0,0,0,0,0,0,0,0,0,0,0,0,0,0,0,0,0,0,0,0,0,0,0,0,0,0,0,0
l1,11=85,0,81,82,73,85,76,64,49,7,58,30,0,0,0,0,0,0,0,0,0,0,0,0,0,0,0,0,0,0,0,0,0,0,0,0,0,0,0,0
l2,11=84,78,0,83,69,87,62,57,48,45,0,0,0,0,0,0,0,0,0,0,0,0,0,0,0,0,0,0,0,0,0,0,0,0,0,0,0,0,0,0
l3,11=92,84,81,0,89,78,56,23,0,32,47,0,0,0,0,0,0,0,0,0,0,0,0,0,0,0,0,0,0,0,0,0,0,0,0,0,0,0,0,0
l4,11=77,70,56,88,0,60,60,46,0,43,57,0,0,0,1,0,0,0,0,0,0,0,0,27,0,0,0,0,0,0,0,0,0,0,0,0,0,0,0,0
l5,11=73,77,82,77,69,0,70,71,43,71,8,0,0,1,0,0,0,0,0,0,0,0,0,0,0,0,0,0,0,0,0,0,0,0,0,0,0,0,0,0
l6,11=1,66,50,66,69,73,0,68,51,68,40,14,0,45,0,22,3,0,0,0,0,0,0,0,0,0,0,0,0,0,0,0,0,0,0,0,0,0,0,0
l7,11=45,66,46,51,58,75,73,0,61,78,78,47,49,70,0,28,0,0,0,0,0,0,0,0,0,0,0,0,0,0,0,0,0,0,0,0,0,0,0,0
l8,11=36,36,35,0,0,26,31,47,0,90,34,51,48,84,24,64,0,33,0,21,0,0,0,44,16,0,0,0,0,0,0,0,0,0,0,0,0,0,0,0
l9,11=26,8,4,51,40,36,41,69,63,0,74,35,42,70,0,34,0,2,0,0,0,28,0,0,26,0,0,0,0,0,0,0,0,0,0,0,0,0,0,0
l10,11=0,26,9,54,57,4,53,77,52,89,0,34,0,60,0,46,0,1,0,0,0,0,0,0,0,0,0,0,0,0,0,0,0,0,0,0,0,0,0,0
l11,11=0,12,0,0,0,1,14,30,58,58,20,0,61,71,61,84,16,43,0,0,14,16,20,59,52,40,0,0,0,0,0,0,0,0,0,22,0,0,34,0
l12,11=0,0,0,0,0,0,0,4,55,55,0,46,0,65,84,43,38,51,0,0,28,31,23,63,94,89,0,0,0,0,0,0,0,0,0,0,0,0,36,0
l13,11=0,0,0,0,0,2,15,48,64,69,19,68,46,0,49,69,12,21,0,0,22,18,0,49,40,27,0,0,0,0,0,0,0,0,0,0,0,0,20,0
l14,11=0,0,0,0,11,0,0,0,0,0,0,27,87,51,0,15,45,41,0,0,1,23,0,67,0,67,0,0,0,0,0,0,0,43,11,31,40,0,25,0
l15,11=0,0,0,0,0,0,17,6,60,58,19,88,68,90,44,0,36,46,0,26,33,24,7,0,0,31,0,0,0,0,0,0,0,0,0,0,35,0,29,0
l16,11=0,0,0,0,0,0,3,0,0,10,0,21,55,53,74,29,0,30,0,11,40,40,23,47,81,2,0,0,0,0,0,0,26,2,38,13,45,47,46,20
l17,11=0,0,0,0,0,0,0,0,49,32,2,29,67,64,72,31,21,0,0,0,31,36,26,54,47,0,0,0,0,0,0,0,0,0,0,0,47,0,25,10
l18,11=0,0,0,0,0,0,0,0,0,0,0,0,0,0,0,0,15,0,0,74,63,68,14,0,0,0,0,0,0,0,0,0,0,0,0,0,0,0,0,0
l19,11=0,0,0,0,0,0,0,0,31,0,0,0,0,0,0,20,10,0,31,0,67,70,64,0,0,0,41,0,0,0,0,0,0,0,0,26,0,34,12,32
l20,11=0,0,0,0,0,0,0,0,0,0,0,0,35,43,0,17,20,20,26,81,0,89,78,0,0,0,6,0,0,0,0,0,28,0,0,57,68,47,25,37
l21,11=0,0,0,0,0,0,0,0,0,40,0,11,39,42,31,16,70,20,27,75,81,0,76,0,22,0,1,0,0,0,0,0,0,0,0,8,42,47,72,28
l22,11=0,0,0,0,0,0,0,0,0,0,0,14,35,0,0,1,12,17,0,67,81,85,0,0,0,0,32,0,0,0,0,43,0,0,0,57,61,36,73,34
l23,11=0,0,0,0,25,0,0,0,31,3,0,23,78,40,64,0,14,21,0,0,0,0,0,0,98,98,0,0,0,0,0,4,55,50,0,0,0,0,0,0
l24,11=0,0,0,0,0,0,0,0,2,32,0,24,89,58,0,0,85,20,0,0,0,1,0,89,0,77,0,0,0,0,0,0,0,18,0,0,0,0,0,0
l25,11=0,0,0,0,0,0,0,0,0,3,0,29,89,17,88,25,0,0,0,0,0,0,0,91,95,0,0,0,0,0,0,40,35,88,0,0,0,0,0,0
l26,11=0,0,0,0,0,0,0,0,0,0,0,0,0,0,0,0,0,0,0,32,18,0,27,0,0,0,0,79,89,89,92,85,83,47,75,0,0,0,0,0
l27,11=0,0,0,0,0,0,0,0,0,0,0,0,0,0,0,0,0,0,0,0,0,0,0,0,0,0,81,0,88,95,94,75,2,0,36,0,0,0,0,0
l28,11=0,0,0,0,0,0,0,0,0,0,0,0,0,0,0,0,0,0,0,0,19,0,0,0,0,0,86,94,0,95,94,51,33,0,25,0,0,0,0,0
l29,11=0,0,0,0,0,0,0,0,0,0,0,0,0,0,0,0,0,0,0,0,0,0,14,0,0,0,84,94,89,0,94,86,33,34,34,0,0,0,0,0
l30,11=0,0,0,0,0,0,0,0,0,0,0,0,0,0,0,0,0,0,0,0,0,0,0,0,0,0,83,94,89,95,0,91,47,67,46,0,0,0,0,0
l31,11=0,0,0,0,0,0,0,0,0,0,0,0,0,0,0,0,0,0,0,1,0,0,53,19,0,66,86,73,82,91,88,0,90,100,100,0,0,0,0,0
l32,11=0,0,0,0,0,0,0,0,0,0,0,0,0,0,0,0,6,0,0,0,16,0,0,30,0,28,84,0,24,30,52,90,0,100,100,0,0,0,0,0
l33,11=0,0,0,0,0,0,0,0,0,0,0,0,0,0,79,0,1,0,0,0,3,0,0,79,12,94,74,0,0,82,88,98,94,0,98,0,0,0,0,0
l34,11=0,0,0,0,0,0,0,0,0,0,0,0,0,0,25,0,23,0,0,0,0,0,0,2,0,6,78,35,10,49,73,98,94,97,0,0,0,0,0,0
l35,11=0,0,0,0,0,0,0,0,0,0,0,7,0,0,19,0,0,0,0,12,25,6,26,0,0,0,0,0,0,0,0,0,0,0,0,0,78,55,37,32
l36,11=0,0,0,0,0,0,0,0,0,0,0,0,0,0,38,12,18,13,0,0,39,29,38,0,0,0,0,0,0,0,0,0,0,0,0,78,0,70,49,46
l37,11=0,0,0,0,0,0,0,0,0,0,0,0,0,0,0,0,17,0,0,1,25,25,14,0,0,0,0,0,0,0,0,0,0,0,0,44,69,0,33,32
l38,11=0,0,0,0,0,0,0,0,0,0,0,19,44,24,30,15,17,8,0,6,19,35,33,0,0,0,0,0,0,0,0,0,0,0,0,53,67,46,0,42
l39,11=0,0,0,0,0,0,0,0,0,0,0,0,0,0,0,0,16,0,0,34,32,28,30,0,0,0,0,0,0,0,0,0,0,0,0,56,72,57,81,0

l0,12=0,91,85,84,87,86,22,49,28,24,28,0,0,0,0,0,0,0,0,0,0,0,0,0,0,0,0,0,0,0,0,0,0,0,0,0,0,0,0,0
l1,12=83,0,78,76,74,79,83,71,1,0,49,45,0,0,0,0,0,0,0,0,0,0,0,0,0,0,0,0,0,0,0,0,0,0,0,0,0,0,0,0
l2,12=82,87,0,75,83,85,84,45,39,57,54,0,0,0,0,0,0,0,0,0,0,0,0,0,0,0,0,0,0,0,0,0,0,0,0,0,0,0,0,0
l3,12=86,89,78,0,92,81,0,33,13,2,28,0,0,0,0,0,0,0,0,0,0,0,0,0,0,0,0,0,0,0,0,0,0,0,0,0,0,0,0,0
l4,12=82,70,73,83,0,63,56,54,34,17,27,0,0,0,34,0,0,0,0,0,0,0,0,34,0,0,0,0,0,0,0,0,0,0,0,0,0,0,0,0
l5,12=79,74,85,74,72,0,72,73,59,71,47,0,0,33,0,0,0,0,0,0,0,0,0,1,0,0,0,0,0,0,0,0,0,0,0,0,0,0,0,0
l6,12=0,82,75,0,60,67,0,75,50,37,64,53,0,45,0,49,0,0,0,0,0,0,0,0,0,0,0,0,0,0,0,0,0,0,0,0,0,0,0,0
l7,12=66,75,28,42,72,72,73,0,65,75,83,25,31,68,0,1,0,0,0,0,0,0,0,0,0,0,0,0,0,0,0,0,0,0,0,0,0,0,0,0
l8,12=31,0,3,22,30,42,49,50,0,84,64,41,40,83,0,46,14,32,0,28,0,23,0,27,31,0,0,0,0,0,0,0,0,0,0,0,0,0,0,0
l9,12=43,0,34,5,24,65,45,73,66,0,77,35,40,68,1,29,18,23,0,0,21,29,0,0,7,0,0,0,0,0,0,0,0,0,0,0,0,0,0,0
l10,12=41,52,35,47,39,40,57,79,57,84,0,42,1,57,0,44,0,0,0,0,0,0,0,1,0,0,0,0,0,0,0,0,0,0,0,0,0,0,0,0
l11,12=0,36,0,0,0,0,56,19,55,61,38,0,56,73,66,87,36,53,0,0,10,13,18,20,0,21,0,0,0,0,0,0,0,0,0,0,5,0,19,0
l12,12=0,0,0,0,0,0,0,0,44,48,0,69,0,52,83,68,62,83,0,0,27,28,23,41,89,91,0,0,0,0,0,0,0,5,0,0,0,0,11,0
l13,12=0,0,0,0,0,24,42,56,66,67,41,71,52,0,58,70,37,48,0,0,25,21,0,50,44,30,0,0,0,0,0,0,0,0,0,0,0,0,0,0
l14,12=0,0,0,0,29,0,0,0,0,12,0,43,89,52,0,37,81,52,0,0,0,29,0,61,91,47,0,0,0,0,0,0,0,40,5,2,6,0,6,0
l15,12=0,0,0,0,0,0,49,0,53,56,33,91,65,85,61,0,37,51,0,30,28,24,0,33,56,40,0,0,0,0,0,0,0,0,0,0,0,0,9,0
l16,12=0,0,0,0,0,0,0,0,10,34,0,33,52,45,76,41,0,56,32,34,35,32,6,7,77,23,0,0,0,0,0,0,0,0,0,0,9,17,17,37
l17,12=0,0,0,0,0,0,0,0,38,40,0,57,73,55,62,51,50,0,0,34,38,36,18,41,46,0,0,0,0,0,0,0,0,1,0,0,11,0,8,0
l18,12=0,0,0,0,0,0,0,0,0,0,0,0,0,0,0,0,62,0,0,58,70,54,0,0,0,0,0,0,0,0,0,0,0,0,0,0,0,0,0,0
l19,12=0,0,0,0,0,0,0,0,36,0,0,0,0,0,0,26,33,39,41,0,77,80,77,0,0,0,26,0,0,0,0,30,1,0,0,0,0,26,19,64
l20,12=0,0,0,0,0,0,0,0,0,37,0,19,34,32,0,23,39,46,37,84,0,89,85,0,0,0,24,0,0,0,0,0,0,0,0,3,44,31,48,52
l21,12=0,0,0,0,0,0,0,0,32,41,0,34,31,33,39,35,66,66,29,82,85,0,85,0,37,0,6,0,0,0,0,0,0,0,0,2,12,24,73,43
l22,12=0,0,0,0,0,0,0,0,0,0,0,28,28,0,0,3,24,33,0,74,85,89,0,0,0,0,23,0,0,0,0,0,0,0,0,8,55,11,65,76
l23,12=0,0,0,0,43,0,0,0,3,0,0,7,53,67,90,35,0,43,0,0,0,0,0,0,91,96,0,0,0,0,0,0,8,44,0,0,0,0,0,0
l24,12=0,0,0,0,0,0,0,0,20,36,0,0,88,46,94,60,84,54,0,0,0,42,0,96,0,85,0,0,0,0,0,0,19,0,0,0,5,0,4,0
l25,12=0,0,0,0,0,0,0,0,0,0,0,9,89,27,59,43,37,0,0,0,0,0,0,98,87,0,0,0,0,0,0,41,26,48,27,0,0,0,0,0
l26,12=0,0,0,0,0,0,0,0,0,0,0,0,0,0,0,0,0,0,0,12,22,8,26,0,0,0,0,77,89,86,97,87,82,58,78,0,0,0,0,0
l27,12=0,0,0,0,0,0,0,0,0,0,0,0,0,0,0,0,0,0,0,0,0,0,0,0,0,0,86,0,86,97,99,84,0,17,24,0,0,0,0,0
l28,12=0,0,0,0,0,0,0,0,0,0,0,0,0,0,0,0,0,0,0,1,2,0,0,0,0,0,95,95,0,97,99,81,73,71,73,0,0,0,0,0
l29,12=0,0,0,0,0,0,0,0,0,0,0,0,0,0,0,0,0,0,0,0,0,0,0,0,0,0,92,95,89,0,99,84,83,68,78,0,0,0,0,0
l30,12=0,0,0,0,0,0,0,0,0,0,0,0,0,0,0,0,0,0,0,0,0,0,0,0,0,0,95,95,89,97,0,88,82,50,38,0,0,0,0,0
l31,12=0,0,0,0,0,0,0,0,0,0,0,0,0,0,0,0,0,0,0,52,49,0,0,13,8,71,95,82,84,91,98,0,96,99,100,0,0,0,0,0
l32,12=0,0,0,0,0,0,0,0,0,0,0,0,0,0,0,0,0,0,0,15,0,0,0,24,42,20,91,0,84,89,92,89,0,99,100,0,0,0,0,0
l33,12=0,0,0,0,0,0,0,0,0,0,0,0,33,0,77,0,0,0,0,0,0,0,0,54,11,70,79,27,59,62,72,89,92,0,98,0,0,0,0,0
l34,12=0,0,0,0,0,0,0,0,0,0,0,0,0,0,24,0,2,0,0,0,0,0,0,0,14,82,89,18,79,89,76,89,96,94,0,0,0,0,0,0
l35,12=0,0,0,0,0,0,0,0,0,0,0,0,0,0,27,0,4,0,0,0,37,5,33,0,0,0,0,0,0,0,0,0,0,0,0,0,82,53,56,52
l36,12=0,0,0,0,0,0,0,0,0,0,0,1,0,0,29,0,33,20,0,0,54,25,46,0,9,0,0,0,0,0,0,0,0,0,0,53,0,67,65,72
l37,12=0,0,0,0,0,0,0,0,0,0,0,0,0,0,0,0,28,0,0,25,24,8,0,0,0,0,0,0,0,0,0,0,0,0,0,41,80,0,11,60
l38,12=0,0,0,0,0,0,0,0,0,0,0,18,40,0,20,5,37,12,0,31,36,42,38,0,19,0,0,0,0,0,0,0,0,0,0,5,50,20,0,65
l39,12=0,0,0,0,0,0,0,0,0,0,0,0,0,0,0,0,28,0,0,55,41,30,42,0,0,0,0,0,0,0,0,0,0,0,0,4,29,49,42,0

l0,13=0,91,90,92,89,92,74,71,43,55,49,0,0,0,0,0,0,0,0,0,0,0,0,0,0,0,0,0,0,0,0,0,0,0,0,0,0,0,0,0
l1,13=92,0,90,92,89,72,82,64,26,50,46,0,5,0,0,0,0,0,0,0,0,0,0,0,0,0,0,0,0,0,0,0,0,0,0,0,0,0,0,0
l2,13=92,87,0,92,89,92,87,42,0,56,49,0,0,36,0,0,0,0,0,0,0,0,0,0,0,0,0,0,0,0,0,0,0,0,0,0,0,0,0,0
l3,13=93,95,91,0,90,93,67,44,15,8,46,0,0,0,0,0,0,0,0,0,0,0,0,0,0,0,0,0,0,0,0,0,0,0,0,0,0,0,0,0
l4,13=92,91,90,92,0,91,70,62,33,21,42,0,0,0,0,0,0,0,0,0,0,0,0,19,0,0,0,0,0,0,0,0,0,0,0,0,0,0,0,0
l5,13=92,78,90,72,82,0,75,46,35,63,48,0,0,53,0,0,0,0,0,0,0,0,0,0,0,0,0,0,0,0,0,0,0,0,0,0,0,0,0,0
l6,13=30,80,73,62,67,68,0,0,48,55,18,40,0,10,0,48,0,0,0,0,0,0,0,0,0,0,0,0,0,0,0,0,0,0,0,0,0,0,0,0
l7,13=65,78,62,61,66,60,0,0,60,80,82,38,7,54,0,0,0,0,0,0,0,0,0,0,0,0,0,0,0,0,0,0,0,0,0,0,0,0,0,0
l8,13=27,0,0,46,49,58,51,46,0,82,49,49,20,59,58,18,20,2,0,41,0,10,2,15,55,0,0,0,0,0,0,0,0,0,0,0,0,0,0,0
l9,13=36,26,52,28,16,64,56,61,83,0,83,56,20,61,36,68,29,8,0,0,24,25,0,0,0,0,0,0,0,0,0,0,0,0,0,0,0,0,0,0
l10,13=39,50,52,51,60,61,23,68,56,82,0,48,0,54,0,49,0,0,0,0,0,0,0,0,0,0,0,0,0,0,0,0,0,0,0,0,0,0,0,0
l11,13=0,0,0,0,0,0,51,1,9,13,37,0,70,90,65,90,38,72,0,0,26,10,10,41,0,0,0,0,0,0,0,0,0,0,0,0,0,0,49,0
l12,13=0,0,0,0,0,0,0,0,0,11,0,81,0,0,98,89,41,73,0,0,37,1,14,53,97,93,0,0,0,0,0,0,0,39,0,0,8,0,49,0
l13,13=0,0,2,0,0,51,27,34,38,79,51,90,13,0,60,90,25,28,0,0,28,18,0,61,61,0,0,0,0,0,0,0,0,0,0,0,0,0,49,0
l14,13=0,0,0,0,0,0,0,0,19,14,0,75,98,58,0,61,70,31,0,0,0,11,0,90,99,68,0,0,0,0,0,0,0,39,0,0,0,0,0,0
l15,13=0,0,0,0,0,0,23,0,2,16,38,90,78,91,59,0,47,48,0,23,27,8,0,41,66,19,0,0,0,0,0,0,0,0,0,0,24,0,46,0
l16,13=0,0,0,0,0,0,0,0,2,10,0,58,37,20,89,63,0,35,14,25,23,7,10,3,67,10,0,0,0,0,0,0,0,5,11,23,25,1,58,11
l17,13=0,0,0,0,0,0,0,0,6,11,0,89,97,76,67,67,52,0,0,29,53,22,8,34,76,1,0,0,0,0,0,0,0,24,0,0,30,0,45,0
l18,13=0,0,0,0,0,0,0,0,0,0,0,0,0,0,0,0,58,0,0,54,73,21,20,0,0,0,0,0,0,0,0,0,0,0,0,0,0,0,0,0
l19,13=0,0,0,0,0,0,0,0,12,0,0,0,0,0,0,33,31,13,23,0,88,51,62,0,0,0,0,0,0,25,0,0,0,0,0,0,8,30,52,47
l20,13=0,0,0,0,0,0,0,0,0,6,0,49,33,17,0,32,19,23,19,95,0,97,91,0,0,0,11,0,0,0,0,7,0,0,0,46,51,27,76,15
l21,13=0,0,0,0,0,0,0,0,5,23,0,68,18,26,25,31,46,49,6,59,95,0,90,0,35,0,10,0,0,0,0,0,0,4,0,31,25,0,83,31
l22,13=0,0,0,0,0,0,0,0,0,0,0,45,26,0,0,0,27,6,0,50,96,83,0,0,0,0,9,0,0,0,0,0,0,0,0,50,52,0,68,45
l23,13=0,0,0,0,1,0,0,0,0,0,0,72,52,57,99,64,0,5,0,0,0,0,0,0,65,100,0,0,0,0,0,0,0,4,0,0,0,0,0,0
l24,13=0,0,0,0,0,0,0,0,17,0,0,0,98,49,100,57,72,29,0,0,3,18,0,61,0,97,0,0,0,0,0,0,30,0,0,0,30,0,0,0
l25,13=0,0,0,0,0,0,0,0,0,0,0,0,98,1,98,57,26,0,0,0,0,0,0,100,97,0,0,0,0,8,0,26,30,67,80,0,0,0,0,0
l26,13=0,0,0,0,0,0,0,0,0,0,0,0,0,0,0,0,0,0,0,0,55,13,46,0,0,0,0,94,96,93,100,99,88,76,0,0,0,0,0,0
l27,13=0,0,0,0,0,0,0,0,0,0,0,0,0,0,0,0,0,0,0,0,0,0,0,0,0,0,96,0,96,100,100,94,86,89,54,0,0,0,0,0
l28,13=0,0,0,0,0,0,0,0,0,0,0,0,0,0,0,0,0,0,0,0,0,0,0,0,0,0,98,99,0,100,100,98,51,57,89,0,0,0,0,0
l29,13=0,0,0,0,0,0,0,0,0,0,0,0,0,0,0,0,0,0,0,71,0,0,0,0,0,0,92,99,96,0,100,96,91,88,91,0,0,0,0,0
l30,13=0,0,0,0,0,0,0,0,0,0,0,0,0,0,0,0,0,0,0,0,0,0,0,0,0,0,97,99,96,100,0,100,89,90,5,0,0,0,0,0
l31,13=0,0,0,0,0,0,0,0,0,0,0,0,0,0,0,0,0,0,0,24,54,0,0,0,0,72,98,98,95,98,100,0,99,100,99,0,0,0,0,0
l32,13=0,0,0,0,0,0,0,0,0,0,0,0,0,0,38,0,0,0,0,6,0,0,0,0,86,75,93,47,84,97,89,100,0,100,99,0,0,0,0,0
l33,13=0,0,0,0,0,0,0,0,0,0,0,0,96,0,61,0,0,20,0,0,0,0,0,17,0,97,96,39,94,92,96,99,96,0,99,0,0,0,0,0
l34,13=0,0,0,0,0,0,0,0,0,0,0,0,35,0,55,0,40,0,0,0,27,0,0,31,0,97,0,30,95,98,74,99,99,100,0,0,0,0,0,0
l35,13=0,0,0,0,0,0,0,0,0,0,0,0,0,0,0,0,14,0,0,0,30,6,13,0,0,0,0,0,0,0,0,0,0,0,0,0,82,46,64,16
l36,13=0,0,0,0,0,0,0,0,0,0,0,0,10,0,0,27,19,3,0,5,44,2,20,0,26,0,0,0,0,0,0,0,0,0,0,87,0,45,70,16
l37,13=0,0,0,0,0,0,0,0,0,0,0,0,0,0,0,0,0,0,0,21,30,0,0,0,0,0,0,0,0,0,0,0,0,0,0,54,36,0,57,12
l38,13=0,0,0,0,0,0,0,0,0,0,0,31,23,19,0,24,22,0,0,26,48,12,14,0,0,0,0,0,0,0,0,0,0,0,0,48,52,27,0,13
l39,13=0,0,0,0,0,0,0,0,0,0,0,0,0,0,0,0,19,0,0,36,31,9,20,0,0,0,0,0,0,0,0,0,0,0,0,49,46,27,61,0

l0,14=0,100,100,100,82,62,52,76,84,100,87,0,0,0,0,0,0,0,0,0,0,0,0,0,0,0,0,0,0,0,0,0,0,0,0,0,0,0,0,0
l1,14=100,0,100,100,82,62,21,1,0,0,90,0,0,47,0,0,0,0,0,0,0,0,0,0,0,0,0,0,0,0,0,0,0,0,0,0,0,0,0,0
l2,14=100,100,0,100,82,63,59,78,85,100,100,0,0,78,0,0,0,0,0,0,0,0,0,0,0,0,0,0,0,0,0,0,0,0,0,0,0,0,0,0
l3,14=100,100,100,0,7,62,59,64,0,98,98,0,0,0,0,0,0,0,0,0,0,0,0,0,0,0,0,0,0,0,0,0,0,0,0,0,0,0,0,0
l4,14=100,100,100,50,0,63,59,8,16,55,100,0,0,5,0,1,0,0,0,0,0,0,0,0,0,0,0,0,0,0,0,0,0,0,0,0,0,0,0,0
l5,14=100,100,100,100,88,0,59,77,85,100,100,0,0,71,0,54,0,0,0,0,0,0,0,0,0,0,0,0,0,0,0,0,0,0,0,0,0,0,0,0
l6,14=92,93,100,94,79,62,0,70,79,93,98,99,0,91,0,86,0,0,0,0,0,0,73,0,0,0,0,0,0,0,0,0,0,0,0,0,0,0,0,0
l7,14=68,50,100,60,46,62,58,0,88,100,100,0,0,63,0,35,94,0,0,0,0,0,0,0,0,0,0,0,0,0,0,0,0,0,0,0,0,0,0,0
l8,14=40,0,48,0,3,22,10,45,0,100,100,54,56,36,25,28,6,0,0,9,28,35,20,0,57,0,0,0,0,0,0,0,0,0,0,0,0,0,0,0
l9,14=57,0,53,39,40,65,11,98,99,0,100,58,0,100,45,70,53,33,0,0,48,53,0,43,2,0,0,0,0,0,0,0,0,0,0,0,0,0,0,0
l10,14=66,85,92,84,82,62,58,79,88,100,0,98,86,98,44,68,0,0,0,0,12,0,0,0,0,0,0,0,0,0,0,0,0,0,0,0,0,0,0,0
l11,14=0,0,0,0,0,0,96,0,56,99,51,0,97,99,98,99,96,99,0,0,57,35,32,31,0,1,0,0,0,0,0,0,0,0,0,0,39,0,33,0
l12,14=0,0,0,0,0,0,0,0,56,0,16,98,0,67,99,68,0,99,0,7,95,0,23,71,99,99,0,0,0,0,0,0,0,27,0,0,0,0,0,0
l13,14=0,31,77,0,40,49,58,76,89,100,99,100,97,0,56,99,29,99,0,20,0,38,0,32,99,81,0,0,0,0,0,0,0,0,0,0,0,0,16,0
l14,14=0,0,0,0,0,0,0,0,55,59,26,97,100,39,0,21,97,50,0,0,22,0,0,73,100,47,0,0,0,0,0,0,0,23,0,0,0,0,28,0
l15,14=0,0,0,0,0,17,20,0,98,99,50,100,97,99,30,0,97,99,0,33,57,34,0,71,99,48,0,0,0,0,0,0,0,0,0,0,0,0,32,0
l16,14=0,0,0,0,0,0,0,46,13,87,0,95,0,13,52,61,0,91,13,39,48,30,58,0,98,42,0,0,0,0,0,0,0,13,13,74,81,12,50,39
l17,14=0,0,0,0,0,0,0,0,0,62,0,98,97,67,58,97,97,0,0,47,97,92,31,71,99,54,0,0,0,0,0,0,0,0,0,52,40,0,64,0
l18,14=0,0,0,0,0,0,0,0,0,0,0,0,0,0,0,0,53,0,0,75,56,8,77,0,0,0,0,0,0,0,0,0,0,0,0,0,0,0,0,0
l19,14=0,0,0,0,0,0,0,0,2,0,0,0,76,24,0,22,51,86,82,0,88,58,84,0,0,0,0,0,0,69,0,0,0,0,0,83,79,37,58,87
l20,14=0,0,0,0,0,0,0,0,7,91,0,87,90,0,11,20,23,90,79,85,0,60,94,0,0,0,0,0,0,0,0,0,0,0,63,88,84,53,98,88
l21,14=0,0,0,0,0,0,0,0,91,90,14,86,19,63,1,20,23,87,2,85,98,0,94,0,93,0,0,0,0,0,0,0,0,0,0,85,92,55,89,92
l22,14=0,0,0,0,0,0,52,0,22,3,0,87,87,0,0,0,58,85,74,82,98,74,0,0,0,0,0,0,0,0,0,0,0,0,0,86,95,0,81,92
l23,14=0,0,0,0,0,0,0,0,0,61,0,73,95,36,100,65,0,96,0,0,0,0,0,0,52,100,0,0,0,0,0,0,29,50,42,0,0,0,0,0
l24,14=0,0,0,0,0,0,0,0,56,3,0,0,100,39,100,67,99,100,0,0,3,52,0,29,0,100,0,0,0,0,0,0,0,0,0,0,29,0,0,0
l25,14=0,0,0,0,0,0,0,0,0,0,0,45,100,49,56,65,50,84,0,0,0,0,0,100,100,0,0,0,10,0,0,0,27,55,98,0,0,0,0,0
l26,14=0,0,0,0,0,0,0,0,0,0,0,0,0,0,0,0,0,0,0,0,9,0,0,0,0,0,0,90,99,98,99,99,97,98,96,0,0,0,0,0
l27,14=0,0,0,0,0,0,0,0,0,0,0,0,0,0,0,0,0,0,0,0,0,0,0,0,0,0,96,0,99,100,100,100,98,99,2,0,0,0,0,0
l28,14=0,0,0,0,0,0,0,0,0,0,0,0,0,0,0,0,0,0,0,0,0,0,0,0,0,50,100,100,0,100,100,99,90,97,96,0,0,0,0,0
l29,14=0,0,0,0,0,0,0,0,0,0,0,0,0,0,0,0,0,0,0,75,0,0,0,0,0,0,96,100,99,0,100,100,100,0,97,0,0,0,0,0
l30,14=0,0,0,0,0,0,0,0,0,0,0,0,0,0,0,0,0,0,0,0,0,0,0,0,0,0,97,100,99,100,0,99,95,98,0,0,0,0,0,0
l31,14=0,0,0,0,0,0,0,0,0,0,0,0,0,0,0,0,0,0,0,0,0,0,0,0,0,0,100,87,96,98,96,0,100,100,98,0,0,0,0,0
l32,14=0,0,0,0,0,0,0,0,0,0,0,0,0,0,43,0,0,0,0,0,0,0,0,84,0,95,100,88,85,97,95,100,0,100,100,0,0,0,0,0
l33,14=0,0,0,0,0,0,0,0,0,0,0,0,89,0,89,0,90,0,0,0,0,0,0,89,0,99,96,80,93,0,98,98,97,0,100,0,0,0,0,0
l34,14=0,0,0,0,0,0,0,0,0,0,0,0,86,0,0,0,56,0,0,0,54,0,6,89,0,100,99,1,95,96,0,100,100,100,0,0,0,0,0,0
l35,14=0,0,0,0,0,0,0,0,0,0,0,0,26,0,0,0,9,4,0,29,39,18,19,0,0,0,0,0,0,0,0,0,0,0,0,0,97,94,63,86
l36,14=0,0,0,0,0,0,0,0,0,0,0,72,0,0,0,0,56,13,0,66,55,39,54,0,27,0,0,0,0,0,0,0,0,0,0,97,0,47,64,85
l37,14=0,0,0,0,0,0,0,0,0,0,0,0,0,0,0,0,19,0,0,1,19,4,0,0,0,0,0,0,0,0,0,0,0,0,0,94,78,0,57,86
l38,14=0,0,0,0,0,0,0,0,0,0,0,84,0,0,14,8,23,55,0,61,61,25,40,0,0,0,0,0,0,0,0,0,0,0,0,96,86,44,0,89
l39,14=0,0,0,0,0,0,0,0,0,0,0,0,0,0,0,0,23,0,0,63,24,24,21,0,0,0,0,0,0,0,0,0,0,0,0,85,78,55,58,0

l0,15=0,98,97,100,100,100,98,72,79,94,0,0,0,0,0,0,0,0,0,0,0,0,0,0,0,0,0,0,0,0,0,0,0,0,0,0,0,0,0,0
l1,15=100,0,97,97,100,100,98,86,94,91,94,0,0,89,0,0,0,0,0,0,0,0,0,0,6,0,0,0,0,0,0,0,0,0,0,0,0,0,0,0
l2,15=96,98,0,95,98,100,98,94,91,94,0,60,0,98,0,0,0,0,0,0,0,0,0,0,0,0,0,0,0,0,0,0,0,0,0,0,0,0,0,0
l3,15=100,100,95,0,100,97,0,76,0,0,0,0,0,0,0,0,0,0,0,0,0,0,0,0,0,0,0,0,0,0,0,0,0,0,0,0,0,0,0,0
l4,15=100,100,99,100,0,100,0,80,0,61,94,0,0,0,0,3,0,0,0,0,0,0,0,0,0,0,0,0,0,0,0,0,0,0,0,0,0,0,0,0
l5,15=98,98,97,95,100,0,87,86,94,94,95,0,0,97,0,85,0,0,0,0,0,0,0,0,0,0,0,0,0,0,0,0,0,0,0,0,0,0,0,0
l6,15=98,98,97,0,19,94,0,94,94,96,95,97,92,95,0,92,0,0,0,0,0,0,47,0,0,0,0,0,0,0,0,0,0,0,0,0,0,0,0,0
l7,15=80,61,94,94,94,91,87,0,95,96,99,0,0,92,12,0,80,0,0,0,0,0,0,0,0,0,0,0,0,0,0,0,0,0,0,0,0,0,0,0
l8,15=77,54,13,0,49,90,72,86,0,100,95,95,94,97,93,86,0,0,0,28,1,76,88,0,85,0,0,0,0,0,0,0,0,0,0,0,0,0,0,0
l9,15=98,41,61,0,30,93,89,88,99,0,99,96,0,98,48,87,80,36,0,0,95,79,3,29,0,0,0,0,0,0,0,0,0,0,0,0,0,0,0,0
l10,15=0,94,0,44,95,91,87,95,95,100,0,0,92,98,50,0,0,0,0,0,0,0,0,0,0,0,0,0,0,0,0,0,0,0,0,0,0,0,0,0
l11,15=0,0,0,0,7,0,89,0,72,63,0,0,97,98,95,97,84,96,0,6,57,83,96,97,90,81,0,0,0,0,0,0,0,0,0,0,97,0,53,0
l12,15=0,0,0,0,0,0,27,0,83,0,60,96,0,96,98,87,80,96,0,6,56,0,82,97,91,83,0,0,0,0,0,0,0,0,0,0,91,0,0,0
l13,15=0,55,58,0,46,88,82,55,72,98,60,97,97,0,97,87,81,96,0,6,25,67,12,94,86,79,0,0,0,0,0,0,0,0,0,0,0,0,31,0
l14,15=0,0,0,0,0,0,0,0,61,57,1,76,98,88,0,83,83,94,0,0,44,0,0,97,91,81,0,0,0,0,0,0,0,42,0,0,0,0,39,0
l15,15=0,0,0,0,13,79,74,0,72,63,0,99,98,97,99,0,92,96,0,0,55,83,0,97,94,79,0,0,0,0,0,0,0,0,0,35,0,0,53,0
l16,15=0,0,0,0,0,0,0,60,0,55,0,96,71,73,98,92,0,0,51,58,49,66,96,31,91,7,0,0,0,0,0,0,0,31,0,92,97,47,44,19
l17,15=0,0,0,0,0,0,0,0,0,59,0,97,98,93,100,96,0,0,0,60,57,82,96,94,100,67,0,0,0,0,0,0,0,40,36,0,92,51,53,0
l18,15=0,0,0,0,0,0,0,0,0,0,0,0,0,0,0,0,86,0,0,74,87,0,59,0,0,0,0,0,0,0,0,0,0,0,0,0,5,0,0,0
l19,15=0,0,0,0,0,0,0,0,10,0,0,0,49,0,0,0,78,73,15,0,93,88,81,0,0,0,55,0,0,44,0,4,0,0,0,62,81,0,39,58
l20,15=0,0,0,0,0,0,0,0,0,60,0,71,72,0,65,76,80,88,78,99,0,98,97,0,0,0,0,0,0,0,0,0,0,0,0,78,97,40,89,68
l21,15=0,0,0,0,0,0,0,0,54,59,0,87,0,61,0,77,89,92,0,97,98,0,97,0,49,0,0,0,0,0,0,0,0,0,37,18,85,56,89,91
l22,15=0,0,0,0,0,0,3,0,42,32,0,69,58,0,0,0,95,78,2,95,95,98,0,0,0,0,0,0,0,52,0,0,0,0,0,73,79,45,82,59
l23,15=0,0,0,0,0,0,0,0,0,59,0,93,93,91,98,84,14,84,0,0,0,0,0,0,91,84,0,0,0,0,0,0,57,79,0,0,0,0,0,0
l24,15=0,0,0,0,0,0,0,0,64,0,0,78,97,89,98,88,83,98,0,0,3,1,0,97,0,82,0,0,0,0,0,0,54,0,0,0,93,0,0,0
l25,15=0,0,0,0,0,0,0,0,0,0,0,90,99,77,95,81,4,79,0,0,0,0,0,98,84,0,54,0,37,0,0,79,53,40,72,0,0,0,0,0
l26,15=0,0,0,0,0,0,0,0,0,0,0,0,0,0,0,0,0,0,0,72,0,0,0,0,0,62,0,80,96,92,96,90,83,69,64,0,0,0,0,0
l27,15=0,0,0,0,0,0,0,0,0,0,0,0,0,0,0,0,0,0,0,0,0,0,0,0,0,0,88,0,96,98,98,78,86,88,68,0,0,0,0,0
l28,15=0,0,0,0,0,0,0,0,0,0,0,0,0,0,0,0,0,0,0,0,0,0,0,0,0,65,90,96,0,98,98,83,80,75,62,0,0,0,0,0
l29,15=0,0,0,0,0,0,0,0,0,0,0,0,0,0,0,0,0,0,0,68,0,0,65,0,0,0,88,96,96,0,98,88,87,86,68,0,0,0,0,0
l30,15=0,0,0,0,0,0,0,0,0,0,0,0,0,0,0,0,0,0,0,0,0,0,0,0,0,0,90,96,96,98,0,78,85,81,0,0,0,0,0,0
l31,15=0,0,0,0,0,0,0,0,0,0,0,0,0,0,0,0,0,0,0,0,0,0,0,0,0,67,90,76,90,95,89,0,98,95,85,0,0,0,0,0
l32,15=0,0,0,0,0,0,0,0,0,0,0,0,51,0,0,0,1,0,0,0,0,0,0,82,61,56,80,75,83,93,91,92,0,96,85,0,0,0,0,0
l33,15=0,0,0,0,0,0,0,0,0,0,0,0,51,0,88,0,64,73,0,0,0,0,0,91,3,58,55,55,89,85,84,97,96,0,84,0,0,0,0,0
l34,15=0,0,0,0,0,0,0,0,0,0,0,0,0,0,0,0,4,21,0,2,0,38,0,0,0,70,67,72,79,85,0,88,98,96,0,0,0,0,0,0
l35,15=0,0,0,0,0,0,0,0,0,0,0,0,9,0,0,42,72,0,0,29,39,1,65,0,0,0,0,0,0,0,0,0,0,0,0,0,100,97,50,63
l36,15=0,0,0,0,0,0,0,0,0,0,0,79,66,0,0,0,92,21,0,45,51,76,84,0,65,0,0,0,0,0,0,0,0,0,0,99,0,56,55,62
l37,15=0,0,0,0,0,0,0,0,0,0,0,0,0,0,0,0,68,0,0,0,33,61,57,0,0,0,0,0,0,0,0,0,0,0,0,98,94,0,48,64
l38,15=0,0,0,0,0,0,0,0,0,0,0,57,6,0,71,75,83,89,0,42,57,79,96,0,0,0,0,0,0,0,0,0,0,0,0,98,100,60,0,72
l39,15=0,0,0,0,0,0,0,0,0,0,0,0,0,0,0,0,14,0,0,42,53,76,67,0,0,0,0,0,0,0,0,0,0,0,0,97,97,97,52,0

