t=2016-04-12_19.02.32

n=40

q0=1
q1=1
q2=1
q3=1
q4=1
q5=1
q6=1
q7=1
q8=1
q9=1
q10=1
q11=1
q12=1
q13=1
q14=1
q15=1
q16=1
q17=1
q18=1
q19=1
q20=1
q21=1
q22=1
q23=1
q24=1
q25=1
q26=1
q27=1
q28=1
q29=1
q30=1
q31=1
q32=1
q33=1
q34=1
q35=1
q36=1
q37=1
q38=1
q39=1

a0=0x141592000c576ce6
a1=0x141592000c5aedbc
a2=0x141592000c5750f4
a3=0x141592000c576658
a4=0x141592000c575890
a5=0x141592000c574ffa
a6=0x141592000c5acf11
a7=0x141592000d9df361
a8=0x141592000c576300
a9=0x141592000c5779b6
a10=0x141592000c5762b9
a11=0x141592000c5af078
a12=0x141592000c575517
a13=0x141592000c5752c3
a14=0x141592000c5a4baa
a15=0x141592000c5776e7
a16=0x141592000c58cdeb
a17=0x141592000c5881fc
a18=0x141592000bd81d33
a19=0x141592000bd84d6a
a20=0x141592000c577233
a21=0x141592000c574527
a22=0x141592000c5746a3
a23=0x141592000c574da3
a24=0x141592000c5741c9
a25=0x141592000da244ea
a26=0x141592000c5ae886
a27=0x141592000c57510e
a28=0x141592000c5ab6c8
a29=0x141592000c574d05
a30=0x141592000edae61f
a31=0x141592000c57667e
a32=0x141592000c577f43
a33=0x141592000c576449
a34=0x1415920010f4117a
a35=0x141592000c575966
a36=0x141592000c574d35
a37=0x141592000c576fb1
a38=0x141592000c5aea5d
a39=0x141592000c59f23f

l0,0=0,92,88,97,92,87,91,81,16,89,88,0,0,0,0,0,0,0,0,0,0,0,0,0,0,0,0,0,0,0,0,0,0,0,0,0,0,0,0,0
l1,0=80,0,88,94,92,88,68,90,75,70,88,0,0,4,0,0,0,0,0,0,0,0,0,0,0,0,0,0,0,0,0,0,0,0,0,0,0,0,0,0
l2,0=74,93,0,75,92,88,95,84,36,74,88,0,0,65,0,0,0,0,0,0,0,0,0,0,0,0,0,0,0,0,0,0,0,0,0,0,0,0,0,0
l3,0=98,92,86,0,92,85,90,88,71,0,66,0,0,0,0,0,0,0,0,0,0,0,0,0,0,0,0,0,0,0,0,0,0,0,0,0,0,0,0,0
l4,0=90,92,88,93,0,87,79,70,63,59,73,0,0,58,0,0,0,0,0,0,0,0,0,0,0,0,0,0,0,0,0,0,0,0,0,0,0,0,0,0
l5,0=82,93,88,77,81,0,84,75,75,86,75,37,0,24,0,0,0,0,0,0,0,0,0,0,0,0,0,0,0,0,0,0,0,0,0,0,0,0,0,0
l6,0=73,59,92,75,73,72,0,79,72,63,66,51,0,71,0,32,60,0,0,0,0,0,0,0,0,0,0,0,0,0,0,0,0,0,0,0,0,0,0,0
l7,0=53,76,80,71,71,66,84,0,70,72,77,68,1,31,0,31,0,0,0,0,0,0,0,0,0,0,0,0,0,0,0,0,0,0,0,0,0,0,0,0
l8,0=0,64,0,34,66,60,74,63,0,89,34,74,63,89,63,47,79,43,0,0,0,63,0,8,38,0,0,0,0,0,0,0,0,0,0,0,0,0,35,0
l9,0=69,66,79,3,64,80,70,76,92,0,88,70,58,77,57,45,74,67,0,0,0,0,17,0,0,0,0,0,0,0,0,0,0,0,0,0,0,0,0,0
l10,0=74,77,80,65,71,70,76,77,67,94,0,70,53,75,12,46,0,0,0,0,0,0,0,0,0,0,0,0,0,0,0,0,0,0,0,0,0,0,0,0
l11,0=0,0,0,0,0,34,48,62,42,24,22,0,93,89,90,89,77,94,0,56,0,18,0,0,59,50,0,0,0,0,0,0,0,0,0,0,65,0,39,0
l12,0=0,0,0,0,0,0,0,0,37,19,14,85,0,81,86,89,46,100,0,0,64,29,0,79,95,77,0,0,0,0,0,0,0,20,0,4,40,0,45,0
l13,0=0,0,49,0,50,5,61,50,90,53,73,84,81,0,80,79,29,75,0,55,0,34,12,69,4,40,0,0,0,0,0,0,0,0,0,0,0,0,38,0
l14,0=0,0,0,0,0,0,0,0,37,20,2,84,86,84,0,83,82,49,0,0,66,0,19,50,83,82,0,0,0,0,0,0,0,20,0,0,26,0,28,0
l15,0=0,0,0,0,0,0,53,42,42,19,25,99,94,86,87,0,47,82,0,0,3,0,11,27,85,0,0,0,0,0,0,0,0,0,0,0,52,0,46,0
l16,0=0,0,0,0,0,0,40,0,40,15,0,79,57,21,85,69,0,55,0,63,58,37,20,15,74,0,0,0,0,0,0,0,0,16,0,43,51,3,49,32
l17,0=0,0,0,0,0,0,0,0,29,22,0,92,94,78,87,84,58,0,0,0,70,35,15,0,76,66,0,0,0,0,0,0,0,25,0,0,73,1,14,0
l18,0=0,0,0,0,0,0,0,0,0,0,0,0,0,0,0,0,0,0,0,0,67,1,65,0,0,0,0,0,0,0,0,0,0,0,0,0,0,0,0,0
l19,0=0,0,0,0,0,0,0,0,8,0,0,50,0,59,0,0,67,0,0,0,83,23,87,0,0,0,35,0,0,0,0,21,0,0,0,47,66,0,39,77
l20,0=0,0,0,0,0,0,0,0,0,0,0,0,51,0,48,0,44,30,77,91,0,91,86,0,0,0,0,0,0,0,0,0,0,0,16,58,84,51,97,88
l21,0=0,0,0,0,0,0,0,0,69,0,0,32,41,72,0,0,81,62,25,44,91,0,86,0,0,0,6,0,0,0,0,0,0,0,0,69,64,35,90,74
l22,0=0,0,0,0,0,0,0,0,23,9,0,0,1,57,47,46,73,28,48,91,91,91,0,0,1,0,13,0,0,0,0,17,3,0,0,66,89,38,53,56
l23,0=0,0,0,0,0,0,0,0,21,0,0,0,82,79,83,65,37,0,0,0,0,0,0,0,84,44,0,0,0,0,0,0,0,27,63,0,0,0,0,0
l24,0=0,0,0,0,0,0,0,0,35,0,0,81,94,26,83,80,82,49,0,0,0,0,0,88,0,79,0,0,0,0,0,0,16,20,55,0,0,0,0,0
l25,0=0,0,0,0,0,0,0,0,26,0,0,46,90,53,89,0,0,74,0,0,0,0,0,24,78,0,41,3,0,0,0,46,27,42,74,0,0,0,0,0
l26,0=0,0,0,0,0,0,0,0,0,0,0,0,0,0,0,0,0,0,0,62,0,0,18,0,0,52,0,72,96,86,92,86,69,68,66,0,0,0,0,0
l27,0=0,0,0,0,0,0,0,0,0,0,0,0,0,0,0,0,0,0,0,0,0,0,0,0,0,5,81,0,96,90,98,77,73,72,76,0,0,0,0,0
l28,0=0,0,0,0,0,0,0,0,0,0,0,0,0,0,0,0,0,0,0,0,0,0,0,0,0,0,87,99,0,90,98,83,74,71,82,0,0,0,0,0
l29,0=0,0,0,0,0,0,0,0,0,0,0,0,0,0,0,0,0,0,0,0,0,0,0,0,0,0,84,100,96,0,98,70,62,62,62,0,0,0,0,0
l30,0=0,0,0,0,0,0,0,0,0,0,0,0,0,0,0,0,0,0,0,0,0,0,0,0,0,0,78,100,96,90,0,66,69,72,0,0,0,0,0,0
l31,0=0,0,0,0,0,0,0,0,0,0,0,0,0,0,0,0,0,0,0,48,0,0,33,3,0,42,79,57,85,61,64,0,88,78,94,0,0,0,0,0
l32,0=0,0,0,0,0,0,0,0,0,0,0,0,0,0,0,0,0,0,0,0,0,0,0,0,57,55,65,53,70,53,67,84,0,85,95,0,0,0,0,0
l33,0=0,0,0,0,0,0,0,0,0,0,0,0,57,0,53,0,59,61,0,0,0,0,0,52,61,59,58,38,67,43,76,78,85,0,76,0,0,0,0,0
l34,0=0,0,0,0,0,0,0,0,0,0,0,0,0,0,0,0,0,0,0,0,57,0,0,63,58,70,61,58,76,52,0,89,94,70,0,0,0,0,0,0
l35,0=0,0,0,0,0,0,0,0,0,0,0,0,0,0,0,0,22,0,0,36,39,32,20,0,0,0,0,0,0,0,0,0,0,0,0,0,75,90,97,49
l36,0=0,0,0,0,0,0,0,0,0,0,0,56,20,0,12,42,25,36,0,56,82,24,29,0,0,0,0,0,0,0,0,0,0,0,0,86,0,54,57,54
l37,0=0,0,0,0,0,0,0,0,0,0,0,0,0,0,0,0,3,0,0,0,80,22,16,0,0,0,0,0,0,0,0,0,0,0,0,88,92,0,0,54
l38,0=0,0,0,0,0,0,0,0,27,0,0,42,46,43,5,66,54,3,0,47,89,38,27,0,0,0,0,0,0,0,0,0,0,0,0,89,98,0,0,55
l39,0=0,0,0,0,0,0,0,0,0,0,0,0,0,0,0,0,38,0,0,85,87,31,27,0,0,0,0,0,0,0,0,0,0,0,0,87,94,54,56,0

l0,1=0,87,62,92,86,77,78,0,68,72,70,0,0,14,0,0,0,0,0,0,0,0,0,0,0,0,0,0,0,0,0,0,0,0,0,0,0,0,0,0
l1,1=78,0,85,90,87,84,74,66,76,74,78,0,0,53,0,0,0,0,0,0,0,0,0,0,0,0,0,0,0,0,0,0,0,0,0,0,0,0,0,0
l2,1=56,94,0,74,76,89,88,63,0,71,85,0,0,4,0,3,0,0,0,0,0,0,0,0,0,0,0,0,0,0,0,0,0,0,0,0,0,0,0,0
l3,1=90,87,82,0,78,81,72,53,0,0,73,0,0,0,0,0,0,0,0,0,0,0,0,0,0,0,0,0,0,0,0,0,0,0,0,0,0,0,0,0
l4,1=82,87,78,72,0,81,61,52,77,66,67,0,0,65,0,0,0,0,0,0,0,0,0,0,0,0,0,0,0,0,0,0,0,0,0,0,0,0,0,0
l5,1=72,86,85,75,84,0,66,74,76,77,74,0,0,1,0,0,0,0,0,0,0,0,0,0,0,0,0,0,0,0,0,0,0,0,0,0,0,0,0,0
l6,1=60,68,80,56,57,64,0,69,73,61,72,46,12,59,0,0,22,0,0,0,0,0,0,0,0,0,0,0,0,0,0,0,0,0,0,0,0,0,0,0
l7,1=0,49,72,40,45,79,73,0,82,79,88,37,14,1,0,0,0,0,0,0,0,0,0,0,0,0,0,0,0,0,0,0,0,0,0,0,0,0,0,0
l8,1=33,29,0,0,72,45,67,71,0,83,66,66,2,83,41,55,52,39,0,0,0,50,43,27,0,1,0,0,0,0,0,0,0,0,0,0,0,0,12,0
l9,1=54,57,71,0,44,67,48,74,88,0,88,62,48,85,33,53,30,48,0,0,0,26,27,5,0,0,0,0,0,0,0,0,0,0,0,0,0,0,0,0
l10,1=39,74,81,52,60,72,70,86,74,87,0,53,0,80,15,42,2,0,0,0,0,6,0,0,0,0,0,0,0,0,0,0,0,0,0,0,0,0,0,0
l11,1=0,0,0,0,0,0,31,30,52,53,46,0,79,85,47,67,36,76,0,28,29,3,0,0,39,0,0,0,0,0,0,0,0,0,0,22,43,0,36,0
l12,1=0,0,0,0,0,0,0,0,4,47,0,75,0,76,78,59,38,84,0,0,35,35,17,69,89,68,0,0,0,0,0,0,0,0,0,0,15,0,34,0
l13,1=0,0,0,0,20,0,28,0,75,75,69,77,74,0,44,30,34,71,0,24,31,40,39,57,34,27,0,0,0,0,0,0,0,0,0,0,0,0,34,0
l14,1=0,0,0,0,0,0,0,0,48,50,2,57,82,69,0,31,37,60,0,0,36,27,28,72,49,68,0,0,0,0,0,0,0,0,0,0,0,0,0,0
l15,1=0,0,0,0,0,0,0,0,53,53,46,83,82,54,35,0,26,72,0,0,4,0,34,0,61,0,0,0,0,0,0,0,0,0,0,0,41,0,0,0
l16,1=0,0,0,0,0,0,7,0,40,49,0,42,42,53,40,8,0,62,0,14,36,44,51,29,37,31,0,0,0,0,0,0,0,5,0,45,40,16,5,21
l17,1=0,0,0,0,0,0,0,0,33,50,0,62,88,60,37,35,39,0,0,0,36,26,31,20,40,25,0,0,0,0,0,0,0,10,0,1,41,0,0,0
l18,1=0,0,0,0,0,0,0,0,0,0,0,0,0,0,0,0,0,0,0,54,44,56,64,0,0,0,0,0,0,0,0,0,0,0,0,0,0,0,0,0
l19,1=0,0,0,0,0,0,0,0,0,0,0,25,0,32,0,0,6,0,37,0,44,45,75,0,0,0,46,0,0,0,0,37,0,0,0,30,50,26,56,64
l20,1=0,0,0,0,0,0,0,0,0,0,0,4,32,36,32,1,37,42,47,80,0,71,74,0,0,0,0,0,0,0,0,0,0,0,0,34,55,43,63,58
l21,1=0,0,0,0,0,0,0,0,54,43,5,0,30,53,27,0,53,38,45,53,49,0,72,0,0,0,17,0,0,0,0,22,11,0,0,58,39,30,58,63
l22,1=0,0,0,0,0,0,0,0,42,30,0,0,21,40,23,20,53,43,49,81,55,71,0,0,0,0,4,0,0,0,0,49,0,0,0,58,55,31,34,65
l23,1=0,0,0,0,0,0,0,0,31,0,0,0,67,69,70,0,26,15,0,0,0,0,0,0,74,64,0,0,0,0,0,0,0,0,38,0,0,0,0,0
l24,1=0,0,0,0,0,0,0,0,0,0,0,54,80,55,47,53,34,58,0,0,0,0,4,72,0,67,0,0,0,0,0,0,37,23,26,0,0,0,0,0
l25,1=0,0,0,0,0,0,0,0,38,0,0,0,63,44,67,0,35,40,0,0,0,0,0,61,61,0,53,0,8,2,0,57,0,51,31,0,0,0,0,0
l26,1=0,0,0,0,0,0,0,0,0,0,0,0,0,0,0,0,0,0,0,57,0,7,30,0,0,38,0,59,66,72,62,78,68,66,54,0,0,0,0,0
l27,1=0,0,0,0,0,0,0,0,0,0,0,0,0,0,0,0,0,0,0,0,0,0,0,0,0,0,68,0,68,83,79,54,51,50,63,0,0,0,0,0
l28,1=0,0,0,0,0,0,0,0,0,0,0,0,0,0,0,0,0,0,0,3,0,0,0,0,0,35,85,84,0,83,66,75,40,43,55,0,0,0,0,0
l29,1=0,0,0,0,0,0,0,0,0,0,0,0,0,0,0,0,0,0,0,0,0,0,0,0,0,5,78,84,69,0,66,65,43,34,52,0,0,0,0,0
l30,1=0,0,0,0,0,0,0,0,0,0,0,0,0,0,0,0,0,0,0,0,0,0,0,0,0,0,68,88,66,82,0,57,45,55,0,0,0,0,0,0
l31,1=0,0,0,0,0,0,0,0,0,0,0,0,0,0,0,0,0,0,0,47,3,10,43,0,0,38,74,41,45,41,33,0,67,58,74,0,0,0,0,0
l32,1=0,0,0,0,0,0,0,0,0,0,0,0,0,0,0,0,1,0,0,0,0,0,0,0,45,0,71,44,37,39,34,74,0,66,84,0,0,0,0,0
l33,1=0,0,0,0,0,0,0,0,0,0,0,0,0,0,0,0,39,41,0,0,0,0,0,1,46,56,63,38,41,25,45,70,64,0,64,0,0,0,0,0
l34,1=0,0,0,0,0,0,0,0,0,0,0,0,0,0,0,0,0,0,0,0,14,0,0,52,46,46,52,48,46,39,0,75,84,50,0,0,0,0,0,0
l35,1=0,0,0,0,0,0,0,0,0,0,0,0,0,0,0,0,33,0,0,25,29,51,58,0,0,0,0,0,0,0,0,0,0,0,0,0,56,40,61,40
l36,1=0,0,0,0,0,0,0,0,0,0,0,35,15,0,0,14,25,36,0,47,43,30,64,0,0,0,0,0,0,0,0,0,0,0,0,59,0,45,43,41
l37,1=0,0,0,0,0,0,0,0,0,0,0,0,0,0,0,0,5,0,0,27,42,34,19,0,0,0,0,0,0,0,0,0,0,0,0,62,56,0,41,43
l38,1=0,0,0,0,0,0,0,0,10,0,0,35,29,40,0,0,6,0,0,48,43,53,42,0,0,0,0,0,0,0,0,0,0,0,0,65,57,43,0,43
l39,1=0,0,0,0,0,0,0,0,0,0,0,0,0,0,0,0,33,0,0,56,43,48,61,0,0,0,0,0,0,0,0,0,0,0,0,47,50,42,40,0

l0,2=0,80,71,81,70,78,80,59,54,51,55,0,0,1,0,0,0,0,0,0,0,0,0,0,0,0,0,0,0,0,0,0,0,0,0,0,0,0,0,0
l1,2=85,0,77,88,79,85,84,68,36,62,76,0,0,0,0,0,0,0,0,0,0,0,0,0,0,0,0,0,0,0,0,0,0,0,0,0,0,0,0,0
l2,2=63,57,0,75,57,90,88,74,30,69,69,0,0,0,0,5,0,0,0,0,0,0,0,0,0,0,0,0,0,0,0,0,0,0,0,0,0,0,0,0
l3,2=85,86,78,0,66,70,57,0,41,0,0,0,0,0,0,0,0,0,0,0,0,0,0,0,0,0,0,0,0,0,0,0,0,0,0,0,0,0,0,0
l4,2=80,80,71,74,0,79,79,52,0,68,39,0,0,0,0,0,0,0,0,0,0,0,0,0,0,0,0,0,0,0,0,0,0,0,0,0,0,0,0,0
l5,2=67,66,81,67,65,0,71,70,63,60,69,0,0,0,0,0,0,0,0,0,0,0,0,0,0,0,0,0,0,0,0,0,0,0,0,0,0,0,0,0
l6,2=60,46,72,38,54,68,0,58,49,56,70,25,30,10,0,12,0,0,0,0,0,0,0,0,0,0,0,0,0,0,0,0,0,0,0,0,0,0,0,0
l7,2=53,42,62,31,37,73,71,0,67,63,84,30,0,44,0,24,0,0,0,0,0,0,0,0,0,0,0,0,0,0,0,0,0,0,0,0,0,0,0,0
l8,2=38,8,0,18,0,44,40,74,0,82,68,41,0,70,3,48,45,44,0,0,0,41,28,0,39,21,0,0,0,0,0,0,0,0,0,0,0,0,8,0
l9,2=44,37,68,2,53,64,65,74,76,0,83,35,34,73,0,27,24,30,0,0,1,25,0,11,0,0,0,0,0,0,0,0,0,0,0,0,0,0,0,0
l10,2=49,45,54,14,36,69,76,83,66,82,0,37,0,60,0,15,0,0,0,0,0,0,0,1,0,0,0,0,0,0,0,0,0,0,0,0,0,0,0,0
l11,2=0,0,0,0,0,0,34,22,41,34,35,0,73,79,68,57,50,89,0,37,38,35,32,37,21,0,0,0,0,0,0,0,0,0,0,7,48,0,34,4
l12,2=0,0,0,0,0,0,27,0,0,32,0,74,0,49,76,54,59,90,0,0,0,37,0,74,89,70,0,0,0,0,0,0,0,0,0,0,6,0,33,0
l13,2=0,0,0,0,0,0,0,23,69,67,49,72,41,0,39,45,44,52,0,31,19,39,32,38,43,29,0,0,0,0,0,0,0,0,0,0,0,0,46,2
l14,2=0,0,0,0,0,0,0,0,14,0,0,62,70,49,0,36,60,59,0,0,24,1,0,77,75,66,0,0,0,0,0,0,0,44,0,0,0,0,42,0
l15,2=0,0,1,0,0,0,27,33,48,33,35,91,71,47,35,0,5,73,0,10,42,0,0,33,77,0,0,0,0,0,0,0,0,0,0,0,37,0,41,19
l16,2=0,0,0,0,0,0,0,0,31,16,0,34,56,48,59,3,0,72,0,35,54,41,57,0,53,42,0,0,0,0,0,0,0,33,0,40,54,1,41,42
l17,2=0,0,0,0,0,0,0,0,29,21,0,82,73,50,38,46,71,0,0,0,38,38,34,39,60,0,0,0,0,0,0,0,0,32,0,0,45,0,39,0
l18,2=0,0,0,0,0,0,0,0,0,0,0,0,0,1,0,0,0,0,0,40,53,49,47,0,0,0,0,0,0,0,0,0,0,0,0,0,0,0,0,0
l19,2=0,0,0,0,0,0,0,0,0,0,0,27,0,40,0,0,42,0,38,0,59,0,63,0,0,0,54,0,0,0,0,45,0,0,0,0,57,11,55,57
l20,2=0,0,0,0,0,0,0,0,0,0,0,4,0,35,27,33,53,31,39,63,0,62,64,0,0,0,0,0,0,0,0,0,0,0,27,42,65,51,59,54
l21,2=0,0,0,0,0,0,0,0,33,24,0,30,39,39,10,0,53,39,40,0,69,0,64,0,0,0,0,0,0,0,0,0,0,32,0,57,65,33,59,57
l22,2=0,0,0,0,0,0,0,0,24,0,0,21,0,39,0,0,53,35,37,71,63,62,0,0,0,0,8,0,0,27,0,31,0,0,0,58,66,48,38,54
l23,2=0,0,0,0,0,0,0,0,0,0,0,35,66,49,67,13,0,49,0,0,0,0,0,0,78,63,0,0,0,0,0,0,0,0,31,0,0,0,0,0
l24,2=0,0,0,0,0,0,0,0,42,0,0,1,70,64,63,46,59,72,0,0,15,0,0,80,0,71,0,0,0,0,0,0,0,39,17,0,34,0,0,0
l25,2=0,0,0,0,0,0,0,0,35,0,0,0,66,45,61,0,54,0,0,0,0,0,0,73,71,0,45,0,0,0,0,57,44,52,56,0,0,0,0,0
l26,2=0,0,0,0,0,0,0,0,0,0,0,0,0,0,0,0,0,0,0,50,0,0,15,0,0,37,0,4,72,81,71,75,54,62,53,0,0,0,0,0
l27,2=0,0,0,0,0,0,0,0,0,0,0,0,0,0,0,0,0,0,0,0,0,0,0,0,0,0,16,0,72,85,87,66,48,52,54,0,0,0,0,0
l28,2=0,0,0,0,0,0,0,0,0,0,0,0,0,0,0,0,0,0,0,0,0,0,0,0,0,0,79,84,0,85,79,70,30,53,43,0,0,0,0,0
l29,2=0,0,0,0,0,0,0,0,0,0,0,0,0,0,0,0,0,0,0,0,0,0,42,0,0,0,73,83,72,0,76,64,36,0,0,0,0,0,0,0
l30,2=0,0,0,0,0,0,0,0,0,0,0,0,0,0,0,0,0,0,0,0,0,0,0,0,0,0,66,87,69,76,0,45,34,56,40,0,0,0,0,0
l31,2=0,0,0,0,0,0,0,0,0,0,0,0,0,0,0,0,0,0,0,43,18,0,40,0,0,39,73,47,55,52,38,0,58,66,66,0,0,0,0,0
l32,2=0,0,0,0,0,0,0,0,0,0,0,0,0,0,0,0,0,0,0,0,0,0,0,0,0,42,57,40,42,53,42,75,0,64,80,0,0,0,0,0
l33,2=0,0,0,0,0,0,0,0,0,0,0,0,0,0,47,0,43,40,0,0,0,25,0,0,46,56,57,26,52,0,52,66,51,0,62,0,0,0,0,0
l34,2=0,0,0,0,0,0,0,0,0,0,0,0,0,0,0,0,0,0,0,0,40,0,0,44,44,46,56,46,49,35,42,70,69,65,0,0,0,0,0,0
l35,2=0,0,0,0,0,0,0,0,0,0,0,0,0,0,0,0,45,0,0,0,36,38,48,0,0,0,0,0,0,0,0,0,0,0,0,0,69,53,64,53
l36,2=0,0,0,0,0,0,0,0,0,0,0,32,16,0,0,9,52,43,0,53,58,50,54,0,8,0,0,0,0,0,0,0,0,0,0,67,0,53,64,54
l37,2=0,0,0,0,0,0,0,0,0,0,0,0,0,0,0,0,1,0,0,13,55,33,40,0,0,0,0,0,0,0,0,0,0,0,0,68,69,0,56,53
l38,2=0,0,0,0,0,0,0,0,8,0,0,25,31,43,30,23,47,34,0,43,61,51,30,0,0,0,0,0,0,0,0,0,0,0,0,70,71,51,0,53
l39,2=0,0,0,0,0,0,0,0,0,0,0,0,0,0,0,0,51,0,0,55,55,52,51,0,0,0,0,0,0,0,0,0,0,0,0,56,60,47,58,0

l0,3=0,83,75,88,79,85,82,69,0,41,0,0,0,0,0,0,0,0,0,0,0,0,0,5,0,0,0,0,0,0,0,0,0,0,0,0,0,0,0,0
l1,3=77,0,69,88,82,81,84,77,58,79,81,2,0,0,0,0,0,0,0,0,0,0,0,0,0,0,0,0,0,0,0,0,0,0,0,0,0,0,0,0
l2,3=76,74,0,88,83,86,91,87,73,83,89,0,0,66,0,0,0,0,0,0,0,0,0,0,0,0,0,0,0,0,0,0,0,0,0,0,0,0,0,0
l3,3=78,91,88,0,86,0,86,0,7,0,78,0,0,0,0,0,0,0,0,0,0,0,0,0,0,0,0,0,0,0,0,0,0,0,0,0,0,0,0,0
l4,3=36,85,88,92,0,86,79,10,0,40,21,0,0,29,0,0,0,0,0,0,0,0,0,0,0,0,0,0,0,0,0,0,0,0,0,0,0,0,0,0
l5,3=75,86,93,0,82,0,82,80,34,77,86,26,0,71,4,13,0,0,0,0,0,0,0,0,0,0,0,0,0,0,0,0,0,0,0,0,0,0,0,0
l6,3=67,82,89,74,68,72,0,75,76,76,89,64,38,58,0,48,63,0,0,0,0,0,0,0,0,0,0,0,0,0,0,0,0,0,0,0,0,0,0,0
l7,3=58,51,81,0,40,78,81,0,89,84,90,0,0,60,0,36,29,0,0,0,0,0,0,0,0,0,0,0,0,0,0,0,0,0,0,0,0,0,0,0
l8,3=0,14,30,3,0,23,74,86,0,86,88,82,13,86,3,82,70,28,0,0,0,73,25,0,35,0,0,0,0,0,0,0,0,0,0,0,0,0,14,0
l9,3=29,38,32,7,43,31,40,80,89,0,93,26,16,86,32,41,0,1,0,0,21,3,0,0,0,0,0,0,0,0,0,0,0,0,0,0,0,0,0,0
l10,3=0,33,84,31,37,77,86,87,87,91,0,30,0,85,25,29,0,0,0,0,0,0,0,0,17,0,0,0,0,0,0,0,0,0,0,0,0,0,14,0
l11,3=0,0,0,0,0,56,65,0,84,70,78,0,87,90,91,91,66,89,0,51,40,63,60,78,73,14,0,0,0,0,0,0,0,0,0,0,74,28,71,0
l12,3=0,0,0,0,0,0,29,0,26,27,0,99,0,43,97,89,31,96,0,27,0,33,4,85,94,86,0,0,0,0,0,0,0,0,0,30,25,0,28,0
l13,3=0,0,19,0,19,23,19,31,89,82,86,93,71,0,1,79,22,54,21,25,23,22,25,37,26,33,0,0,0,0,0,0,0,0,0,0,0,0,25,0
l14,3=0,0,0,0,0,0,0,0,18,27,9,92,91,17,0,28,38,25,0,0,19,0,0,94,94,47,0,0,0,0,0,0,0,19,0,0,0,0,31,0
l15,3=0,0,0,0,0,0,24,40,86,77,15,99,90,87,34,0,69,79,0,22,56,20,0,67,81,0,0,0,0,0,0,0,0,0,0,0,0,0,36,19
l16,3=0,0,0,0,0,0,24,16,35,0,0,29,57,33,82,37,0,81,20,0,74,77,73,0,29,36,0,0,0,0,0,0,0,19,0,0,43,13,65,37
l17,3=0,0,0,0,0,0,0,0,41,1,0,97,91,82,36,76,86,0,0,10,26,31,28,38,80,0,0,0,0,0,0,0,0,11,0,0,59,11,27,29
l18,3=0,0,0,0,0,0,0,0,0,0,0,0,0,62,0,0,43,0,0,71,62,38,41,0,0,0,0,0,0,0,0,0,0,0,0,0,0,0,0,0
l19,3=0,0,0,0,0,0,0,0,0,0,0,5,49,52,0,14,0,1,60,0,88,91,93,0,0,0,0,0,0,28,0,50,0,0,0,0,74,56,47,16
l20,3=0,0,0,0,0,0,0,0,0,39,0,11,0,70,28,72,83,57,56,86,0,93,93,0,60,0,0,0,0,0,0,0,0,0,9,37,89,86,85,90
l21,3=0,0,0,0,0,0,0,0,80,29,0,53,72,70,0,33,78,60,53,86,92,0,93,0,0,0,0,0,0,0,0,0,27,43,0,62,90,75,75,84
l22,3=0,0,0,0,0,0,0,0,51,0,0,59,26,71,0,0,83,48,46,93,98,93,0,0,0,0,61,0,0,53,0,0,0,0,0,91,91,68,81,91
l23,3=0,0,0,0,0,0,0,0,0,0,0,30,82,33,89,33,0,25,0,0,0,0,0,0,94,89,0,0,0,0,0,0,0,12,0,0,0,0,0,0
l24,3=0,0,0,0,0,0,0,0,37,0,0,38,91,35,93,77,37,65,0,0,26,0,0,93,0,89,0,0,0,0,0,0,0,44,0,0,31,0,20,0
l25,3=0,0,0,0,9,0,0,0,0,0,0,0,81,35,87,0,24,0,0,0,0,0,0,87,87,0,11,0,0,0,0,28,34,85,60,0,0,0,0,0
l26,3=0,0,0,0,0,0,0,0,0,0,0,0,0,0,0,0,0,0,0,0,0,0,55,0,0,35,0,78,97,98,93,95,84,45,85,0,0,0,0,0
l27,3=0,0,0,0,0,0,0,0,0,0,0,0,0,0,0,0,0,0,0,0,0,0,0,0,0,0,82,0,97,99,98,87,82,4,42,0,0,0,0,0
l28,3=0,0,0,0,0,0,0,0,0,0,0,0,0,0,0,0,0,0,0,0,0,0,0,0,0,0,95,99,0,99,86,86,80,80,80,0,0,0,0,0
l29,3=0,0,0,0,0,0,0,0,0,0,0,0,0,0,0,0,0,0,0,48,0,0,51,0,0,0,95,98,97,0,95,80,82,45,69,0,0,0,0,0
l30,3=0,0,0,0,0,0,0,0,0,0,0,0,0,0,0,0,0,0,0,0,0,0,0,0,0,0,84,99,86,88,0,67,78,54,0,0,0,0,0,0
l31,3=0,0,0,0,0,0,0,0,0,0,0,0,0,0,0,0,0,0,0,33,0,0,0,5,0,70,95,76,86,73,44,0,94,94,99,0,0,0,0,0
l32,3=0,0,0,0,0,0,0,0,0,0,0,0,0,0,0,0,0,0,0,0,0,7,0,0,0,74,86,61,73,76,77,98,0,90,99,0,0,0,0,0
l33,3=0,0,0,0,0,0,0,0,0,0,0,0,0,0,6,0,12,0,0,0,0,5,0,7,81,88,23,0,87,21,17,89,88,0,93,0,0,0,0,0
l34,3=0,0,0,0,0,0,0,0,0,0,0,0,0,0,9,0,0,0,0,0,15,0,0,1,7,84,86,16,82,75,3,95,94,96,0,0,0,0,0,0
l35,3=0,0,0,0,0,0,0,0,0,0,0,0,33,0,0,0,0,0,0,0,15,23,80,0,0,0,0,0,0,0,0,0,0,0,0,0,88,88,82,88
l36,3=0,0,0,0,0,0,0,0,0,0,0,26,30,0,0,0,66,62,0,69,67,73,76,0,37,0,0,0,0,0,0,0,0,0,0,90,0,86,82,76
l37,3=0,0,0,0,0,0,0,0,0,0,0,0,0,0,0,0,12,1,0,48,75,60,60,0,0,0,0,0,0,0,0,0,0,0,0,92,89,0,70,78
l38,3=0,0,0,0,0,0,0,0,21,0,0,57,65,70,77,54,70,51,0,51,89,72,78,0,34,0,0,0,0,0,0,0,0,0,0,92,91,76,0,86
l39,3=0,0,0,0,0,0,0,0,0,0,0,0,0,0,0,0,64,28,0,1,86,73,89,0,0,0,0,0,0,0,0,0,0,0,0,91,87,81,81,0

l0,4=0,82,77,94,0,82,80,85,0,84,78,0,0,0,0,0,0,0,0,0,0,0,0,0,0,0,0,0,0,0,0,0,0,0,0,0,0,0,0,0
l1,4=70,0,90,92,93,85,91,68,55,82,6,0,0,9,0,0,0,0,0,0,0,0,0,0,0,0,0,0,0,0,0,0,0,0,0,0,0,0,0,0
l2,4=67,90,0,92,93,85,91,88,0,80,98,0,0,75,0,0,0,0,0,0,0,0,0,0,0,0,0,0,0,0,0,0,0,0,0,0,0,0,0,0
l3,4=91,89,91,0,88,74,82,0,54,0,85,0,0,0,0,0,0,0,0,0,0,0,0,0,0,0,0,0,0,0,0,0,0,0,0,0,0,0,0,0
l4,4=0,90,90,87,0,79,72,77,54,71,0,0,0,30,0,0,0,0,0,0,0,0,0,0,0,0,0,0,0,0,0,0,0,0,0,0,0,0,0,0
l5,4=70,87,92,83,87,0,83,90,48,80,88,0,0,75,0,72,0,0,0,0,0,0,0,0,0,0,0,0,0,0,0,0,0,0,0,0,0,0,0,0
l6,4=67,90,93,83,81,81,0,95,54,82,98,77,74,0,0,73,75,0,0,0,0,0,0,0,0,0,0,0,0,0,0,0,0,0,0,0,0,0,0,0
l7,4=69,58,86,0,85,82,90,0,69,89,98,63,2,0,0,78,0,0,0,0,0,0,0,0,0,0,0,0,0,0,0,0,0,0,0,0,0,0,0,0
l8,4=0,58,0,75,77,11,76,82,0,88,85,74,83,86,65,76,80,76,0,0,57,78,63,0,68,0,0,0,0,0,0,0,0,0,0,0,0,0,0,0
l9,4=63,79,80,0,82,77,84,87,72,0,98,80,0,87,39,68,0,77,0,0,70,0,69,0,0,0,0,0,0,0,0,0,0,0,0,0,0,0,0,0
l10,4=57,0,91,76,0,76,90,95,65,90,0,76,79,83,70,77,0,71,0,0,0,0,0,1,0,0,0,0,0,0,0,0,0,0,0,0,0,0,0,0
l11,4=0,0,0,0,0,0,82,82,58,75,83,0,87,78,74,94,83,80,0,0,0,76,69,74,73,2,0,0,0,0,0,0,0,0,0,16,78,0,80,0
l12,4=0,0,0,0,0,0,5,0,57,0,58,80,0,79,87,82,88,93,0,13,24,0,0,80,88,89,0,0,0,0,0,0,8,3,0,0,0,0,79,0
l13,4=0,0,39,0,18,69,0,0,62,76,82,76,83,0,69,80,76,76,0,33,76,71,69,75,76,73,0,0,0,0,0,0,0,0,0,0,0,0,72,0
l14,4=0,0,0,0,0,0,0,0,42,51,77,79,94,75,0,0,85,77,0,0,78,0,0,85,94,87,0,0,0,0,0,1,0,71,10,0,1,0,81,0
l15,4=0,0,0,0,0,50,62,83,58,62,79,92,88,84,0,0,77,74,0,34,76,66,57,72,85,0,0,0,0,0,0,0,0,0,0,0,77,0,76,0
l16,4=0,0,0,0,0,0,73,0,59,0,0,77,89,81,83,74,0,86,47,68,85,83,75,70,82,73,0,0,0,0,0,0,0,24,8,79,70,0,90,81
l17,4=0,0,0,0,0,0,0,0,58,76,57,79,94,80,72,74,94,0,0,0,78,71,60,66,90,45,0,0,0,0,0,0,0,0,0,52,80,0,67,78
l18,4=0,0,0,0,0,0,0,0,0,0,0,0,0,0,0,0,79,0,0,82,47,82,73,0,0,0,0,0,0,0,0,0,0,0,0,0,0,0,0,0
l19,4=0,0,0,0,0,0,0,0,0,0,0,0,67,47,0,4,73,0,70,0,96,85,91,0,0,0,0,0,0,0,0,0,0,0,0,0,81,75,78,78
l20,4=0,0,0,0,0,0,0,0,35,55,0,0,55,71,72,70,80,74,9,87,0,83,91,0,76,0,0,0,20,0,0,0,31,0,0,74,94,76,94,88
l21,4=0,0,0,0,0,0,0,0,57,0,0,72,0,67,0,62,85,62,58,87,93,0,86,0,31,0,0,0,0,0,0,0,2,0,0,34,94,69,89,94
l22,4=0,0,0,0,0,0,0,0,48,71,0,67,0,80,0,47,82,49,58,97,97,89,0,0,0,0,76,0,0,28,1,0,0,30,0,83,92,80,94,80
l23,4=0,0,0,0,0,0,0,0,0,0,0,84,89,81,92,85,42,16,0,0,0,0,0,0,94,93,0,0,0,0,0,0,0,57,69,0,0,0,0,0
l24,4=0,0,0,0,0,0,0,0,45,0,0,71,89,77,92,83,84,84,0,0,77,2,0,93,0,88,0,0,0,0,0,0,0,75,1,0,0,0,3,0
l25,4=0,0,0,0,0,0,0,0,0,0,0,0,94,36,92,0,78,24,0,0,0,0,0,94,94,0,0,0,0,27,0,27,85,90,82,0,0,0,0,0
l26,4=0,0,0,0,0,0,0,0,0,0,0,0,0,0,0,0,0,0,0,0,0,0,81,0,0,0,0,89,100,100,100,98,99,81,97,0,0,0,0,0
l27,4=0,0,0,0,0,0,0,0,0,0,0,0,0,0,0,0,0,0,0,0,0,0,0,0,0,0,96,0,100,100,100,98,91,0,69,0,0,0,0,0
l28,4=0,0,0,0,0,0,0,0,0,0,0,0,0,0,0,0,0,0,0,62,83,0,0,0,0,0,99,100,0,100,98,90,99,95,92,0,0,0,0,0
l29,4=0,0,0,0,0,0,0,0,0,0,0,0,0,0,0,0,0,0,0,5,0,0,33,0,0,63,99,100,100,0,100,89,93,90,87,0,0,0,0,0
l30,4=0,0,0,0,0,0,0,0,0,0,0,0,0,0,0,0,0,0,0,0,0,0,0,0,0,0,99,100,97,100,0,97,93,83,0,0,0,0,0,0
l31,4=0,0,0,0,0,0,0,0,0,0,0,0,0,0,0,0,0,0,0,0,0,0,0,0,0,49,99,83,75,80,92,0,100,100,98,0,0,0,0,0
l32,4=0,0,0,0,0,0,0,0,0,0,0,0,70,0,0,0,0,0,0,0,76,0,0,0,0,96,96,85,96,97,98,98,0,100,99,0,0,0,0,0
l33,4=0,0,0,0,0,0,0,0,0,0,0,0,23,4,36,0,20,0,0,0,0,0,14,75,56,97,34,0,86,54,36,98,100,0,98,0,0,0,0,0
l34,4=0,0,0,0,0,0,0,0,0,0,0,0,0,0,26,0,30,0,0,0,12,0,0,92,16,96,96,20,95,91,0,98,100,100,0,0,0,0,0,0
l35,4=0,0,0,0,0,0,0,0,0,0,0,0,0,0,0,0,70,17,0,0,57,5,63,0,0,0,0,0,0,0,0,0,0,0,0,0,88,84,85,85
l36,4=0,0,0,0,0,0,0,0,0,0,0,49,30,0,0,43,47,59,0,50,83,67,65,0,0,0,0,0,0,0,0,0,0,0,0,85,0,84,86,79
l37,4=0,0,0,0,0,0,0,0,0,0,0,0,0,0,0,0,0,0,0,41,74,51,63,0,0,0,0,0,0,0,0,0,0,0,0,84,89,0,84,71
l38,4=0,0,0,0,0,0,0,0,0,0,0,71,76,56,66,66,78,33,0,64,92,67,74,0,0,0,0,0,0,0,0,0,0,0,0,87,90,79,0,88
l39,4=0,0,0,0,0,0,0,0,0,0,0,0,0,0,0,0,74,43,0,69,78,75,50,0,0,0,0,0,0,0,0,0,0,0,0,83,83,60,91,0

l0,5=0,65,75,84,78,73,79,71,2,68,74,0,0,0,0,0,0,0,0,0,0,0,0,0,0,0,0,0,0,0,0,0,0,0,0,0,0,0,0,0
l1,5=68,0,87,76,92,87,89,66,0,69,34,0,0,0,0,0,0,0,0,0,0,0,0,0,0,0,0,0,0,0,0,0,0,0,0,0,0,0,0,0
l2,5=67,78,0,80,81,82,85,60,0,68,74,0,0,0,0,0,0,0,0,0,0,0,0,0,0,0,0,0,0,0,0,0,0,0,0,0,0,0,0,0
l3,5=81,67,88,0,92,65,79,0,2,33,63,0,0,0,0,0,0,0,0,0,0,0,0,0,0,0,0,0,0,0,0,0,0,0,0,0,0,0,0,0
l4,5=72,76,83,86,0,83,79,16,55,17,22,0,0,18,0,17,0,0,0,0,0,0,0,0,0,0,0,0,0,0,0,0,0,0,0,0,0,0,0,0
l5,5=69,74,81,72,79,0,47,72,52,68,74,57,0,70,0,0,0,0,0,0,0,0,0,0,0,0,0,0,0,0,0,0,0,0,0,0,0,0,0,0
l6,5=69,72,78,73,77,49,0,77,67,69,75,73,0,0,0,0,46,0,0,1,0,0,0,0,0,0,0,0,0,0,0,0,0,0,0,0,0,0,0,0
l7,5=67,67,71,0,76,71,79,0,75,68,84,74,0,0,0,67,0,0,0,0,0,0,0,0,0,0,0,0,0,0,0,0,0,0,0,0,0,0,0,0
l8,5=0,0,0,3,70,13,25,32,0,73,78,80,0,79,18,68,39,31,0,0,0,22,15,7,13,0,0,0,0,0,0,0,0,0,0,0,0,0,0,0
l9,5=42,62,73,34,27,71,77,45,82,0,81,77,4,75,0,61,18,29,0,0,4,0,40,0,0,0,0,0,0,0,0,0,0,0,0,0,0,0,2,0
l10,5=24,14,74,28,46,71,78,77,73,78,0,74,0,16,17,57,3,9,0,0,0,0,0,0,0,0,0,0,0,0,0,0,0,0,0,0,0,0,0,0
l11,5=0,0,0,0,0,5,5,3,37,45,23,0,52,76,55,82,41,36,0,0,3,5,3,5,0,2,0,0,0,0,0,0,0,0,0,1,1,3,8,0
l12,5=0,0,0,0,0,0,0,0,0,0,0,32,0,16,48,21,26,67,0,0,1,0,0,8,2,8,0,0,0,0,0,0,2,6,1,2,1,0,5,0
l13,5=0,0,0,0,4,9,0,0,83,75,10,78,43,0,44,77,41,33,0,4,3,0,9,6,2,2,0,0,0,0,0,0,0,0,0,0,1,0,0,0
l14,5=0,0,0,0,0,0,0,0,2,0,15,35,54,14,0,20,19,13,0,0,3,0,1,30,30,5,0,0,0,0,0,0,0,8,7,0,0,0,6,0
l15,5=0,0,0,0,4,0,0,3,9,12,18,88,50,83,20,0,13,14,0,0,3,6,7,8,18,2,0,0,0,0,0,0,0,0,0,0,2,0,8,1
l16,5=0,0,0,0,0,0,5,0,3,3,0,25,52,16,27,18,0,38,0,4,4,7,4,5,0,2,0,0,0,0,0,0,0,1,0,2,0,3,8,1
l17,5=0,0,0,0,0,0,0,0,6,13,11,85,54,38,26,27,63,0,0,0,5,5,1,3,3,3,0,0,0,0,0,0,0,0,0,2,1,0,0,1
l18,5=0,0,0,0,0,0,0,0,0,0,0,0,0,0,0,0,0,0,0,6,0,63,53,0,0,0,0,0,0,0,0,0,0,0,0,0,0,0,0,0
l19,5=0,0,0,0,0,0,0,0,0,0,0,0,0,12,0,0,30,0,1,0,69,66,76,0,0,0,1,0,7,7,0,7,0,0,0,41,40,10,2,56
l20,5=0,0,0,0,0,0,0,0,0,2,0,0,4,11,24,10,29,21,0,72,0,71,76,0,0,0,2,0,2,0,0,0,2,0,0,14,27,26,63,14
l21,5=0,0,0,0,0,0,0,0,16,0,0,16,6,0,0,39,30,5,27,59,66,0,68,0,0,0,0,0,0,0,0,0,0,0,0,37,21,20,43,56
l22,5=0,0,0,0,0,0,0,0,5,7,0,1,0,21,3,21,26,2,6,76,71,65,0,0,0,0,4,0,0,0,0,0,0,0,0,8,43,20,62,1
l23,5=0,0,0,0,0,0,0,0,2,0,0,15,22,17,25,22,9,6,0,0,0,0,0,0,20,14,0,0,0,0,0,0,0,11,14,0,0,0,0,0
l24,5=0,0,0,0,0,0,0,0,2,5,0,13,35,16,58,27,17,14,0,0,3,5,0,51,0,11,0,0,0,0,0,0,0,8,6,0,1,0,0,0
l25,5=0,0,0,0,0,0,0,0,0,0,0,13,22,11,24,17,11,12,0,0,0,0,0,11,2,0,0,0,0,4,0,0,5,11,13,0,0,0,0,0
l26,5=0,0,0,0,0,0,0,0,0,0,0,0,0,0,0,0,0,0,0,4,4,0,3,0,0,0,0,6,59,51,61,48,23,10,12,0,0,0,0,0
l27,5=0,0,0,0,0,0,0,0,0,0,0,0,0,0,0,0,0,0,0,0,0,0,0,0,0,0,15,0,57,46,93,19,8,0,0,0,0,0,0,0
l28,5=0,0,0,0,0,0,0,0,0,0,0,0,0,0,0,0,0,0,0,6,5,0,0,0,0,0,45,90,0,53,93,13,7,15,14,0,0,0,0,0
l29,5=0,0,0,0,0,0,0,0,0,0,0,0,0,0,0,0,0,0,0,6,0,0,0,0,0,2,45,80,59,0,89,12,7,12,11,0,0,0,0,0
l30,5=0,0,0,0,0,0,0,0,0,0,0,0,0,0,0,0,0,0,0,0,0,0,0,0,0,0,45,90,59,51,0,34,0,19,0,0,0,0,0,0
l31,5=0,0,0,0,0,0,0,0,0,0,0,0,0,0,0,0,2,0,0,5,0,0,0,3,0,0,9,5,10,3,7,0,33,15,17,0,0,0,0,0
l32,5=0,0,0,0,0,0,0,0,0,0,0,0,19,0,0,0,0,0,0,0,6,0,0,0,0,9,10,5,12,5,2,53,0,19,63,0,0,0,0,0
l33,5=0,0,0,0,0,0,0,0,0,0,0,0,16,0,20,0,2,0,0,0,0,0,0,8,1,10,7,0,12,6,9,14,5,0,16,0,0,0,0,0
l34,5=0,0,0,0,0,0,0,0,0,0,0,0,16,0,13,0,5,0,0,0,3,0,0,8,1,9,8,0,11,6,0,50,38,51,0,0,0,0,0,0
l35,5=0,0,0,0,0,0,0,0,0,0,0,0,7,2,0,0,19,1,0,16,19,27,28,0,0,0,0,0,0,0,0,0,0,0,0,0,63,42,28,32
l36,5=0,0,0,0,0,0,0,0,0,0,0,46,11,11,0,32,0,17,0,21,27,31,51,0,0,0,0,0,0,0,0,0,0,0,0,26,0,36,34,38
l37,5=0,0,0,0,0,0,0,0,0,0,0,6,0,0,0,0,3,0,0,16,24,24,38,0,0,0,0,0,0,0,0,0,0,0,0,20,37,0,27,25
l38,5=0,0,0,0,0,0,0,0,0,1,0,60,25,0,38,49,30,0,0,0,34,39,61,0,0,0,0,0,0,0,0,0,0,0,0,23,23,35,0,40
l39,5=0,0,0,0,0,0,0,0,0,0,0,0,0,0,0,3,16,0,0,28,22,34,10,0,0,0,0,0,0,0,0,0,0,0,0,23,38,19,34,0

l0,6=0,86,65,82,85,86,70,4,59,9,72,0,0,0,0,0,0,0,0,0,0,0,0,0,0,0,0,0,0,0,0,0,0,0,0,0,0,0,0,0
l1,6=87,0,76,86,85,82,72,0,48,67,43,0,0,0,0,0,0,0,0,0,0,0,0,1,0,0,0,0,0,0,0,0,0,0,0,0,0,0,0,0
l2,6=80,83,0,85,80,85,70,39,0,73,76,0,0,0,0,0,0,0,0,0,0,0,0,0,0,0,0,0,0,0,0,0,0,0,0,0,0,0,0,0
l3,6=85,86,74,0,86,76,58,0,0,57,7,0,0,0,0,0,0,0,0,0,0,0,0,1,0,0,0,0,0,0,0,0,0,0,0,0,0,0,0,0
l4,6=90,86,75,89,0,85,69,0,26,10,34,0,0,21,0,0,0,0,0,0,0,0,0,0,0,0,0,0,0,0,0,0,0,0,0,0,0,0,0,0
l5,6=81,77,68,75,77,0,67,50,60,70,76,0,0,7,0,0,0,0,0,0,0,0,0,0,0,0,0,0,0,0,0,0,0,0,0,0,0,0,0,0
l6,6=58,78,53,55,53,54,0,50,52,70,76,46,0,6,0,0,15,0,0,0,0,0,0,0,0,0,0,0,0,0,0,0,0,0,0,0,0,0,0,0
l7,6=27,5,55,0,11,76,67,0,62,67,79,47,0,0,0,53,0,0,0,0,0,0,0,0,0,0,0,0,0,0,0,0,0,0,0,0,0,0,0,0
l8,6=13,10,0,0,38,39,44,38,0,74,76,53,19,69,10,47,22,56,0,0,19,5,13,0,4,0,0,0,0,0,0,0,0,0,0,0,0,0,0,0
l9,6=1,49,44,45,19,70,65,40,65,0,77,46,33,60,27,48,16,18,0,0,0,0,6,0,0,0,0,0,0,0,0,0,0,0,0,0,0,0,0,0
l10,6=51,26,35,15,41,55,67,55,63,76,0,49,0,48,0,36,21,0,0,0,0,0,0,0,0,0,0,0,0,0,0,0,0,0,0,0,0,0,0,0
l11,6=0,0,0,0,0,0,0,1,49,6,4,0,38,18,32,64,18,22,0,0,0,0,0,5,12,3,0,0,0,0,0,0,0,0,0,0,7,2,13,0
l12,6=0,0,0,0,0,0,0,0,7,3,0,41,0,2,40,16,32,42,0,0,0,2,1,17,45,47,0,0,0,0,0,0,0,11,0,0,0,0,9,0
l13,6=0,0,0,0,6,0,0,0,66,64,4,27,12,0,28,58,10,51,0,7,2,0,3,0,23,0,0,0,0,0,0,0,0,0,0,2,9,0,13,0
l14,6=0,0,0,0,0,0,0,0,5,3,0,1,42,4,0,5,6,14,0,0,5,0,3,28,23,12,0,0,0,0,0,0,0,10,0,0,0,0,9,0
l15,6=0,0,0,0,0,0,0,3,9,23,3,63,24,53,13,0,19,54,0,0,1,4,3,18,25,3,0,0,0,0,0,0,0,0,0,0,10,0,8,0
l16,6=0,0,0,0,0,0,0,0,5,3,2,1,24,2,9,4,0,55,5,5,3,4,3,5,9,1,0,0,0,0,0,0,0,0,0,1,11,3,13,0
l17,6=0,0,0,0,0,0,0,0,8,3,0,20,23,26,32,43,24,0,0,0,18,3,2,4,20,3,0,0,0,0,0,0,0,9,0,0,6,0,12,0
l18,6=0,0,0,0,0,0,0,0,0,0,0,0,0,0,0,0,15,0,0,29,3,29,0,0,0,0,0,0,0,0,0,0,0,0,0,0,0,0,0,0
l19,6=0,0,0,0,0,0,0,0,0,0,0,0,0,1,0,0,5,0,8,0,52,41,48,0,0,0,0,0,1,8,0,17,0,0,0,8,8,0,6,32
l20,6=0,0,0,0,0,0,0,0,4,0,0,0,0,1,8,0,4,33,0,61,0,56,54,0,0,0,0,0,0,0,0,9,0,5,0,22,41,5,36,7
l21,6=0,0,0,0,0,0,0,0,13,1,0,0,4,0,0,30,18,30,10,48,54,0,44,0,0,0,0,0,0,0,0,3,0,0,0,34,34,0,33,26
l22,6=0,0,0,0,0,0,0,0,30,6,0,0,2,27,8,26,17,0,0,61,55,50,0,0,0,0,29,0,0,0,0,0,0,0,0,0,45,37,37,34
l23,6=0,0,0,0,0,0,0,0,0,0,0,0,5,0,12,6,5,0,0,0,0,0,0,0,43,40,0,0,0,0,0,8,0,11,4,0,0,0,0,0
l24,6=0,0,0,0,0,0,0,0,4,0,0,0,51,3,15,5,7,12,0,0,0,0,0,43,0,14,0,0,0,0,0,0,0,12,1,0,0,0,0,0
l25,6=0,0,0,0,0,0,0,0,0,0,0,0,8,0,12,4,5,10,0,0,0,0,0,18,14,0,1,0,0,0,0,0,8,13,0,0,0,0,0,0
l26,6=0,0,0,0,0,0,0,0,0,0,0,0,0,0,0,0,0,0,0,2,2,0,4,0,0,0,0,37,79,64,59,50,50,10,12,0,0,0,0,0
l27,6=0,0,0,0,0,0,0,0,0,0,0,0,0,0,0,0,0,0,0,0,0,0,0,0,0,0,64,0,75,64,85,16,11,0,0,0,0,0,0,0
l28,6=0,0,0,0,0,0,0,0,0,0,0,0,0,0,0,0,0,0,0,5,5,5,0,0,0,0,72,71,0,67,82,44,24,48,15,0,0,0,0,0
l29,6=0,0,0,0,0,0,0,0,0,0,0,0,0,0,0,0,0,0,0,7,0,0,0,0,0,0,67,69,79,0,17,10,11,12,7,0,0,0,0,0
l30,6=0,0,0,0,0,0,0,0,0,0,0,0,0,0,0,0,0,0,0,0,0,0,0,0,0,0,63,80,78,17,0,17,0,1,6,0,0,0,0,0
l31,6=0,0,0,0,0,0,0,0,0,0,0,0,0,0,0,0,0,0,0,6,5,0,0,5,0,0,59,7,18,13,12,0,50,39,31,0,0,0,0,0
l32,6=0,0,0,0,0,0,0,0,0,0,0,0,0,0,0,0,0,0,0,0,0,0,0,0,0,6,16,4,17,14,1,54,0,24,61,0,0,0,0,0
l33,6=0,0,0,0,0,0,0,0,0,0,0,0,3,0,10,0,0,9,0,0,8,0,0,10,13,11,12,0,17,12,8,20,23,0,21,0,0,0,0,0
l34,6=0,0,0,0,0,0,0,0,0,0,0,0,0,0,0,0,0,0,0,0,1,0,0,9,7,2,11,0,18,9,11,43,57,49,0,0,0,0,0,0
l35,6=0,0,0,0,0,0,0,0,0,0,0,0,0,2,0,0,15,0,0,9,25,18,0,0,0,0,0,0,0,0,0,0,0,0,0,0,44,56,27,34
l36,6=0,0,0,0,0,0,0,0,0,0,0,0,0,20,0,25,17,25,0,9,32,15,21,0,0,0,0,0,0,0,0,0,0,0,0,19,0,64,45,30
l37,6=0,0,0,0,0,0,0,0,0,0,0,1,0,0,0,0,1,0,0,0,6,0,15,0,0,0,0,0,0,0,0,0,0,0,0,37,54,0,33,24
l38,6=0,0,0,0,0,0,0,0,0,0,0,17,4,30,17,27,21,34,0,1,35,16,20,0,0,0,0,0,0,0,0,0,0,0,0,18,45,41,0,27
l39,6=0,0,0,0,0,0,0,0,0,0,0,0,0,0,0,0,16,0,0,40,25,27,28,0,0,0,0,0,0,0,0,0,0,0,0,35,45,43,36,0

l0,7=0,93,86,92,78,92,83,0,73,79,80,0,0,0,0,0,0,0,0,0,0,0,0,0,0,0,0,0,0,0,0,0,0,0,0,0,0,0,0,0
l1,7=90,0,90,93,77,87,90,83,32,74,61,0,0,0,0,0,0,0,0,0,0,0,0,0,0,0,0,0,0,0,0,0,0,0,0,0,0,0,0,0
l2,7=90,90,0,93,77,86,90,78,49,82,0,0,0,0,0,0,0,0,0,0,0,0,0,0,0,0,0,0,0,0,0,0,0,0,0,0,0,0,0,0
l3,7=89,89,86,0,80,67,72,65,58,73,73,0,0,0,0,0,0,0,0,0,0,0,0,0,0,0,0,0,0,0,0,0,0,0,0,0,0,0,0,0
l4,7=90,90,86,97,0,87,91,19,75,19,81,0,0,36,0,0,0,0,0,0,0,0,0,0,0,0,0,0,0,0,0,0,0,0,0,0,0,0,0,0
l5,7=90,86,78,76,78,0,90,88,74,82,82,0,0,0,0,8,0,0,0,0,0,0,0,0,0,0,0,0,0,0,0,0,0,0,0,0,0,0,0,0
l6,7=76,90,87,36,78,88,0,88,0,83,82,27,0,29,0,0,12,0,0,0,0,0,0,0,0,0,0,0,0,0,0,0,0,0,0,0,0,0,0,0
l7,7=0,69,55,35,15,88,90,0,73,83,82,0,6,50,0,57,0,0,0,0,0,0,0,0,0,0,0,0,0,0,0,0,0,0,0,0,0,0,0,0
l8,7=45,28,45,30,23,36,0,73,0,82,78,55,37,72,38,67,16,19,0,0,2,0,44,0,0,0,0,0,0,0,0,0,0,0,0,0,0,0,0,0
l9,7=14,45,58,10,3,64,85,88,86,0,85,47,16,68,13,65,0,1,0,0,10,0,10,0,11,0,0,0,0,0,0,0,0,0,0,0,0,0,13,0
l10,7=69,58,0,35,52,83,85,89,86,82,0,50,0,0,0,58,25,1,0,0,0,0,0,0,0,0,0,0,0,0,0,0,0,0,0,0,0,0,0,0
l11,7=0,0,0,0,0,0,7,0,32,13,9,0,50,37,23,76,18,2,0,0,7,0,6,3,9,8,0,0,0,0,0,0,0,0,0,2,0,0,17,0
l12,7=0,0,0,0,0,0,0,0,3,5,0,67,0,8,46,68,32,7,0,1,7,1,0,35,57,45,0,0,0,0,0,0,0,10,0,0,0,0,9,0
l13,7=0,0,0,0,2,0,9,8,82,49,0,44,4,0,31,65,4,7,0,0,6,0,6,6,12,11,0,0,0,0,0,0,0,0,0,2,4,0,9,0
l14,7=0,0,0,0,0,0,0,0,3,4,0,8,25,9,0,10,5,5,0,0,7,3,6,19,16,17,0,0,0,0,0,0,0,9,0,0,0,0,9,0
l15,7=0,0,0,0,0,0,0,8,35,36,30,75,51,48,35,0,11,12,0,0,8,7,10,39,9,10,0,0,0,0,0,0,0,0,0,0,6,0,30,0
l16,7=0,0,0,0,0,0,5,0,3,1,5,19,45,6,18,9,0,10,8,0,9,4,10,7,14,4,0,0,0,0,0,0,3,9,0,3,7,3,13,0
l17,7=0,0,0,0,0,0,0,0,4,4,0,11,35,15,41,17,18,0,0,4,10,3,0,5,37,0,0,0,0,0,0,0,0,9,0,0,6,0,12,0
l18,7=0,0,0,0,0,0,0,0,0,0,0,0,0,0,0,0,24,0,0,31,43,15,0,0,0,0,0,0,0,0,0,0,0,0,0,0,0,0,0,0
l19,7=0,0,0,0,0,0,0,0,0,0,0,0,4,0,0,0,0,0,11,0,56,36,64,0,0,0,0,0,4,5,0,4,0,0,0,10,0,0,8,16
l20,7=0,0,0,0,0,0,0,0,0,4,0,1,5,4,6,10,18,10,7,59,0,63,73,0,0,0,4,0,3,0,0,0,0,4,0,35,37,12,44,33
l21,7=0,0,0,0,0,0,0,0,1,5,0,0,5,1,7,13,25,3,8,32,60,0,68,0,0,0,0,0,3,0,0,0,0,0,0,54,7,8,36,44
l22,7=0,0,0,0,0,0,0,0,2,6,0,11,0,8,9,17,21,0,0,55,66,58,0,0,0,0,10,0,0,7,0,0,0,0,0,0,63,27,41,40
l23,7=0,0,0,0,0,0,0,0,0,0,0,1,10,5,47,11,4,1,0,0,0,0,0,0,57,52,0,0,0,0,0,0,0,12,5,0,0,0,0,0
l24,7=0,0,0,0,0,0,0,0,0,4,0,7,59,8,12,9,7,4,0,0,0,0,0,57,0,19,0,0,0,0,0,0,0,10,2,0,0,0,0,0
l25,7=0,0,0,0,1,0,0,0,0,4,0,7,26,7,17,9,3,0,0,0,0,0,0,25,22,0,0,0,0,5,0,1,6,14,0,0,0,0,9,0
l26,7=0,0,0,0,0,0,0,0,0,0,0,0,0,0,0,0,0,0,0,0,8,0,10,0,0,0,0,16,63,73,19,53,58,21,7,0,0,0,0,0
l27,7=0,0,0,0,0,0,0,0,0,0,0,0,0,0,0,0,0,0,0,0,0,0,0,0,0,0,64,0,60,73,90,8,18,0,0,0,0,0,0,0
l28,7=0,0,0,0,0,0,0,0,0,0,0,0,0,0,0,0,0,0,0,16,11,2,0,0,0,0,75,87,0,75,92,45,13,35,5,0,0,0,0,0
l29,7=0,0,0,0,0,0,0,0,0,0,0,0,0,0,0,0,0,0,0,15,0,0,10,0,0,8,70,84,63,0,90,16,22,19,1,0,0,0,0,0
l30,7=0,0,0,0,0,0,0,0,0,0,0,0,0,0,0,0,0,0,0,0,0,0,0,0,0,0,54,84,60,73,0,19,17,6,6,0,0,0,0,0
l31,7=0,0,0,0,0,0,0,0,0,0,0,0,0,0,0,0,1,0,0,17,0,0,0,3,0,3,65,1,19,13,8,0,58,56,52,0,0,0,0,0
l32,7=0,0,0,0,0,0,0,0,0,0,0,0,0,0,0,0,4,0,0,0,0,0,0,0,0,11,17,9,16,17,6,47,0,45,54,0,0,0,0,0
l33,7=0,0,0,0,0,0,0,0,0,0,0,0,11,0,15,0,7,11,0,0,7,0,0,8,13,12,12,0,17,12,4,19,25,0,9,0,0,0,0,0
l34,7=0,0,0,0,0,0,0,0,0,0,0,0,4,0,0,0,5,0,0,0,0,0,2,12,11,0,15,5,16,8,6,30,63,22,0,0,0,0,0,0
l35,7=0,0,0,0,0,0,0,0,0,0,0,0,0,8,0,0,12,0,0,18,40,33,0,0,0,0,0,0,0,0,0,0,0,0,0,0,39,44,42,43
l36,7=0,0,0,0,0,0,0,0,0,0,0,0,0,3,0,25,15,1,0,0,41,22,46,0,0,0,0,0,0,0,0,0,0,0,0,25,0,40,42,39
l37,7=0,0,0,0,0,0,0,0,0,0,0,0,0,0,0,0,3,0,0,0,33,16,36,0,0,0,0,0,0,0,0,0,0,0,0,43,30,0,36,28
l38,7=0,0,0,0,0,0,0,0,0,6,0,41,6,10,5,38,15,5,0,4,41,28,45,0,0,7,0,0,0,0,0,0,0,0,0,22,58,20,0,8
l39,7=0,0,0,0,0,0,0,0,0,0,0,0,0,0,0,0,0,0,0,29,37,33,39,0,0,0,0,0,0,0,0,0,0,0,0,62,64,30,25,0

l0,8=0,97,96,97,97,94,95,59,25,94,91,0,0,19,0,0,0,0,0,0,0,0,0,0,0,0,0,0,0,0,0,0,0,0,0,0,0,0,0,0
l1,8=92,0,96,97,97,94,86,88,80,49,91,0,0,0,0,0,0,0,0,0,0,0,0,0,0,0,0,0,0,0,0,0,0,0,0,0,0,0,0,0
l2,8=92,97,0,98,93,95,96,89,0,57,87,0,0,20,0,15,0,0,0,0,0,0,0,0,0,0,0,0,0,0,0,0,0,0,0,0,0,0,0,0
l3,8=92,97,96,0,97,89,88,71,0,0,76,0,0,0,0,0,0,0,0,0,0,0,0,0,0,0,0,0,0,0,0,0,0,0,0,0,0,0,0,0
l4,8=92,97,84,98,0,94,95,60,85,19,91,0,0,47,0,0,0,0,0,0,0,0,0,7,0,0,0,0,0,0,0,0,0,0,0,0,0,0,0,0
l5,8=93,96,96,93,95,0,95,89,81,86,92,6,1,2,0,0,0,0,0,0,0,0,0,0,0,0,0,0,0,0,0,0,0,0,0,0,0,0,0,0
l6,8=72,84,92,83,93,88,0,91,71,91,87,2,0,69,0,0,38,0,0,0,0,0,0,0,0,0,0,0,0,0,0,0,0,0,0,0,0,0,0,0
l7,8=58,92,91,90,91,89,92,0,83,100,99,0,0,92,0,0,0,43,0,0,0,0,0,0,0,0,0,0,0,0,0,0,0,0,0,0,0,0,0,0
l8,8=3,43,0,3,60,57,14,91,0,100,96,89,0,93,28,77,0,86,0,15,0,0,47,0,0,0,0,0,0,0,0,0,0,0,0,0,0,0,0,0
l9,8=56,1,17,0,6,23,92,94,94,0,99,88,16,93,10,87,20,19,0,0,0,10,3,31,24,0,0,0,0,0,0,0,0,0,0,0,0,0,29,0
l10,8=85,92,88,79,92,89,89,95,85,100,0,76,0,88,0,85,6,0,0,0,0,0,0,0,0,0,0,0,0,0,0,0,0,0,0,0,0,0,0,0
l11,8=0,0,0,0,2,0,0,0,88,56,15,0,66,4,25,90,59,90,0,0,6,5,3,4,45,24,0,0,0,0,0,0,0,0,0,7,22,0,13,0
l12,8=0,0,0,0,0,0,0,0,0,0,0,79,0,0,40,52,64,19,0,0,5,0,0,47,72,74,0,0,0,0,0,0,0,9,0,4,17,0,14,0
l13,8=3,0,0,0,6,0,1,90,93,99,53,14,0,0,34,49,6,14,0,0,12,11,0,37,44,50,0,0,0,0,0,0,0,0,0,2,0,0,68,0
l14,8=0,0,0,0,0,0,0,0,24,1,0,2,61,5,0,8,9,18,0,0,12,8,7,20,63,24,0,0,0,0,0,0,0,0,0,0,22,0,3,0
l15,8=0,0,0,0,0,0,0,0,81,52,48,97,66,83,34,0,53,83,0,0,30,38,10,36,43,24,0,0,0,0,0,0,0,0,0,0,32,0,72,0
l16,8=0,0,0,0,0,0,0,0,0,1,1,66,61,1,6,6,0,8,5,10,47,7,28,5,50,11,0,0,0,0,0,11,0,5,7,7,22,7,10,13
l17,8=0,0,0,0,0,0,0,2,24,0,0,62,47,4,38,47,15,0,0,7,18,5,1,5,15,0,0,0,0,0,0,0,0,5,0,0,14,0,14,11
l18,8=0,0,0,0,0,0,0,0,0,0,0,0,0,0,0,0,70,0,0,77,75,60,0,0,0,0,0,0,0,0,0,0,0,0,0,0,0,0,0,0
l19,8=0,0,0,0,0,0,0,0,12,0,0,0,0,0,0,0,62,12,7,0,88,66,84,0,0,0,10,0,25,0,0,28,0,0,0,2,47,0,0,47
l20,8=0,0,0,0,0,0,0,0,0,0,0,0,2,2,4,19,38,36,10,90,0,89,90,0,1,0,0,0,4,0,0,0,0,0,0,52,73,32,73,50
l21,8=0,0,0,0,0,0,0,0,0,2,0,2,2,3,12,17,43,5,5,61,92,0,88,0,0,0,0,0,0,0,0,7,0,0,0,58,50,30,74,63
l22,8=0,0,0,0,0,0,0,0,27,1,0,2,0,0,7,17,69,14,0,84,92,86,0,0,0,0,0,0,0,13,0,0,0,0,0,57,76,26,72,50
l23,8=0,0,0,0,1,0,0,0,0,3,0,2,16,5,13,7,9,9,0,0,0,0,0,0,72,74,0,0,0,0,0,0,11,14,25,0,0,0,0,0
l24,8=0,0,0,3,0,0,0,0,0,2,0,2,66,5,32,6,15,9,0,0,8,0,0,73,0,36,0,0,0,0,0,4,0,0,3,0,0,0,0,0
l25,8=0,0,0,0,0,0,0,0,0,0,0,4,66,5,9,5,9,0,0,0,0,0,0,76,24,0,0,0,0,17,0,20,13,20,17,0,0,0,1,0
l26,8=0,0,0,0,0,0,0,0,0,0,0,0,0,0,0,0,0,0,0,10,7,0,0,0,0,0,0,36,79,91,56,77,66,28,26,0,0,0,0,0
l27,8=0,0,0,0,0,0,0,0,0,0,0,0,0,0,0,0,0,0,0,0,0,0,0,0,0,0,82,0,79,92,95,0,30,0,25,0,0,0,0,0
l28,8=0,0,0,0,0,0,0,0,0,0,0,0,0,0,0,0,0,0,0,11,14,0,0,0,0,0,82,92,0,92,93,77,22,31,26,0,0,0,0,0
l29,8=0,0,0,0,0,0,0,0,0,0,0,0,0,0,0,0,0,0,0,0,0,0,13,0,0,19,82,92,79,0,93,76,19,24,22,0,0,0,0,0
l30,8=0,0,0,0,0,0,0,0,0,0,0,0,0,0,0,0,0,0,0,0,0,0,0,0,0,0,70,92,79,91,0,29,59,25,0,0,0,0,0,0
l31,8=0,0,0,0,0,0,0,0,0,0,0,0,0,0,0,0,9,0,0,9,0,0,0,0,10,19,70,0,34,31,31,0,66,70,69,0,0,0,0,0
l32,8=0,0,0,0,0,0,0,0,0,0,0,0,0,0,0,0,1,0,0,0,0,0,0,21,0,22,47,23,27,25,37,52,0,73,74,0,0,0,0,0
l33,8=0,0,0,0,0,0,0,0,0,0,0,0,5,0,0,0,11,10,0,0,3,0,0,23,0,23,23,0,28,26,35,43,36,0,27,0,0,0,0,0
l34,8=0,0,0,0,0,0,0,0,0,0,0,0,5,0,0,0,10,0,0,0,0,0,0,23,11,23,23,21,26,25,0,46,72,27,0,0,0,0,0,0
l35,8=0,0,0,0,0,0,0,0,0,0,0,10,14,0,0,0,19,0,0,2,43,35,23,0,0,0,0,0,0,0,0,0,0,0,0,0,73,28,63,71
l36,8=0,0,0,0,0,0,0,0,0,0,0,18,14,0,5,15,26,19,0,40,53,25,33,0,0,0,0,0,0,0,0,0,0,0,0,74,0,29,70,55
l37,8=0,0,0,0,0,0,0,0,0,0,0,0,0,0,0,0,23,0,0,0,49,34,18,0,0,0,0,0,0,0,0,0,0,0,0,52,60,0,47,45
l38,8=0,0,0,0,0,0,0,0,0,1,0,7,16,42,0,28,21,17,0,0,65,63,34,0,0,0,0,0,0,0,0,0,0,0,0,76,78,35,0,41
l39,8=0,0,0,0,0,0,0,0,0,0,0,0,0,0,0,0,42,0,0,58,70,65,32,0,0,0,0,0,0,0,0,0,0,0,0,75,67,37,59,0

l0,9=0,97,100,99,97,98,96,86,0,97,71,0,0,5,0,0,0,0,0,0,0,0,0,0,0,0,0,0,0,0,0,0,0,0,0,0,0,0,0,0
l1,9=99,0,100,95,97,97,97,89,93,81,78,0,0,0,0,0,0,0,0,0,0,0,0,0,0,0,0,0,0,0,0,0,0,0,0,0,0,0,0,0
l2,9=98,99,0,99,97,100,100,84,0,53,41,0,83,0,0,0,0,0,0,0,0,0,0,0,0,0,0,0,0,0,0,0,0,0,0,0,0,0,0,0
l3,9=98,93,97,0,97,95,96,86,0,60,69,0,0,0,0,0,0,0,0,0,0,0,0,0,0,0,0,0,0,0,0,0,0,0,0,0,0,0,0,0
l4,9=98,97,97,99,0,97,95,89,94,69,78,0,0,0,0,0,0,0,0,0,0,0,0,0,0,0,0,0,0,0,0,0,0,0,0,0,0,0,0,0
l5,9=98,96,100,99,97,0,100,67,99,97,81,0,0,77,0,0,0,0,0,0,0,0,0,0,0,0,0,0,0,0,0,0,0,0,0,0,0,0,0,0
l6,9=91,92,100,92,88,98,0,100,88,96,83,0,0,78,0,0,26,0,0,0,0,0,0,0,0,0,0,0,0,0,0,0,0,0,0,0,0,0,0,0
l7,9=93,94,86,99,96,74,100,0,99,99,87,27,70,96,0,28,0,0,0,0,0,0,0,0,0,0,0,0,0,0,0,0,0,0,0,0,0,0,0,0
l8,9=0,76,0,0,95,56,53,97,0,100,44,95,0,96,68,31,32,95,0,47,0,0,85,0,0,0,0,0,0,0,0,0,0,0,0,0,0,0,0,0
l9,9=97,91,84,82,51,58,74,100,100,0,86,70,72,97,75,59,37,0,0,0,0,0,2,92,0,0,0,0,0,0,0,0,0,0,0,0,0,0,0,0
l10,9=96,95,95,96,97,100,99,100,98,99,0,8,79,96,0,94,70,75,0,0,0,0,0,81,0,0,0,0,0,0,0,0,0,0,0,0,0,0,0,0
l11,9=0,0,0,0,0,0,0,41,97,43,4,0,94,94,71,94,35,98,0,0,32,45,79,95,92,55,0,0,0,0,0,0,0,0,0,0,84,38,33,0
l12,9=0,0,0,0,0,0,0,0,0,26,7,69,0,91,83,58,39,98,0,0,32,0,19,99,97,100,0,0,0,0,0,0,0,0,9,0,77,0,33,0
l13,9=0,0,0,0,0,53,52,98,99,99,24,66,89,0,70,77,37,75,0,36,32,50,0,95,92,55,0,0,0,0,0,0,0,0,0,0,81,0,34,0
l14,9=0,0,0,0,0,0,0,0,24,45,0,65,97,92,0,54,38,99,0,0,26,39,76,100,99,0,0,0,0,0,0,0,0,0,0,0,66,0,0,0
l15,9=0,0,0,0,0,0,0,19,81,46,25,99,96,95,72,0,35,98,0,0,26,49,76,89,97,0,0,0,0,0,0,0,0,0,0,0,80,42,34,0
l16,9=0,0,0,0,0,0,19,0,75,42,14,42,95,93,71,33,0,98,76,79,35,0,88,96,97,51,0,0,0,0,0,18,0,71,86,0,70,77,36,31
l17,9=0,0,0,0,0,0,0,0,83,0,10,44,100,59,74,34,34,0,0,75,30,45,81,0,74,0,0,0,0,0,0,0,0,86,0,0,75,4,0,28
l18,9=0,0,0,0,0,0,0,0,0,1,0,0,0,0,0,0,53,0,0,0,50,54,0,0,0,0,0,0,0,0,0,0,0,0,0,0,0,0,0,0
l19,9=0,0,0,0,0,0,0,0,13,0,0,0,0,11,0,0,74,87,0,0,82,87,90,0,0,0,74,0,23,0,0,64,0,0,0,0,78,70,0,77
l20,9=0,0,0,0,0,0,0,0,0,0,0,36,77,62,56,17,76,73,60,96,0,92,95,0,10,0,61,0,0,0,0,0,0,0,36,83,83,83,84,75
l21,9=0,0,0,0,0,0,0,0,0,0,0,26,55,64,51,21,1,80,72,77,93,0,95,0,0,0,0,0,0,0,0,0,0,18,0,84,6,70,53,29
l22,9=0,0,0,0,0,0,0,0,80,11,0,25,57,0,54,22,47,86,0,77,93,88,0,0,0,0,69,0,0,17,0,41,0,0,0,82,84,78,77,0
l23,9=0,0,0,0,0,0,0,0,0,30,3,56,100,86,100,22,53,0,0,0,0,0,0,0,99,100,0,0,0,0,0,0,83,99,99,0,0,0,0,0
l24,9=0,0,0,0,0,0,0,0,0,0,0,43,97,96,100,33,100,94,0,0,8,0,0,100,0,99,0,0,0,0,0,0,0,97,0,0,59,0,0,0
l25,9=0,0,0,0,0,0,0,0,0,0,0,20,100,72,0,0,47,0,0,0,0,0,0,100,99,0,1,0,0,0,0,0,78,99,72,0,0,0,16,0
l26,9=0,0,0,0,0,0,0,0,0,0,0,0,0,0,0,0,0,0,0,86,76,0,86,0,0,0,0,89,99,99,99,98,99,92,92,0,0,0,0,0
l27,9=0,0,0,0,0,0,0,0,0,0,0,0,0,0,0,0,0,0,0,0,0,0,0,0,0,0,99,0,99,99,100,91,85,0,0,0,0,0,0,0
l28,9=0,0,0,0,0,0,0,0,0,0,0,0,0,0,0,0,0,0,0,79,0,0,0,0,0,0,100,99,0,99,100,86,0,88,0,0,0,0,0,0
l29,9=0,0,0,0,0,0,0,0,0,0,0,0,0,0,0,0,0,0,0,0,8,0,76,0,0,0,100,99,99,0,100,98,31,87,82,0,0,0,0,0
l30,9=0,0,0,0,0,0,0,0,0,0,0,0,0,0,0,0,0,0,0,0,0,0,0,0,0,0,98,99,99,99,0,95,95,78,88,0,0,0,0,0
l31,9=0,0,0,0,0,0,0,0,0,0,0,0,0,0,0,0,7,0,0,78,0,0,70,0,1,0,99,86,93,96,95,0,99,99,100,0,0,0,0,0
l32,9=0,0,0,0,0,0,0,0,0,0,0,0,29,0,0,0,0,0,0,0,0,0,0,93,0,50,100,50,0,20,97,99,0,100,100,0,0,0,0,0
l33,9=0,0,0,0,0,0,0,0,0,0,0,0,0,0,0,0,27,50,0,0,0,0,0,99,89,97,92,0,98,77,64,99,100,0,99,0,0,0,0,0
l34,9=0,0,0,0,0,0,0,0,0,0,0,0,48,0,0,0,57,0,0,0,27,0,0,99,25,49,98,0,0,94,98,99,100,100,0,0,0,0,0,0
l35,9=0,0,0,0,0,0,0,0,0,0,0,0,0,0,0,0,0,0,0,0,23,39,67,0,0,0,0,0,0,0,0,0,0,0,0,0,89,77,81,22
l36,9=0,0,0,0,0,0,0,0,0,0,0,17,52,30,28,14,16,48,0,44,25,0,76,0,22,0,0,0,0,0,0,0,0,0,0,89,0,84,30,24
l37,9=0,0,0,0,0,0,0,0,0,0,0,0,0,0,0,1,15,0,0,31,25,27,67,0,0,0,0,0,0,0,0,0,0,0,0,83,84,0,30,23
l38,9=0,0,0,0,0,0,0,0,0,0,0,26,62,54,0,18,30,0,0,0,32,47,82,0,0,4,0,0,0,0,0,0,0,0,0,88,87,85,0,25
l39,9=0,0,0,0,0,0,0,0,0,0,0,0,0,0,0,0,25,73,0,62,30,45,0,0,0,0,0,0,0,0,0,0,0,0,0,81,81,79,28,0

l0,10=0,88,88,92,92,75,0,85,0,82,79,0,0,0,0,0,0,0,0,0,0,0,0,0,0,0,0,0,0,0,0,0,0,0,0,0,0,0,0,0
l1,10=94,0,88,92,89,87,87,83,52,74,66,0,0,0,0,0,0,0,0,0,0,0,0,0,0,0,0,0,0,0,0,0,0,0,0,0,0,0,0,0
l2,10=94,82,0,92,89,89,85,84,37,86,80,0,20,0,0,0,0,0,0,0,0,0,0,0,0,0,0,0,0,0,0,0,0,0,0,0,0,0,0,0
l3,10=97,85,89,0,96,87,60,73,0,69,58,0,0,0,0,0,0,0,0,0,0,0,0,0,0,0,0,0,0,0,0,0,0,0,0,0,0,0,0,0
l4,10=94,79,86,92,0,87,78,87,79,74,87,0,0,0,0,0,0,0,0,0,0,0,0,0,0,0,0,0,0,0,0,0,0,0,0,0,0,0,0,0
l5,10=86,80,88,89,92,0,85,89,76,84,85,0,0,79,0,0,0,0,0,0,0,0,0,0,0,0,0,0,0,0,0,0,0,0,0,0,0,0,0,0
l6,10=0,80,82,70,67,81,0,88,69,82,73,0,0,66,0,0,21,0,0,0,0,0,0,0,0,0,0,0,0,0,0,0,0,0,0,0,0,0,0,0
l7,10=75,64,70,72,78,81,85,0,79,89,87,64,42,79,50,1,0,0,0,0,0,0,0,0,0,0,0,0,0,0,0,0,0,0,0,0,0,0,0,0
l8,10=0,39,0,8,66,60,71,81,0,92,65,78,62,87,17,65,0,64,0,32,2,0,58,53,58,0,0,0,0,0,0,0,0,0,0,0,0,0,0,0
l9,10=69,53,38,41,53,57,81,88,83,0,87,72,61,84,64,45,0,0,0,0,0,15,2,14,20,0,0,0,0,0,0,0,0,0,0,0,0,0,0,0
l10,10=70,58,63,67,80,65,74,88,67,90,0,66,0,75,0,65,0,58,0,0,0,0,0,2,0,0,0,0,0,0,0,0,0,0,0,0,0,0,0,0
l11,10=0,0,0,0,0,0,0,54,72,79,48,0,79,84,80,83,36,83,0,0,41,32,1,62,76,53,0,0,0,0,0,0,0,0,0,35,57,0,62,0
l12,10=0,0,0,0,0,0,0,0,45,74,0,55,0,78,95,82,67,96,0,0,44,36,0,85,98,99,0,0,0,0,0,0,0,22,0,4,0,0,61,0
l13,10=0,0,0,0,0,52,58,76,82,86,55,80,72,0,63,80,47,18,0,2,44,34,0,47,75,46,0,0,0,0,0,0,0,0,0,0,0,0,57,0
l14,10=0,0,0,0,0,0,0,1,15,76,0,87,95,71,0,42,53,82,0,0,37,29,27,75,94,69,0,0,0,0,0,0,0,40,0,0,72,0,67,0
l15,10=0,0,0,0,0,0,0,0,72,79,58,90,93,91,78,0,46,80,0,46,42,2,28,3,76,40,0,0,0,0,0,0,0,0,0,1,2,0,68,0
l16,10=0,0,0,0,0,0,8,0,0,0,0,24,78,63,72,31,0,69,34,47,50,38,20,53,90,15,0,0,0,0,0,0,0,0,25,1,64,55,81,65
l17,10=0,0,0,0,0,0,0,0,55,33,26,55,84,31,92,50,53,0,0,61,21,44,45,6,80,28,0,0,0,0,0,0,0,20,0,0,72,0,66,66
l18,10=0,0,0,0,0,0,0,0,0,0,0,0,0,0,0,0,34,0,0,67,77,76,0,0,0,0,0,0,0,0,0,0,0,0,0,0,0,0,0,0
l19,10=0,0,0,0,0,0,0,0,24,0,0,0,0,1,0,23,34,41,59,0,81,73,76,0,0,0,31,0,0,0,0,45,11,0,0,22,0,55,0,63
l20,10=0,0,0,0,0,0,0,0,0,0,0,25,56,46,7,18,42,31,56,77,0,89,91,0,0,0,0,0,0,2,0,0,29,0,0,48,82,60,75,75
l21,10=0,0,0,0,0,0,0,0,0,50,0,34,57,50,53,6,42,47,65,66,89,0,87,0,0,0,2,0,0,0,0,0,0,10,0,42,66,55,75,74
l22,10=0,0,0,0,0,0,0,0,44,20,0,0,0,0,29,21,35,46,0,66,89,82,0,0,0,0,33,0,0,40,0,53,0,0,0,62,74,53,75,67
l23,10=0,0,0,0,0,0,0,0,69,72,0,49,98,72,93,1,51,0,0,0,0,0,0,0,99,100,0,0,0,0,0,18,77,53,34,0,0,0,0,0
l24,10=0,0,0,0,0,0,0,0,3,17,0,54,98,85,96,42,91,71,0,0,1,0,0,91,0,97,0,0,0,0,0,0,0,39,34,0,0,0,61,0
l25,10=0,0,0,0,0,0,0,0,0,0,0,62,98,63,94,40,24,41,0,0,0,0,0,95,98,0,21,0,0,0,0,47,33,95,60,0,0,0,59,0
l26,10=0,0,0,0,0,0,0,0,0,0,0,0,0,0,0,0,0,0,0,65,0,0,67,0,0,29,0,79,95,99,99,100,99,65,81,0,0,0,0,0
l27,10=0,0,0,0,0,0,0,0,0,0,0,0,0,0,0,0,0,0,0,0,0,0,0,0,0,0,87,0,91,99,100,85,0,0,82,0,0,0,0,0
l28,10=0,0,0,0,0,0,0,0,0,0,0,0,0,0,0,0,0,0,0,0,0,0,0,0,0,0,94,94,0,99,100,88,60,76,68,0,0,0,0,0
l29,10=0,0,0,0,0,0,0,0,0,0,0,0,0,0,0,0,0,0,0,0,39,0,48,0,0,0,94,95,95,0,100,92,74,0,74,0,0,0,0,0
l30,10=0,0,0,0,0,0,0,0,0,0,0,0,0,0,0,0,0,0,0,0,0,0,0,0,0,0,94,95,93,99,0,86,82,66,79,0,0,0,0,0
l31,10=0,0,0,0,0,0,0,0,0,0,0,0,0,0,0,0,0,0,0,55,7,0,71,30,0,29,94,80,88,97,99,0,99,99,100,0,0,0,0,0
l32,10=0,0,0,0,0,0,0,0,0,0,0,0,0,0,0,0,0,0,0,28,58,0,0,82,0,33,94,0,63,81,86,100,0,100,100,0,0,0,0,0
l33,10=0,0,0,0,0,0,0,0,0,0,0,0,76,0,81,0,0,28,0,0,2,5,0,89,86,98,93,0,92,12,87,100,100,0,100,0,0,0,0,0
l34,10=0,0,0,0,0,0,0,0,0,0,0,0,15,0,0,0,76,0,0,18,24,0,0,62,72,73,92,54,80,88,88,100,100,99,0,0,0,0,0,0
l35,10=0,0,0,0,0,0,0,0,0,0,0,19,17,0,0,0,0,0,0,7,47,39,41,0,0,0,0,0,0,0,0,0,0,0,0,0,87,62,72,67
l36,10=0,0,0,0,0,0,0,0,0,0,0,9,0,0,28,0,21,27,0,0,52,10,46,0,0,0,0,0,0,0,0,0,0,0,0,56,0,80,82,77
l37,10=0,0,0,0,0,0,0,0,0,0,0,0,0,0,0,0,25,0,0,47,48,1,11,0,0,0,0,0,0,0,0,0,0,0,0,49,81,0,68,68
l38,10=0,0,0,0,0,0,0,0,0,0,0,23,39,27,29,14,45,31,0,0,52,46,49,0,25,15,0,0,0,0,0,0,0,0,0,52,82,67,0,78
l39,10=0,0,0,0,0,0,0,0,0,0,0,0,0,0,0,0,39,25,0,53,50,44,43,0,0,0,0,0,0,0,0,0,0,0,0,47,81,65,72,0

l0,11=0,94,88,90,89,80,16,51,33,56,0,0,0,4,0,0,0,0,0,0,0,0,0,0,0,0,0,0,0,0,0,0,0,0,0,0,0,0,0,0
l1,11=91,0,92,73,85,87,85,86,24,58,74,22,0,0,0,0,0,0,0,0,0,0,0,0,0,0,0,0,0,0,0,0,0,0,0,0,0,0,0,0
l2,11=87,93,0,87,85,89,40,80,54,68,67,0,0,0,0,0,0,0,0,0,0,0,0,0,0,0,0,0,0,0,0,0,0,0,0,0,0,0,0,0
l3,11=92,62,92,0,89,86,21,0,0,26,57,0,0,0,0,0,0,0,0,0,0,0,0,0,0,0,0,0,0,0,0,0,0,0,0,0,0,0,0,0
l4,11=91,77,82,89,0,75,81,52,0,50,62,0,0,0,0,0,0,0,0,0,0,0,0,30,0,0,0,0,0,0,0,0,0,0,0,0,0,0,0,0
l5,11=85,92,92,85,86,0,86,87,44,80,63,0,0,0,0,0,0,0,0,0,0,0,0,0,0,0,0,0,0,0,0,0,0,0,0,0,0,0,0,0
l6,11=24,82,14,46,83,80,0,87,42,80,75,55,0,63,0,52,20,0,0,0,0,0,0,0,0,0,0,0,0,0,0,0,0,0,0,0,0,0,0,0
l7,11=70,85,75,48,79,79,87,0,71,80,85,65,56,76,0,45,0,0,0,0,0,0,0,0,0,0,0,0,0,0,0,0,0,0,0,0,0,0,0,0
l8,11=35,30,42,0,0,58,70,76,0,85,52,72,70,84,45,72,0,38,0,29,0,0,0,36,0,0,0,0,0,0,0,0,0,0,0,0,0,0,0,0
l9,11=31,31,41,39,43,66,78,87,79,0,84,73,58,80,0,61,11,1,0,0,0,24,0,1,0,0,0,0,0,0,0,0,0,0,0,0,0,0,0,0
l10,11=0,54,45,53,60,35,75,87,72,83,0,63,0,74,0,66,0,18,0,0,0,0,0,1,0,0,0,0,0,0,0,0,0,0,0,0,0,0,0,0
l11,11=0,1,0,0,0,0,45,53,22,21,37,0,81,81,80,89,45,49,0,0,13,24,9,41,76,67,0,0,0,0,0,0,0,0,0,47,0,0,38,0
l12,11=0,0,0,0,0,0,0,35,21,20,0,88,0,74,94,84,79,91,0,0,42,28,18,44,93,97,0,0,0,0,0,0,0,0,0,0,0,0,40,0
l13,11=0,0,0,0,0,0,62,77,75,49,40,83,71,0,28,86,39,43,0,1,41,24,0,39,67,66,0,0,0,0,0,0,0,0,0,0,0,0,18,0
l14,11=0,0,0,0,1,0,0,0,0,0,0,82,90,12,0,52,80,83,0,0,0,0,0,60,0,85,0,0,0,0,0,0,0,22,31,53,54,0,31,0
l15,11=0,0,0,0,0,0,62,39,24,20,37,91,90,88,54,0,73,82,0,31,45,26,7,26,21,60,0,0,0,0,0,0,0,0,0,26,56,0,34,0
l16,11=0,0,0,0,0,0,35,0,0,11,0,63,76,56,83,73,0,49,3,24,47,40,19,35,83,17,0,0,0,0,0,0,11,15,57,0,60,34,47,39
l17,11=0,0,0,0,0,0,0,0,20,7,18,88,91,66,87,84,54,0,0,0,43,35,20,35,77,0,0,0,0,0,0,0,0,0,0,0,67,0,17,32
l18,11=0,0,0,0,0,0,0,0,0,0,0,0,0,0,0,0,37,0,0,50,60,65,23,0,0,0,0,0,0,0,0,0,0,0,0,0,0,0,0,4
l19,11=0,0,0,0,0,0,0,0,10,0,0,0,0,0,0,40,25,0,27,0,74,63,70,0,0,0,28,0,0,0,0,13,0,0,5,50,47,29,0,40
l20,11=0,0,0,0,0,0,0,0,0,0,0,0,46,47,0,51,41,26,24,49,0,85,84,0,0,0,2,0,7,0,0,0,5,2,0,60,62,36,38,45
l21,11=0,0,0,0,0,0,0,0,0,15,0,50,51,45,23,45,65,30,26,69,90,0,82,0,11,0,0,0,0,0,0,0,0,0,0,35,55,33,69,42
l22,11=0,0,0,0,0,0,0,0,0,0,0,53,42,0,0,10,35,28,0,63,88,76,0,0,0,0,27,0,0,0,0,36,0,0,0,57,61,0,70,44
l23,11=0,0,0,0,54,0,0,0,16,3,0,78,91,77,92,46,51,31,0,0,0,0,0,0,93,97,0,0,0,0,0,28,29,25,0,0,0,0,0,0
l24,11=0,0,0,0,0,0,0,0,0,0,0,82,93,73,21,6,86,48,0,0,0,0,0,93,0,91,0,0,0,0,0,0,0,0,0,0,0,0,0,0
l25,11=0,0,0,0,0,0,0,0,0,0,0,62,93,70,92,59,4,0,0,0,0,0,0,95,90,0,0,0,0,0,0,43,14,90,0,0,0,0,0,0
l26,11=0,0,0,0,0,0,0,0,0,0,0,0,0,0,0,0,0,0,0,42,27,0,48,0,0,0,0,82,91,87,96,90,82,75,77,0,0,0,0,0
l27,11=0,0,0,0,0,0,0,0,0,0,0,0,0,0,0,0,0,0,0,0,0,0,0,0,0,0,86,0,89,90,96,75,2,0,37,0,0,0,0,0
l28,11=0,0,0,0,0,0,0,0,0,0,0,0,0,0,0,0,0,0,0,0,35,0,0,0,0,0,89,96,0,90,97,80,47,0,33,0,0,0,0,0
l29,11=0,0,0,0,0,0,0,0,0,0,0,0,0,0,0,0,0,0,0,0,0,0,0,0,0,0,87,96,91,0,97,84,42,39,36,0,0,0,0,0
l30,11=0,0,0,0,0,0,0,0,0,0,0,0,0,0,0,0,0,0,0,0,0,0,0,0,0,0,89,96,91,90,0,87,62,78,69,0,0,0,0,0
l31,11=0,0,0,0,0,0,0,0,0,0,0,0,0,0,0,0,0,0,0,17,0,0,56,39,0,46,89,78,81,86,84,0,85,100,100,0,0,0,0,0
l32,11=0,0,0,0,0,0,0,0,0,0,0,0,0,0,0,0,12,0,0,0,18,0,0,31,2,33,89,0,52,42,63,93,0,100,100,0,0,0,0,0
l33,11=0,0,0,0,0,0,0,0,0,0,0,0,0,0,94,0,31,0,0,0,8,0,0,81,0,96,85,0,0,79,95,100,94,0,99,0,0,0,0,0
l34,11=0,0,0,0,0,0,0,0,0,0,0,0,0,0,35,0,55,0,0,12,0,0,0,0,8,4,84,69,26,75,82,100,94,100,0,0,0,0,0,0
l35,11=0,0,0,0,0,0,0,0,0,0,0,19,0,0,26,10,0,0,0,21,34,2,20,0,0,0,0,0,0,0,0,0,0,0,0,0,81,41,38,49
l36,11=0,0,0,0,0,0,0,0,0,0,0,0,0,0,49,45,40,30,0,15,40,29,23,0,0,0,0,0,0,0,0,0,0,0,0,85,0,45,46,53
l37,11=0,0,0,0,0,0,0,0,0,0,0,0,0,0,0,0,39,0,0,26,33,24,0,0,0,0,0,0,0,0,0,0,0,0,0,66,67,0,37,46
l38,11=0,0,0,0,0,0,0,0,0,0,0,56,60,10,34,54,46,0,0,0,41,37,23,0,0,0,0,0,0,0,0,0,0,0,0,69,76,34,0,53
l39,11=0,0,0,0,0,0,0,0,0,0,0,0,0,0,0,0,42,1,0,36,37,33,21,0,0,0,0,0,0,0,0,0,0,0,0,67,77,39,74,0

l0,12=0,87,92,94,92,91,75,67,5,66,58,0,0,0,0,0,0,0,0,0,0,0,0,0,0,0,0,0,0,0,0,0,0,0,0,0,0,0,0,0
l1,12=89,0,86,88,89,84,83,85,0,64,76,62,0,0,0,0,0,0,0,0,0,0,0,0,0,0,0,0,0,0,0,0,0,0,0,0,0,0,0,0
l2,12=89,85,0,91,85,91,88,77,66,74,76,0,0,3,0,0,0,0,0,0,0,0,0,0,0,0,0,0,0,0,0,0,0,0,0,0,0,0,0,0
l3,12=91,82,88,0,92,85,1,49,0,0,67,0,0,0,0,0,0,0,0,0,0,0,0,0,0,0,0,0,0,0,0,0,0,0,0,0,0,0,0,0
l4,12=89,82,84,92,0,64,73,78,54,57,6,0,0,0,40,0,0,0,0,0,0,0,0,59,0,0,0,0,0,0,0,0,0,0,0,0,0,0,0,0
l5,12=88,83,92,88,80,0,82,87,76,84,76,0,0,57,0,0,0,0,0,0,0,0,0,8,0,0,0,0,0,0,0,0,0,0,0,0,0,0,0,0
l6,12=72,83,89,50,84,77,0,87,67,60,80,70,0,64,0,69,0,0,0,0,0,0,0,0,0,0,0,0,0,0,0,0,0,0,0,0,0,0,0,0
l7,12=73,82,42,59,85,86,82,0,77,85,89,59,43,74,0,14,0,0,0,0,0,0,0,0,0,0,0,0,0,0,0,0,0,0,0,0,0,0,0,0
l8,12=11,0,38,49,72,69,62,74,0,88,79,66,62,86,0,64,44,38,0,35,0,43,0,0,33,0,0,0,0,0,0,0,0,0,0,0,0,0,0,0
l9,12=64,30,45,0,63,84,51,87,83,0,89,68,58,83,13,38,40,19,0,0,50,51,0,8,0,0,0,0,0,0,0,0,0,0,0,0,0,0,0,0
l10,12=60,60,67,73,33,61,72,89,79,87,0,65,7,77,0,67,0,0,0,0,0,0,0,34,0,0,0,0,0,0,0,0,0,0,0,0,0,0,0,0
l11,12=0,19,0,0,0,0,64,41,72,75,72,0,74,83,46,87,66,87,0,0,54,59,42,12,14,26,0,0,0,0,0,0,0,0,0,34,60,0,38,0
l12,12=0,0,0,0,0,0,0,11,58,59,0,86,0,78,97,84,80,92,0,0,56,55,56,66,96,99,0,0,0,0,0,0,0,1,0,0,0,0,45,0
l13,12=0,0,0,2,0,55,51,70,83,83,79,85,67,0,47,85,65,72,0,0,53,52,0,68,13,2,0,0,0,0,0,0,0,0,0,0,0,0,0,0
l14,12=0,0,0,0,61,0,0,0,0,58,32,75,91,78,0,50,90,85,0,0,0,64,21,91,96,48,0,0,0,0,0,0,0,46,48,59,42,0,33,0
l15,12=0,0,0,0,0,0,64,0,74,75,76,90,86,90,51,0,66,80,0,45,62,64,16,69,49,40,0,0,0,0,0,0,0,0,0,0,0,0,25,0
l16,12=0,0,0,0,0,0,0,0,27,55,1,63,79,73,56,52,0,88,58,61,77,72,48,35,58,23,0,0,0,0,0,0,0,0,2,68,76,35,50,13
l17,12=0,0,0,0,0,0,0,0,37,57,0,87,87,75,53,52,75,0,0,52,77,74,68,68,22,0,0,0,0,0,0,0,0,3,0,0,71,0,22,1
l18,12=0,0,0,0,0,0,0,0,0,0,0,0,0,0,0,0,59,0,0,57,63,52,0,0,0,0,0,0,0,0,0,0,0,0,0,0,0,0,0,2
l19,12=0,0,0,0,0,0,0,0,23,0,0,0,0,0,0,34,49,50,47,0,85,70,71,0,0,0,41,0,22,7,0,51,15,0,0,33,4,0,31,60
l20,12=0,0,0,0,0,0,0,0,0,2,0,21,41,46,0,34,64,67,48,85,0,87,88,0,0,0,34,0,12,0,0,17,0,0,0,57,83,40,40,47
l21,12=0,0,0,0,0,0,0,0,24,53,0,57,46,50,35,57,71,67,49,82,88,0,87,0,38,0,33,0,0,0,0,0,0,0,0,54,68,42,81,47
l22,12=0,0,0,0,0,0,0,0,0,0,0,57,41,0,0,7,47,55,0,82,87,86,0,0,0,0,35,0,0,0,0,0,0,0,0,70,74,31,45,49
l23,12=0,0,0,0,75,1,0,0,0,3,0,5,78,81,61,43,34,76,0,0,0,0,0,0,85,99,0,0,0,0,0,26,13,33,0,0,0,0,0,0
l24,12=0,0,0,0,0,0,0,0,64,0,2,38,90,41,98,78,90,47,0,0,0,59,0,95,0,94,0,0,0,0,0,31,42,0,0,0,0,0,40,0
l25,12=0,0,0,0,0,0,0,0,0,0,0,52,91,42,50,78,60,0,0,0,0,0,0,99,96,0,0,0,0,0,0,68,45,44,84,0,0,0,0,0
l26,12=0,0,0,0,0,0,0,0,0,0,0,0,0,0,0,0,0,0,0,57,51,13,33,0,0,0,0,73,88,76,96,95,74,71,74,0,0,0,0,0
l27,12=0,0,0,0,0,0,0,0,0,0,0,0,0,0,0,0,0,0,0,0,0,0,0,0,0,0,81,0,83,97,96,84,0,15,13,0,0,0,0,0
l28,12=0,0,0,0,0,0,0,0,0,0,0,0,0,0,0,0,0,0,0,62,60,0,0,0,0,0,88,94,0,97,96,85,68,71,70,0,0,0,0,0
l29,12=0,0,0,0,0,0,0,0,0,0,0,0,0,0,0,0,0,0,0,2,0,0,0,0,0,0,82,94,88,0,96,85,72,71,73,0,0,0,0,0
l30,12=0,0,0,0,0,0,0,0,0,0,0,0,0,0,0,0,0,0,0,0,0,0,0,0,0,0,88,94,88,97,0,84,73,46,37,0,0,0,0,0
l31,12=0,0,0,0,0,0,0,0,0,0,0,0,0,0,0,0,0,0,0,71,61,0,0,56,42,78,88,85,81,93,96,0,97,100,100,0,0,0,0,0
l32,12=0,0,0,0,0,0,0,0,0,0,0,0,0,0,0,0,0,0,0,41,0,0,0,61,66,70,85,0,79,87,89,96,0,100,100,0,0,0,0,0
l33,12=0,0,0,0,0,0,0,0,0,0,0,0,30,0,67,0,11,7,0,0,0,0,0,59,0,79,81,42,68,73,77,99,97,0,100,0,0,0,0,0
l34,12=0,0,0,0,0,0,0,0,0,0,0,0,0,0,49,0,19,0,0,0,0,0,0,0,1,83,87,34,79,84,75,99,97,100,0,0,0,0,0,0
l35,12=0,0,0,0,0,0,0,0,0,0,0,10,0,0,3,0,23,0,0,7,57,27,72,0,0,0,0,0,0,0,0,0,0,0,0,0,90,53,48,47
l36,12=0,0,0,0,0,0,0,0,0,0,0,45,0,0,1,0,62,60,0,0,79,66,77,0,0,0,0,0,0,0,0,0,0,0,0,88,0,54,55,55
l37,12=0,0,0,0,0,0,0,0,0,0,0,0,0,0,0,0,45,0,0,0,67,51,33,0,0,0,0,0,0,0,0,0,0,0,0,89,87,0,7,55
l38,12=0,0,0,0,0,0,0,0,0,0,0,53,63,0,8,5,71,53,0,46,72,79,79,0,18,0,0,0,0,0,0,0,0,0,0,87,88,16,0,56
l39,12=0,0,0,0,0,0,0,0,0,0,0,0,0,0,0,0,42,0,0,69,74,56,77,0,0,0,0,0,0,0,0,0,0,0,0,68,85,51,49,0

l0,13=0,92,93,95,94,91,92,93,88,91,92,0,0,0,0,0,0,0,0,0,0,0,0,2,0,0,0,0,0,0,0,0,0,0,0,0,0,0,0,0
l1,13=93,0,93,97,93,91,92,89,35,70,81,0,3,0,0,0,0,0,0,0,0,0,0,0,0,0,0,0,0,0,0,0,0,0,0,0,0,0,0,0
l2,13=93,92,0,95,93,91,92,52,0,89,95,0,0,44,0,0,0,0,0,0,0,0,0,0,0,0,0,0,0,0,0,0,0,0,0,0,0,0,0,0
l3,13=96,97,93,0,96,91,90,91,4,0,94,0,0,0,0,0,0,0,0,0,0,0,0,0,0,0,0,0,0,0,0,0,0,0,0,0,0,0,0,0
l4,13=93,92,93,95,0,89,92,91,66,6,94,0,0,0,0,0,0,0,0,0,0,0,0,0,0,0,0,0,0,0,0,0,0,0,0,0,0,0,0,0
l5,13=93,88,93,95,87,0,92,53,54,92,91,0,0,50,0,0,0,0,0,0,0,0,0,0,0,0,0,0,0,0,0,0,0,0,0,0,0,0,0,0
l6,13=91,87,93,91,93,91,0,0,75,89,0,87,0,51,0,86,0,0,0,0,0,0,0,0,0,0,0,0,0,0,0,0,0,0,0,0,0,0,0,0
l7,13=90,89,54,76,91,87,0,0,93,92,95,45,0,51,0,22,0,0,0,0,0,0,0,0,0,0,0,0,0,0,0,0,0,0,0,0,0,0,0,0
l8,13=70,9,0,45,69,78,72,62,0,94,92,75,42,86,63,73,70,62,0,55,0,39,1,0,77,0,0,0,0,0,0,0,0,0,0,0,0,0,0,0
l9,13=70,2,66,0,0,85,82,91,93,0,95,80,31,88,62,86,72,65,0,0,22,32,0,0,0,0,0,0,0,0,0,0,0,0,0,0,0,0,0,0
l10,13=72,45,49,50,84,82,0,93,90,94,0,55,0,87,0,77,0,0,0,0,0,0,0,0,0,0,0,0,0,0,0,0,0,0,0,0,0,0,0,0
l11,13=0,0,0,0,0,0,69,19,25,68,78,0,56,93,73,97,82,96,0,0,22,26,55,71,65,52,0,0,0,0,0,0,0,0,0,0,49,0,25,0
l12,13=0,0,0,0,0,0,0,0,24,51,0,93,0,6,87,96,94,98,0,0,26,17,58,89,99,98,0,0,0,0,0,0,0,47,0,0,66,0,26,0
l13,13=0,0,12,0,0,71,65,29,71,94,91,96,42,0,70,97,78,88,0,13,19,26,0,76,41,53,0,0,0,0,0,0,0,0,0,0,0,0,24,0
l14,13=0,0,0,0,0,0,0,0,29,70,0,66,95,55,0,92,97,91,0,0,0,26,6,97,100,87,0,0,0,0,0,0,13,41,40,0,4,0,4,0
l15,13=0,0,0,0,0,0,69,0,22,74,79,96,59,93,72,0,96,97,0,55,22,23,0,74,89,70,0,0,0,0,0,0,0,0,0,0,68,0,26,0
l16,13=0,0,0,0,0,0,0,0,19,57,0,58,54,38,76,95,0,96,40,61,23,26,62,47,92,63,0,0,0,0,0,0,0,4,9,64,74,50,28,27
l17,13=0,0,0,0,0,0,0,0,26,65,0,67,59,54,78,96,96,0,0,61,29,30,60,68,91,20,0,0,0,0,0,0,0,25,0,0,80,0,27,0
l18,13=0,0,0,0,0,0,0,0,0,0,0,0,0,0,0,0,82,0,0,88,92,3,11,0,0,0,0,0,0,0,0,0,0,0,0,0,0,0,0,0
l19,13=0,0,0,0,0,0,0,0,38,0,0,0,0,1,0,57,69,58,61,0,96,91,86,0,0,0,41,0,2,13,0,27,0,0,0,46,59,58,64,61
l20,13=0,0,0,0,0,0,0,0,0,37,0,48,41,24,0,78,85,81,65,92,0,95,95,0,4,0,40,0,0,0,0,26,0,0,0,80,80,81,54,32
l21,13=0,0,0,0,0,0,0,0,20,61,0,76,35,33,51,64,80,85,0,92,95,0,95,0,68,0,48,0,0,0,0,0,0,0,0,79,68,0,86,53
l22,13=0,0,0,0,0,0,0,0,0,0,0,39,35,0,6,0,77,48,0,81,95,95,0,0,0,0,62,0,0,0,0,0,0,0,21,78,85,62,31,59
l23,13=0,0,0,7,1,0,0,0,0,0,0,82,58,55,100,96,87,17,0,0,0,0,0,0,75,100,0,0,0,0,0,0,0,0,7,0,0,0,0,0
l24,13=0,0,0,0,0,0,0,0,30,2,0,60,96,9,100,92,97,96,0,0,7,28,0,75,0,100,0,0,0,0,0,0,46,0,0,0,72,0,0,0
l25,13=0,0,0,1,0,0,0,0,0,0,0,24,96,43,84,97,94,10,0,0,0,0,0,99,100,0,0,0,0,7,0,43,63,61,60,0,0,0,0,0
l26,13=0,0,0,0,0,0,0,0,0,0,0,0,0,0,0,0,0,0,0,44,58,36,65,0,0,0,0,88,97,82,98,99,84,79,0,0,0,0,0,0
l27,13=0,0,0,0,0,0,0,0,0,0,0,0,0,0,0,0,0,0,0,0,0,0,0,0,0,0,85,0,89,100,100,86,68,64,45,0,0,0,0,0
l28,13=0,0,0,0,0,0,0,0,0,0,0,0,0,0,0,0,0,0,0,35,38,0,0,0,0,2,98,96,0,100,100,98,72,75,80,0,0,0,0,0
l29,13=0,0,0,0,0,0,0,0,0,0,0,0,0,0,0,0,0,0,0,18,0,0,0,0,0,0,84,96,97,0,100,88,84,69,77,0,0,0,0,0
l30,13=0,0,0,0,0,0,0,0,0,0,0,0,0,0,0,0,0,0,0,0,0,0,0,0,0,0,98,96,97,100,0,93,77,72,24,0,0,0,0,0
l31,13=0,0,0,0,0,0,0,0,0,0,0,0,0,0,0,0,0,0,0,58,75,0,0,0,0,75,98,94,97,100,100,0,100,100,100,0,0,0,0,0
l32,13=0,0,0,0,0,0,0,0,0,0,0,0,0,0,42,0,0,0,0,2,0,0,0,0,88,90,93,70,81,93,93,100,0,100,100,0,0,0,0,0
l33,13=0,0,0,0,0,0,0,0,0,0,0,0,89,0,65,0,68,53,0,0,0,0,0,15,1,98,98,76,95,87,98,100,100,0,100,0,0,0,0,0
l34,13=0,0,0,0,0,0,0,0,0,0,0,0,0,0,76,0,84,0,0,0,11,0,68,33,1,97,0,58,97,99,54,100,100,100,0,0,0,0,0,0
l35,13=0,0,0,0,0,0,0,0,0,0,0,0,2,0,0,0,59,0,0,26,24,20,63,0,0,0,0,0,0,0,0,0,0,0,0,0,91,87,30,34
l36,13=0,0,0,0,0,0,0,0,0,0,0,0,25,0,10,54,80,48,0,53,25,20,72,0,57,0,0,0,0,0,0,0,0,0,0,94,0,83,32,34
l37,13=0,0,0,0,0,0,0,0,0,0,0,0,0,0,0,0,1,0,0,53,27,0,52,0,0,0,0,0,0,0,0,0,0,0,0,82,86,0,29,33
l38,13=0,0,0,0,0,0,0,0,0,0,0,49,43,34,0,75,82,54,0,62,26,30,69,0,0,0,0,0,0,0,0,0,0,0,0,79,90,77,0,34
l39,13=0,0,0,0,0,0,0,0,0,0,0,0,0,0,0,0,73,0,0,63,24,29,75,0,0,0,0,0,0,0,0,0,0,0,0,81,81,73,30,0

l0,14=0,100,99,100,100,100,100,99,67,98,99,0,0,0,0,0,0,0,0,0,0,0,0,0,0,0,0,0,0,0,0,0,0,0,0,0,0,0,0,0
l1,14=99,0,99,100,100,100,39,0,42,0,49,0,0,29,0,0,0,0,0,0,0,0,0,0,0,0,0,0,0,0,0,0,0,0,0,0,0,0,0,0
l2,14=100,100,0,100,100,100,100,100,27,98,100,0,0,32,0,4,0,0,0,0,0,0,0,0,0,0,0,0,0,0,0,0,0,0,0,0,0,0,0,0
l3,14=100,100,99,0,100,98,100,100,0,0,100,0,0,0,0,0,0,0,0,0,0,0,0,0,0,0,0,0,0,0,0,0,0,0,0,0,0,0,0,0
l4,14=100,100,99,100,0,100,100,0,52,57,100,0,0,0,0,0,0,0,0,0,0,0,0,0,0,0,0,0,0,0,0,0,0,0,0,0,0,0,0,0
l5,14=100,100,99,100,100,0,100,100,96,99,100,0,0,67,0,90,0,0,0,0,0,0,0,0,0,0,0,0,0,0,0,0,0,0,0,0,0,0,0,0
l6,14=97,21,99,94,100,100,0,94,87,94,96,99,0,93,0,91,0,0,0,0,0,0,52,0,0,0,0,0,0,0,0,0,0,0,0,0,0,0,0,0
l7,14=99,0,99,62,0,98,99,0,99,99,100,0,0,58,0,10,96,0,0,0,0,0,0,0,0,0,0,0,0,0,0,0,0,0,0,0,0,0,0,0
l8,14=56,47,6,8,36,45,50,40,0,99,100,39,43,27,30,47,44,0,0,4,41,44,37,0,54,0,0,0,0,0,0,0,0,0,0,0,0,0,0,0
l9,14=55,0,27,0,33,91,50,99,99,0,100,51,0,100,27,86,47,36,0,0,44,45,0,42,3,0,0,0,0,0,0,0,0,0,0,0,0,0,0,0
l10,14=98,97,60,63,100,98,99,100,99,99,0,91,32,100,24,96,0,0,0,0,11,0,0,0,0,0,0,0,0,0,0,0,0,0,0,0,0,0,0,0
l11,14=0,0,0,0,0,0,63,0,21,67,46,0,77,100,60,98,98,84,0,0,44,45,51,50,16,33,0,0,0,0,0,0,0,0,0,13,19,0,38,0
l12,14=0,0,0,0,0,0,0,0,50,0,0,98,0,59,98,96,46,99,0,2,96,0,50,98,97,99,0,0,0,0,0,0,0,49,0,15,0,0,0,0
l13,14=0,85,39,0,0,97,97,60,28,98,98,100,98,0,53,98,96,92,0,14,0,89,0,70,96,43,0,0,0,0,0,0,0,0,0,0,0,0,39,0
l14,14=0,0,0,0,0,0,0,0,29,39,7,98,100,20,0,84,98,84,0,0,17,26,0,99,100,10,0,0,0,0,0,0,22,7,0,18,0,0,56,0
l15,14=0,0,0,0,0,40,48,0,39,67,46,100,77,100,30,0,98,84,0,16,45,44,0,63,92,37,0,0,0,0,0,0,0,0,0,0,0,0,37,0
l16,14=0,0,0,0,0,0,0,16,3,29,0,96,28,10,60,96,0,79,5,43,86,63,95,37,94,29,0,0,0,0,0,0,0,49,36,92,45,2,46,23
l17,14=0,0,0,0,0,0,0,0,0,44,0,98,98,59,60,96,98,0,0,39,96,95,84,98,97,42,0,0,0,0,0,0,0,0,0,37,31,0,80,0
l18,14=0,0,0,0,0,0,0,0,0,0,0,0,0,0,0,0,74,0,0,92,90,12,87,0,0,0,0,0,0,0,0,0,0,0,0,0,0,0,0,0
l19,14=0,0,0,0,0,0,0,0,0,0,0,0,57,1,0,80,90,77,55,0,98,92,91,0,0,0,43,0,0,74,0,0,0,0,0,90,62,51,70,88
l20,14=0,0,0,0,0,0,0,0,1,60,0,91,68,0,0,81,89,77,57,98,0,96,97,0,0,0,3,0,0,0,0,0,0,0,42,91,52,48,95,88
l21,14=0,0,0,0,0,0,0,0,53,89,0,91,28,51,55,82,91,96,0,97,99,0,97,0,92,0,0,0,0,0,0,0,0,0,3,95,90,8,91,92
l22,14=0,0,0,0,0,0,50,0,6,0,0,91,66,0,0,0,94,76,41,96,99,96,0,0,6,0,47,0,0,3,0,0,0,0,0,91,65,0,74,88
l23,14=0,0,0,0,0,0,0,0,0,42,0,51,76,27,97,67,47,38,0,0,0,0,0,0,55,100,0,0,0,0,0,0,56,50,54,0,0,0,0,0
l24,14=0,0,0,0,0,0,0,0,31,0,0,41,80,26,98,97,100,86,0,0,0,43,2,42,0,81,0,0,0,0,0,0,0,0,5,0,2,0,0,0
l25,14=0,0,0,0,0,0,0,0,0,0,0,72,100,28,0,73,47,36,0,0,0,0,0,100,100,0,0,0,37,0,0,0,91,99,99,0,0,0,0,0
l26,14=0,0,0,0,0,0,0,0,0,0,0,0,0,0,0,0,0,0,0,81,79,0,83,0,0,0,0,92,100,91,98,99,94,88,85,0,0,0,0,0
l27,14=0,0,0,0,0,0,0,0,0,0,0,0,0,0,0,0,0,0,0,0,0,0,0,0,0,0,90,0,100,100,100,93,91,85,3,0,0,0,0,0
l28,14=0,0,0,0,0,0,0,0,0,0,0,0,0,0,0,0,0,0,0,31,0,0,0,0,0,76,100,100,0,100,100,99,91,89,92,0,0,0,0,0
l29,14=0,0,0,0,0,0,0,0,0,0,0,0,0,0,0,0,0,0,0,75,0,0,11,0,0,0,90,100,100,0,100,91,92,0,84,0,0,0,0,0
l30,14=0,0,0,0,0,0,0,0,0,0,0,0,0,0,0,0,0,0,0,0,0,0,0,0,0,0,97,100,100,100,0,92,90,88,0,0,0,0,0,0
l31,14=0,0,0,0,0,0,0,0,0,0,0,0,0,0,0,0,0,0,0,0,0,0,0,0,0,0,100,90,97,94,94,0,99,100,100,0,0,0,0,0
l32,14=0,0,0,0,0,0,0,0,0,0,0,0,0,0,47,0,0,0,0,0,0,0,0,96,0,74,100,79,97,99,96,100,0,100,100,0,0,0,0,0
l33,14=0,0,0,0,0,0,0,0,0,0,0,0,92,0,87,0,89,0,0,0,0,0,0,99,0,99,100,90,100,0,99,100,100,0,100,0,0,0,0,0
l34,14=0,0,0,0,0,0,0,0,0,0,0,0,0,0,0,0,97,0,0,0,98,29,9,98,67,99,100,10,99,99,0,100,100,100,0,0,0,0,0,0
l35,14=0,0,0,0,0,0,0,0,0,0,0,22,45,0,8,0,86,33,0,53,83,85,89,0,0,0,0,0,0,0,0,0,0,0,0,0,95,92,95,86
l36,14=0,0,0,0,0,0,0,0,0,0,0,70,0,0,0,0,89,54,0,46,86,86,90,0,8,0,0,0,0,0,0,0,0,0,0,99,0,51,80,86
l37,14=0,0,0,0,0,0,0,0,0,0,0,0,0,0,0,0,0,0,0,41,82,0,0,0,0,0,0,0,0,0,0,0,0,0,0,96,49,0,70,85
l38,14=0,0,0,0,0,0,0,0,0,0,0,87,0,7,27,81,58,53,0,42,95,86,95,0,0,0,0,0,0,0,0,0,0,0,0,98,56,51,0,91
l39,14=0,0,0,0,0,0,0,0,0,0,0,0,0,0,0,0,88,0,0,57,87,89,90,0,0,0,0,0,0,0,0,0,0,0,0,91,49,52,70,0

l0,15=0,97,97,100,100,100,97,97,88,98,46,0,0,0,0,0,0,0,0,0,0,0,0,0,0,0,0,0,0,0,0,0,0,0,0,0,0,0,0,0
l1,15=99,0,97,100,100,100,97,98,99,89,95,0,0,89,3,0,0,0,0,0,0,0,0,0,9,0,0,0,0,0,0,0,0,0,0,0,0,0,0,0
l2,15=99,97,0,97,98,100,97,98,100,98,0,93,0,98,0,0,0,0,0,0,0,0,0,0,0,0,0,0,0,0,0,0,0,0,0,0,0,0,0,0
l3,15=100,100,91,0,100,98,0,0,0,0,95,0,0,0,0,0,0,0,0,0,0,0,0,0,0,0,0,0,0,0,0,0,0,0,0,0,0,0,0,0
l4,15=100,100,99,100,0,100,97,98,93,96,100,0,0,0,0,0,0,0,0,0,0,0,0,20,0,0,0,0,0,0,0,0,0,0,0,0,0,0,0,0
l5,15=99,97,97,97,97,0,96,98,100,98,97,0,4,98,0,96,0,0,0,0,0,0,0,0,0,0,0,0,0,0,0,0,0,0,0,0,0,0,0,0
l6,15=99,97,97,0,97,96,0,98,99,97,97,98,92,95,0,94,0,0,0,0,0,0,32,0,0,0,0,0,0,0,0,0,0,0,0,0,0,0,0,0
l7,15=59,78,97,51,96,98,97,0,100,98,98,0,0,57,10,0,97,0,0,0,0,0,0,0,0,0,0,0,0,0,0,0,0,0,0,0,0,0,0,0
l8,15=60,58,51,3,58,96,89,98,0,99,100,98,98,62,38,79,0,0,0,16,0,89,88,0,96,0,0,0,0,0,0,0,0,0,0,0,0,0,0,0
l9,15=97,16,71,0,92,99,95,100,100,0,100,96,0,100,5,95,95,60,0,0,100,96,0,0,0,0,0,0,0,0,0,0,0,0,0,0,0,0,0,0
l10,15=30,96,0,58,97,98,97,100,100,99,0,0,96,98,51,0,62,0,0,0,0,0,0,0,0,0,0,0,0,0,0,0,0,0,0,0,0,0,0,0
l11,15=0,0,14,0,0,0,99,0,60,57,5,0,100,100,59,100,99,99,0,3,65,100,98,96,99,99,0,0,0,0,0,0,0,0,0,0,99,0,96,0
l12,15=0,0,0,0,0,0,1,0,100,0,94,98,0,99,100,99,99,100,0,0,84,0,99,99,100,99,0,0,0,0,0,0,0,5,0,5,69,0,58,0
l13,15=0,57,76,0,0,97,94,61,60,99,98,100,100,0,61,99,96,99,0,11,0,3,10,88,94,95,0,0,0,0,0,0,0,0,0,0,0,0,40,0
l14,15=0,0,0,0,0,0,0,0,17,25,18,98,100,62,0,81,99,99,0,0,65,0,0,99,100,98,0,0,0,0,0,0,0,66,0,0,0,0,97,0
l15,15=0,0,0,0,13,76,95,0,60,58,0,100,100,63,60,0,99,100,0,0,65,98,0,96,100,95,0,0,0,0,0,0,0,0,0,90,0,0,95,0
l16,15=0,0,0,0,0,0,1,91,0,44,43,96,94,55,60,81,0,96,60,54,63,75,99,0,98,52,0,0,0,0,0,0,0,41,8,90,99,93,94,13
l17,15=0,0,0,0,0,0,0,0,0,56,0,98,100,62,60,93,99,0,0,59,65,100,99,96,99,97,0,0,0,0,0,0,0,64,81,0,97,3,97,2
l18,15=0,0,0,0,0,0,0,0,0,0,0,0,0,0,0,0,86,0,0,74,95,2,83,0,0,0,0,0,0,0,0,0,0,0,0,0,0,0,0,0
l19,15=0,0,0,0,0,0,0,0,3,0,0,0,59,2,0,0,78,79,46,0,99,98,99,0,0,0,73,0,0,70,0,0,0,0,0,70,87,0,72,80
l20,15=0,0,0,0,0,0,0,0,0,56,0,92,99,0,57,77,97,97,59,98,0,100,99,0,0,0,3,0,0,0,0,0,0,0,0,96,98,0,97,96
l21,15=0,0,0,0,0,0,0,0,46,49,0,93,0,1,0,78,80,96,0,98,100,0,99,0,80,0,0,0,5,0,0,0,0,30,75,78,98,89,95,94
l22,15=0,0,0,0,0,0,11,0,44,22,0,75,69,0,0,0,86,82,16,90,100,100,0,0,0,0,59,0,0,64,0,0,0,0,0,71,88,85,73,77
l23,15=0,0,0,0,1,0,0,0,0,1,0,98,100,0,100,82,0,100,0,0,0,0,0,0,100,99,0,0,0,0,0,0,62,82,0,0,0,0,0,0
l24,15=0,0,0,0,0,0,0,0,55,33,0,98,100,49,100,100,100,100,0,0,0,65,0,100,0,99,0,0,0,0,0,0,60,0,0,0,70,0,0,0
l25,15=0,0,0,0,0,0,0,0,0,0,0,85,97,62,89,78,69,82,0,0,0,0,0,98,98,0,89,0,78,22,0,61,59,62,98,0,0,0,0,0
l26,15=0,0,0,0,0,0,0,0,0,0,0,0,0,0,0,0,0,0,0,85,57,0,51,0,0,86,0,95,97,97,96,97,94,84,93,0,0,0,0,0
l27,15=0,0,0,0,0,0,0,0,0,0,0,0,0,0,0,0,0,0,0,0,0,0,0,0,0,0,89,0,97,98,96,93,95,91,93,0,0,0,0,0
l28,15=0,0,0,0,0,0,0,0,0,0,0,0,0,0,0,0,0,0,0,0,0,19,0,0,0,86,95,98,0,98,96,96,94,94,95,0,0,0,0,0
l29,15=0,0,0,0,0,0,0,0,0,0,0,0,0,0,0,0,0,0,0,84,0,0,63,0,0,5,95,98,97,0,96,96,94,91,95,0,0,0,0,0
l30,15=0,0,0,0,0,0,0,0,0,0,0,0,0,0,0,0,0,0,0,0,0,0,0,0,0,0,92,98,97,98,0,92,94,91,0,0,0,0,0,0
l31,15=0,0,0,0,0,0,0,0,0,0,0,0,0,0,0,0,1,0,0,0,0,0,0,0,0,85,95,90,97,98,94,0,98,97,98,0,0,0,0,0
l32,15=0,0,0,0,0,0,0,0,0,0,0,0,67,0,0,0,0,0,0,0,0,0,0,94,93,93,95,96,94,97,96,98,0,97,98,0,0,0,0,0
l33,15=0,0,0,0,0,0,0,0,0,0,0,0,93,0,83,0,97,76,0,0,0,29,0,100,11,96,91,95,96,97,98,100,100,0,98,0,0,0,0,0
l34,15=0,0,0,0,0,0,0,0,0,0,0,0,0,0,0,0,6,21,0,0,0,89,0,0,0,95,92,92,94,94,0,98,98,97,0,0,0,0,0,0
l35,15=0,0,0,0,0,0,0,0,0,0,0,0,47,0,0,47,72,0,0,37,54,63,82,0,0,0,0,0,0,0,0,0,0,0,0,0,99,98,92,92
l36,15=0,0,0,0,0,0,0,0,0,0,0,80,56,0,0,0,77,57,0,47,62,93,87,0,47,0,0,0,0,0,0,0,0,0,0,98,0,98,97,92
l37,15=0,0,0,0,0,0,0,0,0,0,0,0,0,0,0,0,74,0,0,0,0,85,92,0,0,0,0,0,0,0,0,0,0,0,0,96,98,0,94,96
l38,15=0,0,0,0,0,0,0,0,0,0,0,75,60,0,32,61,88,88,0,45,64,91,88,0,0,0,0,0,0,0,0,0,0,0,0,95,99,98,0,96
l39,15=0,0,0,0,0,0,0,0,0,0,0,0,0,0,0,0,0,0,0,45,54,87,84,0,0,0,0,0,0,0,0,0,0,0,0,90,97,98,94,0

