t=2016-04-14_01.41.28

n=40

q0=1
q1=1
q2=1
q3=1
q4=1
q5=1
q6=1
q7=1
q8=1
q9=1
q10=1
q11=1
q12=1
q13=1
q14=1
q15=1
q16=1
q17=1
q18=1
q19=1
q20=1
q21=1
q22=1
q23=1
q24=1
q25=1
q26=1
q27=1
q28=1
q29=1
q30=1
q31=1
q32=1
q33=1
q34=1
q35=1
q36=1
q37=1
q38=1
q39=1

a0=0x141592000c576ce6
a1=0x141592000c5aedbc
a2=0x141592000c5750f4
a3=0x141592000c576658
a4=0x141592000c575890
a5=0x141592000c574ffa
a6=0x141592000c5acf11
a7=0x141592000d9df361
a8=0x141592000c576300
a9=0x141592000c5779b6
a10=0x141592000c5762b9
a11=0x141592000c5af078
a12=0x141592000c575517
a13=0x141592000c5752c3
a14=0x141592000c5a4baa
a15=0x141592000c5776e7
a16=0x141592000c58cdeb
a17=0x141592000c5881fc
a18=0x141592000bd81d33
a19=0x141592000bd84d6a
a20=0x141592000c577233
a21=0x141592000c574527
a22=0x141592000c5746a3
a23=0x141592000c574da3
a24=0x141592000c5741c9
a25=0x141592000da244ea
a26=0x141592000c5ae886
a27=0x141592000c57510e
a28=0x141592000c5ab6c8
a29=0x141592000c574d05
a30=0x141592000edae61f
a31=0x141592000c57667e
a32=0x141592000c577f43
a33=0x141592000c576449
a34=0x1415920010f4117a
a35=0x141592000c575966
a36=0x141592000c574d35
a37=0x141592000c576fb1
a38=0x141592000c5aea5d
a39=0x141592000c59f23f

l0,0=0,97,91,97,85,90,89,82,89,92,0,0,0,41,0,0,0,0,0,0,0,0,0,0,0,0,0,0,0,0,0,0,0,0,0,0,0,0,0,0
l1,0=92,0,91,91,92,93,89,92,83,0,92,0,0,0,0,0,0,0,0,0,0,0,0,0,0,0,0,0,0,0,0,0,0,0,0,0,0,0,0,0
l2,0=92,95,0,0,92,93,93,92,1,92,93,0,0,65,0,0,0,0,0,0,0,0,0,0,0,0,0,0,0,0,0,0,0,0,0,0,0,0,0,0
l3,0=94,73,0,0,92,92,89,69,74,0,85,0,0,0,0,0,0,0,0,0,0,0,0,0,0,0,0,0,0,0,0,0,0,0,0,0,0,0,0,0
l4,0=56,93,91,92,0,90,53,0,0,82,83,0,0,75,0,0,0,0,0,0,0,0,0,0,0,0,0,0,0,0,0,0,0,0,0,0,0,0,0,0
l5,0=92,97,91,92,92,0,90,92,89,92,91,0,0,44,0,0,0,0,0,0,0,0,0,0,0,0,0,0,0,0,0,0,0,0,0,0,0,0,0,0
l6,0=84,83,93,79,36,87,0,91,82,85,86,28,0,73,0,42,48,0,0,0,0,0,0,0,0,0,0,0,0,0,0,0,0,0,0,0,0,0,0,0
l7,0=47,89,88,58,12,91,90,0,84,90,93,62,0,4,0,37,0,0,0,0,0,0,0,0,0,0,0,0,0,0,0,0,0,0,0,0,0,0,0,0
l8,0=26,51,0,56,0,42,75,72,0,92,30,69,66,90,44,47,59,39,0,0,0,65,29,1,71,0,0,0,0,0,0,0,0,0,0,0,0,0,35,0
l9,0=87,0,77,0,53,91,78,91,91,0,93,68,62,82,9,40,41,55,0,0,0,0,35,0,0,0,0,0,0,0,0,0,0,0,0,0,0,0,0,0
l10,0=0,88,90,68,78,82,84,92,81,95,0,78,59,91,0,74,0,0,0,0,0,0,0,0,0,0,0,0,0,0,0,0,0,0,0,0,0,0,0,0
l11,0=0,0,0,0,0,0,47,73,80,31,26,0,86,88,56,97,55,60,0,52,0,51,0,0,78,0,0,0,0,0,0,0,0,0,0,0,44,0,43,0
l12,0=0,0,0,0,0,0,0,0,76,29,20,84,0,82,84,97,57,100,0,0,77,66,0,81,91,77,0,0,0,0,0,0,0,80,0,0,36,0,47,0
l13,0=0,0,17,0,27,0,57,0,90,40,56,82,82,0,83,50,43,75,0,51,0,64,66,72,74,70,0,0,0,0,0,0,0,0,0,0,1,0,36,0
l14,0=0,0,0,0,0,0,0,0,74,10,0,60,84,82,0,52,57,54,0,0,73,0,50,83,85,79,0,0,0,0,0,0,0,78,0,0,1,0,2,0
l15,0=0,0,0,0,0,0,55,30,75,27,23,94,92,82,53,0,46,55,0,1,44,0,61,0,85,0,0,0,0,0,0,0,0,0,0,0,17,0,42,0
l16,0=0,0,0,0,0,0,32,0,79,21,0,60,80,63,54,47,0,61,0,62,72,81,78,46,83,0,0,0,0,0,0,0,0,50,0,21,36,9,53,75
l17,0=0,0,0,0,0,0,0,0,72,30,0,67,91,86,56,55,62,0,0,0,85,81,69,0,83,75,0,0,0,0,0,0,0,83,0,0,47,0,0,0
l18,0=0,0,0,0,0,0,0,0,0,0,0,0,0,0,0,0,0,0,0,0,81,8,80,0,0,0,0,0,0,0,0,0,0,0,0,0,0,0,0,0
l19,0=0,0,0,0,0,0,0,0,11,0,0,35,0,49,0,0,74,0,0,0,84,53,92,0,0,0,0,0,0,0,0,58,0,0,0,14,52,26,60,78
l20,0=0,0,0,0,0,0,0,0,0,0,0,0,60,0,29,4,54,51,43,78,0,89,92,0,0,0,0,0,0,0,0,0,0,0,10,0,97,55,73,97
l21,0=0,0,0,0,0,0,0,0,67,0,0,34,52,64,0,0,87,42,24,46,95,0,92,0,0,0,0,0,0,0,0,0,0,0,0,78,25,23,90,68
l22,0=0,0,0,0,0,0,0,0,48,7,0,0,0,56,14,21,54,29,36,89,95,89,0,0,19,0,51,0,0,0,0,0,0,0,0,42,98,35,69,81
l23,0=0,0,0,0,0,0,0,0,36,0,0,0,77,76,81,0,47,0,0,0,0,0,0,0,87,0,0,0,0,0,0,0,0,73,75,0,0,0,0,0
l24,0=0,0,0,0,0,0,0,0,79,0,0,59,92,80,82,52,51,54,0,0,0,0,29,83,0,77,0,0,0,0,0,0,67,83,72,0,0,0,5,0
l25,0=0,0,0,0,0,0,0,0,13,0,0,0,78,70,87,0,0,47,0,0,0,0,0,0,81,0,63,0,0,0,0,61,68,75,77,0,0,0,0,0
l26,0=0,0,0,0,0,0,0,0,0,0,0,0,0,0,0,0,0,0,0,25,0,0,61,0,0,44,0,78,83,92,92,95,71,69,67,0,0,0,0,0
l27,0=0,0,0,0,0,0,0,0,0,0,0,0,0,0,0,0,0,0,0,0,0,0,0,0,0,0,86,0,83,95,99,73,57,60,64,0,0,0,0,0
l28,0=0,0,0,0,0,0,0,0,0,0,0,0,0,0,0,0,0,0,0,20,0,0,0,0,0,0,92,99,0,95,99,91,61,68,61,0,0,0,0,0
l29,0=0,0,0,0,0,0,0,0,0,0,0,0,0,0,0,0,0,0,0,48,0,0,0,0,0,0,91,100,83,0,99,68,53,64,55,0,0,0,0,0
l30,0=0,0,0,0,0,0,0,0,0,0,0,0,0,0,0,0,0,0,0,0,0,0,0,0,0,0,86,100,83,95,0,65,68,77,0,0,0,0,0,0
l31,0=0,0,0,0,0,0,0,0,0,0,0,0,0,0,0,0,0,0,0,63,0,0,0,0,0,56,88,55,78,69,46,0,87,87,92,0,0,0,0,0
l32,0=0,0,0,0,0,0,0,0,0,0,0,0,0,0,0,0,0,0,0,0,0,0,0,0,58,56,78,51,68,63,47,89,0,88,93,0,0,0,0,0
l33,0=0,0,0,0,0,0,0,0,0,0,0,0,68,0,56,0,56,65,0,0,0,0,0,37,61,61,68,42,59,58,69,83,86,0,78,0,0,0,0,0
l34,0=0,0,0,0,0,0,0,0,0,0,0,0,0,0,0,0,3,0,0,0,57,0,16,45,58,66,76,62,72,63,0,93,96,72,0,0,0,0,0,0
l35,0=0,0,0,0,0,0,0,0,0,0,0,0,0,0,0,0,24,0,0,2,0,70,53,0,0,0,0,0,0,0,0,0,0,0,0,0,37,72,96,68
l36,0=0,0,0,0,0,0,0,0,0,0,0,55,46,36,0,3,45,43,0,53,93,55,91,0,0,0,0,0,0,0,0,0,0,0,0,57,0,56,57,85
l37,0=0,0,0,0,0,0,0,0,0,0,0,0,0,0,0,0,11,0,0,35,93,12,59,0,0,0,0,0,0,0,0,0,0,0,0,57,54,0,33,95
l38,0=0,0,0,0,0,0,0,0,60,0,0,48,72,64,0,43,61,0,0,57,95,88,91,0,0,0,0,0,0,0,0,0,0,0,0,91,57,32,0,95
l39,0=0,0,0,0,0,0,0,0,0,0,0,0,0,0,0,0,50,0,0,59,94,74,79,0,0,0,0,0,0,0,0,0,0,0,0,53,38,72,52,0

l0,1=0,86,86,89,74,86,79,36,39,72,27,0,0,9,0,0,0,0,0,0,0,0,0,0,0,0,0,0,0,0,0,0,0,0,0,0,0,0,0,0
l1,1=91,0,89,88,89,91,72,75,53,55,70,0,0,45,0,0,0,0,0,0,0,0,0,3,0,0,0,0,0,0,0,0,0,0,0,0,0,0,0,0
l2,1=87,90,0,87,83,93,85,83,0,72,81,0,0,0,0,10,0,0,0,0,0,0,0,0,0,0,0,0,0,0,0,0,0,0,0,0,0,0,0,0
l3,1=91,86,82,0,86,86,72,18,0,40,68,0,0,0,0,0,0,0,0,0,0,0,0,0,0,0,0,0,0,0,0,0,0,0,0,0,0,0,0,0
l4,1=60,85,62,83,0,79,63,4,61,65,67,0,0,49,0,0,0,0,0,0,0,0,0,0,0,0,0,0,0,0,0,0,0,0,0,0,0,0,0,0
l5,1=89,90,89,89,86,0,79,85,67,72,71,0,0,0,0,0,0,0,0,0,0,0,0,0,0,0,0,0,0,0,0,0,0,0,0,0,0,0,0,0
l6,1=61,44,87,65,55,67,0,85,74,44,70,54,21,52,0,0,28,0,0,0,0,0,0,0,0,0,0,0,0,0,0,0,0,0,0,0,0,0,0,0
l7,1=37,64,76,46,25,85,85,0,74,73,84,32,10,38,0,8,0,0,0,0,0,0,0,0,0,0,0,0,0,0,0,0,0,0,0,0,0,0,0,0
l8,1=3,22,0,0,29,28,67,74,0,75,67,68,0,76,41,54,37,39,0,0,0,53,36,14,0,0,0,0,0,0,0,0,0,0,0,0,0,0,20,0
l9,1=55,31,71,44,63,77,38,80,87,0,84,64,43,80,31,51,28,33,0,0,0,27,33,0,0,0,0,0,0,0,0,0,0,0,0,0,0,0,0,0
l10,1=44,70,88,73,81,81,85,90,81,80,0,61,0,83,0,49,0,0,0,0,0,6,0,0,0,0,0,0,0,0,0,0,0,0,0,0,0,0,0,0
l11,1=0,0,0,0,0,0,35,45,64,48,35,0,82,79,66,67,39,82,0,45,0,0,0,0,40,0,0,0,0,0,0,0,0,0,0,29,58,0,56,0
l12,1=0,0,0,0,0,0,0,0,0,12,0,77,0,76,79,60,38,91,0,0,22,20,0,45,87,74,0,0,0,0,0,0,0,0,0,0,0,0,58,0
l13,1=0,0,0,0,17,0,35,0,68,54,41,78,74,0,57,26,34,64,0,42,11,31,37,34,0,41,0,0,0,0,0,0,0,0,0,0,0,0,49,0
l14,1=0,0,0,0,0,0,0,0,50,33,0,42,84,62,0,32,59,58,0,0,18,25,0,66,42,75,0,0,0,0,0,0,0,0,0,0,0,0,0,0
l15,1=0,0,0,0,0,0,0,0,55,35,29,88,83,50,49,0,27,74,0,0,2,0,25,18,48,0,0,0,0,0,0,0,0,0,0,0,47,5,42,0
l16,1=0,0,0,0,0,0,17,0,52,19,0,34,60,54,51,7,0,60,0,47,22,39,49,12,30,34,0,0,0,0,0,0,14,4,0,32,53,0,56,48
l17,1=0,0,0,0,0,0,0,0,51,29,0,52,91,64,54,39,40,0,0,0,12,21,30,20,33,29,0,0,0,0,0,0,0,9,0,0,53,0,0,0
l18,1=0,0,0,0,0,0,0,0,0,0,0,0,0,0,0,0,0,0,0,48,48,72,74,0,0,0,0,0,0,0,0,0,0,0,0,0,0,0,0,0
l19,1=0,0,0,0,0,0,0,0,0,0,0,16,0,35,0,0,27,0,30,0,50,25,82,0,0,0,0,0,0,0,0,44,0,0,0,2,42,29,63,69
l20,1=0,0,0,0,0,0,0,0,0,0,0,0,55,38,36,7,40,49,51,78,0,84,82,0,0,0,0,0,1,0,0,0,0,0,1,40,70,58,74,74
l21,1=0,0,0,0,0,0,0,0,59,24,3,0,47,53,36,0,65,36,39,48,51,0,80,0,0,0,5,0,0,0,0,32,38,0,0,60,41,49,74,74
l22,1=0,0,0,0,0,0,0,0,50,21,0,0,29,48,0,20,65,42,45,82,51,80,0,0,8,0,38,0,0,2,0,0,10,0,0,40,70,47,69,75
l23,1=0,0,0,0,0,0,0,0,30,0,0,0,71,57,69,24,29,45,0,0,0,0,0,0,77,63,0,0,0,0,0,0,0,3,38,0,0,0,0,0
l24,1=0,0,0,0,0,0,0,0,0,0,0,43,85,13,64,36,36,69,0,0,0,0,9,70,0,75,0,0,0,0,0,0,42,36,32,0,2,0,0,0
l25,1=0,0,0,0,0,0,0,0,19,0,0,0,67,50,73,0,32,47,0,0,0,0,0,51,75,0,48,0,19,5,0,44,0,39,33,0,0,0,0,0
l26,1=0,0,0,0,0,0,0,0,0,0,0,0,0,0,0,0,0,0,0,0,0,2,41,0,0,30,0,45,67,78,60,69,65,56,51,0,0,0,0,0
l27,1=0,0,0,0,0,0,0,0,0,0,0,0,0,0,0,0,0,0,0,0,0,0,0,0,0,0,53,0,64,82,91,44,66,47,59,0,0,0,0,0
l28,1=0,0,0,0,0,0,0,0,0,0,0,0,0,0,0,0,0,0,0,14,9,0,0,0,0,25,76,76,0,90,83,67,49,52,64,0,0,0,0,0
l29,1=0,0,0,0,0,0,0,0,0,0,0,0,0,0,0,0,0,0,0,9,0,0,9,0,0,1,68,74,69,0,81,48,50,37,45,0,0,0,0,0
l30,1=0,0,0,0,0,0,0,0,0,0,0,0,0,0,0,0,0,0,0,0,0,0,0,0,0,0,52,85,69,90,0,40,49,48,0,0,0,0,0,0
l31,1=0,0,0,0,0,0,0,0,0,0,0,0,0,0,0,0,0,0,0,43,0,28,0,0,0,36,64,38,53,62,38,0,70,68,73,0,0,0,0,0
l32,1=0,0,0,0,0,0,0,0,0,0,0,0,0,0,0,0,27,0,0,0,0,37,8,0,56,0,64,51,45,61,54,65,0,70,87,0,0,0,0,0
l33,1=0,0,0,0,0,0,0,0,0,0,0,0,3,0,0,0,34,48,0,0,0,0,0,13,53,60,55,33,47,40,51,59,68,0,62,0,0,0,0,0
l34,1=0,0,0,0,0,0,0,0,0,0,0,0,0,0,0,0,35,0,0,0,25,0,0,56,45,54,55,39,53,43,0,65,85,68,0,0,0,0,0,0
l35,1=0,0,0,0,0,0,0,0,0,0,0,6,0,0,0,0,32,0,0,8,15,43,48,0,0,0,0,0,0,0,0,0,0,0,0,0,71,65,75,60
l36,1=0,0,0,0,0,0,0,0,0,0,0,33,0,8,0,10,25,52,0,43,30,14,64,0,0,0,0,0,0,0,0,0,0,0,0,56,0,64,74,69
l37,1=0,0,0,0,0,0,0,0,0,0,0,0,0,0,0,0,0,0,0,41,27,39,56,0,0,0,0,0,0,0,0,0,0,0,0,60,71,0,72,74
l38,1=0,0,0,0,0,0,0,0,10,0,0,35,58,51,0,7,32,0,0,60,31,50,61,0,0,0,0,0,0,0,0,0,0,0,0,77,72,63,0,73
l39,1=0,0,0,0,0,0,0,0,0,0,0,0,0,0,0,0,34,0,0,70,29,46,62,0,0,0,0,0,0,0,0,0,0,0,0,42,64,64,68,0

l0,2=0,85,84,82,78,85,73,0,10,74,0,0,0,0,0,0,0,0,0,0,0,0,0,0,0,0,0,0,0,0,0,0,0,0,0,0,0,0,0,0
l1,2=86,0,85,86,82,89,86,73,62,80,81,0,0,0,0,0,0,0,0,0,0,0,0,0,0,0,0,0,0,0,0,0,0,0,0,0,0,0,0,0
l2,2=89,90,0,81,84,94,93,87,0,87,82,0,0,0,0,0,0,0,0,0,0,0,0,0,0,0,0,0,0,0,0,0,0,0,0,0,0,0,0,0
l3,2=86,86,82,0,83,85,35,45,16,1,67,0,0,0,0,0,0,0,0,0,0,0,0,0,0,0,0,0,0,0,0,0,0,0,0,0,0,0,0,0
l4,2=84,81,78,81,0,82,84,59,55,81,65,0,0,0,0,0,0,0,0,0,0,0,0,0,0,0,0,0,0,0,0,0,0,0,0,0,0,0,0,0
l5,2=84,85,87,81,78,0,85,74,69,78,82,0,0,0,0,0,0,0,0,0,0,0,0,0,0,0,0,0,0,0,0,0,0,0,0,0,0,0,0,0
l6,2=49,80,87,42,75,81,0,59,49,67,82,19,42,29,0,37,0,0,0,0,0,0,0,0,0,0,0,0,0,0,0,0,0,0,0,0,0,0,0,0
l7,2=0,63,84,38,48,73,70,0,77,83,86,23,1,31,0,42,25,0,0,0,0,0,0,0,0,0,0,0,0,0,0,0,0,0,0,0,0,0,0,0
l8,2=0,38,0,16,46,57,43,63,0,86,75,40,0,71,0,56,45,45,0,0,0,48,35,7,43,36,0,0,0,0,0,0,0,0,0,0,0,0,37,0
l9,2=41,43,73,5,64,62,49,73,80,0,85,30,37,73,3,39,27,37,0,0,0,39,0,0,0,0,0,0,0,0,0,0,0,0,0,0,0,0,0,0
l10,2=0,60,66,47,54,73,88,85,76,86,0,36,0,67,0,41,0,16,0,0,0,0,0,30,0,0,0,0,0,0,0,0,0,0,0,0,0,0,0,0
l11,2=0,0,0,0,0,0,43,19,55,46,48,0,83,82,66,69,49,79,0,41,36,46,37,34,37,0,0,0,0,0,0,0,0,0,0,38,54,0,41,36
l12,2=0,0,0,0,0,0,33,0,0,34,0,63,0,59,77,67,58,83,0,0,0,40,0,66,85,64,0,0,0,0,0,0,0,0,0,0,0,0,42,0
l13,2=0,0,0,0,0,0,8,31,73,76,64,73,58,0,42,56,52,55,2,41,32,44,32,34,41,31,0,0,0,0,0,0,0,0,0,0,0,0,46,0
l14,2=0,0,0,0,0,0,0,0,0,4,0,51,83,44,0,44,58,56,0,0,6,2,0,66,54,53,0,0,0,0,0,0,0,33,0,0,0,0,43,0
l15,2=0,0,0,0,0,0,40,38,58,49,40,84,77,56,50,0,40,57,0,12,46,2,0,0,64,0,0,0,0,0,0,0,0,0,0,0,42,0,42,0
l16,2=0,0,0,0,0,0,0,0,46,8,0,32,58,46,69,34,0,73,0,40,58,58,56,27,47,40,0,0,0,0,0,0,0,30,0,55,57,43,54,51
l17,2=0,0,0,0,0,0,0,0,47,25,2,67,83,60,56,66,69,0,0,0,47,0,39,40,59,0,0,0,0,0,0,0,0,28,0,0,53,0,49,0
l18,2=0,0,0,0,0,0,0,0,0,0,0,0,0,3,0,0,0,0,0,70,66,65,61,0,0,0,0,0,0,0,0,0,0,0,0,0,0,0,0,0
l19,2=0,0,0,0,0,0,0,0,0,0,0,13,0,42,0,0,33,0,42,0,76,28,73,0,0,0,0,0,27,43,0,44,0,0,0,0,68,0,64,63
l20,2=0,0,0,0,0,0,0,0,0,0,0,3,0,43,0,48,64,42,43,76,0,76,67,0,0,0,0,0,0,0,0,0,0,0,26,73,77,56,74,66
l21,2=0,0,0,0,0,0,0,0,56,36,0,30,41,55,4,2,65,2,45,42,80,0,73,0,0,0,0,0,0,0,0,0,0,34,0,74,69,69,73,68
l22,2=0,0,0,0,0,0,0,0,36,0,0,22,24,45,0,0,64,41,47,81,80,79,0,0,0,0,0,0,0,37,0,0,0,0,0,68,77,57,56,67
l23,2=0,0,0,0,0,0,0,0,1,0,20,12,71,51,69,0,13,52,0,0,0,0,0,0,77,60,0,0,0,0,0,0,0,0,43,0,0,0,0,0
l24,2=0,0,0,0,0,0,0,0,49,0,0,23,77,63,66,59,57,65,0,0,12,0,0,72,0,63,0,0,0,0,0,0,23,41,32,0,33,0,8,0
l25,2=0,0,0,0,0,0,0,0,44,0,0,0,71,46,64,0,52,9,0,0,0,0,0,58,73,0,41,0,0,0,0,47,51,51,50,0,0,0,0,0
l26,2=0,0,0,0,0,0,0,0,0,0,0,0,0,0,0,0,0,0,0,0,0,0,0,0,0,33,0,22,84,81,81,69,67,59,61,0,0,0,0,0
l27,2=0,0,0,0,0,0,0,0,0,0,0,0,0,0,0,0,0,0,0,0,0,0,0,0,0,0,43,0,84,87,90,69,66,48,61,0,0,0,0,0
l28,2=0,0,0,0,0,0,0,0,0,0,0,0,0,0,0,0,0,0,0,46,12,0,2,0,0,0,86,88,0,88,84,70,54,60,57,0,0,0,0,0
l29,2=0,0,0,0,0,0,0,0,0,0,0,0,0,0,0,0,0,0,0,52,0,0,35,0,0,0,80,86,85,0,83,65,61,0,4,0,0,0,0,0
l30,2=0,0,0,0,0,0,0,0,0,0,0,0,0,0,0,0,0,0,0,0,0,0,0,0,0,0,80,91,82,81,0,51,62,61,48,0,0,0,0,0
l31,2=0,0,0,0,0,0,0,0,0,0,0,0,0,0,0,0,0,0,0,39,0,0,0,2,0,45,78,52,59,62,24,0,75,62,70,0,0,0,0,0
l32,2=0,0,0,0,0,0,0,0,0,0,0,0,0,0,0,0,0,0,0,0,0,0,0,0,12,32,69,25,23,60,47,69,0,67,85,0,0,0,0,0
l33,2=0,0,0,0,0,0,0,0,0,0,0,0,0,0,32,0,19,23,0,0,0,28,0,5,27,57,61,23,57,0,28,63,71,0,64,0,0,0,0,0
l34,2=0,0,0,0,0,0,0,0,0,0,0,0,0,0,0,0,0,0,0,0,30,0,0,24,26,49,62,24,55,21,26,67,83,69,0,0,0,0,0,0
l35,2=0,0,0,0,0,0,0,0,0,0,0,1,0,0,0,0,48,0,0,0,59,52,56,0,0,0,0,0,0,0,0,0,0,0,0,0,79,69,75,65
l36,2=0,0,0,0,0,0,0,0,0,0,0,32,0,5,0,6,59,49,0,57,76,49,65,0,20,0,0,0,0,0,0,0,0,0,0,79,0,70,75,51
l37,2=0,0,0,0,0,0,0,0,0,0,0,0,0,0,0,0,36,0,0,0,52,63,53,0,0,0,0,0,0,0,0,0,0,0,0,79,79,0,75,67
l38,2=0,0,0,0,0,0,0,0,20,0,0,0,27,57,39,28,53,38,0,63,76,72,47,0,0,0,0,0,0,0,0,0,0,0,0,80,80,69,0,66
l39,2=0,0,0,0,0,0,0,0,0,0,0,0,0,0,0,0,53,0,0,68,69,63,62,0,0,0,0,0,0,0,0,0,0,0,0,67,71,67,69,0

l0,3=0,86,80,84,88,88,0,50,18,67,0,0,0,0,0,0,0,0,0,0,0,0,0,0,0,0,0,0,0,0,0,0,0,0,0,0,0,0,0,0
l1,3=88,0,89,86,88,92,87,85,53,77,41,0,0,0,0,0,0,0,0,0,0,0,0,0,0,0,0,0,0,0,0,0,0,0,0,0,0,0,0,0
l2,3=87,86,0,85,88,91,89,88,61,80,86,0,0,81,0,0,0,0,0,0,0,0,0,0,0,0,0,0,0,0,0,0,0,0,0,0,0,0,0,0
l3,3=87,87,76,0,83,88,84,0,49,12,72,0,0,0,0,0,0,0,0,0,0,0,0,0,0,0,0,0,0,0,0,0,0,0,0,0,0,0,0,0
l4,3=87,87,89,49,0,88,48,0,34,67,0,0,0,0,0,0,0,0,0,0,0,0,0,0,0,0,0,0,0,0,0,0,0,0,0,0,0,0,0,0
l5,3=87,87,94,86,88,0,87,88,74,76,85,42,0,81,0,0,0,0,0,0,0,0,0,0,0,0,0,0,0,0,0,0,0,0,0,0,0,0,0,0
l6,3=0,86,94,83,85,88,0,82,69,68,87,73,68,48,0,59,65,0,0,0,0,0,0,0,0,0,0,0,0,0,0,0,0,0,0,0,0,0,0,0
l7,3=67,74,89,0,0,86,82,0,77,80,89,0,1,74,0,69,61,0,0,0,0,0,0,0,0,0,0,0,0,0,0,0,0,0,0,0,0,0,0,0
l8,3=0,32,29,37,37,33,37,86,0,83,83,47,22,87,0,82,39,36,0,0,0,45,34,6,44,6,0,0,0,0,0,0,0,0,0,0,0,0,20,0
l9,3=35,39,35,29,45,33,52,83,82,0,89,31,25,88,32,42,0,0,0,0,25,5,0,0,0,0,0,0,0,0,0,0,0,0,0,0,0,0,0,0
l10,3=0,33,88,39,0,85,87,93,75,86,0,29,24,87,30,25,0,0,0,0,0,0,0,22,8,0,0,0,0,0,0,0,0,0,0,0,0,0,23,0
l11,3=0,0,0,0,0,24,42,0,73,31,45,0,85,90,77,90,31,83,0,29,27,38,34,44,75,21,0,0,0,0,0,0,0,0,0,1,41,25,78,2
l12,3=0,0,0,0,0,0,29,0,23,21,1,89,0,52,85,85,36,95,0,34,0,39,27,86,92,88,0,0,0,0,0,0,0,15,0,20,0,0,33,0
l13,3=0,0,31,0,0,27,14,36,82,85,50,86,42,0,0,72,33,41,24,35,32,32,31,36,34,27,0,0,0,0,0,0,0,0,0,0,0,0,32,0
l14,3=0,0,0,0,0,0,0,0,0,33,37,94,91,30,0,34,43,24,0,0,26,0,25,94,91,36,0,0,0,0,0,0,0,27,7,0,0,0,34,0
l15,3=0,0,0,0,0,0,31,39,77,55,27,97,86,87,33,0,73,73,0,20,35,22,0,37,85,0,0,0,0,0,0,0,0,0,0,0,0,0,34,21
l16,3=0,0,0,0,0,0,29,22,29,0,0,16,39,45,66,39,0,78,29,32,75,65,71,32,43,31,0,0,0,0,0,0,0,33,0,1,36,39,35,31
l17,3=0,0,0,0,0,0,0,0,64,2,0,93,91,79,22,76,90,0,0,0,63,36,31,48,78,0,0,0,0,0,0,0,0,4,0,29,69,0,46,22
l18,3=0,0,0,0,0,0,0,0,0,0,0,0,0,64,0,0,58,0,0,80,64,63,69,0,0,0,0,0,0,0,0,0,0,0,0,0,0,0,0,0
l19,3=0,0,0,0,0,0,0,0,0,0,0,2,45,61,0,1,55,0,71,0,82,91,94,0,0,0,0,0,63,63,0,32,0,0,0,38,88,0,85,51
l20,3=0,0,0,0,0,0,0,0,0,40,0,41,0,71,31,67,88,69,65,90,0,91,90,0,62,0,1,0,0,0,0,0,0,0,0,71,91,83,89,83
l21,3=0,0,0,0,0,0,0,0,75,32,0,67,78,69,0,30,88,60,58,91,89,0,88,0,0,0,0,0,0,0,0,0,0,49,0,71,87,82,88,80
l22,3=0,0,0,0,0,0,0,0,45,0,0,55,49,74,6,0,89,29,60,96,97,91,0,0,0,0,0,0,0,58,0,0,0,0,0,88,79,83,70,87
l23,3=0,0,0,0,0,0,0,0,4,0,1,26,81,42,82,31,29,30,0,0,0,0,0,0,91,85,0,0,0,0,0,4,0,0,0,0,0,0,0,0
l24,3=0,0,0,0,0,0,0,0,32,0,2,30,91,41,80,82,33,74,0,0,29,0,0,93,0,89,0,0,0,0,0,0,0,37,0,0,25,0,31,0
l25,3=0,0,0,0,0,0,0,0,20,0,0,7,84,39,74,0,28,0,0,0,0,0,0,87,85,0,6,0,0,2,0,33,35,55,47,0,0,0,0,0
l26,3=0,0,0,0,0,0,0,0,0,0,0,0,0,0,0,0,0,0,0,1,27,0,0,0,0,11,0,72,97,94,95,87,90,62,88,0,0,0,0,0
l27,3=0,0,0,0,0,0,0,0,0,0,0,0,0,0,0,0,0,0,0,0,0,0,0,0,0,0,89,0,97,96,100,89,94,0,1,0,0,0,0,0
l28,3=0,0,0,0,0,0,0,0,0,0,0,0,0,0,0,0,0,0,0,66,0,0,34,0,0,0,94,100,0,96,90,84,85,82,87,0,0,0,0,0
l29,3=0,0,0,0,0,0,0,0,0,0,0,0,0,0,0,0,0,0,0,63,0,0,60,0,0,1,93,98,97,0,91,72,81,59,74,0,0,0,0,0
l30,3=0,0,0,0,0,0,0,0,0,0,0,0,0,0,0,0,0,0,0,0,0,0,0,0,0,0,90,100,92,92,0,72,88,65,0,0,0,0,0,0
l31,3=0,0,0,0,0,0,0,0,0,0,0,0,0,0,0,0,0,0,0,66,0,0,0,47,0,61,92,67,82,69,68,0,97,95,99,0,0,0,0,0
l32,3=0,0,0,0,0,0,0,0,0,0,0,0,15,0,0,0,0,0,0,0,0,0,0,0,0,76,83,74,79,78,78,96,0,91,99,0,0,0,0,0
l33,3=0,0,0,0,0,0,0,0,0,0,0,0,26,0,14,0,47,0,0,0,0,28,0,0,81,85,64,0,84,64,51,88,90,0,95,0,0,0,0,0
l34,3=0,0,0,0,0,0,0,0,0,0,0,0,0,0,25,0,0,0,0,0,27,0,0,27,0,81,77,20,80,78,32,92,97,95,0,0,0,0,0,0
l35,3=0,0,0,0,0,0,0,0,0,0,0,0,27,0,0,0,1,1,0,43,61,41,74,0,0,0,0,0,0,0,0,0,0,0,0,0,91,81,88,85
l36,3=0,0,0,0,0,0,0,0,0,0,0,46,0,15,0,0,63,63,0,76,71,73,63,0,35,0,0,0,0,0,0,0,0,0,0,93,0,84,88,76
l37,3=0,0,0,0,0,0,0,0,0,0,0,2,0,0,0,0,71,0,0,0,73,69,79,0,0,0,0,0,0,0,0,0,0,0,0,93,91,0,84,85
l38,3=0,0,0,0,0,0,0,0,5,0,0,69,64,71,49,63,70,63,0,78,84,79,57,0,38,0,0,0,0,0,0,0,0,0,0,95,93,75,0,83
l39,3=0,0,0,0,0,0,0,0,0,0,0,0,0,0,0,0,75,0,0,9,73,59,77,0,0,0,0,0,0,0,0,0,0,0,0,93,86,84,89,0

l0,4=0,91,72,90,89,86,0,11,75,82,0,0,0,0,0,0,0,0,0,0,0,0,0,0,0,0,0,0,0,0,0,0,0,0,0,0,0,0,0,0
l1,4=88,0,81,92,95,94,92,74,77,79,79,0,0,5,0,0,0,0,0,0,0,0,0,0,0,0,0,0,0,0,0,0,0,0,0,0,0,0,0,0
l2,4=76,85,0,89,90,96,92,85,76,80,85,0,0,80,0,12,0,0,0,0,0,0,0,0,0,0,0,0,0,0,0,0,0,0,0,0,0,0,0,0
l3,4=86,92,83,0,86,86,82,0,76,0,0,0,0,0,0,0,0,0,0,0,0,0,0,0,0,0,0,0,0,0,0,0,0,0,0,0,0,0,0,0
l4,4=88,94,86,92,0,93,90,73,76,78,69,0,0,7,0,0,0,0,0,0,0,0,0,0,0,0,0,0,0,0,0,0,0,0,0,0,0,0,0,0
l5,4=76,90,91,87,85,0,88,87,78,84,86,0,0,75,0,67,0,0,0,0,0,0,0,0,0,0,0,0,0,0,0,0,0,0,0,0,0,0,0,0
l6,4=0,94,87,78,85,91,0,94,73,88,95,76,72,0,0,68,77,0,0,0,0,0,0,0,0,0,0,0,0,0,0,0,0,0,0,0,0,0,0,0
l7,4=44,75,84,0,74,93,92,0,86,95,95,74,0,75,0,81,0,0,0,0,0,0,0,0,0,0,0,0,0,0,0,0,0,0,0,0,0,0,0,0
l8,4=71,71,31,74,74,74,72,79,0,90,80,77,82,87,74,78,83,80,0,0,49,71,72,0,0,0,0,0,0,0,0,0,0,0,0,0,0,0,0,0
l9,4=75,77,73,7,75,80,87,93,88,0,98,78,0,91,0,68,0,80,0,0,76,0,78,0,0,0,0,0,0,0,0,0,0,0,0,0,0,0,1,0
l10,4=0,77,86,2,71,90,92,94,83,96,0,85,78,91,74,76,0,68,0,0,0,0,0,52,0,0,0,0,0,0,0,0,0,0,0,0,0,0,0,0
l11,4=0,0,0,0,0,0,82,67,80,84,78,0,86,84,79,97,86,83,0,0,0,71,74,67,67,69,0,0,0,0,0,0,0,0,0,0,76,55,76,0
l12,4=0,0,0,0,0,0,38,0,76,0,78,83,0,86,90,86,91,92,0,16,79,0,0,74,86,86,0,0,0,0,0,0,58,68,0,49,52,0,76,0
l13,4=0,0,71,0,0,15,0,34,83,86,79,80,85,0,78,81,83,82,0,54,80,66,77,64,0,79,0,0,0,0,0,0,0,0,0,0,1,0,36,0
l14,4=0,0,0,0,0,0,0,0,78,0,80,88,97,82,0,0,88,38,0,0,81,0,30,79,90,83,0,0,0,0,0,0,0,79,79,0,33,0,76,0
l15,4=0,0,0,0,0,59,79,73,80,76,78,96,86,87,0,0,83,80,0,8,81,69,73,64,77,17,0,0,0,0,0,0,0,0,0,0,74,39,73,0
l16,4=0,0,0,0,0,0,80,0,77,0,0,79,95,82,88,78,0,89,78,69,87,72,79,67,74,76,0,0,0,0,0,0,0,0,0,71,76,69,77,81
l17,4=0,0,0,0,0,0,0,0,78,84,52,88,97,82,50,80,95,0,0,15,81,66,76,60,83,11,0,0,0,0,0,0,0,0,0,69,80,0,76,80
l18,4=0,0,0,0,0,0,0,0,0,0,0,0,0,0,0,0,86,0,0,77,65,79,82,0,0,0,0,0,0,0,0,0,0,0,0,0,0,0,0,0
l19,4=0,0,0,0,0,0,0,0,0,0,0,0,52,69,0,0,84,0,81,0,93,84,92,0,0,0,12,0,0,77,0,0,0,0,0,75,83,0,72,79
l20,4=0,0,0,0,0,0,0,0,30,66,0,0,66,73,72,74,89,82,36,86,0,84,92,0,67,0,0,0,58,0,0,0,45,0,0,72,89,78,90,83
l21,4=0,0,0,0,0,0,0,0,79,0,0,76,0,73,0,73,94,74,77,84,91,0,90,0,41,0,0,0,0,0,0,0,0,59,0,67,89,77,82,91
l22,4=0,0,0,0,0,0,0,0,61,81,0,73,2,79,11,47,88,71,78,99,97,85,0,0,0,0,61,0,0,64,0,0,51,48,0,0,90,78,89,55
l23,4=0,0,0,0,0,0,0,0,0,0,0,81,93,84,92,86,81,49,0,0,0,0,0,0,90,92,0,0,0,0,0,0,0,84,88,0,0,0,0,0
l24,4=0,0,0,0,0,0,0,0,0,0,0,76,94,0,92,87,88,87,0,0,81,2,0,88,0,86,0,0,0,0,0,0,0,81,0,0,0,0,0,0
l25,4=0,0,0,0,0,0,0,0,0,0,0,53,97,77,97,30,83,13,0,0,0,0,0,93,96,0,0,0,0,64,0,74,88,91,88,0,0,0,0,0
l26,4=0,0,0,0,0,0,0,0,0,0,0,0,0,0,0,0,0,0,0,37,0,0,78,0,0,0,0,82,100,100,100,99,98,84,99,0,0,0,0,0
l27,4=0,0,0,0,0,0,0,0,0,0,0,0,0,0,0,0,0,0,0,0,0,0,0,0,0,0,98,0,100,100,100,94,91,0,85,0,0,0,0,0
l28,4=0,0,0,0,0,0,0,0,0,0,0,0,0,0,0,0,0,0,0,1,86,0,0,0,0,0,99,99,0,100,100,89,97,94,98,0,0,0,0,0
l29,4=0,0,0,0,0,0,0,0,0,0,0,0,0,0,0,0,0,0,0,89,0,0,81,0,0,81,99,99,100,0,100,83,92,89,91,0,0,0,0,0
l30,4=0,0,0,0,0,0,0,0,0,0,0,0,0,0,0,0,0,0,0,0,0,0,0,0,0,0,99,99,98,99,0,97,92,89,0,0,0,0,0,0
l31,4=0,0,0,0,0,0,0,0,0,0,0,0,0,0,0,0,0,0,0,0,0,0,0,0,0,87,99,84,86,92,89,0,100,98,100,0,0,0,0,0
l32,4=0,0,0,0,0,0,0,0,0,0,0,0,89,0,0,0,0,0,0,0,78,0,71,0,0,96,98,88,98,98,98,100,0,100,100,0,0,0,0,0
l33,4=0,0,0,0,0,0,0,0,0,0,0,0,77,0,73,0,0,0,0,0,0,29,40,74,84,97,80,0,83,85,77,99,100,0,100,0,0,0,0,0
l34,4=0,0,0,0,0,0,0,0,0,0,0,0,0,0,81,0,0,0,0,0,4,0,0,83,28,96,98,69,98,98,2,100,100,100,0,0,0,0,0,0
l35,4=0,0,0,0,0,0,0,0,0,0,0,0,49,0,0,0,71,58,0,48,80,42,0,0,0,0,0,0,0,0,0,0,0,0,0,0,88,82,80,86
l36,4=0,0,0,0,0,0,0,0,0,0,0,63,56,19,7,52,65,77,0,59,85,55,73,0,0,0,0,0,0,0,0,0,0,0,0,79,0,82,73,86
l37,4=0,0,0,0,0,0,0,0,0,0,0,0,0,0,0,8,53,0,0,1,80,62,75,0,0,0,0,0,0,0,0,0,0,0,0,82,90,0,77,83
l38,4=0,0,0,0,0,0,0,0,0,0,0,74,76,13,71,70,85,75,0,62,89,61,83,0,0,0,0,0,0,0,0,0,0,0,0,83,86,78,0,87
l39,4=0,0,0,0,0,0,0,0,0,0,0,0,0,0,0,0,72,62,0,60,81,76,4,0,0,0,0,0,0,0,0,0,0,0,0,79,87,79,78,0

l0,5=0,88,50,67,67,74,77,0,0,74,70,0,0,0,0,0,0,0,0,0,0,0,0,0,0,0,0,0,0,0,0,0,0,0,0,0,0,0,0,0
l1,5=89,0,57,65,87,87,87,46,0,74,73,0,1,2,0,0,0,0,0,0,0,0,0,8,0,0,0,0,0,0,0,0,0,0,0,0,0,0,0,0
l2,5=75,80,0,69,71,83,77,45,2,74,72,0,0,8,0,0,0,0,0,0,0,0,0,0,0,0,0,0,0,0,0,0,0,0,0,0,0,0,0,0
l3,5=75,75,47,0,86,79,76,2,12,74,0,0,0,0,0,0,0,0,0,0,0,0,0,0,0,0,0,0,0,0,0,0,0,0,0,0,0,0,0,0
l4,5=57,88,57,78,0,82,81,59,70,0,70,0,0,43,0,0,0,0,0,0,0,0,0,0,0,0,0,0,0,0,0,0,0,0,0,0,0,0,0,0
l5,5=66,88,51,70,86,0,73,64,64,74,73,45,0,67,0,0,0,0,0,0,0,0,0,0,0,0,0,0,0,0,0,0,0,0,0,0,0,0,0,0
l6,5=43,80,54,66,77,43,0,67,64,77,74,41,0,0,0,0,39,0,0,2,0,0,0,0,0,0,0,0,0,0,0,0,0,0,0,0,0,0,0,0
l7,5=0,25,26,55,68,74,78,0,70,71,88,72,0,45,0,71,0,0,0,0,0,0,0,0,0,0,0,0,0,0,0,0,0,0,0,0,0,0,0,0
l8,5=0,0,0,11,63,24,23,63,0,82,78,63,2,82,28,40,39,43,0,0,8,63,53,21,17,0,0,0,0,0,0,0,0,0,0,0,1,0,0,0
l9,5=42,34,51,56,0,74,78,55,81,0,83,75,0,79,8,44,26,44,0,0,41,0,56,0,17,0,0,0,0,0,0,0,0,0,0,0,0,0,33,0
l10,5=65,73,51,0,64,74,77,73,72,89,0,72,1,65,59,67,0,37,0,0,0,0,0,0,0,0,0,0,0,0,0,0,0,0,0,0,0,0,0,0
l11,5=0,0,0,0,0,16,21,44,80,80,30,0,45,78,42,86,42,55,0,0,45,49,42,23,17,24,0,0,0,0,0,0,0,0,0,0,32,26,49,0
l12,5=0,0,0,0,0,0,0,0,0,0,0,55,0,70,81,42,45,86,0,0,37,0,0,30,53,55,0,0,0,0,0,0,42,10,0,21,30,0,46,0
l13,5=0,0,0,0,21,25,0,0,82,81,27,75,56,0,37,78,40,52,0,10,47,0,49,22,12,30,0,0,0,0,0,0,0,0,0,17,4,0,0,0
l14,5=0,0,0,0,0,0,0,0,44,24,21,32,83,65,0,37,47,47,0,0,53,0,42,50,86,46,0,0,0,0,0,30,0,37,27,0,8,0,48,0
l15,5=0,0,0,0,0,0,0,52,65,66,27,88,53,86,35,0,36,47,0,0,4,57,49,24,26,28,0,0,0,0,0,0,0,0,0,0,30,0,44,45
l16,5=0,0,0,0,0,0,16,0,54,39,0,30,45,56,43,32,0,55,0,46,58,65,56,0,27,29,0,0,0,0,0,0,0,16,18,29,31,21,49,48
l17,5=0,0,0,0,0,0,0,0,61,63,17,33,83,82,42,42,49,0,0,22,67,44,35,0,30,32,0,0,0,0,0,0,0,0,0,24,38,6,0,14
l18,5=0,0,0,0,0,0,0,0,0,0,0,0,0,0,0,0,0,0,0,0,0,68,49,0,0,0,0,0,0,0,0,0,0,0,0,0,0,0,0,0
l19,5=0,0,0,0,0,0,0,0,0,0,0,0,0,10,0,0,30,2,0,0,74,74,75,0,0,0,44,0,0,26,0,0,0,0,0,0,60,0,30,44
l20,5=0,0,0,0,0,0,0,0,11,20,0,11,21,22,43,0,36,41,0,79,0,76,75,0,6,0,0,0,18,0,0,0,23,0,0,33,77,39,74,58
l21,5=0,0,0,0,0,0,0,0,41,8,0,13,0,0,0,26,36,25,52,76,73,0,70,0,10,0,0,0,0,0,0,0,0,0,0,30,72,30,43,68
l22,5=0,0,0,0,0,0,0,0,40,45,0,10,4,43,22,26,39,20,30,84,75,74,0,0,0,0,51,0,0,13,0,0,0,0,0,1,75,32,70,61
l23,5=0,0,0,0,0,0,0,0,49,0,0,57,70,61,76,58,0,0,0,0,0,0,0,0,82,77,0,0,0,0,0,0,0,70,64,0,0,0,0,0
l24,5=0,0,0,0,0,0,0,0,63,51,0,26,82,42,82,69,63,73,0,0,38,46,0,86,0,72,0,0,0,0,0,0,0,43,16,0,22,0,0,0
l25,5=0,0,0,0,0,0,0,0,0,0,0,18,75,45,77,27,34,33,0,0,0,0,0,82,77,0,0,0,0,36,0,0,73,71,34,0,0,0,0,0
l26,5=0,0,0,0,0,0,0,0,0,0,0,0,0,0,0,0,0,0,0,44,12,0,51,0,0,0,0,57,87,86,80,83,81,56,68,0,0,0,0,0
l27,5=0,0,0,0,0,0,0,0,0,0,0,0,0,0,0,0,0,0,0,0,0,0,0,0,0,0,81,0,87,84,88,73,68,0,0,0,0,0,0,0
l28,5=0,0,0,0,0,0,0,0,0,0,0,0,0,0,0,0,0,0,0,0,50,0,18,0,0,0,88,87,0,92,88,69,74,73,63,0,0,0,0,0
l29,5=0,0,0,0,0,0,0,0,0,0,0,0,0,0,0,0,0,0,0,49,0,0,41,0,0,43,88,84,87,0,88,54,68,59,60,0,0,0,0,0
l30,5=0,0,0,0,0,0,0,0,0,0,0,0,0,0,0,0,0,0,0,0,0,0,0,0,0,0,85,87,87,85,0,73,0,74,0,0,0,0,0,0
l31,5=0,0,0,0,0,0,0,0,0,0,0,0,0,0,15,0,0,0,0,0,0,0,0,0,0,0,81,53,68,41,61,0,85,74,72,0,0,0,0,0
l32,5=0,0,0,0,0,0,0,0,0,0,0,0,43,0,0,0,0,0,0,0,46,0,0,13,0,63,77,52,71,60,19,89,0,76,80,0,0,0,0,0
l33,5=0,0,0,0,0,0,0,0,0,0,0,0,29,0,68,0,25,0,0,0,0,0,0,71,41,62,68,0,68,61,66,69,72,0,68,0,0,0,0,0
l34,5=0,0,0,0,0,0,0,0,0,0,0,0,27,0,56,0,41,0,0,0,24,0,0,73,38,59,69,0,70,54,0,84,90,83,0,0,0,0,0,0
l35,5=0,0,0,0,0,0,0,0,0,0,0,0,12,15,0,0,20,17,0,0,29,33,0,0,0,0,0,0,0,0,0,0,0,0,0,0,44,15,35,42
l36,5=0,0,0,0,0,0,0,0,4,0,0,20,16,4,0,19,23,35,0,38,56,47,59,0,4,0,0,0,0,0,0,0,0,0,0,37,0,39,50,72
l37,5=0,0,0,0,0,0,0,0,0,0,0,8,0,0,0,0,14,0,0,0,36,43,46,0,0,0,0,0,0,0,0,0,0,0,0,18,75,0,49,53
l38,5=0,0,0,0,0,0,0,0,0,28,0,24,21,0,32,32,32,0,0,34,65,45,65,0,0,0,0,0,0,0,0,0,0,0,0,36,81,36,0,74
l39,5=0,0,0,0,0,0,0,0,0,0,0,0,0,0,0,13,20,0,0,29,47,60,50,0,0,0,0,0,0,0,0,0,0,0,0,31,82,31,68,0

l0,6=0,89,79,79,88,82,67,1,0,59,69,0,0,0,0,0,0,0,0,0,0,0,0,0,0,0,0,0,0,0,0,0,0,0,0,0,0,0,0,0
l1,6=85,0,81,84,88,84,74,41,0,71,66,0,0,0,0,0,0,0,0,0,0,0,0,29,0,0,0,0,0,0,0,0,0,0,0,0,0,0,0,0
l2,6=68,78,0,70,83,83,71,53,41,78,69,0,0,42,0,0,0,0,0,0,0,0,0,0,0,0,0,0,0,0,0,0,0,0,0,0,0,0,0,0
l3,6=67,78,71,0,90,81,68,0,0,62,0,0,0,0,0,0,0,0,0,0,0,0,0,0,0,0,0,0,0,0,0,0,0,0,0,0,0,0,0,0
l4,6=81,86,84,89,0,86,71,50,54,0,67,0,0,4,0,0,0,0,0,0,0,0,0,31,0,0,0,0,0,0,0,0,0,0,0,0,0,0,0,0
l5,6=78,73,79,79,76,0,63,73,56,76,73,0,0,47,0,0,0,0,0,0,0,0,0,0,0,0,0,0,0,0,0,0,0,0,0,0,0,0,0,0
l6,6=58,68,63,60,58,50,0,71,42,71,70,60,1,17,0,0,38,0,0,0,0,0,2,0,0,0,0,0,0,0,0,0,0,0,0,0,0,0,0,0
l7,6=22,44,54,25,49,80,68,0,61,75,74,57,2,0,0,42,0,0,0,0,0,0,0,0,0,0,0,0,0,0,0,0,0,0,0,0,0,0,0,0
l8,6=0,0,24,0,53,46,42,54,0,76,73,73,38,74,31,43,44,47,0,0,36,16,27,17,36,1,0,0,0,0,0,0,0,0,0,0,0,0,0,0
l9,6=28,50,62,42,0,73,67,66,66,0,78,65,29,67,30,43,17,20,0,0,5,0,17,0,0,0,0,0,0,0,0,0,0,0,0,0,0,0,9,0
l10,6=45,50,60,0,53,65,68,77,65,87,0,64,0,49,0,37,27,0,0,0,0,0,0,0,0,0,0,0,0,0,0,0,0,0,0,0,0,0,0,0
l11,6=0,0,0,0,0,0,25,22,54,49,39,0,36,48,55,62,33,33,0,0,20,0,0,18,46,32,0,0,0,0,0,0,0,0,0,0,40,23,43,0
l12,6=0,0,0,0,0,0,0,0,35,40,0,60,0,43,73,47,46,38,0,0,26,0,4,48,69,67,0,0,0,0,0,0,0,43,38,0,43,0,32,0
l13,6=0,0,0,0,0,21,1,0,66,70,34,35,21,0,42,49,23,29,0,25,2,0,21,18,46,0,0,0,0,0,0,0,0,0,0,37,30,0,25,0
l14,6=0,0,0,0,0,0,0,0,36,40,0,34,60,45,0,28,21,30,0,0,39,0,25,52,56,55,0,0,0,0,0,2,0,41,13,0,1,0,33,0
l15,6=0,0,0,0,0,0,0,25,34,56,36,84,57,57,48,0,34,33,0,0,6,18,20,38,56,4,0,0,0,0,0,0,0,0,0,7,10,0,49,0
l16,6=0,0,0,0,0,0,13,0,31,36,20,31,34,36,29,25,0,39,16,25,21,20,28,22,51,37,0,0,0,0,0,0,0,33,0,45,44,18,49,22
l17,6=0,0,0,0,0,0,0,0,38,37,0,34,37,51,64,40,42,0,0,0,43,12,14,0,56,39,0,0,0,0,0,0,0,34,0,0,45,19,36,0
l18,6=0,0,0,0,0,0,0,0,0,0,0,0,0,5,0,0,39,0,0,39,0,38,0,0,0,0,0,0,0,0,0,0,0,0,0,0,0,0,0,0
l19,6=0,0,0,0,0,0,0,0,0,0,0,0,0,28,0,0,32,0,31,0,53,42,56,0,0,0,0,0,0,0,1,28,0,0,0,32,41,29,31,27
l20,6=0,0,0,0,0,0,0,0,29,4,0,12,14,3,32,0,19,42,0,56,0,57,56,0,0,0,0,0,11,0,0,0,0,27,0,0,45,30,51,31
l21,6=0,0,0,0,0,0,0,0,30,0,0,0,5,0,0,21,28,26,30,48,53,0,53,0,0,0,0,0,0,0,0,0,0,0,0,44,41,32,36,39
l22,6=0,0,0,0,0,0,0,0,29,32,0,0,13,32,31,17,24,21,0,58,57,51,0,0,0,0,24,0,4,0,0,0,0,0,0,41,50,0,46,32
l23,6=0,11,0,0,26,0,0,0,32,0,0,22,52,39,63,36,31,0,0,0,0,0,0,0,68,68,0,0,0,0,0,29,36,42,43,0,0,0,0,0
l24,6=0,0,0,0,0,0,0,0,38,0,0,51,72,49,63,39,44,45,0,0,1,0,0,75,0,59,0,0,0,0,0,0,0,42,41,0,0,0,9,0
l25,6=0,0,0,0,0,0,0,0,13,0,0,20,67,0,65,10,24,22,0,0,0,0,0,72,59,0,0,0,0,0,0,0,38,46,0,0,0,0,0,0
l26,6=0,0,0,0,0,0,0,0,0,0,0,0,0,0,0,0,0,0,0,0,6,0,42,0,0,0,0,51,77,79,60,71,65,40,44,0,0,0,0,0
l27,6=0,0,0,0,0,0,0,0,0,0,0,0,0,0,0,0,0,0,0,0,0,0,0,0,0,0,64,0,77,78,92,62,54,0,0,0,0,0,0,0
l28,6=0,0,0,0,0,0,0,0,0,0,0,0,0,0,0,0,0,0,0,0,41,0,43,0,0,0,68,84,0,84,92,67,52,54,51,0,0,0,0,0
l29,6=0,0,0,0,0,0,0,0,0,0,0,0,0,0,0,0,0,0,0,2,0,0,0,0,0,0,68,78,77,0,50,46,46,40,39,0,0,0,0,0
l30,6=0,0,0,0,0,0,0,0,0,0,0,0,0,0,0,0,0,0,0,0,0,0,0,0,0,0,64,84,77,45,0,51,0,0,44,0,0,0,0,0
l31,6=0,0,0,0,0,0,0,0,0,0,0,0,0,0,1,0,0,0,0,34,0,0,0,33,0,0,56,41,59,37,47,0,73,54,59,0,0,0,0,0
l32,6=0,0,0,0,0,0,0,0,0,0,0,0,0,0,0,0,0,0,0,0,0,0,0,29,0,50,63,41,58,44,0,77,0,69,80,0,0,0,0,0
l33,6=0,0,0,0,0,0,0,0,0,0,0,0,45,0,51,0,36,35,0,0,38,0,0,46,45,57,36,0,57,44,31,72,69,0,62,0,0,0,0,0
l34,6=0,0,0,0,0,0,0,0,0,0,0,0,43,0,35,0,29,0,0,1,0,0,0,48,42,0,48,0,58,39,45,73,79,68,0,0,0,0,0,0
l35,6=0,0,0,0,0,0,0,0,0,0,0,0,0,22,0,0,23,0,0,10,0,23,11,0,0,0,0,0,0,0,0,0,0,0,0,0,52,44,42,32
l36,6=0,0,0,0,0,0,0,0,0,0,0,5,5,20,0,0,21,17,0,25,36,21,28,0,0,0,0,0,0,0,0,0,0,0,0,57,0,47,52,38
l37,6=0,0,0,0,0,0,0,0,0,0,0,6,0,0,0,0,6,0,0,14,31,14,0,0,0,0,0,0,0,0,0,0,0,0,0,61,60,0,32,26
l38,6=0,0,0,0,0,0,0,0,0,4,0,26,10,30,26,23,31,19,0,35,41,21,28,0,0,0,0,0,0,0,0,0,0,0,0,49,62,35,0,38
l39,6=0,0,0,0,0,0,0,0,0,0,0,0,0,0,0,0,22,0,0,23,37,22,26,0,0,0,0,0,0,0,0,0,0,0,0,44,58,30,49,0

l0,7=0,94,92,91,94,92,90,77,71,76,82,0,0,0,0,0,0,0,0,0,0,0,0,0,0,0,0,0,0,0,0,0,0,0,0,0,0,0,0,0
l1,7=96,0,93,91,95,85,87,78,43,65,70,0,0,56,0,0,0,0,0,0,0,0,0,0,0,0,0,0,0,0,0,0,0,0,0,0,0,0,0,0
l2,7=88,90,0,88,90,53,87,70,66,82,76,0,0,0,0,0,0,0,0,0,0,0,0,0,0,0,0,0,0,0,0,0,0,0,0,0,0,0,0,0
l3,7=90,90,92,0,91,85,87,45,0,64,76,0,0,0,0,0,0,0,0,0,0,0,0,0,0,0,0,0,0,0,0,0,0,0,0,0,0,0,0,0
l4,7=96,94,96,97,0,92,90,77,77,0,77,0,0,68,0,0,0,0,0,0,0,0,0,0,0,0,0,0,0,0,0,0,0,0,0,0,0,0,0,0
l5,7=92,90,70,88,91,0,28,88,76,86,82,0,0,56,0,0,0,0,0,0,0,0,0,0,0,0,0,0,0,0,0,0,0,0,0,0,0,0,0,0
l6,7=77,83,87,77,81,12,0,86,0,82,78,29,0,44,0,0,27,0,0,0,0,0,0,0,0,0,0,0,0,0,0,0,0,0,0,0,0,0,0,0
l7,7=52,63,43,36,64,84,88,0,67,86,82,14,9,44,0,57,0,1,0,0,0,0,0,0,0,0,0,0,0,0,0,0,0,0,0,0,0,0,0,0
l8,7=56,15,52,0,28,27,0,71,0,87,82,67,35,80,63,68,28,22,0,9,4,2,19,0,1,0,0,0,0,0,0,0,0,0,0,0,0,0,0,0
l9,7=40,41,63,22,0,47,87,88,86,0,82,52,27,79,32,73,4,7,0,0,29,1,11,9,36,0,0,0,0,0,0,0,0,0,0,0,0,0,28,0
l10,7=61,53,57,42,36,65,67,88,84,87,0,58,0,16,0,65,38,6,0,0,0,0,0,0,0,0,0,0,0,0,0,0,0,0,0,0,0,0,0,0
l11,7=0,0,0,0,0,0,41,13,57,62,57,0,69,33,62,82,28,18,0,0,37,7,15,13,51,38,0,0,0,0,0,0,0,0,0,1,10,0,50,35
l12,7=0,0,0,0,0,0,0,0,31,38,0,70,0,15,77,78,34,20,0,0,39,0,0,28,85,76,0,0,0,0,0,0,0,29,15,0,8,0,32,0
l13,7=0,37,0,0,19,16,49,50,79,78,19,35,23,0,58,72,23,22,0,0,27,0,15,17,59,34,0,0,0,0,0,0,0,0,0,9,11,0,38,0
l14,7=0,0,0,0,0,0,0,0,33,34,0,29,66,26,0,53,35,38,0,0,38,22,17,60,52,60,0,0,0,0,0,0,0,29,0,0,0,0,33,0
l15,7=0,0,0,0,0,0,0,49,49,60,55,77,68,47,58,0,23,20,0,5,41,25,21,19,45,44,0,0,0,0,0,0,0,0,0,0,12,43,45,0
l16,7=0,0,0,0,0,0,22,0,32,15,38,31,36,17,61,49,0,20,13,0,45,26,22,16,52,24,0,0,0,0,0,24,8,11,0,14,18,42,47,0
l17,7=0,0,0,0,0,0,0,0,42,36,12,27,33,27,66,58,26,0,0,7,47,22,8,15,61,0,0,0,0,0,0,0,0,27,0,0,18,0,51,34
l18,7=0,0,0,0,0,0,0,0,0,0,0,0,0,0,0,0,37,0,0,36,39,20,0,0,0,0,0,0,0,0,0,0,0,0,0,0,0,0,0,0
l19,7=0,0,0,0,0,0,0,0,2,0,0,0,8,0,0,0,0,0,16,0,68,36,66,0,0,0,32,0,0,0,0,35,0,0,0,0,0,0,30,0
l20,7=0,0,0,0,0,0,0,0,0,24,0,13,20,5,32,35,30,11,9,60,0,55,67,0,0,0,0,0,11,7,0,0,0,0,0,30,33,38,61,41
l21,7=0,0,0,0,0,0,0,0,15,21,0,5,16,0,35,42,30,10,8,37,68,0,67,0,14,0,0,0,0,0,0,0,0,0,0,25,27,0,52,51
l22,7=0,0,0,0,0,0,0,0,27,26,0,15,0,9,33,37,37,3,0,60,71,54,0,0,0,0,0,0,0,3,0,0,0,0,0,23,50,0,45,51
l23,7=0,0,0,0,0,0,0,0,0,14,0,16,69,19,75,60,39,9,0,0,0,0,0,0,83,78,0,0,0,0,0,0,6,26,51,0,0,0,0,0
l24,7=0,0,0,2,0,0,0,0,0,38,0,31,79,30,61,46,44,53,0,0,2,0,0,87,0,73,0,0,0,0,0,0,0,32,29,0,1,0,0,0
l25,7=0,0,0,0,1,0,0,0,3,22,0,23,74,28,72,54,20,0,0,0,0,0,0,83,73,0,0,0,0,19,0,3,39,40,0,0,0,0,25,0
l26,7=0,0,0,0,0,0,0,0,0,0,0,0,0,0,0,0,0,0,0,40,1,0,6,0,0,0,0,63,79,85,68,72,79,47,61,0,0,0,0,0
l27,7=0,0,0,0,0,0,0,0,0,0,0,0,0,0,0,0,0,0,0,0,0,0,0,0,0,0,69,0,78,85,88,44,53,0,2,0,0,0,0,0
l28,7=0,0,0,0,0,0,0,0,0,0,0,0,0,0,0,0,0,0,0,31,39,0,0,0,0,0,71,90,0,86,88,66,49,52,59,0,0,0,0,0
l29,7=0,0,0,0,0,0,0,0,0,0,0,0,0,0,0,0,0,0,0,0,43,0,4,0,0,34,71,90,79,0,88,67,64,48,14,0,0,0,0,0
l30,7=0,0,0,0,0,0,0,0,0,0,0,0,0,0,0,0,0,0,0,0,0,0,0,0,0,0,61,90,78,85,0,64,53,30,62,0,0,0,0,0
l31,7=0,0,0,0,0,0,0,0,0,0,0,0,0,0,0,0,17,0,0,46,0,0,0,0,1,0,68,11,57,58,54,0,82,77,80,0,0,0,0,0
l32,7=0,0,0,0,0,0,0,0,0,0,0,0,0,0,0,0,15,0,0,0,0,0,0,17,0,54,64,25,38,64,59,75,0,79,84,0,0,0,0,0
l33,7=0,0,0,0,0,0,0,0,0,0,0,0,57,0,58,0,36,46,0,0,26,0,0,41,55,56,57,0,56,39,43,73,77,0,68,0,0,0,0,0
l34,7=0,0,0,0,0,0,0,0,0,0,0,0,48,0,0,0,0,0,0,0,0,0,0,58,51,0,54,27,42,28,48,68,85,56,0,0,0,0,0,0
l35,7=0,0,0,0,0,0,0,0,0,0,0,0,0,3,0,0,22,0,0,0,43,23,15,0,0,0,0,0,0,0,0,0,0,0,0,0,51,60,56,57
l36,7=0,0,0,0,0,0,0,0,0,0,0,2,10,4,0,17,23,5,0,0,44,24,49,0,0,0,0,0,0,0,0,0,0,0,0,57,0,54,59,57
l37,7=0,0,0,0,0,0,0,0,0,0,0,0,0,0,0,21,12,0,0,0,30,0,0,0,0,0,0,0,0,0,0,0,0,0,0,34,33,0,40,44
l38,7=0,0,0,0,0,0,0,0,0,30,0,28,22,13,33,53,24,17,0,31,47,30,33,0,0,2,0,0,0,0,0,0,0,0,0,36,61,42,0,55
l39,7=0,0,0,0,0,0,0,0,0,0,0,2,0,0,0,0,0,0,0,0,38,28,31,0,0,0,0,0,0,0,0,0,0,0,0,35,38,39,44,0

l0,8=0,97,92,88,88,95,90,78,8,81,87,0,0,74,0,0,0,0,0,0,0,0,0,0,0,0,0,0,0,0,0,0,0,0,0,0,0,0,0,0
l1,8=95,0,92,95,88,95,90,82,67,85,0,0,0,58,0,0,0,0,0,0,0,0,0,36,0,0,0,0,0,0,0,0,0,0,0,0,0,0,0,0
l2,8=91,93,0,88,85,94,88,80,0,50,88,0,0,0,0,3,0,0,0,0,0,0,0,0,0,0,0,0,0,0,0,0,0,0,0,0,0,0,0,0
l3,8=73,91,88,0,88,92,87,81,0,72,9,0,0,0,0,0,0,0,0,0,0,0,0,0,13,0,0,0,0,0,0,0,0,0,0,0,0,0,0,0
l4,8=87,93,88,96,0,94,90,81,77,61,75,0,0,80,3,0,0,0,0,0,0,0,0,0,67,0,0,0,0,0,0,0,0,0,0,0,0,0,0,0
l5,8=94,93,92,94,88,0,90,83,81,84,92,57,1,82,0,0,0,0,0,0,0,0,0,0,0,0,0,0,0,0,0,0,0,0,0,0,0,0,0,0
l6,8=81,86,85,84,84,84,0,81,64,86,83,0,0,31,0,5,61,0,0,0,0,0,0,0,0,0,0,0,0,0,0,0,0,0,0,0,0,0,0,0
l7,8=78,88,87,87,83,90,89,0,88,97,99,42,0,88,0,0,7,33,0,0,0,0,0,0,0,0,0,0,0,0,0,0,0,0,0,0,0,0,0,0
l8,8=0,17,0,0,82,88,81,85,0,95,93,90,0,89,60,86,0,50,0,45,0,0,47,0,1,11,0,0,0,0,0,0,0,0,0,0,0,0,0,0
l9,8=50,66,7,72,28,81,88,87,90,0,97,65,65,89,25,87,64,37,0,0,0,53,6,44,47,0,0,0,0,0,0,0,0,0,0,0,0,0,58,0
l10,8=51,0,80,72,75,90,85,86,89,95,0,63,0,79,0,78,0,0,0,0,0,0,0,0,0,0,0,0,0,0,0,0,0,0,0,0,0,0,0,0
l11,8=0,0,0,0,0,41,0,44,86,57,51,0,100,54,73,99,89,53,0,0,27,58,19,55,59,67,0,0,0,0,0,0,0,0,0,44,64,0,65,0
l12,8=0,0,0,0,0,0,0,0,0,17,0,68,0,0,91,99,96,50,0,0,34,0,0,60,97,94,0,0,0,0,0,0,0,19,1,38,54,0,42,0
l13,8=10,0,0,2,65,51,5,90,98,73,53,40,0,0,75,94,64,38,0,0,38,54,0,55,63,68,0,0,0,0,0,0,0,0,0,13,43,0,69,0
l14,8=0,0,0,0,0,0,0,0,68,23,0,50,100,76,0,82,77,57,0,0,58,63,39,73,89,67,0,0,0,0,0,0,0,0,0,0,48,0,0,0
l15,8=0,0,0,0,0,0,0,0,85,57,50,97,97,85,76,0,83,55,0,0,65,80,35,55,47,58,0,0,0,0,0,0,0,0,0,0,57,0,79,0
l16,8=0,0,0,0,0,0,35,0,0,17,0,62,97,35,67,69,0,50,17,47,87,69,49,40,67,32,0,0,0,0,0,43,8,3,8,37,58,51,58,46
l17,8=0,0,0,0,0,0,0,32,69,17,0,64,91,33,90,97,93,0,0,27,76,1,15,12,63,0,0,0,0,0,0,0,0,22,0,5,43,0,65,23
l18,8=0,0,0,0,0,0,0,0,0,0,0,0,0,0,0,0,70,0,0,79,79,69,0,0,0,0,0,0,0,0,0,0,0,0,0,0,0,0,0,0
l19,8=0,0,0,0,0,0,0,0,50,0,0,0,1,0,0,0,58,50,49,0,90,77,89,0,0,0,0,0,11,0,0,56,0,0,0,40,58,0,51,47
l20,8=0,0,0,0,0,0,0,0,0,0,0,0,51,20,41,44,56,30,30,95,0,94,90,0,10,0,0,0,0,0,0,0,0,3,4,37,74,57,80,53
l21,8=0,0,0,0,0,0,0,0,0,26,0,25,28,38,44,47,51,1,25,54,91,0,89,0,0,0,0,0,0,0,0,18,0,11,3,49,61,51,76,71
l22,8=0,0,0,0,0,0,0,0,53,19,0,18,0,0,39,44,61,29,0,93,92,92,0,0,0,0,0,0,0,26,0,2,0,0,0,60,72,42,70,65
l23,8=0,0,0,0,0,0,0,0,0,45,0,51,96,78,87,76,79,37,0,0,0,0,0,0,97,94,0,0,0,0,0,0,58,44,44,0,0,0,0,0
l24,8=0,0,0,52,42,0,0,0,0,46,0,52,100,79,89,76,93,50,0,0,38,0,0,92,0,92,0,0,0,0,0,13,0,39,34,0,5,0,0,0
l25,8=0,0,0,3,0,0,0,0,18,0,0,52,100,73,67,65,64,0,0,0,0,0,0,92,91,0,0,0,0,41,0,7,55,50,42,0,0,0,18,0
l26,8=0,0,0,0,0,0,0,0,0,0,0,0,0,0,0,0,0,0,0,0,0,0,0,0,0,0,0,87,94,94,84,92,88,82,79,0,0,0,0,0
l27,8=0,0,0,0,0,0,0,0,0,0,0,0,0,0,0,0,0,0,0,0,0,0,0,0,0,0,90,0,94,95,92,0,82,0,81,0,0,0,0,0
l28,8=0,0,0,0,0,0,0,0,0,0,0,0,0,0,0,0,0,0,0,63,59,0,41,0,0,0,92,89,0,94,92,92,67,83,76,0,0,0,0,0
l29,8=0,0,0,0,0,0,0,0,0,0,0,0,0,0,0,0,0,0,0,0,4,0,61,0,0,60,92,89,94,0,92,92,52,76,82,0,0,0,0,0
l30,8=0,0,0,0,0,0,0,0,0,0,0,0,0,0,0,0,0,0,0,0,0,0,0,0,0,0,87,89,94,94,0,81,85,70,0,0,0,0,0,0
l31,8=0,0,0,0,0,0,0,0,0,0,0,0,0,0,0,0,66,0,0,60,0,1,4,0,25,1,90,0,84,87,67,0,87,89,87,0,0,0,0,0
l32,8=0,0,0,0,0,0,0,0,0,0,0,0,0,0,0,0,28,0,0,0,0,0,0,79,0,65,90,68,55,55,72,94,0,93,89,0,0,0,0,0
l33,8=0,0,0,0,0,0,0,0,0,0,0,0,76,0,0,0,5,73,0,0,57,17,0,79,68,69,77,0,74,75,68,94,91,0,79,0,0,0,0,0
l34,8=0,0,0,0,0,0,0,0,0,0,0,0,75,0,0,0,64,0,0,0,65,30,0,80,73,66,73,62,70,76,0,91,92,85,0,0,0,0,0,0
l35,8=0,0,0,0,0,0,0,0,0,0,0,6,35,0,0,0,30,0,0,25,37,56,34,0,0,0,0,0,0,0,0,0,0,0,0,0,73,64,53,56
l36,8=0,0,0,0,0,0,0,0,0,0,0,13,44,23,25,34,35,4,0,20,51,49,36,0,1,0,0,0,0,0,0,0,0,0,0,62,0,54,64,54
l37,8=0,0,0,0,0,0,0,0,0,0,0,0,0,0,0,0,33,0,0,0,49,48,10,0,0,0,0,0,0,0,0,0,0,0,0,60,56,0,48,44
l38,8=0,0,0,0,0,0,0,0,0,18,0,19,49,41,0,46,37,25,0,19,75,76,41,0,0,0,0,0,0,0,0,0,0,0,0,58,76,54,0,48
l39,8=0,0,0,0,0,0,0,0,0,0,0,0,0,0,0,0,39,4,0,17,60,68,38,0,0,0,0,0,0,0,0,0,0,0,0,62,67,59,59,0

l0,9=0,100,99,97,98,100,96,94,88,98,93,0,0,1,0,0,0,0,0,0,0,0,0,0,0,0,0,0,0,0,0,0,0,0,0,0,0,0,0,0
l1,9=98,0,100,96,98,100,92,100,88,93,94,0,0,2,0,0,0,0,0,0,0,0,0,20,0,0,0,0,0,0,0,0,0,0,0,0,0,0,0,0
l2,9=98,100,0,97,98,100,100,100,12,90,92,0,80,0,0,3,0,0,0,0,0,0,0,0,0,0,0,0,0,0,0,0,0,0,0,0,0,0,0,0
l3,9=82,96,94,0,98,94,93,95,0,0,0,0,0,0,0,0,0,0,0,0,0,0,0,0,0,0,0,0,0,0,0,0,0,0,0,0,0,0,0,0
l4,9=90,100,100,98,0,96,96,94,93,87,93,0,0,4,84,0,0,0,0,0,0,0,0,0,42,0,0,0,0,0,0,0,0,0,0,0,0,0,0,0
l5,9=98,100,100,97,98,0,99,4,90,98,100,0,0,54,0,0,0,0,0,0,0,0,0,0,0,0,0,0,0,0,0,0,0,0,0,0,0,0,0,0
l6,9=98,84,100,96,85,61,0,100,80,97,99,0,0,86,0,0,11,0,0,0,0,0,0,0,0,0,0,0,0,0,0,0,0,0,0,0,0,0,0,0
l7,9=88,100,100,97,76,2,100,0,94,100,100,82,70,99,1,20,0,0,0,0,0,0,0,0,0,0,0,0,0,0,0,0,0,0,0,0,0,0,0,0
l8,9=78,93,0,21,75,39,39,97,0,100,96,99,0,98,11,37,32,64,0,90,0,0,79,0,0,0,0,0,0,0,0,0,0,0,0,0,0,0,0,0
l9,9=91,88,50,0,44,54,99,100,97,0,100,99,33,99,91,65,37,0,0,0,0,0,2,42,40,0,0,0,0,0,0,0,0,0,0,0,0,0,0,0
l10,9=86,99,81,0,98,97,100,100,90,99,0,1,50,97,0,98,30,54,0,0,0,0,0,38,0,0,0,0,0,0,0,0,0,0,0,0,0,0,0,0
l11,9=0,0,0,0,0,0,0,52,89,95,13,0,98,99,97,100,37,71,0,0,84,83,64,56,61,81,0,0,0,0,0,0,0,0,0,2,71,0,48,0
l12,9=0,0,0,0,0,0,0,0,0,4,0,100,0,97,98,61,45,81,0,0,91,83,6,99,62,100,0,0,0,0,0,0,0,0,0,0,71,0,54,0
l13,9=0,0,0,0,3,4,33,96,96,100,93,100,91,0,79,85,38,0,0,18,89,79,0,54,61,75,0,0,0,0,0,0,0,0,0,0,75,0,51,0
l14,9=0,0,0,0,36,0,0,0,0,93,0,99,99,85,0,39,37,70,0,0,90,81,77,99,100,85,0,0,0,0,0,0,0,34,0,0,41,0,0,0
l15,9=0,0,0,0,0,0,0,0,63,93,96,100,98,98,96,0,37,71,0,0,83,77,68,45,60,0,0,0,0,0,0,0,0,0,0,0,64,0,53,0
l16,9=0,0,0,0,0,0,1,0,55,83,76,96,93,93,90,38,0,68,70,93,94,65,75,53,55,79,0,0,0,0,0,67,0,33,31,0,78,66,53,36
l17,9=0,0,0,0,0,0,0,0,70,0,83,99,98,3,97,39,37,0,0,95,86,87,78,0,40,0,0,0,0,0,0,0,0,37,0,0,75,0,47,35
l18,9=0,0,0,0,0,0,0,0,0,0,0,0,0,0,0,0,61,0,0,0,92,86,0,0,0,0,0,0,0,0,0,0,0,0,0,0,41,0,0,0
l19,9=0,0,0,0,0,0,0,0,45,0,0,0,0,2,0,0,84,81,0,0,94,91,92,0,0,0,0,0,0,0,0,0,0,0,0,74,75,81,0,80
l20,9=0,0,0,0,0,0,0,0,0,0,0,57,73,68,64,31,91,45,53,97,0,93,94,0,12,0,53,0,0,0,0,0,0,0,28,25,80,86,97,87
l21,9=0,0,0,0,0,0,0,0,0,0,0,68,75,71,62,33,27,55,71,97,98,0,92,0,0,0,0,0,0,0,0,0,0,18,0,34,76,76,52,35
l22,9=0,0,0,0,0,0,0,0,61,20,0,53,62,3,62,33,49,60,0,96,99,92,0,0,0,0,0,0,15,30,0,71,0,0,0,78,80,77,96,31
l23,9=0,0,0,0,0,0,0,0,0,84,22,100,99,98,100,38,52,0,0,0,0,0,0,0,100,100,0,0,0,0,0,0,96,44,37,0,0,0,0,0
l24,9=0,0,0,0,10,0,0,0,0,88,0,99,99,99,99,39,94,59,0,0,86,0,0,99,0,100,0,0,0,0,0,0,0,43,34,0,67,0,0,0
l25,9=0,0,0,2,0,0,0,0,0,0,0,99,99,83,98,0,37,0,0,0,0,0,0,99,100,0,1,0,0,16,0,0,90,98,37,0,0,0,46,0
l26,9=0,0,0,0,0,0,0,0,0,0,0,0,0,0,0,0,0,0,0,0,51,0,0,0,0,0,0,89,99,99,100,100,100,87,91,0,0,0,0,0
l27,9=0,0,0,0,0,0,0,0,0,0,0,0,0,0,0,0,0,0,0,0,0,0,0,0,0,0,98,0,99,99,100,99,94,0,0,0,0,0,0,0
l28,9=0,0,0,0,0,0,0,0,0,0,0,0,0,0,0,0,0,0,0,0,38,0,67,0,0,0,100,100,0,99,100,95,0,88,0,0,0,0,0,0
l29,9=0,0,0,0,0,0,0,0,0,0,0,0,0,0,0,0,0,0,0,0,0,0,81,0,0,5,100,100,99,0,100,99,18,85,91,0,0,0,0,0
l30,9=0,0,0,0,0,0,0,0,0,0,0,0,0,0,0,0,0,0,0,0,0,0,0,0,0,0,100,100,99,99,0,99,97,57,91,0,0,0,0,0
l31,9=0,0,0,0,0,0,0,0,0,0,0,0,0,0,0,0,16,0,0,0,0,0,39,0,0,0,97,44,95,96,99,0,100,100,100,0,0,0,0,0
l32,9=0,0,0,0,0,0,0,0,0,0,0,0,14,0,0,0,0,0,0,0,0,0,0,60,0,36,100,42,0,13,97,100,0,100,100,0,0,0,0,0
l33,9=0,0,0,0,0,0,0,0,0,0,0,0,0,0,41,0,47,45,0,0,0,27,0,99,58,99,82,0,97,45,37,100,100,0,100,0,0,0,0,0
l34,9=0,0,0,0,0,0,0,0,0,0,0,0,38,0,25,0,59,0,0,0,95,0,0,99,48,87,100,0,0,66,83,100,100,100,0,0,0,0,0,0
l35,9=0,0,0,0,0,0,0,0,0,0,0,0,0,0,0,0,0,0,0,69,49,69,74,0,0,0,0,0,0,0,0,0,0,0,0,0,80,82,93,47
l36,9=0,0,0,0,0,0,0,0,0,0,0,45,54,42,6,21,21,32,0,50,83,69,74,0,8,0,0,0,0,0,0,0,0,0,0,54,0,83,46,30
l37,9=0,0,0,0,0,0,0,0,0,0,0,0,0,0,0,0,17,0,0,67,77,64,61,0,0,0,0,0,0,0,0,0,0,0,0,49,74,0,46,30
l38,9=0,0,0,0,0,0,0,0,0,0,0,36,65,54,0,30,32,21,0,0,93,85,80,0,0,13,0,0,0,0,0,0,0,0,0,35,79,84,0,31
l39,9=0,0,0,0,0,0,0,0,0,0,0,0,0,0,0,0,30,49,0,75,86,73,59,0,0,0,0,0,0,0,0,0,0,0,0,51,79,82,48,0

l0,10=0,93,88,92,89,88,87,62,68,85,69,0,0,0,0,0,0,0,0,0,0,0,0,0,0,0,0,0,0,0,0,0,0,0,0,0,0,0,0,0
l1,10=91,0,85,82,83,90,85,82,36,45,36,8,0,0,0,0,0,0,0,0,0,0,0,0,0,0,0,0,0,0,0,0,0,0,0,0,0,0,0,0
l2,10=86,86,0,88,87,88,86,87,0,74,54,0,47,0,0,0,0,0,0,0,0,0,0,0,0,0,0,0,0,0,0,0,0,0,0,0,0,0,0,0
l3,10=91,71,84,0,92,72,87,49,0,48,0,0,0,0,0,0,0,0,0,0,0,0,0,0,0,2,0,0,0,0,0,0,0,0,0,0,0,0,0,0
l4,10=87,86,83,96,0,88,37,67,46,68,82,0,0,6,55,0,0,0,0,0,0,0,0,0,0,0,0,0,0,0,0,0,0,0,0,0,0,0,0,0
l5,10=86,86,85,87,87,0,86,87,43,81,80,0,0,78,0,0,0,0,0,0,0,0,0,0,0,0,0,0,0,0,0,0,0,0,0,0,0,0,0,0
l6,10=85,84,83,86,38,87,0,87,75,81,78,0,0,58,0,3,36,3,0,0,0,0,0,0,0,0,0,0,0,0,0,0,0,0,0,0,0,0,0,0
l7,10=72,86,80,77,81,87,86,0,85,86,81,52,43,84,53,1,0,0,0,0,0,0,0,0,0,0,0,0,0,0,0,0,0,0,0,0,0,0,0,0
l8,10=72,5,0,12,30,49,75,84,0,91,41,75,45,84,0,77,45,53,0,40,29,0,35,64,49,0,0,0,0,0,0,0,0,0,0,0,0,0,0,0
l9,10=77,1,26,64,65,73,81,87,85,0,83,73,68,84,68,70,0,0,0,0,0,26,1,49,49,0,0,0,0,0,0,0,0,0,0,0,0,0,0,0
l10,10=73,54,41,0,84,71,76,87,64,86,0,52,0,77,0,72,0,51,0,0,0,0,0,0,0,0,0,0,0,0,0,0,0,0,0,0,0,0,0,0
l11,10=0,4,0,0,0,0,0,47,62,76,35,0,82,83,82,86,0,83,0,0,49,32,0,77,77,67,0,0,0,0,0,0,0,0,0,0,62,0,54,0
l12,10=0,0,0,0,0,0,0,0,31,65,0,86,0,81,90,87,89,94,0,0,61,36,0,94,95,99,0,0,0,0,0,0,0,3,0,0,5,0,67,0
l13,10=0,0,0,0,5,58,44,66,85,86,42,82,58,0,68,83,75,0,0,0,43,24,0,74,79,0,0,0,0,0,0,0,0,0,0,0,0,0,42,0
l14,10=0,0,0,0,38,0,0,3,0,59,0,80,94,76,0,80,77,85,0,0,44,0,0,86,93,85,0,0,0,0,0,0,0,53,0,0,66,0,37,0
l15,10=0,0,0,0,0,0,0,0,43,61,39,88,70,85,78,0,71,83,0,54,40,0,9,57,73,39,0,0,0,0,0,0,0,0,0,0,31,8,49,0
l16,10=0,0,0,0,0,0,24,0,15,0,0,0,69,61,78,67,0,86,48,51,63,26,7,57,86,14,0,0,0,0,0,0,9,0,22,5,55,45,73,29
l17,10=0,0,0,0,0,0,15,0,19,0,15,47,73,0,84,84,81,0,0,59,33,35,36,48,65,22,0,0,0,0,0,0,0,21,0,0,60,0,64,8
l18,10=0,0,0,0,0,0,0,0,0,0,0,0,0,0,0,0,58,0,0,68,68,73,0,0,0,0,0,0,0,0,0,0,0,0,0,0,0,0,0,0
l19,10=0,0,0,0,0,0,0,0,13,0,0,0,0,0,0,35,50,54,55,0,76,71,72,0,0,0,48,0,0,0,0,0,0,0,0,54,0,41,22,31
l20,10=0,0,0,0,0,0,0,0,0,0,0,23,35,43,34,42,66,45,50,90,0,89,87,0,8,0,27,0,0,0,0,0,40,0,0,37,77,50,65,43
l21,10=0,0,0,0,0,0,0,0,0,36,0,25,39,44,9,15,57,67,55,74,90,0,82,0,0,0,0,0,0,0,0,0,0,32,0,39,66,59,70,35
l22,10=0,0,0,0,0,0,0,0,25,8,0,0,0,0,0,41,42,56,0,73,90,81,0,0,0,0,0,0,0,41,0,48,3,0,0,75,73,57,75,34
l23,10=0,0,0,0,0,0,0,0,41,53,0,43,93,79,89,60,80,22,0,0,0,0,0,0,95,99,0,0,0,0,0,57,81,64,0,0,0,0,0,0
l24,10=0,0,0,0,0,0,0,0,16,55,0,75,96,83,90,80,89,83,0,0,34,0,0,98,0,95,0,0,0,0,0,0,0,49,24,0,0,0,54,0
l25,10=0,0,0,30,0,0,0,0,0,0,0,41,97,0,87,62,45,22,0,0,0,0,0,98,93,0,37,0,0,0,0,56,62,91,57,0,0,0,49,0
l26,10=0,0,0,0,0,0,0,0,0,0,0,0,0,0,0,0,0,0,0,49,43,0,0,0,0,25,0,70,95,95,100,98,96,64,72,0,0,0,0,0
l27,10=0,0,0,0,0,0,0,0,0,0,0,0,0,0,0,0,0,0,0,0,0,0,0,0,0,0,86,0,93,95,100,84,0,0,73,0,0,0,0,0
l28,10=0,0,0,0,0,0,0,0,0,0,0,0,0,0,0,0,0,0,0,23,17,0,13,0,0,0,95,93,0,95,100,92,58,78,57,0,0,0,0,0
l29,10=0,0,0,0,0,0,0,0,0,0,0,0,0,0,0,0,0,0,0,0,0,0,41,0,0,0,95,93,95,0,100,88,60,24,59,0,0,0,0,0
l30,10=0,0,0,0,0,0,0,0,0,0,0,0,0,0,0,0,0,0,0,0,0,0,0,0,0,0,93,93,95,95,0,87,80,62,72,0,0,0,0,0
l31,10=0,0,0,0,0,0,0,0,0,0,0,0,0,0,0,0,0,0,0,0,21,0,62,58,0,55,95,71,94,95,100,0,99,100,100,0,0,0,0,0
l32,10=0,0,0,0,0,0,0,0,0,0,0,0,0,0,0,0,16,0,0,0,56,0,12,81,0,47,95,0,56,73,78,99,0,100,100,0,0,0,0,0
l33,10=0,0,0,0,0,0,0,0,0,0,0,0,45,0,65,0,6,29,0,0,0,36,0,97,66,99,91,0,95,53,74,99,99,0,100,0,0,0,0,0
l34,10=0,0,0,0,0,0,0,0,0,0,0,0,0,0,0,0,74,0,0,0,37,0,0,27,65,87,93,73,71,81,58,99,100,100,0,0,0,0,0,0
l35,10=0,0,0,0,0,0,0,0,0,0,0,0,0,0,0,0,40,0,0,57,49,34,38,0,0,0,0,0,0,0,0,0,0,0,0,0,79,68,60,7
l36,10=0,0,0,0,0,0,0,0,0,0,0,3,1,0,39,4,47,59,0,0,53,16,36,0,0,0,0,0,0,0,0,0,0,0,0,50,0,73,65,45
l37,10=0,0,0,0,0,0,0,0,0,0,0,0,0,0,0,0,42,0,0,25,43,21,32,0,0,0,0,0,0,0,0,0,0,0,0,45,74,0,61,40
l38,10=0,0,0,0,0,0,0,0,0,0,0,9,24,16,5,26,62,64,0,4,52,37,38,0,24,10,0,0,0,0,0,0,0,0,0,46,73,54,0,40
l39,10=0,0,0,0,0,0,0,0,0,0,0,0,0,0,0,0,56,62,0,32,53,35,35,0,0,0,0,0,0,0,0,0,0,0,0,21,76,63,62,0

l0,11=0,91,85,89,85,84,77,58,41,65,48,0,0,0,0,0,0,0,0,0,0,0,0,3,0,0,0,0,0,0,0,0,0,0,0,0,0,0,0,0
l1,11=85,0,72,88,85,83,74,73,38,51,0,38,0,24,0,0,0,0,0,0,0,0,0,0,0,0,0,0,0,0,0,0,0,0,0,0,0,0,0,0
l2,11=85,84,0,87,85,83,82,68,0,0,79,0,0,0,0,0,0,0,0,0,0,0,0,0,0,0,0,0,0,0,0,0,0,0,0,0,0,0,0,0
l3,11=87,88,83,0,89,84,0,48,0,36,48,0,0,0,0,0,0,0,0,0,0,0,0,0,0,0,0,0,0,0,0,0,0,0,0,0,0,0,0,0
l4,11=79,81,80,89,0,77,63,58,0,61,61,0,32,0,25,0,0,0,0,0,0,0,0,18,0,0,0,0,0,0,0,0,0,0,0,0,0,0,0,0
l5,11=85,85,84,87,85,0,81,83,70,86,68,0,0,48,1,0,0,0,0,0,0,0,0,0,0,0,0,0,0,0,0,0,0,0,0,0,0,0,0,0
l6,11=75,79,77,3,69,78,0,83,39,80,48,46,0,39,0,36,25,0,0,0,0,0,0,0,0,0,0,0,0,0,0,0,0,0,0,0,0,0,0,0
l7,11=68,83,66,69,82,83,84,0,77,86,83,58,53,82,0,33,0,0,0,0,0,0,0,0,0,0,0,0,0,0,0,0,0,0,0,0,0,0,0,0
l8,11=54,45,0,0,0,49,64,70,0,89,65,70,71,85,0,76,0,53,0,22,1,0,0,48,44,0,0,0,0,0,0,0,0,0,0,0,0,0,0,0
l9,11=57,42,0,17,27,58,76,86,79,0,83,76,70,83,0,44,6,2,0,0,0,61,0,18,45,0,0,0,0,0,0,0,0,0,0,0,0,0,0,0
l10,11=47,0,72,41,70,44,69,86,73,87,0,64,0,75,0,65,0,1,0,0,0,0,0,0,0,0,0,0,0,0,0,0,0,0,0,0,0,0,0,0
l11,11=0,39,0,0,0,0,48,50,26,27,28,0,80,70,39,83,41,75,0,0,23,36,49,68,72,53,0,0,0,0,0,0,0,0,0,22,0,0,27,0
l12,11=0,0,0,0,0,0,0,4,24,26,0,83,0,49,88,55,75,81,0,0,35,62,52,72,90,95,0,0,0,0,0,0,0,0,0,0,0,0,36,0
l13,11=0,15,0,0,0,24,66,80,80,77,34,83,78,0,31,82,37,43,0,14,34,54,3,62,64,54,0,0,0,0,0,0,0,0,0,0,0,0,21,0
l14,11=0,0,0,0,17,0,0,0,0,0,0,81,88,35,0,0,78,73,0,0,0,43,0,74,6,82,0,0,0,0,0,0,0,53,40,26,30,0,25,0
l15,11=0,0,0,0,0,0,58,12,26,25,29,86,87,86,0,0,72,76,0,28,37,55,35,52,0,58,0,0,0,0,0,0,0,0,0,5,33,0,34,0
l16,11=0,0,0,0,0,0,28,0,0,8,0,57,83,39,42,46,0,52,3,0,42,67,47,47,84,6,0,0,0,0,0,0,40,9,46,12,38,36,39,29
l17,11=0,0,0,0,0,0,0,0,19,18,11,85,87,45,42,50,47,0,0,0,33,62,60,54,58,1,0,0,0,0,0,0,0,0,0,0,36,0,31,7
l18,11=0,0,0,0,0,0,0,0,0,0,0,0,0,0,0,0,39,0,0,71,61,69,38,0,0,0,0,0,0,0,0,0,0,0,0,0,0,0,0,0
l19,11=0,0,0,0,0,0,0,0,12,0,0,0,0,12,0,21,0,0,39,0,73,73,63,0,0,0,42,0,0,0,0,0,0,0,0,46,0,0,23,41
l20,11=0,0,0,0,0,0,0,0,0,0,0,0,42,30,0,26,68,26,29,77,0,89,86,0,0,0,0,0,0,0,0,0,39,0,0,29,36,38,65,30
l21,11=0,0,0,0,0,0,0,0,0,18,0,30,45,28,21,22,71,28,30,67,80,0,85,0,32,0,0,0,0,0,0,0,0,0,0,27,27,30,74,0
l22,11=0,0,0,0,0,0,0,0,0,0,0,37,42,0,0,11,25,25,0,57,79,86,0,0,0,0,0,0,0,0,0,40,0,0,0,65,63,30,74,54
l23,11=0,0,0,0,4,0,0,0,11,10,0,82,89,47,56,18,41,34,0,0,0,0,0,0,89,98,0,0,0,0,0,37,60,67,0,0,0,0,0,0
l24,11=0,0,0,0,0,0,0,0,6,19,0,76,90,44,14,0,80,41,0,0,0,5,0,89,0,91,0,0,0,0,0,0,0,0,0,0,0,0,0,0
l25,11=0,0,0,0,0,0,0,0,0,0,0,60,90,37,82,33,14,0,0,0,0,0,0,94,90,0,0,0,0,0,0,49,38,86,1,0,0,0,0,0
l26,11=0,0,0,0,0,0,0,0,0,0,0,0,0,0,0,0,0,0,0,55,4,0,0,0,0,0,0,72,93,88,84,82,78,58,65,0,0,0,0,0
l27,11=0,0,0,0,0,0,0,0,0,0,0,0,0,0,0,0,0,0,0,0,0,0,0,0,0,0,70,0,85,90,91,46,3,0,38,0,0,0,0,0
l28,11=0,0,0,0,0,0,0,0,0,0,0,0,0,0,0,0,0,0,0,24,25,0,22,0,0,0,85,92,0,92,91,73,57,0,47,0,0,0,0,0
l29,11=0,0,0,0,0,0,0,0,0,0,0,0,0,0,0,0,0,0,0,0,0,0,3,0,0,0,82,90,93,0,91,74,31,31,33,0,0,0,0,0
l30,11=0,0,0,0,0,0,0,0,0,0,0,0,0,0,0,0,0,0,0,0,0,0,0,0,0,0,84,92,93,92,0,76,34,43,41,0,0,0,0,0
l31,11=0,0,0,0,0,0,0,0,0,0,0,0,0,0,0,0,0,0,0,0,18,0,52,41,0,53,85,66,83,90,86,0,93,100,100,0,0,0,0,0
l32,11=0,0,0,0,0,0,0,0,0,0,0,0,0,0,0,0,16,0,0,0,20,0,0,26,0,26,85,0,24,39,37,94,0,100,100,0,0,0,0,0
l33,11=0,0,0,0,0,0,0,0,0,0,0,0,0,0,66,0,3,0,0,0,7,0,0,56,0,94,66,0,0,63,76,100,96,0,100,0,0,0,0,0
l34,11=0,0,0,0,0,0,0,0,0,0,0,0,0,0,18,0,26,0,0,0,0,0,0,17,0,4,79,46,24,71,77,100,96,100,0,0,0,0,0,0
l35,11=0,0,0,0,0,0,0,0,0,0,0,8,0,0,14,0,11,0,0,28,30,12,59,0,0,0,0,0,0,0,0,0,0,0,0,0,78,42,39,20
l36,11=0,0,0,0,0,0,0,0,0,0,0,0,0,0,18,22,35,32,0,0,36,54,58,0,0,0,0,0,0,0,0,0,0,0,0,83,0,43,41,44
l37,11=0,0,0,0,0,0,0,0,0,0,0,0,0,0,0,0,33,0,0,0,34,51,51,0,0,0,0,0,0,0,0,0,0,0,0,37,45,0,29,34
l38,11=0,0,0,0,0,0,0,0,0,0,0,43,55,14,17,28,44,27,0,14,40,72,71,0,0,0,0,0,0,0,0,0,0,0,0,45,46,32,0,41
l39,11=0,0,0,0,0,0,0,0,0,0,0,0,0,0,0,0,36,0,0,35,36,0,65,0,0,0,0,0,0,0,0,0,0,0,0,33,80,42,39,0

l0,12=0,93,88,88,88,87,56,5,0,71,30,0,0,0,0,0,0,0,0,0,0,0,0,0,0,0,0,0,0,0,0,0,0,0,0,0,0,0,0,0
l1,12=87,0,79,86,88,86,85,84,18,0,67,48,0,0,0,0,0,0,0,0,0,0,0,0,0,0,0,0,0,0,0,0,0,0,0,0,0,0,0,0
l2,12=86,79,0,85,87,88,85,41,25,42,73,0,0,0,0,0,0,0,0,0,0,0,0,0,0,0,0,0,0,0,0,0,0,0,0,0,0,0,0,0
l3,12=89,87,88,0,88,86,57,22,0,47,66,0,0,0,0,0,0,0,0,0,0,0,0,0,0,0,0,0,0,0,0,0,0,0,0,0,0,0,0,0
l4,12=87,86,79,89,0,72,69,57,47,64,61,0,0,0,25,0,0,0,0,0,0,0,0,48,0,0,0,0,0,0,0,0,0,0,0,0,0,0,0,0
l5,12=85,86,87,85,87,0,75,72,64,87,73,0,0,46,0,0,0,0,0,0,0,0,0,1,0,0,0,0,0,0,0,0,0,0,0,0,0,0,0,0
l6,12=56,86,87,67,84,74,0,80,62,39,81,70,0,65,6,67,0,0,0,0,0,0,0,0,0,0,0,0,0,0,0,0,0,0,0,0,0,0,0,0
l7,12=17,87,21,50,87,86,85,0,75,87,87,34,31,82,0,4,0,0,0,0,0,0,0,0,0,0,0,0,0,0,0,0,0,0,0,0,0,0,0,0
l8,12=0,5,0,29,72,52,69,75,0,88,86,58,70,85,11,70,25,34,0,31,0,26,0,0,45,0,0,0,0,0,0,0,0,0,0,0,0,0,0,0
l9,12=60,0,0,36,70,86,54,83,76,0,87,59,67,82,0,50,26,28,0,0,25,37,0,0,32,0,0,0,0,0,0,0,0,0,0,0,0,0,0,0
l10,12=35,37,51,67,74,46,83,85,76,88,0,59,0,81,0,48,0,0,0,0,0,0,0,1,0,0,0,0,0,0,0,0,0,0,0,0,0,0,0,0
l11,12=0,24,0,0,0,0,71,45,70,46,49,0,81,83,47,78,50,83,0,0,19,25,60,75,0,27,0,0,0,0,0,0,0,0,0,54,58,0,59,0
l12,12=0,0,0,0,0,0,0,0,63,43,0,85,0,70,87,78,80,85,0,0,34,39,59,70,89,91,0,0,0,0,0,0,0,9,0,0,0,0,65,0
l13,12=0,0,0,1,0,32,69,73,77,86,51,86,77,0,48,78,51,75,0,0,29,30,0,71,57,8,0,0,0,0,0,0,0,0,0,0,0,0,27,0
l14,12=0,0,0,0,53,0,0,0,12,0,0,50,83,66,0,43,84,79,0,0,14,37,0,85,89,25,0,0,0,0,0,0,0,32,36,46,53,0,11,0
l15,12=0,0,0,0,0,0,57,0,66,43,44,90,79,85,46,0,53,76,0,35,27,33,28,64,61,38,0,0,0,0,0,0,0,0,0,0,0,0,55,0
l16,12=0,0,0,0,0,0,0,0,33,19,0,37,79,60,53,44,0,83,46,30,36,43,27,35,74,15,0,0,0,0,0,0,0,0,0,52,67,50,65,57
l17,12=0,0,0,0,0,0,0,0,45,22,0,69,85,67,47,45,58,0,0,36,35,44,58,54,49,0,0,0,0,0,0,0,0,3,0,0,65,0,59,0
l18,12=0,0,0,0,0,0,0,0,0,0,0,0,0,0,0,0,54,0,0,59,61,48,0,0,0,0,0,0,0,0,0,0,0,0,0,0,0,0,0,0
l19,12=0,0,0,0,0,0,0,0,28,0,0,0,0,0,0,27,30,43,41,0,84,79,79,0,0,0,48,0,0,32,15,0,0,0,0,38,44,42,47,67
l20,12=0,0,0,0,0,0,0,0,0,29,0,33,51,42,1,28,66,55,42,85,0,87,91,0,0,0,0,0,0,0,0,43,0,0,0,40,78,53,69,55
l21,12=0,0,0,0,0,0,0,0,30,50,0,34,48,42,40,46,65,56,39,85,90,0,91,0,37,0,0,0,0,0,0,0,0,0,0,42,48,36,75,0
l22,12=0,0,0,0,0,0,0,0,0,0,0,40,48,0,0,7,22,45,0,84,89,86,0,0,0,0,0,0,0,0,0,47,0,0,0,78,82,0,77,82
l23,12=0,0,0,0,70,0,0,0,0,0,0,62,78,76,54,42,43,64,0,0,0,0,0,0,90,95,0,0,0,0,0,2,0,19,0,0,0,0,0,0
l24,12=0,0,0,0,0,0,0,0,33,33,0,0,84,65,87,74,84,56,0,0,0,54,1,89,0,91,0,0,0,0,0,15,50,0,0,0,26,0,46,0
l25,12=0,0,0,0,0,0,0,0,0,0,0,48,85,17,41,66,62,0,0,0,0,0,0,96,91,0,0,0,0,2,0,71,59,64,87,0,0,0,0,0
l26,12=0,0,0,0,0,0,0,0,0,0,0,0,0,0,0,0,0,0,0,52,0,0,0,0,0,0,0,65,90,63,85,90,74,62,64,0,0,0,0,0
l27,12=0,0,0,0,0,0,0,0,0,0,0,0,0,0,0,0,0,0,0,0,0,0,0,0,0,0,68,0,84,88,92,75,0,33,33,0,0,0,0,0
l28,12=0,0,0,0,0,0,0,0,0,0,0,0,0,0,0,0,0,0,0,0,0,0,1,0,0,0,88,95,0,89,92,76,65,63,63,0,0,0,0,0
l29,12=0,0,0,0,0,0,0,0,0,0,0,0,0,0,0,0,0,0,0,23,0,0,0,0,0,0,69,95,90,0,92,74,69,59,56,0,0,0,0,0
l30,12=0,0,0,0,0,0,0,0,0,0,0,0,0,0,0,0,0,0,0,0,0,0,0,0,0,0,83,95,90,89,0,76,68,36,32,0,0,0,0,0
l31,12=0,0,0,0,0,0,0,0,0,0,0,0,6,0,0,0,0,0,0,0,53,0,59,26,35,69,88,86,87,86,92,0,96,100,100,0,0,0,0,0
l32,12=0,0,0,0,0,0,0,0,0,0,0,0,0,0,0,0,0,0,0,0,0,0,0,13,40,35,85,0,82,79,85,97,0,100,100,0,0,0,0,0
l33,12=0,0,0,0,0,0,0,0,0,0,0,0,43,0,55,0,0,5,0,0,0,0,0,37,2,59,85,32,55,64,72,100,96,0,100,0,0,0,0,0
l34,12=0,0,0,0,0,0,0,0,0,0,0,0,0,0,36,0,0,0,0,0,0,0,0,0,0,95,88,45,86,87,73,100,96,100,0,0,0,0,0,0
l35,12=0,0,0,0,0,0,0,0,0,0,0,15,0,0,3,0,19,0,0,13,11,26,68,0,0,0,0,0,0,0,0,0,0,0,0,0,86,63,69,67
l36,12=0,0,0,0,0,0,0,0,0,0,0,16,0,0,7,0,41,54,0,16,43,11,73,0,2,0,0,0,0,0,0,0,0,0,0,85,0,73,73,76
l37,12=0,0,0,0,0,0,0,0,0,0,0,0,0,0,0,0,39,0,0,31,40,9,0,0,0,0,0,0,0,0,0,0,0,0,0,72,78,0,0,71
l38,12=0,0,0,0,0,0,0,0,0,0,0,24,62,5,1,5,47,50,0,26,40,48,76,0,20,0,0,0,0,0,0,0,0,0,0,78,81,0,0,61
l39,12=0,0,0,0,0,0,0,0,0,0,0,0,0,0,0,0,42,0,0,52,38,0,71,0,0,0,0,0,0,0,0,0,0,0,0,71,81,69,68,0

l0,13=0,95,90,96,91,94,91,89,79,88,59,0,0,0,0,0,0,0,0,0,0,0,0,0,0,0,0,0,0,0,0,0,0,0,0,0,0,0,0,0
l1,13=92,0,89,97,91,88,89,88,0,75,88,0,0,0,0,0,0,0,0,0,0,0,0,1,0,0,0,0,0,0,0,0,0,0,0,0,0,0,0,0
l2,13=91,93,0,91,90,90,90,83,0,72,89,0,0,37,0,0,0,0,0,0,0,0,0,0,0,0,0,0,0,0,0,0,0,0,0,0,0,0,0,0
l3,13=93,95,92,0,94,89,89,49,10,69,89,0,0,0,0,0,0,0,0,0,0,0,0,0,0,0,0,0,0,0,0,0,0,0,0,0,0,0,0,0
l4,13=91,93,86,96,0,91,88,78,54,75,78,0,0,12,0,0,0,0,0,0,0,0,0,0,0,0,0,0,0,0,0,0,0,0,0,0,0,0,0,0
l5,13=87,88,86,90,88,0,89,47,52,88,89,0,0,77,0,0,0,0,0,0,0,0,0,0,0,0,0,0,0,0,0,0,0,0,0,0,0,0,0,0
l6,13=83,88,86,89,86,88,0,0,82,88,72,86,0,82,0,83,0,0,0,0,0,0,0,0,0,0,0,0,0,0,0,0,0,0,0,0,0,0,0,0
l7,13=82,88,83,86,85,77,0,0,84,89,92,17,28,85,0,25,0,0,0,0,0,0,0,0,0,0,0,0,0,0,0,0,0,0,0,0,0,0,0,0
l8,13=71,0,0,75,75,78,78,53,0,95,89,44,66,86,81,25,21,47,0,69,0,20,16,0,74,0,0,0,0,0,0,0,0,0,0,0,0,0,0,0
l9,13=72,66,71,76,72,88,87,88,84,0,90,80,72,86,67,83,57,53,0,0,29,69,0,0,0,0,0,0,0,0,0,0,0,0,0,0,0,0,0,0
l10,13=58,80,78,86,76,87,68,88,84,95,0,48,0,86,0,28,0,0,0,0,0,0,0,0,0,0,0,0,0,0,0,0,0,0,0,0,0,0,0,0
l11,13=0,0,0,0,0,0,82,0,28,54,48,0,89,94,81,90,28,85,0,0,22,27,47,71,0,34,0,0,0,0,0,0,0,0,0,0,0,0,28,0
l12,13=0,0,0,0,0,0,0,0,1,49,0,91,0,78,100,57,30,85,0,0,22,23,44,72,98,76,0,0,0,0,0,0,0,73,0,0,0,0,33,0
l13,13=0,0,0,0,47,71,79,28,55,91,88,92,79,0,82,90,26,65,0,25,22,27,0,72,34,34,0,0,0,0,0,0,0,0,0,0,0,0,33,0
l14,13=0,0,0,0,0,0,0,0,30,48,0,55,98,88,0,31,42,69,0,0,17,20,0,97,98,41,0,0,0,0,0,0,0,73,64,0,0,0,0,0
l15,13=0,0,0,0,0,0,78,9,20,55,47,94,92,94,78,0,32,80,0,58,20,22,0,76,83,34,0,0,0,0,0,0,0,0,0,0,65,0,30,0
l16,13=0,0,0,0,0,0,0,0,22,36,0,42,79,59,90,32,0,74,35,62,21,27,45,51,87,0,0,0,0,0,0,0,0,57,43,67,72,0,39,27
l17,13=0,0,0,0,0,0,0,0,26,47,0,57,96,86,82,31,33,0,0,65,26,28,48,69,81,31,0,0,0,0,0,0,0,69,0,8,75,0,34,0
l18,13=0,0,0,0,0,0,0,0,0,0,0,0,0,0,0,0,64,0,0,91,88,0,14,0,0,0,0,0,0,0,0,0,0,0,0,0,0,0,0,0
l19,13=0,0,0,0,0,0,0,0,23,0,0,0,0,6,0,32,60,40,67,0,89,90,85,0,0,0,58,0,49,53,0,8,0,0,0,57,28,53,66,82
l20,13=0,0,0,0,0,0,0,0,0,30,0,35,78,41,44,22,24,65,59,94,0,95,94,0,0,0,0,0,0,0,0,25,0,0,0,66,87,75,62,33
l21,13=0,0,0,0,0,0,0,0,17,45,0,42,72,63,50,20,33,70,0,94,91,0,95,0,58,0,0,0,0,0,0,0,0,0,0,50,40,0,71,31
l22,13=0,0,0,0,0,0,0,0,1,0,0,37,63,0,0,0,27,41,0,93,91,95,0,0,0,0,16,0,26,0,0,9,0,0,38,83,90,0,45,61
l23,13=0,0,0,49,0,0,0,0,0,0,0,53,84,73,100,51,20,50,0,0,0,0,0,0,87,98,0,0,0,0,0,0,0,76,0,0,0,0,0,0
l24,13=0,0,0,0,0,0,0,0,29,0,0,0,98,0,100,32,32,68,0,0,1,24,0,90,0,65,0,0,0,0,0,0,46,19,0,0,78,0,0,0
l25,13=0,0,0,0,0,0,0,0,0,0,0,55,98,86,96,34,0,62,0,0,0,0,0,99,98,0,0,0,0,15,0,55,62,95,95,0,0,0,0,0
l26,13=0,0,0,0,0,0,0,0,0,0,0,0,0,0,0,0,0,0,0,61,0,0,55,0,0,0,0,79,99,80,100,100,75,71,0,0,0,0,0,0
l27,13=0,0,0,0,0,0,0,0,0,0,0,0,0,0,0,0,0,0,0,0,0,0,0,0,0,0,84,0,99,100,100,80,70,73,24,0,0,0,0,0
l28,13=0,0,0,0,0,0,0,0,0,0,0,0,0,0,0,0,0,0,0,61,0,0,46,0,0,0,99,95,0,100,100,89,64,74,85,0,0,0,0,0
l29,13=0,0,0,0,0,0,0,0,0,0,0,0,0,0,0,0,0,0,0,59,0,0,0,0,0,0,81,96,99,0,100,81,76,67,83,0,0,0,0,0
l30,13=0,0,0,0,0,0,0,0,0,0,0,0,0,0,0,0,0,0,0,0,0,0,0,0,0,0,98,96,99,100,0,84,70,76,0,0,0,0,0,0
l31,13=0,0,0,0,0,0,0,0,0,0,0,0,0,0,5,0,0,0,0,21,60,0,20,0,0,80,99,94,98,99,100,0,100,99,100,0,0,0,0,0
l32,13=0,0,0,0,0,0,0,0,0,0,0,0,32,0,36,0,0,0,0,0,0,0,0,1,71,82,96,50,87,96,93,100,0,100,100,0,0,0,0,0
l33,13=0,0,0,0,0,0,0,0,0,0,0,0,96,0,87,0,32,78,0,0,0,0,0,81,65,97,99,61,99,96,99,100,100,0,100,0,0,0,0,0
l34,13=0,0,0,0,0,0,0,0,0,0,0,0,4,0,81,0,33,0,0,0,0,0,52,0,0,98,0,14,99,100,41,100,100,100,0,0,0,0,0,0
l35,13=0,0,0,0,0,0,0,0,0,0,0,0,1,0,0,0,23,0,0,55,22,10,49,0,0,0,0,0,0,0,0,0,0,0,0,0,94,92,89,33
l36,13=0,0,0,0,0,0,0,0,0,0,0,0,0,0,0,16,24,46,0,5,27,0,57,0,55,0,0,0,0,0,0,0,0,0,0,92,0,72,42,35
l37,13=0,0,0,0,0,0,0,0,0,0,0,0,0,0,0,0,0,0,0,72,25,0,0,0,0,0,0,0,0,0,0,0,0,0,0,92,80,0,24,30
l38,13=0,0,0,0,0,0,0,0,0,0,0,2,62,59,0,16,21,48,0,65,28,29,54,0,0,0,0,0,0,0,0,0,0,0,0,87,87,54,0,30
l39,13=0,0,0,0,0,0,0,0,0,0,0,0,0,0,0,0,22,0,0,80,20,24,59,0,0,0,0,0,0,0,0,0,0,0,0,82,83,59,38,0

l0,14=0,100,100,99,100,99,100,99,95,98,98,0,0,7,0,0,0,0,0,0,0,0,0,0,0,0,0,0,0,0,0,0,0,0,0,0,0,0,0,0
l1,14=100,0,100,99,100,99,100,97,9,48,57,0,0,52,48,0,0,0,0,0,0,0,0,0,4,0,0,0,0,0,0,0,0,0,0,0,0,0,0,0
l2,14=100,100,0,99,100,100,100,99,89,91,99,0,0,0,0,0,0,0,0,0,0,0,0,0,0,0,0,0,0,0,0,0,0,0,0,0,0,0,0,0
l3,14=100,100,99,0,100,99,100,99,0,98,98,0,0,0,0,0,0,0,0,0,0,0,0,0,0,0,0,0,0,0,0,0,0,0,0,0,0,0,0,0
l4,14=100,100,100,99,0,99,83,0,38,44,98,0,0,50,0,0,0,0,0,0,0,0,0,0,0,0,0,0,0,0,0,0,0,0,0,0,0,0,0,0
l5,14=100,100,100,100,100,0,100,94,92,99,100,0,0,57,0,88,0,0,0,0,0,0,0,0,0,0,0,0,0,0,0,0,0,0,0,0,0,0,0,0
l6,14=92,93,100,99,83,100,0,92,84,95,99,99,0,93,0,90,0,0,0,0,0,0,64,0,0,0,0,0,0,0,0,0,0,0,0,0,0,0,0,0
l7,14=100,98,100,97,4,87,99,0,97,100,100,0,0,58,0,23,76,0,0,0,0,0,0,0,0,0,0,0,0,0,0,0,0,0,0,0,0,0,0,0
l8,14=49,4,27,28,37,53,51,42,0,100,100,52,38,32,37,50,0,0,0,18,27,31,35,0,40,0,0,0,0,0,0,0,0,0,0,0,0,0,0,0
l9,14=82,37,0,49,53,99,66,100,98,0,100,96,0,99,35,99,47,35,0,0,39,52,0,38,0,0,0,0,0,0,0,0,0,0,0,0,0,0,0,0
l10,14=93,79,28,95,100,100,99,100,98,100,0,57,44,99,6,49,0,0,0,0,18,0,0,0,0,0,0,0,0,0,0,0,0,0,0,0,0,0,0,0
l11,14=0,0,0,0,0,0,99,0,41,98,51,0,98,98,98,99,96,97,0,0,40,44,47,48,11,50,0,0,0,0,0,0,0,0,0,0,23,0,32,0
l12,14=0,0,0,0,0,0,0,0,90,0,36,98,0,61,99,98,96,98,0,16,71,12,40,98,97,98,0,0,0,0,0,0,0,79,0,0,0,0,0,0
l13,14=8,36,0,0,36,52,73,41,40,100,100,100,81,0,52,99,40,97,0,19,0,31,0,0,66,39,0,0,0,0,0,0,0,0,0,0,0,0,30,0
l14,14=0,0,0,0,0,0,0,0,42,43,0,98,100,34,0,49,88,43,0,0,0,17,0,98,100,37,0,0,0,0,0,0,16,33,0,0,0,0,26,0
l15,14=0,0,0,0,0,41,49,0,45,99,51,100,77,97,37,0,96,97,0,33,30,32,0,61,97,38,0,0,0,0,0,0,0,0,0,0,0,0,32,0
l16,14=0,0,0,0,0,0,0,35,0,57,0,96,62,11,61,98,0,97,28,46,65,32,62,32,97,0,0,0,0,0,0,0,0,31,38,82,51,14,27,68
l17,14=0,0,0,0,0,0,0,0,0,49,0,98,98,61,62,98,96,0,0,41,71,61,47,58,97,60,0,0,0,0,0,0,0,5,0,48,22,0,82,0
l18,14=0,0,0,0,0,0,0,0,0,0,0,0,0,0,0,0,75,0,0,83,85,3,79,0,0,0,0,0,0,0,0,0,0,0,0,0,0,0,0,0
l19,14=0,0,0,0,0,0,0,0,0,0,0,0,61,9,0,90,79,84,85,0,95,93,91,0,0,0,52,0,63,84,0,0,0,0,0,82,77,50,71,86
l20,14=0,0,0,0,0,0,0,0,11,87,0,88,67,0,0,92,80,85,83,98,0,97,99,0,37,0,0,0,0,0,0,0,0,0,57,83,60,52,79,90
l21,14=0,0,0,0,0,0,0,0,81,87,8,86,63,54,57,91,78,84,0,97,96,0,99,0,89,0,0,0,0,0,0,0,0,0,0,81,54,50,71,86
l22,14=0,0,0,0,0,0,63,0,58,0,0,88,63,0,0,0,84,86,76,91,97,98,0,0,4,0,45,0,0,0,0,0,0,0,0,86,59,50,76,93
l23,14=0,0,0,0,0,0,0,0,0,44,0,53,40,0,98,49,19,42,0,0,0,0,0,0,2,100,0,0,0,0,0,0,29,35,41,0,0,0,0,0
l24,14=0,0,0,0,0,0,0,0,42,0,0,0,80,34,99,98,98,100,0,0,25,33,0,0,0,83,0,0,0,0,0,0,0,0,0,0,25,0,0,0
l25,14=0,0,0,0,2,0,0,0,0,0,0,99,100,39,58,93,0,96,0,0,0,0,0,99,100,0,0,0,3,0,0,0,36,83,97,0,0,0,0,0
l26,14=0,0,0,0,0,0,0,0,0,0,0,0,0,0,0,0,0,0,0,88,31,0,86,0,0,0,0,98,100,100,100,100,99,98,99,0,0,0,0,0
l27,14=0,0,0,0,0,0,0,0,0,0,0,0,0,0,0,0,0,0,0,0,0,0,0,0,0,0,89,0,100,100,100,89,83,81,0,0,0,0,0,0
l28,14=0,0,0,0,0,0,0,0,0,0,0,0,0,0,0,0,0,0,0,75,0,0,16,0,0,21,100,99,0,100,100,90,82,83,87,0,0,0,0,0
l29,14=0,0,0,0,0,0,0,0,0,0,0,0,0,0,0,0,0,0,0,86,1,0,0,0,0,0,89,99,100,0,100,90,86,0,88,0,0,0,0,0
l30,14=0,0,0,0,0,0,0,0,0,0,0,0,0,0,0,0,0,0,0,0,0,0,0,0,0,0,100,99,100,100,0,89,79,82,0,0,0,0,0,0
l31,14=0,0,0,0,0,0,0,0,0,0,0,0,0,0,0,0,0,0,0,0,61,0,0,0,0,0,100,85,98,99,96,0,99,100,99,0,0,0,0,0
l32,14=0,0,0,0,0,0,0,0,0,0,0,0,0,0,72,0,0,0,0,0,0,0,0,84,0,81,100,89,95,99,96,100,0,100,100,0,0,0,0,0
l33,14=0,0,0,0,0,0,0,0,0,0,0,0,98,0,97,0,92,11,0,0,0,0,0,93,0,98,100,87,96,0,97,100,100,0,100,0,0,0,0,0
l34,14=0,0,0,0,0,0,0,0,0,0,0,0,10,0,0,0,85,0,0,0,74,0,2,81,0,100,100,0,100,100,0,100,100,100,0,0,0,0,0,0
l35,14=0,0,0,0,0,0,0,0,0,0,0,0,15,0,0,0,76,55,0,76,59,48,47,0,0,0,0,0,0,0,0,0,0,0,0,0,96,92,92,91
l36,14=0,0,0,0,0,0,0,0,0,0,0,28,0,0,0,0,54,0,0,80,64,35,47,0,67,0,0,0,0,0,0,0,0,0,0,97,0,41,81,86
l37,14=0,0,0,0,0,0,0,0,0,0,0,0,0,0,0,0,0,0,0,63,61,7,49,0,0,0,0,0,0,0,0,0,0,0,0,98,56,0,70,89
l38,14=0,0,0,0,0,0,0,0,0,0,0,85,0,16,29,55,41,71,0,79,70,36,47,0,0,0,0,0,0,0,0,0,0,0,0,96,61,42,0,91
l39,14=0,0,0,0,0,0,0,0,0,0,0,0,0,0,0,0,77,0,0,81,60,52,53,0,0,0,0,0,0,0,0,0,0,0,0,83,54,50,71,0

l0,15=0,95,98,99,100,99,97,95,68,93,93,0,0,0,0,0,0,0,0,0,0,0,0,0,0,0,0,0,0,0,0,0,0,0,0,0,0,0,0,0
l1,15=95,0,98,97,98,96,96,87,0,90,96,0,0,91,63,0,0,0,0,0,0,0,0,0,32,0,0,0,0,0,0,0,0,0,0,0,0,0,0,0
l2,15=100,100,0,97,98,100,100,98,0,91,90,31,0,93,0,0,0,0,0,0,0,0,0,0,0,0,0,0,0,0,0,0,0,0,0,0,0,0,0,0
l3,15=97,94,98,0,96,96,1,0,0,0,96,0,0,0,0,0,0,0,0,0,0,0,0,0,0,0,0,0,0,0,0,0,0,0,0,0,0,0,0,0
l4,15=95,94,98,93,0,99,97,91,0,81,96,0,0,86,0,0,0,0,0,0,0,0,0,0,0,0,0,0,0,0,0,0,0,0,0,0,0,0,0,0
l5,15=95,93,98,97,99,0,97,95,95,93,96,0,0,93,0,92,0,0,0,0,0,0,0,0,0,0,0,0,0,0,0,0,0,0,0,0,0,0,0,0
l6,15=95,93,98,80,97,96,0,95,94,93,96,98,92,91,0,95,15,0,0,0,0,0,33,0,0,0,0,0,0,0,0,0,0,0,0,0,0,0,0,0
l7,15=95,73,98,87,98,96,97,0,98,93,100,0,0,93,91,0,91,0,0,0,0,0,0,0,0,0,0,0,0,0,0,0,0,0,0,0,0,0,0,0
l8,15=52,0,0,46,0,89,89,91,0,100,96,97,95,93,92,95,0,0,0,33,7,85,56,24,89,0,0,0,0,0,0,0,0,0,0,0,0,0,0,0
l9,15=96,74,0,0,85,96,96,96,100,0,100,95,0,97,40,95,83,61,0,0,94,86,9,35,0,0,0,0,0,0,0,0,0,0,0,0,0,0,0,0
l10,15=93,89,5,94,98,96,97,97,98,100,0,0,91,94,76,0,0,0,0,0,0,0,0,0,0,0,0,0,0,0,0,0,0,0,0,0,0,0,0,0
l11,15=0,0,0,0,0,0,98,0,61,56,0,0,99,99,90,100,94,97,0,2,73,89,61,86,0,99,0,0,0,0,0,0,0,0,0,0,74,0,63,0
l12,15=0,0,0,0,0,0,80,0,98,0,92,100,0,96,100,97,94,98,0,13,90,0,59,95,99,100,0,0,0,0,0,0,0,40,0,0,73,1,64,0
l13,15=0,78,92,0,94,92,93,76,61,100,92,100,100,0,97,100,86,97,0,0,0,82,27,82,88,98,0,0,0,0,0,0,0,0,0,0,0,0,0,0
l14,15=0,0,0,0,0,0,0,17,61,45,34,97,99,96,0,97,94,97,0,0,41,0,0,95,100,99,0,0,0,0,0,0,0,73,7,0,0,0,0,0
l15,15=0,0,0,0,0,64,95,0,61,60,0,100,99,99,98,0,99,99,0,0,70,90,2,93,99,96,0,0,0,0,0,0,0,0,0,88,0,0,64,0
l16,15=0,0,0,0,0,0,27,78,0,43,2,96,97,86,100,100,0,96,54,59,72,85,61,0,100,76,0,0,0,0,0,10,0,69,0,93,74,58,62,29
l17,15=0,0,0,0,0,0,0,0,0,56,0,100,99,99,98,100,99,0,0,58,75,90,61,91,99,98,0,0,0,0,0,0,0,70,4,0,72,50,64,4
l18,15=0,0,0,0,0,0,0,0,0,0,0,0,0,0,0,0,87,0,0,25,81,32,87,0,0,0,0,0,0,0,0,0,0,0,0,0,0,0,0,0
l19,15=0,0,0,0,0,0,0,0,23,0,0,2,71,0,0,0,81,79,0,0,98,95,99,0,0,0,0,0,57,61,0,0,0,0,0,0,64,0,11,69
l20,15=0,0,0,0,0,0,0,0,0,52,0,86,94,0,30,95,92,95,48,98,0,99,100,0,0,0,0,0,0,0,0,0,0,0,0,99,74,0,70,98
l21,15=0,0,0,0,0,0,0,0,52,55,7,95,0,78,0,96,88,96,1,97,99,0,100,0,63,0,0,0,16,0,0,0,0,0,67,94,91,55,97,95
l22,15=0,0,0,0,0,0,19,0,42,38,0,75,71,5,0,18,93,82,43,90,98,98,0,0,0,0,30,0,0,4,0,43,0,8,0,77,76,45,57,67
l23,15=0,0,0,0,0,0,0,0,0,41,0,98,98,74,99,97,0,96,0,0,0,0,0,0,97,100,0,0,0,0,0,0,59,99,0,0,0,0,0,0
l24,15=0,0,0,0,0,0,0,0,61,0,0,0,100,95,100,100,97,98,0,0,0,0,0,98,0,99,0,0,0,0,0,0,58,1,0,0,73,0,1,0
l25,15=0,0,0,0,0,0,0,0,0,0,0,100,99,82,98,81,80,93,0,0,0,0,0,96,94,0,53,0,30,0,0,58,52,69,98,0,0,0,0,0
l26,15=0,0,0,0,0,0,0,0,0,0,0,0,0,0,0,0,0,0,0,1,0,0,83,0,0,71,0,97,96,80,96,96,77,7,95,0,0,0,0,0
l27,15=0,0,0,0,0,0,0,0,0,0,0,0,0,0,0,0,0,0,0,0,0,0,0,0,0,0,87,0,96,81,96,91,76,88,91,0,0,0,0,0
l28,15=0,0,0,0,0,0,0,0,0,0,0,0,0,0,0,0,0,0,0,71,0,27,0,0,0,60,95,98,0,80,96,92,75,88,90,0,0,0,0,0
l29,15=0,0,0,0,0,0,0,0,0,0,0,0,0,0,0,0,0,0,0,70,0,0,18,0,0,0,90,98,96,0,96,91,75,87,91,0,0,0,0,0
l30,15=0,0,0,0,0,0,0,0,0,0,0,0,0,0,0,0,0,0,0,0,0,0,0,0,0,0,95,98,96,81,0,90,75,88,0,0,0,0,0,0
l31,15=0,0,0,0,0,0,0,0,0,0,0,0,0,0,1,0,14,0,0,0,0,0,89,0,0,75,94,91,95,81,95,0,87,97,98,0,0,0,0,0
l32,15=0,0,0,0,0,0,0,0,0,0,0,0,81,0,0,0,0,0,0,0,32,0,0,81,87,77,94,91,92,81,95,96,0,97,99,0,0,0,0,0
l33,15=0,0,0,0,0,0,0,0,0,0,0,0,94,0,94,0,93,88,0,0,0,0,31,94,71,82,11,57,96,88,95,98,88,0,100,0,0,0,0,0
l34,15=0,0,0,0,0,0,0,0,0,0,0,0,16,0,80,0,0,0,0,0,6,56,0,0,0,80,93,78,95,75,0,96,88,97,0,0,0,0,0,0
l35,15=0,0,0,0,0,0,0,0,0,0,0,0,55,0,0,73,76,0,0,0,69,64,50,0,0,0,0,0,0,0,0,0,0,0,0,0,98,97,96,95
l36,15=0,0,0,0,0,0,0,0,0,0,0,80,72,0,0,0,91,33,0,49,71,86,61,0,71,0,0,0,0,0,0,0,0,0,0,99,0,59,94,92
l37,15=0,0,0,0,0,0,0,0,0,0,0,0,0,0,0,0,82,0,0,0,0,74,56,0,0,0,0,0,0,0,0,0,0,0,0,99,94,0,90,96
l38,15=0,0,0,0,0,0,0,0,0,0,0,76,70,0,0,90,67,91,0,0,74,83,60,0,6,0,0,0,0,0,0,0,0,0,0,98,76,59,0,97
l39,15=0,0,0,0,0,0,0,0,0,0,0,0,0,0,0,0,74,0,0,56,86,83,61,0,0,0,0,0,0,0,0,0,0,0,0,99,72,98,63,0

