t=2016-04-13_05.19.34

n=40

q0=1
q1=1
q2=1
q3=1
q4=1
q5=1
q6=1
q7=1
q8=1
q9=1
q10=1
q11=1
q12=1
q13=1
q14=1
q15=1
q16=1
q17=1
q18=1
q19=1
q20=1
q21=1
q22=1
q23=1
q24=1
q25=1
q26=1
q27=1
q28=1
q29=1
q30=1
q31=1
q32=1
q33=1
q34=1
q35=1
q36=1
q37=1
q38=1
q39=1

a0=0x141592000c576ce6
a1=0x141592000c5aedbc
a2=0x141592000c5750f4
a3=0x141592000c576658
a4=0x141592000c575890
a5=0x141592000c574ffa
a6=0x141592000c5acf11
a7=0x141592000d9df361
a8=0x141592000c576300
a9=0x141592000c5779b6
a10=0x141592000c5762b9
a11=0x141592000c5af078
a12=0x141592000c575517
a13=0x141592000c5752c3
a14=0x141592000c5a4baa
a15=0x141592000c5776e7
a16=0x141592000c58cdeb
a17=0x141592000c5881fc
a18=0x141592000bd81d33
a19=0x141592000bd84d6a
a20=0x141592000c577233
a21=0x141592000c574527
a22=0x141592000c5746a3
a23=0x141592000c574da3
a24=0x141592000c5741c9
a25=0x141592000da244ea
a26=0x141592000c5ae886
a27=0x141592000c57510e
a28=0x141592000c5ab6c8
a29=0x141592000c574d05
a30=0x141592000edae61f
a31=0x141592000c57667e
a32=0x141592000c577f43
a33=0x141592000c576449
a34=0x1415920010f4117a
a35=0x141592000c575966
a36=0x141592000c574d35
a37=0x141592000c576fb1
a38=0x141592000c5aea5d
a39=0x141592000c59f23f

l0,0=0,89,87,89,88,87,84,78,58,89,89,0,0,0,0,0,0,0,0,0,0,0,0,0,0,0,0,0,0,0,0,0,0,0,0,0,0,0,0,0
l1,0=86,0,87,84,88,87,71,83,76,77,89,0,0,58,0,0,0,0,0,0,0,0,0,0,0,0,0,0,0,0,0,0,0,0,0,0,0,0,0,0
l2,0=77,89,0,75,90,88,94,83,41,85,90,0,0,71,0,0,0,0,0,0,0,0,0,0,0,0,0,0,0,0,0,0,0,0,0,0,0,0,0,0
l3,0=91,89,87,0,88,84,84,79,65,0,71,0,0,0,0,0,0,0,0,0,0,0,0,0,0,0,0,0,0,0,0,0,0,0,0,0,0,0,0,0
l4,0=86,90,87,84,0,87,79,74,69,71,81,0,0,64,0,0,0,0,0,0,0,0,0,0,0,0,0,0,0,0,0,0,0,0,0,0,0,0,0,0
l5,0=82,90,87,74,85,0,87,71,73,90,84,23,0,56,0,0,0,0,0,0,0,0,0,0,0,0,0,0,0,0,0,0,0,0,0,0,0,0,0,0
l6,0=75,39,92,74,82,79,0,83,73,69,81,23,0,52,0,45,49,0,0,0,0,0,0,0,0,0,0,0,0,0,0,0,0,0,0,0,0,0,0,0
l7,0=56,82,83,72,82,80,88,0,82,84,88,40,0,56,0,48,0,0,0,0,0,0,0,0,0,0,0,0,0,0,0,0,0,0,0,0,0,0,0,0
l8,0=0,41,0,50,68,62,79,47,0,93,46,87,71,91,70,83,82,60,0,0,0,72,0,60,69,0,0,0,0,0,0,0,0,0,0,0,0,0,20,0
l9,0=62,25,83,0,61,86,61,88,92,0,92,78,63,87,6,63,62,61,0,0,0,0,42,0,0,0,0,0,0,0,0,0,0,0,0,0,0,0,0,0
l10,0=73,81,84,55,80,79,80,86,71,96,0,79,22,87,0,71,1,0,0,0,0,0,0,0,0,0,0,0,0,0,0,0,0,0,0,0,0,0,0,0
l11,0=0,0,0,0,2,32,32,38,54,33,31,0,94,91,86,95,87,90,0,20,0,52,0,0,74,16,0,0,0,0,0,0,0,0,0,0,72,0,23,0
l12,0=0,0,0,0,0,0,0,0,44,28,12,89,0,84,87,95,75,100,0,0,19,51,3,81,92,75,0,0,0,0,0,0,0,37,0,0,57,0,46,0
l13,0=0,0,43,0,42,8,54,27,91,81,88,91,87,0,88,86,52,78,0,55,20,72,51,79,76,55,0,0,0,0,0,0,0,0,0,0,0,0,57,0
l14,0=0,0,0,0,0,0,0,0,46,5,0,90,92,90,0,87,89,86,0,0,23,0,29,85,85,80,0,0,0,0,0,2,0,26,0,0,12,0,21,0
l15,0=0,0,0,0,0,0,33,22,52,30,31,96,96,82,85,0,75,82,0,0,19,0,54,0,88,0,0,0,0,0,0,0,0,0,0,0,64,0,24,0
l16,0=0,0,0,0,0,0,33,0,46,23,0,76,73,59,87,71,0,95,0,24,23,70,67,58,76,0,0,0,0,0,0,0,0,6,0,44,62,0,29,45
l17,0=0,0,0,0,0,0,0,0,40,28,0,90,96,87,83,87,96,0,0,2,28,72,39,0,77,68,0,0,0,0,0,0,0,28,0,0,76,6,20,1
l18,0=0,0,0,0,0,0,0,0,0,0,0,0,0,0,0,0,0,0,0,0,83,0,80,0,0,0,0,0,0,0,0,0,0,0,0,0,0,0,0,0
l19,0=0,0,0,0,0,0,0,0,0,0,0,45,0,50,0,0,63,0,0,0,88,58,92,0,0,0,30,0,0,0,0,0,0,0,0,0,86,0,38,86
l20,0=0,0,0,0,0,0,0,0,0,0,0,0,42,37,39,49,65,79,75,87,0,92,90,0,0,0,0,0,0,0,0,0,0,0,0,46,96,28,88,90
l21,0=0,0,0,0,0,0,0,0,61,0,0,50,41,59,0,0,79,66,22,29,96,0,90,0,0,0,24,0,0,0,0,5,0,0,0,66,58,10,83,68
l22,0=0,0,0,0,0,0,0,0,18,12,0,0,15,68,14,54,71,53,67,88,96,92,0,0,0,0,32,0,0,0,0,0,13,0,0,65,95,19,51,70
l23,0=0,0,0,0,0,0,0,0,40,0,0,0,78,77,79,0,70,0,0,0,0,0,0,0,91,9,0,0,0,0,0,0,4,23,67,0,0,0,0,0
l24,0=0,0,0,0,0,0,0,0,47,0,0,84,96,80,86,85,84,81,0,0,0,0,0,86,0,75,0,0,0,0,0,0,19,30,64,0,0,0,1,0
l25,0=0,0,0,0,0,0,0,0,23,0,0,11,87,65,85,0,0,72,0,0,0,0,0,9,86,0,48,2,0,0,0,51,61,69,77,0,0,0,0,0
l26,0=0,0,0,0,0,0,0,0,0,0,0,0,0,0,0,0,0,0,0,57,0,53,59,0,0,58,0,79,97,92,87,89,72,70,70,0,0,0,0,0
l27,0=0,0,0,0,0,0,0,0,0,0,0,0,0,0,0,0,0,0,0,0,0,0,0,0,0,0,73,0,97,98,96,75,79,73,77,0,0,0,0,0
l28,0=0,0,0,0,0,0,0,0,0,0,0,0,0,0,0,0,0,0,0,0,0,0,0,0,0,0,79,100,0,98,92,85,79,69,79,0,0,0,0,0
l29,0=0,0,0,0,0,0,0,0,0,0,0,0,0,0,0,0,0,0,0,11,0,0,0,0,0,0,77,100,97,0,96,70,69,66,65,0,0,0,0,0
l30,0=0,0,0,0,0,0,0,0,0,0,0,0,0,0,0,0,0,0,0,0,0,0,0,0,0,0,72,100,96,98,0,67,77,71,0,0,0,0,0,0
l31,0=0,0,0,0,0,0,0,0,0,0,0,0,0,0,3,0,0,0,0,37,0,2,0,11,0,56,73,70,89,71,52,0,89,80,95,0,0,0,0,0
l32,0=0,0,0,0,0,0,0,0,0,0,0,0,0,0,0,0,0,0,0,0,0,0,42,44,59,57,64,66,80,59,55,85,0,86,97,0,0,0,0,0
l33,0=0,0,0,0,0,0,0,0,0,0,0,0,57,0,46,0,52,60,0,0,0,0,0,58,69,58,58,59,80,48,58,79,86,0,78,0,0,0,0,0
l34,0=0,0,0,0,0,0,0,0,0,0,0,0,0,0,6,0,0,0,0,0,14,0,0,73,63,71,63,72,75,61,0,88,93,78,0,0,0,0,0,0
l35,0=0,0,0,0,0,0,0,0,0,0,0,0,0,0,0,0,30,0,0,0,14,71,54,0,0,0,0,0,0,0,0,0,0,0,0,0,75,25,60,49
l36,0=0,0,0,0,0,0,0,0,0,0,0,54,33,0,3,47,33,56,0,21,29,49,89,0,0,0,0,0,0,0,0,0,0,0,0,69,0,26,33,64
l37,0=0,0,0,0,0,0,0,0,0,0,0,0,0,0,0,0,4,27,0,0,26,4,67,0,0,0,0,0,0,0,0,0,0,0,0,75,96,0,0,65
l38,0=0,0,0,0,0,0,0,0,22,0,0,56,78,64,19,72,89,44,0,20,31,76,82,0,0,0,0,0,0,0,0,0,0,0,0,77,97,0,0,65
l39,0=0,0,0,0,0,0,0,0,0,0,0,0,0,0,0,0,53,0,0,28,30,72,89,0,0,0,0,0,0,0,0,0,0,0,0,73,94,27,36,0

l0,1=0,85,57,87,89,74,70,0,68,76,72,0,0,0,0,0,0,0,0,0,0,0,0,0,0,0,0,0,0,0,0,0,0,0,0,0,0,0,0,0
l1,1=79,0,77,84,89,75,67,64,66,73,77,0,0,47,0,0,0,0,0,0,0,0,0,0,0,0,0,0,0,0,0,0,0,0,0,0,0,0,0,0
l2,1=59,90,0,83,83,84,79,70,0,81,88,0,0,0,0,9,0,0,0,0,0,0,0,0,0,0,0,0,0,0,0,0,0,0,0,0,0,0,0,0
l3,1=87,85,72,0,81,74,63,50,0,0,71,0,0,0,0,0,0,0,0,0,0,0,0,0,0,0,0,0,0,0,0,0,0,0,0,0,0,0,0,0
l4,1=81,83,72,70,0,74,57,61,68,68,67,0,0,52,2,0,0,0,0,0,0,0,0,0,0,0,0,0,0,0,0,0,0,0,0,0,0,0,0,0
l5,1=71,88,78,80,85,0,64,74,69,75,74,0,0,43,0,0,0,0,0,0,0,0,0,0,0,0,0,0,0,0,0,0,0,0,0,0,0,0,0,0
l6,1=63,73,76,57,42,60,0,75,65,58,72,44,5,52,0,0,12,0,0,0,0,0,0,0,0,0,0,0,0,0,0,0,0,0,0,0,0,0,0,0
l7,1=0,54,68,25,37,75,69,0,74,74,84,28,9,0,0,0,0,0,0,0,0,0,0,0,0,0,0,0,0,0,0,0,0,0,0,0,0,0,0,0
l8,1=27,51,0,0,71,46,58,69,0,83,67,55,0,81,53,58,48,35,0,0,0,49,37,27,0,0,0,0,0,0,0,0,0,0,0,0,0,0,0,0
l9,1=51,46,62,0,54,60,39,68,82,0,83,48,20,79,23,50,22,48,0,0,0,22,21,0,0,0,0,0,0,0,0,0,0,0,0,0,0,0,0,0
l10,1=47,72,68,58,62,68,68,78,67,82,0,47,0,73,3,46,6,0,0,0,0,17,0,0,0,0,0,0,0,0,0,0,0,0,0,0,0,0,0,0
l11,1=0,0,0,0,0,0,15,15,33,45,47,0,74,85,39,66,35,70,0,28,0,21,0,0,42,0,0,0,0,0,0,0,0,0,0,22,44,0,29,0
l12,1=0,0,0,0,0,0,0,0,3,36,0,62,0,45,73,62,40,82,0,0,43,42,39,60,77,34,0,0,0,0,0,0,0,16,0,0,6,0,27,0
l13,1=0,16,0,0,13,1,15,0,51,80,74,72,44,0,43,23,34,62,0,26,41,39,34,31,33,17,0,0,0,0,0,0,0,0,0,0,0,0,25,0
l14,1=0,0,0,0,3,0,0,0,33,36,0,56,79,46,0,30,60,58,0,0,46,40,24,68,61,43,0,0,0,0,0,0,0,0,0,0,0,0,0,0
l15,1=0,0,0,0,0,0,0,0,32,40,45,79,79,29,28,0,21,57,0,0,39,0,33,16,64,0,0,0,0,0,0,0,0,0,0,0,38,0,9,0
l16,1=0,0,0,0,0,0,2,0,13,37,0,44,26,34,39,12,0,54,0,0,53,52,50,26,44,9,0,0,0,0,0,0,14,0,0,33,30,8,19,13
l17,1=0,0,0,0,0,0,0,0,10,38,0,66,86,33,31,34,49,0,0,0,48,45,38,34,43,3,0,0,0,0,0,0,0,28,0,0,37,0,11,2
l18,1=0,0,0,0,0,0,0,0,0,0,0,0,0,0,0,0,0,0,0,37,69,65,67,0,0,0,0,0,0,0,0,0,0,0,0,0,0,0,0,0
l19,1=0,0,0,0,0,0,0,0,0,0,0,16,0,28,0,0,0,0,39,0,72,45,80,0,0,0,38,0,0,0,0,4,0,0,0,24,56,37,64,53
l20,1=0,0,0,0,0,0,0,0,0,0,0,0,19,27,25,18,37,39,46,69,0,75,78,0,0,0,0,0,0,0,0,0,0,0,0,26,66,61,71,44
l21,1=0,0,0,0,0,0,0,0,37,31,34,20,20,33,23,0,58,33,42,37,74,0,73,0,0,0,13,0,0,0,0,6,0,0,0,67,50,37,70,55
l22,1=0,0,0,0,0,0,0,0,28,7,0,0,20,28,9,19,46,32,49,70,78,75,0,0,0,0,26,0,0,0,0,0,0,0,0,68,66,32,32,56
l23,1=0,0,0,0,0,0,0,0,24,0,0,0,34,39,64,13,16,45,0,0,0,0,0,0,68,35,0,0,0,0,0,0,0,0,53,0,0,0,0,0
l24,1=0,0,0,0,0,0,0,0,0,0,0,38,75,29,40,52,31,49,0,0,0,0,1,73,0,41,0,0,0,0,0,0,32,40,30,0,0,0,0,0
l25,1=0,0,0,0,0,0,0,0,10,0,0,0,45,37,68,0,42,43,0,0,0,0,0,56,63,0,34,0,10,0,0,63,0,55,50,0,0,0,0,0
l26,1=0,0,0,0,0,0,0,0,0,0,0,0,0,0,0,0,0,0,0,46,0,7,41,0,0,35,0,56,65,80,79,75,72,77,54,0,0,0,0,0
l27,1=0,0,0,0,0,0,0,0,0,0,0,0,0,0,0,0,0,0,0,0,0,0,0,0,0,0,71,0,66,85,93,63,63,64,67,0,0,0,0,0
l28,1=0,0,0,0,0,0,0,0,0,0,0,0,0,0,0,0,0,0,0,17,0,0,0,0,0,25,84,72,0,85,87,71,42,59,56,0,0,0,0,0
l29,1=0,0,0,0,0,0,0,0,0,0,0,0,0,0,0,0,0,0,0,0,0,0,0,0,0,0,77,74,66,0,87,68,50,23,24,0,0,0,0,0
l30,1=0,0,0,0,0,0,0,0,0,0,0,0,0,0,0,0,0,0,0,0,0,0,0,0,0,0,71,84,65,84,0,56,41,66,0,0,0,0,0,0
l31,1=0,0,0,0,0,0,0,0,0,0,0,0,0,0,0,0,0,0,0,17,0,1,0,0,0,37,76,42,55,63,50,0,71,73,73,0,0,0,0,0
l32,1=0,0,0,0,0,0,0,0,0,0,0,0,0,0,0,0,16,0,0,0,0,0,0,2,24,0,68,22,18,41,27,75,0,73,78,0,0,0,0,0
l33,1=0,0,0,0,0,0,0,0,0,0,0,0,8,0,0,0,0,18,0,0,0,0,0,0,28,25,64,17,27,19,26,71,69,0,29,0,0,0,0,0
l34,1=0,0,0,0,0,0,0,0,0,0,0,0,0,0,7,0,14,0,0,0,0,0,0,48,25,34,55,21,51,28,0,76,77,62,0,0,0,0,0,0
l35,1=0,0,0,0,0,0,0,0,0,0,0,7,0,0,0,0,31,0,0,21,20,58,61,0,0,0,0,0,0,0,0,0,0,0,0,0,67,61,81,26
l36,1=0,0,0,0,0,0,0,0,0,0,0,41,0,0,0,13,33,21,0,48,65,44,72,0,0,0,0,0,0,0,0,0,0,0,0,73,0,62,57,32
l37,1=0,0,0,0,0,0,0,0,0,0,0,0,0,0,0,0,0,0,0,33,69,42,37,0,0,0,0,0,0,0,0,0,0,0,0,71,67,0,46,32
l38,1=0,0,0,0,0,0,0,0,0,0,0,40,21,27,0,0,31,1,0,50,71,69,45,0,0,0,0,0,0,0,0,0,0,0,0,73,69,57,0,34
l39,1=0,0,0,0,0,0,0,0,0,0,0,0,0,0,0,0,30,0,0,47,64,54,66,0,0,0,0,0,0,0,0,0,0,0,0,54,58,49,44,0

l0,2=0,75,71,78,75,69,74,66,68,60,65,0,0,0,0,0,0,0,0,0,0,0,0,0,0,0,0,0,0,0,0,0,0,0,0,0,0,0,0,0
l1,2=76,0,79,82,80,72,77,66,51,56,76,0,0,1,0,0,0,0,0,0,0,0,0,0,0,0,0,0,0,0,0,0,0,0,0,0,0,0,0,0
l2,2=63,72,0,79,70,81,85,74,34,74,73,0,0,0,0,14,0,0,0,0,0,0,0,0,0,0,0,0,0,0,0,0,0,0,0,0,0,0,0,0
l3,2=83,88,82,0,70,65,40,4,49,0,1,0,0,0,0,0,0,0,0,0,0,0,0,0,0,0,0,0,0,0,0,0,0,0,0,0,0,0,0,0
l4,2=73,75,69,72,0,70,76,58,20,65,62,0,0,0,0,0,0,0,0,0,0,0,0,32,0,0,0,0,0,0,0,0,0,0,0,0,0,0,0,0
l5,2=62,78,75,67,75,0,72,71,57,49,72,0,0,25,0,0,0,0,0,0,0,0,0,0,0,0,0,0,0,0,0,0,0,0,0,0,0,0,0,0
l6,2=55,71,78,32,67,62,0,58,40,46,74,17,36,19,0,28,0,0,0,0,0,0,0,0,0,0,0,0,0,0,0,0,0,0,0,0,0,0,0,0
l7,2=45,60,66,41,43,64,70,0,64,56,80,26,2,41,0,38,3,0,0,0,0,0,0,0,0,0,0,0,0,0,0,0,0,0,0,0,0,0,0,0
l8,2=33,24,0,13,2,39,32,67,0,78,68,51,0,73,14,57,41,38,0,0,0,40,27,0,32,2,0,0,0,0,0,0,0,0,0,0,0,0,6,0
l9,2=41,51,74,0,61,54,66,72,73,0,79,47,39,73,0,49,23,24,0,0,0,25,0,0,0,0,0,0,0,0,0,0,0,0,0,0,0,0,0,0
l10,2=40,66,65,9,43,66,79,77,66,75,0,32,0,64,0,31,0,2,0,0,0,0,0,0,0,0,0,0,0,0,0,0,0,0,0,0,0,0,0,0
l11,2=0,0,0,0,0,0,28,19,46,33,34,0,73,83,68,69,51,77,0,31,25,31,23,26,13,0,0,0,0,0,0,0,0,0,0,31,40,0,41,25
l12,2=0,0,0,0,0,0,29,0,0,29,0,71,0,50,86,68,50,87,0,0,0,31,0,74,89,69,0,0,0,0,0,0,0,0,0,0,0,0,40,0
l13,2=0,0,0,0,0,0,0,27,65,62,54,75,44,0,44,54,49,52,2,37,30,31,22,36,37,26,0,0,0,0,0,0,0,0,0,0,0,0,43,0
l14,2=0,0,0,0,0,0,0,0,30,0,0,67,76,55,0,47,59,57,0,0,42,0,0,74,68,65,0,0,0,0,0,0,0,43,0,0,0,0,49,0
l15,2=0,0,2,0,0,0,32,30,58,32,35,89,74,66,39,0,23,67,0,2,40,0,0,5,73,0,0,0,0,0,0,0,0,0,0,0,26,0,37,31
l16,2=0,0,0,0,0,0,0,0,36,8,0,44,56,44,58,34,0,64,0,9,55,53,52,24,46,40,0,0,0,0,0,0,0,35,0,46,42,10,44,46
l17,2=0,0,0,0,0,0,0,0,37,25,0,83,77,63,54,65,69,0,0,0,41,38,28,42,62,0,0,0,0,0,0,0,0,33,0,0,40,0,43,0
l18,2=0,0,0,0,0,0,0,0,0,0,0,0,0,2,0,0,0,0,0,44,35,56,41,0,0,0,0,0,0,0,0,0,0,0,0,0,0,0,0,0
l19,2=0,0,0,0,0,0,0,0,0,0,0,32,0,39,0,0,1,0,47,0,62,55,70,0,0,0,47,0,0,0,0,42,0,0,0,35,54,29,60,63
l20,2=0,0,0,0,0,0,0,0,0,0,0,9,0,34,34,39,57,38,40,67,0,70,66,0,0,0,0,0,0,0,0,0,0,0,0,49,63,64,68,69
l21,2=0,0,0,0,0,0,0,0,40,23,0,36,40,41,0,0,60,34,47,38,72,0,67,0,0,0,0,0,0,0,0,0,0,33,0,65,62,54,68,69
l22,2=0,0,0,0,0,0,0,0,35,0,0,35,20,36,0,0,60,33,40,76,69,72,0,0,0,0,35,0,0,36,0,2,0,36,0,76,63,47,0,69
l23,2=0,0,0,0,6,0,0,0,0,0,0,21,68,56,74,0,13,47,0,0,0,0,0,0,77,61,0,0,0,0,0,0,0,0,51,0,0,0,0,0
l24,2=0,0,0,0,0,0,0,0,40,0,0,2,74,50,73,61,57,63,0,0,10,0,0,79,0,73,0,0,0,0,0,0,0,38,36,0,22,0,12,0
l25,2=0,0,0,0,0,0,0,0,28,0,0,0,69,54,66,0,55,0,0,0,0,0,0,61,71,0,53,0,0,0,0,58,51,54,56,0,0,0,0,0
l26,2=0,0,0,0,0,0,0,0,0,0,0,0,0,0,0,0,0,0,0,50,0,0,42,0,0,47,0,0,77,84,85,78,68,68,66,0,0,0,0,0
l27,2=0,0,0,0,0,0,0,0,0,0,0,0,0,0,0,0,0,0,0,0,0,0,0,0,0,0,1,0,77,89,91,72,64,64,70,0,0,0,0,0
l28,2=0,0,0,0,0,0,0,0,0,0,0,0,0,0,0,0,0,0,0,0,0,0,0,0,0,0,86,81,0,90,89,76,53,64,62,0,0,0,0,0
l29,2=0,0,0,0,0,0,0,0,0,0,0,0,0,0,0,0,0,0,0,1,0,0,48,0,0,0,79,83,77,0,87,74,61,0,3,0,0,0,0,0
l30,2=0,0,0,0,0,0,0,0,0,0,0,0,0,0,0,0,0,0,0,0,0,0,0,0,0,0,73,85,75,78,0,52,55,62,53,0,0,0,0,0
l31,2=0,0,0,0,0,0,0,0,0,0,0,0,0,0,0,0,0,0,0,47,0,0,7,0,0,50,79,51,67,56,53,0,75,72,77,0,0,0,0,0
l32,2=0,0,0,0,0,0,0,0,0,0,0,0,0,0,0,0,0,0,0,0,0,0,0,0,0,50,68,46,51,56,54,81,0,74,84,0,0,0,0,0
l33,2=0,0,0,0,0,0,0,0,0,0,0,0,0,0,55,0,49,31,0,0,0,40,32,0,46,62,68,31,61,0,62,72,68,0,73,0,0,0,0,0
l34,2=0,0,0,0,0,0,0,0,0,0,0,0,0,0,0,0,42,0,0,0,41,0,0,53,46,53,68,48,63,40,46,74,79,68,0,0,0,0,0,0
l35,2=0,0,0,0,0,0,0,0,0,0,0,0,0,0,0,0,45,0,0,13,31,45,55,0,0,0,0,0,0,0,0,0,0,0,0,0,65,69,77,62
l36,2=0,0,0,0,0,0,0,0,0,0,0,45,0,0,0,12,55,38,0,55,57,61,63,0,8,0,0,0,0,0,0,0,0,0,0,76,0,72,77,67
l37,2=0,0,0,0,0,0,0,0,0,0,0,0,0,0,0,0,6,0,0,19,51,48,41,0,0,0,0,0,0,0,0,0,0,0,0,76,66,0,66,62
l38,2=0,0,0,0,0,0,0,0,0,0,0,30,24,44,31,26,36,28,0,45,65,65,0,0,0,0,0,0,0,0,0,0,0,0,0,76,66,71,0,72
l39,2=0,0,0,0,0,0,0,0,0,0,0,0,0,0,0,0,43,0,0,49,47,56,58,0,0,0,0,0,0,0,0,0,0,0,0,64,53,55,65,0

l0,3=0,86,83,82,84,81,70,73,0,76,0,0,0,0,0,0,0,0,0,0,0,0,0,0,0,0,0,0,0,0,0,0,0,0,0,0,0,0,0,0
l1,3=83,0,82,84,86,84,83,74,53,80,83,0,0,0,0,0,0,0,0,0,0,0,0,0,0,0,0,0,0,0,0,0,0,0,0,0,0,0,0,0
l2,3=83,78,0,82,87,88,91,76,62,81,87,0,0,62,0,0,0,0,0,0,0,0,0,0,0,0,0,0,0,0,0,0,0,0,0,0,0,0,0,0
l3,3=83,86,83,0,86,18,72,0,0,3,76,0,0,0,0,0,0,0,0,0,0,0,0,0,0,0,0,0,0,0,0,0,0,0,0,0,0,0,0,0
l4,3=35,82,92,83,0,88,70,15,0,33,43,0,0,32,0,0,0,0,0,0,0,0,0,0,0,0,0,0,0,0,0,0,0,0,0,0,0,0,0,0
l5,3=83,86,91,36,87,0,70,75,44,75,85,30,0,64,20,0,0,0,0,0,0,0,0,0,0,0,0,0,0,0,0,0,0,0,0,0,0,0,0,0
l6,3=77,80,92,69,75,76,0,72,71,83,90,67,43,59,0,40,62,0,0,0,0,0,0,0,0,0,0,0,0,0,0,0,0,0,0,0,0,0,0,0
l7,3=77,72,80,0,32,83,79,0,78,87,91,0,0,70,0,56,36,0,0,0,0,0,0,0,0,0,0,0,0,0,0,0,0,0,0,0,0,0,0,0
l8,3=0,2,27,0,0,19,65,76,0,88,84,80,24,86,0,75,69,35,0,0,0,50,27,0,33,0,0,0,0,0,0,0,0,0,0,0,0,0,33,0
l9,3=28,40,30,4,36,40,40,75,85,0,93,29,25,86,31,39,0,0,0,0,24,7,0,0,0,0,0,0,0,0,0,0,0,0,0,0,0,0,0,0
l10,3=0,36,87,30,30,84,85,81,79,93,0,36,2,85,19,32,0,0,0,0,0,0,0,14,28,0,0,0,0,0,0,0,0,0,0,0,0,0,11,0
l11,3=0,0,0,0,0,26,72,0,75,45,68,0,86,92,89,94,43,85,0,7,57,70,60,68,75,13,0,0,0,0,0,0,0,0,0,0,72,4,80,0
l12,3=0,0,0,0,0,0,36,0,36,25,0,98,0,39,96,93,43,98,0,9,0,29,13,79,95,85,0,0,0,0,0,0,0,27,0,22,0,0,46,0
l13,3=0,0,18,0,23,35,27,29,86,87,81,94,64,0,0,71,39,53,22,14,27,26,26,32,26,23,0,0,0,0,0,0,0,0,0,0,0,0,41,0
l14,3=0,0,0,0,0,4,0,0,1,23,16,97,89,0,0,30,62,28,0,0,0,0,0,87,94,81,0,0,0,0,0,0,0,3,0,0,0,0,51,0
l15,3=0,0,0,0,0,0,23,34,80,40,34,98,88,87,37,0,67,76,0,8,30,20,0,27,86,0,0,0,0,0,0,0,0,0,0,0,5,0,44,26
l16,3=0,0,0,0,0,0,36,19,45,0,0,32,48,34,74,39,0,71,24,0,78,56,74,17,37,21,0,0,0,0,0,0,0,27,0,0,34,24,50,41
l17,3=0,0,0,0,0,0,0,0,60,0,0,94,89,80,35,77,91,0,0,3,63,31,33,26,83,0,0,0,0,0,0,0,0,0,0,24,58,22,53,32
l18,3=0,0,0,0,0,0,0,0,0,0,0,0,0,61,0,0,42,0,0,65,46,39,44,0,0,0,0,0,0,0,0,0,0,0,0,0,0,0,0,0
l19,3=0,0,0,0,0,0,0,0,0,0,0,0,43,57,0,6,0,0,65,0,84,91,94,0,0,0,0,0,0,42,0,46,0,0,0,0,76,58,84,0
l20,3=0,0,0,0,0,0,0,0,0,22,0,51,0,74,0,69,89,55,45,77,0,92,94,0,59,0,0,0,0,0,0,0,0,0,13,60,83,89,93,89
l21,3=0,0,0,0,0,0,0,0,72,17,0,69,56,70,0,36,81,42,48,77,88,0,90,0,0,0,2,0,0,0,0,0,0,56,0,34,79,86,85,86
l22,3=0,0,0,0,0,0,0,0,61,0,0,68,38,73,0,0,89,49,42,87,90,92,0,0,0,0,68,0,0,63,0,0,0,16,0,88,80,0,93,92
l23,3=0,0,0,0,0,0,0,0,0,0,0,35,81,37,87,25,26,30,0,0,0,0,0,0,93,85,0,0,0,0,0,0,0,26,0,0,0,0,0,0
l24,3=0,0,0,0,0,0,0,0,54,0,29,83,89,35,91,86,74,78,0,0,29,0,0,86,0,89,0,0,0,0,0,0,0,80,0,0,26,0,39,0
l25,3=0,0,0,0,0,0,0,0,0,0,0,27,82,34,83,0,42,0,0,0,0,0,0,83,88,0,15,0,0,13,0,30,38,88,67,0,0,0,0,0
l26,3=0,0,0,0,0,0,0,0,0,0,0,0,0,0,0,0,0,0,0,0,0,0,64,0,0,38,0,80,97,98,96,99,92,72,89,0,0,0,0,0
l27,3=0,0,0,0,0,0,0,0,0,0,0,0,0,0,0,0,0,0,0,0,0,0,0,0,0,0,88,0,97,100,100,89,87,2,33,0,0,0,0,0
l28,3=0,0,0,0,0,0,0,0,0,0,0,0,0,0,0,0,0,0,0,0,0,0,0,0,0,0,97,100,0,100,90,93,84,88,76,0,0,0,0,0
l29,3=0,0,0,0,0,0,0,0,0,0,0,0,0,0,0,0,0,0,0,51,0,0,60,0,0,8,95,98,97,0,90,83,83,68,70,0,0,0,0,0
l30,3=0,0,0,0,0,0,0,0,0,0,0,0,0,0,0,0,0,0,0,0,0,0,0,0,0,0,90,100,90,93,0,74,87,77,0,0,0,0,0,0
l31,3=0,0,0,0,0,0,0,0,0,0,0,0,0,0,0,0,0,0,0,59,0,0,0,2,0,66,96,77,82,76,52,0,97,95,97,0,0,0,0,0
l32,3=0,0,0,0,0,0,0,0,0,0,0,0,6,0,0,0,0,0,0,0,0,0,0,0,0,78,90,74,79,80,87,99,0,95,97,0,0,0,0,0
l33,3=0,0,0,0,0,0,0,0,0,0,0,0,61,0,0,0,63,0,0,0,0,50,20,64,83,90,65,0,85,54,62,91,89,0,92,0,0,0,0,0
l34,3=0,0,0,0,0,0,0,0,0,0,0,0,0,0,17,0,0,0,0,0,32,0,0,14,0,84,82,28,79,80,17,96,97,95,0,0,0,0,0,0
l35,3=0,0,0,0,0,0,0,0,0,0,0,0,23,0,0,0,0,4,0,0,48,0,80,0,0,0,0,0,0,0,0,0,0,0,0,0,84,89,93,91
l36,3=0,0,0,0,0,0,0,0,0,0,0,57,0,8,0,0,68,42,0,49,73,83,73,0,35,0,0,0,0,0,0,0,0,0,0,88,0,89,93,82
l37,3=0,0,0,0,0,0,0,0,0,0,0,0,0,0,0,0,44,7,0,47,80,82,0,0,0,0,0,0,0,0,0,0,0,0,0,87,82,0,85,83
l38,3=0,0,0,0,0,0,0,0,30,0,0,73,54,67,63,53,68,46,0,46,86,80,79,0,43,0,0,0,0,0,0,0,0,0,0,91,87,86,0,88
l39,3=0,0,0,0,0,0,0,0,0,0,0,0,0,0,0,20,74,15,0,0,84,88,87,0,0,0,0,0,0,0,0,0,0,0,0,88,82,80,91,0

l0,4=0,91,76,95,50,95,88,85,0,91,60,0,0,0,0,0,0,0,0,0,0,0,0,0,0,0,0,0,0,0,0,0,0,0,0,0,0,0,0,0
l1,4=85,0,95,90,92,92,92,70,78,93,2,0,0,67,0,0,0,0,0,0,0,0,0,14,0,0,0,0,0,0,0,0,0,0,0,0,0,0,0,0
l2,4=85,93,0,90,92,93,92,92,63,93,87,0,0,74,0,0,0,0,0,0,0,0,0,0,0,0,0,0,0,0,0,0,0,0,0,0,0,0,0,0
l3,4=99,95,95,0,92,92,89,0,77,0,69,0,0,0,0,0,0,0,0,0,0,0,0,0,0,0,0,0,0,0,0,0,0,0,0,0,0,0,0,0
l4,4=13,93,90,83,0,88,78,83,76,83,0,0,0,34,0,0,0,0,0,0,0,0,0,0,0,0,0,0,0,0,0,0,0,0,0,0,0,0,0,0
l5,4=87,90,96,84,86,0,88,93,0,93,78,0,0,76,0,78,0,0,0,0,0,0,0,0,0,0,0,0,0,0,0,0,0,0,0,0,0,0,0,0
l6,4=83,92,95,84,76,88,0,96,77,92,90,76,77,0,0,78,84,0,0,0,0,0,0,0,0,0,0,0,0,0,0,0,0,0,0,0,0,0,0,0
l7,4=88,71,93,0,85,91,92,0,86,96,91,72,1,0,0,83,3,0,0,0,0,0,0,0,0,0,0,0,0,0,0,0,0,0,0,0,0,0,0,0
l8,4=0,65,0,63,70,0,67,85,0,93,72,75,87,85,78,84,84,77,0,0,54,77,65,0,42,0,0,0,0,0,0,0,0,0,0,0,0,0,0,0
l9,4=74,81,79,0,71,79,83,92,90,0,91,75,0,83,0,80,0,77,0,0,60,0,75,0,0,0,0,0,0,0,0,0,0,0,0,0,0,0,0,0
l10,4=69,0,89,70,0,83,92,96,83,96,0,80,86,82,82,81,0,71,0,0,0,0,0,42,1,0,0,0,0,0,0,0,0,0,0,0,0,0,0,0
l11,4=0,0,0,0,0,0,78,80,82,84,73,0,89,82,87,96,87,82,0,0,36,79,78,80,72,60,0,0,0,0,0,0,0,0,0,72,72,0,81,0
l12,4=0,0,0,0,0,0,12,0,82,0,66,82,0,83,92,88,92,94,0,23,20,0,0,81,89,82,0,0,0,0,0,0,35,49,0,0,38,0,81,0
l13,4=0,0,18,0,1,77,0,0,88,86,72,77,86,0,82,86,84,84,0,67,77,74,77,78,0,71,0,0,0,0,0,0,0,0,0,0,0,0,71,0
l14,4=0,0,0,0,0,0,0,0,80,0,73,82,95,80,0,0,89,77,0,0,81,0,0,88,96,79,0,0,0,0,0,1,0,79,65,0,0,0,82,0
l15,4=0,0,0,0,0,63,60,85,82,84,71,91,92,88,0,0,84,75,0,15,78,71,60,78,88,19,0,0,0,0,0,0,0,0,0,0,61,0,79,0
l16,4=0,0,0,0,0,0,73,0,81,0,0,76,92,84,89,89,0,92,59,74,90,83,86,70,83,72,0,0,0,0,0,0,0,56,0,83,70,0,90,84
l17,4=0,0,0,0,0,0,0,0,82,84,64,86,95,87,87,85,97,0,0,0,82,45,81,28,87,61,0,0,0,0,0,0,0,0,0,82,75,0,78,79
l18,4=0,0,0,0,0,0,0,0,0,0,0,0,0,1,0,0,90,0,0,84,4,89,86,0,0,0,0,0,0,0,0,0,0,0,0,0,0,0,0,0
l19,4=0,0,0,0,0,0,0,0,0,0,0,0,40,67,0,0,83,0,63,0,94,95,93,0,0,0,0,0,46,0,0,0,0,0,0,0,80,69,75,86
l20,4=0,0,0,0,0,0,0,0,51,65,0,0,37,75,83,81,95,82,0,87,0,93,93,0,72,0,0,0,5,0,0,0,44,0,0,0,88,81,90,88
l21,4=0,0,0,0,0,0,0,0,75,0,0,67,0,68,0,66,88,46,58,83,89,0,91,0,60,0,0,0,0,0,0,0,14,3,0,40,89,74,78,92
l22,4=0,0,0,0,0,0,0,0,58,75,0,67,0,75,0,54,91,58,56,97,95,93,0,0,0,0,80,0,0,40,0,0,0,54,0,83,90,83,90,83
l23,4=0,0,0,0,0,0,0,0,0,0,0,81,93,84,93,89,85,0,0,0,0,0,0,0,96,86,0,0,0,0,0,0,0,87,90,0,0,0,0,0
l24,4=0,0,0,0,0,0,0,0,61,0,0,72,95,0,93,90,91,88,0,0,76,24,0,99,0,82,0,0,0,0,0,0,1,79,1,0,0,0,0,0
l25,4=0,0,0,0,0,0,0,0,0,0,0,48,95,75,93,30,86,50,0,0,0,0,0,99,95,0,0,0,0,63,0,58,86,90,88,0,0,0,0,0
l26,4=0,0,0,0,0,0,0,0,0,0,0,0,0,0,0,0,0,0,0,0,0,0,90,0,0,0,0,94,100,100,100,100,97,82,97,0,0,0,0,0
l27,4=0,0,0,0,0,0,0,0,0,0,0,0,0,0,0,0,0,0,0,0,0,0,0,0,0,0,96,0,100,100,100,97,92,0,70,0,0,0,0,0
l28,4=0,0,0,0,0,0,0,0,0,0,0,0,0,0,0,0,0,0,0,81,78,0,0,0,0,0,100,100,0,100,99,99,96,96,97,0,0,0,0,0
l29,4=0,0,0,0,0,0,0,0,0,0,0,0,0,0,0,0,0,0,0,2,0,0,80,0,0,75,100,100,100,0,100,89,88,90,91,0,0,0,0,0
l30,4=0,0,0,0,0,0,0,0,0,0,0,0,0,0,0,0,0,0,0,0,0,0,0,0,0,0,100,100,96,100,0,97,90,90,0,0,0,0,0,0
l31,4=0,0,0,0,0,0,0,0,0,0,0,0,0,0,1,0,0,0,0,0,0,0,0,0,0,78,100,92,86,82,93,0,100,98,99,0,0,0,0,0
l32,4=0,0,0,0,0,0,0,0,0,0,0,0,88,0,0,0,0,0,0,0,75,6,0,0,3,88,98,92,97,94,97,100,0,98,100,0,0,0,0,0
l33,4=0,0,0,0,0,0,0,0,0,0,0,0,76,0,89,0,60,0,0,0,0,0,73,90,81,89,83,0,97,82,86,99,99,0,99,0,0,0,0,0
l34,4=0,0,0,0,0,0,0,0,0,0,0,0,0,0,82,0,23,0,0,0,30,0,0,97,37,88,99,79,98,97,0,100,100,99,0,0,0,0,0,0
l35,4=0,0,0,0,0,0,0,0,0,0,0,16,0,0,0,0,79,45,0,0,0,3,72,0,0,0,0,0,0,0,0,0,0,0,0,0,85,89,85,88
l36,4=0,0,0,0,0,0,0,0,0,0,0,48,39,0,0,50,68,65,0,55,72,73,73,0,0,0,0,0,0,0,0,0,0,0,0,89,0,88,84,88
l37,4=0,0,0,0,0,0,0,0,0,0,0,0,0,0,0,0,0,0,0,49,73,72,73,0,0,0,0,0,0,0,0,0,0,0,0,87,84,0,82,80
l38,4=0,0,0,0,0,0,0,0,0,0,0,67,70,36,80,76,90,36,0,62,89,69,86,0,0,0,0,0,0,0,0,0,0,0,0,93,89,81,0,88
l39,4=0,0,0,0,0,0,0,0,0,0,0,0,0,0,0,0,84,56,0,62,76,80,62,0,0,0,0,0,0,0,0,0,0,0,0,85,84,71,84,0

l0,5=0,74,73,85,75,82,80,77,0,78,74,0,0,0,0,0,0,0,0,0,0,0,0,0,0,0,0,0,0,0,0,0,0,0,0,0,0,0,0,0
l1,5=79,0,87,73,89,89,87,75,0,79,43,0,0,0,0,0,0,0,0,0,0,0,0,61,0,0,0,0,0,0,0,0,0,0,0,0,0,0,0,0
l2,5=79,86,0,79,81,87,85,74,0,80,74,0,0,0,0,0,0,0,0,0,0,0,0,0,0,0,0,0,0,0,0,0,0,0,0,0,0,0,0,0
l3,5=92,74,87,0,89,70,77,0,2,45,51,0,0,0,0,0,0,0,0,0,0,0,0,0,0,0,0,0,0,0,0,0,0,0,0,0,0,0,0,0
l4,5=85,86,82,85,0,86,79,66,77,73,70,0,0,72,0,39,0,0,0,0,0,0,0,0,0,0,0,0,0,0,0,0,0,0,0,0,0,0,0,0
l5,5=80,82,81,73,77,0,47,77,71,80,74,48,0,82,0,2,0,0,0,0,0,0,0,0,0,0,0,0,0,0,0,0,0,0,0,0,0,0,0,0
l6,5=79,80,78,73,73,32,0,79,70,80,75,77,0,0,0,0,76,0,0,1,0,0,0,0,0,0,0,0,0,0,0,0,0,0,0,0,0,0,0,0
l7,5=79,71,71,0,73,77,80,0,73,80,85,79,0,1,0,70,0,0,0,0,0,0,0,0,0,0,0,0,0,0,0,0,0,0,0,0,0,0,0,0
l8,5=0,0,0,10,25,26,42,76,0,84,74,79,64,87,72,66,78,29,0,0,11,60,57,70,69,0,0,0,0,0,0,0,0,0,0,0,0,0,0,0
l9,5=44,67,71,70,25,75,77,75,77,0,80,79,7,85,0,64,73,49,0,0,44,0,62,0,46,0,0,0,0,0,0,0,0,0,0,0,0,0,50,0
l10,5=59,63,72,69,48,77,77,77,73,86,0,79,0,82,73,65,12,27,0,0,0,0,0,0,0,0,0,0,0,0,0,0,0,0,0,0,0,0,0,0
l11,5=0,0,0,0,0,14,30,33,45,44,43,0,84,85,84,79,85,31,0,0,32,43,0,63,53,36,0,0,0,0,0,0,0,0,0,0,19,11,64,0
l12,5=0,0,0,0,0,0,0,0,16,0,0,65,0,64,87,62,83,87,0,0,35,0,0,72,75,70,0,0,0,0,0,0,32,38,0,4,18,0,50,0
l13,5=0,0,0,0,11,17,0,0,78,47,30,58,78,0,79,70,79,29,0,10,45,0,58,66,0,44,0,0,0,0,0,0,0,0,0,14,0,0,0,0
l14,5=0,0,0,0,0,0,0,0,32,0,26,60,86,77,0,58,82,30,0,0,54,0,12,85,84,70,0,0,0,0,0,5,0,53,31,0,0,0,55,0
l15,5=0,0,0,0,12,0,0,37,37,39,41,85,83,92,66,0,70,29,0,0,13,51,59,70,76,47,0,0,0,0,0,0,0,0,0,0,19,0,56,19
l16,5=0,0,0,0,0,0,24,0,27,18,0,55,84,67,80,39,0,33,0,28,49,51,60,0,65,42,0,0,0,0,0,15,0,3,14,24,15,10,65,36
l17,5=0,0,0,0,0,0,0,0,36,38,17,60,86,86,83,65,86,0,0,18,63,34,39,7,76,54,0,0,0,0,0,0,0,0,0,21,24,1,0,33
l18,5=0,0,0,0,0,0,0,0,0,0,0,0,0,0,0,0,0,0,0,34,0,55,50,0,0,0,0,0,0,0,0,0,0,0,0,0,0,0,0,0
l19,5=0,0,0,0,0,0,0,0,0,0,0,0,0,22,0,0,40,0,8,0,72,60,83,0,0,0,0,0,14,25,0,0,0,0,0,33,45,6,0,55
l20,5=0,0,0,0,0,0,0,0,5,11,0,3,24,35,28,0,43,49,0,75,0,64,83,0,0,0,19,0,1,0,0,0,30,0,0,2,33,22,75,34
l21,5=0,0,0,0,0,0,0,0,20,4,0,18,22,22,0,24,44,6,14,63,74,0,74,0,24,0,0,0,0,0,0,0,0,0,0,34,29,10,51,58
l22,5=0,0,0,0,0,0,0,0,19,22,0,0,0,47,1,27,49,5,13,79,75,62,0,0,0,0,34,0,0,1,2,0,0,0,0,24,41,18,73,33
l23,5=0,4,0,0,0,0,0,0,38,0,0,47,68,59,65,55,0,0,0,0,0,0,0,0,85,73,0,0,0,0,0,0,0,60,53,0,0,0,0,0
l24,5=0,0,0,0,0,0,0,0,27,18,0,38,86,0,89,62,73,46,0,0,0,26,0,85,0,68,0,0,0,0,0,0,0,54,2,0,0,0,0,0
l25,5=0,0,0,0,0,0,0,0,2,0,0,36,69,51,61,46,65,24,0,0,0,0,0,76,71,0,0,0,0,33,0,0,68,70,44,0,0,0,0,0
l26,5=0,0,0,0,0,0,0,0,0,0,0,0,0,0,0,0,0,0,0,2,42,0,60,0,0,0,0,62,90,92,81,83,74,65,52,0,0,0,0,0
l27,5=0,0,0,0,0,0,0,0,0,0,0,0,0,0,0,0,0,0,0,0,0,0,0,0,0,0,77,0,86,87,90,74,74,0,0,0,0,0,0,0
l28,5=0,0,0,0,0,0,0,0,0,0,0,0,0,0,0,0,0,0,0,63,47,0,0,0,0,0,81,86,0,93,89,75,70,74,52,0,0,0,0,0
l29,5=0,0,0,0,0,0,0,0,0,0,0,0,0,0,0,0,0,0,0,61,0,0,1,0,0,33,80,84,90,0,88,56,74,71,50,0,0,0,0,0
l30,5=0,0,0,0,0,0,0,0,0,0,0,0,0,0,0,0,0,0,0,0,0,0,0,0,0,0,79,86,90,91,0,72,1,68,0,0,0,0,0,0
l31,5=0,0,0,0,0,0,0,0,0,0,0,0,0,0,0,0,40,0,0,0,0,0,0,3,0,0,73,53,60,49,56,0,81,72,64,0,0,0,0,0
l32,5=0,0,0,0,0,0,0,0,0,0,0,0,53,0,0,0,0,0,0,0,48,0,0,0,0,62,77,52,71,70,29,88,0,76,77,0,0,0,0,0
l33,5=0,0,0,0,0,0,0,0,0,0,0,0,51,0,57,0,3,0,0,0,0,0,0,67,66,61,66,0,66,43,60,62,65,0,61,0,0,0,0,0
l34,5=0,0,0,0,0,0,0,0,0,0,0,0,41,0,50,0,57,0,0,0,42,0,0,65,49,55,66,0,62,63,0,83,87,84,0,0,0,0,0,0
l35,5=0,0,0,0,0,0,0,0,0,0,0,0,13,24,0,0,31,3,0,17,2,35,23,0,0,0,0,0,0,0,0,0,0,0,0,0,20,21,47,46
l36,5=0,0,0,0,0,0,0,0,4,0,0,38,33,7,0,29,25,13,0,26,34,38,48,0,0,0,0,0,0,0,0,0,0,0,0,24,0,21,64,68
l37,5=0,0,0,0,0,0,0,0,0,0,0,3,0,0,0,0,13,0,0,13,36,25,37,0,0,0,0,0,0,0,0,0,0,0,0,38,59,0,51,30
l38,5=0,0,0,0,0,0,0,0,0,13,0,43,47,0,41,37,53,0,0,0,57,44,62,0,0,0,0,0,0,0,0,0,0,0,0,29,41,21,0,61
l39,5=0,0,0,0,0,0,0,0,0,0,0,0,0,0,0,0,27,1,0,30,29,47,15,0,0,0,0,0,0,0,0,0,0,0,0,28,43,8,65,0

l0,6=0,86,77,81,83,86,74,25,55,34,68,0,0,0,0,0,0,0,0,0,0,0,0,0,0,0,0,0,0,0,0,0,0,0,0,0,0,0,0,0
l1,6=87,0,90,85,83,83,75,33,55,75,58,0,0,0,0,0,0,0,0,0,0,0,0,33,0,0,0,0,0,0,0,0,0,0,0,0,0,0,0,0
l2,6=86,81,0,84,77,84,73,58,0,79,72,0,0,0,0,0,0,0,0,0,0,0,0,0,0,0,0,0,0,0,0,0,0,0,0,0,0,0,0,0
l3,6=84,86,87,0,83,82,68,0,0,61,47,0,0,0,0,0,0,0,0,0,0,0,0,0,0,0,0,0,0,0,0,0,0,0,0,0,0,0,0,0
l4,6=90,86,88,89,0,84,75,0,55,45,59,0,0,56,0,0,0,0,0,0,0,0,0,23,0,0,0,0,0,0,0,0,0,0,0,0,0,0,0,0
l5,6=83,76,79,80,70,0,70,78,65,76,72,0,0,2,0,0,0,0,0,0,0,0,0,0,0,0,0,0,0,0,0,0,0,0,0,0,0,0,0,0
l6,6=61,76,61,55,56,57,0,78,57,76,73,55,5,14,0,0,36,0,0,0,0,0,0,0,0,0,0,0,0,0,0,0,0,0,0,0,0,0,0,0
l7,6=25,14,63,0,4,79,72,0,68,73,79,46,0,0,0,57,0,0,0,0,0,0,0,0,0,0,0,0,0,0,0,0,0,0,0,0,0,0,0,0
l8,6=21,16,0,0,31,27,32,63,0,76,72,65,31,68,35,24,22,53,0,0,33,35,36,13,24,1,0,0,0,0,0,0,0,0,0,0,0,0,0,0
l9,6=2,51,53,47,15,76,67,63,74,0,73,53,44,64,38,52,36,40,0,0,6,0,27,0,0,0,0,0,0,0,0,0,0,0,0,0,0,0,25,0
l10,6=39,24,57,39,40,57,69,81,72,82,0,56,0,51,0,26,27,0,0,0,0,0,0,0,0,0,0,0,0,0,0,0,0,0,0,0,0,0,0,0
l11,6=0,0,0,0,0,0,25,35,52,44,21,0,47,47,53,67,22,43,0,0,16,0,0,0,26,16,0,0,0,0,0,0,0,0,0,0,30,8,38,0
l12,6=0,0,0,0,0,0,0,0,35,35,0,52,0,41,64,33,52,54,0,0,15,7,0,28,65,70,0,0,0,0,0,0,0,24,10,0,5,0,32,0
l13,6=0,0,0,0,25,0,0,0,70,68,20,31,38,0,53,34,19,49,0,29,16,0,34,17,28,17,0,0,0,0,0,0,0,0,0,4,38,0,31,0
l14,6=0,0,0,0,0,0,0,0,38,39,0,32,56,46,0,22,24,50,0,0,24,0,23,45,52,43,0,0,0,0,0,0,0,23,13,0,11,0,33,0
l15,6=0,0,0,0,1,0,0,41,43,52,21,70,55,60,45,0,27,53,0,0,4,22,31,22,32,20,0,0,0,0,0,0,0,0,0,0,43,0,45,0
l16,6=0,0,0,0,0,0,2,0,36,32,5,29,47,20,42,22,0,54,27,27,12,20,32,2,26,16,0,0,0,0,0,16,0,0,9,12,48,11,46,28
l17,6=0,0,0,0,0,0,0,0,47,34,0,31,48,52,55,30,32,0,0,0,43,12,0,0,31,19,0,0,0,0,0,0,0,14,0,0,47,5,41,0
l18,6=0,0,0,0,0,0,0,0,0,0,0,0,0,7,0,0,21,0,0,30,0,25,0,0,0,0,0,0,0,0,0,0,0,0,0,0,0,0,0,0
l19,6=0,0,0,0,0,0,0,0,0,0,0,0,0,34,0,0,20,0,29,0,56,37,54,0,0,0,1,0,5,25,0,32,0,0,0,0,49,0,0,36
l20,6=0,0,0,0,0,0,0,0,32,1,0,12,22,32,34,0,12,36,0,54,0,58,61,0,0,0,1,0,0,0,0,9,0,17,0,25,52,24,50,30
l21,6=0,0,0,0,0,0,0,0,36,12,0,0,23,0,0,17,24,29,28,34,56,0,53,0,0,0,0,0,0,0,0,0,0,0,0,54,53,27,48,37
l22,6=0,0,0,0,0,0,0,0,36,26,0,0,0,35,33,15,22,0,0,55,60,46,0,0,0,0,34,0,0,0,10,0,0,0,0,24,57,29,44,33
l23,6=0,3,0,0,5,0,0,0,22,0,0,0,50,42,66,43,17,0,0,0,0,0,0,0,61,71,0,0,0,0,0,28,0,40,45,0,0,0,0,0
l24,6=0,0,0,0,0,0,0,0,42,0,0,40,62,45,56,45,39,45,0,0,0,0,0,62,0,49,0,0,0,0,0,0,0,40,16,0,0,0,0,0
l25,6=0,0,0,0,0,0,0,0,11,0,0,18,56,36,62,19,17,29,0,0,0,0,0,48,49,0,0,0,0,0,0,0,28,61,0,0,0,0,0,0
l26,6=0,0,0,0,0,0,0,0,0,0,0,0,0,0,0,0,0,0,0,10,15,0,27,0,0,0,0,55,77,82,62,65,74,33,40,0,0,0,0,0
l27,6=0,0,0,0,0,0,0,0,0,0,0,0,0,0,0,0,0,0,0,0,0,0,0,0,0,0,65,0,75,82,80,57,45,0,0,0,0,0,0,0
l28,6=0,0,0,0,0,0,0,0,0,0,0,0,0,0,0,0,0,0,0,22,0,0,0,0,0,0,69,85,0,88,81,56,50,52,53,0,0,0,0,0
l29,6=0,0,0,0,0,0,0,0,0,0,0,0,0,0,0,0,0,0,0,26,0,0,1,0,0,0,66,84,77,0,43,36,35,35,30,0,0,0,0,0
l30,6=0,0,0,0,0,0,0,0,0,0,0,0,0,0,0,0,0,0,0,0,0,0,0,0,0,0,66,87,75,51,0,45,0,0,31,0,0,0,0,0
l31,6=0,0,0,0,0,0,0,0,0,0,0,0,0,0,0,0,11,0,0,23,13,0,0,22,0,0,65,28,54,32,33,0,77,76,72,0,0,0,0,0
l32,6=0,0,0,0,0,0,0,0,0,0,0,0,0,0,0,0,0,0,0,0,0,0,0,1,0,40,47,23,45,44,1,72,0,75,80,0,0,0,0,0
l33,6=0,0,0,0,0,0,0,0,0,0,0,0,47,0,54,0,0,29,0,0,26,0,0,42,46,55,38,0,48,49,22,58,70,0,65,0,0,0,0,0
l34,6=0,0,0,0,0,0,0,0,0,0,0,0,31,0,37,0,28,0,0,0,0,0,0,32,28,0,28,0,42,31,31,50,85,67,0,0,0,0,0,0
l35,6=0,0,0,0,0,0,0,0,0,0,0,0,0,6,0,0,10,0,0,0,35,33,35,0,0,0,0,0,0,0,0,0,0,0,0,0,61,41,39,39
l36,6=0,0,0,0,0,0,0,0,0,0,0,3,3,12,0,5,15,19,0,20,37,25,42,0,0,0,0,0,0,0,0,0,0,0,0,33,0,42,46,47
l37,6=0,0,0,0,0,0,0,0,0,0,0,0,0,0,0,0,4,0,0,0,28,14,39,0,0,0,0,0,0,0,0,0,0,0,0,46,66,0,40,33
l38,6=0,0,0,0,0,0,0,0,0,13,0,23,20,32,23,15,18,34,0,0,39,34,42,0,0,0,0,0,0,0,0,0,0,0,0,33,61,36,0,38
l39,6=0,0,0,0,0,0,0,0,0,0,0,0,0,0,0,0,11,0,0,29,33,29,40,0,0,0,0,0,0,0,0,0,0,0,0,53,62,30,45,0

l0,7=0,97,87,91,94,95,84,0,88,86,86,0,0,2,0,0,0,0,0,0,0,0,0,24,0,0,0,0,0,0,0,0,0,0,0,0,0,0,0,0
l1,7=100,0,98,92,97,92,85,89,58,82,82,0,0,0,0,0,0,0,0,0,0,0,0,0,0,0,0,0,0,0,0,0,0,0,0,0,0,0,0,0
l2,7=97,93,0,92,94,92,85,50,72,87,1,0,0,0,0,0,0,0,0,0,0,0,0,0,0,0,0,0,0,0,0,0,0,0,0,0,0,0,0,0
l3,7=89,93,89,0,98,82,76,60,78,71,78,0,0,0,0,0,0,0,0,0,0,0,0,0,0,0,0,0,0,0,0,0,0,0,0,0,0,0,0,0
l4,7=96,94,89,97,0,93,86,31,85,41,87,0,0,62,0,15,0,0,0,0,0,0,0,0,19,0,0,0,0,0,0,0,0,0,0,0,0,0,0,0
l5,7=97,92,87,81,95,0,85,94,84,86,88,0,0,0,0,1,0,0,0,0,0,0,0,0,0,0,0,0,0,0,0,0,0,0,0,0,0,0,0,0
l6,7=69,93,89,67,95,92,0,94,0,87,89,24,0,54,0,0,19,0,0,0,0,0,0,0,0,0,0,0,0,0,0,0,0,0,0,0,0,0,0,0
l7,7=0,77,62,65,56,92,86,0,89,87,89,10,14,67,0,58,0,0,0,0,0,0,0,0,0,0,0,0,0,0,0,0,0,0,0,0,0,0,0,0
l8,7=53,27,40,55,69,41,0,34,0,87,89,45,20,75,57,64,17,16,0,1,8,4,26,0,8,0,0,0,0,0,0,0,0,0,0,0,0,0,4,0
l9,7=45,33,57,43,34,68,83,93,90,0,89,25,17,72,49,67,0,7,0,0,33,4,15,0,0,6,0,0,0,0,0,0,0,0,0,0,0,0,34,0
l10,7=67,43,0,58,69,87,82,94,90,87,0,65,0,41,0,63,22,1,0,0,0,0,0,0,0,0,0,0,0,0,0,0,0,0,0,0,0,0,0,0
l11,7=0,0,0,0,0,0,13,4,52,40,24,0,54,55,47,83,19,9,0,0,25,0,17,16,29,4,0,0,0,0,0,0,0,0,0,23,1,0,45,4
l12,7=0,0,0,0,0,0,0,0,24,28,0,41,0,27,72,68,41,13,0,1,28,3,0,43,89,78,0,0,0,0,0,0,0,35,15,0,0,0,24,0
l13,7=0,0,0,0,37,0,17,20,88,81,10,25,10,0,54,61,15,10,0,0,26,0,9,20,37,37,0,0,0,0,0,0,0,0,0,22,2,0,34,0
l14,7=0,0,0,0,0,0,0,0,30,32,0,17,70,47,0,41,33,43,0,0,30,7,2,56,50,60,0,0,0,0,0,1,0,28,0,0,0,0,30,0
l15,7=0,0,0,0,24,0,0,17,57,56,24,81,67,65,58,0,15,10,0,0,35,9,19,39,25,28,0,0,0,0,0,0,0,0,0,0,34,2,49,0
l16,7=0,0,0,0,0,0,1,0,23,3,17,20,25,33,54,32,0,16,22,20,35,9,26,23,36,28,0,0,0,0,0,19,8,16,0,34,45,11,39,7
l17,7=0,0,0,0,0,0,0,0,42,30,2,20,23,53,66,46,22,0,0,2,42,6,18,20,54,0,0,0,0,0,0,0,0,30,0,0,36,0,40,0
l18,7=0,0,0,0,0,0,0,0,0,0,0,0,0,0,0,0,30,0,0,36,42,11,0,0,0,0,0,0,0,0,0,0,0,0,0,0,0,0,0,0
l19,7=0,0,0,0,0,0,0,0,2,0,0,0,7,0,0,0,21,0,28,0,60,39,57,0,0,0,0,0,22,16,0,31,0,0,0,0,43,0,31,23
l20,7=0,0,0,0,0,0,0,0,0,25,0,1,11,21,35,28,16,7,26,58,0,63,68,0,0,0,14,0,8,0,0,13,0,8,0,49,59,35,49,14
l21,7=0,0,0,0,0,0,0,0,26,30,0,0,14,4,35,33,23,12,24,33,72,0,59,0,21,0,0,0,0,0,0,0,18,0,21,52,56,38,49,49
l22,7=0,0,0,0,0,0,0,0,28,29,0,15,0,18,3,31,26,7,0,57,70,62,0,0,0,0,17,0,0,12,0,23,0,0,0,0,63,36,48,25
l23,7=0,0,0,0,0,0,0,0,0,0,0,14,71,39,77,48,27,7,0,0,0,0,0,0,89,82,0,0,0,0,0,0,13,37,42,0,0,0,0,0
l24,7=0,0,0,0,28,0,0,0,8,1,0,17,86,41,56,36,21,26,0,0,4,2,0,76,0,74,0,0,0,0,0,0,0,31,21,0,0,0,0,0
l25,7=0,0,0,0,0,0,0,0,0,28,0,0,81,40,75,37,14,0,0,0,0,0,0,77,81,0,0,0,0,9,0,4,35,37,0,0,0,0,20,0
l26,7=0,0,0,0,0,0,0,0,0,0,0,0,0,0,0,0,0,0,0,0,39,0,40,0,0,0,0,64,73,82,72,68,83,53,47,0,0,0,0,0
l27,7=0,0,0,0,0,0,0,0,0,0,0,0,0,0,0,0,0,0,0,0,0,0,0,0,0,0,70,0,70,82,86,36,59,0,0,0,0,0,0,0
l28,7=0,0,0,0,0,0,0,0,0,0,0,0,0,0,0,0,0,0,0,32,41,0,0,0,0,0,79,88,0,84,90,57,44,63,35,0,0,0,0,0
l29,7=0,0,0,0,0,0,0,0,0,0,0,0,0,0,0,0,0,0,0,38,0,0,37,0,0,23,75,86,73,0,86,61,76,51,15,0,0,0,0,0
l30,7=0,0,0,0,0,0,0,0,0,0,0,0,0,0,0,0,0,0,0,0,0,0,0,0,0,0,69,86,70,83,0,55,57,35,43,0,0,0,0,0
l31,7=0,0,0,0,0,0,0,0,0,0,0,0,0,0,0,0,21,0,0,41,33,0,19,0,0,0,69,27,53,45,46,0,82,78,72,0,0,0,0,0
l32,7=0,0,0,0,0,0,0,0,0,0,0,0,2,0,0,0,16,0,0,0,0,4,0,24,0,57,66,50,40,59,55,73,0,83,82,0,0,0,0,0
l33,7=0,0,0,0,0,0,0,0,0,0,0,0,66,0,66,0,40,41,0,0,36,0,0,52,66,67,56,0,48,52,47,72,84,0,44,0,0,0,0,0
l34,7=0,0,0,0,0,0,0,0,0,0,0,0,44,0,6,0,15,0,0,0,0,28,0,48,39,0,56,11,36,32,45,64,87,55,0,0,0,0,0,0
l35,7=0,0,0,0,0,0,0,0,0,0,0,0,0,13,0,0,15,0,0,0,42,11,0,0,0,0,0,0,0,0,0,0,0,0,0,0,62,53,50,16
l36,7=0,0,0,0,0,0,0,0,0,0,0,0,0,0,0,21,17,8,0,16,46,8,32,0,0,0,0,0,0,0,0,0,0,0,0,56,0,54,52,53
l37,7=0,0,0,0,0,0,0,0,0,0,0,0,0,0,0,0,6,0,0,0,39,14,23,0,0,0,0,0,0,0,0,0,0,0,0,63,67,0,39,2
l38,7=0,0,0,0,0,0,0,0,0,26,0,21,10,27,30,39,16,9,0,8,47,12,30,0,0,1,0,0,0,0,0,0,0,0,0,52,65,40,0,14
l39,7=0,0,0,0,0,0,0,0,0,0,0,0,0,0,0,0,9,0,0,23,42,31,31,0,0,0,0,0,0,0,0,0,0,0,0,57,68,0,37,0

l0,8=0,100,98,99,97,100,97,81,85,100,98,0,0,83,0,0,0,0,0,0,0,0,0,7,0,0,0,0,0,0,0,0,0,0,0,0,0,0,0,0
l1,8=100,0,100,99,100,100,98,99,94,94,98,0,0,0,0,0,0,0,0,0,0,0,0,0,0,0,0,0,0,0,0,0,0,0,0,0,0,0,0,0
l2,8=100,100,0,99,91,100,99,99,0,92,94,0,0,9,0,74,0,0,0,0,0,0,0,0,0,0,0,0,0,0,0,0,0,0,0,0,0,0,0,0
l3,8=100,99,99,0,100,93,86,84,0,0,71,0,0,0,0,0,0,0,0,0,0,0,0,0,5,0,0,0,0,0,0,0,0,0,0,0,0,0,0,0
l4,8=100,100,86,100,0,100,99,87,98,89,98,0,0,88,0,0,0,0,0,0,0,0,0,39,60,0,0,0,0,0,0,0,0,0,0,0,0,0,0,0
l5,8=100,97,100,94,97,0,99,99,98,96,98,84,28,1,0,0,0,0,0,0,0,0,0,0,0,0,0,0,0,0,0,0,0,0,0,0,0,0,0,0
l6,8=96,92,92,53,93,94,0,93,85,96,95,7,0,69,0,0,51,0,0,0,0,0,0,0,0,0,0,0,0,0,0,0,0,0,0,0,0,0,0,0
l7,8=87,92,90,87,88,94,96,0,96,100,98,20,0,95,0,0,0,39,0,0,0,0,0,0,0,0,0,0,0,0,0,0,0,0,0,0,0,0,0,0
l8,8=70,83,0,15,85,81,69,91,0,100,95,94,0,96,85,89,0,56,0,69,0,0,53,0,5,0,0,0,0,0,0,0,0,0,0,0,0,0,0,0
l9,8=95,53,10,0,48,70,96,93,97,0,98,81,55,96,18,87,55,53,0,0,0,44,6,52,82,0,0,0,0,0,0,0,0,0,0,0,0,0,79,0
l10,8=95,92,88,69,88,94,94,93,97,100,0,91,0,96,0,89,11,0,0,0,0,0,0,0,0,0,0,0,0,0,0,0,0,0,0,0,0,0,0,0
l11,8=0,0,0,0,0,20,14,3,93,95,84,0,100,51,83,96,55,57,0,0,12,30,11,50,74,63,0,0,0,0,0,0,0,0,0,9,26,0,72,0
l12,8=0,0,0,0,0,0,0,0,0,51,0,62,0,0,98,96,62,51,0,0,60,0,0,61,99,96,0,0,0,0,0,0,0,42,20,3,5,0,59,0
l13,8=48,0,0,0,38,0,45,88,98,99,92,44,1,0,85,92,41,43,0,0,62,38,0,50,80,73,0,0,0,0,0,0,0,0,0,22,0,0,75,0
l14,8=0,0,0,0,0,0,0,0,75,34,0,52,100,64,0,85,53,67,0,0,69,40,0,84,96,83,0,0,0,0,0,0,0,0,0,0,26,0,9,0
l15,8=0,0,2,0,0,0,0,0,91,93,88,99,61,72,85,0,53,55,0,0,86,41,36,50,73,52,0,0,0,0,0,0,0,0,0,0,23,0,76,0
l16,8=0,0,0,0,0,0,21,0,0,49,3,60,61,28,73,59,0,47,27,67,83,31,55,27,93,44,0,0,0,0,0,38,0,4,21,16,42,38,66,71
l17,8=0,0,0,0,0,0,0,17,81,60,0,59,60,36,96,93,55,0,0,55,81,16,15,14,72,0,0,0,0,0,0,0,0,33,0,0,8,0,77,35
l18,8=0,0,0,0,0,0,0,0,0,0,0,0,0,0,0,0,68,0,0,66,82,60,0,0,0,0,0,0,0,0,0,0,0,0,0,0,0,0,34,0
l19,8=0,0,0,0,0,0,0,0,46,0,0,0,2,0,0,0,70,36,35,0,92,67,81,0,0,0,12,0,33,0,0,69,0,0,0,18,59,0,0,73
l20,8=0,0,0,0,0,0,0,0,0,0,0,0,29,24,43,38,42,33,36,89,0,87,91,0,0,0,16,0,1,0,0,1,0,0,0,31,41,60,72,49
l21,8=0,0,0,0,0,0,0,0,0,41,0,32,14,35,48,49,41,15,23,64,93,0,91,0,0,0,0,0,0,0,0,11,0,1,0,34,37,50,79,66
l22,8=0,0,0,0,0,0,0,0,51,22,0,6,0,0,0,40,75,33,0,82,93,84,0,0,0,0,0,0,0,52,0,49,0,0,0,51,74,51,76,49
l23,8=0,0,0,0,0,0,0,0,0,69,0,50,92,66,94,75,50,40,0,0,0,0,0,0,99,96,0,0,0,0,0,0,74,67,60,0,0,0,0,0
l24,8=0,0,0,24,7,0,0,0,0,61,0,50,100,63,97,70,91,50,0,0,0,0,0,96,0,93,0,0,0,0,0,35,0,26,28,0,11,0,0,0
l25,8=0,0,0,0,0,0,0,0,0,0,0,48,100,65,88,46,48,0,0,0,0,0,0,96,93,0,0,0,0,65,0,45,78,75,55,0,0,0,15,0
l26,8=0,0,0,0,0,0,0,0,0,0,0,0,0,0,0,0,0,0,0,45,66,0,0,0,0,0,0,88,95,94,83,91,90,80,79,0,0,0,0,0
l27,8=0,0,0,0,0,0,0,0,0,0,0,0,0,0,0,0,0,0,0,0,0,0,0,0,0,0,91,0,95,94,92,0,81,0,73,0,0,0,0,0
l28,8=0,0,0,0,0,0,0,0,0,0,0,0,0,0,0,0,0,0,0,73,68,0,0,0,0,0,92,92,0,94,92,91,74,86,72,0,0,0,0,0
l29,8=0,0,0,0,0,0,0,0,0,0,0,0,0,0,0,0,0,0,0,0,0,0,64,0,0,63,92,92,96,0,92,90,71,69,67,0,0,0,0,0
l30,8=0,0,0,0,0,0,0,0,0,0,0,0,0,0,0,0,0,0,0,0,0,0,0,0,0,0,82,92,95,94,0,79,84,72,0,0,0,0,0,0
l31,8=0,0,0,0,0,0,0,0,0,0,0,0,0,0,1,0,61,0,0,64,40,0,61,0,44,34,91,0,88,86,66,0,91,89,87,0,0,0,0,0
l32,8=0,0,0,0,0,0,0,0,0,0,0,0,1,0,0,0,0,0,0,0,0,0,0,73,0,71,89,77,69,70,76,95,0,92,92,0,0,0,0,0
l33,8=0,0,0,0,0,0,0,0,0,0,0,0,76,0,0,0,11,73,0,0,2,0,0,74,52,76,77,0,79,74,74,95,94,0,78,0,0,0,0,0
l34,8=0,0,0,0,0,0,0,0,0,0,0,0,55,0,0,0,64,0,0,0,0,0,0,74,66,74,76,51,78,74,0,92,95,78,0,0,0,0,0,0
l35,8=0,0,0,0,0,0,0,0,0,0,0,1,20,16,0,0,24,0,0,16,39,28,26,0,0,0,0,0,0,0,0,0,0,0,0,0,65,62,68,58
l36,8=0,0,0,0,0,0,0,0,0,0,0,20,14,0,24,27,25,8,0,37,54,26,41,0,5,0,0,0,0,0,0,0,0,0,0,47,0,53,68,62
l37,8=0,0,0,0,0,0,0,0,0,0,0,0,0,0,0,0,21,0,0,0,45,22,24,0,0,0,0,0,0,0,0,0,0,0,0,43,34,0,58,42
l38,8=0,0,0,0,0,0,0,0,0,41,0,33,24,40,0,40,35,33,0,0,67,45,36,0,0,0,0,0,0,0,0,0,0,0,0,56,71,57,0,46
l39,8=0,0,0,0,0,0,0,0,0,0,0,0,0,0,0,0,68,0,0,61,75,65,63,0,0,0,0,0,0,0,0,0,0,0,0,76,65,53,62,0

l0,9=0,100,100,100,100,100,100,99,0,98,100,0,0,0,0,0,0,0,0,0,0,0,0,0,0,0,0,0,0,0,0,0,0,0,0,0,0,0,0,0
l1,9=100,0,100,100,100,99,100,100,99,98,100,0,0,0,0,0,0,0,0,0,0,0,0,1,0,0,0,0,0,0,0,0,0,0,0,0,0,0,0,0
l2,9=100,100,0,100,99,100,100,99,0,60,71,0,31,0,0,2,0,0,0,0,0,0,0,0,0,0,0,0,0,0,0,0,0,0,0,0,0,0,0,0
l3,9=100,100,100,0,100,100,95,96,0,65,87,0,0,0,0,0,0,0,0,0,0,0,0,0,0,0,0,0,0,0,0,0,0,0,0,0,0,0,0,0
l4,9=100,100,99,100,0,99,97,99,99,93,100,0,0,0,69,0,0,0,0,0,0,0,0,0,0,0,0,0,0,0,0,0,0,0,0,0,0,0,0,0
l5,9=99,99,100,100,98,0,100,73,99,98,100,0,0,87,0,0,0,0,0,0,0,0,0,0,0,0,0,0,0,0,0,0,0,0,0,0,0,0,0,0
l6,9=76,93,99,92,90,99,0,100,83,95,100,0,0,90,0,0,69,0,0,0,0,0,0,0,0,0,0,0,0,0,0,0,0,0,0,0,0,0,0,0
l7,9=66,99,84,99,99,87,100,0,99,99,100,54,16,99,0,76,0,0,0,0,0,0,0,0,0,0,0,0,0,0,0,0,0,0,0,0,0,0,0,0
l8,9=0,91,0,0,97,96,95,99,0,98,62,97,0,99,0,88,72,54,0,80,0,0,35,0,0,0,0,0,0,0,0,0,0,0,0,0,0,0,0,0
l9,9=98,95,73,83,91,94,99,100,99,0,100,100,67,100,92,97,95,0,0,0,0,0,3,32,1,0,0,0,0,0,0,0,0,0,0,0,0,0,0,0
l10,9=95,99,96,97,99,100,100,100,99,98,0,25,68,98,7,99,74,77,0,0,11,0,3,19,0,0,0,0,0,0,0,0,0,0,0,0,0,0,0,0
l11,9=0,0,0,0,0,0,0,20,78,33,24,0,99,73,95,100,78,59,0,0,87,65,5,36,82,86,0,0,0,0,0,0,0,0,0,0,79,1,55,0
l12,9=0,0,0,0,0,0,0,0,0,9,2,92,0,67,99,99,82,97,0,0,87,18,14,58,89,99,0,0,0,0,0,0,0,5,25,0,84,0,57,0
l13,9=0,0,0,22,0,72,84,98,98,99,34,99,92,0,86,98,82,0,0,50,87,67,1,36,83,90,0,0,0,0,0,0,0,0,0,0,64,0,57,0
l14,9=0,0,0,0,65,0,0,0,0,34,1,93,99,68,0,98,82,68,0,0,89,69,27,100,100,37,0,0,0,0,0,0,0,7,2,0,70,0,1,0
l15,9=0,0,0,0,0,0,0,23,66,34,36,100,97,72,99,0,82,59,0,0,82,65,31,36,86,0,0,0,0,0,0,0,0,0,0,0,83,31,57,0
l16,9=0,0,0,0,0,0,42,0,56,31,27,88,95,67,88,95,0,58,32,85,95,61,35,34,87,83,0,0,0,0,0,13,0,33,66,0,77,25,58,86
l17,9=0,0,0,0,0,0,0,0,64,0,32,89,99,0,100,100,83,0,0,86,81,66,35,0,1,78,0,0,0,0,0,0,0,37,0,0,0,0,57,88
l18,9=0,0,0,0,0,0,0,0,0,0,0,0,0,0,0,0,81,0,0,0,15,67,19,0,0,0,0,0,0,0,0,0,0,0,0,0,0,0,0,0
l19,9=0,0,0,0,0,0,0,0,23,0,0,0,0,4,0,0,82,53,0,0,88,86,88,0,0,0,72,0,21,0,0,67,0,0,0,0,70,16,41,87
l20,9=0,0,0,0,0,0,0,0,0,0,0,59,72,50,70,70,81,34,16,95,0,97,93,0,0,0,49,0,0,0,0,20,0,0,54,84,84,61,75,87
l21,9=0,0,0,0,0,0,0,0,0,0,0,55,63,54,70,73,58,46,22,88,97,0,93,0,18,0,0,0,0,0,0,0,0,22,0,90,73,58,57,87
l22,9=0,0,0,0,0,0,0,0,54,17,0,0,66,0,39,71,76,74,3,86,97,88,0,0,0,0,63,0,0,48,0,36,0,0,0,87,86,55,91,0
l23,9=0,0,0,0,0,0,0,0,0,31,0,88,99,72,100,95,81,0,0,0,0,0,0,0,100,100,0,0,0,0,0,0,33,42,73,0,0,0,0,0
l24,9=0,0,0,0,0,0,0,0,0,1,0,88,99,71,100,98,98,0,0,0,1,2,0,100,0,100,0,0,0,0,0,0,0,41,53,0,84,0,0,0
l25,9=0,0,0,1,0,0,0,0,0,0,0,85,99,70,54,0,88,46,0,0,0,0,0,100,100,0,0,0,0,27,0,0,36,98,58,0,0,0,45,0
l26,9=0,0,0,0,0,0,0,0,0,0,0,0,0,0,0,0,0,0,0,72,39,0,65,0,0,0,0,80,99,98,94,93,96,76,73,0,0,0,0,0
l27,9=0,0,0,0,0,0,0,0,0,0,0,0,0,0,0,0,0,0,0,0,0,0,0,0,0,0,90,0,99,98,99,88,71,0,0,0,0,0,0,0
l28,9=0,0,0,0,0,0,0,0,0,0,0,0,0,0,0,0,0,0,0,70,0,0,0,0,0,0,98,100,0,98,97,79,0,74,9,0,0,0,0,0
l29,9=0,0,0,0,0,0,0,0,0,0,0,0,0,0,0,0,0,0,0,0,7,0,74,0,0,3,98,100,99,0,98,90,47,73,74,0,0,0,0,0
l30,9=0,0,0,0,0,0,0,0,0,0,0,0,0,0,0,0,0,0,0,0,0,0,0,0,0,0,97,100,99,98,0,88,77,53,75,0,0,0,0,0
l31,9=0,0,0,0,0,0,0,0,0,0,0,0,0,0,0,0,0,0,0,30,11,0,21,0,0,0,96,75,93,92,90,0,99,99,100,0,0,0,0,0
l32,9=0,0,0,0,0,0,0,0,0,0,0,0,0,0,0,0,0,0,0,0,0,0,0,48,0,74,98,13,0,22,92,99,0,99,100,0,0,0,0,0
l33,9=0,0,0,0,0,0,0,0,0,0,0,0,33,0,0,0,30,40,0,0,4,21,0,98,99,98,88,0,97,36,35,99,100,0,99,0,0,0,0,0
l34,9=0,0,0,0,0,0,0,0,0,0,0,0,54,0,2,0,90,0,0,0,63,0,0,99,48,75,96,0,3,94,93,99,100,99,0,0,0,0,0,0
l35,9=0,0,0,0,0,0,0,0,0,0,0,0,0,0,0,0,0,0,0,0,71,66,32,0,0,0,0,0,0,0,0,0,0,0,0,0,89,61,87,79
l36,9=0,0,0,0,0,0,0,0,0,0,0,28,25,6,18,55,28,0,0,46,81,45,30,0,42,0,0,0,0,0,0,0,0,0,0,90,0,64,51,83
l37,9=0,0,0,0,0,0,0,0,0,0,0,0,0,0,0,3,0,0,0,16,78,51,22,0,0,0,0,0,0,0,0,0,0,0,0,88,88,0,56,84
l38,9=0,0,0,0,0,0,0,0,0,0,0,28,66,44,0,75,69,23,0,50,86,67,34,0,0,2,0,0,0,0,0,0,0,0,0,90,88,61,0,87
l39,9=0,0,0,0,0,0,0,0,0,0,0,0,0,0,0,0,61,42,0,81,82,68,8,0,0,0,0,0,0,0,0,0,0,0,0,84,79,59,53,0

l0,10=0,94,90,94,89,76,0,77,29,80,74,0,0,0,0,0,0,0,0,0,0,0,0,0,0,0,0,0,0,0,0,0,0,0,0,0,0,0,0,0
l1,10=90,0,87,91,86,86,86,76,70,75,69,0,0,0,0,0,0,0,0,0,0,0,0,0,0,0,0,0,0,0,0,0,0,0,0,0,0,0,0,0
l2,10=86,88,0,88,83,86,87,81,67,86,82,0,2,0,0,0,0,0,0,0,0,0,0,0,0,0,0,0,0,0,0,0,0,0,0,0,0,0,0,0
l3,10=94,92,87,0,93,85,75,68,0,72,57,0,0,0,0,0,0,0,0,0,0,0,0,0,0,1,0,0,0,0,0,0,0,0,0,0,0,0,0,0
l4,10=89,86,84,92,0,86,78,79,78,74,83,0,0,0,57,0,0,0,0,0,0,0,0,0,0,0,0,0,0,0,0,0,0,0,0,0,0,0,0,0
l5,10=83,87,90,86,89,0,87,85,77,86,85,0,0,72,0,0,0,0,0,0,0,0,0,0,0,0,0,0,0,0,0,0,0,0,0,0,0,0,0,0
l6,10=0,85,86,77,74,83,0,85,79,86,79,0,0,67,0,6,10,0,0,0,0,0,0,0,0,0,0,0,0,0,0,0,0,0,0,0,0,0,0,0
l7,10=79,78,67,76,81,84,87,0,85,86,85,62,52,81,18,0,0,0,0,0,0,0,0,0,0,0,0,0,0,0,0,0,0,0,0,0,0,0,0,0
l8,10=13,33,10,20,62,41,66,81,0,91,66,80,62,81,14,76,18,68,0,38,0,0,65,41,0,0,0,0,0,0,0,0,0,0,0,0,0,0,0,0
l9,10=66,43,60,63,43,44,80,85,85,0,85,76,69,81,44,69,0,0,0,0,0,24,0,21,33,0,0,0,0,0,0,0,0,0,0,0,0,0,0,0
l10,10=69,62,64,62,77,70,77,85,67,86,0,61,0,75,0,69,0,60,0,0,0,0,0,8,0,0,0,0,0,0,0,0,0,0,0,0,0,0,0,0
l11,10=0,0,0,0,0,0,0,52,77,78,66,0,82,82,81,87,47,86,0,0,51,59,0,46,59,69,0,0,0,0,0,0,0,0,0,45,57,0,29,0
l12,10=0,0,0,0,0,0,0,0,59,67,0,89,0,76,97,86,89,96,0,0,66,66,0,68,100,99,0,0,0,0,0,0,0,4,0,16,0,0,36,0
l13,10=0,0,0,0,0,34,47,73,84,86,74,82,77,0,45,77,57,29,0,17,53,52,0,41,56,55,0,0,0,0,0,0,0,0,0,0,0,0,29,0
l14,10=0,0,0,0,32,0,0,0,7,72,0,86,95,76,0,47,62,87,0,0,27,45,65,48,96,85,0,0,0,0,0,0,0,35,0,0,68,0,34,0
l15,10=0,0,0,0,0,0,4,0,76,75,75,90,89,81,50,0,57,83,0,41,55,3,38,3,57,42,0,0,0,0,0,0,0,0,0,0,18,0,30,0
l16,10=0,0,0,0,0,0,1,0,14,0,0,62,90,66,48,41,0,88,21,49,70,66,59,41,72,4,0,0,0,0,0,0,0,0,17,11,59,54,49,33
l17,10=0,0,0,0,0,0,1,0,66,0,67,87,96,55,63,52,63,0,0,53,66,77,70,0,54,43,0,0,0,0,0,0,0,0,0,0,68,0,43,26
l18,10=0,0,0,0,0,0,0,0,0,0,0,0,0,0,0,0,52,0,0,68,80,80,0,0,0,0,0,0,0,0,0,0,0,0,0,0,0,0,0,0
l19,10=0,0,0,0,0,0,0,0,33,0,0,0,0,7,0,27,41,52,50,0,82,76,79,0,0,0,58,0,0,0,0,44,2,0,0,50,0,43,0,61
l20,10=0,0,0,0,0,0,0,0,0,0,0,44,60,52,0,23,57,49,49,80,0,91,92,0,0,0,0,0,0,0,0,0,26,0,0,75,76,58,49,46
l21,10=0,0,0,0,0,0,0,0,0,42,0,56,64,46,22,3,55,68,57,61,91,0,89,0,0,0,0,0,0,0,0,0,0,23,0,68,48,55,44,43
l22,10=0,0,0,0,0,0,0,0,49,3,0,0,0,0,31,27,44,55,0,70,88,82,0,0,0,0,53,0,0,33,0,52,0,0,0,68,66,46,82,46
l23,10=0,0,0,0,0,0,0,0,75,44,0,80,95,76,57,0,58,0,0,0,0,0,0,0,100,99,0,0,0,0,0,13,58,45,0,0,0,0,0,0
l24,10=0,0,0,0,0,0,0,0,0,55,0,85,95,82,98,47,94,83,0,0,0,0,0,99,0,97,0,0,0,0,0,0,0,43,30,0,0,0,19,0
l25,10=0,0,0,52,0,0,0,0,0,0,0,83,95,71,97,38,19,69,0,0,0,0,0,99,100,0,39,0,0,0,0,68,49,95,51,0,0,0,32,0
l26,10=0,0,0,0,0,0,0,0,0,0,0,0,0,0,0,0,0,0,0,51,0,0,48,0,0,26,0,68,96,99,99,97,94,55,70,0,0,0,0,0
l27,10=0,0,0,0,0,0,0,0,0,0,0,0,0,0,0,0,0,0,0,0,0,0,0,0,0,0,78,0,92,99,100,82,0,0,76,0,0,0,0,0
l28,10=0,0,0,0,0,0,0,0,0,0,0,0,0,0,0,0,0,0,0,0,0,0,0,0,0,0,93,94,0,99,98,80,51,70,64,0,0,0,0,0
l29,10=0,0,0,0,0,0,0,0,0,0,0,0,0,0,0,0,0,0,0,0,10,0,42,0,0,0,90,95,96,0,100,81,49,0,66,0,0,0,0,0
l30,10=0,0,0,0,0,0,0,0,0,0,0,0,0,0,0,0,0,0,0,0,0,0,0,0,0,0,90,96,96,99,0,87,73,50,78,0,0,0,0,0
l31,10=0,0,0,0,0,0,0,0,0,0,0,0,0,0,0,0,0,0,0,50,0,0,51,25,0,54,93,68,83,99,97,0,100,100,99,0,0,0,0,0
l32,10=0,0,0,0,0,0,0,0,0,0,0,0,0,0,0,0,0,0,0,8,55,0,0,81,0,60,92,0,54,73,77,99,0,100,100,0,0,0,0,0
l33,10=0,0,0,0,0,0,0,0,0,0,0,0,59,0,46,0,0,0,0,0,0,60,0,95,95,98,86,0,91,17,82,100,100,0,99,0,0,0,0,0
l34,10=0,0,0,0,0,0,0,0,0,0,0,0,41,0,0,0,80,0,0,0,47,0,0,4,46,77,90,56,42,77,82,100,100,100,0,0,0,0,0,0
l35,10=0,0,0,0,0,0,0,0,0,0,0,4,30,0,0,0,3,0,0,36,67,63,60,0,0,0,0,0,0,0,0,0,0,0,0,0,73,61,44,39
l36,10=0,0,0,0,0,0,0,0,0,0,0,51,0,0,12,0,20,62,0,0,72,55,66,0,0,0,0,0,0,0,0,0,0,0,0,84,0,66,48,46
l37,10=0,0,0,0,0,0,0,0,0,0,0,0,0,0,0,0,46,0,0,38,67,68,58,0,0,0,0,0,0,0,0,0,0,0,0,73,74,0,41,42
l38,10=0,0,0,0,0,0,0,0,0,0,0,40,65,50,6,7,60,66,0,0,78,72,74,0,8,10,0,0,0,0,0,0,0,0,0,80,80,61,0,45
l39,10=0,0,0,0,0,0,0,0,0,0,0,0,0,0,0,0,54,32,0,53,74,75,65,0,0,0,0,0,0,0,0,0,0,0,0,66,73,58,47,0

l0,11=0,88,84,90,89,75,45,67,44,61,0,0,0,0,0,0,0,0,0,0,0,0,0,0,0,0,0,0,0,0,0,0,0,0,0,0,0,0,0,0
l1,11=90,0,86,71,77,78,78,79,52,61,69,34,0,17,0,0,0,0,0,0,0,0,0,0,0,0,0,0,0,0,0,0,0,0,0,0,0,0,0,0
l2,11=86,85,0,85,84,81,34,78,51,64,63,0,0,0,0,0,0,0,0,0,0,0,0,0,0,0,0,0,0,0,0,0,0,0,0,0,0,0,0,0
l3,11=93,62,84,0,90,79,21,0,0,56,62,0,0,0,0,0,0,0,0,0,0,0,0,0,0,0,0,0,0,0,0,0,0,0,0,0,0,0,0,0
l4,11=84,75,78,87,0,71,75,68,0,58,66,0,0,0,46,0,0,0,0,0,0,0,0,53,0,0,0,0,0,0,0,0,0,0,0,0,0,0,0,0
l5,11=84,84,85,84,83,0,78,86,45,85,59,0,0,37,0,0,0,0,0,0,0,0,0,0,0,0,0,0,0,0,0,0,0,0,0,0,0,0,0,0
l6,11=51,83,16,21,83,79,0,86,40,85,80,36,0,59,0,59,48,0,0,0,0,0,0,0,0,0,0,0,0,0,0,0,0,0,0,0,0,0,0,0
l7,11=73,83,75,59,80,77,78,0,73,86,86,58,56,81,0,57,0,0,0,0,0,0,0,0,0,0,0,0,0,0,0,0,0,0,0,0,0,0,0,0
l8,11=56,29,16,0,0,57,49,47,0,91,66,58,38,82,42,73,0,59,0,33,0,0,0,55,57,0,0,0,0,0,0,0,0,0,0,0,0,0,0,0
l9,11=62,31,15,21,61,73,76,86,79,0,84,58,36,81,0,62,27,2,0,0,0,23,0,5,37,0,0,0,0,0,0,0,0,0,0,0,0,0,0,0
l10,11=0,56,22,62,70,51,68,86,64,89,0,56,0,69,0,56,0,22,0,0,0,0,0,0,0,0,0,0,0,0,0,0,0,0,0,0,0,0,0,0
l11,11=0,20,0,0,0,0,37,36,43,44,45,0,45,78,76,88,71,84,0,0,5,13,41,76,74,60,0,0,0,0,0,0,0,0,0,44,0,0,22,0
l12,11=0,0,0,0,0,0,0,21,42,43,0,77,0,67,94,86,83,95,0,0,22,18,48,77,97,100,0,0,0,0,0,0,0,0,0,0,0,0,23,0
l13,11=0,0,0,0,0,26,43,49,81,85,46,72,41,0,57,83,67,75,0,22,18,16,0,61,65,54,0,0,0,0,0,0,0,0,0,0,0,0,17,0
l14,11=0,0,0,0,32,0,0,0,2,0,0,52,84,47,0,44,83,87,0,0,0,9,8,84,0,86,0,0,0,0,0,0,0,24,12,53,47,0,20,0
l15,11=0,0,0,0,0,0,38,28,45,45,46,87,48,87,43,0,76,83,0,38,22,15,27,26,34,65,0,0,0,0,0,0,0,0,0,28,46,0,22,0
l16,11=0,0,0,0,0,0,27,0,0,19,0,37,49,56,79,76,0,88,2,24,24,21,47,59,90,40,0,0,0,0,0,0,1,8,23,1,66,65,24,17
l17,11=0,0,0,0,0,0,0,0,34,20,13,51,53,64,87,84,88,0,0,0,22,21,54,71,72,0,0,0,0,0,0,0,0,0,0,0,67,0,20,4
l18,11=0,0,0,0,0,0,0,0,0,0,0,0,0,0,0,0,40,0,0,68,54,64,43,0,0,0,0,0,0,0,0,0,0,0,0,0,0,0,0,0
l19,11=0,0,0,0,0,0,0,0,21,0,0,0,0,7,0,45,36,0,49,0,70,63,60,0,0,0,43,0,0,0,0,11,0,0,0,42,40,44,0,31
l20,11=0,0,0,0,0,0,0,0,0,0,0,0,31,42,0,54,71,54,50,78,0,90,78,0,0,0,22,0,0,0,0,0,2,5,0,64,74,61,21,19
l21,11=0,0,0,0,0,0,0,0,0,35,0,31,33,42,45,52,71,55,52,70,85,0,78,0,0,0,0,0,0,0,0,0,0,0,0,36,47,56,77,18
l22,11=0,0,0,0,0,0,0,0,0,0,0,31,30,0,1,37,52,48,2,59,83,82,0,0,0,0,42,0,0,0,0,11,0,0,0,55,59,45,73,34
l23,11=0,0,0,0,56,0,0,0,21,10,0,46,68,60,84,20,70,59,0,0,0,0,0,0,95,100,0,0,0,0,0,15,17,29,1,0,0,0,0,0
l24,11=0,0,0,0,0,0,0,0,22,24,0,41,86,67,0,22,91,77,0,0,0,0,0,93,0,95,0,0,0,0,0,0,0,1,0,0,0,0,0,0
l25,11=0,0,0,0,0,0,0,0,0,0,0,32,86,47,88,46,47,0,0,0,0,0,0,94,95,0,0,0,0,0,0,32,18,84,0,0,0,0,0,0
l26,11=0,0,0,0,0,0,0,0,0,0,0,0,0,0,0,0,0,0,0,54,22,0,54,0,0,0,0,74,94,87,91,90,89,65,62,0,0,0,0,0
l27,11=0,0,0,0,0,0,0,0,0,0,0,0,0,0,0,0,0,0,0,0,0,0,0,0,0,0,78,0,90,92,97,77,0,0,30,0,0,0,0,0
l28,11=0,0,0,0,0,0,0,0,0,0,0,0,0,0,0,0,0,0,0,0,21,0,0,0,0,0,83,94,0,93,97,80,42,0,28,0,0,0,0,0
l29,11=0,0,0,0,0,0,0,0,0,0,0,0,0,0,0,0,0,0,0,0,1,0,0,0,0,0,82,96,94,0,97,87,32,32,30,0,0,0,0,0
l30,11=0,0,0,0,0,0,0,0,0,0,0,0,0,0,0,0,0,0,0,0,0,0,0,0,0,0,83,96,94,93,0,84,62,82,58,0,0,0,0,0
l31,11=0,0,0,0,0,0,0,0,0,0,0,0,0,0,0,0,3,0,0,27,0,0,35,24,0,46,83,69,81,86,85,0,93,100,100,0,0,0,0,0
l32,11=0,0,0,0,0,0,0,0,0,0,0,0,0,0,0,0,7,0,0,0,9,0,0,31,0,33,83,0,47,33,54,91,0,100,100,0,0,0,0,0
l33,11=0,0,0,0,0,0,0,0,0,0,0,0,0,0,80,0,17,0,0,0,24,0,0,81,21,97,75,0,0,69,95,97,99,0,100,0,0,0,0,0
l34,11=0,0,0,0,0,0,0,0,0,0,0,0,7,0,25,0,71,0,0,0,0,0,0,25,0,0,82,76,53,78,83,97,99,100,0,0,0,0,0,0
l35,11=0,0,0,0,0,0,0,0,0,0,0,13,0,0,23,12,0,0,0,21,18,3,53,0,0,0,0,0,0,0,0,0,0,0,0,0,81,69,21,17
l36,11=0,0,0,0,0,0,0,0,0,0,0,0,0,0,21,47,65,60,0,4,23,4,53,0,0,0,0,0,0,0,0,0,0,0,0,80,0,76,24,24
l37,11=0,0,0,0,0,0,0,0,0,0,0,0,0,0,0,0,59,0,0,19,18,16,29,0,0,0,0,0,0,0,0,0,0,0,0,66,76,0,19,20
l38,11=0,0,0,0,0,0,0,0,0,0,0,33,39,30,47,52,76,42,0,0,21,23,63,0,0,0,0,0,0,0,0,0,0,0,0,68,82,68,0,25
l39,11=0,0,0,0,0,0,0,0,0,0,0,0,0,0,0,0,59,0,0,49,22,19,55,0,0,0,0,0,0,0,0,0,0,0,0,64,79,69,83,0

l0,12=0,89,89,90,88,91,73,71,1,62,56,0,0,0,0,0,0,0,0,0,0,0,0,0,0,0,0,0,0,0,0,0,0,0,0,0,0,0,0,0
l1,12=91,0,82,81,81,85,87,85,0,56,70,55,0,0,0,0,0,0,0,0,0,0,0,0,0,0,0,0,0,0,0,0,0,0,0,0,0,0,0,0
l2,12=89,84,0,83,80,91,88,67,38,71,71,0,0,0,0,0,0,0,0,0,0,0,0,0,0,0,0,0,0,0,0,0,0,0,0,0,0,0,0,0
l3,12=92,82,84,0,88,89,0,61,0,0,62,0,0,0,0,0,0,0,0,0,0,0,0,0,0,0,0,0,0,0,0,0,0,0,0,0,0,0,0,0
l4,12=92,83,83,87,0,63,81,71,59,58,47,0,0,0,39,0,0,0,0,0,0,0,0,65,0,0,0,0,0,0,0,0,0,0,0,0,0,0,0,0
l5,12=86,87,87,81,74,0,87,87,73,80,73,0,0,63,0,0,0,0,0,0,0,0,0,43,0,0,0,0,0,0,0,0,0,0,0,0,0,0,0,0
l6,12=82,87,86,33,81,83,0,87,66,41,82,68,0,46,15,68,0,0,0,0,0,0,0,0,0,0,0,0,0,0,0,0,0,0,0,0,0,0,0,0
l7,12=79,87,41,59,81,86,87,0,78,80,84,60,46,80,0,4,0,0,0,0,0,0,0,0,0,0,0,0,0,0,0,0,0,0,0,0,0,0,0,0
l8,12=5,0,36,30,52,67,71,76,0,83,80,62,54,85,17,67,48,39,0,48,0,51,0,15,38,0,0,0,0,0,0,0,0,0,0,0,0,0,0,0
l9,12=63,55,41,0,48,86,60,87,79,0,83,63,50,84,0,60,52,20,0,0,51,55,0,0,12,0,0,0,0,0,0,0,0,0,0,0,0,0,0,0
l10,12=62,60,55,65,45,56,80,90,78,82,0,60,2,81,0,63,0,0,0,0,0,0,0,0,0,0,0,0,0,0,0,0,0,0,0,0,0,0,0,0
l11,12=0,56,0,0,0,0,76,12,42,52,67,0,65,79,49,88,71,71,0,0,56,62,61,55,51,35,0,0,0,0,0,0,0,0,0,29,21,0,41,0
l12,12=0,0,0,0,0,0,0,0,35,48,0,80,0,48,96,87,84,86,0,0,66,64,62,78,98,100,0,0,0,0,0,0,0,46,0,0,0,0,49,0
l13,12=0,0,0,0,0,51,67,46,79,79,73,80,61,0,50,85,74,62,0,0,55,53,0,74,61,42,0,0,0,0,0,0,0,0,0,0,0,0,0,0
l14,12=0,0,0,0,44,0,5,0,5,0,0,70,94,48,0,81,87,62,0,0,0,64,0,83,98,47,0,0,0,0,0,0,0,54,68,47,33,0,41,0
l15,12=0,0,0,0,0,0,77,0,42,52,71,87,87,88,50,0,76,74,0,43,61,66,7,57,77,53,0,0,0,0,0,0,0,0,0,0,0,0,46,0
l16,12=0,0,0,0,0,0,0,0,2,18,0,65,64,46,55,81,0,71,32,40,67,77,63,39,91,30,0,0,0,0,0,0,0,1,0,32,45,27,54,17
l17,12=0,0,0,0,0,0,0,0,8,22,0,84,73,46,54,87,89,0,0,32,66,74,64,64,52,0,0,0,0,0,0,0,0,30,0,0,40,0,42,0
l18,12=0,0,0,0,0,0,0,0,0,0,0,0,0,0,0,0,64,0,0,69,70,54,0,0,0,0,0,0,0,0,0,0,0,0,0,0,0,0,0,0
l19,12=0,0,0,0,0,0,0,0,22,0,0,0,0,0,0,53,54,36,49,0,82,81,78,0,0,0,38,0,38,0,0,45,26,0,0,44,0,0,30,69
l20,12=0,0,0,0,0,0,0,0,0,35,0,43,42,32,0,52,68,45,49,82,0,93,88,0,0,0,33,0,2,0,0,29,0,0,0,61,77,34,81,39
l21,12=0,0,0,0,0,0,0,0,21,40,0,51,42,33,38,60,76,69,48,82,90,0,88,0,48,0,33,0,0,0,0,0,0,0,0,59,39,33,84,46
l22,12=0,0,0,0,0,0,0,0,0,0,0,44,35,0,0,5,60,43,0,79,90,92,0,0,2,0,34,0,0,0,0,0,0,0,0,62,50,0,67,43
l23,12=0,0,0,0,56,2,0,0,0,0,0,50,65,47,59,56,51,51,0,0,0,0,0,0,98,100,0,0,0,0,0,58,38,56,0,0,0,0,0,0
l24,12=0,0,0,0,0,0,0,0,12,15,0,49,94,43,97,82,91,49,0,0,0,60,1,98,0,99,0,0,0,0,0,10,65,0,0,0,13,0,41,0
l25,12=0,0,0,0,0,0,0,0,0,0,0,53,94,28,51,63,75,1,0,0,0,0,0,98,98,0,0,0,0,0,0,73,56,67,85,0,0,0,0,0
l26,12=0,0,0,0,0,0,0,0,0,0,0,0,0,0,0,0,0,0,0,57,57,23,60,0,0,0,0,75,93,81,94,89,83,52,69,0,0,0,0,0
l27,12=0,0,0,0,0,0,0,0,0,0,0,0,0,0,0,0,0,0,0,0,0,0,0,0,0,0,73,0,89,94,95,77,0,18,16,0,0,0,0,0
l28,12=0,0,0,0,0,0,0,0,0,0,0,0,0,0,0,0,0,0,0,46,49,0,0,0,0,0,85,97,0,96,95,77,68,52,63,0,0,0,0,0
l29,12=0,0,0,0,0,0,0,0,0,0,0,0,0,0,0,0,0,0,0,0,0,0,0,0,0,0,78,97,93,0,95,85,78,53,70,0,0,0,0,0
l30,12=0,0,0,0,0,0,0,0,0,0,0,0,0,0,0,0,0,0,0,0,0,0,0,0,0,0,84,97,93,96,0,80,78,43,29,0,0,0,0,0
l31,12=0,0,0,0,0,0,0,0,0,0,0,0,0,0,0,0,0,0,0,72,66,0,0,53,38,82,85,86,86,89,95,0,96,100,100,0,0,0,0,0
l32,12=0,0,0,0,0,0,0,0,0,0,0,0,0,0,0,0,0,0,0,34,0,0,0,47,67,70,82,0,88,90,88,94,0,100,100,0,0,0,0,0
l33,12=0,0,0,0,0,0,0,0,0,0,0,0,59,0,51,0,1,17,0,0,0,0,0,45,0,88,73,25,70,72,77,100,96,0,100,0,0,0,0,0
l34,12=0,0,0,0,0,0,0,0,0,0,0,0,0,0,63,0,9,0,0,0,0,0,0,2,0,90,85,54,83,90,77,100,96,100,0,0,0,0,0,0
l35,12=0,0,0,0,0,0,0,0,0,0,0,5,0,0,9,0,21,0,0,11,51,32,68,0,0,0,0,0,0,0,0,0,0,0,0,0,84,47,55,34
l36,12=0,0,0,0,0,0,0,0,0,0,0,17,0,0,12,0,69,38,0,0,75,66,75,0,1,0,0,0,0,0,0,0,0,0,0,84,0,52,58,45
l37,12=0,0,0,0,0,0,0,0,0,0,0,0,0,0,0,0,58,0,0,0,57,64,0,0,0,0,0,0,0,0,0,0,0,0,0,80,51,0,36,42
l38,12=0,0,0,0,0,0,0,0,0,0,0,41,38,0,17,38,76,30,0,27,72,82,74,0,43,0,0,0,0,0,0,0,0,0,0,84,51,23,0,44
l39,12=0,0,0,0,0,0,0,0,0,0,0,0,0,0,0,0,55,0,0,70,61,69,77,0,0,0,0,0,0,0,0,0,0,0,0,63,76,42,58,0

l0,13=0,95,92,96,94,91,94,91,82,82,83,0,0,0,0,0,0,0,0,0,0,0,0,0,0,0,0,0,0,0,0,0,0,0,0,0,0,0,0,0
l1,13=94,0,92,97,94,91,89,85,2,43,78,0,0,0,0,0,0,0,0,0,0,0,0,0,0,0,0,0,0,0,0,0,0,0,0,0,0,0,0,0
l2,13=94,95,0,95,94,91,94,79,0,87,88,0,0,18,0,0,0,0,0,0,0,0,0,0,0,0,0,0,0,0,0,0,0,0,0,0,0,0,0,0
l3,13=97,95,92,0,98,91,92,87,1,0,85,0,0,0,0,0,0,0,0,0,0,0,0,0,3,0,0,0,0,0,0,0,0,0,0,0,0,0,0,0
l4,13=94,95,88,96,0,89,94,86,59,27,86,0,0,0,0,0,0,0,0,0,0,0,0,9,0,0,0,0,0,0,0,0,0,0,0,0,0,0,0,0
l5,13=94,89,92,94,88,0,90,82,53,89,86,0,0,42,0,0,0,0,0,0,0,0,0,0,0,0,0,0,0,0,0,0,0,0,0,0,0,0,0,0
l6,13=90,86,90,89,92,89,0,0,50,87,0,86,0,48,0,80,0,0,0,0,0,0,0,0,0,0,0,0,0,0,0,0,0,0,0,0,0,0,0,0
l7,13=56,54,43,75,87,86,0,0,90,91,88,75,5,29,0,2,0,0,0,0,0,0,0,0,0,0,0,0,0,0,0,0,0,0,0,0,0,0,0,0
l8,13=42,0,0,44,53,79,79,80,0,94,86,77,68,83,50,55,67,56,0,33,0,61,22,0,45,0,0,0,0,0,0,0,0,0,0,0,0,0,0,0
l9,13=25,7,73,0,3,86,86,86,93,0,88,75,67,84,18,82,67,60,0,0,34,70,0,0,0,0,0,0,0,0,0,0,0,0,0,0,0,0,0,0
l10,13=28,25,50,51,84,82,0,91,88,94,0,77,0,83,0,54,0,0,0,0,0,0,0,0,0,0,0,0,0,0,0,0,0,0,0,0,0,0,0,0
l11,13=0,0,0,0,0,0,77,62,26,29,62,0,92,93,30,89,79,95,0,0,36,71,71,47,41,37,0,0,0,0,0,0,0,0,0,0,0,0,67,0
l12,13=0,0,0,0,0,0,0,0,13,29,0,95,0,26,58,74,93,98,0,0,41,63,75,49,63,63,0,0,0,0,0,0,0,42,0,0,45,0,72,0
l13,13=0,0,5,0,0,68,72,70,51,94,76,97,69,0,30,89,74,84,0,12,35,69,0,47,0,25,0,0,0,0,0,0,0,0,0,0,0,0,66,0
l14,13=0,0,0,0,0,0,0,0,30,26,0,93,100,32,0,63,95,92,0,0,0,71,0,61,100,58,0,0,0,0,0,0,2,39,62,0,6,0,37,0
l15,13=0,0,0,0,0,0,77,0,23,30,65,97,100,87,28,0,95,98,0,26,38,55,0,47,50,49,0,0,0,0,0,0,0,0,0,0,76,0,70,0
l16,13=0,0,0,0,0,0,0,0,6,25,0,79,86,19,33,64,0,94,19,29,34,64,69,30,58,40,0,0,0,0,0,0,0,1,40,69,81,58,80,69
l17,13=0,0,0,0,0,0,0,0,24,27,0,95,98,32,32,64,91,0,0,28,44,90,79,44,57,0,0,0,0,0,0,0,0,37,0,1,84,0,80,0
l18,13=0,0,0,0,0,0,0,0,0,0,0,0,0,0,0,0,75,0,0,91,89,0,45,0,0,0,0,0,0,0,0,0,0,0,0,0,0,0,0,2
l19,13=0,0,0,0,0,0,0,0,25,0,0,0,0,3,0,42,72,58,46,0,95,84,90,0,0,0,20,0,0,19,0,3,0,0,0,0,66,54,68,88
l20,13=0,0,0,0,0,0,0,0,0,22,0,72,67,17,0,50,63,80,28,95,0,97,97,0,0,0,58,0,0,0,0,27,0,0,2,81,88,84,90,82
l21,13=0,0,0,0,0,0,0,0,21,26,0,82,63,24,26,50,74,83,0,95,94,0,96,0,43,0,43,0,0,0,0,0,0,0,0,66,62,14,88,85
l22,13=0,0,0,0,0,0,0,0,1,0,0,63,63,0,0,0,74,59,0,59,93,96,0,0,0,0,64,0,0,0,0,0,0,0,4,83,88,51,89,91
l23,13=0,0,0,0,5,0,0,0,0,0,0,90,94,30,96,65,43,66,0,0,0,0,0,0,0,100,0,0,0,0,0,0,0,31,4,0,0,0,0,0
l24,13=0,0,0,27,0,0,0,0,28,0,0,36,100,0,97,61,96,93,0,0,0,70,0,0,0,62,0,0,0,0,0,0,31,0,0,0,81,0,32,0
l25,13=0,0,0,0,0,0,0,0,0,0,0,52,100,13,47,63,77,0,0,0,0,0,0,100,100,0,0,0,0,21,0,39,35,52,100,0,0,0,0,0
l26,13=0,0,0,0,0,0,0,0,0,0,0,0,0,0,0,0,0,0,0,26,58,30,56,0,0,0,0,89,98,79,99,99,82,87,0,0,0,0,0,0
l27,13=0,0,0,0,0,0,0,0,0,0,0,0,0,0,0,0,0,0,0,0,0,0,0,0,0,0,78,0,87,100,99,75,68,76,61,0,0,0,0,0
l28,13=0,0,0,0,0,0,0,0,0,0,0,0,0,0,0,0,0,0,0,0,2,0,0,0,0,0,97,97,0,100,99,94,66,77,86,0,0,0,0,0
l29,13=0,0,0,0,0,0,0,0,0,0,0,0,0,0,0,0,0,0,0,21,0,0,0,0,0,1,74,97,98,0,99,76,78,77,85,0,0,0,0,0
l30,13=0,0,0,0,0,0,0,0,0,0,0,0,0,0,0,0,0,0,0,0,0,0,0,0,0,0,97,97,98,100,0,81,73,79,30,0,0,0,0,0
l31,13=0,0,0,0,0,0,0,0,0,0,0,0,0,0,0,0,0,0,0,0,49,0,0,0,0,62,97,97,98,100,99,0,100,100,100,0,0,0,0,0
l32,13=0,0,0,0,0,0,0,0,0,0,0,0,0,0,22,0,0,0,0,3,0,0,0,0,84,81,91,78,82,97,94,100,0,100,100,0,0,0,0,0
l33,13=0,0,0,0,0,0,0,0,0,0,0,0,97,0,81,0,6,74,0,0,0,0,0,44,22,99,97,80,94,92,98,100,100,0,100,0,0,0,0,0
l34,13=0,0,0,0,0,0,0,0,0,0,0,0,2,0,29,0,74,0,0,0,36,0,46,40,0,99,0,71,98,100,79,100,100,100,0,0,0,0,0,0
l35,13=0,0,0,0,0,0,0,0,0,0,0,0,0,0,0,0,58,0,0,0,36,30,73,0,0,0,0,0,0,0,0,0,0,0,0,0,94,92,89,84
l36,13=0,0,0,0,0,0,0,0,0,0,0,0,32,0,0,41,73,65,0,22,38,16,82,0,41,0,0,0,0,0,0,0,0,0,0,90,0,85,89,83
l37,13=0,0,0,0,0,0,0,0,0,0,0,0,0,0,0,0,49,0,0,24,35,0,47,0,0,0,0,0,0,0,0,0,0,0,0,87,90,0,83,71
l38,13=0,0,0,0,0,0,0,0,0,0,0,37,63,2,0,47,79,69,0,27,42,72,79,0,11,0,0,0,0,0,0,0,0,0,0,84,90,82,0,81
l39,13=0,0,0,0,0,0,0,0,0,0,0,0,0,0,0,0,71,0,0,33,38,73,84,0,0,0,0,0,0,0,0,0,0,0,0,82,86,75,86,0

l0,14=0,100,100,100,100,99,100,99,95,99,99,0,0,0,0,0,0,0,0,0,0,0,0,0,0,0,0,0,0,0,0,0,0,0,0,0,0,0,0,0
l1,14=100,0,100,100,100,99,13,0,45,0,55,0,0,24,0,0,0,0,0,0,0,0,0,0,6,0,0,0,0,0,0,0,0,0,0,0,0,0,0,0
l2,14=100,100,0,100,100,100,100,100,55,99,100,0,0,47,0,4,0,0,0,0,0,0,0,0,0,0,0,0,0,0,0,0,0,0,0,0,0,0,0,0
l3,14=100,100,100,0,100,99,100,98,0,0,98,0,0,0,0,0,0,0,0,0,0,0,0,0,0,0,0,0,0,0,0,0,0,0,0,0,0,0,0,0
l4,14=100,100,100,100,0,99,100,0,47,50,100,0,0,0,0,3,0,0,0,0,0,0,0,0,0,0,0,0,0,0,0,0,0,0,0,0,0,0,0,0
l5,14=100,100,100,100,100,0,100,100,93,99,100,0,0,78,0,52,0,0,0,0,0,0,0,0,0,0,0,0,0,0,0,0,0,0,0,0,0,0,0,0
l6,14=99,9,100,93,100,99,0,99,91,96,96,99,0,92,0,92,0,0,0,0,0,0,50,0,0,0,0,0,0,0,0,0,0,0,0,0,0,0,0,0
l7,14=99,0,100,98,0,99,100,0,97,99,100,0,0,72,0,12,95,0,0,0,0,0,0,0,0,0,0,0,0,0,0,0,0,0,0,0,0,0,0,0
l8,14=58,39,35,0,52,33,26,32,0,99,100,43,53,27,29,27,44,0,0,2,27,45,33,0,30,0,0,0,0,0,0,0,0,0,0,0,0,0,0,0
l9,14=58,0,52,0,53,62,42,100,97,0,100,45,0,100,30,73,48,40,0,0,56,47,0,41,1,0,0,0,0,0,0,0,0,0,0,0,0,0,0,0
l10,14=99,74,65,96,100,97,98,100,97,99,0,44,59,100,24,33,0,0,0,0,13,0,0,0,0,0,0,0,0,0,0,0,0,0,0,0,0,0,0,0
l11,14=0,0,0,0,0,0,98,0,50,98,55,0,98,100,98,100,98,98,0,0,98,71,95,97,0,52,0,0,0,0,0,0,0,0,0,6,47,0,70,0
l12,14=0,0,0,0,0,0,0,0,56,0,36,99,0,69,99,59,48,98,0,4,57,0,41,90,61,99,0,0,0,0,0,0,0,51,0,14,0,0,0,0
l13,14=0,26,82,0,0,73,61,64,95,99,99,100,98,0,61,100,90,98,0,2,0,96,0,87,60,60,0,0,0,0,0,0,0,0,0,0,0,0,47,0
l14,14=0,0,0,0,0,0,0,0,50,53,19,99,100,28,0,24,98,78,0,0,0,35,0,91,100,0,0,0,0,0,0,0,3,51,0,0,0,0,33,0
l15,14=0,0,0,0,4,27,39,0,95,98,53,100,98,99,61,0,98,98,0,24,54,52,0,90,60,22,0,0,0,0,0,0,0,0,0,0,29,0,32,0
l16,14=0,0,0,0,0,0,0,24,19,72,0,94,83,11,60,59,0,95,6,40,41,89,93,29,59,0,0,0,0,0,0,0,3,48,30,91,75,7,23,63
l17,14=0,0,0,0,0,0,0,0,0,55,0,99,99,68,61,99,98,0,0,43,57,98,93,89,63,28,0,0,0,0,0,0,0,4,0,44,40,0,61,0
l18,14=0,0,0,0,0,0,0,0,0,0,0,0,0,0,0,0,70,0,0,89,89,41,84,0,0,0,0,0,0,0,0,0,0,0,0,0,0,0,0,0
l19,14=0,0,0,0,0,0,0,0,0,0,0,0,84,0,0,53,88,93,62,0,98,96,93,0,0,0,0,0,0,54,0,0,0,0,0,90,74,52,58,85
l20,14=0,0,0,0,0,0,0,0,3,90,0,91,94,0,0,54,93,92,66,98,0,98,98,0,0,0,0,0,0,0,0,0,0,0,60,91,86,52,98,85
l21,14=0,0,0,0,0,0,0,0,86,90,0,91,83,60,52,54,87,90,0,98,99,0,98,0,56,0,0,0,0,0,0,0,0,0,81,90,87,52,55,92
l22,14=0,0,0,0,0,0,22,0,12,2,0,91,90,0,0,0,91,90,63,94,99,98,0,0,0,0,71,0,0,0,0,0,0,0,0,90,84,0,94,92
l23,14=0,0,0,0,0,0,0,0,0,53,0,43,96,21,100,57,8,46,0,0,0,0,0,0,30,100,0,0,0,0,0,0,40,55,51,0,0,0,0,0
l24,14=0,0,0,0,0,0,0,0,49,7,0,0,100,27,100,59,100,99,0,0,0,46,0,43,0,62,0,0,0,0,0,0,0,0,0,0,42,0,0,0
l25,14=0,0,0,0,0,0,0,0,0,0,0,42,100,28,0,24,0,46,0,0,0,0,0,100,100,0,0,0,7,0,0,0,44,92,99,0,0,0,0,0
l26,14=0,0,0,0,0,0,0,0,0,0,0,0,0,0,0,0,0,0,0,0,5,0,81,0,0,0,0,91,99,89,98,99,88,87,90,0,0,0,0,0
l27,14=0,0,0,0,0,0,0,0,0,0,0,0,0,0,0,0,0,0,0,0,0,0,0,0,0,0,84,0,97,100,100,86,79,82,2,0,0,0,0,0
l28,14=0,0,0,0,0,0,0,0,0,0,0,0,0,0,0,0,0,0,0,0,0,0,0,0,0,33,98,99,0,100,100,97,80,87,93,0,0,0,0,0
l29,14=0,0,0,0,0,0,0,0,0,0,0,0,0,0,0,0,0,0,0,81,0,0,0,0,0,0,83,99,99,0,100,87,80,0,87,0,0,0,0,0
l30,14=0,0,0,0,0,0,0,0,0,0,0,0,0,0,0,0,0,0,0,0,0,0,0,0,0,0,92,99,99,100,0,86,77,87,0,0,0,0,0,0
l31,14=0,0,0,0,0,0,0,0,0,0,0,0,0,0,0,0,0,0,0,0,0,0,0,0,0,0,98,90,97,98,89,0,100,100,99,0,0,0,0,0
l32,14=0,0,0,0,0,0,0,0,0,0,0,0,0,0,37,0,32,0,0,0,0,0,0,85,0,87,97,93,92,99,92,99,0,100,100,0,0,0,0,0
l33,14=0,0,0,0,0,0,0,0,0,0,0,0,90,0,85,0,83,1,0,0,0,0,0,87,9,100,98,88,99,0,100,99,100,0,100,0,0,0,0,0
l34,14=0,0,0,0,0,0,0,0,0,0,0,0,53,0,0,0,97,0,0,0,87,84,0,99,0,99,98,16,99,99,0,99,100,100,0,0,0,0,0,0
l35,14=0,0,0,0,0,0,0,0,0,0,0,0,66,0,0,0,85,77,0,50,50,87,85,0,0,0,0,0,0,0,0,0,0,0,0,0,96,94,94,89
l36,14=0,0,0,0,0,0,0,0,0,0,0,70,0,0,0,6,87,47,0,32,49,87,88,0,18,0,0,0,0,0,0,0,0,0,0,99,0,41,61,80
l37,14=0,0,0,0,0,0,0,0,0,0,0,0,0,0,0,0,0,0,0,18,32,77,0,0,0,0,0,0,0,0,0,0,0,0,0,95,73,0,54,79
l38,14=0,0,0,0,0,0,0,0,0,0,0,89,0,2,29,22,88,91,0,18,56,76,92,0,0,0,0,0,0,0,0,0,0,0,0,98,87,46,0,87
l39,14=0,0,0,0,0,0,0,0,0,0,0,0,0,0,0,0,88,0,0,58,50,89,89,0,0,0,0,0,0,0,0,0,0,0,0,90,74,53,57,0

l0,15=0,97,96,100,99,100,97,96,96,99,92,0,0,0,0,0,0,0,0,0,0,0,0,0,0,0,0,0,0,0,0,0,0,0,0,0,0,0,0,0
l1,15=96,0,96,97,99,97,97,96,95,98,96,0,0,68,0,0,0,0,0,0,0,0,0,0,18,0,0,0,0,0,0,0,0,0,0,0,0,0,0,0
l2,15=96,97,0,97,99,100,97,96,95,99,0,86,0,96,0,0,0,0,0,0,0,0,0,0,0,0,0,0,0,0,0,0,0,0,0,0,0,0,0,0
l3,15=100,100,91,0,99,100,0,0,0,0,96,0,0,0,0,0,0,0,0,0,0,0,0,0,0,0,0,0,0,0,0,0,0,0,0,0,0,0,0,0
l4,15=100,100,96,100,0,100,97,96,83,94,96,0,0,0,0,1,0,0,0,0,0,0,0,0,0,0,0,0,0,0,0,0,0,0,0,0,0,0,0,0
l5,15=96,97,96,97,99,0,95,96,95,99,96,0,0,96,0,80,0,0,0,0,0,0,0,0,0,0,0,0,0,0,0,0,0,0,0,0,0,0,0,0
l6,15=96,97,96,5,97,96,0,96,95,99,96,97,86,94,0,96,0,0,0,0,0,0,42,0,0,0,0,0,0,0,0,0,0,0,0,0,0,0,0,0
l7,15=95,95,96,62,99,97,97,0,96,99,98,0,0,57,1,0,76,0,0,0,0,0,0,0,0,0,0,0,0,0,0,0,0,0,0,0,0,0,0,0
l8,15=96,61,38,18,88,97,97,96,0,100,97,75,63,61,78,62,0,0,0,24,24,63,95,27,73,0,0,0,0,0,0,0,0,0,0,0,0,0,0,0
l9,15=99,32,62,0,97,99,98,98,99,0,100,95,0,98,0,98,81,33,0,0,99,89,21,84,0,0,0,0,0,0,0,0,0,0,0,0,0,0,0,0
l10,15=94,97,0,97,99,97,97,99,96,100,0,0,96,96,68,0,56,0,0,0,0,0,0,0,0,0,0,0,0,0,0,0,0,0,0,0,0,0,0,0
l11,15=0,0,4,0,0,0,98,0,98,99,0,0,100,98,76,100,97,98,0,11,60,98,98,93,76,99,0,0,0,0,0,0,0,0,0,0,99,0,97,0
l12,15=0,0,0,0,0,0,14,0,98,0,99,99,0,97,100,98,96,99,0,29,60,0,98,99,100,100,0,0,0,0,0,0,0,10,0,55,97,0,47,0
l13,15=0,56,60,0,0,97,95,51,98,100,99,100,100,0,77,97,75,98,0,8,0,28,57,96,5,60,0,0,0,0,0,0,0,0,0,0,0,0,0,0
l14,15=0,0,0,0,0,0,0,0,96,0,23,78,100,60,0,63,76,98,0,0,0,0,0,99,100,62,0,0,0,0,0,0,0,98,0,0,34,0,98,0
l15,15=0,0,0,0,6,66,95,0,98,99,0,100,64,60,79,0,77,99,0,0,59,64,0,99,76,59,0,0,0,0,0,0,0,0,0,84,0,0,99,0
l16,15=0,0,0,0,0,0,0,92,0,97,28,78,56,59,80,63,0,97,93,63,56,59,98,0,76,0,0,0,0,0,0,3,0,82,18,91,99,86,97,2
l17,15=0,0,0,0,0,0,0,0,0,99,0,78,64,60,80,82,77,0,0,67,59,64,98,99,76,62,0,0,0,0,0,0,0,97,89,0,98,20,99,0
l18,15=0,0,0,0,0,0,0,0,0,0,0,0,0,0,0,0,93,0,0,79,91,38,79,0,0,0,0,0,0,0,0,0,0,0,0,0,0,0,0,0
l19,15=0,0,0,0,0,0,0,0,7,0,0,4,44,0,0,0,64,77,74,0,99,92,98,0,0,0,28,0,0,69,0,29,0,0,0,65,84,0,75,92
l20,15=0,0,0,0,0,0,0,0,0,98,0,74,55,0,0,61,72,96,85,96,0,99,98,0,13,0,33,0,0,0,0,0,0,0,4,94,98,73,99,98
l21,15=0,0,0,0,0,0,0,0,85,96,1,78,0,17,0,68,72,97,1,96,99,0,98,0,73,0,0,0,0,0,0,0,0,66,84,84,98,93,99,95
l22,15=0,0,0,0,0,0,10,0,77,76,0,64,44,1,0,0,92,77,30,90,99,98,0,0,0,0,49,0,0,0,0,0,0,0,0,69,81,77,84,83
l23,15=0,0,0,0,0,0,0,0,0,92,0,75,100,60,100,100,0,100,0,0,0,0,0,0,100,100,0,0,0,0,0,0,87,99,0,0,0,0,0,0
l24,15=0,0,0,0,0,0,0,0,89,0,0,78,100,0,100,100,76,100,0,0,15,60,0,100,0,62,0,0,0,0,0,0,78,48,0,0,90,0,0,0
l25,15=0,0,0,0,0,0,0,0,0,0,0,82,100,60,99,63,0,89,0,0,0,0,0,94,98,0,59,0,62,0,0,57,88,81,93,0,0,0,0,0
l26,15=0,0,0,0,0,0,0,0,0,0,0,0,0,0,0,0,0,0,0,48,66,0,89,0,0,85,0,81,96,96,83,97,84,69,88,0,0,0,0,0
l27,15=0,0,0,0,0,0,0,0,0,0,0,0,0,0,0,0,0,0,0,0,0,0,0,0,0,0,93,0,96,96,85,90,85,92,88,0,0,0,0,0
l28,15=0,0,0,0,0,0,0,0,0,0,0,0,0,0,0,0,0,0,0,0,0,0,0,0,0,83,98,83,0,96,85,98,84,95,90,0,0,0,0,0
l29,15=0,0,0,0,0,0,0,0,0,0,0,0,0,0,0,0,0,0,0,90,0,0,6,0,0,0,98,82,96,0,85,90,85,93,90,0,0,0,0,0
l30,15=0,0,0,0,0,0,0,0,0,0,0,0,0,0,0,0,0,0,0,0,0,0,0,0,0,0,96,83,96,96,0,89,84,92,0,0,0,0,0,0
l31,15=0,0,0,0,0,0,0,0,0,0,0,0,0,0,0,0,0,0,0,63,0,0,0,0,0,87,98,72,95,96,76,0,97,97,97,0,0,0,0,0
l32,15=0,0,0,0,0,0,0,0,0,0,0,0,82,0,0,0,0,0,0,0,0,0,0,75,88,94,97,77,95,96,82,98,0,97,97,0,0,0,0,0
l33,15=0,0,0,0,0,0,0,0,0,0,0,0,64,0,95,0,94,76,0,0,0,49,0,84,76,91,55,80,97,96,78,100,98,0,97,0,0,0,0,0
l34,15=0,0,0,0,0,0,0,0,0,0,0,0,0,0,12,0,33,64,0,0,40,57,0,0,0,94,94,72,95,95,0,98,97,97,0,0,0,0,0,0
l35,15=0,0,0,0,0,0,0,0,0,0,0,0,37,0,0,37,61,0,0,33,45,39,77,0,0,0,0,0,0,0,0,0,0,0,0,0,99,95,97,96
l36,15=0,0,0,0,0,0,0,0,0,0,0,68,41,0,1,0,66,55,0,53,54,53,85,0,37,0,0,0,0,0,0,0,0,0,0,96,0,96,99,93
l37,15=0,0,0,0,0,0,0,0,0,0,0,0,0,0,0,0,50,0,0,0,30,45,83,0,0,0,0,0,0,0,0,0,0,0,0,95,95,0,95,94
l38,15=0,0,0,0,0,0,0,0,0,0,0,52,39,0,32,54,65,93,0,34,58,59,88,0,0,0,0,0,0,0,0,0,0,0,0,94,99,92,0,97
l39,15=0,0,0,0,0,0,0,0,0,0,0,0,0,0,0,0,0,0,0,52,52,49,80,0,0,0,0,0,0,0,0,0,0,0,0,92,96,93,97,0

