t=2016-04-13_07.04.55

n=40

q0=1
q1=1
q2=1
q3=1
q4=1
q5=1
q6=1
q7=1
q8=1
q9=1
q10=1
q11=1
q12=1
q13=1
q14=1
q15=1
q16=1
q17=1
q18=1
q19=1
q20=1
q21=1
q22=1
q23=1
q24=1
q25=1
q26=1
q27=1
q28=1
q29=1
q30=1
q31=1
q32=1
q33=1
q34=1
q35=1
q36=1
q37=1
q38=1
q39=1

a0=0x141592000c576ce6
a1=0x141592000c5aedbc
a2=0x141592000c5750f4
a3=0x141592000c576658
a4=0x141592000c575890
a5=0x141592000c574ffa
a6=0x141592000c5acf11
a7=0x141592000d9df361
a8=0x141592000c576300
a9=0x141592000c5779b6
a10=0x141592000c5762b9
a11=0x141592000c5af078
a12=0x141592000c575517
a13=0x141592000c5752c3
a14=0x141592000c5a4baa
a15=0x141592000c5776e7
a16=0x141592000c58cdeb
a17=0x141592000c5881fc
a18=0x141592000bd81d33
a19=0x141592000bd84d6a
a20=0x141592000c577233
a21=0x141592000c574527
a22=0x141592000c5746a3
a23=0x141592000c574da3
a24=0x141592000c5741c9
a25=0x141592000da244ea
a26=0x141592000c5ae886
a27=0x141592000c57510e
a28=0x141592000c5ab6c8
a29=0x141592000c574d05
a30=0x141592000edae61f
a31=0x141592000c57667e
a32=0x141592000c577f43
a33=0x141592000c576449
a34=0x1415920010f4117a
a35=0x141592000c575966
a36=0x141592000c574d35
a37=0x141592000c576fb1
a38=0x141592000c5aea5d
a39=0x141592000c59f23f

l0,0=0,89,88,95,90,86,81,76,39,89,86,0,0,0,0,0,0,0,0,0,0,0,0,0,0,0,0,0,0,0,0,0,0,0,0,0,0,0,0,0
l1,0=90,0,88,91,90,86,70,81,79,78,88,0,0,9,0,0,0,0,0,0,0,0,0,0,0,0,0,0,0,0,0,0,0,0,0,0,0,0,0,0
l2,0=80,93,0,83,91,87,93,82,21,86,88,0,0,73,0,0,0,0,0,0,0,0,0,0,0,0,0,0,0,0,0,0,0,0,0,0,0,0,0,0
l3,0=93,91,88,0,90,81,81,74,72,0,70,0,0,0,0,0,0,0,0,0,0,0,0,0,0,0,0,0,0,0,0,0,0,0,0,0,0,0,0,0
l4,0=89,92,89,91,0,86,76,70,74,67,77,0,0,63,0,0,0,0,0,0,0,0,0,0,0,0,0,0,0,0,0,0,0,0,0,0,0,0,0,0
l5,0=87,93,88,83,85,0,83,77,84,87,82,42,0,55,0,0,0,0,0,0,0,0,0,0,0,0,0,0,0,0,0,0,0,0,0,0,0,0,0,0
l6,0=79,41,96,78,84,82,0,85,85,76,81,49,0,64,0,48,48,0,0,0,0,0,0,0,0,0,0,0,0,0,0,0,0,0,0,0,0,0,0,0
l7,0=45,84,80,76,84,82,83,0,83,88,84,69,0,68,0,51,0,0,0,0,0,0,0,0,0,0,0,0,0,0,0,0,0,0,0,0,0,0,0,0
l8,0=0,40,0,48,73,58,59,47,0,93,67,86,69,89,74,78,79,38,0,0,0,61,0,47,70,0,0,0,0,0,0,0,0,0,0,0,0,0,21,0
l9,0=78,27,86,1,69,88,73,87,93,0,88,70,61,84,13,56,56,54,0,0,0,0,42,0,0,0,0,0,0,0,0,0,0,0,0,0,0,0,0,0
l10,0=79,85,83,66,81,80,80,87,79,95,0,76,57,84,0,68,0,0,0,0,0,0,0,0,0,0,0,0,0,0,0,0,0,0,0,0,0,0,0,0
l11,0=0,0,0,0,0,33,32,40,50,38,49,0,91,90,85,92,84,91,0,17,0,19,0,0,71,36,0,0,0,0,0,0,0,0,0,0,67,0,23,0
l12,0=0,0,0,0,0,0,0,0,43,33,16,91,0,84,84,92,75,100,0,0,23,47,0,83,91,83,0,0,0,0,0,0,0,24,0,7,49,0,23,0
l13,0=0,0,29,0,64,7,36,27,91,76,82,88,83,0,81,80,54,81,0,17,0,56,53,65,69,59,0,0,0,0,0,0,0,0,0,0,0,0,18,0
l14,0=0,0,0,0,0,0,0,0,50,15,0,87,88,87,0,79,89,84,0,0,26,0,62,83,84,87,0,0,0,0,0,0,0,26,0,0,18,0,23,0
l15,0=0,0,0,0,0,0,32,28,51,33,45,99,94,85,84,0,77,84,0,0,7,0,45,38,85,0,0,0,0,0,0,0,0,0,0,0,56,0,27,0
l16,0=0,0,0,0,0,0,23,0,46,30,0,74,64,51,82,62,0,92,0,20,24,73,65,31,71,0,0,0,0,0,0,0,0,18,0,52,54,0,31,51
l17,0=0,0,0,0,0,0,0,0,37,32,0,92,94,85,87,86,93,0,0,0,24,70,22,0,73,71,0,0,0,0,0,0,0,26,0,0,74,0,0,0
l18,0=0,0,0,0,0,0,0,0,0,0,0,0,0,0,0,0,0,0,0,0,67,0,75,0,0,0,0,0,0,0,0,0,0,0,0,0,0,0,0,0
l19,0=0,0,0,0,0,0,0,0,7,0,0,43,0,66,0,0,85,0,0,0,73,61,92,0,0,0,30,0,0,0,0,4,0,0,0,39,77,0,54,87
l20,0=0,0,0,0,0,0,0,0,0,0,0,0,53,0,34,1,71,56,61,78,0,92,92,0,0,0,0,0,0,0,0,0,0,0,24,55,74,47,97,94
l21,0=0,0,0,0,0,0,0,0,58,0,0,37,45,52,0,0,87,48,34,27,83,0,92,0,0,0,10,0,0,0,0,0,0,0,0,79,53,24,87,81
l22,0=0,0,0,0,0,0,0,0,24,17,0,0,1,53,30,29,83,25,55,79,83,92,0,0,1,0,8,0,0,0,0,12,0,0,0,77,88,17,51,76
l23,0=0,0,0,0,0,0,0,0,38,0,0,0,81,81,80,21,62,0,0,0,0,0,0,0,82,46,0,0,0,0,0,5,1,25,66,0,0,0,0,0
l24,0=0,0,0,0,0,0,0,0,50,0,0,83,94,82,80,81,78,82,0,0,0,0,1,84,0,79,0,0,0,0,0,0,24,26,60,0,0,0,0,0
l25,0=0,0,0,0,0,0,0,0,13,0,0,30,84,72,84,0,0,74,0,0,0,0,0,34,81,0,45,5,0,0,0,29,37,45,67,0,0,0,0,0
l26,0=0,0,0,0,0,0,0,0,0,0,0,0,0,0,0,0,0,0,0,52,0,2,19,0,0,49,0,77,99,88,92,88,64,61,66,0,0,0,0,0
l27,0=0,0,0,0,0,0,0,0,0,0,0,0,0,0,0,0,0,0,0,0,0,0,0,0,0,2,90,0,99,94,98,81,74,78,78,0,0,0,0,0
l28,0=0,0,0,0,0,0,0,0,0,0,0,0,0,0,0,0,0,0,0,0,0,0,0,0,0,1,93,100,0,94,98,87,77,61,79,0,0,0,0,0
l29,0=0,0,0,0,0,0,0,0,0,0,0,0,0,0,0,0,0,0,0,0,0,0,0,0,0,1,92,100,99,0,98,75,57,58,62,0,0,0,0,0
l30,0=0,0,0,0,0,0,0,0,0,0,0,0,0,0,0,0,0,0,0,0,0,0,0,0,0,0,87,100,99,93,0,60,63,71,0,0,0,0,0,0
l31,0=0,0,0,0,0,0,0,0,0,0,0,0,0,0,0,0,0,0,0,35,0,0,29,32,0,45,84,62,90,72,71,0,84,71,90,0,0,0,0,0
l32,0=0,0,0,0,0,0,0,0,0,0,0,0,0,0,0,0,0,0,0,0,0,0,1,11,55,47,76,60,78,58,71,83,0,89,94,0,0,0,0,0
l33,0=0,0,0,0,0,0,0,0,0,0,0,0,56,0,43,0,58,59,0,0,0,0,0,48,68,61,70,53,81,55,78,76,81,0,76,0,0,0,0,0
l34,0=0,0,0,0,0,0,0,0,0,0,0,0,0,0,0,0,0,0,0,0,36,0,0,58,55,74,75,65,84,59,0,87,91,66,0,0,0,0,0,0
l35,0=0,0,0,0,0,0,0,0,0,0,0,0,1,0,0,0,36,0,0,6,18,75,58,0,0,0,0,0,0,0,0,0,0,0,0,0,68,82,96,62
l36,0=0,0,0,0,0,0,0,0,0,0,0,58,35,0,4,28,54,48,0,15,31,58,90,0,0,0,0,0,0,0,0,0,0,0,0,91,0,31,35,75
l37,0=0,0,0,0,0,0,0,0,0,0,0,0,0,0,0,0,29,0,0,0,27,30,49,0,0,0,0,0,0,0,0,0,0,0,0,91,84,0,0,78
l38,0=0,0,0,0,0,0,0,0,31,0,0,49,62,54,15,49,92,0,0,11,31,83,83,0,0,0,0,0,0,0,0,0,0,0,0,91,91,0,0,78
l39,0=0,0,0,0,0,0,0,0,0,0,0,0,0,0,0,0,62,0,0,26,30,69,84,0,0,0,0,0,0,0,0,0,0,0,0,91,87,31,35,0

l0,1=0,85,44,84,85,80,76,0,64,73,67,0,0,6,0,0,0,0,0,0,0,0,0,0,0,0,0,0,0,0,0,0,0,0,0,0,0,0,0,0
l1,1=82,0,71,82,85,84,74,68,67,65,76,0,0,53,0,0,0,0,0,0,0,0,0,0,0,0,0,0,0,0,0,0,0,0,0,0,0,0,0,0
l2,1=59,91,0,78,81,87,88,66,0,74,79,0,0,0,0,9,0,0,0,0,0,0,0,0,0,0,0,0,0,0,0,0,0,0,0,0,0,0,0,0
l3,1=87,83,65,0,79,81,67,49,0,0,71,0,0,0,0,0,0,0,0,0,0,0,0,0,0,0,0,0,0,0,0,0,0,0,0,0,0,0,0,0
l4,1=85,83,65,59,0,81,62,58,69,64,63,0,0,40,10,0,0,0,0,0,0,0,0,0,0,0,0,0,0,0,0,0,0,0,0,0,0,0,0,0
l5,1=75,87,71,67,80,0,69,73,67,69,71,0,0,22,0,0,0,0,0,0,0,0,0,0,0,0,0,0,0,0,0,0,0,0,0,0,0,0,0,0
l6,1=59,67,69,42,49,68,0,79,60,54,69,31,3,52,0,0,17,0,0,0,0,0,0,0,0,0,0,0,0,0,0,0,0,0,0,0,0,0,0,0
l7,1=0,41,52,29,42,80,73,0,70,73,79,20,7,0,0,0,0,0,0,0,0,0,0,0,0,0,0,0,0,0,0,0,0,0,0,0,0,0,0,0
l8,1=24,33,0,0,69,59,65,70,0,82,67,60,0,77,51,55,45,37,0,0,0,57,46,20,0,0,0,0,0,0,0,0,0,0,0,0,0,0,0,0
l9,1=37,45,56,0,63,71,40,69,80,0,79,52,20,80,24,46,34,40,0,0,0,30,18,0,0,0,0,0,0,0,0,0,0,0,0,0,0,0,0,0
l10,1=47,76,60,44,61,72,70,82,62,81,0,46,0,73,1,33,4,0,0,0,0,9,0,0,0,0,0,0,0,0,0,0,0,0,0,0,0,0,0,0
l11,1=0,0,0,0,0,0,19,20,49,52,46,0,79,84,63,67,50,64,0,40,15,29,0,14,28,0,0,0,0,0,0,0,0,0,0,5,48,0,34,0
l12,1=0,0,0,0,0,0,0,0,2,49,0,66,0,61,75,65,53,70,0,0,49,50,29,62,87,42,0,0,0,0,0,0,0,0,0,0,0,0,31,0
l13,1=0,3,0,0,16,0,18,0,75,73,68,75,41,0,65,29,49,51,0,23,18,51,36,42,17,23,0,0,0,0,0,0,0,0,0,0,0,0,31,0
l14,1=0,0,0,0,19,0,0,0,56,52,0,39,80,59,0,34,62,47,0,0,49,49,38,64,35,43,0,0,0,0,0,0,0,0,0,0,0,0,0,0
l15,1=0,0,1,0,0,0,0,0,49,54,43,83,83,38,42,0,26,55,0,0,0,0,37,27,46,0,0,0,0,0,0,0,0,0,0,0,46,0,0,0
l16,1=0,0,0,0,0,0,2,0,44,48,0,31,28,40,55,14,0,52,0,14,49,55,52,40,27,20,0,0,0,0,0,0,8,17,0,28,33,9,15,50
l17,1=0,0,0,0,0,0,0,0,44,49,0,38,85,43,45,31,59,0,0,0,48,0,50,41,29,7,0,0,0,0,0,0,0,26,0,1,43,0,1,0
l18,1=0,0,0,0,0,0,0,0,0,0,0,0,0,0,0,0,0,0,0,43,61,64,62,0,0,0,0,0,0,0,0,0,0,0,0,0,0,0,0,0
l19,1=0,0,0,0,0,0,0,0,0,0,0,13,0,31,0,0,3,0,37,0,65,50,71,0,0,0,44,0,0,0,0,28,0,0,0,37,61,15,63,66
l20,1=0,0,0,0,0,0,0,0,0,0,0,1,27,30,35,0,57,38,48,63,0,78,72,0,0,0,0,0,0,0,0,3,0,0,0,42,58,27,67,65
l21,1=0,0,0,0,0,0,0,0,45,45,10,6,26,43,34,0,60,8,40,40,68,0,69,0,0,0,9,0,0,0,0,18,18,0,0,56,27,21,67,67
l22,1=0,0,0,0,0,0,0,0,36,29,0,0,19,37,24,24,60,36,47,65,69,78,0,0,3,0,12,0,0,0,0,40,0,0,0,53,68,24,33,70
l23,1=0,0,0,0,0,0,0,0,29,0,0,0,40,50,61,0,44,25,0,0,0,0,0,0,80,43,0,0,0,0,0,0,0,13,39,0,0,0,0,0
l24,1=0,0,0,0,0,0,0,0,0,0,0,34,80,40,64,51,53,45,0,0,0,0,8,69,0,44,0,0,0,0,0,0,40,48,29,0,0,0,0,0
l25,1=0,0,0,0,0,0,0,0,12,0,0,0,61,44,62,0,47,31,0,0,0,0,0,56,60,0,40,0,23,4,0,47,0,45,36,0,0,0,0,0
l26,1=0,0,0,0,0,0,0,0,0,0,0,0,0,0,0,0,0,0,0,40,0,2,14,0,0,45,0,60,82,78,78,63,72,60,47,0,0,0,0,0
l27,1=0,0,0,0,0,0,0,0,0,0,0,0,0,0,0,0,0,0,0,0,0,0,0,0,0,0,69,0,82,84,90,48,62,38,52,0,0,0,0,0
l28,1=0,0,0,0,0,0,0,0,0,0,0,0,0,0,0,0,0,0,0,6,0,0,0,0,0,31,87,79,0,84,84,61,43,38,48,0,0,0,0,0
l29,1=0,0,0,0,0,0,0,0,0,0,0,0,0,0,0,0,0,0,0,0,0,0,0,0,0,0,80,81,82,0,84,52,47,15,28,0,0,0,0,0
l30,1=0,0,0,0,0,0,0,0,0,0,0,0,0,0,0,0,0,0,0,0,0,0,0,0,0,0,69,85,79,82,0,45,45,53,0,0,0,0,0,0
l31,1=0,0,0,0,0,0,0,0,0,0,0,0,0,0,0,0,0,0,0,30,11,11,41,0,0,45,74,38,60,50,42,0,70,55,75,0,0,0,0,0
l32,1=0,0,0,0,0,0,0,0,0,0,0,0,0,0,0,0,10,0,0,0,0,1,0,0,17,0,72,22,26,30,22,62,0,60,85,0,0,0,0,0
l33,1=0,0,0,0,0,0,0,0,0,0,0,0,0,0,0,0,19,13,0,0,0,0,0,18,19,33,66,19,33,17,26,57,63,0,37,0,0,0,0,0
l34,1=0,0,0,0,0,0,0,0,0,0,0,0,0,0,0,0,0,0,0,0,12,0,0,44,18,45,50,20,63,19,0,63,82,45,0,0,0,0,0,0
l35,1=0,0,0,0,0,0,0,0,0,0,0,0,0,0,0,0,38,0,0,32,26,57,57,0,0,0,0,0,0,0,0,0,0,0,0,0,65,28,71,54
l36,1=0,0,0,0,0,0,0,0,0,0,0,18,2,0,0,18,35,24,0,49,62,20,63,0,0,0,0,0,0,0,0,0,0,0,0,61,0,27,46,60
l37,1=0,0,0,0,0,0,0,0,0,0,0,0,0,0,0,0,11,0,1,31,55,49,40,0,0,0,0,0,0,0,0,0,0,0,0,60,60,0,40,63
l38,1=0,0,0,0,0,0,0,0,0,0,0,26,28,37,0,0,42,0,0,50,61,65,58,0,0,0,0,0,0,0,0,0,0,0,0,65,66,27,0,61
l39,1=0,0,0,0,0,0,0,0,0,0,0,0,0,0,0,0,43,0,0,54,59,60,63,0,0,0,0,0,0,0,0,0,0,0,0,50,50,27,42,0

l0,2=0,72,77,79,71,77,81,64,72,70,63,0,0,1,0,0,0,0,0,0,0,0,0,0,0,0,0,0,0,0,0,0,0,0,0,0,0,0,0,0
l1,2=59,0,80,79,76,80,81,71,41,70,71,0,0,0,0,0,0,0,0,0,0,0,0,0,0,0,0,0,0,0,0,0,0,0,0,0,0,0,0,0
l2,2=47,67,0,77,65,90,92,74,34,76,70,0,0,0,0,10,0,0,0,0,0,0,0,0,0,0,0,0,0,0,0,0,0,0,0,0,0,0,0,0
l3,2=65,81,85,0,72,74,60,1,53,1,4,0,0,0,0,0,0,0,0,0,0,0,0,0,0,0,0,0,0,0,0,0,0,0,0,0,0,0,0,0
l4,2=57,71,75,74,0,77,80,62,1,71,49,0,0,0,0,0,0,0,0,0,0,0,0,6,0,0,0,0,0,0,0,0,0,0,0,0,0,0,0,0
l5,2=47,75,84,64,72,0,76,73,69,67,67,0,0,8,0,0,0,0,0,0,0,0,0,0,0,0,0,0,0,0,0,0,0,0,0,0,0,0,0,0
l6,2=43,66,84,35,65,64,0,61,43,63,68,15,22,31,0,19,0,0,0,0,0,0,0,0,0,0,0,0,0,0,0,0,0,0,0,0,0,0,0,0
l7,2=27,57,67,26,44,71,77,0,73,70,77,23,0,50,0,28,0,0,0,0,0,0,0,0,0,0,0,0,0,0,0,0,0,0,0,0,0,0,0,0
l8,2=12,0,3,20,0,41,32,69,0,82,68,38,0,76,8,41,31,48,0,0,0,40,40,0,17,0,0,0,0,0,0,0,0,0,0,0,0,0,3,0
l9,2=14,50,82,9,57,65,74,72,83,0,73,33,22,74,0,35,16,35,0,0,0,19,0,0,0,0,0,0,0,0,0,0,0,0,0,0,0,0,0,0
l10,2=14,64,67,13,29,70,82,77,71,80,0,27,0,65,0,20,0,10,0,0,0,0,0,1,0,0,0,0,0,0,0,0,0,0,0,0,0,0,0,0
l11,2=0,0,0,0,0,0,29,17,61,47,39,0,74,84,60,55,36,81,0,31,24,38,43,41,21,1,0,0,0,0,0,0,0,0,0,0,46,0,44,16
l12,2=0,0,0,0,0,0,31,0,0,42,0,83,0,64,78,53,42,85,0,0,0,38,0,72,88,66,0,0,0,0,0,0,0,0,0,0,0,0,40,0
l13,2=0,0,0,0,0,0,0,25,80,71,54,79,40,0,46,40,34,64,0,30,16,38,39,41,26,29,0,0,0,0,0,0,0,0,0,0,0,0,49,0
l14,2=0,0,0,0,0,0,0,0,40,0,0,70,74,65,0,35,46,61,0,0,27,3,0,74,75,56,0,0,0,0,0,0,0,50,0,0,0,0,45,0
l15,2=0,0,6,0,0,0,32,28,71,45,36,90,74,70,34,0,19,67,0,7,36,0,0,0,73,0,0,0,0,0,0,0,0,0,0,0,15,0,40,23
l16,2=0,0,0,0,0,0,0,0,50,21,0,35,41,48,57,14,0,72,0,17,46,41,66,0,29,32,0,0,0,0,0,0,0,43,0,47,50,3,45,41
l17,2=0,0,0,0,0,0,0,0,49,38,1,80,75,60,34,46,54,0,0,0,38,38,47,44,57,0,0,0,0,0,0,0,0,42,0,0,47,0,44,0
l18,2=0,0,0,0,0,0,0,0,0,0,0,0,0,2,0,0,0,0,0,47,47,53,57,0,0,0,0,0,0,0,0,0,0,0,0,0,0,0,0,0
l19,2=0,0,0,0,0,0,0,0,0,0,0,24,0,51,0,0,22,0,32,0,55,0,71,0,0,0,38,0,0,0,0,36,0,0,0,3,58,0,62,56
l20,2=0,0,0,0,0,0,0,0,0,0,0,4,0,34,21,31,41,39,33,58,0,58,70,0,0,0,0,0,0,0,0,0,0,0,18,55,64,60,63,58
l21,2=0,0,0,0,0,0,0,0,51,29,0,33,25,49,10,0,42,41,36,0,66,0,70,0,0,0,0,0,0,0,0,0,0,41,0,60,64,46,64,59
l22,2=0,0,0,0,0,0,0,0,47,0,0,23,2,48,0,0,42,40,36,68,64,59,0,0,0,0,15,0,0,28,0,32,0,0,0,64,64,54,32,59
l23,2=0,0,0,0,0,0,0,0,0,0,0,27,68,61,70,0,0,55,0,0,0,0,0,0,84,52,0,0,0,0,0,0,0,0,26,0,0,0,0,0
l24,2=0,0,0,0,0,0,0,0,57,0,0,34,73,70,67,49,43,72,0,0,1,0,0,75,0,64,0,0,0,0,0,0,0,38,8,0,29,0,0,0
l25,2=0,0,0,0,0,0,0,0,5,0,0,0,68,68,63,0,43,0,0,0,0,0,0,66,76,0,41,0,0,0,0,53,44,67,64,0,0,0,0,0
l26,2=0,0,0,0,0,0,0,0,0,0,0,0,0,0,0,0,0,0,0,29,0,0,7,0,0,28,0,13,73,65,78,73,51,63,52,0,0,0,0,0
l27,2=0,0,0,0,0,0,0,0,0,0,0,0,0,0,0,0,0,0,0,0,0,0,0,0,0,0,21,0,70,78,90,63,43,51,51,0,0,0,0,0
l28,2=0,0,0,0,0,0,0,0,0,0,0,0,0,0,0,0,0,0,0,0,0,0,0,0,0,0,84,75,0,79,84,70,30,45,40,0,0,0,0,0
l29,2=0,0,0,0,0,0,0,0,0,0,0,0,0,0,0,0,0,0,0,0,0,0,29,0,0,0,79,74,73,0,81,62,30,0,1,0,0,0,0,0
l30,2=0,0,0,0,0,0,0,0,0,0,0,0,0,0,0,0,0,0,0,0,0,0,0,0,0,0,69,82,66,62,0,44,31,41,27,0,0,0,0,0
l31,2=0,0,0,0,0,0,0,0,0,0,0,0,0,0,0,0,0,0,0,30,11,0,31,0,0,31,76,40,58,41,39,0,59,69,75,0,0,0,0,0
l32,2=0,0,0,0,0,0,0,0,0,0,0,0,0,0,0,0,0,0,0,0,0,0,0,0,0,34,73,34,41,46,43,75,0,74,87,0,0,0,0,0
l33,2=0,0,0,0,0,0,0,0,0,0,0,0,0,0,43,0,33,46,0,0,0,28,0,0,21,48,67,34,53,0,47,65,53,0,74,0,0,0,0,0
l34,2=0,0,0,0,0,0,0,0,0,0,0,0,0,0,0,0,0,0,0,0,34,0,0,37,21,39,72,35,52,27,39,79,67,78,0,0,0,0,0,0
l35,2=0,0,0,0,0,0,0,0,0,0,0,0,0,0,0,0,31,0,0,0,25,44,57,0,0,0,0,0,0,0,0,0,0,0,0,0,69,63,68,56
l36,2=0,0,0,0,0,0,0,0,0,0,0,32,0,6,0,3,41,49,0,46,48,49,60,0,7,0,0,0,0,0,0,0,0,0,0,73,0,60,70,51
l37,2=0,0,0,0,0,0,0,0,0,0,0,0,0,0,0,0,3,0,0,1,50,45,54,0,0,0,0,0,0,0,0,0,0,0,0,66,69,0,59,52
l38,2=0,0,0,0,0,0,0,0,0,0,0,27,16,51,23,19,35,28,0,43,58,52,31,0,0,0,0,0,0,0,0,0,0,0,0,68,70,59,0,57
l39,2=0,0,0,0,0,0,0,0,0,0,0,0,0,0,0,0,42,0,0,53,51,52,59,0,0,0,0,0,0,0,0,0,0,0,0,63,58,56,61,0

l0,3=0,82,81,87,84,71,77,81,0,60,0,0,0,0,0,0,0,0,0,0,0,0,0,0,0,0,0,0,0,0,0,0,0,0,0,0,0,0,0,0
l1,3=84,0,79,88,88,75,85,85,66,83,70,0,0,0,0,0,0,0,0,0,0,0,0,0,0,0,0,0,0,0,0,0,0,0,0,0,0,0,0,0
l2,3=84,76,0,86,88,81,91,85,77,81,83,0,0,57,0,0,0,0,0,0,0,0,0,0,0,0,0,0,0,0,0,0,0,0,0,0,0,0,0,0
l3,3=85,84,80,0,88,0,80,0,23,4,73,0,0,0,0,0,0,0,0,0,0,0,0,0,0,0,0,0,0,0,0,0,0,0,0,0,0,0,0,0
l4,3=43,83,86,89,0,77,76,8,0,37,27,0,0,34,0,0,0,0,0,0,0,0,0,0,0,0,0,0,0,0,0,0,0,0,0,0,0,0,0,0
l5,3=85,84,90,2,88,0,79,86,63,73,81,59,0,63,23,10,0,0,0,0,0,0,0,0,0,0,0,0,0,0,0,0,0,0,0,0,0,0,0,0
l6,3=78,83,91,79,77,72,0,81,78,80,86,75,65,63,0,42,68,0,0,0,0,0,0,0,0,0,0,0,0,0,0,0,0,0,0,0,0,0,0,0
l7,3=75,72,83,0,28,74,81,0,87,88,88,0,0,73,0,55,30,0,0,0,0,0,0,0,0,0,0,0,0,0,0,0,0,0,0,0,0,0,0,0
l8,3=0,15,35,7,0,18,59,83,0,88,80,79,15,83,0,70,68,34,0,0,0,42,28,0,27,0,0,0,0,0,0,0,0,0,0,0,0,0,18,0
l9,3=39,40,41,13,35,27,33,84,88,0,90,36,28,83,26,35,0,0,0,0,31,3,0,0,0,0,0,0,0,0,0,0,0,0,0,0,0,0,0,0
l10,3=0,34,87,30,29,74,87,91,87,95,0,38,6,83,22,28,0,0,0,0,0,0,0,18,15,0,0,0,0,0,0,0,0,0,0,0,0,0,22,0
l11,3=0,0,0,0,0,18,66,0,81,57,74,0,86,88,87,86,71,89,0,21,27,57,63,78,74,12,0,0,0,0,0,0,0,0,0,0,57,20,75,0
l12,3=0,0,0,0,0,0,27,0,16,29,0,94,0,38,95,85,34,95,0,27,0,33,20,85,91,90,0,0,0,0,0,0,0,5,0,33,0,0,37,0
l13,3=0,0,18,0,8,28,20,27,89,88,78,88,68,0,0,66,32,74,13,23,39,21,28,39,26,35,0,0,0,0,0,0,0,0,0,0,15,0,41,0
l14,3=0,0,0,0,0,7,0,0,23,28,13,93,92,0,0,30,44,29,0,0,37,0,0,93,89,56,0,0,0,0,0,0,0,0,0,0,0,0,42,0
l15,3=0,0,0,0,0,2,19,30,84,62,27,95,88,82,36,0,75,75,0,15,41,23,0,39,79,0,0,0,0,0,0,0,0,0,0,0,0,0,36,28
l16,3=0,0,0,0,0,0,21,19,39,0,0,39,51,32,76,31,0,82,11,2,83,65,85,0,39,30,0,0,0,0,0,0,0,21,0,0,34,26,45,40
l17,3=0,0,0,0,0,0,0,0,72,1,0,91,92,80,33,71,95,0,0,0,68,31,26,39,79,0,0,0,0,0,0,0,0,13,0,17,69,4,37,30
l18,3=0,0,0,0,0,0,0,0,0,0,0,0,0,43,0,0,23,0,0,74,55,31,34,0,0,0,0,0,0,0,0,0,0,0,0,0,0,0,0,0
l19,3=0,0,0,0,0,0,0,0,0,0,0,6,49,39,0,3,1,0,48,0,88,88,90,0,0,0,0,0,0,21,0,61,0,0,0,0,76,53,66,0
l20,3=0,0,0,0,0,0,0,0,0,31,0,10,0,53,38,55,92,72,37,82,0,91,89,0,58,0,0,0,0,0,0,0,0,0,12,15,84,82,85,91
l21,3=0,0,0,0,0,0,0,0,78,20,0,67,69,57,0,27,90,65,36,82,90,0,89,0,0,0,0,0,0,0,0,0,24,45,0,33,83,74,73,86
l22,3=0,0,0,0,0,0,0,0,63,0,0,63,37,53,0,0,92,52,28,97,96,92,0,0,0,0,63,0,0,45,0,0,0,0,0,86,81,63,80,91
l23,3=0,0,0,0,0,0,0,0,0,0,0,41,86,39,87,33,0,33,0,0,0,0,0,0,86,87,0,0,0,0,0,0,0,24,2,0,0,0,0,0
l24,3=0,0,0,0,0,0,0,0,35,0,6,70,92,35,83,74,81,80,0,0,42,0,0,91,0,87,0,0,0,0,0,0,0,56,0,0,33,0,31,0
l25,3=0,0,0,0,2,0,0,0,0,0,0,17,85,38,78,0,30,0,0,0,0,0,0,84,83,0,23,0,0,7,0,40,39,86,78,0,0,0,0,0
l26,3=0,0,0,0,0,0,0,0,0,0,0,0,0,0,0,0,0,0,0,0,0,0,54,0,0,33,0,74,99,98,94,96,88,53,81,0,0,0,0,0
l27,3=0,0,0,0,0,0,0,0,0,0,0,0,0,0,0,0,0,0,0,0,0,0,0,0,0,0,79,0,99,100,99,89,82,2,27,0,0,0,0,0
l28,3=0,0,0,0,0,0,0,0,0,0,0,0,0,0,0,0,0,0,0,0,0,0,0,0,0,0,96,100,0,100,89,90,82,83,75,0,0,0,0,0
l29,3=0,0,0,0,0,0,0,0,0,0,0,0,0,0,0,0,0,0,0,42,0,0,50,0,0,3,96,99,99,0,94,84,75,54,60,0,0,0,0,0
l30,3=0,0,0,0,0,0,0,0,0,0,0,0,0,0,0,0,0,0,0,0,0,0,0,0,0,0,81,100,87,82,0,74,78,61,0,0,0,0,0,0
l31,3=0,0,0,0,0,0,0,0,0,0,0,0,0,0,0,0,0,0,0,58,0,0,1,2,0,57,96,87,85,78,60,0,94,92,97,0,0,0,0,0
l32,3=0,0,0,0,0,0,0,0,0,0,0,0,0,0,0,0,0,0,0,0,0,21,0,0,0,71,89,71,80,73,80,99,0,91,97,0,0,0,0,0
l33,3=0,0,0,0,0,0,0,0,0,0,0,0,33,0,0,0,59,8,0,0,0,36,0,64,77,89,61,0,89,54,58,93,89,0,93,0,0,0,0,0
l34,3=0,0,0,0,0,0,0,0,0,0,0,0,0,0,5,0,0,0,0,0,59,0,0,53,14,85,86,37,83,69,30,96,94,95,0,0,0,0,0,0
l35,3=0,0,0,0,0,0,0,0,0,0,0,0,30,0,0,0,0,0,0,0,0,0,68,0,0,0,0,0,0,0,0,0,0,0,0,0,83,84,86,88
l36,3=0,0,0,0,0,0,0,0,0,0,0,45,8,20,0,0,75,68,0,63,79,75,74,0,24,0,0,0,0,0,0,0,0,0,0,86,0,81,84,75
l37,3=0,0,0,0,0,0,0,0,0,0,0,1,0,0,0,0,34,1,0,45,82,60,51,0,0,0,0,0,0,0,0,0,0,0,0,87,84,0,71,84
l38,3=0,0,0,0,0,0,0,0,14,0,0,76,58,59,67,42,79,49,0,65,90,75,71,0,21,0,0,0,0,0,0,0,0,0,0,89,86,71,0,88
l39,3=0,0,0,0,0,0,0,0,0,0,0,0,0,0,0,3,81,36,0,0,87,81,80,0,0,0,0,0,0,0,0,0,0,0,0,86,79,79,80,0

l0,4=0,92,74,95,0,89,96,86,0,86,69,0,0,0,0,0,0,0,0,0,0,0,0,0,0,0,0,0,0,0,0,0,0,0,0,0,0,0,0,0
l1,4=91,0,89,91,90,89,97,67,74,84,19,0,0,64,0,0,0,0,0,0,0,0,0,6,0,0,0,0,0,0,0,0,0,0,0,0,0,0,0,0
l2,4=88,92,0,91,88,91,97,82,0,84,96,0,0,77,0,0,0,0,0,0,0,0,0,0,0,0,0,0,0,0,0,0,0,0,0,0,0,0,0,0
l3,4=99,96,91,0,90,86,97,0,78,0,75,0,0,0,0,0,0,0,0,0,0,0,0,0,0,0,0,0,0,0,0,0,0,0,0,0,0,0,0,0
l4,4=0,92,82,84,0,88,83,72,78,73,0,0,0,61,0,0,0,0,0,0,0,0,0,49,0,0,0,0,0,0,0,0,0,0,0,0,0,0,0,0
l5,4=91,89,91,84,84,0,91,82,63,84,91,0,0,82,0,62,0,0,0,0,0,0,0,0,0,0,0,0,0,0,0,0,0,0,0,0,0,0,0,0
l6,4=90,90,89,83,77,88,0,89,79,82,96,81,76,0,0,64,76,0,0,0,0,0,0,0,0,0,0,0,0,0,0,0,0,0,0,0,0,0,0,0
l7,4=89,70,87,0,81,89,97,0,88,88,99,80,1,0,8,73,0,0,0,0,0,0,0,0,0,0,0,0,0,0,0,0,0,0,0,0,0,0,0,0
l8,4=0,60,0,73,76,9,76,74,0,90,83,81,81,86,61,70,77,79,0,0,40,65,68,3,38,0,0,0,0,0,0,0,0,0,0,0,0,0,0,0
l9,4=83,82,70,0,75,80,88,83,91,0,98,84,0,86,0,63,0,78,0,0,51,0,71,0,0,0,0,0,0,0,0,0,0,0,0,0,0,0,0,0
l10,4=77,0,83,75,0,84,97,89,86,88,0,85,80,82,71,70,0,72,0,0,0,0,0,22,0,0,0,0,0,0,0,0,0,0,0,0,0,0,0,0
l11,4=0,0,0,0,0,0,82,62,84,73,84,0,85,79,78,87,78,80,0,0,0,63,71,74,61,57,0,0,0,0,0,0,0,0,0,50,79,0,73,0
l12,4=0,0,0,0,0,0,18,0,84,0,79,87,0,80,91,75,82,93,0,21,46,0,0,79,87,84,0,0,0,0,0,0,41,39,0,0,18,0,73,0
l13,4=0,1,7,0,35,74,0,0,88,79,82,83,82,0,71,73,77,77,0,45,62,61,71,76,0,71,0,0,0,0,0,0,0,0,0,0,0,0,71,0
l14,4=0,0,0,0,0,0,0,0,82,0,84,86,92,80,0,0,79,74,0,0,67,0,0,85,95,77,0,0,0,0,0,2,0,82,58,0,0,0,76,0
l15,4=0,0,0,0,0,54,64,73,83,58,82,94,88,85,0,0,77,72,0,19,64,62,58,73,77,21,0,0,0,0,0,0,0,0,0,0,80,0,73,0
l16,4=0,0,0,0,0,0,77,0,87,0,0,86,88,79,83,69,0,92,69,57,80,70,80,67,72,70,0,0,0,0,0,0,0,67,0,74,75,0,88,70
l17,4=0,0,0,0,0,0,0,0,82,68,69,89,92,82,73,71,95,0,0,0,67,60,69,64,86,66,0,0,0,0,0,0,0,0,0,65,81,0,5,65
l18,4=0,0,0,0,0,0,0,0,0,0,0,0,0,0,0,0,86,0,0,75,24,77,82,0,0,0,0,0,0,0,0,0,0,0,0,0,0,0,0,0
l19,4=0,0,0,0,0,0,0,0,0,0,0,0,51,55,0,2,79,0,71,0,93,92,95,0,0,0,4,0,0,0,0,0,0,0,0,0,76,69,78,73
l20,4=0,0,0,0,0,0,0,0,40,44,0,0,61,75,71,66,93,67,5,92,0,79,95,0,63,0,0,0,16,0,0,0,21,0,0,67,87,77,88,77
l21,4=0,0,0,0,0,0,0,0,83,0,0,78,0,71,0,61,94,56,71,91,90,0,89,0,35,0,0,0,0,0,0,0,6,0,0,44,86,73,82,81
l22,4=0,0,0,0,0,0,0,0,69,51,0,73,0,71,0,48,90,46,68,98,94,80,0,0,0,0,81,0,0,27,0,0,0,44,0,78,86,85,86,57
l23,4=0,0,0,0,13,0,0,0,1,0,0,85,90,85,93,75,72,13,0,0,0,0,0,0,91,89,0,0,0,0,0,0,0,80,80,0,0,0,0,0
l24,4=0,0,0,0,0,0,0,0,63,0,0,80,89,0,93,77,81,84,0,0,67,4,0,95,0,81,0,0,0,0,0,0,0,82,0,0,0,0,4,0
l25,4=0,0,0,0,0,0,0,0,0,0,0,58,92,70,94,34,78,61,0,0,0,0,0,96,91,0,0,0,0,51,0,74,87,92,88,0,0,0,0,0
l26,4=0,0,0,0,0,0,0,0,0,0,0,0,0,0,0,0,0,0,0,29,0,0,88,0,0,0,0,84,99,99,99,100,97,85,95,0,0,0,0,0
l27,4=0,0,0,0,0,0,0,0,0,0,0,0,0,0,0,0,0,0,0,0,0,0,0,0,0,0,100,0,99,99,100,98,82,0,77,0,0,0,0,0
l28,4=0,0,0,0,0,0,0,0,0,0,0,0,0,0,0,0,0,0,0,74,89,0,0,0,0,3,100,100,0,99,94,90,92,90,92,0,0,0,0,0
l29,4=0,0,0,0,0,0,0,0,0,0,0,0,0,0,0,0,0,0,0,4,0,0,62,0,0,79,100,100,99,0,99,90,87,90,92,0,0,0,0,0
l30,4=0,0,0,0,0,0,0,0,0,0,0,0,0,0,0,0,0,0,0,0,0,0,0,0,0,0,100,100,93,99,0,93,88,89,0,0,0,0,0,0
l31,4=0,0,0,0,0,0,0,0,0,0,0,0,0,0,1,0,0,0,0,0,0,0,0,0,0,81,100,83,86,92,92,0,100,99,100,0,0,0,0,0
l32,4=0,0,0,0,0,0,0,0,0,0,0,0,83,0,0,0,0,0,0,0,72,2,0,0,0,92,98,87,98,96,99,100,0,99,100,0,0,0,0,0
l33,4=0,0,0,0,0,0,0,0,0,0,0,0,68,0,66,0,64,0,0,0,0,0,40,79,81,93,78,0,85,75,81,100,99,0,100,0,0,0,0,0
l34,4=0,0,0,0,0,0,0,0,0,0,0,0,0,0,69,0,44,0,0,0,21,0,0,91,43,92,99,69,98,98,6,100,100,100,0,0,0,0,0,0
l35,4=0,0,0,0,0,0,0,0,0,0,0,0,0,0,0,0,72,15,0,0,37,5,72,0,0,0,0,0,0,0,0,0,0,0,0,0,84,84,84,66
l36,4=0,0,0,0,0,0,0,0,0,0,0,60,37,3,0,48,56,65,0,49,73,58,69,0,0,0,0,0,0,0,0,0,0,0,0,79,0,87,83,76
l37,4=0,0,0,0,0,0,0,0,0,0,0,0,0,0,0,0,0,0,0,41,62,59,75,0,0,0,0,0,0,0,0,0,0,0,0,83,84,0,82,27
l38,4=0,0,0,0,0,0,0,0,0,0,0,79,76,48,67,61,82,0,0,55,88,55,77,0,0,0,0,0,0,0,0,0,0,0,0,87,85,81,0,70
l39,4=0,0,0,0,0,0,0,0,0,0,0,0,0,0,0,0,81,47,0,62,64,64,52,0,0,0,0,0,0,0,0,0,0,0,0,76,83,39,84,0

l0,5=0,71,72,87,76,71,74,77,12,78,83,0,0,0,0,0,0,0,0,0,0,0,0,0,0,0,0,0,0,0,0,0,0,0,0,0,0,0,0,0
l1,5=74,0,88,80,90,83,85,77,0,79,66,0,0,31,0,0,0,0,0,0,0,0,0,24,0,0,0,0,0,0,0,0,0,0,0,0,0,0,0,0
l2,5=74,84,0,83,80,79,82,74,0,78,83,0,0,0,0,0,0,0,0,0,0,0,0,0,0,0,0,0,0,0,0,0,0,0,0,0,0,0,0,0
l3,5=89,71,88,0,90,65,72,0,0,50,67,0,0,0,0,0,0,0,0,0,0,0,0,0,0,0,0,0,0,0,0,0,0,0,0,0,0,0,0,0
l4,5=79,84,83,88,0,78,76,64,82,72,78,0,0,64,0,27,0,0,0,0,0,0,0,0,0,0,0,0,0,0,0,0,0,0,0,0,0,0,0,0
l5,5=74,82,82,72,79,0,53,77,66,78,83,63,0,72,0,0,0,0,0,0,0,0,0,0,0,0,0,0,0,0,0,0,0,0,0,0,0,0,0,0
l6,5=74,78,79,77,75,33,0,80,58,79,85,80,0,0,0,0,22,0,0,3,0,0,0,0,0,0,0,0,0,0,0,0,0,0,0,0,0,0,0,0
l7,5=74,73,70,0,74,69,75,0,81,78,96,81,0,0,0,77,0,0,0,0,0,0,0,0,0,0,0,0,0,0,0,0,0,0,0,0,0,0,0,0
l8,5=0,0,0,0,27,38,66,76,0,80,83,80,50,79,64,71,18,27,0,0,3,62,47,64,66,0,0,0,0,0,0,0,0,0,0,0,0,0,0,0
l9,5=71,70,69,41,30,68,70,73,81,0,88,79,39,76,0,72,26,45,0,0,51,0,54,0,53,0,0,0,0,0,0,0,0,0,0,0,0,0,36,0
l10,5=65,63,69,44,45,69,72,77,81,85,0,80,1,66,60,72,5,25,0,0,0,0,0,0,0,0,0,0,0,0,0,0,0,0,0,0,0,0,0,0
l11,5=0,0,0,0,0,21,41,39,49,43,62,0,75,74,77,85,20,27,0,0,28,36,12,61,42,26,0,0,0,0,0,0,0,0,0,0,29,24,61,0
l12,5=0,0,0,0,0,0,0,0,26,12,0,84,0,48,84,53,40,87,0,0,28,0,3,67,68,66,0,0,0,0,0,0,42,36,0,8,23,0,52,0
l13,5=0,0,0,0,16,22,0,0,86,51,48,80,67,0,70,79,19,28,0,9,48,0,44,63,36,41,0,0,0,0,0,0,0,0,0,1,16,0,0,0
l14,5=0,0,0,0,0,0,0,0,32,0,47,85,77,61,0,46,19,23,0,0,48,0,8,73,81,67,0,0,0,0,0,0,0,44,9,0,0,0,60,0
l15,5=0,0,0,0,9,0,0,50,44,41,58,87,73,84,61,0,12,25,0,0,37,49,41,64,75,37,0,0,0,0,0,0,0,0,0,0,28,0,61,16
l16,5=0,0,0,0,0,0,26,0,24,19,0,81,75,51,72,33,0,28,0,30,56,55,40,45,53,33,0,0,0,0,0,15,0,1,0,11,18,7,68,17
l17,5=0,0,0,0,0,0,0,0,41,34,40,85,77,73,70,60,46,0,0,1,69,39,6,18,71,43,0,0,0,0,0,0,0,0,0,10,34,0,0,13
l18,5=0,0,0,0,0,0,0,0,0,0,0,0,0,0,0,0,0,0,0,10,0,68,40,0,0,0,0,0,0,0,0,0,0,0,0,0,0,0,0,0
l19,5=0,0,0,0,0,0,0,0,0,0,0,0,0,20,0,0,41,0,5,0,76,69,63,0,0,0,3,0,17,37,0,18,0,0,0,21,40,25,42,58
l20,5=0,0,0,0,0,0,0,0,2,17,0,11,22,24,32,21,24,29,0,78,0,70,64,0,14,0,12,0,10,0,0,0,33,0,0,12,32,36,61,22
l21,5=0,0,0,0,0,0,0,0,27,2,0,37,0,6,0,46,24,13,33,62,79,0,62,0,25,0,0,0,0,0,0,15,0,0,0,28,25,39,55,40
l22,5=0,0,0,0,0,0,0,0,22,23,0,1,21,40,1,48,15,0,26,80,79,65,0,0,0,0,18,0,0,0,0,0,0,0,0,11,40,39,65,21
l23,5=0,0,0,0,0,0,0,0,37,0,0,69,68,46,59,55,11,0,0,0,0,0,0,0,72,63,0,0,0,0,0,0,0,60,43,0,0,0,0,0
l24,5=0,0,0,0,0,0,0,0,37,24,0,66,76,36,84,56,27,42,0,0,35,39,0,76,0,61,0,0,0,0,0,0,0,54,2,0,8,0,0,0
l25,5=0,0,0,0,0,0,0,0,0,0,0,55,72,38,58,49,16,21,0,0,0,0,0,80,62,0,0,0,0,13,0,0,70,61,21,0,0,0,0,0
l26,5=0,0,0,0,0,0,0,0,0,0,0,0,0,0,0,0,0,0,0,25,35,0,30,0,0,0,0,74,92,89,79,76,81,53,63,0,0,0,0,0
l27,5=0,0,0,0,0,0,0,0,0,0,0,0,0,0,0,0,0,0,0,0,0,0,0,0,0,0,77,0,91,83,89,70,70,0,0,0,0,0,0,0
l28,5=0,0,0,0,0,0,0,0,0,0,0,0,0,0,0,0,0,0,0,40,44,0,0,0,0,0,88,84,0,91,89,68,79,60,70,0,0,0,0,0
l29,5=0,0,0,0,0,0,0,0,0,0,0,0,0,0,0,0,0,0,0,41,0,0,0,0,0,13,88,83,92,0,88,51,69,54,58,0,0,0,0,0
l30,5=0,0,0,0,0,0,0,0,0,0,0,0,0,0,0,0,0,0,0,0,0,0,0,0,0,0,85,84,92,90,0,66,2,57,0,0,0,0,0,0
l31,5=0,0,0,0,0,0,0,0,0,0,0,0,0,0,0,0,12,0,0,29,5,8,0,0,0,0,78,58,65,45,53,0,84,66,78,0,0,0,0,0
l32,5=0,0,0,0,0,0,0,0,0,0,0,0,61,0,0,0,0,0,0,0,41,0,0,0,0,58,77,58,70,59,32,79,0,65,88,0,0,0,0,0
l33,5=0,0,0,0,0,0,0,0,0,0,0,0,59,0,53,0,1,0,0,0,0,0,0,68,60,60,57,0,67,58,56,61,70,0,73,0,0,0,0,0
l34,5=0,0,0,0,0,0,0,0,0,0,0,0,15,0,42,0,0,0,0,0,13,0,0,68,38,52,62,0,65,57,0,76,91,70,0,0,0,0,0,0
l35,5=0,0,0,0,0,0,0,0,0,0,0,0,16,5,0,0,12,3,0,18,34,50,34,0,0,0,0,0,0,0,0,0,0,0,0,0,48,47,57,32
l36,5=0,0,0,0,0,0,0,0,1,0,0,42,25,23,0,46,9,15,0,39,57,49,48,0,2,0,0,0,0,0,0,0,0,0,0,24,0,48,57,43
l37,5=0,0,0,0,0,0,0,0,0,0,0,12,0,0,0,0,0,0,0,22,54,47,38,0,0,0,0,0,0,0,0,0,0,0,0,15,39,0,51,15
l38,5=0,0,0,0,0,0,0,0,0,7,0,57,41,0,54,52,15,0,0,44,66,57,52,0,0,0,0,0,0,0,0,0,0,0,0,17,31,45,0,29
l39,5=0,0,0,0,0,0,0,0,0,0,0,0,0,0,0,4,9,0,0,46,49,54,34,0,0,0,0,0,0,0,0,0,0,0,0,16,45,22,56,0

l0,6=0,91,76,84,88,88,60,32,53,19,71,0,0,0,0,0,0,0,0,0,0,0,0,0,0,0,0,0,0,0,0,0,0,0,0,0,0,0,0,0
l1,6=87,0,88,85,87,81,60,18,46,68,50,0,0,0,0,0,0,0,0,0,0,0,0,8,0,0,0,0,0,0,0,0,0,0,0,0,0,0,0,0
l2,6=84,89,0,85,83,86,60,72,0,73,74,0,0,0,0,0,0,0,0,0,0,0,0,0,0,0,0,0,0,0,0,0,0,0,0,0,0,0,0,0
l3,6=81,90,83,0,88,79,51,0,0,59,36,0,0,0,0,0,0,0,0,0,0,0,0,1,0,0,0,0,0,0,0,0,0,0,0,0,0,0,0,0
l4,6=89,90,86,90,0,83,58,4,57,50,68,0,0,54,0,0,0,0,0,0,0,0,0,5,0,0,0,0,0,0,0,0,0,0,0,0,0,0,0,0
l5,6=80,82,80,79,77,0,54,81,67,68,75,0,0,3,0,0,0,0,0,0,0,0,0,1,0,0,0,0,0,0,0,0,0,0,0,0,0,0,0,0
l6,6=70,79,69,57,71,64,0,81,59,68,75,50,15,1,0,0,31,0,0,0,0,0,0,0,0,0,0,0,0,0,0,0,0,0,0,0,0,0,0,0
l7,6=21,14,68,0,13,80,59,0,69,68,78,46,0,0,0,61,0,0,0,0,0,0,0,0,0,0,0,0,0,0,0,0,0,0,0,0,0,0,0,0
l8,6=23,43,0,0,28,29,35,63,0,68,74,59,38,66,20,31,21,47,0,0,38,29,21,20,29,1,0,0,0,0,0,0,0,0,0,0,0,0,0,0
l9,6=3,58,50,46,29,78,52,72,71,0,75,44,36,62,34,56,18,30,0,0,4,0,17,9,0,0,0,0,0,0,0,0,0,0,0,0,0,0,2,0
l10,6=36,47,53,31,35,63,54,82,69,77,0,49,0,50,0,32,20,0,0,0,0,0,0,0,0,0,0,0,0,0,0,0,0,0,0,0,0,0,0,0
l11,6=0,0,0,0,0,0,20,35,52,31,27,0,49,53,28,74,21,42,0,0,3,0,0,0,29,11,0,0,0,0,0,0,0,0,0,0,11,24,34,0
l12,6=0,0,0,0,0,0,0,0,34,20,0,55,0,39,59,34,42,59,0,0,0,0,3,29,63,51,0,0,0,0,0,0,0,25,0,0,18,0,24,0
l13,6=0,0,0,0,22,0,0,0,69,37,22,38,38,0,25,39,15,39,0,23,2,0,18,9,30,0,0,0,0,0,0,0,0,0,0,25,26,0,29,0
l14,6=0,0,0,0,0,0,0,0,34,24,0,37,60,44,0,24,17,43,0,0,34,0,14,41,38,40,0,0,0,0,0,0,0,23,0,0,0,0,22,0
l15,6=0,0,0,0,0,0,0,39,34,34,21,65,50,56,25,0,21,47,0,0,0,25,17,22,40,25,0,0,0,0,0,0,0,0,0,0,33,0,33,0
l16,6=0,0,0,0,0,0,17,0,31,6,5,33,50,19,22,24,0,47,34,23,16,26,17,3,31,24,0,0,0,0,0,0,0,0,0,19,29,19,30,22
l17,6=0,0,0,0,0,0,0,0,39,16,0,37,47,49,29,33,26,0,0,0,45,20,0,7,37,26,0,0,0,0,0,0,0,14,0,0,25,0,29,0
l18,6=0,0,0,0,0,0,0,0,0,0,0,0,0,0,0,0,23,0,0,41,1,34,0,0,0,0,0,0,0,0,0,0,0,0,0,0,0,0,0,0
l19,6=0,0,0,0,0,0,0,0,0,0,0,0,0,37,0,0,17,0,34,0,65,41,54,0,0,0,2,0,0,42,0,38,0,0,0,0,24,0,30,35
l20,6=0,0,0,0,0,0,0,0,31,1,0,0,0,4,21,0,6,32,0,59,0,55,54,0,0,0,0,0,0,0,0,32,0,18,0,41,45,35,45,30
l21,6=0,0,0,0,0,0,0,0,31,3,0,0,27,0,0,28,21,29,35,42,65,0,45,0,0,0,0,0,3,0,0,7,0,0,0,49,38,0,42,35
l22,6=0,0,0,0,0,0,0,0,33,25,0,0,25,41,20,24,24,0,0,55,68,42,0,0,0,0,27,0,0,0,0,0,0,0,0,34,49,42,45,34
l23,6=0,0,0,11,0,0,0,0,37,3,0,0,48,16,56,26,13,11,0,0,0,0,0,0,63,52,0,0,0,0,0,18,0,22,16,0,0,0,0,0
l24,6=0,0,0,0,0,0,0,0,37,0,0,39,73,39,54,40,25,32,0,0,0,0,0,63,0,40,0,0,0,0,0,0,0,27,7,0,0,0,0,0
l25,6=0,0,0,0,0,0,0,0,9,0,0,16,73,2,57,22,12,25,0,0,0,0,0,67,50,0,0,0,0,3,0,0,20,41,12,0,0,0,0,0
l26,6=0,0,0,0,0,0,0,0,0,0,0,0,0,0,0,0,0,0,0,16,12,0,28,0,0,0,0,59,82,79,62,72,74,42,33,0,0,0,0,0
l27,6=0,0,0,0,0,0,0,0,0,0,0,0,0,0,0,0,0,0,0,0,0,0,0,0,0,0,62,0,77,80,80,62,56,0,0,0,0,0,0,0
l28,6=0,0,0,0,0,0,0,0,0,0,0,0,0,0,0,0,0,0,0,21,27,7,1,0,0,0,73,81,0,85,74,62,56,59,35,0,0,0,0,0
l29,6=0,0,0,0,0,0,0,0,0,0,0,0,0,0,0,0,0,0,0,31,0,0,0,0,0,0,67,81,82,0,36,43,42,44,22,0,0,0,0,0
l30,6=0,0,0,0,0,0,0,0,0,0,0,0,0,0,0,0,0,0,0,0,0,0,0,0,0,0,64,87,78,51,0,58,0,8,20,0,0,0,0,0
l31,6=0,0,0,0,0,0,0,0,0,0,0,0,0,0,0,0,0,0,0,32,29,0,0,21,0,0,58,26,51,42,30,0,78,68,56,0,0,0,0,0
l32,6=0,0,0,0,0,0,0,0,0,0,0,0,0,0,0,0,0,0,0,0,0,0,0,0,0,28,60,25,31,49,1,76,0,70,71,0,0,0,0,0
l33,6=0,0,0,0,0,0,0,0,0,0,0,0,57,0,51,0,0,27,0,0,37,0,0,49,45,43,39,0,39,46,26,65,74,0,54,0,0,0,0,0
l34,6=0,0,0,0,0,0,0,0,0,0,0,0,31,0,0,0,4,0,0,0,3,0,0,45,27,25,44,0,34,31,23,63,89,60,0,0,0,0,0,0
l35,6=0,0,0,0,0,0,0,0,0,0,0,0,0,25,0,0,13,0,0,0,38,35,18,0,0,0,0,0,0,0,0,0,0,0,0,0,52,49,41,37
l36,6=0,0,0,0,0,0,0,0,0,0,0,0,22,21,0,17,18,21,0,23,44,32,23,0,0,0,0,0,0,0,0,0,0,0,0,49,0,51,51,40
l37,6=0,0,0,0,0,0,0,0,0,0,0,12,0,0,0,0,7,0,0,0,34,0,23,0,0,0,0,0,0,0,0,0,0,0,0,50,60,0,41,36
l38,6=0,0,0,0,0,0,0,0,0,0,0,29,29,41,6,13,21,26,0,24,46,34,21,0,0,0,0,0,0,0,0,0,0,0,0,45,53,41,0,38
l39,6=0,0,0,0,0,0,0,0,0,0,0,0,0,0,0,0,12,0,0,41,39,35,29,0,0,0,0,0,0,0,0,0,0,0,0,48,54,45,42,0

l0,7=0,91,86,82,88,91,86,0,71,70,82,0,0,0,0,0,0,0,0,0,0,0,0,30,0,0,0,0,0,0,0,0,0,0,0,0,0,0,0,0
l1,7=88,0,93,88,86,86,89,85,49,68,76,0,0,0,0,0,0,0,0,0,0,0,0,0,0,0,0,0,0,0,0,0,0,0,0,0,0,0,0,0
l2,7=86,87,0,87,86,86,89,81,67,77,0,0,0,0,0,1,0,0,0,0,0,0,0,0,0,0,0,0,0,0,0,0,0,0,0,0,0,0,0,0
l3,7=85,87,89,0,92,73,81,66,67,64,79,0,0,0,0,0,0,0,0,0,0,0,0,0,0,0,0,0,0,0,0,0,0,0,0,0,0,0,0,0
l4,7=88,87,89,92,0,87,89,42,71,28,84,0,0,57,0,0,0,0,0,0,0,0,0,0,0,0,0,0,0,0,0,0,0,0,0,0,0,0,0,0
l5,7=88,87,86,81,87,0,88,91,70,78,85,0,0,0,0,2,0,0,0,0,0,0,0,0,0,0,0,0,0,0,0,0,0,0,0,0,0,0,0,0
l6,7=62,87,90,66,87,88,0,90,0,79,85,28,0,55,0,0,24,0,0,0,0,0,0,0,0,0,0,0,0,0,0,0,0,0,0,0,0,0,0,0
l7,7=0,72,59,66,38,87,90,0,65,79,86,3,27,62,0,33,0,2,0,0,0,0,0,0,0,0,0,0,0,0,0,0,0,0,0,0,0,0,0,0
l8,7=55,46,49,61,48,45,0,72,0,79,83,40,52,70,36,27,19,54,0,4,2,2,38,0,1,0,0,0,0,0,0,0,0,0,0,0,0,0,1,0
l9,7=40,54,66,47,20,75,87,88,77,0,89,26,43,67,26,46,1,14,0,0,11,2,28,0,4,11,0,0,0,0,0,0,0,0,0,0,0,0,10,0
l10,7=60,60,0,62,62,84,87,92,77,81,0,50,0,11,0,44,21,6,0,0,0,0,0,0,0,0,0,0,0,0,0,0,0,0,0,0,0,0,0,0
l11,7=0,0,0,0,0,0,18,1,56,24,17,0,64,53,33,80,19,39,0,0,9,3,30,32,37,0,0,0,0,0,0,0,0,0,0,22,17,1,13,4
l12,7=0,0,0,0,0,0,0,0,33,18,0,42,0,31,47,47,38,37,0,3,10,9,0,46,76,66,0,0,0,0,0,0,0,20,6,0,0,0,5,0
l13,7=0,0,0,5,25,0,19,43,76,50,0,16,37,0,34,42,13,39,0,0,9,0,28,32,39,21,0,0,0,0,0,0,0,0,0,31,21,0,7,0
l14,7=0,0,0,0,0,0,0,0,37,19,0,9,61,42,0,15,18,46,0,0,12,13,32,49,45,30,0,0,0,0,0,0,0,18,0,0,0,0,7,0
l15,7=0,0,0,0,0,2,0,36,55,33,18,68,74,61,36,0,15,39,0,4,11,14,32,41,33,20,0,0,0,0,0,0,0,0,0,0,31,7,13,0
l16,7=0,0,0,0,0,0,8,0,36,6,13,10,60,35,30,12,0,39,42,0,11,16,37,35,40,18,0,0,0,0,0,20,19,12,0,46,35,23,10,7
l17,7=0,0,0,0,0,0,0,0,41,18,1,12,59,44,47,12,19,0,0,0,12,15,0,33,47,0,0,0,0,0,0,0,0,13,0,0,33,0,9,0
l18,7=0,0,0,0,0,0,0,0,0,0,0,0,0,0,0,0,41,0,0,44,33,20,0,0,0,0,0,0,0,0,0,0,0,0,0,0,0,0,0,0
l19,7=0,0,0,0,0,0,0,0,2,0,0,0,15,0,0,2,0,0,48,0,56,51,66,0,0,0,0,0,10,23,0,33,0,0,0,25,0,0,0,42
l20,7=0,0,0,0,0,0,0,0,0,14,0,2,33,28,21,11,15,37,45,58,0,71,75,0,0,0,7,0,4,0,0,0,0,9,0,64,56,50,28,19
l21,7=0,0,0,0,0,0,0,0,21,17,0,3,37,6,26,24,23,31,35,47,63,0,67,0,0,0,0,0,1,0,0,0,0,0,0,60,42,45,22,38
l22,7=0,0,0,0,0,0,0,0,40,16,0,11,2,34,22,22,37,0,0,58,66,67,0,0,0,0,20,0,0,15,0,0,0,0,0,0,54,43,39,44
l23,7=4,0,0,0,0,0,0,0,0,0,0,9,56,35,54,28,12,19,0,0,0,0,0,0,76,74,0,0,0,0,0,0,0,21,19,0,0,0,0,0
l24,7=0,0,0,0,0,0,0,0,1,3,0,10,78,37,34,11,18,49,0,0,0,0,0,67,0,37,0,0,0,0,0,0,0,21,14,0,0,0,0,0
l25,7=0,0,0,0,3,0,0,0,0,13,0,0,70,37,49,23,16,0,0,0,0,0,0,65,59,0,0,0,0,12,0,1,34,21,0,0,0,0,3,0
l26,7=0,0,0,0,0,0,0,0,0,0,0,0,0,0,0,0,0,0,0,0,25,0,37,0,0,0,0,62,74,80,69,69,74,45,41,0,0,0,0,0
l27,7=0,0,0,0,0,0,0,0,0,0,0,0,0,0,0,0,0,0,0,0,0,0,0,0,0,0,72,0,69,82,89,47,60,0,1,0,0,0,0,0
l28,7=0,0,0,0,0,0,0,0,0,0,0,0,0,0,0,0,0,0,0,32,35,14,0,0,0,0,81,85,0,85,92,57,44,45,21,0,0,0,0,0
l29,7=0,0,0,0,0,0,0,0,0,0,0,0,0,0,0,0,0,0,0,34,0,0,40,0,0,18,77,83,76,0,89,57,64,38,5,0,0,0,0,0
l30,7=0,0,0,0,0,0,0,0,0,0,0,0,0,0,0,0,0,0,0,0,0,0,0,0,0,0,71,83,69,81,0,53,53,20,24,0,0,0,0,0
l31,7=0,0,0,0,0,0,0,0,0,0,0,0,0,0,0,0,11,0,0,42,0,0,0,3,0,0,72,22,56,47,52,0,74,64,66,0,0,0,0,0
l32,7=0,0,0,0,0,0,0,0,0,0,0,0,0,0,0,0,20,0,0,0,0,0,1,6,0,35,69,40,38,54,44,68,0,67,83,0,0,0,0,0
l33,7=0,0,0,0,0,0,0,0,0,0,0,0,50,0,38,0,31,34,0,0,33,0,0,41,47,43,56,0,57,53,45,69,72,0,35,0,0,0,0,0
l34,7=0,0,0,0,0,0,0,0,0,0,0,0,39,0,0,0,3,0,0,0,0,0,3,45,30,0,57,16,42,32,40,67,83,39,0,0,0,0,0,0
l35,7=0,0,0,0,0,0,0,0,0,0,0,0,0,29,0,0,12,0,0,1,14,19,0,0,0,0,0,0,0,0,0,0,0,0,0,0,54,58,23,18
l36,7=0,0,0,0,0,0,0,0,0,0,0,0,0,13,0,12,14,28,0,0,13,16,42,0,0,0,0,0,0,0,0,0,0,0,0,62,0,57,26,21
l37,7=0,0,0,0,0,0,0,0,0,0,0,0,0,0,0,0,8,0,0,0,11,13,38,0,0,0,0,0,0,0,0,0,0,0,0,68,57,0,14,11
l38,7=0,0,0,0,0,0,0,0,0,15,0,13,37,34,22,13,16,37,0,0,13,18,41,0,0,0,0,0,0,0,0,0,0,0,0,60,55,50,0,0
l39,7=0,0,0,0,0,0,0,0,0,0,0,0,0,0,0,0,3,0,0,43,42,48,51,0,0,0,0,0,0,0,0,0,0,0,0,66,56,45,0,0

l0,8=0,97,97,98,98,97,86,81,63,94,92,0,0,55,0,0,0,0,0,0,0,0,0,27,0,0,0,0,0,0,0,0,0,0,0,0,0,0,0,0
l1,8=89,0,97,98,98,97,82,93,87,85,92,0,0,0,0,0,0,0,0,0,0,0,0,0,0,0,0,0,0,0,0,0,0,0,0,0,0,0,0,0
l2,8=89,97,0,98,94,98,90,93,0,86,88,0,0,28,0,41,0,0,0,0,0,0,0,0,0,0,0,0,0,0,0,0,0,0,0,0,0,0,0,0
l3,8=89,97,97,0,98,97,81,83,0,0,75,0,0,0,0,0,0,0,0,0,0,0,0,0,4,0,0,0,0,0,0,0,0,0,0,0,0,0,0,0
l4,8=89,97,92,99,0,96,86,82,91,78,92,0,0,82,0,0,0,0,0,0,0,0,0,0,5,0,0,0,0,0,0,0,0,0,0,0,0,0,0,0
l5,8=89,97,99,95,98,0,86,92,91,90,92,69,14,8,0,0,0,0,0,0,0,0,0,0,0,0,0,0,0,0,0,0,0,0,0,0,0,0,0,0
l6,8=84,81,94,50,96,93,0,92,77,94,87,23,0,69,0,0,39,0,0,0,0,0,0,0,0,0,0,0,0,0,0,0,0,0,0,0,0,0,0,0
l7,8=80,90,93,87,89,94,86,0,94,99,97,31,2,94,0,0,1,41,0,0,0,0,0,0,0,0,0,0,0,0,0,0,0,0,0,0,0,0,0,0
l8,8=28,69,0,9,65,93,58,92,0,99,94,96,0,95,71,82,0,65,0,62,0,0,55,0,0,0,0,0,0,0,0,0,0,0,0,0,0,0,0,0
l9,8=85,6,47,0,56,92,86,93,96,0,98,66,48,94,28,77,52,59,0,0,0,35,18,68,75,0,0,0,0,0,0,0,0,0,0,0,0,0,51,0
l10,8=84,87,83,85,93,94,82,94,96,99,0,86,0,90,0,80,39,0,0,0,0,0,0,0,0,0,0,0,0,0,0,0,0,0,0,0,0,0,0,0
l11,8=0,0,0,0,4,41,20,5,95,89,47,0,99,66,74,95,55,67,0,0,28,18,16,68,81,62,0,0,0,0,0,0,0,0,0,12,60,0,53,0
l12,8=0,0,0,0,0,0,0,0,0,30,0,75,0,0,97,55,60,65,0,0,33,0,0,95,96,84,0,0,0,0,0,0,0,36,18,10,42,0,51,0
l13,8=5,0,0,10,50,0,23,92,100,97,54,38,4,0,80,51,25,37,0,0,43,25,0,79,87,68,0,0,0,0,0,0,0,0,0,8,0,0,69,0
l14,8=0,0,0,0,0,0,0,0,76,44,0,55,99,85,0,52,49,70,0,0,53,33,32,92,96,70,0,0,0,0,0,0,0,0,0,0,49,0,22,0
l15,8=0,0,2,0,0,0,0,0,90,84,48,99,79,82,82,0,50,65,0,0,56,33,35,83,83,20,0,0,0,0,0,0,0,0,0,0,64,0,70,0
l16,8=0,0,0,0,0,0,20,0,0,51,10,63,78,24,66,38,0,46,43,67,67,33,59,48,91,34,0,0,0,0,0,34,0,13,23,14,58,41,56,62
l17,8=0,0,0,0,0,0,0,24,82,59,0,63,67,33,93,55,30,0,0,65,58,6,13,59,81,0,0,0,0,0,0,0,0,26,0,0,51,0,67,40
l18,8=0,0,0,0,0,0,0,0,0,0,0,0,0,0,0,0,66,0,0,71,76,51,0,0,0,0,0,0,0,0,0,0,0,0,0,0,0,0,13,0
l19,8=0,0,0,0,0,0,0,0,42,0,0,0,0,0,0,0,65,53,54,0,81,58,82,0,0,0,37,0,50,0,0,72,0,0,0,37,59,0,0,69
l20,8=0,0,0,0,0,0,0,0,0,0,0,3,20,23,30,26,27,37,46,92,0,80,97,0,21,0,0,0,15,0,0,0,0,0,0,30,62,49,75,48
l21,8=0,0,0,0,0,0,0,0,0,47,0,27,14,40,35,26,29,17,31,60,83,0,94,0,0,0,0,0,0,0,0,15,0,0,0,29,45,53,72,70
l22,8=0,0,0,0,0,0,0,0,47,35,0,24,0,0,30,26,69,36,0,87,83,72,0,0,0,0,0,0,0,34,0,0,0,0,0,57,73,44,73,49
l23,8=0,0,0,0,0,0,0,0,0,63,0,50,96,87,90,46,47,42,0,0,0,0,0,0,95,91,0,0,0,0,0,0,73,47,46,0,0,0,0,0
l24,8=0,0,0,25,0,0,0,0,0,68,0,54,99,86,96,44,74,55,0,0,37,0,0,95,0,89,0,0,0,0,0,45,0,0,32,0,0,0,0,0
l25,8=0,0,0,0,0,0,0,0,0,0,0,50,99,81,84,24,40,0,0,0,0,0,0,95,91,0,0,0,0,58,0,63,71,62,40,0,0,0,12,0
l26,8=0,0,0,0,0,0,0,0,0,0,0,0,0,0,0,0,0,0,0,68,42,0,0,0,0,0,0,88,90,90,93,92,85,71,81,0,0,0,0,0
l27,8=0,0,0,0,0,0,0,0,0,0,0,0,0,0,0,0,0,0,0,0,0,0,0,0,0,0,95,0,90,90,95,0,75,0,73,0,0,0,0,0
l28,8=0,0,0,0,0,0,0,0,0,0,0,0,0,0,0,0,0,0,0,77,69,0,0,0,0,0,95,91,0,90,95,92,72,75,79,0,0,0,0,0
l29,8=0,0,0,0,0,0,0,0,0,0,0,0,0,0,0,0,0,0,0,0,0,0,64,0,0,70,95,91,90,0,95,91,74,68,72,0,0,0,0,0
l30,8=0,0,0,0,0,0,0,0,0,0,0,0,0,0,0,0,0,0,0,0,0,0,0,0,0,0,87,91,90,90,0,81,77,67,0,0,0,0,0,0
l31,8=0,0,0,0,0,0,0,0,0,0,0,0,0,0,0,0,58,0,0,69,0,3,0,0,58,55,94,0,82,80,73,0,84,83,87,0,0,0,0,0
l32,8=0,0,0,0,0,0,0,0,0,0,0,0,14,0,0,0,0,0,0,0,0,0,0,79,0,74,94,79,66,73,84,96,0,90,93,0,0,0,0,0
l33,8=0,0,0,0,0,0,0,0,0,0,0,0,80,0,0,0,54,74,0,0,10,0,0,80,1,76,79,0,78,77,81,93,88,0,79,0,0,0,0,0
l34,8=0,0,0,0,0,0,0,0,0,0,0,0,72,0,0,0,72,0,0,0,1,0,0,80,71,74,79,71,76,77,0,92,92,75,0,0,0,0,0,0
l35,8=0,0,0,0,0,0,0,0,0,0,0,20,15,7,0,0,17,0,0,25,42,18,25,0,0,0,0,0,0,0,0,0,0,0,0,0,69,56,65,66
l36,8=0,0,0,0,0,0,0,0,0,0,0,25,15,0,20,12,18,23,0,33,50,11,46,0,0,0,0,0,0,0,0,0,0,0,0,76,0,42,69,50
l37,8=0,0,0,0,0,0,0,0,0,0,0,0,0,0,0,0,16,0,0,0,51,21,20,0,0,0,0,0,0,0,0,0,0,0,0,37,51,0,47,43
l38,8=0,0,0,0,0,0,0,0,0,46,0,26,19,29,4,31,20,30,0,0,64,28,42,0,0,0,0,0,0,0,0,0,0,0,0,47,75,55,0,48
l39,8=0,0,0,0,0,0,0,0,0,0,0,0,0,0,0,0,29,0,0,49,55,51,41,0,0,0,0,0,0,0,0,0,0,0,0,67,65,60,58,0

l0,9=0,95,100,99,99,99,94,88,0,94,96,0,0,0,0,0,0,0,0,0,0,0,0,0,0,0,0,0,0,0,0,0,0,0,0,0,0,0,0,0
l1,9=99,0,100,98,99,96,96,92,89,93,98,0,0,0,0,0,0,0,0,0,0,0,0,0,0,0,0,0,0,0,0,0,0,0,0,0,0,0,0,0
l2,9=99,95,0,99,99,100,100,66,0,55,96,0,15,0,0,0,0,0,0,0,0,0,0,0,0,0,0,0,0,0,0,0,0,0,0,0,0,0,0,0
l3,9=95,90,99,0,99,96,94,85,0,78,95,0,0,0,0,0,0,0,0,0,0,0,0,0,0,0,0,0,0,0,0,0,0,0,0,0,0,0,0,0
l4,9=99,95,97,99,0,94,94,89,93,87,97,0,0,6,76,0,0,0,0,0,0,0,0,0,0,0,0,0,0,0,0,0,0,0,0,0,0,0,0,0
l5,9=99,94,100,99,99,0,99,56,91,95,100,0,0,76,0,0,0,0,0,0,0,0,0,0,0,0,0,0,0,0,0,0,0,0,0,0,0,0,0,0
l6,9=88,91,100,93,87,97,0,95,54,91,100,0,0,88,0,0,40,0,0,0,0,0,0,0,0,0,0,0,0,0,0,0,0,0,0,0,0,0,0,0
l7,9=98,94,90,98,98,84,100,0,99,96,100,65,30,100,0,59,0,0,0,0,0,0,0,0,0,0,0,0,0,0,0,0,0,0,0,0,0,0,0,0
l8,9=0,92,0,0,95,96,96,81,0,96,98,99,0,98,0,69,50,55,0,74,0,0,33,0,0,0,0,0,0,0,0,0,0,0,0,0,0,0,0,0
l9,9=96,93,85,84,89,97,98,97,99,0,100,98,0,100,98,94,56,0,0,0,0,0,1,59,0,0,0,0,0,0,0,0,0,0,0,0,0,0,0,0
l10,9=95,95,94,96,97,100,100,97,99,96,0,45,81,99,0,96,74,78,0,0,2,0,0,38,0,0,0,0,0,0,0,0,0,0,0,0,0,0,0,0
l11,9=0,0,0,0,0,0,0,18,36,33,59,0,99,97,96,97,55,59,0,0,58,32,28,90,90,87,0,0,0,0,0,0,0,0,0,0,58,1,48,0
l12,9=0,0,0,0,0,0,0,0,0,0,7,100,0,97,99,96,55,99,0,0,64,0,0,98,99,100,0,0,0,0,0,0,0,0,4,0,46,0,47,0
l13,9=0,0,0,26,6,60,89,72,99,99,91,99,97,0,95,97,65,1,0,28,60,35,0,84,92,92,0,0,0,0,0,0,0,0,0,0,51,0,49,0
l14,9=0,0,0,0,59,0,0,0,0,34,0,100,100,97,0,82,55,99,0,0,67,35,32,100,100,0,0,0,0,0,0,0,0,0,0,0,58,0,0,0
l15,9=0,0,0,0,0,0,0,6,27,34,94,100,99,97,98,0,55,63,0,0,60,33,32,83,93,0,0,0,0,0,0,0,0,0,0,0,45,38,52,0
l16,9=0,0,0,0,0,0,39,0,20,30,69,99,98,97,93,70,0,60,51,92,68,5,29,88,94,88,0,0,0,0,0,0,0,50,95,0,17,35,53,41
l17,9=0,0,0,0,0,0,0,0,27,0,60,100,100,43,100,76,56,0,0,93,57,32,33,0,77,0,0,0,0,0,0,0,0,52,0,0,48,0,26,39
l18,9=0,0,0,0,0,0,0,0,0,1,0,0,0,0,0,0,88,0,0,0,75,60,0,0,0,0,0,0,0,0,0,0,0,0,0,0,0,0,0,0
l19,9=0,0,0,0,0,0,0,0,9,0,0,0,0,7,0,0,83,82,0,0,90,89,82,0,0,0,52,0,41,1,0,28,0,0,0,0,62,30,39,81
l20,9=0,0,0,0,0,0,0,0,0,0,0,75,79,77,81,52,84,30,44,94,0,93,89,0,5,0,24,0,0,0,0,0,0,0,48,82,71,50,83,77
l21,9=0,0,0,0,0,0,0,0,0,0,0,63,56,76,72,56,25,39,49,93,95,0,89,0,0,0,0,0,0,0,0,0,0,13,0,84,45,44,53,38
l22,9=0,0,0,0,0,0,0,0,23,6,0,61,53,0,65,55,84,77,0,93,95,89,0,0,0,0,31,0,0,58,0,24,0,0,0,85,61,46,80,23
l23,9=0,0,0,0,0,0,0,0,0,17,0,98,100,98,100,73,61,0,0,0,0,0,0,0,100,100,0,0,0,0,0,0,33,64,99,0,0,0,0,0
l24,9=0,0,0,0,0,0,0,0,0,1,0,100,100,97,100,75,96,54,0,0,38,0,0,100,0,100,0,0,0,0,0,4,0,62,29,0,56,0,0,0
l25,9=0,0,0,0,0,0,0,0,0,0,0,94,100,94,0,0,65,0,0,0,0,0,0,100,100,0,0,0,0,3,0,0,32,100,92,0,0,0,44,0
l26,9=0,0,0,0,0,0,0,0,0,0,0,0,0,0,0,0,0,0,0,87,37,0,76,0,0,0,0,86,97,99,99,98,99,90,90,0,0,0,0,0
l27,9=0,0,0,0,0,0,0,0,0,0,0,0,0,0,0,0,0,0,0,0,0,0,0,0,0,0,96,0,97,99,100,90,82,0,0,0,0,0,0,0
l28,9=0,0,0,0,0,0,0,0,0,0,0,0,0,0,0,0,0,0,0,85,0,0,0,0,0,0,96,100,0,99,100,85,0,85,0,0,0,0,0,0
l29,9=0,0,0,0,0,0,0,0,0,0,0,0,0,0,0,0,0,0,0,0,8,0,73,0,0,0,96,100,97,0,100,97,26,83,86,0,0,0,0,0
l30,9=0,0,0,0,0,0,0,0,0,0,0,0,0,0,0,0,0,0,0,0,0,0,0,0,0,0,95,100,97,99,0,94,91,77,89,0,0,0,0,0
l31,9=0,0,0,0,0,0,0,0,0,0,0,0,0,0,0,0,4,0,0,43,1,0,23,0,6,0,94,53,92,92,94,0,99,100,100,0,0,0,0,0
l32,9=0,0,0,0,0,0,0,0,0,0,0,0,36,0,0,0,0,0,0,0,0,0,0,90,0,62,96,24,0,33,98,99,0,100,100,0,0,0,0,0
l33,9=0,0,0,0,0,0,0,0,0,0,0,0,29,0,0,0,49,67,0,0,0,4,0,98,98,98,94,0,94,71,47,99,100,0,99,0,0,0,0,0
l34,9=0,0,0,0,0,0,0,0,0,0,0,0,49,0,0,0,91,0,0,0,52,0,0,98,32,91,95,0,0,96,98,99,100,100,0,0,0,0,0,0
l35,9=0,0,0,0,0,0,0,0,0,0,0,0,0,0,0,0,0,0,0,0,53,30,24,0,0,0,0,0,0,0,0,0,0,0,0,0,85,45,82,33
l36,9=0,0,0,0,0,0,0,0,0,0,0,55,35,50,53,38,0,22,0,56,62,22,26,0,45,0,0,0,0,0,0,0,0,0,0,89,0,50,51,40
l37,9=0,0,0,0,0,0,0,0,0,0,0,0,0,0,0,10,5,0,0,26,61,28,21,0,0,0,0,0,0,0,0,0,0,0,0,83,59,0,51,36
l38,9=0,0,0,0,0,0,0,0,0,0,0,71,60,68,0,50,48,0,0,27,66,35,33,0,0,36,0,0,0,0,0,0,0,0,0,90,59,47,0,39
l39,9=0,0,0,0,0,0,0,0,0,0,0,0,0,0,0,0,49,33,0,84,65,33,2,0,0,0,0,0,0,0,0,0,0,0,0,82,49,44,48,0

l0,10=0,91,90,95,91,75,0,78,0,73,72,0,0,0,0,0,0,0,0,0,0,0,0,0,0,0,0,0,0,0,0,0,0,0,0,0,0,0,0,0
l1,10=92,0,90,93,86,83,89,73,49,61,65,0,0,0,0,0,0,0,0,0,0,0,0,0,0,0,0,0,0,0,0,0,0,0,0,0,0,0,0,0
l2,10=92,86,0,94,84,83,88,83,42,84,81,0,0,0,0,0,0,0,0,0,0,0,0,0,0,0,0,0,0,0,0,0,0,0,0,0,0,0,0,0
l3,10=94,91,92,0,96,83,70,65,0,63,62,0,0,0,0,0,0,0,0,0,0,0,0,0,0,0,0,0,0,0,0,0,0,0,0,0,0,0,0,0
l4,10=92,83,89,95,0,83,76,85,72,60,87,0,0,0,48,0,0,0,0,0,0,0,0,0,0,0,0,0,0,0,0,0,0,0,0,0,0,0,0,0
l5,10=81,86,90,91,89,0,87,89,74,79,87,0,0,73,0,0,0,0,0,0,0,0,0,0,0,0,0,0,0,0,0,0,0,0,0,0,0,0,0,0
l6,10=0,78,86,68,64,79,0,88,70,84,79,0,0,38,0,9,21,0,0,0,0,0,0,0,0,0,0,0,0,0,0,0,0,0,0,0,0,0,0,0
l7,10=70,70,68,76,80,79,87,0,82,86,88,54,44,78,0,0,0,0,0,0,0,0,0,0,0,0,0,0,0,0,0,0,0,0,0,0,0,0,0,0
l8,10=0,25,0,17,65,60,72,83,0,92,67,79,66,84,29,80,11,59,0,38,1,0,58,62,34,0,0,0,0,0,0,0,0,0,0,0,0,0,0,0
l9,10=41,38,47,45,31,53,80,88,85,0,88,78,70,83,35,46,0,0,0,0,0,25,8,52,39,0,0,0,0,0,0,0,0,0,0,0,0,0,0,0
l10,10=62,61,66,68,76,65,75,88,66,87,0,65,0,74,0,71,0,53,0,0,0,0,0,0,0,0,0,0,0,0,0,0,0,0,0,0,0,0,0,0
l11,10=0,0,0,0,0,0,0,31,78,76,68,0,84,82,48,86,51,83,0,0,59,71,0,75,78,59,0,0,0,0,0,0,0,0,0,58,48,0,41,0
l12,10=0,0,0,0,0,0,0,0,65,70,0,87,0,51,97,86,92,97,0,0,68,75,0,94,97,98,0,0,0,0,0,0,0,25,0,38,0,0,47,0
l13,10=0,0,0,0,0,47,56,82,84,84,77,82,78,0,46,84,75,27,0,17,61,64,0,74,78,27,0,0,0,0,0,0,0,0,0,0,0,0,38,0
l14,10=0,0,0,0,28,0,0,0,58,70,0,88,99,51,0,51,86,92,0,0,59,61,51,83,96,84,0,0,0,0,0,0,0,45,0,0,58,0,45,0
l15,10=0,0,0,0,0,0,3,0,78,73,78,89,97,87,49,0,79,84,0,52,64,0,57,0,76,52,0,0,0,0,0,0,0,0,0,0,0,0,45,0
l16,10=0,0,0,0,0,0,8,0,8,0,0,56,93,42,43,45,0,85,28,54,70,77,47,64,93,5,0,0,0,0,0,0,0,0,69,0,55,24,51,58
l17,10=0,0,0,0,0,0,1,0,68,4,66,88,99,18,55,54,91,0,0,63,66,80,71,0,78,33,0,0,0,0,0,0,0,6,0,0,57,0,33,57
l18,10=0,0,0,0,0,0,0,0,0,0,0,0,0,0,0,0,56,0,0,65,78,78,0,0,0,0,0,0,0,0,0,0,0,0,0,0,0,0,0,0
l19,10=0,0,0,0,0,0,0,0,39,0,0,0,0,6,0,34,61,55,50,0,80,74,73,0,0,0,40,0,0,0,0,41,5,0,0,0,0,30,0,53
l20,10=0,0,0,0,0,0,0,0,0,0,0,43,68,30,0,21,74,51,50,80,0,90,90,0,0,0,0,0,0,0,0,0,17,0,0,76,67,34,56,68
l21,10=0,0,0,0,0,0,0,0,0,56,0,62,65,31,28,1,74,60,54,66,91,0,87,0,0,0,3,0,0,0,0,0,0,9,0,67,56,2,50,67
l22,10=0,0,0,0,0,0,0,0,60,31,0,0,0,0,11,33,61,56,0,71,89,85,0,0,0,0,39,0,0,45,0,41,0,0,0,69,71,30,79,54
l23,10=0,0,0,0,0,0,0,0,62,47,0,81,98,50,69,0,79,0,0,0,0,0,0,0,97,99,0,0,0,0,0,0,46,70,14,0,0,0,0,0
l24,10=0,0,0,0,0,0,0,0,8,60,0,88,99,56,99,51,92,83,0,0,4,0,0,98,0,92,0,0,0,0,0,0,0,49,56,0,0,0,13,0
l25,10=0,0,0,14,0,0,0,0,0,0,0,81,99,29,96,48,12,50,0,0,0,0,0,98,97,0,30,0,0,0,0,49,28,99,87,0,0,0,49,0
l26,10=0,0,0,0,0,0,0,0,0,0,0,0,0,0,0,0,0,0,0,61,0,0,61,0,0,23,0,71,98,99,98,99,98,62,68,0,0,0,0,0
l27,10=0,0,0,0,0,0,0,0,0,0,0,0,0,0,0,0,0,0,0,0,0,0,0,0,0,0,79,0,94,99,99,81,0,0,72,0,0,0,0,0
l28,10=0,0,0,0,0,0,0,0,0,0,0,0,0,0,0,0,0,0,0,0,0,0,0,0,0,0,95,95,0,99,99,81,43,67,51,0,0,0,0,0
l29,10=0,0,0,0,0,0,0,0,0,0,0,0,0,0,0,0,0,0,0,0,11,0,39,0,0,0,95,95,98,0,99,85,57,6,57,0,0,0,0,0
l30,10=0,0,0,0,0,0,0,0,0,0,0,0,0,0,0,0,0,0,0,0,0,0,0,0,0,0,95,95,98,99,0,87,71,63,67,0,0,0,0,0
l31,10=0,0,0,0,0,0,0,0,0,0,0,0,0,0,0,0,0,0,0,52,21,0,59,29,0,53,95,70,84,97,96,0,100,100,100,0,0,0,0,0
l32,10=0,0,0,0,0,0,0,0,0,0,0,0,0,0,0,0,1,0,0,23,58,0,0,81,0,35,94,0,45,81,80,99,0,100,100,0,0,0,0,0
l33,10=0,0,0,0,0,0,0,0,0,0,0,0,75,0,77,0,0,23,0,0,18,22,0,96,87,96,86,0,93,22,81,100,100,0,100,0,0,0,0,0
l34,10=0,0,0,0,0,0,0,0,0,0,0,0,0,0,0,0,71,0,0,21,33,0,0,58,68,70,88,38,49,76,71,100,100,100,0,0,0,0,0,0
l35,10=0,0,0,0,0,0,0,0,0,0,0,27,39,0,0,0,0,0,0,0,64,70,65,0,0,0,0,0,0,0,0,0,0,0,0,0,85,40,73,58
l36,10=0,0,0,0,0,0,0,0,0,0,0,46,0,0,5,0,71,60,0,0,71,46,68,0,0,0,0,0,0,0,0,0,0,0,0,89,0,47,54,75
l37,10=0,0,0,0,0,0,0,0,0,0,0,0,0,0,0,0,70,0,0,57,67,0,38,0,0,0,0,0,0,0,0,0,0,0,0,75,69,0,46,61
l38,10=0,0,0,0,0,0,0,0,0,0,0,60,71,15,3,12,78,60,0,0,72,79,70,0,3,24,0,0,0,0,0,0,0,0,0,82,69,41,0,67
l39,10=0,0,0,0,0,0,0,0,0,0,0,0,0,0,0,0,69,44,0,62,66,75,63,0,0,0,0,0,0,0,0,0,0,0,0,69,70,35,51,0

l0,11=0,91,88,89,88,84,49,62,27,61,0,0,0,0,0,0,0,0,0,0,0,0,0,0,0,0,0,0,0,0,0,0,0,0,0,0,0,0,0,0
l1,11=89,0,91,65,79,90,90,82,31,59,66,34,0,20,0,0,0,0,0,0,0,0,0,0,0,0,0,0,0,0,0,0,0,0,0,0,0,0,0,0
l2,11=86,90,0,85,83,90,32,80,51,62,64,0,0,0,0,0,0,0,0,0,0,0,0,0,0,0,0,0,0,0,0,0,0,0,0,0,0,0,0,0
l3,11=89,63,90,0,88,87,32,0,0,35,55,0,0,0,0,0,0,0,0,0,0,0,0,0,0,0,0,0,0,0,0,0,0,0,0,0,0,0,0,0
l4,11=89,70,83,88,0,80,85,67,0,49,61,0,0,0,33,0,0,0,0,0,0,0,0,40,0,0,0,0,0,0,0,0,0,0,0,0,0,0,0,0
l5,11=85,87,91,88,82,0,90,88,50,85,60,0,0,3,0,0,0,0,0,0,0,0,0,0,0,0,0,0,0,0,0,0,0,0,0,0,0,0,0,0
l6,11=30,84,7,40,80,86,0,88,57,84,69,32,0,54,0,57,45,0,0,0,0,0,0,0,0,0,0,0,0,0,0,0,0,0,0,0,0,0,0,0
l7,11=73,78,72,31,73,86,90,0,74,86,83,44,50,78,0,52,0,0,0,0,0,0,0,0,0,0,0,0,0,0,0,0,0,0,0,0,0,0,0,0
l8,11=33,12,16,0,0,51,44,48,0,89,68,46,42,88,48,78,0,60,0,19,0,0,0,37,44,0,0,0,0,0,0,0,0,0,0,0,0,0,0,0
l9,11=42,17,16,34,45,73,62,88,82,0,81,45,36,83,0,72,16,4,0,0,0,44,0,14,0,0,0,0,0,0,0,0,0,0,0,0,0,0,0,0
l10,11=0,53,36,50,55,50,71,88,64,87,0,59,0,69,0,65,0,14,0,1,0,0,0,2,0,0,0,0,0,0,0,0,0,0,0,0,0,0,0,0
l11,11=0,11,0,0,0,0,23,19,48,48,45,0,50,70,78,93,77,83,0,0,0,32,50,75,76,61,0,0,0,0,0,0,0,0,0,43,0,0,22,0
l12,11=0,0,0,0,0,0,0,17,49,46,0,55,0,62,95,91,85,93,0,0,22,50,56,86,97,98,0,0,0,0,0,0,0,0,0,0,0,0,24,0
l13,11=0,1,0,0,0,5,25,33,81,85,49,81,44,0,53,92,73,73,0,1,20,39,0,63,68,65,0,0,0,0,0,0,0,0,0,0,0,0,14,0
l14,11=0,0,0,0,40,0,0,0,22,0,0,52,87,50,0,63,86,85,0,0,0,15,0,83,50,89,0,0,0,0,0,0,0,40,0,54,57,0,18,0
l15,11=0,0,0,0,0,0,25,18,50,48,49,89,53,91,57,0,82,86,0,27,25,46,24,52,0,70,0,0,0,0,0,0,0,0,0,35,61,0,20,0
l16,11=0,0,0,0,0,0,15,0,0,14,0,44,47,54,81,85,0,86,3,16,28,57,60,68,89,21,0,0,0,0,0,0,6,10,56,0,74,22,27,34
l17,11=0,0,0,0,0,0,0,0,40,23,22,54,55,60,88,89,90,0,0,0,27,56,63,69,76,0,0,0,0,0,0,0,0,0,0,0,74,0,7,22
l18,11=0,0,0,0,0,0,0,0,0,0,0,0,0,0,0,0,54,0,0,63,65,72,44,0,0,0,0,0,0,0,0,0,0,0,0,0,0,0,0,0
l19,11=0,0,0,0,0,0,0,0,24,0,1,0,0,2,0,55,49,0,52,0,78,67,62,0,0,0,57,0,0,0,0,22,0,0,13,50,3,17,0,33
l20,11=0,0,0,0,0,0,0,0,0,0,0,0,35,44,0,63,77,55,46,56,0,88,83,0,0,0,1,0,19,0,0,0,0,11,0,65,71,19,23,35
l21,11=0,0,0,0,0,0,0,0,0,35,0,30,33,42,40,62,77,62,50,78,90,0,81,0,14,0,0,0,0,0,0,0,0,0,0,42,55,18,81,41
l22,11=0,0,0,0,0,0,0,0,0,0,0,35,32,0,0,28,66,55,0,58,89,83,0,0,0,0,54,0,0,0,0,33,0,0,0,56,58,0,77,33
l23,11=0,0,0,0,38,0,0,0,1,20,0,48,91,59,93,45,71,53,0,0,0,0,0,0,97,98,0,0,0,0,0,20,46,36,0,0,0,0,0,0
l24,11=0,0,0,0,0,0,0,0,12,2,0,52,91,64,42,0,90,78,0,0,0,0,0,94,0,94,0,0,0,0,0,0,0,0,0,0,0,0,0,0
l25,11=0,0,0,0,0,0,0,0,0,0,0,35,91,63,92,79,29,0,0,0,0,0,0,97,94,0,0,0,0,0,0,44,32,91,0,0,0,0,0,0
l26,11=0,0,0,0,0,0,0,0,0,0,0,0,0,0,0,0,0,0,0,41,30,0,47,0,0,0,0,79,93,87,93,87,83,66,74,0,0,0,0,0
l27,11=0,0,0,0,0,0,0,0,0,0,0,0,0,0,0,0,0,0,0,0,0,0,0,0,0,0,86,0,90,88,97,74,3,0,43,0,0,0,0,0
l28,11=0,0,0,0,0,0,0,0,0,0,0,0,0,0,0,0,0,0,0,0,28,0,0,0,0,0,89,97,0,91,97,77,42,0,35,0,0,0,0,0
l29,11=0,0,0,0,0,0,0,0,0,0,0,0,0,0,0,0,0,0,0,0,0,0,0,0,0,0,87,97,93,0,97,88,37,32,39,0,0,0,0,0
l30,11=0,0,0,0,0,0,0,0,0,0,0,0,0,0,0,0,0,0,0,0,0,0,0,0,0,0,89,97,93,91,0,83,76,84,77,0,0,0,0,0
l31,11=0,0,0,0,0,0,0,0,0,0,0,0,0,0,0,0,0,0,0,24,0,0,49,26,0,59,89,75,82,85,84,0,89,100,100,0,0,0,0,0
l32,11=0,0,0,0,0,0,0,0,0,0,0,0,0,0,0,0,22,0,0,0,10,0,0,39,0,30,89,5,58,33,66,95,0,100,100,0,0,0,0,0
l33,11=0,0,0,0,0,0,0,0,0,0,0,0,0,0,79,0,29,0,0,0,27,0,0,79,0,98,86,0,0,78,95,97,94,0,100,0,0,0,0,0
l34,11=0,0,0,0,0,0,0,0,0,0,0,0,0,0,21,0,71,0,0,12,0,0,0,10,17,0,85,79,50,70,82,97,94,100,0,0,0,0,0,0
l35,11=0,0,0,0,0,0,0,0,0,0,0,15,4,0,25,21,0,0,0,15,26,17,60,0,0,0,0,0,0,0,0,0,0,0,0,0,88,24,26,38
l36,11=0,0,0,0,0,0,0,0,0,0,0,0,0,0,44,57,76,61,0,0,26,50,70,0,0,0,0,0,0,0,0,0,0,0,0,81,0,26,26,40
l37,11=0,0,0,0,0,0,0,0,0,0,0,0,0,0,0,0,69,0,0,3,23,47,0,0,0,0,0,0,0,0,0,0,0,0,0,68,82,0,24,37
l38,11=0,0,0,0,0,0,0,0,0,0,0,39,39,27,37,61,84,0,0,0,28,60,75,0,0,0,0,0,0,0,0,0,0,0,0,76,86,24,0,40
l39,11=0,0,0,0,0,0,0,0,0,0,0,0,0,0,0,0,69,4,0,27,25,53,62,0,0,0,0,0,0,0,0,0,0,0,0,69,86,22,77,0

l0,12=0,89,85,95,92,90,74,68,4,55,47,0,0,0,0,0,0,0,0,0,0,0,0,0,0,0,0,0,0,0,0,0,0,0,0,0,0,0,0,0
l1,12=89,0,80,92,87,86,88,86,0,46,62,52,0,0,0,0,0,0,0,0,0,0,0,0,0,0,0,0,0,0,0,0,0,0,0,0,0,0,0,0
l2,12=89,86,0,92,84,90,90,58,41,66,59,0,0,0,0,0,0,0,0,0,0,0,0,0,0,0,0,0,0,0,0,0,0,0,0,0,0,0,0,0
l3,12=89,85,82,0,91,85,1,55,0,0,52,0,0,0,0,0,0,0,0,0,0,0,0,0,0,0,0,0,0,0,0,0,0,0,0,0,0,0,0,0
l4,12=89,86,81,92,0,57,79,69,50,51,23,0,0,0,47,0,0,0,0,0,0,0,0,55,0,0,0,0,0,0,0,0,0,0,0,0,0,0,0,0
l5,12=87,87,85,91,74,0,88,88,74,75,54,0,0,47,0,0,0,0,0,0,0,0,0,48,0,0,0,0,0,0,0,0,0,0,0,0,0,0,0,0
l6,12=70,87,83,42,82,78,0,87,60,47,71,66,0,48,0,73,0,0,0,0,0,0,0,0,0,0,0,0,0,0,0,0,0,0,0,0,0,0,0,0
l7,12=70,87,30,44,82,86,88,0,77,78,79,46,29,68,0,14,0,0,0,0,0,0,0,0,0,0,0,0,0,0,0,0,0,0,0,0,0,0,0,0
l8,12=14,0,25,36,64,65,49,68,0,81,71,63,40,84,44,73,41,24,0,47,0,38,0,0,16,0,0,0,0,0,0,0,0,0,0,0,0,0,0,0
l9,12=58,28,33,0,57,86,39,87,82,0,80,60,35,78,0,67,49,6,0,0,53,56,0,0,1,0,0,0,0,0,0,0,0,0,0,0,0,0,0,0
l10,12=50,44,39,72,35,57,78,89,77,80,0,53,2,72,0,70,0,0,0,0,0,0,0,20,0,0,0,0,0,0,0,0,0,0,0,0,0,0,0,0
l11,12=0,29,0,0,0,0,57,10,47,66,63,0,48,48,71,89,64,49,0,0,65,60,51,49,29,14,0,0,0,0,0,0,0,0,0,23,23,0,55,0
l12,12=0,0,0,0,0,0,0,7,44,60,0,79,0,44,93,88,83,91,0,0,71,60,54,78,98,99,0,0,0,0,0,0,0,1,0,0,0,0,73,0
l13,12=0,0,0,0,0,57,47,49,82,75,69,81,46,0,69,89,68,44,0,0,62,56,0,72,55,41,0,0,0,0,0,0,0,0,0,0,0,0,0,0
l14,12=0,0,0,0,64,0,0,0,37,0,0,60,90,43,0,81,89,46,0,0,0,60,3,91,98,27,0,0,0,0,0,0,0,71,66,31,27,0,57,0
l15,12=0,0,0,0,0,0,56,0,48,68,67,88,86,88,71,0,68,50,0,49,67,62,5,58,72,45,0,0,0,0,0,0,0,0,0,0,0,0,60,0
l16,12=0,0,0,0,0,0,0,0,6,51,0,63,50,35,81,86,0,50,23,61,76,68,47,36,81,12,0,0,0,0,0,0,0,0,5,22,44,46,78,28
l17,12=0,0,0,0,0,0,0,0,9,47,0,76,52,41,78,88,82,0,0,52,78,72,40,55,54,0,0,0,0,0,0,0,0,45,0,0,40,0,67,14
l18,12=0,0,0,0,0,0,0,0,0,0,0,0,0,0,0,0,63,0,0,61,69,59,0,0,0,0,0,0,0,0,0,0,0,0,0,0,0,0,0,0
l19,12=0,0,0,0,0,0,0,0,28,0,0,0,0,0,0,58,55,32,28,0,84,67,72,0,0,0,29,0,49,7,0,57,24,0,0,30,0,0,50,67
l20,12=0,0,0,0,0,0,0,0,0,47,0,45,35,27,0,64,63,36,26,86,0,86,84,0,0,0,24,0,20,0,0,8,0,0,0,38,69,49,75,44
l21,12=0,0,0,0,0,0,0,0,29,49,0,53,46,31,50,64,67,63,31,85,90,0,83,0,53,0,18,0,0,0,0,0,0,0,0,40,63,51,83,58
l22,12=0,0,0,0,0,0,0,0,0,0,0,49,34,0,1,12,54,32,0,79,89,84,0,0,0,0,26,0,0,0,0,0,0,0,0,35,61,41,76,58
l23,12=0,0,0,0,69,24,0,0,0,0,4,53,49,44,89,72,44,35,0,0,0,0,0,0,98,99,0,0,0,0,0,15,31,67,0,0,0,0,0,0
l24,12=0,0,0,3,0,0,0,0,0,17,0,15,90,35,94,86,89,33,0,0,0,59,0,95,0,94,0,0,0,0,0,31,60,0,0,0,1,0,53,0
l25,12=0,0,0,0,0,0,0,0,0,0,0,49,90,35,44,83,75,0,0,0,0,0,0,99,98,0,0,0,0,0,0,76,71,67,91,0,0,0,0,0
l26,12=0,0,0,0,0,0,0,0,0,0,0,0,0,0,0,0,0,0,0,64,46,16,39,0,0,0,0,78,93,82,96,94,78,68,78,0,0,0,0,0
l27,12=0,0,0,0,0,0,0,0,0,0,0,0,0,0,0,0,0,0,0,0,0,0,0,0,0,0,80,0,90,95,97,84,0,14,19,0,0,0,0,0
l28,12=0,0,0,0,0,0,0,0,0,0,0,0,0,0,0,0,0,0,0,63,52,0,0,0,0,0,83,99,0,95,97,86,66,68,70,0,0,0,0,0
l29,12=0,0,0,0,0,0,0,0,0,0,0,0,0,0,0,0,0,0,0,2,0,0,0,0,0,0,82,99,93,0,97,86,77,74,79,0,0,0,0,0
l30,12=0,0,0,0,0,0,0,0,0,0,0,0,0,0,0,0,0,0,0,0,0,0,0,0,0,0,83,99,93,95,0,84,77,46,40,0,0,0,0,0
l31,12=0,0,0,0,0,0,0,0,0,0,0,0,0,0,0,0,0,0,0,71,56,0,0,51,54,71,83,87,88,90,95,0,95,100,99,0,0,0,0,0
l32,12=0,0,0,0,0,0,0,0,0,0,0,0,0,0,0,0,0,0,0,54,0,0,0,67,73,77,80,0,89,87,92,94,0,100,99,0,0,0,0,0
l33,12=0,0,0,0,0,0,0,0,0,0,0,0,25,0,68,0,0,9,0,0,0,0,0,76,0,69,80,44,78,83,89,99,95,0,99,0,0,0,0,0
l34,12=0,0,0,0,0,0,0,0,0,0,0,0,0,0,67,0,12,0,0,0,0,0,0,0,0,91,81,64,88,88,78,99,95,100,0,0,0,0,0,0
l35,12=0,0,0,0,0,0,0,0,0,0,0,21,0,0,18,0,13,0,0,28,64,47,70,0,0,0,0,0,0,0,0,0,0,0,0,0,86,60,77,29
l36,12=0,0,0,0,0,0,0,0,0,0,0,31,0,0,6,0,63,24,0,0,79,67,72,0,0,0,0,0,0,0,0,0,0,0,0,85,0,62,80,56
l37,12=0,0,0,0,0,0,0,0,0,0,0,0,0,0,0,0,41,0,0,0,69,58,33,0,0,0,0,0,0,0,0,0,0,0,0,48,49,0,34,52
l38,12=0,0,0,0,0,0,0,0,0,0,0,43,27,0,24,32,69,22,0,34,79,70,72,0,34,0,0,0,0,0,0,0,0,0,0,50,49,32,0,57
l39,12=0,0,0,0,0,0,0,0,0,0,0,0,0,0,0,0,47,0,0,66,72,55,77,0,0,0,0,0,0,0,0,0,0,0,0,30,83,59,83,0

l0,13=0,94,95,94,91,93,96,94,76,86,89,0,0,0,0,0,0,0,0,0,0,0,0,0,0,0,0,0,0,0,0,0,0,0,0,0,0,0,0,0
l1,13=93,0,95,95,91,93,95,92,40,48,77,0,0,0,0,0,0,0,0,0,0,0,0,0,0,0,0,0,0,0,0,0,0,0,0,0,0,0,0,0
l2,13=93,94,0,94,91,93,96,86,0,87,92,0,0,19,0,0,0,0,0,0,0,0,0,0,0,0,0,0,0,0,0,0,0,0,0,0,0,0,0,0
l3,13=95,95,95,0,95,93,96,91,2,0,92,0,0,0,0,0,0,0,0,0,0,0,0,0,3,0,0,0,0,0,0,0,0,0,0,0,0,0,0,0
l4,13=93,94,95,94,0,91,96,91,52,8,91,0,0,0,0,0,0,0,0,0,0,0,0,0,0,0,0,0,0,0,0,0,0,0,0,0,0,0,0,0
l5,13=93,94,95,94,87,0,96,87,67,90,89,0,0,48,0,0,0,0,0,0,0,0,0,0,0,0,0,0,0,0,0,0,0,0,0,0,0,0,0,0
l6,13=90,91,95,89,91,93,0,0,63,85,0,85,0,46,0,82,0,0,0,0,0,0,0,0,0,0,0,0,0,0,0,0,0,0,0,0,0,0,0,0
l7,13=91,93,87,92,90,89,2,0,91,90,92,64,12,71,0,6,0,0,0,0,0,0,0,0,0,0,0,0,0,0,0,0,0,0,0,0,0,0,0,0
l8,13=43,33,0,47,67,77,79,90,0,94,90,70,31,91,55,71,65,32,0,24,0,66,7,0,44,0,0,0,0,0,0,0,0,0,0,0,0,0,0,0
l9,13=26,0,78,0,0,88,89,90,92,0,92,76,29,88,36,83,71,34,0,0,60,68,0,0,0,0,0,0,0,0,0,0,0,0,0,0,0,0,0,0
l10,13=26,40,84,56,84,87,0,94,87,94,0,75,0,88,0,74,0,0,0,0,0,0,0,0,0,0,0,0,0,0,0,0,0,0,0,0,0,0,0,0
l11,13=0,0,0,0,0,0,78,46,37,49,79,0,59,98,44,94,82,71,0,0,74,72,50,31,0,9,0,0,0,0,0,0,0,0,0,0,0,0,72,0
l12,13=0,0,0,0,0,0,0,0,3,49,0,96,0,23,70,94,95,84,0,0,84,60,52,33,72,99,0,0,0,0,0,0,0,82,0,0,75,0,80,0
l13,13=0,0,7,0,0,68,74,50,69,94,88,97,32,0,45,94,71,54,0,10,70,74,0,20,25,67,0,0,0,0,0,0,0,0,0,0,0,0,71,0
l14,13=0,0,0,0,0,0,0,0,37,47,0,96,98,32,0,90,97,59,0,0,0,70,0,63,100,90,0,0,0,0,0,0,14,81,65,0,72,0,0,0
l15,13=0,0,0,0,0,0,77,0,31,52,78,97,68,98,43,0,98,75,0,17,76,58,0,33,51,75,0,0,0,0,0,0,0,0,0,0,66,0,73,0
l16,13=0,0,0,0,0,0,0,0,7,46,0,84,39,18,48,93,0,59,5,27,79,76,53,24,59,73,0,0,0,0,0,0,0,20,44,65,79,25,84,59
l17,13=0,0,0,0,0,0,0,0,18,49,0,96,41,31,47,93,97,0,0,26,89,91,42,29,60,19,0,0,0,0,0,0,0,77,0,0,76,0,82,0
l18,13=0,0,0,0,0,0,0,0,0,0,0,0,0,0,0,0,85,0,0,94,94,0,59,0,0,0,0,0,0,0,0,0,0,0,0,0,0,0,0,0
l19,13=0,0,0,0,0,0,0,0,50,0,0,0,0,0,0,64,77,52,64,0,94,92,86,0,0,0,54,0,3,22,0,49,0,0,0,46,66,69,60,62
l20,13=0,0,0,0,0,0,0,0,0,35,0,67,29,14,0,73,81,52,25,96,0,98,94,0,0,0,45,0,0,0,0,22,0,0,0,81,83,85,89,65
l21,13=0,0,0,0,0,0,0,0,41,52,0,81,39,44,38,70,81,73,0,96,95,0,94,0,47,0,46,0,0,0,0,0,0,0,0,65,79,11,88,86
l22,13=0,0,0,0,0,0,0,0,0,0,0,67,26,0,0,0,74,28,2,57,95,98,0,0,0,0,61,0,0,0,0,0,0,0,52,81,86,68,87,92
l23,13=0,0,0,0,0,0,0,0,0,0,0,93,40,3,99,94,84,40,0,0,0,0,0,0,63,100,0,0,0,0,0,0,0,51,69,0,0,0,0,0
l24,13=0,0,0,41,0,0,0,0,36,0,0,0,99,0,99,93,99,60,0,0,0,74,0,40,0,100,0,0,0,0,0,0,30,0,0,0,74,0,4,0
l25,13=0,0,0,2,0,0,0,0,0,0,0,13,99,32,70,94,97,3,0,0,0,0,0,100,100,0,0,0,0,11,0,39,36,100,100,0,0,0,0,0
l26,13=0,0,0,0,0,0,0,0,0,0,0,0,0,0,0,0,0,0,0,55,68,34,70,0,0,0,0,91,98,87,99,99,94,88,1,0,0,0,0,0
l27,13=0,0,0,0,0,0,0,0,0,0,0,0,0,0,0,0,0,0,0,0,0,0,0,0,0,0,92,0,98,99,100,93,83,86,63,0,0,0,0,0
l28,13=0,0,0,0,0,0,0,0,0,0,0,0,0,0,0,0,0,0,0,42,36,0,0,0,0,2,97,97,0,99,100,98,85,87,91,0,0,0,0,0
l29,13=0,0,0,0,0,0,0,0,0,0,0,0,0,0,0,0,0,0,0,29,0,0,0,0,0,0,85,97,98,0,100,94,93,85,94,0,0,0,0,0
l30,13=0,0,0,0,0,0,0,0,0,0,0,0,0,0,0,0,0,0,0,0,0,0,0,0,0,0,97,97,98,99,0,98,85,86,11,0,0,0,0,0
l31,13=0,0,0,0,0,0,0,0,0,0,0,0,0,0,0,0,0,0,0,51,85,0,0,0,0,87,97,95,98,99,100,0,99,100,100,0,0,0,0,0
l32,13=0,0,0,0,0,0,0,0,0,0,0,0,0,0,57,0,30,0,0,4,0,0,0,0,89,89,90,84,88,93,93,100,0,100,100,0,0,0,0,0
l33,13=0,0,0,0,0,0,0,0,0,0,0,0,98,0,82,0,35,63,0,0,0,0,0,35,0,100,97,90,98,99,100,100,99,0,100,0,0,0,0,0
l34,13=0,0,0,0,0,0,0,0,0,0,0,0,0,0,87,0,88,0,0,0,45,0,72,74,16,99,0,66,97,99,56,100,99,100,0,0,0,0,0,0
l35,13=0,0,0,0,0,0,0,0,0,0,0,0,0,0,1,0,62,0,0,13,77,57,53,0,0,0,0,0,0,0,0,0,0,0,0,0,91,97,87,76
l36,13=0,0,0,0,0,0,0,0,0,0,0,0,25,0,19,44,77,29,0,23,82,73,58,0,37,0,0,0,0,0,0,0,0,0,0,93,0,88,91,82
l37,13=0,0,0,0,0,0,0,0,0,0,0,0,0,0,0,0,0,0,0,25,79,0,44,0,0,0,0,0,0,0,0,0,0,0,0,92,84,0,76,68
l38,13=0,0,0,0,0,0,0,0,0,0,0,72,32,6,0,71,80,38,0,27,86,81,55,0,1,0,0,0,0,0,0,0,0,0,0,84,85,82,0,76
l39,13=0,0,0,0,0,0,0,0,0,0,0,0,0,0,0,0,68,0,0,29,74,80,62,0,0,0,0,0,0,0,0,0,0,0,0,85,86,76,81,0

l0,14=0,100,100,100,100,100,100,98,96,99,100,0,0,0,0,0,0,0,0,0,0,0,0,0,0,0,0,0,0,0,0,0,0,0,0,0,0,0,0,0
l1,14=100,0,100,100,100,100,19,0,47,0,53,0,0,48,0,0,0,0,0,0,0,0,0,0,0,0,0,0,0,0,0,0,0,0,0,0,0,0,0,0
l2,14=100,100,0,100,100,100,100,100,42,100,100,0,0,51,0,11,0,0,0,0,0,0,0,0,0,0,0,0,0,0,0,0,0,0,0,0,0,0,0,0
l3,14=100,100,100,0,100,100,100,100,0,0,99,0,0,0,0,0,0,0,0,0,0,0,0,0,0,0,0,0,0,0,0,0,0,0,0,0,0,0,0,0
l4,14=100,100,100,99,0,100,100,0,48,43,100,0,0,0,0,1,0,0,0,0,0,0,0,0,0,0,0,0,0,0,0,0,0,0,0,0,0,0,0,0
l5,14=100,100,100,100,100,0,100,100,97,100,100,0,0,65,0,85,0,0,0,0,0,0,0,0,0,0,0,0,0,0,0,0,0,0,0,0,0,0,0,0
l6,14=93,6,100,94,100,100,0,95,91,98,98,98,0,93,0,89,0,0,0,0,0,0,54,0,0,0,0,0,0,0,0,0,0,0,0,0,0,0,0,0
l7,14=98,0,100,98,0,99,98,0,98,100,100,0,0,63,0,6,96,0,0,0,0,0,0,0,0,0,0,0,0,0,0,0,0,0,0,0,0,0,0,0
l8,14=56,44,8,14,44,31,24,39,0,100,100,49,55,35,28,47,42,0,0,9,49,52,43,0,26,0,0,0,0,0,0,0,0,0,0,0,0,0,0,0
l9,14=56,0,44,0,43,72,40,98,99,0,100,51,0,100,28,86,42,49,0,0,50,53,0,30,7,0,0,0,0,0,0,0,0,0,0,0,0,0,0,0
l10,14=96,55,69,88,100,100,96,100,99,100,0,48,66,100,20,54,0,0,0,0,19,0,0,0,0,0,0,0,0,0,0,0,0,0,0,0,0,0,0,0
l11,14=0,0,0,0,0,0,59,0,49,99,51,0,98,99,61,100,97,93,0,0,90,56,72,51,0,32,0,0,0,0,0,0,0,0,0,0,15,0,36,0
l12,14=0,0,0,0,0,0,0,0,78,0,45,98,0,64,100,94,41,100,0,1,90,1,55,62,61,100,0,0,0,0,0,0,0,49,0,13,5,0,0,0
l13,14=0,93,84,0,0,60,57,85,97,100,99,100,98,0,61,100,97,94,0,27,0,98,0,55,61,75,0,0,0,0,0,0,0,0,0,0,0,0,72,0
l14,14=0,0,0,0,0,0,0,0,51,43,22,98,100,35,0,73,97,93,0,0,6,15,0,63,100,1,0,0,0,0,0,0,6,38,0,2,0,0,36,0
l15,14=0,0,0,0,2,21,43,0,98,99,51,100,98,99,61,0,97,93,0,23,90,65,0,62,60,27,0,0,0,0,0,0,0,0,0,0,0,0,71,0
l16,14=0,0,0,0,0,0,0,39,30,55,0,86,64,17,59,93,0,91,2,23,82,92,96,12,58,23,0,0,0,0,0,0,0,47,26,57,51,1,51,62
l17,14=0,0,0,0,0,0,0,0,0,44,0,98,98,64,61,97,97,0,0,43,90,99,80,62,61,37,0,0,0,0,0,0,0,0,0,36,42,0,75,0
l18,14=0,0,0,0,0,0,0,0,0,0,0,0,0,0,0,0,80,0,0,88,96,3,88,0,0,0,0,0,0,0,0,0,0,0,0,0,0,0,0,0
l19,14=0,0,0,0,0,0,0,0,1,0,0,0,82,3,0,86,90,78,46,0,98,96,95,0,0,0,62,0,0,36,0,0,0,0,0,84,54,49,71,90
l20,14=0,0,0,0,0,0,0,0,2,88,0,78,91,0,0,89,90,78,53,97,0,99,97,0,0,0,6,0,0,0,0,0,0,0,55,86,54,50,99,95
l21,14=0,0,0,0,0,0,0,0,93,90,0,78,83,74,51,92,90,82,0,97,99,0,97,0,83,0,0,0,0,0,0,0,0,0,15,83,93,49,92,91
l22,14=0,0,0,0,0,0,35,0,11,0,0,78,88,0,0,0,93,79,43,96,99,99,0,0,0,0,81,0,0,0,0,0,0,0,0,84,90,20,74,96
l23,14=0,0,0,0,0,0,0,0,0,42,0,51,70,25,99,86,40,52,0,0,0,0,0,0,26,100,0,0,0,0,0,0,42,44,55,0,0,0,0,0
l24,14=0,0,0,0,0,0,0,0,48,34,0,0,100,35,100,90,100,95,0,0,0,51,0,31,0,77,0,0,0,0,0,0,0,0,0,0,21,0,0,0
l25,14=0,0,0,0,0,0,0,0,0,0,0,48,100,37,13,45,42,52,0,0,0,0,0,100,100,0,0,0,17,0,0,0,42,97,99,0,0,0,0,0
l26,14=0,0,0,0,0,0,0,0,0,0,0,0,0,0,0,0,0,0,0,67,63,0,77,0,0,0,0,89,100,92,94,99,93,82,87,0,0,0,0,0
l27,14=0,0,0,0,0,0,0,0,0,0,0,0,0,0,0,0,0,0,0,0,0,0,0,0,0,0,83,0,98,100,97,88,84,72,4,0,0,0,0,0
l28,14=0,0,0,0,0,0,0,0,0,0,0,0,0,0,0,0,0,0,0,10,0,0,0,0,0,59,100,100,0,100,97,99,84,82,92,0,0,0,0,0
l29,14=0,0,0,0,0,0,0,0,0,0,0,0,0,0,0,0,0,0,0,59,0,0,0,0,0,0,82,100,100,0,97,88,85,0,85,0,0,0,0,0
l30,14=0,0,0,0,0,0,0,0,0,0,0,0,0,0,0,0,0,0,0,0,0,0,0,0,0,0,90,100,100,100,0,88,82,82,0,0,0,0,0,0
l31,14=0,0,0,0,0,0,0,0,0,0,0,0,0,0,0,0,0,0,0,0,0,0,0,0,0,0,100,86,98,97,86,0,99,100,99,0,0,0,0,0
l32,14=0,0,0,0,0,0,0,0,0,0,0,0,0,0,43,0,0,0,0,0,0,0,0,71,0,83,100,94,94,99,89,100,0,100,100,0,0,0,0,0
l33,14=0,0,0,0,0,0,0,0,0,0,0,0,88,0,79,0,88,0,0,0,0,0,0,84,0,100,100,84,99,0,96,100,100,0,100,0,0,0,0,0
l34,14=0,0,0,0,0,0,0,0,0,0,0,0,0,0,0,0,97,0,0,0,98,35,11,98,0,100,99,18,99,99,0,100,100,100,0,0,0,0,0,0
l35,14=0,0,0,0,0,0,0,0,0,0,0,0,64,0,0,0,88,51,0,57,85,86,86,0,0,0,0,0,0,0,0,0,0,0,0,0,94,96,96,93
l36,14=0,0,0,0,0,0,0,0,0,0,0,1,48,0,0,0,89,71,0,40,85,90,89,0,19,0,0,0,0,0,0,0,0,0,0,98,0,42,75,88
l37,14=0,0,0,0,0,0,0,0,0,0,0,0,0,0,0,0,0,0,0,23,78,0,0,0,0,0,0,0,0,0,0,0,0,0,0,95,53,0,72,86
l38,14=0,0,0,0,0,0,0,0,0,0,0,74,0,2,36,64,89,80,0,20,89,87,90,0,0,0,0,0,0,0,0,0,0,0,0,96,58,53,0,90
l39,14=0,0,0,0,0,0,0,0,0,0,0,0,0,0,0,0,90,0,0,57,86,92,90,0,0,0,0,0,0,0,0,0,0,0,0,84,53,51,72,0

l0,15=0,97,98,100,99,100,97,98,95,98,72,0,0,0,0,0,0,0,0,0,0,0,0,0,0,0,0,0,0,0,0,0,0,0,0,0,0,0,0,0
l1,15=99,0,98,98,98,96,97,98,95,95,98,0,0,92,57,0,0,0,0,0,0,0,0,0,0,0,0,0,0,0,0,0,0,0,0,0,0,0,0,0
l2,15=99,97,0,98,97,100,97,99,96,98,2,86,0,98,0,0,0,0,0,0,0,0,0,0,0,0,0,0,0,0,0,0,0,0,0,0,0,0,0,0
l3,15=100,100,91,0,99,96,0,0,0,0,97,0,0,0,0,0,0,0,0,0,0,0,0,0,0,0,0,0,0,0,0,0,0,0,0,0,0,0,0,0
l4,15=100,100,98,100,0,100,97,99,94,93,98,0,0,0,0,0,0,0,0,0,0,0,0,0,0,0,0,0,0,0,0,0,0,0,0,0,0,0,0,0
l5,15=99,97,98,98,97,0,97,99,97,98,98,0,0,97,0,84,0,0,0,0,0,0,0,0,0,0,0,0,0,0,0,0,0,0,0,0,0,0,0,0
l6,15=99,97,98,0,96,95,0,99,96,98,98,97,60,97,0,96,0,0,0,0,0,0,47,0,0,0,0,0,0,0,0,0,0,0,0,0,0,0,0,0
l7,15=64,65,98,81,96,96,97,0,97,98,99,0,0,33,5,0,97,0,0,0,0,0,0,0,0,0,0,0,0,0,0,0,0,0,0,0,0,0,0,0
l8,15=63,60,45,7,96,96,95,99,0,100,99,61,60,96,97,79,1,0,0,26,4,93,96,8,54,0,0,0,0,0,0,0,0,0,0,0,0,0,0,0
l9,15=98,6,60,0,86,99,98,99,100,0,99,99,0,100,0,99,98,35,0,0,99,98,1,54,0,0,0,0,0,0,0,0,0,0,0,0,0,0,0,0
l10,15=53,96,0,96,97,96,97,100,97,100,0,0,96,98,41,0,38,0,0,0,0,0,0,0,0,0,0,0,0,0,0,0,0,0,0,0,0,0,0,0
l11,15=0,0,4,0,0,0,99,0,100,100,1,0,63,100,96,100,100,99,0,17,63,100,99,58,60,63,0,0,0,0,0,0,0,0,0,0,100,0,99,0
l12,15=0,0,0,0,0,0,2,0,99,0,84,99,0,100,100,99,100,99,0,0,65,0,93,99,100,100,0,0,0,0,0,0,0,0,0,2,91,0,55,0
l13,15=0,59,64,0,0,95,96,6,99,100,84,100,100,0,96,100,100,99,0,21,0,19,33,84,22,61,0,0,0,0,0,0,0,0,0,2,0,0,70,0
l14,15=0,0,0,0,0,0,0,0,98,0,4,62,100,97,0,81,100,98,0,0,63,0,0,85,100,63,0,0,0,0,0,0,0,99,0,0,0,0,94,0
l15,15=0,0,0,0,2,53,95,0,99,100,0,100,62,97,99,0,100,99,0,0,63,99,0,84,59,61,0,0,0,0,0,0,0,0,0,61,0,0,99,0
l16,15=0,0,0,0,0,0,4,90,0,96,31,61,58,93,99,81,0,98,65,55,63,96,98,0,59,3,0,0,0,0,0,0,0,53,21,59,97,83,95,5
l17,15=0,0,0,0,0,0,0,0,0,99,0,62,63,97,99,92,100,0,0,60,65,99,98,85,59,62,0,0,0,0,0,0,0,95,10,0,97,2,99,0
l18,15=0,0,0,0,0,0,0,0,0,0,0,0,0,0,0,0,97,0,0,71,87,4,79,0,0,0,0,0,0,0,0,0,0,0,0,0,0,0,0,0
l19,15=0,0,0,0,0,0,0,0,13,0,0,4,36,0,0,0,83,80,63,0,99,97,89,0,0,0,65,0,0,41,0,0,0,0,0,48,75,0,76,92
l20,15=0,0,0,0,0,0,0,0,0,99,0,57,60,0,76,74,99,97,78,99,0,100,98,0,0,0,3,0,0,0,0,0,0,0,0,62,97,0,99,98
l21,15=0,0,0,0,0,0,0,0,84,94,0,58,0,14,0,77,98,98,0,99,99,0,98,0,48,0,0,0,16,0,0,0,0,12,50,56,98,89,98,96
l22,15=0,0,0,0,0,0,11,0,76,39,0,52,52,0,0,0,97,84,25,92,99,99,0,0,0,0,44,0,0,27,0,0,0,0,0,53,74,79,79,76
l23,15=0,0,0,0,0,0,0,0,0,88,0,21,100,97,100,83,0,99,0,0,0,0,0,0,100,100,0,0,0,0,0,0,98,100,0,0,0,0,0,0
l24,15=0,0,0,0,0,0,0,0,98,0,0,62,100,0,100,100,100,100,0,0,0,62,0,86,0,63,0,0,0,0,0,0,95,0,0,0,91,0,0,0
l25,15=0,0,0,0,0,0,0,0,0,0,0,65,95,96,88,80,6,92,0,0,0,0,0,100,100,0,70,0,63,0,0,59,97,90,79,0,0,0,0,0
l26,15=0,0,0,0,0,0,0,0,0,0,0,0,0,0,0,0,0,0,0,90,65,0,79,0,0,89,0,93,90,94,98,81,87,79,94,0,0,0,0,0
l27,15=0,0,0,0,0,0,0,0,0,0,0,0,0,0,0,0,0,0,0,0,0,0,0,0,0,0,64,0,90,98,99,72,87,88,94,0,0,0,0,0
l28,15=0,0,0,0,0,0,0,0,0,0,0,0,0,0,0,0,0,0,0,0,0,20,0,0,0,86,82,95,0,98,99,83,87,95,98,0,0,0,0,0
l29,15=0,0,0,0,0,0,0,0,0,0,0,0,0,0,0,0,0,0,0,89,0,0,70,0,0,4,82,95,90,0,99,78,88,88,95,0,0,0,0,0
l30,15=0,0,0,0,0,0,0,0,0,0,0,0,0,0,0,0,0,0,0,0,0,0,0,0,0,0,72,95,90,98,0,71,87,88,0,0,0,0,0,0
l31,15=0,0,0,0,0,0,0,0,0,0,0,0,0,0,0,0,0,0,0,0,0,0,0,0,0,87,82,90,87,95,96,0,98,98,100,0,0,0,0,0
l32,15=0,0,0,0,0,0,0,0,0,0,0,0,33,0,0,0,0,0,0,0,0,0,0,95,91,96,82,93,88,97,98,81,0,98,100,0,0,0,0,0
l33,15=0,0,0,0,0,0,0,0,0,0,0,0,45,0,95,0,97,75,0,0,0,9,0,99,0,82,78,93,88,74,98,94,100,0,100,0,0,0,0,0
l34,15=0,0,0,0,0,0,0,0,0,0,0,0,0,0,0,0,63,0,0,0,0,73,0,0,8,96,80,91,86,91,0,83,98,98,0,0,0,0,0,0
l35,15=0,0,0,0,0,0,0,0,0,0,0,0,37,0,0,43,76,0,0,29,49,55,74,0,0,0,0,0,0,0,0,0,0,0,0,0,98,89,94,91
l36,15=0,0,0,0,0,0,0,0,0,0,0,52,47,0,0,0,89,70,0,45,52,87,83,0,21,0,0,0,0,0,0,0,0,0,0,98,0,92,99,89
l37,15=0,0,0,0,0,0,0,0,0,0,0,0,0,0,0,0,43,0,0,0,0,79,79,0,0,0,0,0,0,0,0,0,0,0,0,97,96,0,94,91
l38,15=0,0,0,0,0,0,0,0,0,0,0,51,47,0,36,61,90,93,0,20,64,95,85,0,0,0,0,0,0,0,0,0,0,0,0,61,98,91,0,94
l39,15=0,0,0,0,0,0,0,0,0,0,0,0,0,0,0,0,0,0,0,43,61,90,76,0,0,0,0,0,0,0,0,0,0,0,0,93,93,89,95,0

