t=2016-04-13_01.48.50

n=40

q0=1
q1=1
q2=1
q3=1
q4=1
q5=1
q6=1
q7=1
q8=1
q9=1
q10=1
q11=1
q12=1
q13=1
q14=1
q15=1
q16=1
q17=1
q18=1
q19=1
q20=1
q21=1
q22=1
q23=1
q24=1
q25=1
q26=1
q27=1
q28=1
q29=1
q30=1
q31=1
q32=1
q33=1
q34=1
q35=1
q36=1
q37=1
q38=1
q39=1

a0=0x141592000c576ce6
a1=0x141592000c5aedbc
a2=0x141592000c5750f4
a3=0x141592000c576658
a4=0x141592000c575890
a5=0x141592000c574ffa
a6=0x141592000c5acf11
a7=0x141592000d9df361
a8=0x141592000c576300
a9=0x141592000c5779b6
a10=0x141592000c5762b9
a11=0x141592000c5af078
a12=0x141592000c575517
a13=0x141592000c5752c3
a14=0x141592000c5a4baa
a15=0x141592000c5776e7
a16=0x141592000c58cdeb
a17=0x141592000c5881fc
a18=0x141592000bd81d33
a19=0x141592000bd84d6a
a20=0x141592000c577233
a21=0x141592000c574527
a22=0x141592000c5746a3
a23=0x141592000c574da3
a24=0x141592000c5741c9
a25=0x141592000da244ea
a26=0x141592000c5ae886
a27=0x141592000c57510e
a28=0x141592000c5ab6c8
a29=0x141592000c574d05
a30=0x141592000edae61f
a31=0x141592000c57667e
a32=0x141592000c577f43
a33=0x141592000c576449
a34=0x1415920010f4117a
a35=0x141592000c575966
a36=0x141592000c574d35
a37=0x141592000c576fb1
a38=0x141592000c5aea5d
a39=0x141592000c59f23f

l0,0=0,91,92,96,93,89,89,86,45,91,82,0,0,0,0,0,0,0,0,0,0,0,0,0,0,0,0,0,0,0,0,0,0,0,0,0,0,0,0,0
l1,0=93,0,93,93,93,92,70,91,84,74,83,0,0,25,0,0,0,0,0,0,0,0,0,0,0,0,0,0,0,0,0,0,0,0,0,0,0,0,0,0
l2,0=84,91,0,86,94,92,95,91,24,88,83,0,0,80,0,0,0,0,0,0,0,0,0,0,0,0,0,0,0,0,0,0,0,0,0,0,0,0,0,0
l3,0=96,91,92,0,93,88,89,84,77,0,71,0,0,0,0,0,0,0,0,0,0,0,0,0,0,0,0,0,0,0,0,0,0,0,0,0,0,0,0,0
l4,0=93,91,94,93,0,88,82,79,82,69,76,0,0,68,0,0,0,0,0,0,0,0,0,0,0,0,0,0,0,0,0,0,0,0,0,0,0,0,0,0
l5,0=86,92,93,86,88,0,88,84,83,88,80,41,0,68,0,0,0,0,0,0,0,0,0,0,0,0,0,0,0,0,0,0,0,0,0,0,0,0,0,0
l6,0=77,53,97,79,78,79,0,84,78,67,76,37,0,69,0,32,38,0,0,0,0,0,0,0,0,0,0,0,0,0,0,0,0,0,0,0,0,0,0,0
l7,0=73,81,88,83,82,78,85,0,81,75,83,64,0,71,0,18,0,0,0,0,0,0,0,0,0,0,0,0,0,0,0,0,0,0,0,0,0,0,0,0
l8,0=0,59,0,43,75,69,69,46,0,91,69,73,72,91,42,63,81,51,0,0,0,43,1,52,51,0,0,0,0,0,0,0,0,0,0,0,0,0,23,0
l9,0=80,58,92,0,75,88,80,91,93,0,84,71,56,84,6,45,56,69,0,0,0,0,43,0,0,0,0,0,0,0,0,0,0,0,0,0,0,0,0,0
l10,0=80,83,91,70,82,81,81,89,82,96,0,75,56,84,0,69,0,0,0,0,0,0,0,0,0,0,0,0,0,0,0,0,0,0,0,0,0,0,0,0
l11,0=0,0,0,0,0,25,15,24,50,41,37,0,90,91,50,91,65,96,0,16,0,15,0,0,44,15,0,0,0,0,0,0,0,0,0,0,70,0,29,0
l12,0=0,0,0,0,0,0,0,0,45,27,12,83,0,84,84,91,42,100,0,0,18,24,0,80,92,83,0,0,0,0,0,0,0,60,0,2,47,0,29,0
l13,0=0,0,41,0,62,1,22,21,92,77,78,82,84,0,84,80,29,80,0,17,0,41,44,69,43,25,0,0,0,0,0,0,0,0,0,0,0,0,27,0
l14,0=0,0,0,0,0,0,0,0,47,12,0,76,87,88,0,32,65,87,0,0,19,0,59,84,55,55,0,0,0,0,0,0,0,65,0,0,25,0,26,0
l15,0=0,0,0,0,0,0,13,17,49,20,36,96,92,87,47,0,41,86,0,0,10,0,42,28,65,0,0,0,0,0,0,0,0,0,0,0,62,0,30,0
l16,0=0,0,0,0,0,0,15,0,46,30,0,67,69,45,31,26,0,93,0,15,16,34,60,43,43,0,0,0,0,0,0,0,0,35,0,37,50,6,30,23
l17,0=0,0,0,0,0,0,0,0,36,37,0,82,92,83,28,33,57,0,0,0,22,33,35,0,50,30,0,0,0,0,0,0,0,67,0,0,79,0,16,0
l18,0=0,0,0,0,0,0,0,0,0,0,0,0,0,0,0,0,0,0,0,0,69,2,74,0,0,0,0,0,0,0,0,0,0,0,0,0,0,0,0,0
l19,0=0,0,0,0,0,0,0,0,2,0,0,41,0,57,0,0,74,0,0,0,79,28,90,0,0,0,17,0,0,0,0,8,0,0,0,31,78,0,59,87
l20,0=0,0,0,0,0,0,0,0,0,0,0,0,62,0,20,8,42,66,78,85,0,89,90,0,0,0,0,0,0,0,0,0,0,0,26,48,84,65,96,95
l21,0=0,0,0,0,0,0,0,0,67,0,0,31,55,63,0,0,78,63,35,29,86,0,90,0,0,0,6,0,0,0,0,0,0,0,0,70,60,21,81,77
l22,0=0,0,0,0,0,0,0,0,20,15,0,0,2,55,22,15,63,44,77,87,86,89,0,0,0,0,2,0,0,0,0,7,1,0,0,67,93,28,50,57
l23,0=0,0,0,0,0,0,0,0,39,0,0,0,83,79,47,9,39,0,0,0,0,0,0,0,82,13,0,0,0,0,0,8,1,67,75,0,0,0,0,0
l24,0=0,0,0,0,0,0,0,0,48,0,0,72,91,84,79,52,61,85,0,0,0,0,1,87,0,53,0,0,0,0,0,0,60,78,65,0,0,0,0,0
l25,0=0,0,0,0,0,0,0,0,15,0,0,20,83,65,84,0,0,74,0,0,0,0,0,30,72,0,29,6,0,0,0,36,66,67,73,0,0,0,0,0
l26,0=0,0,0,0,0,0,0,0,0,0,0,0,0,0,0,0,0,0,0,50,0,4,21,0,0,60,0,77,98,73,91,92,75,47,55,0,0,0,0,0
l27,0=0,0,0,0,0,0,0,0,0,0,0,0,0,0,0,0,0,0,0,0,0,0,0,0,0,1,86,0,98,78,98,80,79,74,72,0,0,0,0,0
l28,0=0,0,0,0,0,0,0,0,0,0,0,0,0,0,0,0,0,0,0,0,0,0,0,0,0,0,91,100,0,78,97,87,81,58,72,0,0,0,0,0
l29,0=0,0,0,0,0,0,0,0,0,0,0,0,0,0,0,0,0,0,0,1,0,0,0,0,0,1,91,100,98,0,98,72,64,45,52,0,0,0,0,0
l30,0=0,0,0,0,0,0,0,0,0,0,0,0,0,0,0,0,0,0,0,0,0,0,0,0,0,0,85,100,98,78,0,65,73,69,0,0,0,0,0,0
l31,0=0,0,0,0,0,0,0,0,0,0,0,0,0,0,0,0,0,0,0,42,0,0,35,41,0,60,82,56,87,50,59,0,87,67,90,0,0,0,0,0
l32,0=0,0,0,0,0,0,0,0,0,0,0,0,0,0,0,0,0,0,0,0,0,0,0,25,58,60,76,56,71,39,62,89,0,85,91,0,0,0,0,0
l33,0=0,0,0,0,0,0,0,0,0,0,0,0,54,0,57,0,55,63,0,0,0,0,0,48,58,67,72,48,70,35,71,84,85,0,78,0,0,0,0,0
l34,0=0,0,0,0,0,0,0,0,0,0,0,0,0,0,0,0,0,0,0,0,45,0,0,60,62,76,76,61,77,42,0,92,92,54,0,0,0,0,0,0
l35,0=0,0,0,0,0,0,0,0,0,0,0,0,0,0,0,0,17,0,0,5,11,40,59,0,0,0,0,0,0,0,0,0,0,0,0,0,77,88,95,40
l36,0=0,0,0,0,0,0,0,0,0,0,0,56,32,0,1,14,25,63,0,18,32,30,87,0,0,0,0,0,0,0,0,0,0,0,0,87,0,55,38,34
l37,0=0,0,0,0,0,0,0,0,0,0,0,0,0,0,0,0,5,0,0,0,27,4,46,0,0,0,0,0,0,0,0,0,0,0,0,87,97,0,0,36
l38,0=0,0,0,0,0,0,0,0,22,0,0,49,71,49,4,27,55,18,0,14,32,41,80,0,0,0,0,0,0,0,0,0,0,0,0,88,98,0,0,36
l39,0=0,0,0,0,0,0,0,0,0,0,0,0,0,0,0,0,28,0,0,29,32,35,82,0,0,0,0,0,0,0,0,0,0,0,0,87,97,55,39,0

l0,1=0,89,69,93,92,81,76,0,67,78,71,0,0,2,0,0,0,0,0,0,0,0,0,0,0,0,0,0,0,0,0,0,0,0,0,0,0,0,0,0
l1,1=85,0,86,87,92,88,74,70,68,73,83,0,0,52,0,0,0,0,0,0,0,0,0,0,0,0,0,0,0,0,0,0,0,0,0,0,0,0,0,0
l2,1=65,93,0,82,90,93,86,80,0,80,90,0,0,0,0,10,0,0,0,0,0,0,0,0,0,0,0,0,0,0,0,0,0,0,0,0,0,0,0,0
l3,1=91,89,82,0,81,84,73,57,0,0,71,0,0,0,0,0,0,0,0,0,0,0,0,0,0,0,0,0,0,0,0,0,0,0,0,0,0,0,0,0
l4,1=88,89,82,68,0,84,62,60,74,67,72,0,0,49,10,0,0,0,0,0,0,0,0,0,0,0,0,0,0,0,0,0,0,0,0,0,0,0,0,0
l5,1=78,91,86,80,87,0,70,82,70,78,81,0,0,30,0,0,0,0,0,0,0,0,0,0,0,0,0,0,0,0,0,0,0,0,0,0,0,0,0,0
l6,1=57,72,86,39,43,66,0,86,63,46,79,35,4,43,0,3,16,0,0,0,0,0,0,0,0,0,0,0,0,0,0,0,0,0,0,0,0,0,0,0
l7,1=0,50,76,22,42,81,75,0,80,82,89,25,9,0,0,0,0,0,0,0,0,0,0,0,0,0,0,0,0,0,0,0,0,0,0,0,0,0,0,0
l8,1=36,41,0,0,70,57,70,79,0,85,73,66,0,83,52,66,46,32,0,0,0,56,28,16,0,0,0,0,0,0,0,0,0,0,0,0,0,0,0,0
l9,1=59,53,72,0,63,71,59,80,91,0,89,59,25,84,23,56,31,46,0,0,0,10,12,0,0,0,0,0,0,0,0,0,0,0,0,0,0,0,0,0
l10,1=43,79,81,50,57,76,72,89,74,89,0,49,0,79,0,40,1,0,0,0,0,4,0,0,0,0,0,0,0,0,0,0,0,0,0,0,0,0,0,0
l11,1=0,0,0,0,0,0,32,28,53,38,38,0,79,85,65,74,43,71,0,23,10,7,0,2,36,0,0,0,0,0,0,0,0,0,0,3,22,0,34,0
l12,1=0,0,0,0,0,0,0,0,8,25,0,73,0,45,73,67,50,77,0,0,20,21,12,70,79,33,0,0,0,0,0,0,0,4,0,0,1,0,32,0
l13,1=0,3,0,0,19,0,25,0,78,76,75,78,46,0,69,41,47,63,0,9,9,21,21,28,28,12,0,0,0,0,0,0,0,0,0,0,0,0,34,0
l14,1=0,0,0,0,11,0,0,0,47,32,0,51,81,36,0,52,48,45,0,0,19,18,19,72,50,39,0,0,0,0,0,0,0,0,0,0,0,0,0,0
l15,1=0,0,2,0,0,0,1,0,53,36,38,85,81,22,35,0,25,62,0,0,0,0,13,12,60,0,0,0,0,0,0,0,0,0,0,0,16,0,1,0
l16,1=0,0,0,0,0,0,20,0,41,31,0,30,23,19,56,24,0,46,0,11,19,22,37,28,30,10,0,0,0,0,0,0,1,11,0,14,9,16,33,37
l17,1=0,0,0,0,0,0,0,0,36,30,0,49,88,30,40,59,54,0,0,0,19,0,18,26,35,3,0,0,0,0,0,0,0,16,0,2,19,0,1,0
l18,1=0,0,0,0,0,0,0,0,0,0,0,0,0,0,0,0,0,0,0,37,48,56,61,0,0,0,0,0,0,0,0,0,0,0,0,0,0,0,0,0
l19,1=0,0,0,0,0,0,0,0,0,0,0,13,0,18,0,0,5,0,22,0,60,34,68,0,0,0,37,0,0,0,0,10,0,0,0,23,54,12,52,62
l20,1=0,0,0,0,0,0,0,0,0,0,0,0,23,17,29,0,46,35,39,80,0,75,67,0,0,0,0,0,0,0,0,2,0,0,0,24,32,46,55,58
l21,1=0,0,0,0,0,0,0,0,56,26,12,5,22,21,27,0,48,10,29,28,62,0,66,0,0,0,10,0,0,0,0,11,8,0,0,61,17,29,52,58
l22,1=0,0,0,0,0,0,0,0,46,18,0,0,15,19,20,30,48,31,39,83,65,75,0,0,6,0,4,0,0,0,0,16,0,0,0,34,60,26,41,61
l23,1=0,0,0,0,0,0,0,0,30,0,0,0,42,32,62,2,40,31,0,0,0,0,0,0,72,40,0,0,0,0,0,0,0,18,61,0,0,0,0,0
l24,1=0,0,0,0,0,0,0,0,0,0,0,47,80,22,68,65,46,43,0,0,0,0,11,76,0,41,0,0,0,0,0,0,29,39,35,0,0,0,0,0
l25,1=0,0,0,0,0,0,0,0,10,0,0,0,59,23,64,0,38,29,0,0,0,0,0,60,63,0,25,0,16,0,0,17,0,45,52,0,0,0,0,0
l26,1=0,0,0,0,0,0,0,0,0,0,0,0,0,0,0,0,0,0,0,48,0,5,19,0,0,42,0,63,82,77,75,56,72,51,58,0,0,0,0,0
l27,1=0,0,0,0,0,0,0,0,0,0,0,0,0,0,0,0,0,0,0,0,0,0,0,0,0,0,74,0,85,88,87,45,63,45,65,0,0,0,0,0
l28,1=0,0,0,0,0,0,0,0,0,0,0,0,0,0,0,0,0,0,0,10,0,0,0,0,0,33,87,78,0,89,80,53,49,47,61,0,0,0,0,0
l29,1=0,0,0,0,0,0,0,0,0,0,0,0,0,0,0,0,0,0,0,0,0,0,0,0,0,2,82,80,85,0,80,46,57,19,35,0,0,0,0,0
l30,1=0,0,0,0,0,0,0,0,0,0,0,0,0,0,0,0,0,0,0,0,0,0,0,0,0,0,74,84,85,87,0,38,54,48,0,0,0,0,0,0
l31,1=0,0,0,0,0,0,0,0,0,0,0,0,0,0,0,0,0,0,0,39,7,3,40,0,0,47,77,43,66,48,52,0,72,55,70,0,0,0,0,0
l32,1=0,0,0,0,0,0,0,0,0,0,0,0,0,0,0,0,2,0,0,0,0,1,0,0,16,0,68,21,22,21,19,52,0,52,84,0,0,0,0,0
l33,1=0,0,0,0,0,0,0,0,0,0,0,0,10,0,0,0,14,17,0,0,0,0,0,13,18,25,60,19,27,13,22,46,67,0,29,0,0,0,0,0
l34,1=0,0,0,0,0,0,0,0,0,0,0,0,0,0,0,0,0,0,0,0,5,0,0,43,21,47,53,23,63,20,0,52,84,45,0,0,0,0,0,0
l35,1=0,0,0,0,0,0,0,0,0,0,0,0,0,0,0,0,29,0,0,10,15,32,48,0,0,0,0,0,0,0,0,0,0,0,0,0,55,47,58,49
l36,1=0,0,0,0,0,0,0,0,0,0,0,31,0,0,0,27,37,34,0,32,32,6,59,0,0,0,0,0,0,0,0,0,0,0,0,39,0,48,58,56
l37,1=0,0,0,0,0,0,0,0,0,0,0,0,0,0,0,0,9,0,0,7,31,21,19,0,0,0,0,0,0,0,0,0,0,0,0,39,35,0,55,62
l38,1=0,0,0,0,0,0,0,0,0,0,0,27,20,18,0,0,33,0,0,32,36,34,38,0,0,0,0,0,0,0,0,0,0,0,0,69,59,40,0,62
l39,1=0,0,0,0,0,0,0,0,0,0,0,0,0,0,0,0,36,0,0,40,31,30,60,0,0,0,0,0,0,0,0,0,0,0,0,32,29,44,52,0

l0,2=0,83,77,79,81,73,77,62,64,58,64,0,0,2,0,0,0,0,0,0,0,0,0,0,0,0,0,0,0,0,0,0,0,0,0,0,0,0,0,0
l1,2=87,0,85,86,86,80,81,67,35,64,81,0,0,0,0,0,0,0,0,0,0,0,0,0,0,0,0,0,0,0,0,0,0,0,0,0,0,0,0,0
l2,2=76,79,0,82,76,86,87,73,29,78,77,0,0,0,0,9,0,0,0,0,0,0,0,0,0,0,0,0,0,0,0,0,0,0,0,0,0,0,0,0
l3,2=90,90,87,0,81,68,66,4,56,3,1,0,0,0,0,0,0,0,0,0,0,0,0,0,0,0,0,0,0,0,0,0,0,0,0,0,0,0,0,0
l4,2=81,84,76,74,0,76,76,62,0,68,50,0,0,0,0,0,0,0,0,0,0,0,0,6,0,0,0,0,0,0,0,0,0,0,0,0,0,0,0,0
l5,2=74,83,86,73,77,0,74,72,67,69,75,0,0,8,0,0,0,0,0,0,0,0,0,0,0,0,0,0,0,0,0,0,0,0,0,0,0,0,0,0
l6,2=65,75,84,27,72,64,0,55,34,64,76,14,17,22,0,14,0,0,0,0,0,0,0,0,0,0,0,0,0,0,0,0,0,0,0,0,0,0,0,0
l7,2=52,70,76,26,62,71,74,0,69,72,79,19,0,53,0,20,0,0,0,0,0,0,0,0,0,0,0,0,0,0,0,0,0,0,0,0,0,0,0,0
l8,2=22,2,0,9,0,40,20,68,0,81,69,43,0,73,3,39,42,40,0,0,0,38,17,0,22,0,0,0,0,0,0,0,0,0,0,0,0,0,2,0
l9,2=35,60,84,6,75,59,71,73,78,0,78,41,24,72,0,33,15,11,0,0,0,14,0,0,0,0,0,0,0,0,0,0,0,0,0,0,0,0,0,0
l10,2=30,74,74,2,32,75,81,76,68,80,0,18,0,68,0,13,0,4,0,0,0,0,0,1,0,0,0,0,0,0,0,0,0,0,0,0,0,0,0,0
l11,2=0,0,0,0,0,0,21,12,45,33,26,0,63,81,73,52,42,75,0,26,13,28,19,30,21,1,0,0,0,0,0,0,0,0,0,6,33,0,24,18
l12,2=0,0,0,0,0,0,19,0,0,25,0,77,0,49,85,47,53,81,0,0,0,32,0,72,85,70,0,0,0,0,0,0,0,0,0,0,0,0,19,0
l13,2=0,0,0,0,0,0,0,13,70,63,52,72,32,0,47,34,46,53,1,29,11,32,22,35,32,24,0,0,0,0,0,0,0,0,0,0,0,0,30,0
l14,2=0,0,0,0,0,0,0,0,23,0,0,70,69,51,0,27,55,48,0,0,21,2,0,77,73,69,0,0,0,0,0,0,0,38,0,0,0,0,27,0
l15,2=0,0,7,0,0,0,23,20,56,28,29,87,68,62,35,0,23,60,0,13,26,0,0,0,67,0,0,0,0,0,0,0,0,0,0,0,14,0,23,19
l16,2=0,0,0,0,0,0,0,0,32,17,0,32,36,40,57,13,0,61,0,31,37,34,40,0,36,28,0,0,0,0,0,0,0,27,0,32,40,0,23,28
l17,2=0,0,0,0,0,0,0,0,30,23,1,84,69,51,37,37,67,0,0,0,25,33,23,33,58,0,0,0,0,0,0,0,0,18,0,0,34,0,21,0
l18,2=0,0,0,0,0,0,0,0,0,0,0,0,0,6,0,0,0,0,0,47,36,54,46,0,0,0,0,0,0,0,0,0,0,0,0,0,0,0,0,0
l19,2=0,0,0,0,0,0,0,0,0,0,0,27,0,47,0,0,19,0,42,0,46,0,63,0,0,0,39,0,0,0,0,36,0,0,0,8,62,1,50,54
l20,2=0,0,0,0,0,0,0,0,0,0,0,10,0,33,24,24,46,29,35,60,0,71,62,0,0,0,0,0,0,0,0,0,0,0,25,41,63,48,50,55
l21,2=0,0,0,0,0,0,0,0,39,23,0,29,27,39,5,0,46,25,35,0,64,0,67,0,0,0,0,0,0,0,0,0,0,23,0,47,63,37,50,55
l22,2=0,0,0,0,0,0,0,0,34,0,0,27,5,38,0,0,46,28,38,63,57,66,0,0,0,0,3,0,0,26,0,26,0,0,0,52,63,41,20,55
l23,2=0,0,0,0,0,0,0,0,0,0,0,35,59,52,73,0,0,40,0,0,0,0,0,0,79,63,0,0,0,0,0,0,0,0,40,0,0,0,0,0
l24,2=0,0,0,0,0,0,0,0,41,0,0,35,61,62,67,39,54,63,0,0,5,0,0,76,0,70,0,0,0,0,0,0,0,28,22,0,23,0,0,0
l25,2=0,0,0,0,0,0,0,0,7,0,0,0,59,63,67,0,47,0,0,0,0,0,0,59,70,0,41,0,0,0,0,50,47,56,62,0,0,0,0,0
l26,2=0,0,0,0,0,0,0,0,0,0,0,0,0,0,0,0,0,0,0,43,0,0,6,0,0,38,0,14,79,84,69,73,68,65,66,0,0,0,0,0
l27,2=0,0,0,0,0,0,0,0,0,0,0,0,0,0,0,0,0,0,0,0,0,0,0,0,0,0,27,0,79,90,83,71,66,53,73,0,0,0,0,0
l28,2=0,0,0,0,0,0,0,0,0,0,0,0,0,0,0,0,0,0,0,0,0,0,0,0,0,0,83,86,0,90,72,70,43,50,60,0,0,0,0,0
l29,2=0,0,0,0,0,0,0,0,0,0,0,0,0,0,0,0,0,0,0,0,0,0,43,0,0,0,77,86,79,0,70,61,41,0,3,0,0,0,0,0
l30,2=0,0,0,0,0,0,0,0,0,0,0,0,0,0,0,0,0,0,0,0,0,0,0,0,0,0,73,90,74,81,0,44,40,49,51,0,0,0,0,0
l31,2=0,0,0,0,0,0,0,0,0,0,0,0,0,0,0,0,0,0,0,40,9,0,32,0,0,40,74,62,63,51,36,0,75,66,78,0,0,0,0,0
l32,2=0,0,0,0,0,0,0,0,0,0,0,0,0,0,0,0,0,0,0,0,0,0,0,0,0,42,58,55,49,57,42,73,0,68,91,0,0,0,0,0
l33,2=0,0,0,0,0,0,0,0,0,0,0,0,0,0,50,0,30,26,0,0,0,41,0,0,32,55,53,44,56,0,48,56,64,0,72,0,0,0,0,0
l34,2=0,0,0,0,0,0,0,0,0,0,0,0,0,0,0,0,2,0,0,0,35,0,0,47,42,45,54,53,54,32,36,71,80,77,0,0,0,0,0,0
l35,2=0,0,0,0,0,0,0,0,0,0,0,0,0,0,0,0,30,0,0,0,15,40,45,0,0,0,0,0,0,0,0,0,0,0,0,0,69,52,54,53
l36,2=0,0,0,0,0,0,0,0,0,0,0,32,0,10,0,3,45,32,0,40,44,63,53,0,6,0,0,0,0,0,0,0,0,0,0,67,0,52,54,54
l37,2=0,0,0,0,0,0,0,0,0,0,0,0,0,0,0,0,0,0,0,0,39,37,42,0,0,0,0,0,0,0,0,0,0,0,0,61,69,0,49,54
l38,2=0,0,0,0,0,0,0,0,0,0,0,25,22,42,18,14,29,20,0,42,52,65,12,0,0,0,0,0,0,0,0,0,0,0,0,62,70,48,0,60
l39,2=0,0,0,0,0,0,0,0,0,0,0,0,0,0,0,0,38,0,0,50,37,62,52,0,0,0,0,0,0,0,0,0,0,0,0,52,56,44,49,0

l0,3=0,81,80,87,74,86,84,68,0,69,0,0,0,0,0,0,0,0,0,0,0,0,0,0,0,0,0,0,0,0,0,0,0,0,0,0,0,0,0,0
l1,3=76,0,78,91,84,86,89,77,64,84,78,0,0,0,0,0,0,0,0,0,0,0,0,0,0,0,0,0,0,0,0,0,0,0,0,0,0,0,0,0
l2,3=77,76,0,91,86,89,96,83,76,87,89,0,0,69,0,0,0,0,0,0,0,0,0,0,0,0,0,0,0,0,0,0,0,0,0,0,0,0,0,0
l3,3=79,87,88,0,86,0,90,0,17,10,76,0,0,0,0,0,0,0,0,0,0,0,0,0,0,0,0,0,0,0,0,0,0,0,0,0,0,0,0,0
l4,3=37,84,91,92,0,91,86,5,0,43,27,0,0,27,0,0,0,0,0,0,0,0,0,0,0,0,0,0,0,0,0,0,0,0,0,0,0,0,0,0
l5,3=77,85,92,2,86,0,87,84,74,82,88,47,0,81,16,12,0,0,0,0,0,0,0,0,0,0,0,0,0,0,0,0,0,0,0,0,0,0,0,0
l6,3=69,88,92,85,79,82,0,80,77,83,93,69,65,69,0,58,68,0,0,0,0,0,0,0,0,0,0,0,0,0,0,0,0,0,0,0,0,0,0,0
l7,3=68,78,87,0,26,81,86,0,82,88,91,0,0,82,0,65,37,0,0,0,0,0,0,0,0,0,0,0,0,0,0,0,0,0,0,0,0,0,0,0
l8,3=0,21,39,9,0,0,56,77,0,88,82,72,24,88,0,83,67,35,0,0,0,44,34,0,31,0,0,0,0,0,0,0,0,0,0,0,0,0,19,0
l9,3=30,42,48,10,41,35,48,82,84,0,94,32,40,89,20,40,0,1,0,0,23,2,0,0,0,0,0,0,0,0,0,0,0,0,0,0,0,0,0,0
l10,3=0,39,88,35,21,84,92,86,82,91,0,33,8,88,10,34,0,0,0,0,0,0,0,11,22,0,0,0,0,0,0,0,0,0,0,0,0,0,19,0
l11,3=0,0,0,0,0,0,78,0,78,60,70,0,88,95,79,94,65,92,0,15,18,61,64,72,76,17,0,0,0,0,0,0,0,0,0,0,49,8,70,0
l12,3=0,0,0,0,0,0,33,0,14,25,0,94,0,40,91,94,38,98,0,19,0,38,19,76,96,83,0,0,0,0,0,0,0,5,0,33,2,0,27,0
l13,3=0,0,25,0,6,1,26,25,85,85,80,90,57,0,0,83,34,66,15,17,26,34,31,28,28,25,0,0,0,0,0,0,0,0,0,0,13,0,30,0
l14,3=0,0,0,0,0,0,0,0,11,22,11,95,91,0,0,31,52,22,0,0,25,0,0,90,94,61,0,0,0,0,0,0,0,0,0,0,0,0,33,0
l15,3=0,0,0,0,0,0,29,25,80,54,20,95,91,90,21,0,74,79,0,9,31,31,0,25,88,0,0,0,0,0,0,0,0,0,0,0,0,0,29,18
l16,3=0,0,0,0,0,0,34,10,30,0,0,30,46,38,62,42,0,84,16,2,73,68,81,0,43,26,0,0,0,0,0,0,0,18,0,0,25,16,31,33
l17,3=0,0,0,0,0,0,0,0,62,1,0,94,91,82,18,75,91,0,0,0,56,39,33,33,78,0,0,0,0,0,0,0,0,8,0,16,58,2,39,27
l18,3=0,0,0,0,0,0,0,0,0,0,0,0,0,47,0,0,22,0,0,71,41,32,50,0,0,0,0,0,0,0,0,0,0,0,0,0,0,0,0,0
l19,3=0,0,0,0,0,0,0,0,0,0,0,2,41,48,0,3,0,0,57,0,80,88,93,0,0,0,0,0,0,36,0,57,0,0,0,0,66,51,62,0
l20,3=0,0,0,0,0,0,0,0,0,32,0,3,0,68,31,78,86,74,47,88,0,89,93,0,67,0,0,0,0,0,0,0,0,0,14,15,77,88,88,84
l21,3=0,0,0,0,0,0,0,0,71,23,0,62,68,67,0,50,82,66,54,86,82,0,92,0,0,0,0,0,0,0,0,0,25,42,0,11,75,74,68,79
l22,3=0,0,0,0,0,0,0,0,61,0,0,57,38,64,0,0,80,55,39,97,90,89,0,0,0,0,66,0,0,57,0,0,0,0,0,92,73,65,83,84
l23,3=0,0,0,0,0,0,0,0,0,0,0,26,82,38,80,30,0,24,0,0,0,0,0,0,89,83,0,0,0,0,0,0,0,35,0,0,0,0,0,0
l24,3=0,0,0,0,0,0,0,0,26,0,6,65,91,34,78,79,79,81,0,0,32,0,0,90,0,81,0,0,0,0,0,0,0,57,0,0,21,0,22,0
l25,3=0,0,0,0,3,0,0,0,0,0,0,13,82,36,77,0,34,0,0,0,0,0,0,88,87,0,17,0,0,1,0,29,36,83,72,0,0,0,0,0
l26,3=0,0,0,0,0,0,0,0,0,0,0,0,0,0,0,0,0,0,0,0,0,0,61,0,0,35,0,71,98,94,92,93,85,58,83,0,0,0,0,0
l27,3=0,0,0,0,0,0,0,0,0,0,0,0,0,0,0,0,0,0,0,0,0,0,0,0,0,0,90,0,98,99,99,90,92,1,36,0,0,0,0,0
l28,3=0,0,0,0,0,0,0,0,0,0,0,0,0,0,0,0,0,0,0,0,0,0,0,0,0,0,94,100,0,99,89,87,82,90,77,0,0,0,0,0
l29,3=0,0,0,0,0,0,0,0,0,0,0,0,0,0,0,0,0,0,0,52,0,0,61,0,0,2,93,99,98,0,93,88,90,58,68,0,0,0,0,0
l30,3=0,0,0,0,0,0,0,0,0,0,0,0,0,0,0,0,0,0,0,0,0,0,0,0,0,0,92,100,92,93,0,79,86,64,0,0,0,0,0,0
l31,3=0,0,0,0,0,0,0,0,0,0,0,0,0,0,0,0,0,0,0,63,0,0,7,1,0,60,94,67,86,73,47,0,98,95,95,0,0,0,0,0
l32,3=0,0,0,0,0,0,0,0,0,0,0,0,1,0,0,0,0,0,0,0,0,24,0,0,0,75,87,53,81,81,82,99,0,95,96,0,0,0,0,0
l33,3=0,0,0,0,0,0,0,0,0,0,0,0,31,0,0,0,48,0,0,0,0,43,0,62,80,87,63,0,89,58,66,92,90,0,90,0,0,0,0,0
l34,3=0,0,0,0,0,0,0,0,0,0,0,0,0,0,1,0,0,0,0,0,53,0,0,37,17,83,81,34,85,80,16,97,98,95,0,0,0,0,0,0
l35,3=0,0,0,0,0,0,0,0,0,0,0,0,32,0,0,0,0,0,0,0,3,0,83,0,0,0,0,0,0,0,0,0,0,0,0,0,70,86,84,78
l36,3=0,0,0,0,0,0,0,0,0,0,0,44,17,33,0,0,70,71,0,67,70,79,75,0,39,0,0,0,0,0,0,0,0,0,0,89,0,83,83,67
l37,3=0,0,0,0,0,0,0,0,0,0,0,1,0,0,0,0,30,0,0,45,76,77,64,0,0,0,0,0,0,0,0,0,0,0,0,91,74,0,66,74
l38,3=0,0,0,0,0,0,0,0,17,0,0,65,59,65,55,66,68,55,0,68,80,78,80,0,26,0,0,0,0,0,0,0,0,0,0,91,80,73,0,83
l39,3=0,0,0,0,0,0,0,0,0,0,0,0,0,0,0,10,77,39,0,0,78,85,89,0,0,0,0,0,0,0,0,0,0,0,0,92,64,79,81,0

l0,4=0,87,75,94,0,73,85,87,0,87,71,0,0,0,0,0,0,0,0,0,0,0,0,0,0,0,0,0,0,0,0,0,0,0,0,0,0,0,0,0
l1,4=79,0,92,91,92,77,92,74,74,84,9,0,0,69,0,0,0,0,0,0,0,0,0,4,0,0,0,0,0,0,0,0,0,0,0,0,0,0,0,0
l2,4=74,92,0,91,92,78,92,84,0,82,93,0,0,78,0,0,0,0,0,0,0,0,0,0,0,0,0,0,0,0,0,0,0,0,0,0,0,0,0,0
l3,4=91,92,89,0,89,63,86,0,76,0,76,0,0,0,0,0,0,0,0,0,0,0,0,0,0,0,0,0,0,0,0,0,0,0,0,0,0,0,0,0
l4,4=0,92,85,84,0,71,72,74,75,74,0,0,0,67,0,0,0,0,0,0,0,0,0,50,0,0,0,0,0,0,0,0,0,0,0,0,0,0,0,0
l5,4=82,89,94,79,86,0,86,86,57,82,85,0,0,79,0,68,0,0,0,0,0,0,0,0,0,0,0,0,0,0,0,0,0,0,0,0,0,0,0,0
l6,4=77,92,92,83,78,72,0,92,76,86,94,81,68,0,0,69,82,0,0,0,0,0,0,0,0,0,0,0,0,0,0,0,0,0,0,0,0,0,0,0
l7,4=78,69,91,0,86,77,92,0,91,92,95,77,0,0,6,80,0,0,0,0,0,0,0,0,0,0,0,0,0,0,0,0,0,0,0,0,0,0,0,0
l8,4=0,65,0,66,77,1,70,79,0,90,80,81,79,92,59,78,83,84,0,0,54,78,70,19,42,0,0,0,0,0,0,0,0,0,0,0,0,0,0,0
l9,4=71,81,68,0,78,64,83,88,92,0,95,82,0,89,0,72,0,84,0,0,78,0,74,0,0,0,0,0,0,0,0,0,0,0,0,0,0,0,0,0
l10,4=66,2,91,73,0,71,92,93,87,93,0,84,74,86,56,80,0,79,0,0,0,0,0,22,0,0,0,0,0,0,0,0,0,0,0,0,0,0,0,0
l11,4=0,0,0,0,0,0,79,79,81,81,80,0,85,86,71,91,86,84,0,0,0,79,72,76,71,72,0,0,0,0,0,0,0,0,0,65,75,0,76,0
l12,4=0,0,0,0,0,0,12,0,81,0,77,86,0,86,81,83,90,96,0,24,65,0,0,77,92,89,0,0,0,0,0,0,43,29,0,0,19,0,76,0
l13,4=0,1,8,0,39,64,0,0,86,82,80,82,79,0,67,80,83,84,0,70,82,74,74,74,0,81,0,0,0,0,0,0,0,0,0,0,1,0,35,0
l14,4=0,0,0,0,0,0,0,0,81,0,80,86,95,85,0,0,87,85,0,0,86,0,0,84,98,86,0,0,0,0,0,6,0,75,59,0,0,0,77,0
l15,4=0,0,0,0,0,54,66,79,82,72,80,92,85,89,0,0,83,84,0,26,82,74,58,74,90,21,0,0,0,0,0,0,0,0,0,0,77,0,73,0
l16,4=0,0,0,0,0,0,77,0,82,0,0,85,88,87,80,78,0,92,73,71,93,86,83,68,82,78,0,0,0,0,0,0,0,64,0,81,73,0,86,89
l17,4=0,0,0,0,0,0,0,0,81,81,68,88,95,88,69,77,94,0,0,0,84,74,69,63,92,72,0,0,0,0,0,0,0,0,0,73,80,0,66,84
l18,4=0,0,0,0,0,0,0,0,0,0,0,0,0,0,0,0,91,0,0,88,11,89,87,0,0,0,0,0,0,0,0,0,0,0,0,0,0,0,0,0
l19,4=0,0,0,0,0,0,0,0,0,0,0,0,38,64,0,0,77,0,73,0,96,96,97,0,0,0,4,0,0,0,0,0,0,0,0,0,78,63,71,85
l20,4=0,0,0,0,0,0,0,0,39,73,0,0,58,79,68,68,92,77,6,92,0,91,97,0,67,0,0,0,37,0,0,0,37,0,0,74,90,75,89,88
l21,4=0,0,0,0,0,0,0,0,79,0,0,72,0,76,0,65,93,69,69,92,95,0,90,0,35,0,0,0,0,0,0,0,3,0,0,62,87,72,80,91
l22,4=0,0,0,0,0,0,0,0,66,78,0,69,0,78,0,55,89,59,73,99,97,91,0,0,0,0,75,0,0,36,0,0,0,39,0,82,87,83,87,74
l23,4=0,0,0,0,14,0,0,0,0,0,0,87,94,91,84,83,77,24,0,0,0,0,0,0,96,94,0,0,0,0,0,0,0,78,80,0,0,0,0,0
l24,4=0,0,0,0,0,0,0,0,69,0,0,80,94,0,85,83,88,87,0,0,86,9,0,94,0,87,0,0,0,0,0,0,0,79,1,0,0,0,0,0
l25,4=0,0,0,0,0,0,0,0,0,0,0,51,95,74,84,22,84,71,0,0,0,0,0,96,96,0,0,0,0,61,0,49,85,90,86,0,0,0,0,0
l26,4=0,0,0,0,0,0,0,0,0,0,0,0,0,0,0,0,0,0,0,16,0,0,85,0,0,0,0,98,100,100,99,99,99,82,99,0,0,0,0,0
l27,4=0,0,0,0,0,0,0,0,0,0,0,0,0,0,0,0,0,0,0,0,0,0,0,0,0,0,98,0,100,100,100,97,83,0,82,0,0,0,0,0
l28,4=0,0,0,0,0,0,0,0,0,0,0,0,0,0,0,0,0,0,0,77,82,0,0,0,0,1,100,100,0,100,99,91,97,95,96,0,0,0,0,0
l29,4=0,0,0,0,0,0,0,0,0,0,0,0,0,0,0,0,0,0,0,4,0,0,67,0,0,87,100,100,100,0,99,87,91,93,90,0,0,0,0,0
l30,4=0,0,0,0,0,0,0,0,0,0,0,0,0,0,0,0,0,0,0,0,0,0,0,0,0,0,100,100,98,100,0,94,93,89,0,0,0,0,0,0
l31,4=0,0,0,0,0,0,0,0,0,0,0,0,0,0,0,0,0,0,0,0,0,0,0,0,0,86,100,93,91,86,91,0,100,100,100,0,0,0,0,0
l32,4=0,0,0,0,0,0,0,0,0,0,0,0,82,0,0,0,0,0,0,0,79,0,0,0,0,97,97,91,97,93,98,99,0,100,100,0,0,0,0,0
l33,4=0,0,0,0,0,0,0,0,0,0,0,0,66,0,63,0,70,0,0,0,0,0,40,86,92,99,73,0,98,76,84,99,99,0,100,0,0,0,0,0
l34,4=0,0,0,0,0,0,0,0,0,0,0,0,0,0,65,0,0,0,0,0,18,0,0,88,62,97,97,85,97,94,1,99,100,100,0,0,0,0,0,0
l35,4=0,0,0,0,0,0,0,0,0,0,0,0,0,0,0,0,77,26,0,0,61,22,75,0,0,0,0,0,0,0,0,0,0,0,0,0,85,83,80,86
l36,4=0,0,0,0,0,0,0,0,0,0,0,56,26,5,0,54,69,74,0,62,80,73,72,0,0,0,0,0,0,0,0,0,0,0,0,88,0,84,84,92
l37,4=0,0,0,0,0,0,0,0,0,0,0,0,0,0,0,0,0,0,0,58,74,75,73,0,0,0,0,0,0,0,0,0,0,0,0,89,84,0,77,70
l38,4=0,0,0,0,0,0,0,0,0,0,0,73,64,23,63,66,84,15,0,69,94,75,85,0,0,0,0,0,0,0,0,0,0,0,0,89,90,79,0,87
l39,4=0,0,0,0,0,0,0,0,0,0,0,0,0,0,0,0,83,61,0,80,80,81,61,0,0,0,0,0,0,0,0,0,0,0,0,82,85,64,83,0

l0,5=0,75,72,78,72,72,76,72,12,65,66,0,0,0,0,0,0,0,0,0,0,0,0,0,0,0,0,0,0,0,0,0,0,0,0,0,0,0,0,0
l1,5=75,0,88,75,85,85,86,72,0,67,63,0,0,22,0,0,0,0,0,0,0,0,0,11,0,0,0,0,0,0,0,0,0,0,0,0,0,0,0,0
l2,5=74,83,0,74,76,78,85,72,0,65,67,0,0,0,0,0,0,0,0,0,0,0,0,0,0,0,0,0,0,0,0,0,0,0,0,0,0,0,0,0
l3,5=83,75,88,0,85,64,75,0,1,60,60,0,0,0,0,0,0,0,0,0,0,0,0,0,0,0,0,0,0,0,0,0,0,0,0,0,0,0,0,0
l4,5=77,82,82,78,0,80,77,70,70,63,65,0,0,48,0,25,0,0,0,0,0,0,0,0,0,0,0,0,0,0,0,0,0,0,0,0,0,0,0,0
l5,5=74,80,79,70,73,0,44,72,70,65,67,51,0,49,0,0,0,0,0,0,0,0,0,0,0,0,0,0,0,0,0,0,0,0,0,0,0,0,0,0
l6,5=75,77,77,70,71,18,0,77,67,66,72,69,0,0,0,0,54,0,0,1,0,0,0,0,0,0,0,0,0,0,0,0,0,0,0,0,0,0,0,0
l7,5=75,75,68,0,70,68,78,0,77,67,82,73,0,0,0,69,0,0,0,0,0,0,0,0,0,0,0,0,0,0,0,0,0,0,0,0,0,0,0,0
l8,5=0,0,0,4,24,20,61,76,0,72,70,76,35,70,41,53,57,27,0,0,5,60,21,17,46,0,0,0,0,0,0,0,0,0,0,0,0,0,0,0
l9,5=67,74,71,59,24,67,75,72,82,0,76,74,33,66,0,49,52,37,0,0,51,0,26,0,35,0,0,0,0,0,0,0,0,0,0,0,0,0,43,0
l10,5=66,65,71,58,36,67,76,76,73,79,0,70,2,37,40,49,13,22,0,0,0,0,0,0,0,0,0,0,0,0,0,0,0,0,0,0,0,0,0,0
l11,5=0,0,0,0,0,8,54,61,77,67,62,0,83,38,49,86,60,31,0,0,43,50,6,18,37,47,0,0,0,0,0,0,0,0,0,0,16,17,61,0
l12,5=0,0,0,0,0,0,0,0,52,27,0,81,0,39,80,56,74,85,0,0,34,0,0,32,56,78,0,0,0,0,0,0,32,24,0,22,12,0,54,0
l13,5=0,0,0,0,17,10,0,0,82,68,48,75,48,0,42,74,59,27,0,3,54,0,19,19,23,53,0,0,0,0,0,0,0,0,0,2,6,0,0,0
l14,5=0,0,0,0,0,0,0,0,62,0,42,69,85,41,0,48,68,28,0,0,53,0,4,40,81,78,0,0,0,0,0,0,0,32,26,0,0,0,58,0
l15,5=0,0,0,0,10,0,0,68,71,62,59,86,83,80,41,0,59,28,0,0,43,57,20,20,53,52,0,0,0,0,0,0,0,0,0,0,16,0,60,30
l16,5=0,0,0,0,0,0,36,0,47,35,0,61,53,26,47,31,0,34,0,28,62,58,18,14,40,48,0,0,0,0,0,16,0,1,0,32,10,5,65,36
l17,5=0,0,0,0,0,0,0,0,69,56,34,69,85,43,48,51,77,0,0,5,69,49,2,6,50,59,0,0,0,0,0,0,0,0,0,27,21,0,0,31
l18,5=0,0,0,0,0,0,0,0,0,0,0,0,0,0,0,0,0,0,0,26,0,56,38,0,0,0,0,0,0,0,0,0,0,0,0,0,0,0,0,0
l19,5=0,0,0,0,0,0,0,0,0,0,0,0,0,8,0,0,40,0,12,0,79,63,71,0,0,0,5,0,8,19,0,19,0,0,0,36,44,13,39,59
l20,5=0,0,0,0,0,0,0,0,5,14,0,9,14,13,26,13,46,34,0,65,0,67,76,0,7,0,17,0,4,0,0,0,19,0,0,26,31,22,66,38
l21,5=0,0,0,0,0,0,0,0,37,4,0,19,0,1,0,24,47,14,15,54,82,0,59,0,15,0,0,0,0,0,0,23,0,0,0,47,17,20,53,58
l22,5=0,0,0,0,0,0,0,0,37,22,0,0,15,15,2,24,39,0,15,70,82,68,0,0,0,0,36,0,0,0,0,0,0,0,0,25,40,20,66,32
l23,5=0,0,0,0,0,0,0,0,62,0,0,52,75,50,77,50,47,0,0,0,0,0,0,0,79,78,0,0,0,0,0,0,0,43,44,0,0,0,0,0
l24,5=0,0,0,0,0,0,0,0,64,38,0,50,82,20,81,58,69,40,0,0,42,49,0,71,0,75,0,0,0,0,0,0,0,39,7,0,2,0,0,0
l25,5=0,0,0,0,0,0,0,0,0,0,0,35,78,27,77,40,59,24,0,0,0,0,0,71,71,0,0,0,0,14,0,0,45,48,42,0,0,0,0,0
l26,5=0,0,0,0,0,0,0,0,0,0,0,0,0,0,0,0,0,0,0,28,42,0,40,0,0,0,0,67,94,90,80,83,72,58,69,0,0,0,0,0
l27,5=0,0,0,0,0,0,0,0,0,0,0,0,0,0,0,0,0,0,0,0,0,0,0,0,0,0,76,0,89,78,89,76,64,0,0,0,0,0,0,0
l28,5=0,0,0,0,0,0,0,0,0,0,0,0,0,0,0,0,0,0,0,51,51,0,0,0,0,0,85,88,0,91,88,77,76,73,68,0,0,0,0,0
l29,5=0,0,0,0,0,0,0,0,0,0,0,0,0,0,0,0,0,0,0,50,0,0,0,0,0,10,84,85,94,0,87,57,64,61,67,0,0,0,0,0
l30,5=0,0,0,0,0,0,0,0,0,0,0,0,0,0,0,0,0,0,0,0,0,0,0,0,0,0,82,88,94,87,0,69,1,65,0,0,0,0,0,0
l31,5=0,0,0,0,0,0,0,0,0,0,0,0,0,0,0,0,20,0,0,30,6,3,0,1,0,0,77,56,52,41,52,0,79,75,78,0,0,0,0,0
l32,5=0,0,0,0,0,0,0,0,0,0,0,0,64,0,0,0,0,0,0,0,52,0,0,0,0,68,76,62,64,67,41,89,0,75,89,0,0,0,0,0
l33,5=0,0,0,0,0,0,0,0,0,0,0,0,38,0,44,0,15,0,0,0,0,0,0,39,47,69,65,0,63,46,62,71,65,0,76,0,0,0,0,0
l34,5=0,0,0,0,0,0,0,0,0,0,0,0,29,0,57,0,0,0,0,0,1,0,0,59,39,61,67,0,62,61,0,82,82,87,0,0,0,0,0,0
l35,5=0,0,0,0,0,0,0,0,0,0,0,0,14,1,0,0,26,4,0,15,35,45,11,0,0,0,0,0,0,0,0,0,0,0,0,0,53,28,55,50
l36,5=0,0,0,0,0,0,0,0,3,0,0,28,19,6,0,21,24,15,0,23,44,50,21,0,4,0,0,0,0,0,0,0,0,0,0,55,0,39,51,59
l37,5=0,0,0,0,0,0,0,0,0,0,0,10,0,0,0,0,1,0,0,16,44,42,16,0,0,0,0,0,0,0,0,0,0,0,0,37,37,0,50,32
l38,5=0,0,0,0,0,0,0,0,0,9,0,37,29,0,32,35,48,0,0,24,71,54,22,0,0,0,0,0,0,0,0,0,0,0,0,41,21,29,0,63
l39,5=0,0,0,0,0,0,0,0,0,0,0,0,0,0,0,2,22,0,0,30,41,57,12,0,0,0,0,0,0,0,0,0,0,0,0,36,40,9,58,0

l0,6=0,85,76,83,91,90,74,21,53,17,76,0,0,0,0,0,0,0,0,0,0,0,0,0,0,0,0,0,0,0,0,0,0,0,0,0,0,0,0,0
l1,6=88,0,89,84,91,83,73,11,47,69,53,0,0,0,0,0,0,0,0,0,0,0,0,5,0,0,0,0,0,0,0,0,0,0,0,0,0,0,0,0
l2,6=85,81,0,83,89,86,73,74,0,76,79,0,0,0,0,0,0,0,0,0,0,0,0,0,0,0,0,0,0,0,0,0,0,0,0,0,0,0,0,0
l3,6=82,85,85,0,91,82,61,0,0,59,31,0,0,0,0,0,0,0,0,0,0,0,0,1,0,0,0,0,0,0,0,0,0,0,0,0,0,0,0,0
l4,6=90,85,86,87,0,87,71,1,57,40,67,0,0,58,0,0,0,0,0,0,0,0,0,7,0,0,0,0,0,0,0,0,0,0,0,0,0,0,0,0
l5,6=82,77,81,81,83,0,67,84,64,72,79,0,0,1,0,0,0,0,0,0,0,0,0,1,0,0,0,0,0,0,0,0,0,0,0,0,0,0,0,0
l6,6=66,77,72,63,74,57,0,84,51,72,79,59,7,4,0,0,59,0,0,0,0,0,0,0,0,0,0,0,0,0,0,0,0,0,0,0,0,0,0,0
l7,6=20,20,69,0,30,80,71,0,66,66,84,53,0,0,0,57,0,0,0,0,0,0,0,0,0,0,0,0,0,0,0,0,0,0,0,0,0,0,0,0
l8,6=21,27,0,0,51,34,52,64,0,71,76,64,43,68,33,41,56,50,0,0,50,41,19,30,33,0,0,0,0,0,0,0,0,0,0,0,0,0,0,0
l9,6=1,48,56,57,42,77,65,72,68,0,79,55,45,67,38,53,43,34,0,0,7,0,11,8,0,0,0,0,0,0,0,0,0,0,0,0,0,0,7,0
l10,6=36,35,57,38,60,57,66,86,67,80,0,58,0,46,0,43,54,0,0,0,0,0,0,0,0,0,0,0,0,0,0,0,0,0,0,0,0,0,0,0
l11,6=0,0,0,0,0,0,28,25,54,32,26,0,60,44,52,69,58,43,0,0,8,0,0,0,31,18,0,0,0,0,0,0,0,0,0,0,2,19,27,0
l12,6=0,0,0,0,0,0,0,0,26,19,0,60,0,38,62,57,62,52,0,0,0,0,4,36,71,62,0,0,0,0,0,0,0,28,0,0,18,0,11,0
l13,6=0,0,0,0,34,0,0,0,66,42,17,38,38,0,49,56,39,46,0,22,9,0,12,16,38,0,0,0,0,0,0,0,0,0,0,27,21,0,24,0
l14,6=0,0,0,0,0,0,0,0,30,22,0,36,74,49,0,35,46,47,0,0,42,0,11,42,45,54,0,0,0,0,0,0,0,25,0,0,0,0,18,0
l15,6=0,0,0,0,0,0,0,44,33,39,16,72,59,58,43,0,54,51,0,0,1,26,12,31,43,30,0,0,0,0,0,0,0,0,0,0,25,0,21,0
l16,6=0,0,0,0,0,0,24,0,25,6,2,27,59,28,31,32,0,51,8,15,24,31,12,10,35,23,0,0,0,0,0,0,0,0,0,26,24,20,22,9
l17,6=0,0,0,0,0,0,0,0,43,13,0,40,61,54,55,54,63,0,0,0,54,25,0,16,44,29,0,0,0,0,0,0,0,6,0,0,25,0,22,0
l18,6=0,0,0,0,0,0,0,0,0,0,0,0,0,1,0,0,33,0,0,33,1,33,0,0,0,0,0,0,0,0,0,0,0,0,0,0,0,0,0,0
l19,6=0,0,0,0,0,0,0,0,0,0,0,0,0,27,0,0,29,0,21,0,59,43,53,0,0,0,0,0,0,20,0,31,0,0,0,0,17,0,17,48
l20,6=0,0,0,0,0,0,0,0,26,3,0,0,0,5,31,0,26,35,0,55,0,60,55,0,0,0,0,0,0,0,0,28,0,16,0,32,30,24,44,22
l21,6=0,0,0,0,0,0,0,0,27,2,0,0,24,0,0,31,43,33,24,44,64,0,52,0,0,0,0,0,1,0,0,7,0,0,0,47,30,6,24,26
l22,6=0,0,0,0,0,0,0,0,27,21,0,0,23,29,27,25,35,0,0,57,69,55,0,0,0,0,27,0,0,0,0,0,0,0,0,30,32,29,42,45
l23,6=0,0,0,8,0,0,0,0,33,5,0,0,58,15,58,46,43,5,0,0,0,0,0,0,74,64,0,0,0,0,0,16,0,29,24,0,0,0,0,0
l24,6=0,0,0,0,0,0,0,0,36,0,0,38,81,43,55,48,50,42,0,0,0,0,0,71,0,54,0,0,0,0,0,0,0,32,12,0,0,0,0,0
l25,6=0,0,0,0,0,0,0,0,8,0,0,9,76,11,59,28,28,25,0,0,0,0,0,70,64,0,0,0,0,2,0,0,22,52,6,0,0,0,0,0
l26,6=0,0,0,0,0,0,0,0,0,0,0,0,0,0,0,0,0,0,0,15,15,0,27,0,0,0,0,48,72,75,67,64,68,31,38,0,0,0,0,0
l27,6=0,0,0,0,0,0,0,0,0,0,0,0,0,0,0,0,0,0,0,0,0,0,0,0,0,0,60,0,70,75,86,50,47,0,0,0,0,0,0,0
l28,6=0,0,0,0,0,0,0,0,0,0,0,0,0,0,0,0,0,0,0,30,29,5,1,0,0,0,67,72,0,78,82,56,46,55,45,0,0,0,0,0
l29,6=0,0,0,0,0,0,0,0,0,0,0,0,0,0,0,0,0,0,0,33,0,0,0,0,0,0,63,72,72,0,37,31,34,34,25,0,0,0,0,0
l30,6=0,0,0,0,0,0,0,0,0,0,0,0,0,0,0,0,0,0,0,0,0,0,0,0,0,0,63,77,70,49,0,42,0,11,27,0,0,0,0,0
l31,6=0,0,0,0,0,0,0,0,0,0,0,0,0,0,0,0,0,0,0,31,31,0,0,18,0,0,60,27,56,37,42,0,71,70,66,0,0,0,0,0
l32,6=0,0,0,0,0,0,0,0,0,0,0,0,0,0,0,0,0,0,0,0,0,0,0,0,0,36,56,24,53,54,2,67,0,72,80,0,0,0,0,0
l33,6=0,0,0,0,0,0,0,0,0,0,0,0,62,0,50,0,0,25,0,0,39,0,0,60,57,50,46,0,54,58,34,56,63,0,64,0,0,0,0,0
l34,6=0,0,0,0,0,0,0,0,0,0,0,0,25,0,0,0,0,0,0,0,3,0,0,54,32,20,45,0,51,34,37,56,80,64,0,0,0,0,0,0
l35,6=0,0,0,0,0,0,0,0,0,0,0,0,0,18,0,0,32,0,0,0,39,39,12,0,0,0,0,0,0,0,0,0,0,0,0,0,38,44,25,30
l36,6=0,0,0,0,0,0,0,0,0,0,0,0,16,23,0,24,38,9,0,12,45,31,23,0,0,0,0,0,0,0,0,0,0,0,0,50,0,49,34,36
l37,6=0,0,0,0,0,0,0,0,0,0,0,7,0,0,0,0,23,0,0,1,35,0,17,0,0,0,0,0,0,0,0,0,0,0,0,52,40,0,22,26
l38,6=0,0,0,0,0,0,0,0,0,0,0,24,26,34,22,34,44,31,0,12,52,38,22,0,0,0,0,0,0,0,0,0,0,0,0,41,39,35,0,28
l39,6=0,0,0,0,0,0,0,0,0,0,0,0,0,0,0,0,28,0,0,25,39,32,30,0,0,0,0,0,0,0,0,0,0,0,0,40,35,35,46,0

l0,7=0,98,89,92,95,96,91,0,82,84,87,0,0,1,0,0,0,0,0,0,0,0,0,42,0,0,0,0,0,0,0,0,0,0,0,0,0,0,0,0
l1,7=92,0,98,94,92,92,94,92,54,84,85,0,0,0,0,0,0,0,0,0,0,0,0,0,0,0,0,0,0,0,0,0,0,0,0,0,0,0,0,0
l2,7=91,93,0,93,92,92,94,51,54,89,0,0,0,0,0,0,0,0,0,0,0,0,0,0,0,0,0,0,0,0,0,0,0,0,0,0,0,0,0,0
l3,7=90,93,90,0,98,82,87,64,71,76,85,0,0,0,0,0,0,0,0,0,0,0,0,0,0,0,0,0,0,0,0,0,0,0,0,0,0,0,0,0
l4,7=91,93,92,97,0,92,94,24,84,46,92,0,0,62,0,0,0,0,0,0,0,0,0,0,0,0,0,0,0,0,0,0,0,0,0,0,0,0,0,0
l5,7=91,93,89,85,93,0,94,95,85,86,93,0,0,3,0,2,0,0,0,0,0,0,0,0,0,0,0,0,0,0,0,0,0,0,0,0,0,0,0,0
l6,7=68,94,92,41,93,92,0,95,0,91,93,56,0,56,0,0,20,0,0,0,0,0,0,0,0,0,0,0,0,0,0,0,0,0,0,0,0,0,0,0
l7,7=0,61,41,43,39,92,94,0,86,91,93,19,25,67,0,41,0,4,0,0,0,0,0,0,0,0,0,0,0,0,0,0,0,0,0,0,0,0,0,0
l8,7=58,28,18,24,47,45,0,47,0,92,92,73,40,78,41,26,18,64,0,3,5,2,43,0,0,0,0,0,0,0,0,0,0,0,0,0,0,0,3,0
l9,7=47,36,26,21,15,80,90,92,91,0,92,69,39,74,31,47,1,25,0,0,32,11,25,0,0,9,0,0,0,0,0,0,0,0,0,0,0,0,11,0
l10,7=62,43,0,28,68,88,88,95,91,92,0,68,0,2,0,58,22,9,0,0,0,0,0,0,0,0,0,0,0,0,0,0,0,0,0,0,0,0,0,0
l11,7=0,0,0,0,0,0,14,0,40,41,50,0,59,56,29,82,19,55,0,0,29,8,30,26,31,0,0,0,0,0,0,0,0,0,0,13,22,0,17,1
l12,7=0,0,0,0,0,0,0,0,17,27,0,75,0,23,50,44,44,62,0,5,31,17,0,60,89,71,0,0,0,0,0,0,0,16,4,0,0,0,8,0
l13,7=0,0,0,1,24,0,15,20,89,88,0,63,18,0,41,40,13,56,0,0,28,0,27,31,42,26,0,0,0,0,0,0,0,0,0,21,16,0,12,0
l14,7=0,0,0,0,0,0,0,0,22,26,0,39,54,46,0,17,16,61,0,0,33,27,32,63,43,41,0,0,0,0,0,0,0,11,0,0,0,0,11,0
l15,7=0,0,0,0,0,0,0,21,41,63,51,81,66,65,34,0,13,61,0,0,32,31,32,55,22,25,0,0,0,0,0,0,0,0,0,0,33,6,16,0
l16,7=0,0,0,0,0,0,9,0,19,11,33,42,56,24,35,12,0,54,18,0,42,37,43,31,33,23,0,0,0,0,0,28,18,6,0,31,45,25,18,2
l17,7=0,0,0,0,0,0,0,0,27,28,4,33,55,46,44,16,21,0,0,0,44,29,0,25,48,0,0,0,0,0,0,0,0,13,0,0,37,0,17,0
l18,7=0,0,0,0,0,0,0,0,0,0,0,0,0,0,0,0,37,0,0,28,42,20,0,0,0,0,0,0,0,0,0,0,0,0,0,0,0,0,0,0
l19,7=0,0,0,0,0,0,0,0,5,0,0,0,18,0,0,1,0,0,15,0,59,43,61,0,0,0,0,0,25,32,0,34,0,0,0,19,0,0,0,26
l20,7=0,0,0,0,0,0,0,0,0,20,0,6,19,12,17,13,14,39,15,52,0,61,72,0,0,0,5,0,11,0,0,0,0,5,0,47,53,37,30,13
l21,7=0,0,0,0,0,0,0,0,10,20,0,7,23,4,22,19,27,38,11,31,68,0,63,0,0,0,0,0,2,0,0,0,0,0,0,45,37,36,28,21
l22,7=0,0,0,0,0,0,0,0,22,27,0,28,0,20,20,17,41,0,0,51,76,59,0,0,0,0,13,0,0,18,0,0,0,0,0,0,49,37,44,30
l23,7=5,0,0,0,0,0,0,0,0,0,0,35,40,39,53,28,12,16,0,0,0,0,0,0,87,71,0,0,0,0,0,0,0,16,28,0,0,0,0,0
l24,7=0,0,0,0,0,0,0,0,0,10,0,41,71,40,40,11,16,54,0,0,0,0,0,77,0,45,0,0,0,0,0,0,0,15,13,0,0,0,0,0
l25,7=0,0,0,0,1,0,0,0,0,21,0,0,64,40,53,32,24,0,0,0,0,0,0,74,80,0,0,0,0,15,0,0,45,49,0,0,0,0,7,0
l26,7=0,0,0,0,0,0,0,0,0,0,0,0,0,0,0,0,0,0,0,0,31,0,37,0,0,0,0,65,77,80,65,68,75,57,54,0,0,0,0,0
l27,7=0,0,0,0,0,0,0,0,0,0,0,0,0,0,0,0,0,0,0,0,0,0,0,0,0,0,64,0,74,80,92,42,65,0,0,0,0,0,0,0
l28,7=0,0,0,0,0,0,0,0,0,0,0,0,0,0,0,0,0,0,0,24,37,18,0,0,0,0,71,86,0,85,95,62,44,63,36,0,0,0,0,0
l29,7=0,0,0,0,0,0,0,0,0,0,0,0,0,0,0,0,0,0,0,25,0,0,35,0,0,25,66,84,77,0,92,62,70,52,6,0,0,0,0,0
l30,7=0,0,0,0,0,0,0,0,0,0,0,0,0,0,0,0,0,0,0,0,0,0,0,0,0,0,62,84,74,80,0,60,59,25,48,0,0,0,0,0
l31,7=0,0,0,0,0,0,0,0,0,0,0,0,0,0,0,0,14,0,0,28,0,0,0,2,0,0,61,13,62,49,54,0,75,76,78,0,0,0,0,0
l32,7=0,0,0,0,0,0,0,0,0,0,0,0,0,0,0,0,19,0,0,0,0,0,4,3,0,49,61,45,47,58,53,68,0,76,85,0,0,0,0,0
l33,7=0,0,0,0,0,0,0,0,0,0,0,0,39,0,41,0,37,38,0,0,37,0,0,53,68,60,53,0,67,60,47,68,79,0,68,0,0,0,0,0
l34,7=0,0,0,0,0,0,0,0,0,0,0,0,25,0,0,0,7,0,0,0,0,0,11,55,40,0,53,19,46,38,48,65,85,66,0,0,0,0,0,0
l35,7=0,0,0,0,0,0,0,0,0,0,0,0,0,16,0,0,13,0,0,4,45,32,0,0,0,0,0,0,0,0,0,0,0,0,0,0,54,58,24,10
l36,7=0,0,0,0,0,0,0,0,0,0,0,0,0,5,0,12,13,22,0,0,42,30,55,0,0,0,0,0,0,0,0,0,0,0,0,47,0,61,29,13
l37,7=0,0,0,0,0,0,0,0,0,0,0,0,0,0,0,0,4,0,0,0,35,31,39,0,0,0,0,0,0,0,0,0,0,0,0,57,59,0,12,2
l38,7=0,0,0,0,0,0,0,0,1,23,0,41,14,25,19,16,14,44,0,0,43,33,50,0,0,1,0,0,0,0,0,0,0,0,0,41,55,47,0,0
l39,7=0,0,0,0,0,0,0,0,0,0,0,0,0,0,0,0,0,0,0,30,45,38,50,0,0,0,0,0,0,0,0,0,0,0,0,52,64,31,0,0

l0,8=0,100,100,100,100,100,100,73,36,98,99,0,0,54,0,0,0,0,0,0,0,0,0,37,0,0,0,0,0,0,0,0,0,0,0,0,0,0,0,0
l1,8=100,0,100,100,100,100,94,97,82,86,99,0,0,0,0,0,0,0,0,0,0,0,0,0,0,0,0,0,0,0,0,0,0,0,0,0,0,0,0,0
l2,8=100,100,0,100,91,100,100,98,0,61,96,0,0,30,0,72,0,0,0,0,0,0,0,0,0,0,0,0,0,0,0,0,0,0,0,0,0,0,0,0
l3,8=100,100,100,0,100,96,89,84,0,0,89,0,0,0,0,0,0,0,0,0,0,0,0,0,3,0,0,0,0,0,0,0,0,0,0,0,0,0,0,0
l4,8=100,100,92,100,0,99,100,81,95,79,98,0,0,94,0,0,0,0,0,0,0,0,0,0,1,0,0,0,0,0,0,0,0,0,0,0,0,0,0,0
l5,8=100,100,100,97,99,0,100,98,91,91,99,77,22,3,0,0,0,0,0,0,0,0,0,0,0,0,0,0,0,0,0,0,0,0,0,0,0,0,0,0
l6,8=93,86,96,51,93,94,0,93,40,95,95,34,0,74,0,0,72,0,0,0,0,0,0,0,0,0,0,0,0,0,0,0,0,0,0,0,0,0,0,0
l7,8=88,96,96,90,87,95,96,0,86,99,99,43,1,96,0,0,4,63,0,0,0,0,0,0,0,0,0,0,0,0,0,0,0,0,0,0,0,0,0,0
l8,8=33,87,0,9,60,93,83,79,0,99,96,95,0,96,90,95,0,89,0,62,0,0,51,0,0,0,0,0,0,0,0,0,0,0,0,0,0,0,0,0
l9,8=93,1,34,0,43,91,95,93,88,0,99,81,47,95,38,95,78,79,0,0,0,37,13,77,84,0,0,0,0,0,0,0,0,0,0,0,0,0,75,0
l10,8=92,95,92,91,87,95,95,93,87,99,0,92,0,94,0,95,48,0,0,0,0,0,0,0,0,0,0,0,0,0,0,0,0,0,0,0,0,0,0,0
l11,8=0,0,0,0,0,36,23,6,57,58,87,0,100,49,90,99,84,90,0,0,24,22,11,72,88,77,0,0,0,0,0,0,0,0,0,17,61,0,65,0
l12,8=0,0,0,0,0,0,0,0,0,7,0,90,0,0,99,99,97,88,0,0,25,0,0,95,99,93,0,0,0,0,0,0,0,32,7,11,36,0,50,0
l13,8=6,0,0,2,40,0,30,74,98,96,90,44,3,0,91,95,47,53,0,0,33,24,0,83,90,74,0,0,0,0,0,0,0,0,0,9,0,0,73,0
l14,8=0,0,0,0,0,0,0,0,42,18,0,64,100,77,0,92,70,97,0,0,45,33,23,90,99,69,0,0,0,0,0,0,0,0,0,0,41,0,30,0
l15,8=0,0,0,0,0,0,0,0,51,54,82,98,71,86,89,0,75,85,0,0,63,31,37,81,84,17,0,0,0,0,0,0,0,0,0,0,61,0,71,0
l16,8=0,0,0,0,0,0,37,0,0,16,16,80,70,24,72,65,0,56,42,48,70,30,54,49,97,34,0,0,0,0,0,11,0,3,15,18,55,44,59,35
l17,8=0,0,0,0,0,0,0,15,23,16,0,81,66,28,96,97,76,0,0,46,59,10,14,57,60,0,0,0,0,0,0,0,0,24,0,0,45,0,69,7
l18,8=0,0,0,0,0,0,0,0,0,0,0,0,0,0,0,0,65,0,0,65,77,50,0,0,0,0,0,0,0,0,0,0,0,0,0,0,0,0,19,0
l19,8=0,0,0,0,0,0,0,0,28,0,0,0,0,0,0,0,70,53,57,0,87,60,84,0,0,0,31,0,48,0,0,72,0,0,0,27,58,0,0,72
l20,8=0,0,0,0,0,0,0,0,0,0,0,1,24,21,49,46,46,53,50,82,0,78,94,0,7,0,0,0,13,0,0,0,0,0,0,31,58,55,70,27
l21,8=0,0,0,0,0,0,0,0,0,22,0,34,23,39,50,54,51,22,40,51,89,0,93,0,0,0,0,0,0,0,0,4,0,0,0,30,49,51,70,36
l22,8=0,0,0,0,0,0,0,0,31,21,0,29,0,0,39,44,70,42,0,75,89,74,0,0,0,0,0,0,0,41,0,0,0,0,0,54,68,48,68,56
l23,8=0,0,0,0,0,0,0,0,0,40,0,58,96,77,88,84,71,59,0,0,0,0,0,0,93,93,0,0,0,0,0,0,53,46,45,0,0,0,0,0
l24,8=0,0,0,24,0,0,0,0,0,41,0,68,100,77,98,78,96,77,0,0,19,0,0,95,0,90,0,0,0,0,0,22,0,0,27,0,0,0,0,0
l25,8=0,0,0,0,0,0,0,0,0,0,0,61,100,70,83,39,71,0,0,0,0,0,0,95,82,0,0,0,0,56,0,26,63,61,41,0,0,0,24,0
l26,8=0,0,0,0,0,0,0,0,0,0,0,0,0,0,0,0,0,0,0,54,32,0,0,0,0,0,0,88,94,93,88,91,82,67,83,0,0,0,0,0
l27,8=0,0,0,0,0,0,0,0,0,0,0,0,0,0,0,0,0,0,0,0,0,0,0,0,0,0,94,0,94,93,94,0,71,0,77,0,0,0,0,0
l28,8=0,0,0,0,0,0,0,0,0,0,0,0,0,0,0,0,0,0,0,61,67,0,0,0,0,0,94,92,0,93,94,91,60,73,80,0,0,0,0,0
l29,8=0,0,0,0,0,0,0,0,0,0,0,0,0,0,0,0,0,0,0,0,0,0,54,0,0,55,94,92,94,0,93,89,53,56,74,0,0,0,0,0
l30,8=0,0,0,0,0,0,0,0,0,0,0,0,0,0,0,0,0,0,0,0,0,0,0,0,0,0,85,92,94,93,0,75,73,64,0,0,0,0,0,0
l31,8=0,0,0,0,0,0,0,0,0,0,0,0,0,0,0,0,56,0,0,54,0,1,0,0,36,36,92,0,89,71,51,0,82,84,87,0,0,0,0,0
l32,8=0,0,0,0,0,0,0,0,0,0,0,0,4,0,0,0,3,0,0,0,0,0,0,77,0,61,91,55,60,59,63,95,0,88,90,0,0,0,0,0
l33,8=0,0,0,0,0,0,0,0,0,0,0,0,69,0,0,0,24,75,0,0,20,0,0,78,0,62,58,0,74,62,61,93,86,0,72,0,0,0,0,0
l34,8=0,0,0,0,0,0,0,0,0,0,0,0,60,0,0,0,73,0,0,0,0,0,0,78,50,61,60,54,66,62,0,91,90,65,0,0,0,0,0,0
l35,8=0,0,0,0,0,0,0,0,0,0,0,17,24,7,0,0,26,0,0,17,36,26,24,0,0,0,0,0,0,0,0,0,0,0,0,0,64,58,65,46
l36,8=0,0,0,0,0,0,0,0,0,0,0,30,20,0,21,37,38,26,0,31,38,13,37,0,0,0,0,0,0,0,0,0,0,0,0,63,0,52,67,28
l37,8=0,0,0,0,0,0,0,0,0,0,0,0,0,0,0,0,38,0,0,0,42,27,15,0,0,0,0,0,0,0,0,0,0,0,0,34,52,0,56,27
l38,8=0,0,0,0,0,0,0,0,0,15,0,33,27,30,3,54,41,40,0,0,60,36,38,0,0,0,0,0,0,0,0,0,0,0,0,57,71,56,0,26
l39,8=0,0,0,0,0,0,0,0,0,0,0,0,0,0,0,0,55,0,0,47,55,55,46,0,0,0,0,0,0,0,0,0,0,0,0,59,58,56,57,0

l0,9=0,100,100,100,100,100,99,100,0,100,99,0,0,0,0,0,0,0,0,0,0,0,0,0,0,0,0,0,0,0,0,0,0,0,0,0,0,0,0,0
l1,9=100,0,100,100,100,100,97,97,96,100,100,0,0,0,0,0,0,0,0,0,0,0,0,0,0,0,0,0,0,0,0,0,0,0,0,0,0,0,0,0
l2,9=100,100,0,100,100,100,100,99,0,61,63,0,12,0,0,0,0,0,0,0,0,0,0,0,0,0,0,0,0,0,0,0,0,0,0,0,0,0,0,0
l3,9=100,100,100,0,100,100,95,98,0,85,94,0,0,0,0,0,0,0,0,0,0,0,0,0,0,0,0,0,0,0,0,0,0,0,0,0,0,0,0,0
l4,9=100,100,100,100,0,99,94,99,97,94,100,0,0,7,44,0,0,0,0,0,0,0,0,0,0,0,0,0,0,0,0,0,0,0,0,0,0,0,0,0
l5,9=100,98,100,100,100,0,99,55,96,100,100,0,0,81,0,0,0,0,0,0,0,0,0,0,0,0,0,0,0,0,0,0,0,0,0,0,0,0,0,0
l6,9=92,95,100,62,50,95,0,100,59,100,100,0,0,71,0,0,60,0,0,0,0,0,0,0,0,0,0,0,0,0,0,0,0,0,0,0,0,0,0,0
l7,9=96,99,86,99,100,61,100,0,96,100,100,64,32,99,0,33,0,0,0,0,0,0,0,0,0,0,0,0,0,0,0,0,0,0,0,0,0,0,0,0
l8,9=0,94,0,1,56,47,95,99,0,100,63,98,1,98,0,35,73,50,0,42,0,0,86,0,0,0,0,0,0,0,0,0,0,0,0,0,0,0,0,0
l9,9=100,97,82,33,33,50,98,100,97,0,100,98,0,99,36,61,79,0,0,0,0,0,7,75,0,0,0,0,0,0,0,0,0,0,0,0,0,0,0,0
l10,9=99,100,94,96,100,100,99,100,96,100,0,60,78,98,0,100,78,82,0,0,1,0,0,42,0,0,0,0,0,0,0,0,0,0,0,0,0,0,0,0
l11,9=0,0,0,0,0,0,0,11,44,33,25,0,100,81,34,100,79,55,0,0,49,78,76,91,92,82,0,0,0,0,0,0,0,0,0,0,90,2,55,0
l12,9=0,0,0,0,0,0,0,0,0,0,3,98,0,70,63,61,83,96,0,0,55,10,1,99,99,100,0,0,0,0,0,0,0,0,0,0,73,0,56,0
l13,9=0,0,0,11,7,38,91,100,95,100,40,99,95,0,34,100,90,1,0,14,53,78,0,92,96,86,0,0,0,0,0,0,0,0,0,0,84,0,56,0
l14,9=0,0,0,0,23,0,0,0,0,35,0,99,100,73,0,77,85,95,0,0,57,76,83,100,100,0,0,0,0,0,0,0,0,0,0,0,87,0,0,0
l15,9=0,0,0,0,0,0,0,13,39,35,41,99,100,74,36,0,82,69,0,0,49,78,78,88,98,0,0,0,0,0,0,0,0,0,0,0,83,39,56,0
l16,9=0,0,0,0,0,0,44,0,31,32,30,97,98,66,34,37,0,55,47,50,58,0,84,91,98,86,0,0,0,0,0,9,0,65,82,0,72,23,57,54
l17,9=0,0,0,0,0,0,0,0,39,0,23,99,100,14,39,38,83,0,0,50,46,81,87,0,69,0,0,0,0,0,0,0,0,83,0,0,86,0,53,54
l18,9=0,0,0,0,0,0,0,0,0,0,0,0,0,0,0,0,87,0,0,0,51,87,0,0,0,0,0,0,0,0,0,0,0,0,0,0,0,0,0,0
l19,9=0,0,0,0,0,0,0,0,14,0,0,0,0,6,0,0,76,74,0,0,92,90,83,0,0,0,69,0,23,0,0,61,0,0,0,0,83,22,44,85
l20,9=0,0,0,0,0,0,0,0,0,0,0,69,75,50,28,28,81,22,45,81,0,96,95,0,0,0,46,0,0,0,0,0,0,0,45,73,86,46,90,83
l21,9=0,0,0,0,0,0,0,0,0,0,0,70,55,56,22,32,0,42,50,49,98,0,95,0,0,0,0,0,0,0,0,0,0,14,0,79,77,41,57,54
l22,9=0,0,0,0,0,0,0,0,40,8,0,59,48,0,21,29,77,71,0,71,97,90,0,0,0,0,55,0,0,57,0,47,0,0,0,75,92,41,81,20
l23,9=0,0,0,0,0,0,0,0,0,29,0,98,100,73,100,37,86,0,0,0,0,0,0,0,100,100,0,0,0,0,0,0,95,96,96,0,0,0,0,0
l24,9=0,0,0,0,0,0,0,0,0,0,0,97,100,73,100,37,99,50,0,0,11,0,0,100,0,100,0,0,0,0,0,2,0,94,3,0,88,0,0,0
l25,9=0,0,0,0,0,0,0,0,0,0,0,92,100,70,0,0,90,0,0,0,0,0,0,100,100,0,3,0,0,7,0,0,91,98,90,0,0,0,52,0
l26,9=0,0,0,0,0,0,0,0,0,0,0,0,0,0,0,0,0,0,0,75,36,0,86,0,0,0,0,90,99,97,100,98,99,87,90,0,0,0,0,0
l27,9=0,0,0,0,0,0,0,0,0,0,0,0,0,0,0,0,0,0,0,0,0,0,0,0,0,0,96,0,99,97,100,93,85,0,0,0,0,0,0,0
l28,9=0,0,0,0,0,0,0,0,0,0,0,0,0,0,0,0,0,0,0,74,0,0,0,0,0,0,98,100,0,97,100,86,0,84,0,0,0,0,0,0
l29,9=0,0,0,0,0,0,0,0,0,0,0,0,0,0,0,0,0,0,0,2,3,0,72,0,0,0,98,100,99,0,100,95,49,83,84,0,0,0,0,0
l30,9=0,0,0,0,0,0,0,0,0,0,0,0,0,0,0,0,0,0,0,0,0,0,0,0,0,0,96,100,99,97,0,96,93,73,90,0,0,0,0,0
l31,9=0,0,0,0,0,0,0,0,0,0,0,0,0,0,0,0,3,0,0,25,0,0,29,0,2,0,97,55,93,94,86,0,99,100,100,0,0,0,0,0
l32,9=0,0,0,0,0,0,0,0,0,0,0,0,20,0,0,0,0,0,0,0,0,0,0,87,0,58,98,14,0,41,95,99,0,100,100,0,0,0,0,0
l33,9=0,0,0,0,0,0,0,0,0,0,0,0,35,0,0,0,45,59,0,0,0,2,0,98,99,99,96,0,98,76,59,99,100,0,97,0,0,0,0,0
l34,9=0,0,0,0,0,0,0,0,0,0,0,0,44,0,0,0,91,0,0,0,51,0,0,98,36,92,98,0,0,96,95,99,100,100,0,0,0,0,0,0
l35,9=0,0,0,0,0,0,0,0,0,0,0,0,0,0,0,0,0,0,0,0,43,69,73,0,0,0,0,0,0,0,0,0,0,0,0,0,93,44,87,44
l36,9=0,0,0,0,0,0,0,0,0,0,0,55,50,39,15,22,6,25,0,26,48,43,77,0,30,0,0,0,0,0,0,0,0,0,0,79,0,45,54,51
l37,9=0,0,0,0,0,0,0,0,0,0,0,0,0,0,0,4,1,0,0,9,45,68,68,0,0,0,0,0,0,0,0,0,0,0,0,75,92,0,54,46
l38,9=0,0,0,0,0,0,0,0,0,0,0,67,60,52,0,31,60,16,0,23,55,82,85,0,0,27,0,0,0,0,0,0,0,0,0,82,89,47,0,52
l39,9=0,0,0,0,0,0,0,0,0,0,0,0,0,0,0,0,55,36,0,38,51,76,0,0,0,0,0,0,0,0,0,0,0,0,0,71,85,44,53,0

l0,10=0,93,91,93,93,81,0,74,0,81,76,0,0,0,0,0,0,0,0,0,0,0,0,0,0,0,0,0,0,0,0,0,0,0,0,0,0,0,0,0
l1,10=93,0,91,90,90,92,89,70,57,68,67,0,0,0,0,0,0,0,0,0,0,0,0,0,0,0,0,0,0,0,0,0,0,0,0,0,0,0,0,0
l2,10=93,90,0,92,89,92,88,78,50,86,80,0,1,0,0,0,0,0,0,0,0,0,0,0,0,0,0,0,0,0,0,0,0,0,0,0,0,0,0,0
l3,10=97,92,92,0,96,91,71,62,0,71,64,0,0,0,0,0,0,0,0,0,0,0,0,0,0,0,0,0,0,0,0,0,0,0,0,0,0,0,0,0
l4,10=93,85,88,92,0,92,75,75,73,66,86,0,0,0,44,0,0,0,0,0,0,0,0,0,0,0,0,0,0,0,0,0,0,0,0,0,0,0,0,0
l5,10=85,89,91,86,93,0,88,85,80,84,84,0,0,73,0,0,0,0,0,0,0,0,0,0,0,0,0,0,0,0,0,0,0,0,0,0,0,0,0,0
l6,10=0,83,86,74,80,87,0,84,83,86,83,0,0,62,0,10,24,0,0,0,0,0,0,0,0,0,0,0,0,0,0,0,0,0,0,0,0,0,0,0
l7,10=79,76,70,72,87,87,88,0,84,89,88,45,40,79,0,0,0,0,0,0,0,0,0,0,0,0,0,0,0,0,0,0,0,0,0,0,0,0,0,0
l8,10=0,19,0,20,70,63,79,82,0,93,69,74,63,80,40,82,7,65,0,41,3,0,68,64,34,0,0,0,0,0,0,0,0,0,0,0,0,0,0,0
l9,10=72,40,48,53,69,70,84,83,84,0,86,70,70,80,43,49,0,0,0,0,0,11,10,53,34,0,0,0,0,0,0,0,0,0,0,0,0,0,0,0
l10,10=66,64,61,62,81,76,80,84,58,89,0,61,0,72,0,75,0,56,0,0,0,0,0,0,0,0,0,0,0,0,0,0,0,0,0,0,0,0,0,0
l11,10=0,0,0,0,0,0,0,48,78,49,44,0,80,80,52,90,39,86,0,0,25,22,0,75,61,45,0,0,0,0,0,0,0,0,0,54,57,0,63,0
l12,10=0,0,0,0,0,0,0,0,62,42,0,73,0,78,95,89,79,98,0,0,40,34,0,96,98,99,0,0,0,0,0,0,0,16,0,28,0,0,65,0
l13,10=0,0,0,0,0,53,57,76,83,86,46,78,74,0,45,86,54,44,0,21,34,29,0,67,57,17,0,0,0,0,0,0,0,0,0,0,0,0,57,0
l14,10=0,0,0,0,57,0,0,0,49,43,0,87,96,77,0,56,66,94,0,0,31,25,47,91,96,58,0,0,0,0,0,0,0,46,0,0,71,0,63,0
l15,10=0,0,0,0,0,0,7,0,79,49,50,88,89,83,51,0,60,87,0,38,35,0,67,0,59,36,0,0,0,0,0,0,0,0,0,0,0,0,76,0
l16,10=0,0,0,0,0,0,12,0,7,0,0,30,86,64,42,46,0,85,46,23,41,36,47,62,74,9,0,0,0,0,0,0,0,0,13,0,62,61,78,56
l17,10=0,0,0,0,0,0,0,0,61,2,27,73,99,62,56,58,69,0,0,30,9,43,70,0,54,25,0,0,0,0,0,0,0,8,0,0,67,0,71,54
l18,10=0,0,0,0,0,0,0,0,0,0,0,0,0,0,0,0,39,0,0,75,71,76,0,0,0,0,0,0,0,0,0,0,0,0,0,0,0,0,0,0
l19,10=0,0,0,0,0,0,0,0,29,0,0,0,0,12,0,28,39,51,59,0,78,63,76,0,0,0,43,0,0,0,0,53,9,0,0,0,0,51,0,49
l20,10=0,0,0,0,0,0,0,0,0,0,0,12,53,47,5,16,56,44,56,86,0,89,94,0,0,0,0,0,0,0,0,0,17,0,0,73,74,61,82,62
l21,10=0,0,0,0,0,0,0,0,0,32,0,45,59,56,33,0,53,65,69,55,88,0,91,0,0,0,1,0,0,0,0,0,0,8,0,65,62,24,73,68
l22,10=0,0,0,0,0,0,0,0,48,15,0,0,0,0,20,27,41,53,0,78,87,79,0,0,0,0,38,0,0,41,0,53,0,0,0,66,70,48,77,48
l23,10=0,0,0,0,0,0,0,0,60,37,0,67,99,77,82,0,61,0,0,0,0,0,0,0,99,100,0,0,0,0,0,6,59,70,13,0,0,0,0,0
l24,10=0,0,0,0,0,0,0,0,7,40,0,73,99,82,96,55,91,89,0,0,1,0,0,98,0,77,0,0,0,0,0,0,0,54,26,0,0,0,20,0
l25,10=0,0,0,16,0,0,0,0,0,0,0,76,99,45,93,48,24,62,0,0,0,0,0,98,98,0,43,0,0,0,0,59,48,99,73,0,0,0,78,0
l26,10=0,0,0,0,0,0,0,0,0,0,0,0,0,0,0,0,0,0,0,63,0,0,58,0,0,26,0,81,96,98,99,98,95,57,77,0,0,0,0,0
l27,10=0,0,0,0,0,0,0,0,0,0,0,0,0,0,0,0,0,0,0,0,0,0,0,0,0,0,86,0,90,97,100,85,0,0,79,0,0,0,0,0
l28,10=0,0,0,0,0,0,0,0,0,0,0,0,0,0,0,0,0,0,0,0,0,0,0,0,0,0,96,98,0,98,100,87,53,82,66,0,0,0,0,0
l29,10=0,0,0,0,0,0,0,0,0,0,0,0,0,0,0,0,0,0,0,0,17,0,38,0,0,0,96,98,96,0,100,91,57,3,61,0,0,0,0,0
l30,10=0,0,0,0,0,0,0,0,0,0,0,0,0,0,0,0,0,0,0,0,0,0,0,0,0,0,96,98,96,98,0,90,75,69,79,0,0,0,0,0
l31,10=0,0,0,0,0,0,0,0,0,0,0,0,0,0,0,0,0,0,0,49,8,0,56,30,0,30,96,74,77,97,96,0,100,100,100,0,0,0,0,0
l32,10=0,0,0,0,0,0,0,0,0,0,0,0,0,0,0,0,0,0,0,18,47,0,0,76,0,25,96,0,46,78,75,99,0,100,100,0,0,0,0,0
l33,10=0,0,0,0,0,0,0,0,0,0,0,0,71,0,82,0,0,16,0,0,32,12,0,96,97,98,93,0,94,28,88,99,100,0,100,0,0,0,0,0
l34,10=0,0,0,0,0,0,0,0,0,0,0,0,0,0,0,0,74,0,0,18,22,0,0,59,48,58,89,77,71,82,86,99,100,100,0,0,0,0,0,0
l35,10=0,0,0,0,0,0,0,0,0,0,0,12,20,0,0,0,0,0,0,0,38,30,65,0,0,0,0,0,0,0,0,0,0,0,0,0,86,69,75,59
l36,10=0,0,0,0,0,0,0,0,0,0,0,16,0,0,5,0,32,46,0,0,44,12,70,0,0,0,0,0,0,0,0,0,0,0,0,84,0,80,79,73
l37,10=0,0,0,0,0,0,0,0,0,0,0,0,0,0,0,0,38,0,0,26,38,0,39,0,0,0,0,0,0,0,0,0,0,0,0,75,79,0,72,63
l38,10=0,0,0,0,0,0,0,0,0,0,0,16,53,53,5,9,56,56,0,0,43,43,72,0,1,16,0,0,0,0,0,0,0,0,0,80,77,71,0,67
l39,10=0,0,0,0,0,0,0,0,0,0,0,0,0,0,0,0,48,32,0,49,42,42,63,0,0,0,0,0,0,0,0,0,0,0,0,72,79,68,73,0

l0,11=0,93,86,91,84,84,42,64,29,53,0,0,0,0,0,0,0,0,0,0,0,0,0,0,0,0,0,0,0,0,0,0,0,0,0,0,0,0,0,0
l1,11=90,0,88,66,74,89,86,81,40,55,65,38,0,16,0,0,0,0,0,0,0,0,0,0,0,0,0,0,0,0,0,0,0,0,0,0,0,0,0,0
l2,11=84,90,0,88,80,89,53,75,49,62,59,0,0,0,0,0,0,0,0,0,0,0,0,0,0,0,0,0,0,0,0,0,0,0,0,0,0,0,0,0
l3,11=91,59,86,0,84,87,26,0,0,33,58,0,0,0,0,0,0,0,0,0,0,0,0,0,0,0,0,0,0,0,0,0,0,0,0,0,0,0,0,0
l4,11=90,75,81,91,0,82,81,66,0,42,62,0,0,0,30,0,0,0,0,0,0,0,0,40,0,0,0,0,0,0,0,0,0,0,0,0,0,0,0,0
l5,11=84,90,88,88,80,0,85,86,49,83,58,0,0,7,0,0,0,0,0,0,0,0,0,0,0,0,0,0,0,0,0,0,0,0,0,0,0,0,0,0
l6,11=41,85,33,49,78,87,0,87,57,81,81,58,0,67,0,72,37,0,0,0,0,0,0,0,0,0,0,0,0,0,0,0,0,0,0,0,0,0,0,0
l7,11=76,85,80,43,77,87,85,0,75,82,89,65,55,79,0,51,0,0,0,0,0,0,0,0,0,0,0,0,0,0,0,0,0,0,0,0,0,0,0,0
l8,11=52,40,56,0,0,67,60,46,0,88,75,77,66,83,51,81,0,65,0,32,1,0,0,46,61,0,0,0,0,0,0,0,0,0,0,0,0,0,0,0
l9,11=69,45,51,40,58,79,73,86,78,0,85,78,68,79,0,70,14,0,0,0,0,21,0,9,0,0,0,0,0,0,0,0,0,0,0,0,0,0,0,0
l10,11=0,68,59,65,67,63,76,87,68,86,0,71,0,68,0,75,0,20,0,1,0,0,0,0,0,0,0,0,0,0,0,0,0,0,0,0,0,0,0,0
l11,11=0,27,0,0,0,0,44,19,25,74,65,0,80,84,65,91,47,81,0,0,1,9,49,80,82,21,0,0,0,0,0,0,0,0,0,39,0,0,22,0
l12,11=0,0,0,0,0,0,0,15,25,72,0,91,0,77,94,90,56,93,0,0,21,21,50,83,96,92,0,0,0,0,0,0,0,0,0,0,0,0,25,0
l13,11=0,4,0,0,0,4,47,24,77,79,71,85,75,0,50,90,44,76,0,6,19,15,0,68,78,22,0,0,0,0,0,0,0,0,0,0,0,0,18,0
l14,11=0,0,0,0,51,0,0,0,17,0,0,85,89,62,0,41,86,86,0,0,0,7,0,88,21,52,0,0,0,0,0,0,0,66,7,41,38,0,18,0
l15,11=0,0,0,0,0,0,46,14,27,74,70,91,85,88,53,0,78,84,0,38,22,18,22,52,0,25,0,0,0,0,0,0,0,0,0,22,38,0,22,0
l16,11=0,0,0,0,0,0,26,0,0,26,0,50,78,63,64,50,0,87,12,33,23,22,53,67,88,2,0,0,0,0,0,0,24,39,55,0,45,55,27,19
l17,11=0,0,0,0,0,0,0,0,21,28,26,64,87,76,66,54,56,0,0,0,20,22,59,72,78,0,0,0,0,0,0,0,0,0,0,0,42,0,14,12
l18,11=0,0,0,0,0,0,0,0,0,0,0,0,0,0,0,0,36,0,0,63,58,56,28,0,0,0,0,0,0,0,0,0,0,0,0,0,0,0,0,0
l19,11=0,0,0,0,0,0,0,0,11,0,0,0,0,4,0,34,27,0,50,0,70,58,62,0,0,0,15,0,0,0,0,13,0,0,13,34,0,36,0,19
l20,11=0,0,0,0,0,0,0,0,0,0,0,0,52,50,0,37,48,56,48,70,0,80,78,0,0,0,2,0,26,0,0,0,5,9,0,46,43,46,24,21
l21,11=0,0,0,0,0,0,0,0,0,53,0,17,60,50,32,33,73,65,53,78,81,0,77,0,5,0,0,0,0,0,0,0,0,0,0,8,37,48,77,27
l22,11=0,0,0,0,0,0,0,0,0,0,0,36,50,0,0,13,32,56,0,60,80,75,0,0,0,0,15,0,0,0,0,28,0,0,0,40,38,0,69,21
l23,11=0,0,0,0,38,0,0,0,1,16,0,84,89,74,90,28,66,47,0,0,0,0,0,0,96,92,0,0,0,0,0,16,47,53,0,0,0,0,0,0
l24,11=0,0,0,0,0,0,0,0,5,1,0,62,89,80,12,0,91,80,0,0,0,0,0,94,0,31,0,0,0,0,0,0,0,0,0,0,0,0,0,0
l25,11=0,0,0,0,0,0,0,0,0,0,0,60,89,75,93,75,9,0,0,0,0,0,0,97,94,0,0,0,0,0,0,43,40,90,0,0,0,0,0,0
l26,11=0,0,0,0,0,0,0,0,0,0,0,0,0,0,0,0,0,0,0,33,22,0,34,0,0,0,0,79,93,87,92,83,86,65,68,0,0,0,0,0
l27,11=0,0,0,0,0,0,0,0,0,0,0,0,0,0,0,0,0,0,0,0,0,0,0,0,0,0,78,0,89,89,96,70,0,0,33,0,0,0,0,0
l28,11=0,0,0,0,0,0,0,0,0,0,0,0,0,0,0,0,0,0,0,0,27,0,0,0,0,0,84,95,0,89,96,74,48,0,30,0,0,0,0,0
l29,11=0,0,0,0,0,0,0,0,0,0,0,0,0,0,0,0,0,0,0,1,0,0,0,0,0,0,84,95,93,0,96,80,35,36,35,0,0,0,0,0
l30,11=0,0,0,0,0,0,0,0,0,0,0,0,0,0,0,0,0,0,0,0,0,0,0,0,0,0,84,95,93,89,0,81,70,83,61,0,0,0,0,0
l31,11=0,0,0,0,0,0,0,0,0,0,0,0,0,0,0,0,0,0,0,25,0,0,45,26,0,55,84,75,80,81,85,0,91,100,99,0,0,0,0,0
l32,11=0,0,0,0,0,0,0,0,0,0,0,0,0,0,0,0,14,0,0,0,7,0,0,40,0,9,84,0,45,38,63,92,0,100,99,0,0,0,0,0
l33,11=0,0,0,0,0,0,0,0,0,0,0,0,0,0,70,0,50,0,0,0,23,0,0,82,0,91,80,0,0,80,94,98,98,0,99,0,0,0,0,0
l34,11=0,0,0,0,0,0,0,0,0,0,0,0,0,0,22,0,62,0,0,20,0,0,0,15,25,0,81,73,62,74,80,98,98,100,0,0,0,0,0,0
l35,11=0,0,0,0,0,0,0,0,0,0,0,14,11,0,18,8,0,0,0,32,21,0,60,0,0,0,0,0,0,0,0,0,0,0,0,0,86,58,25,22
l36,11=0,0,0,0,0,0,0,0,0,0,0,0,0,0,28,19,42,62,0,0,20,15,66,0,0,0,0,0,0,0,0,0,0,0,0,61,0,64,26,23
l37,11=0,0,0,0,0,0,0,0,0,0,0,0,0,0,0,0,38,0,0,11,19,17,0,0,0,0,0,0,0,0,0,0,0,0,0,50,49,0,23,23
l38,11=0,0,0,0,0,0,0,0,0,0,0,41,64,34,32,32,52,25,0,0,22,21,68,0,0,0,0,0,0,0,0,0,0,0,0,56,52,60,0,24
l39,11=0,0,0,0,0,0,0,0,0,0,0,0,0,0,0,0,34,3,0,44,20,18,60,0,0,0,0,0,0,0,0,0,0,0,0,74,83,56,79,0

l0,12=0,90,87,91,92,88,76,68,5,60,58,0,0,0,0,0,0,0,0,0,0,0,0,0,0,0,0,0,0,0,0,0,0,0,0,0,0,0,0,0
l1,12=90,0,78,86,91,86,88,76,0,57,68,49,0,0,0,0,0,0,0,0,0,0,0,0,0,0,0,0,0,0,0,0,0,0,0,0,0,0,0,0
l2,12=90,82,0,88,86,88,91,70,63,72,71,0,0,0,0,0,0,0,0,0,0,0,0,0,0,0,0,0,0,0,0,0,0,0,0,0,0,0,0,0
l3,12=91,85,82,0,93,86,4,54,0,0,65,0,0,0,0,0,0,0,0,0,0,0,0,0,0,0,0,0,0,0,0,0,0,0,0,0,0,0,0,0
l4,12=90,85,78,88,0,54,85,70,50,54,32,0,0,0,36,0,0,0,0,0,0,0,0,41,0,0,0,0,0,0,0,0,0,0,0,0,0,0,0,0
l5,12=87,87,87,85,78,0,87,85,71,83,71,0,0,56,0,0,0,0,0,0,0,0,0,38,0,0,0,0,0,0,0,0,0,0,0,0,0,0,0,0
l6,12=79,87,82,48,81,85,0,86,72,61,84,77,0,73,0,78,0,0,0,0,0,0,0,0,0,0,0,0,0,0,0,0,0,0,0,0,0,0,0,0
l7,12=82,87,41,46,85,86,88,0,79,83,87,58,42,78,0,6,0,0,0,0,0,0,0,0,0,0,0,0,0,0,0,0,0,0,0,0,0,0,0,0
l8,12=8,0,34,40,58,74,74,68,0,85,82,70,50,85,37,72,54,50,0,48,0,44,0,0,25,0,0,0,0,0,0,0,0,0,0,0,0,0,0,0
l9,12=43,47,45,0,57,86,58,87,79,0,87,71,47,82,0,69,63,12,0,0,60,59,0,0,3,0,0,0,0,0,0,0,0,0,0,0,0,0,0,0
l10,12=37,69,55,70,42,71,79,90,77,85,0,68,5,81,0,73,0,0,0,0,0,0,0,20,0,0,0,0,0,0,0,0,0,0,0,0,0,0,0,0
l11,12=0,37,0,0,0,0,79,61,74,79,79,0,58,51,50,92,76,88,0,0,44,53,29,43,32,26,0,0,0,0,0,0,0,0,0,40,7,0,66,0
l12,12=0,0,0,0,0,0,0,9,68,73,0,86,0,50,97,90,86,96,0,0,70,60,35,78,96,100,0,0,0,0,0,0,0,6,0,0,0,0,68,0
l13,12=0,0,0,0,0,61,71,70,79,83,84,83,57,0,52,90,78,80,0,0,61,54,0,70,68,46,0,0,0,0,0,0,0,0,0,0,0,0,0,0
l14,12=0,0,0,0,54,0,0,0,51,0,0,73,93,47,0,86,91,86,0,0,0,57,2,89,96,23,0,0,0,0,0,0,0,71,64,44,29,0,54,0
l15,12=0,0,0,0,0,0,79,0,75,80,81,90,86,86,53,0,78,81,0,58,67,60,5,62,83,55,0,0,0,0,0,0,0,0,0,0,0,0,61,0
l16,12=0,0,0,0,0,0,0,0,47,58,0,74,59,42,55,86,0,90,58,65,74,64,29,37,91,36,0,0,0,0,0,0,0,12,0,42,46,29,73,51
l17,12=0,0,0,0,0,0,0,0,56,56,0,88,63,49,54,89,89,0,0,57,79,72,37,50,40,0,0,0,0,0,0,0,0,47,0,0,40,0,64,22
l18,12=0,0,0,0,0,0,0,0,0,0,0,0,0,0,0,0,65,0,0,56,65,54,0,0,0,0,0,0,0,0,0,0,0,0,0,0,0,0,0,0
l19,12=0,0,0,0,0,0,0,0,39,0,0,0,0,0,0,49,56,49,49,0,81,74,65,0,0,0,33,0,41,8,0,32,17,0,0,46,0,0,35,57
l20,12=0,0,0,0,0,0,0,0,0,47,0,49,35,25,0,52,77,69,49,82,0,91,80,0,0,0,28,0,15,0,0,3,0,0,0,51,65,40,80,60
l21,12=0,0,0,0,0,0,0,0,45,56,0,57,50,33,50,60,75,72,51,84,89,0,79,0,52,0,24,0,0,0,0,0,0,0,0,55,76,61,82,54
l22,12=0,0,0,0,0,0,0,0,0,0,0,52,33,0,2,5,58,50,0,81,88,90,0,0,0,0,28,0,0,0,0,0,0,0,0,55,51,31,65,64
l23,12=0,0,0,0,51,22,0,0,0,0,5,53,59,52,62,67,54,65,0,0,0,0,0,0,96,100,0,0,0,0,0,9,16,59,0,0,0,0,0,0
l24,12=0,0,0,0,0,0,0,0,0,24,0,4,93,44,97,89,92,59,0,0,0,59,0,94,0,93,0,0,0,0,0,27,42,0,0,0,1,0,53,0
l25,12=0,0,0,0,0,0,0,0,0,0,0,54,93,44,38,85,77,0,0,0,0,0,0,99,96,0,0,0,0,0,0,78,79,70,93,0,0,0,0,0
l26,12=0,0,0,0,0,0,0,0,0,0,0,0,0,0,0,0,0,0,0,44,33,11,22,0,0,0,0,69,91,83,94,92,82,60,77,0,0,0,0,0
l27,12=0,0,0,0,0,0,0,0,0,0,0,0,0,0,0,0,0,0,0,0,0,0,0,0,0,0,76,0,86,98,95,76,0,8,13,0,0,0,0,0
l28,12=0,0,0,0,0,0,0,0,0,0,0,0,0,0,0,0,0,0,0,48,55,0,0,0,0,0,89,97,0,98,95,84,64,62,64,0,0,0,0,0
l29,12=0,0,0,0,0,0,0,0,0,0,0,0,0,0,0,0,0,0,0,2,0,0,0,0,0,0,80,97,91,0,95,88,75,68,75,0,0,0,0,0
l30,12=0,0,0,0,0,0,0,0,0,0,0,0,0,0,0,0,0,0,0,0,0,0,0,0,0,0,89,97,91,98,0,84,77,45,38,0,0,0,0,0
l31,12=0,0,0,0,0,0,0,0,0,0,0,0,0,0,0,0,0,0,0,63,54,0,0,46,55,73,89,85,89,98,93,0,95,100,100,0,0,0,0,0
l32,12=0,0,0,0,0,0,0,0,0,0,0,0,0,0,0,0,0,0,0,42,0,0,0,56,61,71,85,0,85,91,89,94,0,100,100,0,0,0,0,0
l33,12=0,0,0,0,0,0,0,0,0,0,0,0,39,0,64,0,10,14,0,0,1,0,0,70,0,61,79,34,75,77,80,99,96,0,100,0,0,0,0,0
l34,12=0,0,0,0,0,0,0,0,0,0,0,0,0,0,57,0,0,0,0,0,0,0,0,0,0,87,88,43,83,92,72,99,96,100,0,0,0,0,0,0
l35,12=0,0,0,0,0,0,0,0,0,0,0,14,0,0,4,0,35,0,0,31,58,46,48,0,0,0,0,0,0,0,0,0,0,0,0,0,87,48,71,46
l36,12=0,0,0,0,0,0,0,0,0,0,0,31,0,0,3,0,77,64,0,0,72,63,50,0,0,0,0,0,0,0,0,0,0,0,0,86,0,50,75,74
l37,12=0,0,0,0,0,0,0,0,0,0,0,0,0,0,0,0,66,0,0,0,64,39,19,0,0,0,0,0,0,0,0,0,0,0,0,72,50,0,57,68
l38,12=0,0,0,0,0,0,0,0,0,0,0,57,36,0,5,56,82,53,0,17,75,73,51,0,32,0,0,0,0,0,0,0,0,0,0,73,50,24,0,74
l39,12=0,0,0,0,0,0,0,0,0,0,0,0,0,0,0,0,53,0,0,63,64,55,50,0,0,0,0,0,0,0,0,0,0,0,0,47,85,44,73,0

l0,13=0,93,92,93,93,94,94,90,90,88,89,0,0,0,0,0,0,0,0,0,0,0,0,0,0,0,0,0,0,0,0,0,0,0,0,0,0,0,0,0
l1,13=93,0,92,96,93,94,94,86,57,58,77,0,0,0,1,0,0,0,0,0,0,0,0,0,0,0,0,0,0,0,0,0,0,0,0,0,0,0,0,0
l2,13=93,93,0,92,93,94,94,60,0,88,91,0,0,59,0,0,0,0,0,0,0,0,0,0,0,0,0,0,0,0,0,0,0,0,0,0,0,0,0,0
l3,13=96,97,92,0,98,94,94,88,5,0,91,0,0,0,0,0,0,0,0,0,0,0,0,0,8,0,0,0,0,0,0,0,0,0,0,0,0,0,0,0
l4,13=93,93,91,92,0,93,94,88,57,17,91,0,0,0,0,0,0,0,0,0,0,0,0,1,0,0,0,0,0,0,0,0,0,0,0,0,0,0,0,0
l5,13=93,92,91,92,89,0,94,63,88,91,87,0,0,83,0,0,0,0,0,0,0,0,0,0,0,0,0,0,0,0,0,0,0,0,0,0,0,0,0,0
l6,13=91,88,91,86,93,94,0,0,84,87,0,79,0,80,0,81,0,0,0,0,0,0,0,0,0,0,0,0,0,0,0,0,0,0,0,0,0,0,0,0
l7,13=91,92,74,91,92,78,0,0,92,91,91,71,29,91,0,5,0,0,0,0,0,0,0,0,0,0,0,0,0,0,0,0,0,0,0,0,0,0,0,0
l8,13=45,20,0,74,73,48,52,65,0,93,89,67,74,92,80,72,62,62,0,27,0,69,21,0,80,0,0,0,0,0,0,0,0,0,0,0,0,0,0,0
l9,13=30,0,66,0,0,86,87,89,93,0,91,72,74,92,70,82,61,75,0,0,38,69,0,0,0,0,0,0,0,0,0,0,0,0,0,0,0,0,0,0
l10,13=31,25,68,83,87,49,0,92,90,93,0,74,0,90,0,74,0,0,0,0,0,0,0,0,0,0,0,0,0,0,0,0,0,0,0,0,0,0,0,0
l11,13=0,0,0,0,0,0,50,44,51,51,50,0,95,98,84,93,78,93,0,0,42,75,74,80,0,17,0,0,0,0,0,0,0,0,0,0,0,0,32,0
l12,13=0,0,0,0,0,0,0,0,14,51,0,90,0,81,99,93,98,99,0,0,48,62,78,83,99,99,0,0,0,0,0,0,0,53,0,0,42,0,35,0
l13,13=0,0,7,0,0,26,48,48,91,93,58,93,76,0,84,93,69,89,0,10,39,72,0,58,20,79,0,0,0,0,0,0,0,0,0,0,0,0,30,0
l14,13=0,0,0,0,0,0,0,0,55,50,0,89,99,93,0,90,98,92,0,0,0,70,0,98,100,92,0,0,0,0,0,0,15,52,71,0,42,0,0,0
l15,13=0,0,0,0,0,0,50,0,46,56,48,93,98,98,82,0,98,99,0,23,43,67,0,83,87,81,0,0,0,0,0,0,0,0,0,0,31,0,32,0
l16,13=0,0,0,0,0,0,0,0,10,41,0,73,89,71,94,93,0,94,2,29,45,72,74,63,91,63,0,0,0,0,0,0,0,1,63,74,36,0,38,68
l17,13=0,0,0,0,0,0,0,0,28,49,0,89,98,93,91,93,98,0,0,27,54,89,61,75,92,20,0,0,0,0,0,0,0,44,0,0,38,0,36,0
l18,13=0,0,0,0,0,0,0,0,0,0,0,0,0,0,0,0,79,0,0,94,92,1,55,0,0,0,0,0,0,0,0,0,0,0,0,0,0,0,0,0
l19,13=0,0,0,0,0,0,0,0,55,0,0,0,0,0,0,52,54,52,62,0,96,88,84,0,0,0,40,0,1,21,0,44,0,0,0,43,42,45,52,66
l20,13=0,0,0,0,0,0,0,0,0,28,0,61,73,54,0,77,85,83,21,95,0,95,94,0,0,0,32,0,0,0,0,29,0,0,0,83,57,29,60,79
l21,13=0,0,0,0,0,0,0,0,43,68,0,75,67,70,67,68,77,87,0,95,96,0,96,0,66,0,32,0,0,0,0,0,0,0,0,67,50,6,85,88
l22,13=0,0,0,0,0,0,0,0,0,0,0,48,60,0,0,0,75,50,1,57,96,95,0,0,0,0,47,0,0,0,0,0,0,0,48,85,44,19,37,91
l23,13=0,0,0,0,0,0,0,0,0,0,0,84,94,13,100,93,82,62,0,0,0,0,0,0,99,100,0,0,0,0,0,0,0,41,72,0,0,0,0,0
l24,13=0,0,0,60,0,0,0,0,53,0,0,0,99,0,100,90,99,94,0,0,0,73,0,88,0,100,0,0,0,0,0,0,27,0,0,0,42,0,13,0
l25,13=0,0,0,4,0,0,0,0,0,0,0,20,99,91,100,93,99,1,0,0,0,0,0,100,100,0,0,0,1,3,0,52,38,61,100,0,0,0,0,0
l26,13=0,0,0,0,0,0,0,0,0,0,0,0,0,0,0,0,0,0,0,48,54,29,53,0,0,0,0,90,98,82,100,99,85,80,0,0,0,0,0,0
l27,13=0,0,0,0,0,0,0,0,0,0,0,0,0,0,0,0,0,0,0,0,0,0,0,0,0,0,82,0,92,99,100,90,73,71,58,0,0,0,0,0
l28,13=0,0,0,0,0,0,0,0,0,0,0,0,0,0,0,0,0,0,0,26,25,0,0,0,0,4,98,98,0,99,100,95,67,79,84,0,0,0,0,0
l29,13=0,0,0,0,0,0,0,0,0,0,0,0,0,0,0,0,0,0,0,26,0,0,0,0,0,0,79,98,98,0,100,93,89,74,81,0,0,0,0,0
l30,13=0,0,0,0,0,0,0,0,0,0,0,0,0,0,0,0,0,0,0,0,0,0,0,0,0,0,98,98,98,99,0,94,75,76,7,0,0,0,0,0
l31,13=0,0,0,0,0,0,0,0,0,0,0,0,0,0,0,0,0,0,0,48,67,0,0,0,0,76,98,97,98,98,99,0,100,100,100,0,0,0,0,0
l32,13=0,0,0,0,0,0,0,0,0,0,0,0,0,0,71,0,8,0,0,4,0,0,0,0,75,90,95,73,77,97,93,100,0,100,100,0,0,0,0,0
l33,13=0,0,0,0,0,0,0,0,0,0,0,0,91,0,92,0,0,77,0,0,0,0,0,76,0,94,98,81,94,83,98,100,100,0,100,0,0,0,0,0
l34,13=0,0,0,0,0,0,0,0,0,0,0,0,0,0,83,0,86,0,0,0,21,0,67,80,18,98,0,57,97,98,58,100,100,100,0,0,0,0,0,0
l35,13=0,0,0,0,0,0,0,0,0,0,0,0,14,0,0,0,58,0,0,8,49,54,76,0,0,0,0,0,0,0,0,0,0,0,0,0,91,34,38,82
l36,13=0,0,0,0,0,0,0,0,0,0,0,0,60,0,40,39,78,62,0,14,49,73,79,0,63,0,0,0,0,0,0,0,0,0,0,95,0,31,37,86
l37,13=0,0,0,0,0,0,0,0,0,0,0,0,0,0,0,0,0,0,0,27,52,0,67,0,0,0,0,0,0,0,0,0,0,0,0,92,41,0,37,70
l38,13=0,0,0,0,0,0,0,0,0,0,0,62,77,65,0,74,84,76,0,23,52,79,78,0,27,0,0,0,0,0,0,0,0,0,0,89,43,29,0,82
l39,13=0,0,0,0,0,0,0,0,0,0,0,0,0,0,0,0,62,0,0,34,48,81,84,0,0,0,0,0,0,0,0,0,0,0,0,85,40,24,38,0

l0,14=0,100,100,100,100,100,99,100,89,99,99,0,0,0,0,0,0,0,0,0,0,0,0,0,0,0,0,0,0,0,0,0,0,0,0,0,0,0,0,0
l1,14=100,0,100,100,100,100,15,0,37,0,57,0,0,53,0,0,0,0,0,0,0,0,0,0,0,0,0,0,0,0,0,0,0,0,0,0,0,0,0,0
l2,14=100,100,0,100,100,100,99,100,30,100,100,0,0,72,0,18,0,0,0,0,0,0,0,0,0,0,0,0,0,0,0,0,0,0,0,0,0,0,0,0
l3,14=100,100,100,0,100,100,99,100,0,0,99,0,0,0,0,0,0,0,0,0,0,0,0,0,0,0,0,0,0,0,0,0,0,0,0,0,0,0,0,0
l4,14=100,100,100,100,0,100,99,0,38,44,100,0,0,0,0,1,0,0,0,0,0,0,0,0,0,0,0,0,0,0,0,0,0,0,0,0,0,0,0,0
l5,14=100,100,100,100,100,0,99,100,96,100,100,0,0,86,0,73,0,0,0,0,0,0,0,0,0,0,0,0,0,0,0,0,0,0,0,0,0,0,0,0
l6,14=100,2,100,92,100,100,0,96,87,94,95,100,0,92,0,82,0,0,0,0,0,0,53,0,0,0,0,0,0,0,0,0,0,0,0,0,0,0,0,0
l7,14=69,0,100,99,0,98,98,0,97,100,100,0,0,89,0,3,91,0,0,0,0,0,0,0,0,0,0,0,0,0,0,0,0,0,0,0,0,0,0,0
l8,14=42,25,4,15,46,40,27,32,0,100,99,35,27,49,53,53,39,0,0,12,36,57,39,0,38,0,0,0,0,0,0,0,0,0,0,0,0,0,0,0
l9,14=45,0,27,0,44,66,41,100,97,0,100,54,0,100,52,74,40,44,0,0,39,57,0,37,8,0,0,0,0,0,0,0,0,0,0,0,0,0,0,0
l10,14=85,31,48,92,100,100,96,100,97,100,0,34,27,100,37,56,0,0,0,0,9,0,0,0,0,0,0,0,0,0,0,0,0,0,0,0,0,0,0,0
l11,14=0,0,0,0,0,0,61,0,41,98,48,0,61,100,99,98,99,99,0,0,88,57,75,66,0,29,0,0,0,0,0,0,0,0,0,8,15,0,34,0
l12,14=0,0,0,0,0,0,0,0,64,0,43,67,0,91,100,95,40,99,0,13,93,1,54,85,65,99,0,0,0,0,0,0,0,47,0,15,7,0,0,0
l13,14=0,53,59,0,0,72,59,62,93,100,98,100,97,0,98,98,93,95,0,42,0,96,0,79,65,57,0,0,0,0,0,0,0,0,0,0,0,0,50,0
l14,14=0,0,0,0,0,0,0,0,43,44,18,64,100,49,0,66,95,95,0,0,9,20,0,86,100,4,0,0,0,0,0,0,5,28,0,0,0,0,33,0
l15,14=0,0,0,0,0,29,52,0,95,98,50,100,60,99,98,0,99,99,0,38,92,76,0,86,65,24,0,0,0,0,0,0,0,0,0,0,0,0,57,0
l16,14=0,0,0,0,0,0,0,12,41,86,0,60,22,28,91,96,0,98,11,82,87,88,94,32,64,12,0,0,0,0,0,0,0,29,20,47,58,0,30,38
l17,14=0,0,0,0,0,0,0,0,0,48,0,77,97,91,99,96,99,0,0,66,99,98,93,88,65,34,0,0,0,0,0,0,0,7,0,29,48,0,58,0
l18,14=0,0,0,0,0,0,0,0,0,0,0,0,0,0,0,0,73,0,0,87,94,6,89,0,0,0,0,0,0,0,0,0,0,0,0,0,0,0,0,0
l19,14=0,0,0,0,0,0,0,0,0,0,0,0,49,4,0,86,91,94,80,0,99,96,98,0,0,0,52,0,0,50,0,0,0,0,0,55,78,59,52,87
l20,14=0,0,0,0,0,0,0,0,3,91,0,54,56,0,0,88,90,92,87,97,0,98,99,0,0,0,5,0,0,0,0,0,0,0,34,56,74,58,97,81
l21,14=0,0,0,0,0,0,0,0,88,91,0,83,57,86,77,89,89,92,0,97,99,0,99,0,83,0,0,0,0,0,0,0,0,0,3,90,96,61,53,96
l22,14=0,0,0,0,0,0,30,0,10,0,0,55,55,0,0,0,98,91,69,94,99,98,0,0,0,0,80,0,0,0,0,0,0,0,0,56,96,11,57,86
l23,14=0,0,0,0,0,0,0,0,0,43,0,35,40,27,99,84,39,50,0,0,0,0,0,0,39,100,0,0,0,0,0,0,49,46,25,0,0,0,0,0
l24,14=0,0,0,0,0,0,0,0,41,28,0,0,66,48,100,93,100,100,0,0,0,54,0,42,0,60,0,0,0,0,0,0,0,0,0,0,27,0,0,0
l25,14=0,0,0,0,0,0,0,0,0,0,0,31,100,53,37,53,42,50,0,0,0,0,0,99,100,0,0,0,15,0,0,0,52,93,73,0,0,0,0,0
l26,14=0,0,0,0,0,0,0,0,0,0,0,0,0,0,0,0,0,0,0,60,56,0,81,0,0,0,0,86,99,88,99,97,89,86,90,0,0,0,0,0
l27,14=0,0,0,0,0,0,0,0,0,0,0,0,0,0,0,0,0,0,0,0,0,0,0,0,0,0,88,0,97,100,100,87,82,73,10,0,0,0,0,0
l28,14=0,0,0,0,0,0,0,0,0,0,0,0,0,0,0,0,0,0,0,2,0,0,0,0,0,44,99,97,0,100,100,96,84,88,93,0,0,0,0,0
l29,14=0,0,0,0,0,0,0,0,0,0,0,0,0,0,0,0,0,0,0,52,0,0,0,0,0,0,87,97,99,0,100,86,85,0,87,0,0,0,0,0
l30,14=0,0,0,0,0,0,0,0,0,0,0,0,0,0,0,0,0,0,0,0,0,0,0,0,0,0,92,97,97,100,0,86,80,85,0,0,0,0,0,0
l31,14=0,0,0,0,0,0,0,0,0,0,0,0,0,0,0,0,0,0,0,0,0,0,0,0,0,0,99,84,98,95,91,0,98,100,99,0,0,0,0,0
l32,14=0,0,0,0,0,0,0,0,0,0,0,0,0,0,75,0,0,0,0,0,0,0,0,86,0,71,99,93,93,100,94,100,0,100,100,0,0,0,0,0
l33,14=0,0,0,0,0,0,0,0,0,0,0,0,85,0,80,0,83,2,0,0,0,0,0,83,0,99,98,81,97,0,98,100,99,0,100,0,0,0,0,0
l34,14=0,0,0,0,0,0,0,0,0,0,0,0,0,0,0,0,95,0,0,0,91,34,8,94,2,99,98,25,99,100,0,100,99,100,0,0,0,0,0,0
l35,14=0,0,0,0,0,0,0,0,0,0,0,0,50,0,1,0,87,70,0,87,91,88,88,0,0,0,0,0,0,0,0,0,0,0,0,0,98,98,94,96
l36,14=0,0,0,0,0,0,0,0,0,0,0,1,28,0,0,0,76,53,0,89,91,90,92,0,12,0,0,0,0,0,0,0,0,0,0,98,0,58,58,79
l37,14=0,0,0,0,0,0,0,0,0,0,0,0,0,0,0,0,0,0,0,77,88,17,0,0,0,0,0,0,0,0,0,0,0,0,0,60,69,0,51,77
l38,14=0,0,0,0,0,0,0,0,0,0,0,42,0,3,51,57,61,59,0,88,98,57,92,0,0,0,0,0,0,0,0,0,0,0,0,59,79,58,0,87
l39,14=0,0,0,0,0,0,0,0,0,0,0,0,0,0,0,0,86,0,0,89,92,90,93,0,0,0,0,0,0,0,0,0,0,0,0,55,72,59,52,0

l0,15=0,97,96,97,100,100,96,95,94,97,78,0,0,0,0,0,0,0,0,0,0,0,0,0,0,0,0,0,0,0,0,0,0,0,0,0,0,0,0,0
l1,15=96,0,96,95,100,97,96,93,95,92,97,0,0,82,57,0,0,0,0,0,0,0,0,0,0,0,0,0,0,0,0,0,0,0,0,0,0,0,0,0
l2,15=96,97,0,95,97,100,96,96,95,97,0,89,0,97,0,0,0,0,0,0,0,0,0,0,0,0,0,0,0,0,0,0,0,0,0,0,0,0,0,0
l3,15=99,99,91,0,100,100,0,0,0,0,95,0,0,0,0,0,0,0,0,0,0,0,0,0,0,0,0,0,0,0,0,0,0,0,0,0,0,0,0,0
l4,15=99,99,96,97,0,100,93,96,88,91,97,0,0,0,0,0,0,0,0,0,0,0,0,0,0,0,0,0,0,0,0,0,0,0,0,0,0,0,0,0
l5,15=96,97,96,95,97,0,96,96,96,97,97,0,0,97,0,86,0,0,0,0,0,0,0,0,0,0,0,0,0,0,0,0,0,0,0,0,0,0,0,0
l6,15=96,97,96,0,97,97,0,96,95,97,97,95,63,95,0,95,1,0,0,0,0,0,43,0,0,0,0,0,0,0,0,0,0,0,0,0,0,0,0,0
l7,15=70,62,96,75,97,97,96,0,96,97,98,0,0,36,0,0,57,0,0,0,0,0,0,0,0,0,0,0,0,0,0,0,0,0,0,0,0,0,0,0
l8,15=69,57,45,10,95,89,55,96,0,100,99,55,61,83,94,96,0,0,0,25,0,85,93,13,97,0,0,0,0,0,0,0,0,0,0,0,0,0,0,0
l9,15=98,7,53,0,93,99,98,98,99,0,100,97,0,100,0,97,94,27,0,0,95,98,0,48,0,0,0,0,0,0,0,0,0,0,0,0,0,0,0,0
l10,15=62,96,0,92,97,97,96,99,96,100,0,0,94,97,39,0,32,0,0,0,0,0,0,0,0,0,0,0,0,0,0,0,0,0,0,0,0,0,0,0
l11,15=0,0,8,0,0,0,61,0,91,98,3,0,63,100,91,100,60,66,0,11,58,89,99,80,100,100,0,0,0,0,0,0,0,0,0,0,100,0,67,0
l12,15=0,0,0,0,0,0,1,0,95,0,97,97,0,100,100,97,78,98,0,3,59,0,96,99,100,100,0,0,0,0,0,0,0,3,0,11,98,0,46,0
l13,15=0,54,60,0,0,89,57,2,90,100,98,100,100,0,95,100,59,67,0,14,0,16,37,99,1,96,0,0,0,0,0,0,0,0,0,11,0,0,39,0
l14,15=0,0,0,0,0,0,0,0,87,2,3,57,100,84,0,97,59,65,0,0,55,0,0,99,100,99,0,0,0,0,0,0,0,99,0,0,0,0,67,0
l15,15=0,0,0,0,1,54,57,0,91,99,0,100,62,84,99,0,60,67,0,0,60,89,0,99,98,95,0,0,0,0,0,0,0,0,0,89,0,0,67,0
l16,15=0,0,0,0,0,0,2,34,0,89,30,59,61,80,99,98,0,63,77,59,58,78,98,0,98,3,0,0,0,0,0,9,0,52,17,91,99,38,67,5
l17,15=0,0,0,0,0,0,0,0,0,97,0,59,63,84,99,98,60,0,0,64,62,89,98,99,98,98,0,0,0,0,0,0,0,97,21,0,98,1,67,0
l18,15=0,0,0,0,0,0,0,0,0,0,0,0,0,0,0,0,88,0,0,80,77,7,74,0,0,0,0,0,0,0,0,0,0,0,0,0,0,0,0,0
l19,15=0,0,0,0,0,0,0,0,9,0,0,1,48,0,0,0,51,53,70,0,100,94,97,0,0,0,71,0,0,40,0,0,0,0,0,76,89,0,58,95
l20,15=0,0,0,0,0,0,0,0,0,94,0,55,61,0,78,97,60,63,82,99,0,100,98,0,0,0,2,0,0,0,0,0,0,0,0,97,98,0,97,74
l21,15=0,0,0,0,0,0,0,0,79,87,1,55,0,12,0,96,58,64,0,99,100,0,98,0,79,0,0,0,10,0,0,0,0,32,77,81,99,90,99,91
l22,15=0,0,0,0,0,0,3,0,70,42,0,42,53,1,0,0,88,54,19,93,100,99,0,0,0,0,56,0,0,22,0,0,0,0,0,78,86,70,60,59
l23,15=0,0,0,0,0,0,0,0,0,90,0,22,99,84,96,99,0,66,0,0,0,0,0,0,100,100,0,0,0,0,0,0,99,100,0,0,0,0,0,0
l24,15=0,0,0,0,0,0,0,0,89,1,0,57,100,0,100,100,59,68,0,0,0,49,0,100,0,100,0,0,0,0,0,0,98,0,0,0,93,0,0,0
l25,15=0,0,0,0,0,0,0,0,0,0,0,55,97,73,100,96,0,64,0,0,0,0,0,95,98,0,78,0,64,3,0,63,96,71,99,0,0,0,0,0
l26,15=0,0,0,0,0,0,0,0,0,0,0,0,0,0,0,0,0,0,0,89,50,0,75,0,0,81,0,93,98,80,96,95,88,54,90,0,0,0,0,0
l27,15=0,0,0,0,0,0,0,0,0,0,0,0,0,0,0,0,0,0,0,0,0,0,0,0,0,0,69,0,97,86,96,91,88,66,90,0,0,0,0,0
l28,15=0,0,0,0,0,0,0,0,0,0,0,0,0,0,0,0,0,0,0,0,0,23,0,0,0,81,87,98,0,87,96,96,88,73,94,0,0,0,0,0
l29,15=0,0,0,0,0,0,0,0,0,0,0,0,0,0,0,0,0,0,0,87,0,0,70,0,0,1,87,98,98,0,96,93,89,66,91,0,0,0,0,0
l30,15=0,0,0,0,0,0,0,0,0,0,0,0,0,0,0,0,0,0,0,0,0,0,0,0,0,0,74,98,98,86,0,91,88,66,0,0,0,0,0,0
l31,15=0,0,0,0,0,0,0,0,0,0,0,0,0,0,0,0,4,0,0,0,0,0,0,0,0,80,87,85,96,79,92,0,97,83,99,0,0,0,0,0
l32,15=0,0,0,0,0,0,0,0,0,0,0,0,52,0,0,0,0,0,0,0,0,0,0,75,88,94,87,95,96,87,95,96,0,81,99,0,0,0,0,0
l33,15=0,0,0,0,0,0,0,0,0,0,0,0,59,0,92,0,56,62,0,0,0,39,0,89,0,96,72,95,96,60,96,98,99,0,100,0,0,0,0,0
l34,15=0,0,0,0,0,0,0,0,0,0,0,0,0,0,0,0,17,0,0,0,0,74,0,0,16,94,86,87,95,79,0,96,97,83,0,0,0,0,0,0
l35,15=0,0,0,0,0,0,0,0,0,0,0,0,36,0,0,60,49,0,0,41,47,60,76,0,0,0,0,0,0,0,0,0,0,0,0,0,99,87,98,94
l36,15=0,0,0,0,0,0,0,0,0,0,0,39,40,0,0,0,55,38,0,52,52,80,84,0,51,0,0,0,0,0,0,0,0,0,0,98,0,93,99,70
l37,15=0,0,0,0,0,0,0,0,0,0,0,0,0,0,0,0,36,0,0,0,0,76,74,0,0,0,0,0,0,0,0,0,0,0,0,97,98,0,67,72
l38,15=0,0,0,0,0,0,0,0,0,0,0,33,37,0,74,89,52,60,0,27,62,85,91,0,0,0,0,0,0,0,0,0,0,0,0,94,99,92,0,74
l39,15=0,0,0,0,0,0,0,0,0,0,0,0,0,0,0,0,0,0,0,53,56,81,78,0,0,0,0,0,0,0,0,0,0,0,0,91,98,87,97,0

