t=2016-04-13_10.50.32

n=40

q0=1
q1=1
q2=1
q3=1
q4=1
q5=1
q6=1
q7=1
q8=1
q9=1
q10=1
q11=1
q12=1
q13=1
q14=1
q15=1
q16=1
q17=1
q18=1
q19=1
q20=1
q21=1
q22=1
q23=1
q24=1
q25=1
q26=1
q27=1
q28=1
q29=1
q30=1
q31=1
q32=1
q33=1
q34=1
q35=1
q36=1
q37=1
q38=1
q39=1

a0=0x141592000c576ce6
a1=0x141592000c5aedbc
a2=0x141592000c5750f4
a3=0x141592000c576658
a4=0x141592000c575890
a5=0x141592000c574ffa
a6=0x141592000c5acf11
a7=0x141592000d9df361
a8=0x141592000c576300
a9=0x141592000c5779b6
a10=0x141592000c5762b9
a11=0x141592000c5af078
a12=0x141592000c575517
a13=0x141592000c5752c3
a14=0x141592000c5a4baa
a15=0x141592000c5776e7
a16=0x141592000c58cdeb
a17=0x141592000c5881fc
a18=0x141592000bd81d33
a19=0x141592000bd84d6a
a20=0x141592000c577233
a21=0x141592000c574527
a22=0x141592000c5746a3
a23=0x141592000c574da3
a24=0x141592000c5741c9
a25=0x141592000da244ea
a26=0x141592000c5ae886
a27=0x141592000c57510e
a28=0x141592000c5ab6c8
a29=0x141592000c574d05
a30=0x141592000edae61f
a31=0x141592000c57667e
a32=0x141592000c577f43
a33=0x141592000c576449
a34=0x1415920010f4117a
a35=0x141592000c575966
a36=0x141592000c574d35
a37=0x141592000c576fb1
a38=0x141592000c5aea5d
a39=0x141592000c59f23f

l0,0=0,45,83,92,39,68,75,78,0,82,84,0,0,0,0,0,0,0,0,0,0,0,0,0,0,0,0,0,0,0,0,0,0,0,0,0,0,0,0,0
l1,0=50,0,84,43,39,71,31,78,77,79,84,0,0,68,0,0,0,0,0,0,0,0,0,0,0,0,0,0,0,0,0,0,0,0,0,0,0,0,0,0
l2,0=46,49,0,43,40,78,92,79,53,83,84,0,0,71,0,0,0,0,0,0,0,0,0,0,0,0,0,0,0,0,0,0,0,0,0,0,0,0,0,0
l3,0=91,46,82,0,40,56,75,77,76,0,80,0,0,0,0,0,0,0,0,0,0,0,0,0,0,0,0,0,0,0,0,0,0,0,0,0,0,0,0,0
l4,0=50,65,85,44,0,68,75,71,66,65,79,0,0,57,0,0,0,0,0,0,0,0,0,0,0,0,0,0,0,0,0,0,0,0,0,0,0,0,0,0
l5,0=48,48,84,40,39,0,76,77,72,83,81,55,0,61,0,0,0,0,0,0,0,0,0,0,0,0,0,0,0,0,0,0,0,0,0,0,0,0,0,0
l6,0=45,22,94,43,37,68,0,88,74,79,80,56,0,64,0,24,46,0,0,0,0,0,0,0,0,0,0,0,0,0,0,0,0,0,0,0,0,0,0,0
l7,0=40,43,80,43,37,68,90,0,75,88,91,69,0,64,0,23,0,0,0,0,0,0,0,0,0,0,0,0,0,0,0,0,0,0,0,0,0,0,0,0
l8,0=0,40,0,38,33,44,81,52,0,92,77,87,67,85,71,83,84,34,0,0,0,76,0,52,23,0,0,0,0,0,0,0,0,0,0,0,0,0,67,0
l9,0=48,38,88,0,32,80,51,86,91,0,91,73,53,81,5,25,29,24,0,0,0,0,42,0,0,0,0,0,0,0,0,0,0,0,0,0,0,0,0,0
l10,0=46,45,89,39,37,68,84,91,70,93,0,77,54,84,0,26,0,0,0,0,0,0,0,0,0,0,0,0,0,0,0,0,0,0,0,0,0,0,0,0
l11,0=0,0,0,0,0,18,27,26,83,82,78,0,87,81,84,95,32,30,0,32,0,57,0,0,31,9,0,0,0,0,0,0,0,0,0,0,40,3,74,0
l12,0=0,0,0,0,0,0,0,0,73,56,45,87,0,77,79,95,49,98,0,0,48,74,0,85,95,88,0,0,0,0,0,0,0,77,0,0,37,0,76,0
l13,0=0,21,64,0,37,10,46,36,91,85,88,90,86,0,82,85,38,80,0,62,0,79,63,80,59,46,0,0,0,0,0,0,0,0,0,0,0,0,74,0
l14,0=0,0,0,0,0,0,0,0,81,3,0,88,86,80,0,83,53,28,0,0,51,0,28,79,57,79,0,0,0,0,0,0,0,80,0,0,23,0,73,0
l15,0=0,0,0,0,0,0,27,26,78,71,73,97,93,77,79,0,27,33,0,0,22,0,58,0,57,0,0,0,0,0,0,0,0,0,0,0,38,0,75,0
l16,0=0,0,0,0,0,0,9,0,76,63,0,80,74,44,82,70,0,31,0,36,43,80,68,49,32,0,0,0,0,0,0,0,0,56,0,17,28,4,82,42
l17,0=0,0,0,0,0,0,0,0,71,69,0,92,93,76,84,88,34,0,0,0,53,80,41,0,33,31,0,0,0,0,0,0,0,77,0,0,41,33,58,0
l18,0=0,0,0,0,0,0,0,0,0,0,0,0,0,0,0,0,0,0,0,0,83,0,72,0,0,0,0,0,0,0,0,0,0,0,0,0,0,0,0,0
l19,0=0,0,0,0,0,0,0,0,1,0,0,27,0,47,0,0,56,0,0,0,89,60,93,0,0,0,39,0,0,0,0,0,0,0,0,0,79,0,55,80
l20,0=0,0,0,0,0,0,0,0,0,0,0,0,50,2,35,24,29,26,47,89,0,93,90,0,0,0,0,0,0,0,0,0,0,0,7,15,64,88,98,75
l21,0=0,0,0,0,0,0,0,0,56,0,0,34,42,54,0,0,86,61,19,52,99,0,89,0,0,0,30,0,0,0,0,2,0,0,0,73,47,37,80,63
l22,0=0,0,0,0,0,0,0,0,27,22,0,0,3,61,13,30,30,11,45,92,99,93,0,0,0,0,35,0,0,0,0,0,23,0,0,25,92,72,80,61
l23,0=0,0,0,0,0,0,0,0,69,0,0,0,83,78,77,0,26,0,0,0,0,0,0,0,91,23,0,0,0,0,0,0,0,69,33,0,0,0,0,0
l24,0=0,0,0,0,0,0,0,0,81,0,0,84,92,75,79,84,31,28,0,0,0,0,0,88,0,53,0,0,0,0,0,0,48,87,29,0,0,0,14,0
l25,0=0,0,0,0,0,0,0,0,28,0,0,3,81,67,79,0,0,30,0,0,0,0,0,40,87,0,63,4,0,0,0,57,81,79,75,0,0,0,0,0
l26,0=0,0,0,0,0,0,0,0,0,0,0,0,0,0,0,0,0,0,0,59,0,48,62,0,0,65,0,77,95,90,93,89,77,63,68,0,0,0,0,0
l27,0=0,0,0,0,0,0,0,0,0,0,0,0,0,0,0,0,0,0,0,0,0,0,0,0,0,1,80,0,95,96,98,75,73,71,71,0,0,0,0,0
l28,0=0,0,0,0,0,0,0,0,0,0,0,0,0,0,0,0,0,0,0,0,0,0,0,0,0,0,88,100,0,96,98,85,78,62,76,0,0,0,0,0
l29,0=0,0,0,0,0,0,0,0,0,0,0,0,0,0,0,0,0,0,0,14,0,0,0,0,0,0,83,98,95,0,98,59,69,59,59,0,0,0,0,0
l30,0=0,0,0,0,0,0,0,0,0,0,0,0,0,0,0,0,0,0,0,0,0,0,0,0,0,0,80,100,95,95,0,68,74,70,0,0,0,0,0,0
l31,0=0,0,0,0,0,0,0,0,0,0,0,0,0,0,0,0,0,0,0,36,0,4,0,1,0,66,82,62,83,50,71,0,89,80,93,0,0,0,0,0
l32,0=0,0,0,0,0,0,0,0,0,0,0,0,0,0,0,0,0,0,0,0,0,0,27,21,57,67,73,59,77,43,75,83,0,85,93,0,0,0,0,0
l33,0=0,0,0,0,0,0,0,0,0,0,0,0,57,0,47,0,52,65,0,0,0,0,0,50,74,68,73,58,78,33,76,80,86,0,79,0,0,0,0,0
l34,0=0,0,0,0,0,0,0,0,0,0,0,0,0,0,0,0,0,0,0,0,64,0,0,65,67,70,74,65,77,43,0,92,93,70,0,0,0,0,0,0
l35,0=0,0,0,0,0,0,0,0,0,0,0,0,0,0,0,0,18,0,0,0,29,73,49,0,0,0,0,0,0,0,0,0,0,0,0,0,40,90,97,47
l36,0=0,0,0,0,0,0,0,0,0,0,0,56,35,0,3,39,16,19,0,42,56,50,87,0,0,0,0,0,0,0,0,0,0,0,0,30,0,95,98,61
l37,0=0,0,0,0,0,0,0,0,0,0,0,0,0,0,0,0,0,6,0,0,51,3,58,0,0,0,0,0,0,0,0,0,0,0,0,34,51,0,0,61
l38,0=0,0,0,0,0,0,0,0,36,0,0,63,71,53,17,68,30,10,0,37,59,87,81,0,0,0,0,0,0,0,0,0,0,0,0,57,56,0,0,60
l39,0=0,0,0,0,0,0,0,0,0,0,0,0,0,0,0,0,21,0,0,50,59,70,86,0,0,0,0,0,0,0,0,0,0,0,0,29,51,95,94,0

l0,1=0,83,84,87,83,72,85,0,65,70,76,0,0,0,0,0,0,0,0,0,0,0,0,0,0,0,0,0,0,0,0,0,0,0,0,0,0,0,0,0
l1,1=84,0,90,87,83,80,83,70,72,72,78,0,0,52,0,0,0,0,0,0,0,0,0,0,0,0,0,0,0,0,0,0,0,0,0,0,0,0,0,0
l2,1=77,87,0,87,82,85,89,73,0,77,81,0,0,1,0,25,0,0,0,0,0,0,0,0,0,0,0,0,0,0,0,0,0,0,0,0,0,0,0,0
l3,1=88,83,89,0,81,80,67,54,0,0,70,0,0,0,0,0,0,0,0,0,0,0,0,0,0,0,0,0,0,0,0,0,0,0,0,0,0,0,0,0
l4,1=85,83,89,81,0,80,73,68,71,70,78,0,0,13,0,0,0,0,0,0,0,0,0,0,0,0,0,0,0,0,0,0,0,0,0,0,0,0,0,0
l5,1=73,86,90,80,83,0,82,78,70,77,81,0,0,32,0,0,0,0,0,0,0,0,0,0,0,0,0,0,0,0,0,0,0,0,0,0,0,0,0,0
l6,1=74,79,88,55,40,68,0,78,72,57,82,35,13,54,0,0,27,0,0,0,0,0,0,0,0,0,0,0,0,0,0,0,0,0,0,0,0,0,0,0
l7,1=0,62,80,52,57,81,85,0,80,81,83,30,13,6,0,0,0,0,0,0,0,0,0,0,0,0,0,0,0,0,0,0,0,0,0,0,0,0,0,0
l8,1=17,75,0,0,68,30,78,71,0,82,75,60,3,83,65,58,66,38,0,0,0,52,31,11,0,0,0,0,0,0,0,0,0,0,0,0,0,0,0,0
l9,1=41,73,82,0,44,76,65,74,85,0,84,55,36,82,41,54,62,49,0,0,0,24,4,0,0,0,0,0,0,0,0,0,0,0,0,0,0,0,0,0
l10,1=60,80,86,71,70,74,81,79,77,84,0,51,0,79,0,54,2,0,0,0,0,12,0,0,0,0,0,0,0,0,0,0,0,0,0,0,0,0,0,0
l11,1=0,0,0,0,0,0,41,36,58,45,48,0,83,89,66,69,64,64,0,39,0,18,0,0,37,0,0,0,0,0,0,0,0,0,0,14,31,0,52,0
l12,1=0,0,0,0,0,0,0,0,20,32,0,68,0,50,77,66,68,67,0,0,53,47,21,54,89,74,0,0,0,0,0,0,0,0,0,0,2,0,53,0
l13,1=0,13,0,0,0,0,38,0,77,74,75,70,46,0,65,47,64,56,0,28,33,47,19,23,34,41,0,0,0,0,0,0,0,0,0,0,0,0,48,0
l14,1=0,0,0,0,0,0,0,0,56,34,0,55,86,45,0,50,72,57,0,0,47,39,6,75,55,77,0,0,0,0,0,0,0,0,0,0,0,0,0,0
l15,1=0,0,1,0,0,0,0,0,59,44,45,79,86,34,48,0,48,64,0,0,33,0,7,13,64,5,0,0,0,0,0,0,0,0,0,0,22,0,27,0
l16,1=0,0,0,0,0,0,12,0,47,19,0,39,36,34,66,36,0,52,0,0,49,49,29,1,35,41,0,0,0,0,0,0,0,0,2,7,15,2,46,40
l17,1=0,0,0,0,0,0,0,0,47,25,0,55,86,38,50,56,72,0,0,0,51,24,4,12,37,31,0,0,0,0,0,0,0,26,0,0,25,0,0,0
l18,1=0,0,0,0,0,0,0,0,0,0,0,0,0,0,0,0,0,0,0,48,69,57,65,0,0,0,0,0,0,0,0,0,0,0,0,0,0,0,0,0
l19,1=0,0,0,0,0,0,0,0,0,0,0,19,0,26,0,0,0,0,24,0,69,35,77,0,0,0,37,0,0,0,0,8,0,0,0,14,57,31,62,59
l20,1=0,0,0,0,0,0,0,0,0,0,0,0,33,26,37,26,55,39,43,70,0,75,77,0,0,0,0,0,0,0,0,0,0,0,1,11,50,57,75,68
l21,1=0,0,0,0,0,0,0,0,51,27,15,17,27,33,32,0,51,27,30,40,73,0,77,0,0,0,14,0,0,0,0,6,0,0,0,50,28,28,69,64
l22,1=0,0,0,0,0,0,0,0,42,6,0,0,26,31,15,29,51,29,34,75,75,75,0,0,0,0,31,0,0,0,0,0,0,0,0,32,63,32,47,64
l23,1=0,0,0,0,0,0,0,0,40,0,0,0,49,40,70,38,10,45,0,0,0,0,0,0,77,70,0,0,0,0,0,0,0,0,28,0,0,0,0,0
l24,1=0,0,0,0,0,0,0,0,0,0,0,46,81,36,70,63,64,54,0,0,0,0,0,75,0,75,0,0,0,0,0,0,27,46,19,0,0,0,0,0
l25,1=0,0,0,0,0,0,0,0,14,0,0,0,63,35,74,19,62,45,0,0,0,0,0,59,69,0,51,0,19,0,0,40,0,53,26,0,0,0,0,0
l26,1=0,0,0,0,0,0,0,0,0,0,0,0,0,0,0,0,0,0,0,51,0,15,43,0,0,44,0,72,71,85,84,81,70,69,33,0,0,0,0,0
l27,1=0,0,0,0,0,0,0,0,0,0,0,0,0,0,0,0,0,0,0,0,0,0,0,0,0,0,71,0,72,87,92,71,63,57,36,0,0,0,0,0
l28,1=0,0,0,0,0,0,0,0,0,0,0,0,0,0,0,0,0,0,0,24,0,0,0,0,0,30,83,81,0,90,90,76,47,55,34,0,0,0,0,0
l29,1=0,0,0,0,0,0,0,0,0,0,0,0,0,0,0,0,0,0,0,0,0,0,0,0,0,1,81,82,72,0,90,70,52,45,30,0,0,0,0,0
l30,1=0,0,0,0,0,0,0,0,0,0,0,0,0,0,0,0,0,0,0,0,0,0,0,0,0,0,72,90,70,89,0,57,48,57,0,0,0,0,0,0
l31,1=0,0,0,0,0,0,0,0,0,0,0,0,0,0,0,0,0,0,0,37,0,2,2,0,0,53,74,53,57,74,52,0,70,68,38,0,0,0,0,0
l32,1=0,0,0,0,0,0,0,0,0,0,0,0,0,0,0,0,13,0,0,0,0,0,0,10,46,0,70,54,41,57,52,76,0,67,47,0,0,0,0,0
l33,1=0,0,0,0,0,0,0,0,0,0,0,0,0,0,0,0,0,41,0,0,0,0,0,0,52,66,67,44,54,39,67,77,69,0,35,0,0,0,0,0
l34,1=0,0,0,0,0,0,0,0,0,0,0,0,0,0,12,0,36,0,0,0,43,0,0,50,57,60,53,54,52,55,0,78,79,59,0,0,0,0,0,0
l35,1=0,0,0,0,0,0,0,0,0,0,0,10,0,0,0,0,30,0,0,25,10,51,33,0,0,0,0,0,0,0,0,0,0,0,0,0,42,57,77,47
l36,1=0,0,0,0,0,0,0,0,0,0,0,22,2,0,0,32,32,26,0,43,67,36,43,0,0,0,0,0,0,0,0,0,0,0,0,37,0,58,87,62
l37,1=0,0,0,0,0,0,0,0,0,0,0,0,0,0,0,0,0,0,0,29,68,39,2,0,0,0,0,0,0,0,0,0,0,0,0,38,44,0,74,69
l38,1=0,0,0,0,0,0,0,0,0,0,0,32,30,27,0,1,36,0,0,45,72,66,26,0,0,0,0,0,0,0,0,0,0,0,0,62,67,53,0,64
l39,1=0,0,0,0,0,0,0,0,0,0,0,0,0,0,0,0,34,0,0,53,66,51,46,0,0,0,0,0,0,0,0,0,0,0,0,25,36,47,65,0

l0,2=0,77,80,81,78,79,78,56,65,68,66,0,0,0,0,0,0,0,0,0,0,0,0,0,0,0,0,0,0,0,0,0,0,0,0,0,0,0,0,0
l1,2=86,0,85,84,84,81,80,81,60,69,70,0,0,0,0,0,0,0,0,0,0,0,0,0,0,0,0,0,0,0,0,0,0,0,0,0,0,0,0,0
l2,2=78,77,0,81,78,88,86,82,0,77,68,0,0,0,0,31,0,0,0,0,0,0,0,0,0,0,0,0,0,0,0,0,0,0,0,0,0,0,0,0
l3,2=86,86,82,0,78,77,72,1,36,0,49,0,0,0,0,0,0,0,0,0,0,0,0,0,0,0,0,0,0,0,0,0,0,0,0,0,0,0,0,0
l4,2=82,77,79,81,0,80,78,76,44,73,58,0,0,0,0,0,0,0,0,0,0,0,0,3,0,0,0,0,0,0,0,0,0,0,0,0,0,0,0,0
l5,2=79,80,83,76,80,0,79,83,71,72,71,0,0,1,0,0,0,0,0,0,0,0,0,0,0,0,0,0,0,0,0,0,0,0,0,0,0,0,0,0
l6,2=78,77,81,39,77,81,0,70,40,62,73,17,27,21,0,27,0,0,0,0,0,0,0,0,0,0,0,0,0,0,0,0,0,0,0,0,0,0,0,0
l7,2=23,69,78,40,72,82,74,0,79,73,76,27,4,45,0,46,0,0,0,0,0,0,0,0,0,0,0,0,0,0,0,0,0,0,0,0,0,0,0,0
l8,2=14,13,0,8,5,40,20,74,0,82,66,53,0,76,14,70,48,44,0,0,0,39,25,0,43,0,0,0,0,0,0,0,0,0,0,0,0,0,2,0
l9,2=39,46,80,0,68,68,72,82,80,0,75,45,30,71,0,52,24,23,0,0,0,10,0,0,0,0,0,0,0,0,0,0,0,0,0,0,0,0,0,0
l10,2=46,72,78,25,44,79,81,85,79,77,0,41,0,65,0,39,0,10,0,0,0,0,0,0,0,0,0,0,0,0,0,0,0,0,0,0,0,0,0,0
l11,2=0,0,0,0,0,0,8,21,48,47,27,0,79,81,65,80,49,87,0,26,32,34,36,49,34,0,0,0,0,0,0,0,0,0,0,30,38,0,29,16
l12,2=0,0,0,0,0,0,19,0,0,45,0,80,0,48,70,78,56,89,0,0,0,36,8,87,90,72,0,0,0,0,0,0,0,0,0,0,0,0,27,0
l13,2=0,0,0,0,0,0,0,33,74,70,53,71,43,0,41,65,46,58,4,35,10,31,30,42,44,27,0,0,0,0,0,0,0,0,0,0,0,0,38,0
l14,2=0,0,0,0,0,0,0,0,34,0,0,64,80,48,0,55,63,54,0,0,30,0,0,87,75,57,0,0,0,0,0,0,0,40,0,0,0,0,35,0
l15,2=0,0,4,0,0,0,17,38,67,42,27,95,80,68,38,0,40,76,0,4,40,0,0,1,82,0,0,0,0,0,0,0,0,0,0,0,24,0,30,21
l16,2=0,0,0,0,0,0,0,0,33,17,0,39,53,42,57,42,0,60,0,2,54,45,62,1,44,34,0,0,0,0,0,0,0,35,0,41,43,0,35,36
l17,2=0,0,0,0,0,0,0,0,35,29,0,87,80,55,47,71,74,0,0,0,42,34,30,44,68,0,0,0,0,0,0,0,0,30,0,1,35,0,33,0
l18,2=0,0,0,0,0,0,0,0,0,0,0,0,0,1,0,0,0,0,0,53,37,55,49,0,0,0,0,0,0,0,0,0,0,0,0,0,0,0,0,0
l19,2=0,0,0,0,0,0,0,0,0,0,0,26,0,36,0,0,13,0,32,0,70,36,80,0,0,0,30,0,0,0,0,23,0,0,0,10,54,19,56,56
l20,2=0,0,0,0,0,0,0,0,0,0,0,14,0,20,25,43,62,31,27,70,0,67,78,0,0,0,0,0,0,0,0,0,0,0,19,42,60,57,63,63
l21,2=0,0,0,0,0,0,0,0,36,29,0,31,33,37,1,0,62,28,36,31,78,0,80,0,0,0,0,0,0,0,0,0,0,29,0,56,60,43,63,63
l22,2=0,0,0,0,0,0,0,0,28,0,0,34,28,29,0,0,62,25,32,76,73,65,0,0,0,0,22,0,0,28,0,3,0,0,0,69,60,42,0,62
l23,2=0,0,0,0,0,0,0,0,0,0,0,53,75,51,67,0,0,53,0,0,0,0,0,0,86,62,0,0,0,0,0,0,0,0,52,0,0,0,0,0
l24,2=0,0,0,0,0,0,0,0,51,0,0,41,75,58,63,76,60,72,0,0,0,0,0,87,0,73,0,0,0,0,0,0,2,41,37,0,31,0,11,0
l25,2=0,0,0,0,0,0,0,0,26,0,0,0,75,49,57,5,51,0,0,0,0,0,0,73,79,0,42,0,0,0,0,49,54,60,54,0,0,0,0,0
l26,2=0,0,0,0,0,0,0,0,0,0,0,0,0,0,0,0,0,0,0,45,0,0,42,0,0,39,0,1,69,82,82,69,79,62,54,0,0,0,0,0
l27,2=0,0,0,0,0,0,0,0,0,0,0,0,0,0,0,0,0,0,0,0,0,0,0,0,0,0,7,0,68,88,90,58,71,58,67,0,0,0,0,0
l28,2=0,0,0,0,0,0,0,0,0,0,0,0,0,0,0,0,0,0,0,0,0,0,0,0,0,0,84,75,0,89,83,62,50,48,50,0,0,0,0,0
l29,2=0,0,0,0,0,0,0,0,0,0,0,0,0,0,0,0,0,0,0,5,0,0,46,0,0,0,81,76,69,0,83,63,65,0,4,0,0,0,0,0
l30,2=0,0,0,0,0,0,0,0,0,0,0,0,0,0,0,0,0,0,0,0,0,0,0,0,0,0,74,89,62,77,0,33,52,47,40,0,0,0,0,0
l31,2=0,0,0,0,0,0,0,0,0,0,0,0,0,0,0,0,0,0,0,52,0,0,17,0,0,45,77,49,51,73,49,0,81,67,74,0,0,0,0,0
l32,2=0,0,0,0,0,0,0,0,0,0,0,0,0,0,0,0,0,0,0,0,0,0,0,0,10,43,70,41,32,57,47,73,0,67,84,0,0,0,0,0
l33,2=0,0,0,0,0,0,0,0,0,0,0,0,0,0,55,0,47,35,0,0,0,42,0,0,43,66,70,38,50,0,62,65,76,0,73,0,0,0,0,0
l34,2=0,0,0,0,0,0,0,0,0,0,0,0,0,0,3,0,9,0,0,0,46,0,0,56,44,47,65,46,42,43,43,72,83,69,0,0,0,0,0,0
l35,2=0,0,0,0,0,0,0,0,0,0,0,5,0,0,0,0,45,0,0,1,23,36,54,0,0,0,0,0,0,0,0,0,0,0,0,0,63,62,70,54
l36,2=0,0,0,0,0,0,0,0,0,0,0,32,0,0,0,15,61,33,0,42,67,61,64,0,14,0,0,0,0,0,0,0,0,0,0,72,0,62,69,60
l37,2=0,0,0,0,0,0,0,0,0,0,0,0,0,0,0,0,0,0,0,7,55,38,45,0,0,0,0,0,0,0,0,0,0,0,0,72,64,0,64,51
l38,2=0,0,0,0,0,0,0,0,1,0,0,21,19,35,30,21,40,19,0,41,75,61,0,0,0,0,0,0,0,0,0,0,0,0,0,74,65,59,0,62
l39,2=0,0,0,0,0,0,0,0,0,0,0,0,0,0,0,3,50,0,0,54,53,55,62,0,0,0,0,0,0,0,0,0,0,0,0,64,52,50,60,0

l0,3=0,86,64,86,84,88,82,37,0,50,0,0,0,3,0,0,0,0,0,0,0,0,0,0,0,0,0,0,0,0,0,0,0,0,0,0,0,0,0,0
l1,3=79,0,57,87,86,88,89,81,70,80,81,0,0,0,0,0,0,0,0,0,0,0,0,0,0,0,0,0,0,0,0,0,0,0,0,0,0,0,0,0
l2,3=79,59,0,86,86,91,93,84,76,79,88,0,0,69,0,0,0,0,0,0,0,0,0,0,0,0,0,0,0,0,0,0,0,0,0,0,0,0,0,0
l3,3=79,86,65,0,87,85,81,0,0,0,78,0,0,0,0,0,0,0,0,0,0,0,0,0,0,0,0,0,0,0,0,0,0,0,0,0,0,0,0,0
l4,3=79,62,78,89,0,89,79,24,0,31,34,0,0,19,0,0,0,0,0,0,0,0,0,0,0,0,0,0,0,0,0,0,0,0,0,0,0,0,0,0
l5,3=80,86,83,77,86,0,84,85,65,78,87,44,0,71,30,1,0,0,0,0,0,0,0,0,0,0,0,0,0,0,0,0,0,0,0,0,0,0,0,0
l6,3=75,84,83,79,81,87,0,86,80,84,92,79,51,69,0,45,75,0,0,0,0,0,0,0,0,0,0,0,0,0,0,0,0,0,0,0,0,0,0,0
l7,3=67,75,76,0,58,87,87,0,83,86,90,0,0,78,0,62,40,0,0,0,0,0,0,0,0,0,0,0,0,0,0,0,0,0,0,0,0,0,0,0
l8,3=0,11,25,2,0,23,52,83,0,86,82,74,23,83,11,81,52,33,0,0,0,42,34,0,31,0,0,0,0,0,0,0,0,0,0,0,0,0,28,0
l9,3=25,39,29,0,46,36,49,83,90,0,92,34,27,83,27,40,0,0,0,0,30,0,0,0,0,0,0,0,0,0,0,0,0,0,0,0,0,0,0,0
l10,3=0,34,80,38,40,87,89,87,83,91,0,39,0,82,12,27,0,0,0,0,0,0,0,9,25,0,0,0,0,0,0,0,0,0,0,0,0,0,14,0
l11,3=0,0,0,0,0,24,80,0,77,48,71,0,83,88,88,95,46,92,0,19,34,52,51,71,78,11,0,0,0,0,0,0,0,0,0,0,73,0,77,0
l12,3=0,0,0,0,0,0,45,0,34,27,0,98,0,32,95,95,49,97,0,23,0,35,32,82,96,86,0,0,0,0,0,0,0,25,0,24,0,0,37,0
l13,3=0,0,19,0,15,34,42,27,91,85,83,91,64,0,0,81,43,74,28,23,30,27,33,33,27,32,0,0,0,0,0,0,0,0,0,0,1,0,40,0
l14,3=0,0,0,0,0,8,0,0,31,27,7,98,89,0,0,31,66,29,0,0,25,0,0,92,92,75,0,0,0,0,0,0,0,25,0,0,0,0,40,0
l15,3=0,0,0,0,0,0,32,24,79,62,24,99,89,83,33,0,80,81,0,15,34,27,0,29,88,0,0,0,0,0,0,0,0,0,0,0,0,0,40,15
l16,3=0,0,0,0,0,0,40,8,43,0,0,26,46,31,80,40,0,81,22,19,78,52,69,14,38,30,0,0,0,0,0,0,0,22,0,0,45,27,43,27
l17,3=0,0,0,0,0,0,0,0,58,4,0,96,89,83,34,80,91,0,0,0,46,27,34,26,87,0,0,0,0,0,0,0,0,0,0,34,67,9,59,19
l18,3=0,0,0,0,0,0,0,0,0,0,0,0,0,64,0,0,37,0,0,72,45,21,37,0,0,0,0,0,0,0,0,0,0,0,0,0,0,0,0,0
l19,3=0,0,0,0,0,0,0,0,0,0,0,1,26,58,0,2,43,0,51,0,85,86,92,0,0,0,0,0,0,44,0,52,0,0,0,0,84,60,80,0
l20,3=0,0,0,0,0,0,0,0,0,29,0,32,0,69,28,84,90,72,31,89,0,91,92,0,43,0,0,0,0,0,0,0,0,0,33,59,89,89,89,86
l21,3=0,0,0,0,0,0,0,0,73,16,0,68,61,68,0,47,88,48,37,86,89,0,87,0,0,0,0,0,0,0,0,0,0,53,0,57,88,83,85,78
l22,3=0,0,0,0,0,0,0,0,45,0,0,57,23,69,0,0,91,64,29,94,91,91,0,0,0,0,57,0,0,62,0,0,0,0,0,87,88,0,89,87
l23,3=0,0,0,0,0,0,0,0,0,0,0,39,77,33,92,31,12,30,0,0,0,0,0,0,94,84,0,0,0,0,0,0,0,21,0,0,0,0,0,0
l24,3=0,0,0,0,0,0,0,0,44,0,13,78,89,27,89,82,81,83,0,0,31,0,0,92,0,84,0,0,0,0,0,0,0,77,0,0,34,0,37,0
l25,3=0,0,0,0,0,0,0,0,0,0,0,10,77,29,87,0,38,0,0,0,0,0,0,89,88,0,11,0,0,9,0,39,43,89,72,0,0,0,0,0
l26,3=0,0,0,0,0,0,0,0,0,0,0,0,0,0,0,0,0,0,0,0,0,0,59,0,0,31,0,83,98,99,95,95,83,56,87,0,0,0,0,0
l27,3=0,0,0,0,0,0,0,0,0,0,0,0,0,0,0,0,0,0,0,0,0,0,0,0,0,0,89,0,98,100,100,92,81,3,42,0,0,0,0,0
l28,3=0,0,0,0,0,0,0,0,0,0,0,0,0,0,0,0,0,0,0,0,0,0,0,0,0,0,96,100,0,100,93,87,76,89,76,0,0,0,0,0
l29,3=0,0,0,0,0,0,0,0,0,0,0,0,0,0,0,0,0,0,0,58,0,0,54,0,0,5,96,99,98,0,98,83,74,56,69,0,0,0,0,0
l30,3=0,0,0,0,0,0,0,0,0,0,0,0,0,0,0,0,0,0,0,0,0,0,0,0,0,0,94,100,91,96,0,69,82,62,0,0,0,0,0,0
l31,3=0,0,0,0,0,0,0,0,0,0,0,0,0,0,0,0,0,0,0,70,0,0,0,20,0,60,96,79,85,85,63,0,95,96,95,0,0,0,0,0
l32,3=0,0,0,0,0,0,0,0,0,0,0,0,5,0,0,0,0,0,0,0,0,0,0,0,0,68,85,74,84,81,77,99,0,94,95,0,0,0,0,0
l33,3=0,0,0,0,0,0,0,0,0,0,0,0,41,0,33,0,65,0,0,0,0,50,0,59,78,85,58,0,88,66,69,92,89,0,91,0,0,0,0,0
l34,3=0,0,0,0,0,0,0,0,0,0,0,0,0,0,2,0,0,0,0,0,65,3,0,21,0,76,86,35,84,82,27,93,95,98,0,0,0,0,0,0
l35,3=0,0,0,0,0,0,0,0,0,0,0,0,19,0,0,0,0,5,0,0,31,17,74,0,0,0,0,0,0,0,0,0,0,0,0,0,90,91,89,79
l36,3=0,0,0,0,0,0,0,0,0,0,0,52,0,11,0,0,79,66,0,70,63,75,64,0,23,0,0,0,0,0,0,0,0,0,0,87,0,88,90,68
l37,3=0,0,0,0,0,0,0,0,0,0,0,0,0,0,0,0,31,1,0,50,72,74,0,0,0,0,0,0,0,0,0,0,0,0,0,87,88,0,80,61
l38,3=0,0,0,0,0,0,0,0,19,0,0,71,49,65,77,64,78,61,0,75,83,77,69,0,24,0,0,0,0,0,0,0,0,0,0,89,90,87,0,76
l39,3=0,0,0,0,0,0,0,0,0,0,0,0,0,0,0,14,81,16,0,0,71,79,83,0,0,0,0,0,0,0,0,0,0,0,0,87,89,79,90,0

l0,4=0,91,7,93,84,91,91,58,0,72,65,0,0,0,0,0,0,0,0,0,0,0,0,0,0,0,0,0,0,0,0,0,0,0,0,0,0,0,0,0
l1,4=89,0,90,90,91,88,92,45,69,81,58,0,0,72,0,0,0,0,0,0,0,0,0,19,0,0,0,0,0,0,0,0,0,0,0,0,0,0,0,0
l2,4=16,91,0,91,91,89,92,70,1,80,95,0,0,78,0,0,0,0,0,0,0,0,0,0,0,0,0,0,0,0,0,0,0,0,0,0,0,0,0,0
l3,4=94,92,91,0,91,84,85,0,72,0,79,0,0,0,0,0,0,0,0,0,0,0,0,0,0,0,0,0,0,0,0,0,0,0,0,0,0,0,0,0
l4,4=77,86,84,83,0,87,79,61,76,66,0,0,0,0,0,0,0,0,0,0,0,0,0,0,0,0,0,0,0,0,0,0,0,0,0,0,0,0,0,0
l5,4=86,87,92,84,88,0,85,70,6,76,89,0,0,81,0,79,0,0,0,0,0,0,0,0,0,0,0,0,0,0,0,0,0,0,0,0,0,0,0,0
l6,4=85,91,90,83,83,88,0,80,73,78,95,87,79,0,0,79,83,0,0,0,0,0,0,0,0,0,0,0,0,0,0,0,0,0,0,0,0,0,0,0
l7,4=81,76,89,0,89,89,91,0,84,84,96,85,1,0,0,88,1,0,0,0,0,0,0,0,0,0,0,0,0,0,0,0,0,0,0,0,0,0,0,0
l8,4=0,68,0,75,77,0,70,61,0,84,80,85,83,89,72,87,82,77,0,0,63,78,77,0,21,0,0,0,0,0,0,0,0,0,0,0,0,0,0,0
l9,4=73,88,77,0,80,79,87,80,87,0,96,86,0,85,0,84,0,78,0,0,80,0,82,0,0,0,0,0,0,0,0,0,0,0,0,0,0,0,0,0
l10,4=62,12,87,77,0,79,90,80,78,86,0,87,82,83,75,87,0,73,0,0,0,0,0,4,1,0,0,0,0,0,0,0,0,0,0,0,0,0,0,0
l11,4=0,0,0,0,0,0,76,47,78,66,81,0,90,85,81,93,86,82,0,0,29,79,80,82,75,36,0,0,0,0,0,0,0,0,0,44,60,0,81,0
l12,4=0,0,0,0,0,0,21,0,78,0,77,89,0,87,84,91,89,97,0,9,75,0,0,85,86,81,0,0,0,0,0,0,59,53,0,0,9,0,80,0
l13,4=0,18,30,0,0,78,0,0,85,68,80,88,87,0,78,89,84,82,0,75,86,76,81,81,0,74,0,0,0,0,0,0,0,0,0,0,0,0,32,0
l14,4=0,0,0,0,0,0,0,0,79,0,79,89,92,85,0,0,87,82,0,0,87,0,0,91,95,79,0,0,0,0,0,3,0,79,73,0,10,0,82,0
l15,4=0,0,0,0,0,63,57,60,77,62,80,94,90,87,0,0,83,78,0,4,84,71,69,81,82,53,0,0,0,0,0,0,0,0,0,0,47,0,77,0
l16,4=0,0,0,0,0,0,69,0,78,0,0,91,91,82,82,89,0,91,69,82,92,87,84,79,82,74,0,0,0,0,0,0,0,2,0,58,56,0,86,83
l17,4=0,0,0,0,0,0,0,0,79,66,74,92,92,87,81,88,95,0,0,0,87,78,84,68,86,54,0,0,0,0,0,0,0,0,0,59,61,0,79,83
l18,4=0,0,0,0,0,0,0,0,0,0,0,0,0,1,0,0,90,0,0,93,1,87,90,0,0,0,0,0,0,0,0,0,0,0,0,0,0,0,0,0
l19,4=0,0,0,0,0,0,0,0,0,0,0,0,31,71,0,0,84,0,64,0,95,93,95,0,0,0,0,0,37,0,0,0,0,0,0,0,71,60,81,82
l20,4=0,0,0,0,0,0,0,0,46,55,0,0,66,77,77,87,88,86,0,93,0,87,95,0,79,0,0,0,13,0,0,1,62,0,0,0,81,88,87,86
l21,4=0,0,0,0,0,0,0,0,75,0,0,86,0,78,0,85,91,77,68,93,94,0,91,0,58,0,0,0,0,0,0,0,1,0,0,10,80,86,80,86
l22,4=0,0,0,0,0,0,0,0,66,68,0,78,0,77,0,66,85,76,64,100,95,87,0,0,0,0,79,0,0,50,5,1,0,48,0,57,80,85,86,82
l23,4=0,0,0,0,0,0,0,0,0,0,0,89,89,89,88,89,86,9,0,0,0,0,0,0,92,88,0,0,0,0,0,0,0,85,84,0,0,0,0,0
l24,4=0,0,0,0,0,0,0,0,53,0,0,84,89,0,87,90,89,88,0,0,87,57,0,97,0,81,0,0,0,0,0,0,0,80,0,0,0,0,0,0
l25,4=0,0,0,0,0,0,0,0,0,0,0,19,92,79,89,65,87,47,0,0,0,0,0,97,93,0,0,0,0,59,0,74,91,93,88,0,0,0,0,0
l26,4=0,0,0,0,0,0,0,0,0,0,0,0,0,0,0,0,0,0,0,0,0,0,84,0,0,0,0,88,98,100,100,99,99,87,95,0,0,0,0,0
l27,4=0,0,0,0,0,0,0,0,0,0,0,0,0,0,0,0,0,0,0,0,0,0,0,0,0,0,97,0,98,100,100,97,84,0,78,0,0,0,0,0
l28,4=0,0,0,0,0,0,0,0,0,0,0,0,0,0,0,0,0,0,0,88,85,0,0,0,0,0,99,100,0,100,92,89,92,91,93,0,0,0,0,0
l29,4=0,0,0,0,0,0,0,0,0,0,0,0,0,0,0,0,0,0,0,9,0,0,81,0,0,74,99,100,98,0,100,86,87,90,91,0,0,0,0,0
l30,4=0,0,0,0,0,0,0,0,0,0,0,0,0,0,0,0,0,0,0,0,0,0,0,0,0,0,99,100,94,100,0,93,89,87,0,0,0,0,0,0
l31,4=0,0,0,0,0,0,0,0,0,0,0,0,0,0,0,0,0,0,0,0,0,0,0,0,0,75,99,85,91,89,92,0,100,99,100,0,0,0,0,0
l32,4=0,0,0,0,0,0,0,0,0,0,0,0,87,0,0,0,0,0,0,0,87,0,0,0,0,90,96,89,96,87,98,99,0,99,100,0,0,0,0,0
l33,4=0,0,0,0,0,0,0,0,0,0,0,0,78,0,79,0,0,0,0,0,0,0,63,87,84,93,78,0,95,75,81,99,100,0,100,0,0,0,0,0
l34,4=0,0,0,0,0,0,0,0,0,0,0,0,0,0,81,0,0,0,0,0,0,0,0,91,0,91,97,80,96,97,0,99,100,99,0,0,0,0,0,0
l35,4=0,0,0,0,0,0,0,0,0,0,0,2,0,0,0,0,83,49,0,0,0,0,81,0,0,0,0,0,0,0,0,0,0,0,0,0,79,90,82,85
l36,4=0,0,0,0,0,0,0,0,0,0,0,65,35,6,0,60,66,71,0,71,80,67,79,0,0,0,0,0,0,0,0,0,0,0,0,58,0,88,85,88
l37,4=0,0,0,0,0,0,0,0,0,0,0,0,0,0,0,0,0,0,0,51,81,71,80,0,0,0,0,0,0,0,0,0,0,0,0,59,76,0,79,77
l38,4=0,0,0,0,0,0,0,0,0,0,0,86,81,13,76,85,85,55,0,78,94,76,89,0,0,0,0,0,0,0,0,0,0,0,0,70,80,87,0,88
l39,4=0,0,0,0,0,0,0,0,0,0,0,0,0,0,0,0,81,59,0,79,83,76,66,0,0,0,0,0,0,0,0,0,0,0,0,59,76,66,81,0

l0,5=0,83,76,85,80,83,81,80,44,79,78,0,0,0,0,0,0,0,0,0,0,0,0,0,0,0,0,0,0,0,0,0,0,0,0,0,0,0,0,0
l1,5=84,0,85,58,90,91,88,79,0,82,79,0,0,0,0,0,0,0,0,0,0,0,0,58,0,0,0,0,0,0,0,0,0,0,0,0,0,0,0,0
l2,5=76,88,0,81,83,87,85,79,0,81,80,0,0,0,0,0,0,0,0,0,0,0,0,0,0,0,0,0,0,0,0,0,0,0,0,0,0,0,0,0
l3,5=89,76,86,0,91,82,78,0,29,67,49,0,0,0,0,0,0,0,0,0,0,0,0,0,0,0,0,0,0,0,0,0,0,0,0,0,0,0,0,0
l4,5=82,90,83,83,0,87,80,80,83,74,77,0,0,29,0,32,0,0,0,0,0,0,0,0,0,0,0,0,0,0,0,0,0,0,0,0,0,0,0,0
l5,5=79,86,79,74,82,0,53,80,83,81,81,65,0,83,0,0,0,0,0,0,0,0,0,0,0,0,0,0,0,0,0,0,0,0,0,0,0,0,0,0
l6,5=79,84,80,73,80,32,0,82,82,82,83,81,0,0,0,0,33,0,0,1,0,0,0,0,0,0,0,0,0,0,0,0,0,0,0,0,0,0,0,0
l7,5=79,76,51,0,79,81,81,0,83,81,92,80,0,0,0,76,0,0,0,0,0,0,0,0,0,0,0,0,0,0,0,0,0,0,0,0,0,0,0,0
l8,5=0,0,0,18,46,35,54,79,0,82,80,81,59,86,32,26,28,77,0,0,20,58,37,37,45,0,0,0,0,0,0,0,0,0,0,0,0,0,0,0
l9,5=69,54,47,41,43,80,78,79,87,0,85,79,1,86,2,47,28,78,0,0,35,0,43,0,36,0,0,0,0,0,0,0,0,0,0,0,0,0,23,0
l10,5=72,69,74,59,75,81,78,80,83,90,0,80,0,78,57,70,0,69,0,0,0,0,0,0,0,0,0,0,0,0,0,0,0,0,0,0,0,0,0,0
l11,5=0,0,0,0,0,15,42,55,81,77,68,0,81,85,37,83,31,84,0,0,24,33,0,36,37,19,0,0,0,0,0,0,0,0,0,0,54,25,28,0
l12,5=0,0,0,0,0,0,0,0,35,0,0,87,0,69,81,23,52,88,0,0,27,0,0,40,70,51,0,0,0,0,0,0,31,17,0,14,43,0,17,0
l13,5=0,0,0,0,4,17,0,0,89,81,55,80,75,0,35,77,31,80,0,6,36,0,34,42,0,28,0,0,0,0,0,0,0,0,0,31,20,0,0,0
l14,5=0,0,0,0,0,0,0,0,48,26,41,87,82,75,0,19,31,75,0,0,38,0,19,74,85,51,0,0,0,0,0,5,0,24,13,0,0,0,23,0
l15,5=0,0,0,0,18,0,0,69,74,69,61,89,76,89,32,0,23,77,0,0,22,46,33,39,49,34,0,0,0,0,0,0,0,0,0,0,51,0,25,3
l16,5=0,0,0,0,0,0,27,0,45,35,0,80,81,56,34,14,0,86,0,38,41,51,28,0,39,31,0,0,0,0,0,17,0,0,9,55,33,24,26,13
l17,5=0,0,0,0,0,0,0,0,67,57,35,88,82,88,35,26,58,0,0,12,56,38,0,11,48,37,0,0,0,0,0,0,0,0,0,37,58,5,0,10
l18,5=0,0,0,0,0,0,0,0,0,0,0,0,0,0,0,0,0,0,0,36,0,62,51,0,0,0,0,0,0,0,0,0,0,0,0,0,0,0,0,0
l19,5=0,0,0,0,0,0,0,0,0,0,0,0,0,14,0,0,39,0,21,0,61,62,78,0,0,0,0,0,10,10,0,0,0,0,0,48,38,25,0,44
l20,5=0,0,0,0,0,0,0,0,13,15,0,5,20,30,22,10,27,43,0,73,0,66,78,0,20,0,18,0,0,0,0,0,22,0,0,0,48,36,68,21
l21,5=0,0,0,0,0,0,0,0,33,5,0,27,0,19,0,10,25,26,37,55,67,0,64,0,21,0,0,0,0,0,0,0,0,0,0,56,47,23,30,45
l22,5=0,0,0,0,0,0,0,0,35,36,0,0,9,38,10,12,13,0,28,78,68,64,0,0,0,0,26,0,0,0,7,0,0,0,0,49,66,35,44,15
l23,5=0,1,0,0,0,0,0,0,49,0,0,64,70,63,73,62,0,1,0,0,0,0,0,0,86,78,0,0,0,0,0,0,0,63,63,0,0,0,0,0
l24,5=0,0,0,0,0,0,0,0,55,39,0,60,82,0,82,66,62,71,0,0,35,44,0,76,0,73,0,0,0,0,0,0,0,26,1,0,0,0,0,0
l25,5=0,0,0,0,0,0,0,0,15,0,0,34,76,51,71,20,37,57,0,0,0,0,0,76,76,0,0,0,0,13,0,0,59,68,24,0,0,0,0,0
l26,5=0,0,0,0,0,0,0,0,0,0,0,0,0,0,0,0,0,0,0,1,28,0,50,0,0,0,0,67,90,81,87,76,80,63,57,0,0,0,0,0
l27,5=0,0,0,0,0,0,0,0,0,0,0,0,0,0,0,0,0,0,0,0,0,0,0,0,0,0,72,0,81,71,92,64,63,0,0,0,0,0,0,0
l28,5=0,0,0,0,0,0,0,0,0,0,0,0,0,0,0,0,0,0,0,52,32,0,0,0,0,0,86,90,0,83,92,67,74,81,63,0,0,0,0,0
l29,5=0,0,0,0,0,0,0,0,0,0,0,0,0,0,0,0,0,0,0,51,0,0,0,0,0,32,86,89,90,0,92,51,61,67,59,0,0,0,0,0
l30,5=0,0,0,0,0,0,0,0,0,0,0,0,0,0,0,0,0,0,0,0,0,0,0,0,0,0,80,90,89,75,0,66,3,73,0,0,0,0,0,0
l31,5=0,0,0,0,0,0,0,0,0,0,0,0,0,0,3,0,22,0,0,0,0,0,0,0,0,0,81,56,56,33,58,0,82,81,79,0,0,0,0,0
l32,5=0,0,0,0,0,0,0,0,0,0,0,0,64,0,0,0,0,0,0,0,36,0,0,0,0,71,78,50,69,53,51,78,0,79,85,0,0,0,0,0
l33,5=0,0,0,0,0,0,0,0,0,0,0,0,59,0,42,0,0,0,0,0,13,0,0,65,60,69,63,0,67,36,66,61,68,0,75,0,0,0,0,0
l34,5=0,0,0,0,0,0,0,0,0,0,0,0,49,0,51,0,47,0,0,0,29,0,0,65,46,55,64,0,58,45,0,74,87,87,0,0,0,0,0,0
l35,5=0,0,0,0,0,0,0,0,0,0,0,0,10,22,0,0,13,20,0,26,2,43,17,0,0,0,0,0,0,0,0,0,0,0,0,0,58,41,22,21
l36,5=0,0,0,0,0,0,0,0,4,0,0,37,25,25,0,12,10,35,0,33,35,43,28,0,0,0,0,0,0,0,0,0,0,0,0,59,0,48,23,23
l37,5=0,0,0,0,0,0,0,0,0,0,0,8,0,0,0,0,6,0,0,17,35,37,33,0,0,0,0,0,0,0,0,0,0,0,0,60,62,0,40,21
l38,5=0,0,0,0,0,0,0,0,0,30,0,49,41,0,19,17,17,0,0,0,54,50,47,0,0,0,0,0,0,0,0,0,0,0,0,66,67,49,0,23
l39,5=0,0,0,0,0,0,0,0,0,0,0,0,0,0,0,0,11,0,0,38,30,48,2,0,0,0,0,0,0,0,0,0,0,0,0,58,72,27,22,0

l0,6=0,89,84,89,88,84,71,0,34,9,71,0,0,0,0,0,0,0,0,0,0,0,0,0,0,0,0,0,0,0,0,0,0,0,0,0,0,0,0,0
l1,6=88,0,89,81,87,79,66,24,40,70,53,0,0,0,0,0,0,0,0,0,0,0,0,38,0,0,0,0,0,0,0,0,0,0,0,0,0,0,0,0
l2,6=87,85,0,84,84,81,66,61,3,73,73,0,0,0,0,0,0,0,0,0,0,0,0,0,0,0,0,0,0,0,0,0,0,0,0,0,0,0,0,0
l3,6=84,83,88,0,89,79,61,0,0,56,9,0,0,0,0,0,0,0,0,0,0,0,0,3,0,0,0,0,0,0,0,0,0,0,0,0,0,0,0,0
l4,6=93,89,90,89,0,81,69,5,33,0,39,0,0,40,0,0,0,0,0,0,0,0,0,15,0,0,0,0,0,0,0,0,0,0,0,0,0,0,0,0
l5,6=83,77,81,79,79,0,63,74,57,70,72,0,0,7,0,0,0,0,0,0,0,0,0,0,0,0,0,0,0,0,0,0,0,0,0,0,0,0,0,0
l6,6=61,74,62,61,61,54,0,73,53,69,72,54,1,3,0,0,40,0,0,0,0,0,0,0,0,0,0,0,0,0,0,0,0,0,0,0,0,0,0,0
l7,6=0,24,71,0,14,78,64,0,65,67,77,39,0,0,0,62,0,0,0,0,0,0,0,0,0,0,0,0,0,0,0,0,0,0,0,0,0,0,0,0
l8,6=18,25,0,0,22,34,49,61,0,70,70,63,16,61,40,34,44,56,0,0,19,24,22,24,34,0,0,0,0,0,0,0,0,0,0,0,0,0,0,0
l9,6=0,48,57,55,0,70,60,61,70,0,72,52,32,57,46,52,34,38,0,0,2,0,15,0,0,0,0,0,0,0,0,0,0,0,0,0,0,0,16,0
l10,6=58,39,56,18,39,54,63,73,69,78,0,54,0,43,0,49,40,0,0,0,0,0,0,0,0,0,0,0,0,0,0,0,0,0,0,0,0,0,0,0
l11,6=0,0,0,0,0,0,24,9,34,17,31,0,36,36,53,73,42,49,0,0,7,0,0,32,32,16,0,0,0,0,0,0,0,0,0,0,32,26,24,0
l12,6=0,0,0,0,0,0,0,0,6,11,0,45,0,30,61,54,54,62,0,0,9,0,0,58,60,72,0,0,0,0,0,0,0,20,10,0,18,0,18,0
l13,6=0,0,0,0,19,0,0,0,65,40,32,27,23,0,47,61,32,55,0,30,3,0,10,37,34,14,0,0,0,0,0,0,0,0,0,17,35,0,21,0
l14,6=0,0,0,0,0,0,0,0,13,12,0,18,59,36,0,22,28,50,0,0,20,0,16,61,45,46,0,0,0,0,0,0,0,20,4,0,6,0,20,0
l15,6=0,0,0,0,0,0,0,16,16,30,27,69,56,52,45,0,43,61,0,0,6,16,12,50,46,20,0,0,0,0,0,0,0,0,0,2,25,0,24,0
l16,6=0,0,0,0,0,0,19,0,6,8,12,15,38,17,34,20,0,58,19,26,15,19,16,28,35,18,0,0,0,0,0,1,0,0,5,13,33,29,26,1
l17,6=0,0,0,0,0,0,0,0,21,8,0,26,40,46,53,46,49,0,0,0,29,12,0,0,41,19,0,0,0,0,0,0,0,14,0,0,25,4,25,0
l18,6=0,0,0,0,0,0,0,0,0,0,0,0,0,4,0,0,32,0,0,35,0,36,0,0,0,0,0,0,0,0,0,0,0,0,0,0,0,0,0,0
l19,6=0,0,0,0,0,0,0,0,0,0,0,0,0,22,0,0,29,0,24,0,56,42,55,0,0,0,5,0,1,35,0,25,0,0,0,2,27,0,0,41
l20,6=0,0,0,0,0,0,0,0,15,1,0,0,11,1,37,2,29,38,0,58,0,64,62,0,9,0,11,0,0,0,0,11,0,16,0,29,37,33,39,25
l21,6=0,0,0,0,0,0,0,0,16,5,0,0,0,0,0,27,34,32,23,38,57,0,46,0,6,0,0,0,0,0,0,0,0,0,0,60,35,33,36,42
l22,6=0,0,0,0,0,0,0,0,17,9,0,0,1,21,35,28,33,0,0,56,60,53,0,0,0,0,29,0,0,1,5,0,0,0,0,27,39,46,38,33
l23,6=0,0,0,14,1,0,0,0,4,0,0,4,38,31,53,24,26,0,0,0,0,0,0,0,61,71,0,0,0,0,0,29,0,38,39,0,0,0,0,0
l24,6=0,0,0,0,0,0,0,0,17,0,0,21,67,32,56,26,36,46,0,0,9,0,0,73,0,52,0,0,0,0,0,0,0,26,14,0,0,0,1,0
l25,6=0,0,0,0,0,0,0,0,3,0,0,4,53,26,54,15,23,30,0,0,0,0,0,70,52,0,0,0,0,0,0,0,22,53,0,0,0,0,0,0
l26,6=0,0,0,0,0,0,0,0,0,0,0,0,0,0,0,0,0,0,0,15,21,0,27,0,0,0,0,64,82,81,75,69,72,28,33,0,0,0,0,0
l27,6=0,0,0,0,0,0,0,0,0,0,0,0,0,0,0,0,0,0,0,0,0,0,0,0,0,0,60,0,81,81,89,49,36,0,0,0,0,0,0,0
l28,6=0,0,0,0,0,0,0,0,0,0,0,0,0,0,0,0,0,0,0,23,6,0,0,0,0,0,69,83,0,86,85,59,51,51,52,0,0,0,0,0
l29,6=0,0,0,0,0,0,0,0,0,0,0,0,0,0,0,0,0,0,0,28,0,0,0,0,0,0,67,85,82,0,38,27,26,29,17,0,0,0,0,0
l30,6=0,0,0,0,0,0,0,0,0,0,0,0,0,0,0,0,0,0,0,0,0,0,0,0,0,0,66,89,81,52,0,45,0,0,24,0,0,0,0,0
l31,6=0,0,0,0,0,0,0,0,0,0,0,0,0,0,0,0,10,0,0,33,20,0,0,34,0,0,61,35,61,42,39,0,71,66,66,0,0,0,0,0
l32,6=0,0,0,0,0,0,0,0,0,0,0,0,1,0,0,0,0,0,0,0,0,0,0,0,0,37,50,38,59,53,1,73,0,68,79,0,0,0,0,0
l33,6=0,0,0,0,0,0,0,0,0,0,0,0,33,0,46,0,0,35,0,0,28,0,0,54,43,56,39,0,57,51,27,59,64,0,62,0,0,0,0,0
l34,6=0,0,0,0,0,0,0,0,0,0,0,0,16,0,27,0,23,0,0,0,0,0,0,54,31,0,43,0,55,36,34,59,77,64,0,0,0,0,0,0
l35,6=0,0,0,0,0,0,0,0,0,0,0,0,0,14,0,0,28,0,0,0,28,25,17,0,0,0,0,0,0,0,0,0,0,0,0,0,45,58,28,25
l36,6=0,0,0,0,0,0,0,0,0,0,0,3,4,15,0,14,34,21,0,32,27,21,22,0,0,0,0,0,0,0,0,0,0,0,0,36,0,59,31,28
l37,6=0,0,0,0,0,0,0,0,0,0,0,0,0,0,0,0,18,0,0,0,15,9,17,0,0,0,0,0,0,0,0,0,0,0,0,46,55,0,28,20
l38,6=0,0,0,0,0,0,0,0,0,3,0,17,11,13,20,27,36,35,0,0,29,25,22,0,0,0,0,0,0,0,0,0,0,0,0,34,48,53,0,25
l39,6=0,0,0,0,0,0,0,0,0,0,0,0,0,0,0,0,29,0,0,35,28,34,20,0,0,0,0,0,0,0,0,0,0,0,0,57,48,48,39,0

l0,7=0,99,94,93,96,96,79,0,78,81,75,0,0,0,0,0,0,0,0,0,0,0,0,1,0,0,0,0,0,0,0,0,0,0,0,0,0,0,0,0
l1,7=96,0,100,93,96,89,84,77,63,80,65,0,0,0,0,0,0,0,0,0,0,0,0,0,0,0,0,0,0,0,0,0,0,0,0,0,0,0,0,0
l2,7=95,94,0,93,96,90,85,68,40,88,0,0,0,0,0,0,0,0,0,0,0,0,0,0,0,0,0,0,0,0,0,0,0,0,0,0,0,0,0,0
l3,7=96,93,94,0,100,84,61,47,75,53,62,0,0,0,0,0,0,0,0,0,0,0,0,0,0,0,0,0,0,0,0,0,0,0,0,0,0,0,0,0
l4,7=96,98,94,97,0,91,87,23,83,0,78,0,0,56,0,4,0,0,0,0,0,0,0,0,0,0,0,0,0,0,0,0,0,0,0,0,0,0,0,0
l5,7=96,93,94,80,96,0,86,90,79,88,82,0,0,6,0,8,0,0,0,0,0,0,0,0,0,0,0,0,0,0,0,0,0,0,0,0,0,0,0,0
l6,7=73,94,95,35,96,90,0,91,0,90,83,48,0,38,0,0,17,0,0,0,0,0,0,0,0,0,0,0,0,0,0,0,0,0,0,0,0,0,0,0
l7,7=0,75,66,25,19,90,86,0,66,90,84,35,25,41,0,41,0,2,0,0,0,0,0,0,0,0,0,0,0,0,0,0,0,0,0,0,0,0,0,0
l8,7=63,41,51,26,27,54,0,67,0,90,83,73,49,74,20,44,20,36,0,5,4,18,30,0,17,0,0,0,0,0,0,0,0,0,0,0,0,0,3,0
l9,7=47,47,65,20,7,65,81,92,88,0,83,67,49,69,10,55,1,11,0,0,20,19,15,0,0,7,0,0,0,0,0,0,0,0,0,0,0,0,22,0
l10,7=64,49,0,23,77,81,80,92,88,90,0,70,0,12,0,61,29,0,0,0,0,0,0,0,0,0,0,0,0,0,0,0,0,0,0,0,0,0,0,0
l11,7=0,0,0,0,0,2,30,8,26,19,33,0,68,28,12,76,26,20,0,0,19,0,10,20,38,4,0,0,0,0,0,0,0,0,0,29,0,0,32,4
l12,7=0,0,0,0,0,0,0,0,4,15,0,72,0,3,27,52,52,31,0,0,22,16,0,50,88,76,0,0,0,0,0,0,1,25,27,0,0,0,19,0
l13,7=0,0,0,0,18,0,32,29,81,34,7,62,24,0,17,39,12,31,0,0,18,0,4,23,46,38,0,0,0,0,0,0,0,0,0,27,1,0,27,0
l14,7=0,0,0,0,0,0,0,0,16,14,0,46,65,20,0,30,40,61,0,0,23,22,11,47,42,49,0,0,0,0,0,0,0,18,0,0,0,0,22,0
l15,7=0,0,0,0,7,0,0,29,26,24,29,79,69,41,14,0,16,29,0,0,23,41,16,48,35,33,0,0,0,0,0,0,0,0,0,0,9,4,34,0
l16,7=0,0,0,0,0,0,17,0,13,2,24,47,63,19,15,23,0,31,15,13,24,31,16,28,36,23,0,0,0,0,0,17,22,15,0,41,28,20,33,2
l17,7=0,0,0,0,0,0,0,0,18,12,2,48,58,25,22,29,28,0,0,0,27,24,5,21,53,0,0,0,0,0,0,0,0,19,0,0,25,0,31,0
l18,7=0,0,0,0,0,0,0,0,0,0,0,0,0,0,0,0,27,0,0,19,26,30,0,0,0,0,0,0,0,0,0,0,0,0,0,0,0,0,0,0
l19,7=0,0,0,0,0,0,0,0,0,0,0,0,25,0,0,0,17,0,19,0,63,43,41,0,0,0,0,0,12,31,0,38,0,0,0,0,28,0,23,27
l20,7=0,0,0,0,0,0,0,0,1,12,0,17,36,16,11,18,19,19,13,52,0,68,52,0,0,0,8,0,4,0,0,24,0,17,0,52,37,23,52,26
l21,7=0,0,0,0,0,0,0,0,11,14,0,0,36,4,13,25,30,30,13,20,70,0,44,0,0,0,0,0,0,0,0,0,22,0,18,50,34,25,31,38
l22,7=0,0,0,0,0,0,0,0,15,13,0,32,0,11,9,19,29,6,0,51,69,66,0,0,0,0,14,0,0,31,0,23,0,0,0,2,50,24,45,38
l23,7=0,0,0,0,0,0,0,0,0,0,0,36,58,18,73,34,20,19,0,0,0,0,0,0,90,79,0,0,0,0,0,0,8,27,47,0,0,0,0,0
l24,7=0,0,0,0,1,0,0,0,11,0,0,47,78,21,19,23,24,60,0,0,0,0,0,64,0,62,0,0,0,0,0,0,0,24,39,0,0,0,0,0
l25,7=0,0,0,0,0,0,0,0,0,13,0,2,72,42,67,32,17,0,0,0,0,0,0,60,66,0,0,0,0,19,0,27,40,31,0,0,0,0,20,0
l26,7=0,0,0,0,0,0,0,0,0,0,0,0,0,0,0,0,0,0,0,0,40,0,16,0,0,0,0,70,77,83,63,70,79,44,56,0,0,0,0,0
l27,7=0,0,0,0,0,0,0,0,0,0,0,0,0,0,0,0,0,0,0,0,0,0,0,0,0,0,69,0,73,83,86,46,51,0,0,0,0,0,0,0
l28,7=0,0,0,0,0,0,0,0,0,0,0,0,0,0,0,0,0,0,0,30,38,0,0,0,0,0,77,85,0,88,89,67,50,59,47,0,0,0,0,0
l29,7=0,0,0,0,0,0,0,0,0,0,0,0,0,0,0,0,0,0,0,26,0,0,15,0,0,23,74,82,77,0,86,61,65,47,24,0,0,0,0,0
l30,7=0,0,0,0,0,0,0,0,0,0,0,0,0,0,0,0,0,0,0,0,0,0,0,0,0,0,73,82,73,83,0,63,59,32,47,0,0,0,0,0
l31,7=0,0,0,0,0,0,0,0,0,0,0,0,0,0,0,0,19,0,0,39,30,0,9,3,0,15,71,6,52,38,47,0,79,77,78,0,0,0,0,0
l32,7=0,0,0,0,0,0,0,0,0,0,0,0,37,0,0,0,22,0,0,0,0,24,0,33,0,40,61,22,31,41,45,72,0,79,84,0,0,0,0,0
l33,7=0,0,0,0,0,0,0,0,0,0,0,0,56,0,45,0,31,46,0,0,44,0,0,36,41,48,46,0,46,39,42,68,79,0,60,0,0,0,0,0
l34,7=0,0,0,0,0,0,0,0,0,0,0,0,50,0,0,0,0,0,0,0,0,21,0,39,44,0,45,10,39,26,45,65,86,41,0,0,0,0,0,0
l35,7=0,0,0,0,0,0,0,0,0,0,0,2,0,10,0,0,17,0,0,0,28,41,0,0,0,0,0,0,0,0,0,0,0,0,0,0,46,47,48,25
l36,7=0,0,0,0,0,0,0,0,0,0,0,0,0,2,0,8,30,19,0,18,27,41,28,0,0,0,0,0,0,0,0,0,0,0,0,50,0,42,51,42
l37,7=0,0,0,0,0,0,0,0,0,0,0,0,0,0,0,1,8,0,0,0,24,32,13,0,0,0,0,0,0,0,0,0,0,0,0,62,48,0,28,5
l38,7=0,0,0,0,0,0,0,0,0,12,0,51,28,19,12,24,19,23,0,8,48,47,25,0,0,2,0,0,0,0,0,0,0,0,0,50,49,43,0,20
l39,7=0,0,0,0,0,0,0,0,0,0,0,0,0,0,0,0,1,0,0,12,28,47,26,0,0,0,0,0,0,0,0,0,0,0,0,53,54,1,26,0

l0,8=0,99,97,99,95,99,98,84,89,96,96,0,0,63,0,0,0,0,0,0,0,0,0,0,0,0,0,0,0,0,0,0,0,0,0,0,0,0,0,0
l1,8=99,0,100,98,99,98,98,98,95,31,97,0,0,0,0,0,0,0,0,0,0,0,0,0,0,0,0,0,0,0,0,0,0,0,0,0,0,0,0,0
l2,8=99,99,0,99,48,99,99,99,75,67,81,0,0,25,0,37,0,0,0,0,0,0,0,0,0,0,0,0,0,0,0,0,0,0,0,0,0,0,0,0
l3,8=99,99,99,0,99,91,95,89,7,0,23,0,0,0,0,0,0,0,0,0,0,0,0,0,0,0,0,0,0,0,0,0,0,0,0,0,0,0,0,0
l4,8=95,99,63,99,0,93,99,94,99,83,93,0,0,88,0,0,0,0,0,0,0,0,0,6,3,0,0,0,0,0,0,0,0,0,0,0,0,0,0,0
l5,8=99,97,99,93,90,0,98,99,97,91,97,75,1,0,0,0,0,0,0,0,0,0,0,0,0,0,0,0,0,0,0,0,0,0,0,0,0,0,0,0
l6,8=75,60,94,82,89,95,0,96,72,94,65,30,0,55,0,0,80,0,0,0,0,0,0,0,0,0,0,0,0,0,0,0,0,0,0,0,0,0,0,0
l7,8=83,93,93,89,18,95,94,0,95,98,97,71,3,88,0,0,8,45,0,0,0,0,0,0,0,0,0,0,0,0,0,0,0,0,0,0,0,0,0,0
l8,8=48,48,0,27,66,56,81,93,0,98,94,93,0,91,49,84,0,77,0,29,0,0,82,0,23,0,0,0,0,0,0,0,0,0,0,0,0,0,0,0
l9,8=80,4,31,0,50,62,94,96,97,0,99,91,91,88,19,85,86,70,0,0,0,32,3,44,53,0,0,0,0,0,0,0,0,0,0,0,0,0,76,0
l10,8=88,91,79,61,87,95,90,96,96,98,0,92,0,87,0,86,3,0,0,0,0,0,0,0,0,0,0,0,0,0,0,0,0,0,0,0,0,0,0,0
l11,8=0,0,0,0,0,11,5,22,78,55,47,0,99,51,48,93,87,94,0,0,9,40,28,52,84,69,0,0,0,0,0,0,0,0,0,23,44,0,58,0
l12,8=0,0,0,0,0,0,0,0,0,21,0,98,0,0,58,57,94,89,0,0,15,0,0,68,95,94,0,0,0,0,0,0,0,21,12,5,25,0,55,0
l13,8=14,0,0,5,37,0,6,92,98,79,51,74,11,0,49,52,67,61,0,0,22,33,0,57,81,67,0,0,0,0,0,0,0,0,0,27,0,0,73,0
l14,8=0,0,0,0,0,0,0,0,57,13,0,80,98,66,0,50,84,93,0,0,38,54,13,62,91,85,0,0,0,0,0,0,0,0,0,0,29,0,3,0
l15,8=0,0,2,0,0,0,0,0,73,53,49,99,97,70,48,0,82,89,0,0,40,49,72,59,68,42,0,0,0,0,0,0,0,0,0,0,52,0,73,0
l16,8=0,0,0,0,0,0,30,0,0,16,2,94,97,27,44,32,0,79,28,38,52,43,73,29,91,36,0,0,0,0,0,33,0,0,22,29,43,35,51,52
l17,8=0,0,0,0,0,0,0,14,51,14,5,95,93,47,57,54,88,0,0,14,45,16,38,31,75,0,0,0,0,0,0,0,0,15,0,0,31,0,63,37
l18,8=0,0,0,0,0,0,0,0,0,0,0,0,0,0,0,0,75,0,0,70,76,63,0,0,0,0,0,0,0,0,0,0,0,0,0,0,0,0,12,0
l19,8=0,0,0,0,0,0,0,0,42,0,0,0,0,0,0,0,74,62,48,0,91,72,86,0,0,0,18,0,52,0,0,69,0,0,0,58,55,0,0,68
l20,8=0,0,0,0,0,0,0,0,0,0,0,1,41,27,27,32,63,55,46,91,0,86,92,0,0,0,34,0,2,0,0,1,0,3,0,60,63,56,75,59
l21,8=0,0,0,0,0,0,0,0,0,18,0,52,30,37,29,39,58,25,29,43,91,0,92,0,0,0,0,0,0,0,0,19,0,10,0,64,59,49,74,69
l22,8=0,0,0,0,0,0,0,0,42,11,0,34,0,0,8,31,78,55,0,85,91,81,0,0,0,0,0,0,0,44,0,55,0,0,0,67,72,49,72,61
l23,8=0,0,0,0,0,0,0,0,0,36,0,81,90,70,87,45,75,73,0,0,0,0,0,0,95,95,0,0,0,0,0,0,36,39,56,0,0,0,0,0
l24,8=0,0,0,3,0,0,0,0,0,31,0,80,98,66,94,42,92,79,0,0,0,0,0,93,0,91,0,0,0,0,0,9,0,23,42,0,0,0,0,0
l25,8=0,0,0,0,0,0,0,0,0,0,0,77,98,63,78,34,70,0,0,0,0,0,0,93,86,0,0,0,0,50,0,42,38,53,50,0,0,0,8,0
l26,8=0,0,0,0,0,0,0,0,0,0,0,0,0,0,0,0,0,0,0,48,65,0,0,0,0,0,0,87,92,94,91,90,85,83,86,0,0,0,0,0
l27,8=0,0,0,0,0,0,0,0,0,0,0,0,0,0,0,0,0,0,0,0,0,0,0,0,0,0,94,0,92,94,94,0,77,0,71,0,0,0,0,0
l28,8=0,0,0,0,0,0,0,0,0,0,0,0,0,0,0,0,0,0,0,71,68,0,0,0,0,0,94,92,0,94,94,90,66,83,81,0,0,0,0,0
l29,8=0,0,0,0,0,0,0,0,0,0,0,0,0,0,0,0,0,0,0,0,0,0,63,0,0,66,94,92,93,0,94,90,54,68,73,0,0,0,0,0
l30,8=0,0,0,0,0,0,0,0,0,0,0,0,0,0,0,0,0,0,0,0,0,0,0,0,0,0,85,92,92,94,0,76,76,63,0,0,0,0,0,0
l31,8=0,0,0,0,0,0,0,0,0,0,0,0,0,0,0,0,63,0,0,65,42,5,62,0,31,52,93,0,88,74,58,0,85,87,91,0,0,0,0,0
l32,8=0,0,0,0,0,0,0,0,0,0,0,0,31,0,0,0,0,0,0,0,0,0,0,73,0,76,93,68,66,51,66,93,0,91,97,0,0,0,0,0
l33,8=0,0,0,0,0,0,0,0,0,0,0,0,79,0,0,0,25,75,0,0,58,35,0,72,68,78,79,0,78,55,65,91,89,0,70,0,0,0,0,0
l34,8=0,0,0,0,0,0,0,0,0,0,0,0,76,0,0,0,78,0,0,0,37,0,0,75,73,78,79,70,75,55,0,91,90,64,0,0,0,0,0,0
l35,8=0,0,0,0,0,0,0,0,0,0,0,1,22,8,0,0,30,0,0,10,24,34,40,0,0,0,0,0,0,0,0,0,0,0,0,0,64,51,66,65
l36,8=0,0,0,0,0,0,0,0,0,0,0,38,35,0,6,7,38,43,0,10,38,31,67,0,0,0,0,0,0,0,0,0,0,0,0,82,0,44,68,67
l37,8=0,0,0,0,0,0,0,0,0,0,0,0,0,0,0,0,32,0,0,0,32,31,37,0,0,0,0,0,0,0,0,0,0,0,0,72,53,0,55,48
l38,8=0,0,0,0,0,0,0,0,0,12,0,43,36,34,0,35,50,52,0,0,44,55,65,0,0,0,0,0,0,0,0,0,0,0,0,85,73,54,0,52
l39,8=0,0,0,0,0,0,0,0,0,0,0,0,0,0,0,0,71,4,0,64,71,64,63,0,0,0,0,0,0,0,0,0,0,0,0,77,66,45,56,0

l0,9=0,100,99,100,99,99,100,99,0,99,100,0,0,0,0,0,0,0,0,0,0,0,0,0,0,0,0,0,0,0,0,0,0,0,0,0,0,0,0,0
l1,9=100,0,99,99,99,99,99,99,100,99,100,0,0,0,0,0,0,0,0,0,0,0,0,33,0,0,0,0,0,0,0,0,0,0,0,0,0,0,0,0
l2,9=100,100,0,100,98,100,100,50,0,98,98,0,25,0,0,1,0,0,0,0,0,0,0,0,0,0,0,0,0,0,0,0,0,0,0,0,0,0,0,0
l3,9=99,100,98,0,99,99,97,97,0,96,96,0,0,0,0,0,0,0,0,0,0,0,0,0,0,0,0,0,0,0,0,0,0,0,0,0,0,0,0,0
l4,9=100,100,98,100,0,98,97,97,100,95,99,0,0,0,25,0,0,0,0,0,0,0,0,0,6,0,0,0,0,0,0,0,0,0,0,0,0,0,0,0
l5,9=99,99,99,100,98,0,99,71,100,99,100,0,0,76,0,0,0,0,0,0,0,0,0,0,0,0,0,0,0,0,0,0,0,0,0,0,0,0,0,0
l6,9=91,87,99,96,89,98,0,100,62,98,100,0,0,93,0,0,40,0,0,0,0,0,0,0,0,0,0,0,0,0,0,0,0,0,0,0,0,0,0,0
l7,9=95,90,82,100,98,84,99,0,100,100,100,35,51,97,0,26,0,0,0,0,0,0,0,0,0,0,0,0,0,0,0,0,0,0,0,0,0,0,0,0
l8,9=0,93,0,56,96,94,50,61,0,100,98,97,0,96,0,32,42,91,0,45,0,0,90,0,0,0,0,0,0,0,0,0,0,0,0,0,0,0,0,0
l9,9=98,93,87,89,83,95,99,100,100,0,100,97,21,97,32,81,50,0,0,0,0,0,4,85,0,0,0,0,0,0,0,0,0,0,0,0,0,0,0,0
l10,9=97,96,97,98,98,100,99,100,100,100,0,46,74,97,0,94,75,77,0,0,0,0,0,21,0,0,0,0,0,0,0,0,0,0,0,0,0,0,0,0
l11,9=0,0,0,0,0,0,0,7,58,61,44,0,100,96,32,95,45,94,0,0,27,35,56,95,69,30,0,0,0,0,0,0,0,0,0,0,79,0,31,0
l12,9=0,0,0,0,0,0,0,0,0,0,1,97,0,91,60,62,48,99,0,0,18,29,0,98,76,98,0,0,0,0,0,0,0,5,7,0,81,0,32,0
l13,9=0,0,0,58,0,67,47,49,94,99,59,97,96,0,32,93,48,2,0,21,29,36,0,94,70,31,0,0,0,0,0,0,0,0,0,0,73,0,32,0
l14,9=0,0,0,0,25,0,0,0,0,60,0,82,100,91,0,33,47,99,0,0,27,36,84,99,98,8,0,0,0,0,0,0,0,0,0,0,78,0,0,0
l15,9=0,0,0,0,0,0,0,7,47,60,62,98,99,95,33,0,47,97,0,0,27,37,78,92,71,0,0,0,0,0,0,0,0,0,0,0,78,31,33,0
l16,9=0,0,0,0,0,0,19,0,39,52,51,82,98,90,31,32,0,95,80,45,31,3,83,94,72,26,0,0,0,0,0,6,0,84,80,0,76,45,32,32
l17,9=0,0,0,0,0,0,0,0,52,0,52,84,100,55,36,34,48,0,0,46,12,35,87,0,19,26,0,0,0,0,0,0,0,85,0,0,0,0,30,32
l18,9=0,0,0,0,0,0,0,0,0,3,0,0,0,0,0,0,63,0,0,0,58,64,0,0,0,0,0,0,0,0,0,0,0,0,0,0,0,0,0,0
l19,9=0,0,0,0,0,0,0,0,27,0,0,0,0,12,0,0,82,78,0,0,83,95,87,0,0,0,74,0,47,0,0,39,0,0,0,50,73,30,28,91
l20,9=0,0,0,0,0,0,0,0,0,0,0,66,74,66,21,23,60,10,78,92,0,98,94,0,5,0,20,0,0,0,0,1,0,0,58,77,81,66,67,50
l21,9=0,0,0,0,0,0,0,0,0,0,0,61,78,75,25,25,15,71,82,48,92,0,92,0,0,0,0,0,0,0,0,0,0,59,0,84,78,57,33,32
l22,9=0,0,0,0,0,0,0,0,43,14,0,13,33,0,26,24,52,77,0,87,92,95,0,0,0,0,33,0,0,43,0,29,0,0,0,80,84,59,85,0
l23,9=0,0,0,0,0,0,0,0,0,57,0,82,100,93,97,32,48,0,0,0,0,0,0,0,98,100,0,0,0,0,0,0,84,96,94,0,0,0,0,0
l24,9=0,0,0,0,0,0,0,0,0,0,0,82,100,94,60,31,69,0,0,0,13,0,0,99,0,45,0,0,0,0,0,0,0,95,69,0,81,0,0,0
l25,9=0,0,0,0,0,0,0,0,0,0,0,78,100,90,4,0,48,76,0,0,0,0,0,99,98,0,0,0,0,23,0,0,86,97,75,0,0,0,28,0
l26,9=0,0,0,0,0,0,0,0,0,0,0,0,0,0,0,0,0,0,0,85,62,0,84,0,0,0,0,89,100,98,98,100,98,88,93,0,0,0,0,0
l27,9=0,0,0,0,0,0,0,0,0,0,0,0,0,0,0,0,0,0,0,0,0,0,0,0,0,0,100,0,100,98,100,97,94,0,0,0,0,0,0,0
l28,9=0,0,0,0,0,0,0,0,0,0,0,0,0,0,0,0,0,0,0,85,0,0,0,0,0,0,100,100,0,98,100,92,0,88,21,0,0,0,0,0
l29,9=0,0,0,0,0,0,0,0,0,0,0,0,0,0,0,0,0,0,0,0,21,0,79,0,0,8,100,100,100,0,100,99,48,86,86,0,0,0,0,0
l30,9=0,0,0,0,0,0,0,0,0,0,0,0,0,0,0,0,0,0,0,0,0,0,0,0,0,0,100,100,100,98,0,99,97,66,92,0,0,0,0,0
l31,9=0,0,0,0,0,0,0,0,0,0,0,0,0,0,0,0,5,0,0,55,15,0,61,0,0,0,98,92,93,95,92,0,100,99,99,0,0,0,0,0
l32,9=0,0,0,0,0,0,0,0,0,0,0,0,0,0,0,0,0,0,0,0,0,0,0,92,4,37,100,46,0,23,94,100,0,99,99,0,0,0,0,0
l33,9=0,0,0,0,0,0,0,0,0,0,0,0,31,0,1,0,68,57,0,0,14,24,0,97,96,97,80,0,97,76,51,100,100,0,99,0,0,0,0,0
l34,9=0,0,0,0,0,0,0,0,0,0,0,0,72,0,1,0,65,0,0,0,29,0,0,98,67,33,99,0,6,91,58,100,100,99,0,0,0,0,0,0
l35,9=0,0,0,0,0,0,0,0,0,0,0,0,0,0,0,0,0,0,0,9,23,40,68,0,0,0,0,0,0,0,0,0,0,0,0,0,84,67,82,31
l36,9=0,0,0,0,0,0,0,0,0,0,0,48,60,17,5,17,22,0,0,17,26,25,76,0,34,0,0,0,0,0,0,0,0,0,0,85,0,62,33,30
l37,9=0,0,0,0,0,0,0,0,0,0,0,0,0,0,0,2,7,0,0,6,25,29,67,0,0,0,0,0,0,0,0,0,0,0,0,80,84,0,30,30
l38,9=0,0,0,0,0,0,0,0,0,0,0,32,70,57,0,22,39,34,0,15,29,36,82,0,0,2,0,0,0,0,0,0,0,0,0,86,84,61,0,30
l39,9=0,0,0,0,0,0,0,0,0,0,0,0,0,0,0,0,40,62,0,42,46,34,0,0,0,0,0,0,0,0,0,0,0,0,0,79,81,57,31,0

l0,10=0,93,92,95,93,76,43,79,19,78,74,0,0,0,0,0,0,0,0,0,0,0,0,0,0,0,0,0,0,0,0,0,0,0,0,0,0,0,0,0
l1,10=90,0,91,93,84,90,85,82,30,64,68,0,0,0,0,0,0,0,0,0,0,0,0,5,0,0,0,0,0,0,0,0,0,0,0,0,0,0,0,0
l2,10=92,89,0,95,89,91,83,84,57,82,77,0,0,0,0,0,0,0,0,0,0,0,0,0,0,0,0,0,0,0,0,0,0,0,0,0,0,0,0,0
l3,10=95,88,92,0,97,90,73,81,0,80,50,0,0,0,0,0,0,0,0,0,0,0,0,0,0,0,0,0,0,0,0,0,0,0,0,0,0,0,0,0
l4,10=91,82,91,95,0,90,74,85,78,78,84,0,0,0,17,0,0,0,0,0,0,0,0,0,0,0,0,0,0,0,0,0,0,0,0,0,0,0,0,0
l5,10=82,90,92,91,93,0,83,87,69,84,84,0,0,71,0,0,0,0,0,0,0,0,0,0,0,0,0,0,0,0,0,0,0,0,0,0,0,0,0,0
l6,10=34,86,84,81,84,85,0,87,82,85,83,0,0,55,0,6,4,0,0,0,0,0,0,0,0,0,0,0,0,0,0,0,0,0,0,0,0,0,0,0
l7,10=80,80,71,75,84,84,85,0,82,89,86,51,24,80,5,17,0,0,0,0,0,0,0,0,0,0,0,0,0,0,0,0,0,0,0,0,0,0,0,0
l8,10=7,2,2,18,72,60,73,85,0,91,67,79,53,81,43,81,10,56,0,33,3,0,47,65,0,0,0,0,0,0,0,0,0,0,0,0,0,0,0,0
l9,10=64,52,50,69,61,63,81,87,84,0,86,77,52,82,46,67,6,0,0,0,0,12,4,53,38,0,0,0,0,0,0,0,0,0,0,0,0,0,0,0
l10,10=64,67,61,59,82,67,75,88,62,90,0,59,0,76,0,71,0,43,0,0,0,0,0,6,0,0,0,0,0,0,0,0,0,0,0,0,0,0,0,0
l11,10=0,0,0,0,0,0,0,55,74,72,64,0,83,78,81,89,58,83,0,0,35,34,0,76,74,46,0,0,0,0,0,0,0,0,0,35,37,0,57,0
l12,10=0,0,0,0,0,0,0,0,67,65,0,89,0,47,95,88,89,94,0,0,40,38,0,92,95,99,0,0,0,0,0,0,0,32,0,19,0,0,69,0
l13,10=0,0,0,0,0,58,63,73,81,83,75,84,67,0,55,85,72,38,0,11,36,30,0,71,71,33,0,0,0,0,0,0,0,0,0,0,0,0,58,0
l14,10=0,0,0,0,33,0,0,0,50,71,0,86,95,46,0,82,83,90,0,0,37,19,44,80,90,56,0,0,0,0,0,0,0,70,0,0,46,0,63,0
l15,10=0,0,0,0,0,0,13,0,74,72,77,94,78,73,60,0,74,86,0,48,35,0,38,7,73,14,0,0,0,0,0,0,0,0,0,0,2,0,71,0
l16,10=0,0,0,0,0,0,2,0,23,0,0,46,60,35,59,78,0,86,51,52,41,38,48,68,93,0,0,0,0,0,0,0,0,0,55,0,26,30,83,53
l17,10=0,0,0,0,0,0,1,0,64,21,69,86,67,16,66,88,89,0,0,63,28,47,54,3,82,15,0,0,0,0,0,0,0,39,0,0,37,0,81,58
l18,10=0,0,0,0,0,0,0,0,0,0,0,0,0,0,0,0,72,0,0,72,79,77,0,0,0,0,0,0,0,0,0,0,0,0,0,0,0,0,0,0
l19,10=0,0,0,0,0,0,0,0,55,0,0,0,4,0,0,55,63,62,71,0,83,71,80,0,0,0,48,0,0,0,0,33,1,0,0,55,0,36,8,61
l20,10=0,0,0,0,0,0,0,0,0,0,0,21,45,29,2,59,79,55,66,84,0,91,90,0,0,0,0,0,0,0,0,0,27,0,0,65,54,45,86,69
l21,10=0,0,0,0,0,0,0,0,1,5,0,58,45,30,30,21,76,70,72,69,91,0,89,0,0,0,0,0,0,0,0,0,0,55,0,63,33,38,79,72
l22,10=0,0,0,0,0,0,0,0,50,0,0,0,0,0,19,59,68,64,0,73,91,84,0,0,0,0,38,0,0,43,0,40,0,0,0,69,74,38,86,61
l23,10=0,0,0,0,0,0,0,0,71,59,1,77,97,45,63,0,78,0,0,0,0,0,0,0,95,99,0,0,0,0,0,0,45,80,8,0,0,0,0,0
l24,10=0,0,0,0,0,0,0,0,0,43,0,86,97,48,95,83,90,86,0,0,0,0,0,96,0,89,0,0,0,0,0,0,0,78,39,0,0,0,58,0
l25,10=0,0,0,26,0,0,0,0,0,0,0,83,97,32,95,60,11,70,0,0,0,0,0,95,94,0,26,0,0,0,0,43,44,94,84,0,0,0,60,0
l26,10=0,0,0,0,0,0,0,0,0,0,0,0,0,0,0,0,0,0,0,66,0,0,61,0,0,22,0,76,96,98,98,99,100,64,77,0,0,0,0,0
l27,10=0,0,0,0,0,0,0,0,0,0,0,0,0,0,0,0,0,0,0,0,0,0,0,0,0,0,85,0,92,98,98,86,0,0,82,0,0,0,0,0
l28,10=0,0,0,0,0,0,0,0,0,0,0,0,0,0,0,0,0,0,0,0,1,0,0,0,0,0,91,98,0,98,98,93,63,82,67,0,0,0,0,0
l29,10=0,0,0,0,0,0,0,0,0,0,0,0,0,0,0,0,0,0,0,0,10,0,54,0,0,0,91,98,96,0,98,94,70,1,69,0,0,0,0,0
l30,10=0,0,0,0,0,0,0,0,0,0,0,0,0,0,0,0,0,0,0,0,0,0,0,0,0,0,91,98,96,98,0,89,84,67,82,0,0,0,0,0
l31,10=0,0,0,0,0,0,0,0,0,0,0,0,0,0,0,0,0,0,0,60,0,0,67,42,0,60,91,75,81,96,97,0,100,100,100,0,0,0,0,0
l32,10=0,0,0,0,0,0,0,0,0,0,0,0,0,0,0,0,0,0,0,11,59,0,0,79,7,45,91,0,60,72,73,99,0,100,100,0,0,0,0,0
l33,10=0,0,0,0,0,0,0,0,0,0,0,0,63,0,87,0,0,50,0,0,0,64,0,94,88,99,84,0,94,26,77,100,100,0,100,0,0,0,0,0
l34,10=0,0,0,0,0,0,0,0,0,0,0,0,1,0,0,0,79,0,0,0,7,0,0,51,60,61,90,59,69,79,69,100,100,100,0,0,0,0,0,0
l35,10=0,0,0,0,0,0,0,0,0,0,0,4,12,0,0,0,1,0,0,46,42,38,56,0,0,0,0,0,0,0,0,0,0,0,0,0,88,50,78,55
l36,10=0,0,0,0,0,0,0,0,0,0,0,26,0,0,27,0,40,58,0,0,49,3,56,0,0,0,0,0,0,0,0,0,0,0,0,75,0,50,86,69
l37,10=0,0,0,0,0,0,0,0,0,0,0,0,0,0,0,0,69,0,0,43,43,36,49,0,0,0,0,0,0,0,0,0,0,0,0,67,54,0,75,65
l38,10=0,0,0,0,0,0,0,0,0,0,0,30,27,19,11,36,85,64,0,0,51,44,61,0,28,5,0,0,0,0,0,0,0,0,0,72,56,45,0,77
l39,10=0,0,0,0,0,0,0,0,0,0,0,0,0,0,0,0,71,42,0,62,48,43,54,0,0,0,0,0,0,0,0,0,0,0,0,60,55,46,82,0

l0,11=0,84,77,91,87,86,31,62,13,55,0,0,0,0,0,0,0,0,0,0,0,0,0,0,0,0,0,0,0,0,0,0,0,0,0,0,0,0,0,0
l1,11=94,0,83,61,82,89,84,86,0,59,64,30,0,0,0,0,0,0,0,0,0,0,0,0,0,0,0,0,0,0,0,0,0,0,0,0,0,0,0,0
l2,11=89,81,0,87,86,90,35,82,48,67,60,0,0,0,0,0,0,0,0,0,0,0,0,0,0,0,0,0,0,0,0,0,0,0,0,0,0,0,0,0
l3,11=94,30,79,0,87,83,35,4,0,23,45,0,0,0,0,0,0,0,0,0,0,0,0,0,0,0,0,0,0,0,0,0,0,0,0,0,0,0,0,0
l4,11=93,69,75,91,0,78,78,61,0,14,54,0,0,0,0,0,0,0,0,0,0,0,0,26,0,0,0,0,0,0,0,0,0,0,0,0,0,0,0,0
l5,11=89,80,83,87,84,0,87,88,51,83,28,0,0,1,0,0,0,0,0,0,0,0,0,0,0,0,0,0,0,0,0,0,0,0,0,0,0,0,0,0
l6,11=9,75,30,54,84,84,0,88,58,83,70,51,0,60,0,61,41,0,0,0,0,0,0,0,0,0,0,0,0,0,0,0,0,0,0,0,0,0,0,0
l7,11=75,77,74,57,81,84,85,0,69,84,85,61,55,75,0,48,0,0,0,0,0,0,0,0,0,0,0,0,0,0,0,0,0,0,0,0,0,0,0,0
l8,11=20,0,35,0,38,47,43,42,0,89,54,67,70,84,43,80,0,63,0,21,0,0,0,48,52,0,0,0,0,0,0,0,0,0,0,0,0,0,0,0
l9,11=21,18,33,62,50,59,57,88,77,0,83,72,70,79,0,74,33,0,0,0,0,69,0,9,28,0,0,0,0,0,0,0,0,0,0,0,0,0,0,0
l10,11=0,40,34,67,66,45,72,88,69,87,0,65,0,66,0,65,0,18,0,0,0,0,0,0,0,0,0,0,0,0,0,0,0,0,0,0,0,0,0,0
l11,11=0,8,0,0,0,0,40,39,35,25,47,0,78,82,76,89,73,81,0,0,2,61,57,61,77,60,0,0,0,0,0,0,0,0,0,51,0,0,21,0
l12,11=0,0,0,0,0,0,0,23,35,25,0,91,0,70,93,89,86,94,0,0,20,75,64,69,99,99,0,0,0,0,0,0,0,0,0,0,0,0,22,0
l13,11=0,0,0,0,0,15,42,49,78,71,48,83,75,0,62,85,67,74,0,6,16,65,0,49,65,61,0,0,0,0,0,0,0,0,0,0,0,0,19,0
l14,11=0,0,0,0,48,0,0,0,11,0,0,82,86,60,0,57,83,84,0,0,0,39,9,83,0,82,0,0,0,0,0,0,0,22,59,55,53,0,21,0
l15,11=0,0,0,0,0,0,40,38,36,25,49,95,85,88,55,0,79,82,0,21,20,66,52,44,0,61,0,0,0,0,0,0,0,0,0,38,51,0,22,0
l16,11=0,0,0,0,0,0,28,0,0,15,0,67,84,58,86,82,0,89,3,2,24,87,64,57,92,52,0,0,0,0,0,0,5,8,60,0,66,26,28,61
l17,11=0,0,0,0,0,0,0,0,33,11,29,90,86,73,89,86,89,0,0,0,22,80,67,60,80,0,0,0,0,0,0,0,0,0,0,0,63,0,21,23
l18,11=0,0,0,0,0,0,0,0,0,0,0,0,0,0,0,0,55,0,0,79,69,77,64,0,0,0,0,0,0,0,0,0,0,0,0,0,0,0,0,0
l19,11=0,0,0,0,0,0,0,0,21,0,0,0,0,9,0,58,26,0,35,0,83,77,76,0,0,0,39,0,0,0,0,27,0,0,0,54,51,18,12,57
l20,11=0,0,0,0,0,0,0,0,0,0,0,0,58,51,0,66,83,63,33,88,0,93,87,0,0,0,16,0,0,0,0,0,8,0,0,71,71,26,24,66
l21,11=0,0,0,0,0,0,0,0,0,22,0,57,61,51,51,57,83,70,35,88,85,0,85,0,13,0,0,0,0,0,0,0,0,0,0,41,53,22,83,69
l22,11=0,0,0,0,0,0,0,0,0,0,0,52,57,0,0,42,61,64,2,72,84,90,0,0,0,0,39,0,0,0,0,31,0,0,0,64,67,15,77,65
l23,11=0,0,0,0,14,0,0,0,14,1,0,85,87,53,90,31,73,62,0,0,0,0,0,0,99,98,0,0,0,0,0,7,19,21,0,0,0,0,0,0
l24,11=0,0,0,0,0,0,0,0,0,2,0,76,88,61,0,0,91,74,0,0,0,0,0,99,0,92,0,0,0,0,0,0,0,0,0,0,0,0,0,0
l25,11=0,0,0,0,0,0,0,0,0,0,0,50,88,20,91,38,4,0,0,0,0,0,0,99,99,0,0,0,0,0,0,36,19,82,0,0,0,0,0,0
l26,11=0,0,0,0,0,0,0,0,0,0,0,0,0,0,0,0,0,0,0,55,27,0,63,0,0,0,0,76,86,86,90,88,82,60,68,0,0,0,0,0
l27,11=0,0,0,0,0,0,0,0,0,0,0,0,0,0,0,0,0,0,0,0,0,0,0,0,0,0,67,0,81,94,93,65,1,0,34,0,0,0,0,0
l28,11=0,0,0,0,0,0,0,0,0,0,0,0,0,0,0,0,0,0,0,0,22,0,0,0,0,0,81,96,0,95,93,71,41,0,31,0,0,0,0,0
l29,11=0,0,0,0,0,0,0,0,0,0,0,0,0,0,0,0,0,0,0,0,1,0,0,0,0,0,80,96,86,0,93,79,32,34,35,0,0,0,0,0
l30,11=0,0,0,0,0,0,0,0,0,0,0,0,0,0,0,0,0,0,0,0,0,0,0,0,0,0,79,96,86,95,0,84,56,73,61,0,0,0,0,0
l31,11=0,0,0,0,0,0,0,0,0,0,0,0,0,0,0,0,0,0,0,25,0,0,43,18,0,60,81,74,76,88,81,0,94,100,100,0,0,0,0,0
l32,11=0,0,0,0,0,0,0,0,0,0,0,0,0,0,0,0,8,0,0,0,6,0,0,25,0,21,81,0,46,35,58,94,0,100,100,0,0,0,0,0
l33,11=0,0,0,0,0,0,0,0,0,0,0,0,0,0,75,0,10,0,0,0,10,0,0,77,0,96,61,0,0,72,81,100,99,0,100,0,0,0,0,0
l34,11=0,0,0,0,0,0,0,0,0,0,0,0,0,0,60,0,68,0,0,0,0,0,0,0,0,0,66,62,39,70,71,100,99,100,0,0,0,0,0,0
l35,11=0,0,0,0,0,0,0,0,0,0,0,24,0,0,34,23,0,0,0,15,18,1,70,0,0,0,0,0,0,0,0,0,0,0,0,0,90,26,22,67
l36,11=0,0,0,0,0,0,0,0,0,0,0,0,0,0,46,45,73,64,0,9,24,35,75,0,0,0,0,0,0,0,0,0,0,0,0,83,0,29,25,74
l37,11=0,0,0,0,0,0,0,0,0,0,0,0,0,0,0,0,62,0,0,15,19,62,34,0,0,0,0,0,0,0,0,0,0,0,0,72,71,0,21,68
l38,11=0,0,0,0,0,0,0,0,0,0,0,57,69,42,60,60,83,50,0,0,24,85,76,0,1,0,0,0,0,0,0,0,0,0,0,75,71,26,0,74
l39,11=0,0,0,0,0,0,0,0,0,0,0,0,0,0,0,0,68,0,0,23,22,79,69,0,0,0,0,0,0,0,0,0,0,0,0,72,84,39,83,0

l0,12=0,92,86,91,91,90,75,75,0,62,61,0,0,0,0,0,0,0,0,0,0,0,0,0,0,0,0,0,0,0,0,0,0,0,0,0,0,0,0,0
l1,12=87,0,80,88,91,88,87,82,0,48,71,51,0,0,0,0,0,0,0,0,0,0,0,0,0,0,0,0,0,0,0,0,0,0,0,0,0,0,0,0
l2,12=87,84,0,88,90,90,91,68,44,74,72,0,0,2,0,0,0,0,0,0,0,0,0,0,0,0,0,0,0,0,0,0,0,0,0,0,0,0,0,0
l3,12=87,86,84,0,91,85,0,42,0,14,53,0,0,0,0,0,0,0,0,0,0,0,0,0,0,0,0,0,0,0,0,0,0,0,0,0,0,0,0,0
l4,12=87,86,78,89,0,61,74,69,52,49,51,0,0,0,35,0,0,0,0,0,0,0,0,34,0,0,0,0,0,0,0,0,0,0,0,0,0,0,0,0
l5,12=86,86,87,86,78,0,87,84,74,86,74,0,0,41,0,0,0,0,0,0,0,0,0,15,0,0,0,0,0,0,0,0,0,0,0,0,0,0,0,0
l6,12=80,86,82,35,84,84,0,84,61,56,85,69,0,37,8,74,0,0,0,0,0,0,0,0,0,0,0,0,0,0,0,0,0,0,0,0,0,0,0,0
l7,12=75,86,57,65,86,87,87,0,80,87,91,48,37,76,0,9,0,0,0,0,0,0,0,0,0,0,0,0,0,0,0,0,0,0,0,0,0,0,0,0
l8,12=7,0,32,0,70,69,54,73,0,88,83,63,49,82,9,74,30,61,0,48,0,20,0,5,26,0,0,0,0,0,0,0,0,0,0,0,0,0,0,0
l9,12=64,21,44,39,68,87,45,84,80,0,90,62,41,79,0,41,30,18,0,0,62,66,0,0,8,0,0,0,0,0,0,0,0,0,0,0,0,0,0,0
l10,12=64,57,63,64,67,57,80,88,79,88,0,55,0,76,0,66,0,0,0,0,0,0,0,0,0,0,0,0,0,0,0,0,0,0,0,0,0,0,0,0
l11,12=0,22,0,0,0,0,57,12,45,74,73,0,51,46,56,90,39,84,0,0,62,67,64,64,53,12,0,0,0,0,0,0,0,0,0,28,43,0,34,0
l12,12=0,0,0,0,0,0,0,4,45,72,0,81,0,41,96,90,80,94,0,0,71,74,65,74,98,97,0,0,0,0,0,0,0,31,0,0,0,0,46,0
l13,12=0,0,0,0,0,54,53,51,80,85,78,80,49,0,58,87,40,74,0,0,68,61,0,73,66,11,0,0,0,0,0,0,0,0,0,0,0,0,0,0
l14,12=0,0,0,0,64,0,1,0,2,15,0,60,87,42,0,50,89,83,0,0,0,68,0,87,98,41,0,0,0,0,0,0,0,70,57,59,66,0,42,0
l15,12=0,0,0,0,0,0,57,0,46,75,75,87,83,85,58,0,43,78,0,58,64,70,1,63,72,38,0,0,0,0,0,0,0,0,0,0,0,0,40,0
l16,12=0,0,0,0,0,0,0,0,7,60,0,67,52,38,63,51,0,85,37,66,76,86,71,51,84,11,0,0,0,0,0,0,0,15,0,36,81,48,50,22
l17,12=0,0,0,0,0,0,0,0,7,57,0,77,54,42,62,54,53,0,0,57,79,86,67,69,55,0,0,0,0,0,0,0,0,26,0,0,75,0,43,0
l18,12=0,0,0,0,0,0,0,0,0,0,0,0,0,0,0,0,67,0,0,70,74,69,0,0,0,0,0,0,0,0,0,0,0,0,0,0,0,0,0,5
l19,12=0,0,0,0,0,0,0,0,27,0,0,0,0,0,0,39,38,57,63,0,88,86,79,0,0,0,36,0,50,0,0,60,36,0,0,62,0,0,32,76
l20,12=0,0,0,0,0,0,0,0,0,54,0,46,43,31,0,38,45,73,54,86,0,91,90,0,0,0,31,0,0,0,0,19,0,0,0,68,87,54,75,51
l21,12=0,0,0,0,0,0,0,0,32,60,0,56,46,35,52,45,82,81,57,87,89,0,88,0,54,0,32,0,0,0,0,0,0,0,0,63,73,55,79,51
l22,12=0,0,0,0,0,0,0,0,0,0,0,50,43,0,0,1,44,66,0,80,89,90,0,0,0,0,35,0,0,0,0,0,0,0,0,78,77,0,69,55
l23,12=0,0,0,0,69,3,0,0,0,0,0,55,52,43,69,42,16,73,0,0,0,0,0,0,95,97,0,0,0,0,0,23,30,68,0,0,0,0,0,0
l24,12=0,0,0,0,0,0,0,0,0,36,0,48,87,70,96,86,89,60,0,0,0,67,0,96,0,95,0,0,0,0,0,18,67,8,0,0,45,0,42,0
l25,12=0,0,0,0,0,0,0,0,0,0,0,43,87,23,49,74,75,0,0,0,0,0,0,100,98,0,0,0,0,0,0,71,56,79,88,0,0,0,0,0
l26,12=0,0,0,0,0,0,0,0,0,0,0,0,0,0,0,0,0,0,0,63,35,21,58,0,0,0,0,72,95,74,93,83,74,70,67,0,0,0,0,0
l27,12=0,0,0,0,0,0,0,0,0,0,0,0,0,0,0,0,0,0,0,0,0,0,0,0,0,0,72,0,85,95,98,74,0,15,20,0,0,0,0,0
l28,12=0,0,0,0,0,0,0,0,0,0,0,0,0,0,0,0,0,0,0,60,36,0,0,0,0,0,84,95,0,96,98,74,62,68,63,0,0,0,0,0
l29,12=0,0,0,0,0,0,0,0,0,0,0,0,0,0,0,0,0,0,0,0,0,0,0,0,0,0,75,95,96,0,98,79,69,70,70,0,0,0,0,0
l30,12=0,0,0,0,0,0,0,0,0,0,0,0,0,0,0,0,0,0,0,0,0,0,0,0,0,0,82,95,96,96,0,77,69,35,34,0,0,0,0,0
l31,12=0,0,0,0,0,0,0,0,0,0,0,0,0,0,0,0,0,0,0,74,63,0,0,63,51,83,84,87,89,90,98,0,95,100,100,0,0,0,0,0
l32,12=0,0,0,0,0,0,0,0,0,0,0,0,0,0,0,0,0,0,0,39,0,0,0,58,63,46,81,0,86,88,90,93,0,100,100,0,0,0,0,0
l33,12=0,0,0,0,0,0,0,0,0,0,0,0,48,0,54,0,17,13,0,0,0,0,0,58,26,76,67,36,67,66,71,99,95,0,100,0,0,0,0,0
l34,12=0,0,0,0,0,0,0,0,0,0,0,0,0,0,63,0,0,0,0,0,0,0,0,5,0,86,83,62,81,79,73,99,95,100,0,0,0,0,0,0
l35,12=0,0,0,0,0,0,0,0,0,0,0,5,0,0,17,0,12,0,0,0,66,47,73,0,0,0,0,0,0,0,0,0,0,0,0,0,89,68,49,39
l36,12=0,0,0,0,0,0,0,0,0,0,0,22,0,0,17,0,47,42,0,0,84,68,79,0,13,0,0,0,0,0,0,0,0,0,0,87,0,77,53,56
l37,12=0,0,0,0,0,0,0,0,0,0,0,0,0,0,0,0,41,0,0,0,69,58,0,0,0,0,0,0,0,0,0,0,0,0,0,84,87,0,38,53
l38,12=0,0,0,0,0,0,0,0,0,0,0,48,37,0,25,26,50,36,0,22,84,88,80,0,46,0,0,0,0,0,0,0,0,0,0,84,88,42,0,56
l39,12=0,0,0,0,0,0,0,0,0,0,0,0,0,0,0,0,38,0,0,71,72,73,77,0,0,0,0,0,0,0,0,0,0,0,0,74,87,76,49,0

l0,13=0,93,92,92,92,92,92,93,81,80,89,0,0,0,0,0,0,0,0,0,0,0,0,0,0,0,0,0,0,0,0,0,0,0,0,0,0,0,0,0
l1,13=93,0,93,97,91,92,91,93,24,36,86,0,0,0,0,0,0,0,0,0,0,0,0,0,0,0,0,0,0,0,0,0,0,0,0,0,0,0,0,0
l2,13=93,93,0,92,91,92,93,54,0,83,89,0,0,24,0,0,0,0,0,0,0,0,0,0,0,0,0,0,0,0,0,0,0,0,0,0,0,0,0,0
l3,13=93,98,92,0,93,93,90,89,0,0,82,0,0,0,0,0,0,0,0,0,0,0,0,0,2,0,0,0,0,0,0,0,0,0,0,0,0,0,0,0
l4,13=93,90,92,92,0,92,93,90,61,26,89,0,0,0,0,0,0,0,0,0,0,0,0,0,0,0,0,0,0,0,0,0,0,0,0,0,0,0,0,0
l5,13=93,93,92,92,91,0,93,56,49,91,87,0,0,46,0,0,0,0,0,0,0,0,0,0,0,0,0,0,0,0,0,0,0,0,0,0,0,0,0,0
l6,13=89,91,92,86,91,92,0,0,50,84,0,89,0,49,0,78,0,0,0,0,0,0,0,0,0,0,0,0,0,0,0,0,0,0,0,0,0,0,0,0
l7,13=52,74,59,51,82,89,29,0,88,91,90,69,12,46,0,0,0,0,0,0,0,0,0,0,0,0,0,0,0,0,0,0,0,0,0,0,0,0,0,0
l8,13=43,39,0,5,70,83,81,53,0,94,89,73,22,87,61,67,60,34,0,45,0,35,19,12,73,0,0,0,0,0,0,0,0,0,0,0,0,0,0,0
l9,13=64,48,61,0,72,88,83,91,91,0,90,76,22,86,41,81,62,36,0,0,40,39,0,0,0,0,0,0,0,0,0,0,0,0,0,0,0,0,0,0
l10,13=41,45,54,35,80,86,0,95,84,94,0,75,0,85,0,70,0,0,0,0,0,0,0,0,0,0,0,0,0,0,0,0,0,0,0,0,0,0,0,0
l11,13=0,0,0,0,0,0,77,27,25,51,75,0,59,97,54,89,76,73,0,0,47,43,44,53,66,69,0,0,0,0,0,0,0,0,0,0,12,0,72,0
l12,13=0,0,0,0,0,0,0,0,1,48,0,97,0,22,77,88,91,69,0,0,49,42,47,64,98,99,0,0,0,0,0,0,0,83,0,0,63,0,78,0
l13,13=0,0,8,0,0,77,75,28,57,93,92,97,23,0,52,89,71,49,0,30,44,42,0,54,0,75,0,0,0,0,0,0,0,0,0,0,0,0,74,0
l14,13=0,0,0,0,0,0,0,0,28,49,0,94,95,33,0,82,93,51,0,0,0,43,0,68,100,92,0,0,0,0,0,0,4,65,61,0,1,0,2,0
l15,13=0,0,0,0,0,0,76,0,23,57,75,98,60,84,53,0,93,67,0,41,47,39,0,57,88,77,0,0,0,0,0,0,0,0,0,0,73,0,75,0
l16,13=0,0,0,0,0,0,0,0,8,52,0,83,26,27,60,83,0,51,26,46,49,45,48,11,95,67,0,0,0,0,0,0,0,0,35,73,80,58,83,47
l17,13=0,0,0,0,0,0,0,0,21,51,0,95,95,32,58,87,92,0,0,49,54,53,51,45,90,0,0,0,0,0,0,0,0,79,0,2,82,0,83,0
l18,13=0,0,0,0,0,0,0,0,0,0,0,0,0,0,0,0,80,0,0,95,92,0,41,0,0,0,0,0,0,0,0,0,0,0,0,0,0,0,0,0
l19,13=0,0,0,0,0,0,0,0,28,0,0,0,0,2,0,65,75,40,47,0,96,94,93,0,0,0,28,0,0,20,0,0,0,0,0,0,59,64,73,82
l20,13=0,0,0,0,0,0,0,0,0,50,0,77,22,23,0,74,69,62,37,97,0,95,96,0,0,0,61,0,0,0,0,26,0,0,20,87,88,85,93,72
l21,13=0,0,0,0,0,0,0,0,22,51,0,87,21,29,50,69,79,58,0,97,96,0,95,0,71,0,46,0,0,0,0,0,0,15,0,73,66,0,90,71
l22,13=0,0,0,0,0,0,0,0,0,0,0,69,20,0,0,0,77,40,0,95,96,94,0,0,0,0,68,0,0,0,0,0,0,0,0,87,89,62,90,93
l23,13=0,0,0,0,0,0,0,0,0,9,0,93,36,32,96,86,7,2,0,0,0,0,0,0,95,100,0,0,0,0,0,0,0,82,11,0,0,0,0,0
l24,13=0,0,0,22,0,0,0,0,27,0,0,59,97,0,97,85,94,51,0,0,0,41,0,62,0,100,0,0,0,0,0,0,30,39,0,0,77,0,51,0
l25,13=0,0,0,0,0,0,0,0,0,0,0,50,97,26,76,86,66,0,0,0,0,0,0,100,99,0,0,0,0,19,0,38,33,100,96,0,0,0,0,0
l26,13=0,0,0,0,0,0,0,0,0,0,0,0,0,0,0,0,0,0,0,29,67,20,68,0,0,0,0,91,98,77,98,99,85,81,0,0,0,0,0,0
l27,13=0,0,0,0,0,0,0,0,0,0,0,0,0,0,0,0,0,0,0,0,0,0,0,0,0,0,84,0,92,99,100,85,69,69,65,0,0,0,0,0
l28,13=0,0,0,0,0,0,0,0,0,0,0,0,0,0,0,0,0,0,0,0,1,0,0,0,0,1,99,98,0,99,100,94,62,77,83,0,0,0,0,0
l29,13=0,0,0,0,0,0,0,0,0,0,0,0,0,0,0,0,0,0,0,18,0,0,0,0,0,2,85,98,98,0,100,86,79,72,84,0,0,0,0,0
l30,13=0,0,0,0,0,0,0,0,0,0,0,0,0,0,0,0,0,0,0,0,0,0,0,0,0,0,99,98,98,99,0,93,76,74,20,0,0,0,0,0
l31,13=0,0,0,0,0,0,0,0,0,0,0,0,0,0,0,0,0,0,0,3,76,0,0,0,0,79,99,98,98,99,100,0,100,100,100,0,0,0,0,0
l32,13=0,0,0,0,0,0,0,0,0,0,0,0,0,0,40,0,0,0,0,11,0,0,0,0,84,81,95,67,85,95,91,100,0,100,100,0,0,0,0,0
l33,13=0,0,0,0,0,0,0,0,0,0,0,0,92,0,55,0,0,54,0,0,0,8,0,67,73,100,99,79,96,85,99,100,100,0,100,0,0,0,0,0
l34,13=0,0,0,0,0,0,0,0,0,0,0,0,1,0,58,0,80,0,0,0,64,0,3,51,1,99,0,69,98,99,43,100,100,100,0,0,0,0,0,0
l35,13=0,0,0,0,0,0,0,0,0,0,0,0,0,0,0,0,61,0,0,0,51,6,51,0,0,0,0,0,0,0,0,0,0,0,0,0,92,98,86,52
l36,13=0,0,0,0,0,0,0,0,0,0,0,0,4,0,0,62,78,37,0,35,53,12,54,0,70,0,0,0,0,0,0,0,0,0,0,93,0,89,91,54
l37,13=0,0,0,0,0,0,0,0,0,0,0,0,0,0,0,0,29,0,0,38,51,0,35,0,0,0,0,0,0,0,0,0,0,0,0,92,89,0,81,48
l38,13=0,0,0,0,0,0,0,0,0,0,0,48,26,13,0,69,84,39,0,46,54,50,53,0,23,0,0,0,0,0,0,0,0,0,0,88,90,84,0,53
l39,13=0,0,0,0,0,0,0,0,0,0,0,0,0,0,0,0,71,0,0,49,51,44,57,0,0,0,0,0,0,0,0,0,0,0,0,87,87,75,85,0

l0,14=0,100,100,99,99,100,100,98,97,97,97,0,0,0,0,0,0,0,0,0,0,0,0,0,0,0,0,0,0,0,0,0,0,0,0,0,0,0,0,0
l1,14=99,0,100,99,100,100,50,0,36,0,49,0,0,31,0,0,0,0,0,0,0,0,0,0,0,0,0,0,0,0,0,0,0,0,0,0,0,0,0,0
l2,14=100,100,0,99,100,100,100,99,83,97,99,0,0,80,0,22,0,0,0,0,0,0,0,0,0,0,0,0,0,0,0,0,0,0,0,0,0,0,0,0
l3,14=100,100,99,0,100,100,100,98,0,0,98,0,0,0,0,0,0,0,0,0,0,0,0,0,0,0,0,0,0,0,0,0,0,0,0,0,0,0,0,0
l4,14=98,100,99,99,0,100,100,0,46,57,99,0,0,0,0,2,0,0,0,0,0,0,0,0,0,0,0,0,0,0,0,0,0,0,0,0,0,0,0,0
l5,14=100,100,100,99,100,0,100,99,96,98,99,0,0,72,0,80,0,0,0,0,0,0,0,0,0,0,0,0,0,0,0,0,0,0,0,0,0,0,0,0
l6,14=98,54,100,98,100,100,0,96,90,92,93,100,0,89,0,89,0,0,0,0,0,0,49,0,0,0,0,0,0,0,0,0,0,0,0,0,0,0,0,0
l7,14=98,0,99,98,14,98,100,0,99,98,100,0,0,64,0,17,96,0,0,0,0,0,0,0,0,0,0,0,0,0,0,0,0,0,0,0,0,0,0,0
l8,14=54,31,43,7,41,30,29,44,0,98,99,50,41,25,32,40,40,0,0,6,41,40,45,0,29,0,0,0,0,0,0,0,0,0,0,0,0,0,1,0
l9,14=55,0,43,20,41,89,51,99,99,0,100,57,0,100,51,95,52,39,0,0,54,42,0,43,0,0,0,0,0,0,0,0,0,0,0,0,0,0,0,0
l10,14=98,71,61,77,100,99,96,100,99,98,0,53,42,100,18,48,0,0,0,0,21,0,0,0,0,0,0,0,0,0,0,0,0,0,0,0,0,0,0,0
l11,14=0,0,0,0,0,0,85,0,34,96,48,0,97,100,99,99,97,97,0,0,70,44,65,57,0,28,0,0,0,0,0,0,0,0,0,3,26,0,40,0
l12,14=0,0,0,0,0,0,0,0,47,0,19,98,0,59,99,89,50,97,0,7,84,9,52,61,59,97,0,0,0,0,0,0,0,45,0,1,0,0,0,0
l13,14=0,74,94,0,0,60,61,82,62,97,98,100,97,0,61,98,74,94,0,1,0,97,0,20,58,67,0,0,0,0,0,0,0,0,0,0,0,0,57,0
l14,14=0,0,0,0,0,0,0,0,33,36,4,98,99,26,0,39,97,87,0,0,2,34,0,62,100,14,0,0,0,0,0,0,36,46,0,0,0,0,40,0
l15,14=0,0,0,0,5,23,47,0,63,62,52,100,89,99,60,0,97,94,0,19,83,44,0,61,59,35,0,0,0,0,0,0,0,0,0,0,1,0,56,0
l16,14=0,0,0,0,0,0,0,28,12,37,0,96,73,2,58,91,0,91,1,36,76,94,96,12,59,0,0,0,0,0,0,0,0,45,41,88,60,7,40,87
l17,14=0,0,0,0,0,0,0,0,0,39,0,98,99,61,61,98,97,0,0,44,85,98,93,60,61,29,0,0,0,0,0,0,0,0,0,43,25,0,68,0
l18,14=0,0,0,0,0,0,0,0,0,0,0,0,0,0,0,0,70,0,0,84,89,46,90,0,0,0,0,0,0,0,0,0,0,0,0,0,0,0,0,0
l19,14=0,0,0,0,0,0,0,0,1,0,0,0,80,0,0,87,86,92,54,0,97,97,95,0,0,0,0,0,0,86,0,0,0,0,0,89,59,52,60,91
l20,14=0,0,0,0,0,0,0,0,1,55,0,90,88,0,0,89,88,90,55,97,0,98,97,0,0,0,0,0,0,0,0,0,0,0,86,92,61,52,96,89
l21,14=0,0,0,0,0,0,0,0,62,55,0,89,84,55,52,89,86,91,1,97,99,0,97,0,54,0,0,0,0,0,0,0,0,0,83,87,69,51,58,94
l22,14=0,0,0,0,0,0,34,0,17,4,0,89,84,0,0,0,94,89,48,95,99,98,0,0,0,0,80,0,0,0,0,0,0,0,0,86,98,0,90,94
l23,14=0,0,0,0,0,0,0,0,0,36,0,51,90,0,99,90,26,45,0,0,0,0,0,0,33,99,0,0,0,0,0,0,47,51,40,0,0,0,0,0
l24,14=0,0,0,0,0,0,0,0,32,0,0,0,95,24,100,84,100,96,0,0,0,41,0,28,0,74,0,0,0,0,0,0,0,0,0,0,24,0,0,0
l25,14=0,0,0,0,0,0,0,0,0,0,0,50,99,29,26,42,0,44,0,0,0,0,0,100,99,0,0,0,6,0,0,0,47,95,99,0,0,0,0,0
l26,14=0,0,0,0,0,0,0,0,0,0,0,0,0,0,0,0,0,0,0,0,34,0,86,0,0,0,0,94,99,90,99,100,95,89,91,0,0,0,0,0
l27,14=0,0,0,0,0,0,0,0,0,0,0,0,0,0,0,0,0,0,0,0,0,0,0,0,0,0,84,0,97,100,100,90,90,81,4,0,0,0,0,0
l28,14=0,0,0,0,0,0,0,0,0,0,0,0,0,0,0,0,0,0,0,0,0,0,0,0,0,33,99,100,0,100,100,96,90,89,95,0,0,0,0,0
l29,14=0,0,0,0,0,0,0,0,0,0,0,0,0,0,0,0,0,0,0,76,0,0,0,0,0,0,84,100,99,0,100,89,91,0,88,0,0,0,0,0
l30,14=0,0,0,0,0,0,0,0,0,0,0,0,0,0,0,0,0,0,0,0,0,0,0,0,0,0,96,100,99,100,0,88,88,89,0,0,0,0,0,0
l31,14=0,0,0,0,0,0,0,0,0,0,0,0,0,0,0,0,0,0,0,0,0,0,0,0,0,0,99,90,98,97,90,0,100,100,99,0,0,0,0,0
l32,14=0,0,0,0,0,0,0,0,0,0,0,0,0,0,56,0,0,0,0,0,0,0,0,80,0,80,98,95,93,97,92,100,0,100,100,0,0,0,0,0
l33,14=0,0,0,0,0,0,0,0,0,0,0,0,96,0,92,0,90,0,0,0,0,0,0,92,0,97,98,90,98,0,98,100,100,0,100,0,0,0,0,0
l34,14=0,0,0,0,0,0,0,0,0,0,0,0,79,0,0,0,96,0,0,0,94,87,0,97,0,97,98,10,98,98,0,100,100,100,0,0,0,0,0,0
l35,14=0,0,0,0,0,0,0,0,0,0,0,0,48,0,0,0,84,71,0,52,80,89,92,0,0,0,0,0,0,0,0,0,0,0,0,0,99,96,92,96
l36,14=0,0,0,0,0,0,0,0,0,0,0,78,0,0,0,0,85,48,0,28,79,91,95,0,28,0,0,0,0,0,0,0,0,0,0,98,0,44,68,90
l37,14=0,0,0,0,0,0,0,0,0,0,0,0,0,0,0,0,12,0,0,25,76,78,0,0,0,0,0,0,0,0,0,0,0,0,0,94,55,0,57,88
l38,14=0,0,0,0,0,0,0,0,0,0,0,87,0,0,20,81,90,83,0,21,84,68,95,0,0,0,0,0,0,0,0,0,0,0,0,91,61,45,0,95
l39,14=0,0,0,0,0,0,0,0,0,0,0,0,0,0,0,0,86,0,0,56,78,93,93,0,0,0,0,0,0,0,0,0,0,0,0,88,58,52,61,0

l0,15=0,97,97,100,99,99,97,98,97,100,46,0,0,0,0,0,0,0,0,0,0,0,0,0,0,0,0,0,0,0,0,0,0,0,0,0,0,0,0,0
l1,15=96,0,97,99,99,97,97,96,96,99,100,0,0,66,0,0,0,0,0,0,0,0,0,0,15,0,0,0,0,0,0,0,0,0,0,0,0,0,0,0
l2,15=96,97,0,99,97,99,97,98,96,100,16,84,0,97,0,0,0,0,0,0,0,0,0,0,0,0,0,0,0,0,0,0,0,0,0,0,0,0,0,0
l3,15=99,100,97,0,99,97,78,0,0,0,98,0,0,0,0,0,0,0,0,0,0,0,0,0,0,0,0,0,0,0,0,0,0,0,0,0,0,0,0,0
l4,15=99,100,97,100,0,99,97,98,0,99,100,0,0,0,0,0,0,0,0,0,0,0,0,0,0,0,0,0,0,0,0,0,0,0,0,0,0,0,0,0
l5,15=96,97,97,99,97,0,96,98,97,100,100,0,0,97,0,79,0,0,0,0,0,0,0,0,0,0,0,0,0,0,0,0,0,0,0,0,0,0,0,0
l6,15=96,97,97,97,97,95,0,98,96,100,100,97,89,96,0,97,0,0,0,0,0,0,39,0,0,0,0,0,0,0,0,0,0,0,0,0,0,0,0,0
l7,15=93,97,98,83,97,97,97,0,98,100,100,0,0,18,13,0,95,0,0,0,0,0,0,0,0,0,0,0,0,0,0,0,0,0,0,0,0,0,0,0
l8,15=61,60,70,0,0,94,96,98,0,100,100,96,97,62,57,80,0,0,0,24,25,95,94,0,62,0,0,0,0,0,0,0,0,0,0,0,0,0,0,0
l9,15=99,41,75,0,98,99,99,98,99,0,100,99,0,100,0,99,98,12,0,0,97,98,16,35,0,0,0,0,0,0,0,0,0,0,0,0,0,0,0,0
l10,15=43,96,0,97,98,97,97,100,98,100,0,0,96,97,26,0,48,0,0,0,0,0,0,0,0,0,0,0,0,0,0,0,0,0,0,0,0,0,0,0
l11,15=0,0,1,0,4,0,99,0,97,98,2,0,100,100,61,100,98,99,0,12,65,98,98,74,64,59,0,0,0,0,0,0,0,0,0,0,97,0,98,0
l12,15=0,0,0,0,0,0,14,0,97,0,87,99,0,97,100,99,98,99,0,48,65,0,95,98,100,100,0,0,0,0,0,0,0,0,0,38,91,0,56,0
l13,15=0,46,75,0,0,97,96,3,97,100,87,100,98,0,60,100,97,99,0,4,0,46,41,74,34,58,0,0,0,0,0,0,0,0,0,0,0,0,16,0
l14,15=0,0,0,0,0,0,0,0,95,0,5,99,99,61,0,80,98,99,0,0,1,0,0,75,100,59,0,0,0,0,0,0,0,65,0,0,2,0,93,0
l15,15=0,0,0,0,0,55,95,0,97,98,0,100,98,63,61,0,98,99,0,0,65,99,0,74,64,58,0,0,0,0,0,0,0,0,0,74,0,0,99,0
l16,15=0,0,0,0,0,0,1,91,0,98,48,99,97,59,61,80,0,97,61,57,63,94,98,0,64,0,0,0,0,0,0,0,13,59,1,98,97,92,95,28
l17,15=0,0,0,0,0,0,0,0,0,98,0,99,99,63,61,82,98,0,0,61,65,99,98,75,64,59,0,0,0,0,0,0,0,64,89,0,96,10,99,0
l18,15=0,0,0,0,0,0,0,0,0,0,0,0,0,0,0,0,83,0,0,83,79,50,67,0,0,0,0,0,0,0,0,0,0,0,0,0,0,0,0,0
l19,15=0,0,0,0,0,0,0,0,7,0,0,11,75,0,0,0,77,77,55,0,100,96,96,0,0,0,40,0,0,49,0,52,0,0,0,76,80,0,73,81
l20,15=0,0,0,0,0,0,0,0,0,98,0,98,97,0,0,77,97,98,65,99,0,100,98,0,0,0,54,0,0,0,0,0,0,0,21,100,95,81,99,97
l21,15=0,0,0,0,0,0,0,0,95,98,0,96,0,20,0,75,93,97,7,99,100,0,98,0,57,0,0,0,0,0,0,0,0,0,97,88,96,95,99,98
l22,15=0,0,0,0,0,0,5,0,86,72,0,79,75,2,0,0,93,79,7,94,98,99,0,0,0,0,80,0,0,0,0,0,0,0,0,77,81,73,75,80
l23,15=0,0,0,0,0,0,0,0,0,88,0,100,99,59,100,100,0,100,0,0,0,0,0,0,100,100,0,0,0,0,0,0,62,99,0,0,0,0,0,0
l24,15=0,0,0,0,0,0,0,0,91,0,0,99,100,0,100,100,99,100,0,0,0,89,0,100,0,92,0,0,0,0,0,0,61,17,0,0,78,0,0,0
l25,15=0,0,0,0,0,0,0,0,0,0,0,98,98,60,97,81,0,98,0,0,0,0,0,99,99,0,91,0,59,0,0,63,58,58,97,0,0,0,0,0
l26,15=0,0,0,0,0,0,0,0,0,0,0,0,0,0,0,0,0,0,0,43,72,0,85,0,0,83,0,75,96,88,97,96,70,79,87,0,0,0,0,0
l27,15=0,0,0,0,0,0,0,0,0,0,0,0,0,0,0,0,0,0,0,0,0,0,0,0,0,0,88,0,96,88,97,87,70,92,87,0,0,0,0,0
l28,15=0,0,0,0,0,0,0,0,0,0,0,0,0,0,0,0,0,0,0,0,0,0,0,0,0,81,97,81,0,88,97,97,70,94,87,0,0,0,0,0
l29,15=0,0,0,0,0,0,0,0,0,0,0,0,0,0,0,0,0,0,0,91,0,0,2,0,0,2,97,81,96,0,97,89,71,93,88,0,0,0,0,0
l30,15=0,0,0,0,0,0,0,0,0,0,0,0,0,0,0,0,0,0,0,0,0,0,0,0,0,0,89,81,96,88,0,86,70,93,0,0,0,0,0,0
l31,15=0,0,0,0,0,0,0,0,0,0,0,0,0,0,0,0,0,0,0,78,0,0,0,0,0,85,97,71,96,88,94,0,82,97,97,0,0,0,0,0
l32,15=0,0,0,0,0,0,0,0,0,0,0,0,70,0,0,0,75,0,0,0,0,0,0,90,81,95,96,76,95,88,96,97,0,97,97,0,0,0,0,0
l33,15=0,0,0,0,0,0,0,0,0,0,0,0,78,0,95,0,96,95,0,0,0,0,0,97,64,91,93,75,97,95,96,98,84,0,99,0,0,0,0,0
l34,15=0,0,0,0,0,0,0,0,0,0,0,0,3,0,0,0,4,64,0,0,52,88,0,0,0,94,95,72,95,81,0,97,82,97,0,0,0,0,0,0
l35,15=0,0,0,0,0,0,0,0,0,0,0,0,60,0,0,47,69,0,0,40,54,46,74,0,0,0,0,0,0,0,0,0,0,0,0,0,97,97,95,98
l36,15=0,0,0,0,0,0,0,0,0,0,0,82,76,0,0,0,84,68,0,49,63,87,79,0,21,0,0,0,0,0,0,0,0,0,0,100,0,98,99,95
l37,15=0,0,0,0,0,0,0,0,0,0,0,0,0,0,0,0,64,0,0,0,45,76,75,0,0,0,0,0,0,0,0,0,0,0,0,99,93,0,93,96
l38,15=0,0,0,0,0,0,0,0,0,0,0,79,68,0,11,70,80,94,0,30,64,96,85,0,0,0,0,0,0,0,0,0,0,0,0,100,97,97,0,96
l39,15=0,0,0,0,0,0,0,0,0,0,0,0,0,0,0,0,3,0,0,47,62,86,77,0,0,0,0,0,0,0,0,0,0,0,0,99,89,96,95,0

