t=2016-04-13_19.09.23

n=40

q0=1
q1=1
q2=1
q3=1
q4=1
q5=1
q6=1
q7=1
q8=1
q9=1
q10=1
q11=1
q12=1
q13=1
q14=1
q15=1
q16=1
q17=1
q18=1
q19=1
q20=1
q21=1
q22=1
q23=1
q24=1
q25=1
q26=1
q27=1
q28=1
q29=1
q30=1
q31=1
q32=1
q33=1
q34=1
q35=1
q36=1
q37=1
q38=1
q39=1

a0=0x141592000c576ce6
a1=0x141592000c5aedbc
a2=0x141592000c5750f4
a3=0x141592000c576658
a4=0x141592000c575890
a5=0x141592000c574ffa
a6=0x141592000c5acf11
a7=0x141592000d9df361
a8=0x141592000c576300
a9=0x141592000c5779b6
a10=0x141592000c5762b9
a11=0x141592000c5af078
a12=0x141592000c575517
a13=0x141592000c5752c3
a14=0x141592000c5a4baa
a15=0x141592000c5776e7
a16=0x141592000c58cdeb
a17=0x141592000c5881fc
a18=0x141592000bd81d33
a19=0x141592000bd84d6a
a20=0x141592000c577233
a21=0x141592000c574527
a22=0x141592000c5746a3
a23=0x141592000c574da3
a24=0x141592000c5741c9
a25=0x141592000da244ea
a26=0x141592000c5ae886
a27=0x141592000c57510e
a28=0x141592000c5ab6c8
a29=0x141592000c574d05
a30=0x141592000edae61f
a31=0x141592000c57667e
a32=0x141592000c577f43
a33=0x141592000c576449
a34=0x1415920010f4117a
a35=0x141592000c575966
a36=0x141592000c574d35
a37=0x141592000c576fb1
a38=0x141592000c5aea5d
a39=0x141592000c59f23f

l0,0=0,94,90,97,86,86,85,70,81,84,22,0,0,0,0,0,0,0,0,0,0,0,0,0,0,0,0,0,0,0,0,0,0,0,0,0,0,0,0,0
l1,0=90,0,90,87,92,86,81,87,69,55,90,0,0,0,0,0,0,0,0,0,0,0,0,0,0,0,0,0,0,0,0,0,0,0,0,0,0,0,0,0
l2,0=83,93,0,62,86,87,91,82,57,81,87,0,0,56,0,0,0,0,0,0,0,0,0,0,0,0,0,0,0,0,0,0,0,0,0,0,0,0,0,0
l3,0=96,88,73,0,92,86,85,21,68,0,84,0,0,0,0,0,0,0,0,0,0,0,0,0,0,0,0,0,0,0,0,0,0,0,0,0,0,0,0,0
l4,0=69,87,80,89,0,80,0,0,0,68,82,0,0,51,0,0,0,0,0,0,0,0,0,0,0,0,0,0,0,0,0,0,0,0,0,0,0,0,0,0
l5,0=83,97,87,84,86,0,82,82,79,81,82,0,0,55,0,0,0,0,0,0,0,0,0,0,0,0,0,0,0,0,0,0,0,0,0,0,0,0,0,0
l6,0=74,66,90,67,0,79,0,82,80,71,81,42,0,62,0,44,55,0,0,0,0,0,0,0,0,0,0,0,0,0,0,0,0,0,0,0,0,0,0,0
l7,0=58,71,79,49,0,73,81,0,72,70,82,69,3,9,0,36,0,0,0,0,0,0,0,0,0,0,0,0,0,0,0,0,0,0,0,0,0,0,0,0
l8,0=47,55,7,27,0,42,40,59,0,88,55,80,67,88,29,57,79,56,0,1,0,64,29,50,34,0,0,0,0,0,0,0,0,0,0,0,0,0,19,0
l9,0=72,38,72,0,71,71,40,71,93,0,91,74,59,51,10,50,59,60,0,0,0,0,45,0,0,0,0,0,0,0,0,0,0,0,0,0,0,0,0,0
l10,0=16,80,87,63,70,75,81,83,67,90,0,77,58,84,0,69,49,0,0,0,0,0,0,0,0,0,0,0,0,0,0,0,0,0,0,0,0,0,0,0
l11,0=0,0,0,0,0,0,31,50,28,20,61,0,89,54,35,94,73,86,0,25,0,58,0,0,46,0,0,0,0,0,0,0,0,0,0,0,50,0,27,0
l12,0=0,0,0,0,0,0,0,0,28,17,39,83,0,77,86,94,75,99,0,0,33,59,0,80,88,65,0,0,0,0,0,0,0,74,0,0,37,0,32,0
l13,0=0,0,18,0,33,10,33,0,83,33,70,90,83,0,86,64,55,77,0,26,0,60,67,57,37,34,0,0,0,0,0,0,0,0,0,0,24,0,22,0
l14,0=0,0,0,0,0,0,0,0,28,8,2,82,85,33,0,48,79,83,0,0,32,0,0,66,50,79,0,0,0,0,0,0,0,76,0,0,42,0,24,0
l15,0=0,0,0,0,0,0,31,13,30,13,58,97,94,32,53,0,71,85,0,0,12,0,69,34,48,0,0,0,0,0,0,0,0,0,0,0,45,0,28,0
l16,0=0,0,0,0,0,0,25,0,33,14,11,78,80,14,35,45,0,94,0,28,23,72,74,44,49,0,0,0,0,0,0,0,0,55,0,38,38,0,32,69
l17,0=0,0,0,0,0,0,0,0,28,21,0,89,92,34,35,52,90,0,0,0,36,73,61,0,47,47,0,0,0,0,0,0,0,82,0,0,50,0,0,0
l18,0=0,0,0,0,0,0,0,0,0,0,0,0,0,0,0,0,0,0,0,0,76,15,82,0,0,0,0,0,0,0,0,0,0,0,0,0,0,0,0,0
l19,0=0,0,0,0,0,0,0,0,7,0,0,42,0,58,0,0,66,0,0,0,75,46,98,0,0,0,0,0,0,0,0,49,0,0,0,0,58,0,34,84
l20,0=0,0,0,0,0,0,0,0,0,0,0,0,58,0,26,1,59,53,33,57,0,80,98,0,0,0,0,0,12,0,0,0,0,0,19,1,76,34,59,96
l21,0=0,0,0,0,0,0,0,0,23,0,0,32,49,24,0,0,78,48,15,21,95,0,97,0,0,0,0,0,0,0,0,0,0,0,0,65,21,0,78,81
l22,0=0,0,0,0,0,0,0,0,12,7,0,0,0,24,1,24,71,37,21,91,95,80,0,0,14,0,34,0,0,0,0,0,39,0,0,56,95,17,61,95
l23,0=0,0,0,0,0,0,0,0,29,0,0,0,81,49,84,0,64,0,0,0,0,0,0,0,83,12,0,0,0,0,0,0,0,56,77,0,0,0,0,0
l24,0=0,0,0,0,0,0,0,0,29,0,0,79,94,30,54,60,74,80,0,0,0,0,29,81,0,48,0,0,0,0,0,0,71,82,75,0,0,0,0,0
l25,0=0,0,0,0,0,0,0,0,0,0,0,0,84,26,88,0,0,77,0,0,0,0,0,5,77,0,43,1,0,0,0,58,74,72,77,0,0,0,0,0
l26,0=0,0,0,0,0,0,0,0,0,0,0,0,0,0,0,0,0,0,0,0,0,0,61,0,0,49,0,75,81,85,92,88,67,66,69,0,0,0,0,0
l27,0=0,0,0,0,0,0,0,0,0,0,0,0,0,0,0,0,0,0,0,0,0,0,0,0,0,0,80,0,81,87,97,74,62,60,75,0,0,0,0,0
l28,0=0,0,0,0,0,0,0,0,0,0,0,0,0,0,0,0,0,0,0,39,28,0,0,0,0,0,94,98,0,87,97,83,59,62,63,0,0,0,0,0
l29,0=0,0,0,0,0,0,0,0,0,0,0,0,0,0,0,0,0,0,0,0,0,0,1,0,0,0,90,98,81,0,97,63,55,60,58,0,0,0,0,0
l30,0=0,0,0,0,0,0,0,0,0,0,0,0,0,0,0,0,0,0,0,0,0,0,0,0,0,0,83,98,81,87,0,62,70,71,0,0,0,0,0,0
l31,0=0,0,0,0,0,0,0,0,0,0,0,0,0,0,0,0,0,0,0,57,0,0,0,0,0,53,88,56,75,65,38,0,89,81,95,0,0,0,0,0
l32,0=0,0,0,0,0,0,0,0,0,0,0,0,0,0,0,0,0,0,0,0,0,0,57,7,48,55,84,55,70,54,40,84,0,85,98,0,0,0,0,0
l33,0=0,0,0,0,0,0,0,0,0,0,0,0,71,0,65,0,48,66,0,0,0,0,0,40,54,64,80,47,64,57,71,80,86,0,76,0,0,0,0,0
l34,0=0,0,0,0,0,0,0,0,0,0,0,0,0,0,0,0,0,0,0,0,38,0,20,57,51,69,75,55,63,57,0,87,95,71,0,0,0,0,0,0
l35,0=0,0,0,0,0,0,0,0,0,0,0,0,0,0,0,0,12,0,0,0,0,50,63,0,0,0,0,0,0,0,0,0,0,0,0,0,44,32,91,70
l36,0=0,0,0,0,0,0,0,0,0,0,0,60,31,14,0,20,49,46,0,21,42,9,94,0,0,0,0,0,0,0,0,0,0,0,0,72,0,31,36,91
l37,0=0,0,0,0,0,0,0,0,0,0,0,0,0,0,0,0,0,3,0,0,43,0,57,0,0,0,0,0,0,0,0,0,0,0,0,79,57,0,16,91
l38,0=0,0,0,0,0,0,0,0,19,0,0,49,79,30,3,47,82,0,0,20,46,76,94,0,0,0,0,0,0,0,0,0,0,0,0,81,66,18,0,91
l39,0=0,0,0,0,0,0,0,0,0,0,0,0,0,0,0,0,55,0,0,27,46,54,95,0,0,0,0,0,0,0,0,0,0,0,0,76,58,33,36,0

l0,1=0,71,81,83,7,81,79,39,8,75,51,0,0,0,0,0,0,0,0,0,0,0,0,0,0,0,0,0,0,0,0,0,0,0,0,0,0,0,0,0
l1,1=91,0,81,76,90,81,53,64,52,30,74,0,0,44,0,0,0,0,0,0,0,0,0,5,0,0,0,0,0,0,0,0,0,0,0,0,0,0,0,0
l2,1=88,78,0,63,72,89,86,79,22,83,81,0,0,0,0,1,0,0,0,0,0,0,0,0,0,0,0,0,0,0,0,0,0,0,0,0,0,0,0,0
l3,1=92,65,77,0,88,81,58,22,0,57,69,0,0,0,0,0,0,0,0,0,0,0,0,0,0,0,0,0,0,0,0,0,0,0,0,0,0,0,0,0
l4,1=28,66,55,77,0,80,60,41,46,74,75,0,0,42,0,0,0,0,0,0,0,0,0,0,0,0,0,0,0,0,0,0,0,0,0,0,0,0,0,0
l5,1=88,71,81,67,82,0,79,81,55,83,79,0,0,0,0,0,0,0,0,0,0,0,0,0,2,0,0,0,0,0,0,0,0,0,0,0,0,0,0,0
l6,1=30,45,75,39,59,71,0,78,52,57,72,38,1,53,0,0,14,0,0,0,0,0,0,0,0,0,0,0,0,0,0,0,0,0,0,0,0,0,0,0
l7,1=13,48,66,18,45,71,77,0,59,75,83,19,5,26,0,12,0,0,0,0,0,0,0,0,0,0,0,0,0,0,0,0,0,0,0,0,0,0,0,0
l8,1=0,18,1,0,46,50,56,70,0,87,69,45,0,70,22,43,44,30,0,0,0,44,42,36,0,0,0,0,0,0,0,0,0,0,0,0,0,0,2,0
l9,1=21,14,60,24,61,65,51,64,77,0,85,44,33,71,26,34,28,34,0,0,0,23,38,0,0,0,0,0,0,0,0,0,0,0,0,0,0,0,0,0
l10,1=22,55,70,54,73,65,73,87,57,89,0,45,0,72,0,39,5,0,0,0,0,13,0,0,0,0,0,0,0,0,0,0,0,0,0,0,0,0,0,0
l11,1=0,0,0,0,0,0,30,24,47,65,44,0,73,73,40,58,46,59,0,9,0,6,0,0,32,0,0,0,0,0,0,0,0,0,0,19,54,0,49,0
l12,1=0,0,0,0,0,0,0,0,0,36,0,71,0,64,79,60,51,77,0,0,31,29,40,71,90,37,0,0,0,0,0,0,0,0,0,0,0,0,45,0
l13,1=0,4,0,0,16,0,33,0,36,69,66,68,64,0,33,20,42,47,0,7,22,31,40,47,23,19,0,0,0,0,0,0,0,0,0,0,0,0,46,0
l14,1=0,0,0,0,0,0,0,0,20,44,0,37,87,52,0,25,59,40,0,0,32,35,0,72,42,59,0,0,0,0,0,0,0,0,0,0,16,0,0,0
l15,1=0,0,0,0,0,0,0,0,24,47,39,81,75,27,25,0,30,56,0,0,13,0,36,36,51,0,0,0,0,0,0,0,0,0,0,0,44,0,7,0
l16,1=0,0,0,0,0,0,13,0,21,23,0,13,51,38,36,12,0,59,0,3,38,44,61,46,24,7,0,0,0,0,0,0,9,14,0,30,37,0,42,47
l17,1=0,0,0,0,0,0,0,0,20,35,0,49,89,60,38,34,65,0,0,0,12,4,49,47,34,6,0,0,0,0,0,0,0,14,0,0,49,0,0,0
l18,1=0,0,0,0,0,0,0,0,0,0,0,0,0,0,0,0,0,0,0,37,64,63,66,0,0,0,0,0,0,0,0,0,0,0,0,0,0,0,0,0
l19,1=0,0,0,0,0,0,0,0,0,0,0,9,0,33,0,0,36,0,34,0,73,35,77,0,0,0,0,0,0,0,0,29,0,0,0,0,57,5,50,61
l20,1=0,0,0,0,0,0,0,0,0,0,0,0,40,33,22,15,52,36,47,52,0,73,77,0,0,0,0,0,17,0,0,0,0,0,0,44,72,54,64,62
l21,1=0,0,0,0,0,0,0,0,27,38,23,1,34,36,19,0,54,9,33,17,80,0,78,0,0,0,1,0,0,0,0,22,30,0,0,47,43,42,59,59
l22,1=0,0,0,0,0,0,0,0,21,30,0,0,36,37,0,13,54,34,44,57,77,73,0,0,3,0,30,0,0,16,0,8,26,0,0,43,69,49,59,62
l23,1=0,0,0,0,0,0,0,0,18,0,0,0,66,53,70,9,40,36,0,0,0,0,0,0,82,27,0,0,0,0,0,0,0,0,46,0,0,0,0,0
l24,1=0,0,0,0,0,0,0,0,0,0,0,30,87,39,40,32,47,50,0,0,0,0,7,76,0,35,0,0,0,0,0,0,39,24,37,0,1,0,0,0
l25,1=0,0,0,0,0,0,0,0,0,0,0,0,66,42,74,0,42,32,0,0,0,0,0,66,62,0,34,0,22,4,0,34,0,29,42,0,0,0,0,0
l26,1=0,0,0,0,0,0,0,0,0,0,0,0,0,0,0,0,0,0,0,0,0,0,47,0,0,37,0,57,69,63,75,77,78,50,54,0,0,0,0,0
l27,1=0,0,0,0,0,0,0,0,0,0,0,0,0,0,0,0,0,0,0,0,0,0,0,0,0,0,58,0,71,77,97,61,65,50,65,0,0,0,0,0
l28,1=0,0,0,0,0,0,0,0,0,0,0,0,0,0,0,0,0,0,0,5,47,0,17,0,0,35,69,89,0,82,86,76,54,44,59,0,0,0,0,0
l29,1=0,0,0,0,0,0,0,0,0,0,0,0,0,0,0,0,0,0,0,0,0,0,40,0,0,3,63,87,71,0,82,62,55,36,51,0,0,0,0,0
l30,1=0,0,0,0,0,0,0,0,0,0,0,0,0,0,0,0,0,0,0,0,0,0,0,0,0,0,60,91,70,81,0,56,55,48,0,0,0,0,0,0
l31,1=0,0,0,0,0,0,0,0,0,0,0,0,0,0,0,0,0,0,0,41,0,42,33,0,0,40,59,47,51,46,51,0,74,56,73,0,0,0,0,0
l32,1=0,0,0,0,0,0,0,0,0,0,0,0,0,0,0,0,33,0,0,0,0,35,46,0,45,0,59,56,41,47,57,73,0,57,83,0,0,0,0,0
l33,1=0,0,0,0,0,0,0,0,0,0,0,0,2,0,0,0,38,36,0,0,0,0,0,0,48,44,55,57,47,38,62,73,75,0,69,0,0,0,0,0
l34,1=0,0,0,0,0,0,0,0,0,0,0,0,0,0,25,0,11,0,0,0,36,0,0,62,39,43,53,55,51,42,0,75,84,56,0,0,0,0,0,0
l35,1=0,0,0,0,0,0,0,0,0,0,0,6,0,0,0,0,40,0,0,0,25,43,50,0,0,0,0,0,0,0,0,0,0,0,0,0,69,57,67,52
l36,1=0,0,0,0,0,0,0,0,0,0,0,19,0,1,0,10,44,34,0,6,41,8,65,0,0,0,0,0,0,0,0,0,0,0,0,57,0,55,73,58
l37,1=0,0,0,0,0,0,0,0,0,0,0,0,0,0,0,0,0,0,0,2,40,31,61,0,0,0,0,0,0,0,0,0,0,0,0,52,71,0,57,65
l38,1=0,0,0,0,0,0,0,0,1,0,0,16,43,37,0,0,36,0,0,21,44,49,67,0,0,0,0,0,0,0,0,0,0,0,0,58,75,57,0,61
l39,1=0,0,0,0,0,0,0,0,0,0,0,0,0,0,0,0,42,0,0,25,42,47,66,0,0,0,0,0,0,0,0,0,0,0,0,47,68,57,56,0

l0,2=0,73,80,79,78,80,62,0,11,63,10,0,0,0,0,0,0,0,0,0,0,0,0,0,0,0,0,0,0,0,0,0,0,0,0,0,0,0,0,0
l1,2=76,0,68,83,81,84,67,63,47,65,69,0,0,0,0,0,0,0,0,0,0,0,0,0,0,0,0,0,0,0,0,0,0,0,0,0,0,0,0,0
l2,2=68,65,0,75,72,86,73,77,0,77,68,0,0,0,0,0,0,0,0,0,0,0,0,0,0,0,0,0,0,0,0,0,0,0,0,0,0,0,0,0
l3,2=76,78,83,0,65,84,44,39,13,0,61,0,0,0,0,0,0,0,0,0,0,0,0,0,0,0,0,0,0,0,0,0,0,0,0,0,0,0,0,0
l4,2=63,73,74,69,0,79,65,64,50,70,50,0,0,0,0,0,0,0,0,0,0,0,0,0,0,0,0,0,0,0,0,0,0,0,0,0,0,0,0,0
l5,2=59,71,81,71,69,0,61,69,50,64,62,0,0,4,0,0,0,0,0,0,0,0,0,0,0,0,0,0,0,0,0,0,0,0,0,0,0,0,0,0
l6,2=40,59,78,35,61,63,0,52,28,46,60,18,20,24,0,21,0,0,0,0,0,0,0,0,0,0,0,0,0,0,0,0,0,0,0,0,0,0,0,0
l7,2=0,38,73,38,54,63,43,0,49,59,75,19,0,37,0,30,3,0,0,0,0,0,0,0,0,0,0,0,0,0,0,0,0,0,0,0,0,0,0,0
l8,2=0,35,0,0,49,41,35,62,0,78,56,30,0,68,0,52,34,40,0,0,0,30,23,0,34,13,0,0,0,0,0,0,0,0,0,0,0,0,13,0
l9,2=29,32,72,0,55,37,31,63,65,0,74,22,20,69,0,31,23,18,0,0,0,14,0,0,0,0,0,0,0,0,0,0,0,0,0,0,0,0,0,0
l10,2=0,62,70,47,47,64,59,76,54,74,0,25,0,66,0,28,0,7,0,0,0,0,0,16,0,0,0,0,0,0,0,0,0,0,0,0,0,0,0,0
l11,2=0,0,0,0,0,0,27,19,36,27,27,0,62,72,58,78,33,72,0,31,14,24,24,15,0,0,0,0,0,0,0,0,0,0,0,21,30,0,30,24
l12,2=0,0,0,0,0,0,25,0,0,29,0,68,0,53,75,75,47,81,0,0,0,29,26,54,87,61,0,0,0,0,0,0,0,0,0,0,1,0,35,0
l13,2=0,0,0,0,0,0,0,18,52,62,46,68,31,0,32,52,39,45,0,25,15,28,17,23,37,0,0,0,0,0,0,0,0,0,0,0,0,0,31,0
l14,2=0,0,0,0,0,0,0,0,4,0,0,41,75,49,0,34,45,49,0,0,26,1,0,57,54,49,0,0,0,0,0,0,0,39,0,0,0,0,35,0
l15,2=0,0,0,0,0,0,22,28,44,25,22,82,62,52,34,0,25,55,0,7,29,0,0,0,64,0,0,0,0,0,0,0,0,0,0,0,15,0,21,0
l16,2=0,0,0,0,0,0,0,0,31,10,0,30,47,51,50,18,0,67,0,26,57,34,49,19,38,27,0,0,0,0,0,0,0,35,0,43,41,24,42,40
l17,2=0,0,0,0,0,0,0,0,31,22,0,74,75,59,47,68,60,0,0,0,34,31,27,28,73,0,0,0,0,0,0,0,0,29,0,0,40,0,38,0
l18,2=0,0,0,0,0,0,0,0,0,0,0,0,0,1,0,0,0,0,0,56,65,59,54,0,0,0,0,0,0,0,0,0,0,0,0,0,0,0,0,0
l19,2=0,0,0,0,0,0,0,0,0,0,0,24,0,50,0,0,31,0,35,0,67,17,70,0,0,0,0,0,0,41,0,53,0,0,0,2,54,8,62,62
l20,2=0,0,0,0,0,0,0,0,0,0,0,0,0,46,21,42,55,22,36,62,0,60,63,0,0,0,0,0,0,0,0,0,0,0,18,60,61,45,62,61
l21,2=0,0,0,0,0,0,0,0,41,24,0,30,32,51,0,0,53,33,33,28,75,0,67,0,0,0,0,0,0,0,0,0,0,33,0,44,55,48,61,57
l22,2=0,0,0,0,0,0,0,0,37,0,0,25,38,46,0,0,55,42,37,70,71,63,0,0,0,0,0,0,0,41,0,0,0,0,0,56,62,45,51,61
l23,2=0,0,0,0,0,0,0,0,0,0,0,4,67,45,68,0,3,45,0,0,0,0,0,0,81,60,0,0,0,0,0,0,0,0,20,0,0,0,0,0
l24,2=0,0,0,0,0,0,0,0,35,0,0,0,71,52,64,65,45,65,0,0,4,0,0,60,0,69,0,0,0,0,0,0,30,46,23,0,34,0,17,0
l25,2=0,0,0,0,0,0,0,0,33,0,0,0,67,42,62,0,43,0,0,0,0,0,0,54,79,0,45,0,0,0,0,47,48,61,37,0,0,0,0,0
l26,2=0,0,0,0,0,0,0,0,0,0,0,0,0,0,0,0,0,0,0,0,0,0,0,0,0,48,0,35,84,82,79,72,64,71,49,0,0,0,0,0
l27,2=0,0,0,0,0,0,0,0,0,0,0,0,0,0,0,0,0,0,0,0,0,0,0,0,0,0,52,0,86,86,90,72,66,63,46,0,0,0,0,0
l28,2=0,0,0,0,0,0,0,0,0,0,0,0,0,0,0,0,0,0,0,31,6,0,28,0,0,0,84,81,0,87,88,75,52,72,42,0,0,0,0,0
l29,2=0,0,0,0,0,0,0,0,0,0,0,0,0,0,0,0,0,0,0,46,0,0,43,0,0,0,79,80,86,0,80,66,59,0,8,0,0,0,0,0
l30,2=0,0,0,0,0,0,0,0,0,0,0,0,0,0,0,0,0,0,0,0,0,0,0,0,0,0,83,88,85,85,0,60,61,70,31,0,0,0,0,0
l31,2=0,0,0,0,0,0,0,0,0,0,0,0,0,0,0,0,0,0,0,51,4,0,0,3,0,56,76,55,66,66,54,0,75,73,65,0,0,0,0,0
l32,2=0,0,0,0,0,0,0,0,0,0,0,0,0,0,0,0,0,0,0,0,0,0,0,0,27,57,67,48,58,65,62,72,0,73,80,0,0,0,0,0
l33,2=0,0,0,0,0,0,0,0,0,0,0,0,0,0,50,0,40,19,0,0,0,18,0,0,50,60,68,21,66,0,66,67,66,0,66,0,0,0,0,0
l34,2=0,0,0,0,0,0,0,0,0,0,0,0,0,0,2,0,0,0,0,0,46,0,0,39,46,57,68,40,65,43,53,72,80,78,0,0,0,0,0,0
l35,2=0,0,0,0,0,0,0,0,0,0,0,0,0,0,0,0,35,0,0,0,50,37,42,0,0,0,0,0,0,0,0,0,0,0,0,0,64,51,66,58
l36,2=0,0,0,0,0,0,0,0,0,0,0,33,12,0,0,10,46,47,0,47,57,39,50,0,20,0,0,0,0,0,0,0,0,0,0,68,0,59,67,52
l37,2=0,0,0,0,0,0,0,0,0,0,0,0,0,0,0,0,26,0,0,6,50,48,47,0,0,0,0,0,0,0,0,0,0,0,0,64,64,0,60,61
l38,2=0,0,0,0,0,0,0,0,4,0,0,13,32,53,29,19,38,37,0,49,71,43,38,0,0,0,0,0,0,0,0,0,0,0,0,69,65,55,0,62
l39,2=0,0,0,0,0,0,0,0,0,0,0,0,0,0,0,0,47,0,0,58,67,57,56,0,0,0,0,0,0,0,0,0,0,0,0,64,51,56,62,0

l0,3=0,86,80,85,83,84,29,35,0,69,0,0,0,0,0,0,0,0,0,0,0,0,0,0,0,0,0,0,0,0,0,0,0,0,0,0,0,0,0,0
l1,3=83,0,84,87,85,89,82,74,62,70,32,0,0,0,0,0,0,0,0,0,0,0,0,0,0,0,0,0,0,0,0,0,0,0,0,0,0,0,0,0
l2,3=83,86,0,80,81,89,86,81,66,69,82,0,0,63,0,0,0,0,0,0,0,0,0,0,0,0,0,0,0,0,0,0,0,0,0,0,0,0,0,0
l3,3=82,87,79,0,80,79,76,0,69,0,75,0,0,0,0,0,0,0,0,0,0,0,0,0,0,0,0,0,0,0,0,0,0,0,0,0,0,0,0,0
l4,3=83,87,85,86,0,81,45,0,44,66,0,0,0,0,0,0,0,0,0,0,0,0,0,0,0,0,0,0,0,0,0,0,0,0,0,0,0,0,0,0
l5,3=76,89,92,78,75,0,82,74,60,28,75,23,0,37,2,0,0,0,0,0,0,0,0,0,0,0,0,0,0,0,0,0,0,0,0,0,0,0,0,0
l6,3=38,78,93,70,64,81,0,73,62,68,83,57,54,28,0,43,59,0,0,0,0,0,0,0,0,0,0,0,0,0,0,0,0,0,0,0,0,0,0,0
l7,3=53,69,73,9,0,63,69,0,73,77,90,0,3,59,0,57,46,0,0,0,0,0,0,0,0,0,0,0,0,0,0,0,0,0,0,0,0,0,0,0
l8,3=0,25,22,20,36,23,31,71,0,82,72,58,11,84,0,71,40,32,0,0,0,37,27,14,30,5,0,0,0,0,0,0,0,0,0,0,0,0,0,0
l9,3=35,30,27,0,38,13,32,71,86,0,92,27,15,83,20,30,0,7,0,0,19,11,0,0,0,0,0,0,0,0,0,0,0,0,0,0,0,0,0,0
l10,3=0,18,83,23,0,74,82,88,82,85,0,23,7,84,13,7,0,0,0,0,0,0,0,11,18,0,0,0,0,0,0,0,0,0,0,0,0,0,12,0
l11,3=0,0,0,0,0,17,29,0,61,30,31,0,85,81,73,87,27,79,0,10,18,30,37,27,67,0,0,0,0,0,0,0,0,0,0,0,24,12,65,0
l12,3=0,0,0,0,0,0,25,0,21,22,0,86,0,40,90,86,34,96,0,21,0,32,28,83,94,89,0,0,0,0,0,0,0,31,0,18,0,0,38,0
l13,3=0,0,15,0,0,14,3,20,77,71,69,71,58,0,0,68,25,57,20,13,23,25,26,24,21,31,0,0,0,0,0,0,0,0,0,0,0,0,36,0
l14,3=0,0,0,0,0,0,0,0,0,30,10,79,94,9,0,28,33,27,0,0,27,0,0,94,88,53,0,0,0,0,0,0,0,34,0,0,0,0,39,0
l15,3=0,0,0,0,0,0,36,44,65,56,1,87,77,70,36,0,60,61,0,6,57,22,0,13,74,0,0,0,0,0,0,0,0,0,0,0,0,0,48,8
l16,3=0,0,0,0,0,0,21,12,36,0,0,23,32,33,26,28,0,77,20,3,72,44,55,12,31,36,0,0,0,0,0,0,0,34,0,19,21,33,41,30
l17,3=0,0,0,0,0,0,0,0,60,3,0,87,94,76,58,76,92,0,0,2,60,55,27,52,82,0,0,0,0,0,0,0,0,27,0,18,50,7,64,30
l18,3=0,0,0,0,0,0,0,0,0,0,0,0,0,57,0,0,47,0,0,76,74,57,71,0,0,0,0,0,0,0,0,0,0,0,0,0,0,0,0,0
l19,3=0,0,0,0,0,0,0,0,0,0,0,2,58,51,0,4,7,0,52,0,90,91,96,0,0,0,0,0,0,62,0,60,0,0,0,52,70,26,85,63
l20,3=0,0,0,0,0,0,0,0,0,30,0,17,0,53,38,62,82,47,34,86,0,92,91,0,47,0,0,0,0,0,0,0,0,0,0,80,73,85,90,78
l21,3=0,0,0,0,0,0,0,0,65,31,0,53,65,49,0,35,81,53,45,87,92,0,91,0,0,0,0,0,0,0,0,0,0,39,0,0,65,76,84,68
l22,3=0,0,0,0,0,0,0,0,43,0,0,48,46,57,0,0,80,13,39,96,98,94,0,0,0,0,0,0,0,52,0,0,0,0,0,81,50,78,67,82
l23,3=0,0,0,0,0,0,0,0,17,0,0,26,84,33,84,24,0,30,0,0,0,0,0,0,91,86,0,0,0,0,0,14,0,0,0,0,0,0,0,0
l24,3=0,0,0,0,0,0,0,0,40,0,0,52,93,28,85,76,75,73,0,0,30,0,0,93,0,87,0,0,0,0,0,0,0,37,0,0,19,0,34,0
l25,3=0,0,0,0,0,0,0,0,27,0,0,0,86,31,78,0,28,0,0,0,0,0,0,86,87,0,5,0,0,0,0,34,34,87,62,0,0,0,0,0
l26,3=0,0,0,0,0,0,0,0,0,0,0,0,0,0,0,0,0,0,0,0,15,0,0,0,0,22,0,76,100,94,92,95,90,54,84,0,0,0,0,0
l27,3=0,0,0,0,0,0,0,0,0,0,0,0,0,0,0,0,0,0,0,0,0,0,0,0,0,0,89,0,100,97,100,94,89,0,1,0,0,0,0,0
l28,3=0,0,0,0,0,0,0,0,0,0,0,0,0,0,0,0,0,0,0,26,25,0,3,0,0,0,94,98,0,97,96,95,82,92,87,0,0,0,0,0
l29,3=0,0,0,0,0,0,0,0,0,0,0,0,0,0,0,0,0,0,0,58,0,0,61,0,0,0,94,98,100,0,89,78,81,51,62,0,0,0,0,0
l30,3=0,0,0,0,0,0,0,0,0,0,0,0,0,0,0,0,0,0,0,0,0,0,0,0,0,0,94,99,92,92,0,75,85,68,0,0,0,0,0,0
l31,3=0,0,0,0,0,0,0,0,0,0,0,0,0,0,0,0,0,0,0,62,0,0,0,62,0,66,94,79,87,80,69,0,98,94,94,0,0,0,0,0
l32,3=0,0,0,0,0,0,0,0,0,0,0,0,8,0,0,0,0,0,0,0,0,0,0,0,0,81,84,74,81,81,83,98,0,92,97,0,0,0,0,0
l33,3=0,0,0,0,0,0,0,0,0,0,0,0,37,0,33,0,69,6,0,0,0,36,0,1,81,89,56,0,87,75,57,92,83,0,92,0,0,0,0,0
l34,3=0,0,0,0,0,0,0,0,0,0,0,0,0,0,15,0,0,0,0,0,47,0,0,45,0,83,81,20,83,80,29,95,98,96,0,0,0,0,0,0
l35,3=0,0,0,0,0,0,0,0,0,0,0,0,28,0,0,0,2,3,0,43,56,0,63,0,0,0,0,0,0,0,0,0,0,0,0,0,72,77,84,71
l36,3=0,0,0,0,0,0,0,0,0,0,0,48,15,0,0,0,65,46,0,66,70,62,60,0,35,0,0,0,0,0,0,0,0,0,0,90,0,81,90,71
l37,3=0,0,0,0,0,0,0,0,0,0,0,0,0,0,0,0,68,0,0,7,71,72,72,0,0,0,0,0,0,0,0,0,0,0,0,89,79,0,78,72
l38,3=0,0,0,0,0,0,0,0,0,0,0,59,58,66,68,62,66,43,0,70,89,75,62,0,52,0,0,0,0,0,0,0,0,0,0,91,82,84,0,86
l39,3=0,0,0,0,0,0,0,0,0,0,0,0,0,0,0,0,66,2,0,6,86,48,84,0,0,0,0,0,0,0,0,0,0,0,0,91,81,90,90,0

l0,4=0,85,90,92,93,76,63,71,40,75,10,0,0,0,0,0,0,0,0,0,0,0,0,0,0,0,0,0,0,0,0,0,0,0,0,0,0,0,0,0
l1,4=89,0,84,85,93,89,85,63,47,65,63,0,0,0,0,0,0,0,0,0,0,0,0,0,0,0,0,0,0,0,0,0,0,0,0,0,0,0,0,0
l2,4=84,80,0,88,89,89,85,86,50,74,78,0,0,79,0,2,0,0,0,0,0,0,0,0,0,0,0,0,0,0,0,0,0,0,0,0,0,0,0,0
l3,4=91,83,90,0,91,89,84,0,58,4,13,0,0,0,0,0,0,0,0,0,0,0,0,0,0,0,0,0,0,0,0,0,0,0,0,0,0,0,0,0
l4,4=88,85,90,91,0,89,85,64,52,67,50,0,0,5,0,0,0,0,0,0,0,0,0,0,0,0,0,0,0,0,0,0,0,0,0,0,0,0,0,0
l5,4=83,84,92,85,84,0,82,85,55,68,75,0,0,2,0,72,0,0,0,0,0,0,0,0,0,0,0,0,0,0,0,0,0,0,0,0,0,0,0,0
l6,4=64,83,90,66,82,82,0,86,45,71,85,65,62,0,0,74,55,0,0,0,0,0,0,0,0,0,0,0,0,0,0,0,0,0,0,0,0,0,0,0
l7,4=69,65,85,0,75,89,85,0,63,83,89,61,0,69,0,78,2,0,0,0,0,0,0,0,0,0,0,0,0,0,0,0,0,0,0,0,0,0,0,0
l8,4=18,54,30,64,70,63,52,63,0,83,56,62,66,91,62,74,52,69,0,0,43,65,66,0,40,0,0,0,0,0,0,0,0,0,0,0,0,0,0,0
l9,4=65,63,66,45,69,71,65,70,71,0,91,63,0,79,0,49,0,69,0,0,61,1,67,0,0,0,0,0,0,0,0,0,0,0,0,0,0,0,3,0
l10,4=37,64,80,63,71,72,75,87,54,87,0,62,68,79,65,75,0,62,0,0,0,0,0,49,0,0,0,0,0,0,0,0,0,0,0,0,0,0,0,0
l11,4=0,0,0,0,0,0,59,55,47,67,55,0,71,76,73,92,55,70,0,0,1,63,64,71,66,45,0,0,0,0,0,0,0,0,0,0,52,16,59,0
l12,4=0,0,0,0,0,0,17,0,46,0,52,74,0,78,88,80,77,84,0,0,59,0,0,76,84,79,0,0,0,0,0,0,43,49,0,24,20,0,61,0
l13,4=0,0,55,0,0,0,0,5,50,69,56,63,69,0,58,75,51,71,0,13,59,61,64,67,44,52,0,0,0,0,0,0,0,0,0,0,0,0,44,0
l14,4=0,0,0,0,0,0,0,0,47,0,52,75,88,75,0,14,58,70,0,0,69,0,20,89,92,76,0,0,0,0,0,9,0,69,65,0,7,0,61,0
l15,4=0,0,0,0,0,44,53,58,47,48,46,86,69,77,7,0,54,63,0,27,54,62,52,65,72,57,0,0,0,0,0,0,0,0,0,0,52,27,51,6
l16,4=0,0,0,0,0,0,58,0,46,0,0,68,79,78,76,77,0,80,0,75,76,73,74,69,74,66,0,0,0,0,0,0,0,0,0,62,54,41,75,51
l17,4=0,0,0,0,0,0,0,0,46,70,36,80,88,89,69,74,83,0,0,0,74,56,58,47,85,7,0,0,0,0,0,0,0,0,0,57,60,0,59,63
l18,4=0,0,0,0,0,0,0,0,0,0,0,0,0,0,0,0,0,0,0,75,3,78,89,0,0,0,0,0,0,0,0,0,0,0,0,0,0,0,0,0
l19,4=0,0,0,0,0,0,0,0,0,0,0,0,13,17,0,10,39,0,53,0,92,82,94,0,0,0,0,0,0,63,0,0,0,0,0,43,67,38,72,79
l20,4=0,0,0,0,0,0,0,0,22,56,0,0,57,73,65,66,74,65,22,93,0,87,94,0,65,0,0,0,62,0,0,0,34,0,0,51,90,66,87,70
l21,4=0,0,0,0,0,0,0,0,51,8,0,62,0,74,0,67,79,57,26,93,92,0,92,0,30,0,0,0,0,0,0,0,0,57,0,50,54,64,73,86
l22,4=0,0,0,0,0,0,0,0,40,61,0,61,0,74,18,44,65,44,27,94,97,87,0,0,0,0,65,0,0,57,0,0,0,41,0,49,89,70,87,60
l23,4=0,0,0,0,0,0,0,0,0,0,6,74,84,89,91,79,63,7,0,0,0,0,0,0,92,93,0,0,0,0,0,0,0,79,76,0,0,0,0,0
l24,4=0,0,0,0,0,0,0,0,0,0,0,60,84,0,91,87,62,79,0,0,68,15,0,93,0,80,0,0,0,0,0,0,0,76,0,0,0,0,0,0
l25,4=0,0,0,0,2,0,0,0,0,0,0,36,88,75,97,60,58,2,0,0,0,0,0,96,95,0,0,0,0,41,0,53,87,91,80,0,0,0,0,0
l26,4=0,0,0,0,0,0,0,0,0,0,0,0,0,0,0,0,0,0,0,0,0,0,84,0,0,0,0,93,100,100,100,100,98,86,98,0,0,0,0,0
l27,4=0,0,0,0,0,0,0,0,0,0,0,0,0,0,0,0,0,0,0,0,0,0,0,0,0,0,99,0,100,100,100,96,93,0,80,0,0,0,0,0
l28,4=0,0,0,0,0,0,0,0,0,0,0,0,0,0,0,0,0,0,0,0,86,0,0,0,0,0,100,100,0,100,98,95,99,94,92,0,0,0,0,0
l29,4=0,0,0,0,0,0,0,0,0,0,0,0,0,0,0,0,0,0,0,85,0,0,85,0,0,76,100,100,100,0,99,89,92,93,85,0,0,0,0,0
l30,4=0,0,0,0,0,0,0,0,0,0,0,0,0,0,0,0,0,0,0,0,0,0,0,0,0,0,99,100,99,99,0,97,93,92,0,0,0,0,0,0
l31,4=0,0,0,0,0,0,0,0,0,0,0,0,0,0,6,0,0,0,0,0,0,0,0,0,0,74,100,90,94,91,95,0,100,99,100,0,0,0,0,0
l32,4=0,0,0,0,0,0,0,0,0,0,0,0,81,0,0,0,0,0,0,0,69,0,1,0,0,91,98,89,99,98,97,100,0,100,100,0,0,0,0,0
l33,4=0,0,0,0,0,0,0,0,0,0,0,0,73,0,71,0,0,0,0,0,0,52,24,86,87,91,83,0,91,91,85,100,100,0,100,0,0,0,0,0
l34,4=0,0,0,0,0,0,0,0,0,0,0,0,0,0,89,0,0,0,0,0,1,0,0,95,12,93,100,81,100,99,0,100,100,100,0,0,0,0,0,0
l35,4=0,0,0,0,0,0,0,0,0,0,0,0,16,0,0,0,51,43,0,43,56,48,0,0,0,0,0,0,0,0,0,0,0,0,0,0,71,72,73,71
l36,4=0,0,0,0,0,0,0,0,0,0,0,49,38,0,0,58,41,60,0,64,72,57,69,0,0,0,0,0,0,0,0,0,0,0,0,68,0,82,80,70
l37,4=0,0,0,0,0,0,0,0,0,0,0,0,0,0,0,5,34,0,0,32,67,61,67,0,0,0,0,0,0,0,0,0,0,0,0,71,85,0,63,66
l38,4=0,0,0,0,0,0,0,0,0,0,0,72,65,65,68,67,68,58,0,73,92,69,85,0,0,0,0,0,0,0,0,0,0,0,0,74,82,64,0,88
l39,4=0,0,0,0,0,0,0,0,0,0,0,0,0,0,0,0,51,54,0,76,73,81,62,0,0,0,0,0,0,0,0,0,0,0,0,70,85,81,80,0

l0,5=0,95,76,68,64,75,79,0,0,78,67,0,0,0,0,0,0,0,0,0,0,0,0,0,0,0,0,0,0,0,0,0,0,0,0,0,0,0,0,0
l1,5=88,0,88,63,85,85,91,45,0,68,68,0,0,0,0,0,0,0,0,0,0,0,0,10,0,0,0,0,0,0,0,0,0,0,0,0,0,0,0,0
l2,5=68,84,0,68,74,84,84,41,9,78,78,0,0,0,0,0,0,0,0,0,0,0,0,0,0,0,0,0,0,0,0,0,0,0,0,0,0,0,0,0
l3,5=83,79,76,0,85,82,79,0,14,67,0,0,0,0,0,0,0,0,0,0,0,0,0,0,0,0,0,0,0,0,0,0,0,0,0,0,0,0,0,0
l4,5=63,93,82,82,0,83,86,72,73,0,64,0,0,56,0,0,0,0,0,0,0,0,0,0,0,0,0,0,0,0,0,0,0,0,0,0,0,0,0,0
l5,5=68,95,84,66,82,0,70,78,66,78,77,41,0,68,0,0,0,0,0,0,0,0,0,0,0,0,0,0,0,0,0,0,0,0,0,0,0,0,0,0
l6,5=65,80,77,48,74,42,0,83,65,81,81,40,0,0,0,0,31,0,0,6,0,0,0,0,0,0,0,0,0,0,0,0,0,0,0,0,0,0,0,0
l7,5=0,66,46,36,61,70,83,0,70,66,86,62,0,16,0,71,0,0,0,0,0,0,0,0,0,0,0,0,0,0,0,0,0,0,0,0,0,0,0,0
l8,5=0,0,0,10,26,35,35,57,0,81,81,50,0,83,37,71,32,27,0,0,6,51,17,14,51,0,0,0,0,0,0,0,0,0,0,0,2,0,0,0
l9,5=62,66,65,40,0,73,77,72,77,0,83,63,0,77,2,68,29,45,0,0,61,0,26,0,49,0,0,0,0,0,0,0,0,0,0,0,0,0,53,0
l10,5=62,68,67,0,62,66,71,83,75,87,0,63,10,69,65,68,0,43,0,0,0,0,0,0,0,0,0,0,0,0,0,0,0,0,0,0,0,0,0,0
l11,5=0,0,0,0,0,19,22,31,57,66,66,0,29,33,73,87,32,27,0,0,40,38,12,20,43,19,0,0,0,0,0,0,0,0,0,0,10,24,60,0
l12,5=0,0,0,0,0,0,0,0,7,1,0,54,0,28,85,72,54,86,0,0,42,0,0,41,63,68,0,0,0,0,0,0,28,10,0,5,9,0,41,0
l13,5=0,0,0,0,11,32,0,0,68,66,53,58,36,0,66,73,29,43,0,31,47,0,17,23,32,6,0,0,0,0,0,0,0,0,0,1,0,0,0,0
l14,5=0,0,0,0,10,0,0,0,38,0,43,32,79,29,0,60,31,25,0,0,57,0,11,50,67,46,0,0,0,0,0,18,0,39,26,0,0,0,47,0
l15,5=0,0,0,0,1,0,0,36,47,51,53,77,38,66,58,0,24,21,0,0,18,44,14,21,58,22,0,0,0,0,0,0,0,0,0,0,11,0,51,22
l16,5=0,0,0,0,0,0,15,0,37,41,0,21,27,26,62,37,0,29,0,45,64,44,17,0,35,16,0,0,0,0,0,8,0,0,0,13,8,27,61,24
l17,5=0,0,0,0,0,0,0,0,44,57,29,34,79,36,75,65,55,0,0,0,76,37,12,0,58,24,0,0,0,0,0,0,0,4,0,9,16,2,0,1
l18,5=0,0,0,0,0,0,0,0,0,0,0,0,0,0,0,0,0,0,0,0,0,63,41,0,0,0,0,0,0,0,0,0,0,0,0,0,0,0,0,0
l19,5=0,0,0,0,0,0,0,0,0,0,0,0,0,14,0,0,24,0,0,0,83,71,67,0,0,0,5,0,0,14,0,0,0,0,0,0,26,0,27,47
l20,5=0,0,0,0,0,0,0,0,4,20,0,3,11,12,43,0,38,36,0,82,0,72,68,0,15,0,0,0,9,0,0,0,22,0,0,17,34,42,72,39
l21,5=0,0,0,0,0,0,0,0,38,0,0,4,0,1,0,35,33,13,29,72,80,0,52,0,18,0,0,0,0,0,0,0,0,0,0,23,27,39,49,56
l22,5=0,0,0,0,0,0,0,0,44,41,0,3,5,26,25,43,27,4,25,84,84,65,0,0,0,0,15,0,0,7,0,0,0,0,0,3,26,50,73,49
l23,5=0,0,0,0,0,0,0,0,33,0,0,46,67,61,75,57,4,0,0,0,0,0,0,0,66,70,0,0,0,0,0,0,0,42,52,0,0,0,0,0
l24,5=0,0,0,0,0,0,0,0,46,50,0,39,79,19,85,66,60,71,0,0,52,38,0,75,0,66,0,0,0,0,0,0,0,41,26,0,1,0,0,0
l25,5=0,0,0,0,0,0,0,0,0,0,0,16,71,23,76,53,21,22,0,0,0,0,0,74,57,0,0,0,0,28,0,0,47,50,38,0,0,0,0,0
l26,5=0,0,0,0,0,0,0,0,0,0,0,0,0,0,0,0,0,0,0,18,1,0,33,0,0,0,0,65,87,89,75,76,78,46,64,0,0,0,0,0
l27,5=0,0,0,0,0,0,0,0,0,0,0,0,0,0,0,0,0,0,0,0,0,0,0,0,0,0,69,0,87,80,91,59,70,0,0,0,0,0,0,0
l28,5=0,0,0,0,0,0,0,0,0,0,0,0,0,0,0,0,0,0,0,0,46,0,0,0,0,0,79,92,0,89,88,52,66,58,60,0,0,0,0,0
l29,5=0,0,0,0,0,0,0,0,0,0,0,0,0,0,0,0,0,0,0,47,0,0,25,0,0,28,78,91,87,0,88,43,66,53,58,0,0,0,0,0
l30,5=0,0,0,0,0,0,0,0,0,0,0,0,0,0,0,0,0,0,0,0,0,0,0,0,0,0,75,92,87,85,0,56,0,57,0,0,0,0,0,0
l31,5=0,0,0,0,0,0,0,0,0,0,0,0,0,0,22,0,15,0,0,0,0,0,0,0,0,0,72,51,56,32,55,0,80,73,77,0,0,0,0,0
l32,5=0,0,0,0,0,0,0,0,0,0,0,0,33,0,0,0,0,0,0,0,51,0,0,15,0,59,70,45,63,55,10,82,0,67,88,0,0,0,0,0
l33,5=0,0,0,0,0,0,0,0,0,0,0,0,18,0,63,0,0,0,0,0,0,0,0,62,47,60,55,0,58,53,59,64,53,0,72,0,0,0,0,0
l34,5=0,0,0,0,0,0,0,0,0,0,0,0,9,0,55,0,11,0,0,0,12,0,0,63,33,55,58,0,59,48,0,79,83,83,0,0,0,0,0,0
l35,5=0,0,0,0,0,0,0,0,0,0,0,0,9,4,0,0,14,5,0,0,34,33,4,0,0,0,0,0,0,0,0,0,0,0,0,0,13,29,47,47
l36,5=0,0,0,0,0,0,0,0,4,0,0,9,12,3,0,34,17,13,0,39,61,40,18,0,1,0,0,0,0,0,0,0,0,0,0,18,0,66,73,62
l37,5=0,0,0,0,0,0,0,0,0,0,0,3,0,0,0,0,13,0,0,0,44,36,14,0,0,0,0,0,0,0,0,0,0,0,0,7,53,0,51,47
l38,5=0,0,0,0,0,0,0,0,0,20,0,19,12,0,47,40,31,2,0,17,74,43,19,0,0,0,0,0,0,0,0,0,0,0,0,21,33,59,0,60
l39,5=0,0,0,0,0,0,0,0,0,0,0,0,0,0,0,18,14,0,0,39,56,51,15,0,0,0,0,0,0,0,0,0,0,0,0,13,36,47,72,0

l0,6=0,90,79,64,91,83,54,5,0,63,69,0,0,0,0,0,0,0,0,0,0,0,0,0,0,0,0,0,0,0,0,0,0,0,0,0,0,0,0,0
l1,6=87,0,83,70,92,84,56,23,0,73,63,0,0,0,0,0,0,0,0,0,0,0,0,22,0,0,0,0,0,0,0,0,0,0,0,0,0,0,0,0
l2,6=75,84,0,58,88,83,55,62,70,77,74,0,0,58,0,0,0,0,0,0,0,0,0,0,0,0,0,0,0,0,0,0,0,0,0,0,0,0,0,0
l3,6=63,83,58,0,94,84,53,0,0,57,0,0,0,0,0,0,0,0,0,0,0,0,0,0,0,0,0,0,0,0,0,0,0,0,0,0,0,0,0,0
l4,6=86,89,90,81,0,90,54,31,65,0,62,0,0,0,9,0,0,0,0,0,0,0,0,29,0,0,0,0,0,0,0,0,0,0,0,0,0,0,0,0
l5,6=79,79,79,66,83,0,50,72,74,75,75,0,0,53,0,0,0,0,0,0,0,0,0,0,0,0,0,0,0,0,0,0,0,0,0,0,0,0,0,0
l6,6=67,80,70,57,73,58,0,73,66,78,74,56,0,25,0,0,44,0,0,0,0,0,0,0,0,0,0,0,0,0,0,0,0,0,0,0,0,0,0,0
l7,6=16,30,48,3,58,78,60,0,77,75,81,42,0,0,0,54,0,0,0,0,0,0,0,0,0,0,0,0,0,0,0,0,0,0,0,0,0,0,0,0
l8,6=0,0,38,0,61,51,36,62,0,75,75,67,54,76,25,47,50,59,0,0,40,35,33,22,30,7,0,0,0,0,0,0,0,0,0,0,0,0,0,0
l9,6=25,47,65,31,0,76,54,70,83,0,78,51,47,75,34,55,33,24,0,0,4,0,13,0,2,0,0,0,0,0,0,0,0,0,0,0,0,0,6,0
l10,6=38,38,68,0,61,71,56,76,77,81,0,60,0,61,0,50,43,0,0,0,0,0,0,0,0,0,0,0,0,0,0,0,0,0,0,0,0,0,0,0
l11,6=0,0,0,0,0,0,23,27,61,31,30,0,65,59,50,70,43,39,0,0,18,0,0,15,35,20,0,0,0,0,0,0,0,0,0,0,28,27,30,0
l12,6=0,0,0,0,0,0,0,0,32,8,0,55,0,30,66,56,64,45,0,0,32,0,10,35,71,65,0,0,0,0,0,0,0,27,5,0,28,0,11,0
l13,6=0,0,0,0,0,29,0,0,77,50,10,36,44,0,44,62,31,42,0,16,27,0,20,28,35,0,0,0,0,0,0,0,0,0,0,26,25,0,11,0
l14,6=0,0,0,0,0,0,0,0,29,10,0,33,65,51,0,34,23,40,0,0,34,0,23,64,59,56,0,0,0,0,0,0,0,27,0,0,0,0,19,0
l15,6=0,0,0,0,0,0,0,36,37,20,10,72,61,61,45,0,48,44,0,0,7,30,22,35,38,22,0,0,0,0,0,0,0,0,0,2,29,0,28,0
l16,6=0,0,0,0,0,0,16,0,34,6,2,15,66,18,14,40,0,46,10,12,0,31,30,7,29,18,0,0,0,0,0,0,0,0,0,36,30,23,30,3
l17,6=0,0,0,0,0,0,0,0,42,5,0,35,63,57,55,53,60,0,0,0,46,31,14,0,39,21,0,0,0,0,0,0,0,14,0,0,34,7,16,0
l18,6=0,0,0,0,0,0,0,0,0,0,0,0,0,1,0,0,35,0,0,43,0,33,0,0,0,0,0,0,0,0,0,0,0,0,0,0,0,0,0,0
l19,6=0,0,0,0,0,0,0,0,0,0,0,0,0,20,0,0,28,0,20,0,64,41,66,0,0,0,0,0,0,0,1,12,0,0,0,31,30,0,23,14
l20,6=0,0,0,0,0,0,0,0,23,0,0,0,19,15,23,0,0,40,0,60,0,58,66,0,0,0,0,0,0,0,0,14,0,2,0,5,39,30,37,17
l21,6=0,0,0,0,0,0,0,0,27,0,0,0,18,0,0,30,30,24,16,48,64,0,61,0,0,0,0,0,0,0,0,0,0,0,0,36,28,31,28,18
l22,6=0,0,0,0,0,0,0,0,29,9,0,0,18,22,23,27,37,20,0,65,66,50,0,0,0,0,18,0,0,0,0,0,0,0,0,33,45,23,35,21
l23,6=0,1,0,0,19,0,0,0,0,0,0,19,51,41,51,38,35,0,0,0,0,0,0,0,68,67,0,0,0,0,0,23,12,45,30,0,0,0,0,0
l24,6=0,0,0,0,0,0,0,0,39,0,0,46,69,49,54,46,50,51,0,0,13,0,0,72,0,56,0,0,0,0,0,0,0,44,11,0,4,0,2,0
l25,6=0,0,0,0,0,0,0,0,18,0,0,15,64,0,58,17,25,20,0,0,0,0,0,73,66,0,0,0,0,0,0,0,33,56,0,0,0,0,0,0
l26,6=0,0,0,0,0,0,0,0,0,0,0,0,0,0,0,0,0,0,0,0,15,0,29,0,0,0,0,58,85,69,63,50,63,40,33,0,0,0,0,0
l27,6=0,0,0,0,0,0,0,0,0,0,0,0,0,0,0,0,0,0,0,0,0,0,0,0,0,0,65,0,81,77,85,36,46,0,0,0,0,0,0,0
l28,6=0,0,0,0,0,0,0,0,0,0,0,0,0,0,0,0,0,0,0,0,23,0,0,0,0,0,69,83,0,81,80,51,63,65,45,0,0,0,0,0
l29,6=0,0,0,0,0,0,0,0,0,0,0,0,0,0,0,0,0,0,0,0,0,0,0,0,0,0,65,79,85,0,39,32,52,50,27,0,0,0,0,0
l30,6=0,0,0,0,0,0,0,0,0,0,0,0,0,0,0,0,0,0,0,0,0,0,0,0,0,0,65,88,81,41,0,36,0,0,31,0,0,0,0,0
l31,6=0,0,0,0,0,0,0,0,0,0,0,0,0,0,0,0,0,0,0,15,25,0,0,36,0,0,65,22,50,38,42,0,80,62,51,0,0,0,0,0
l32,6=0,0,0,0,0,0,0,0,0,0,0,0,1,0,0,0,0,0,0,0,0,0,0,18,0,41,62,28,47,39,0,63,0,75,72,0,0,0,0,0
l33,6=0,0,0,0,0,0,0,0,0,0,0,0,42,0,40,0,0,33,0,0,22,0,0,56,46,53,36,0,50,42,25,48,70,0,52,0,0,0,0,0
l34,6=0,0,0,0,0,0,0,0,0,0,0,0,21,0,2,0,21,0,0,0,0,0,0,50,31,0,41,0,38,31,38,50,84,69,0,0,0,0,0,0
l35,6=0,0,0,0,0,0,0,0,0,0,0,0,0,17,0,0,32,0,0,15,3,39,25,0,0,0,0,0,0,0,0,0,0,0,0,0,39,47,32,21
l36,6=0,0,0,0,0,0,0,0,0,0,0,2,14,12,0,11,30,15,0,18,46,36,40,0,0,0,0,0,0,0,0,0,0,0,0,41,0,53,45,27
l37,6=0,0,0,0,0,0,0,0,0,0,0,1,0,0,0,0,5,0,0,0,35,32,7,0,0,0,0,0,0,0,0,0,0,0,0,47,56,0,31,13
l38,6=0,0,0,0,0,0,0,0,0,0,0,8,18,10,26,33,41,28,0,21,51,40,37,0,0,0,0,0,0,0,0,0,0,0,0,45,54,37,0,23
l39,6=0,0,0,0,0,0,0,0,0,0,0,0,0,0,0,0,25,0,0,22,40,38,35,0,0,0,0,0,0,0,0,0,0,0,0,36,54,30,39,0

l0,7=0,97,87,92,92,96,85,67,60,62,78,0,0,0,0,0,0,0,0,0,0,0,0,0,0,0,0,0,0,0,0,0,0,0,0,0,0,0,0,0
l1,7=98,0,87,92,89,93,84,78,23,51,60,0,0,62,0,0,0,0,0,0,0,0,0,0,0,0,0,0,0,0,0,0,0,0,0,0,0,0,0,0
l2,7=86,91,0,92,89,89,84,19,68,78,72,0,0,0,0,0,0,0,0,0,0,0,0,0,0,0,0,0,0,0,0,0,0,0,0,0,0,0,0,0
l3,7=79,91,83,0,91,89,78,38,0,33,69,0,0,0,0,0,0,0,0,0,0,0,0,0,0,0,0,0,0,0,0,0,0,0,0,0,0,0,0,0
l4,7=95,94,88,96,0,96,83,70,58,0,67,0,0,49,0,0,0,0,0,0,0,0,0,0,0,0,0,0,0,0,0,0,0,0,0,0,0,0,0,0
l5,7=91,94,84,92,92,0,46,93,79,86,82,0,1,64,0,0,0,0,0,0,0,0,0,0,0,0,0,0,0,0,0,0,0,0,0,0,0,0,0,0
l6,7=82,92,86,86,90,29,0,91,0,84,80,36,0,60,0,0,10,0,0,0,0,0,0,0,0,0,0,0,0,0,0,0,0,0,0,0,0,0,0,0
l7,7=46,72,24,34,60,91,89,0,68,88,83,6,13,58,0,55,0,0,0,0,0,0,0,0,0,0,0,0,0,0,0,0,0,0,0,0,0,0,0,0
l8,7=42,18,26,0,48,24,0,42,0,82,80,76,60,78,47,53,14,21,0,2,0,3,34,0,2,0,0,0,0,0,0,0,0,0,0,0,0,0,0,0
l9,7=35,44,44,25,0,51,84,91,85,0,80,69,49,76,19,56,7,9,0,0,5,0,1,21,17,2,0,0,0,0,0,0,0,0,0,0,0,0,27,0
l10,7=52,52,34,47,62,76,70,92,85,82,0,68,0,16,0,68,37,0,0,0,0,0,0,0,0,0,0,0,0,0,0,0,0,0,0,0,0,0,0,0
l11,7=0,0,0,0,0,0,6,0,65,57,58,0,79,63,51,85,17,19,0,0,23,11,24,5,9,3,0,0,0,0,0,0,0,0,0,8,2,0,47,7
l12,7=0,0,0,0,0,0,0,0,23,25,0,77,0,31,70,57,34,23,0,3,28,0,0,51,84,50,0,0,0,0,0,0,0,31,4,0,0,0,23,0
l13,7=0,35,0,0,23,12,8,21,92,81,0,68,45,0,53,57,12,20,0,1,14,1,17,7,33,7,0,0,0,0,0,0,0,0,0,7,27,0,24,0
l14,7=0,0,0,0,0,0,0,0,22,22,0,41,65,38,0,25,14,40,0,0,28,29,29,63,23,31,0,0,0,0,0,0,0,30,0,0,0,0,24,0
l15,7=0,0,0,0,0,0,0,25,53,57,54,86,70,61,50,0,6,20,0,10,30,39,29,40,5,8,0,0,0,0,0,0,0,0,0,0,23,24,40,0
l16,7=0,0,0,0,0,0,3,0,20,17,19,45,63,32,39,21,0,21,38,0,36,45,39,19,27,5,0,0,0,0,0,16,8,0,0,20,46,31,44,2
l17,7=0,0,0,0,0,0,0,0,32,12,1,48,61,51,60,31,19,0,0,16,37,32,1,0,33,0,0,0,0,0,0,0,0,31,0,2,40,0,37,1
l18,7=0,0,0,0,0,0,0,0,0,0,0,0,0,0,0,0,35,0,0,49,49,37,0,0,0,0,0,0,0,0,0,0,0,0,0,0,0,0,0,0
l19,7=0,0,0,0,0,0,0,0,0,0,0,0,10,5,0,4,0,8,38,0,69,46,59,0,0,0,0,0,0,0,0,35,0,0,0,25,0,0,14,0
l20,7=0,0,0,0,0,0,0,0,1,19,0,9,16,22,25,18,25,15,36,61,0,61,60,0,0,0,3,0,7,9,0,0,0,0,0,29,59,30,37,8
l21,7=0,0,0,0,0,0,0,0,3,14,0,11,20,5,29,22,28,12,36,52,71,0,59,0,2,0,0,0,0,0,0,0,0,0,0,47,45,0,37,31
l22,7=0,0,0,0,0,0,0,0,16,14,0,17,0,33,20,24,24,2,0,60,72,65,0,0,0,0,0,0,0,1,0,0,0,0,0,27,66,0,45,42
l23,7=0,0,0,0,0,0,0,0,0,18,0,0,52,12,53,30,14,0,0,0,0,0,0,0,85,77,0,0,0,0,0,0,23,17,26,0,0,0,0,0
l24,7=0,0,0,0,0,0,0,0,0,28,0,38,86,43,33,11,20,28,0,0,12,3,0,86,0,62,0,0,0,0,0,0,0,33,15,0,9,0,0,0
l25,7=0,0,0,0,1,0,0,0,7,19,0,25,75,27,51,25,18,0,0,0,0,0,0,80,79,0,0,0,0,9,0,3,34,36,0,0,0,0,17,0
l26,7=0,0,0,0,0,0,0,0,0,0,0,0,0,0,0,0,0,0,0,6,28,0,0,0,0,0,0,55,77,78,60,60,70,45,54,0,0,0,0,0
l27,7=0,0,0,0,0,0,0,0,0,0,0,0,0,0,0,0,0,0,0,0,0,0,0,0,0,0,67,0,74,79,84,37,52,0,1,0,0,0,0,0
l28,7=0,0,0,0,0,0,0,0,0,0,0,0,0,0,0,0,0,0,0,0,35,0,19,0,0,0,77,79,0,83,81,56,37,57,47,0,0,0,0,0
l29,7=0,0,0,0,0,0,0,0,0,0,0,0,0,0,0,0,0,0,0,0,36,0,1,0,0,13,70,80,77,0,81,47,43,40,20,0,0,0,0,0
l30,7=0,0,0,0,0,0,0,0,0,0,0,0,0,0,0,0,0,0,0,0,0,0,0,0,0,0,67,83,74,78,0,48,43,20,50,0,0,0,0,0
l31,7=0,0,0,0,0,0,0,0,0,0,0,0,0,0,0,0,10,0,0,36,0,0,0,0,0,0,75,21,49,42,41,0,75,82,82,0,0,0,0,0
l32,7=0,0,0,0,0,0,0,0,0,0,0,0,0,0,0,0,7,0,0,0,0,0,0,25,0,26,69,36,38,54,43,63,0,77,84,0,0,0,0,0
l33,7=0,0,0,0,0,0,0,0,0,0,0,0,44,0,32,0,0,31,0,0,3,0,0,43,47,43,53,0,61,45,40,63,72,0,71,0,0,0,0,0
l34,7=0,0,0,0,0,0,0,0,0,0,0,0,26,0,0,0,0,0,0,0,0,0,0,59,36,0,49,14,42,31,43,62,80,54,0,0,0,0,0,0
l35,7=0,0,0,0,0,0,0,0,0,0,0,0,0,14,0,0,13,0,0,36,35,45,36,0,0,0,0,0,0,0,0,0,0,0,0,0,68,53,35,12
l36,7=0,0,0,0,0,0,0,0,0,0,0,0,1,17,0,6,25,9,0,0,50,42,48,0,0,0,0,0,0,0,0,0,0,0,0,62,0,50,35,31
l37,7=0,0,0,0,0,0,0,0,0,0,0,0,0,0,0,2,10,0,0,0,21,0,1,0,0,0,0,0,0,0,0,0,0,0,0,60,61,0,11,12
l38,7=0,0,0,0,0,0,0,0,0,16,0,37,16,40,31,35,16,16,0,34,54,48,47,0,0,0,0,0,0,0,0,0,0,0,0,23,70,38,0,23
l39,7=0,0,0,0,0,0,0,0,0,0,0,0,0,0,0,0,0,0,0,0,34,47,44,0,0,0,0,0,0,0,0,0,0,0,0,22,68,40,32,0

l0,8=0,95,94,74,92,98,90,81,8,85,85,0,0,37,0,0,0,0,0,0,0,0,0,0,0,0,0,0,0,0,0,0,0,0,0,0,0,0,0,0
l1,8=98,0,94,95,94,99,94,94,62,92,0,0,0,37,0,0,0,0,0,0,0,0,0,27,0,0,0,0,0,0,0,0,0,0,0,0,0,0,0,0
l2,8=95,95,0,85,84,98,86,93,5,22,89,0,0,1,0,0,0,0,0,0,0,0,0,0,0,0,0,0,0,0,0,0,0,0,0,0,0,0,0,0
l3,8=83,90,88,0,94,93,71,88,0,25,4,0,0,0,0,0,0,0,0,0,0,0,0,0,5,0,0,0,0,0,0,0,0,0,0,0,0,0,0,0
l4,8=94,94,88,95,0,96,93,84,82,0,66,0,0,80,12,0,0,0,0,0,0,0,0,37,38,0,0,0,0,0,0,0,0,0,0,0,0,0,0,0
l5,8=95,95,94,95,89,0,85,95,84,82,93,61,0,74,0,0,0,0,0,0,0,0,0,0,0,0,0,0,0,0,0,0,0,0,0,0,0,0,0,0
l6,8=91,88,85,83,89,87,0,89,66,92,88,0,0,27,0,2,70,0,0,0,0,0,0,0,0,0,0,0,0,0,0,0,0,0,0,0,0,0,0,0
l7,8=89,86,85,77,78,83,81,0,74,99,96,30,0,81,0,0,28,41,0,0,0,0,0,0,0,0,0,0,0,0,0,0,0,0,0,0,0,0,0,0
l8,8=0,26,0,0,75,78,61,75,0,96,84,84,0,93,64,77,0,70,0,50,0,0,45,0,4,0,0,0,0,0,0,0,0,0,0,0,0,0,0,0
l9,8=78,68,0,37,0,63,74,80,80,0,95,69,38,79,0,79,49,58,0,0,0,27,3,52,64,0,0,0,0,0,0,0,0,0,0,0,0,0,45,0
l10,8=82,0,82,38,45,82,73,85,74,96,0,62,0,75,0,75,0,0,0,0,0,0,0,0,0,0,0,0,0,0,0,0,0,0,0,0,0,0,0,0
l11,8=0,0,0,0,0,24,0,5,73,55,38,0,96,52,67,97,78,82,0,0,30,19,15,38,71,42,0,0,0,0,0,0,0,0,0,13,27,0,25,0
l12,8=0,0,0,0,0,0,0,0,0,25,0,64,0,2,89,92,86,74,0,0,40,4,0,67,97,86,0,0,0,0,0,0,0,38,1,7,27,0,35,0
l13,8=32,5,0,0,30,24,2,68,86,90,52,32,12,0,67,79,55,49,0,0,30,23,0,46,69,58,0,0,0,0,0,0,0,0,0,2,29,0,47,0
l14,8=0,0,0,0,0,0,0,0,53,2,0,38,95,60,0,72,61,85,0,0,47,24,18,66,84,52,0,0,0,0,0,0,0,0,0,0,24,0,0,0
l15,8=0,0,0,0,0,0,0,0,69,82,60,99,50,75,72,0,73,80,0,0,70,30,22,57,60,23,0,0,0,0,0,0,0,0,0,0,25,0,56,0
l16,8=0,0,0,0,0,0,17,0,0,12,1,44,52,27,52,71,0,56,32,52,76,22,35,23,81,15,0,0,0,0,0,14,0,0,10,6,30,22,27,26
l17,8=0,0,0,0,0,0,0,10,43,15,0,48,52,55,81,88,76,0,0,57,69,4,7,8,70,0,0,0,0,0,0,0,0,45,0,0,6,0,58,11
l18,8=0,0,0,0,0,0,0,0,0,0,0,0,0,0,0,0,68,0,0,78,80,51,0,0,0,0,0,0,0,0,0,0,0,0,0,0,0,0,0,0
l19,8=0,0,0,0,0,0,0,0,10,0,0,0,1,0,0,0,61,49,45,0,90,53,61,0,0,0,0,0,0,0,0,51,0,0,0,51,38,0,25,23
l20,8=0,0,0,0,0,0,0,0,0,0,0,10,21,20,27,39,61,43,38,97,0,86,95,0,1,0,4,0,0,0,0,0,0,1,0,24,53,28,47,28
l21,8=0,0,0,0,0,0,0,0,0,20,0,20,17,25,36,41,58,13,38,68,91,0,95,0,0,0,0,0,0,0,0,14,0,31,0,38,40,29,47,39
l22,8=0,0,0,0,0,0,0,0,20,12,0,19,0,0,31,40,60,40,0,89,91,87,0,0,0,0,1,0,16,26,0,0,0,0,0,68,69,14,42,27
l23,8=0,0,0,0,0,0,0,0,0,62,0,35,92,56,88,70,68,21,0,0,0,0,0,0,97,90,0,0,0,0,0,0,54,54,43,0,0,0,0,0
l24,8=0,0,0,21,13,0,0,0,0,45,0,38,99,66,87,66,89,66,0,0,2,0,0,94,0,86,0,0,0,0,0,3,0,43,27,0,11,0,0,0
l25,8=0,0,0,0,0,0,0,0,0,0,0,42,99,63,64,65,56,0,0,0,0,0,0,94,90,0,0,0,0,39,0,8,60,62,39,0,0,0,14,0
l26,8=0,0,0,0,0,0,0,0,0,0,0,0,0,0,0,0,0,0,0,0,52,0,6,0,0,0,0,87,89,94,89,92,84,81,77,0,0,0,0,0
l27,8=0,0,0,0,0,0,0,0,0,0,0,0,0,0,0,0,0,0,0,0,0,0,0,0,0,0,87,0,89,94,96,0,71,0,70,0,0,0,0,0
l28,8=0,0,0,0,0,0,0,0,0,0,0,0,0,0,0,0,0,0,0,0,56,0,36,0,0,0,93,91,0,94,96,91,54,79,65,0,0,0,0,0
l29,8=0,0,0,0,0,0,0,0,0,0,0,0,0,0,0,0,0,0,0,0,13,0,48,0,0,35,93,91,89,0,96,91,50,68,67,0,0,0,0,0
l30,8=0,0,0,0,0,0,0,0,0,0,0,0,0,0,0,0,0,0,0,0,0,0,0,0,0,0,87,91,89,94,0,73,74,71,0,0,0,0,0,0
l31,8=0,0,0,0,0,0,0,0,0,0,0,0,0,0,0,0,64,0,0,65,0,2,0,0,14,1,93,0,77,83,63,0,82,88,83,0,0,0,0,0
l32,8=0,0,0,0,0,0,0,0,0,0,0,0,0,0,0,0,26,0,0,0,0,0,0,60,0,38,90,57,50,54,67,91,0,92,88,0,0,0,0,0
l33,8=0,0,0,0,0,0,0,0,0,0,0,0,57,0,0,0,0,57,0,0,47,13,0,50,54,61,64,0,59,57,50,90,85,0,77,0,0,0,0,0
l34,8=0,0,0,0,0,0,0,0,0,0,0,0,50,0,0,0,68,0,0,0,61,3,0,63,61,62,64,53,56,63,0,90,89,82,0,0,0,0,0,0
l35,8=0,0,0,0,0,0,0,0,0,0,0,7,14,3,0,0,16,0,0,40,38,30,21,0,0,0,0,0,0,0,0,0,0,0,0,0,71,35,26,36
l36,8=0,0,0,0,0,0,0,0,0,0,0,19,12,20,21,28,37,0,0,38,64,26,32,0,8,0,0,0,0,0,0,0,0,0,0,54,0,31,41,31
l37,8=0,0,0,0,0,0,0,0,0,0,0,0,0,0,0,0,33,0,0,0,53,24,3,0,0,0,0,0,0,0,0,0,0,0,0,77,31,0,21,23
l38,8=0,0,0,0,0,0,0,0,0,15,0,19,19,29,0,44,39,46,0,38,72,36,33,0,0,0,0,0,0,0,0,0,0,0,0,36,43,26,0,28
l39,8=0,0,0,0,0,0,0,0,0,0,0,0,0,0,0,0,43,1,0,31,66,50,23,0,0,0,0,0,0,0,0,0,0,0,0,71,68,18,28,0

l0,9=0,92,95,94,96,98,94,92,76,90,98,0,0,10,0,0,0,0,0,0,0,0,0,0,0,0,0,0,0,0,0,0,0,0,0,0,0,0,0,0
l1,9=95,0,95,90,96,98,74,96,83,86,95,0,0,10,0,0,0,0,0,0,0,0,0,6,0,0,0,0,0,0,0,0,0,0,0,0,0,0,0,0
l2,9=95,92,0,93,96,98,94,96,0,48,25,0,67,0,0,0,0,0,0,0,0,0,0,0,0,0,0,0,0,0,0,0,0,0,0,0,0,0,0,0
l3,9=90,85,91,0,96,98,88,87,0,0,0,0,0,0,0,0,0,0,0,0,0,0,0,0,0,0,0,0,0,0,0,0,0,0,0,0,0,0,0,0
l4,9=95,91,95,94,0,98,90,88,84,56,97,0,1,13,12,0,0,0,0,0,0,0,0,0,0,0,0,0,0,0,0,0,0,0,0,0,0,0,0,0
l5,9=95,92,95,91,93,0,90,37,77,80,96,0,0,12,0,0,0,0,0,0,0,0,0,0,0,0,0,0,0,0,0,0,0,0,0,0,0,0,0,0
l6,9=90,61,90,79,55,75,0,100,41,78,91,0,0,55,0,0,15,0,0,0,0,0,0,0,0,0,0,0,0,0,0,0,0,0,0,0,0,0,0,0
l7,9=72,92,96,82,45,40,100,0,97,97,99,58,59,96,0,10,0,0,0,0,0,0,0,0,0,0,0,0,0,0,0,0,0,0,0,0,0,0,0,0
l8,9=56,71,0,0,52,53,74,85,0,94,49,78,0,82,0,43,23,20,0,54,0,0,69,13,0,0,0,0,0,0,0,0,0,0,0,0,0,0,0,0
l9,9=79,65,44,0,20,59,77,88,88,0,97,71,43,80,41,59,28,0,0,0,0,0,0,62,42,0,0,0,0,0,0,0,0,0,0,0,0,0,0,0
l10,9=76,73,0,0,83,91,93,96,78,92,0,0,55,74,0,79,26,15,0,0,0,0,0,56,0,0,0,0,0,0,0,0,0,0,0,0,0,0,0,0
l11,9=0,0,0,0,0,0,0,36,31,25,0,0,96,61,46,94,30,24,0,0,71,46,27,78,73,64,0,0,0,0,0,0,0,0,0,0,33,0,73,0
l12,9=0,0,0,0,0,0,0,0,0,3,1,95,0,58,62,59,54,60,0,0,62,39,22,95,84,97,0,0,0,0,0,0,0,0,4,0,38,0,78,0
l13,9=0,0,0,0,0,0,72,84,69,85,34,79,74,0,38,68,31,13,0,3,60,69,6,64,78,28,0,0,0,0,0,0,0,0,0,0,25,0,70,0
l14,9=0,0,0,0,7,0,0,0,2,24,0,79,91,55,0,48,33,24,0,0,75,78,68,86,81,76,0,0,0,0,0,0,0,49,30,0,4,0,1,0
l15,9=0,0,0,0,0,0,0,0,23,25,41,97,90,63,48,0,30,23,0,0,61,67,55,62,73,0,0,0,0,0,0,0,0,0,0,0,36,0,75,0
l16,9=0,0,0,0,0,0,9,0,4,3,19,74,98,59,46,51,0,23,32,76,91,37,43,68,91,60,0,0,0,0,0,53,0,56,52,0,39,67,78,41
l17,9=0,0,0,0,0,0,0,0,5,0,21,79,95,43,51,52,32,0,0,80,71,81,83,0,36,58,0,0,0,0,0,0,0,62,0,0,33,0,0,46
l18,9=0,0,0,0,0,0,0,0,0,0,0,0,0,0,0,0,65,0,0,0,90,88,0,0,0,0,0,0,0,0,0,0,0,0,0,0,34,0,0,0
l19,9=0,0,0,0,0,0,0,0,5,0,0,0,0,2,0,0,79,65,0,0,93,63,51,0,0,0,48,0,0,0,0,0,0,0,0,81,58,69,1,83
l20,9=0,0,0,0,0,0,0,0,0,0,0,54,33,42,38,38,95,17,27,93,0,99,92,0,11,0,36,0,0,0,0,0,0,0,41,4,86,78,90,91
l21,9=0,0,0,0,0,0,0,0,0,0,0,53,43,46,39,38,21,19,38,88,97,0,88,0,0,0,0,0,0,0,0,1,0,44,0,52,37,69,85,42
l22,9=0,0,0,0,0,0,0,0,5,0,0,37,38,11,40,36,50,21,0,92,99,99,0,0,0,0,0,0,5,53,0,59,0,0,0,87,82,70,86,42
l23,9=0,0,0,0,0,0,0,0,0,21,7,88,99,51,99,39,58,0,0,0,0,0,0,0,96,97,0,0,0,0,0,0,84,90,63,0,0,0,0,0
l24,9=0,0,0,0,0,0,0,0,0,20,0,81,99,60,99,47,89,15,0,0,60,0,0,100,0,96,0,0,0,0,0,0,0,80,50,0,39,0,0,0
l25,9=0,0,0,2,0,0,0,0,0,0,0,74,99,53,49,0,31,17,0,0,0,0,0,100,94,0,0,0,0,34,0,0,76,90,56,0,0,0,59,0
l26,9=0,0,0,0,0,0,0,0,0,0,0,0,0,0,0,0,0,0,0,85,84,0,0,0,0,0,0,88,99,100,100,100,99,83,91,0,0,0,0,0
l27,9=0,0,0,0,0,0,0,0,0,0,0,0,0,0,0,0,0,0,0,0,0,0,0,0,0,0,99,0,99,100,100,94,85,0,0,0,0,0,0,0
l28,9=0,0,0,0,0,0,0,0,0,0,0,0,0,0,0,0,0,0,0,0,0,0,47,0,0,0,99,99,0,100,100,90,0,84,36,0,0,0,0,0
l29,9=0,0,0,0,0,0,0,0,0,0,0,0,0,0,0,0,0,0,0,0,0,0,82,0,0,13,99,99,99,0,100,100,29,81,94,0,0,0,0,0
l30,9=0,0,0,0,0,0,0,0,0,0,0,0,0,0,0,0,0,0,0,0,0,0,0,0,0,0,99,99,99,100,0,98,87,38,90,0,0,0,0,0
l31,9=0,0,0,0,0,0,0,0,0,0,0,0,0,0,0,0,29,0,0,0,0,0,79,0,0,0,97,62,91,98,99,0,97,100,100,0,0,0,0,0
l32,9=0,0,0,0,0,0,0,0,0,0,0,0,40,0,0,0,0,0,0,0,0,0,1,90,0,83,99,35,0,67,99,100,0,100,100,0,0,0,0,0
l33,9=0,0,0,0,0,0,0,0,0,0,0,0,0,0,78,0,83,78,0,0,7,67,0,100,89,96,95,0,96,85,71,100,99,0,100,0,0,0,0,0
l34,9=0,0,0,0,0,0,0,0,0,0,0,0,75,0,40,0,55,0,0,0,87,0,0,95,85,90,96,0,5,95,96,100,99,100,0,0,0,0,0,0
l35,9=0,0,0,0,0,0,0,0,0,0,0,0,0,0,0,0,0,0,0,59,4,45,44,0,0,0,0,0,0,0,0,0,0,0,0,0,82,82,85,55
l36,9=0,0,0,0,0,0,0,0,0,0,0,27,30,25,0,24,16,4,0,39,80,42,44,0,19,0,0,0,0,0,0,0,0,0,0,90,0,80,68,36
l37,9=0,0,0,0,0,0,0,0,0,0,0,0,0,0,0,0,12,0,0,51,56,31,32,0,0,0,0,0,0,0,0,0,0,0,0,69,71,0,63,36
l38,9=0,0,0,0,0,0,0,0,0,0,0,45,39,39,0,36,30,0,0,0,92,75,48,0,0,3,0,0,0,0,0,0,0,0,0,54,46,74,0,43
l39,9=0,0,0,0,0,0,0,0,0,0,0,0,0,0,0,0,25,18,0,64,77,48,38,0,0,0,0,0,0,0,0,0,0,0,0,84,65,71,65,0

l0,10=0,92,89,87,83,84,80,66,63,83,75,0,0,0,0,0,0,0,0,0,0,0,0,0,0,0,0,0,0,0,0,0,0,0,0,0,0,0,0,0
l1,10=86,0,86,80,84,85,77,82,37,46,49,1,0,0,0,0,0,0,0,0,0,0,0,0,0,0,0,0,0,0,0,0,0,0,0,0,0,0,0,0
l2,10=85,81,0,85,85,87,80,85,0,68,68,0,39,0,0,0,0,0,0,0,0,0,0,0,0,0,0,0,0,0,0,0,0,0,0,0,0,0,0,0
l3,10=85,74,87,0,89,70,80,51,0,60,0,0,0,0,0,0,0,0,0,0,0,0,0,0,0,0,0,0,0,0,0,0,0,0,0,0,0,0,0,0
l4,10=86,79,87,92,0,86,46,58,28,58,75,0,0,27,43,0,0,0,0,0,0,0,0,0,0,0,0,0,0,0,0,0,0,0,0,0,0,0,0,0
l5,10=81,80,87,75,83,0,80,85,36,74,67,1,0,63,0,0,0,0,0,0,0,0,0,0,0,0,0,0,0,0,0,0,0,0,0,0,0,0,0,0
l6,10=79,70,75,76,23,79,0,85,70,76,67,0,0,46,0,0,5,0,0,0,0,0,0,0,0,0,0,0,0,0,0,0,0,0,0,0,0,0,0,0
l7,10=49,72,75,67,66,77,79,0,72,89,80,37,17,70,4,0,0,0,0,0,0,0,0,0,0,0,0,0,0,0,0,0,0,0,0,0,0,0,0,0
l8,10=40,25,0,6,9,15,60,70,0,89,32,56,33,72,0,61,32,35,0,16,7,0,28,33,42,0,0,0,0,0,0,0,0,0,0,0,0,0,0,0
l9,10=56,1,34,48,32,54,67,78,79,0,79,49,49,70,30,50,0,0,0,0,0,18,3,25,32,0,0,0,0,0,0,0,0,0,0,0,0,0,0,0
l10,10=54,43,51,0,73,56,68,85,54,88,0,44,0,66,0,66,0,39,0,0,0,0,0,1,0,0,0,0,0,0,0,0,0,0,0,0,0,0,0,0
l11,10=0,0,0,0,0,3,0,20,58,64,24,0,71,71,70,90,4,77,0,0,35,43,0,58,74,63,0,0,0,0,0,0,0,0,0,12,26,0,32,0
l12,10=0,0,0,0,0,0,0,0,21,37,0,82,0,68,91,89,85,94,0,0,40,31,0,89,95,97,0,0,0,0,0,0,0,10,0,0,2,0,67,0
l13,10=0,0,0,0,1,22,21,58,75,81,35,72,57,0,35,73,52,36,0,1,33,20,0,41,59,0,0,0,0,0,0,0,0,0,0,0,0,0,27,0
l14,10=0,0,0,0,25,0,0,0,0,26,0,64,93,60,0,47,78,82,0,0,20,5,2,81,89,81,0,0,0,0,0,0,0,27,0,0,40,0,20,0
l15,10=0,0,0,0,0,0,1,0,60,38,31,88,77,73,39,0,54,79,0,25,16,1,6,6,59,30,0,0,0,0,0,0,0,0,0,0,13,2,43,0
l16,10=0,0,0,0,0,0,0,0,12,0,0,0,66,25,32,32,0,79,21,18,36,28,15,25,68,0,0,0,0,0,0,0,11,0,10,25,31,24,77,33
l17,10=0,0,0,0,0,0,1,0,19,0,3,67,93,16,48,51,66,0,0,30,19,51,33,11,48,35,0,0,0,0,0,0,0,3,0,0,50,0,67,36
l18,10=0,0,0,0,0,0,0,0,0,0,0,0,0,0,0,0,43,0,0,62,42,44,0,0,0,0,0,0,0,0,0,0,0,0,0,0,1,0,0,0
l19,10=0,0,0,0,0,0,0,0,7,0,0,0,0,0,0,16,45,39,38,0,77,40,41,0,0,0,53,0,0,0,0,0,0,0,0,23,0,12,0,29
l20,10=0,0,0,0,0,0,0,0,0,0,0,4,7,10,10,17,56,19,31,85,0,92,79,0,2,0,35,0,0,0,0,0,26,0,0,30,41,29,46,39
l21,10=0,0,0,0,0,0,0,0,0,19,0,4,5,12,10,4,46,58,40,50,87,0,78,0,0,0,0,0,0,0,0,0,0,15,0,32,32,38,47,32
l22,10=0,0,0,0,0,0,0,0,17,10,0,0,0,0,0,20,31,43,0,75,87,81,0,0,0,0,0,0,0,22,0,43,14,0,0,37,33,30,40,33
l23,10=0,0,0,0,0,0,0,0,63,34,0,58,90,67,86,16,59,40,0,0,0,0,0,0,96,98,0,0,0,0,0,39,54,46,0,0,0,0,0,0
l24,10=0,0,0,0,0,0,0,0,46,38,0,66,93,71,90,43,87,75,0,0,17,0,0,96,0,94,0,0,0,0,0,0,0,15,29,0,0,0,53,0
l25,10=0,0,0,38,0,0,0,0,0,0,0,54,95,0,78,29,0,70,0,0,0,0,0,97,93,0,14,0,0,0,0,51,42,89,53,0,0,0,48,0
l26,10=0,0,0,0,0,0,0,0,0,0,0,0,0,0,0,0,0,0,0,51,31,0,0,0,0,19,0,73,96,97,100,98,91,62,78,0,0,0,0,0
l27,10=0,0,0,0,0,0,0,0,0,0,0,0,0,0,0,0,0,0,0,0,0,0,0,0,0,0,86,0,93,97,100,83,0,0,75,0,0,0,0,0
l28,10=0,0,0,0,0,0,0,0,0,0,0,0,0,0,0,0,0,0,0,0,21,0,2,0,0,0,98,98,0,97,100,89,54,77,57,0,0,0,0,0
l29,10=0,0,0,0,0,0,0,0,0,0,0,0,0,0,0,0,0,0,0,0,0,0,21,0,0,0,98,98,96,0,100,91,60,17,60,0,0,0,0,0
l30,10=0,0,0,0,0,0,0,0,0,0,0,0,0,0,0,0,0,0,0,0,0,0,0,0,0,0,98,98,96,97,0,88,70,60,69,0,0,0,0,0
l31,10=0,0,0,0,0,0,0,0,0,0,0,0,0,0,0,0,0,0,0,0,7,0,24,11,0,20,98,75,90,97,100,0,100,99,100,0,0,0,0,0
l32,10=0,0,0,0,0,0,0,0,0,0,0,0,0,0,0,0,7,0,0,0,33,0,6,78,0,23,98,0,27,75,77,100,0,100,100,0,0,0,0,0
l33,10=0,0,0,0,0,0,0,0,0,0,0,0,14,0,32,0,4,14,0,0,0,18,0,95,19,98,63,0,82,20,31,100,100,0,100,0,0,0,0,0
l34,10=0,0,0,0,0,0,0,0,0,0,0,0,0,0,0,0,66,0,0,0,20,0,0,18,37,86,94,73,59,74,82,100,100,99,0,0,0,0,0,0
l35,10=0,0,0,0,0,0,0,0,0,0,0,0,0,0,0,0,34,0,0,20,24,26,23,0,0,0,0,0,0,0,0,0,0,0,0,0,58,44,50,26
l36,10=0,0,0,0,0,0,0,0,0,0,0,0,1,0,2,0,32,48,0,0,26,27,23,0,0,0,0,0,0,0,0,0,0,0,0,80,0,47,60,46
l37,10=0,0,0,0,0,0,0,0,0,0,0,0,0,0,0,0,32,0,0,0,22,27,20,0,0,0,0,0,0,0,0,0,0,0,0,35,39,0,35,36
l38,10=0,0,0,0,0,0,0,0,0,0,0,2,7,4,1,3,51,56,0,0,25,31,22,0,11,9,0,0,0,0,0,0,0,0,0,36,42,28,0,38
l39,10=0,0,0,0,0,0,0,0,0,0,0,0,0,0,0,0,39,41,0,24,25,27,23,0,0,0,0,0,0,0,0,0,0,0,0,15,40,37,38,0

l0,11=0,87,83,89,75,85,80,66,20,50,47,0,0,0,0,0,0,0,0,0,0,0,0,0,0,0,0,0,0,0,0,0,0,0,0,0,0,0,0,0
l1,11=83,0,71,85,75,85,78,78,17,31,0,34,0,18,0,0,0,0,0,0,0,0,0,0,0,0,0,0,0,0,0,0,0,0,0,0,0,0,0,0
l2,11=86,82,0,85,75,85,86,72,0,0,76,0,0,0,0,0,0,0,0,0,0,0,0,0,0,0,0,0,0,0,0,0,0,0,0,0,0,0,0,0
l3,11=85,82,81,0,81,85,0,46,0,32,62,0,0,0,0,0,0,0,0,0,0,0,0,0,0,0,0,0,0,0,0,0,0,0,0,0,0,0,0,0
l4,11=78,79,75,86,0,81,62,64,0,42,61,0,29,0,25,0,0,0,0,0,0,0,0,14,0,0,0,0,0,0,0,0,0,0,0,0,0,0,0,0
l5,11=83,81,81,84,75,0,85,85,43,84,55,2,0,34,0,0,0,0,0,0,0,0,0,0,0,0,0,0,0,0,0,0,0,0,0,0,0,0,0,0
l6,11=37,75,50,0,65,49,0,82,16,75,58,21,0,38,0,16,9,0,0,0,0,0,0,0,0,0,0,0,0,0,0,0,0,0,0,0,0,0,0,0
l7,11=35,81,47,37,75,40,83,0,48,84,81,41,24,70,0,19,0,0,0,0,0,0,0,0,0,0,0,0,0,0,0,0,0,0,0,0,0,0,0,0
l8,11=30,36,0,0,0,30,46,53,0,83,60,50,50,70,0,55,0,42,0,20,0,0,0,32,2,0,0,0,0,0,0,0,0,0,0,0,0,0,0,0
l9,11=32,42,0,26,53,36,58,86,54,0,79,50,48,70,0,25,1,3,0,0,0,16,0,0,24,0,0,0,0,0,0,0,0,0,0,0,0,0,0,0
l10,11=24,0,49,39,63,25,71,86,44,85,0,53,0,63,0,52,0,0,0,0,0,0,0,0,0,0,0,0,0,0,0,0,0,0,0,0,0,0,0,0
l11,11=0,20,0,0,0,0,23,21,24,49,37,0,67,68,44,76,22,69,0,0,3,5,32,63,63,20,0,0,0,0,0,0,0,0,0,22,0,0,16,0
l12,11=0,0,0,0,4,0,0,0,21,44,0,64,0,61,93,39,41,76,0,0,17,17,39,72,88,94,0,0,0,0,0,0,0,0,0,0,0,0,20,0
l13,11=0,1,0,0,0,0,32,46,41,75,40,66,59,0,0,64,17,54,0,0,12,15,1,56,43,0,0,0,0,0,0,0,0,0,0,0,0,0,13,0
l14,11=0,0,0,0,40,0,0,0,0,0,0,41,86,0,0,12,46,72,0,0,0,11,0,75,21,35,0,0,0,0,0,0,0,50,25,34,36,0,11,0
l15,11=0,0,0,0,0,0,27,14,22,47,39,82,70,80,22,0,43,72,0,20,19,15,13,18,0,13,0,0,0,0,0,0,0,0,0,13,41,0,19,0
l16,11=0,0,0,0,0,0,14,0,0,6,0,30,72,46,49,19,0,76,2,0,23,23,25,24,76,12,0,0,0,0,0,0,25,19,30,17,59,26,21,16
l17,11=0,0,0,0,0,0,0,0,17,19,8,50,83,54,50,23,27,0,0,0,11,12,26,29,52,14,0,0,0,0,0,0,0,0,0,0,42,0,12,0
l18,11=0,0,0,0,0,0,0,0,0,0,0,0,0,0,0,0,29,0,0,42,34,42,2,0,0,0,0,0,0,0,0,0,0,0,0,0,0,0,0,0
l19,11=0,0,0,0,0,0,0,0,5,0,0,0,0,0,0,6,0,0,24,0,75,44,42,0,0,0,30,0,13,0,1,0,0,0,0,33,1,0,1,30
l20,11=0,0,0,0,0,0,0,0,0,0,0,0,28,37,0,8,59,21,22,75,0,84,82,0,0,0,18,0,0,0,0,0,13,0,0,39,52,29,43,19
l21,11=0,0,0,0,0,0,0,0,0,28,0,14,41,38,28,9,64,23,22,40,82,0,82,0,15,0,0,0,0,0,0,0,0,0,0,16,43,19,48,0
l22,11=0,0,0,0,0,0,0,0,0,0,0,15,28,0,0,3,14,21,0,44,81,81,0,0,0,0,0,0,0,1,0,11,0,0,0,50,61,20,71,35
l23,11=0,0,0,0,6,0,0,0,11,0,0,42,77,63,66,0,20,55,0,0,0,0,0,0,88,95,0,0,0,0,0,21,49,50,0,0,0,0,3,0
l24,11=0,0,0,0,0,0,0,0,0,30,0,38,89,57,41,0,76,57,0,0,0,0,0,87,0,77,0,0,0,0,0,0,0,0,0,0,0,0,0,0
l25,11=0,0,0,0,0,0,0,0,0,0,0,47,89,23,77,19,15,41,0,0,0,0,0,93,82,0,0,0,0,0,0,29,38,74,0,0,0,0,0,0
l26,11=0,0,0,0,0,0,0,0,0,0,0,0,0,0,0,0,0,0,0,59,19,0,0,0,0,0,0,80,96,92,91,89,83,66,64,0,0,0,0,0
l27,11=0,0,0,0,0,0,0,0,0,0,0,0,0,0,0,0,0,0,0,0,0,0,0,0,0,0,82,0,93,91,92,49,5,0,31,0,0,0,0,0
l28,11=0,0,0,0,0,0,0,0,0,0,0,0,0,0,0,0,0,0,0,12,13,0,8,0,0,0,86,95,0,92,92,76,67,0,38,0,0,0,0,0
l29,11=0,0,0,0,0,0,0,0,0,0,0,0,0,0,0,0,0,0,0,0,0,0,14,0,0,0,84,95,96,0,92,80,40,33,29,0,0,0,0,0
l30,11=0,0,0,0,0,0,0,0,0,0,0,0,0,0,0,0,0,0,0,0,0,0,0,0,0,0,84,95,96,92,0,77,44,46,42,0,0,0,0,0
l31,11=0,0,0,0,0,0,0,0,0,0,0,0,0,0,0,0,0,0,0,0,0,0,34,42,0,53,86,76,88,89,82,0,96,99,100,0,0,0,0,0
l32,11=0,0,0,0,0,0,0,0,0,0,0,0,0,0,0,0,15,0,0,0,10,0,0,36,0,14,86,1,38,31,32,88,0,99,100,0,0,0,0,0
l33,11=0,0,0,0,0,0,0,0,0,0,0,0,0,0,72,0,18,0,0,0,10,0,0,65,0,91,80,0,0,67,90,99,96,0,95,0,0,0,0,0
l34,11=0,0,0,0,0,0,0,0,0,0,0,0,0,0,25,0,19,0,0,0,0,0,0,12,0,3,81,69,58,78,83,99,96,98,0,0,0,0,0,0
l35,11=0,0,0,0,0,0,0,0,0,0,0,7,0,0,12,0,11,0,0,7,14,2,30,0,0,0,0,0,0,0,0,0,0,0,0,0,78,36,14,13
l36,11=0,0,0,0,0,0,0,0,0,0,0,0,0,0,15,3,21,25,0,0,25,11,57,0,0,0,0,0,0,0,0,0,0,0,0,85,0,61,24,23
l37,11=0,0,0,0,0,0,0,0,0,0,0,0,0,0,0,0,16,0,0,0,14,6,23,0,0,0,0,0,0,0,0,0,0,0,0,61,54,0,10,20
l38,11=0,0,0,0,0,0,0,0,0,0,0,20,47,27,21,12,23,15,0,0,14,14,35,1,0,0,0,0,0,0,0,0,0,0,0,63,60,23,0,24
l39,11=0,0,0,0,0,0,0,0,0,0,0,0,0,0,0,0,18,0,0,20,13,0,34,0,0,0,0,0,0,0,0,0,0,0,0,13,63,28,17,0

l0,12=0,92,86,91,86,87,57,7,0,62,35,0,0,0,0,0,0,0,0,0,0,0,0,0,0,0,0,0,0,0,0,0,0,0,0,0,0,0,0,0
l1,12=80,0,72,83,85,82,83,86,0,34,63,43,0,0,0,0,0,0,0,0,0,0,0,0,0,0,0,0,0,0,0,0,0,0,0,0,0,0,0,0
l2,12=82,76,0,83,84,84,84,51,0,54,73,0,0,2,0,0,0,0,0,0,0,0,0,0,0,0,0,0,0,0,0,0,0,0,0,0,0,0,0,0
l3,12=86,85,74,0,88,82,62,36,0,51,64,0,0,0,0,0,0,0,0,0,0,0,0,0,0,0,0,0,0,0,0,0,0,0,0,0,0,0,0,0
l4,12=80,82,65,86,0,71,65,63,54,55,61,0,0,0,16,0,0,0,0,0,0,0,0,55,0,0,0,0,0,0,0,0,0,0,0,0,0,0,0,0
l5,12=79,81,75,83,85,0,70,79,68,80,71,0,0,17,0,0,0,0,0,0,0,0,0,0,0,0,0,0,0,0,0,0,0,0,0,0,0,0,0,0
l6,12=43,78,72,70,78,63,0,81,63,51,73,66,0,55,9,65,0,0,0,0,0,0,0,0,0,0,0,0,0,0,0,0,0,0,0,0,0,0,0,0
l7,12=13,81,23,51,84,81,83,0,78,83,83,33,9,75,0,1,0,0,0,0,0,0,0,0,0,0,0,0,0,0,0,0,0,0,0,0,0,0,0,0
l8,12=0,0,0,20,46,60,67,72,0,85,79,68,45,77,3,66,9,29,0,29,0,23,0,1,39,0,0,0,0,0,0,0,0,0,0,0,0,0,0,0
l9,12=40,0,6,27,39,81,47,84,78,0,83,60,38,75,2,59,15,22,0,0,34,28,0,0,24,0,0,0,0,0,0,0,0,0,0,0,0,0,0,0
l10,12=22,51,50,62,67,58,73,86,75,85,0,59,0,70,0,62,0,0,0,0,0,0,0,0,0,0,0,0,0,0,0,0,0,0,0,0,0,0,0,0
l11,12=0,35,0,0,0,0,70,35,65,71,70,0,59,62,46,85,46,72,0,0,18,15,24,64,4,30,0,0,0,0,0,0,0,0,0,28,18,13,52,0
l12,12=0,0,0,0,0,0,0,0,59,65,0,81,0,44,88,83,77,89,0,0,45,31,28,66,91,90,0,0,0,0,0,0,0,7,0,0,0,0,57,0
l13,12=0,0,0,1,0,28,66,72,78,78,76,85,51,0,48,81,44,61,0,0,30,17,0,69,52,16,0,0,0,0,0,0,0,0,0,0,0,0,24,0
l14,12=0,0,0,0,34,0,5,0,4,8,0,72,86,47,0,79,78,65,0,0,22,32,0,81,93,38,0,0,0,0,0,0,0,56,56,34,25,0,9,0
l15,12=0,0,0,0,0,0,63,0,62,70,65,89,80,82,45,0,48,68,0,33,36,26,4,52,74,35,0,0,0,0,0,0,0,0,0,0,0,0,47,0
l16,12=0,0,0,0,0,0,0,0,10,42,0,61,59,31,53,77,0,69,25,25,46,31,5,23,89,17,0,0,0,0,0,0,0,0,2,29,35,36,68,48
l17,12=0,0,0,0,0,0,0,0,42,48,0,88,63,44,44,86,54,0,0,41,46,34,22,61,65,9,0,0,0,0,0,0,0,1,0,0,26,0,52,0
l18,12=0,0,0,0,0,0,0,0,0,0,0,0,0,0,0,0,32,0,0,30,56,28,0,0,0,0,0,0,0,0,0,0,0,0,0,0,0,0,0,0
l19,12=0,0,0,0,0,0,0,0,25,0,0,0,0,0,0,28,11,17,25,0,83,78,72,0,0,0,15,0,0,0,8,0,0,0,0,30,27,36,39,62
l20,12=0,0,0,0,0,0,0,0,0,38,0,33,34,20,5,30,37,29,23,76,0,86,87,0,0,0,0,0,0,0,0,8,0,0,0,38,73,51,54,52
l21,12=0,0,0,0,0,0,0,0,31,50,0,36,48,38,42,32,36,31,21,75,87,0,86,0,40,0,0,0,0,0,0,0,0,0,0,44,27,38,75,9
l22,12=0,0,0,0,0,0,0,0,0,0,0,40,32,0,0,3,6,17,0,75,87,85,0,0,0,0,0,0,0,0,0,12,0,0,0,53,54,0,69,76
l23,12=0,0,0,0,55,0,0,0,3,5,0,74,57,49,55,74,16,62,0,0,0,0,0,0,95,92,0,0,0,0,0,1,0,28,0,0,0,0,0,0
l24,12=0,0,0,0,0,0,0,0,25,43,0,0,85,47,88,77,78,67,0,0,0,46,0,89,0,89,0,0,0,0,0,4,51,15,0,0,13,0,27,0
l25,12=0,0,0,0,2,0,0,0,0,0,0,61,87,30,63,76,65,19,0,0,0,0,0,97,91,0,0,0,0,3,0,71,53,61,82,0,0,0,0,0
l26,12=0,0,0,0,0,0,0,0,0,0,0,0,0,0,0,0,0,0,0,50,0,0,0,0,0,0,0,59,90,71,86,91,73,57,73,0,0,0,0,0
l27,12=0,0,0,0,0,0,0,0,0,0,0,0,0,0,0,0,0,0,0,0,0,0,0,0,0,0,68,0,86,96,91,81,0,13,20,0,0,0,0,0
l28,12=0,0,0,0,0,0,0,0,0,0,0,0,0,0,0,0,0,0,0,0,0,0,8,0,0,0,75,95,0,96,91,79,65,52,70,0,0,0,0,0
l29,12=0,0,0,0,0,0,0,0,0,0,0,0,0,0,0,0,0,0,0,0,0,0,0,0,0,2,67,95,90,0,91,80,70,54,67,0,0,0,0,0
l30,12=0,0,0,0,0,0,0,0,0,0,0,0,0,0,0,0,0,0,0,0,0,0,0,0,0,0,73,95,89,96,0,81,64,34,33,0,0,0,0,0
l31,12=0,0,0,0,0,0,0,0,0,0,0,0,4,0,0,0,1,0,0,0,35,0,42,21,21,59,75,62,75,71,89,0,98,100,100,0,0,0,0,0
l32,12=0,0,0,0,0,0,0,0,0,0,0,0,0,0,0,0,0,0,0,0,0,0,0,17,46,39,62,0,68,47,66,95,0,100,100,0,0,0,0,0
l33,12=0,0,0,0,0,0,0,0,0,0,0,0,42,0,71,0,1,0,0,0,0,0,0,43,28,58,53,22,59,37,54,98,98,0,100,0,0,0,0,0
l34,12=0,0,0,0,0,0,0,0,0,0,0,0,0,0,35,0,7,0,0,0,0,0,0,0,1,82,72,17,74,50,51,98,98,100,0,0,0,0,0,0
l35,12=0,0,0,0,0,0,0,0,0,0,0,16,0,0,7,0,1,0,0,7,12,4,27,0,0,0,0,0,0,0,0,0,0,0,0,0,83,70,69,56
l36,12=0,0,0,0,0,0,0,0,0,0,0,13,0,0,4,0,18,7,0,12,32,1,26,0,0,0,0,0,0,0,0,0,0,0,0,80,0,75,74,70
l37,12=0,0,0,0,0,0,0,0,0,0,0,0,0,0,0,0,14,0,0,18,22,2,0,0,0,0,0,0,0,0,0,0,0,0,0,62,48,0,0,63
l38,12=0,0,0,0,0,0,0,0,0,0,0,31,36,5,1,15,21,9,0,22,19,22,28,0,24,0,0,0,0,0,0,0,0,0,0,65,51,0,0,55
l39,12=0,0,0,0,0,0,0,0,0,0,0,0,0,0,0,0,14,0,0,27,21,1,35,0,0,0,0,0,0,0,0,0,0,0,0,55,59,64,55,0

l0,13=0,91,94,94,91,87,89,80,81,83,68,0,0,0,0,0,0,0,0,0,0,0,0,0,0,0,0,0,0,0,0,0,0,0,0,0,0,0,0,0
l1,13=88,0,92,91,87,81,84,79,0,68,85,0,1,0,0,0,0,0,0,0,0,0,0,0,0,0,0,0,0,0,0,0,0,0,0,0,0,0,0,0
l2,13=91,88,0,85,85,87,86,79,0,52,88,0,0,35,0,0,0,0,0,0,0,0,0,0,0,0,0,0,0,0,0,0,0,0,0,0,0,0,0,0
l3,13=89,90,91,0,91,83,85,73,2,46,89,0,0,0,0,0,0,0,0,0,0,0,0,0,0,0,0,0,0,0,0,0,0,0,0,0,0,0,0,0
l4,13=87,87,88,91,0,83,86,73,64,68,78,0,0,13,0,0,0,0,0,0,0,0,0,36,0,0,0,0,0,0,0,0,0,0,0,0,0,0,0,0
l5,13=85,83,88,85,84,0,86,75,52,83,89,0,0,68,0,0,0,0,0,0,0,0,0,0,0,0,0,0,0,0,0,0,0,0,0,0,0,0,0,0
l6,13=82,83,86,82,82,84,0,0,73,83,0,79,0,64,0,79,0,0,0,0,0,0,0,0,0,0,0,0,0,0,0,0,0,0,0,0,0,0,0,0
l7,13=53,84,65,80,83,51,0,0,80,85,92,16,22,83,0,58,0,0,0,0,0,0,0,0,0,0,0,0,0,0,0,0,0,0,0,0,0,0,0,0
l8,13=28,0,0,59,64,50,78,79,0,96,88,67,58,85,75,56,64,57,0,21,0,31,13,0,78,0,0,0,0,0,0,0,0,0,0,0,0,0,0,0
l9,13=70,49,56,61,66,80,86,80,86,0,89,66,67,85,53,83,67,58,0,0,35,53,0,0,0,0,0,0,0,0,0,0,0,0,0,0,0,0,0,0
l10,13=26,42,58,76,69,58,0,80,84,96,0,68,0,85,0,71,0,0,0,0,0,0,0,0,0,0,0,0,0,0,0,0,0,0,0,0,0,0,0,0
l11,13=0,0,0,0,0,0,77,1,28,26,57,0,87,91,83,92,79,86,0,0,32,48,44,59,55,71,0,0,0,0,0,0,0,0,0,0,0,0,10,0
l12,13=0,0,0,0,0,0,0,0,2,24,0,90,0,75,98,90,87,96,0,0,36,32,42,2,98,98,0,0,0,0,0,0,0,28,0,0,0,0,12,0
l13,13=0,0,1,0,40,39,75,66,56,92,75,91,64,0,83,91,69,80,0,6,34,41,0,62,26,72,0,0,0,0,0,0,0,0,0,0,0,0,12,0
l14,13=0,0,0,0,0,0,0,0,31,22,0,89,99,83,0,88,93,87,0,0,1,12,0,94,99,86,0,0,0,0,0,0,2,25,64,0,0,0,0,0
l15,13=0,0,0,0,0,0,76,14,2,30,57,92,91,93,78,0,88,91,0,20,33,34,0,63,82,66,0,0,0,0,0,0,0,0,0,0,28,0,12,0
l16,13=0,0,0,0,0,0,0,0,2,19,0,76,79,57,96,87,0,93,17,23,32,43,43,0,85,13,0,0,0,0,0,0,0,6,26,51,49,0,23,48
l17,13=0,0,0,0,0,0,0,0,24,25,0,90,97,79,82,90,89,0,0,21,38,55,45,51,84,58,0,0,0,0,0,0,0,25,0,1,31,0,25,0
l18,13=0,0,0,0,0,0,0,0,0,0,0,0,0,0,0,0,80,0,0,88,91,0,28,0,0,0,0,0,0,0,0,0,0,0,0,0,0,0,0,0
l19,13=0,0,0,0,0,0,0,0,18,0,0,0,0,3,0,44,59,49,34,0,94,90,80,0,0,0,25,0,0,25,0,26,0,0,0,27,1,6,24,40
l20,13=0,0,0,0,0,0,0,0,0,12,0,57,68,40,1,67,78,81,30,95,0,98,96,0,0,0,1,0,0,0,0,20,0,0,0,51,34,14,32,47
l21,13=0,0,0,0,0,0,0,0,17,22,0,66,53,60,35,57,73,79,0,93,96,0,98,0,58,0,0,0,0,0,0,0,0,0,0,10,0,6,52,41
l22,13=0,0,0,0,0,0,0,0,1,0,0,54,49,0,0,0,74,48,0,61,96,94,0,0,0,0,24,0,9,0,0,18,0,0,9,71,31,0,18,50
l23,13=0,0,0,1,36,0,0,0,0,0,0,86,3,84,100,88,0,74,0,0,0,0,0,0,88,98,0,0,0,0,0,0,0,26,0,0,0,0,0,0
l24,13=0,0,0,0,0,0,0,0,31,0,0,60,98,52,100,89,89,84,0,0,0,35,0,74,0,98,0,0,0,0,0,0,23,18,0,0,31,0,0,0
l25,13=0,0,0,0,0,0,0,0,0,0,0,77,99,81,94,89,15,70,0,0,0,0,0,100,99,0,0,0,0,13,0,44,34,47,92,0,0,0,0,0
l26,13=0,0,0,0,0,0,0,0,0,0,0,0,0,0,0,0,0,0,0,55,46,0,50,0,0,0,0,83,96,63,100,99,73,75,0,0,0,0,0,0
l27,13=0,0,0,0,0,0,0,0,0,0,0,0,0,0,0,0,0,0,0,0,0,0,0,0,0,0,83,0,96,100,100,79,73,75,9,0,0,0,0,0
l28,13=0,0,0,0,0,0,0,0,0,0,0,0,0,0,0,0,0,0,0,0,0,0,60,0,0,0,98,99,0,100,100,89,62,80,74,0,0,0,0,0
l29,13=0,0,0,0,0,0,0,0,0,0,0,0,0,0,0,0,0,0,0,49,0,0,0,0,0,2,80,99,96,0,100,82,77,63,62,0,0,0,0,0
l30,13=0,0,0,0,0,0,0,0,0,0,0,0,0,0,0,0,0,0,0,0,0,0,0,0,0,0,98,99,96,100,0,87,71,79,0,0,0,0,0,0
l31,13=0,0,0,0,0,0,0,0,0,0,0,0,0,0,1,0,0,0,0,70,79,0,59,0,0,84,98,96,95,99,99,0,100,100,98,0,0,0,0,0
l32,13=0,0,0,0,0,0,0,0,0,0,0,0,39,0,48,0,2,0,0,0,0,0,0,3,73,88,91,41,62,93,80,100,0,100,100,0,0,0,0,0
l33,13=0,0,0,0,0,0,0,0,0,0,0,0,90,0,87,0,70,82,0,0,0,0,0,68,77,96,95,81,95,83,97,100,100,0,100,0,0,0,0,0
l34,13=0,0,0,0,0,0,0,0,0,0,0,0,3,0,83,0,81,0,0,0,20,0,51,0,0,96,0,8,96,100,44,100,100,100,0,0,0,0,0,0
l35,13=0,0,0,0,0,0,0,0,0,0,0,0,0,0,0,0,65,0,0,4,34,0,42,0,0,0,0,0,0,0,0,0,0,0,0,0,49,45,40,49
l36,13=0,0,0,0,0,0,0,0,0,0,0,0,0,0,0,50,71,52,0,17,39,0,45,0,52,0,0,0,0,0,0,0,0,0,0,86,0,11,32,45
l37,13=0,0,0,0,0,0,0,0,0,0,0,0,0,0,0,0,0,0,0,7,37,2,0,0,0,0,0,0,0,0,0,0,0,0,0,86,31,0,11,45
l38,13=0,0,0,0,0,0,0,0,0,0,0,20,54,57,0,60,72,59,0,23,38,37,46,0,0,0,0,0,0,0,0,0,0,0,0,76,40,6,0,44
l39,13=0,0,0,0,0,0,0,0,0,0,0,0,0,0,0,0,65,0,0,30,35,25,54,0,0,0,0,0,0,0,0,0,0,0,0,71,30,9,14,0

l0,14=0,99,99,100,100,100,100,100,97,99,99,0,0,0,0,0,0,0,0,0,0,0,0,0,0,0,0,0,0,0,0,0,0,0,0,0,0,0,0,0
l1,14=100,0,99,100,100,100,100,100,9,76,53,0,0,53,32,0,0,0,0,0,0,0,0,0,0,0,0,0,0,0,0,0,0,0,0,0,0,0,0,0
l2,14=100,100,0,99,100,100,100,100,86,96,98,0,0,0,0,0,0,0,0,0,0,0,0,0,0,0,0,0,0,0,0,0,0,0,0,0,0,0,0,0
l3,14=100,99,99,0,100,100,100,100,0,96,99,0,0,0,0,0,0,0,0,0,0,0,0,0,0,0,0,0,0,0,0,0,0,0,0,0,0,0,0,0
l4,14=100,99,99,100,0,100,82,0,57,42,99,0,0,50,0,0,0,0,0,0,0,0,0,0,0,0,0,0,0,0,0,0,0,0,0,0,0,0,0,0
l5,14=100,100,99,100,100,0,100,55,82,99,100,0,0,85,0,52,0,0,0,0,0,0,0,0,0,0,0,0,0,0,0,0,0,0,0,0,0,0,0,0
l6,14=93,94,100,98,88,100,0,92,88,95,98,98,0,88,0,91,0,0,0,0,0,0,53,0,0,0,0,0,0,0,0,0,0,0,0,0,0,0,0,0
l7,14=99,96,99,94,24,87,72,0,96,100,100,0,0,93,0,29,78,0,0,0,0,0,0,0,0,0,0,0,0,0,0,0,0,0,0,0,0,0,0,0
l8,14=35,1,22,25,43,46,34,33,0,100,100,48,40,50,31,35,3,0,0,6,48,45,52,0,39,0,0,0,0,0,0,0,0,0,0,0,0,0,0,0
l9,14=63,44,37,36,42,98,64,100,98,0,100,95,0,99,35,98,44,36,0,0,55,48,0,48,0,0,0,0,0,0,0,0,0,0,0,0,0,0,0,0
l10,14=87,81,38,98,99,99,100,100,96,100,0,70,53,99,7,42,0,0,0,0,28,0,0,0,0,0,0,0,0,0,0,0,0,0,0,0,0,0,0,0
l11,14=0,0,0,0,0,0,94,0,41,95,44,0,97,98,98,99,97,98,0,0,57,48,57,52,0,44,0,0,0,0,0,0,0,0,0,0,13,0,20,0
l12,14=0,0,0,0,0,0,0,0,72,0,55,98,0,96,100,59,47,99,0,2,97,0,89,96,74,99,0,0,0,0,0,0,0,62,0,0,0,0,0,0
l13,14=2,25,0,0,43,44,59,32,44,100,100,100,98,0,61,99,28,98,0,17,0,46,0,53,72,28,0,0,0,0,0,0,0,0,0,0,0,0,19,0
l14,14=0,0,0,0,0,0,0,0,46,41,5,78,100,52,0,40,81,41,0,0,5,6,0,98,100,20,0,0,0,0,0,0,4,17,0,0,0,0,14,0
l15,14=0,0,0,0,0,38,33,3,59,96,44,100,97,97,42,0,93,98,0,19,56,46,0,97,73,24,0,0,0,0,0,0,0,0,0,0,0,0,29,0
l16,14=0,0,0,0,0,0,0,14,0,81,0,89,20,19,58,57,0,90,27,45,71,52,94,7,68,3,0,0,0,0,0,1,0,5,4,60,87,3,11,7
l17,14=0,0,0,0,0,0,0,0,0,47,0,98,98,96,61,98,81,0,0,78,95,96,79,96,76,53,0,0,0,0,0,0,0,0,0,33,0,0,57,0
l18,14=0,0,0,0,0,0,0,0,0,0,0,0,0,0,0,0,74,0,0,84,82,47,79,0,0,0,0,0,0,0,0,0,0,0,0,0,0,0,0,0
l19,14=0,0,0,0,0,0,0,0,0,0,0,0,33,6,0,23,28,32,41,0,95,92,92,0,0,0,23,0,0,10,0,29,0,0,0,28,52,0,4,34
l20,14=0,0,0,0,0,0,0,0,0,79,0,37,40,0,0,24,25,42,42,95,0,99,97,0,5,0,10,0,0,0,0,0,0,0,12,43,41,14,29,34
l21,14=0,0,0,0,0,0,0,0,68,81,3,39,7,42,5,24,28,40,0,69,97,0,97,0,54,0,0,0,0,0,0,0,0,0,0,3,0,8,37,30
l22,14=0,0,0,0,0,0,10,0,43,0,0,38,36,0,0,0,36,32,38,61,96,98,0,0,1,0,21,0,40,0,0,0,0,0,0,47,49,47,29,51
l23,14=0,0,0,0,0,0,0,0,0,42,0,53,44,35,100,41,1,40,0,0,0,0,0,0,30,100,0,0,0,0,0,0,27,26,27,0,0,0,0,0
l24,14=0,0,0,0,0,0,0,0,45,0,0,0,99,60,100,58,84,100,0,0,23,50,0,32,0,75,0,0,0,0,0,0,0,0,0,0,21,0,0,0
l25,14=0,0,0,0,8,0,0,0,0,0,0,97,100,65,62,57,8,96,0,0,0,0,0,99,100,0,0,0,9,0,0,0,44,63,69,0,0,0,0,0
l26,14=0,0,0,0,0,0,0,0,0,0,0,0,0,0,0,0,0,0,0,18,63,0,78,0,0,0,0,97,100,100,99,98,99,98,97,0,0,0,0,0
l27,14=0,0,0,0,0,0,0,0,0,0,0,0,0,0,0,0,0,0,0,0,0,0,0,0,0,0,92,0,100,100,100,86,90,90,0,0,0,0,0,0
l28,14=0,0,0,0,0,0,0,0,0,0,0,0,0,0,0,0,0,0,0,0,0,0,79,0,0,32,100,100,0,100,100,85,57,91,90,0,0,0,0,0
l29,14=0,0,0,0,0,0,0,0,0,0,0,0,0,0,0,0,0,0,0,56,1,0,0,0,0,0,92,100,100,0,100,86,91,0,89,0,0,0,0,0
l30,14=0,0,0,0,0,0,0,0,0,0,0,0,0,0,0,0,0,0,0,0,0,0,0,0,0,0,99,100,100,100,0,85,91,91,0,0,0,0,0,0
l31,14=0,0,0,0,0,0,0,0,0,0,0,0,0,0,0,0,0,0,0,56,9,0,5,0,0,0,99,55,100,100,95,0,99,99,100,0,0,0,0,0
l32,14=0,0,0,0,0,0,0,0,0,0,0,0,0,0,62,0,0,0,0,0,1,0,0,93,0,73,99,90,97,100,93,99,0,100,100,0,0,0,0,0
l33,14=0,0,0,0,0,0,0,0,0,0,0,0,95,0,93,0,90,2,0,0,0,0,0,93,0,99,99,86,100,0,99,99,99,0,100,0,0,0,0,0
l34,14=0,0,0,0,0,0,0,0,0,0,0,0,48,0,0,0,84,0,0,0,82,0,0,89,0,98,100,0,100,100,0,99,99,100,0,0,0,0,0,0
l35,14=0,0,0,0,0,0,0,0,0,0,0,0,14,0,0,0,23,16,0,30,47,0,33,0,0,0,0,0,0,0,0,0,0,0,0,0,92,72,35,55
l36,14=0,0,0,0,0,0,0,0,0,0,0,3,0,0,0,0,28,0,0,41,56,0,86,0,28,0,0,0,0,0,0,0,0,0,0,96,0,10,51,29
l37,14=0,0,0,0,0,0,0,0,0,0,0,0,0,0,0,0,0,0,0,0,51,0,75,0,0,0,0,0,0,0,0,0,0,0,0,58,37,0,20,31
l38,14=0,0,0,0,0,0,0,0,0,0,0,28,0,23,5,8,16,37,0,7,62,80,86,0,0,0,0,0,0,0,0,0,0,0,0,58,93,10,0,35
l39,14=0,0,0,0,0,0,0,0,0,0,0,0,0,0,0,0,24,0,0,40,72,79,77,0,0,0,0,0,0,0,0,0,0,0,0,56,60,16,21,0

l0,15=0,99,99,99,99,100,98,97,75,96,97,0,0,0,0,0,0,0,0,0,0,0,0,0,0,0,0,0,0,0,0,0,0,0,0,0,0,0,0,0
l1,15=98,0,99,97,97,96,98,80,0,96,97,0,0,97,8,0,0,0,0,0,0,0,0,0,22,0,0,0,0,0,0,0,0,0,0,0,0,0,0,0
l2,15=100,99,0,96,97,100,100,98,0,0,96,50,0,96,0,0,0,0,0,0,0,0,0,0,0,0,0,0,0,0,0,0,0,0,0,0,0,0,0,0
l3,15=100,99,98,0,97,96,69,0,0,0,97,0,0,0,0,0,0,0,0,0,0,0,0,0,0,0,0,0,0,0,0,0,0,0,0,0,0,0,0,0
l4,15=98,99,99,93,0,100,98,95,0,91,97,0,0,93,0,0,0,0,0,0,0,0,0,0,0,0,0,0,0,0,0,0,0,0,0,0,0,0,0,0
l5,15=98,97,99,96,100,0,98,96,85,96,97,0,0,97,0,73,0,0,0,0,0,0,0,0,0,0,0,0,0,0,0,0,0,0,0,0,0,0,0,0
l6,15=97,97,99,93,97,96,0,97,95,96,97,96,97,96,0,97,8,0,0,0,0,0,29,0,0,0,0,0,0,0,0,0,0,0,0,0,0,0,0,0
l7,15=97,53,99,58,97,95,98,0,98,96,100,0,0,91,85,0,98,0,0,0,0,0,0,0,0,0,0,0,0,0,0,0,0,0,0,0,0,0,0,0
l8,15=87,0,0,9,0,55,61,89,0,100,99,72,64,95,94,98,0,0,0,22,2,21,64,0,66,0,0,0,0,0,0,0,0,0,0,0,0,0,0,0
l9,15=98,52,0,0,85,97,95,99,100,0,100,71,0,99,47,100,92,29,0,0,79,28,8,1,0,0,0,0,0,0,0,0,0,0,0,0,0,0,0,0
l10,15=95,92,33,93,97,95,97,99,98,100,0,0,98,97,82,0,0,0,0,0,0,0,0,0,0,0,0,0,0,0,0,0,0,0,0,0,0,0,0,0
l11,15=0,0,0,0,0,0,78,0,58,84,0,0,98,98,66,100,100,83,0,0,45,22,69,69,64,100,0,0,0,0,0,0,0,0,0,0,88,0,59,0
l12,15=0,0,0,0,0,0,60,0,93,0,99,100,0,99,100,100,100,100,0,2,70,0,82,87,100,100,0,0,0,0,0,0,0,62,0,0,42,0,60,0
l13,15=0,56,46,0,96,88,74,48,63,100,99,99,99,0,97,100,96,99,0,10,15,18,9,35,66,96,0,0,0,0,0,0,0,0,0,0,0,0,0,0
l14,15=0,1,0,0,0,0,0,3,59,73,46,11,100,98,0,98,100,99,0,0,32,0,0,99,100,100,0,0,0,0,0,0,0,73,0,0,0,0,16,0
l15,15=0,0,0,0,0,46,73,0,60,99,0,100,64,98,97,0,100,99,0,0,46,54,20,99,98,92,0,0,0,0,0,0,0,0,0,80,0,0,62,0
l16,15=0,0,0,0,0,0,10,42,0,79,0,84,54,85,98,94,0,79,75,64,44,23,84,0,90,43,0,0,0,0,0,0,1,37,0,85,82,75,51,43
l17,15=0,0,0,0,0,0,0,0,0,87,0,85,64,97,98,100,100,0,0,71,58,61,79,83,99,96,0,0,0,0,0,0,0,70,21,0,83,77,62,0
l18,15=0,0,0,0,0,0,0,0,0,0,0,0,0,0,0,0,73,0,0,7,68,50,64,0,0,0,0,0,0,0,0,0,0,0,0,0,0,0,0,0
l19,15=0,0,0,0,0,0,0,0,20,0,0,0,38,0,0,0,72,62,0,0,81,79,76,0,0,0,58,0,42,66,0,0,0,0,0,70,62,0,20,49
l20,15=0,0,0,0,0,0,0,0,0,86,0,61,54,0,26,78,80,78,66,86,0,99,89,0,0,0,0,0,0,0,0,0,0,0,0,91,83,4,58,65
l21,15=0,0,0,0,0,0,0,0,55,86,2,70,0,70,2,82,81,81,10,86,100,0,94,0,58,0,0,0,5,0,0,0,0,0,23,87,85,82,88,51
l22,15=0,0,0,0,0,0,4,0,45,60,0,54,44,0,0,27,82,64,46,77,91,90,0,0,0,0,63,0,0,0,0,33,0,2,0,73,69,69,44,49
l23,15=0,0,0,0,0,0,0,0,0,5,0,85,99,8,100,100,0,100,0,0,0,0,0,0,99,100,0,0,0,0,0,0,80,100,0,0,0,0,0,0
l24,15=0,0,0,0,0,0,0,0,60,0,0,84,100,89,100,100,100,99,0,0,0,1,0,99,0,100,0,0,0,0,0,0,80,9,0,0,89,0,2,0
l25,15=0,0,0,0,0,0,0,0,0,0,0,85,96,95,98,95,73,88,0,0,0,0,0,98,97,0,93,0,34,0,0,56,71,70,99,0,0,0,0,0
l26,15=0,0,0,0,0,0,0,0,0,0,0,0,0,0,0,0,0,0,0,74,0,0,72,0,0,78,0,92,88,95,97,97,76,5,97,0,0,0,0,0
l27,15=0,0,0,0,0,0,0,0,0,0,0,0,0,0,0,0,0,0,0,0,0,0,0,0,0,0,95,0,89,96,97,92,73,90,92,0,0,0,0,0
l28,15=0,0,0,0,0,0,0,0,0,0,0,0,0,0,0,0,0,0,0,61,0,14,51,0,0,54,98,96,0,96,98,93,68,92,91,0,0,0,0,0
l29,15=0,0,0,0,0,0,0,0,0,0,0,0,0,0,0,0,0,0,0,77,0,0,0,0,0,0,95,96,89,0,96,92,79,90,93,0,0,0,0,0
l30,15=0,0,0,0,0,0,0,0,0,0,0,0,0,0,0,0,0,0,0,0,0,0,0,0,0,0,98,96,89,96,0,90,73,92,0,0,0,0,0,0
l31,15=0,0,0,0,0,0,0,0,0,0,0,0,0,0,0,0,0,0,0,0,0,0,66,0,0,75,96,73,80,95,95,0,76,96,100,0,0,0,0,0
l32,15=0,0,0,0,0,0,0,0,0,0,0,0,76,0,0,0,23,0,0,0,28,0,0,90,90,79,96,89,82,96,95,97,0,96,100,0,0,0,0,0
l33,15=0,0,0,0,0,0,0,0,0,0,0,0,63,0,97,0,98,73,0,0,0,0,47,98,75,100,18,91,81,97,83,98,96,0,100,0,0,0,0,0
l34,15=0,0,0,0,0,0,0,0,0,0,0,0,34,0,73,0,16,1,0,0,0,42,0,0,0,81,98,88,81,94,0,97,84,96,0,0,0,0,0,0
l35,15=0,0,0,0,0,0,0,0,0,0,0,0,33,0,0,53,70,0,0,25,50,20,62,0,0,0,0,0,0,0,0,0,0,0,0,0,90,89,73,90
l36,15=0,0,0,0,0,0,0,0,0,0,0,60,27,0,0,0,81,57,0,64,53,47,74,0,54,0,0,0,0,0,0,0,0,0,0,98,0,95,90,59
l37,15=0,0,0,0,0,0,0,0,0,0,0,0,0,0,0,0,75,0,0,0,23,43,73,0,0,0,0,0,0,0,0,0,0,0,0,97,84,0,58,90
l38,15=0,0,0,0,0,0,0,0,0,0,0,48,51,0,1,80,81,78,0,37,55,51,75,0,5,0,0,0,0,0,0,0,0,0,0,96,91,93,0,59
l39,15=0,0,0,0,0,0,0,0,0,0,0,0,0,0,0,0,73,0,0,62,83,44,65,0,0,0,0,0,0,0,0,0,0,0,0,95,82,92,51,0

