t=2016-04-13_15.52.29

n=40

q0=1
q1=1
q2=1
q3=1
q4=1
q5=1
q6=1
q7=1
q8=1
q9=1
q10=1
q11=1
q12=1
q13=1
q14=1
q15=1
q16=1
q17=1
q18=1
q19=1
q20=1
q21=1
q22=1
q23=1
q24=1
q25=1
q26=1
q27=1
q28=1
q29=1
q30=1
q31=1
q32=1
q33=1
q34=1
q35=1
q36=1
q37=1
q38=1
q39=1

a0=0x141592000c576ce6
a1=0x141592000c5aedbc
a2=0x141592000c5750f4
a3=0x141592000c576658
a4=0x141592000c575890
a5=0x141592000c574ffa
a6=0x141592000c5acf11
a7=0x141592000d9df361
a8=0x141592000c576300
a9=0x141592000c5779b6
a10=0x141592000c5762b9
a11=0x141592000c5af078
a12=0x141592000c575517
a13=0x141592000c5752c3
a14=0x141592000c5a4baa
a15=0x141592000c5776e7
a16=0x141592000c58cdeb
a17=0x141592000c5881fc
a18=0x141592000bd81d33
a19=0x141592000bd84d6a
a20=0x141592000c577233
a21=0x141592000c574527
a22=0x141592000c5746a3
a23=0x141592000c574da3
a24=0x141592000c5741c9
a25=0x141592000da244ea
a26=0x141592000c5ae886
a27=0x141592000c57510e
a28=0x141592000c5ab6c8
a29=0x141592000c574d05
a30=0x141592000edae61f
a31=0x141592000c57667e
a32=0x141592000c577f43
a33=0x141592000c576449
a34=0x1415920010f4117a
a35=0x141592000c575966
a36=0x141592000c574d35
a37=0x141592000c576fb1
a38=0x141592000c5aea5d
a39=0x141592000c59f23f

l0,0=0,88,62,96,89,85,85,78,0,83,79,0,0,0,0,0,0,0,0,0,0,0,0,0,0,0,0,0,0,0,0,0,0,0,0,0,0,0,0,0
l1,0=86,0,84,91,90,87,74,83,82,71,82,0,0,53,0,0,0,0,0,0,0,0,0,0,0,0,0,0,0,0,0,0,0,0,0,0,0,0,0,0
l2,0=60,92,0,90,89,88,93,81,56,82,80,0,0,73,0,0,0,0,0,0,0,0,0,0,0,0,0,0,0,0,0,0,0,0,0,0,0,0,0,0
l3,0=88,88,84,0,91,84,84,77,73,0,70,0,0,0,0,0,0,0,0,0,0,0,0,0,0,0,0,0,0,0,0,0,0,0,0,0,0,0,0,0
l4,0=86,87,85,91,0,86,74,63,67,70,71,0,0,51,0,0,0,0,0,0,0,0,0,0,0,0,0,0,0,0,0,0,0,0,0,0,0,0,0,0
l5,0=85,92,85,85,86,0,86,73,70,84,74,47,0,58,0,0,0,0,0,0,0,0,0,0,0,0,0,0,0,0,0,0,0,0,0,0,0,0,0,0
l6,0=75,75,90,78,76,80,0,86,69,71,70,47,0,68,0,46,15,0,0,0,0,0,0,0,0,0,0,0,0,0,0,0,0,0,0,0,0,0,0,0
l7,0=70,78,79,81,78,79,82,0,71,86,78,63,1,40,0,39,0,0,0,0,0,0,0,0,0,0,0,0,0,0,0,0,0,0,0,0,0,0,0,0
l8,0=0,54,0,35,41,58,83,69,0,92,57,79,61,91,64,83,58,27,0,0,0,46,1,46,71,0,0,0,0,0,0,0,0,0,0,0,0,0,42,0
l9,0=66,4,79,0,25,83,69,83,91,0,83,69,30,77,10,52,19,18,0,0,0,0,10,0,0,0,0,0,0,0,0,0,0,0,0,0,0,0,0,0
l10,0=58,82,80,68,82,80,70,90,73,95,0,75,43,79,0,65,35,0,0,0,0,0,0,0,0,0,0,0,0,0,0,0,0,0,0,0,0,0,0,0
l11,0=0,0,0,0,0,20,39,54,81,67,62,0,83,65,84,91,30,36,0,48,0,5,0,0,79,34,0,0,0,0,0,0,0,0,0,0,24,0,63,0
l12,0=0,0,0,0,0,0,0,0,66,43,7,83,0,85,83,91,46,97,0,0,46,22,0,83,94,80,0,0,0,0,0,0,0,45,0,0,15,0,74,0
l13,0=0,1,28,0,34,11,68,0,90,82,80,88,86,0,84,87,35,74,0,63,0,43,34,80,79,67,0,0,0,0,0,0,0,0,0,0,0,0,59,0
l14,0=0,0,0,0,0,0,0,0,82,4,0,57,86,69,0,84,49,33,0,0,56,0,18,56,87,81,0,0,0,0,0,0,0,47,0,0,4,0,59,0
l15,0=0,0,0,0,0,0,29,30,80,33,55,96,92,61,80,0,29,34,0,0,10,0,16,0,88,0,0,0,0,0,0,0,0,0,0,0,18,0,73,0
l16,0=0,0,0,0,0,0,32,0,72,56,0,40,42,24,83,53,0,36,0,67,42,34,23,18,85,0,0,0,0,0,0,0,0,31,0,4,9,0,79,60
l17,0=0,0,0,0,0,0,0,0,55,65,0,56,92,57,85,84,34,0,0,0,57,29,6,0,86,72,0,0,0,0,0,0,0,47,0,0,26,45,16,0
l18,0=0,0,0,0,0,0,0,0,0,0,0,0,0,0,0,0,0,0,0,0,57,28,54,0,0,0,0,0,0,0,0,0,0,0,0,0,0,0,0,0
l19,0=0,0,0,0,0,0,0,0,2,0,0,10,0,22,0,0,56,0,0,0,64,20,89,0,0,0,26,0,0,4,0,1,0,0,0,0,50,1,45,78
l20,0=0,0,0,0,0,0,0,0,0,0,0,0,19,3,35,20,23,22,47,88,0,75,87,0,0,0,0,0,0,0,0,11,0,0,0,16,43,78,90,90
l21,0=0,0,0,0,0,0,0,0,45,0,0,10,20,43,0,0,76,40,24,50,82,0,87,0,0,0,17,0,0,0,0,22,0,0,0,64,18,30,71,56
l22,0=0,0,0,0,0,0,0,0,29,26,0,0,0,18,29,27,25,18,42,88,82,74,0,0,0,0,18,0,0,0,0,0,3,0,0,20,79,50,69,78
l23,0=0,0,0,0,0,0,0,0,66,0,0,0,75,63,72,0,20,0,0,0,0,0,0,0,92,64,0,0,0,0,0,0,17,28,29,0,0,0,0,0
l24,0=0,0,0,0,0,0,0,0,84,0,0,51,91,54,77,83,30,32,0,0,0,0,0,86,0,80,0,0,0,0,0,0,37,51,23,0,0,0,32,0
l25,0=0,0,0,0,0,0,0,0,19,0,0,24,78,54,79,0,0,35,0,0,0,0,0,30,79,0,24,2,0,0,0,50,38,44,58,0,0,0,0,0
l26,0=0,0,0,0,0,0,0,0,0,0,0,0,0,0,0,0,0,0,0,58,0,36,54,0,0,53,0,74,96,91,87,88,71,68,53,0,0,0,0,0
l27,0=0,0,0,0,0,0,0,0,0,0,0,0,0,0,0,0,0,0,0,0,0,0,0,0,0,0,73,0,96,96,98,79,76,77,75,0,0,0,0,0
l28,0=0,0,0,0,0,0,0,0,0,0,0,0,0,0,0,0,0,0,0,4,0,0,0,0,0,1,82,99,0,96,98,86,77,68,78,0,0,0,0,0
l29,0=0,0,0,0,0,0,0,0,0,0,0,0,0,0,0,0,0,0,0,53,0,0,0,0,0,0,79,99,96,0,98,76,65,68,52,0,0,0,0,0
l30,0=0,0,0,0,0,0,0,0,0,0,0,0,0,0,0,0,0,0,0,0,0,0,0,0,0,0,77,100,96,96,0,70,77,78,0,0,0,0,0,0
l31,0=0,0,0,0,0,0,0,0,0,0,0,0,0,0,0,0,0,0,0,33,9,25,0,9,0,52,77,60,87,59,60,0,84,84,88,0,0,0,0,0
l32,0=0,0,0,0,0,0,0,0,0,0,0,0,0,0,0,0,0,0,0,0,0,0,0,23,46,56,62,57,64,51,62,80,0,85,92,0,0,0,0,0
l33,0=0,0,0,0,0,0,0,0,0,0,0,0,46,0,52,0,42,54,0,0,0,0,0,33,57,59,53,43,73,48,58,79,85,0,66,0,0,0,0,0
l34,0=0,0,0,0,0,0,0,0,0,0,0,0,0,0,0,0,0,0,0,0,31,0,0,62,54,76,62,61,72,51,0,89,91,75,0,0,0,0,0,0
l35,0=0,0,0,0,0,0,0,0,0,0,0,0,0,0,0,0,10,0,0,0,13,22,12,0,0,0,0,0,0,0,0,0,0,0,0,0,24,90,87,67
l36,0=0,0,0,0,0,0,0,0,0,0,0,23,10,1,11,36,14,26,0,62,58,16,32,0,0,0,0,0,0,0,0,0,0,0,0,29,0,87,91,95
l37,0=0,0,0,0,0,0,0,0,0,0,0,0,0,0,0,0,0,8,0,0,51,5,14,0,0,0,0,0,0,0,0,0,0,0,0,32,32,0,0,93
l38,0=0,0,0,0,0,0,0,0,27,0,0,21,35,23,23,64,33,0,0,46,76,35,29,0,0,0,0,0,0,0,0,0,0,0,0,54,53,0,0,97
l39,0=0,0,0,0,0,0,0,0,0,0,0,0,0,0,0,0,23,0,0,69,69,22,27,0,0,0,0,0,0,0,0,0,0,0,0,27,32,88,85,0

l0,1=0,80,78,85,80,81,76,45,21,59,56,0,0,0,0,0,0,0,0,0,0,0,0,0,0,0,0,0,0,0,0,0,0,0,0,0,0,0,0,0
l1,1=74,0,86,82,83,85,57,26,32,43,65,0,0,47,0,0,0,0,0,0,0,0,0,0,0,0,0,0,0,0,0,0,0,0,0,0,0,0,0,0
l2,1=77,87,0,83,80,90,83,69,0,65,71,0,0,0,0,13,0,0,0,0,0,0,0,0,0,0,0,0,0,0,0,0,0,0,0,0,0,0,0,0
l3,1=89,81,79,0,80,80,65,65,2,0,56,0,0,0,0,0,0,0,0,0,0,0,0,0,0,0,0,0,0,0,0,0,0,0,0,0,0,0,0,0
l4,1=71,81,73,78,0,80,49,68,31,46,18,0,0,31,0,0,0,0,0,0,0,0,0,0,0,0,0,0,0,0,0,0,0,0,0,0,0,0,0,0
l5,1=79,84,87,81,81,0,77,75,53,63,58,0,0,16,0,0,0,0,0,0,0,0,0,0,0,0,0,0,0,0,0,0,0,0,0,0,0,0,0,0
l6,1=67,69,85,51,48,66,0,71,49,55,61,42,7,50,0,0,22,0,0,0,0,0,0,0,0,0,0,0,0,0,0,0,0,0,0,0,0,0,0,0
l7,1=31,34,73,62,55,76,77,0,57,63,75,19,1,22,0,7,0,0,0,0,0,0,0,0,0,0,0,0,0,0,0,0,0,0,0,0,0,0,0,0
l8,1=7,42,4,0,42,60,67,71,0,74,56,46,0,72,58,48,49,26,0,0,0,42,1,18,0,0,0,0,0,0,0,0,0,0,0,0,0,0,0,0
l9,1=42,62,73,0,65,75,52,72,70,0,74,43,32,71,40,41,40,35,0,0,0,0,0,0,0,0,0,0,0,0,0,0,0,0,0,0,0,0,0,0
l10,1=57,74,79,68,68,75,76,81,58,73,0,33,0,67,0,42,10,0,0,0,0,0,0,0,0,0,0,0,0,0,0,0,0,0,0,0,0,0,0,0
l11,1=0,0,0,0,1,0,24,24,25,18,6,0,60,75,67,65,54,67,0,11,4,5,0,1,35,1,0,0,0,0,0,0,0,0,0,14,30,0,21,0
l12,1=0,0,0,0,0,0,0,0,0,8,0,54,0,57,76,58,55,74,0,0,20,23,6,42,77,46,0,0,0,0,0,0,0,0,0,0,1,0,18,0
l13,1=0,5,0,0,17,1,24,0,46,45,19,77,46,0,63,26,50,51,0,11,10,26,5,18,21,29,0,0,0,0,0,0,0,0,0,0,0,0,25,0
l14,1=0,0,0,0,2,0,0,0,20,14,0,32,60,48,0,36,58,42,0,0,28,20,3,51,42,50,0,0,0,0,0,0,0,0,0,0,0,0,0,0
l15,1=0,0,3,0,0,0,13,6,23,16,6,86,64,42,46,0,36,66,0,0,10,0,5,12,60,1,0,0,0,0,0,0,0,0,0,0,30,0,5,0
l16,1=0,0,0,0,0,0,15,0,17,4,0,23,36,40,59,20,0,46,0,5,28,29,10,0,23,31,0,0,0,0,0,0,3,0,0,19,26,0,13,15
l17,1=0,0,0,0,0,0,0,0,16,9,0,62,69,45,52,48,70,0,0,0,25,0,4,10,26,22,0,0,0,0,0,0,0,6,0,0,30,0,11,0
l18,1=0,0,0,0,0,0,0,0,0,0,0,0,0,0,0,0,0,0,0,33,51,48,41,0,0,0,0,0,0,0,0,0,0,0,0,0,0,0,0,0
l19,1=0,0,0,0,0,0,0,0,0,0,0,10,0,31,0,0,21,0,25,0,56,39,56,0,0,0,38,0,0,0,0,8,0,0,0,12,53,15,41,45
l20,1=0,0,0,0,0,0,0,0,0,0,0,0,31,34,31,12,47,32,45,48,0,69,52,0,0,0,0,0,0,0,0,27,0,0,0,6,61,27,62,56
l21,1=0,0,0,0,0,0,0,0,27,7,0,3,23,39,25,0,45,11,25,20,67,0,53,0,0,0,22,0,0,0,0,26,0,0,0,52,30,14,58,58
l22,1=0,0,0,0,0,0,0,0,16,8,0,0,22,34,9,19,45,25,25,53,64,67,0,0,0,0,31,0,0,0,0,0,0,0,0,51,59,7,21,59
l23,1=0,0,0,0,0,0,0,0,17,0,0,0,43,45,63,11,0,37,0,0,0,0,0,0,52,39,0,0,0,0,0,0,3,0,22,0,0,0,0,0
l24,1=0,0,0,0,0,0,0,0,0,0,0,23,55,40,68,44,47,38,0,0,0,0,0,48,0,48,0,0,0,0,0,0,17,21,18,0,1,0,0,0
l25,1=0,0,0,0,0,0,0,0,1,0,0,0,37,39,64,2,40,29,0,0,0,0,0,32,43,0,39,0,2,0,0,48,0,27,20,0,0,0,0,0
l26,1=0,0,0,0,0,0,0,0,0,0,0,0,0,0,0,0,0,0,0,17,0,20,17,0,0,29,0,43,81,70,73,76,68,54,33,0,0,0,0,0
l27,1=0,0,0,0,0,0,0,0,0,0,0,0,0,0,0,0,0,0,0,0,0,0,0,0,0,0,64,0,80,80,88,61,57,49,52,0,0,0,0,0
l28,1=0,0,0,0,0,0,0,0,0,0,0,0,0,0,0,0,0,0,0,13,0,0,0,0,0,23,84,86,0,82,74,73,44,46,58,0,0,0,0,0
l29,1=0,0,0,0,0,0,0,0,0,0,0,0,0,0,0,0,0,0,0,0,0,0,0,0,0,0,76,87,81,0,75,68,51,34,32,0,0,0,0,0
l30,1=0,0,0,0,0,0,0,0,0,0,0,0,0,0,0,0,0,0,0,0,0,0,0,0,0,0,64,90,79,81,0,51,41,49,0,0,0,0,0,0
l31,1=0,0,0,0,0,0,0,0,0,0,0,0,0,0,0,0,0,0,0,13,24,23,8,0,0,34,70,29,32,44,32,0,69,47,62,0,0,0,0,0
l32,1=0,0,0,0,0,0,0,0,0,0,0,0,0,0,0,0,9,0,0,0,0,0,0,17,20,0,60,29,20,40,29,71,0,51,76,0,0,0,0,0
l33,1=0,0,0,0,0,0,0,0,0,0,0,0,3,0,0,0,3,30,0,0,0,0,0,0,24,35,58,25,25,15,37,63,60,0,35,0,0,0,0,0
l34,1=0,0,0,0,0,0,0,0,0,0,0,0,0,0,4,0,6,0,0,0,17,0,0,30,28,37,51,31,29,38,0,72,79,45,0,0,0,0,0,0
l35,1=0,0,0,0,0,0,0,0,0,0,0,7,0,0,0,0,29,0,0,5,3,49,21,0,0,0,0,0,0,0,0,0,0,0,0,0,57,38,58,32
l36,1=0,0,0,0,0,0,0,0,0,0,0,28,1,0,0,22,32,23,0,29,55,24,26,0,1,0,0,0,0,0,0,0,0,0,0,59,0,40,49,52
l37,1=0,0,0,0,0,0,0,0,0,0,0,0,0,0,0,0,0,0,0,14,51,29,2,0,0,0,0,0,0,0,0,0,0,0,0,54,60,0,33,54
l38,1=0,0,0,0,0,0,0,0,0,0,0,16,23,28,0,0,25,9,0,21,62,54,11,0,0,0,0,0,0,0,0,0,0,0,0,60,66,22,0,52
l39,1=0,0,0,0,0,0,0,0,0,0,0,0,0,0,0,0,36,0,0,35,52,50,26,0,0,0,0,0,0,0,0,0,0,0,0,43,52,25,36,0

l0,2=0,58,67,77,70,69,77,71,54,79,64,0,0,0,0,0,0,0,0,0,0,0,0,0,0,0,0,0,0,0,0,0,0,0,0,0,0,0,0,0
l1,2=58,0,82,79,75,79,78,58,3,80,66,0,0,0,0,0,0,0,0,0,0,0,0,0,0,0,0,0,0,0,0,0,0,0,0,0,0,0,0,0
l2,2=7,68,0,76,57,83,87,76,52,83,67,0,0,0,0,9,0,0,0,0,0,0,0,0,0,0,0,0,0,0,0,0,0,0,0,0,0,0,0,0
l3,2=66,71,79,0,68,71,67,59,52,45,58,0,0,0,0,0,0,0,0,0,0,0,0,0,0,0,0,0,0,0,0,0,0,0,0,0,0,0,0,0
l4,2=59,66,73,74,0,74,77,76,49,79,36,0,0,0,0,0,0,0,0,0,0,0,0,0,0,0,0,0,0,0,0,0,0,0,0,0,0,0,0,0
l5,2=42,63,80,70,73,0,75,77,55,68,58,0,0,8,0,0,0,0,0,0,0,0,0,0,0,0,0,0,0,0,0,0,0,0,0,0,0,0,0,0
l6,2=49,57,82,44,54,60,0,68,38,68,60,17,21,23,0,12,0,0,0,0,0,0,0,0,0,0,0,0,0,0,0,0,0,0,0,0,0,0,0,0
l7,2=34,37,72,43,60,67,73,0,65,73,74,21,1,39,0,29,0,0,0,0,0,0,0,0,0,0,0,0,0,0,0,0,0,0,0,0,0,0,0,0
l8,2=0,0,7,6,8,27,8,72,0,87,67,43,1,70,1,42,5,4,0,0,0,24,18,0,1,1,0,0,0,0,0,0,0,0,0,0,0,0,0,0
l9,2=34,43,77,12,61,55,63,75,76,0,74,35,38,69,0,37,2,4,0,0,0,11,0,0,0,0,0,0,0,0,0,0,0,0,0,0,0,0,0,0
l10,2=34,57,72,52,28,65,78,80,70,86,0,35,0,65,0,16,0,0,0,0,0,0,0,0,0,0,0,0,0,0,0,0,0,0,0,0,0,0,0,0
l11,2=0,0,0,0,0,0,5,1,43,25,25,0,81,80,53,60,13,45,0,2,27,20,17,24,1,1,0,0,0,0,0,0,0,0,0,6,13,0,4,3
l12,2=0,0,0,0,0,0,6,0,1,26,0,80,0,40,77,58,18,46,0,0,0,23,1,60,56,36,0,0,0,0,0,0,0,0,0,0,0,0,6,0
l13,2=0,0,0,0,0,0,2,7,66,76,42,79,45,0,31,44,12,13,0,4,21,24,18,22,2,13,0,0,0,0,0,0,0,0,0,0,0,0,4,0
l14,2=0,0,0,0,0,0,0,0,17,0,0,61,81,37,0,31,22,9,0,0,22,0,0,59,19,29,0,0,0,0,0,0,0,19,0,0,0,0,5,0
l15,2=0,0,1,0,0,0,7,6,58,18,24,93,79,62,22,0,3,21,0,0,34,0,0,0,34,0,0,0,0,0,0,0,0,0,0,0,4,0,3,2
l16,2=0,0,0,0,0,0,0,0,28,12,0,34,60,27,66,23,0,16,0,2,46,27,39,2,6,18,0,0,0,0,0,0,0,15,0,8,8,1,4,4
l17,2=0,0,0,0,0,0,0,0,27,17,0,89,81,34,32,51,26,0,0,0,35,20,25,24,11,0,0,0,0,0,0,0,0,15,0,0,6,0,4,0
l18,2=0,0,0,0,0,0,0,0,0,0,0,0,0,2,0,0,0,0,0,57,49,57,37,0,0,0,0,0,0,0,0,0,0,0,0,0,0,0,0,0
l19,2=0,0,0,0,0,0,0,0,0,0,0,21,0,18,0,0,2,0,8,0,60,2,52,0,0,0,11,0,0,0,0,23,0,0,0,9,54,0,44,51
l20,2=0,0,0,0,0,0,0,0,0,0,0,6,0,20,3,26,26,4,3,65,0,74,53,0,0,0,0,0,0,0,0,16,0,0,5,51,60,49,52,52
l21,2=0,0,0,0,0,0,0,0,33,14,0,33,35,24,0,0,17,3,8,0,72,0,54,0,0,0,0,0,0,0,0,0,0,17,0,48,60,43,50,55
l22,2=0,0,0,0,0,0,0,0,26,0,0,24,29,21,0,0,30,3,2,66,66,66,0,0,0,0,10,0,0,21,0,0,0,0,0,49,62,3,5,52
l23,2=0,0,0,0,0,0,0,0,0,0,0,51,73,45,63,0,0,8,0,0,0,0,0,0,25,32,0,0,0,0,0,0,0,0,7,0,0,0,0,0
l24,2=0,0,0,0,0,0,0,0,33,0,0,23,80,51,62,48,19,13,0,0,0,0,0,58,0,33,0,0,0,0,0,0,0,19,3,0,5,0,0,0
l25,2=0,0,0,0,0,0,0,0,27,0,0,1,74,42,57,1,16,0,0,0,0,0,0,45,21,0,20,0,0,0,0,30,31,22,6,0,0,0,0,0
l26,2=0,0,0,0,0,0,0,0,0,0,0,0,0,0,0,0,0,0,0,15,0,0,25,0,0,22,0,3,75,76,76,59,57,50,17,0,0,0,0,0
l27,2=0,0,0,0,0,0,0,0,0,0,0,0,0,0,0,0,0,0,0,0,0,0,0,0,0,0,9,0,72,88,85,55,53,32,22,0,0,0,0,0
l28,2=0,0,0,0,0,0,0,0,0,0,0,0,0,0,0,0,0,0,0,0,0,0,0,0,0,0,70,80,0,89,79,56,35,41,13,0,0,0,0,0
l29,2=0,0,0,0,0,0,0,0,0,0,0,0,0,0,0,0,0,0,0,0,0,0,28,0,0,0,68,81,75,0,74,45,38,0,0,0,0,0,0,0
l30,2=0,0,0,0,0,0,0,0,0,0,0,0,0,0,0,0,0,0,0,0,0,0,0,0,0,0,60,84,65,69,0,28,37,28,6,0,0,0,0,0
l31,2=0,0,0,0,0,0,0,0,0,0,0,0,0,0,0,0,0,0,0,14,33,0,0,0,0,21,62,24,40,35,37,0,63,36,22,0,0,0,0,0
l32,2=0,0,0,0,0,0,0,0,0,0,0,0,0,0,0,0,0,0,0,0,0,0,0,0,0,23,30,20,27,34,42,59,0,45,50,0,0,0,0,0
l33,2=0,0,0,0,0,0,0,0,0,0,0,0,0,0,32,0,13,3,0,0,0,16,12,0,4,26,27,19,35,0,45,35,47,0,11,0,0,0,0,0
l34,2=0,0,0,0,0,0,0,0,0,0,0,0,0,0,0,0,4,0,0,0,48,0,0,27,5,26,29,20,31,20,36,41,69,40,0,0,0,0,0,0
l35,2=0,0,0,0,0,0,0,0,0,0,0,1,0,0,0,0,7,0,0,1,35,38,42,0,0,0,0,0,0,0,0,0,0,0,0,0,67,51,53,53
l36,2=0,0,0,0,0,0,0,0,0,0,0,33,0,0,0,7,20,10,0,36,58,57,43,0,0,0,0,0,0,0,0,0,0,0,0,68,0,53,59,51
l37,2=0,0,0,0,0,0,0,0,0,0,0,0,0,0,0,0,0,0,0,0,52,46,32,0,0,0,0,0,0,0,0,0,0,0,0,66,70,0,51,49
l38,2=0,0,0,0,0,0,0,0,1,0,0,27,24,28,21,18,7,6,0,35,66,58,29,0,0,0,0,0,0,0,0,0,0,0,0,69,73,49,0,52
l39,2=0,0,0,0,0,0,0,0,0,0,0,0,0,0,0,1,8,0,0,47,54,57,40,0,0,0,0,0,0,0,0,0,0,0,0,57,54,40,47,0

l0,3=0,81,54,77,85,64,81,47,0,79,0,0,0,0,0,0,0,0,0,0,0,0,0,0,0,0,0,0,0,0,0,0,0,0,0,0,0,0,0,0
l1,3=87,0,78,84,86,68,79,3,54,79,71,0,0,0,0,0,0,0,0,0,0,0,0,0,0,0,0,0,0,0,0,0,0,0,0,0,0,0,0,0
l2,3=79,80,0,84,87,75,91,89,58,79,81,0,0,59,0,0,0,0,0,0,0,0,0,0,0,0,0,0,0,0,0,0,0,0,0,0,0,0,0,0
l3,3=87,85,80,0,86,66,79,0,23,0,57,0,0,0,0,0,0,0,0,0,0,0,0,0,0,0,0,0,0,0,0,0,0,0,0,0,0,0,0,0
l4,3=50,85,84,82,0,68,30,38,23,31,21,0,0,3,0,0,0,0,0,0,0,0,0,0,0,0,0,0,0,0,0,0,0,0,0,0,0,0,0,0
l5,3=87,84,91,78,86,0,79,85,46,62,73,20,0,60,1,0,0,0,0,0,0,0,0,0,0,0,0,0,0,0,0,0,0,0,0,0,0,0,0,0
l6,3=77,79,93,75,56,45,0,83,63,67,88,70,59,56,0,54,48,0,0,0,0,0,0,0,0,0,0,0,0,0,0,0,0,0,0,0,0,0,0,0
l7,3=61,18,67,0,59,47,84,0,86,81,90,0,0,72,0,72,27,0,0,0,0,0,0,0,0,0,0,0,0,0,0,0,0,0,0,0,0,0,0,0
l8,3=0,16,21,8,17,14,31,89,0,85,81,71,32,83,4,82,39,34,0,0,0,24,24,0,27,0,0,0,0,0,0,0,0,0,0,0,0,0,16,0
l9,3=43,35,34,12,31,22,34,87,87,0,91,26,31,81,15,45,0,0,0,0,19,1,0,0,0,0,0,0,0,0,0,0,0,0,0,0,0,0,0,0
l10,3=0,18,84,31,10,65,87,92,86,87,0,28,0,83,8,28,0,0,0,0,0,0,0,8,14,0,0,0,0,0,0,0,0,0,0,0,0,0,14,0
l11,3=0,0,0,0,0,5,65,0,77,56,62,0,82,86,62,93,28,78,0,14,26,26,42,64,57,23,0,0,0,0,0,0,0,0,0,0,63,0,61,0
l12,3=0,0,0,0,0,0,16,0,18,23,0,96,0,32,71,90,31,93,0,11,0,12,18,75,78,80,0,0,0,0,0,0,0,2,0,13,1,0,26,0
l13,3=0,0,10,0,0,15,11,19,88,88,80,93,57,0,0,80,27,52,15,8,15,6,25,38,16,24,0,0,0,0,0,0,0,0,0,0,0,0,24,0
l14,3=0,0,0,0,0,0,0,0,15,22,7,97,87,1,0,26,32,30,0,0,15,0,3,82,77,69,0,0,0,0,0,0,0,7,0,0,0,0,38,0
l15,3=0,0,0,0,0,0,16,24,82,36,30,97,82,83,12,0,60,70,0,4,21,6,0,30,65,0,0,0,0,0,0,0,0,0,0,0,0,0,27,15
l16,3=0,0,0,0,0,0,17,12,21,0,0,15,52,27,27,30,0,69,14,9,45,33,64,2,28,20,0,0,0,0,0,0,0,14,0,1,24,11,33,31
l17,3=0,0,0,0,0,0,0,0,38,0,0,81,87,64,15,57,61,0,0,0,37,10,30,36,60,0,0,0,0,0,0,0,0,2,0,20,40,2,54,26
l18,3=0,0,0,0,0,0,0,0,0,0,0,0,0,40,0,0,22,0,0,63,45,29,53,0,0,0,0,0,0,0,0,0,0,0,0,0,0,0,0,0
l19,3=0,0,0,0,0,0,0,0,0,0,0,1,38,22,0,1,12,0,57,0,87,86,92,0,0,0,0,0,0,49,0,48,0,0,0,0,79,14,65,26
l20,3=0,0,0,0,0,0,0,0,0,28,0,13,0,37,20,73,75,60,33,86,0,91,92,0,31,0,0,0,0,0,0,0,0,0,2,46,87,70,88,84
l21,3=0,0,0,0,0,0,0,0,74,13,0,61,69,27,0,28,72,49,32,80,92,0,88,0,0,0,0,0,0,0,0,0,1,20,0,36,84,39,82,58
l22,3=0,0,0,0,0,0,0,0,36,0,0,40,33,45,0,0,70,49,48,93,94,91,0,0,0,0,40,0,0,36,0,0,0,0,0,87,83,6,82,84
l23,3=0,0,0,0,0,0,0,0,0,0,0,27,69,32,34,24,2,30,0,0,0,0,0,0,71,67,0,0,0,0,0,0,0,12,0,0,0,0,0,0
l24,3=0,0,0,0,0,0,0,0,21,0,3,49,85,24,33,60,46,63,0,0,16,0,0,82,0,67,0,0,0,0,0,0,0,49,0,0,18,0,20,0
l25,3=0,0,0,0,0,0,0,0,0,0,0,19,69,28,30,0,24,0,0,0,0,0,0,73,60,0,11,0,0,3,0,30,27,55,48,0,0,0,0,0
l26,3=0,0,0,0,0,0,0,0,0,0,0,0,0,0,0,0,0,0,0,0,0,0,48,0,0,18,0,69,95,93,94,88,73,32,81,0,0,0,0,0
l27,3=0,0,0,0,0,0,0,0,0,0,0,0,0,0,0,0,0,0,0,0,0,0,0,0,0,0,89,0,95,95,100,86,69,3,13,0,0,0,0,0
l28,3=0,0,0,0,0,0,0,0,0,0,0,0,0,0,0,0,0,0,0,0,0,0,0,0,0,0,93,99,0,95,94,82,56,68,57,0,0,0,0,0
l29,3=0,0,0,0,0,0,0,0,0,0,0,0,0,0,0,0,0,0,0,31,0,0,47,0,0,3,92,98,95,0,96,70,50,33,44,0,0,0,0,0
l30,3=0,0,0,0,0,0,0,0,0,0,0,0,0,0,0,0,0,0,0,0,0,0,0,0,0,0,90,99,87,89,0,67,68,37,0,0,0,0,0,0
l31,3=0,0,0,0,0,0,0,0,0,0,0,0,0,0,0,0,0,0,0,32,0,0,0,10,0,47,91,76,62,59,65,0,81,67,76,0,0,0,0,0
l32,3=0,0,0,0,0,0,0,0,0,0,0,0,1,0,0,0,0,0,0,0,0,0,0,0,0,60,74,64,58,57,80,90,0,74,88,0,0,0,0,0
l33,3=0,0,0,0,0,0,0,0,0,0,0,0,34,0,2,0,40,1,0,0,0,32,0,49,50,69,50,0,65,45,72,76,51,0,61,0,0,0,0,0
l34,3=0,0,0,0,0,0,0,0,0,0,0,0,0,0,0,0,0,0,0,0,15,0,0,25,0,65,63,23,60,55,21,81,81,68,0,0,0,0,0,0
l35,3=0,0,0,0,0,0,0,0,0,0,0,0,13,0,0,0,0,9,0,0,51,7,68,0,0,0,0,0,0,0,0,0,0,0,0,0,78,44,88,47
l36,3=0,0,0,0,0,0,0,0,0,0,0,52,6,0,0,0,59,62,0,70,76,67,60,0,17,0,0,0,0,0,0,0,0,0,0,90,0,76,87,58
l37,3=0,0,0,0,0,0,0,0,0,0,0,0,0,0,0,0,35,0,0,39,75,55,9,0,0,0,0,0,0,0,0,0,0,0,0,90,80,0,74,41
l38,3=0,0,0,0,0,0,0,0,16,0,0,74,59,45,48,56,58,53,0,65,85,47,74,0,18,0,0,0,0,0,0,0,0,0,0,90,90,41,0,45
l39,3=0,0,0,0,0,0,0,0,0,0,0,0,0,0,0,13,60,20,0,8,80,47,77,0,0,0,0,0,0,0,0,0,0,0,0,89,85,28,74,0

l0,4=0,68,70,89,84,84,82,76,46,90,52,0,0,0,0,0,0,0,0,0,0,0,0,0,0,0,0,0,0,0,0,0,0,0,0,0,0,0,0,0
l1,4=78,0,86,89,92,83,86,73,71,79,55,1,0,55,0,0,0,0,0,0,0,0,0,68,0,0,0,0,0,0,0,0,0,0,0,0,0,0,0,0
l2,4=80,82,0,87,92,86,86,84,10,80,87,0,0,80,0,0,0,0,0,0,0,0,0,0,0,0,0,0,0,0,0,0,0,0,0,0,0,0,0,0
l3,4=86,81,86,0,94,83,82,0,0,0,63,0,0,0,0,0,0,0,0,0,0,0,0,0,0,0,0,0,0,0,0,0,0,0,0,0,0,0,0,0
l4,4=69,79,83,87,0,68,56,78,72,70,0,0,0,0,0,0,0,0,0,0,0,0,0,0,0,0,0,0,0,0,0,0,0,0,0,0,0,0,0,0
l5,4=82,80,88,87,88,0,78,84,64,86,84,0,0,76,0,71,0,0,0,0,0,0,0,0,0,0,0,0,0,0,0,0,0,0,0,0,0,0,0,0
l6,4=77,81,89,82,80,76,0,98,72,86,88,74,47,0,0,64,69,0,0,0,0,0,0,0,0,0,0,0,0,0,0,0,0,0,0,0,0,0,0,0
l7,4=66,68,87,0,91,85,86,0,86,92,93,73,0,74,0,78,0,0,0,0,0,0,0,0,0,0,0,0,0,0,0,0,0,0,0,0,0,0,0,0
l8,4=0,66,0,4,78,38,56,76,0,91,75,74,71,90,71,78,76,56,0,0,40,71,62,0,35,0,0,0,0,0,0,0,0,0,0,0,0,0,0,0
l9,4=68,68,69,0,78,66,70,91,88,0,90,74,0,88,0,51,0,60,0,0,39,0,69,0,0,0,0,0,0,0,0,0,0,0,0,0,0,0,1,0
l10,4=62,62,85,74,0,76,86,93,84,92,0,74,68,87,75,73,0,44,0,0,0,0,0,0,0,0,0,0,0,0,0,0,0,0,0,0,0,0,0,0
l11,4=0,0,0,0,0,0,58,56,78,75,75,0,79,80,79,93,77,67,0,0,0,71,66,82,63,21,0,0,0,0,0,0,0,0,0,28,76,0,75,0
l12,4=0,0,0,0,0,0,2,0,75,0,64,87,0,81,87,85,87,93,0,1,29,0,0,86,87,81,0,0,0,0,0,0,29,34,0,0,31,0,74,0
l13,4=0,0,28,0,2,51,0,21,84,79,79,81,77,0,61,80,79,68,0,42,48,51,61,80,0,66,0,0,0,0,0,0,0,0,0,1,6,0,52,0
l14,4=0,0,0,0,0,0,0,0,74,10,74,87,93,79,0,0,79,60,0,0,56,0,2,92,91,74,0,0,0,0,0,0,0,74,75,0,32,0,76,0
l15,4=0,0,0,0,0,39,37,61,74,45,73,96,82,88,0,0,64,55,0,2,51,52,52,76,79,32,0,0,0,0,0,0,0,0,0,0,49,7,72,0
l16,4=0,0,0,0,0,0,44,0,70,0,0,85,87,79,86,80,0,86,51,62,66,83,76,67,78,66,0,0,0,0,0,0,0,28,1,68,72,0,84,71
l17,4=0,0,0,0,0,0,0,0,73,71,58,90,93,84,60,61,96,0,0,0,57,57,58,60,85,45,0,0,0,0,0,0,0,0,0,56,80,0,74,59
l18,4=0,0,0,0,0,0,0,0,0,0,0,0,0,0,0,0,69,0,0,80,23,68,37,0,0,0,0,0,0,0,0,0,0,0,0,0,0,0,0,0
l19,4=0,0,0,0,0,0,0,0,0,0,0,0,16,40,0,0,57,0,56,0,85,94,94,0,0,0,0,0,26,0,0,0,0,0,0,0,75,64,63,71
l20,4=0,0,0,0,0,0,0,0,29,24,0,0,24,45,67,61,77,61,8,82,0,71,94,0,70,0,0,0,34,0,0,0,29,0,0,2,90,77,88,72
l21,4=0,0,0,0,0,0,0,0,66,0,0,71,0,51,0,56,79,45,67,89,78,0,89,0,56,0,0,0,0,0,0,0,6,6,0,25,90,78,83,79
l22,4=0,0,0,0,0,0,0,0,43,49,0,46,0,49,0,32,70,37,54,98,86,87,0,0,0,0,58,0,0,21,0,0,0,11,0,72,90,78,85,63
l23,4=0,1,0,0,0,0,0,0,0,0,0,80,88,85,91,81,77,27,0,0,0,0,0,0,91,92,0,0,0,0,0,0,0,79,81,0,0,0,0,0
l24,4=0,0,0,0,0,0,0,0,51,0,0,56,89,0,92,83,75,73,0,0,53,44,0,98,0,77,0,0,0,0,0,0,0,71,0,0,0,0,4,0
l25,4=0,0,0,0,0,0,0,0,0,0,0,33,93,58,83,50,75,36,0,0,0,0,0,98,86,0,0,0,0,58,0,54,67,83,81,0,0,0,0,0
l26,4=0,0,0,0,0,0,0,0,0,0,0,0,0,0,0,0,0,0,0,3,0,0,74,0,0,0,0,91,98,100,100,99,93,78,94,0,0,0,0,0
l27,4=0,0,0,0,0,0,0,0,0,0,0,0,0,0,0,0,0,0,0,0,0,0,0,0,0,0,98,0,98,100,100,93,69,0,69,0,0,0,0,0
l28,4=0,0,0,0,0,0,0,0,0,0,0,0,0,0,0,0,0,0,0,68,62,0,0,0,0,0,100,100,0,100,94,81,88,91,90,0,0,0,0,0
l29,4=0,0,0,0,0,0,0,0,0,0,0,0,0,0,0,0,0,0,0,4,0,0,35,0,0,75,100,99,98,0,99,78,74,86,85,0,0,0,0,0
l30,4=0,0,0,0,0,0,0,0,0,0,0,0,0,0,0,0,0,0,0,0,0,0,0,0,0,0,100,100,96,100,0,95,87,88,0,0,0,0,0,0
l31,4=0,0,0,0,0,0,0,0,0,0,0,0,0,0,0,0,0,0,0,0,0,0,0,0,0,64,100,79,83,77,90,0,95,99,99,0,0,0,0,0
l32,4=0,0,0,0,0,0,0,0,0,0,0,0,70,0,0,0,0,0,0,0,59,0,0,0,0,88,92,83,93,89,92,100,0,98,99,0,0,0,0,0
l33,4=0,0,0,0,0,0,0,0,0,0,0,0,56,0,53,0,39,0,0,0,0,0,26,79,77,91,46,0,86,69,75,83,81,0,96,0,0,0,0,0
l34,4=0,0,0,0,0,0,0,0,0,0,0,0,0,0,54,0,19,0,0,0,18,0,0,80,25,87,90,64,89,88,0,100,95,100,0,0,0,0,0,0
l35,4=0,0,0,0,0,0,0,0,0,0,0,0,0,0,0,0,56,19,0,0,18,42,60,0,0,0,0,0,0,0,0,0,0,0,0,0,85,83,78,72
l36,4=0,0,0,0,0,0,0,0,0,0,0,40,17,3,0,34,41,48,0,53,54,44,75,0,0,0,0,0,0,0,0,0,0,0,0,70,0,84,79,72
l37,4=0,0,0,0,0,0,0,0,0,0,0,0,0,0,0,0,0,0,0,33,48,46,68,0,0,0,0,0,0,0,0,0,0,0,0,73,84,0,69,64
l38,4=0,0,0,0,0,0,0,0,0,0,0,68,39,21,61,57,68,2,0,47,78,50,77,0,0,0,0,0,0,0,0,0,0,0,0,79,89,78,0,71
l39,4=0,0,0,0,0,0,0,0,0,0,0,0,0,0,0,0,58,31,0,57,57,48,16,0,0,0,0,0,0,0,0,0,0,0,0,74,85,64,77,0

l0,5=0,77,69,73,77,74,76,66,4,67,76,0,0,4,0,0,0,0,0,0,0,0,0,0,0,0,0,0,0,0,0,0,0,0,0,0,0,0,0,0
l1,5=80,0,83,73,89,81,84,66,64,67,73,0,0,0,0,0,0,0,0,0,0,0,0,46,0,0,0,0,0,0,0,0,0,0,0,0,0,0,0,0
l2,5=78,88,0,65,82,75,83,59,12,67,76,0,0,0,0,0,0,0,0,0,0,0,0,0,0,0,0,0,0,0,0,0,0,0,0,0,0,0,0,0
l3,5=85,84,79,0,89,71,75,0,0,31,13,0,0,0,0,0,0,0,0,0,0,0,0,0,0,0,0,0,0,0,0,0,0,0,0,0,0,0,0,0
l4,5=72,84,76,73,0,74,69,68,70,66,66,0,0,59,0,10,0,0,0,0,0,0,0,0,0,0,0,0,0,0,0,0,0,0,0,0,0,0,0,0
l5,5=78,83,75,65,79,0,75,68,66,71,77,52,0,37,0,1,0,0,0,0,0,0,0,0,0,0,0,0,0,0,0,0,0,0,0,0,0,0,0,0
l6,5=78,78,73,40,74,67,0,70,65,75,79,62,0,0,0,0,36,0,0,0,0,0,0,0,0,0,0,0,0,0,0,0,0,0,0,0,0,0,0,0
l7,5=77,77,7,0,79,67,80,0,69,67,85,63,2,48,0,70,0,0,0,0,0,0,0,0,0,0,0,0,0,0,0,0,0,0,0,0,0,0,0,0
l8,5=0,10,0,0,72,26,67,68,0,79,78,76,24,84,43,39,47,57,0,0,7,11,44,46,53,0,0,0,0,0,0,0,0,0,0,0,0,0,0,0
l9,5=74,64,62,31,69,69,77,62,75,0,80,78,1,82,4,68,64,55,0,0,11,0,41,0,51,0,0,0,0,0,0,0,0,0,0,0,0,0,34,0
l10,5=75,66,70,31,69,68,75,71,73,81,0,63,0,57,58,64,4,41,0,0,0,0,0,0,0,0,0,0,0,0,0,0,0,0,0,0,0,0,0,0
l11,5=0,0,0,0,0,32,48,43,76,74,67,0,39,54,55,86,48,74,0,1,10,6,2,55,37,10,0,0,0,0,0,0,0,0,0,1,34,24,58,0
l12,5=0,0,0,0,0,0,0,0,15,4,0,84,0,45,86,55,80,79,0,0,11,0,0,62,66,43,0,0,0,0,0,0,22,19,0,9,26,0,45,0
l13,5=0,0,0,0,38,32,2,0,81,74,60,77,29,0,47,77,43,67,0,16,14,0,40,52,0,4,0,0,0,0,0,0,0,0,0,2,14,0,35,0
l14,5=0,0,0,0,0,0,0,0,56,8,51,85,77,49,0,37,49,64,0,0,16,0,16,75,80,26,0,0,0,0,0,0,0,33,26,0,0,0,52,0
l15,5=0,0,0,0,12,0,0,52,67,68,59,86,40,90,44,0,44,58,0,0,11,10,39,58,65,20,0,0,0,0,0,0,0,0,0,0,32,0,58,11
l16,5=0,0,0,0,0,0,8,0,38,40,0,70,46,38,51,31,0,77,0,30,14,13,41,0,52,15,0,0,0,0,0,1,0,0,20,31,23,28,61,40
l17,5=0,0,0,0,0,0,0,0,73,64,35,85,77,55,50,44,82,0,0,12,21,9,1,0,71,19,0,0,0,0,0,0,0,0,0,25,40,5,0,26
l18,5=0,0,0,0,0,0,0,0,0,0,0,0,0,0,0,0,0,0,0,26,0,56,50,0,0,0,0,0,0,0,0,0,0,0,0,0,0,0,0,0
l19,5=0,0,0,0,0,0,0,0,0,0,0,0,0,5,0,0,37,1,16,0,69,57,73,0,0,0,0,0,27,20,0,1,0,0,0,29,42,24,4,53
l20,5=0,0,0,0,0,0,0,0,17,28,0,4,10,30,34,14,44,40,0,71,0,60,73,0,22,0,10,0,6,0,0,0,24,0,4,0,34,40,64,39
l21,5=0,0,0,0,0,0,0,0,37,21,0,35,0,5,0,30,45,29,38,53,71,0,64,0,26,0,0,0,0,0,0,5,0,0,0,34,36,36,54,55
l22,5=0,0,0,0,0,0,0,0,33,40,0,0,13,33,2,27,25,0,22,79,71,49,0,0,0,0,16,0,0,0,0,0,0,0,0,29,42,42,65,0
l23,5=0,0,0,0,0,0,0,0,41,0,0,48,64,52,76,58,0,0,0,0,0,0,0,0,79,68,0,0,0,0,0,0,0,52,56,0,0,0,0,0
l24,5=0,0,0,0,0,0,0,0,57,44,0,59,75,0,87,69,68,58,0,0,13,8,0,76,0,65,0,0,0,0,0,0,0,33,17,0,0,0,0,0
l25,5=0,0,0,0,0,0,0,0,0,0,0,39,70,27,79,30,60,42,0,0,0,0,0,74,65,0,0,0,0,37,0,0,46,66,47,0,0,0,0,0
l26,5=0,0,0,0,0,0,0,0,0,0,0,0,0,0,0,0,0,0,0,10,41,0,50,0,0,0,0,70,95,90,87,83,81,60,62,0,0,0,0,0
l27,5=0,0,0,0,0,0,0,0,0,0,0,0,0,0,0,0,0,0,0,0,0,0,0,0,0,0,74,0,88,79,91,71,72,0,0,0,0,0,0,0
l28,5=0,0,0,0,0,0,0,0,0,0,0,0,0,0,0,0,0,0,0,53,49,0,0,0,0,0,85,87,0,92,91,73,78,73,62,0,0,0,0,0
l29,5=0,0,0,0,0,0,0,0,0,0,0,0,0,0,0,0,0,0,0,49,0,0,0,0,0,24,84,85,94,0,90,52,73,57,56,0,0,0,0,0
l30,5=0,0,0,0,0,0,0,0,0,0,0,0,0,0,0,0,0,0,0,0,0,0,0,0,0,0,81,87,93,84,0,70,10,67,0,0,0,0,0,0
l31,5=0,0,0,0,0,0,0,0,0,0,0,0,0,0,0,0,10,0,0,8,0,1,0,2,0,0,75,58,65,36,56,0,80,71,71,0,0,0,0,0
l32,5=0,0,0,0,0,0,0,0,0,0,0,0,31,0,0,0,0,0,0,0,36,0,0,0,0,55,66,55,74,53,21,85,0,66,79,0,0,0,0,0
l33,5=0,0,0,0,0,0,0,0,0,0,0,0,29,0,63,0,0,0,0,0,0,0,0,63,60,55,51,0,68,54,62,59,64,0,62,0,0,0,0,0
l34,5=0,0,0,0,0,0,0,0,0,0,0,0,28,0,62,0,52,0,0,0,50,0,0,63,51,50,55,0,67,49,0,79,88,81,0,0,0,0,0,0
l35,5=0,0,0,0,0,0,0,0,0,0,0,0,6,9,0,0,16,14,0,16,0,13,24,0,0,0,0,0,0,0,0,0,0,0,0,0,37,44,48,51
l36,5=0,0,0,0,0,0,0,0,0,0,0,39,10,18,0,20,18,31,0,26,12,12,44,0,0,0,0,0,0,0,0,0,0,0,0,32,0,50,58,66
l37,5=0,0,0,0,0,0,0,0,0,0,0,7,0,0,0,0,11,0,0,13,23,6,38,0,0,0,0,0,0,0,0,0,0,0,0,40,56,0,54,40
l38,5=0,0,0,0,0,0,0,0,0,26,0,54,16,0,33,34,30,0,0,0,38,14,47,0,0,0,0,0,0,0,0,0,0,0,0,30,43,46,0,60
l39,5=0,0,0,0,0,0,0,0,0,0,0,0,0,0,0,0,14,0,0,33,11,16,0,0,0,0,0,0,0,0,0,0,0,0,0,32,46,35,59,0

l0,6=0,90,69,88,78,84,77,42,0,30,71,0,0,0,0,0,0,0,0,0,0,0,0,0,0,0,0,0,0,0,0,0,0,0,0,0,0,0,0,0
l1,6=87,0,87,89,90,79,83,3,28,68,44,0,0,0,0,0,0,0,0,0,0,0,0,20,0,0,0,0,0,0,0,0,0,0,0,0,0,0,0,0
l2,6=61,85,0,84,86,79,79,46,0,68,73,0,0,0,0,0,0,0,0,0,0,0,0,0,0,0,0,0,0,0,0,0,0,0,0,0,0,0,0,0
l3,6=85,86,79,0,90,82,57,0,0,56,0,0,0,0,0,0,0,0,0,0,0,0,0,0,0,0,0,0,0,0,0,0,0,0,0,0,0,0,0,0
l4,6=72,90,80,89,0,79,79,36,44,2,56,0,0,33,0,0,0,0,0,0,0,0,0,0,0,0,0,0,0,0,0,0,0,0,0,0,0,0,0,0
l5,6=82,77,77,78,81,0,73,64,42,68,76,0,0,9,0,0,0,0,0,0,0,0,0,0,0,0,0,0,0,0,0,0,0,0,0,0,0,0,0,0
l6,6=61,76,59,56,61,53,0,64,43,69,79,45,10,4,0,0,35,0,0,0,0,0,0,0,0,0,0,0,0,0,0,0,0,0,0,0,0,0,0,0
l7,6=33,9,55,0,68,76,73,0,53,64,79,49,0,0,0,52,0,0,0,0,0,0,0,0,0,0,0,0,0,0,0,0,0,0,0,0,0,0,0,0
l8,6=0,29,0,0,47,41,41,49,0,69,76,51,31,56,42,43,34,43,0,0,34,38,26,2,39,0,0,0,0,0,0,0,0,0,0,0,0,0,0,0
l9,6=7,53,48,50,0,72,70,44,58,0,76,43,39,52,41,46,24,28,0,0,2,0,25,0,4,0,0,0,0,0,0,0,0,0,0,0,0,0,0,0
l10,6=32,30,52,0,45,57,76,69,56,71,0,45,0,40,0,44,0,0,0,0,0,0,0,0,0,0,0,0,0,0,0,0,0,0,0,0,0,0,0,0
l11,6=0,0,0,0,0,0,34,19,28,21,41,0,49,47,54,66,40,42,0,0,19,0,0,4,44,20,0,0,0,0,0,0,0,0,0,0,4,2,22,0
l12,6=0,0,0,0,0,0,0,0,11,19,0,50,0,33,66,52,54,55,0,0,17,0,0,46,61,62,0,0,0,0,0,0,0,29,27,0,3,0,13,0
l13,6=0,0,0,0,32,0,2,0,57,35,38,47,39,0,47,48,27,41,0,8,12,0,25,32,42,19,0,0,0,0,0,0,0,0,0,0,24,0,21,0
l14,6=0,0,0,0,0,0,0,0,22,20,0,41,54,38,0,39,39,45,0,0,34,0,26,49,56,43,0,0,0,0,0,0,0,31,0,0,0,0,20,0
l15,6=0,0,0,0,0,0,0,29,20,29,37,64,50,44,48,0,37,49,0,0,23,35,21,37,51,27,0,0,0,0,0,0,0,0,0,1,16,0,22,0
l16,6=0,0,0,0,0,0,2,0,4,1,5,40,48,29,42,34,0,48,5,9,14,37,27,14,48,29,0,0,0,0,0,0,0,0,22,27,16,3,27,17
l17,6=0,0,0,0,0,0,0,0,25,10,0,43,48,44,56,50,54,0,0,0,49,37,16,0,50,32,0,0,0,0,0,0,0,21,0,0,13,1,23,0
l18,6=0,0,0,0,0,0,0,0,0,0,0,0,0,1,0,0,29,0,0,32,0,38,0,0,0,0,0,0,0,0,0,0,0,0,0,0,0,0,0,0
l19,6=0,0,0,0,0,0,0,0,0,0,0,0,0,34,0,0,28,0,25,0,58,48,59,0,0,0,4,0,0,40,0,29,0,0,0,0,42,0,0,38
l20,6=0,0,0,0,0,0,0,0,17,0,0,0,0,4,31,28,19,40,0,47,0,57,61,0,9,0,1,0,0,0,0,12,0,23,0,44,38,12,46,39
l21,6=0,0,0,0,0,0,0,0,19,8,0,0,26,0,0,31,31,34,13,43,63,0,59,0,0,0,0,0,2,0,0,15,0,0,0,46,27,2,35,38
l22,6=0,0,0,0,0,0,0,0,19,17,0,0,19,32,27,34,28,12,0,49,67,52,0,0,0,0,23,0,0,0,0,0,0,0,0,3,50,22,39,36
l23,6=0,0,0,0,0,0,0,0,0,0,0,0,50,36,52,36,0,0,0,0,0,0,0,0,65,66,0,0,0,0,0,18,0,36,35,0,0,0,0,0
l24,6=0,0,0,0,0,0,0,0,21,14,0,35,61,36,58,36,38,38,0,0,23,0,0,58,0,44,0,0,0,0,0,0,0,28,30,0,0,0,1,0
l25,6=0,0,0,0,0,0,0,0,2,0,0,15,60,26,53,24,29,32,0,0,0,0,0,63,54,0,0,0,0,0,0,0,24,40,2,0,0,0,0,0
l26,6=0,0,0,0,0,0,0,0,0,0,0,0,0,0,0,0,0,0,0,15,24,0,42,0,0,0,0,45,76,77,78,69,80,35,43,0,0,0,0,0
l27,6=0,0,0,0,0,0,0,0,0,0,0,0,0,0,0,0,0,0,0,0,0,0,0,0,0,0,66,0,74,77,84,58,55,0,0,0,0,0,0,0
l28,6=0,0,0,0,0,0,0,0,0,0,0,0,0,0,0,0,0,0,0,17,9,6,0,0,0,0,74,79,0,77,81,65,56,54,50,0,0,0,0,0
l29,6=0,0,0,0,0,0,0,0,0,0,0,0,0,0,0,0,0,0,0,28,0,0,0,0,0,0,74,82,77,0,46,43,46,37,33,0,0,0,0,0
l30,6=0,0,0,0,0,0,0,0,0,0,0,0,0,0,0,0,0,0,0,0,0,0,0,0,0,0,74,85,74,58,0,55,0,1,32,0,0,0,0,0
l31,6=0,0,0,0,0,0,0,0,0,0,0,0,0,0,0,0,0,0,0,32,34,7,0,27,0,0,68,35,54,44,39,0,71,67,64,0,0,0,0,0
l32,6=0,0,0,0,0,0,0,0,0,0,0,0,13,0,0,0,0,0,0,0,0,0,0,0,0,45,59,17,45,42,3,69,0,67,74,0,0,0,0,0
l33,6=0,0,0,0,0,0,0,0,0,0,0,0,43,0,43,0,0,29,0,0,36,0,0,41,46,53,36,0,50,38,23,57,69,0,59,0,0,0,0,0
l34,6=0,0,0,0,0,0,0,0,0,0,0,0,38,0,3,0,30,0,0,0,7,0,0,40,36,12,40,0,47,39,30,60,85,64,0,0,0,0,0,0
l35,6=0,0,0,0,0,0,0,0,0,0,0,0,0,0,0,0,10,0,0,0,41,42,15,0,0,0,0,0,0,0,0,0,0,0,0,0,33,32,25,39
l36,6=0,0,0,0,0,0,0,0,0,0,0,15,16,23,0,19,29,12,0,15,39,23,32,0,0,0,0,0,0,0,0,0,0,0,0,48,0,33,27,45
l37,6=0,0,0,0,0,0,0,0,0,0,0,0,0,0,0,0,11,0,0,0,33,0,28,0,0,0,0,0,0,0,0,0,0,0,0,51,59,0,24,33
l38,6=0,0,0,0,0,0,0,0,0,0,0,35,24,28,26,43,32,36,0,0,46,39,32,0,0,0,0,0,0,0,0,0,0,0,0,46,33,24,0,38
l39,6=0,0,0,0,0,0,0,0,0,0,0,0,0,0,0,0,25,0,0,21,41,38,46,0,0,0,0,0,0,0,0,0,0,0,0,48,57,27,40,0

l0,7=0,93,79,78,79,93,81,36,46,68,77,0,0,0,0,0,0,0,0,0,0,0,0,3,0,0,0,0,0,0,0,0,0,0,0,0,0,0,0,0
l1,7=95,0,83,91,87,93,87,88,4,74,57,0,0,0,0,0,0,0,0,0,0,0,0,0,0,0,0,0,0,0,0,0,0,0,0,0,0,0,0,0
l2,7=90,90,0,81,81,88,86,62,63,74,1,0,0,0,0,0,0,0,0,0,0,0,0,0,0,0,0,0,0,0,0,0,0,0,0,0,0,0,0,0
l3,7=90,91,77,0,87,89,77,54,47,47,67,0,0,0,0,0,0,0,0,0,0,0,0,0,0,0,0,0,0,0,0,0,0,0,0,0,0,0,0,0
l4,7=87,94,79,92,0,89,86,76,73,21,80,0,0,62,0,0,0,0,0,0,0,0,0,0,0,0,0,0,0,0,0,0,0,0,0,0,0,0,0,0
l5,7=93,90,75,77,82,0,86,88,62,73,82,1,0,31,0,27,0,0,0,0,0,0,0,0,0,0,0,0,0,0,0,0,0,0,0,0,0,0,0,0
l6,7=82,88,79,54,80,89,0,88,0,77,83,17,1,27,0,0,0,0,0,0,0,0,0,0,0,0,0,0,0,0,0,0,0,0,0,0,0,0,0,0
l7,7=13,59,51,44,53,89,86,0,57,79,83,15,0,32,0,52,12,0,0,0,0,0,0,0,0,0,0,0,0,0,0,0,0,0,0,0,0,0,0,0
l8,7=17,0,32,41,59,20,0,42,0,78,81,68,37,69,17,58,39,34,0,10,31,25,41,0,11,0,0,0,0,0,0,0,0,0,0,0,0,0,0,0
l9,7=17,19,39,33,0,41,84,90,78,0,85,61,31,70,4,62,0,9,0,0,6,28,12,0,1,2,0,0,0,0,0,0,0,0,0,0,0,0,4,0
l10,7=22,15,2,36,53,71,83,88,74,78,0,58,28,11,0,57,39,0,0,0,0,0,0,0,0,0,0,0,0,0,0,0,0,0,0,0,0,0,0,0
l11,7=0,0,0,0,0,1,18,10,46,40,34,0,56,19,14,79,51,28,0,0,28,21,19,9,7,1,0,0,0,0,0,0,0,0,0,8,6,0,19,0
l12,7=0,0,0,0,0,0,0,0,25,28,17,73,0,15,22,65,57,41,0,0,27,5,0,19,69,50,0,0,0,0,0,0,0,15,25,0,0,0,2,0
l13,7=0,0,0,0,32,3,19,24,70,63,3,63,26,0,18,64,24,35,0,0,16,6,22,13,6,18,0,0,0,0,0,0,0,0,0,6,10,0,9,0
l14,7=0,0,0,0,0,0,0,0,29,29,0,44,57,18,0,38,47,53,0,0,34,23,22,58,4,31,0,0,0,0,0,0,0,12,0,0,0,0,3,0
l15,7=0,0,0,0,1,11,0,21,51,53,28,80,60,43,17,0,30,31,0,6,33,31,25,18,3,13,0,0,0,0,0,0,0,0,0,0,9,3,23,0
l16,7=0,0,0,0,0,0,0,0,29,1,24,43,50,9,18,32,0,41,22,0,45,34,34,16,3,13,0,0,0,0,0,0,0,8,0,16,17,5,16,5
l17,7=0,0,0,0,0,0,0,0,38,32,0,46,41,16,20,39,49,0,0,7,54,28,0,10,16,0,0,0,0,0,0,0,0,12,0,0,18,0,4,1
l18,7=0,0,0,0,0,0,0,0,0,0,0,0,0,0,0,0,45,0,0,47,50,38,0,0,0,0,0,0,0,0,0,0,0,0,0,0,0,0,0,0
l19,7=0,0,0,0,0,0,0,0,24,0,0,0,14,1,0,4,0,0,40,0,62,55,65,0,0,0,0,0,6,15,0,39,0,0,0,0,18,0,12,27
l20,7=0,0,0,0,0,0,0,0,22,3,0,30,27,8,13,29,47,36,26,66,0,71,74,0,0,0,7,0,14,0,0,0,0,7,0,60,34,10,44,55
l21,7=0,0,0,0,0,0,0,0,25,31,0,14,23,1,19,42,46,31,22,50,68,0,69,0,0,0,0,0,0,0,0,0,0,0,0,55,35,20,32,54
l22,7=0,0,0,0,0,0,0,0,33,22,0,36,14,17,10,36,44,0,0,66,72,68,0,0,0,0,17,0,0,11,1,0,0,0,0,17,62,20,44,51
l23,7=0,0,0,0,0,0,0,0,0,1,0,19,47,15,58,47,31,25,0,0,0,0,0,0,70,69,0,0,0,0,0,0,0,16,37,0,0,0,0,0
l24,7=0,0,0,0,15,0,0,0,31,2,0,39,69,15,16,33,39,45,0,0,0,0,0,66,0,47,0,0,0,0,0,0,0,15,29,0,0,0,0,0
l25,7=0,0,0,0,0,0,0,0,0,16,0,0,64,46,51,41,28,0,0,0,0,0,0,65,28,0,0,0,0,5,0,3,16,35,0,0,0,0,3,0
l26,7=0,0,0,0,0,0,0,0,0,0,0,0,0,0,0,0,0,0,0,0,39,0,39,0,0,0,0,73,78,74,66,73,81,54,53,0,0,0,0,0
l27,7=0,0,0,0,0,0,0,0,0,0,0,0,0,0,0,0,0,0,0,0,0,0,0,0,0,0,79,0,76,74,80,25,37,0,0,0,0,0,0,0
l28,7=0,0,0,0,0,0,0,0,0,0,0,0,0,0,0,0,0,0,0,35,45,0,0,0,0,0,83,87,0,79,84,63,37,60,49,0,0,0,0,0
l29,7=0,0,0,0,0,0,0,0,0,0,0,0,0,0,0,0,0,0,0,45,0,0,38,0,0,10,79,84,78,0,80,45,54,54,4,0,0,0,0,0
l30,7=0,0,0,0,0,0,0,0,0,0,0,0,0,0,0,0,0,0,0,0,0,0,0,0,0,0,70,84,76,74,0,50,47,31,51,0,0,0,0,0
l31,7=0,0,0,0,0,0,0,0,0,0,0,0,0,0,0,0,23,0,0,48,0,0,0,7,0,4,75,2,60,18,42,0,76,81,74,0,0,0,0,0
l32,7=0,0,0,0,0,0,0,0,0,0,0,0,20,0,0,0,19,0,0,0,0,0,2,11,0,31,71,13,28,22,42,65,0,79,85,0,0,0,0,0
l33,7=0,0,0,0,0,0,0,0,0,0,0,0,42,0,44,0,23,35,0,0,34,0,0,38,20,35,43,0,34,13,29,52,70,0,64,0,0,0,0,0
l34,7=0,0,0,0,0,0,0,0,0,0,0,0,37,0,0,0,2,0,0,0,0,0,0,45,17,0,49,4,27,7,34,56,85,61,0,0,0,0,0,0
l35,7=0,0,0,0,0,0,0,0,0,0,0,2,0,0,0,0,35,0,0,0,46,47,1,0,0,0,0,0,0,0,0,0,0,0,0,0,48,55,39,56
l36,7=0,0,0,0,0,0,0,0,0,0,0,4,0,10,0,11,49,25,0,35,51,47,50,0,0,0,0,0,0,0,0,0,0,0,0,61,0,33,44,61
l37,7=0,0,0,0,0,0,0,0,0,0,0,0,0,0,0,1,22,0,0,0,41,29,19,0,0,0,0,0,0,0,0,0,0,0,0,67,44,0,25,33
l38,7=0,0,0,0,0,0,0,0,0,5,0,46,18,15,12,40,44,37,0,17,52,47,48,0,0,0,0,0,0,0,0,0,0,0,0,57,63,14,0,32
l39,7=0,0,0,0,0,0,0,0,0,0,0,0,0,0,0,0,9,0,0,18,47,51,45,0,0,0,0,0,0,0,0,0,0,0,0,61,64,12,30,0

l0,8=0,97,99,94,84,90,79,90,85,93,92,0,0,67,0,0,0,0,0,0,0,0,0,0,0,0,0,0,0,0,0,0,0,0,0,0,0,0,0,0
l1,8=92,0,99,94,84,90,83,94,86,71,94,0,0,0,0,0,0,0,0,0,0,0,0,0,0,0,0,0,0,0,0,0,0,0,0,0,0,0,0,0
l2,8=93,97,0,94,83,91,94,95,0,47,94,0,0,1,0,5,0,0,0,0,0,0,0,0,0,0,0,0,0,0,0,0,0,0,0,0,0,0,0,0
l3,8=90,97,97,0,87,85,83,86,0,0,5,0,0,0,0,0,0,0,0,0,0,0,0,0,0,0,0,0,0,0,0,0,0,0,0,0,0,0,0,0
l4,8=92,97,98,94,0,60,85,88,89,87,94,0,0,78,0,0,0,0,0,0,0,0,0,50,24,0,0,0,0,0,0,0,0,0,0,0,0,0,0,0
l5,8=93,97,99,94,72,0,87,94,89,63,94,55,0,68,0,0,0,0,0,0,0,0,0,0,0,0,0,0,0,0,0,0,0,0,0,0,0,0,0,0
l6,8=68,66,94,88,79,87,0,96,57,93,89,11,0,56,0,54,0,0,0,0,0,0,0,0,0,0,0,0,0,0,0,0,0,0,0,0,0,0,0,0
l7,8=81,93,94,87,79,88,90,0,94,98,98,13,0,92,0,0,72,12,0,0,0,0,0,0,0,0,0,0,0,0,0,0,0,0,0,0,0,0,0,0
l8,8=65,56,1,14,82,86,20,90,0,100,94,93,0,93,83,92,53,84,0,26,13,0,55,0,3,0,0,0,0,0,0,0,0,0,0,0,0,0,0,0
l9,8=76,0,5,0,61,48,90,95,97,0,99,54,56,91,73,93,0,55,0,0,0,14,1,88,76,0,0,0,0,0,0,0,0,0,0,0,0,0,23,0
l10,8=79,91,88,6,79,88,79,95,95,100,0,55,17,90,0,90,0,0,0,0,0,0,0,0,0,0,0,0,0,0,0,0,0,0,0,0,0,0,0,0
l11,8=0,0,0,0,0,20,2,0,83,90,58,0,99,73,89,99,97,93,0,0,13,25,22,74,71,67,0,0,0,0,0,0,0,0,0,36,41,0,26,0
l12,8=0,0,0,0,0,0,0,0,0,56,0,65,0,24,99,97,98,67,0,0,6,2,0,95,95,91,0,0,0,0,0,0,0,16,5,14,22,0,28,0
l13,8=12,0,0,42,34,6,36,58,99,99,88,67,17,0,87,91,78,56,0,0,14,25,3,87,68,71,0,0,0,0,0,0,0,0,0,1,13,0,37,0
l14,8=0,0,0,0,0,0,0,0,60,52,0,45,99,50,0,87,80,92,0,0,37,43,31,82,90,68,0,0,0,0,0,0,0,0,0,0,41,0,14,0
l15,8=0,0,0,0,0,0,5,0,80,92,90,98,65,68,92,0,89,93,0,0,33,49,54,88,74,31,0,0,0,0,0,0,0,0,0,0,44,0,42,0
l16,8=0,0,0,0,0,0,0,5,17,8,8,50,61,26,79,46,0,42,9,19,44,40,70,41,86,38,0,0,0,0,0,10,0,4,17,34,48,10,30,34
l17,8=0,0,0,0,0,0,0,0,47,50,0,57,54,41,94,96,84,0,0,6,44,2,49,51,68,2,0,0,0,0,0,0,0,21,0,0,37,0,39,5
l18,8=0,0,0,0,0,0,0,0,0,0,0,0,0,0,0,0,70,0,0,61,63,17,0,0,0,0,0,0,0,0,0,0,0,0,0,0,0,0,0,0
l19,8=0,0,0,0,0,0,0,0,22,0,0,0,0,0,0,0,63,45,40,0,77,61,77,0,0,0,37,0,45,0,0,65,0,0,0,22,59,1,0,58
l20,8=0,0,0,0,0,0,0,0,0,0,0,5,4,23,57,36,61,45,38,91,0,86,81,0,1,0,5,0,12,0,0,17,0,8,0,60,58,27,72,38
l21,8=0,0,0,0,0,0,0,0,0,41,0,12,6,37,60,46,57,0,0,38,79,0,81,0,0,0,0,0,0,0,0,0,0,2,0,63,52,30,47,41
l22,8=0,0,0,0,0,0,0,0,46,13,0,1,0,0,49,37,66,45,0,81,80,77,0,0,0,0,0,0,0,28,0,28,0,0,0,70,67,26,65,68
l23,8=0,0,0,0,5,0,0,0,0,63,0,39,90,60,88,75,74,57,0,0,0,0,0,0,95,91,0,0,0,0,0,0,50,34,32,0,0,0,0,0
l24,8=0,0,0,0,2,0,0,0,0,65,0,48,99,58,97,63,95,68,0,0,0,0,0,95,0,86,0,0,0,0,0,7,0,19,22,0,1,0,0,0
l25,8=0,0,0,1,0,0,0,0,8,0,0,46,94,56,79,46,71,0,0,0,0,0,0,95,69,0,0,0,0,50,0,25,54,47,28,0,0,0,6,0
l26,8=0,0,0,0,0,0,0,0,0,0,0,0,0,0,0,0,0,0,0,49,31,0,0,0,0,0,0,82,92,93,81,91,83,65,69,0,0,0,0,0
l27,8=0,0,0,0,0,0,0,0,0,0,0,0,0,0,0,0,0,0,0,0,0,0,0,0,0,0,93,0,92,93,94,0,76,0,71,0,0,0,0,0
l28,8=0,0,0,0,0,0,0,0,0,0,0,0,0,0,0,0,0,0,0,62,61,0,0,0,0,0,93,93,0,93,94,91,71,75,68,0,0,0,0,0
l29,8=0,0,0,0,0,0,0,0,0,0,0,0,0,0,0,0,0,0,0,0,0,0,43,0,0,62,93,93,94,0,94,90,64,52,65,0,0,0,0,0
l30,8=0,0,0,0,0,0,0,0,0,0,0,0,0,0,0,0,0,0,0,0,0,0,0,0,0,0,83,93,92,93,0,71,77,57,0,0,0,0,0,0
l31,8=0,0,0,0,0,0,0,0,0,0,0,0,0,0,0,0,69,0,0,60,58,0,46,0,29,52,92,0,86,88,70,0,81,84,86,0,0,0,0,0
l32,8=0,0,0,0,0,0,0,0,0,0,0,0,14,0,0,0,1,0,0,0,0,0,0,58,0,67,88,65,59,75,77,91,0,88,89,0,0,0,0,0
l33,8=0,0,0,0,0,0,0,0,0,0,0,0,69,0,0,0,30,64,0,0,53,0,0,58,41,68,70,0,67,74,76,84,79,0,43,0,0,0,0,0
l34,8=0,0,0,0,0,0,0,0,0,0,0,0,52,0,0,0,73,0,0,0,33,0,0,58,43,67,69,59,64,75,0,84,89,52,0,0,0,0,0,0
l35,8=0,0,0,0,0,0,0,0,0,0,0,5,0,0,0,0,33,0,0,7,41,36,33,0,0,0,0,0,0,0,0,0,0,0,0,0,67,52,59,67
l36,8=0,0,0,0,0,0,0,0,0,0,0,8,8,4,33,27,43,13,0,14,29,30,51,0,2,0,0,0,0,0,0,0,0,0,0,79,0,21,38,40
l37,8=0,0,0,0,0,0,0,0,0,0,0,0,0,0,0,0,38,0,0,0,30,28,34,0,0,0,0,0,0,0,0,0,0,0,0,80,54,0,33,28
l38,8=0,0,0,0,0,0,0,0,0,20,0,13,11,26,1,41,51,28,0,0,40,44,54,0,0,0,0,0,0,0,0,0,0,0,0,78,72,30,0,24
l39,8=0,0,0,0,0,0,0,0,0,0,0,0,0,0,0,0,55,0,0,32,64,66,49,0,0,0,0,0,0,0,0,0,0,0,0,82,68,27,34,0

l0,9=0,94,99,94,93,94,93,81,85,95,95,0,0,5,0,0,0,0,0,0,0,0,0,0,0,0,0,0,0,0,0,0,0,0,0,0,0,0,0,0
l1,9=93,0,99,98,93,98,94,83,96,99,96,0,0,0,0,0,0,0,0,0,0,0,0,11,0,0,0,0,0,0,0,0,0,0,0,0,0,0,0,0
l2,9=97,98,0,99,10,99,100,30,0,0,94,0,30,0,0,0,0,0,0,0,0,0,0,0,0,0,0,0,0,0,0,0,0,0,0,0,0,0,0,0
l3,9=90,92,90,0,93,95,93,78,0,1,89,0,0,0,0,0,0,0,0,0,0,0,0,0,0,0,0,0,0,0,0,0,0,0,0,0,0,0,0,0
l4,9=92,98,0,99,0,93,62,80,97,21,93,0,0,0,50,0,0,0,0,0,0,0,0,0,13,0,0,0,0,0,0,0,0,0,0,0,0,0,0,0
l5,9=92,98,99,99,92,0,100,94,96,97,99,0,0,50,0,0,0,0,0,0,0,0,0,0,0,0,0,0,0,0,0,0,0,0,0,0,0,0,0,0
l6,9=80,89,99,93,74,94,0,100,63,98,98,0,0,40,0,0,51,0,0,0,0,0,0,0,0,0,0,0,0,0,0,0,0,0,0,0,0,0,0,0
l7,9=84,79,41,83,91,97,100,0,98,100,99,28,4,98,0,52,0,0,0,0,0,0,0,0,0,0,0,0,0,0,0,0,0,0,0,0,0,0,0,0
l8,9=67,82,0,0,92,93,48,59,0,100,93,94,0,97,0,86,61,30,0,66,0,0,51,0,0,0,0,0,0,0,0,0,0,0,0,0,0,0,0,0
l9,9=83,82,0,27,0,96,99,100,100,0,99,100,18,94,92,92,82,0,0,0,0,0,5,76,23,0,0,0,0,0,0,0,0,0,0,0,0,0,0,0
l10,9=87,95,96,97,92,99,100,100,98,100,0,18,67,91,0,96,69,71,0,0,3,0,0,32,0,0,0,0,0,0,0,0,0,0,0,0,0,0,0,0
l11,9=0,0,0,0,0,0,0,3,57,93,30,0,96,42,97,98,70,37,0,3,70,61,39,87,60,30,0,0,0,0,0,0,0,0,0,0,25,0,63,0
l12,9=0,0,0,0,0,0,0,0,0,11,4,86,0,28,99,97,70,60,0,0,83,63,8,92,60,100,0,0,0,0,0,0,0,34,14,0,29,0,76,0
l13,9=3,0,0,11,0,33,34,34,99,100,88,98,38,0,88,97,69,2,0,21,69,79,0,77,56,30,0,0,0,0,0,0,0,0,0,0,22,0,74,0
l14,9=0,0,0,0,45,0,0,0,0,92,0,63,97,28,0,96,70,34,0,0,84,84,45,97,98,15,0,0,0,0,0,0,0,75,0,0,25,0,0,0
l15,9=0,0,0,1,0,0,0,0,45,95,95,100,60,34,97,0,70,35,0,0,76,86,46,78,60,0,0,0,0,0,0,0,0,0,0,0,27,20,77,0
l16,9=0,0,0,0,0,0,18,0,32,74,39,59,37,31,89,89,0,33,21,80,90,28,48,77,56,32,0,0,0,0,0,0,0,55,89,0,22,28,79,54
l17,9=0,0,0,0,0,0,0,0,48,0,77,64,38,6,100,98,71,0,0,92,86,86,51,0,25,29,0,0,0,0,0,0,0,82,0,0,0,0,47,55
l18,9=0,0,0,0,0,0,0,0,0,0,0,0,0,0,0,0,71,0,0,18,38,66,30,0,0,0,0,0,0,0,0,0,0,0,0,0,0,0,0,0
l19,9=0,0,0,0,0,0,0,0,39,0,0,0,0,0,0,0,68,73,2,0,91,90,85,0,0,0,69,0,63,0,0,67,0,0,0,2,61,18,77,86
l20,9=0,0,0,0,0,0,0,0,1,0,0,49,29,23,68,57,78,26,45,92,0,96,96,0,1,0,22,0,0,1,0,0,0,1,78,42,53,55,92,93
l21,9=0,0,0,0,0,0,0,0,6,1,0,33,31,22,73,71,49,24,11,93,99,0,91,0,0,0,0,0,0,0,0,0,0,43,0,26,28,42,79,56
l22,9=0,0,0,0,0,0,0,0,35,45,0,45,18,1,60,60,67,41,15,91,99,90,0,0,0,0,30,0,0,58,0,41,0,0,0,57,76,48,89,0
l23,9=0,0,0,0,0,0,0,0,0,72,0,58,97,31,98,83,69,0,0,0,0,0,0,0,98,100,0,0,0,0,0,0,84,93,91,0,0,0,0,0
l24,9=0,0,0,0,1,0,0,0,0,56,0,61,97,34,100,94,82,0,0,0,27,0,0,99,0,52,0,0,0,0,0,0,0,93,72,0,28,0,0,0
l25,9=0,0,0,5,0,0,0,0,0,0,0,54,97,28,48,0,67,27,0,0,0,0,0,99,94,0,0,0,0,25,0,0,85,95,77,0,0,0,62,0
l26,9=0,0,0,0,0,0,0,0,0,0,0,0,0,0,0,0,0,0,0,84,51,0,78,0,0,0,0,84,96,99,95,95,99,86,87,0,0,0,0,0
l27,9=0,0,0,0,0,0,0,0,0,0,0,0,0,0,0,0,0,0,0,0,0,0,0,0,0,0,94,0,96,99,100,88,80,0,0,0,0,0,0,0
l28,9=0,0,0,0,0,0,0,0,0,0,0,0,0,0,0,0,0,0,0,82,2,0,6,0,0,0,97,100,0,99,100,84,0,88,2,0,0,0,0,0
l29,9=0,0,0,0,0,0,0,0,0,0,0,0,0,0,0,0,0,0,0,0,14,0,51,0,0,2,97,100,96,0,100,97,25,86,84,0,0,0,0,0
l30,9=0,0,0,0,0,0,0,0,0,0,0,0,0,0,0,0,0,0,0,0,0,0,0,0,0,0,96,100,96,99,0,96,91,44,87,0,0,0,0,0
l31,9=0,0,0,0,0,0,0,0,0,0,0,0,0,0,0,0,0,0,0,41,13,0,33,0,0,0,96,34,90,94,92,0,99,100,99,0,0,0,0,0
l32,9=0,0,0,0,0,0,0,0,0,0,0,0,2,0,0,0,0,0,0,0,0,0,0,33,0,17,95,34,0,37,91,97,0,100,99,0,0,0,0,0
l33,9=0,0,0,0,0,0,0,0,0,0,0,0,32,0,35,0,33,37,0,0,8,19,0,89,89,90,53,0,87,41,38,96,96,0,95,0,0,0,0,0
l34,9=0,0,0,0,0,0,0,0,0,0,0,0,17,0,0,0,74,0,0,0,84,0,0,93,24,22,91,0,0,89,86,98,99,96,0,0,0,0,0,0
l35,9=0,0,0,0,0,0,0,0,0,0,0,0,0,0,0,0,0,0,0,6,60,78,38,0,0,0,0,0,0,0,0,0,0,0,0,0,79,53,86,74
l36,9=0,0,0,0,0,0,0,0,0,0,0,26,17,4,24,42,18,0,0,38,74,57,40,0,19,0,0,0,0,0,0,0,0,0,0,28,0,49,74,51
l37,9=0,0,0,0,0,0,0,0,0,0,0,0,0,0,0,6,22,0,0,11,72,61,36,0,0,0,0,0,0,0,0,0,0,0,0,26,29,0,77,50
l38,9=0,0,0,0,0,0,0,0,0,0,0,36,25,20,0,57,63,0,0,40,90,88,44,0,0,2,0,0,0,0,0,0,0,0,0,27,31,51,0,55
l39,9=0,0,0,0,0,0,0,0,0,0,0,0,0,0,0,0,49,25,0,69,78,82,0,0,0,0,0,0,0,0,0,0,0,0,0,24,43,41,73,0

l0,10=0,80,91,91,85,75,68,56,28,56,50,0,0,0,0,0,0,0,0,0,0,0,0,0,0,0,0,0,0,0,0,0,0,0,0,0,0,0,0,0
l1,10=91,0,91,91,85,86,87,63,29,39,46,0,0,0,0,0,0,0,0,0,0,0,0,0,0,0,0,0,0,0,0,0,0,0,0,0,0,0,0,0
l2,10=79,61,0,79,66,85,76,62,28,67,64,0,4,0,0,0,0,0,0,0,0,0,0,0,0,0,0,0,0,0,0,0,0,0,0,0,0,0,0,0
l3,10=97,66,91,0,95,77,68,50,0,40,4,0,0,0,0,0,0,0,0,0,0,0,0,0,0,0,0,0,0,0,0,0,0,0,0,0,0,0,0,0
l4,10=80,63,70,92,0,81,0,51,32,30,55,0,0,5,25,0,0,0,0,0,0,0,0,1,0,0,0,0,0,0,0,0,0,0,0,0,0,0,0,0
l5,10=71,60,91,70,73,0,76,67,32,66,67,0,0,60,0,0,0,0,0,0,0,0,0,0,0,0,0,0,0,0,0,0,0,0,0,0,0,0,0,0
l6,10=59,55,71,66,0,70,0,64,37,66,62,0,0,40,0,2,0,0,0,0,0,0,0,0,0,0,0,0,0,0,0,0,0,0,0,0,0,0,0,0
l7,10=62,56,68,59,60,72,76,0,40,77,71,24,15,63,20,0,0,0,0,0,0,0,0,0,0,0,0,0,0,0,0,0,0,0,0,0,0,0,0,0
l8,10=29,28,0,4,54,46,69,60,0,84,57,52,27,64,5,52,12,22,0,15,6,0,35,30,6,0,0,0,0,0,0,0,0,0,0,0,0,0,0,0
l9,10=35,29,59,43,10,53,74,66,42,0,68,52,53,65,34,46,0,0,0,0,0,21,1,24,13,0,0,0,0,0,0,0,0,0,0,0,0,0,0,0
l10,10=48,34,55,32,55,52,65,65,29,79,0,28,0,49,0,42,0,33,0,0,0,0,0,1,0,0,0,0,0,0,0,0,0,0,0,0,0,0,0,0
l11,10=0,0,0,0,0,2,0,31,25,58,42,0,67,66,53,79,36,62,0,0,44,45,0,35,42,51,0,0,0,0,0,0,0,0,0,14,41,0,27,0
l12,10=0,0,0,0,0,0,0,0,15,43,0,73,0,33,73,70,74,83,0,0,54,50,0,72,77,94,0,0,0,0,0,0,0,29,0,21,0,0,41,0
l13,10=0,0,0,0,1,47,52,46,39,68,55,60,38,0,39,57,51,10,0,0,47,42,0,29,36,16,0,0,0,0,0,0,0,0,0,0,0,0,28,0
l14,10=0,0,0,0,45,0,0,0,0,49,0,77,94,33,0,62,67,52,0,0,29,27,24,39,89,68,0,0,0,0,0,0,0,17,0,0,63,0,33,0
l15,10=0,0,0,0,0,0,1,0,24,47,60,87,47,53,45,0,56,45,0,9,50,0,16,0,36,27,0,0,0,0,0,0,0,0,0,0,11,0,32,0
l16,10=0,0,0,0,0,0,0,0,5,0,0,16,43,27,41,49,0,50,4,8,60,53,24,26,58,2,0,0,0,0,0,0,0,0,46,1,46,47,61,42
l17,10=0,0,0,0,0,0,0,0,15,0,22,85,57,5,60,77,86,0,0,9,51,62,42,0,42,44,0,0,0,0,0,0,0,15,0,0,53,0,41,43
l18,10=0,0,0,0,0,0,0,0,0,0,0,0,0,0,0,0,39,0,0,66,77,79,0,0,0,0,0,0,0,0,0,0,0,0,0,0,0,0,0,0
l19,10=0,0,0,0,0,0,0,0,7,0,0,0,0,1,0,30,47,33,63,0,84,70,79,0,0,0,41,0,0,0,0,9,4,0,0,40,0,25,0,62
l20,10=0,0,0,0,0,0,0,0,0,0,0,18,24,22,0,35,68,18,32,83,0,92,93,0,0,0,0,0,0,0,0,0,20,0,0,60,73,70,71,79
l21,10=0,0,0,0,0,0,0,0,0,31,0,35,24,23,15,1,64,30,37,48,91,0,87,0,0,0,0,0,0,0,0,0,0,38,0,49,41,45,65,69
l22,10=0,0,0,0,0,0,0,0,15,5,0,0,0,0,12,28,47,30,0,77,90,85,0,0,0,0,31,0,0,14,0,20,0,0,0,58,57,46,71,49
l23,10=0,0,0,0,0,0,0,0,20,38,0,60,94,32,52,0,58,0,0,0,0,0,0,0,96,100,0,0,0,0,0,1,38,58,0,0,0,0,0,0
l24,10=0,0,0,0,0,0,0,0,0,37,0,69,96,40,90,60,87,46,0,0,0,0,0,96,0,89,0,0,0,0,0,0,0,56,36,0,0,0,25,0
l25,10=0,0,0,29,0,0,0,0,0,0,0,67,95,11,88,21,9,36,0,0,0,0,0,96,92,0,31,0,0,0,0,26,40,98,65,0,0,0,29,0
l26,10=0,0,0,0,0,0,0,0,0,0,0,0,0,0,0,0,0,0,0,27,0,0,56,0,0,31,0,69,95,97,99,92,88,53,71,0,0,0,0,0
l27,10=0,0,0,0,0,0,0,0,0,0,0,0,0,0,0,0,0,0,0,0,0,0,0,0,0,0,78,0,90,96,100,54,0,0,69,0,0,0,0,0
l28,10=0,0,0,0,0,0,0,0,0,0,0,0,0,0,0,0,0,0,0,0,6,0,0,0,0,0,90,92,0,97,100,52,48,68,48,0,0,0,0,0
l29,10=0,0,0,0,0,0,0,0,0,0,0,0,0,0,0,0,0,0,0,0,24,0,45,0,0,0,90,92,95,0,100,85,61,0,61,0,0,0,0,0
l30,10=0,0,0,0,0,0,0,0,0,0,0,0,0,0,0,0,0,0,0,0,0,0,0,0,0,0,90,93,95,97,0,57,72,54,68,0,0,0,0,0
l31,10=0,0,0,0,0,0,0,0,0,0,0,0,0,0,0,0,0,0,0,18,0,0,59,25,0,57,90,69,81,92,91,0,98,100,100,0,0,0,0,0
l32,10=0,0,0,0,0,0,0,0,0,0,0,0,0,0,0,0,0,0,0,9,32,0,0,75,0,56,87,0,54,49,44,93,0,100,100,0,0,0,0,0
l33,10=0,0,0,0,0,0,0,0,0,0,0,0,38,0,18,0,0,13,0,0,11,26,0,88,81,96,66,0,78,0,56,97,98,0,98,0,0,0,0,0
l34,10=0,0,0,0,0,0,0,0,0,0,0,0,15,0,0,0,68,0,0,0,24,0,0,19,37,77,80,68,56,76,65,94,98,98,0,0,0,0,0,0
l35,10=0,0,0,0,0,0,0,0,0,0,0,0,6,0,0,0,0,0,0,14,55,49,39,0,0,0,0,0,0,0,0,0,0,0,0,0,77,59,56,45
l36,10=0,0,0,0,0,0,0,0,0,0,0,7,0,0,27,0,54,14,0,0,64,22,35,0,0,0,0,0,0,0,0,0,0,0,0,81,0,78,73,72
l37,10=0,0,0,0,0,0,0,0,0,0,0,0,0,0,0,0,54,0,0,10,59,41,28,0,0,0,0,0,0,0,0,0,0,0,0,65,73,0,54,50
l38,10=0,0,0,0,0,0,0,0,0,0,0,12,17,5,14,39,61,17,0,0,65,59,47,0,9,16,0,0,0,0,0,0,0,0,0,63,63,58,0,62
l39,10=0,0,0,0,0,0,0,0,0,0,0,0,0,0,0,0,54,10,0,29,68,64,40,0,0,0,0,0,0,0,0,0,0,0,0,51,73,60,71,0

l0,11=0,86,82,85,62,80,12,31,22,34,14,0,0,0,0,0,0,0,0,0,0,0,0,0,0,0,0,0,0,0,0,0,0,0,0,0,0,0,0,0
l1,11=77,0,82,80,62,82,71,61,31,39,42,19,0,0,0,0,0,0,0,0,0,0,0,0,0,0,0,0,0,0,0,0,0,0,0,0,0,0,0,0
l2,11=71,78,0,71,50,78,34,57,33,40,41,0,0,1,0,0,0,0,0,0,0,0,0,0,0,0,0,0,0,0,0,0,0,0,0,0,0,0,0,0
l3,11=79,79,81,0,65,78,39,0,0,9,26,0,0,0,0,0,0,0,0,0,0,0,0,0,0,0,0,0,0,0,0,0,0,0,0,0,0,0,0,0
l4,11=64,65,41,85,0,65,52,42,2,25,30,0,2,0,3,0,0,0,0,0,0,0,0,7,0,0,0,0,0,0,0,0,0,0,0,0,0,0,0,0
l5,11=68,69,77,66,51,0,63,58,39,66,33,1,0,5,0,0,0,0,0,0,0,0,0,0,0,0,0,0,0,0,0,0,0,0,0,0,0,0,0,0
l6,11=5,63,24,50,46,71,0,57,39,66,57,27,0,26,0,12,2,0,0,0,0,0,0,0,0,0,0,0,0,0,0,0,0,0,0,0,0,0,0,0
l7,11=44,67,51,10,40,70,62,0,49,70,71,28,27,49,0,5,0,0,0,0,0,0,0,0,0,0,0,0,0,0,0,0,0,0,0,0,0,0,0,0
l8,11=34,51,36,0,12,24,29,36,0,85,47,39,34,61,6,41,0,29,0,14,0,0,0,18,9,0,0,0,0,0,0,0,0,0,0,0,0,0,0,0
l9,11=42,39,10,33,29,41,39,57,50,0,65,46,31,49,0,25,4,0,0,0,0,28,0,1,11,0,0,0,0,0,0,0,0,0,0,0,0,0,0,0
l10,11=7,52,30,51,41,23,48,62,45,84,0,40,0,42,0,34,0,0,0,0,0,0,0,0,0,0,0,0,0,0,0,0,0,0,0,0,0,0,0,0
l11,11=0,23,0,0,0,0,15,31,45,64,50,0,62,59,36,89,34,45,0,0,16,16,37,20,25,18,0,0,0,0,0,0,0,0,0,19,0,0,41,0
l12,11=0,0,0,0,0,0,0,11,41,59,0,74,0,34,84,41,42,51,0,0,33,29,43,20,84,89,0,0,0,0,0,0,0,0,0,0,0,0,41,0
l13,11=0,0,0,0,0,3,16,44,53,69,53,60,34,0,26,65,28,38,0,2,27,24,0,17,22,16,0,0,0,0,0,0,0,0,0,0,0,0,30,0
l14,11=0,0,0,0,18,0,0,0,1,0,0,70,88,25,0,5,42,48,0,0,0,3,0,22,0,39,0,0,0,0,0,0,0,36,17,23,22,0,38,0
l15,11=0,0,0,0,0,0,15,4,47,64,53,90,74,74,7,0,37,44,0,13,36,25,21,10,0,21,0,0,0,0,0,0,0,0,0,18,20,0,39,0
l16,11=0,0,0,0,0,0,9,0,0,26,0,46,60,28,40,49,0,55,1,9,46,51,41,14,32,13,0,0,0,0,0,0,16,20,17,0,32,31,48,45
l17,11=0,0,0,0,0,0,0,0,34,28,29,86,74,35,44,50,46,0,0,0,36,36,46,17,24,0,0,0,0,0,0,0,0,0,0,0,30,0,35,26
l18,11=0,0,0,0,0,0,0,0,0,0,0,0,0,0,0,0,19,0,0,71,60,67,14,0,0,0,0,0,0,0,0,0,0,0,0,0,0,0,0,0
l19,11=0,0,0,0,0,0,0,0,11,0,0,0,0,0,0,19,25,0,30,0,75,65,67,0,0,0,30,0,0,0,0,14,0,0,0,31,15,22,0,46
l20,11=0,0,0,0,0,0,0,0,0,0,0,1,33,19,0,33,40,32,18,82,0,87,88,0,0,0,1,0,0,0,0,0,12,1,0,36,58,36,42,53
l21,11=0,0,0,0,0,0,0,0,0,45,0,26,28,24,12,18,64,33,20,76,86,0,87,0,5,0,0,0,0,0,0,0,0,0,0,5,23,30,66,48
l22,11=0,0,0,0,0,0,0,0,0,0,0,35,31,0,0,0,32,31,0,68,84,79,0,0,0,0,31,0,0,0,0,32,0,0,0,56,69,25,69,51
l23,11=0,0,0,0,7,0,0,0,26,8,0,56,85,30,44,3,32,26,0,0,0,0,0,0,97,99,0,0,0,0,0,5,48,42,0,0,0,0,0,0
l24,11=0,0,0,0,0,0,0,0,0,43,0,58,88,33,0,0,82,38,0,0,0,0,0,88,0,62,0,0,0,0,0,0,0,6,0,0,0,0,0,0
l25,11=0,0,0,0,0,0,0,0,0,0,0,38,88,21,87,15,22,0,0,0,0,0,0,91,95,0,0,0,0,0,0,20,30,87,0,0,0,0,0,0
l26,11=0,0,0,0,0,0,0,0,0,0,0,0,0,0,0,0,0,0,0,28,20,0,28,0,0,0,0,68,84,89,89,88,81,29,34,0,0,0,0,0
l27,11=0,0,0,0,0,0,0,0,0,0,0,0,0,0,0,0,0,0,0,0,0,0,0,0,0,0,60,0,79,95,93,49,0,0,36,0,0,0,0,0
l28,11=0,0,0,0,0,0,0,0,0,0,0,0,0,0,0,0,0,0,0,0,23,0,0,0,0,0,69,95,0,95,93,44,31,0,29,0,0,0,0,0
l29,11=0,0,0,0,0,0,0,0,0,0,0,0,0,0,0,0,0,0,0,0,0,0,0,0,0,0,68,95,84,0,93,81,34,29,34,0,0,0,0,0
l30,11=0,0,0,0,0,0,0,0,0,0,0,0,0,0,0,0,0,0,0,0,0,0,0,0,0,0,68,95,84,95,0,81,78,75,76,0,0,0,0,0
l31,11=0,0,0,0,0,0,0,0,0,0,0,0,0,0,0,0,0,0,0,28,0,0,61,21,0,27,69,74,72,85,84,0,88,100,100,0,0,0,0,0
l32,11=0,0,0,0,0,0,0,0,0,0,0,0,0,0,0,0,13,0,0,0,19,0,0,9,0,4,69,1,35,24,34,90,0,100,100,0,0,0,0,0
l33,11=0,0,0,0,0,0,0,0,0,0,0,0,0,0,32,0,15,0,0,0,27,0,0,60,5,94,55,0,0,65,76,96,95,0,98,0,0,0,0,0
l34,11=0,0,0,0,0,0,0,0,0,0,0,0,14,0,14,0,60,0,0,3,0,0,0,2,0,0,65,64,25,64,70,96,96,97,0,0,0,0,0,0
l35,11=0,0,0,0,0,0,0,0,0,0,0,3,0,0,11,6,0,0,0,9,39,0,50,0,0,0,0,0,0,0,0,0,0,0,0,0,83,36,39,48
l36,11=0,0,0,0,0,0,0,0,0,0,0,0,0,0,3,20,35,36,0,0,53,36,64,0,0,0,0,0,0,0,0,0,0,0,0,51,0,50,53,67
l37,11=0,0,0,0,0,0,0,0,0,0,0,0,0,0,0,0,32,0,0,1,40,39,23,0,0,0,0,0,0,0,0,0,0,0,0,31,43,0,39,50
l38,11=0,0,0,0,0,0,0,0,0,0,0,44,45,16,23,23,37,14,0,0,42,51,60,0,0,0,0,0,0,0,0,0,0,0,0,28,46,37,0,57
l39,11=0,0,0,0,0,0,0,0,0,0,0,0,0,0,0,0,33,0,0,17,44,47,53,0,0,0,0,0,0,0,0,0,0,0,0,30,79,38,76,0

l0,12=0,89,80,70,69,87,13,15,10,46,23,0,0,0,0,0,0,0,0,0,0,0,0,0,0,0,0,0,0,0,0,0,0,0,0,0,0,0,0,0
l1,12=81,0,69,65,25,74,72,67,0,33,50,47,0,0,0,0,0,0,0,0,0,0,0,0,0,0,0,0,0,0,0,0,0,0,0,0,0,0,0,0
l2,12=82,76,0,64,59,87,75,52,14,58,51,0,0,4,0,0,0,0,0,0,0,0,0,0,0,0,0,0,0,0,0,0,0,0,0,0,0,0,0,0
l3,12=84,83,76,0,69,86,0,11,0,1,36,0,0,0,0,0,0,0,0,0,0,0,0,0,0,0,0,0,0,0,0,0,0,0,0,0,0,0,0,0
l4,12=81,24,67,70,0,82,14,18,12,39,29,0,0,0,40,0,0,0,0,0,0,0,0,34,0,0,0,0,0,0,0,0,0,0,0,0,0,0,0,0
l5,12=73,75,77,65,60,0,67,65,56,68,53,0,0,25,0,0,0,0,0,0,0,0,0,7,0,0,0,0,0,0,0,0,0,0,0,0,0,0,0,0
l6,12=45,75,63,4,48,58,0,65,48,42,56,54,0,41,6,28,0,0,0,0,0,0,0,0,0,0,0,0,0,0,0,0,0,0,0,0,0,0,0,0
l7,12=64,75,48,47,55,71,68,0,56,69,78,27,20,60,0,0,0,0,0,0,0,0,0,0,0,0,0,0,0,0,0,0,0,0,0,0,0,0,0,0
l8,12=37,0,25,22,41,56,56,57,0,83,55,51,27,76,20,28,31,28,0,22,0,16,0,26,4,0,0,0,0,0,0,0,0,0,0,0,0,0,0,0
l9,12=40,0,48,12,43,67,19,65,58,0,68,36,24,63,0,28,40,4,0,0,21,20,0,0,12,0,0,0,0,0,0,0,0,0,0,0,0,0,0,0
l10,12=7,48,48,41,38,47,57,73,52,79,0,34,0,57,0,27,0,0,0,0,0,0,0,7,0,0,0,0,0,0,0,0,0,0,0,0,0,0,0,0
l11,12=0,29,0,0,0,0,61,40,54,58,44,0,34,69,60,84,51,74,0,0,15,12,20,22,12,13,0,0,0,0,0,0,0,0,0,0,15,1,37,0
l12,12=0,0,0,0,0,0,0,1,49,53,0,69,0,58,74,72,65,81,0,0,28,25,20,43,84,97,0,0,0,0,0,0,0,27,0,0,0,0,43,0
l13,12=0,0,0,0,0,14,53,56,61,68,46,76,31,0,55,79,52,47,0,0,24,18,0,41,28,12,0,0,0,0,0,0,0,0,0,0,0,0,1,0
l14,12=0,0,0,0,44,0,0,0,3,6,0,38,79,60,0,60,86,69,0,0,0,27,0,51,92,29,0,0,0,0,0,0,0,52,36,19,31,0,30,0
l15,12=0,0,0,0,0,0,60,0,55,57,44,90,59,87,60,0,55,59,0,19,26,21,3,25,36,30,0,0,0,0,0,0,0,0,0,0,0,0,37,0
l16,12=0,0,0,0,0,0,0,0,22,33,0,34,37,49,74,72,0,86,14,13,32,26,15,12,52,17,0,0,0,0,0,0,0,0,1,6,42,54,56,19
l17,12=0,0,0,0,0,0,0,0,26,34,0,57,51,59,66,83,84,0,0,18,48,36,20,31,15,0,0,0,0,0,0,0,0,27,0,0,38,0,33,0
l18,12=0,0,0,0,0,0,0,0,0,0,0,0,0,0,0,0,48,0,0,27,52,29,0,0,0,0,0,0,0,0,0,0,0,0,0,0,0,0,0,0
l19,12=0,0,0,0,0,0,0,0,16,0,0,0,0,0,0,23,47,26,17,0,78,75,71,0,0,0,34,0,14,0,0,41,5,0,0,11,0,0,12,54
l20,12=0,0,0,0,0,0,0,0,0,30,0,23,21,38,0,24,64,51,17,78,0,90,87,0,0,0,27,0,0,0,0,2,0,0,0,24,76,43,73,28
l21,12=0,0,0,0,0,0,0,0,27,35,0,27,20,41,41,27,51,59,19,81,85,0,86,0,21,0,18,0,0,0,0,0,0,0,0,18,37,44,78,39
l22,12=0,0,0,0,0,0,0,0,0,0,0,29,20,0,0,2,45,46,0,69,84,88,0,0,5,0,30,0,0,0,0,0,0,0,0,39,68,0,68,50
l23,12=0,0,0,0,49,0,0,0,5,0,0,29,38,72,82,28,20,43,0,0,0,0,0,0,92,99,0,0,0,0,0,29,18,44,0,0,0,0,0,0
l24,12=0,0,0,0,0,0,0,0,0,29,0,6,79,55,84,54,86,28,0,0,0,36,5,99,0,94,0,0,0,0,0,0,53,0,0,0,24,0,31,0
l25,12=0,0,0,0,0,0,0,0,0,0,0,51,79,34,46,42,51,0,0,0,0,0,0,100,92,0,0,0,0,0,0,55,47,52,63,0,0,0,0,0
l26,12=0,0,0,0,0,0,0,0,0,0,0,0,0,0,0,0,0,0,0,27,26,2,24,0,0,0,0,73,94,85,94,91,66,24,74,0,0,0,0,0
l27,12=0,0,0,0,0,0,0,0,0,0,0,0,0,0,0,0,0,0,0,0,0,0,0,0,0,0,79,0,92,94,94,81,0,13,14,0,0,0,0,0
l28,12=0,0,0,0,0,0,0,0,0,0,0,0,0,0,0,0,0,0,0,25,20,0,0,0,0,0,86,95,0,94,94,80,51,37,66,0,0,0,0,0
l29,12=0,0,0,0,0,0,0,0,0,0,0,0,0,0,0,0,0,0,0,0,0,0,0,0,0,0,83,95,94,0,94,82,70,69,84,0,0,0,0,0
l30,12=0,0,0,0,0,0,0,0,0,0,0,0,0,0,0,0,0,0,0,0,0,0,0,0,0,0,85,95,94,94,0,82,64,70,69,0,0,0,0,0
l31,12=0,0,0,0,0,0,0,0,0,0,0,0,0,0,0,0,0,0,0,53,29,0,0,49,5,76,86,80,81,85,93,0,96,100,100,0,0,0,0,0
l32,12=0,0,0,0,0,0,0,0,0,0,0,0,0,0,0,0,0,0,0,9,0,0,0,15,39,27,82,0,86,88,89,96,0,100,100,0,0,0,0,0
l33,12=0,0,0,0,0,0,0,0,0,0,0,0,31,0,52,0,0,15,0,0,0,0,0,40,5,81,74,22,65,58,58,100,96,0,98,0,0,0,0,0
l34,12=0,0,0,0,0,0,0,0,0,0,0,0,0,0,60,0,14,0,0,0,0,0,0,0,3,89,84,45,83,85,75,100,96,98,0,0,0,0,0,0
l35,12=0,0,0,0,0,0,0,0,0,0,0,0,0,0,15,0,27,0,0,10,37,0,19,0,0,0,0,0,0,0,0,0,0,0,0,0,84,67,64,31
l36,12=0,0,0,0,0,0,0,0,0,0,0,1,0,0,18,0,54,49,0,0,68,17,30,0,0,0,0,0,0,0,0,0,0,0,0,49,0,81,79,55
l37,12=0,0,0,0,0,0,0,0,0,0,0,0,0,0,0,0,47,0,0,0,40,17,0,0,0,0,0,0,0,0,0,0,0,0,0,41,62,0,47,45
l38,12=0,0,0,0,0,0,0,0,0,0,0,9,24,0,28,39,60,31,0,9,56,42,23,0,10,0,0,0,0,0,0,0,0,0,0,47,63,50,0,52
l39,12=0,0,0,0,0,0,0,0,0,0,0,0,0,0,0,0,40,0,0,48,43,29,48,0,0,0,0,0,0,0,0,0,0,0,0,34,63,67,73,0

l0,13=0,80,77,71,81,78,73,53,12,38,34,0,0,0,0,0,0,0,0,0,0,0,0,0,0,0,0,0,0,0,0,0,0,0,0,0,0,0,0,0
l1,13=82,0,77,71,66,78,68,44,0,30,39,0,0,0,19,0,0,0,0,0,0,0,0,0,0,0,0,0,0,0,0,0,0,0,0,0,0,0,0,0
l2,13=82,79,0,71,81,78,73,43,0,36,49,0,0,33,0,0,0,0,0,0,0,0,0,0,0,0,0,0,0,0,0,0,0,0,0,0,0,0,0,0
l3,13=85,92,77,0,82,78,71,49,8,0,42,0,0,0,0,0,0,0,0,0,0,0,0,0,0,0,0,0,0,0,0,0,0,0,0,0,0,0,0,0
l4,13=82,75,77,71,0,78,68,44,14,14,47,0,0,0,0,0,0,0,0,0,0,0,0,0,0,0,0,0,0,0,0,0,0,0,0,0,0,0,0,0
l5,13=82,76,77,70,81,0,70,43,20,41,49,0,0,36,0,0,0,0,0,0,0,0,0,0,0,0,0,0,0,0,0,0,0,0,0,0,0,0,0,0
l6,13=54,63,67,53,58,69,0,0,19,34,7,48,0,32,0,63,0,0,0,0,0,0,0,0,0,0,0,0,0,0,0,0,0,0,0,0,0,0,0,0
l7,13=33,64,52,46,42,36,0,0,25,46,59,20,20,35,0,0,0,0,0,0,0,0,0,0,0,0,0,0,0,0,0,0,0,0,0,0,0,0,0,0
l8,13=21,0,0,36,17,35,48,42,0,74,43,36,28,45,55,53,36,8,0,36,0,48,6,6,59,0,0,0,0,0,0,0,0,0,0,0,0,0,0,0
l9,13=28,49,50,3,20,64,58,44,33,0,63,34,28,50,35,65,34,10,0,0,52,46,0,0,0,0,0,0,0,0,0,0,0,0,0,0,0,0,0,0
l10,13=20,47,54,36,33,37,3,52,23,74,0,24,0,44,0,56,0,0,0,0,0,0,0,0,0,0,0,0,0,0,0,0,0,0,0,0,0,0,0,0
l11,13=0,0,0,0,0,0,55,26,11,18,29,0,82,94,69,91,44,75,0,0,66,58,53,55,54,43,0,0,0,0,0,0,0,0,0,0,0,0,50,0
l12,13=0,0,0,0,0,0,0,0,2,17,0,73,0,39,99,90,62,57,0,0,69,38,56,62,100,97,0,0,0,0,0,0,0,57,0,0,5,0,55,0
l13,13=0,0,15,0,0,18,52,42,39,73,44,95,38,0,64,91,41,16,0,2,64,57,0,56,42,40,0,0,0,0,0,0,0,0,0,0,0,0,50,0
l14,13=0,0,0,0,0,0,0,0,13,15,0,72,95,74,0,71,76,21,0,0,0,54,0,78,100,62,0,0,0,0,0,0,6,50,52,0,3,0,0,0
l15,13=0,0,0,0,0,0,55,0,7,20,32,95,93,94,57,0,68,41,0,38,66,56,0,57,63,50,0,0,0,0,0,0,0,0,0,0,10,0,50,0
l16,13=0,0,0,0,0,0,0,0,6,14,0,43,68,34,92,87,0,32,2,37,63,48,52,40,83,14,0,0,0,0,0,0,0,1,21,13,18,0,72,45
l17,13=0,0,0,0,0,0,0,0,9,20,0,84,93,79,76,89,69,0,0,39,90,85,50,52,86,0,0,0,0,0,0,0,0,51,0,0,20,0,62,0
l18,13=0,0,0,0,0,0,0,0,0,0,0,0,0,0,0,0,60,0,0,87,96,1,7,0,0,0,0,0,0,0,0,0,0,0,0,0,0,0,0,0
l19,13=0,0,0,0,0,0,0,0,18,0,0,0,0,0,0,48,56,25,58,0,98,95,88,0,0,0,2,0,0,6,0,5,0,0,0,22,31,46,61,72
l20,13=0,0,0,0,0,0,0,0,0,10,0,43,54,32,0,59,46,43,16,92,0,99,95,0,0,0,39,0,0,0,0,20,0,0,0,48,52,45,93,48
l21,13=0,0,0,0,0,0,0,0,10,18,0,66,36,41,43,51,55,50,0,92,98,0,95,0,52,0,5,0,0,0,0,0,0,0,0,9,0,0,86,85
l22,13=0,0,0,0,0,0,0,0,0,0,0,33,46,0,0,0,50,8,0,90,98,98,0,0,0,0,42,0,0,0,0,0,0,0,9,26,38,23,88,94
l23,13=0,0,0,0,0,0,0,0,0,2,0,51,68,52,98,81,37,8,0,0,0,0,0,0,88,99,0,0,0,0,0,0,0,33,4,0,0,0,0,0
l24,13=0,0,0,4,0,0,0,0,12,0,0,28,95,0,100,77,92,21,0,0,0,52,0,60,0,99,0,0,0,0,0,0,55,15,0,0,17,0,0,0
l25,13=0,0,0,0,0,0,0,0,0,0,0,28,95,33,97,66,39,0,0,0,0,0,0,100,99,0,0,0,0,4,0,40,55,83,88,0,0,0,0,0
l26,13=0,0,0,0,0,0,0,0,0,0,0,0,0,0,0,0,0,0,0,8,55,1,60,0,0,0,0,93,98,83,98,98,86,82,0,0,0,0,0,0
l27,13=0,0,0,0,0,0,0,0,0,0,0,0,0,0,0,0,0,0,0,0,0,0,0,0,0,0,86,0,96,99,99,85,79,78,51,0,0,0,0,0
l28,13=0,0,0,0,0,0,0,0,0,0,0,0,0,0,0,0,0,0,0,22,0,0,0,0,0,0,99,100,0,99,99,97,69,80,79,0,0,0,0,0
l29,13=0,0,0,0,0,0,0,0,0,0,0,0,0,0,0,0,0,0,0,36,0,0,0,0,0,2,79,100,98,0,99,89,87,78,77,0,0,0,0,0
l30,13=0,0,0,0,0,0,0,0,0,0,0,0,0,0,0,0,0,0,0,0,0,0,0,0,0,0,99,100,98,99,0,95,82,80,10,0,0,0,0,0
l31,13=0,0,0,0,0,0,0,0,0,0,0,0,0,0,0,0,0,0,0,23,61,0,0,0,0,76,99,97,95,97,99,0,100,99,100,0,0,0,0,0
l32,13=0,0,0,0,0,0,0,0,0,0,0,0,0,0,43,0,0,0,0,3,0,0,0,0,91,74,93,45,78,94,88,100,0,99,100,0,0,0,0,0
l33,13=0,0,0,0,0,0,0,0,0,0,0,0,78,0,76,0,0,18,0,0,0,0,0,58,50,93,96,35,94,89,92,93,97,0,96,0,0,0,0,0
l34,13=0,0,0,0,0,0,0,0,0,0,0,0,0,0,72,0,60,0,0,0,26,0,60,64,0,93,0,26,94,96,47,100,100,99,0,0,0,0,0,0
l35,13=0,0,0,0,0,0,0,0,0,0,0,0,0,0,0,0,42,0,0,23,73,43,59,0,0,0,0,0,0,0,0,0,0,0,0,0,89,84,86,64
l36,13=0,0,0,0,0,0,0,0,0,0,0,0,21,0,0,52,53,12,0,14,86,0,81,0,52,0,0,0,0,0,0,0,0,0,0,76,0,59,90,76
l37,13=0,0,0,0,0,0,0,0,0,0,0,0,0,0,0,0,0,0,0,44,71,0,5,0,0,0,0,0,0,0,0,0,0,0,0,26,23,0,72,50
l38,13=0,0,0,0,0,0,0,0,0,0,0,39,54,43,0,58,53,17,0,51,92,62,72,0,0,0,0,0,0,0,0,0,0,0,0,28,31,43,0,61
l39,13=0,0,0,0,0,0,0,0,0,0,0,0,0,0,0,0,46,0,0,65,71,64,79,0,0,0,0,0,0,0,0,0,0,0,0,27,28,42,85,0

l0,14=0,100,100,100,100,100,100,89,95,100,85,0,0,0,0,0,0,0,0,0,0,0,0,0,0,0,0,0,0,0,0,0,0,0,0,0,0,0,0,0
l1,14=100,0,100,100,100,100,24,0,0,0,60,0,0,43,0,0,0,0,0,0,0,0,0,0,3,0,0,0,0,0,0,0,0,0,0,0,0,0,0,0
l2,14=100,100,0,100,100,100,100,100,87,100,100,0,0,82,0,0,0,0,0,0,0,0,0,0,0,0,0,0,0,0,0,0,0,0,0,0,0,0,0,0
l3,14=100,100,100,0,100,100,100,88,0,79,100,0,0,0,0,0,0,0,0,0,0,0,0,0,0,0,0,0,0,0,0,0,0,0,0,0,0,0,0,0
l4,14=100,100,100,99,0,100,100,5,41,0,100,0,0,42,0,10,0,0,0,0,0,0,0,0,0,0,0,0,0,0,0,0,0,0,0,0,0,0,0,0
l5,14=100,100,100,100,100,0,100,100,98,100,100,0,0,92,0,48,0,0,0,0,0,0,0,0,0,0,0,0,0,0,0,0,0,0,0,0,0,0,0,0
l6,14=89,58,100,96,94,100,0,93,82,94,96,100,0,92,0,81,0,0,0,0,0,0,56,0,0,0,0,0,0,0,0,0,0,0,0,0,0,0,0,0
l7,14=58,13,100,98,46,99,100,0,100,100,100,0,0,97,0,31,31,0,0,0,0,0,0,0,0,0,0,0,0,0,0,0,0,0,0,0,0,0,0,0
l8,14=28,0,49,0,26,32,46,49,0,100,100,27,52,46,35,28,5,0,0,25,0,50,20,0,29,0,0,0,0,0,0,0,0,0,0,0,0,0,0,0
l9,14=47,0,55,46,0,77,56,99,100,0,100,43,0,100,44,81,34,33,0,0,38,50,0,32,23,0,0,0,0,0,0,0,0,0,0,0,0,0,0,0
l10,14=28,65,68,94,100,100,98,100,100,100,0,28,49,100,21,30,0,0,0,0,0,0,0,0,0,0,0,0,0,0,0,0,0,0,0,0,0,0,0,0
l11,14=0,0,0,0,0,0,98,0,39,99,29,0,98,99,99,97,94,97,0,15,88,94,74,74,9,56,0,0,0,0,0,0,0,0,0,0,56,0,65,0
l12,14=0,0,0,0,0,0,0,0,65,0,7,63,0,97,99,55,20,98,0,9,96,0,20,57,71,99,0,0,0,0,0,0,0,34,0,1,0,0,0,0
l13,14=0,72,51,0,58,57,80,96,95,100,87,100,98,0,72,97,54,97,0,50,0,93,6,56,62,96,0,0,0,0,0,0,0,0,0,0,0,0,83,0
l14,14=0,0,0,0,0,0,0,0,42,36,6,62,100,47,0,30,59,62,0,0,10,29,0,61,100,1,0,0,0,0,0,0,4,25,0,0,6,0,51,0
l15,14=0,0,0,0,11,22,73,0,98,68,31,100,98,98,72,0,74,97,0,22,34,46,0,58,64,88,0,0,0,0,0,0,0,0,0,0,12,0,88,0
l16,14=0,0,0,0,0,0,0,41,15,33,0,60,55,31,73,55,0,92,14,74,73,80,59,4,63,8,0,0,0,0,0,0,4,20,15,78,90,21,74,71
l17,14=0,0,0,0,0,0,0,0,0,37,0,98,98,97,73,94,59,0,0,65,98,96,32,59,64,50,0,0,0,0,0,0,0,0,0,45,31,0,97,0
l18,14=0,0,0,0,0,0,0,0,0,0,0,0,0,0,0,0,55,0,0,87,93,2,83,0,0,0,0,0,0,0,0,0,0,0,0,0,0,0,0,0
l19,14=0,0,0,0,0,0,0,0,2,0,0,0,80,5,0,30,53,89,72,0,98,91,88,0,0,0,0,0,0,78,0,0,0,0,0,79,90,92,87,87
l20,14=0,0,0,0,0,0,0,0,14,64,0,56,87,0,0,52,45,79,84,99,0,96,98,0,0,0,0,0,0,0,0,0,0,0,34,81,94,91,98,86
l21,14=0,0,0,0,0,0,0,0,90,69,3,57,66,92,60,57,88,90,0,97,99,0,98,0,57,0,0,0,0,0,0,0,0,0,0,87,93,85,0,96
l22,14=0,0,0,0,0,0,54,0,40,11,0,56,85,10,0,0,58,46,44,94,99,96,0,0,0,0,90,0,0,0,0,0,0,0,0,80,90,14,91,91
l23,14=0,0,0,0,0,0,0,0,0,38,0,27,95,47,100,55,21,54,0,0,0,0,0,0,20,100,0,0,0,0,0,0,35,29,24,0,0,0,0,0
l24,14=0,0,0,0,0,0,0,0,42,31,0,0,100,48,100,57,60,100,0,0,5,51,0,15,0,100,0,0,0,0,0,0,0,0,0,0,38,0,0,0
l25,14=0,0,0,0,0,0,0,0,0,0,0,27,100,89,0,44,6,51,0,0,0,0,0,99,99,0,0,0,2,1,0,0,35,59,61,0,0,0,0,0
l26,14=0,0,0,0,0,0,0,0,0,0,0,0,0,0,0,0,0,0,0,0,64,0,78,0,0,0,0,93,100,92,98,100,96,94,93,0,0,0,0,0
l27,14=0,0,0,0,0,0,0,0,0,0,0,0,0,0,0,0,0,0,0,0,0,0,0,0,0,0,96,0,100,98,100,93,89,89,0,0,0,0,0,0
l28,14=0,0,0,0,0,0,0,0,0,0,0,0,0,0,0,0,0,0,0,26,0,0,0,0,0,30,100,100,0,98,100,99,85,93,95,0,0,0,0,0
l29,14=0,0,0,0,0,0,0,0,0,0,0,0,0,0,0,0,0,0,0,84,0,0,0,0,0,0,96,100,100,0,100,94,90,0,92,0,0,0,0,0
l30,14=0,0,0,0,0,0,0,0,0,0,0,0,0,0,0,0,0,0,0,0,0,0,0,0,0,0,100,100,100,98,0,93,86,94,0,0,0,0,0,0
l31,14=0,0,0,0,0,0,0,0,0,0,0,0,0,0,0,0,0,0,0,0,0,0,0,0,0,0,100,79,99,96,89,0,99,100,99,0,0,0,0,0
l32,14=0,0,0,0,0,0,0,0,0,0,0,0,0,0,61,0,1,0,0,0,0,0,0,57,0,74,98,86,58,93,84,99,0,100,100,0,0,0,0,0
l33,14=0,0,0,0,0,0,0,0,0,0,0,0,88,0,94,0,79,0,0,0,0,0,0,94,0,98,97,79,96,0,96,99,98,0,100,0,0,0,0,0
l34,14=0,0,0,0,0,0,0,0,0,0,0,0,39,0,0,0,65,0,0,0,42,11,24,77,0,99,98,1,100,94,0,99,100,100,0,0,0,0,0,0
l35,14=0,0,0,0,0,0,0,0,0,0,0,0,45,0,0,0,53,39,0,83,93,82,56,0,0,0,0,0,0,0,0,0,0,0,0,0,99,99,94,94
l36,14=0,0,0,0,0,0,0,0,0,0,0,28,0,0,2,0,44,18,0,80,93,84,57,0,8,0,0,0,0,0,0,0,0,0,0,91,0,90,98,86
l37,14=0,0,0,0,0,0,0,0,0,0,0,0,0,0,0,0,1,0,0,78,88,0,0,0,0,0,0,0,0,0,0,0,0,0,0,89,87,0,84,86
l38,14=0,0,0,0,0,0,0,0,0,0,0,30,0,31,45,42,44,91,0,74,98,0,60,0,0,0,0,0,0,0,0,0,0,0,0,88,99,87,0,95
l39,14=0,0,0,0,0,0,0,0,0,0,0,0,0,0,0,0,46,0,0,89,93,85,58,0,0,0,0,0,0,0,0,0,0,0,0,82,89,92,87,0

l0,15=0,99,98,100,100,99,98,95,96,98,0,0,0,0,0,0,0,0,0,0,0,0,0,0,0,0,0,0,0,0,0,0,0,0,0,0,0,0,0,0
l1,15=96,0,98,97,100,98,98,95,96,96,97,0,0,98,57,0,0,0,0,0,0,0,0,0,29,0,0,0,0,0,0,0,0,0,0,0,0,0,0,0
l2,15=96,98,0,97,99,99,98,97,96,96,14,69,0,99,0,0,0,0,0,0,0,0,0,0,0,0,0,0,0,0,0,0,0,0,0,0,0,0,0,0
l3,15=100,99,98,0,100,97,0,31,0,0,11,0,0,0,0,0,0,0,0,0,0,0,0,0,0,0,0,0,0,0,0,0,0,0,0,0,0,0,0,0
l4,15=100,100,98,100,0,99,90,91,0,0,97,0,0,0,0,0,0,0,0,0,0,0,0,0,43,0,0,0,0,0,0,0,0,0,0,0,0,0,0,0
l5,15=96,99,98,97,100,0,98,97,97,98,97,0,0,99,0,82,0,0,0,0,0,0,0,0,0,0,0,0,0,0,0,0,0,0,0,0,0,0,0,0
l6,15=96,99,98,29,94,94,0,97,91,98,97,98,91,95,0,98,0,0,0,0,0,0,44,0,0,0,0,0,0,0,0,0,0,0,0,0,0,0,0,0
l7,15=59,60,98,96,90,97,98,0,97,98,100,0,0,87,27,0,71,0,0,0,0,0,0,0,0,0,0,0,0,0,0,0,0,0,0,0,0,0,0,0
l8,15=58,60,77,0,0,58,57,97,0,100,100,62,86,98,70,60,0,0,0,40,8,95,96,0,98,0,0,0,0,0,0,0,0,0,0,0,0,0,0,0
l9,15=99,44,0,0,0,99,98,99,100,0,100,80,0,100,31,99,59,36,0,0,97,98,2,7,0,0,0,0,0,0,0,0,0,0,0,0,0,0,0,0
l10,15=0,96,0,96,99,97,98,100,97,100,0,0,93,99,7,0,56,0,0,0,0,0,0,0,0,0,0,0,0,0,0,0,0,0,0,0,0,0,0,0
l11,15=0,0,0,0,16,0,60,0,99,95,0,0,100,100,94,100,99,72,0,1,94,98,98,98,97,98,0,0,0,0,0,0,0,0,0,0,98,0,76,0
l12,15=0,0,0,0,0,0,21,0,86,0,58,99,0,99,99,98,96,98,0,17,95,0,74,97,100,99,0,0,0,0,0,0,0,0,0,16,87,0,0,0
l13,15=0,59,94,0,0,60,59,61,98,100,61,100,99,0,96,99,62,71,0,3,2,56,69,95,96,95,0,0,0,0,0,0,0,0,0,0,0,0,0,0
l14,15=0,0,0,0,0,0,0,0,35,72,0,57,100,96,0,60,62,62,0,0,74,0,0,98,100,98,0,0,0,0,0,0,0,96,0,0,27,0,65,0
l15,15=0,0,0,0,0,36,60,0,99,95,0,100,86,99,98,0,62,72,0,0,93,98,0,98,98,95,0,0,0,0,0,0,0,0,0,79,0,0,79,0
l16,15=0,0,0,0,0,0,0,84,0,71,12,63,82,94,98,60,0,64,78,81,83,90,98,0,98,0,0,0,0,0,0,0,0,91,2,96,97,51,74,11
l17,15=0,0,0,0,0,0,0,0,0,83,0,63,86,99,98,60,62,0,0,88,92,98,98,98,98,97,0,0,0,0,0,0,0,95,77,0,89,45,79,0
l18,15=0,0,0,0,0,0,0,0,0,0,0,0,0,0,0,0,91,0,0,83,87,28,75,0,0,0,0,0,0,0,0,0,0,0,0,0,1,0,0,0
l19,15=0,0,0,0,0,0,0,0,9,0,0,0,62,0,0,0,50,47,52,0,98,97,92,0,0,0,48,0,0,43,0,0,0,0,0,63,70,0,48,47
l20,15=0,0,0,0,0,0,0,0,0,86,0,56,81,0,89,59,58,66,76,98,0,99,98,0,44,0,21,0,0,0,0,0,0,0,0,99,97,0,95,57
l21,15=0,0,0,0,0,0,0,0,85,87,0,80,0,32,20,81,58,81,0,98,100,0,98,0,75,0,0,0,0,0,0,1,0,2,78,71,97,97,95,95
l22,15=0,0,0,0,0,0,7,0,73,42,0,49,68,8,0,0,93,52,6,91,98,98,0,0,0,0,51,0,0,5,0,0,0,0,0,84,81,81,63,46
l23,15=0,0,0,0,0,0,0,0,0,60,0,64,100,98,99,99,0,64,0,0,0,0,0,0,100,99,0,0,0,0,0,0,95,99,0,0,0,0,0,0
l24,15=0,0,0,0,7,0,0,0,85,0,0,61,100,90,99,100,100,100,0,0,39,3,0,99,0,99,0,0,0,0,0,0,80,0,0,0,85,0,0,0
l25,15=0,0,0,0,0,0,0,0,0,0,0,60,97,82,98,50,0,60,0,0,0,0,0,98,97,0,83,0,36,0,0,83,86,19,95,0,0,0,0,0
l26,15=0,0,0,0,0,0,0,0,0,0,0,0,0,0,0,0,0,0,0,64,82,0,62,0,0,67,0,83,97,95,99,99,90,76,92,0,0,0,0,0
l27,15=0,0,0,0,0,0,0,0,0,0,0,0,0,0,0,0,0,0,0,0,0,0,0,0,0,0,94,0,97,98,99,91,91,77,92,0,0,0,0,0
l28,15=0,0,0,0,0,0,0,0,0,0,0,0,0,0,0,0,0,0,0,0,0,1,0,0,0,59,96,91,0,98,99,96,89,82,92,0,0,0,0,0
l29,15=0,0,0,0,0,0,0,0,0,0,0,0,0,0,0,0,0,0,0,76,0,0,22,0,0,0,96,91,97,0,99,94,91,77,92,0,0,0,0,0
l30,15=0,0,0,0,0,0,0,0,0,0,0,0,0,0,0,0,0,0,0,0,0,0,0,0,0,0,95,91,97,98,0,90,89,77,0,0,0,0,0,0
l31,15=0,0,0,0,0,0,0,0,0,0,0,0,0,0,0,0,0,0,0,11,0,0,0,0,0,63,96,79,95,95,91,0,98,87,96,0,0,0,0,0
l32,15=0,0,0,0,0,0,0,0,0,0,0,0,82,0,0,0,0,0,0,0,0,0,0,90,88,66,90,72,90,94,92,99,0,87,96,0,0,0,0,0
l33,15=0,0,0,0,0,0,0,0,0,0,0,0,56,0,93,0,74,54,0,1,0,0,0,96,70,35,76,71,93,77,90,98,96,0,98,0,0,0,0,0
l34,15=0,0,0,0,0,0,0,0,0,0,0,0,0,0,0,0,56,36,0,0,37,86,0,0,0,75,88,69,91,93,0,97,98,87,0,0,0,0,0,0
l35,15=0,0,0,0,0,0,0,0,0,0,0,0,38,0,0,32,44,0,0,33,60,21,65,0,0,0,0,0,0,0,0,0,0,0,0,0,98,98,75,92
l36,15=0,0,0,0,0,0,0,0,0,0,0,29,58,0,11,0,56,30,0,68,76,90,74,0,64,0,0,0,0,0,0,0,0,0,0,100,0,98,93,53
l37,15=0,0,0,0,0,0,0,0,0,0,0,0,0,0,0,0,34,0,0,0,0,75,68,0,0,0,0,0,0,0,0,0,0,0,0,99,95,0,72,55
l38,15=0,0,0,0,0,0,0,0,0,0,0,23,44,0,68,56,55,60,0,36,94,96,79,0,0,0,0,0,0,0,0,0,0,0,0,97,98,96,0,56
l39,15=0,0,0,0,0,0,0,0,0,0,0,0,0,0,0,0,0,0,0,64,67,81,65,0,0,0,0,0,0,0,0,0,0,0,0,96,95,97,78,0

