t=2016-04-13_10.20.27

n=40

q0=1
q1=1
q2=1
q3=1
q4=1
q5=1
q6=1
q7=1
q8=1
q9=1
q10=1
q11=1
q12=1
q13=1
q14=1
q15=1
q16=1
q17=1
q18=1
q19=1
q20=1
q21=1
q22=1
q23=1
q24=1
q25=1
q26=1
q27=1
q28=1
q29=1
q30=1
q31=1
q32=1
q33=1
q34=1
q35=1
q36=1
q37=1
q38=1
q39=1

a0=0x141592000c576ce6
a1=0x141592000c5aedbc
a2=0x141592000c5750f4
a3=0x141592000c576658
a4=0x141592000c575890
a5=0x141592000c574ffa
a6=0x141592000c5acf11
a7=0x141592000d9df361
a8=0x141592000c576300
a9=0x141592000c5779b6
a10=0x141592000c5762b9
a11=0x141592000c5af078
a12=0x141592000c575517
a13=0x141592000c5752c3
a14=0x141592000c5a4baa
a15=0x141592000c5776e7
a16=0x141592000c58cdeb
a17=0x141592000c5881fc
a18=0x141592000bd81d33
a19=0x141592000bd84d6a
a20=0x141592000c577233
a21=0x141592000c574527
a22=0x141592000c5746a3
a23=0x141592000c574da3
a24=0x141592000c5741c9
a25=0x141592000da244ea
a26=0x141592000c5ae886
a27=0x141592000c57510e
a28=0x141592000c5ab6c8
a29=0x141592000c574d05
a30=0x141592000edae61f
a31=0x141592000c57667e
a32=0x141592000c577f43
a33=0x141592000c576449
a34=0x1415920010f4117a
a35=0x141592000c575966
a36=0x141592000c574d35
a37=0x141592000c576fb1
a38=0x141592000c5aea5d
a39=0x141592000c59f23f

l0,0=0,89,82,92,81,86,84,74,2,80,88,0,0,0,0,0,0,0,0,0,0,0,0,0,0,0,0,0,0,0,0,0,0,0,0,0,0,0,0,0
l1,0=89,0,88,89,79,87,0,89,83,56,90,0,0,29,0,0,0,0,0,0,0,0,0,0,0,0,0,0,0,0,0,0,0,0,0,0,0,0,0,0
l2,0=77,89,0,89,75,87,92,86,54,77,89,0,0,59,0,0,0,0,0,0,0,0,0,0,0,0,0,0,0,0,0,0,0,0,0,0,0,0,0,0
l3,0=91,86,83,0,82,82,83,82,78,0,89,0,0,0,0,0,0,0,0,0,0,0,0,0,0,0,0,0,0,0,0,0,0,0,0,0,0,0,0,0
l4,0=87,72,63,89,0,85,38,79,63,42,88,0,0,34,0,0,0,0,0,0,0,0,0,0,0,0,0,0,0,0,0,0,0,0,0,0,0,0,0,0
l5,0=89,91,87,79,79,0,85,83,77,82,88,42,0,41,0,0,0,0,0,0,0,0,0,0,0,0,0,0,0,0,0,0,0,0,0,0,0,0,0,0
l6,0=78,0,94,67,23,72,0,91,65,59,77,26,0,59,0,42,45,0,0,0,0,0,0,0,0,0,0,0,0,0,0,0,0,0,0,0,0,0,0,0
l7,0=66,84,70,72,72,73,91,0,74,89,89,54,0,34,0,52,0,0,0,0,0,0,0,0,0,0,0,0,0,0,0,0,0,0,0,0,0,0,0,0
l8,0=0,46,0,26,6,40,70,73,0,91,54,75,30,84,56,71,80,8,0,0,0,64,0,9,32,0,0,0,0,0,0,0,0,0,0,0,0,0,18,0
l9,0=74,30,74,0,11,86,68,90,91,0,90,58,34,82,0,54,60,22,0,0,0,0,12,0,0,0,0,0,0,0,0,0,0,0,0,0,0,0,0,0
l10,0=74,84,81,72,75,82,84,90,68,94,0,68,54,79,0,71,13,0,0,0,0,0,0,0,0,0,0,0,0,0,0,0,0,0,0,0,0,0,0,0
l11,0=0,0,0,0,0,2,30,64,53,74,67,0,89,32,72,91,88,37,0,46,0,43,0,0,35,7,0,0,0,0,0,0,0,0,0,0,3,2,19,0
l12,0=0,0,0,0,0,0,0,0,46,46,54,70,0,71,80,91,78,98,0,0,43,52,0,79,92,75,0,0,0,0,0,0,0,31,0,0,0,0,37,0
l13,0=0,0,21,0,23,0,61,1,91,75,77,75,74,0,83,69,69,73,0,54,0,64,32,71,47,64,0,0,0,0,0,0,0,0,0,0,0,0,49,0
l14,0=0,0,0,0,0,0,0,0,49,1,0,65,75,47,0,72,85,30,0,0,48,0,10,50,41,79,0,0,0,0,0,0,0,45,0,0,1,0,38,0
l15,0=0,0,0,0,0,0,23,12,50,66,72,98,94,28,72,0,78,33,0,0,6,0,11,5,58,0,0,0,0,0,0,0,0,0,0,0,1,0,41,0
l16,0=0,0,0,0,0,0,6,0,44,54,0,61,46,18,70,47,0,37,0,48,48,73,26,24,38,0,0,0,0,0,0,0,0,31,0,0,0,0,46,19
l17,0=0,0,0,0,0,0,0,0,42,71,0,72,92,31,71,79,95,0,0,0,67,72,17,3,37,73,0,0,0,0,0,0,0,46,0,0,3,12,11,0
l18,0=0,0,0,0,0,0,0,0,0,0,0,0,0,0,0,0,0,0,0,0,54,17,60,0,0,0,0,0,0,0,0,0,0,0,0,0,0,0,0,0
l19,0=0,0,0,0,0,0,0,0,5,0,0,10,0,11,0,0,72,0,0,0,80,29,91,0,0,0,26,0,0,3,0,5,0,0,0,0,9,0,15,27
l20,0=0,0,0,0,0,0,0,0,0,0,0,0,14,0,20,4,45,18,31,82,0,85,89,0,0,0,0,0,0,0,0,0,0,0,0,0,19,22,54,28
l21,0=0,0,0,0,0,0,0,0,46,0,0,9,14,25,0,0,84,40,9,15,92,0,89,0,0,0,20,0,0,0,0,7,0,0,0,27,4,1,43,14
l22,0=0,0,0,0,0,0,0,0,10,13,0,0,0,13,7,11,63,7,21,83,92,85,0,0,0,0,20,0,0,0,0,0,0,0,0,0,47,6,42,27
l23,0=0,0,0,0,0,0,0,0,37,0,0,0,70,46,80,33,67,0,0,0,0,0,0,0,85,48,0,0,0,0,0,0,14,38,68,0,0,0,0,0
l24,0=0,0,0,0,0,0,0,0,49,0,0,62,92,27,71,70,77,30,0,0,0,0,0,84,0,72,0,0,0,0,0,0,48,46,42,0,0,0,0,0
l25,0=0,0,0,0,0,0,0,0,24,0,0,10,70,22,82,0,0,26,0,0,0,0,0,11,73,0,46,2,0,0,0,9,44,42,71,0,0,0,0,0
l26,0=0,0,0,0,0,0,0,0,0,0,0,0,0,0,0,0,0,0,0,50,0,21,33,0,0,38,0,72,94,83,91,90,78,58,58,0,0,0,0,0
l27,0=0,0,0,0,0,0,0,0,0,0,0,0,0,0,0,0,0,0,0,0,0,0,0,0,0,0,80,0,94,87,97,81,81,72,80,0,0,0,0,0
l28,0=0,0,0,0,0,0,0,0,0,0,0,0,0,0,0,0,0,0,0,0,0,0,0,0,0,1,83,98,0,87,97,88,80,64,74,0,0,0,0,0
l29,0=0,0,0,0,0,0,0,0,0,0,0,0,0,0,0,0,0,0,0,39,0,0,0,0,0,0,83,99,94,0,96,76,58,58,54,0,0,0,0,0
l30,0=0,0,0,0,0,0,0,0,0,0,0,0,0,0,0,0,0,0,0,0,0,0,0,0,0,0,81,99,94,87,0,62,76,77,0,0,0,0,0,0
l31,0=0,0,0,0,0,0,0,0,0,0,0,0,0,0,0,0,0,0,0,25,0,2,1,0,0,35,81,57,87,66,25,0,90,80,95,0,0,0,0,0
l32,0=0,0,0,0,0,0,0,0,0,0,0,0,0,0,0,0,0,0,0,0,0,0,19,27,53,42,58,56,66,43,42,87,0,86,98,0,0,0,0,0
l33,0=0,0,0,0,0,0,0,0,0,0,0,0,49,0,53,0,58,55,0,0,0,0,0,51,52,43,52,46,69,34,40,79,87,0,78,0,0,0,0,0
l34,0=0,0,0,0,0,0,0,0,0,0,0,0,0,0,0,0,0,0,0,0,31,0,0,66,62,58,61,62,75,42,0,92,97,73,0,0,0,0,0,0
l35,0=0,0,0,0,0,0,0,0,0,0,0,0,0,0,0,0,5,0,0,2,8,50,4,0,0,0,0,0,0,0,0,0,0,0,0,0,3,37,55,25
l36,0=0,0,0,0,0,0,0,0,0,0,0,16,3,0,0,6,8,9,0,18,84,40,36,0,0,0,0,0,0,0,0,0,0,0,0,2,0,24,54,28
l37,0=0,0,0,0,0,0,0,0,0,0,0,0,0,0,0,0,0,0,0,0,69,6,3,0,0,0,0,0,0,0,0,0,0,0,0,7,2,0,0,30
l38,0=0,0,0,0,0,0,0,0,8,0,0,6,25,15,6,38,86,0,0,18,86,77,35,0,0,0,0,0,0,0,0,0,0,0,0,31,12,0,0,33
l39,0=0,0,0,0,0,0,0,0,0,0,0,0,0,0,0,0,41,0,0,57,83,44,36,0,0,0,0,0,0,0,0,0,0,0,0,0,2,24,54,0

l0,1=0,84,65,82,70,85,72,31,22,59,73,0,0,0,0,0,0,0,0,0,0,0,0,0,0,0,0,0,0,0,0,0,0,0,0,0,0,0,0,0
l1,1=75,0,68,79,76,85,59,68,62,60,79,0,0,52,0,0,0,0,0,0,0,0,0,0,0,0,0,0,0,0,0,0,0,0,0,0,0,0,0,0
l2,1=68,86,0,79,65,90,80,79,26,66,86,0,0,0,0,13,0,0,0,0,0,0,0,0,0,0,0,0,0,0,0,0,0,0,0,0,0,0,0,0
l3,1=84,83,67,0,72,85,54,63,0,0,75,0,0,0,0,0,0,0,0,0,0,0,0,0,0,0,0,0,0,0,0,0,0,0,0,0,0,0,0,0
l4,1=71,82,59,78,0,84,63,70,67,55,72,0,0,36,0,0,0,0,0,0,0,0,0,2,0,0,0,0,0,0,0,0,0,0,0,0,0,0,0,0
l5,1=82,84,74,79,76,0,61,79,66,64,84,0,0,1,0,0,0,0,0,0,0,0,0,0,0,0,0,0,0,0,0,0,0,0,0,0,0,0,0,0
l6,1=54,40,76,31,34,47,0,79,54,36,80,38,7,44,0,1,15,0,0,0,0,0,0,0,0,0,0,0,0,0,0,0,0,0,0,0,0,0,0,0
l7,1=6,57,65,44,59,77,77,0,67,67,85,30,8,0,0,28,0,0,0,0,0,0,0,0,0,0,0,0,0,0,0,0,0,0,0,0,0,0,0,0
l8,1=0,56,0,0,47,66,64,71,0,73,71,75,0,72,41,62,55,28,0,0,0,61,24,7,0,0,0,0,0,0,0,0,0,0,0,0,0,0,8,0
l9,1=19,63,66,0,30,77,51,75,83,0,85,58,25,74,13,62,39,24,0,0,0,30,8,0,0,0,0,0,0,0,0,0,0,0,0,0,0,0,0,0
l10,1=39,79,72,51,57,81,75,82,62,75,0,46,0,74,0,45,20,0,0,0,0,4,0,0,0,0,0,0,0,0,0,0,0,0,0,0,0,0,0,0
l11,1=0,0,0,0,0,0,38,17,57,22,33,0,68,80,62,72,54,67,0,29,0,0,0,3,51,0,0,0,0,0,0,0,0,0,0,8,35,0,49,0
l12,1=0,0,0,0,0,0,0,0,7,9,0,80,0,71,69,68,58,73,0,0,33,39,1,58,86,68,0,0,0,0,0,0,0,0,0,0,0,0,39,0
l13,1=0,3,0,0,0,0,41,0,68,53,42,79,54,0,56,33,56,36,0,23,16,51,19,30,43,0,0,0,0,0,0,0,0,0,0,0,0,0,47,0
l14,1=0,0,0,0,0,0,0,0,51,17,0,54,70,61,0,57,60,31,0,0,39,37,0,70,57,68,0,0,0,0,0,0,0,0,0,0,10,0,0,0
l15,1=0,0,4,0,0,0,0,0,57,21,29,89,71,34,26,0,51,41,0,0,8,0,14,13,74,0,0,0,0,0,0,0,0,0,0,0,37,0,2,0
l16,1=0,0,0,0,0,0,0,0,41,4,0,39,36,47,38,49,0,34,0,24,45,55,27,5,45,46,0,0,0,0,0,0,0,13,0,18,35,2,0,33
l17,1=0,0,0,0,0,0,0,0,45,11,0,61,77,60,28,63,65,0,0,0,26,14,13,12,50,3,0,0,0,0,0,0,0,20,0,0,38,7,0,0
l18,1=0,0,0,0,0,0,0,0,0,0,0,0,0,0,0,0,0,0,0,26,51,39,41,0,0,0,0,0,0,0,0,0,0,0,0,0,0,0,0,0
l19,1=0,0,0,0,0,0,0,0,0,0,0,18,0,23,0,0,16,0,12,0,58,34,65,0,0,0,20,0,0,0,0,17,0,0,0,6,25,7,34,45
l20,1=0,0,0,0,0,0,0,0,0,0,0,0,28,33,23,8,54,18,27,55,0,74,63,0,0,0,0,0,0,0,0,14,0,0,3,29,46,48,62,56
l21,1=0,0,0,0,0,0,0,0,41,5,2,0,14,42,11,0,53,11,12,27,71,0,64,0,1,0,11,0,0,0,0,2,10,0,0,52,37,16,61,52
l22,1=0,0,0,0,0,0,0,0,17,2,0,0,4,33,0,25,54,12,15,60,66,73,0,0,1,0,19,0,0,0,0,15,0,0,0,42,46,15,45,54
l23,1=0,0,0,0,0,0,0,0,36,0,0,0,50,56,53,16,49,22,0,0,0,0,0,0,73,61,0,0,0,0,0,0,3,0,26,0,0,0,0,0
l24,1=0,0,0,0,0,0,0,0,0,0,0,46,71,50,57,62,53,26,0,0,0,0,4,71,0,68,0,0,0,0,0,0,21,32,22,0,0,0,0,0
l25,1=0,0,0,0,0,0,0,0,5,0,0,0,46,22,54,0,49,8,0,0,0,0,0,59,66,0,32,0,10,2,0,41,0,32,20,0,0,0,0,0
l26,1=0,0,0,0,0,0,0,0,0,0,0,0,0,0,0,0,0,0,0,39,0,7,31,0,0,42,0,64,63,79,76,60,59,64,46,0,0,0,0,0
l27,1=0,0,0,0,0,0,0,0,0,0,0,0,0,0,0,0,0,0,0,0,0,0,0,0,0,0,57,0,70,88,90,44,46,40,43,0,0,0,0,0
l28,1=0,0,0,0,0,0,0,0,0,0,0,0,0,0,0,0,0,0,0,12,0,0,0,0,0,26,80,85,0,89,85,58,32,57,52,0,0,0,0,0
l29,1=0,0,0,0,0,0,0,0,0,0,0,0,0,0,0,0,0,0,0,0,0,0,0,0,0,6,70,85,70,0,85,52,44,44,46,0,0,0,0,0
l30,1=0,0,0,0,0,0,0,0,0,0,0,0,0,0,0,0,0,0,0,0,0,0,0,0,0,0,61,86,69,86,0,44,33,53,0,0,0,0,0,0
l31,1=0,0,0,0,0,0,0,0,0,0,0,0,0,0,0,0,0,0,0,39,25,2,30,0,0,45,57,27,44,50,36,0,55,62,57,0,0,0,0,0
l32,1=0,0,0,0,0,0,0,0,0,0,0,0,0,0,0,0,14,0,0,0,0,21,0,34,47,0,52,33,28,52,38,54,0,59,74,0,0,0,0,0
l33,1=0,0,0,0,0,0,0,0,0,0,0,0,0,0,0,0,43,34,0,0,0,0,0,2,46,46,46,29,34,30,40,50,47,0,43,0,0,0,0,0
l34,1=0,0,0,0,0,0,0,0,0,0,0,0,0,0,3,0,39,0,0,0,30,0,0,43,48,49,39,34,41,48,0,55,72,58,0,0,0,0,0,0
l35,1=0,0,0,0,0,0,0,0,0,0,0,0,0,0,0,0,27,0,0,5,17,53,25,0,0,0,0,0,0,0,0,0,0,0,0,0,49,55,70,3
l36,1=0,0,0,0,0,0,0,0,0,0,0,21,0,0,0,21,31,12,0,27,53,33,27,0,0,0,0,0,0,0,0,0,0,0,0,61,0,48,71,51
l37,1=0,0,0,0,0,0,0,0,0,0,0,0,0,0,0,0,0,0,0,5,47,8,2,0,0,0,0,0,0,0,0,0,0,0,0,58,44,0,57,41
l38,1=0,0,0,0,0,0,0,0,1,0,0,28,31,43,0,0,0,0,0,30,57,55,25,0,0,0,0,0,0,0,0,0,0,0,0,68,54,46,0,56
l39,1=0,0,0,0,0,0,0,0,0,0,0,0,0,0,0,0,22,0,0,46,55,55,31,0,0,0,0,0,0,0,0,0,0,0,0,11,43,46,64,0

l0,2=0,73,75,79,78,51,66,67,0,56,72,0,0,0,0,0,0,0,0,0,0,0,0,0,0,0,0,0,0,0,0,0,0,0,0,0,0,0,0,0
l1,2=68,0,75,79,82,59,61,66,59,57,79,0,0,0,0,0,0,0,0,0,0,0,0,0,0,0,0,0,0,0,0,0,0,0,0,0,0,0,0,0
l2,2=72,75,0,82,77,67,78,76,1,59,79,0,0,0,0,0,0,0,0,0,0,0,0,0,0,0,0,0,0,0,0,0,0,0,0,0,0,0,0,0
l3,2=73,79,75,0,76,49,60,0,26,33,62,0,0,0,0,0,0,0,0,0,0,0,0,0,0,0,0,0,0,0,0,0,0,0,0,0,0,0,0,0
l4,2=68,76,75,77,0,51,66,66,0,53,66,0,0,0,0,0,0,0,0,0,0,0,0,0,0,0,0,0,0,0,0,0,0,0,0,0,0,0,0,0
l5,2=68,76,79,73,82,0,73,76,57,55,79,0,0,35,0,0,0,0,0,0,0,0,0,0,0,0,0,0,0,0,0,0,0,0,0,0,0,0,0,0
l6,2=61,46,78,54,65,41,0,56,29,46,79,22,28,14,0,27,0,0,0,0,0,0,0,0,0,0,0,0,0,0,0,0,0,0,0,0,0,0,0,0
l7,2=41,41,72,2,51,48,69,0,76,59,86,11,0,39,0,33,0,0,0,0,0,0,0,0,0,0,0,0,0,0,0,0,0,0,0,0,0,0,0,0
l8,2=0,14,0,1,0,20,27,70,0,67,70,50,0,58,2,45,34,36,0,0,0,34,23,0,28,8,0,0,0,0,0,0,0,0,0,0,0,0,0,0
l9,2=43,58,77,21,63,34,62,74,78,0,82,35,33,57,0,40,11,19,0,0,0,10,0,0,0,0,0,0,0,0,0,0,0,0,0,0,0,0,0,0
l10,2=43,75,75,40,46,49,73,77,74,63,0,29,0,57,0,25,0,7,0,0,0,0,0,0,0,0,0,0,0,0,0,0,0,0,0,0,0,0,0,0
l11,2=0,0,0,0,0,0,14,7,40,18,33,0,64,62,58,55,31,77,0,28,29,24,7,34,8,0,0,0,0,0,0,0,0,0,0,6,39,0,26,5
l12,2=0,0,0,0,0,0,16,0,0,26,0,79,0,40,72,53,45,83,0,0,0,22,11,67,92,81,0,0,0,0,0,0,0,0,0,0,0,0,25,0
l13,2=0,0,0,0,0,0,0,33,70,46,51,81,39,0,43,43,33,39,1,34,41,35,31,30,51,0,0,0,0,0,0,0,0,0,0,0,0,0,28,0
l14,2=0,0,0,0,0,0,0,0,1,0,0,59,64,40,0,36,48,41,0,0,49,0,0,67,77,65,0,0,0,0,0,0,0,33,0,0,0,0,19,0
l15,2=0,0,0,0,0,0,9,38,61,27,18,88,64,52,41,0,23,57,0,1,53,0,0,0,81,0,0,0,0,0,0,0,0,0,0,0,25,0,12,2
l16,2=0,0,0,0,0,0,0,0,35,5,0,41,40,35,55,28,0,51,0,32,58,35,54,23,42,47,0,0,0,0,0,0,0,20,0,41,49,8,24,32
l17,2=0,0,0,0,0,0,0,0,36,14,0,79,64,38,50,51,55,0,0,0,6,33,34,27,63,0,0,0,0,0,0,0,0,6,0,3,39,0,27,0
l18,2=0,0,0,0,0,0,0,0,0,0,0,0,0,0,0,0,0,0,0,10,18,29,39,0,0,0,0,0,0,0,0,0,0,0,0,0,0,0,0,0
l19,2=0,0,0,0,0,0,0,0,0,0,0,10,0,16,0,0,16,0,12,0,61,0,60,0,0,0,22,0,0,0,0,21,0,0,0,1,26,0,17,27
l20,2=0,0,0,0,0,0,0,0,0,0,0,11,0,22,18,25,43,2,15,52,0,57,60,0,0,0,0,0,0,0,0,0,0,0,2,42,44,12,38,42
l21,2=0,0,0,0,0,0,0,0,38,12,0,22,24,30,0,0,45,25,17,10,74,0,64,0,0,0,0,0,0,0,0,0,0,11,0,49,47,12,35,45
l22,2=0,0,0,0,0,0,0,0,23,0,0,11,16,22,0,0,42,21,21,64,68,52,0,0,0,0,21,0,0,12,0,1,0,0,0,50,48,6,2,42
l23,2=0,0,0,0,0,0,0,0,0,0,0,43,57,34,58,0,24,38,0,0,0,0,0,0,82,65,0,0,0,0,0,0,0,0,25,0,0,0,0,0
l24,2=0,0,0,0,0,0,0,0,41,0,0,4,61,52,58,47,47,60,0,0,0,0,0,72,0,78,0,0,0,0,0,0,22,45,14,0,35,0,0,0
l25,2=0,0,0,0,0,0,0,0,30,0,0,0,57,0,51,0,33,0,0,0,0,0,0,61,77,0,42,0,0,0,0,39,53,54,54,0,0,0,0,0
l26,2=0,0,0,0,0,0,0,0,0,0,0,0,0,0,0,0,0,0,0,35,0,0,28,0,0,35,0,9,71,73,43,53,57,52,38,0,0,0,0,0
l27,2=0,0,0,0,0,0,0,0,0,0,0,0,0,0,0,0,0,0,0,0,0,0,0,0,0,0,27,0,70,83,73,48,55,52,51,0,0,0,0,0
l28,2=0,0,0,0,0,0,0,0,0,0,0,0,0,0,0,0,0,0,0,0,0,0,0,0,0,0,70,69,0,86,48,46,33,46,31,0,0,0,0,0
l29,2=0,0,0,0,0,0,0,0,0,0,0,0,0,0,0,0,0,0,0,0,0,0,32,0,0,0,61,69,71,0,45,46,54,0,8,0,0,0,0,0
l30,2=0,0,0,0,0,0,0,0,0,0,0,0,0,0,0,0,0,0,0,0,0,0,0,0,0,0,57,76,59,68,0,33,38,41,17,0,0,0,0,0
l31,2=0,0,0,0,0,0,0,0,0,0,0,0,0,0,0,0,0,0,0,34,26,0,13,3,0,40,61,30,52,44,16,0,68,61,56,0,0,0,0,0
l32,2=0,0,0,0,0,0,0,0,0,0,0,0,0,0,0,0,0,0,0,0,0,0,0,0,21,42,55,26,31,44,19,53,0,62,70,0,0,0,0,0
l33,2=0,0,0,0,0,0,0,0,0,0,0,0,0,0,42,0,22,26,0,0,0,26,2,0,45,52,50,29,39,0,25,40,53,0,51,0,0,0,0,0
l34,2=0,0,0,0,0,0,0,0,0,0,0,0,0,0,0,0,4,0,0,0,40,4,0,23,27,48,56,30,39,25,18,53,72,65,0,0,0,0,0,0
l35,2=0,0,0,0,0,0,0,0,0,0,0,0,0,0,0,0,32,0,0,0,30,15,50,0,0,0,0,0,0,0,0,0,0,0,0,0,47,11,40,22
l36,2=0,0,0,0,0,0,0,0,0,0,0,16,0,0,0,1,37,27,0,5,60,46,48,0,0,0,0,0,0,0,0,0,0,0,0,59,0,13,46,40
l37,2=0,0,0,0,0,0,0,0,0,0,0,0,0,0,0,0,6,0,0,0,21,8,18,0,0,0,0,0,0,0,0,0,0,0,0,44,46,0,40,29
l38,2=0,0,0,0,0,0,0,0,0,0,0,4,13,27,7,3,25,19,0,10,62,46,6,0,0,0,0,0,0,0,0,0,0,0,0,57,53,13,0,40
l39,2=0,0,0,0,0,0,0,0,0,0,0,0,0,0,0,0,16,0,0,11,29,16,47,0,0,0,0,0,0,0,0,0,0,0,0,23,43,6,25,0

l0,3=0,78,76,80,72,84,78,44,0,82,0,0,0,0,0,0,0,0,0,0,0,0,0,0,0,0,0,0,0,0,0,0,0,0,0,0,0,0,0,0
l1,3=83,0,69,80,67,83,77,73,78,79,70,0,0,0,0,0,0,0,0,0,0,0,0,0,0,0,0,0,0,0,0,0,0,0,0,0,0,0,0,0
l2,3=86,82,0,83,82,89,85,80,77,82,87,0,0,63,0,0,0,0,0,0,0,0,0,0,0,0,0,0,0,0,0,0,0,0,0,0,0,0,0,0
l3,3=86,86,79,0,78,78,77,0,0,44,63,0,0,0,0,0,0,0,0,0,0,0,0,0,0,0,0,0,0,0,0,0,0,0,0,0,0,0,0,0
l4,3=79,82,77,79,0,82,40,0,0,23,18,0,0,4,0,0,0,0,0,0,0,0,0,0,0,0,0,0,0,0,0,0,0,0,0,0,0,0,0,0
l5,3=86,86,89,69,82,0,77,80,59,79,79,23,0,71,10,0,0,0,0,0,0,0,0,0,0,0,0,0,0,0,0,0,0,0,0,0,0,0,0,0
l6,3=86,74,91,79,56,79,0,84,85,76,91,80,52,41,0,25,47,0,0,0,0,0,0,0,0,0,0,0,0,0,0,0,0,0,0,0,0,0,0,0
l7,3=61,70,82,0,0,82,75,0,87,88,91,0,1,79,0,58,17,0,0,0,0,0,0,0,0,0,0,0,0,0,0,0,0,0,0,0,0,0,0,0
l8,3=0,25,22,0,0,21,38,82,0,88,85,47,12,89,3,77,27,27,0,0,0,31,32,0,32,0,0,0,0,0,0,0,0,0,0,0,0,0,19,0
l9,3=31,35,30,19,21,36,36,63,90,0,91,37,27,89,27,36,6,0,0,0,10,8,0,0,0,0,0,0,0,0,0,0,0,0,0,0,0,0,0,0
l10,3=0,37,81,28,18,79,78,87,87,92,0,35,4,89,17,27,0,0,0,0,0,0,0,2,13,0,0,0,0,0,0,0,0,0,0,0,0,0,5,0
l11,3=0,0,0,0,0,10,66,0,86,44,20,0,86,92,83,91,49,78,0,19,25,47,49,74,74,21,0,0,0,0,0,0,0,0,0,0,80,7,81,0
l12,3=0,0,0,0,0,0,34,0,24,30,0,95,0,43,95,89,22,90,0,14,0,3,4,83,87,82,0,0,0,0,0,0,0,15,0,25,12,0,39,0
l13,3=0,0,14,0,0,26,25,35,93,84,81,90,75,0,4,78,14,65,0,18,16,18,32,49,25,6,0,0,0,0,0,0,0,0,0,0,0,0,39,0
l14,3=0,0,0,0,0,7,0,0,41,30,6,81,88,22,0,32,33,13,0,0,5,0,0,88,84,51,0,0,0,0,0,0,0,28,0,0,0,0,42,0
l15,3=0,0,0,0,0,0,30,38,86,39,22,98,85,88,38,0,56,71,0,0,43,4,0,71,77,0,0,0,0,0,0,0,0,0,0,0,38,0,47,29
l16,3=0,0,0,0,0,0,26,0,72,0,0,23,56,20,53,46,0,55,9,11,61,32,69,1,30,12,0,0,0,0,0,0,0,20,0,0,38,28,45,35
l17,3=0,0,0,0,0,0,0,0,79,0,0,80,88,74,18,69,71,0,0,11,49,56,53,64,73,0,0,0,0,0,0,0,0,0,0,2,72,10,80,49
l18,3=0,0,0,0,0,0,0,0,0,0,0,0,0,0,0,0,13,0,0,19,30,14,21,0,0,0,0,0,0,0,0,0,0,0,0,0,0,0,0,0
l19,3=0,0,0,0,0,0,0,0,0,0,0,8,13,1,0,1,10,0,23,0,69,71,94,0,0,0,0,0,0,19,0,13,0,0,0,0,39,20,65,32
l20,3=0,0,0,0,0,0,0,0,0,3,0,5,0,54,4,36,61,10,12,61,0,88,97,0,27,0,0,0,0,0,0,0,0,0,0,36,72,77,85,80
l21,3=0,0,0,0,0,0,0,0,74,3,0,60,29,3,0,1,59,46,13,63,92,0,93,0,0,0,0,0,0,0,0,0,1,17,0,78,82,79,80,77
l22,3=0,0,0,0,0,0,0,0,27,0,0,15,4,2,0,0,60,14,15,95,97,86,0,0,0,0,18,0,0,10,0,0,0,0,0,85,38,42,77,80
l23,3=0,0,0,0,0,0,0,0,0,0,0,18,74,34,89,29,7,17,0,0,0,0,0,0,85,75,0,0,0,0,0,0,0,25,0,0,0,0,0,0
l24,3=0,0,0,0,0,0,0,0,46,0,5,28,88,24,91,76,43,50,0,0,20,0,0,88,0,72,0,0,0,0,0,0,0,35,0,0,39,0,36,0
l25,3=0,0,0,0,0,0,0,0,1,0,0,6,73,8,84,0,12,0,0,0,0,0,0,80,75,0,10,0,0,6,0,31,37,86,48,0,0,0,0,0
l26,3=0,0,0,0,0,0,0,0,0,0,0,0,0,0,0,0,0,0,0,0,0,0,42,0,0,6,0,63,97,96,93,86,86,39,78,0,0,0,0,0
l27,3=0,0,0,0,0,0,0,0,0,0,0,0,0,0,0,0,0,0,0,0,0,0,0,0,0,0,81,0,97,97,100,77,87,12,27,0,0,0,0,0
l28,3=0,0,0,0,0,0,0,0,0,0,0,0,0,0,0,0,0,0,0,0,0,0,0,0,0,0,95,99,0,97,86,73,66,79,64,0,0,0,0,0
l29,3=0,0,0,0,0,0,0,0,0,0,0,0,0,0,0,0,0,0,0,19,2,0,43,0,0,0,93,98,97,0,94,56,65,40,46,0,0,0,0,0
l30,3=0,0,0,0,0,0,0,0,0,0,0,0,0,0,0,0,0,0,0,0,0,0,0,0,0,0,85,99,84,89,0,56,80,48,0,0,0,0,0,0
l31,3=0,0,0,0,0,0,0,0,0,0,0,0,0,0,0,0,0,0,0,23,0,0,0,3,0,44,95,61,70,52,56,0,96,93,96,0,0,0,0,0
l32,3=0,0,0,0,0,0,0,0,0,0,0,0,0,0,0,0,0,0,0,0,0,0,0,0,0,64,82,53,64,58,72,90,0,91,97,0,0,0,0,0
l33,3=0,0,0,0,0,0,0,0,0,0,0,0,23,0,29,0,34,0,0,0,0,4,8,45,59,71,44,0,72,39,60,81,87,0,88,0,0,0,0,0
l34,3=0,0,0,0,0,0,0,0,0,0,0,0,0,0,0,0,0,0,0,0,6,0,0,2,1,69,76,26,74,55,28,87,96,95,0,0,0,0,0,0
l35,3=0,0,0,0,0,0,0,0,0,0,0,0,1,0,0,0,0,0,0,0,3,7,62,0,0,0,0,0,0,0,0,0,0,0,0,0,79,70,82,69
l36,3=0,0,0,0,0,0,0,0,0,0,0,31,4,0,0,2,34,27,0,16,49,61,59,0,4,0,0,0,0,0,0,0,0,0,0,89,0,80,82,68
l37,3=0,0,0,0,0,0,0,0,0,0,0,0,0,0,0,0,11,2,0,1,58,42,24,0,0,0,0,0,0,0,0,0,0,0,0,86,81,0,78,79
l38,3=0,0,0,0,0,0,0,0,0,0,0,65,42,52,41,16,47,41,0,52,80,61,71,0,12,0,0,0,0,0,0,0,0,0,0,90,90,76,0,73
l39,3=0,0,0,0,0,0,0,0,0,0,0,0,0,0,0,2,29,0,0,0,64,36,77,0,0,0,0,0,0,0,0,0,0,0,0,84,75,78,75,0

l0,4=0,91,92,96,74,79,89,70,0,80,0,0,0,0,0,0,0,0,0,0,0,0,0,0,0,0,0,0,0,0,0,0,0,0,0,0,0,0,0,0
l1,4=73,0,91,94,85,81,85,75,74,83,73,0,0,44,0,0,0,0,0,0,0,0,0,3,0,0,0,0,0,0,0,0,0,0,0,0,0,0,0,0
l2,4=75,91,0,94,85,81,89,83,85,82,84,0,0,67,0,0,0,0,0,0,0,0,0,0,0,0,0,0,0,0,0,0,0,0,0,0,0,0,0,0
l3,4=89,95,93,0,87,78,89,0,0,0,71,0,0,0,0,0,0,0,0,0,0,0,0,0,0,0,0,0,0,0,0,0,0,0,0,0,0,0,0,0
l4,4=63,91,91,91,0,76,69,77,73,70,0,0,0,0,0,0,0,0,0,0,0,0,0,0,0,0,0,0,0,0,0,0,0,0,0,0,0,0,0,0
l5,4=73,91,95,89,81,0,82,84,0,83,81,0,0,69,0,66,0,0,0,0,0,0,0,0,0,0,0,0,0,0,0,0,0,0,0,0,0,0,0,0
l6,4=72,89,92,85,72,72,0,88,80,83,86,79,75,0,0,69,68,0,0,0,0,0,0,0,0,0,0,0,0,0,0,0,0,0,0,0,0,0,0,0
l7,4=60,79,92,0,76,79,89,0,88,89,88,78,0,54,0,72,15,0,0,0,0,0,0,0,0,0,0,0,0,0,0,0,0,0,0,0,0,0,0,0
l8,4=0,68,67,0,67,0,64,77,0,87,70,79,81,79,62,75,72,80,0,0,53,77,60,0,60,0,0,0,0,0,0,0,0,0,0,0,0,0,0,0
l9,4=66,80,75,0,62,70,86,86,90,0,88,79,0,79,56,39,0,82,0,0,54,0,66,0,0,0,0,0,0,0,0,0,0,0,0,0,0,0,0,0
l10,4=0,78,91,80,0,73,88,88,82,89,0,81,81,75,74,72,0,74,0,0,0,0,0,47,0,0,0,0,0,0,0,0,0,0,0,0,0,0,0,0
l11,4=0,0,0,0,0,0,69,70,82,76,70,0,86,71,78,85,75,83,0,0,0,75,58,70,62,60,0,0,0,0,0,0,0,0,0,21,57,0,66,0
l12,4=0,0,0,0,0,0,19,0,76,0,65,86,0,73,88,82,82,92,0,32,63,0,0,74,87,89,0,0,0,0,0,0,30,46,0,0,34,0,63,0
l13,4=0,0,51,0,0,62,0,0,87,78,69,82,85,0,45,77,71,82,0,5,65,65,66,65,0,69,0,0,0,0,0,0,0,0,0,0,0,0,17,0
l14,4=0,0,0,0,0,0,0,0,61,54,69,86,92,52,0,0,75,80,0,0,71,63,0,76,91,85,0,0,0,0,0,14,0,72,64,0,0,0,63,0
l15,4=0,0,0,0,0,47,57,73,82,60,68,92,86,76,0,0,70,76,0,22,68,71,61,67,80,61,0,0,0,0,0,0,0,0,0,0,49,8,63,0
l16,4=0,0,0,0,0,0,52,0,74,0,0,79,91,60,78,71,0,92,28,67,74,80,70,57,77,66,0,0,0,0,0,0,0,0,0,76,52,0,73,71
l17,4=0,0,0,0,0,0,0,0,78,72,58,89,94,73,72,74,94,0,0,0,69,72,67,0,89,41,0,0,0,0,0,0,0,0,0,60,62,0,65,70
l18,4=0,0,0,0,0,0,0,0,0,0,0,0,0,0,0,0,70,0,0,77,43,87,76,0,0,0,0,0,0,0,0,0,0,0,0,0,0,0,0,0
l19,4=0,0,0,0,0,0,0,0,0,0,0,0,37,7,0,0,68,0,46,0,82,93,91,0,0,0,0,0,0,0,0,4,0,0,0,0,55,29,66,72
l20,4=0,0,0,0,0,0,0,0,40,54,0,0,41,38,60,64,75,63,11,87,0,92,91,0,58,0,0,0,20,0,0,0,55,0,4,67,66,56,82,69
l21,4=0,0,0,0,0,0,0,0,71,0,0,69,0,34,42,51,85,51,37,85,80,0,87,0,39,0,0,0,0,0,0,0,0,0,0,10,73,71,75,72
l22,4=0,0,0,0,0,0,0,0,56,61,0,62,0,42,0,36,72,46,34,91,89,89,0,0,0,0,53,0,0,10,0,0,0,22,0,77,79,66,82,72
l23,4=0,0,0,0,0,0,0,0,0,0,0,80,86,75,93,74,66,0,0,0,0,0,0,0,91,94,0,0,0,0,0,0,0,73,66,0,0,0,0,0
l24,4=0,0,0,0,0,0,0,0,65,0,0,49,92,6,93,81,74,87,0,0,69,22,0,93,0,89,0,0,0,0,0,0,0,72,29,0,0,0,0,0
l25,4=0,0,0,0,0,0,0,0,0,0,0,40,94,52,93,40,63,19,0,0,0,0,0,93,94,0,0,0,0,44,0,63,85,86,77,0,0,0,0,0
l26,4=0,0,0,0,0,0,0,0,0,0,0,0,0,0,0,0,0,0,0,0,0,0,74,0,0,0,0,79,100,100,99,99,95,62,86,0,0,0,0,0
l27,4=0,0,0,0,0,0,0,0,0,0,0,0,0,0,0,0,0,0,0,0,0,0,0,0,0,0,95,0,100,100,100,97,87,0,71,0,0,0,0,0
l28,4=0,0,0,0,0,0,0,0,0,0,0,0,0,0,0,0,0,0,0,16,28,0,0,0,0,0,100,98,0,100,89,84,92,72,84,0,0,0,0,0
l29,4=0,0,0,0,0,0,0,0,0,0,0,0,0,0,0,0,0,0,0,5,0,0,10,0,0,35,97,98,100,0,98,56,91,70,88,0,0,0,0,0
l30,4=0,0,0,0,0,0,0,0,0,0,0,0,0,0,0,0,0,0,0,0,0,0,0,0,0,0,100,100,92,98,0,90,90,64,0,0,0,0,0,0
l31,4=0,0,0,0,0,0,0,0,0,0,0,0,0,0,12,0,0,0,0,16,0,0,0,0,0,34,100,30,43,42,82,0,100,92,97,0,0,0,0,0
l32,4=0,0,0,0,0,0,0,0,0,0,0,0,66,0,0,0,0,0,0,0,62,0,0,0,0,94,94,69,95,88,93,99,0,93,100,0,0,0,0,0
l33,4=0,0,0,0,0,0,0,0,0,0,0,0,27,0,25,0,0,0,0,0,0,0,11,27,31,93,34,0,44,29,26,99,100,0,100,0,0,0,0,0
l34,4=0,0,0,0,0,0,0,0,0,0,0,0,0,0,32,0,2,0,0,0,25,0,0,83,15,98,96,26,96,93,0,99,100,98,0,0,0,0,0,0
l35,4=0,0,0,0,0,0,0,0,0,0,0,0,0,0,0,0,56,5,0,0,57,0,57,0,0,0,0,0,0,0,0,0,0,0,0,0,71,79,77,75
l36,4=0,0,0,0,0,0,0,0,0,0,0,49,24,0,1,18,28,59,0,48,64,76,68,0,0,0,0,0,0,0,0,0,0,0,0,82,0,81,77,58
l37,4=0,0,0,0,0,0,0,0,0,0,0,0,0,0,0,0,0,0,0,4,64,66,58,0,0,0,0,0,0,0,0,0,0,0,0,80,80,0,68,48
l38,4=0,0,0,0,0,0,0,0,0,0,0,74,54,1,60,64,82,52,0,59,77,70,72,0,0,0,0,0,0,0,0,0,0,0,0,85,80,79,0,81
l39,4=0,0,0,0,0,0,0,0,0,0,0,0,0,0,0,0,45,33,0,55,71,68,67,0,0,0,0,0,0,0,0,0,0,0,0,77,57,29,70,0

l0,5=0,57,76,89,71,74,71,60,0,75,67,0,0,0,0,0,0,0,0,0,0,0,0,0,0,0,0,0,0,0,0,0,0,0,0,0,0,0,0,0
l1,5=82,0,89,83,83,89,83,61,20,75,71,0,0,0,0,0,0,0,0,0,0,0,0,54,0,0,0,0,0,0,0,0,0,0,0,0,0,0,0,0
l2,5=69,70,0,74,80,85,83,1,22,76,70,0,0,0,0,0,0,0,0,0,0,0,0,0,0,0,0,0,0,0,0,0,0,0,0,0,0,0,0,0
l3,5=83,71,82,0,83,79,71,0,0,48,43,0,0,0,0,0,0,0,0,0,0,0,0,0,0,0,0,0,0,0,0,0,0,0,0,0,0,0,0,0
l4,5=63,74,84,88,0,83,61,66,72,0,64,0,0,42,0,1,0,0,0,0,0,0,0,0,0,0,0,0,0,0,0,0,0,0,0,0,0,0,0,0
l5,5=69,60,87,71,78,0,71,65,75,75,70,22,0,64,0,1,0,0,0,0,0,0,0,0,0,0,0,0,0,0,0,0,0,0,0,0,0,0,0,0
l6,5=69,58,82,69,67,70,0,71,75,76,74,64,0,0,0,0,56,0,0,0,0,0,0,0,0,0,0,0,0,0,0,0,0,0,0,0,0,0,0,0
l7,5=65,52,0,0,71,72,71,0,77,75,78,67,0,5,0,76,0,0,0,0,0,0,0,0,0,0,0,0,0,0,0,0,0,0,0,0,0,0,0,0
l8,5=0,0,0,0,55,25,52,63,0,77,70,67,3,81,24,22,64,64,0,0,1,33,35,41,18,0,0,0,0,0,0,0,0,0,0,0,0,0,0,0
l9,5=44,37,75,56,0,74,71,62,80,0,77,69,0,76,0,39,56,63,0,0,13,0,49,0,18,0,0,0,0,0,0,0,0,0,0,0,0,0,40,0
l10,5=58,52,76,66,61,74,71,66,77,83,0,68,28,69,42,66,2,42,0,0,0,0,0,0,0,0,0,0,0,0,0,0,0,0,0,0,0,0,0,0
l11,5=0,0,0,0,0,18,22,28,79,38,36,0,51,44,35,87,70,74,0,0,3,19,6,42,9,2,0,0,0,0,0,0,0,0,0,0,34,20,49,0
l12,5=0,0,0,0,0,0,0,0,12,0,2,44,0,30,75,21,78,87,0,0,6,1,0,51,43,39,0,0,0,0,0,0,16,12,0,33,29,0,44,0
l13,5=0,0,0,0,39,41,0,0,84,73,27,62,41,0,29,79,67,67,0,10,10,0,38,61,11,2,0,0,0,0,0,0,0,0,0,22,0,0,0,0
l14,5=0,0,0,0,0,0,0,0,44,0,18,46,81,36,0,17,71,70,0,0,10,0,10,78,76,22,0,0,0,0,0,6,0,32,5,0,0,0,51,0
l15,5=0,0,0,0,4,0,0,44,63,18,28,82,48,86,24,0,41,67,0,0,6,20,34,47,24,5,0,0,0,0,0,0,0,0,0,0,32,0,56,9
l16,5=0,0,0,0,0,0,17,0,35,12,0,31,49,22,30,9,0,82,0,13,16,35,50,0,16,2,0,0,0,0,0,0,0,0,0,43,0,23,61,35
l17,5=0,0,0,0,0,0,0,0,60,23,16,45,81,44,34,24,83,0,0,3,20,19,23,0,25,6,0,0,0,0,0,0,0,0,0,18,43,23,4,27
l18,5=0,0,0,0,0,0,0,0,0,0,0,0,0,0,0,0,0,0,0,31,0,45,37,0,0,0,0,0,0,0,0,0,0,0,0,0,0,0,0,0
l19,5=0,0,0,0,0,0,0,0,0,0,0,0,0,3,0,0,41,0,10,0,65,51,75,0,0,0,16,0,0,4,0,0,0,0,0,39,40,0,22,41
l20,5=0,0,0,0,0,0,0,0,5,8,0,1,12,6,15,5,37,27,0,64,0,51,75,0,5,0,0,0,2,0,0,0,10,0,4,38,25,30,52,32
l21,5=0,0,0,0,0,0,0,0,25,4,0,9,9,0,0,6,51,19,28,60,62,0,64,0,5,0,0,0,0,0,0,2,0,0,0,47,43,26,44,47
l22,5=0,0,0,0,0,0,0,0,25,15,0,0,6,10,1,7,50,7,19,72,64,43,0,0,0,0,18,0,0,0,3,0,0,0,0,40,60,30,56,0
l23,5=0,2,0,0,0,0,0,0,36,0,0,50,64,66,69,50,0,0,0,0,0,0,0,0,67,60,0,0,0,0,0,0,0,62,66,0,0,0,0,0
l24,5=0,0,0,0,0,0,0,0,57,21,0,47,77,19,81,72,67,68,0,0,12,24,0,80,0,54,0,0,0,0,0,0,0,37,20,0,0,0,0,0
l25,5=0,0,0,0,0,0,0,0,1,0,0,18,71,25,72,17,61,56,0,0,0,0,0,70,59,0,0,0,0,13,0,0,56,68,48,0,0,0,0,0
l26,5=0,0,0,0,0,0,0,0,0,0,0,0,0,0,0,0,0,0,0,36,25,0,35,0,0,0,0,63,87,92,84,78,74,54,62,0,0,0,0,0
l27,5=0,0,0,0,0,0,0,0,0,0,0,0,0,0,0,0,0,0,0,0,0,0,0,0,0,0,73,0,82,81,89,68,60,0,0,0,0,0,0,0
l28,5=0,0,0,0,0,0,0,0,0,0,0,0,0,0,0,0,0,0,0,10,33,0,0,0,0,0,79,87,0,92,88,63,66,62,63,0,0,0,0,0
l29,5=0,0,0,0,0,0,0,0,0,0,0,0,0,0,0,0,0,0,0,40,0,0,0,0,0,23,79,85,87,0,89,50,58,54,60,0,0,0,0,0
l30,5=0,0,0,0,0,0,0,0,0,0,0,0,0,0,0,0,0,0,0,0,0,0,0,0,0,0,77,87,87,86,0,65,0,60,0,0,0,0,0,0
l31,5=0,0,0,0,0,0,0,0,0,0,0,0,0,0,13,0,5,0,0,0,0,0,0,0,0,0,69,41,47,47,54,0,76,69,77,0,0,0,0,0
l32,5=0,0,0,0,0,0,0,0,0,0,0,0,32,0,0,0,0,0,0,0,25,0,0,0,0,46,62,46,54,60,18,84,0,75,93,0,0,0,0,0
l33,5=0,0,0,0,0,0,0,0,0,0,0,0,28,0,63,0,0,0,0,0,0,0,0,55,30,45,37,0,49,49,65,60,59,0,81,0,0,0,0,0
l34,5=0,0,0,0,0,0,0,0,0,0,0,0,8,0,41,0,0,0,0,0,32,0,0,58,29,43,41,0,46,50,0,81,84,80,0,0,0,0,0,0
l35,5=0,0,0,0,0,0,0,0,0,0,0,0,6,0,0,0,22,1,0,5,3,13,24,0,0,0,0,0,0,0,0,0,0,0,0,0,35,39,23,42
l36,5=0,0,0,0,0,0,0,0,1,0,0,9,7,0,0,4,0,22,0,5,6,19,54,0,0,0,0,0,0,0,0,0,0,0,0,55,0,42,49,56
l37,5=0,0,0,0,0,0,0,0,0,0,0,2,0,0,0,0,12,0,0,0,8,11,19,0,0,0,0,0,0,0,0,0,0,0,0,51,41,0,37,29
l38,5=0,0,0,0,0,0,0,0,0,7,0,24,16,0,19,12,53,0,0,8,19,35,58,0,0,0,0,0,0,0,0,0,0,0,0,42,57,45,0,58
l39,5=0,0,0,0,0,0,0,0,0,0,0,0,0,0,0,0,29,0,0,9,3,18,2,0,0,0,0,0,0,0,0,0,0,0,0,46,48,26,41,0

l0,6=0,89,68,67,69,82,63,16,0,29,53,0,0,0,0,0,0,0,0,0,0,0,0,0,0,0,0,0,0,0,0,0,0,0,0,0,0,0,0,0
l1,6=91,0,81,69,88,83,72,32,33,67,32,0,0,0,0,0,0,0,0,0,0,0,0,19,0,0,0,0,0,0,0,0,0,0,0,0,0,0,0,0
l2,6=87,89,0,69,85,80,72,54,18,73,61,0,0,0,0,0,0,0,0,0,0,0,0,0,0,0,0,0,0,0,0,0,0,0,0,0,0,0,0,0
l3,6=87,86,68,0,88,71,57,0,0,59,0,0,0,0,0,0,0,0,0,0,0,0,0,0,0,0,0,0,0,0,0,0,0,0,0,0,0,0,0,0
l4,6=79,93,69,80,0,81,64,24,21,0,35,0,0,32,0,1,0,0,0,0,0,0,0,9,0,0,0,0,0,0,0,0,0,0,0,0,0,0,0,0
l5,6=81,77,63,65,70,0,65,76,45,67,60,0,0,39,0,0,0,0,0,0,0,0,0,0,0,0,0,0,0,0,0,0,0,0,0,0,0,0,0,0
l6,6=58,72,48,42,42,46,0,76,39,67,60,48,0,1,0,0,37,0,0,0,0,0,0,0,0,0,0,0,0,0,0,0,0,0,0,0,0,0,0,0
l7,6=17,30,23,0,25,77,70,0,49,62,67,38,0,0,0,62,0,0,0,0,0,0,0,0,0,0,0,0,0,0,0,0,0,0,0,0,0,0,0,0
l8,6=0,33,2,0,23,33,26,66,0,67,60,59,36,72,11,52,39,41,0,0,22,10,41,0,20,0,0,0,0,0,0,0,0,0,0,0,0,0,0,0
l9,6=11,48,39,33,0,71,60,62,55,0,62,47,40,69,18,61,28,9,0,0,0,0,22,1,0,0,0,0,0,0,0,0,0,0,0,0,0,0,1,0
l10,6=45,21,44,0,27,44,66,82,51,76,0,49,0,46,0,56,32,0,0,0,0,0,0,0,0,0,0,0,0,0,0,0,0,0,0,0,0,0,0,0
l11,6=0,0,0,0,0,0,16,5,23,31,18,0,49,28,35,72,31,16,0,0,0,0,0,0,26,1,0,0,0,0,0,0,0,0,0,0,13,0,24,0
l12,6=0,0,0,0,0,0,0,0,7,24,0,54,0,26,53,58,47,25,0,0,9,1,0,35,61,55,0,0,0,0,0,0,0,18,9,0,8,0,21,0
l13,6=0,0,0,0,14,10,0,0,50,57,28,44,39,0,43,62,29,22,0,13,5,0,23,23,31,2,0,0,0,0,0,0,0,0,0,0,13,0,30,0
l14,6=0,0,0,0,0,0,0,0,8,27,0,47,56,40,0,48,36,25,0,0,12,0,14,37,50,35,0,0,0,0,0,0,8,23,0,0,0,0,19,0
l15,6=0,0,0,0,1,0,0,19,18,49,30,65,48,47,41,0,39,21,0,0,2,16,19,27,32,5,0,0,0,0,0,0,0,0,0,0,12,0,35,0
l16,6=0,0,0,0,0,0,2,0,3,21,13,23,49,19,15,36,0,17,0,7,3,14,15,13,22,0,0,0,0,0,0,0,0,5,0,7,23,10,26,8
l17,6=0,0,0,0,0,0,0,0,17,27,0,41,50,43,44,56,43,0,0,0,29,17,4,0,32,7,0,0,0,0,0,0,0,19,0,0,12,0,39,0
l18,6=0,0,0,0,0,0,0,0,0,0,0,0,0,0,0,0,18,0,0,20,0,23,0,0,0,0,0,0,0,0,0,0,0,0,0,0,0,0,0,0
l19,6=0,0,0,0,0,0,0,0,0,0,0,0,0,20,0,0,17,0,6,0,52,32,50,0,0,0,9,0,0,15,0,3,0,0,0,0,18,0,0,24
l20,6=0,0,0,0,0,0,0,0,6,0,0,0,19,14,16,9,15,22,0,47,0,48,55,0,0,0,0,0,0,0,0,3,0,12,0,4,36,17,29,28
l21,6=0,0,0,0,0,0,0,0,7,6,0,0,16,0,0,25,26,9,7,26,55,0,42,0,0,0,0,0,0,0,0,1,0,0,0,22,21,0,17,27
l22,6=0,0,0,0,0,0,0,0,8,22,0,0,11,19,16,24,21,0,0,49,64,41,0,0,0,0,6,0,0,0,0,0,0,0,0,0,41,19,25,22
l23,6=0,0,0,0,7,0,0,0,0,4,0,0,48,39,48,53,25,0,0,0,0,0,0,0,61,58,0,0,0,0,0,5,0,39,30,0,0,0,0,0
l24,6=0,0,0,0,0,0,0,0,12,0,0,38,60,39,46,57,48,36,0,0,0,0,0,46,0,50,0,0,0,0,0,0,0,34,20,0,0,0,31,0
l25,6=0,0,0,0,0,0,0,0,0,0,0,18,60,20,50,33,17,9,0,0,0,0,0,42,53,0,0,0,0,0,0,0,22,47,0,0,0,0,0,0
l26,6=0,0,0,0,0,0,0,0,0,0,0,0,0,0,0,0,0,0,0,18,8,0,23,0,0,0,0,35,50,83,68,44,63,34,35,0,0,0,0,0
l27,6=0,0,0,0,0,0,0,0,0,0,0,0,0,0,0,0,0,0,0,0,0,0,0,0,0,0,50,0,47,83,86,36,40,0,0,0,0,0,0,0
l28,6=0,0,0,0,0,0,0,0,0,0,0,0,0,0,0,0,0,0,0,0,1,0,0,0,0,0,59,84,0,85,86,37,40,54,44,0,0,0,0,0
l29,6=0,0,0,0,0,0,0,0,0,0,0,0,0,0,0,0,0,0,0,19,0,0,0,0,0,0,56,81,50,0,44,28,37,43,22,0,0,0,0,0
l30,6=0,0,0,0,0,0,0,0,0,0,0,0,0,0,0,0,0,0,0,0,0,0,0,0,0,0,55,85,47,36,0,28,0,2,22,0,0,0,0,0
l31,6=0,0,0,0,0,0,0,0,0,0,0,0,0,0,8,0,0,0,0,25,30,0,0,16,0,0,52,19,25,24,37,0,64,63,59,0,0,0,0,0
l32,6=0,0,0,0,0,0,0,0,0,0,0,0,1,0,0,0,0,0,0,0,0,0,0,0,0,22,50,18,25,27,0,48,0,69,75,0,0,0,0,0
l33,6=0,0,0,0,0,0,0,0,0,0,0,0,43,0,33,0,20,27,0,0,27,0,0,26,44,48,28,0,29,30,23,39,66,0,66,0,0,0,0,0
l34,6=0,0,0,0,0,0,0,0,0,0,0,0,29,0,0,0,0,0,0,0,0,0,0,28,26,2,33,0,26,15,27,39,75,63,0,0,0,0,0,0
l35,6=0,0,0,0,0,0,0,0,0,0,0,0,0,0,0,0,15,0,0,4,10,17,0,0,0,0,0,0,0,0,0,0,0,0,0,0,25,31,22,30
l36,6=0,0,0,0,0,0,0,0,0,0,0,1,4,10,0,7,20,2,0,3,13,9,21,0,0,0,0,0,0,0,0,0,0,0,0,10,0,37,25,34
l37,6=0,0,0,0,0,0,0,0,0,0,0,0,0,0,0,0,8,0,0,0,2,0,15,0,0,0,0,0,0,0,0,0,0,0,0,15,46,0,23,5
l38,6=0,0,0,0,0,0,0,0,0,0,0,15,17,19,7,27,25,8,0,0,26,18,38,0,5,0,0,0,0,0,0,0,0,0,0,10,33,24,0,27
l39,6=0,0,0,0,0,0,0,0,0,0,0,0,0,0,0,0,15,0,0,10,19,20,16,0,0,0,0,0,0,0,0,0,0,0,0,20,46,7,23,0

l0,7=0,99,88,92,84,96,91,0,72,71,83,0,0,0,0,0,0,0,0,0,0,0,0,0,0,0,0,0,0,0,0,0,0,0,0,0,0,0,0,0
l1,7=94,0,99,91,91,93,92,88,53,79,17,0,0,1,0,0,0,0,0,0,0,0,0,10,0,0,0,0,0,0,0,0,0,0,0,0,0,0,0,0
l2,7=84,97,0,92,91,93,92,76,82,78,59,0,0,0,0,0,0,0,0,0,0,0,0,0,0,0,0,0,0,0,0,0,0,0,0,0,0,0,0,0
l3,7=93,97,93,0,97,93,87,13,76,53,43,0,0,0,0,0,0,0,0,0,0,0,0,0,0,0,0,0,0,0,0,0,0,0,0,0,0,0,0,0
l4,7=92,99,92,97,0,96,92,52,81,0,89,0,0,60,0,0,0,0,0,0,0,0,0,0,0,0,0,0,0,0,0,0,0,0,0,0,0,0,0,0
l5,7=94,97,86,91,91,0,92,90,87,75,88,0,0,4,0,3,0,0,0,0,0,0,0,0,0,0,0,0,0,0,0,0,0,0,0,0,0,0,0,0
l6,7=89,97,94,66,88,93,0,90,0,79,90,5,0,35,0,0,12,0,0,0,0,0,0,0,0,0,0,0,0,0,0,0,0,0,0,0,0,0,0,0
l7,7=0,71,36,17,26,93,92,0,82,79,91,17,2,33,0,42,0,0,0,0,0,0,0,0,0,0,0,0,0,0,0,0,0,0,0,0,0,0,0,0
l8,7=18,25,34,18,27,38,0,53,0,79,88,54,9,77,52,55,45,38,0,0,3,0,14,0,0,0,0,0,0,0,0,0,0,0,0,0,0,0,0,0
l9,7=14,40,41,7,0,34,92,90,91,0,90,41,9,75,43,48,5,6,0,0,27,6,4,1,17,0,0,0,0,0,0,0,0,0,0,0,0,0,13,0
l10,7=43,4,17,9,43,78,85,90,90,79,0,56,0,1,0,43,46,1,0,0,0,0,0,0,0,0,0,0,0,0,0,0,0,0,0,0,0,0,0,0
l11,7=0,0,0,0,0,0,16,11,54,36,22,0,31,16,39,68,55,27,0,0,25,0,5,13,15,12,0,0,0,0,0,0,0,0,0,9,11,0,13,7
l12,7=0,0,0,0,0,0,0,0,11,19,0,54,0,9,74,59,65,38,0,0,26,2,0,31,85,80,0,0,0,0,0,0,0,45,12,0,0,0,12,0
l13,7=0,0,0,0,8,1,27,44,91,68,0,31,9,0,58,57,31,39,0,0,22,1,4,16,25,13,0,0,0,0,0,0,0,0,0,9,0,0,23,0
l14,7=0,0,0,0,0,0,0,0,23,18,0,20,41,13,0,27,47,41,0,0,30,17,5,58,29,56,0,0,0,0,0,0,0,33,0,0,0,0,9,0
l15,7=0,0,0,0,0,1,0,37,36,33,18,71,43,35,50,0,38,38,0,2,27,32,6,26,11,15,0,0,0,0,0,0,0,0,0,0,11,0,24,0
l16,7=0,0,0,0,0,0,12,0,11,6,7,19,12,7,25,16,0,23,11,0,35,26,6,15,14,13,0,0,0,0,0,4,0,0,0,11,13,12,18,9
l17,7=0,0,0,0,0,0,0,0,15,17,1,19,12,14,65,28,57,0,0,0,43,25,0,8,33,0,0,0,0,0,0,0,0,23,0,0,13,0,15,0
l18,7=0,0,0,0,0,0,0,0,0,0,0,0,0,0,0,0,35,0,0,19,37,7,0,0,0,0,0,0,0,0,0,0,0,0,0,0,0,0,0,0
l19,7=0,0,0,0,0,0,0,0,0,0,0,0,0,0,0,1,0,0,17,0,60,32,48,0,0,0,0,0,1,14,0,14,0,0,0,4,18,3,3,16
l20,7=0,0,0,0,0,0,0,0,0,9,0,0,1,0,9,8,46,28,14,49,0,67,51,0,0,0,13,0,10,0,0,0,0,11,0,24,27,9,36,32
l21,7=0,0,0,0,0,0,0,0,0,12,0,0,4,2,18,13,32,16,8,24,67,0,45,0,0,0,0,0,0,0,0,0,0,0,0,23,23,13,11,21
l22,7=0,0,0,0,0,0,0,0,13,15,0,9,0,4,12,9,40,0,0,49,75,61,0,0,0,0,17,0,0,11,1,0,1,0,0,0,49,11,24,20
l23,7=0,0,0,0,0,0,0,0,0,9,0,9,23,8,63,29,31,1,0,0,0,0,0,0,84,79,0,0,0,0,0,3,3,31,54,0,0,0,0,0
l24,7=0,0,0,0,0,0,0,0,0,20,0,15,58,10,50,16,43,43,0,0,0,0,0,77,0,63,0,0,0,0,0,1,0,42,25,0,0,0,1,0
l25,7=0,0,0,0,0,0,0,0,0,15,0,10,52,24,60,24,27,0,0,0,0,0,0,74,73,0,0,0,0,10,0,6,33,45,0,0,0,0,7,0
l26,7=0,0,0,0,0,0,0,0,0,0,0,0,0,0,0,0,0,0,0,0,38,0,29,0,0,0,0,70,75,75,83,77,74,60,64,0,0,0,0,0
l27,7=0,0,0,0,0,0,0,0,0,0,0,0,0,0,0,0,0,0,0,0,0,0,0,0,0,0,65,0,71,75,87,29,56,0,1,0,0,0,0,0
l28,7=0,0,0,0,0,0,0,0,0,0,0,0,0,0,0,0,0,0,0,20,44,0,0,0,0,0,74,86,0,82,90,70,52,63,60,0,0,0,0,0
l29,7=0,0,0,0,0,0,0,0,0,0,0,0,0,0,0,0,0,0,0,6,0,0,36,0,0,16,71,83,75,0,87,69,69,63,14,0,0,0,0,0
l30,7=0,0,0,0,0,0,0,0,0,0,0,0,0,0,0,0,0,0,0,0,0,0,0,0,0,0,70,83,71,75,0,68,58,41,57,0,0,0,0,0
l31,7=0,0,0,0,0,0,0,0,0,0,0,0,0,0,0,0,32,0,0,32,0,0,0,12,3,1,68,7,51,32,55,0,74,77,77,0,0,0,0,0
l32,7=0,0,0,0,0,0,0,0,0,0,0,0,0,0,0,0,0,0,0,0,0,0,9,18,0,41,69,43,23,41,51,79,0,82,84,0,0,0,0,0
l33,7=0,0,0,0,0,0,0,0,0,0,0,0,28,0,48,0,0,25,0,0,39,0,0,48,52,49,50,0,34,37,47,78,78,0,69,0,0,0,0,0
l34,7=0,0,0,0,0,0,0,0,0,0,0,0,9,0,0,0,2,0,0,0,0,0,0,57,37,11,56,22,24,22,47,75,83,65,0,0,0,0,0,0
l35,7=0,0,0,0,0,0,0,0,0,0,0,0,0,0,0,0,30,0,0,0,32,31,0,0,0,0,0,0,0,0,0,0,0,0,0,0,47,28,14,20
l36,7=0,0,0,0,0,0,0,0,0,0,0,0,0,0,0,1,35,14,0,6,36,29,11,0,0,0,0,0,0,0,0,0,0,0,0,30,0,25,17,21
l37,7=0,0,0,0,0,0,0,0,0,0,0,0,0,0,0,0,4,0,0,5,16,20,2,0,0,0,0,0,0,0,0,0,0,0,0,28,28,0,10,8
l38,7=0,0,0,0,0,0,0,0,0,6,0,11,0,0,6,17,44,22,0,0,52,35,15,0,0,1,0,0,0,0,0,0,0,0,0,28,50,18,0,22
l39,7=0,0,0,0,0,0,0,0,0,0,0,0,0,0,0,0,4,0,0,19,33,30,7,0,0,0,0,0,0,0,0,0,0,0,0,25,49,9,9,0

l0,8=0,100,99,100,100,100,96,65,69,87,83,0,0,66,0,0,0,0,0,0,0,0,0,0,0,0,0,0,0,0,0,0,0,0,0,0,0,0,0,0
l1,8=100,0,100,100,100,100,95,96,0,25,67,0,0,39,0,0,0,0,0,0,0,0,0,0,0,0,0,0,0,0,0,0,0,0,0,0,0,0,0,0
l2,8=100,100,0,100,99,100,98,96,0,0,84,0,0,0,0,3,0,0,0,0,0,0,0,0,0,0,0,0,0,0,0,0,0,0,0,0,0,0,0,0
l3,8=100,100,98,0,100,100,89,45,8,0,0,0,0,0,0,0,0,0,0,0,0,0,0,0,0,0,0,0,0,0,0,0,0,0,0,0,0,0,0,0
l4,8=99,100,95,100,0,99,97,89,84,53,87,0,0,75,0,0,0,0,0,0,0,0,0,13,23,0,0,0,0,0,0,0,0,0,0,0,0,0,0,0
l5,8=100,100,100,100,99,0,94,96,86,73,89,59,0,1,0,0,0,0,0,0,0,0,0,0,0,0,0,0,0,0,0,0,0,0,0,0,0,0,0,0
l6,8=96,89,93,66,92,86,0,92,35,84,83,0,0,45,0,0,21,0,0,0,0,0,0,0,0,0,0,0,0,0,0,0,0,0,0,0,0,0,0,0
l7,8=70,93,87,84,88,92,92,0,84,97,94,19,1,87,0,0,3,32,0,0,0,0,0,0,0,0,0,0,0,0,0,0,0,0,0,0,0,0,0,0
l8,8=26,0,0,41,61,55,35,39,0,98,82,77,0,94,73,83,0,40,0,42,0,0,57,0,21,0,0,0,0,0,0,0,0,0,0,0,0,0,0,0
l9,8=58,0,0,0,33,45,92,90,86,0,94,77,28,87,0,86,36,31,0,0,0,33,1,68,63,0,0,0,0,0,0,0,0,0,0,0,0,0,33,0
l10,8=86,20,73,0,86,91,87,91,83,92,0,70,0,79,0,85,3,0,0,0,0,0,0,0,0,0,0,0,0,0,0,0,0,0,0,0,0,0,0,0
l11,8=0,0,0,0,0,11,0,0,58,57,59,0,100,42,76,96,43,47,0,0,16,18,21,60,79,47,0,0,0,0,0,0,0,0,0,11,16,0,28,0
l12,8=0,0,0,0,0,0,0,0,0,2,0,89,0,0,94,95,56,48,0,0,4,1,0,89,98,84,0,0,0,0,0,0,0,39,9,0,4,0,27,0
l13,8=7,0,0,11,27,0,20,39,88,85,69,40,0,0,80,84,24,22,0,0,18,21,0,66,57,41,0,0,0,0,0,0,0,0,0,0,4,0,38,0
l14,8=0,0,0,0,0,0,0,0,41,2,0,53,100,50,0,69,22,50,0,0,20,22,25,86,88,47,0,0,0,0,0,0,0,0,0,0,11,0,0,0
l15,8=0,0,0,0,0,0,0,0,54,61,72,91,98,71,87,0,37,53,0,0,49,42,43,62,60,31,0,0,0,0,0,0,0,0,0,0,10,0,40,0
l16,8=0,0,0,0,0,0,12,0,0,15,7,71,76,24,37,47,0,29,6,36,60,20,52,17,82,24,0,0,0,0,0,7,0,0,13,3,19,22,21,29
l17,8=0,0,0,0,0,0,0,5,22,20,3,79,77,43,91,78,38,0,0,50,52,21,27,18,60,0,0,0,0,0,0,0,0,32,0,0,7,0,29,22
l18,8=0,0,0,0,0,0,0,0,0,0,0,0,0,0,0,0,40,0,0,77,61,48,0,0,0,0,0,0,0,0,0,0,0,0,0,0,0,0,4,0
l19,8=0,0,0,0,0,0,0,0,12,0,0,0,0,0,0,0,30,21,19,0,70,41,69,0,0,0,23,0,8,0,0,24,0,0,0,12,32,0,0,50
l20,8=0,0,0,0,0,0,0,0,0,0,0,6,11,13,27,27,14,18,17,83,0,74,81,0,0,0,10,0,1,0,0,0,0,0,0,19,32,32,35,43
l21,8=0,0,0,0,0,0,0,0,0,19,0,17,21,30,39,26,12,12,7,54,72,0,74,0,0,0,0,0,0,0,0,0,0,2,0,19,21,33,31,51
l22,8=0,0,0,0,0,0,0,0,20,10,0,21,0,0,34,25,25,8,0,79,73,65,0,0,0,0,0,0,0,12,0,8,0,0,0,20,45,27,36,36
l23,8=0,0,0,0,0,0,0,0,0,33,0,51,93,73,82,70,40,24,0,0,0,0,0,0,96,84,0,0,0,0,0,0,52,55,64,0,0,0,0,0
l24,8=0,0,0,0,3,0,0,0,0,38,0,61,99,59,92,60,62,39,0,0,0,0,0,91,0,83,0,0,0,0,0,18,0,26,0,0,6,0,0,0
l25,8=0,0,0,0,0,0,0,0,5,0,0,52,100,58,67,52,22,0,0,0,0,0,0,91,75,0,0,0,0,34,0,27,46,60,49,0,0,0,8,0
l26,8=0,0,0,0,0,0,0,0,0,0,0,0,0,0,0,0,0,0,0,61,35,0,0,0,0,0,0,87,92,89,87,91,81,73,66,0,0,0,0,0
l27,8=0,0,0,0,0,0,0,0,0,0,0,0,0,0,0,0,0,0,0,0,0,0,0,0,0,0,78,0,92,89,93,0,63,0,61,0,0,0,0,0
l28,8=0,0,0,0,0,0,0,0,0,0,0,0,0,0,0,0,0,0,0,64,41,0,0,0,0,0,92,92,0,89,93,91,48,78,58,0,0,0,0,0
l29,8=0,0,0,0,0,0,0,0,0,0,0,0,0,0,0,0,0,0,0,0,0,0,40,0,0,48,92,92,92,0,93,91,42,54,54,0,0,0,0,0
l30,8=0,0,0,0,0,0,0,0,0,0,0,0,0,0,0,0,0,0,0,0,0,0,0,0,0,0,78,92,92,89,0,60,68,52,0,0,0,0,0,0
l31,8=0,0,0,0,0,0,0,0,0,0,0,0,0,0,0,0,27,0,0,48,3,0,21,2,32,41,90,0,76,72,42,0,80,85,83,0,0,0,0,0
l32,8=0,0,0,0,0,0,0,0,0,0,0,0,3,0,0,0,0,0,0,0,0,0,0,59,0,52,87,62,43,50,61,93,0,91,89,0,0,0,0,0
l33,8=0,0,0,0,0,0,0,0,0,0,0,0,55,0,0,0,0,60,0,0,16,0,0,58,33,55,64,0,57,57,57,90,83,0,65,0,0,0,0,0
l34,8=0,0,0,0,0,0,0,0,0,0,0,0,61,0,13,0,39,0,0,0,0,0,0,63,22,54,64,52,55,57,0,90,90,67,0,0,0,0,0,0
l35,8=0,0,0,0,0,0,0,0,0,0,0,7,2,0,0,0,0,0,0,17,21,18,27,0,0,0,0,0,0,0,0,0,0,0,0,0,44,37,23,28
l36,8=0,0,0,0,0,0,0,0,0,0,0,13,11,3,13,9,5,1,0,32,41,24,42,0,10,0,0,0,0,0,0,0,0,0,0,30,0,31,18,40
l37,8=0,0,0,0,0,0,0,0,0,0,0,0,0,0,0,0,6,0,0,0,22,20,15,0,0,0,0,0,0,0,0,0,0,0,0,21,17,0,16,14
l38,8=0,0,0,0,0,0,0,0,0,10,0,20,24,26,0,28,5,8,0,0,52,47,50,0,0,0,0,0,0,0,0,0,0,0,0,29,29,36,0,36
l39,8=0,0,0,0,0,0,0,0,0,0,0,0,0,0,0,0,12,2,0,47,37,39,31,0,0,0,0,0,0,0,0,0,0,0,0,33,43,2,16,0

l0,9=0,100,100,99,97,99,98,96,37,100,100,0,0,14,0,0,0,0,0,0,0,0,0,0,0,0,0,0,0,0,0,0,0,0,0,0,0,0,0,0
l1,9=100,0,100,100,99,100,93,94,76,91,97,0,0,79,0,0,0,0,0,0,0,0,0,13,0,0,0,0,0,0,0,0,0,0,0,0,0,0,0,0
l2,9=100,100,0,100,95,100,99,92,0,17,58,0,22,0,0,0,0,0,0,0,0,0,0,0,0,0,0,0,0,0,0,0,0,0,0,0,0,0,0,0
l3,9=96,100,100,0,99,100,86,87,0,18,92,0,0,8,0,0,0,0,0,0,0,0,0,0,0,0,0,0,0,0,0,0,0,0,0,0,0,0,0,0
l4,9=99,100,90,100,0,95,84,85,98,39,97,0,0,0,35,0,0,0,0,0,0,0,0,0,7,0,0,0,0,0,0,0,0,0,0,0,0,0,0,0
l5,9=92,100,100,100,91,0,87,89,95,90,100,0,0,66,0,0,0,0,0,0,0,0,0,0,0,0,0,0,0,0,0,0,0,0,0,0,0,0,0,0
l6,9=96,91,100,82,44,93,0,97,59,89,100,0,0,40,0,0,27,0,0,0,0,0,0,0,0,0,0,0,0,0,0,0,0,0,0,0,0,0,0,0
l7,9=75,95,82,95,70,80,99,0,99,100,100,24,30,97,0,36,0,0,0,0,0,0,0,0,0,0,0,0,0,0,0,0,0,0,0,0,0,0,0,0
l8,9=4,81,0,0,60,32,78,90,0,100,56,78,33,99,8,47,29,38,0,30,0,0,32,0,0,0,0,0,0,0,0,0,0,0,0,0,0,0,0,0
l9,9=86,78,0,46,13,50,83,96,100,0,100,85,0,100,64,92,63,0,0,0,0,0,0,44,23,0,0,0,0,0,0,0,0,0,0,0,0,0,0,0
l10,9=84,89,78,94,92,91,93,96,95,100,0,0,27,82,6,94,3,38,0,0,1,0,0,8,0,0,0,0,0,0,0,0,0,0,0,0,0,0,0,0
l11,9=0,0,0,0,0,0,0,14,95,34,0,0,100,99,61,100,65,96,0,0,49,67,24,32,60,79,0,0,0,0,0,0,0,0,0,0,43,0,72,0
l12,9=0,0,0,0,0,0,0,0,3,0,0,95,0,90,65,95,71,98,0,0,79,65,12,65,75,98,0,0,0,0,0,0,0,2,18,0,46,0,77,0
l13,9=0,5,0,39,0,11,64,80,98,100,26,94,55,0,60,98,68,0,0,0,33,52,0,30,59,72,0,0,0,0,0,0,0,0,0,0,33,0,81,0
l14,9=0,0,0,0,12,0,0,0,4,29,0,67,100,87,0,61,67,96,0,0,85,74,31,95,97,79,0,0,0,0,0,0,0,0,8,0,44,0,0,0
l15,9=0,0,0,0,0,0,0,1,72,33,32,100,99,99,64,0,70,97,0,0,53,85,12,16,66,0,0,0,0,0,0,0,0,0,0,0,52,14,87,0
l16,9=0,0,0,0,0,0,15,0,10,17,0,64,91,90,59,53,0,92,28,58,92,27,33,31,62,57,0,0,0,0,0,0,0,8,41,0,33,32,89,76
l17,9=0,0,0,0,0,0,0,0,54,0,19,70,100,0,64,62,70,0,0,91,73,87,34,0,40,0,0,0,0,0,0,0,0,29,0,0,21,1,0,75
l18,9=0,0,0,0,0,0,0,0,0,0,0,0,0,0,0,0,77,0,0,0,88,91,0,0,0,0,0,0,0,0,0,0,0,0,0,0,0,0,0,0
l19,9=0,0,0,0,0,0,0,0,15,0,0,0,0,0,0,0,63,76,0,0,92,91,92,0,0,0,74,0,6,0,0,67,0,0,0,22,77,57,65,76
l20,9=0,0,0,0,0,0,0,0,0,0,0,13,30,25,27,34,61,22,22,98,0,95,97,0,0,0,15,0,0,0,0,0,0,0,10,34,82,76,91,70
l21,9=0,0,0,0,0,0,0,0,0,0,0,23,43,64,31,42,37,65,37,92,98,0,97,0,2,0,0,0,0,0,0,0,0,8,0,48,39,34,89,73
l22,9=0,0,0,0,0,0,0,0,13,0,0,16,27,0,39,25,56,26,0,92,99,91,0,0,0,0,59,0,0,8,0,40,0,0,0,79,82,58,85,6
l23,9=0,0,0,0,0,0,0,0,0,33,0,77,100,97,98,47,71,0,0,0,0,0,0,0,99,98,0,0,0,0,0,0,51,44,60,0,0,0,0,0
l24,9=0,0,0,0,1,0,0,0,0,28,0,66,99,95,96,61,71,0,0,0,0,0,0,97,0,94,0,0,0,0,0,0,0,36,18,0,51,0,0,0
l25,9=0,0,0,0,0,0,0,0,0,0,0,69,100,86,73,0,65,1,0,0,0,0,0,99,99,0,1,0,0,36,0,0,45,99,44,0,0,0,71,0
l26,9=0,0,0,0,0,0,0,0,0,0,0,0,0,0,0,0,0,0,0,83,79,0,80,0,0,0,0,82,97,99,98,100,98,82,88,0,0,0,0,0
l27,9=0,0,0,0,0,0,0,0,0,0,0,0,0,0,0,0,0,0,0,0,0,0,0,0,0,0,99,0,97,99,99,93,75,0,0,0,0,0,0,0
l28,9=0,0,0,0,0,0,0,0,0,0,0,0,0,0,0,0,0,0,0,76,0,0,34,0,0,0,99,100,0,99,99,87,25,87,0,0,0,0,0,0
l29,9=0,0,0,0,0,0,0,0,0,0,0,0,0,0,0,0,0,0,0,0,41,0,78,0,0,1,99,100,97,0,99,99,22,82,83,0,0,0,0,0
l30,9=0,0,0,0,0,0,0,0,0,0,0,0,0,0,0,0,0,0,0,0,0,0,0,0,0,0,97,100,97,99,0,94,84,38,87,0,0,0,0,0
l31,9=0,0,0,0,0,0,0,0,0,0,0,0,0,0,0,0,0,0,0,82,0,0,45,0,0,0,98,84,90,91,90,0,99,99,100,0,0,0,0,0
l32,9=0,0,0,0,0,0,0,0,0,0,0,0,46,0,0,0,0,0,0,0,0,0,0,51,0,85,99,84,3,52,87,100,0,100,100,0,0,0,0,0
l33,9=0,0,0,0,0,0,0,0,0,0,0,0,71,0,51,0,71,85,0,0,0,62,0,96,95,96,92,0,94,78,71,100,99,0,99,0,0,0,0,0
l34,9=0,0,0,0,0,0,0,0,0,0,0,0,71,0,53,0,72,0,0,0,89,0,0,99,48,91,99,0,0,98,98,100,99,100,0,0,0,0,0,0
l35,9=0,0,0,0,0,0,0,0,0,0,0,0,0,0,0,0,0,0,0,4,8,29,14,0,0,0,0,0,0,0,0,0,0,0,0,0,84,70,87,37
l36,9=0,0,0,0,0,0,0,0,0,0,0,9,15,2,3,5,8,0,0,12,41,15,17,0,3,0,0,0,0,0,0,0,0,0,0,56,0,60,69,45
l37,9=0,0,0,0,0,0,0,0,0,0,0,0,0,0,0,0,1,0,0,5,45,14,11,0,0,0,0,0,0,0,0,0,0,0,0,48,47,0,73,30
l38,9=0,0,0,0,0,0,0,0,0,0,0,12,23,50,0,39,56,0,0,24,82,74,36,0,0,14,0,0,0,0,0,0,0,0,0,49,47,60,0,68
l39,9=0,0,0,0,0,0,0,0,0,0,0,0,0,0,0,0,23,17,0,45,37,33,0,0,0,0,0,0,0,0,0,0,0,0,0,44,39,49,68,0

l0,10=0,91,88,90,90,82,0,63,40,58,70,0,0,0,0,0,0,0,0,0,0,0,0,0,0,0,0,0,0,0,0,0,0,0,0,0,0,0,0,0
l1,10=86,0,88,89,79,85,86,79,0,8,50,0,0,0,0,0,0,0,0,0,0,0,0,0,0,0,0,0,0,0,0,0,0,0,0,0,0,0,0,0
l2,10=88,92,0,91,81,90,86,50,45,70,59,0,23,1,0,0,0,0,0,0,0,0,0,0,0,0,0,0,0,0,0,0,0,0,0,0,0,0,0,0
l3,10=92,91,89,0,94,83,50,32,0,39,3,0,0,0,0,0,0,0,0,0,0,0,0,0,0,0,0,0,0,0,0,0,0,0,0,0,0,0,0,0
l4,10=84,61,49,93,0,84,30,42,42,20,63,0,0,8,19,0,0,0,0,0,0,0,0,0,0,0,0,0,0,0,0,0,0,0,0,0,0,0,0,0
l5,10=79,87,88,84,89,0,86,79,53,54,77,0,0,62,0,0,0,0,0,0,0,0,0,0,0,0,0,0,0,0,0,0,0,0,0,0,0,0,0,0
l6,10=0,87,83,62,29,84,0,78,74,84,73,0,0,26,0,0,1,0,0,0,0,0,0,0,0,0,0,0,0,0,0,0,0,0,0,0,0,0,0,0
l7,10=55,65,43,42,59,82,83,0,67,88,81,19,20,62,7,0,0,0,0,0,0,0,0,0,0,0,0,0,0,0,0,0,0,0,0,0,0,0,0,0
l8,10=24,0,11,0,25,17,49,42,0,93,26,51,40,73,0,48,13,34,0,14,2,0,30,32,2,0,0,0,0,0,0,0,0,0,0,0,0,0,0,0
l9,10=37,0,42,23,16,19,71,77,79,0,81,55,53,75,23,36,0,0,0,0,0,8,0,14,14,0,0,0,0,0,0,0,0,0,0,0,0,0,0,0
l10,10=37,29,30,18,47,40,53,76,41,88,0,24,0,46,0,43,0,27,0,0,0,0,0,0,0,0,0,0,0,0,0,0,0,0,0,0,0,0,0,0
l11,10=0,0,0,0,0,0,0,21,57,35,20,0,76,68,60,86,7,60,0,0,18,16,0,55,57,48,0,0,0,0,0,0,0,0,0,16,38,0,16,0
l12,10=0,0,0,0,0,0,0,0,37,30,0,72,0,66,93,81,75,86,0,0,27,22,0,73,85,98,0,0,0,0,0,0,0,36,0,0,2,0,30,0
l13,10=0,0,0,0,1,20,21,44,63,68,32,68,63,0,30,72,27,8,0,1,20,15,0,32,41,16,0,0,0,0,0,0,0,0,0,0,16,0,17,0
l14,10=0,0,0,0,25,0,0,0,0,25,0,71,97,61,0,41,37,65,0,0,5,3,22,62,85,65,0,0,0,0,0,0,0,48,0,0,51,0,15,0
l15,10=0,0,0,0,0,0,0,0,56,29,34,84,86,82,39,0,33,64,0,17,13,3,28,32,53,19,0,0,0,0,0,0,0,0,0,0,1,0,14,0
l16,10=0,0,0,0,0,0,0,0,28,0,0,0,83,52,37,36,0,71,22,24,31,23,35,41,86,0,0,0,0,0,0,0,5,17,50,29,52,53,43,29
l17,10=0,0,0,0,0,0,0,0,44,3,4,66,99,27,57,52,50,0,0,29,16,28,49,0,61,22,0,0,0,0,0,0,0,33,0,4,61,1,33,19
l18,10=0,0,0,0,0,0,0,0,0,0,0,0,0,0,0,0,26,0,0,62,78,74,0,0,0,0,0,0,0,0,0,0,0,0,0,0,0,0,0,0
l19,10=0,0,0,0,0,0,0,0,9,0,0,0,0,1,0,21,19,38,37,0,87,67,79,0,0,0,57,0,0,0,0,31,5,0,0,38,25,20,2,37
l20,10=0,0,0,0,0,0,0,0,0,0,0,5,37,21,0,18,43,24,31,84,0,86,92,0,0,0,0,0,0,0,0,0,5,0,0,52,79,63,47,40
l21,10=0,0,0,0,0,0,0,0,0,3,0,18,25,21,6,9,35,48,46,53,91,0,89,0,0,0,0,0,0,0,0,0,0,5,0,54,38,3,39,37
l22,10=0,0,0,0,0,0,0,0,29,2,0,0,0,0,12,21,22,44,0,80,91,78,0,0,0,0,30,0,0,8,0,40,0,0,0,51,62,47,71,33
l23,10=0,0,0,0,0,0,0,0,37,8,0,57,97,59,63,17,34,0,0,0,0,0,0,0,99,98,0,0,0,0,0,2,64,78,19,0,0,0,0,0
l24,10=0,0,0,0,0,0,0,0,0,17,0,56,97,69,95,43,85,62,0,0,1,0,0,97,0,98,0,0,0,0,0,0,0,60,0,0,0,0,6,0
l25,10=0,0,0,11,0,0,0,0,0,0,0,77,97,43,93,31,0,28,0,0,0,0,0,97,99,0,11,0,0,0,0,20,38,97,76,0,0,0,7,0
l26,10=0,0,0,0,0,0,0,0,0,0,0,0,0,0,0,0,0,0,0,65,0,0,50,0,0,26,0,81,95,100,99,98,97,50,81,0,0,0,0,0
l27,10=0,0,0,0,0,0,0,0,0,0,0,0,0,0,0,0,0,0,0,0,0,0,0,0,0,0,87,0,92,100,99,83,0,0,75,0,0,0,0,0
l28,10=0,0,0,0,0,0,0,0,0,0,0,0,0,0,0,0,0,0,0,0,0,0,4,0,0,0,97,96,0,100,99,90,47,72,27,0,0,0,0,0
l29,10=0,0,0,0,0,0,0,0,0,0,0,0,0,0,0,0,0,0,0,0,25,0,12,0,0,0,97,96,95,0,99,88,66,4,69,0,0,0,0,0
l30,10=0,0,0,0,0,0,0,0,0,0,0,0,0,0,0,0,0,0,0,0,0,0,0,0,0,0,97,96,95,100,0,91,81,50,72,0,0,0,0,0
l31,10=0,0,0,0,0,0,0,0,0,0,0,0,0,0,0,0,0,0,0,50,1,0,60,32,0,18,97,75,79,95,94,0,99,98,100,0,0,0,0,0
l32,10=0,0,0,0,0,0,0,0,0,0,0,0,0,0,0,0,4,0,0,24,55,0,0,73,1,41,96,0,61,80,78,98,0,99,100,0,0,0,0,0
l33,10=0,0,0,0,0,0,0,0,0,0,0,0,79,0,75,0,37,25,0,0,0,36,0,92,91,96,93,0,93,19,75,99,100,0,100,0,0,0,0,0
l34,10=0,0,0,0,0,0,0,0,0,0,0,0,0,0,0,0,62,0,0,1,29,0,0,51,3,81,91,72,43,84,85,99,100,97,0,0,0,0,0,0
l35,10=0,0,0,0,0,0,0,0,0,0,0,0,1,0,0,0,0,0,0,7,26,16,48,0,0,0,0,0,0,0,0,0,0,0,0,0,79,64,56,28
l36,10=0,0,0,0,0,0,0,0,0,0,0,5,1,2,10,0,15,22,0,8,38,1,49,0,0,0,0,0,0,0,0,0,0,0,0,85,0,66,46,42
l37,10=0,0,0,0,0,0,0,0,0,0,0,0,0,0,0,0,14,0,0,0,31,0,46,0,0,0,0,0,0,0,0,0,0,0,0,67,67,0,25,35
l38,10=0,0,0,0,0,0,0,0,0,0,0,6,43,21,4,5,37,33,0,1,37,32,67,0,5,0,0,0,0,0,0,0,0,0,0,66,69,63,0,43
l39,10=0,0,0,0,0,0,0,0,0,0,0,0,0,0,0,0,30,23,0,38,35,25,45,0,0,0,0,0,0,0,0,0,0,0,0,56,72,65,45,0

l0,11=0,90,85,91,84,89,41,49,24,47,5,0,0,0,0,0,0,0,0,0,0,0,0,0,0,0,0,0,0,0,0,0,0,0,0,0,0,0,0,0
l1,11=89,0,85,80,65,86,85,75,29,60,50,28,0,0,0,0,0,0,0,0,0,0,0,0,0,0,0,0,0,0,0,0,0,0,0,0,0,0,0,0
l2,11=89,88,0,88,75,89,64,60,21,32,31,0,0,0,0,0,0,0,0,0,0,0,0,0,0,0,0,0,0,0,0,0,0,0,0,0,0,0,0,0
l3,11=92,71,81,0,84,85,40,16,0,33,40,0,0,0,0,0,0,0,0,0,0,0,0,0,0,0,0,0,0,0,0,0,0,0,0,0,0,0,0,0
l4,11=82,64,55,91,0,81,64,43,0,34,47,0,0,0,25,0,0,0,0,0,0,0,0,3,0,0,0,0,0,0,0,0,0,0,0,0,0,0,0,0
l5,11=82,84,85,89,82,0,82,76,18,75,0,0,0,12,0,0,0,0,0,0,0,0,0,0,0,0,0,0,0,0,0,0,0,0,0,0,0,0,0,0
l6,11=32,83,10,20,58,85,0,87,21,80,72,12,0,21,0,14,3,0,0,0,0,0,0,0,0,0,0,0,0,0,0,0,0,0,0,0,0,0,0,0
l7,11=35,80,41,17,62,84,85,0,44,80,82,29,13,68,0,11,0,0,0,0,0,0,0,0,0,0,0,0,0,0,0,0,0,0,0,0,0,0,0,0
l8,11=20,14,3,0,0,19,44,36,0,84,50,49,25,86,0,66,0,27,0,12,0,0,0,13,12,0,0,0,0,0,0,0,0,0,0,0,0,0,0,0
l9,11=36,27,0,12,40,59,69,84,74,0,78,57,24,80,0,33,6,6,0,0,0,8,0,0,10,0,0,0,0,0,0,0,0,0,0,0,0,0,0,0
l10,11=6,25,2,30,32,0,64,87,49,83,0,47,0,58,0,37,0,7,0,0,0,0,0,0,0,0,0,0,0,0,0,0,0,0,0,0,0,0,0,0
l11,11=0,10,0,0,0,0,33,18,37,48,35,0,38,42,50,84,20,72,0,0,1,6,17,58,64,14,0,0,0,0,0,0,0,0,0,16,0,0,26,0
l12,11=0,0,0,0,0,0,0,15,53,40,0,69,0,36,94,55,34,81,0,0,15,15,23,67,92,92,0,0,0,0,0,0,0,0,0,0,0,0,54,0
l13,11=0,0,0,0,0,12,39,59,65,71,38,67,36,0,30,77,17,62,0,0,10,8,0,40,56,14,0,0,0,0,0,0,0,0,0,0,0,0,15,0
l14,11=0,0,0,0,36,0,0,0,0,0,0,45,86,31,0,7,48,79,0,0,0,1,0,64,43,40,0,0,0,0,0,0,0,32,4,19,41,0,39,0
l15,11=0,0,0,0,0,0,53,12,58,39,35,91,42,76,15,0,45,81,0,28,15,9,7,0,13,18,0,0,0,0,0,0,0,0,0,17,47,0,45,0
l16,11=0,0,0,0,0,0,12,0,0,10,0,33,38,24,52,27,0,78,0,0,20,23,20,27,83,7,0,0,0,0,0,0,5,14,12,0,58,48,67,34
l17,11=0,0,0,0,0,0,0,0,49,24,14,55,52,36,52,30,29,0,0,0,19,24,38,60,67,10,0,0,0,0,0,0,0,0,0,0,64,0,40,0
l18,11=0,0,0,0,0,0,0,0,0,0,0,0,0,0,0,0,1,0,0,62,64,56,7,0,0,0,0,0,0,0,0,0,0,0,0,0,0,0,0,12
l19,11=0,0,0,0,0,0,0,0,22,0,0,0,0,0,0,15,0,0,43,0,80,62,66,0,0,0,7,0,0,0,0,1,0,0,0,10,6,1,0,25
l20,11=0,0,0,0,0,0,0,0,0,0,0,0,24,18,0,12,25,40,36,76,0,88,78,0,0,0,4,0,3,0,0,0,3,0,0,22,84,77,73,66
l21,11=0,0,0,0,0,0,0,0,0,33,0,12,24,26,22,11,58,51,40,74,85,0,76,0,2,0,0,0,0,0,0,0,0,0,0,25,35,21,85,45
l22,11=0,0,0,0,0,0,0,0,0,0,0,23,22,0,0,1,15,33,0,58,85,85,0,0,0,0,6,0,0,0,0,6,0,0,0,34,60,0,79,34
l23,11=0,0,0,0,6,0,0,0,23,7,0,41,51,34,71,0,15,60,0,0,0,0,0,0,95,98,0,0,0,0,0,4,23,17,0,0,0,0,0,0
l24,11=0,0,0,0,0,0,0,0,0,31,0,40,88,37,17,5,81,60,0,0,0,0,0,93,0,54,0,0,0,0,0,0,0,1,0,0,0,0,0,0
l25,11=0,0,0,0,0,0,0,0,0,0,0,49,88,28,91,13,11,9,0,0,0,0,0,97,93,0,0,0,0,0,0,5,11,89,1,0,0,0,0,0
l26,11=0,0,0,0,0,0,0,0,0,0,0,0,0,0,0,0,0,0,0,25,22,0,28,0,0,0,0,68,73,85,90,84,82,32,54,0,0,0,0,0
l27,11=0,0,0,0,0,0,0,0,0,0,0,0,0,0,0,0,0,0,0,0,0,0,0,0,0,0,70,0,68,91,93,56,1,0,24,0,0,0,0,0
l28,11=0,0,0,0,0,0,0,0,0,0,0,0,0,0,0,0,0,0,0,0,25,0,0,0,0,0,86,85,0,93,93,38,29,0,24,0,0,0,0,0
l29,11=0,0,0,0,0,0,0,0,0,0,0,0,0,0,0,0,0,0,0,0,0,0,0,0,0,0,86,90,73,0,93,71,29,30,26,0,0,0,0,0
l30,11=0,0,0,0,0,0,0,0,0,0,0,0,0,0,0,0,0,0,0,0,0,0,0,0,0,0,86,90,73,93,0,67,36,49,35,0,0,0,0,0
l31,11=0,0,0,0,0,0,0,0,0,0,0,0,0,0,0,0,0,0,0,4,0,0,29,12,0,21,86,43,62,82,75,0,86,100,100,0,0,0,0,0
l32,11=0,0,0,0,0,0,0,0,0,0,0,0,0,0,0,0,0,0,0,0,0,0,0,25,0,4,84,0,33,33,33,89,0,100,100,0,0,0,0,0
l33,11=0,0,0,0,0,0,0,0,0,0,0,0,0,0,56,0,9,0,0,0,1,0,0,32,4,91,70,0,0,47,83,96,96,0,99,0,0,0,0,0
l34,11=0,0,0,0,0,0,0,0,0,0,0,0,0,0,10,0,20,0,0,4,0,0,0,0,0,1,80,42,11,63,66,96,98,100,0,0,0,0,0,0
l35,11=0,0,0,0,0,0,0,0,0,0,0,1,0,0,4,1,0,0,0,5,8,4,27,0,0,0,0,0,0,0,0,0,0,0,0,0,92,45,64,59
l36,11=0,0,0,0,0,0,0,0,0,0,0,0,0,0,4,0,23,22,0,1,21,9,46,0,0,0,0,0,0,0,0,0,0,0,0,66,0,67,73,64
l37,11=0,0,0,0,0,0,0,0,0,0,0,0,0,0,0,0,14,0,0,0,19,0,0,0,0,0,0,0,0,0,0,0,0,0,0,33,82,0,5,62
l38,11=0,0,0,0,0,0,0,0,0,0,0,21,32,5,19,17,26,0,0,0,21,27,48,0,0,0,0,0,0,0,0,0,0,0,0,46,75,22,0,66
l39,11=0,0,0,0,0,0,0,0,0,0,0,0,0,0,0,0,20,0,0,32,25,15,27,0,0,0,0,0,0,0,0,0,0,0,0,39,83,41,81,0

l0,12=0,88,80,87,84,87,64,70,20,46,3,0,0,0,0,0,0,0,0,0,0,0,0,0,0,0,0,0,0,0,0,0,0,0,0,0,0,0,0,0
l1,12=86,0,74,86,71,69,86,80,7,33,51,17,0,0,0,0,0,0,0,0,0,0,0,0,0,0,0,0,0,0,0,0,0,0,0,0,0,0,0,0
l2,12=87,83,0,85,79,87,87,37,11,71,52,0,0,16,0,0,0,0,0,0,0,0,0,0,0,0,0,0,0,0,0,0,0,0,0,0,0,0,0,0
l3,12=86,86,77,0,86,87,0,0,7,21,34,0,0,0,0,0,0,0,0,0,0,0,0,0,0,0,0,0,0,0,0,0,0,0,0,0,0,0,0,0
l4,12=86,60,72,87,0,77,51,59,16,28,22,0,0,0,16,0,0,0,0,0,0,0,0,17,0,0,0,0,0,0,0,0,0,0,0,0,0,0,0,0
l5,12=86,62,80,87,73,0,60,78,57,80,42,0,0,24,0,0,0,0,0,0,0,0,0,3,0,0,0,0,0,0,0,0,0,0,0,0,0,0,0,0
l6,12=55,80,73,0,50,57,0,86,43,26,68,27,0,31,8,54,0,0,0,0,0,0,0,0,0,0,0,0,0,0,0,0,0,0,0,0,0,0,0,0
l7,12=72,76,44,38,64,75,75,0,62,78,86,18,9,50,0,0,0,0,0,0,0,0,0,0,0,0,0,0,0,0,0,0,0,0,0,0,0,0,0,0
l8,12=32,11,4,38,40,58,48,55,0,84,76,27,16,84,14,55,20,26,0,22,0,18,0,0,22,0,0,0,0,0,0,0,0,0,0,0,0,0,0,0
l9,12=44,34,44,39,41,79,30,83,78,0,86,27,15,77,0,46,27,7,0,0,13,26,0,0,0,0,0,0,0,0,0,0,0,0,0,0,0,0,0,0
l10,12=6,49,44,47,41,46,53,87,60,84,0,26,0,49,0,52,0,0,0,0,0,0,0,1,0,0,0,0,0,0,0,0,0,0,0,0,0,0,0,0
l11,12=0,28,0,0,0,0,56,3,35,43,47,0,62,76,69,84,59,57,0,0,14,24,28,42,0,17,0,0,0,0,0,0,0,0,0,0,7,0,44,0
l12,12=0,0,0,0,0,0,0,0,30,33,0,70,0,58,87,68,65,79,0,0,21,30,28,49,90,92,0,0,0,0,0,0,0,36,0,0,0,0,53,0
l13,12=0,0,1,0,0,36,46,33,67,66,60,76,36,0,64,78,54,42,0,0,18,26,0,50,44,26,0,0,0,0,0,0,0,0,0,0,1,0,0,0
l14,12=0,0,0,0,40,0,0,0,0,2,0,49,85,46,0,64,90,58,0,0,0,28,0,70,95,35,0,0,0,0,0,0,0,52,38,33,4,0,35,0
l15,12=0,0,0,0,0,0,49,0,33,39,42,87,71,79,68,0,65,62,0,28,14,28,7,39,57,31,0,0,0,0,0,0,0,0,0,0,0,0,41,0
l16,12=0,0,0,0,0,0,0,0,0,6,0,58,64,55,78,62,0,59,15,34,29,36,20,3,73,22,0,0,0,0,0,0,0,0,19,41,29,24,61,18
l17,12=0,0,0,0,0,0,0,0,7,9,0,81,84,63,81,77,85,0,0,35,29,38,30,57,59,0,0,0,0,0,0,0,0,3,0,0,32,0,47,0
l18,12=0,0,0,0,0,0,0,0,0,0,0,0,0,0,0,0,33,0,0,61,62,34,0,0,0,0,0,0,0,0,0,0,0,0,0,0,0,0,0,10
l19,12=0,0,0,0,0,0,0,0,7,0,0,0,0,0,0,40,53,40,18,0,79,71,65,0,0,0,12,0,13,0,0,11,1,0,0,0,0,0,45,62
l20,12=0,0,0,0,0,0,0,0,0,10,0,5,43,35,0,47,69,52,2,82,0,87,75,0,0,0,10,0,0,0,0,0,0,0,0,33,78,15,72,29
l21,12=0,0,0,0,0,0,0,0,6,16,0,6,35,38,45,47,69,58,14,83,86,0,75,0,24,0,7,0,0,0,0,0,0,0,0,22,38,15,89,43
l22,12=0,0,0,0,0,0,0,0,0,0,0,6,37,0,0,6,42,38,0,82,85,82,0,0,0,0,10,0,0,0,0,0,0,0,0,30,74,0,82,76
l23,12=0,0,0,0,44,0,0,0,0,0,0,49,52,68,91,51,0,43,0,0,0,0,0,0,94,97,0,0,0,0,0,0,4,46,0,0,0,0,0,0
l24,12=0,0,0,0,0,0,0,0,3,0,0,0,85,26,93,64,91,37,0,0,0,31,0,94,0,94,0,0,0,0,0,0,44,19,0,0,21,0,41,0
l25,12=0,0,0,0,0,0,0,0,0,0,0,1,85,15,43,42,52,0,0,0,0,0,0,99,95,0,0,0,0,0,0,49,32,62,76,0,0,0,0,0
l26,12=0,0,0,0,0,0,0,0,0,0,0,0,0,0,0,0,0,0,0,45,45,3,41,0,0,0,0,71,90,84,95,92,81,64,74,0,0,0,0,0
l27,12=0,0,0,0,0,0,0,0,0,0,0,0,0,0,0,0,0,0,0,0,0,0,0,0,0,0,72,0,85,97,97,73,0,23,24,0,0,0,0,0
l28,12=0,0,0,0,0,0,0,0,0,0,0,0,0,0,0,0,0,0,0,29,22,0,0,0,0,0,82,98,0,97,97,82,75,36,69,0,0,0,0,0
l29,12=0,0,0,0,0,0,0,0,0,0,0,0,0,0,0,0,0,0,0,0,0,0,0,0,0,0,77,98,90,0,97,79,78,67,68,0,0,0,0,0
l30,12=0,0,0,0,0,0,0,0,0,0,0,0,0,0,0,0,0,0,0,0,0,0,0,0,0,0,81,98,90,97,0,80,77,35,31,0,0,0,0,0
l31,12=0,0,0,0,0,0,0,0,0,0,0,0,0,0,0,0,0,0,0,54,45,0,0,21,2,60,82,86,83,87,97,0,95,100,99,0,0,0,0,0
l32,12=0,0,0,0,0,0,0,0,0,0,0,0,0,0,0,0,0,0,0,7,0,0,0,27,67,52,79,0,78,86,89,95,0,100,100,0,0,0,0,0
l33,12=0,0,0,0,0,0,0,0,0,0,0,0,36,0,63,0,0,1,0,0,0,0,0,61,14,87,73,22,70,81,82,98,95,0,100,0,0,0,0,0
l34,12=0,0,0,0,0,0,0,0,0,0,0,0,0,0,63,0,31,0,0,0,0,0,0,0,0,84,81,42,86,91,76,98,95,100,0,0,0,0,0,0
l35,12=0,0,0,0,0,0,0,0,0,0,0,0,0,0,9,0,17,0,0,0,28,16,42,0,0,0,0,0,0,0,0,0,0,0,0,0,87,18,52,43
l36,12=0,0,0,0,0,0,0,0,0,0,0,0,0,0,0,0,64,28,0,0,34,5,44,0,5,0,0,0,0,0,0,0,0,0,0,77,0,22,69,45
l37,12=0,0,0,0,0,0,0,0,0,0,0,0,0,0,0,0,60,0,0,0,27,0,0,0,0,0,0,0,0,0,0,0,0,0,0,70,48,0,22,44
l38,12=0,0,0,0,0,0,0,0,0,0,0,7,54,0,38,27,69,22,0,20,30,42,43,0,21,0,0,0,0,0,0,0,0,0,0,69,44,8,0,45
l39,12=0,0,0,0,0,0,0,0,0,0,0,0,0,0,0,0,44,0,0,50,14,7,52,0,0,0,0,0,0,0,0,0,0,0,0,31,52,24,76,0

l0,13=0,92,93,94,92,92,82,89,35,60,73,0,0,0,0,0,0,0,0,0,0,0,0,0,0,0,0,0,0,0,0,0,0,0,0,0,0,0,0,0
l1,13=91,0,87,94,92,90,85,88,0,57,66,0,6,0,0,0,0,0,0,0,0,0,0,0,0,0,0,0,0,0,0,0,0,0,0,0,0,0,0,0
l2,13=91,80,0,94,92,92,92,80,0,83,85,0,0,12,0,0,0,0,0,0,0,0,0,0,0,0,0,0,0,0,0,0,0,0,0,0,0,0,0,0
l3,13=95,97,93,0,96,92,87,65,33,17,50,0,0,0,0,0,0,0,0,0,0,0,0,0,0,0,0,0,0,0,0,0,0,0,0,0,0,0,0,0
l4,13=91,92,93,94,0,92,87,86,16,50,39,0,0,0,0,0,0,0,0,0,0,0,0,12,0,0,0,0,0,0,0,0,0,0,0,0,0,0,0,0
l5,13=91,92,93,94,92,0,92,75,66,84,87,0,0,35,0,0,0,0,0,0,0,0,0,0,0,0,0,0,0,0,0,0,0,0,0,0,0,0,0,0
l6,13=65,78,93,65,86,92,0,0,29,80,0,77,0,22,0,24,0,0,0,0,0,0,0,0,0,0,0,0,0,0,0,0,0,0,0,0,0,0,0,0
l7,13=53,59,62,49,74,47,0,0,87,84,90,41,10,22,0,4,0,0,0,0,0,0,0,0,0,0,0,0,0,0,0,0,0,0,0,0,0,0,0,0
l8,13=16,0,0,35,24,42,33,76,0,91,86,56,40,82,44,12,28,44,0,47,0,42,7,0,37,0,0,0,0,0,0,0,0,0,0,0,0,0,2,0
l9,13=38,21,41,17,40,77,61,84,89,0,90,60,51,88,15,44,25,16,0,0,20,28,0,0,0,0,0,0,0,0,0,0,0,0,0,0,0,0,0,0
l10,13=16,13,23,19,33,44,0,93,70,91,0,57,0,75,0,26,0,0,0,0,0,0,0,0,0,0,0,0,0,0,0,0,0,0,0,0,0,0,0,0
l11,13=0,0,0,0,0,0,40,17,44,72,65,0,55,94,28,64,71,84,0,0,43,62,25,36,0,11,0,0,0,0,0,0,0,0,0,0,0,1,52,2
l12,13=0,0,0,0,0,0,0,0,2,70,0,81,0,22,62,57,78,91,0,0,49,6,47,39,60,82,0,0,0,0,0,0,0,17,0,0,0,0,55,0
l13,13=0,0,0,0,0,37,31,66,74,91,84,92,46,0,27,64,37,67,0,2,24,39,0,45,39,11,0,0,0,0,0,0,0,0,0,0,0,0,26,0
l14,13=0,0,0,0,0,0,0,0,54,28,0,82,78,28,0,50,91,76,0,0,0,3,0,58,100,38,0,0,0,0,0,0,0,7,4,0,0,0,0,0
l15,13=0,0,0,0,0,0,37,0,6,78,40,93,72,71,25,0,83,83,0,31,25,31,0,43,50,32,0,0,0,0,0,0,0,0,0,0,16,0,25,0
l16,13=0,0,0,0,0,0,0,0,17,29,0,72,46,8,32,54,0,82,35,43,48,35,25,0,49,5,0,0,0,0,0,0,0,0,17,25,23,2,59,27
l17,13=0,0,0,0,0,0,0,0,24,31,0,92,99,27,27,63,86,0,0,50,55,74,30,34,52,0,0,0,0,0,0,0,0,7,0,0,26,0,62,0
l18,13=0,0,0,0,0,0,0,0,0,0,0,0,0,0,0,0,69,0,0,85,72,6,6,0,0,0,0,0,0,0,0,0,0,0,0,0,0,0,0,2
l19,13=0,0,0,0,0,0,0,0,8,0,0,0,0,0,0,5,28,23,30,0,73,90,89,0,0,0,0,0,0,1,0,0,0,0,0,0,6,15,57,78
l20,13=0,0,0,0,0,0,0,0,0,14,0,33,37,6,0,17,33,57,32,92,0,94,93,0,0,0,0,0,0,0,0,3,0,0,0,35,33,9,80,0
l21,13=0,0,0,0,0,0,0,0,7,33,0,74,26,19,3,22,41,80,0,92,74,0,93,0,14,0,0,0,0,0,0,0,0,0,0,23,0,18,90,31
l22,13=0,0,0,0,0,0,0,0,0,0,0,20,19,0,0,0,18,12,0,89,75,94,0,0,0,0,1,0,0,0,0,0,0,0,0,43,51,1,68,91
l23,13=0,0,0,0,19,0,0,0,0,0,0,78,50,28,82,54,0,67,0,0,0,0,0,0,46,100,0,0,0,0,0,0,0,0,18,0,0,0,0,0
l24,13=0,0,0,0,0,0,0,0,57,0,0,0,100,22,100,54,89,72,0,0,0,62,0,40,0,87,0,0,0,0,0,0,23,27,0,0,24,0,4,0
l25,13=0,0,0,0,0,0,0,0,0,0,0,56,100,23,44,54,66,0,0,0,0,0,0,99,100,0,0,0,0,12,0,23,27,86,96,0,0,0,0,0
l26,13=0,0,0,0,0,0,0,0,0,0,0,0,0,0,0,0,0,0,0,0,40,0,56,0,0,0,0,62,96,68,99,99,64,53,0,0,0,0,0,0
l27,13=0,0,0,0,0,0,0,0,0,0,0,0,0,0,0,0,0,0,0,0,0,0,0,0,0,0,21,0,96,100,100,94,73,88,43,0,0,0,0,0
l28,13=0,0,0,0,0,0,0,0,0,0,0,0,0,0,0,0,0,0,0,26,0,0,0,0,0,0,80,88,0,100,100,97,38,51,83,0,0,0,0,0
l29,13=0,0,0,0,0,0,0,0,0,0,0,0,0,0,0,0,0,0,0,42,0,0,0,0,0,3,46,89,96,0,100,95,92,56,90,0,0,0,0,0
l30,13=0,0,0,0,0,0,0,0,0,0,0,0,0,0,0,0,0,0,0,0,0,0,0,0,0,0,80,89,96,100,0,100,86,88,13,0,0,0,0,0
l31,13=0,0,0,0,0,0,0,0,0,0,0,0,0,0,0,0,0,0,0,0,59,0,0,0,0,44,80,88,96,100,100,0,100,100,100,0,0,0,0,0
l32,13=0,0,0,0,0,0,0,0,0,0,0,0,0,0,6,0,4,0,0,0,0,0,0,0,58,65,31,48,85,96,93,100,0,100,100,0,0,0,0,0
l33,13=0,0,0,0,0,0,0,0,0,0,0,0,98,0,74,0,43,56,0,0,0,0,0,13,73,100,80,60,95,97,100,100,100,0,100,0,0,0,0,0
l34,13=0,0,0,0,0,0,0,0,0,0,0,0,0,0,43,0,90,0,0,0,41,0,48,36,0,94,0,24,95,99,37,100,100,100,0,0,0,0,0,0
l35,13=0,0,0,0,0,0,0,0,0,0,0,0,0,0,0,0,7,0,0,0,29,3,18,0,0,0,0,0,0,0,0,0,0,0,0,0,88,84,38,33
l36,13=0,0,0,0,0,0,0,0,0,0,0,0,2,0,0,12,33,22,0,1,31,0,34,0,2,0,0,0,0,0,0,0,0,0,0,51,0,25,69,30
l37,13=0,0,0,0,0,0,0,0,0,0,0,0,0,0,0,0,0,0,0,12,29,5,0,0,0,0,0,0,0,0,0,0,0,0,0,82,27,0,26,33
l38,13=0,0,0,0,0,0,0,0,0,0,0,16,13,6,0,19,34,20,0,28,57,58,34,0,0,0,0,0,0,0,0,0,0,0,0,71,29,16,0,35
l39,13=0,0,0,0,0,0,0,0,0,0,0,0,0,0,0,0,11,0,0,23,0,13,87,0,0,0,0,0,0,0,0,0,0,0,0,79,25,15,64,0

l0,14=0,100,99,100,100,100,99,98,95,98,99,0,0,0,0,0,0,0,0,0,0,0,0,0,0,0,0,0,0,0,0,0,0,0,0,0,0,0,0,0
l1,14=100,0,100,100,100,100,51,2,0,5,69,0,0,53,0,0,0,0,0,0,0,0,0,0,0,0,0,0,0,0,0,0,0,0,0,0,0,0,0,0
l2,14=100,100,0,100,100,100,100,100,95,98,91,0,0,96,0,0,0,0,0,0,0,0,0,0,0,0,0,0,0,0,0,0,0,0,0,0,0,0,0,0
l3,14=100,100,99,0,99,100,100,97,0,96,100,0,0,0,0,0,0,0,0,0,0,0,0,0,0,0,0,0,0,0,0,0,0,0,0,0,0,0,0,0
l4,14=100,100,100,100,0,100,97,57,0,48,100,0,0,48,0,0,0,0,0,0,0,0,0,0,8,0,0,0,0,0,0,0,0,0,0,0,0,0,0,0
l5,14=100,100,100,100,100,0,100,98,98,98,100,0,0,88,0,67,0,0,0,0,0,0,0,0,0,0,0,0,0,0,0,0,0,0,0,0,0,0,0,0
l6,14=92,91,100,91,97,100,0,90,84,96,97,100,0,90,0,50,0,0,0,0,0,0,41,0,0,0,0,0,0,0,0,0,0,0,0,0,0,0,0,0
l7,14=57,0,98,69,86,98,66,0,97,98,100,0,0,92,0,18,61,0,0,0,0,0,0,0,0,0,0,0,0,0,0,0,0,0,0,0,0,0,0,0
l8,14=34,0,23,0,5,31,31,49,0,98,100,28,42,52,52,40,0,0,0,8,37,54,10,0,57,0,0,0,0,0,0,0,0,0,0,0,0,0,0,0
l9,14=52,0,44,40,41,95,48,100,98,0,100,55,0,100,43,86,40,36,0,0,50,57,0,50,0,0,0,0,0,0,0,0,0,0,0,0,0,0,0,0
l10,14=44,67,19,80,99,100,99,100,98,98,0,50,51,100,0,40,0,0,0,0,7,2,0,0,0,0,0,0,0,0,0,0,0,0,0,0,0,0,0,0
l11,14=0,0,0,0,0,0,99,0,52,94,16,0,98,98,96,99,99,97,0,0,45,56,46,53,0,41,0,0,0,0,0,0,0,0,0,0,34,0,42,0
l12,14=0,0,0,0,0,0,0,0,62,0,3,61,0,97,97,97,7,97,0,3,79,0,25,99,98,96,0,0,0,0,0,0,0,30,0,0,0,0,0,0
l13,14=0,41,44,0,90,62,63,79,89,97,96,100,97,0,96,99,93,97,0,14,0,76,0,69,97,95,0,0,0,0,0,0,0,0,0,0,0,0,35,0
l14,14=0,0,0,0,0,0,0,0,56,31,0,60,99,94,0,93,99,41,0,0,18,0,0,99,100,38,0,0,0,0,0,0,0,31,0,0,0,0,36,0
l15,14=0,0,0,0,0,21,25,1,61,94,13,100,97,100,61,0,99,98,0,21,39,52,0,94,97,42,0,0,0,0,0,0,0,0,0,0,0,0,41,0
l16,14=0,0,0,0,0,0,0,31,0,29,0,60,29,46,96,97,0,95,7,27,62,51,95,0,97,5,0,0,0,0,0,0,0,26,27,34,60,13,31,71
l17,14=0,0,0,0,0,0,0,0,0,36,0,98,98,97,96,97,99,0,0,60,79,97,51,97,98,87,0,0,0,0,0,0,0,0,0,22,34,0,66,0
l18,14=0,0,0,0,0,0,0,0,0,0,0,0,0,0,0,0,86,0,0,93,92,83,86,0,0,0,0,0,0,0,0,0,0,0,0,0,0,0,0,0
l19,14=0,0,0,0,0,0,0,0,2,0,0,0,92,1,0,77,90,90,59,0,88,79,93,0,0,0,61,0,4,50,0,0,0,0,0,58,58,39,60,91
l20,14=0,0,0,0,0,0,0,0,7,44,0,58,91,0,8,56,90,88,61,99,0,97,98,0,0,0,0,0,0,0,0,0,0,0,31,40,59,56,97,90
l21,14=0,0,0,0,0,0,0,0,80,52,2,94,0,90,0,44,85,89,1,99,99,0,98,0,90,0,0,0,0,0,0,0,0,0,0,39,85,83,92,89
l22,14=0,0,0,0,0,0,42,0,2,2,0,59,90,0,0,0,93,85,49,99,99,99,0,0,0,0,68,0,0,0,0,0,0,0,0,59,88,0,62,94
l23,14=0,0,0,0,0,0,0,0,0,46,0,31,96,51,99,97,0,40,0,0,0,0,0,0,55,98,0,0,0,0,0,0,40,32,47,0,0,0,0,0
l24,14=0,0,0,0,2,0,0,0,53,0,0,0,99,51,99,97,100,98,0,0,8,53,0,51,0,98,0,0,0,0,0,0,0,4,0,0,30,0,0,0
l25,14=0,0,0,0,0,0,0,0,0,0,0,50,99,92,74,97,4,71,0,0,0,0,0,100,99,0,0,0,10,0,0,0,42,80,98,0,0,0,0,0
l26,14=0,0,0,0,0,0,0,0,0,0,0,0,0,0,0,0,0,0,0,77,59,0,63,0,0,0,0,90,99,91,99,99,91,90,91,0,0,0,0,0
l27,14=0,0,0,0,0,0,0,0,0,0,0,0,0,0,0,0,0,0,0,0,0,0,0,0,0,0,90,0,99,100,100,90,87,90,2,0,0,0,0,0
l28,14=0,0,0,0,0,0,0,0,0,0,0,0,0,0,0,0,0,0,0,72,0,0,0,0,0,52,97,99,0,100,100,95,85,90,95,0,0,0,0,0
l29,14=0,0,0,0,0,0,0,0,0,0,0,0,0,0,0,0,0,0,0,88,0,0,0,0,0,0,90,100,99,0,100,91,89,0,93,0,0,0,0,0
l30,14=0,0,0,0,0,0,0,0,0,0,0,0,0,0,0,0,0,0,0,0,0,0,0,0,0,0,94,100,99,100,0,90,83,91,0,0,0,0,0,0
l31,14=0,0,0,0,0,0,0,0,0,0,0,0,0,0,0,0,0,0,0,0,0,0,0,0,0,0,97,89,99,98,92,0,100,100,100,0,0,0,0,0
l32,14=0,0,0,0,0,0,0,0,0,0,0,0,0,0,57,0,0,0,0,0,0,0,0,94,0,93,97,91,74,99,92,100,0,100,100,0,0,0,0,0
l33,14=0,0,0,0,0,0,0,0,0,0,0,0,98,0,90,0,90,0,0,0,0,0,0,99,79,96,95,88,99,0,98,100,99,0,100,0,0,0,0,0
l34,14=0,0,0,0,0,0,0,0,0,0,0,0,0,0,0,0,99,0,0,0,95,0,0,99,38,97,96,15,99,99,0,100,100,100,0,0,0,0,0,0
l35,14=0,0,0,0,0,0,0,0,0,0,0,0,18,0,0,0,42,21,0,39,69,37,28,0,0,0,0,0,0,0,0,0,0,0,0,0,90,96,93,81
l36,14=0,0,0,0,0,0,0,0,0,0,0,24,0,0,0,0,48,0,0,24,67,55,39,0,24,0,0,0,0,0,0,0,0,0,0,59,0,56,66,77
l37,14=0,0,0,0,0,0,0,0,0,0,0,0,0,0,0,0,39,0,0,0,60,45,10,0,0,0,0,0,0,0,0,0,0,0,0,61,54,0,60,88
l38,14=0,0,0,0,0,0,0,0,0,0,0,45,0,1,64,39,47,87,0,22,80,68,42,0,0,0,0,0,0,0,0,0,0,0,0,61,61,26,0,93
l39,14=0,0,0,0,0,0,0,0,0,0,0,0,0,0,0,0,82,0,0,60,71,83,87,0,0,0,0,0,0,0,0,0,0,0,0,61,58,56,62,0

l0,15=0,99,97,100,100,100,99,92,95,97,0,0,0,0,0,0,0,0,0,0,0,0,0,0,0,0,0,0,0,0,0,0,0,0,0,0,0,0,0,0
l1,15=99,0,97,100,100,100,99,97,97,96,97,0,0,79,0,0,0,0,0,0,0,0,0,0,0,0,0,0,0,0,0,0,0,0,0,0,0,0,0,0
l2,15=99,97,0,98,99,100,99,98,96,95,0,87,0,99,0,0,0,0,0,0,0,0,0,0,0,0,0,0,0,0,0,0,0,0,0,0,0,0,0,0
l3,15=100,100,95,0,100,97,2,40,0,0,91,0,0,0,0,0,0,0,0,0,0,0,0,0,0,0,0,0,0,0,0,0,0,0,0,0,0,0,0,0
l4,15=100,100,97,100,0,100,58,93,0,96,97,0,0,34,0,1,0,0,0,0,0,0,0,0,0,0,0,0,0,0,0,0,0,0,0,0,0,0,0,0
l5,15=99,98,97,98,99,0,98,98,96,97,97,0,0,99,0,95,0,0,0,0,0,0,0,0,0,0,0,0,0,0,0,0,0,0,0,0,0,0,0,0
l6,15=99,97,97,78,94,95,0,98,93,96,97,99,86,95,0,96,0,0,0,0,0,0,43,0,0,0,0,0,0,0,0,0,0,0,0,0,0,0,0,0
l7,15=61,56,97,90,71,97,99,0,97,97,100,0,0,63,47,0,95,0,0,0,0,0,0,0,0,0,0,0,0,0,0,0,0,0,0,0,0,0,0,0
l8,15=60,55,62,0,25,58,40,98,0,100,97,57,88,68,52,94,0,0,0,46,7,81,84,0,59,0,0,0,0,0,0,0,0,0,0,0,0,0,0,0
l9,15=98,22,59,0,75,99,72,99,99,0,100,56,0,100,1,65,96,36,0,0,98,95,0,25,0,0,0,0,0,0,0,0,0,0,0,0,0,0,0,0
l10,15=0,92,0,93,99,97,99,100,97,100,0,0,90,99,55,0,2,0,0,0,0,0,0,0,0,0,0,0,0,0,0,0,0,0,0,0,0,0,0,0
l11,15=0,0,12,0,0,0,43,0,88,86,0,0,96,100,19,99,98,82,0,9,98,99,94,59,61,90,0,0,0,0,0,0,0,0,0,0,56,0,70,0
l12,15=0,0,0,0,0,0,9,0,91,0,58,99,0,100,100,94,99,99,0,4,98,0,94,99,100,100,0,0,0,0,0,0,0,0,0,11,49,0,0,0
l13,15=0,53,87,0,65,59,43,77,88,100,57,100,100,0,55,99,97,82,0,21,23,11,13,56,58,87,0,0,0,0,0,0,0,0,0,0,0,0,0,0
l14,15=0,0,0,0,0,0,0,0,83,21,9,0,100,69,0,98,99,99,0,0,80,0,0,99,100,90,0,0,0,0,0,0,0,72,0,0,0,0,47,0
l15,15=0,0,0,0,2,48,44,0,91,89,0,100,86,69,55,0,99,97,0,0,95,99,0,59,63,87,0,0,0,0,0,0,0,0,0,86,0,0,73,0
l16,15=0,0,0,0,0,0,0,78,0,84,3,60,89,59,61,98,0,79,96,92,94,93,94,0,62,1,0,0,0,0,0,0,0,63,69,89,56,45,86,0
l17,15=0,0,0,0,0,0,0,0,0,83,0,61,90,69,61,98,99,0,0,97,98,99,94,59,62,88,0,0,0,0,0,0,0,68,80,0,54,34,89,0
l18,15=0,0,0,0,0,0,0,0,0,0,0,0,0,0,0,0,96,0,0,65,90,3,84,0,0,0,0,0,0,0,0,0,0,0,0,0,0,0,0,0
l19,15=0,0,0,0,0,0,0,0,27,0,0,0,49,0,0,0,85,74,27,0,98,94,100,0,0,0,62,0,0,65,0,0,0,0,0,63,43,0,57,75
l20,15=0,0,0,0,0,0,0,0,0,84,0,53,83,0,26,91,95,90,89,99,0,100,100,0,8,0,13,0,0,0,0,0,0,0,0,89,54,17,97,94
l21,15=0,0,0,0,0,0,0,0,76,82,5,92,0,11,0,93,95,94,0,99,99,0,100,0,45,0,0,0,0,0,0,0,0,0,62,0,92,91,94,94
l22,15=0,0,0,0,0,0,7,0,77,30,0,47,71,0,0,0,97,77,42,92,98,99,0,0,0,0,7,0,0,34,0,0,0,0,0,82,51,43,79,79
l23,15=0,0,0,0,0,0,0,0,0,86,0,61,100,65,100,99,0,100,0,0,0,0,0,0,100,100,0,0,0,0,0,0,95,100,0,0,0,0,0,0
l24,15=0,0,0,0,0,0,0,0,87,0,0,57,100,66,100,99,100,100,0,0,51,48,0,100,0,100,0,0,0,0,0,0,92,61,0,0,55,0,0,0
l25,15=0,0,0,0,0,0,0,0,0,0,0,60,99,59,100,94,18,91,0,0,0,0,0,96,99,0,76,0,71,2,0,90,81,60,90,0,0,0,0,0
l26,15=0,0,0,0,0,0,0,0,0,0,0,0,0,0,0,0,0,0,0,70,77,0,37,0,0,77,0,94,97,92,97,99,72,81,81,0,0,0,0,0
l27,15=0,0,0,0,0,0,0,0,0,0,0,0,0,0,0,0,0,0,0,0,0,0,0,0,0,0,72,0,97,94,97,92,73,88,82,0,0,0,0,0
l28,15=0,0,0,0,0,0,0,0,0,0,0,0,0,0,0,0,0,0,0,0,0,1,0,0,0,76,84,97,0,1,97,94,66,85,76,0,0,0,0,0
l29,15=0,0,0,0,0,0,0,0,0,0,0,0,0,0,0,0,0,0,0,70,0,0,70,0,0,0,83,97,97,0,97,95,73,82,78,0,0,0,0,0
l30,15=0,0,0,0,0,0,0,0,0,0,0,0,0,0,0,0,0,0,0,0,0,0,0,0,0,0,79,97,95,94,0,91,69,83,0,0,0,0,0,0
l31,15=0,0,0,0,0,0,0,0,0,0,0,0,0,0,0,0,0,0,0,0,0,0,0,0,0,73,84,84,86,91,85,0,88,100,90,0,0,0,0,0
l32,15=0,0,0,0,0,0,0,0,0,0,0,0,5,0,0,0,0,0,0,0,0,0,0,66,76,80,79,85,78,79,88,99,0,99,90,0,0,0,0,0
l33,15=0,0,0,0,0,0,0,0,0,0,0,0,62,0,92,0,86,50,0,0,0,0,0,86,51,88,73,83,93,79,94,99,98,0,91,0,0,0,0,0
l34,15=0,0,0,0,0,0,0,0,0,0,0,0,0,0,0,0,80,66,0,0,0,74,0,0,9,93,80,84,90,89,0,99,88,100,0,0,0,0,0,0
l35,15=0,0,0,0,0,0,0,0,0,0,0,0,27,0,0,51,76,0,0,44,66,3,64,0,0,0,0,0,0,0,0,0,0,0,0,0,94,89,84,93
l36,15=0,0,0,0,0,0,0,0,0,0,0,40,38,0,0,0,96,9,0,64,88,91,88,0,15,0,0,0,0,0,0,0,0,0,0,92,0,60,97,94
l37,15=0,0,0,0,0,0,0,0,0,0,0,0,0,0,0,0,75,0,0,0,0,75,31,0,0,0,0,0,0,0,0,0,0,0,0,99,92,0,77,92
l38,15=0,0,0,0,0,0,0,0,0,0,0,40,0,0,9,61,94,79,0,56,97,92,93,0,0,0,0,0,0,0,0,0,0,0,0,91,92,56,0,95
l39,15=0,0,0,0,0,0,0,0,0,0,0,0,0,0,0,0,0,0,0,61,73,81,81,0,0,0,0,0,0,0,0,0,0,0,0,97,53,56,85,0

