t=2016-04-14_00.56.15

n=40

q0=1
q1=1
q2=1
q3=1
q4=1
q5=1
q6=1
q7=1
q8=1
q9=1
q10=1
q11=1
q12=1
q13=1
q14=1
q15=1
q16=1
q17=1
q18=1
q19=1
q20=1
q21=1
q22=1
q23=1
q24=1
q25=1
q26=1
q27=1
q28=1
q29=1
q30=1
q31=1
q32=1
q33=1
q34=1
q35=1
q36=1
q37=1
q38=1
q39=1

a0=0x141592000c576ce6
a1=0x141592000c5aedbc
a2=0x141592000c5750f4
a3=0x141592000c576658
a4=0x141592000c575890
a5=0x141592000c574ffa
a6=0x141592000c5acf11
a7=0x141592000d9df361
a8=0x141592000c576300
a9=0x141592000c5779b6
a10=0x141592000c5762b9
a11=0x141592000c5af078
a12=0x141592000c575517
a13=0x141592000c5752c3
a14=0x141592000c5a4baa
a15=0x141592000c5776e7
a16=0x141592000c58cdeb
a17=0x141592000c5881fc
a18=0x141592000bd81d33
a19=0x141592000bd84d6a
a20=0x141592000c577233
a21=0x141592000c574527
a22=0x141592000c5746a3
a23=0x141592000c574da3
a24=0x141592000c5741c9
a25=0x141592000da244ea
a26=0x141592000c5ae886
a27=0x141592000c57510e
a28=0x141592000c5ab6c8
a29=0x141592000c574d05
a30=0x141592000edae61f
a31=0x141592000c57667e
a32=0x141592000c577f43
a33=0x141592000c576449
a34=0x1415920010f4117a
a35=0x141592000c575966
a36=0x141592000c574d35
a37=0x141592000c576fb1
a38=0x141592000c5aea5d
a39=0x141592000c59f23f

l0,0=0,94,91,96,86,91,84,75,89,92,0,0,0,49,0,0,0,0,0,0,0,0,0,0,0,0,0,0,0,0,0,0,0,0,0,0,0,0,0,0
l1,0=94,0,91,90,93,93,82,91,85,0,93,0,0,0,0,0,0,0,0,0,0,0,0,0,0,0,0,0,0,0,0,0,0,0,0,0,0,0,0,0
l2,0=94,93,0,0,93,94,85,91,3,92,93,0,0,62,0,0,0,0,0,0,0,0,0,0,0,0,0,0,0,0,0,0,0,0,0,0,0,0,0,0
l3,0=96,80,0,0,93,93,84,60,73,0,87,0,0,0,0,0,0,0,0,0,0,0,0,0,0,0,0,0,0,0,0,0,0,0,0,0,0,0,0,0
l4,0=81,91,91,92,0,90,46,0,0,85,85,0,0,78,0,0,0,0,0,0,0,0,0,0,0,0,0,0,0,0,0,0,0,0,0,0,0,0,0,0
l5,0=94,94,91,92,92,0,82,91,87,93,87,0,0,48,0,0,0,0,0,0,0,0,0,0,0,0,0,0,0,0,0,0,0,0,0,0,0,0,0,0
l6,0=81,82,94,80,52,82,0,90,85,76,79,20,0,73,0,37,40,0,0,0,0,0,0,0,0,0,0,0,0,0,0,0,0,0,0,0,0,0,0,0
l7,0=69,88,90,37,14,89,85,0,85,89,93,45,0,15,0,18,0,0,0,0,0,0,0,0,0,0,0,0,0,0,0,0,0,0,0,0,0,0,0,0
l8,0=43,33,0,34,0,40,65,67,0,93,30,57,69,91,27,46,56,48,0,0,0,37,17,0,37,0,0,0,0,0,0,0,0,0,0,0,0,0,47,0
l9,0=88,0,72,0,67,89,68,87,92,0,93,48,63,83,8,36,37,62,0,0,0,0,20,0,0,0,0,0,0,0,0,0,0,0,0,0,0,0,0,0
l10,0=0,84,91,72,80,76,77,91,75,94,0,60,64,94,0,69,0,0,0,0,0,0,0,0,0,0,0,0,0,0,0,0,0,0,0,0,0,0,0,0
l11,0=0,0,0,0,0,0,32,68,84,37,27,0,90,90,44,90,33,92,0,54,0,22,0,0,42,0,0,0,0,0,0,0,0,0,0,0,72,0,73,0
l12,0=0,0,0,0,0,0,0,0,74,32,17,83,0,86,86,90,54,100,0,0,41,36,0,83,93,78,0,0,0,0,0,0,0,23,0,0,54,0,79,0
l13,0=0,0,6,0,36,0,42,0,91,47,55,63,86,0,83,52,23,72,0,51,0,37,38,69,38,54,0,0,0,0,0,0,0,0,0,0,15,0,54,0
l14,0=0,0,0,0,0,0,0,0,75,7,0,40,88,87,0,28,53,83,0,0,39,0,33,83,81,88,0,0,0,0,0,0,0,23,0,0,0,0,1,0
l15,0=0,0,0,0,0,0,37,20,79,32,27,93,92,86,52,0,26,87,0,5,12,0,30,0,76,0,0,0,0,0,0,0,0,0,0,0,15,0,68,0
l16,0=0,0,0,0,0,0,24,0,82,24,0,36,83,56,43,23,0,97,0,64,36,48,47,38,51,0,0,0,0,0,0,0,0,7,0,30,55,16,87,73
l17,0=0,0,0,0,0,0,0,0,72,38,0,43,92,90,44,28,36,0,0,0,50,49,42,0,52,74,0,0,0,0,0,0,0,26,0,0,76,2,0,0
l18,0=0,0,0,0,0,0,0,0,0,0,0,0,0,0,0,0,0,0,0,0,69,0,77,0,0,0,0,0,0,0,0,0,0,0,0,0,0,0,0,0
l19,0=0,0,0,0,0,0,0,0,5,0,0,13,0,52,0,0,65,0,0,0,77,30,90,0,0,0,0,0,0,1,0,27,0,0,0,42,64,0,59,80
l20,0=0,0,0,0,0,0,0,0,0,0,0,0,64,0,17,0,27,67,79,83,0,89,90,0,0,0,0,0,0,0,0,0,0,0,1,0,95,97,98,93
l21,0=0,0,0,0,0,0,0,0,65,0,0,13,51,60,0,0,83,51,26,48,97,0,90,0,0,0,0,0,0,0,0,0,0,0,0,72,39,47,89,76
l22,0=0,0,0,0,0,0,0,0,36,12,0,0,0,53,11,12,48,36,43,91,98,89,0,0,10,0,52,0,0,0,0,0,4,0,0,59,95,59,86,82
l23,0=0,0,0,0,0,0,0,0,26,0,0,0,82,78,81,0,30,0,0,0,0,0,0,0,87,0,0,0,0,0,0,0,0,20,26,0,0,0,0,0
l24,0=0,0,0,0,0,0,0,0,82,0,0,37,92,82,76,51,31,83,0,0,0,0,14,84,0,76,0,0,0,0,0,0,48,26,22,0,0,0,14,0
l25,0=0,0,0,0,0,0,0,0,13,0,0,0,82,71,90,0,0,70,0,0,0,0,0,0,80,0,62,2,0,0,0,44,57,22,61,0,0,0,0,0
l26,0=0,0,0,0,0,0,0,0,0,0,0,0,0,0,0,0,0,0,0,38,0,0,57,0,0,46,0,71,90,88,92,91,68,57,57,0,0,0,0,0
l27,0=0,0,0,0,0,0,0,0,0,0,0,0,0,0,0,0,0,0,0,0,0,0,0,0,0,0,85,0,90,92,97,73,55,52,59,0,0,0,0,0
l28,0=0,0,0,0,0,0,0,0,0,0,0,0,0,0,0,0,0,0,0,12,1,0,0,0,0,0,92,99,0,94,97,84,65,56,57,0,0,0,0,0
l29,0=0,0,0,0,0,0,0,0,0,0,0,0,0,0,0,0,0,0,0,60,0,0,0,0,0,0,88,97,90,0,96,52,54,50,47,0,0,0,0,0
l30,0=0,0,0,0,0,0,0,0,0,0,0,0,0,0,0,0,0,0,0,0,0,0,0,0,0,0,82,99,89,92,0,65,73,73,0,0,0,0,0,0
l31,0=0,0,0,0,0,0,0,0,0,0,0,0,0,0,0,0,0,0,0,68,0,0,0,0,0,50,87,56,84,58,61,0,86,81,91,0,0,0,0,0
l32,0=0,0,0,0,0,0,0,0,0,0,0,0,0,0,0,0,0,0,0,0,0,0,0,1,57,54,80,56,79,52,61,87,0,85,92,0,0,0,0,0
l33,0=0,0,0,0,0,0,0,0,0,0,0,0,68,0,60,0,56,58,0,0,0,0,0,53,58,57,67,55,68,47,74,81,83,0,73,0,0,0,0,0
l34,0=0,0,0,0,0,0,0,0,0,0,0,0,0,0,0,0,0,0,0,0,31,0,18,60,58,69,71,61,77,51,0,93,96,63,0,0,0,0,0,0
l35,0=0,0,0,0,0,0,0,0,0,0,0,0,0,0,0,0,13,0,0,40,0,35,36,0,0,0,0,0,0,0,0,0,0,0,0,0,75,94,93,67
l36,0=0,0,0,0,0,0,0,0,0,0,0,22,40,32,0,2,24,50,0,53,52,25,55,0,0,0,0,0,0,0,0,0,0,0,0,79,0,93,94,83
l37,0=0,0,0,0,0,0,0,0,0,0,0,0,0,0,0,0,9,2,0,21,53,16,32,0,0,0,0,0,0,0,0,0,0,0,0,80,91,0,47,90
l38,0=0,0,0,0,0,0,0,0,55,0,0,22,69,55,0,19,35,0,0,52,56,52,55,0,0,0,0,0,0,0,0,0,0,0,0,82,95,49,0,90
l39,0=0,0,0,0,0,0,0,0,0,0,0,0,0,0,0,0,31,0,0,63,54,43,51,0,0,0,0,0,0,0,0,0,0,0,0,76,90,97,91,0

l0,1=0,87,83,87,74,84,79,30,27,81,30,0,0,5,0,0,0,0,0,0,0,0,0,0,0,0,0,0,0,0,0,0,0,0,0,0,0,0,0,0
l1,1=88,0,86,84,88,90,71,74,46,65,69,0,0,34,0,0,0,0,0,0,0,0,0,1,0,0,0,0,0,0,0,0,0,0,0,0,0,0,0,0
l2,1=85,90,0,82,68,93,85,81,0,82,75,0,0,0,0,4,0,0,0,0,0,0,0,0,0,0,0,0,0,0,0,0,0,0,0,0,0,0,0,0
l3,1=86,86,77,0,83,82,74,20,0,55,67,0,0,0,0,0,0,0,0,0,0,0,0,0,0,0,0,0,0,0,0,0,0,0,0,0,0,0,0,0
l4,1=65,86,65,79,0,77,67,1,60,76,66,0,0,47,0,0,0,0,0,0,0,0,0,0,0,0,0,0,0,0,0,0,0,0,0,0,0,0,0,0
l5,1=85,90,87,87,82,0,78,83,62,83,68,0,0,0,0,0,0,0,0,0,0,0,0,0,0,0,0,0,0,0,0,0,0,0,0,0,0,0,0,0
l6,1=63,42,83,56,50,75,0,81,68,50,66,46,7,43,0,0,24,0,0,0,0,0,0,0,0,0,0,0,0,0,0,0,0,0,0,0,0,0,0,0
l7,1=31,70,71,29,26,84,84,0,71,81,87,23,3,21,0,1,0,0,0,0,0,0,0,0,0,0,0,0,0,0,0,0,0,0,0,0,0,0,0,0
l8,1=1,20,0,0,45,55,62,67,0,87,59,71,0,75,37,53,28,16,0,0,0,43,23,16,0,0,0,0,0,0,0,0,0,0,0,0,0,0,14,0
l9,1=54,34,61,25,59,69,44,72,81,0,80,57,12,75,38,47,20,20,0,0,0,18,15,0,0,0,0,0,0,0,0,0,0,0,0,0,0,0,0,0
l10,1=33,64,82,61,69,74,83,88,74,92,0,61,0,83,0,43,0,0,0,0,0,3,0,0,0,0,0,0,0,0,0,0,0,0,0,0,0,0,0,0
l11,1=0,1,0,0,0,0,33,19,42,49,31,0,77,76,56,64,31,60,0,29,0,0,0,0,57,0,0,0,0,0,0,0,0,0,0,35,60,0,32,0
l12,1=0,0,0,0,0,0,0,0,0,11,0,79,0,73,69,63,33,67,0,0,26,18,3,76,87,53,0,0,0,0,0,0,0,2,0,0,0,0,35,0
l13,1=0,0,0,0,19,0,45,0,44,49,31,79,62,0,47,12,28,36,0,25,19,29,24,63,0,19,0,0,0,0,0,0,0,0,0,0,0,0,37,0
l14,1=0,0,0,0,0,0,0,0,34,33,0,36,83,44,0,27,52,29,0,0,30,23,0,76,63,64,0,0,0,0,0,0,0,0,0,0,2,0,0,0
l15,1=0,0,0,0,0,0,0,0,36,36,19,89,80,35,45,0,18,42,0,0,7,0,14,34,75,0,0,0,0,0,0,0,0,0,0,0,39,3,18,0
l16,1=0,0,0,0,0,0,8,0,19,19,0,28,51,44,51,2,0,29,0,25,31,35,39,46,41,26,0,0,0,0,0,0,2,38,2,53,55,0,29,13
l17,1=0,0,0,0,0,0,0,0,18,21,0,52,88,51,51,37,34,0,0,0,21,5,15,52,42,26,0,0,0,0,0,0,0,46,0,0,56,0,0,0
l18,1=0,0,0,0,0,0,0,0,0,0,0,0,0,0,0,0,0,0,0,36,62,64,63,0,0,0,0,0,0,0,0,0,0,0,0,0,0,0,0,0
l19,1=0,0,0,0,0,0,0,0,0,0,0,16,0,32,0,0,15,0,40,0,65,37,70,0,0,0,0,0,0,0,0,49,0,0,0,0,47,10,49,54
l20,1=0,0,0,0,0,0,0,0,0,0,0,0,48,36,36,4,27,24,56,66,0,72,70,0,0,0,0,0,0,0,0,0,0,0,0,61,70,54,67,40
l21,1=0,0,0,0,0,0,0,0,51,27,1,1,39,44,35,0,45,18,48,41,65,0,66,0,0,0,6,0,0,0,0,36,27,0,0,69,46,45,61,60
l22,1=0,0,0,0,0,0,0,0,30,23,0,0,13,37,0,17,45,23,56,66,75,72,0,0,2,0,18,0,0,3,0,0,1,0,0,57,68,43,59,61
l23,1=0,0,0,0,0,0,0,0,24,0,0,0,61,62,56,12,23,25,0,0,0,0,0,0,75,45,0,0,0,0,0,0,0,4,60,0,0,0,0,0
l24,1=0,0,0,0,0,0,0,0,0,0,0,43,80,3,58,39,26,40,0,0,0,0,7,82,0,54,0,0,0,0,0,0,34,54,49,0,0,0,0,0
l25,1=0,0,0,0,0,0,0,0,7,0,0,0,66,53,58,0,21,21,0,0,0,0,0,65,71,0,19,0,25,9,0,49,0,62,50,0,0,0,0,0
l26,1=0,0,0,0,0,0,0,0,0,0,0,0,0,0,0,0,0,0,0,0,0,1,42,0,0,29,0,54,68,76,49,72,39,51,50,0,0,0,0,0
l27,1=0,0,0,0,0,0,0,0,0,0,0,0,0,0,0,0,0,0,0,0,0,0,0,0,0,0,46,0,62,78,92,53,46,56,59,0,0,0,0,0
l28,1=0,0,0,0,0,0,0,0,0,0,0,0,0,0,0,0,0,0,0,8,12,0,0,0,0,25,59,81,0,89,78,69,30,51,57,0,0,0,0,0
l29,1=0,0,0,0,0,0,0,0,0,0,0,0,0,0,0,0,0,0,0,5,0,0,26,0,0,4,52,80,73,0,78,61,32,42,46,0,0,0,0,0
l30,1=0,0,0,0,0,0,0,0,0,0,0,0,0,0,0,0,0,0,0,0,0,0,0,0,0,0,46,88,71,83,0,46,32,54,0,0,0,0,0,0
l31,1=0,0,0,0,0,0,0,0,0,0,0,0,0,0,0,0,0,0,0,42,0,34,0,0,0,31,51,37,51,56,36,0,52,68,73,0,0,0,0,0
l32,1=0,0,0,0,0,0,0,0,0,0,0,0,0,0,0,0,20,0,0,0,0,39,6,0,37,0,48,61,44,61,53,68,0,70,84,0,0,0,0,0
l33,1=0,0,0,0,0,0,0,0,0,0,0,0,2,0,0,0,34,30,0,0,0,0,0,8,36,45,43,38,47,42,54,70,53,0,64,0,0,0,0,0
l34,1=0,0,0,0,0,0,0,0,0,0,0,0,0,0,1,0,32,0,0,0,32,0,0,58,39,39,39,47,50,48,0,74,74,69,0,0,0,0,0,0
l35,1=0,0,0,0,0,0,0,0,0,0,0,13,0,0,0,0,19,0,0,0,26,42,27,0,0,0,0,0,0,0,0,0,0,0,0,0,69,57,66,30
l36,1=0,0,0,0,0,0,0,0,0,0,0,33,0,7,0,4,14,20,0,33,42,5,46,0,0,0,0,0,0,0,0,0,0,0,0,73,0,55,52,36
l37,1=0,0,0,0,0,0,0,0,0,0,0,0,0,0,0,0,0,0,0,9,38,32,39,0,0,0,0,0,0,0,0,0,0,0,0,71,69,0,43,41
l38,1=0,0,0,0,0,0,0,0,2,0,0,24,49,39,0,1,24,0,0,45,42,43,46,0,0,0,0,0,0,0,0,0,0,0,0,76,70,58,0,36
l39,1=0,0,0,0,0,0,0,0,0,0,0,0,0,0,0,0,22,0,0,51,38,40,46,0,0,0,0,0,0,0,0,0,0,0,0,61,59,55,39,0

l0,2=0,85,83,80,80,78,66,0,10,69,0,0,0,0,0,0,0,0,0,0,0,0,0,0,0,0,0,0,0,0,0,0,0,0,0,0,0,0,0,0
l1,2=82,0,84,85,83,88,79,75,55,73,78,0,0,0,0,0,0,0,0,0,0,0,0,0,0,0,0,0,0,0,0,0,0,0,0,0,0,0,0,0
l2,2=85,87,0,80,88,90,86,89,0,81,79,0,0,0,0,0,0,0,0,0,0,0,0,0,0,0,0,0,0,0,0,0,0,0,0,0,0,0,0,0
l3,2=82,86,79,0,84,80,33,39,15,0,62,0,0,0,0,0,0,0,0,0,0,0,0,0,0,0,0,0,0,0,0,0,0,0,0,0,0,0,0,0
l4,2=78,80,78,80,0,76,76,61,60,73,66,0,0,0,0,0,0,0,0,0,0,0,0,0,0,0,0,0,0,0,0,0,0,0,0,0,0,0,0,0
l5,2=79,84,85,80,81,0,76,73,64,70,79,0,0,0,0,0,0,0,0,0,0,0,0,0,0,0,0,0,0,0,0,0,0,0,0,0,0,0,0,0
l6,2=31,77,87,34,69,70,0,55,37,52,79,21,26,22,0,25,0,0,0,0,0,0,0,0,0,0,0,0,0,0,0,0,0,0,0,0,0,0,0,0
l7,2=0,58,80,41,49,70,67,0,69,71,86,19,1,33,0,36,22,0,0,0,0,0,0,0,0,0,0,0,0,0,0,0,0,0,0,0,0,0,0,0
l8,2=0,34,0,12,42,47,33,62,0,80,72,49,0,70,0,49,39,38,0,0,0,39,32,4,45,31,0,0,0,0,0,0,0,0,0,0,0,0,30,0
l9,2=22,43,69,8,65,49,37,67,72,0,84,34,24,69,0,37,27,33,0,0,0,25,0,0,0,0,0,0,0,0,0,0,0,0,0,0,0,0,0,0
l10,2=0,62,60,41,52,59,76,83,69,80,0,25,0,64,0,28,0,16,0,0,0,0,0,28,0,0,0,0,0,0,0,0,0,0,0,0,0,0,0,0
l11,2=0,0,0,0,0,0,20,15,41,35,43,0,81,79,61,66,47,84,0,21,27,34,26,24,34,0,0,0,0,0,0,0,0,0,0,24,47,0,22,18
l12,2=0,0,0,0,0,0,24,0,0,27,0,78,0,61,71,65,60,93,0,0,0,38,2,73,87,73,0,0,0,0,0,0,0,0,0,0,0,0,42,0
l13,2=0,0,0,0,0,0,8,28,69,69,52,78,39,0,37,54,45,52,1,31,30,36,23,30,47,25,0,0,0,0,0,0,0,0,0,0,0,0,50,0
l14,2=0,0,0,0,0,0,0,0,0,2,0,68,82,45,0,48,61,65,0,0,11,0,0,71,68,66,0,0,0,0,0,0,0,38,0,0,0,0,51,0
l15,2=0,0,0,0,0,0,21,41,60,39,30,92,75,60,43,0,33,65,0,15,52,0,0,0,79,0,0,0,0,0,0,0,0,0,0,0,22,0,45,0
l16,2=0,0,0,0,0,0,0,0,40,8,0,47,47,49,48,38,0,68,0,27,61,47,57,17,53,52,0,0,0,0,0,0,0,23,0,50,49,34,55,41
l17,2=0,0,0,0,0,0,0,0,41,17,1,79,83,62,46,61,69,0,0,0,53,0,38,38,68,0,0,0,0,0,0,0,0,28,0,0,47,0,51,0
l18,2=0,0,0,0,0,0,0,0,0,0,0,0,0,7,0,0,0,0,0,47,60,61,56,0,0,0,0,0,0,0,0,0,0,0,0,0,0,0,0,0
l19,2=0,0,0,0,0,0,0,0,0,0,0,22,0,40,0,4,30,0,45,0,70,0,72,0,0,0,0,0,25,35,0,48,0,0,0,0,56,0,63,48
l20,2=0,0,0,0,0,0,0,0,0,0,0,2,0,41,0,48,60,43,50,57,0,67,65,0,1,0,0,0,0,0,0,0,0,0,24,62,63,52,69,50
l21,2=0,0,0,0,0,0,0,0,49,35,0,40,34,52,0,5,60,1,46,0,77,0,67,0,0,0,0,0,0,0,0,0,0,37,0,56,56,60,70,50
l22,2=0,0,0,0,0,0,0,0,35,0,0,36,23,43,0,0,61,44,49,73,76,72,0,0,0,0,0,0,0,34,0,0,0,2,0,55,62,50,57,50
l23,2=0,0,0,0,0,0,0,0,3,0,16,12,74,56,66,0,25,56,0,0,0,0,0,0,79,67,0,0,0,0,0,0,0,0,41,0,0,0,0,0
l24,2=0,0,0,0,0,0,0,0,53,0,0,33,76,64,64,57,57,70,0,0,13,0,0,73,0,71,0,0,0,0,0,0,20,46,31,0,32,0,3,0
l25,2=0,0,0,0,0,0,0,0,38,0,0,0,73,44,62,0,52,11,0,0,0,0,0,64,77,0,37,0,0,0,0,61,53,57,55,0,0,0,0,0
l26,2=0,0,0,0,0,0,0,0,0,0,0,0,0,0,0,0,0,0,0,0,0,0,0,0,0,47,0,24,90,76,70,75,60,64,47,0,0,0,0,0
l27,2=0,0,0,0,0,0,0,0,0,0,0,0,0,0,0,0,0,0,0,0,0,0,0,0,0,0,43,0,82,85,90,66,57,43,47,0,0,0,0,0
l28,2=0,0,0,0,0,0,0,0,0,0,0,0,0,0,0,0,0,0,0,42,1,0,10,0,0,0,76,65,0,90,77,75,50,67,53,0,0,0,0,0
l29,2=0,0,0,0,0,0,0,0,0,0,0,0,0,0,0,0,0,0,0,40,0,0,46,0,0,0,67,63,91,0,73,65,49,0,5,0,0,0,0,0
l30,2=0,0,0,0,0,0,0,0,0,0,0,0,0,0,0,0,0,0,0,0,0,0,0,0,0,0,61,79,89,76,0,52,56,61,37,0,0,0,0,0
l31,2=0,0,0,0,0,0,0,0,0,0,0,0,0,0,0,0,0,0,0,42,0,0,0,6,0,61,64,43,68,60,39,0,70,63,69,0,0,0,0,0
l32,2=0,0,0,0,0,0,0,0,0,0,0,0,0,0,0,0,0,0,0,0,0,0,0,0,20,63,58,41,55,64,56,76,0,67,83,0,0,0,0,0
l33,2=0,0,0,0,0,0,0,0,0,0,0,0,0,0,45,0,20,27,0,0,0,28,0,3,52,63,52,26,64,0,47,70,71,0,69,0,0,0,0,0
l34,2=0,0,0,0,0,0,0,0,0,0,0,0,0,0,0,0,0,0,0,0,52,0,0,43,48,62,52,31,63,26,44,75,81,73,0,0,0,0,0,0
l35,2=0,0,0,0,0,0,0,0,0,0,0,1,0,0,0,0,50,0,0,0,57,40,44,0,0,0,0,0,0,0,0,0,0,0,0,0,65,60,70,48
l36,2=0,0,0,0,0,0,0,0,0,0,0,35,0,1,0,10,59,51,0,46,70,45,61,0,22,0,0,0,0,0,0,0,0,0,0,63,0,65,70,38
l37,2=0,0,0,0,0,0,0,0,0,0,0,0,0,0,0,0,30,0,0,0,48,53,51,0,0,0,0,0,0,0,0,0,0,0,0,63,65,0,70,55
l38,2=0,0,0,0,0,0,0,0,10,0,0,3,20,54,25,24,53,35,0,47,70,60,55,0,0,0,0,0,0,0,0,0,0,0,0,64,65,61,0,54
l39,2=0,0,0,0,0,0,0,0,0,0,0,0,0,0,0,0,53,0,0,46,64,58,55,0,0,0,0,0,0,0,0,0,0,0,0,56,54,62,64,0

l0,3=0,86,80,87,89,87,0,48,26,84,0,0,0,0,0,0,0,0,0,0,0,0,0,0,0,0,0,0,0,0,0,0,0,0,0,0,0,0,0,0
l1,3=88,0,80,87,88,92,85,81,66,86,33,0,0,0,0,0,0,0,0,0,0,0,0,0,0,0,0,0,0,0,0,0,0,0,0,0,0,0,0,0
l2,3=87,87,0,86,89,91,90,85,77,87,85,0,0,78,0,0,0,0,0,0,0,0,0,0,0,0,0,0,0,0,0,0,0,0,0,0,0,0,0,0
l3,3=86,87,75,0,86,86,85,0,67,16,77,0,0,0,0,0,0,0,0,0,0,0,0,0,0,0,0,0,0,0,0,0,0,0,0,0,0,0,0,0
l4,3=87,82,80,39,0,88,51,0,37,79,0,0,0,0,0,0,0,0,0,0,0,0,0,0,0,0,0,0,0,0,0,0,0,0,0,0,0,0,0,0
l5,3=87,89,85,87,88,0,85,85,81,87,84,48,0,75,0,1,0,0,0,0,0,0,0,0,0,0,0,0,0,0,0,0,0,0,0,0,0,0,0,0
l6,3=0,86,85,81,78,87,0,82,75,84,87,77,60,42,0,61,57,0,0,0,0,0,0,0,0,0,0,0,0,0,0,0,0,0,0,0,0,0,0,0
l7,3=59,53,79,0,0,85,85,0,84,87,90,0,0,69,0,69,56,0,0,0,0,0,0,0,0,0,0,0,0,0,0,0,0,0,0,0,0,0,0,0
l8,3=0,24,25,29,26,39,33,84,0,87,82,54,17,84,0,80,32,34,0,0,0,35,24,9,34,14,0,0,0,0,0,0,0,0,0,0,0,0,15,0
l9,3=38,30,36,19,41,40,50,80,88,0,90,33,18,85,23,39,0,0,0,0,23,5,0,0,0,0,0,0,0,0,0,0,0,0,0,0,0,0,0,0
l10,3=0,16,78,29,0,74,85,90,84,89,0,29,17,80,22,26,0,0,0,0,0,0,0,26,8,0,0,0,0,0,0,0,0,0,0,0,0,0,15,0
l11,3=0,0,0,0,0,32,40,0,72,43,31,0,88,86,81,89,25,79,0,27,33,27,31,44,73,18,0,0,0,0,0,0,0,0,0,0,51,22,81,2
l12,3=0,0,0,0,0,0,31,0,21,24,0,95,0,48,91,86,35,96,0,29,0,31,22,86,92,89,0,0,0,0,0,0,1,14,0,20,0,0,32,0
l13,3=0,0,30,0,0,34,14,32,87,86,36,95,36,0,0,73,32,38,16,30,34,22,25,40,23,33,0,0,0,0,0,0,0,0,0,0,1,0,30,0
l14,3=0,0,0,0,0,0,0,0,0,41,29,98,92,28,0,34,38,27,0,0,36,0,17,95,92,53,0,0,0,0,0,0,0,38,6,0,0,0,35,0
l15,3=0,0,0,0,0,0,30,41,80,61,18,98,88,85,30,0,71,72,0,16,41,14,0,39,85,0,0,0,0,0,0,0,0,0,0,0,0,0,33,15
l16,3=0,0,0,0,0,0,24,20,27,0,0,19,34,40,71,35,0,78,17,38,82,70,64,35,36,38,0,0,0,0,0,0,0,33,0,0,46,35,35,38
l17,3=0,0,0,0,0,0,0,0,65,2,0,93,92,78,17,76,85,0,0,0,73,31,28,45,78,0,0,0,0,0,0,0,0,8,0,35,72,0,38,30
l18,3=0,0,0,0,0,0,0,0,0,0,0,0,0,45,0,0,47,0,0,71,65,58,48,0,0,0,0,0,0,0,0,0,0,0,0,0,0,0,0,0
l19,3=0,0,0,0,0,0,0,0,0,0,0,3,50,41,0,0,59,0,64,0,93,92,93,0,0,0,0,0,52,67,0,44,0,0,0,15,79,0,87,68
l20,3=0,0,0,0,0,0,0,0,0,33,0,32,0,48,37,71,82,66,45,88,0,94,88,0,44,0,0,0,0,0,0,0,0,0,0,76,83,89,90,87
l21,3=0,0,0,0,0,0,0,0,71,26,0,77,79,45,0,30,83,53,46,90,95,0,88,0,0,0,0,0,0,0,0,0,0,47,0,80,81,85,88,79
l22,3=0,0,0,0,0,0,0,0,58,0,0,69,54,58,3,0,85,36,45,97,96,94,0,0,0,0,0,0,0,51,0,0,0,0,0,90,75,89,82,88
l23,3=0,0,0,0,0,0,0,0,3,0,2,33,81,40,87,34,30,35,0,0,0,0,0,0,89,86,0,0,0,0,0,4,0,0,0,0,0,0,0,0
l24,3=0,0,0,0,0,0,0,0,27,0,2,37,92,39,89,80,31,77,0,0,36,0,0,95,0,88,0,0,0,0,0,0,0,45,0,0,37,0,29,0
l25,3=0,0,0,0,0,0,0,0,16,0,0,11,83,37,73,0,29,0,0,0,0,0,0,88,84,0,10,0,0,2,0,34,38,58,39,0,0,0,0,0
l26,3=0,0,0,0,0,0,0,0,0,0,0,0,0,0,0,0,0,0,0,14,37,0,0,0,0,27,0,78,99,95,92,84,90,58,78,0,0,0,0,0
l27,3=0,0,0,0,0,0,0,0,0,0,0,0,0,0,0,0,0,0,0,0,0,0,0,0,0,0,79,0,93,89,100,77,84,0,2,0,0,0,0,0
l28,3=0,0,0,0,0,0,0,0,0,0,0,0,0,0,0,0,0,0,0,58,0,0,24,0,0,0,90,99,0,98,86,77,81,84,77,0,0,0,0,0
l29,3=0,0,0,0,0,0,0,0,0,0,0,0,0,0,0,0,0,0,0,60,0,0,47,0,0,0,90,99,99,0,88,63,74,56,65,0,0,0,0,0
l30,3=0,0,0,0,0,0,0,0,0,0,0,0,0,0,0,0,0,0,0,0,0,0,0,0,0,0,88,99,86,85,0,64,84,64,0,0,0,0,0,0
l31,3=0,0,0,0,0,0,0,0,0,0,0,0,0,0,0,0,0,0,0,59,0,0,0,50,0,60,90,73,81,70,51,0,95,93,98,0,0,0,0,0
l32,3=0,0,0,0,0,0,0,0,0,0,0,0,13,0,0,0,0,0,0,0,0,0,0,0,0,78,82,75,76,82,75,93,0,92,99,0,0,0,0,0
l33,3=0,0,0,0,0,0,0,0,0,0,0,0,21,0,19,0,43,0,0,0,0,20,0,0,73,91,56,0,88,57,47,87,88,0,93,0,0,0,0,0
l34,3=0,0,0,0,0,0,0,0,0,0,0,0,0,0,31,0,0,0,0,0,41,0,0,21,0,82,76,24,77,78,24,91,96,95,0,0,0,0,0,0
l35,3=0,0,0,0,0,0,0,0,0,0,0,0,27,0,0,0,0,11,0,6,70,54,67,0,0,0,0,0,0,0,0,0,0,0,0,0,86,90,90,87
l36,3=0,0,0,0,0,0,0,0,0,0,0,60,3,9,0,0,57,53,0,69,80,78,56,0,19,0,0,0,0,0,0,0,0,0,0,90,0,88,90,79
l37,3=0,0,0,0,0,0,0,0,0,0,0,1,0,0,0,0,59,0,0,0,87,79,67,0,0,0,0,0,0,0,0,0,0,0,0,90,87,0,84,87
l38,3=0,0,0,0,0,0,0,0,12,0,0,75,65,56,52,58,61,48,0,73,90,81,31,0,26,0,0,0,0,0,0,0,0,0,0,91,90,77,0,88
l39,3=0,0,0,0,0,0,0,0,0,0,0,0,0,0,0,0,69,7,0,4,82,36,73,0,0,0,0,0,0,0,0,0,0,0,0,89,83,89,90,0

l0,4=0,91,72,84,93,88,0,32,82,89,0,0,0,0,0,0,0,0,0,0,0,0,0,0,0,0,0,0,0,0,0,0,0,0,0,0,0,0,0,0
l1,4=80,0,80,82,90,90,89,81,83,86,83,0,0,1,0,0,0,0,0,0,0,0,0,0,0,0,0,0,0,0,0,0,0,0,0,0,0,0,0,0
l2,4=64,85,0,75,89,91,89,90,80,86,83,0,0,83,0,9,0,0,0,0,0,0,0,0,0,0,0,0,0,0,0,0,0,0,0,0,0,0,0,0
l3,4=78,88,84,0,89,88,80,0,84,0,0,0,0,0,0,0,0,0,0,0,0,0,0,0,0,0,0,0,0,0,0,0,0,0,0,0,0,0,0,0
l4,4=81,91,84,82,0,90,87,85,81,79,68,0,0,5,0,0,0,0,0,0,0,0,0,0,0,0,0,0,0,0,0,0,0,0,0,0,0,0,0,0
l5,4=65,92,85,74,86,0,83,90,82,88,84,0,0,73,0,79,0,0,0,0,0,0,0,0,0,0,0,0,0,0,0,0,0,0,0,0,0,0,0,0
l6,4=0,91,83,61,86,88,0,95,77,91,91,76,73,0,0,76,81,0,0,0,0,0,0,0,0,0,0,0,0,0,0,0,0,0,0,0,0,0,0,0
l7,4=41,77,83,0,84,89,89,0,87,94,91,75,0,76,0,81,0,0,0,0,0,0,0,0,0,0,0,0,0,0,0,0,0,0,0,0,0,0,0,0
l8,4=51,75,30,52,79,74,65,85,0,94,73,76,75,90,77,78,76,75,0,0,55,76,74,0,0,0,0,0,0,0,0,0,0,0,0,0,0,0,0,0
l9,4=56,78,70,2,75,77,81,92,89,0,93,77,0,89,0,68,0,74,0,0,75,0,77,0,0,0,0,0,0,0,0,0,0,0,0,0,0,0,0,0
l10,4=0,77,83,1,77,85,89,95,82,95,0,82,76,87,77,75,0,68,0,0,0,0,0,74,0,0,0,0,0,0,0,0,0,0,0,0,0,0,1,0
l11,4=0,0,0,0,0,0,72,75,81,83,75,0,84,81,83,93,81,77,0,0,0,76,73,82,70,67,0,0,0,0,0,0,0,0,0,0,80,38,81,0
l12,4=0,0,0,0,0,0,35,0,78,0,74,82,0,83,88,83,87,89,0,30,77,0,0,85,86,89,0,0,0,0,0,0,59,63,0,58,58,0,81,0
l13,4=0,0,68,0,0,21,0,57,84,84,73,78,80,0,80,80,76,76,0,51,79,68,78,81,0,77,0,0,0,0,0,0,0,0,0,0,8,0,44,0
l14,4=0,0,0,0,0,0,0,0,82,0,75,84,94,79,0,0,85,38,0,0,81,0,29,89,94,85,0,0,0,0,0,1,0,73,77,0,30,0,83,0
l15,4=0,0,0,0,0,60,66,80,82,73,73,96,84,82,0,0,78,74,0,3,79,73,75,81,78,13,0,0,0,0,0,0,0,0,0,0,78,44,79,0
l16,4=0,0,0,0,0,0,67,0,79,0,0,78,85,74,86,79,0,86,70,73,85,77,73,77,79,80,0,0,0,0,0,0,0,0,0,76,81,64,82,70
l17,4=0,0,0,0,0,0,0,0,78,79,53,87,94,82,37,78,94,0,0,23,80,73,75,75,84,6,0,0,0,0,0,0,0,0,0,72,84,0,81,74
l18,4=0,0,0,0,0,0,0,0,0,0,0,0,0,0,0,0,75,0,0,79,65,83,81,0,0,0,0,0,0,0,0,0,0,0,0,0,0,0,0,0
l19,4=0,0,0,0,0,0,0,0,0,0,0,0,36,55,0,0,74,1,75,0,89,86,93,0,0,0,14,0,0,70,0,0,0,0,0,43,83,43,79,74
l20,4=0,0,0,0,0,0,0,0,34,54,0,0,65,62,76,72,82,76,29,90,0,87,94,0,66,0,0,0,66,0,0,0,38,0,0,73,89,74,93,71
l21,4=0,0,0,0,0,0,0,0,81,0,0,73,0,58,0,67,88,66,74,90,89,0,87,0,31,0,0,0,0,0,0,0,0,50,0,68,90,74,92,82
l22,4=0,0,0,0,0,0,0,0,63,71,0,77,1,65,14,47,81,55,71,96,95,87,0,0,0,0,53,0,0,56,0,0,41,40,0,1,90,80,93,8
l23,4=0,0,0,0,0,0,0,0,0,0,3,84,92,88,94,82,79,50,0,0,0,0,0,0,94,94,0,0,0,0,0,0,0,74,85,0,0,0,0,0
l24,4=0,0,0,0,0,0,0,0,0,0,0,75,92,0,94,85,82,85,0,0,80,3,0,93,0,90,0,0,0,0,0,0,0,76,0,0,0,0,0,0
l25,4=0,0,0,0,0,0,0,0,0,0,0,49,94,75,95,28,79,10,0,0,0,0,0,96,95,0,0,0,0,58,0,67,85,93,86,0,0,0,0,0
l26,4=0,0,0,0,0,0,0,0,0,0,0,0,0,0,0,0,0,0,0,45,0,0,79,0,0,0,0,90,100,99,97,100,98,83,98,0,0,0,0,0
l27,4=0,0,0,0,0,0,0,0,0,0,0,0,0,0,0,0,0,0,0,0,0,0,0,0,0,0,99,0,100,99,100,95,93,0,82,0,0,0,0,0
l28,4=0,0,0,0,0,0,0,0,0,0,0,0,0,0,0,0,0,0,0,10,82,0,0,0,0,0,100,100,0,99,93,90,98,94,95,0,0,0,0,0
l29,4=0,0,0,0,0,0,0,0,0,0,0,0,0,0,0,0,0,0,0,90,0,0,83,0,0,83,100,100,100,0,97,89,93,89,92,0,0,0,0,0
l30,4=0,0,0,0,0,0,0,0,0,0,0,0,0,0,0,0,0,0,0,0,0,0,0,0,0,0,100,100,97,98,0,97,95,86,0,0,0,0,0,0
l31,4=0,0,0,0,0,0,0,0,0,0,0,0,0,0,0,0,0,0,0,0,0,0,0,0,0,88,100,93,92,89,86,0,100,99,100,0,0,0,0,0
l32,4=0,0,0,0,0,0,0,0,0,0,0,0,82,0,0,0,0,0,0,0,79,0,62,0,0,94,98,94,98,97,92,100,0,100,100,0,0,0,0,0
l33,4=0,0,0,0,0,0,0,0,0,0,0,0,75,0,75,0,0,0,0,0,0,35,51,85,85,96,86,0,90,82,78,100,99,0,100,0,0,0,0,0
l34,4=0,0,0,0,0,0,0,0,0,0,0,0,0,0,79,0,0,0,0,0,14,0,0,93,36,95,98,86,98,97,3,100,100,100,0,0,0,0,0,0
l35,4=0,0,0,0,0,0,0,0,0,0,0,0,33,0,0,0,68,37,0,38,74,44,35,0,0,0,0,0,0,0,0,0,0,0,0,0,88,83,84,71
l36,4=0,0,0,0,0,0,0,0,0,0,0,56,41,17,2,44,54,63,0,62,78,62,70,0,0,0,0,0,0,0,0,0,0,0,0,79,0,79,83,71
l37,4=0,0,0,0,0,0,0,0,0,0,0,0,0,0,0,6,50,0,0,20,74,65,69,0,0,0,0,0,0,0,0,0,0,0,0,85,92,0,86,75
l38,4=0,0,0,0,0,0,0,0,0,0,0,74,69,17,74,66,80,65,0,68,88,68,76,0,0,0,0,0,0,0,0,0,0,0,0,85,87,77,0,84
l39,4=0,0,0,0,0,0,0,0,0,0,0,0,0,0,0,0,64,50,0,76,74,75,23,0,0,0,0,0,0,0,0,0,0,0,0,80,87,77,86,0

l0,5=0,89,72,78,68,76,70,0,0,79,72,0,0,0,0,0,0,0,0,0,0,0,0,0,0,0,0,0,0,0,0,0,0,0,0,0,0,0,0,0
l1,5=92,0,87,77,89,86,83,27,0,79,72,0,0,1,0,0,0,0,0,0,0,0,0,10,0,0,0,0,0,0,0,0,0,0,0,0,0,0,0,0
l2,5=82,79,0,77,71,82,73,30,0,79,72,0,0,2,0,0,0,0,0,0,0,0,0,0,0,0,0,0,0,0,0,0,0,0,0,0,0,0,0,0
l3,5=82,77,72,0,88,77,71,0,6,62,0,0,0,0,0,0,0,0,0,0,0,0,0,0,0,0,0,0,0,0,0,0,0,0,0,0,0,0,0,0
l4,5=71,90,80,82,0,81,79,69,69,0,69,0,0,52,0,0,0,0,0,0,0,0,0,0,0,0,0,0,0,0,0,0,0,0,0,0,0,0,0,0
l5,5=75,89,79,78,87,0,69,73,61,79,72,51,0,77,0,0,0,0,0,0,0,0,0,0,0,0,0,0,0,0,0,0,0,0,0,0,0,0,0,0
l6,5=48,80,77,71,74,67,0,77,38,77,73,58,0,0,0,0,50,0,0,1,0,0,0,0,0,0,0,0,0,0,0,0,0,0,0,0,0,0,0,0
l7,5=0,30,36,45,65,76,72,0,71,74,84,62,0,23,0,62,0,0,0,0,0,0,0,0,0,0,0,0,0,0,0,0,0,0,0,0,0,0,0,0
l8,5=0,0,0,12,63,52,56,43,0,86,79,72,0,88,17,59,55,41,0,0,6,63,49,35,37,0,0,0,0,0,0,0,0,0,0,0,0,0,0,0
l9,5=49,40,69,44,0,76,71,44,75,0,82,69,0,85,2,60,39,48,0,0,32,0,57,0,34,0,0,0,0,0,0,0,0,0,0,0,0,0,34,0
l10,5=66,71,73,0,59,76,70,78,71,88,0,62,1,74,39,55,0,35,0,0,0,0,0,0,0,0,0,0,0,0,0,0,0,0,0,0,0,0,0,0
l11,5=0,0,0,0,0,37,43,17,30,44,71,0,35,32,36,86,67,49,0,0,31,48,41,41,33,31,0,0,0,0,0,0,0,0,0,0,55,40,56,0
l12,5=0,0,0,0,0,0,0,0,0,0,0,84,0,31,80,67,76,78,0,0,31,0,0,53,45,62,0,0,0,0,0,0,13,20,0,38,52,0,49,0
l13,5=0,0,0,0,19,65,0,0,79,80,63,71,45,0,26,71,57,52,0,7,42,0,56,46,27,42,0,0,0,0,0,0,0,0,0,28,7,0,0,0
l14,5=0,0,0,0,0,0,0,0,17,18,52,84,82,28,0,59,75,45,0,0,45,0,47,56,85,67,0,0,0,0,0,13,0,65,51,0,9,0,53,0
l15,5=0,0,0,0,0,0,0,23,27,38,64,86,43,83,30,0,56,43,0,0,1,56,54,50,44,37,0,0,0,0,0,0,0,0,0,0,50,0,51,40
l16,5=0,0,0,0,0,0,41,0,16,22,0,57,33,22,34,40,0,52,0,18,42,59,56,0,36,35,0,0,0,0,0,0,0,45,29,45,55,41,56,40
l17,5=0,0,0,0,0,0,0,0,26,36,37,81,82,33,36,67,77,0,0,6,52,52,21,0,45,42,0,0,0,0,0,0,0,0,0,41,58,13,0,27
l18,5=0,0,0,0,0,0,0,0,0,0,0,0,0,0,0,0,0,0,0,0,0,64,54,0,0,0,0,0,0,0,0,0,0,0,0,0,0,0,0,0
l19,5=0,0,0,0,0,0,0,0,0,0,0,0,0,8,0,0,45,0,0,0,59,66,77,0,0,0,40,0,0,38,0,0,0,0,0,0,60,0,0,43
l20,5=0,0,0,0,0,0,0,0,4,19,0,26,21,25,32,0,58,36,0,74,0,68,77,0,13,0,0,0,23,0,0,0,11,0,0,53,67,47,62,47
l21,5=0,0,0,0,0,0,0,0,14,7,0,32,0,0,0,46,56,11,40,68,56,0,68,0,20,0,0,0,0,0,0,0,0,0,0,57,62,49,56,46
l22,5=0,0,0,0,0,0,0,0,15,24,0,21,3,18,15,48,58,4,16,80,59,68,0,0,0,0,48,0,0,23,0,0,0,0,0,35,69,54,66,45
l23,5=0,0,0,0,0,0,0,0,41,0,0,62,71,69,76,57,0,0,0,0,0,0,0,0,86,70,0,0,0,0,0,0,0,64,69,0,0,0,0,0
l24,5=0,0,0,0,0,0,0,0,24,28,0,63,81,20,83,72,70,69,0,0,34,48,0,86,0,66,0,0,0,0,0,0,0,64,35,0,36,0,0,0
l25,5=0,0,0,0,0,0,0,0,0,0,0,43,75,24,77,43,54,35,0,0,0,0,0,82,79,0,0,0,0,38,0,0,42,73,67,0,0,0,0,0
l26,5=0,0,0,0,0,0,0,0,0,0,0,0,0,0,0,0,0,0,0,42,8,0,47,0,0,0,0,66,92,89,74,87,81,54,64,0,0,0,0,0
l27,5=0,0,0,0,0,0,0,0,0,0,0,0,0,0,0,0,0,0,0,0,0,0,0,0,0,0,72,0,91,79,91,72,68,0,0,0,0,0,0,0
l28,5=0,0,0,0,0,0,0,0,0,0,0,0,0,0,0,0,0,0,0,0,32,0,20,0,0,0,88,89,0,91,89,69,71,63,55,0,0,0,0,0
l29,5=0,0,0,0,0,0,0,0,0,0,0,0,0,0,0,0,0,0,0,50,0,0,42,0,0,35,88,87,92,0,85,55,67,53,51,0,0,0,0,0
l30,5=0,0,0,0,0,0,0,0,0,0,0,0,0,0,0,0,0,0,0,0,0,0,0,0,0,0,83,90,92,89,0,65,0,60,0,0,0,0,0,0
l31,5=0,0,0,0,0,0,0,0,0,0,0,0,0,0,23,0,1,0,0,0,0,0,0,0,0,0,82,55,69,38,55,0,84,74,75,0,0,0,0,0
l32,5=0,0,0,0,0,0,0,0,0,0,0,0,39,0,0,0,0,0,0,0,36,0,0,19,0,60,77,59,76,67,14,92,0,73,88,0,0,0,0,0
l33,5=0,0,0,0,0,0,0,0,0,0,0,0,15,0,45,0,42,0,0,0,0,0,0,66,41,60,69,0,71,65,62,75,66,0,72,0,0,0,0,0
l34,5=0,0,0,0,0,0,0,0,0,0,0,0,15,0,45,0,46,0,0,0,16,0,0,71,40,55,71,0,72,58,0,88,90,84,0,0,0,0,0,0
l35,5=0,0,0,0,0,0,0,0,0,0,0,0,10,7,0,0,31,10,0,0,19,41,11,0,0,0,0,0,0,0,0,0,0,0,0,0,63,7,46,32
l36,5=0,0,0,0,0,0,0,0,1,0,0,37,12,3,0,32,37,20,0,15,35,52,48,0,14,0,0,0,0,0,0,0,0,0,0,57,0,61,57,46
l37,5=0,0,0,0,0,0,0,0,0,0,0,18,0,0,0,0,23,0,0,0,25,49,36,0,0,0,0,0,0,0,0,0,0,0,0,0,54,0,58,37
l38,5=0,0,0,0,0,0,0,0,0,18,0,45,13,0,22,40,50,0,0,0,45,50,57,0,0,0,0,0,0,0,0,0,0,0,0,57,68,61,0,47
l39,5=0,0,0,0,0,0,0,0,0,0,0,0,0,0,0,22,35,0,0,11,32,60,43,0,0,0,0,0,0,0,0,0,0,0,0,55,72,55,63,0

l0,6=0,91,78,76,80,83,61,2,0,60,57,0,0,0,0,0,0,0,0,0,0,0,0,0,0,0,0,0,0,0,0,0,0,0,0,0,0,0,0,0
l1,6=86,0,78,79,82,84,68,41,0,68,54,0,0,0,0,0,0,0,0,0,0,0,0,35,0,0,0,0,0,0,0,0,0,0,0,0,0,0,0,0
l2,6=77,82,0,69,77,83,62,59,50,76,62,0,0,25,0,0,0,0,0,0,0,0,0,0,0,0,0,0,0,0,0,0,0,0,0,0,0,0,0,0
l3,6=67,81,70,0,82,83,62,0,0,61,0,0,0,0,0,0,0,0,0,0,0,0,0,0,0,0,0,0,0,0,0,0,0,0,0,0,0,0,0,0
l4,6=82,86,81,85,0,86,63,56,62,0,57,0,0,3,0,0,0,0,0,0,0,0,0,23,0,0,0,0,0,0,0,0,0,0,0,0,0,0,0,0
l5,6=80,77,78,77,76,0,57,78,65,75,70,0,0,37,0,0,0,0,0,0,0,0,0,0,0,0,0,0,0,0,0,0,0,0,0,0,0,0,0,0
l6,6=52,72,54,63,46,47,0,73,45,73,63,45,0,12,0,0,38,0,0,0,0,0,1,0,0,0,0,0,0,0,0,0,0,0,0,0,0,0,0,0
l7,6=22,27,46,26,40,79,61,0,68,76,70,46,2,0,0,46,0,0,0,0,0,0,0,0,0,0,0,0,0,0,0,0,0,0,0,0,0,0,0,0
l8,6=0,0,26,0,45,53,38,63,0,75,68,58,49,79,22,51,50,58,0,0,24,40,37,23,22,3,0,0,0,0,0,0,0,0,0,0,0,0,0,0
l9,6=23,41,57,38,0,73,56,70,71,0,73,51,37,74,24,48,26,25,0,0,2,0,18,0,0,0,0,0,0,0,0,0,0,0,0,0,0,0,8,0
l10,6=43,40,54,0,44,64,61,77,71,79,0,52,0,49,0,41,40,0,0,0,0,0,0,0,0,0,0,0,0,0,0,0,0,0,0,0,0,0,0,0
l11,6=0,0,0,0,0,0,17,27,60,55,43,0,61,34,29,76,49,57,0,0,12,0,0,11,31,7,0,0,0,0,0,0,0,0,0,0,17,8,28,0
l12,6=0,0,0,0,0,0,0,0,42,39,0,61,0,27,60,58,62,67,0,0,13,0,15,44,66,65,0,0,0,0,0,0,0,29,22,0,22,0,17,0
l13,6=0,0,1,0,0,10,0,0,69,76,35,57,41,0,26,59,36,58,0,7,2,0,30,25,29,0,0,0,0,0,0,0,0,0,0,23,24,0,12,0
l14,6=0,0,0,0,0,0,0,0,42,36,0,44,60,26,0,38,35,54,0,0,23,0,33,57,51,45,0,0,0,0,0,0,0,22,2,0,0,0,24,0
l15,6=0,0,0,0,0,0,0,36,44,64,38,70,64,40,27,0,54,58,0,0,2,40,29,38,31,1,0,0,0,0,0,0,0,0,0,3,7,0,32,0
l16,6=0,0,0,0,0,0,1,0,23,16,30,48,63,8,12,40,0,67,3,2,12,42,41,8,29,7,0,0,0,0,0,0,0,16,0,25,22,5,31,31
l17,6=0,0,0,0,0,0,0,0,44,31,0,49,69,32,33,49,59,0,0,0,29,34,33,0,34,14,0,0,0,0,0,0,0,17,0,0,29,3,24,0
l18,6=0,0,0,0,0,0,0,0,0,0,0,0,0,5,0,0,31,0,0,37,0,37,0,0,0,0,0,0,0,0,0,0,0,0,0,0,0,0,0,0
l19,6=0,0,0,0,0,0,0,0,0,0,0,0,0,17,0,0,27,0,18,0,48,43,64,0,0,0,0,0,0,0,0,28,0,0,0,15,28,17,4,31
l20,6=0,0,0,0,0,0,0,0,39,3,0,12,30,2,21,0,27,46,0,59,0,59,64,0,1,0,0,0,5,0,0,0,0,11,0,0,33,18,53,35
l21,6=0,0,0,0,0,0,0,0,37,1,0,0,4,0,0,28,31,35,17,45,49,0,58,0,0,0,0,0,0,0,0,0,0,0,0,28,30,18,25,39
l22,6=0,0,0,0,0,0,0,0,40,34,0,0,27,17,19,25,34,30,0,59,54,56,0,0,0,0,29,0,0,0,0,0,0,0,0,25,53,12,46,39
l23,6=0,6,0,0,18,0,0,0,28,0,0,26,61,25,57,47,37,0,0,0,0,0,0,0,65,61,0,0,0,0,0,28,29,29,40,0,0,0,0,0
l24,6=0,0,0,0,0,0,0,0,49,0,0,43,74,52,56,53,49,52,0,0,2,0,0,67,0,51,0,0,0,0,0,0,0,34,40,0,0,0,4,0
l25,6=0,0,0,0,0,0,0,0,21,0,0,24,69,0,57,10,42,40,0,0,0,0,0,65,54,0,0,0,0,0,0,0,41,37,0,0,0,0,0,0
l26,6=0,0,0,0,0,0,0,0,0,0,0,0,0,0,0,0,0,0,0,0,9,0,37,0,0,0,0,41,86,83,59,70,71,19,31,0,0,0,0,0
l27,6=0,0,0,0,0,0,0,0,0,0,0,0,0,0,0,0,0,0,0,0,0,0,0,0,0,0,66,0,81,81,86,56,49,0,0,0,0,0,0,0
l28,6=0,0,0,0,0,0,0,0,0,0,0,0,0,0,0,0,0,0,0,0,25,0,33,0,0,0,72,82,0,87,86,62,54,53,42,0,0,0,0,0
l29,6=0,0,0,0,0,0,0,0,0,0,0,0,0,0,0,0,0,0,0,0,0,0,0,0,0,0,70,75,86,0,44,45,49,36,25,0,0,0,0,0
l30,6=0,0,0,0,0,0,0,0,0,0,0,0,0,0,0,0,0,0,0,0,0,0,0,0,0,0,66,83,81,53,0,52,0,0,36,0,0,0,0,0
l31,6=0,0,0,0,0,0,0,0,0,0,0,0,0,0,1,0,0,0,0,27,0,0,0,33,0,0,65,30,54,41,44,0,80,52,57,0,0,0,0,0
l32,6=0,0,0,0,0,0,0,0,0,0,0,0,0,0,0,0,0,0,0,0,0,0,0,34,0,32,61,28,49,49,0,73,0,66,82,0,0,0,0,0
l33,6=0,0,0,0,0,0,0,0,0,0,0,0,45,0,45,0,29,34,0,0,26,0,0,45,41,48,38,0,44,45,28,64,73,0,69,0,0,0,0,0
l34,6=0,0,0,0,0,0,0,0,0,0,0,0,38,0,32,0,23,0,0,7,0,0,0,48,33,0,48,0,47,39,40,65,86,63,0,0,0,0,0,0
l35,6=0,0,0,0,0,0,0,0,0,0,0,0,0,6,0,0,31,0,0,0,0,42,36,0,0,0,0,0,0,0,0,0,0,0,0,0,42,28,26,40
l36,6=0,0,0,0,0,0,0,0,0,0,0,24,30,3,0,0,30,33,0,16,22,39,46,0,0,0,0,0,0,0,0,0,0,0,0,36,0,30,35,50
l37,6=0,0,0,0,0,0,0,0,0,0,0,14,0,0,0,0,8,0,0,14,16,36,14,0,0,0,0,0,0,0,0,0,0,0,0,41,62,0,25,36
l38,6=0,0,0,0,0,0,0,0,0,2,0,31,32,11,16,28,40,40,0,0,28,39,49,0,0,0,0,0,0,0,0,0,0,0,0,30,56,17,0,46
l39,6=0,0,0,0,0,0,0,0,0,0,0,0,0,0,0,0,29,0,0,24,26,43,46,0,0,0,0,0,0,0,0,0,0,0,0,32,58,20,47,0

l0,7=0,94,90,89,94,90,88,78,73,77,72,0,0,0,0,0,0,0,0,0,0,0,0,0,0,0,0,0,0,0,0,0,0,0,0,0,0,0,0,0
l1,7=99,0,94,90,94,84,83,78,40,60,50,0,0,41,0,0,0,0,0,0,0,0,0,0,0,0,0,0,0,0,0,0,0,0,0,0,0,0,0,0
l2,7=94,90,0,89,89,73,83,58,72,82,59,0,0,0,0,0,0,0,0,0,0,0,0,0,0,0,0,0,0,0,0,0,0,0,0,0,0,0,0,0
l3,7=82,90,90,0,91,81,79,44,0,71,68,0,0,0,0,0,0,0,0,0,0,0,0,0,0,0,0,0,0,0,0,0,0,0,0,0,0,0,0,0
l4,7=99,94,95,94,0,90,84,75,78,1,62,0,0,61,0,0,0,0,0,0,0,0,0,0,0,0,0,0,0,0,0,0,0,0,0,0,0,0,0,0
l5,7=94,90,67,89,89,0,14,86,80,86,74,0,0,44,0,0,0,0,0,0,0,0,0,0,0,0,0,0,0,0,0,0,0,0,0,0,0,0,0,0
l6,7=84,83,85,75,82,13,0,82,0,83,64,16,0,45,0,0,28,0,0,0,0,0,0,0,0,0,0,0,0,0,0,0,0,0,0,0,0,0,0,0
l7,7=33,43,13,52,60,84,83,0,68,87,73,9,8,44,0,53,0,3,0,0,0,0,0,0,0,0,0,0,0,0,0,0,0,0,0,0,0,0,0,0
l8,7=22,3,20,0,71,65,0,67,0,86,72,43,17,76,52,65,55,47,0,5,1,4,40,0,0,0,0,0,0,0,0,0,0,0,0,0,0,0,0,0
l9,7=23,8,23,41,0,76,81,86,86,0,74,32,15,71,30,68,5,19,0,0,14,1,24,16,10,0,0,0,0,0,0,0,0,0,0,0,0,0,35,0
l10,7=46,15,33,54,59,65,58,87,85,86,0,53,0,29,0,60,52,7,0,0,0,0,0,0,0,0,0,0,0,0,0,0,0,0,0,0,0,0,0,0
l11,7=0,0,0,0,0,0,21,9,57,59,41,0,36,40,50,84,55,36,0,0,16,5,30,33,13,11,0,0,0,0,0,0,0,0,0,1,13,0,53,21
l12,7=0,0,0,0,0,0,0,0,31,37,0,45,0,28,66,75,68,50,0,0,16,0,0,63,75,47,0,0,0,0,0,0,0,32,12,0,11,0,37,0
l13,7=0,8,0,0,47,25,32,42,85,77,8,22,10,0,50,68,47,41,0,0,9,0,24,44,16,11,0,0,0,0,0,0,0,0,0,6,11,0,44,0
l14,7=0,0,0,0,0,0,0,0,33,36,0,17,57,32,0,44,55,49,0,0,16,20,36,58,11,33,0,0,0,0,0,0,0,32,0,0,0,0,39,0
l15,7=0,0,0,0,0,0,0,40,54,61,42,75,62,50,44,0,38,36,0,5,18,23,38,49,10,15,0,0,0,0,0,0,0,0,0,0,14,35,47,0
l16,7=0,0,0,0,0,0,20,0,43,6,35,19,19,31,48,43,0,47,39,0,24,32,48,45,15,8,0,0,0,0,0,9,2,3,0,19,20,38,53,0
l17,7=0,0,0,0,0,0,0,0,47,32,2,15,20,36,58,53,58,0,0,1,25,17,22,30,17,0,0,0,0,0,0,0,0,25,0,1,19,0,50,27
l18,7=0,0,0,0,0,0,0,0,0,0,0,0,0,0,0,0,37,0,0,36,39,27,0,0,0,0,0,0,0,0,0,0,0,0,0,0,0,0,0,0
l19,7=0,0,0,0,0,0,0,0,8,0,0,0,2,0,0,0,0,0,39,0,69,48,67,0,0,0,29,0,0,0,0,34,0,0,0,28,8,0,30,0
l20,7=0,0,0,0,0,0,0,0,0,26,0,8,7,12,29,27,47,40,34,66,0,67,68,0,0,0,0,0,14,8,0,0,0,0,0,35,41,38,56,36
l21,7=0,0,0,0,0,0,0,0,19,26,0,0,8,0,36,35,38,28,27,38,68,0,69,0,2,0,0,0,0,0,0,0,0,0,0,30,34,0,53,47
l22,7=0,0,0,0,0,0,0,0,34,35,0,9,0,19,33,35,38,10,0,65,71,66,0,0,0,0,2,0,0,1,0,0,0,0,0,30,61,0,48,44
l23,7=0,0,0,0,0,0,0,0,0,12,0,6,35,29,65,53,50,18,0,0,0,0,0,0,74,82,0,0,0,0,0,0,14,29,40,0,0,0,0,0
l24,7=0,0,0,0,0,0,0,0,0,41,0,19,76,38,52,40,51,47,0,0,4,0,0,82,0,72,0,0,0,0,0,0,0,35,23,0,3,0,0,0
l25,7=0,0,0,0,6,0,0,0,3,21,0,13,70,33,59,44,34,0,0,0,0,0,0,77,57,0,0,0,0,13,0,1,44,41,0,0,0,0,33,0
l26,7=0,0,0,0,0,0,0,0,0,0,0,0,0,0,0,0,0,0,0,38,2,0,15,0,0,0,0,69,75,85,73,75,80,51,53,0,0,0,0,0
l27,7=0,0,0,0,0,0,0,0,0,0,0,0,0,0,0,0,0,0,0,0,0,0,0,0,0,0,73,0,73,85,85,36,63,0,3,0,0,0,0,0
l28,7=0,0,0,0,0,0,0,0,0,0,0,0,0,0,0,0,0,0,0,29,32,0,0,0,0,0,77,82,0,88,85,69,52,55,46,0,0,0,0,0
l29,7=0,0,0,0,0,0,0,0,0,0,0,0,0,0,0,0,0,0,0,0,39,0,7,0,0,26,75,82,75,0,84,61,62,47,19,0,0,0,0,0
l30,7=0,0,0,0,0,0,0,0,0,0,0,0,0,0,0,0,0,0,0,0,0,0,0,0,0,0,68,82,73,84,0,60,58,31,49,0,0,0,0,0
l31,7=0,0,0,0,0,0,0,0,0,0,0,0,0,0,0,0,32,0,0,50,0,0,0,0,0,0,73,17,55,48,49,0,81,81,76,0,0,0,0,0
l32,7=0,0,0,0,0,0,0,0,0,0,0,0,0,0,0,0,35,0,0,0,0,0,0,36,0,35,63,36,46,61,55,73,0,81,83,0,0,0,0,0
l33,7=0,0,0,0,0,0,0,0,0,0,0,0,50,0,47,0,37,35,0,0,9,0,0,43,36,51,54,0,61,46,46,72,76,0,65,0,0,0,0,0
l34,7=0,0,0,0,0,0,0,0,0,0,0,0,38,0,0,0,0,0,0,0,0,0,0,52,25,0,55,25,43,33,47,69,87,59,0,0,0,0,0,0
l35,7=0,0,0,0,0,0,0,0,0,0,0,0,0,6,0,0,43,0,0,3,24,32,46,0,0,0,0,0,0,0,0,0,0,0,0,0,67,52,53,48
l36,7=0,0,0,0,0,0,0,0,0,0,0,1,6,9,0,14,41,31,0,0,42,29,52,0,0,0,0,0,0,0,0,0,0,0,0,59,0,51,55,54
l37,7=0,0,0,0,0,0,0,0,0,0,0,0,0,0,0,23,25,0,0,0,20,0,0,0,0,0,0,0,0,0,0,0,0,0,0,40,40,0,35,40
l38,7=0,0,0,0,0,0,0,0,0,34,0,20,10,26,31,49,44,43,0,13,45,35,51,0,0,1,0,0,0,0,0,0,0,0,0,34,65,36,0,46
l39,7=0,0,0,0,0,0,0,0,0,0,0,0,0,0,0,0,0,1,0,0,21,39,54,0,0,0,0,0,0,0,0,0,0,0,0,36,45,37,47,0

l0,8=0,95,90,79,91,96,96,87,8,87,87,0,0,83,0,0,0,0,0,0,0,0,0,0,0,0,0,0,0,0,0,0,0,0,0,0,0,0,0,0
l1,8=97,0,90,85,92,97,95,91,63,90,0,0,0,64,0,0,0,0,0,0,0,0,0,37,0,0,0,0,0,0,0,0,0,0,0,0,0,0,0,0
l2,8=96,94,0,78,85,97,92,89,0,83,88,0,0,0,0,3,0,0,0,0,0,0,0,0,0,0,0,0,0,0,0,0,0,0,0,0,0,0,0,0
l3,8=84,92,84,0,92,90,94,87,0,84,14,0,0,0,0,0,0,0,0,0,0,0,0,0,37,0,0,0,0,0,0,0,0,0,0,0,0,0,0,0
l4,8=93,94,86,86,0,96,96,89,89,67,78,0,0,88,3,0,0,0,0,0,0,0,0,0,72,0,0,0,0,0,0,0,0,0,0,0,0,0,0,0
l5,8=96,94,90,84,91,0,95,95,89,88,93,62,0,85,0,0,0,0,0,0,0,0,0,0,0,0,0,0,0,0,0,0,0,0,0,0,0,0,0,0
l6,8=88,88,79,71,84,83,0,95,51,93,85,0,0,54,0,6,61,0,0,0,0,0,0,0,0,0,0,0,0,0,0,0,0,0,0,0,0,0,0,0
l7,8=86,88,81,78,80,91,92,0,91,96,98,61,0,94,0,0,7,29,0,0,0,0,0,0,0,0,0,0,0,0,0,0,0,0,0,0,0,0,0,0
l8,8=0,13,0,0,80,91,54,93,0,97,92,93,0,95,86,93,0,52,0,70,0,0,73,0,0,9,0,0,0,0,0,0,0,0,0,0,0,0,0,0
l9,8=52,75,8,64,30,78,92,95,93,0,97,93,71,95,43,94,62,31,0,0,0,59,22,58,48,0,0,0,0,0,0,0,0,0,0,0,0,0,59,0
l10,8=52,0,76,62,68,91,92,95,92,97,0,82,0,92,0,91,2,0,0,0,0,0,0,0,0,0,0,0,0,0,0,0,0,0,0,0,0,0,0,0
l11,8=0,0,0,0,0,19,0,11,59,86,81,0,99,70,93,100,81,56,0,0,22,58,37,80,68,50,0,0,0,0,0,0,0,0,0,14,29,0,60,0
l12,8=0,0,0,0,0,0,0,0,0,27,0,99,0,0,99,100,84,43,0,0,51,0,0,92,96,60,0,0,0,0,0,0,0,47,5,8,16,0,54,0
l13,8=19,1,0,0,54,47,3,53,97,95,84,60,0,0,93,92,54,24,0,0,49,45,0,72,68,43,0,0,0,0,0,0,0,0,0,3,13,0,67,0
l14,8=0,0,0,0,0,0,0,0,40,29,0,80,99,74,0,87,70,59,0,0,65,68,57,91,88,47,0,0,0,0,0,0,0,0,0,0,20,0,0,0
l15,8=0,0,0,0,0,0,0,0,59,87,89,99,97,92,93,0,75,57,0,0,77,75,68,76,66,41,0,0,0,0,0,0,0,0,0,0,14,0,80,0
l16,8=0,0,0,0,0,0,12,0,0,30,0,96,97,44,84,72,0,41,5,61,86,69,69,52,71,27,0,0,0,0,0,15,3,0,36,9,31,42,55,53
l17,8=0,0,0,0,0,0,0,10,41,34,0,98,93,58,97,96,82,0,0,60,81,2,50,35,70,0,0,0,0,0,0,0,0,64,0,1,8,0,69,47
l18,8=0,0,0,0,0,0,0,0,0,0,0,0,0,0,0,0,78,0,0,74,82,72,0,0,0,0,0,0,0,0,0,0,0,0,0,0,0,0,0,0
l19,8=0,0,0,0,0,0,0,0,42,0,0,0,0,0,0,0,66,53,26,0,87,80,82,0,0,0,0,0,21,0,0,49,0,0,0,59,54,0,55,68
l20,8=0,0,0,0,0,0,0,0,0,0,0,0,47,27,40,49,49,21,26,95,0,94,88,0,16,0,0,0,0,0,0,0,0,4,10,31,47,53,80,55
l21,8=0,0,0,0,0,0,0,0,0,32,0,48,28,42,48,52,49,0,21,70,89,0,83,0,0,0,0,0,0,0,0,7,0,32,16,37,27,49,76,73
l22,8=0,0,0,0,0,0,0,0,33,23,0,45,0,0,40,46,66,21,0,91,90,91,0,0,0,0,0,0,0,39,0,0,0,0,0,69,65,37,70,70
l23,8=0,0,0,0,0,0,0,0,0,60,0,84,98,83,92,84,73,32,0,0,0,0,0,0,96,94,0,0,0,0,0,0,72,65,83,0,0,0,0,0
l24,8=0,0,0,45,35,0,0,0,0,55,0,86,99,83,96,82,95,51,0,0,40,0,0,94,0,93,0,0,0,0,0,3,0,62,64,0,7,0,0,0
l25,8=0,0,0,3,0,0,0,0,11,0,0,76,99,76,77,73,64,0,0,0,0,0,0,94,91,0,0,0,0,59,0,2,77,73,78,0,0,0,18,0
l26,8=0,0,0,0,0,0,0,0,0,0,0,0,0,0,0,0,0,0,0,1,0,0,0,0,0,0,0,91,93,94,84,92,87,77,83,0,0,0,0,0
l27,8=0,0,0,0,0,0,0,0,0,0,0,0,0,0,0,0,0,0,0,0,0,0,0,0,0,0,88,0,93,94,92,0,74,0,76,0,0,0,0,0
l28,8=0,0,0,0,0,0,0,0,0,0,0,0,0,0,0,0,0,0,0,64,54,0,44,0,0,0,94,93,0,94,92,92,67,72,74,0,0,0,0,0
l29,8=0,0,0,0,0,0,0,0,0,0,0,0,0,0,0,0,0,0,0,0,2,0,60,0,0,63,94,93,93,0,92,91,57,68,79,0,0,0,0,0
l30,8=0,0,0,0,0,0,0,0,0,0,0,0,0,0,0,0,0,0,0,0,0,0,0,0,0,0,88,93,93,94,0,74,75,62,0,0,0,0,0,0
l31,8=0,0,0,0,0,0,0,0,0,0,0,0,0,0,0,0,74,0,0,67,0,1,0,0,27,0,92,0,82,85,75,0,87,85,91,0,0,0,0,0
l32,8=0,0,0,0,0,0,0,0,0,0,0,0,0,0,0,0,19,0,0,0,0,0,0,66,0,74,95,78,66,70,76,93,0,91,95,0,0,0,0,0
l33,8=0,0,0,0,0,0,0,0,0,0,0,0,75,0,0,0,2,73,0,0,62,27,0,64,70,75,77,0,68,79,75,92,90,0,82,0,0,0,0,0
l34,8=0,0,0,0,0,0,0,0,0,0,0,0,75,0,0,0,74,0,0,0,68,44,0,68,72,76,77,76,68,79,0,93,92,79,0,0,0,0,0,0
l35,8=0,0,0,0,0,0,0,0,0,0,0,15,35,2,0,0,30,0,0,40,47,45,41,0,0,0,0,0,0,0,0,0,0,0,0,0,65,63,53,60
l36,8=0,0,0,0,0,0,0,0,0,0,0,38,37,27,33,32,35,0,0,43,57,40,51,0,1,0,0,0,0,0,0,0,0,0,0,68,0,43,65,63
l37,8=0,0,0,0,0,0,0,0,0,0,0,0,0,0,0,0,35,0,0,0,59,43,27,0,0,0,0,0,0,0,0,0,0,0,0,66,21,0,45,49
l38,8=0,0,0,0,0,0,0,0,0,30,0,41,41,40,0,49,36,12,0,43,71,74,64,0,0,0,0,0,0,0,0,0,0,0,0,46,42,41,0,57
l39,8=0,0,0,0,0,0,0,0,0,0,0,0,0,0,0,0,35,0,0,50,70,64,54,0,0,0,0,0,0,0,0,0,0,0,0,68,57,45,61,0

l0,9=0,100,99,95,98,99,95,94,62,97,91,0,0,1,0,0,0,0,0,0,0,0,0,0,0,0,0,0,0,0,0,0,0,0,0,0,0,0,0,0
l1,9=99,0,100,96,99,100,80,97,67,85,94,0,0,0,0,0,0,0,0,0,0,0,0,16,0,0,0,0,0,0,0,0,0,0,0,0,0,0,0,0
l2,9=99,100,0,96,99,100,100,98,13,56,57,0,58,0,0,4,0,0,0,0,0,0,0,0,0,0,0,0,0,0,0,0,0,0,0,0,0,0,0,0
l3,9=93,94,98,0,99,91,79,94,0,0,0,0,0,0,0,0,0,0,0,0,0,0,0,0,0,0,0,0,0,0,0,0,0,0,0,0,0,0,0,0
l4,9=99,99,100,97,0,97,83,96,73,70,93,0,0,4,79,0,0,0,0,0,0,0,0,0,44,0,0,0,0,0,0,0,0,0,0,0,0,0,0,0
l5,9=99,100,100,97,99,0,98,12,83,98,100,0,0,46,0,0,0,0,0,0,0,0,0,0,0,0,0,0,0,0,0,0,0,0,0,0,0,0,0,0
l6,9=98,78,100,95,76,58,0,100,74,99,100,0,0,53,0,0,28,0,0,0,0,0,0,0,0,0,0,0,0,0,0,0,0,0,0,0,0,0,0,0
l7,9=39,100,100,93,74,7,100,0,92,100,100,49,40,100,2,48,0,0,0,0,0,0,0,0,0,0,0,0,0,0,0,0,0,0,0,0,0,0,0,0
l8,9=33,83,0,22,56,35,74,99,0,100,58,78,0,99,6,89,75,79,0,78,0,0,37,0,0,0,0,0,0,0,0,0,0,0,0,0,0,0,0,0
l9,9=68,84,80,0,31,55,97,100,93,0,100,96,21,100,88,93,91,0,0,0,0,0,1,29,47,0,0,0,0,0,0,0,0,0,0,0,0,0,0,0
l10,9=93,96,92,0,97,98,100,100,90,100,0,0,33,96,0,94,79,67,0,0,0,0,0,27,0,0,0,0,0,0,0,0,0,0,0,0,0,0,0,0
l11,9=0,0,0,0,0,0,0,58,97,63,9,0,99,39,93,98,97,88,0,0,84,85,33,36,60,88,0,0,0,0,0,0,0,0,0,0,24,0,82,0
l12,9=0,0,0,0,0,0,0,0,0,2,0,79,0,38,96,97,98,95,0,0,93,91,4,62,60,100,0,0,0,0,0,0,0,0,0,0,22,0,89,0
l13,9=0,0,0,0,3,7,72,96,95,100,57,80,54,0,81,97,97,0,0,29,81,80,1,33,57,73,0,0,0,0,0,0,0,0,0,0,25,0,89,0
l14,9=0,0,0,0,26,0,0,0,0,62,0,62,99,36,0,96,97,91,0,0,87,89,36,100,100,93,0,0,0,0,0,0,0,55,0,0,15,0,0,0
l15,9=0,0,0,0,0,0,0,1,58,59,57,100,98,39,93,0,97,92,0,0,76,83,34,31,60,0,0,0,0,0,0,0,0,0,0,0,19,0,85,0
l16,9=0,0,0,0,0,0,5,0,49,57,45,60,55,38,88,92,0,85,77,93,94,25,38,35,58,82,0,0,0,0,0,41,0,57,86,0,25,35,90,79
l17,9=0,0,0,0,0,0,0,0,71,0,55,62,62,0,92,95,96,0,0,94,87,89,36,0,41,0,0,0,0,0,0,0,0,63,0,0,24,0,78,87
l18,9=0,0,0,0,0,0,0,0,0,0,0,0,0,0,0,0,90,0,0,0,89,92,0,0,0,0,0,0,0,0,0,0,0,0,0,0,14,0,0,0
l19,9=0,0,0,0,0,0,0,0,40,0,0,0,0,2,0,0,82,72,0,0,94,96,93,0,0,0,0,0,0,0,0,0,0,0,0,77,55,53,0,77
l20,9=0,0,0,0,0,0,0,0,0,0,0,35,42,29,73,68,89,58,67,97,0,97,93,0,27,0,61,0,0,0,0,0,0,0,76,30,66,62,90,85
l21,9=0,0,0,0,0,0,0,0,0,0,0,49,43,29,74,77,49,62,76,95,96,0,94,0,0,0,0,0,0,0,0,0,0,32,0,34,25,38,87,76
l22,9=0,0,0,0,0,0,0,0,60,18,0,37,33,1,72,73,81,66,0,94,97,97,0,0,0,0,0,0,41,73,0,46,0,0,0,85,65,47,89,72
l23,9=0,0,0,0,0,0,0,0,0,52,4,67,99,39,100,94,99,0,0,0,0,0,0,0,100,100,0,0,0,0,0,0,64,75,99,0,0,0,0,0
l24,9=0,0,0,0,11,0,0,0,0,55,0,62,98,39,99,94,99,52,0,0,80,0,0,100,0,98,0,0,0,0,0,0,0,72,90,0,24,0,0,0
l25,9=0,0,0,11,0,0,0,0,0,0,0,61,99,36,94,0,96,0,0,0,0,0,0,100,100,0,0,0,0,39,0,0,58,100,95,0,0,0,63,0
l26,9=0,0,0,0,0,0,0,0,0,0,0,0,0,0,0,0,0,0,0,0,54,0,0,0,0,0,0,88,100,99,97,98,99,82,87,0,0,0,0,0
l27,9=0,0,0,0,0,0,0,0,0,0,0,0,0,0,0,0,0,0,0,0,0,0,0,0,0,0,99,0,100,99,100,89,82,0,0,0,0,0,0,0
l28,9=0,0,0,0,0,0,0,0,0,0,0,0,0,0,0,0,0,0,0,0,38,0,56,0,0,0,100,100,0,99,100,87,0,83,0,0,0,0,0,0
l29,9=0,0,0,0,0,0,0,0,0,0,0,0,0,0,0,0,0,0,0,0,0,0,80,0,0,3,100,100,100,0,100,94,21,80,87,0,0,0,0,0
l30,9=0,0,0,0,0,0,0,0,0,0,0,0,0,0,0,0,0,0,0,0,0,0,0,0,0,0,100,100,100,99,0,96,89,48,87,0,0,0,0,0
l31,9=0,0,0,0,0,0,0,0,0,0,0,0,0,0,0,0,42,0,0,0,0,0,28,0,0,0,98,38,94,97,93,0,99,100,100,0,0,0,0,0
l32,9=0,0,0,0,0,0,0,0,0,0,0,0,1,0,0,0,0,0,0,0,0,0,0,38,0,46,100,41,0,40,97,100,0,100,100,0,0,0,0,0
l33,9=0,0,0,0,0,0,0,0,0,0,0,0,0,0,44,0,45,38,0,0,1,21,0,100,59,100,82,0,98,40,41,100,99,0,100,0,0,0,0,0
l34,9=0,0,0,0,0,0,0,0,0,0,0,0,23,0,27,0,93,0,0,0,93,0,0,91,54,92,99,0,0,98,90,100,99,100,0,0,0,0,0,0
l35,9=0,0,0,0,0,0,0,0,0,0,0,0,0,0,0,0,0,0,0,77,50,78,51,0,0,0,0,0,0,0,0,0,0,0,0,0,66,74,82,75
l36,9=0,0,0,0,0,0,0,0,0,0,0,24,30,16,4,34,52,33,0,58,88,73,34,0,18,0,0,0,0,0,0,0,0,0,0,54,0,45,75,76
l37,9=0,0,0,0,0,0,0,0,0,0,0,0,0,0,0,0,48,0,0,73,74,71,29,0,0,0,0,0,0,0,0,0,0,0,0,50,35,0,68,74
l38,9=0,0,0,0,0,0,0,0,0,0,0,23,38,22,0,63,76,36,0,0,93,91,37,0,0,14,0,0,0,0,0,0,0,0,0,35,27,47,0,76
l39,9=0,0,0,0,0,0,0,0,0,0,0,0,0,0,0,0,74,64,0,78,78,80,30,0,0,0,0,0,0,0,0,0,0,0,0,53,40,52,69,0

l0,10=0,92,91,89,90,86,86,63,62,83,72,0,0,0,0,0,0,0,0,0,0,0,0,0,0,0,0,0,0,0,0,0,0,0,0,0,0,0,0,0
l1,10=91,0,86,79,89,87,84,78,40,42,55,10,0,0,0,0,0,0,0,0,0,0,0,0,0,0,0,0,0,0,0,0,0,0,0,0,0,0,0,0
l2,10=87,87,0,86,86,86,86,86,0,81,63,0,50,0,0,0,0,0,0,0,0,0,0,0,0,0,0,0,0,0,0,0,0,0,0,0,0,0,0,0
l3,10=92,72,87,0,93,73,82,47,0,52,0,0,0,0,0,0,0,0,0,0,0,0,0,0,0,0,0,0,0,0,0,0,0,0,0,0,0,0,0,0
l4,10=87,86,87,92,0,86,52,63,37,64,83,0,0,5,51,2,0,0,0,0,0,0,0,0,0,0,0,0,0,0,0,0,0,0,0,0,0,0,0,0
l5,10=87,87,87,86,87,0,86,86,59,87,85,0,0,80,0,0,0,0,0,0,0,0,0,0,0,0,0,0,0,0,0,0,0,0,0,0,0,0,0,0
l6,10=85,81,84,81,58,85,0,86,77,82,79,0,0,59,0,0,24,2,0,0,0,0,0,0,0,0,0,0,0,0,0,0,0,0,0,0,0,0,0,0
l7,10=72,85,85,79,83,85,86,0,84,87,85,57,37,81,59,2,0,0,0,0,0,0,0,0,0,0,0,0,0,0,0,0,0,0,0,0,0,0,0,0
l8,10=46,3,0,27,54,29,63,85,0,91,50,78,65,83,0,80,35,43,0,31,37,0,63,64,47,0,0,0,0,0,0,0,0,0,0,0,0,0,0,0
l9,10=81,0,61,76,75,73,84,86,84,0,85,78,74,82,75,73,0,0,0,0,0,34,0,50,47,0,0,0,0,0,0,0,0,0,0,0,0,0,0,0
l10,10=77,55,45,0,84,75,83,86,73,87,0,66,0,79,0,79,0,49,0,0,0,0,0,0,0,0,0,0,0,0,0,0,0,0,0,0,0,0,0,0
l11,10=0,3,0,0,0,0,0,60,78,77,44,0,84,80,85,85,0,80,0,0,67,62,0,83,76,71,0,0,0,0,0,0,0,0,0,0,62,0,64,0
l12,10=0,0,0,0,0,0,0,0,64,62,0,83,0,80,95,85,92,92,0,0,74,65,0,91,97,97,0,0,0,0,0,0,0,3,0,0,15,0,69,0
l13,10=0,0,0,0,15,36,34,76,85,88,47,79,79,0,76,81,50,0,0,2,64,56,0,78,71,0,0,0,0,0,0,0,0,0,0,0,0,0,52,0
l14,10=0,0,0,0,60,0,0,8,0,61,0,84,94,77,0,78,85,82,0,0,63,0,0,87,91,82,0,0,0,0,0,0,0,74,0,0,66,0,38,0
l15,10=0,0,0,0,0,0,0,0,75,61,47,86,85,85,84,0,51,64,0,22,41,0,51,60,72,57,0,0,0,0,0,0,0,0,0,0,23,6,41,0
l16,10=0,0,0,0,0,0,2,0,38,0,0,0,79,63,78,42,0,65,19,27,77,54,50,63,82,38,0,0,0,0,0,0,16,0,61,59,60,34,72,52
l17,10=0,0,0,0,0,0,1,0,53,0,6,52,91,0,85,52,59,0,0,23,36,71,64,60,72,49,0,0,0,0,0,0,0,54,0,0,50,0,66,40
l18,10=0,0,0,0,0,0,0,0,0,0,0,0,0,0,0,0,40,0,0,72,73,79,0,0,0,0,0,0,0,0,0,0,0,0,0,0,0,0,0,0
l19,10=0,0,0,0,0,0,0,0,16,0,0,0,0,0,0,27,55,48,40,0,83,74,78,0,0,0,50,0,0,0,0,0,0,0,0,60,0,43,2,54
l20,10=0,0,0,0,0,0,0,0,1,0,0,28,46,44,42,26,51,31,26,89,0,90,88,0,12,0,24,0,0,0,0,0,44,0,0,69,77,53,70,77
l21,10=0,0,0,0,0,0,0,0,0,34,0,30,52,48,15,8,43,51,34,50,92,0,88,0,0,0,0,0,0,0,0,0,0,42,0,68,68,57,68,70
l22,10=0,0,0,0,0,0,0,0,41,9,0,0,0,0,0,28,34,45,0,74,93,86,0,0,0,0,0,0,0,19,0,44,7,0,0,77,73,55,71,52
l23,10=0,0,0,0,0,0,0,0,65,48,0,51,93,81,90,43,56,24,0,0,0,0,0,0,94,98,0,0,0,0,0,53,81,84,0,0,0,0,0,0
l24,10=0,0,0,0,0,0,0,0,26,58,0,78,94,82,95,52,91,63,0,0,48,0,0,97,0,93,0,0,0,0,0,0,0,69,29,0,0,0,59,0
l25,10=0,0,0,65,0,0,0,0,0,0,0,51,95,0,91,47,38,22,0,0,0,0,0,97,94,0,44,0,0,0,0,66,70,91,86,0,0,0,57,0
l26,10=0,0,0,0,0,0,0,0,0,0,0,0,0,0,0,0,0,0,0,60,53,0,0,0,0,29,0,71,94,98,96,100,95,65,75,0,0,0,0,0
l27,10=0,0,0,0,0,0,0,0,0,0,0,0,0,0,0,0,0,0,0,0,0,0,0,0,0,0,81,0,91,98,96,85,0,0,75,0,0,0,0,0
l28,10=0,0,0,0,0,0,0,0,0,0,0,0,0,0,0,0,0,0,0,32,16,0,3,0,0,0,90,93,0,98,95,84,56,71,60,0,0,0,0,0
l29,10=0,0,0,0,0,0,0,0,0,0,0,0,0,0,0,0,0,0,0,0,0,0,36,0,0,0,90,93,94,0,96,87,66,35,68,0,0,0,0,0
l30,10=0,0,0,0,0,0,0,0,0,0,0,0,0,0,0,0,0,0,0,0,0,0,0,0,0,0,87,93,94,98,0,91,78,64,76,0,0,0,0,0
l31,10=0,0,0,0,0,0,0,0,0,0,0,0,0,0,0,0,0,0,0,0,3,0,65,61,0,61,90,66,89,96,96,0,100,100,100,0,0,0,0,0
l32,10=0,0,0,0,0,0,0,0,0,0,0,0,0,0,0,0,7,0,0,0,66,0,25,83,1,55,90,0,55,77,78,100,0,100,100,0,0,0,0,0
l33,10=0,0,0,0,0,0,0,0,0,0,0,0,55,0,84,0,2,26,0,0,0,53,0,96,65,97,80,0,89,53,76,100,100,0,100,0,0,0,0,0
l34,10=0,0,0,0,0,0,0,0,0,0,0,0,0,0,0,0,60,0,0,0,57,0,0,34,65,89,87,71,49,53,71,100,100,100,0,0,0,0,0,0
l35,10=0,0,0,0,0,0,0,0,0,0,0,0,0,0,0,0,20,0,0,35,56,54,65,0,0,0,0,0,0,0,0,0,0,0,0,0,81,65,58,56
l36,10=0,0,0,0,0,0,0,0,0,0,0,4,13,0,51,2,29,27,0,0,66,39,67,0,0,0,0,0,0,0,0,0,0,0,0,88,0,68,63,69
l37,10=0,0,0,0,0,0,0,0,0,0,0,0,0,0,0,0,24,0,0,22,44,43,55,0,0,0,0,0,0,0,0,0,0,0,0,75,77,0,53,55
l38,10=0,0,0,0,0,0,0,0,0,0,0,6,53,23,9,10,49,31,0,0,69,64,72,0,31,19,0,0,0,0,0,0,0,0,0,75,74,57,0,61
l39,10=0,0,0,0,0,0,0,0,0,0,0,0,0,0,0,0,43,40,0,34,64,60,55,0,0,0,0,0,0,0,0,0,0,0,0,61,77,61,55,0

l0,11=0,89,85,92,84,85,71,65,53,62,51,0,0,1,0,0,0,0,0,0,0,0,0,2,0,0,0,0,0,0,0,0,0,0,0,0,0,0,0,0
l1,11=81,0,76,87,84,83,76,79,47,50,0,40,0,36,0,0,0,0,0,0,0,0,0,0,0,0,0,0,0,0,0,0,0,0,0,0,0,0,0,0
l2,11=81,84,0,87,84,85,78,70,0,0,78,0,0,0,0,0,0,0,0,0,0,0,0,0,0,0,0,0,0,0,0,0,0,0,0,0,0,0,0,0
l3,11=84,86,85,0,85,84,0,42,0,41,46,0,0,0,0,0,0,0,0,0,0,0,0,0,0,0,0,0,0,0,0,0,0,0,0,0,0,0,0,0
l4,11=79,80,78,88,0,79,65,65,0,59,62,0,19,0,44,0,0,0,0,0,0,0,0,18,0,0,0,0,0,0,0,0,0,0,0,0,0,0,0,0
l5,11=81,84,85,86,84,0,80,85,75,82,68,0,0,56,2,0,0,0,0,0,0,0,0,0,0,0,0,0,0,0,0,0,0,0,0,0,0,0,0,0
l6,11=73,78,59,3,71,74,0,82,70,76,46,18,0,69,0,35,10,0,0,0,0,0,0,0,0,0,0,0,0,0,0,0,0,0,0,0,0,0,0,0
l7,11=75,83,76,75,79,84,80,0,84,82,81,65,51,83,0,32,0,0,0,0,0,0,0,0,0,0,0,0,0,0,0,0,0,0,0,0,0,0,0,0
l8,11=65,49,0,0,0,73,70,81,0,83,75,71,56,83,0,75,0,36,0,47,4,0,0,44,34,0,0,0,0,0,0,0,0,0,0,0,0,0,0,0
l9,11=73,47,0,37,43,79,79,87,84,0,81,47,44,83,0,51,3,0,0,0,0,23,0,14,29,0,0,0,0,0,0,0,0,0,0,0,0,0,0,0
l10,11=59,0,72,51,72,62,71,87,78,83,0,66,0,80,0,67,0,2,0,0,0,0,0,0,0,0,0,0,0,0,0,0,0,0,0,0,0,0,0,0
l11,11=0,40,0,0,0,0,31,46,80,76,29,0,60,83,82,82,23,50,0,0,37,10,19,47,49,38,0,0,0,0,0,0,0,0,0,12,0,0,64,0
l12,11=0,0,0,0,0,0,0,7,76,71,0,52,0,79,90,61,46,53,0,0,48,24,19,49,92,91,0,0,0,0,0,0,0,0,0,0,0,0,72,0
l13,11=0,9,0,0,0,28,42,67,84,82,34,82,36,0,64,81,23,26,0,28,51,22,2,47,45,42,0,0,0,0,0,0,0,0,0,0,0,0,64,0
l14,11=0,0,0,0,34,0,0,0,0,0,0,49,86,64,0,0,50,47,0,0,2,20,0,50,5,53,0,0,0,0,0,0,0,48,17,16,50,0,60,0
l15,11=0,0,0,0,0,0,36,13,77,71,29,85,64,85,0,0,45,49,0,54,49,22,9,37,0,40,0,0,0,0,0,0,0,0,0,1,53,0,69,1
l16,11=0,0,0,0,0,0,7,0,0,30,0,23,34,67,78,39,0,29,10,0,52,24,19,43,52,2,0,0,0,0,0,0,38,3,15,3,64,60,75,70
l17,11=0,0,0,0,0,0,0,0,62,46,9,31,37,71,77,44,26,0,0,0,46,24,20,40,33,0,0,0,0,0,0,0,0,0,0,0,60,0,65,33
l18,11=0,0,0,0,0,0,0,0,0,0,0,0,0,0,0,0,29,0,0,72,61,71,12,0,0,0,0,0,0,0,0,0,0,0,0,0,0,0,0,0
l19,11=0,0,0,0,0,0,0,0,32,0,0,0,0,18,0,24,0,0,42,0,72,68,62,0,0,0,30,0,1,0,0,0,0,0,0,24,38,0,24,55
l20,11=0,0,0,0,0,0,0,0,0,0,0,0,20,51,0,26,67,17,39,77,0,88,84,0,0,0,0,0,0,0,0,0,37,0,0,14,55,54,73,63
l21,11=0,0,0,0,0,0,0,0,0,48,0,10,20,48,39,17,68,21,43,70,82,0,84,0,18,0,0,0,0,0,0,0,0,0,0,10,46,43,76,49
l22,11=0,0,0,0,0,0,0,0,0,0,0,14,18,0,0,6,14,18,0,60,81,87,0,0,0,0,0,0,0,0,0,39,0,0,0,50,62,45,71,64
l23,11=0,0,0,0,8,0,0,0,41,29,0,46,79,71,86,20,22,19,0,0,0,0,0,0,92,93,0,0,0,0,0,44,56,49,0,0,0,0,0,0
l24,11=0,0,0,0,0,0,0,0,26,63,0,50,87,77,12,0,81,24,0,0,0,1,0,89,0,88,0,0,0,0,0,0,0,0,0,0,0,0,0,0
l25,11=0,0,0,0,0,0,0,0,0,0,0,43,88,62,88,46,11,2,0,0,0,0,0,91,91,0,0,0,0,0,0,64,42,79,0,0,0,0,0,0
l26,11=0,0,0,0,0,0,0,0,0,0,0,0,0,0,0,0,0,0,0,58,4,0,2,0,0,0,0,72,95,86,90,80,81,65,60,0,0,0,0,0
l27,11=0,0,0,0,0,0,0,0,0,0,0,0,0,0,0,0,0,0,0,0,0,0,0,0,0,0,71,0,86,89,93,39,1,0,33,0,0,0,0,0
l28,11=0,0,0,0,0,0,0,0,0,0,0,0,0,0,0,0,0,0,0,19,23,0,20,0,0,0,86,96,0,91,92,73,68,0,43,0,0,0,0,0
l29,11=0,0,0,0,0,0,0,0,0,0,0,0,0,0,0,0,0,0,0,0,0,0,6,0,0,0,83,95,95,0,93,69,30,33,27,0,0,0,0,0
l30,11=0,0,0,0,0,0,0,0,0,0,0,0,0,0,0,0,0,0,0,0,0,0,0,0,0,0,84,96,94,91,0,77,39,48,43,0,0,0,0,0
l31,11=0,0,0,0,0,0,0,0,0,0,0,0,0,0,0,0,0,0,0,0,21,0,49,50,0,59,86,64,83,89,85,0,92,100,99,0,0,0,0,0
l32,11=0,0,0,0,0,0,0,0,0,0,0,0,0,0,0,0,8,0,0,0,25,0,0,19,0,18,86,1,24,31,39,95,0,100,100,0,0,0,0,0
l33,11=0,0,0,0,0,0,0,0,0,0,0,0,0,0,68,0,3,0,0,0,14,0,0,67,0,89,70,0,0,63,88,100,96,0,100,0,0,0,0,0
l34,11=0,0,0,0,0,0,0,0,0,0,0,0,0,0,26,0,18,0,0,0,0,0,0,15,0,4,81,49,36,74,81,100,96,100,0,0,0,0,0,0
l35,11=0,0,0,0,0,0,0,0,0,0,0,1,0,0,26,0,3,0,0,41,40,0,24,0,0,0,0,0,0,0,0,0,0,0,0,0,82,59,70,49
l36,11=0,0,0,0,0,0,0,0,0,0,0,0,0,0,34,15,19,17,0,15,47,19,24,0,0,0,0,0,0,0,0,0,0,0,0,46,0,73,77,75
l37,11=0,0,0,0,0,0,0,0,0,0,0,0,0,0,0,0,18,0,0,0,46,17,18,0,0,0,0,0,0,0,0,0,0,0,0,22,68,0,51,68
l38,11=0,0,0,0,0,0,0,0,0,0,0,16,22,29,30,24,22,17,0,2,53,24,27,0,0,0,0,0,0,0,0,0,0,0,0,23,71,47,0,73
l39,11=0,0,0,0,0,0,0,0,0,0,0,0,0,0,0,0,18,0,0,55,47,16,31,0,0,0,0,0,0,0,0,0,0,0,0,14,71,64,66,0

l0,12=0,92,80,90,86,85,48,6,0,65,34,0,0,0,0,0,0,0,0,0,0,0,0,0,0,0,0,0,0,0,0,0,0,0,0,0,0,0,0,0
l1,12=84,0,78,85,84,85,81,87,14,1,67,53,0,0,4,0,0,0,0,0,0,0,0,0,0,0,0,0,0,0,0,0,0,0,0,0,0,0,0,0
l2,12=83,81,0,84,82,86,81,46,18,44,73,0,0,0,0,0,0,0,0,0,0,0,0,0,0,0,0,0,0,0,0,0,0,0,0,0,0,0,0,0
l3,12=84,88,80,0,86,85,53,26,0,50,66,0,0,0,0,0,0,0,0,0,0,0,0,0,0,0,0,0,0,0,0,0,0,0,0,0,0,0,0,0
l4,12=83,83,75,88,0,78,70,71,49,59,68,0,0,0,47,0,0,0,0,0,0,0,0,36,0,0,0,0,0,0,0,0,0,0,0,0,0,0,0,0
l5,12=83,85,80,84,84,0,76,81,75,87,77,0,0,57,0,0,0,0,0,0,0,0,0,0,0,0,0,0,0,0,0,0,0,0,0,0,0,0,0,0
l6,12=51,84,80,71,79,72,0,81,65,46,80,70,0,75,5,70,0,0,0,0,0,0,0,0,0,0,0,0,0,0,0,0,0,0,0,0,0,0,0,0
l7,12=10,86,33,69,84,85,80,0,83,87,85,48,22,80,0,3,0,0,0,0,0,0,0,0,0,0,0,0,0,0,0,0,0,0,0,0,0,0,0,0
l8,12=0,8,0,46,76,82,76,84,0,87,85,77,78,81,37,79,26,24,0,49,0,26,0,0,47,0,0,0,0,0,0,0,0,0,0,0,0,0,0,0
l9,12=57,0,0,64,72,85,60,87,83,0,85,71,71,80,0,72,29,18,0,0,53,47,0,0,36,0,0,0,0,0,0,0,0,0,0,0,0,0,0,0
l10,12=31,66,75,79,79,74,77,87,82,87,0,75,0,79,0,75,0,0,0,0,0,0,0,5,0,0,0,0,0,0,0,0,0,0,0,0,0,0,0,0
l11,12=0,58,0,0,0,0,74,47,58,53,52,0,81,84,76,83,41,50,0,0,58,30,37,49,0,57,0,0,0,0,0,0,0,0,0,58,59,1,64,0
l12,12=0,0,0,0,0,0,0,0,53,46,0,83,0,69,90,83,74,87,0,0,65,47,30,46,91,92,0,0,0,0,0,0,0,14,0,0,0,0,67,0
l13,12=0,0,0,3,0,59,71,84,83,86,53,82,79,0,78,82,42,46,0,0,58,38,0,48,69,13,0,0,0,0,0,0,0,0,0,0,0,0,24,0
l14,12=0,0,0,0,55,0,1,0,13,0,0,73,87,74,0,81,74,49,0,0,21,48,0,55,91,52,0,0,0,0,0,0,0,43,62,58,57,0,6,0
l15,12=0,0,0,0,0,0,68,0,53,48,47,85,80,85,72,0,43,65,0,60,61,44,10,41,73,72,0,0,0,0,0,0,0,0,0,0,0,0,61,0
l16,12=0,0,0,0,0,0,0,0,18,21,0,51,82,62,85,80,0,51,28,53,65,45,3,15,88,63,0,0,0,0,0,0,0,0,0,56,62,47,70,45
l17,12=0,0,0,0,0,0,0,0,27,24,0,90,88,70,75,85,46,0,0,58,63,48,27,30,62,0,0,0,0,0,0,0,0,14,0,0,61,0,54,0
l18,12=0,0,0,0,0,0,0,0,0,0,0,0,0,0,0,0,53,0,0,61,58,52,0,0,0,0,0,0,0,0,0,0,0,0,0,0,0,0,0,0
l19,12=0,0,0,0,0,0,0,0,34,0,0,0,0,0,0,39,27,28,31,0,78,73,72,0,0,0,42,0,0,47,19,0,0,0,0,49,49,48,49,45
l20,12=0,0,0,0,0,0,0,0,0,31,0,39,51,40,0,43,68,57,33,81,0,87,82,0,0,0,0,0,0,0,0,35,0,0,0,45,78,68,72,44
l21,12=0,0,0,0,0,0,0,0,36,50,0,44,51,43,50,44,63,62,31,85,86,0,82,0,50,0,0,0,0,0,0,0,0,0,0,47,43,46,78,0
l22,12=0,0,0,0,0,0,0,0,0,0,0,51,51,0,0,26,25,29,0,82,86,87,0,0,4,0,0,0,0,0,0,43,0,0,0,73,72,0,75,65
l23,12=0,0,0,0,63,0,0,0,0,0,0,82,77,78,91,79,35,39,0,0,0,0,0,0,96,95,0,0,0,0,0,9,0,28,0,0,0,0,0,0
l24,12=0,0,0,0,0,0,0,0,33,34,0,0,89,63,91,82,74,53,0,0,0,56,1,91,0,92,0,0,0,0,0,17,54,0,0,0,23,0,50,0
l25,12=0,0,0,0,0,0,0,0,0,0,0,56,89,22,57,80,60,0,0,0,0,0,0,95,95,0,0,0,0,10,0,76,67,72,86,0,0,0,0,0
l26,12=0,0,0,0,0,0,0,0,0,0,0,0,0,0,0,0,0,0,0,56,0,0,0,0,0,0,0,74,90,77,90,88,76,65,77,0,0,0,0,0
l27,12=0,0,0,0,0,0,0,0,0,0,0,0,0,0,0,0,0,0,0,0,0,0,0,0,0,0,81,0,86,95,97,79,0,31,25,0,0,0,0,0
l28,12=0,0,0,0,0,0,0,0,0,0,0,0,0,0,0,0,0,0,0,0,0,0,7,0,0,0,89,96,0,95,97,81,68,65,74,0,0,0,0,0
l29,12=0,0,0,0,0,0,0,0,0,0,0,0,0,0,0,0,0,0,0,24,0,0,0,0,0,0,78,96,90,0,97,81,69,61,72,0,0,0,0,0
l30,12=0,0,0,0,0,0,0,0,0,0,0,0,0,0,0,0,0,0,0,0,0,0,0,0,0,0,89,96,90,95,0,80,72,41,35,0,0,0,0,0
l31,12=0,0,0,0,0,0,0,0,0,0,0,0,26,0,0,0,0,0,0,0,58,0,58,37,45,71,89,82,87,93,97,0,96,100,100,0,0,0,0,0
l32,12=0,0,0,0,0,0,0,0,0,0,0,0,0,0,0,0,0,0,0,0,0,0,0,14,64,68,86,0,81,85,86,94,0,100,100,0,0,0,0,0
l33,12=0,0,0,0,0,0,0,0,0,0,0,0,58,0,73,0,0,8,0,0,0,0,0,52,1,76,82,43,71,81,85,99,96,0,100,0,0,0,0,0
l34,12=0,0,0,0,0,0,0,0,0,0,0,0,0,0,64,0,2,0,0,0,0,0,0,0,0,92,89,34,86,90,81,99,96,100,0,0,0,0,0,0
l35,12=0,0,0,0,0,0,0,0,0,0,0,16,0,0,23,0,15,0,0,40,40,28,38,0,0,0,0,0,0,0,0,0,0,0,0,0,85,70,73,42
l36,12=0,0,0,0,0,0,0,0,0,0,0,12,0,0,28,0,41,16,0,50,67,8,43,0,6,0,0,0,0,0,0,0,0,0,0,84,0,79,75,57
l37,12=0,0,0,0,0,0,0,0,0,0,0,0,0,0,0,0,39,0,0,46,59,13,0,0,0,0,0,0,0,0,0,0,0,0,0,72,72,0,0,48
l38,12=0,0,0,0,0,0,0,0,0,0,0,34,66,0,0,44,43,14,0,49,63,48,44,0,40,0,0,0,0,0,0,0,0,0,0,77,77,0,0,45
l39,12=0,0,0,0,0,0,0,0,0,0,0,0,0,0,0,0,40,0,0,63,52,0,44,0,0,0,0,0,0,0,0,0,0,0,0,67,78,72,67,0

l0,13=0,93,88,93,95,91,89,89,77,86,59,0,0,0,0,0,0,0,0,0,0,0,0,0,0,0,0,0,0,0,0,0,0,0,0,0,0,0,0,0
l1,13=95,0,90,90,91,86,88,89,0,75,85,0,0,0,0,0,0,0,0,0,0,0,0,0,0,0,0,0,0,0,0,0,0,0,0,0,0,0,0,0
l2,13=94,91,0,87,88,90,88,88,0,86,86,0,0,31,0,0,0,0,0,0,0,0,0,0,0,0,0,0,0,0,0,0,0,0,0,0,0,0,0,0
l3,13=95,93,86,0,96,87,88,78,14,79,86,0,0,0,0,0,0,0,0,0,0,0,0,0,0,0,0,0,0,0,0,0,0,0,0,0,0,0,0,0
l4,13=93,90,83,93,0,89,88,85,58,77,82,0,0,9,0,0,0,0,0,0,0,0,0,2,0,0,0,0,0,0,0,0,0,0,0,0,0,0,0,0
l5,13=92,88,83,86,88,0,88,84,83,86,86,0,0,79,0,0,0,0,0,0,0,0,0,0,0,0,0,0,0,0,0,0,0,0,0,0,0,0,0,0
l6,13=88,89,83,86,87,86,0,0,78,86,77,88,0,75,0,80,0,0,0,0,0,0,0,0,0,0,0,0,0,0,0,0,0,0,0,0,0,0,0,0
l7,13=87,88,50,75,51,30,0,0,85,89,89,25,33,83,0,22,0,0,0,0,0,0,0,0,0,0,0,0,0,0,0,0,0,0,0,0,0,0,0,0
l8,13=81,0,0,69,29,46,74,87,0,94,86,79,79,84,55,27,42,62,0,68,0,73,27,0,56,0,0,0,0,0,0,0,0,0,0,0,0,0,0,0
l9,13=82,52,67,76,75,86,86,88,87,0,86,84,84,83,47,80,66,77,0,0,72,79,0,0,0,0,0,0,0,0,0,0,0,0,0,0,0,0,0,0
l10,13=73,58,50,75,29,51,59,89,85,94,0,83,0,83,0,27,0,0,0,0,0,0,0,0,0,0,0,0,0,0,0,0,0,0,0,0,0,0,0,0
l11,13=0,0,0,0,0,0,67,1,68,82,79,0,88,90,37,90,44,87,0,0,73,80,45,37,0,76,0,0,0,0,0,0,0,0,0,0,0,0,19,0
l12,13=0,0,0,0,0,0,0,0,4,77,0,93,0,77,62,52,46,97,0,0,75,73,44,34,73,99,0,0,0,0,0,0,0,26,0,0,0,0,23,0
l13,13=0,0,0,0,18,29,67,85,88,89,87,95,84,0,38,90,43,84,0,31,78,81,0,38,36,78,0,0,0,0,0,0,0,0,0,0,0,0,25,0
l14,13=0,0,0,0,0,0,0,0,82,78,0,87,97,86,0,28,52,85,0,0,77,68,0,82,99,86,0,0,0,0,0,0,1,26,27,0,0,0,0,0
l15,13=0,0,0,0,0,0,64,29,59,82,77,97,92,90,36,0,47,89,0,60,75,68,0,37,50,79,0,0,0,0,0,0,0,0,0,0,61,0,22,0
l16,13=0,0,0,0,0,0,0,0,40,63,0,75,85,61,39,29,0,94,11,61,68,71,42,4,54,0,0,0,0,0,0,0,0,9,14,69,72,0,26,44
l17,13=0,0,0,0,0,0,0,0,61,73,0,94,96,81,37,30,46,0,0,63,85,85,42,35,50,74,0,0,0,0,0,0,0,23,0,7,68,0,22,0
l18,13=0,0,0,0,0,0,0,0,0,0,0,0,0,0,0,0,45,0,0,91,87,0,9,0,0,0,0,0,0,0,0,0,0,0,0,0,0,0,0,0
l19,13=0,0,0,0,0,0,0,0,46,0,0,0,0,3,0,33,53,47,63,0,94,91,94,0,0,0,57,0,24,35,0,16,0,0,0,39,48,50,47,76
l20,13=0,0,0,0,0,0,0,0,0,44,0,63,72,39,18,20,37,82,49,97,0,97,97,0,1,0,0,0,0,0,0,44,0,0,0,71,88,67,47,49
l21,13=0,0,0,0,0,0,0,0,37,66,0,75,67,60,22,18,49,76,0,97,96,0,98,0,40,0,0,0,0,0,0,0,0,0,0,60,52,0,53,43
l22,13=0,0,0,0,0,0,0,0,1,0,0,54,57,0,0,0,35,50,0,97,96,97,0,0,0,0,50,0,16,0,0,3,0,0,15,87,90,14,29,58
l23,13=0,0,0,40,0,0,0,0,0,0,0,85,81,78,95,45,36,72,0,0,0,0,0,0,53,99,0,0,0,0,0,0,0,26,0,0,0,0,0,0
l24,13=0,0,0,0,0,0,0,0,81,0,0,0,97,3,95,29,50,86,0,0,9,80,0,46,0,97,0,0,0,0,0,0,51,3,0,0,77,0,0,0
l25,13=0,0,0,0,0,0,0,0,0,0,0,89,97,87,61,30,0,77,0,0,0,0,0,99,99,0,0,0,0,4,0,90,67,59,53,0,0,0,0,0
l26,13=0,0,0,0,0,0,0,0,0,0,0,0,0,0,0,0,0,0,0,59,1,0,63,0,0,0,0,78,99,82,99,100,85,75,0,0,0,0,0,0
l27,13=0,0,0,0,0,0,0,0,0,0,0,0,0,0,0,0,0,0,0,0,0,0,0,0,0,0,85,0,99,97,99,78,79,80,16,0,0,0,0,0
l28,13=0,0,0,0,0,0,0,0,0,0,0,0,0,0,0,0,0,0,0,60,0,0,62,0,0,0,98,97,0,97,99,91,74,77,87,0,0,0,0,0
l29,13=0,0,0,0,0,0,0,0,0,0,0,0,0,0,0,0,0,0,0,61,2,0,0,0,0,0,81,97,99,0,99,78,87,71,82,0,0,0,0,0
l30,13=0,0,0,0,0,0,0,0,0,0,0,0,0,0,0,0,0,0,0,0,0,0,0,0,0,0,98,97,99,96,0,81,80,82,0,0,0,0,0,0
l31,13=0,0,0,0,0,0,0,0,0,0,0,0,0,0,4,0,0,0,0,24,75,0,5,0,0,85,98,95,98,96,98,0,99,100,100,0,0,0,0,0
l32,13=0,0,0,0,0,0,0,0,0,0,0,0,27,0,19,0,0,0,0,0,0,0,0,0,61,84,92,43,82,93,93,100,0,100,100,0,0,0,0,0
l33,13=0,0,0,0,0,0,0,0,0,0,0,0,96,0,63,0,43,83,0,0,0,0,0,62,41,97,98,72,98,90,98,100,99,0,100,0,0,0,0,0
l34,13=0,0,0,0,0,0,0,0,0,0,0,0,12,0,61,0,44,0,0,0,0,0,63,0,0,97,0,15,99,97,59,100,99,100,0,0,0,0,0,0
l35,13=0,0,0,0,0,0,0,0,0,0,0,0,1,0,0,0,30,0,0,34,65,45,43,0,0,0,0,0,0,0,0,0,0,0,0,0,92,95,80,51
l36,13=0,0,0,0,0,0,0,0,0,0,0,0,0,0,0,19,32,58,0,26,82,51,49,0,36,0,0,0,0,0,0,0,0,0,0,94,0,58,31,52
l37,13=0,0,0,0,0,0,0,0,0,0,0,0,0,0,0,0,0,0,0,50,76,0,0,0,0,0,0,0,0,0,0,0,0,0,0,93,68,0,12,46
l38,13=0,0,0,0,0,0,0,0,0,0,0,29,66,48,0,20,33,55,0,50,85,83,45,0,0,0,0,0,0,0,0,0,0,0,0,88,86,28,0,46
l39,13=0,0,0,0,0,0,0,0,0,0,0,0,0,0,0,0,31,0,0,66,65,64,52,0,0,0,0,0,0,0,0,0,0,0,0,85,77,47,24,0

l0,14=0,99,100,99,99,99,99,98,95,100,99,0,0,5,0,0,0,0,0,0,0,0,0,0,0,0,0,0,0,0,0,0,0,0,0,0,0,0,0,0
l1,14=100,0,100,99,99,99,98,94,6,52,53,0,0,52,44,0,0,0,0,0,0,0,0,0,7,0,0,0,0,0,0,0,0,0,0,0,0,0,0,0
l2,14=100,100,0,99,100,100,100,98,92,88,94,0,0,1,0,0,0,0,0,0,0,0,0,0,0,0,0,0,0,0,0,0,0,0,0,0,0,0,0,0
l3,14=100,99,100,0,99,99,98,98,0,97,100,0,0,0,0,0,0,0,0,0,0,0,0,0,0,0,0,0,0,0,0,0,0,0,0,0,0,0,0,0
l4,14=100,99,100,99,0,99,84,0,42,49,100,0,0,46,0,0,0,0,0,0,0,0,0,0,2,0,0,0,0,0,0,0,0,0,0,0,0,0,0,0
l5,14=100,100,100,100,100,0,100,59,91,100,100,0,0,87,0,82,0,0,0,0,0,0,0,0,0,0,0,0,0,0,0,0,0,0,0,0,0,0,0,0
l6,14=92,93,100,99,92,100,0,91,89,98,100,100,0,96,0,89,0,0,0,0,0,0,48,0,0,0,0,0,0,0,0,0,0,0,0,0,0,0,0,0
l7,14=100,98,99,96,12,90,98,0,97,100,100,0,0,90,0,32,85,0,0,0,0,0,0,0,0,0,0,0,0,0,0,0,0,0,0,0,0,0,0,0
l8,14=40,2,19,23,42,44,46,27,0,100,100,35,42,52,55,53,1,0,0,26,24,28,30,0,47,0,0,0,0,0,0,0,0,0,0,0,0,0,0,0
l9,14=82,46,1,39,49,99,62,99,97,0,100,97,0,100,45,94,49,36,0,0,41,47,0,43,0,0,0,0,0,0,0,0,0,0,0,0,0,0,0,0
l10,14=92,83,20,96,100,100,97,99,97,100,0,46,55,100,13,54,0,0,0,0,13,0,0,0,0,0,0,0,0,0,0,0,0,0,0,0,0,0,0,0
l11,14=0,0,0,0,0,0,97,0,43,99,29,0,97,98,98,98,98,97,0,10,44,41,41,54,17,47,0,0,0,0,0,0,0,0,0,0,47,0,30,0
l12,14=0,0,0,0,0,0,0,0,92,0,16,74,0,98,100,95,98,99,0,2,58,20,35,96,99,99,0,0,0,0,0,0,0,59,0,0,0,0,0,0
l13,14=6,48,0,0,40,42,67,25,44,100,65,100,93,0,88,97,48,97,0,12,0,29,2,0,78,46,0,0,0,0,0,0,0,0,0,0,0,0,30,0
l14,14=0,1,0,0,0,0,0,0,45,24,0,62,99,53,0,54,88,41,0,0,0,6,0,96,100,46,0,0,0,0,0,0,51,23,0,0,0,0,21,0
l15,14=0,0,0,0,0,37,48,0,45,86,27,100,91,98,56,0,98,97,0,44,27,27,0,66,97,46,0,0,0,0,0,0,0,0,0,0,0,0,27,0
l16,14=0,0,0,0,0,0,0,16,0,33,0,60,82,43,97,95,0,97,21,67,49,13,71,24,96,0,0,0,0,0,0,1,0,8,11,46,94,0,19,12
l17,14=0,0,0,0,0,0,0,0,0,43,0,98,97,98,97,95,98,0,0,50,58,60,56,65,98,67,0,0,0,0,0,0,0,11,0,36,44,0,70,0
l18,14=0,0,0,0,0,0,0,0,0,0,0,0,0,0,0,0,52,0,0,84,85,0,82,0,0,0,0,0,0,0,0,0,0,0,0,0,0,0,0,0
l19,14=0,0,0,0,0,0,0,0,1,0,0,0,77,2,0,85,88,89,82,0,97,96,92,0,0,0,71,0,52,49,0,0,0,0,0,63,91,87,56,79
l20,14=0,0,0,0,0,0,0,0,6,80,0,55,83,0,0,85,87,91,84,99,0,97,96,0,10,0,12,0,0,0,0,1,0,0,6,65,96,88,70,50
l21,14=0,0,0,0,0,0,0,0,86,81,3,54,79,81,88,85,94,89,51,98,97,0,96,0,80,0,1,0,0,0,0,0,0,0,1,57,91,11,58,41
l22,14=0,0,0,0,0,0,69,0,49,0,0,55,81,0,0,0,95,88,74,96,97,98,0,0,12,0,63,0,1,0,0,0,0,0,0,64,94,89,61,66
l23,14=0,0,0,0,0,0,0,0,0,41,0,35,46,0,100,56,26,40,0,0,0,0,0,0,5,100,0,0,0,0,0,0,53,29,22,0,0,0,0,0
l24,14=0,0,0,0,0,0,0,0,43,0,0,0,94,54,100,97,99,100,0,0,11,27,1,0,0,100,0,0,0,0,0,0,0,0,0,0,52,0,0,0
l25,14=0,0,0,0,1,0,0,0,0,0,0,62,99,57,97,91,0,98,0,0,0,0,0,99,99,0,0,0,5,0,0,0,65,62,69,0,0,0,0,0
l26,14=0,0,0,0,0,0,0,0,0,0,0,0,0,0,0,0,0,0,0,61,41,0,77,0,0,0,0,98,100,98,100,100,99,99,99,0,0,0,0,0
l27,14=0,0,0,0,0,0,0,0,0,0,0,0,0,0,0,0,0,0,0,0,0,0,0,0,0,0,92,0,100,99,100,91,88,87,0,0,0,0,0,0
l28,14=0,0,0,0,0,0,0,0,0,0,0,0,0,0,0,0,0,0,0,69,0,0,27,0,0,29,100,100,0,99,100,92,86,89,89,0,0,0,0,0
l29,14=0,0,0,0,0,0,0,0,0,0,0,0,0,0,0,0,0,0,0,81,0,0,0,0,0,0,91,100,100,0,100,93,89,0,90,0,0,0,0,0
l30,14=0,0,0,0,0,0,0,0,0,0,0,0,0,0,0,0,0,0,0,0,0,0,0,0,0,0,100,100,100,99,0,91,88,90,0,0,0,0,0,0
l31,14=0,0,0,0,0,0,0,0,0,0,0,0,0,0,1,0,1,0,0,20,56,0,0,0,0,0,100,87,98,97,97,0,99,99,99,0,0,0,0,0
l32,14=0,0,0,0,0,0,0,0,0,0,0,0,0,0,90,0,0,0,0,0,5,0,0,90,0,95,100,95,88,97,96,100,0,100,100,0,0,0,0,0
l33,14=0,0,0,0,0,0,0,0,0,0,0,0,97,0,93,0,96,14,0,0,0,0,0,93,0,99,100,89,100,0,99,100,100,0,100,0,0,0,0,0
l34,14=0,0,0,0,0,0,0,0,0,0,0,0,14,0,0,0,90,0,0,0,68,0,10,90,0,99,100,4,100,99,0,100,100,100,0,0,0,0,0,0
l35,14=0,0,0,0,0,0,0,0,0,0,0,0,12,0,0,0,83,41,0,77,46,46,52,0,0,0,0,0,0,0,0,0,0,0,0,0,98,96,88,87
l36,14=0,0,0,0,0,0,0,0,0,0,0,4,0,0,0,0,83,4,0,86,51,22,63,0,40,0,0,0,0,0,0,0,0,0,0,72,0,86,70,41
l37,14=0,0,0,0,0,0,0,0,0,0,0,0,0,0,0,0,0,0,0,63,50,0,61,0,0,0,0,0,0,0,0,0,0,0,0,92,91,0,57,45
l38,14=0,0,0,0,0,0,0,0,0,0,0,19,0,58,85,84,81,93,0,53,57,25,61,0,0,0,0,0,0,0,0,0,0,0,0,70,98,88,0,44
l39,14=0,0,0,0,0,0,0,0,0,0,0,0,0,0,0,0,84,0,0,88,48,49,62,0,0,0,0,0,0,0,0,0,0,0,0,66,91,87,58,0

l0,15=0,98,98,100,99,98,95,99,61,98,94,0,0,0,0,0,0,0,0,0,0,0,0,0,0,0,0,0,0,0,0,0,0,0,0,0,0,0,0,0
l1,15=97,0,98,97,98,95,95,95,0,98,97,0,0,100,62,0,0,0,0,0,0,0,0,0,35,0,0,0,0,0,0,0,0,0,0,0,0,0,0,0
l2,15=100,100,0,97,98,98,100,99,0,98,95,33,0,99,0,0,0,0,0,0,0,0,0,0,0,0,0,0,0,0,0,0,0,0,0,0,0,0,0,0
l3,15=100,99,98,0,98,95,0,0,0,0,97,0,0,0,0,0,0,0,0,0,0,0,0,0,0,0,0,0,0,0,0,0,0,0,0,0,0,0,0,0
l4,15=97,100,98,95,0,97,95,96,0,98,97,0,0,98,0,0,0,0,0,0,0,0,0,0,0,0,0,0,0,0,0,0,0,0,0,0,0,0,0,0
l5,15=97,98,98,97,100,0,95,99,94,98,97,0,0,100,0,89,0,0,0,0,0,0,0,0,0,0,0,0,0,0,0,0,0,0,0,0,0,0,0,0
l6,15=97,98,98,80,98,95,0,99,94,98,97,98,92,98,0,95,15,0,0,0,0,0,43,0,0,0,0,0,0,0,0,0,0,0,0,0,0,0,0,0
l7,15=97,92,98,55,98,95,95,0,96,98,100,0,0,98,92,0,93,0,0,0,0,0,0,0,0,0,0,0,0,0,0,0,0,0,0,0,0,0,0,0
l8,15=89,1,0,27,0,86,86,93,0,100,97,96,96,99,91,62,0,0,0,55,17,91,91,28,96,0,0,0,0,0,0,0,0,0,0,0,0,0,0,0
l9,15=97,90,0,0,60,96,94,98,99,0,100,93,0,100,41,97,54,46,0,0,97,91,3,39,0,0,0,0,0,0,0,0,0,0,0,0,0,0,0,0
l10,15=95,96,5,95,98,95,95,100,96,100,0,0,94,100,82,0,0,0,0,0,0,0,0,0,0,0,0,0,0,0,0,0,0,0,0,0,0,0,0,0
l11,15=0,0,0,0,0,0,99,0,57,62,0,0,99,99,92,100,94,69,0,13,99,99,97,98,0,85,0,0,0,0,0,0,0,0,0,0,99,0,86,0
l12,15=0,0,0,0,0,0,89,0,98,0,100,99,0,99,100,99,96,99,0,31,99,0,97,99,100,100,0,0,0,0,0,0,0,46,0,0,95,0,85,0
l13,15=0,92,59,0,64,90,92,63,59,100,100,100,100,0,99,100,57,69,0,0,0,77,47,92,92,83,0,0,0,0,0,0,0,0,0,0,0,0,0,0
l14,15=0,0,0,0,0,0,0,5,59,45,30,98,99,99,0,63,60,69,0,0,36,0,0,99,100,85,0,0,0,0,0,0,0,79,3,0,0,0,0,0
l15,15=0,0,0,0,0,49,92,0,58,63,0,100,99,99,99,0,61,69,0,0,98,99,13,99,99,83,0,0,0,0,0,0,0,0,0,43,0,0,86,0
l16,15=0,0,0,0,0,0,7,68,0,58,4,98,98,82,100,64,0,67,92,100,96,94,99,0,99,44,0,0,0,0,0,14,0,77,0,55,98,93,84,16
l17,15=0,0,0,0,0,0,0,0,0,62,0,99,99,99,99,71,61,0,0,99,99,99,98,99,99,85,0,0,0,0,0,0,0,77,3,0,98,84,86,1
l18,15=0,0,0,0,0,0,0,0,0,0,0,0,0,0,0,0,84,0,0,37,85,31,75,0,0,0,0,0,0,0,0,0,0,0,0,0,0,0,0,0
l19,15=0,0,0,0,0,0,0,0,18,0,0,1,81,0,0,0,49,55,0,0,99,97,92,0,0,0,0,0,66,70,0,0,0,0,0,0,76,0,18,43
l20,15=0,0,0,0,0,0,0,0,0,59,0,94,98,0,25,57,60,66,83,100,0,100,100,0,0,0,0,0,0,0,0,0,0,0,0,60,99,0,89,58
l21,15=0,0,0,0,0,0,0,0,52,60,7,97,0,81,0,62,57,67,0,100,100,0,100,0,71,0,0,0,11,0,0,0,0,0,35,54,95,94,97,52
l22,15=0,0,0,0,0,0,13,0,41,53,0,72,82,2,0,13,95,58,67,94,100,99,0,0,0,0,28,0,0,4,0,61,0,6,0,50,83,79,73,46
l23,15=0,0,0,0,0,0,0,0,1,41,0,96,100,78,100,100,0,69,0,0,0,0,0,0,100,100,0,0,0,0,0,0,97,100,0,0,0,0,0,0
l24,15=0,0,0,0,0,0,0,0,58,0,0,0,100,99,100,100,96,99,0,0,0,2,0,100,0,88,0,0,0,0,0,0,100,4,0,0,99,0,6,0
l25,15=0,0,0,0,0,0,0,0,0,0,0,84,99,97,86,62,40,69,0,0,0,0,0,100,91,0,60,0,42,0,0,92,97,77,88,0,0,0,0,0
l26,15=0,0,0,0,0,0,0,0,0,0,0,0,0,0,0,0,0,0,0,0,0,0,52,0,0,83,0,97,86,99,87,98,94,5,83,0,0,0,0,0
l27,15=0,0,0,0,0,0,0,0,0,0,0,0,0,0,0,0,0,0,0,0,0,0,0,0,0,0,91,0,86,99,87,92,90,92,80,0,0,0,0,0
l28,15=0,0,0,0,0,0,0,0,0,0,0,0,0,0,0,0,0,0,0,95,0,27,0,0,0,67,97,98,0,99,87,93,90,93,79,0,0,0,0,0
l29,15=0,0,0,0,0,0,0,0,0,0,0,0,0,0,0,0,0,0,0,94,0,0,13,0,0,0,91,98,87,0,87,92,92,91,83,0,0,0,0,0
l30,15=0,0,0,0,0,0,0,0,0,0,0,0,0,0,0,0,0,0,0,0,0,0,0,0,0,0,97,98,86,99,0,90,90,92,0,0,0,0,0,0
l31,15=0,0,0,0,0,0,0,0,0,0,0,0,0,0,0,0,5,0,0,0,0,0,65,0,0,93,96,92,85,97,82,0,97,99,88,0,0,0,0,0
l32,15=0,0,0,0,0,0,0,0,0,0,0,0,81,0,0,0,0,0,0,0,22,0,0,91,77,94,96,92,76,97,84,98,0,99,89,0,0,0,0,0
l33,15=0,0,0,0,0,0,0,0,0,0,0,0,97,0,79,0,59,61,0,0,0,0,40,100,63,87,21,57,98,95,81,99,99,0,99,0,0,0,0,0
l34,15=0,0,0,0,0,0,0,0,0,0,0,0,20,0,65,0,0,0,0,0,7,63,0,0,0,97,97,82,80,98,0,98,97,99,0,0,0,0,0,0
l35,15=0,0,0,0,0,0,0,0,0,0,0,0,50,0,0,42,46,0,0,0,92,77,77,0,0,0,0,0,0,0,0,0,0,0,0,0,99,99,96,90
l36,15=0,0,0,0,0,0,0,0,0,0,0,81,71,0,0,0,59,26,0,91,96,95,92,0,48,0,0,0,0,0,0,0,0,0,0,60,0,99,97,57
l37,15=0,0,0,0,0,0,0,0,0,0,0,0,0,0,0,0,53,0,0,0,0,88,88,0,0,0,0,0,0,0,0,0,0,0,0,96,96,0,93,94
l38,15=0,0,0,0,0,0,0,0,0,0,0,73,76,0,0,53,24,62,0,1,97,96,90,0,5,0,0,0,0,0,0,0,0,0,0,59,99,94,0,54
l39,15=0,0,0,0,0,0,0,0,0,0,0,0,0,0,0,0,34,0,0,98,97,94,91,0,0,0,0,0,0,0,0,0,0,0,0,97,95,99,85,0

