t=2016-04-14_03.11.44

n=40

q0=1
q1=1
q2=1
q3=1
q4=1
q5=1
q6=1
q7=1
q8=1
q9=1
q10=1
q11=1
q12=1
q13=1
q14=1
q15=1
q16=1
q17=1
q18=1
q19=1
q20=1
q21=1
q22=1
q23=1
q24=1
q25=1
q26=1
q27=1
q28=1
q29=1
q30=1
q31=1
q32=1
q33=1
q34=1
q35=1
q36=1
q37=1
q38=1
q39=1

a0=0x141592000c576ce6
a1=0x141592000c5aedbc
a2=0x141592000c5750f4
a3=0x141592000c576658
a4=0x141592000c575890
a5=0x141592000c574ffa
a6=0x141592000c5acf11
a7=0x141592000d9df361
a8=0x141592000c576300
a9=0x141592000c5779b6
a10=0x141592000c5762b9
a11=0x141592000c5af078
a12=0x141592000c575517
a13=0x141592000c5752c3
a14=0x141592000c5a4baa
a15=0x141592000c5776e7
a16=0x141592000c58cdeb
a17=0x141592000c5881fc
a18=0x141592000bd81d33
a19=0x141592000bd84d6a
a20=0x141592000c577233
a21=0x141592000c574527
a22=0x141592000c5746a3
a23=0x141592000c574da3
a24=0x141592000c5741c9
a25=0x141592000da244ea
a26=0x141592000c5ae886
a27=0x141592000c57510e
a28=0x141592000c5ab6c8
a29=0x141592000c574d05
a30=0x141592000edae61f
a31=0x141592000c57667e
a32=0x141592000c577f43
a33=0x141592000c576449
a34=0x1415920010f4117a
a35=0x141592000c575966
a36=0x141592000c574d35
a37=0x141592000c576fb1
a38=0x141592000c5aea5d
a39=0x141592000c59f23f

l0,0=0,94,84,91,86,89,87,81,89,92,0,0,0,62,0,0,0,0,0,0,0,0,0,0,0,0,0,0,0,0,0,0,0,0,0,0,0,0,0,0
l1,0=90,0,84,80,90,90,87,90,82,0,87,0,0,0,0,0,0,0,0,0,0,0,0,0,0,0,0,0,0,0,0,0,0,0,0,0,0,0,0,0
l2,0=90,85,0,0,90,90,93,90,1,92,88,0,0,75,0,0,0,0,0,0,0,0,0,0,0,0,0,0,0,0,0,0,0,0,0,0,0,0,0,0
l3,0=95,70,0,0,90,89,87,61,78,0,76,0,0,0,0,0,0,0,0,0,0,0,0,0,0,0,0,0,0,0,0,0,0,0,0,0,0,0,0,0
l4,0=80,84,84,86,0,88,54,0,0,85,74,0,0,78,0,0,0,0,0,0,0,0,0,0,0,0,0,0,0,0,0,0,0,0,0,0,0,0,0,0
l5,0=90,92,86,85,90,0,87,90,87,93,83,0,0,62,0,0,0,0,0,0,0,0,0,0,0,0,0,0,0,0,0,0,0,0,0,0,0,0,0,0
l6,0=82,78,95,76,58,83,0,91,84,84,81,38,0,80,0,38,40,0,0,0,0,0,0,0,0,0,0,0,0,0,0,0,0,0,0,0,0,0,0,0
l7,0=73,80,83,37,25,87,87,0,80,89,91,66,0,8,0,21,0,0,0,0,0,0,0,0,0,0,0,0,0,0,0,0,0,0,0,0,0,0,0,0
l8,0=72,47,0,23,0,71,82,47,0,93,66,76,71,90,61,48,49,44,0,0,0,66,4,0,57,0,0,0,0,0,0,0,0,0,0,0,0,0,22,0
l9,0=84,0,71,0,73,87,79,89,91,0,91,71,74,81,32,42,36,56,0,0,0,0,0,0,0,0,0,0,0,0,0,0,0,0,0,0,0,0,0,0
l10,0=0,80,84,75,81,80,82,91,80,95,0,70,68,88,0,74,12,0,0,0,0,0,0,0,0,0,0,0,0,0,0,0,0,0,0,0,0,0,0,0
l11,0=0,0,0,0,0,0,29,33,51,65,70,0,90,90,80,95,30,75,0,66,0,60,0,0,59,0,0,0,0,0,0,0,0,0,0,0,78,0,29,0
l12,0=0,0,0,0,0,0,0,0,46,63,55,83,0,85,86,94,46,99,0,0,69,66,0,79,95,55,0,0,0,0,0,0,0,26,0,0,67,0,40,0
l13,0=0,0,2,0,57,0,38,0,88,63,82,79,83,0,89,48,18,65,0,67,68,65,49,71,39,5,0,0,0,0,0,0,0,0,0,0,7,0,22,0
l14,0=0,0,0,0,0,0,0,0,45,29,0,81,89,88,0,31,38,70,0,0,71,0,12,80,84,75,0,0,0,0,0,0,0,26,0,0,0,0,9,0
l15,0=0,0,0,0,0,0,36,16,46,60,63,94,96,87,82,0,25,72,0,48,52,0,2,0,84,0,0,0,0,0,0,0,0,0,0,0,0,0,28,0
l16,0=0,0,0,0,0,0,16,0,48,60,0,78,83,63,75,29,0,80,0,70,66,75,82,72,74,0,0,0,0,0,0,0,0,13,0,18,78,36,35,32
l17,0=0,0,0,0,0,0,0,0,43,64,0,89,95,88,80,34,32,0,0,0,85,81,0,0,80,35,0,0,0,0,0,0,0,27,0,0,80,5,0,0
l18,0=0,0,0,0,0,0,0,0,0,0,0,0,0,0,0,0,0,0,0,0,82,0,80,0,0,0,0,0,0,0,0,0,0,0,0,0,0,0,0,0
l19,0=0,0,0,0,0,0,0,0,0,0,0,38,0,55,0,4,52,0,0,0,86,36,94,0,0,0,0,0,0,0,0,42,0,0,0,0,54,14,48,81
l20,0=0,0,0,0,0,0,0,0,0,0,0,0,52,61,42,14,21,62,86,88,0,86,94,0,0,0,0,0,0,0,0,47,0,0,0,0,97,95,59,56
l21,0=0,0,0,0,0,0,0,0,37,0,0,44,51,66,0,0,72,65,0,40,97,0,94,0,0,0,0,0,0,0,0,0,1,0,0,75,41,54,84,37
l22,0=0,0,0,0,0,0,0,0,31,1,0,0,0,65,12,16,33,14,64,90,97,86,0,0,0,0,29,0,0,0,0,15,0,0,0,33,98,64,54,73
l23,0=0,0,0,0,0,0,0,0,18,0,0,0,80,81,85,0,25,0,0,0,0,0,0,0,85,0,0,0,0,0,0,0,0,24,27,0,0,0,0,0
l24,0=0,0,0,0,0,0,0,0,49,0,0,78,96,82,83,52,28,70,0,0,0,0,0,82,0,42,0,0,0,0,0,0,68,28,26,0,0,0,0,0
l25,0=0,0,0,0,0,0,0,0,7,0,0,0,82,72,90,0,0,63,0,0,0,0,0,0,76,0,32,0,0,0,0,52,72,25,66,0,0,0,0,0
l26,0=0,0,0,0,0,0,0,0,0,0,0,0,0,0,0,0,0,0,0,0,0,0,64,0,0,52,0,78,86,91,93,89,70,62,55,0,0,0,0,0
l27,0=0,0,0,0,0,0,0,0,0,0,0,0,0,0,0,0,0,0,0,0,0,0,0,0,0,0,74,0,86,94,97,77,56,57,73,0,0,0,0,0
l28,0=0,0,0,0,0,0,0,0,0,0,0,0,0,0,0,0,0,0,0,0,0,0,0,0,0,0,89,100,0,97,97,86,62,56,59,0,0,0,0,0
l29,0=0,0,0,0,0,0,0,0,0,0,0,0,0,0,0,0,0,0,0,0,0,0,2,0,0,0,81,100,86,0,97,64,56,52,48,0,0,0,0,0
l30,0=0,0,0,0,0,0,0,0,0,0,0,0,0,0,0,0,0,0,0,0,0,0,0,0,0,0,77,100,86,97,0,72,68,68,0,0,0,0,0,0
l31,0=0,0,0,0,0,0,0,0,0,0,0,0,0,0,0,0,0,0,0,54,0,0,0,0,0,55,87,62,79,70,61,0,88,81,95,0,0,0,0,0
l32,0=0,0,0,0,0,0,0,0,0,0,0,0,0,0,0,0,0,0,0,16,0,0,0,0,44,62,79,58,70,61,73,85,0,84,97,0,0,0,0,0
l33,0=0,0,0,0,0,0,0,0,0,0,0,0,70,0,63,0,49,56,0,0,0,0,0,52,50,61,73,42,67,57,74,82,83,0,76,0,0,0,0,0
l34,0=0,0,0,0,0,0,0,0,0,0,0,0,0,0,0,0,15,0,0,0,8,0,0,62,46,67,71,62,68,61,0,91,94,67,0,0,0,0,0,0
l35,0=0,0,0,0,0,0,0,0,0,0,0,0,0,0,0,0,14,0,0,0,0,50,1,0,0,0,0,0,0,0,0,0,0,0,0,0,68,95,89,22
l36,0=0,0,0,0,0,0,0,0,0,0,0,62,40,14,0,0,25,54,0,58,93,24,92,0,0,0,0,0,0,0,0,0,0,0,0,50,0,95,38,31
l37,0=0,0,0,0,0,0,0,0,0,0,0,0,0,0,0,0,4,3,0,18,88,37,51,0,0,0,0,0,0,0,0,0,0,0,0,52,94,0,12,33
l38,0=0,0,0,0,0,0,0,0,35,0,0,60,73,55,0,26,32,0,0,65,94,83,92,0,0,0,0,0,0,0,0,0,0,0,0,67,97,64,0,35
l39,0=0,0,0,0,0,0,0,0,0,0,0,0,0,0,0,0,23,0,0,65,93,58,80,0,0,0,0,0,0,0,0,0,0,0,0,45,72,98,25,0

l0,1=0,83,82,87,78,81,75,45,44,83,51,0,0,6,0,0,0,0,0,0,0,0,0,0,0,0,0,0,0,0,0,0,0,0,0,0,0,0,0,0
l1,1=89,0,88,83,89,87,70,74,63,77,78,0,0,34,0,0,0,0,0,0,0,0,0,3,0,0,0,0,0,0,0,0,0,0,0,0,0,0,0,0
l2,1=87,86,0,80,74,89,81,77,0,84,83,0,0,0,0,8,0,0,0,0,0,0,0,0,0,0,0,0,0,0,0,0,0,0,0,0,0,0,0,0
l3,1=89,82,73,0,84,81,70,18,0,56,78,0,0,0,0,0,0,0,0,0,0,0,0,0,0,0,0,0,0,0,0,0,0,0,0,0,0,0,0,0
l4,1=71,82,69,79,0,77,69,0,76,78,76,0,0,54,0,0,0,0,0,0,0,0,0,0,0,0,0,0,0,0,0,0,0,0,0,0,0,0,0,0
l5,1=87,86,89,87,83,0,76,77,73,82,81,0,0,0,0,0,0,0,0,0,0,0,0,0,0,0,0,0,0,0,0,0,0,0,0,0,0,0,0,0
l6,1=68,57,82,59,55,70,0,80,75,65,78,55,16,59,0,0,35,0,0,0,0,0,0,0,0,0,0,0,0,0,0,0,0,0,0,0,0,0,0,0
l7,1=45,71,72,29,20,82,83,0,77,80,86,51,20,29,0,16,0,0,0,0,0,0,0,0,0,0,0,0,0,0,0,0,0,0,0,0,0,0,0,0
l8,1=0,16,0,0,27,55,61,66,0,84,75,67,0,64,32,77,63,53,0,0,0,53,20,14,0,0,0,0,0,0,0,0,0,0,0,0,0,0,15,0
l9,1=64,28,68,27,69,72,50,75,89,0,86,65,44,66,27,75,47,52,0,0,0,13,7,0,0,0,0,0,0,0,0,0,0,0,0,0,0,0,0,0
l10,1=30,74,85,64,82,77,81,84,81,90,0,62,0,69,0,69,0,0,0,0,0,16,0,0,0,0,0,0,0,0,0,0,0,0,0,0,0,0,0,0
l11,1=0,0,0,0,0,0,37,38,42,41,43,0,81,64,48,88,63,81,0,15,0,3,0,0,56,0,0,0,0,0,0,0,0,0,0,21,63,0,53,0
l12,1=0,0,0,0,0,0,0,0,0,10,0,73,0,42,75,85,73,90,0,0,33,27,4,57,87,71,0,0,0,0,0,0,0,6,0,0,0,0,52,0
l13,1=0,0,0,0,11,0,40,0,34,44,49,76,65,0,32,37,56,59,0,0,43,33,20,40,0,45,0,0,0,0,0,0,0,0,0,0,3,0,51,0
l14,1=0,0,0,0,0,0,0,0,29,32,0,57,83,34,0,56,64,67,0,0,46,21,0,67,63,64,0,0,0,0,0,0,0,0,0,0,0,0,0,0
l15,1=0,0,0,0,0,0,0,0,47,45,42,83,83,27,39,0,47,78,0,2,12,0,9,26,81,0,0,0,0,0,0,0,0,0,0,0,49,0,40,0
l16,1=0,0,0,0,0,0,19,0,8,8,0,50,57,30,38,31,0,72,0,15,54,34,26,22,46,42,0,0,0,0,0,0,15,13,12,19,44,0,51,17
l17,1=0,0,0,0,0,0,0,0,6,12,0,79,90,37,35,63,81,0,0,0,37,29,3,26,51,46,0,0,0,0,0,0,0,17,0,0,58,0,0,0
l18,1=0,0,0,0,0,0,0,0,0,0,0,0,0,0,0,0,0,0,0,39,62,59,59,0,0,0,0,0,0,0,0,0,0,0,0,0,0,0,0,0
l19,1=0,0,0,0,0,0,0,0,0,0,0,9,0,5,0,0,31,0,32,0,69,7,73,0,0,0,28,0,0,10,0,29,0,0,0,0,36,21,56,53
l20,1=0,0,0,0,0,0,0,0,0,0,0,0,35,26,25,32,58,49,48,52,0,77,74,0,0,0,0,0,0,0,0,1,0,0,0,25,66,41,70,39
l21,1=0,0,0,0,0,0,0,0,47,21,18,16,39,40,23,0,56,56,40,28,72,0,68,0,0,0,7,0,0,0,0,28,6,0,0,33,30,42,64,55
l22,1=0,0,0,0,0,0,0,0,25,14,0,0,30,29,0,33,51,47,48,56,75,71,0,0,0,0,49,0,0,21,0,0,0,0,0,31,66,48,61,59
l23,1=0,0,0,0,0,0,0,0,11,0,0,0,62,36,60,38,45,56,0,0,0,0,0,0,77,59,0,0,0,0,0,0,0,0,61,0,0,0,0,0
l24,1=0,0,0,0,0,0,0,0,0,0,0,67,81,1,44,62,65,74,0,0,0,0,0,74,0,70,0,0,0,0,0,0,32,36,46,0,0,0,0,0
l25,1=0,0,0,0,0,0,0,0,12,0,0,0,62,33,68,0,57,59,0,0,0,0,0,53,75,0,56,0,12,8,0,48,0,36,59,0,0,0,0,0
l26,1=0,0,0,0,0,0,0,0,0,0,0,0,0,0,0,0,0,0,0,24,0,0,39,0,0,30,0,44,64,67,70,77,63,60,51,0,0,0,0,0
l27,1=0,0,0,0,0,0,0,0,0,0,0,0,0,0,0,0,0,0,0,0,0,0,0,0,0,0,59,0,72,80,98,58,55,52,62,0,0,0,0,0
l28,1=0,0,0,0,0,0,0,0,0,0,0,0,0,0,0,0,0,0,0,0,18,0,0,0,0,31,78,79,0,83,98,76,48,56,53,0,0,0,0,0
l29,1=0,0,0,0,0,0,0,0,0,0,0,0,0,0,0,0,0,0,0,23,0,0,34,0,0,8,65,73,72,0,84,61,53,49,52,0,0,0,0,0
l30,1=0,0,0,0,0,0,0,0,0,0,0,0,0,0,0,0,0,0,0,0,0,0,0,0,0,0,66,80,72,76,0,49,48,53,0,0,0,0,0,0
l31,1=0,0,0,0,0,0,0,0,0,0,0,0,0,0,0,0,0,0,0,29,0,21,0,0,0,43,68,36,61,50,49,0,69,69,73,0,0,0,0,0
l32,1=0,0,0,0,0,0,0,0,0,0,0,0,0,0,0,0,40,0,0,0,0,0,0,0,44,0,68,42,50,50,54,75,0,75,82,0,0,0,0,0
l33,1=0,0,0,0,0,0,0,0,0,0,0,0,28,0,0,0,45,53,0,0,0,0,0,12,54,54,64,38,55,39,60,75,67,0,63,0,0,0,0,0
l34,1=0,0,0,0,0,0,0,0,0,0,0,0,0,0,0,0,44,0,0,0,0,0,0,51,49,59,64,51,61,43,0,75,83,69,0,0,0,0,0,0
l35,1=0,0,0,0,0,0,0,0,0,0,0,20,0,0,0,0,39,0,0,14,16,29,20,0,0,0,0,0,0,0,0,0,0,0,0,0,68,59,76,33
l36,1=0,0,0,0,0,0,0,0,0,0,0,43,0,8,0,26,39,48,0,8,64,0,36,0,0,0,0,0,0,0,0,0,0,0,0,42,0,55,74,35
l37,1=0,0,0,0,0,0,0,0,0,0,0,0,0,0,0,0,0,0,0,15,55,26,31,0,0,0,0,0,0,0,0,0,0,0,0,40,65,0,62,39
l38,1=0,0,0,0,0,0,0,0,0,0,0,38,46,27,0,16,49,0,0,32,66,42,35,0,0,0,0,0,0,0,0,0,0,0,0,48,73,60,0,40
l39,1=0,0,0,0,0,0,0,0,0,0,0,0,0,0,0,0,45,0,0,39,58,33,35,0,0,0,0,0,0,0,0,0,0,0,0,33,55,55,61,0

l0,2=0,79,77,83,73,69,63,0,17,70,0,0,0,0,0,0,0,0,0,0,0,0,0,0,0,0,0,0,0,0,0,0,0,0,0,0,0,0,0,0
l1,2=76,0,85,86,73,76,72,70,46,71,60,0,0,0,0,0,0,0,0,0,0,0,0,0,0,0,0,0,0,0,0,0,0,0,0,0,0,0,0,0
l2,2=82,86,0,80,79,78,85,83,0,79,61,0,0,0,0,0,0,0,0,0,0,0,0,0,0,0,0,0,0,0,0,0,0,0,0,0,0,0,0,0
l3,2=75,84,84,0,74,69,36,42,19,0,54,0,0,0,0,0,0,0,0,0,0,0,0,0,0,0,0,0,0,0,0,0,0,0,0,0,0,0,0,0
l4,2=70,76,75,79,0,67,68,54,50,71,54,0,0,0,0,0,0,0,0,0,0,0,0,0,0,0,0,0,0,0,0,0,0,0,0,0,0,0,0,0
l5,2=71,80,79,79,72,0,68,70,52,68,59,0,0,0,0,0,0,0,0,0,0,0,0,0,0,0,0,0,0,0,0,0,0,0,0,0,0,0,0,0
l6,2=29,77,81,37,62,65,0,52,36,43,64,24,39,40,0,32,0,0,0,0,0,0,0,0,0,0,0,0,0,0,0,0,0,0,0,0,0,0,0,0
l7,2=0,59,76,47,46,56,55,0,56,72,68,29,0,46,0,47,36,0,0,0,0,0,0,0,0,0,0,0,0,0,0,0,0,0,0,0,0,0,0,0
l8,2=0,41,0,10,40,39,40,63,0,78,55,40,0,58,0,63,41,45,0,0,0,48,32,8,46,48,0,0,0,0,0,0,0,0,0,0,0,0,38,0
l9,2=29,47,69,3,46,38,40,65,60,0,67,36,44,58,1,44,28,36,0,0,17,1,0,0,0,0,0,0,0,0,0,0,0,0,0,0,0,0,0,0
l10,2=0,63,64,51,40,54,68,80,54,76,0,34,0,50,0,40,0,15,0,0,0,0,0,35,0,0,0,0,0,0,0,0,0,0,0,0,0,0,0,0
l11,2=0,0,0,0,0,0,16,19,35,31,30,0,76,65,63,87,39,84,0,3,34,43,18,29,32,0,0,0,0,0,0,0,0,0,0,33,34,0,32,34
l12,2=0,0,0,0,0,0,22,0,0,20,0,68,0,52,73,83,60,89,0,0,0,49,0,68,82,73,0,0,0,0,0,0,0,0,0,0,0,0,39,0
l13,2=0,0,0,0,0,0,8,38,55,58,39,67,48,0,43,57,43,45,0,0,42,45,22,37,48,39,0,0,0,0,0,0,0,0,0,0,0,0,43,0
l14,2=0,0,0,0,0,0,0,0,0,5,0,50,81,46,0,51,56,54,0,0,45,0,0,70,60,62,0,0,0,0,0,0,0,47,0,0,0,0,42,0
l15,2=0,0,0,0,0,0,18,43,52,34,26,79,75,53,43,0,23,65,0,4,46,0,0,0,69,0,0,0,0,0,0,0,0,0,0,0,24,0,41,0
l16,2=0,0,0,0,0,0,0,0,30,6,0,40,53,50,47,17,0,69,0,46,54,58,46,26,50,53,0,0,0,0,0,0,0,25,0,42,42,39,47,42
l17,2=0,0,0,0,0,0,0,0,36,8,1,74,82,55,49,79,72,0,0,0,44,49,0,41,65,0,0,0,0,0,0,0,0,41,0,0,38,0,43,0
l18,2=0,0,0,0,0,0,0,0,0,0,0,0,0,0,0,0,0,0,0,37,56,61,47,0,0,0,0,0,0,0,0,0,0,0,0,0,0,0,0,0
l19,2=0,0,0,0,0,0,0,0,0,0,0,0,0,1,0,0,50,0,25,0,61,61,62,0,0,0,28,0,0,33,0,28,0,0,0,0,43,0,56,58
l20,2=0,0,0,0,0,0,0,0,0,3,0,23,0,41,31,42,59,35,37,65,0,70,56,0,0,0,0,0,0,0,0,1,0,0,26,60,50,56,62,62
l21,2=0,0,0,0,0,0,0,0,32,2,0,40,41,42,0,0,61,43,36,56,70,0,60,0,0,0,0,0,0,0,0,0,0,40,0,55,42,58,62,56
l22,2=0,0,0,0,0,0,0,0,25,0,0,25,26,34,0,0,59,1,37,70,67,75,0,0,0,0,0,0,0,33,0,0,0,0,0,57,49,58,39,62
l23,2=0,0,0,0,0,0,0,0,2,0,11,8,69,50,64,0,27,50,0,0,0,0,0,0,77,67,0,0,0,0,0,0,0,0,42,0,0,0,0,0
l24,2=0,0,0,0,0,0,0,0,38,0,0,32,76,56,59,74,58,68,0,0,0,0,0,77,0,73,0,0,0,0,0,0,24,48,28,0,26,0,16,0
l25,2=0,0,0,0,0,0,0,0,42,0,0,0,69,48,59,0,50,9,0,0,0,0,0,62,73,0,35,0,0,0,0,47,53,65,57,0,0,0,0,0
l26,2=0,0,0,0,0,0,0,0,0,0,0,0,0,0,0,0,0,0,0,48,0,0,0,0,0,40,0,1,83,80,80,67,66,62,59,0,0,0,0,0
l27,2=0,0,0,0,0,0,0,0,0,0,0,0,0,0,0,0,0,0,0,0,0,0,0,0,0,0,14,0,80,82,92,55,69,60,63,0,0,0,0,0
l28,2=0,0,0,0,0,0,0,0,0,0,0,0,0,0,0,0,0,0,0,36,6,0,0,0,0,0,83,80,0,89,88,67,57,72,62,0,0,0,0,0
l29,2=0,0,0,0,0,0,0,0,0,0,0,0,0,0,0,0,0,0,0,48,0,0,33,0,0,0,67,78,85,0,80,49,61,0,5,0,0,0,0,0
l30,2=0,0,0,0,0,0,0,0,0,0,0,0,0,0,0,0,0,0,0,0,0,0,0,0,0,0,61,88,77,78,0,36,60,60,39,0,0,0,0,0
l31,2=0,0,0,0,0,0,0,0,0,0,0,0,0,0,0,0,0,0,0,46,31,0,0,8,0,54,65,47,70,68,47,0,76,70,73,0,0,0,0,0
l32,2=0,0,0,0,0,0,0,0,0,0,0,0,0,0,0,0,0,0,0,0,0,0,0,0,26,59,56,39,50,63,61,72,0,73,94,0,0,0,0,0
l33,2=0,0,0,0,0,0,0,0,0,0,0,0,0,0,39,0,30,40,0,0,0,49,0,20,59,63,52,33,65,0,57,62,72,0,74,0,0,0,0,0
l34,2=0,0,0,0,0,0,0,0,0,0,0,0,0,0,0,0,11,0,0,0,40,0,2,49,46,58,48,32,55,41,49,74,82,78,0,0,0,0,0,0
l35,2=0,0,0,0,0,0,0,0,0,0,0,0,0,0,0,0,46,0,0,0,52,54,43,0,0,0,0,0,0,0,0,0,0,0,0,0,53,66,64,57
l36,2=0,0,0,0,0,0,0,0,0,0,0,34,0,2,0,12,52,41,0,47,61,47,49,0,34,0,0,0,0,0,0,0,0,0,0,65,0,66,64,46
l37,2=0,0,0,0,0,0,0,0,0,0,0,0,0,0,0,0,33,0,0,2,45,59,42,0,0,0,0,0,0,0,0,0,0,0,0,65,53,0,62,64
l38,2=0,0,0,0,0,0,0,0,18,0,0,2,31,43,30,32,52,32,0,54,65,60,25,0,0,0,0,0,0,0,0,0,0,0,0,66,52,63,0,62
l39,2=0,0,0,0,0,0,0,0,0,0,0,0,0,0,0,0,52,0,0,58,56,61,47,0,0,0,0,0,0,0,0,0,0,0,0,58,40,60,56,0

l0,3=0,84,68,78,83,83,0,42,24,81,0,0,0,0,0,0,0,0,0,0,0,0,0,0,0,0,0,0,0,0,0,0,0,0,0,0,0,0,0,0
l1,3=87,0,72,78,83,91,90,81,65,78,35,0,0,0,0,0,0,0,0,0,0,0,0,0,0,0,0,0,0,0,0,0,0,0,0,0,0,0,0,0
l2,3=86,84,0,75,84,92,94,86,76,81,89,0,0,81,0,0,0,0,0,0,0,0,0,0,0,0,0,0,0,0,0,0,0,0,0,0,0,0,0,0
l3,3=86,83,68,0,81,83,85,0,69,17,76,0,0,0,0,0,0,0,0,0,0,0,0,0,0,0,0,0,0,0,0,0,0,0,0,0,0,0,0,0
l4,3=86,86,75,47,0,85,56,0,28,65,0,0,0,0,0,0,0,0,0,0,0,0,0,0,0,0,0,0,0,0,0,0,0,0,0,0,0,0,0,0
l5,3=86,89,79,78,84,0,89,85,78,79,88,53,0,81,0,0,0,0,0,0,0,0,0,0,0,0,0,0,0,0,0,0,0,0,0,0,0,0,0,0
l6,3=0,88,78,70,78,87,0,86,83,82,93,77,68,63,0,66,70,0,0,0,0,0,0,0,0,0,0,0,0,0,0,0,0,0,0,0,0,0,0,0
l7,3=73,78,72,0,0,85,88,0,86,86,95,0,0,81,0,77,66,0,0,0,0,0,0,0,0,0,0,0,0,0,0,0,0,0,0,0,0,0,0,0
l8,3=0,30,27,33,34,33,50,86,0,86,88,61,22,88,0,82,48,34,0,0,0,37,22,9,40,9,0,0,0,0,0,0,0,0,0,0,0,0,16,0
l9,3=31,40,31,16,48,33,63,81,89,0,95,37,27,88,37,33,0,1,0,0,26,4,0,0,0,0,0,0,0,0,0,0,0,0,0,0,0,0,0,0
l10,3=0,27,67,34,0,77,90,92,86,91,0,37,25,88,33,20,0,0,0,0,0,0,0,20,8,0,0,0,0,0,0,0,0,0,0,0,0,0,20,0
l11,3=0,0,0,0,0,25,57,0,78,29,32,0,91,88,92,92,14,89,0,0,39,39,24,37,77,7,0,0,0,0,0,0,0,0,0,21,52,27,87,0
l12,3=0,0,0,0,0,0,42,0,23,16,1,95,0,47,97,90,45,99,0,0,0,32,0,84,95,80,0,0,0,0,0,0,0,11,0,33,0,0,35,0
l13,3=0,0,26,0,0,26,26,29,91,89,40,92,40,0,9,76,42,35,0,0,29,30,22,26,29,29,0,0,0,0,0,0,0,0,0,0,23,0,31,0
l14,3=0,0,0,0,0,0,0,0,0,26,26,95,97,31,0,23,49,26,0,0,20,0,0,93,91,40,0,0,0,0,0,0,0,31,15,0,0,0,37,0
l15,3=0,0,0,0,0,0,42,38,79,60,16,96,92,87,44,0,73,78,0,0,39,0,0,31,86,0,0,0,0,0,0,0,0,0,0,0,0,0,37,30
l16,3=0,0,0,0,0,0,42,25,32,0,0,0,39,39,87,32,0,86,31,21,74,77,46,29,39,27,0,0,0,0,0,0,0,32,0,0,47,33,39,40
l17,3=0,0,0,0,0,0,0,0,70,0,0,93,97,81,35,79,88,0,0,2,5,40,25,45,78,0,0,0,0,0,0,0,0,14,0,0,77,0,42,31
l18,3=0,0,0,0,0,0,0,0,0,0,0,0,0,0,0,0,53,0,0,69,56,2,60,0,0,0,0,0,0,0,0,0,0,0,0,0,0,0,0,0
l19,3=0,0,0,0,0,0,0,0,0,0,0,0,0,15,0,0,38,0,56,0,83,86,95,0,0,0,23,0,0,58,0,13,0,0,0,63,84,44,84,0
l20,3=0,0,0,0,0,0,0,0,0,38,0,63,0,78,9,65,81,4,50,88,0,88,89,0,38,0,0,0,0,0,0,0,0,0,0,84,88,90,91,85
l21,3=0,0,0,0,0,0,0,0,77,34,0,83,62,76,0,0,82,59,48,89,89,0,90,0,0,0,1,0,0,0,0,0,0,45,0,85,84,90,90,83
l22,3=0,0,0,0,0,0,0,0,56,0,0,67,9,62,0,0,81,36,69,95,93,88,0,0,0,0,0,0,0,59,0,0,0,0,0,90,87,91,77,89
l23,3=0,0,0,0,0,0,0,0,1,0,1,33,88,36,90,25,39,27,0,0,0,0,0,0,92,82,0,0,0,0,0,5,0,0,0,0,0,0,0,0
l24,3=0,0,0,0,0,0,0,0,29,0,0,39,97,38,90,82,41,77,0,0,28,0,0,93,0,83,0,0,0,0,0,0,0,38,0,0,40,0,33,0
l25,3=0,0,0,0,0,0,0,0,20,0,0,7,90,34,77,0,39,0,0,0,0,0,0,88,86,0,8,0,0,0,0,31,37,58,42,0,0,0,0,0
l26,3=0,0,0,0,0,0,0,0,0,0,0,0,0,0,0,0,0,0,0,61,4,0,3,0,0,12,0,71,99,97,91,94,91,68,82,0,0,0,0,0
l27,3=0,0,0,0,0,0,0,0,0,0,0,0,0,0,0,0,0,0,0,0,0,0,0,0,0,0,82,0,99,99,100,91,88,0,0,0,0,0,0,0
l28,3=0,0,0,0,0,0,0,0,0,0,0,0,0,0,0,0,0,0,0,0,0,0,0,0,0,0,91,98,0,99,90,94,88,94,84,0,0,0,0,0
l29,3=0,0,0,0,0,0,0,0,0,0,0,0,0,0,0,0,0,0,0,57,0,0,21,0,0,0,91,98,99,0,86,80,76,32,61,0,0,0,0,0
l30,3=0,0,0,0,0,0,0,0,0,0,0,0,0,0,0,0,0,0,0,0,0,0,0,0,0,0,89,99,93,96,0,78,87,61,0,0,0,0,0,0
l31,3=0,0,0,0,0,0,0,0,0,0,0,0,0,0,0,0,0,0,0,33,0,0,0,22,0,21,89,65,83,66,19,0,96,96,96,0,0,0,0,0
l32,3=0,0,0,0,0,0,0,0,0,0,0,0,3,0,0,0,0,0,0,0,0,0,0,0,0,62,80,79,79,80,73,96,0,95,97,0,0,0,0,0
l33,3=0,0,0,0,0,0,0,0,0,0,0,0,3,0,23,0,24,2,0,0,0,19,0,0,38,81,20,0,38,29,20,91,89,0,91,0,0,0,0,0
l34,3=0,0,0,0,0,0,0,0,0,0,0,0,0,0,27,0,0,0,0,0,7,0,0,7,0,70,76,3,77,75,8,93,96,95,0,0,0,0,0,0
l35,3=0,0,0,0,0,0,0,0,0,0,0,0,26,0,0,0,0,0,0,58,68,65,60,0,0,0,0,0,0,0,0,0,0,0,0,0,87,89,88,86
l36,3=0,0,0,0,0,0,0,0,0,0,0,52,0,29,0,0,52,43,0,71,74,67,57,0,23,0,0,0,0,0,0,0,0,0,0,90,0,89,89,82
l37,3=0,0,0,0,0,0,0,0,0,0,0,10,0,0,0,0,52,0,0,30,72,63,65,0,0,0,0,0,0,0,0,0,0,0,0,90,86,0,87,87
l38,3=0,0,0,0,0,0,0,0,5,0,0,79,49,64,78,54,67,44,0,70,81,71,64,0,31,0,0,0,0,0,0,0,0,0,0,92,90,83,0,89
l39,3=0,0,0,0,0,0,0,0,0,0,0,0,0,0,0,0,65,0,0,0,67,51,70,0,0,0,0,0,0,0,0,0,0,0,0,91,77,89,89,0

l0,4=0,88,70,94,96,90,0,22,72,82,0,0,0,0,0,0,0,0,0,0,0,0,0,0,0,0,0,0,0,0,0,0,0,0,0,0,0,0,0,0
l1,4=95,0,87,93,92,93,93,79,82,86,85,0,0,6,0,0,0,0,0,0,0,0,0,0,0,0,0,0,0,0,0,0,0,0,0,0,0,0,0,0
l2,4=86,78,0,87,92,96,92,89,72,84,86,0,0,81,0,9,0,0,0,0,0,0,0,0,0,0,0,0,0,0,0,0,0,0,0,0,0,0,0,0
l3,4=96,89,91,0,92,93,84,0,72,0,0,0,0,0,0,0,0,0,0,0,0,0,0,0,0,0,0,0,0,0,0,0,0,0,0,0,0,0,0,0
l4,4=95,88,91,93,0,93,92,80,83,82,64,0,0,6,0,0,0,0,0,0,0,0,0,0,0,0,0,0,0,0,0,0,0,0,0,0,0,0,0,0
l5,4=89,84,94,87,85,0,90,89,84,87,85,0,0,71,0,72,0,0,0,0,0,0,0,0,0,0,0,0,0,0,0,0,0,0,0,0,0,0,0,0
l6,4=0,86,91,78,84,89,0,94,74,87,92,75,73,0,0,76,72,0,0,0,0,0,0,0,0,0,0,0,0,0,0,0,0,0,0,0,0,0,0,0
l7,4=46,69,88,0,78,93,92,0,87,94,93,72,0,79,0,83,1,0,0,0,0,0,0,0,0,0,0,0,0,0,0,0,0,0,0,0,0,0,0,0
l8,4=76,65,29,73,73,73,66,81,0,91,75,74,76,85,79,81,73,76,0,0,2,68,66,0,0,0,0,0,0,0,0,0,0,0,0,0,0,0,0,0
l9,4=81,66,75,7,73,78,90,91,89,0,96,74,0,84,0,70,0,76,0,0,72,0,76,0,0,0,0,0,0,0,0,0,0,0,0,0,0,0,1,0
l10,4=0,68,89,1,73,87,92,95,85,94,0,78,77,84,80,79,0,50,0,0,0,0,0,71,0,0,0,0,0,0,0,0,0,0,0,0,0,0,0,0
l11,4=0,0,0,0,0,0,82,76,81,83,78,0,80,78,82,94,75,79,0,0,73,70,77,75,65,61,0,0,0,0,0,0,0,0,0,0,78,50,74,0
l12,4=0,0,0,0,0,0,48,0,79,0,70,81,0,81,93,86,83,92,0,0,44,0,0,85,85,80,0,0,0,0,0,0,69,70,0,53,41,0,74,0
l13,4=0,0,74,0,0,27,0,40,84,84,74,76,80,0,80,83,70,78,0,0,76,68,76,74,0,68,0,0,0,0,0,0,0,0,0,0,8,0,1,0
l14,4=0,0,0,0,0,0,0,0,82,0,73,83,94,78,0,0,81,69,0,0,79,0,42,93,88,76,0,0,0,0,0,1,0,81,78,0,23,0,74,0
l15,4=0,0,0,0,0,62,78,79,82,76,72,90,80,79,0,0,73,76,0,69,77,60,76,73,75,8,0,0,0,0,0,0,0,0,0,0,80,45,73,0
l16,4=0,0,0,0,0,0,77,0,79,0,0,68,86,77,88,82,0,90,68,0,79,73,78,72,67,69,0,0,0,0,0,0,0,0,0,65,72,46,75,73
l17,4=0,0,0,0,0,0,0,0,80,83,13,83,95,80,76,83,90,0,0,81,79,65,0,68,83,23,0,0,0,0,0,0,0,0,0,58,83,0,71,73
l18,4=0,0,0,0,0,0,0,0,0,0,0,0,0,0,0,0,65,0,0,82,0,77,87,0,0,0,0,0,0,0,0,0,0,0,0,0,0,0,0,0
l19,4=0,0,0,0,0,0,0,0,0,0,0,0,0,0,0,41,0,75,72,0,89,87,94,0,0,0,51,0,0,67,0,0,0,0,0,69,86,6,82,82
l20,4=0,0,0,0,0,0,0,0,0,63,0,57,42,71,78,77,62,69,0,90,0,88,94,0,40,0,37,0,12,0,0,0,31,0,0,62,92,70,92,75
l21,4=0,0,0,0,0,0,0,0,77,0,0,61,0,75,0,59,72,59,72,90,87,0,92,0,0,0,0,0,0,0,0,0,0,30,0,71,89,71,87,88
l22,4=0,0,0,0,0,0,0,0,67,85,0,60,0,74,23,79,67,0,75,98,93,88,0,0,0,0,57,0,0,49,0,0,46,43,0,0,88,76,92,79
l23,4=0,0,0,0,0,0,0,0,0,0,3,80,93,83,97,88,76,41,0,0,0,0,0,0,88,91,0,0,0,0,0,0,0,86,82,0,0,0,0,0
l24,4=0,0,0,0,0,0,0,0,0,0,0,69,92,0,97,87,79,87,0,0,76,0,0,95,0,80,0,0,0,0,0,0,0,83,0,0,0,0,0,0
l25,4=0,0,0,0,0,0,0,0,0,0,0,55,95,74,98,16,75,28,0,0,0,0,0,96,89,0,0,0,0,63,0,76,91,94,86,0,0,0,0,0
l26,4=0,0,0,0,0,0,0,0,0,0,0,0,0,0,0,0,0,0,0,73,70,0,80,0,0,0,0,91,100,99,100,99,98,90,98,0,0,0,0,0
l27,4=0,0,0,0,0,0,0,0,0,0,0,0,0,0,0,0,0,0,0,0,0,0,0,0,0,0,100,0,100,99,100,94,91,0,86,0,0,0,0,0
l28,4=0,0,0,0,0,0,0,0,0,0,0,0,0,0,0,0,0,0,0,0,80,0,0,0,0,3,100,100,0,99,98,92,98,98,95,0,0,0,0,0
l29,4=0,0,0,0,0,0,0,0,0,0,0,0,0,0,0,0,0,0,0,89,0,0,79,0,0,81,100,100,100,0,99,89,90,92,90,0,0,0,0,0
l30,4=0,0,0,0,0,0,0,0,0,0,0,0,0,0,0,0,0,0,0,0,0,0,0,0,0,0,100,100,99,99,0,95,93,90,0,0,0,0,0,0
l31,4=0,0,0,0,0,0,0,0,0,0,0,0,0,0,3,0,0,0,0,0,21,0,0,0,0,76,100,93,91,83,89,0,100,100,100,0,0,0,0,0
l32,4=0,0,0,0,0,0,0,0,0,0,0,0,80,0,0,0,0,0,0,0,75,0,62,0,0,94,100,86,99,94,98,100,0,100,100,0,0,0,0,0
l33,4=0,0,0,0,0,0,0,0,0,0,0,0,71,0,81,0,0,0,0,0,0,11,40,83,83,94,86,0,91,80,78,99,100,0,100,0,0,0,0,0
l34,4=0,0,0,0,0,0,0,0,0,0,0,0,0,0,86,0,0,0,0,0,6,0,0,88,50,90,100,83,99,86,16,100,100,100,0,0,0,0,0,0
l35,4=0,0,0,0,0,0,0,0,0,0,0,0,32,0,0,0,44,15,0,68,68,66,0,0,0,0,0,0,0,0,0,0,0,0,0,0,85,83,84,85
l36,4=0,0,0,0,0,0,0,0,0,0,0,46,40,19,0,57,33,72,0,77,78,67,82,0,0,0,0,0,0,0,0,0,0,0,0,71,0,81,83,84
l37,4=0,0,0,0,0,0,0,0,0,0,0,1,0,0,0,10,14,0,0,6,76,67,81,0,0,0,0,0,0,0,0,0,0,0,0,76,93,0,80,81
l38,4=0,0,0,0,0,0,0,0,0,0,0,62,72,0,76,78,63,53,0,75,86,65,83,0,0,0,0,0,0,0,0,0,0,0,0,76,90,69,0,84
l39,4=0,0,0,0,0,0,0,0,0,0,0,0,0,0,0,0,40,57,0,77,79,70,69,0,0,0,0,0,0,0,0,0,0,0,0,70,86,74,85,0

l0,5=0,91,78,75,74,73,67,0,0,82,72,0,0,0,0,0,0,0,0,0,0,0,0,0,0,0,0,0,0,0,0,0,0,0,0,0,0,0,0,0
l1,5=90,0,90,75,94,90,83,66,0,82,76,0,0,1,0,0,0,0,0,0,0,0,0,5,0,0,0,0,0,0,0,0,0,0,0,0,0,0,0,0
l2,5=74,80,0,76,80,84,70,63,1,83,76,0,0,3,0,0,0,0,0,0,0,0,0,0,0,0,0,0,0,0,0,0,0,0,0,0,0,0,0,0
l3,5=77,72,73,0,94,79,67,0,17,76,0,0,0,0,0,0,0,0,0,0,0,0,0,0,0,0,0,0,0,0,0,0,0,0,0,0,0,0,0,0
l4,5=63,91,83,85,0,86,78,67,74,0,70,0,0,47,0,0,0,0,0,0,0,0,0,0,0,0,0,0,0,0,0,0,0,0,0,0,0,0,0,0
l5,5=68,91,88,76,92,0,65,76,70,82,76,43,0,81,0,0,0,0,0,0,0,0,0,0,0,0,0,0,0,0,0,0,0,0,0,0,0,0,0,0
l6,5=43,78,77,69,79,43,0,77,68,83,75,40,0,0,0,0,53,0,0,0,0,0,0,0,0,0,0,0,0,0,0,0,0,0,0,0,0,0,0,0
l7,5=0,25,59,59,72,76,68,0,75,81,83,70,0,25,0,67,0,0,0,0,0,0,0,0,0,0,0,0,0,0,0,0,0,0,0,0,0,0,0,0
l8,5=0,0,0,18,56,18,18,76,0,87,77,72,1,89,21,71,56,71,0,0,22,48,47,14,24,0,0,0,0,0,0,0,0,0,0,0,1,0,0,0
l9,5=42,31,79,69,0,75,68,74,80,0,79,75,0,83,2,70,0,73,0,0,5,0,61,0,24,0,0,0,0,0,0,0,0,0,0,0,0,0,38,0
l10,5=61,68,79,0,71,76,68,77,75,89,0,73,1,76,57,63,0,57,0,0,0,0,0,0,0,0,0,0,0,0,0,0,0,0,0,0,0,0,0,0
l11,5=0,0,0,0,0,16,17,51,81,81,43,0,50,35,30,86,57,81,0,0,33,41,49,17,22,30,0,0,0,0,0,0,0,0,0,0,18,10,51,0
l12,5=0,0,0,0,0,0,0,0,0,0,0,54,0,33,83,71,71,88,0,0,46,0,0,25,48,61,0,0,0,0,0,0,34,16,0,32,15,0,47,0
l13,5=0,0,0,0,30,20,0,0,81,81,38,76,59,0,29,73,56,73,0,45,48,43,56,23,18,40,0,0,0,0,0,0,0,0,0,30,5,0,2,0
l14,5=0,0,0,0,0,0,0,0,46,33,26,51,83,31,0,63,72,69,0,0,54,21,52,48,85,54,0,0,0,0,0,5,0,36,42,0,0,0,48,0
l15,5=0,0,0,0,0,0,0,62,71,67,34,87,58,86,25,0,47,63,0,34,2,40,58,21,31,33,0,0,0,0,0,0,0,0,0,0,16,0,47,39
l16,5=0,0,0,0,0,0,15,0,51,0,0,42,51,23,27,41,0,88,0,0,46,38,48,2,28,30,0,0,0,0,0,0,0,0,17,44,14,8,51,39
l17,5=0,0,0,0,0,0,0,0,65,66,23,52,83,37,30,71,80,0,0,37,62,22,0,0,31,39,0,0,0,0,0,0,0,0,0,16,20,1,0,18
l18,5=0,0,0,0,0,0,0,0,0,0,0,0,0,0,0,0,0,0,0,0,0,61,44,0,0,0,0,0,0,0,0,0,0,0,0,0,0,0,0,0
l19,5=0,0,0,0,0,0,0,0,0,0,0,0,0,14,0,12,0,37,0,0,74,63,81,0,0,0,0,0,17,47,0,0,0,0,0,6,23,0,28,37
l20,5=0,0,0,0,0,0,0,0,12,0,0,0,32,28,29,0,45,52,0,71,0,62,81,0,0,0,0,0,0,0,0,0,23,0,0,49,48,25,73,59
l21,5=0,0,0,0,0,0,0,0,48,0,0,22,12,12,2,27,42,13,49,63,70,0,69,0,15,0,0,0,0,0,0,0,0,0,0,53,27,10,34,64
l22,5=0,0,0,0,0,0,0,0,39,41,0,19,0,19,17,50,50,0,31,76,75,63,0,0,0,0,38,0,0,14,0,0,0,0,0,0,32,12,67,60
l23,5=0,0,0,0,0,0,0,0,66,0,0,60,77,73,80,65,1,0,0,0,0,0,0,0,85,75,0,0,0,0,0,0,0,62,70,0,0,0,0,0
l24,5=0,0,0,0,0,0,0,0,70,64,0,43,82,22,85,72,62,77,0,0,0,38,0,83,0,71,0,0,0,0,0,0,0,40,18,0,10,0,0,0
l25,5=0,0,0,0,0,0,0,0,0,0,0,30,78,25,77,51,58,62,0,0,0,0,0,81,78,0,0,0,0,55,0,0,75,64,58,0,0,0,0,0
l26,5=0,0,0,0,0,0,0,0,0,0,0,0,0,0,0,0,0,0,0,0,18,0,44,0,0,0,0,66,86,93,83,83,78,50,64,0,0,0,0,0
l27,5=0,0,0,0,0,0,0,0,0,0,0,0,0,0,0,0,0,0,0,0,0,0,0,0,0,0,74,0,80,83,91,68,64,0,0,0,0,0,0,0
l28,5=0,0,0,0,0,0,0,0,0,0,0,0,0,0,0,0,0,0,0,49,40,0,0,0,0,0,86,91,0,94,91,67,72,60,61,0,0,0,0,0
l29,5=0,0,0,0,0,0,0,0,0,0,0,0,0,0,0,0,0,0,0,57,0,0,16,0,0,37,86,90,86,0,90,56,65,50,56,0,0,0,0,0
l30,5=0,0,0,0,0,0,0,0,0,0,0,0,0,0,0,0,0,0,0,0,0,0,0,0,0,0,81,91,86,90,0,66,0,57,0,0,0,0,0,0
l31,5=0,0,0,0,0,0,0,0,0,0,0,0,0,0,2,0,0,0,0,0,0,0,0,0,0,0,84,68,65,50,67,0,82,67,75,0,0,0,0,0
l32,5=0,0,0,0,0,0,0,0,0,0,0,0,61,0,0,0,0,0,0,0,51,0,0,7,0,69,76,62,69,79,24,87,0,73,83,0,0,0,0,0
l33,5=0,0,0,0,0,0,0,0,0,0,0,0,37,0,39,0,5,0,0,0,0,0,0,49,41,69,72,0,66,76,72,75,75,0,71,0,0,0,0,0
l34,5=0,0,0,0,0,0,0,0,0,0,0,0,31,0,54,0,33,0,0,0,2,0,0,67,47,61,74,0,65,68,0,84,85,81,0,0,0,0,0,0
l35,5=0,0,0,0,0,0,0,0,0,0,0,0,17,6,0,0,30,12,0,1,34,31,0,0,0,0,0,0,0,0,0,0,0,0,0,0,16,1,26,45
l36,5=0,0,0,0,0,0,0,0,20,0,0,28,22,3,0,28,38,39,0,34,50,44,51,0,9,0,0,0,0,0,0,0,0,0,0,55,0,16,50,66
l37,5=0,0,0,0,0,0,0,0,0,0,0,7,0,0,0,0,6,0,0,0,45,42,46,0,0,0,0,0,0,0,0,0,0,0,0,4,63,0,50,62
l38,5=0,0,0,0,0,0,0,0,0,28,0,34,33,0,20,48,53,0,0,27,59,42,60,0,0,0,0,0,0,0,0,0,0,0,0,57,35,16,0,68
l39,5=0,0,0,0,0,0,0,0,0,0,0,0,0,0,0,0,0,0,0,26,41,54,49,0,0,0,0,0,0,0,0,0,0,0,0,55,32,13,63,0

l0,6=0,84,76,76,78,75,54,8,0,54,53,0,0,0,0,0,0,0,0,0,0,0,0,0,0,0,0,0,0,0,0,0,0,0,0,0,0,0,0,0
l1,6=78,0,76,83,79,77,62,39,0,71,48,0,0,0,0,0,0,0,0,0,0,0,0,43,0,0,0,0,0,0,0,0,0,0,0,0,0,0,0,0
l2,6=64,78,0,64,75,78,58,49,52,75,60,0,0,38,0,0,0,0,0,0,0,0,0,0,0,0,0,0,0,0,0,0,0,0,0,0,0,0,0,0
l3,6=69,76,72,0,79,76,54,0,0,62,0,0,0,0,0,0,0,0,0,0,0,0,0,0,0,0,0,0,0,0,0,0,0,0,0,0,0,0,0,0
l4,6=76,80,79,87,0,80,58,56,57,0,49,0,0,2,0,0,0,0,0,0,0,0,0,34,0,0,0,0,0,0,0,0,0,0,0,0,0,0,0,0
l5,6=73,75,76,77,72,0,45,69,65,74,63,0,0,41,0,0,0,0,0,0,0,0,0,0,0,0,0,0,0,0,0,0,0,0,0,0,0,0,0,0
l6,6=54,70,53,58,49,45,0,71,50,72,61,48,0,14,0,0,47,0,0,0,0,0,6,0,0,0,0,0,0,0,0,0,0,0,0,0,0,0,0,0
l7,6=16,24,38,28,39,71,56,0,64,73,64,43,0,0,0,56,0,0,0,0,0,0,0,0,0,0,0,0,0,0,0,0,0,0,0,0,0,0,0,0
l8,6=0,0,22,0,42,35,33,54,0,74,62,54,38,65,29,53,44,52,0,0,28,31,36,42,38,5,0,0,0,0,0,0,0,0,0,0,0,0,0,0
l9,6=14,48,44,41,0,66,51,63,68,0,71,48,26,59,27,59,29,15,0,0,14,0,22,0,0,0,0,0,0,0,0,0,0,0,0,0,0,0,16,0
l10,6=26,26,43,0,39,48,53,77,67,81,0,50,0,37,0,49,22,0,0,0,0,0,0,0,0,0,0,0,0,0,0,0,0,0,0,0,0,0,0,0
l11,6=0,0,0,0,0,0,21,24,55,44,25,0,40,34,46,75,32,27,0,0,6,0,0,41,50,35,0,0,0,0,0,0,0,0,0,0,35,26,32,0
l12,6=0,0,0,0,0,0,0,0,39,33,0,52,0,38,61,57,44,39,0,0,24,22,0,63,69,65,0,0,0,0,0,0,0,39,34,0,40,0,24,0
l13,6=0,0,0,0,0,12,1,0,70,69,21,35,23,0,32,59,21,29,0,23,25,4,22,35,48,0,0,0,0,0,0,0,0,0,0,37,32,0,14,0
l14,6=0,0,0,0,0,0,0,0,38,33,0,32,62,36,0,48,22,29,0,0,31,0,27,62,57,50,0,0,0,0,0,2,0,44,6,0,7,0,18,0
l15,6=0,0,0,0,0,0,0,28,45,47,23,66,57,47,39,0,30,30,0,0,0,27,28,59,55,7,0,0,0,0,0,0,0,0,0,4,3,0,34,0
l16,6=0,0,0,0,0,0,2,0,35,32,10,33,37,22,28,45,0,34,15,0,30,31,19,38,52,33,0,0,0,0,0,0,0,22,0,51,44,7,35,21
l17,6=0,0,0,0,0,0,0,0,42,31,0,38,45,45,53,57,37,0,0,18,36,0,0,0,59,39,0,0,0,0,0,0,0,29,0,0,45,15,31,0
l18,6=0,0,0,0,0,0,0,0,0,0,0,0,0,0,0,0,35,0,0,38,0,32,0,0,0,0,0,0,0,0,0,0,0,0,0,0,0,0,0,0
l19,6=0,0,0,0,0,0,0,0,0,0,0,0,0,22,0,0,0,3,26,0,65,33,56,0,0,0,37,0,15,21,0,15,0,0,0,0,41,1,27,3
l20,6=0,0,0,0,0,0,0,0,35,0,0,9,20,22,27,0,24,23,0,66,0,50,56,0,0,0,9,0,7,0,0,1,0,0,0,42,45,37,52,43
l21,6=0,0,0,0,0,0,0,0,36,4,0,4,22,20,0,38,23,2,26,44,69,0,54,0,9,0,0,0,0,0,0,0,0,0,0,45,40,35,37,47
l22,6=0,0,0,0,0,0,0,0,35,33,0,0,0,22,24,37,22,0,0,67,70,42,0,0,0,0,37,0,10,0,0,0,0,0,0,46,52,0,46,48
l23,6=0,5,0,0,22,0,0,0,32,0,0,22,51,30,55,52,30,0,0,0,0,0,0,0,66,62,0,0,0,0,0,25,34,38,38,0,0,0,0,0
l24,6=0,0,0,0,0,0,0,0,38,0,0,46,74,43,54,56,47,50,0,0,0,0,0,73,0,48,0,0,0,0,0,0,0,44,34,0,11,0,0,0
l25,6=0,0,0,0,0,0,0,0,13,0,0,16,70,0,58,13,21,19,0,0,0,0,0,70,62,0,0,0,0,0,0,0,37,44,0,0,0,0,0,0
l26,6=0,0,0,0,0,0,0,0,0,0,0,0,0,0,0,0,0,0,0,32,28,0,26,0,0,0,0,57,81,77,56,64,61,34,39,0,0,0,0,0
l27,6=0,0,0,0,0,0,0,0,0,0,0,0,0,0,0,0,0,0,0,0,0,0,0,0,0,0,61,0,76,78,83,54,45,0,0,0,0,0,0,0
l28,6=0,0,0,0,0,0,0,0,0,0,0,0,0,0,0,0,0,0,0,26,34,0,15,0,0,0,67,82,0,84,82,61,52,61,39,0,0,0,0,0
l29,6=0,0,0,0,0,0,0,0,0,0,0,0,0,0,0,0,0,0,0,27,0,0,0,0,0,0,67,79,80,0,41,40,44,43,30,0,0,0,0,0
l30,6=0,0,0,0,0,0,0,0,0,0,0,0,0,0,0,0,0,0,0,0,0,0,0,0,0,0,66,83,76,41,0,48,0,0,30,0,0,0,0,0
l31,6=0,0,0,0,0,0,0,0,0,0,0,0,0,0,0,0,0,0,0,26,16,0,0,39,0,0,63,40,51,40,45,0,77,59,56,0,0,0,0,0
l32,6=0,0,0,0,0,0,0,0,0,0,0,0,0,0,0,0,0,0,0,0,0,0,0,38,0,35,65,39,63,52,0,70,0,75,77,0,0,0,0,0
l33,6=0,0,0,0,0,0,0,0,0,0,0,0,44,0,44,0,32,33,0,0,15,0,0,52,47,47,45,0,46,42,26,60,75,0,66,0,0,0,0,0
l34,6=0,0,0,0,0,0,0,0,0,0,0,0,34,0,24,0,0,0,0,0,0,0,0,55,33,0,50,0,56,37,41,62,86,73,0,0,0,0,0,0
l35,6=0,0,0,0,0,0,0,0,0,0,0,0,0,16,0,0,26,0,0,0,20,34,26,0,0,0,0,0,0,0,0,0,0,0,0,0,50,45,32,44
l36,6=0,0,0,0,0,0,0,0,0,0,0,4,8,18,0,0,26,20,0,15,32,32,43,0,0,0,0,0,0,0,0,0,0,0,0,61,0,55,46,58
l37,6=0,0,0,0,0,0,0,0,0,0,0,12,0,0,0,0,3,0,0,0,28,31,0,0,0,0,0,0,0,0,0,0,0,0,0,62,62,0,30,39
l38,6=0,0,0,0,0,0,0,0,0,8,0,25,14,11,7,42,28,20,0,21,38,37,43,0,0,0,0,0,0,0,0,0,0,0,0,57,61,38,0,58
l39,6=0,0,0,0,0,0,0,0,0,0,0,0,0,0,0,0,21,0,0,0,30,37,40,0,0,0,0,0,0,0,0,0,0,0,0,48,58,37,56,0

l0,7=0,95,93,89,99,94,83,82,53,75,74,0,0,0,0,0,0,0,0,0,0,0,0,0,0,0,0,0,0,0,0,0,0,0,0,0,0,0,0,0
l1,7=93,0,95,90,97,89,80,83,25,60,58,0,0,39,0,0,0,0,0,0,0,0,0,0,0,0,0,0,0,0,0,0,0,0,0,0,0,0,0,0
l2,7=85,92,0,90,95,56,80,32,53,84,65,0,0,0,0,0,0,0,0,0,0,0,0,0,0,0,0,0,0,0,0,0,0,0,0,0,0,0,0,0
l3,7=86,92,92,0,97,89,79,34,0,73,65,0,0,0,0,0,0,0,0,0,0,0,0,0,0,0,0,0,0,0,0,0,0,0,0,0,0,0,0,0
l4,7=93,95,95,95,0,94,83,74,60,0,65,0,0,53,0,0,0,0,0,0,0,0,0,0,0,0,0,0,0,0,0,0,0,0,0,0,0,0,0,0
l5,7=88,92,73,84,95,0,20,89,67,89,74,0,0,42,0,0,0,0,0,0,0,0,0,0,0,0,0,0,0,0,0,0,0,0,0,0,0,0,0,0
l6,7=83,87,88,79,90,10,0,87,0,87,67,16,0,42,0,0,16,0,0,0,0,0,0,0,0,0,0,0,0,0,0,0,0,0,0,0,0,0,0,0
l7,7=49,67,25,30,63,89,80,0,59,89,74,6,8,47,0,56,0,2,0,0,0,0,0,0,0,0,0,0,0,0,0,0,0,0,0,0,0,0,0,0
l8,7=44,19,29,0,37,38,0,34,0,92,74,50,15,71,46,66,22,19,0,0,26,0,12,0,0,0,0,0,0,0,0,0,0,0,0,0,0,0,3,0
l9,7=35,39,45,26,0,56,80,89,83,0,74,34,14,70,28,67,9,9,0,0,27,7,7,12,20,0,0,0,0,0,0,0,0,0,0,0,0,0,42,0
l10,7=55,50,53,34,39,64,69,89,74,92,0,52,0,26,0,60,25,2,0,0,0,0,0,0,0,0,0,0,0,0,0,0,0,0,0,0,0,0,0,0
l11,7=0,0,0,0,0,0,18,4,46,53,40,0,38,33,40,79,23,13,0,0,13,19,8,20,22,21,0,0,0,0,0,0,0,0,0,5,15,0,47,24
l12,7=0,0,0,0,0,0,0,0,31,38,0,43,0,20,64,71,26,20,0,0,24,20,0,34,86,78,0,0,0,0,0,0,0,45,13,0,7,0,30,0
l13,7=0,32,0,0,25,17,22,23,77,76,20,16,13,0,46,63,20,19,0,19,31,0,0,27,27,21,0,0,0,0,0,0,0,0,0,7,14,0,38,0
l14,7=0,0,0,0,0,0,0,0,29,33,0,11,58,24,0,39,32,32,0,0,25,23,7,54,24,54,0,0,0,0,0,0,0,41,0,0,0,0,34,0
l15,7=0,0,0,0,0,0,0,19,41,59,46,80,66,46,42,0,21,16,0,0,27,26,10,29,18,25,0,0,0,0,0,0,0,0,0,0,12,36,48,0
l16,7=0,0,0,0,0,0,6,0,30,32,32,13,20,25,40,38,0,18,18,11,39,23,9,28,22,7,0,0,0,0,0,31,24,20,0,17,21,37,49,1
l17,7=0,0,0,0,0,0,0,0,38,35,5,13,20,32,57,53,22,0,0,0,36,0,2,22,36,0,0,0,0,0,0,0,0,35,0,1,19,0,52,2
l18,7=0,0,0,0,0,0,0,0,0,0,0,0,0,0,0,0,29,0,0,33,42,27,0,0,0,0,0,0,0,0,0,0,0,0,0,0,0,0,0,0
l19,7=0,0,0,0,0,0,0,0,0,0,0,0,2,29,0,0,11,0,30,0,67,41,56,0,0,0,32,0,0,0,0,35,0,0,0,2,10,0,37,0
l20,7=0,0,0,0,0,0,0,0,10,29,0,0,12,17,29,31,28,12,18,66,0,62,61,0,0,0,0,0,0,28,0,0,0,6,0,21,42,40,62,34
l21,7=0,0,0,0,0,0,0,0,10,32,0,7,16,0,30,36,27,4,22,41,71,0,58,0,0,0,0,0,0,0,0,0,0,0,3,29,32,10,55,50
l22,7=0,0,0,0,0,0,0,0,22,34,0,9,0,0,24,36,30,0,0,66,72,61,0,0,0,0,21,0,0,5,0,0,0,0,0,19,59,0,47,50
l23,7=0,0,0,0,0,0,0,0,0,15,0,3,37,20,63,49,31,9,0,0,0,0,0,0,84,83,0,0,0,0,0,0,8,38,49,0,0,0,0,0
l24,7=0,0,0,0,0,0,0,0,1,37,0,11,82,30,48,33,33,54,0,0,0,0,0,83,0,74,0,0,0,0,0,0,0,45,24,0,1,0,0,0
l25,7=0,0,0,0,6,0,0,0,8,21,0,10,74,22,60,38,16,0,0,0,0,0,0,80,66,0,0,0,0,31,0,16,37,46,0,0,0,0,30,0
l26,7=0,0,0,0,0,0,0,0,0,0,0,0,0,0,0,0,0,0,0,27,14,0,19,0,0,0,0,74,79,85,78,70,74,57,57,0,0,0,0,0
l27,7=0,0,0,0,0,0,0,0,0,0,0,0,0,0,0,0,0,0,0,0,0,0,0,0,0,0,69,0,76,86,90,32,61,0,0,0,0,0,0,0
l28,7=0,0,0,0,0,0,0,0,0,0,0,0,0,0,0,0,0,0,0,1,21,0,0,0,0,0,75,89,0,90,90,66,49,61,51,0,0,0,0,0
l29,7=0,0,0,0,0,0,0,0,0,0,0,0,0,0,0,0,0,0,0,0,43,0,1,0,0,31,74,89,79,0,90,60,55,56,22,0,0,0,0,0
l30,7=0,0,0,0,0,0,0,0,0,0,0,0,0,0,0,0,0,0,0,0,0,0,0,0,0,0,65,89,76,86,0,59,49,21,50,0,0,0,0,0
l31,7=0,0,0,0,0,0,0,0,0,0,0,0,0,0,0,0,23,0,0,27,1,0,0,0,0,0,70,9,67,51,53,0,81,78,82,0,0,0,0,0
l32,7=0,0,0,0,0,0,0,0,0,0,0,0,1,0,0,0,14,0,0,0,0,0,0,21,0,49,73,30,51,70,56,74,0,80,88,0,0,0,0,0
l33,7=0,0,0,0,0,0,0,0,0,0,0,0,49,0,46,0,38,45,0,0,30,0,0,45,46,51,57,0,72,53,50,72,76,0,73,0,0,0,0,0
l34,7=0,0,0,0,0,0,0,0,0,0,0,0,37,0,0,0,0,0,0,0,0,1,0,68,40,0,64,8,51,38,53,72,85,74,0,0,0,0,0,0
l35,7=0,0,0,0,0,0,0,0,0,0,0,0,0,0,0,0,21,0,0,0,45,25,8,0,0,0,0,0,0,0,0,0,0,0,0,0,67,63,53,50
l36,7=0,0,0,0,0,0,0,0,0,0,0,3,11,19,0,7,29,13,0,0,46,23,39,0,0,0,0,0,0,0,0,0,0,0,0,61,0,62,58,50
l37,7=0,0,0,0,0,0,0,0,0,0,0,0,0,0,0,22,17,0,0,0,34,0,0,0,0,0,0,0,0,0,0,0,0,0,0,36,44,0,36,41
l38,7=0,0,0,0,0,0,0,0,0,33,0,12,11,23,23,46,31,17,0,33,49,37,25,0,0,1,0,0,0,0,0,0,0,0,0,36,66,47,0,48
l39,7=0,0,0,0,0,0,0,0,0,0,0,0,0,0,0,0,0,0,0,0,35,37,17,0,0,0,0,0,0,0,0,0,0,0,0,38,49,46,44,0

l0,8=0,97,98,91,96,93,95,87,10,84,88,0,0,76,0,0,0,0,0,0,0,0,0,0,0,0,0,0,0,0,0,0,0,0,0,0,0,0,0,0
l1,8=98,0,98,96,96,94,95,93,81,92,0,0,0,64,0,0,0,0,0,0,0,0,0,34,0,0,0,0,0,0,0,0,0,0,0,0,0,0,0,0
l2,8=98,98,0,91,92,94,94,92,0,66,88,0,0,0,0,1,0,0,0,0,0,0,0,0,0,0,0,0,0,0,0,0,0,0,0,0,0,0,0,0
l3,8=91,96,92,0,96,93,95,90,0,70,16,0,0,0,0,0,0,0,0,0,0,0,0,0,18,0,0,0,0,0,0,0,0,0,0,0,0,0,0,0
l4,8=97,97,96,96,0,93,95,91,94,60,84,0,0,86,5,0,0,0,0,0,0,0,0,0,68,0,0,0,0,0,0,0,0,0,0,0,0,0,0,0
l5,8=98,98,98,96,96,0,95,94,94,87,93,71,0,84,0,0,0,0,0,0,0,0,0,0,0,0,0,0,0,0,0,0,0,0,0,0,0,0,0,0
l6,8=92,91,91,84,91,80,0,93,75,93,87,0,0,28,0,12,65,0,0,0,0,0,0,0,0,0,0,0,0,0,0,0,0,0,0,0,0,0,0,0
l7,8=92,92,95,88,87,91,91,0,92,99,99,52,0,91,0,0,0,36,0,0,0,0,0,0,0,0,0,0,0,0,0,0,0,0,0,0,0,0,0,0
l8,8=0,20,0,0,88,87,87,91,0,99,93,93,0,94,78,94,0,50,0,62,26,0,48,0,1,10,0,0,0,0,0,0,0,0,0,0,0,0,0,0
l9,8=56,83,16,76,21,79,91,93,97,0,99,68,37,93,42,94,62,34,0,0,0,47,38,47,61,0,0,0,0,0,0,0,0,0,0,0,0,0,53,0
l10,8=58,0,91,70,77,88,90,93,95,99,0,76,0,82,0,90,0,0,0,0,0,0,0,0,0,0,0,0,0,0,0,0,0,0,0,0,0,0,0,0
l11,8=0,0,0,0,0,31,0,28,87,74,83,0,96,41,90,98,77,52,0,0,21,54,6,52,83,76,0,0,0,0,0,0,0,0,0,8,57,0,54,0
l12,8=0,0,0,0,0,0,0,0,0,11,0,74,0,0,98,99,83,40,0,0,52,11,0,56,99,92,0,0,0,0,0,0,0,33,8,46,50,0,46,0
l13,8=17,0,0,0,53,54,16,91,100,85,82,45,0,0,89,94,62,31,0,0,61,25,0,50,82,68,0,0,0,0,0,0,0,0,0,3,44,0,56,0
l14,8=0,0,0,0,1,0,0,0,62,28,0,55,96,44,0,92,76,57,0,0,58,56,5,70,93,75,0,0,0,0,0,0,0,0,0,0,47,0,0,0
l15,8=0,0,0,0,0,0,0,0,87,75,86,100,58,52,91,0,76,52,0,0,67,79,35,53,77,60,0,0,0,0,0,0,0,0,0,0,52,0,63,0
l16,8=0,0,0,0,0,0,42,0,0,21,0,69,58,30,85,72,0,40,0,27,76,66,47,41,86,43,0,0,0,0,0,20,6,21,23,59,59,47,39,60
l17,8=0,0,0,0,0,0,0,24,47,25,0,71,57,29,96,98,82,0,0,0,65,25,13,12,85,0,0,0,0,0,0,0,0,35,0,48,49,0,57,49
l18,8=0,0,0,0,0,0,0,0,0,0,0,0,0,0,0,0,1,0,0,9,67,81,0,0,0,0,0,0,0,0,0,0,0,0,0,0,0,0,0,0
l19,8=0,0,0,0,0,0,0,0,39,0,0,0,0,2,0,0,53,0,0,0,77,75,92,0,0,0,0,0,0,0,0,27,0,0,0,57,40,0,49,0
l20,8=0,0,0,0,0,0,0,0,0,0,0,38,27,16,57,56,75,30,31,93,0,93,95,0,11,0,0,0,8,0,0,0,0,0,0,56,71,58,65,60
l21,8=0,0,0,0,0,0,0,0,2,33,0,33,22,1,60,57,59,20,24,61,81,0,94,0,0,0,0,0,0,0,0,17,0,0,0,66,57,51,62,70
l22,8=0,0,0,0,0,0,0,0,47,42,0,28,0,0,49,56,81,9,0,83,82,89,0,0,0,0,0,0,0,41,0,1,13,0,0,68,68,0,58,78
l23,8=0,0,0,0,0,0,0,0,0,50,0,58,93,49,92,86,73,30,0,0,0,0,0,0,98,92,0,0,0,0,0,0,63,67,79,0,0,0,0,0
l24,8=0,0,0,32,42,0,0,0,0,55,0,59,96,49,95,83,88,40,0,0,12,0,0,95,0,90,0,0,0,0,0,9,0,56,59,0,19,0,0,0
l25,8=0,0,0,2,0,0,0,0,12,0,0,57,96,47,81,78,62,0,0,0,0,0,0,95,95,0,0,0,0,54,0,4,60,75,75,0,0,0,14,0
l26,8=0,0,0,0,0,0,0,0,0,0,0,0,0,0,0,0,0,0,0,0,0,0,0,0,0,0,0,89,95,95,90,91,85,77,74,0,0,0,0,0
l27,8=0,0,0,0,0,0,0,0,0,0,0,0,0,0,0,0,0,0,0,0,0,0,0,0,0,0,85,0,95,95,93,0,69,0,72,0,0,0,0,0
l28,8=0,0,0,0,0,0,0,0,0,0,0,0,0,0,0,0,0,0,0,0,56,0,45,0,0,0,92,92,0,95,93,91,63,76,64,0,0,0,0,0
l29,8=0,0,0,0,0,0,0,0,0,0,0,0,0,0,0,0,0,0,0,0,3,0,68,0,0,68,91,92,95,0,93,91,63,69,67,0,0,0,0,0
l30,8=0,0,0,0,0,0,0,0,0,0,0,0,0,0,0,0,0,0,0,0,0,0,0,0,0,0,85,92,95,95,0,79,74,69,0,0,0,0,0,0
l31,8=0,0,0,0,0,0,0,0,0,0,0,0,0,0,0,0,75,0,0,62,0,1,3,0,46,1,90,0,85,90,80,0,83,87,83,0,0,0,0,0
l32,8=0,0,0,0,0,0,0,0,0,0,0,0,0,0,0,0,6,0,0,0,0,0,38,79,0,79,93,78,75,83,82,93,0,90,89,0,0,0,0,0
l33,8=0,0,0,0,0,0,0,0,0,0,0,0,74,0,0,0,59,66,0,0,32,0,0,79,79,80,83,0,80,84,81,92,85,0,81,0,0,0,0,0
l34,8=0,0,0,0,0,0,0,0,0,0,0,0,67,0,0,0,74,0,0,0,47,0,0,79,80,79,80,76,79,83,0,92,88,82,0,0,0,0,0,0
l35,8=0,0,0,0,0,0,0,0,0,0,0,2,21,0,0,0,39,0,0,34,38,42,40,0,0,0,0,0,0,0,0,0,0,0,0,0,68,61,49,64
l36,8=0,0,0,0,0,0,0,0,0,0,0,27,22,20,43,42,46,13,0,30,48,34,42,0,7,0,0,0,0,0,0,0,0,0,0,75,0,54,56,66
l37,8=0,0,0,0,0,0,0,0,0,0,0,0,0,0,0,0,42,0,0,0,55,39,0,0,0,0,0,0,0,0,0,0,0,0,0,71,59,0,47,55
l38,8=0,0,0,0,0,0,0,0,0,22,0,32,25,33,0,58,49,19,0,37,61,61,45,0,0,0,0,0,0,0,0,0,0,0,0,72,72,51,0,61
l39,8=0,0,0,0,0,0,0,0,0,0,0,0,0,0,0,0,48,0,0,0,52,74,45,0,0,0,0,0,0,0,0,0,0,0,0,75,68,56,53,0

l0,9=0,99,97,95,95,100,96,94,89,96,97,0,0,0,0,0,0,0,0,0,0,0,0,0,0,0,0,0,0,0,0,0,0,0,0,0,0,0,0,0
l1,9=99,0,99,97,98,100,94,97,91,89,99,0,0,3,0,0,0,0,0,0,0,0,0,16,0,0,0,0,0,0,0,0,0,0,0,0,0,0,0,0
l2,9=99,99,0,99,98,100,100,98,22,89,99,0,86,0,0,6,0,0,0,0,0,0,0,0,0,0,0,0,0,0,0,0,0,0,0,0,0,0,0,0
l3,9=95,95,93,0,99,95,95,94,0,0,0,0,0,0,0,0,0,0,0,0,0,0,0,0,0,0,0,0,0,0,0,0,0,0,0,0,0,0,0,0
l4,9=97,99,98,100,0,98,97,90,92,84,98,0,0,2,60,0,0,0,0,0,0,0,0,0,41,0,0,0,0,0,0,0,0,0,0,0,0,0,0,0
l5,9=99,99,99,99,98,0,100,2,98,96,100,0,0,62,0,0,0,0,0,0,0,0,0,0,0,0,0,0,0,0,0,0,0,0,0,0,0,0,0,0
l6,9=99,79,99,96,80,56,0,100,86,97,100,0,0,85,0,0,25,0,0,0,0,0,0,0,0,0,0,0,0,0,0,0,0,0,0,0,0,0,0,0
l7,9=89,99,99,95,54,5,100,0,99,98,100,80,77,100,1,11,0,0,0,0,0,0,0,0,0,0,0,0,0,0,0,0,0,0,0,0,0,0,0,0
l8,9=87,86,0,26,58,36,78,98,0,100,96,94,0,99,7,51,50,54,0,73,0,0,33,0,0,0,0,0,0,0,0,0,0,0,0,0,0,0,0,0
l9,9=95,88,76,0,33,53,99,100,99,0,100,95,30,100,59,54,61,0,0,0,0,0,21,33,46,0,0,0,0,0,0,0,0,0,0,0,0,0,0,0
l10,9=92,94,83,0,97,99,100,100,95,100,0,1,53,98,0,95,47,48,0,0,1,0,0,31,0,0,0,0,0,0,0,0,0,0,0,0,0,0,0,0
l11,9=0,0,0,0,0,0,0,63,95,93,21,0,98,99,61,96,58,63,0,0,80,71,4,41,58,78,0,0,0,0,0,0,0,0,0,5,46,1,49,0
l12,9=0,0,0,0,0,0,0,0,0,12,0,97,0,99,67,55,61,99,0,0,16,54,20,63,58,99,0,0,0,0,0,0,0,0,0,0,47,0,58,0
l13,9=0,0,0,0,0,9,74,97,98,99,91,94,94,0,50,69,58,5,0,58,72,69,0,39,58,64,0,0,0,0,0,0,0,0,0,0,47,0,53,0
l14,9=0,0,0,0,30,0,0,0,0,96,0,97,100,84,0,55,58,64,0,0,94,67,4,100,100,92,0,0,0,0,0,0,0,32,4,0,28,0,0,0
l15,9=0,0,0,0,0,0,0,0,80,94,96,98,98,99,61,0,59,64,0,0,77,66,28,30,58,0,0,0,0,0,0,0,0,0,0,0,47,0,57,0
l16,9=0,0,0,0,0,0,4,0,46,86,71,88,92,95,58,52,0,57,41,73,93,87,35,39,58,73,0,0,0,0,0,74,0,23,46,0,53,45,58,68
l17,9=0,0,0,0,0,0,0,0,87,0,83,95,97,36,61,55,59,0,0,77,78,76,35,0,48,0,0,0,0,0,0,0,0,34,0,0,26,0,54,67
l18,9=0,0,0,0,0,0,0,0,0,1,0,0,0,0,0,0,61,0,0,0,84,90,50,0,0,0,0,0,0,0,0,0,0,0,0,0,5,0,0,0
l19,9=0,0,0,0,0,0,0,0,69,0,0,0,0,70,0,0,82,77,0,0,94,89,93,0,0,0,80,0,0,0,0,0,0,0,0,80,57,65,27,71
l20,9=0,0,0,0,0,0,0,0,0,0,0,52,27,53,51,29,78,24,39,96,0,98,96,0,0,0,75,0,0,0,0,0,0,0,40,79,89,67,94,85
l21,9=0,0,0,0,0,0,0,0,0,0,0,66,66,79,48,44,56,43,49,79,98,0,92,0,0,0,0,0,0,0,0,0,0,0,0,53,53,46,56,67
l22,9=0,0,0,0,0,0,0,0,77,61,0,7,65,0,17,40,58,77,32,95,99,90,0,0,0,0,24,0,18,35,0,77,0,0,0,85,87,47,91,33
l23,9=0,0,0,0,0,0,0,0,0,87,18,95,100,96,100,53,65,0,0,0,0,0,0,0,100,100,0,0,0,0,0,0,64,38,51,0,0,0,0,0
l24,9=0,0,0,0,8,0,0,0,0,91,0,97,100,99,95,55,90,51,0,0,0,0,0,100,0,98,0,0,0,0,0,0,0,37,47,0,54,0,0,0
l25,9=0,0,0,14,0,0,0,0,0,0,0,92,100,81,61,0,58,0,0,0,0,0,0,100,100,0,10,0,0,27,0,0,58,98,47,0,0,0,46,0
l26,9=0,0,0,0,0,0,0,0,0,0,0,0,0,0,0,0,0,0,0,88,83,0,53,0,0,1,0,88,98,99,97,98,99,87,90,0,0,0,0,0
l27,9=0,0,0,0,0,0,0,0,0,0,0,0,0,0,0,0,0,0,0,0,0,0,0,0,0,0,97,0,98,99,100,98,92,0,0,0,0,0,0,0
l28,9=0,0,0,0,0,0,0,0,0,0,0,0,0,0,0,0,0,0,0,0,76,0,85,0,0,0,98,100,0,98,100,91,0,88,0,0,0,0,0,0
l29,9=0,0,0,0,0,0,0,0,0,0,0,0,0,0,0,0,0,0,0,0,0,0,85,0,0,8,98,100,98,0,100,97,81,86,90,0,0,0,0,0
l30,9=0,0,0,0,0,0,0,0,0,0,0,0,0,0,0,0,0,0,0,0,0,0,0,0,0,0,98,100,98,99,0,98,87,78,87,0,0,0,0,0
l31,9=0,0,0,0,0,0,0,0,0,0,0,0,0,0,0,0,52,0,0,0,15,0,52,0,0,0,97,62,96,99,98,0,99,99,100,0,0,0,0,0
l32,9=0,0,0,0,0,0,0,0,0,0,0,0,13,0,0,0,0,0,0,0,0,0,0,60,0,85,98,40,0,45,98,100,0,100,100,0,0,0,0,0
l33,9=0,0,0,0,0,0,0,0,0,0,0,0,0,0,91,0,63,94,0,0,0,0,0,99,99,99,95,0,98,95,85,100,100,0,100,0,0,0,0,0
l34,9=0,0,0,0,0,0,0,0,0,0,0,0,88,0,46,0,64,0,0,0,93,0,0,92,58,91,96,0,0,73,94,100,100,99,0,0,0,0,0,0
l35,9=0,0,0,0,0,0,0,0,0,0,0,0,0,0,0,0,0,0,0,54,58,59,49,0,0,0,0,0,0,0,0,0,0,0,0,0,87,64,80,63
l36,9=0,0,0,0,0,0,0,0,0,0,0,27,51,47,15,25,37,0,0,14,81,51,30,0,30,0,0,0,0,0,0,0,0,0,0,87,0,52,51,62
l37,9=0,0,0,0,0,0,0,0,0,0,0,0,0,0,0,0,43,0,0,52,69,53,29,0,0,0,0,0,0,0,0,0,0,0,0,69,82,0,51,61
l38,9=0,0,0,0,0,0,0,0,0,0,0,28,61,64,0,37,50,27,0,30,91,73,35,0,0,11,0,0,0,0,0,0,0,0,0,53,56,47,0,67
l39,9=0,0,0,0,0,0,0,0,0,0,0,0,0,0,0,0,50,45,0,56,74,63,28,0,0,0,0,0,0,0,0,0,0,0,0,84,84,60,54,0

l0,10=0,92,87,85,88,87,86,61,69,85,75,0,0,0,0,0,0,0,0,0,0,0,0,0,0,0,0,0,0,0,0,0,0,0,0,0,0,0,0,0
l1,10=89,0,83,70,85,91,79,76,37,43,44,9,0,0,0,0,0,0,0,0,0,0,0,0,0,0,0,0,0,0,0,0,0,0,0,0,0,0,0,0
l2,10=86,86,0,80,85,86,85,86,0,78,57,0,49,0,0,0,0,0,0,0,0,0,0,0,0,0,0,0,0,0,0,0,0,0,0,0,0,0,0,0
l3,10=90,79,83,0,93,64,81,48,0,51,0,0,0,0,0,0,0,0,0,0,0,0,0,0,0,1,0,0,0,0,0,0,0,0,0,0,0,0,0,0
l4,10=86,85,81,87,0,86,51,64,45,63,82,0,0,19,50,0,0,0,0,0,0,0,0,0,0,0,0,0,0,0,0,0,0,0,0,0,0,0,0,0
l5,10=86,87,84,80,85,0,85,86,56,86,81,0,0,78,0,0,0,0,0,0,0,0,0,0,0,0,0,0,0,0,0,0,0,0,0,0,0,0,0,0
l6,10=85,81,78,77,58,84,0,86,77,84,78,0,0,54,0,0,29,1,0,0,0,0,0,0,0,0,0,0,0,0,0,0,0,0,0,0,0,0,0,0
l7,10=71,83,77,72,77,86,85,0,84,87,83,65,49,86,54,2,0,0,0,0,0,0,0,0,0,0,0,0,0,0,0,0,0,0,0,0,0,0,0,0
l8,10=68,3,0,19,53,43,75,84,0,90,38,77,71,87,0,73,11,58,0,24,1,0,56,61,31,0,0,0,0,0,0,0,0,0,0,0,0,0,0,0
l9,10=81,1,35,61,60,71,82,86,84,0,83,77,74,86,62,66,0,0,0,0,0,15,16,44,29,0,0,0,0,0,0,0,0,0,0,0,0,0,0,0
l10,10=74,54,46,0,80,63,77,86,61,87,0,62,0,77,0,69,0,49,0,0,0,0,0,0,0,0,0,0,0,0,0,0,0,0,0,0,0,0,0,0
l11,10=0,2,0,0,0,0,0,60,74,76,32,0,81,82,80,82,1,80,0,0,38,41,0,78,77,75,0,0,0,0,0,0,0,0,0,8,53,0,35,0
l12,10=0,0,0,0,0,0,0,0,52,61,0,87,0,83,92,83,93,94,0,0,43,39,0,89,97,99,0,0,0,0,0,0,0,0,0,0,0,0,44,0
l13,10=0,0,0,0,14,58,52,76,84,87,43,84,80,0,68,78,75,0,0,0,34,26,0,69,48,0,0,0,0,0,0,0,0,0,0,0,0,0,24,0
l14,10=0,0,0,0,55,0,0,6,0,56,0,83,95,77,0,74,83,86,0,0,36,0,7,85,93,84,0,0,0,0,0,0,0,36,0,0,60,0,3,0
l15,10=0,0,0,0,0,0,0,0,71,58,40,92,88,85,75,0,77,81,0,0,22,21,42,36,45,63,0,0,0,0,0,0,0,0,0,0,43,4,14,0
l16,10=0,0,0,0,0,0,14,0,5,0,0,0,90,60,76,68,0,84,0,39,45,39,40,60,57,40,0,0,0,0,0,0,2,5,11,35,55,47,48,33
l17,10=0,0,0,0,0,0,7,0,35,0,4,54,95,5,79,80,87,0,0,30,28,41,52,27,40,48,0,0,0,0,0,0,0,5,0,0,56,0,37,21
l18,10=0,0,0,0,0,0,0,0,0,0,0,0,0,0,0,0,0,0,0,83,73,81,0,0,0,0,0,0,0,0,0,0,0,0,0,0,0,0,0,0
l19,10=0,0,0,0,0,0,0,0,5,0,0,0,0,0,0,0,56,46,57,0,82,79,77,0,0,0,56,0,9,3,0,0,0,0,0,60,0,44,27,27
l20,10=0,0,0,0,0,0,0,0,0,0,0,29,53,45,42,45,75,45,50,86,0,90,88,0,0,0,6,0,0,0,0,0,45,0,0,49,77,44,48,49
l21,10=0,0,0,0,0,0,0,0,0,38,0,33,56,46,0,45,74,56,58,76,88,0,84,0,0,0,0,0,0,0,0,0,0,10,0,50,57,57,48,40
l22,10=0,0,0,0,0,0,0,0,39,31,0,0,0,0,13,48,52,49,0,73,88,85,0,0,0,0,46,0,0,28,0,49,0,0,0,76,68,47,69,54
l23,10=0,0,0,0,0,0,0,0,63,45,0,53,94,82,86,51,86,8,0,0,0,0,0,0,95,100,0,0,0,0,0,61,81,54,0,0,0,0,0,0
l24,10=0,0,0,0,0,0,0,0,36,50,0,80,95,83,90,74,93,80,0,0,0,0,0,95,0,94,0,0,0,0,0,0,0,36,21,0,0,0,32,0
l25,10=0,0,0,44,0,0,0,0,0,0,0,53,96,0,86,60,41,20,0,0,0,0,0,95,94,0,30,0,0,0,0,60,63,93,55,0,0,0,34,0
l26,10=0,0,0,0,0,0,0,0,0,0,0,0,0,0,0,0,0,0,0,71,44,0,58,0,0,28,0,82,97,95,98,100,95,61,78,0,0,0,0,0
l27,10=0,0,0,0,0,0,0,0,0,0,0,0,0,0,0,0,0,0,0,0,0,0,0,0,0,0,85,0,95,95,99,85,0,0,76,0,0,0,0,0
l28,10=0,0,0,0,0,0,0,0,0,0,0,0,0,0,0,0,0,0,0,53,19,0,0,0,0,0,92,95,0,95,99,91,65,68,59,0,0,0,0,0
l29,10=0,0,0,0,0,0,0,0,0,0,0,0,0,0,0,0,0,0,0,6,0,0,59,0,0,0,92,95,97,0,99,92,69,7,61,0,0,0,0,0
l30,10=0,0,0,0,0,0,0,0,0,0,0,0,0,0,0,0,0,0,0,0,0,0,0,0,0,0,92,95,97,95,0,90,77,60,72,0,0,0,0,0
l31,10=0,0,0,0,0,0,0,0,0,0,0,0,0,0,0,0,0,0,0,0,0,0,67,60,0,59,92,83,95,94,98,0,99,100,100,0,0,0,0,0
l32,10=0,0,0,0,0,0,0,0,0,0,0,0,0,0,0,0,6,0,0,0,63,0,10,82,2,64,92,0,57,81,85,100,0,100,100,0,0,0,0,0
l33,10=0,0,0,0,0,0,0,0,0,0,0,0,55,0,80,0,43,24,0,0,0,8,0,93,62,99,87,0,95,16,77,100,100,0,100,0,0,0,0,0
l34,10=0,0,0,0,0,0,0,0,0,0,0,0,1,0,0,0,79,0,0,0,33,0,0,1,41,90,92,70,44,54,76,100,100,99,0,0,0,0,0,0
l35,10=0,0,0,0,0,0,0,0,0,0,0,0,0,0,0,0,33,0,0,51,41,38,56,0,0,0,0,0,0,0,0,0,0,0,0,0,81,61,40,12
l36,10=0,0,0,0,0,0,0,0,0,0,0,1,21,0,37,2,54,49,0,0,43,22,58,0,0,0,0,0,0,0,0,0,0,0,0,71,0,63,44,45
l37,10=0,0,0,0,0,0,0,0,0,0,0,0,0,0,0,0,51,0,0,28,35,26,41,0,0,0,0,0,0,0,0,0,0,0,0,60,74,0,28,35
l38,10=0,0,0,0,0,0,0,0,0,0,0,4,67,23,0,35,70,57,0,17,44,43,57,0,7,17,0,0,0,0,0,0,0,0,0,63,75,49,0,35
l39,10=0,0,0,0,0,0,0,0,0,0,0,0,0,0,0,0,58,46,0,29,40,38,53,0,0,0,0,0,0,0,0,0,0,0,0,32,75,55,45,0

l0,11=0,89,87,89,88,85,73,61,44,60,44,0,0,1,0,0,0,0,0,0,0,0,0,3,0,0,0,0,0,0,0,0,0,0,0,0,0,0,0,0
l1,11=86,0,73,86,89,85,77,78,44,49,0,30,0,28,0,0,0,0,0,0,0,0,0,0,0,0,0,0,0,0,0,0,0,0,0,0,0,0,0,0
l2,11=86,84,0,86,87,85,79,62,0,0,76,0,0,0,0,0,0,0,0,0,0,0,0,0,0,0,0,0,0,0,0,0,0,0,0,0,0,0,0,0
l3,11=87,85,86,0,91,86,0,39,0,31,44,0,0,0,0,0,0,0,0,0,0,0,0,0,0,0,0,0,0,0,0,0,0,0,0,0,0,0,0,0
l4,11=83,81,80,88,0,81,59,62,0,54,57,0,21,0,38,0,0,0,0,0,0,0,0,32,0,0,0,0,0,0,0,0,0,0,0,0,0,0,0,0
l5,11=85,84,85,86,88,0,80,87,69,84,66,0,0,45,0,0,0,0,0,0,0,0,0,0,0,0,0,0,0,0,0,0,0,0,0,0,0,0,0,0
l6,11=78,78,56,1,74,78,0,84,42,79,70,35,0,40,0,33,8,0,0,0,0,0,0,0,0,0,0,0,0,0,0,0,0,0,0,0,0,0,0,0
l7,11=71,84,69,72,86,85,83,0,81,84,82,49,49,74,0,22,0,0,0,0,0,0,0,0,0,0,0,0,0,0,0,0,0,0,0,0,0,0,0,0
l8,11=60,43,0,0,0,66,67,64,0,86,73,60,57,82,0,76,0,35,0,15,0,0,1,58,55,0,0,0,0,0,0,0,0,0,0,0,0,0,0,0
l9,11=69,49,0,20,40,77,75,87,82,0,81,64,55,80,0,43,0,9,0,0,0,58,0,22,52,0,0,0,0,0,0,0,0,0,0,0,0,0,0,0
l10,11=50,0,70,48,74,56,69,87,74,85,0,52,0,70,0,62,0,3,0,0,0,0,0,0,0,0,0,0,0,0,0,0,0,0,0,0,0,0,0,0
l11,11=0,45,0,0,0,0,48,22,43,48,64,0,70,54,64,86,22,54,0,0,26,49,50,79,76,45,0,0,0,0,0,0,0,0,0,20,0,0,43,0
l12,11=0,0,0,0,1,0,0,2,37,41,0,76,0,48,88,55,46,58,0,0,55,53,19,80,94,91,0,0,0,0,0,0,0,0,0,0,0,0,56,0
l13,11=0,7,0,0,0,43,66,39,84,82,71,71,67,0,53,82,20,29,0,13,50,54,15,73,71,49,0,0,0,0,0,0,0,0,0,0,0,0,34,0
l14,11=0,0,0,0,22,0,0,0,0,0,0,71,88,32,0,0,50,48,0,0,38,8,3,81,2,67,0,0,0,0,0,0,0,45,16,22,54,0,40,0
l15,11=0,0,0,0,0,0,58,8,45,41,62,79,76,84,0,0,43,55,0,23,54,52,53,59,0,47,0,0,0,0,0,0,0,0,0,9,59,0,52,0
l16,11=0,0,0,0,0,0,9,0,0,12,0,58,70,39,66,29,0,38,21,0,61,68,57,62,84,5,0,0,0,0,0,0,35,0,22,0,65,56,59,21
l17,11=0,0,0,0,0,0,0,0,32,26,21,76,75,42,60,33,26,0,0,0,51,58,57,64,64,0,0,0,0,0,0,0,0,0,0,0,63,0,49,0
l18,11=0,0,0,0,0,0,0,0,0,0,0,0,0,0,0,0,37,0,0,76,51,72,45,0,0,0,0,0,0,0,0,0,0,0,0,0,0,0,0,0
l19,11=0,0,0,0,0,0,0,0,2,6,0,0,0,3,0,7,0,0,49,0,71,77,69,0,0,0,30,0,36,25,0,0,0,0,0,24,0,0,32,35
l20,11=0,0,0,0,0,0,0,0,0,0,0,0,44,30,18,20,50,19,42,79,0,88,80,0,0,0,0,0,0,0,0,3,34,3,0,23,61,47,49,18
l21,11=0,0,0,0,0,0,0,0,0,31,0,40,42,32,21,20,61,22,49,73,77,0,80,0,0,0,0,0,0,0,0,0,0,0,0,19,55,47,75,15
l22,11=0,0,0,0,0,0,0,0,0,0,0,23,29,1,0,18,22,22,1,64,76,87,0,0,0,0,0,0,0,21,0,37,0,0,0,70,67,47,76,63
l23,11=0,0,0,0,3,0,0,0,23,19,0,71,81,43,71,14,23,26,0,0,0,0,0,0,92,93,0,0,0,0,0,41,59,50,1,0,0,0,0,0
l24,11=0,0,0,0,0,0,0,0,15,31,0,66,91,46,17,0,81,26,0,0,0,0,0,93,0,86,0,0,0,0,0,0,0,0,0,0,0,0,0,0
l25,11=0,0,0,0,0,0,0,0,0,0,0,52,91,28,82,33,10,0,0,0,0,0,0,97,93,0,0,0,0,0,0,47,46,86,0,0,0,0,0,0
l26,11=0,0,0,0,0,0,0,0,0,0,0,0,0,0,0,0,0,0,0,54,0,0,3,0,0,0,0,72,94,87,94,90,83,29,56,0,0,0,0,0
l27,11=0,0,0,0,0,0,0,0,0,0,0,0,0,0,0,0,0,0,0,0,0,0,0,0,0,0,82,0,89,91,96,69,0,0,28,0,0,0,0,0
l28,11=0,0,0,0,0,0,0,0,0,0,0,0,0,0,0,0,0,0,0,44,22,0,0,0,0,0,87,95,0,93,96,82,69,0,47,0,0,0,0,0
l29,11=0,0,0,0,0,0,0,0,0,0,0,0,0,0,0,0,0,0,0,28,0,0,23,0,0,0,87,95,94,0,96,80,37,29,31,0,0,0,0,0
l30,11=0,0,0,0,0,0,0,0,0,0,0,0,0,0,0,0,0,0,0,0,0,0,0,0,0,0,86,95,94,93,0,85,54,69,57,0,0,0,0,0
l31,11=0,0,0,0,0,0,0,0,0,0,0,0,0,0,0,0,0,0,0,0,24,0,57,61,0,59,87,75,86,86,90,0,93,100,100,0,0,0,0,0
l32,11=0,0,0,0,0,0,0,0,0,0,0,0,0,0,0,0,8,0,0,0,23,0,1,31,0,17,87,0,43,40,59,94,0,100,100,0,0,0,0,0
l33,11=0,0,0,0,0,0,0,0,0,0,0,0,0,0,77,0,0,0,0,0,30,0,0,78,0,90,75,0,0,70,90,100,98,0,100,0,0,0,0,0
l34,11=0,0,0,0,0,0,0,0,0,0,0,0,0,0,26,0,13,0,0,0,0,0,0,30,0,2,80,53,32,75,82,100,98,100,0,0,0,0,0,0
l35,11=0,0,0,0,0,0,0,0,0,0,0,20,0,0,23,6,0,0,0,36,44,42,63,0,0,0,0,0,0,0,0,0,0,0,0,0,85,67,57,14
l36,11=0,0,0,0,0,0,0,0,0,0,0,0,0,0,34,11,18,24,0,0,59,56,63,0,0,0,0,0,0,0,0,0,0,0,0,51,0,70,62,25
l37,11=0,0,0,0,0,0,0,0,0,0,0,0,0,0,0,0,18,0,0,0,48,55,55,0,0,0,0,0,0,0,0,0,0,0,0,28,74,0,44,20
l38,11=0,0,0,0,0,0,0,0,0,0,0,48,53,20,32,22,21,20,0,22,58,72,67,0,0,0,0,0,0,0,0,0,0,0,0,28,81,50,0,25
l39,11=0,0,0,0,0,0,0,0,0,0,0,0,0,0,0,0,18,0,0,57,50,52,64,0,0,0,0,0,0,0,0,0,0,0,0,25,81,60,72,0

l0,12=0,92,86,88,87,87,59,3,0,64,32,0,0,0,0,0,0,0,0,0,0,0,0,0,0,0,0,0,0,0,0,0,0,0,0,0,0,0,0,0
l1,12=88,0,78,86,85,87,88,88,9,1,66,53,0,0,3,0,0,0,0,0,0,0,0,0,0,0,0,0,0,0,0,0,0,0,0,0,0,0,0,0
l2,12=87,75,0,85,85,87,88,44,13,38,73,0,0,0,0,0,0,0,0,0,0,0,0,0,0,0,0,0,0,0,0,0,0,0,0,0,0,0,0,0
l3,12=89,87,85,0,90,87,58,25,0,51,61,0,0,0,0,0,0,0,0,0,0,0,0,0,0,0,0,0,0,0,0,0,0,0,0,0,0,0,0,0
l4,12=87,83,75,91,0,78,73,68,44,59,57,0,0,0,28,0,0,0,0,0,0,0,0,42,0,0,0,0,0,0,0,0,0,0,0,0,0,0,0,0
l5,12=85,83,85,85,85,0,77,82,69,86,72,0,0,48,0,0,0,0,0,0,0,0,0,0,0,0,0,0,0,0,0,0,0,0,0,0,0,0,0,0
l6,12=54,81,85,71,78,75,0,83,64,39,82,74,0,59,3,66,0,0,0,0,0,0,0,0,0,0,0,0,0,0,0,0,0,0,0,0,0,0,0,0
l7,12=9,84,21,47,84,87,87,0,78,86,86,43,25,80,0,8,0,0,0,0,0,0,0,0,0,0,0,0,0,0,0,0,0,0,0,0,0,0,0,0
l8,12=0,4,0,23,41,72,75,82,0,87,86,80,70,82,20,70,42,33,0,20,0,21,0,1,43,0,0,0,0,0,0,0,0,0,0,0,0,0,0,0
l9,12=63,0,0,31,42,87,51,88,78,0,86,71,59,81,0,61,41,38,0,0,45,33,0,0,33,0,0,0,0,0,0,0,0,0,0,0,0,0,0,0
l10,12=29,56,59,70,71,62,82,89,78,88,0,70,0,79,0,62,0,0,0,0,0,0,0,5,0,0,0,0,0,0,0,0,0,0,0,0,0,0,0,0
l11,12=0,26,0,0,0,0,78,49,39,47,59,0,75,60,44,82,76,84,0,0,0,7,21,61,0,46,0,0,0,0,0,0,0,0,0,29,46,0,60,0
l12,12=0,0,0,0,0,0,0,0,37,42,0,85,0,44,92,82,82,87,0,0,60,38,26,58,91,93,0,0,0,0,0,0,0,13,0,0,0,0,66,0
l13,12=0,0,0,0,0,53,75,82,78,86,64,87,71,0,47,81,76,73,0,0,49,28,0,63,73,5,0,0,0,0,0,0,0,0,0,0,0,0,40,0
l14,12=0,0,0,0,36,0,0,0,7,1,0,68,84,38,0,63,84,77,0,0,52,35,0,70,91,42,0,0,0,0,0,0,0,37,56,42,53,0,43,0
l15,12=0,0,0,0,0,0,67,0,38,40,50,90,77,86,44,0,76,77,0,21,55,35,0,50,72,55,0,0,0,0,0,0,0,0,0,0,0,0,59,0
l16,12=0,0,0,0,0,0,0,0,2,6,0,64,77,36,52,63,0,81,29,26,67,38,0,29,87,49,0,0,0,0,0,0,0,0,0,30,52,58,69,53
l17,12=0,0,0,0,0,0,0,0,4,10,0,91,85,44,44,67,88,0,0,29,64,39,33,40,58,0,0,0,0,0,0,0,0,2,0,2,62,0,60,0
l18,12=0,0,0,0,0,0,0,0,0,0,0,0,0,0,0,0,65,0,0,62,59,50,0,0,0,0,0,0,0,0,0,0,0,0,0,0,0,0,0,0
l19,12=0,0,0,0,0,0,0,0,10,0,0,0,0,0,0,29,60,40,42,0,80,78,76,0,0,0,49,0,0,46,0,0,0,0,0,48,46,46,51,56
l20,12=0,0,0,0,0,0,0,0,0,21,0,0,43,27,26,42,69,43,34,78,0,85,85,0,0,0,0,0,0,0,0,35,0,0,0,45,75,53,69,42
l21,12=0,0,0,0,0,0,0,0,19,27,0,8,46,27,30,41,73,46,33,84,86,0,86,0,46,0,0,0,0,0,0,0,0,0,0,9,47,0,78,0
l22,12=0,0,0,0,0,0,0,0,0,0,0,50,42,0,0,0,0,40,0,75,86,84,0,0,6,0,0,0,0,0,0,37,0,0,0,68,71,0,79,67
l23,12=0,0,0,0,38,0,0,0,0,0,0,83,68,45,54,61,67,67,0,0,0,0,0,0,94,96,0,0,0,0,0,3,0,20,0,0,0,0,0,0
l24,12=0,0,0,0,0,0,0,0,31,35,0,0,87,66,94,78,84,56,0,0,0,37,9,90,0,91,0,0,0,0,0,19,47,1,0,0,14,0,50,0
l25,12=0,0,0,0,0,0,0,0,0,0,0,56,87,11,37,74,68,0,0,0,0,0,0,96,94,0,0,0,0,7,0,73,61,63,86,0,0,0,0,0
l26,12=0,0,0,0,0,0,0,0,0,0,0,0,0,0,0,0,0,0,0,34,0,0,0,0,0,0,0,73,96,80,93,90,79,38,70,0,0,0,0,0
l27,12=0,0,0,0,0,0,0,0,0,0,0,0,0,0,0,0,0,0,0,0,0,0,0,0,0,0,71,0,87,92,98,77,0,11,9,0,0,0,0,0
l28,12=0,0,0,0,0,0,0,0,0,0,0,0,0,0,0,0,0,0,0,0,0,0,0,0,0,0,84,96,0,92,98,79,74,54,66,0,0,0,0,0
l29,12=0,0,0,0,0,0,0,0,0,0,0,0,0,0,0,0,0,0,0,33,0,0,0,0,0,0,70,96,96,0,98,78,76,53,67,0,0,0,0,0
l30,12=0,0,0,0,0,0,0,0,0,0,0,0,0,0,0,0,0,0,0,0,0,0,0,0,0,0,82,96,96,92,0,80,77,40,33,0,0,0,0,0
l31,12=0,0,0,0,0,0,0,0,0,0,0,0,2,0,0,0,0,0,0,0,63,0,62,14,23,73,84,85,94,89,96,0,97,100,100,0,0,0,0,0
l32,12=0,0,0,0,0,0,0,0,0,0,0,0,0,0,0,0,0,0,0,0,0,0,0,13,53,59,81,0,87,87,92,96,0,100,100,0,0,0,0,0
l33,12=0,0,0,0,0,0,0,0,0,0,0,0,48,0,64,0,0,2,0,0,0,0,0,46,12,64,75,37,51,66,72,99,97,0,100,0,0,0,0,0
l34,12=0,0,0,0,0,0,0,0,0,0,0,0,0,0,44,0,0,0,0,0,0,0,0,1,0,95,84,46,95,92,81,99,97,100,0,0,0,0,0,0
l35,12=0,0,0,0,0,0,0,0,0,0,0,20,0,0,11,0,54,0,0,3,29,1,33,0,0,0,0,0,0,0,0,0,0,0,0,0,89,68,71,54
l36,12=0,0,0,0,0,0,0,0,0,0,0,27,0,0,14,0,67,45,0,23,71,25,39,0,7,0,0,0,0,0,0,0,0,0,0,88,0,74,76,65
l37,12=0,0,0,0,0,0,0,0,0,0,0,0,0,0,0,0,67,0,0,30,61,0,0,0,0,0,0,0,0,0,0,0,0,0,0,70,76,0,0,56
l38,12=0,0,0,0,0,0,0,0,0,0,0,52,55,0,5,38,73,39,0,25,68,42,41,0,42,0,0,0,0,0,0,0,0,0,0,77,80,0,0,54
l39,12=0,0,0,0,0,0,0,0,0,0,0,0,0,0,0,0,68,0,0,56,59,0,42,0,0,0,0,0,0,0,0,0,0,0,0,65,74,67,71,0

l0,13=0,95,92,93,90,93,92,86,81,88,63,0,0,0,0,0,0,0,0,0,0,0,0,0,0,0,0,0,0,0,0,0,0,0,0,0,0,0,0,0
l1,13=93,0,91,94,88,87,90,86,0,78,88,0,0,0,0,0,0,0,0,0,0,0,0,1,0,0,0,0,0,0,0,0,0,0,0,0,0,0,0,0
l2,13=93,92,0,90,85,91,91,80,0,53,88,0,0,23,0,0,0,0,0,0,0,0,0,0,0,0,0,0,0,0,0,0,0,0,0,0,0,0,0,0
l3,13=94,95,91,0,95,91,91,46,13,48,88,0,0,0,0,0,0,0,0,0,0,0,0,0,0,0,0,0,0,0,0,0,0,0,0,0,0,0,0,0
l4,13=93,92,88,94,0,91,90,80,47,77,78,0,0,13,0,0,0,0,0,0,0,0,0,3,0,0,0,0,0,0,0,0,0,0,0,0,0,0,0,0
l5,13=93,90,91,88,88,0,90,47,56,88,88,0,0,70,0,0,0,0,0,0,0,0,0,0,0,0,0,0,0,0,0,0,0,0,0,0,0,0,0,0
l6,13=88,89,87,86,84,86,0,0,77,87,45,83,0,70,0,79,0,0,0,0,0,0,0,0,0,0,0,0,0,0,0,0,0,0,0,0,0,0,0,0
l7,13=87,89,84,67,75,51,0,0,87,88,93,36,31,75,0,25,0,0,0,0,0,0,0,0,0,0,0,0,0,0,0,0,0,0,0,0,0,0,0,0
l8,13=77,0,0,57,41,67,51,52,0,93,88,74,71,85,53,25,58,56,0,24,0,52,1,0,45,0,0,0,0,0,0,0,0,0,0,0,0,0,0,0
l9,13=81,66,75,71,72,85,87,84,87,0,93,77,78,85,40,79,68,67,0,0,27,67,0,0,0,0,0,0,0,0,0,0,0,0,0,0,0,0,0,0
l10,13=64,79,79,66,46,84,40,85,87,93,0,77,0,85,0,28,0,0,0,0,0,0,0,0,0,0,0,0,0,0,0,0,0,0,0,0,0,0,0,0
l11,13=0,0,0,0,0,0,48,4,38,27,27,0,91,93,28,86,64,90,0,0,25,58,68,75,0,35,0,0,0,0,0,0,0,0,0,0,0,0,22,0
l12,13=0,0,0,0,0,0,0,0,3,26,0,94,0,64,63,50,79,98,0,0,27,58,69,69,64,64,0,0,0,0,0,0,0,70,0,0,0,0,28,0
l13,13=0,0,1,0,32,47,47,45,61,93,53,96,80,0,31,86,65,83,0,20,27,58,0,73,7,38,0,0,0,0,0,0,0,0,0,0,0,0,27,0
l14,13=0,0,0,0,0,0,0,0,39,26,0,93,97,74,0,29,84,88,0,0,8,53,0,100,96,51,0,0,0,0,0,0,3,69,68,29,0,0,0,0
l15,13=0,0,0,0,0,0,43,10,20,28,26,96,94,86,29,0,76,92,0,7,25,45,0,78,51,39,0,0,0,0,0,0,0,0,0,0,66,0,25,0
l16,13=0,0,0,0,0,0,0,0,13,19,0,64,89,48,36,30,0,93,5,28,18,55,74,47,57,0,0,0,0,0,0,0,0,44,9,61,75,0,30,38
l17,13=0,0,0,0,0,0,0,0,29,23,0,94,96,68,31,31,78,0,0,23,29,68,75,66,54,38,0,0,0,0,0,0,0,66,0,36,74,0,27,0
l18,13=0,0,0,0,0,0,0,0,0,0,0,0,0,0,0,0,52,0,0,94,92,0,24,0,0,0,0,0,0,0,0,0,0,0,0,0,0,0,0,0
l19,13=0,0,0,0,0,0,0,0,20,1,0,0,0,16,0,6,71,44,63,0,93,94,89,0,0,0,66,0,47,36,0,0,0,0,0,0,54,57,64,80
l20,13=0,0,0,0,0,0,0,0,0,9,0,41,77,36,1,24,32,79,50,94,0,97,94,0,0,0,9,0,0,0,0,48,0,0,11,55,90,33,53,42
l21,13=0,0,0,0,0,0,0,0,24,22,0,65,60,45,18,18,58,81,0,94,95,0,95,0,36,0,0,0,0,0,0,0,0,0,0,53,0,0,54,38
l22,13=0,0,0,0,0,0,0,0,0,0,0,50,60,0,0,0,69,66,0,68,95,97,0,0,0,0,32,0,0,0,0,46,0,0,39,79,91,0,45,71
l23,13=0,0,0,31,1,0,0,0,0,0,0,87,86,62,100,42,58,65,0,0,0,0,0,0,57,100,0,0,0,0,0,0,0,71,0,0,0,0,0,0
l24,13=0,0,0,0,0,0,0,0,39,0,0,0,97,0,100,30,81,89,0,0,0,54,0,89,0,60,0,0,0,0,0,0,67,33,0,0,82,0,0,0
l25,13=0,0,0,0,0,0,0,0,0,0,0,85,97,70,60,33,0,76,0,0,0,0,0,100,96,0,0,0,0,8,0,87,87,90,95,0,0,0,0,0
l26,13=0,0,0,0,0,0,0,0,0,0,0,0,0,0,0,0,0,0,0,73,50,0,63,0,0,0,0,81,99,85,100,100,83,78,5,0,0,0,0,0
l27,13=0,0,0,0,0,0,0,0,0,0,0,0,0,0,0,0,0,0,0,0,0,0,0,0,0,0,84,0,99,96,100,85,78,78,7,0,0,0,0,0
l28,13=0,0,0,0,0,0,0,0,0,0,0,0,0,0,0,0,0,0,0,73,15,0,0,0,0,0,93,96,0,96,100,92,76,81,90,0,0,0,0,0
l29,13=0,0,0,0,0,0,0,0,0,0,0,0,0,0,0,0,0,0,0,67,21,0,0,0,0,0,86,96,99,0,100,87,89,74,82,0,0,0,0,0
l30,13=0,0,0,0,0,0,0,0,0,0,0,0,0,0,0,0,0,0,0,0,0,0,0,0,0,0,93,96,99,96,0,93,78,79,0,0,0,0,0,0
l31,13=0,0,0,0,0,0,0,0,0,0,0,0,0,0,7,0,0,0,0,0,76,0,68,0,0,85,93,94,98,94,100,0,100,100,100,0,0,0,0,0
l32,13=0,0,0,0,0,0,0,0,0,0,0,0,0,0,25,0,0,0,0,0,0,0,0,1,53,87,91,73,89,93,88,100,0,100,100,0,0,0,0,0
l33,13=0,0,0,0,0,0,0,0,0,0,0,0,97,0,87,0,81,82,0,0,0,0,0,90,55,100,93,81,99,96,99,100,100,0,100,0,0,0,0,0
l34,13=0,0,0,0,0,0,0,0,0,0,0,0,0,0,50,0,33,0,0,0,33,0,73,0,0,99,2,16,98,92,56,100,100,100,0,0,0,0,0,0
l35,13=0,0,0,0,0,0,0,0,0,0,0,0,0,0,2,0,50,0,0,5,22,4,64,0,0,0,0,0,0,0,0,0,0,0,0,0,95,90,84,45
l36,13=0,0,0,0,0,0,0,0,0,0,0,0,0,0,0,19,61,52,0,17,27,0,77,0,37,0,0,0,0,0,0,0,0,0,0,91,0,29,46,40
l37,13=0,0,0,0,0,0,0,0,0,0,0,0,0,0,0,0,0,0,0,19,25,0,0,0,0,0,0,0,0,0,0,0,0,0,0,85,81,0,20,40
l38,13=0,0,0,0,0,0,0,0,0,0,0,36,64,43,0,18,60,56,0,25,27,60,81,0,1,0,0,0,0,0,0,0,0,0,0,85,89,14,0,41
l39,13=0,0,0,0,0,0,0,0,0,0,0,0,0,0,0,0,50,0,0,29,21,48,82,0,0,0,0,0,0,0,0,0,0,0,0,79,73,24,25,0

l0,14=0,99,100,100,99,100,100,98,97,99,99,0,0,3,0,0,0,0,0,0,0,0,0,0,0,0,0,0,0,0,0,0,0,0,0,0,0,0,0,0
l1,14=99,0,100,100,99,100,100,95,10,59,45,0,0,47,49,0,0,0,0,0,0,0,0,0,4,0,0,0,0,0,0,0,0,0,0,0,0,0,0,0
l2,14=100,100,0,100,99,100,100,99,93,94,96,0,0,1,0,0,0,0,0,0,0,0,0,0,0,0,0,0,0,0,0,0,0,0,0,0,0,0,0,0
l3,14=99,99,100,0,99,100,100,98,0,98,99,0,0,0,0,0,0,0,0,0,0,0,0,0,0,0,0,0,0,0,0,0,0,0,0,0,0,0,0,0
l4,14=99,99,100,100,0,100,85,0,54,54,99,0,0,44,0,0,0,0,0,0,0,0,0,0,0,0,0,0,0,0,0,0,0,0,0,0,0,0,0,0
l5,14=100,100,100,100,99,0,100,93,96,100,100,0,0,82,0,55,0,0,0,0,0,0,0,0,0,0,0,0,0,0,0,0,0,0,0,0,0,0,0,0
l6,14=91,93,100,99,88,100,0,94,90,96,97,99,0,93,0,91,0,0,0,1,0,0,63,0,0,0,0,0,0,0,0,0,0,0,0,0,0,0,0,0
l7,14=98,98,100,97,12,89,99,0,97,100,100,0,0,81,0,14,51,0,0,0,0,0,0,0,0,0,0,0,0,0,0,0,0,0,0,0,0,0,0,0
l8,14=42,0,28,23,53,45,57,47,0,100,100,52,37,43,40,31,0,0,0,1,28,26,22,0,38,0,0,0,0,0,0,0,0,0,0,0,0,0,0,0
l9,14=81,47,0,41,52,100,72,99,98,0,100,99,0,100,30,99,45,42,0,0,48,45,0,46,0,0,0,0,0,0,0,0,0,0,0,0,0,0,0,0
l10,14=89,62,28,99,99,100,99,99,98,100,0,58,38,100,7,33,0,0,0,0,12,3,0,0,0,0,0,0,0,0,0,0,0,0,0,0,0,0,0,0
l11,14=0,0,0,0,0,0,97,0,54,97,42,0,99,99,96,99,97,98,0,0,35,36,57,57,11,54,0,0,0,0,0,0,0,0,0,0,34,0,54,0
l12,14=0,0,0,0,0,0,0,0,91,0,17,96,0,86,98,63,67,99,0,0,62,0,90,99,84,99,0,0,0,0,0,0,0,88,0,0,0,0,0,0
l13,14=9,34,0,0,54,44,75,46,55,100,99,100,68,0,58,99,31,97,0,34,0,27,0,0,64,34,0,0,0,0,0,0,0,0,0,0,0,0,52,0
l14,14=0,2,0,0,0,0,0,0,55,35,0,86,100,44,0,31,67,44,0,0,0,0,0,100,100,26,0,0,0,0,0,0,25,34,0,0,0,0,48,0
l15,14=0,0,0,0,0,37,53,0,55,98,42,100,62,99,40,0,92,98,0,39,30,22,0,69,81,35,0,0,0,0,0,0,0,0,0,0,25,0,53,0
l16,14=0,0,0,0,0,0,0,39,0,41,0,83,36,23,63,63,0,96,47,75,14,6,98,4,84,0,0,0,0,0,0,0,0,22,16,67,92,31,85,70
l17,14=0,0,0,0,0,0,0,0,0,54,0,99,99,86,64,98,74,0,0,39,62,64,98,63,91,51,0,0,0,0,0,0,0,0,0,32,0,0,97,0
l18,14=0,0,0,0,0,0,0,0,0,0,0,0,0,0,0,0,82,0,0,92,89,49,87,0,0,0,0,0,0,0,0,0,0,0,0,0,0,0,0,0
l19,14=0,0,0,0,0,0,0,0,0,0,0,0,4,45,0,53,73,85,81,0,98,93,93,0,0,0,56,0,84,90,0,0,0,0,0,90,91,88,84,80
l20,14=0,0,0,0,0,0,0,0,7,87,0,70,55,0,0,52,56,83,76,98,0,99,98,0,11,0,28,0,0,0,0,0,0,0,53,92,96,90,95,86
l21,14=0,0,0,0,0,0,0,0,80,87,45,71,46,75,35,53,57,85,4,98,98,0,98,0,77,0,0,0,0,0,0,0,0,0,0,90,89,58,86,78
l22,14=0,0,0,0,0,0,66,0,0,0,0,73,53,0,0,0,78,89,74,85,99,99,0,0,7,0,55,0,0,0,0,5,0,25,0,87,94,89,93,87
l23,14=0,0,0,0,0,0,0,0,0,56,0,52,36,0,98,32,0,45,0,0,0,0,0,0,0,100,0,0,0,0,0,0,32,41,27,0,0,0,0,0
l24,14=0,0,0,0,0,0,0,0,55,0,0,0,72,44,98,63,67,100,0,0,18,28,0,0,0,75,0,0,0,0,0,0,0,0,0,0,42,0,0,0
l25,14=0,0,0,0,2,0,0,0,0,0,0,86,100,50,61,58,0,96,0,0,0,0,0,100,100,0,0,0,5,0,0,0,48,94,65,0,0,0,0,0
l26,14=0,0,0,0,0,0,0,0,0,0,0,0,0,0,0,0,0,0,0,93,89,0,92,0,0,0,0,98,100,99,100,100,99,96,99,0,0,0,0,0
l27,14=0,0,0,0,0,0,0,0,0,0,0,0,0,0,0,0,0,0,0,0,0,0,0,0,0,0,91,0,100,99,100,86,85,85,0,0,0,0,0,0
l28,14=0,0,0,0,0,0,0,0,0,0,0,0,0,0,0,0,0,0,0,93,77,0,0,0,0,20,100,99,0,99,100,86,86,88,89,0,0,0,0,0
l29,14=0,0,0,0,0,0,0,0,0,0,0,0,0,0,0,0,0,0,0,88,5,0,0,0,0,0,90,99,100,0,100,87,87,0,89,0,0,0,0,0
l30,14=0,0,0,0,0,0,0,0,0,0,0,0,0,0,0,0,0,0,0,0,0,0,0,0,0,0,100,99,100,99,0,86,86,87,0,0,0,0,0,0
l31,14=0,0,0,0,0,0,0,0,0,0,0,0,0,0,0,0,0,0,0,0,0,0,40,0,0,0,100,88,100,98,98,0,99,100,100,0,0,0,0,0
l32,14=0,0,0,0,0,0,0,0,0,0,0,0,0,0,64,0,0,0,0,0,0,0,0,90,0,78,99,89,96,98,96,100,0,100,100,0,0,0,0,0
l33,14=0,0,0,0,0,0,0,0,0,0,0,0,99,0,91,0,92,0,0,0,0,0,71,93,0,99,100,87,100,0,99,100,99,0,100,0,0,0,0,0
l34,14=0,0,0,0,0,0,0,0,0,0,0,0,27,0,0,0,77,0,0,0,89,0,2,88,0,99,99,0,100,98,0,100,99,100,0,0,0,0,0,0
l35,14=0,0,0,0,0,0,0,0,0,0,0,0,7,0,2,0,56,16,0,61,56,54,69,0,0,0,0,0,0,0,0,0,0,0,0,0,98,95,90,85
l36,14=0,0,0,0,0,0,0,0,0,0,0,8,0,0,0,5,46,0,0,56,58,26,87,0,46,0,0,0,0,0,0,0,0,0,0,97,0,86,96,77
l37,14=0,0,0,0,0,0,0,0,0,0,0,0,0,0,0,0,2,0,0,38,56,0,86,0,0,0,0,0,0,0,0,0,0,0,0,96,88,0,82,79
l38,14=0,0,0,0,0,0,0,0,0,0,0,44,0,38,25,35,31,91,0,54,61,30,93,0,0,0,0,0,0,0,0,0,0,0,0,95,98,88,0,89
l39,14=0,0,0,0,0,0,0,0,0,0,0,0,0,0,0,0,55,0,0,69,56,57,87,0,0,0,0,0,0,0,0,0,0,0,0,92,88,88,83,0

l0,15=0,97,99,100,100,100,96,98,65,99,98,0,0,0,0,0,0,0,0,0,0,0,0,0,0,0,0,0,0,0,0,0,0,0,0,0,0,0,0,0
l1,15=99,0,99,97,98,97,96,86,0,99,98,0,0,98,62,0,0,0,0,0,0,0,0,0,27,0,0,0,0,0,0,0,0,0,0,0,0,0,0,0
l2,15=100,100,0,97,98,100,100,98,0,95,94,26,0,97,0,0,0,0,0,0,0,0,0,0,0,0,0,0,0,0,0,0,0,0,0,0,0,0,0,0
l3,15=100,98,99,0,98,97,1,0,0,0,98,0,0,0,0,0,0,0,0,0,0,0,0,0,0,0,0,0,0,0,0,0,0,0,0,0,0,0,0,0
l4,15=99,100,99,97,0,100,96,95,0,93,98,0,0,94,0,0,0,0,0,0,0,0,0,0,0,0,0,0,0,0,0,0,0,0,0,0,0,0,0,0
l5,15=99,97,99,97,100,0,96,98,97,99,98,0,0,98,0,92,0,0,0,0,0,0,0,0,0,0,0,0,0,0,0,0,0,0,0,0,0,0,0,0
l6,15=99,97,99,73,97,97,0,98,95,98,98,98,94,97,0,98,48,0,0,0,0,0,0,0,0,0,0,0,0,0,0,0,0,0,0,0,0,0,0,0
l7,15=99,95,99,90,97,97,96,0,99,99,100,0,0,97,95,0,89,0,0,0,0,0,0,0,0,0,0,0,0,0,0,0,0,0,0,0,0,0,0,0
l8,15=91,0,0,47,0,87,85,92,0,100,98,98,96,97,97,88,0,0,0,23,31,58,69,35,97,0,0,0,0,0,0,0,0,0,0,0,0,0,0,0
l9,15=99,96,0,0,90,98,95,99,100,0,100,97,0,100,42,98,44,55,0,0,96,68,48,24,0,0,0,0,0,0,0,0,0,0,0,0,0,0,0,0
l10,15=98,96,6,95,98,97,96,100,99,100,0,0,95,98,84,0,2,0,0,0,0,0,0,0,0,0,0,0,0,0,0,0,0,0,0,0,0,0,0,0
l11,15=0,0,0,0,0,0,99,0,58,72,1,0,99,99,92,100,99,78,0,0,56,61,72,96,0,74,0,0,0,0,0,0,0,0,0,0,98,0,73,0
l12,15=0,0,0,0,0,0,89,0,97,0,99,100,0,100,100,100,99,100,0,0,58,0,71,99,100,100,0,0,0,0,0,0,0,78,0,4,97,7,75,0
l13,15=0,96,96,0,97,95,95,55,58,100,99,100,100,0,99,100,60,78,0,91,8,0,41,97,94,73,0,0,0,0,0,0,0,0,0,0,0,0,0,0
l14,15=0,0,0,0,0,0,0,7,58,57,36,98,100,99,0,89,64,78,0,0,0,0,0,99,100,74,0,0,0,0,0,0,0,100,1,0,0,0,2,0
l15,15=0,0,0,0,0,71,95,0,58,72,0,100,99,99,99,0,64,78,0,0,56,61,22,99,99,71,0,0,0,0,0,0,0,0,0,89,0,0,75,0
l16,15=0,0,0,0,0,0,39,57,0,58,13,97,95,97,99,89,0,73,95,96,57,35,74,0,99,32,0,0,0,0,0,27,1,96,0,92,97,93,73,32
l17,15=0,0,0,0,0,0,0,0,0,71,0,99,99,99,99,91,64,0,0,98,57,61,74,99,99,72,0,0,0,0,0,0,0,92,0,0,97,32,75,19
l18,15=0,0,0,0,0,0,0,0,0,0,0,0,0,0,0,0,92,0,0,0,90,3,80,0,0,0,0,0,0,0,0,0,0,0,0,0,0,0,0,0
l19,15=0,0,0,0,0,0,0,0,0,0,0,0,0,77,0,0,63,58,0,0,99,95,98,0,0,0,41,0,65,75,0,0,0,0,0,0,80,0,56,42
l20,15=0,0,0,0,0,0,0,0,0,70,0,92,95,0,0,89,62,72,76,99,0,100,100,0,1,0,0,0,0,0,0,0,0,0,27,95,98,53,75,60
l21,15=0,0,0,0,0,0,0,0,48,65,13,93,0,0,8,85,51,72,0,99,100,0,100,0,87,0,0,0,0,0,0,0,0,27,73,88,95,84,96,57
l22,15=0,0,0,0,0,0,0,0,38,57,0,79,85,5,0,46,97,63,49,88,99,99,0,0,0,0,25,0,0,0,0,47,0,72,0,81,81,73,60,40
l23,15=0,0,0,0,0,0,0,0,0,44,0,97,100,74,100,100,0,80,0,0,0,0,0,0,100,100,0,0,0,0,0,0,60,100,0,0,0,0,0,0
l24,15=0,0,0,0,0,0,0,0,58,0,0,0,100,99,100,100,99,99,0,0,12,56,0,100,0,84,0,0,0,0,0,0,60,1,0,0,93,0,0,0
l25,15=0,0,0,0,0,0,0,0,0,0,0,97,90,98,97,85,47,77,0,0,0,0,0,99,99,0,59,0,44,0,0,44,60,98,99,0,0,0,0,0
l26,15=0,0,0,0,0,0,0,0,0,0,0,0,0,0,0,0,0,0,0,78,1,0,65,0,0,84,0,98,89,96,100,86,96,0,97,0,0,0,0,0
l27,15=0,0,0,0,0,0,0,0,0,0,0,0,0,0,0,0,0,0,0,0,0,0,0,0,0,0,94,0,89,97,100,76,95,88,89,0,0,0,0,0
l28,15=0,0,0,0,0,0,0,0,0,0,0,0,0,0,0,0,0,0,0,83,0,0,0,0,0,68,99,98,0,97,100,81,93,88,89,0,0,0,0,0
l29,15=0,0,0,0,0,0,0,0,0,0,0,0,0,0,0,0,0,0,0,83,0,0,0,0,0,0,94,98,89,0,100,82,94,88,90,0,0,0,0,0
l30,15=0,0,0,0,0,0,0,0,0,0,0,0,0,0,0,0,0,0,0,0,0,0,0,0,0,0,99,98,89,97,0,75,93,88,0,0,0,0,0,0
l31,15=0,0,0,0,0,0,0,0,0,0,0,0,0,0,1,0,34,0,0,0,0,0,95,0,0,84,99,94,83,95,99,0,99,100,99,0,0,0,0,0
l32,15=0,0,0,0,0,0,0,0,0,0,0,0,74,0,0,0,4,0,0,0,0,0,0,95,93,85,97,94,83,96,99,86,0,100,99,0,0,0,0,0
l33,15=0,0,0,0,0,0,0,0,0,0,0,0,93,0,97,0,63,70,0,0,0,13,72,100,70,87,0,59,84,96,96,97,100,0,99,0,0,0,0,0
l34,15=0,0,0,0,0,0,0,0,0,0,0,0,54,0,57,0,0,0,0,0,56,43,0,0,0,90,99,76,84,95,0,86,99,100,0,0,0,0,0,0
l35,15=0,0,0,0,0,0,0,0,0,0,0,0,71,0,0,70,46,0,0,0,53,47,61,0,0,0,0,0,0,0,0,0,0,0,0,0,98,96,96,95
l36,15=0,0,0,0,0,0,0,0,0,0,0,70,77,0,0,0,60,43,0,89,56,59,70,0,67,0,0,0,0,0,0,0,0,0,0,96,0,98,91,57
l37,15=0,0,0,0,0,0,0,0,0,0,0,0,5,0,0,0,50,0,0,0,12,47,69,0,0,0,0,0,0,0,0,0,0,0,0,96,94,0,78,93
l38,15=0,0,0,0,0,0,0,0,0,0,0,48,83,0,1,81,51,69,0,75,56,57,68,0,0,0,0,0,0,0,0,0,0,0,0,96,98,94,0,58
l39,15=0,0,0,0,0,0,0,0,0,0,0,0,0,0,0,0,50,0,0,91,58,56,71,0,0,0,0,0,0,0,0,0,0,0,0,99,96,99,73,0

