t=2016-04-13_17.23.08

n=40

q0=1
q1=1
q2=1
q3=1
q4=1
q5=1
q6=1
q7=1
q8=1
q9=1
q10=1
q11=1
q12=1
q13=1
q14=1
q15=1
q16=1
q17=1
q18=1
q19=1
q20=1
q21=1
q22=1
q23=1
q24=1
q25=1
q26=1
q27=1
q28=1
q29=1
q30=1
q31=1
q32=1
q33=1
q34=1
q35=1
q36=1
q37=1
q38=1
q39=1

a0=0x141592000c576ce6
a1=0x141592000c5aedbc
a2=0x141592000c5750f4
a3=0x141592000c576658
a4=0x141592000c575890
a5=0x141592000c574ffa
a6=0x141592000c5acf11
a7=0x141592000d9df361
a8=0x141592000c576300
a9=0x141592000c5779b6
a10=0x141592000c5762b9
a11=0x141592000c5af078
a12=0x141592000c575517
a13=0x141592000c5752c3
a14=0x141592000c5a4baa
a15=0x141592000c5776e7
a16=0x141592000c58cdeb
a17=0x141592000c5881fc
a18=0x141592000bd81d33
a19=0x141592000bd84d6a
a20=0x141592000c577233
a21=0x141592000c574527
a22=0x141592000c5746a3
a23=0x141592000c574da3
a24=0x141592000c5741c9
a25=0x141592000da244ea
a26=0x141592000c5ae886
a27=0x141592000c57510e
a28=0x141592000c5ab6c8
a29=0x141592000c574d05
a30=0x141592000edae61f
a31=0x141592000c57667e
a32=0x141592000c577f43
a33=0x141592000c576449
a34=0x1415920010f4117a
a35=0x141592000c575966
a36=0x141592000c574d35
a37=0x141592000c576fb1
a38=0x141592000c5aea5d
a39=0x141592000c59f23f

l0,0=0,97,84,96,87,85,81,74,62,82,59,0,0,0,0,0,0,0,0,0,0,0,0,0,0,0,0,0,0,0,0,0,0,0,0,0,0,0,0,0
l1,0=91,0,84,73,91,87,80,82,80,0,89,0,0,0,0,0,0,0,0,0,0,0,0,0,0,0,0,0,0,0,0,0,0,0,0,0,0,0,0,0
l2,0=83,94,0,68,80,83,86,72,3,76,85,0,0,69,0,0,0,0,0,0,0,0,0,0,0,0,0,0,0,0,0,0,0,0,0,0,0,0,0,0
l3,0=96,92,80,0,95,87,81,53,64,0,82,0,0,0,0,0,0,0,0,0,0,0,0,0,0,0,0,0,0,0,0,0,0,0,0,0,0,0,0,0
l4,0=81,93,83,92,0,75,62,0,0,69,61,0,0,37,0,0,0,0,0,0,0,0,0,0,0,0,0,0,0,0,0,0,0,0,0,0,0,0,0,0
l5,0=83,98,72,70,75,0,79,73,77,77,75,5,0,66,0,0,0,0,0,0,0,0,0,0,0,0,0,0,0,0,0,0,0,0,0,0,0,0,0,0
l6,0=78,80,80,66,62,76,0,70,76,68,73,17,0,69,0,34,40,0,0,0,0,0,0,0,0,0,0,0,0,0,0,0,0,0,0,0,0,0,0,0
l7,0=75,83,66,60,33,77,74,0,75,75,79,36,0,0,0,16,0,0,0,0,0,0,0,0,0,0,0,0,0,0,0,0,0,0,0,0,0,0,0,0
l8,0=8,68,0,41,0,67,54,38,0,82,38,54,56,88,43,44,51,9,0,0,0,39,8,8,48,0,0,0,0,0,0,0,0,0,0,0,0,0,22,0
l9,0=81,0,71,0,75,80,59,69,89,0,90,36,47,80,36,33,31,65,0,0,0,0,37,0,0,0,0,0,0,0,0,0,0,0,0,0,0,0,0,0
l10,0=63,86,73,67,59,79,71,78,73,83,0,55,51,84,0,60,2,0,0,0,0,0,0,0,0,0,0,0,0,0,0,0,0,0,0,0,0,0,0,0
l11,0=0,0,0,0,0,2,10,31,52,44,48,0,81,85,56,95,34,91,0,46,0,10,0,0,75,20,0,0,0,0,0,0,0,0,0,0,80,0,24,0
l12,0=0,0,0,0,0,0,0,0,49,38,40,84,0,80,83,95,47,100,0,0,27,25,0,85,92,51,0,0,0,0,0,0,0,58,0,0,0,0,32,0
l13,0=0,0,44,0,0,13,25,0,89,64,85,65,79,0,89,55,0,77,0,38,0,39,43,75,34,20,0,0,0,0,0,0,0,0,0,0,0,0,24,0
l14,0=0,0,0,0,0,0,0,0,50,42,0,45,81,84,0,32,37,87,0,0,27,0,0,85,81,51,0,0,0,0,0,0,0,58,0,0,51,0,23,0
l15,0=0,0,0,0,0,0,30,3,52,41,45,99,92,80,64,0,29,86,0,0,13,0,49,0,83,0,0,0,0,0,0,0,0,0,0,0,52,0,31,0
l16,0=0,0,0,0,0,0,1,0,51,27,0,45,63,0,50,6,0,99,0,53,24,29,73,19,79,0,0,0,0,0,0,0,0,46,0,45,22,0,34,11
l17,0=0,0,0,0,0,0,0,0,25,39,0,55,92,85,56,35,37,0,0,0,28,29,13,0,77,30,0,0,0,0,0,0,0,65,0,0,73,1,21,0
l18,0=0,0,0,0,0,0,0,0,0,0,0,0,0,0,0,0,0,0,0,0,81,0,73,0,0,0,0,0,0,0,0,0,0,0,0,0,0,0,0,0
l19,0=0,0,0,0,0,0,0,0,0,0,0,5,0,3,0,0,26,0,0,0,88,20,93,0,0,0,0,0,13,0,0,9,0,0,0,15,13,0,31,82
l20,0=0,0,0,0,0,0,0,0,0,0,0,0,17,0,10,0,6,0,55,91,0,93,93,0,0,0,0,0,0,0,0,0,0,0,0,6,89,74,96,96
l21,0=0,0,0,0,0,0,0,0,39,0,0,3,19,43,3,0,85,9,24,9,97,0,93,0,2,0,0,0,0,0,0,3,0,0,0,29,10,0,79,16
l22,0=0,0,0,0,0,0,0,0,5,0,0,0,2,6,0,1,43,0,44,91,97,93,0,0,27,0,2,0,0,0,0,0,13,0,0,36,86,14,79,81
l23,0=0,0,0,0,0,0,0,0,33,0,0,0,74,68,84,0,29,0,0,0,0,0,0,0,83,27,0,0,0,0,0,0,11,53,77,0,0,0,0,0
l24,0=0,0,0,0,0,0,0,0,50,0,0,41,89,66,63,52,33,84,0,0,0,0,54,85,0,31,0,0,0,0,0,0,72,58,78,0,0,0,0,0
l25,0=0,0,0,0,0,0,0,0,0,0,0,27,75,65,85,0,0,77,0,0,0,0,0,69,78,0,27,4,0,0,0,41,70,57,78,0,0,0,0,0
l26,0=0,0,0,0,0,0,0,0,0,0,0,0,0,0,0,0,0,0,0,1,0,0,57,0,0,38,0,67,86,85,93,94,79,63,79,0,0,0,0,0
l27,0=0,0,0,0,0,0,0,0,0,0,0,0,0,0,0,0,0,0,0,0,0,0,0,0,0,0,69,0,86,89,100,77,73,65,71,0,0,0,0,0
l28,0=0,0,0,0,0,0,0,0,0,0,0,0,0,0,0,0,0,0,0,34,0,0,0,0,0,0,80,100,0,89,98,87,72,61,65,0,0,0,0,0
l29,0=0,0,0,0,0,0,0,0,0,0,0,0,0,0,0,0,0,0,0,40,0,0,17,0,0,0,74,100,86,0,100,70,71,57,62,0,0,0,0,0
l30,0=0,0,0,0,0,0,0,0,0,0,0,0,0,0,0,0,0,0,0,0,0,0,0,0,0,0,69,100,86,88,0,72,80,70,0,0,0,0,0,0
l31,0=0,0,0,0,0,0,0,0,0,0,0,0,0,0,0,0,0,0,0,63,0,4,0,0,0,30,75,54,81,78,70,0,92,81,93,0,0,0,0,0
l32,0=0,0,0,0,0,0,0,0,0,0,0,0,0,0,0,0,0,0,0,0,0,0,43,26,58,47,70,53,80,61,69,93,0,87,93,0,0,0,0,0
l33,0=0,0,0,0,0,0,0,0,0,0,0,0,68,0,49,0,64,41,0,0,0,0,0,68,63,39,60,35,77,57,78,88,91,0,84,0,0,0,0,0
l34,0=0,0,0,0,0,0,0,0,0,0,0,0,0,0,0,0,0,0,0,0,41,0,54,74,61,59,62,57,72,66,0,93,94,70,0,0,0,0,0,0
l35,0=0,0,0,0,0,0,0,0,0,0,0,0,0,0,0,0,2,0,0,1,0,5,3,0,0,0,0,0,0,0,0,0,0,0,0,0,20,57,55,23
l36,0=0,0,0,0,0,0,0,0,0,0,0,6,6,0,3,1,9,0,0,16,34,4,85,0,0,0,0,0,0,0,0,0,0,0,0,84,0,85,37,33
l37,0=0,0,0,0,0,0,0,0,0,0,0,0,0,0,0,0,0,0,0,0,25,0,9,0,0,0,0,0,0,0,0,0,0,0,0,86,34,0,6,30
l38,0=0,0,0,0,0,0,0,0,6,0,0,4,67,51,0,14,16,0,0,29,29,31,60,0,0,0,0,0,0,0,0,0,0,0,0,86,95,10,0,28
l39,0=0,0,0,0,0,0,0,0,0,0,0,0,0,0,0,0,2,0,0,36,42,9,67,0,0,0,0,0,0,0,0,0,0,0,0,82,80,89,19,0

l0,1=0,87,82,85,73,81,71,61,0,74,54,0,0,0,0,0,0,0,0,0,0,0,0,0,0,0,0,0,0,0,0,0,0,0,0,0,0,0,0,0
l1,1=85,0,84,75,77,86,61,60,65,45,72,0,0,23,0,0,0,0,0,0,0,0,0,0,0,0,0,0,0,0,0,0,0,0,0,0,0,0,0,0
l2,1=80,89,0,70,77,90,85,58,0,72,85,0,0,0,0,0,0,0,0,0,0,0,0,0,0,0,0,0,0,0,0,0,0,0,0,0,0,0,0,0
l3,1=91,72,77,0,85,81,65,13,0,0,71,0,0,0,0,0,0,0,0,0,0,0,0,0,0,0,0,0,0,0,0,0,0,0,0,0,0,0,0,0
l4,1=62,72,77,80,0,74,60,57,50,73,69,0,0,35,0,0,0,0,0,0,0,0,0,0,0,0,0,0,0,0,0,0,0,0,0,0,0,0,0,0
l5,1=73,89,87,73,77,0,80,71,73,72,77,0,0,0,0,0,0,0,0,0,0,0,0,0,0,0,0,0,0,0,0,0,0,0,0,0,0,0,0,0
l6,1=69,45,81,52,62,71,0,71,67,47,71,37,18,41,0,0,25,0,0,0,0,0,0,0,0,0,0,0,0,0,0,0,0,0,0,0,0,0,0,0
l7,1=43,43,46,23,44,72,80,0,72,68,82,32,6,0,0,7,0,0,0,0,0,0,0,0,0,0,0,0,0,0,0,0,0,0,0,0,0,0,0,0
l8,1=0,28,0,0,30,48,59,60,0,82,70,58,18,63,43,61,54,25,0,0,0,40,26,0,0,0,0,0,0,0,0,0,0,0,0,0,0,0,21,0
l9,1=62,36,62,0,62,66,53,66,87,0,86,57,29,71,33,49,33,37,0,0,0,16,24,0,0,0,0,0,0,0,0,0,0,0,0,0,0,0,0,0
l10,1=47,66,78,59,72,73,77,83,73,84,0,56,0,71,0,42,0,0,0,0,0,5,0,0,0,0,0,0,0,0,0,0,0,0,0,0,0,0,0,0
l11,1=0,0,0,0,0,0,42,28,58,53,38,0,51,81,53,74,38,66,0,35,0,0,0,0,54,16,0,0,0,0,0,0,0,0,0,35,52,0,50,0
l12,1=0,0,0,0,0,0,0,0,22,39,0,71,0,44,81,70,60,70,0,0,7,14,28,71,81,36,0,0,0,0,0,0,0,12,0,0,0,0,41,0
l13,1=0,0,0,0,25,0,38,0,74,73,70,80,44,0,50,0,39,56,0,22,22,18,25,51,34,17,0,0,0,0,0,0,0,0,0,0,0,0,37,0
l14,1=0,0,0,0,0,0,0,0,47,41,0,56,86,32,0,40,63,44,0,0,23,21,0,76,61,62,0,0,0,0,0,0,0,11,0,0,0,0,0,0
l15,1=0,0,0,0,0,0,0,0,63,48,37,87,81,0,39,0,31,58,0,0,7,0,16,33,74,0,0,0,0,0,0,0,0,0,0,0,39,0,1,0
l16,1=0,0,0,0,0,0,4,0,48,23,0,44,34,28,41,18,0,40,0,22,24,23,36,21,48,8,0,0,0,0,0,0,1,12,0,42,36,5,26,44
l17,1=0,0,0,0,0,0,0,0,42,41,0,78,89,31,41,54,46,0,0,0,11,2,23,19,49,16,0,0,0,0,0,0,0,34,0,1,39,0,0,0
l18,1=0,0,0,0,0,0,0,0,0,0,0,0,0,0,0,0,0,0,0,13,43,23,41,0,0,0,0,0,0,0,0,0,0,0,0,0,0,0,0,0
l19,1=0,0,0,0,0,0,0,0,0,0,0,23,0,25,0,0,23,0,18,0,52,13,65,0,0,0,0,0,0,0,0,21,0,0,0,0,38,0,46,59
l20,1=0,0,0,0,0,0,0,0,0,0,0,0,3,18,13,2,40,14,31,57,0,57,65,0,0,0,0,0,0,0,0,0,0,0,0,28,70,45,63,58
l21,1=0,0,0,0,0,0,0,0,30,22,2,12,8,21,19,0,60,14,30,20,56,0,62,0,0,0,1,0,0,0,0,17,14,5,0,59,0,27,64,52
l22,1=0,0,0,0,0,0,0,0,22,23,0,0,6,17,0,11,59,14,31,71,59,57,0,0,5,0,8,0,0,7,0,0,5,0,0,28,66,28,55,59
l23,1=0,0,0,0,0,0,0,0,7,0,0,0,38,31,70,32,38,11,0,0,0,0,0,0,73,35,0,0,0,0,0,0,6,20,50,0,0,0,0,0
l24,1=0,0,0,0,0,0,0,0,0,0,0,65,81,24,50,51,40,55,0,0,0,0,5,75,0,39,0,0,0,0,0,0,27,52,36,0,0,0,0,0
l25,1=0,0,0,0,0,0,0,0,0,0,0,44,61,23,70,0,37,41,0,0,0,0,0,61,73,0,17,0,21,3,0,38,0,61,46,0,0,0,0,0
l26,1=0,0,0,0,0,0,0,0,0,0,0,0,0,0,0,0,0,0,0,0,0,0,36,0,0,36,0,60,82,81,72,79,75,65,42,0,0,0,0,0
l27,1=0,0,0,0,0,0,0,0,0,0,0,0,0,0,0,0,0,0,0,0,0,0,0,0,0,0,54,0,80,83,84,62,60,61,53,0,0,0,0,0
l28,1=0,0,0,0,0,0,0,0,0,0,0,0,0,0,0,0,0,0,0,0,1,0,2,0,0,18,70,82,0,87,79,78,47,65,50,0,0,0,0,0
l29,1=0,0,0,0,0,0,0,0,0,0,0,0,0,0,0,0,0,0,0,0,0,0,7,0,0,1,63,81,83,0,79,57,46,46,36,0,0,0,0,0
l30,1=0,0,0,0,0,0,0,0,0,0,0,0,0,0,0,0,0,0,0,0,0,0,0,0,0,0,56,90,83,85,0,53,48,66,0,0,0,0,0,0
l31,1=0,0,0,0,0,0,0,0,0,0,0,0,0,0,0,0,0,0,0,43,0,27,0,0,0,37,62,48,69,57,48,0,77,76,65,0,0,0,0,0
l32,1=0,0,0,0,0,0,0,0,0,0,0,0,0,0,0,0,4,0,0,0,0,20,5,24,46,0,60,53,55,57,48,79,0,80,75,0,0,0,0,0
l33,1=0,0,0,0,0,0,0,0,0,0,0,0,6,0,0,0,50,38,0,0,0,0,0,24,44,54,53,46,63,47,59,75,74,0,55,0,0,0,0,0
l34,1=0,0,0,0,0,0,0,0,0,0,0,0,0,0,1,0,0,0,0,0,20,0,0,52,44,39,48,51,68,49,0,78,87,73,0,0,0,0,0,0
l35,1=0,0,0,0,0,0,0,0,0,0,0,3,0,0,0,0,16,0,1,0,12,12,27,0,0,0,0,0,0,0,0,0,0,0,0,0,68,69,72,30
l36,1=0,0,0,0,0,0,0,0,0,0,0,31,0,0,0,6,19,14,0,22,29,0,43,0,0,0,0,0,0,0,0,0,0,0,0,54,0,53,70,55
l37,1=0,0,0,0,0,0,0,0,0,0,0,0,0,0,0,0,0,0,0,0,23,0,16,0,0,0,0,0,0,0,0,0,0,0,0,60,68,0,50,62
l38,1=0,0,0,0,0,0,0,0,9,0,0,37,13,28,0,0,19,0,0,51,28,31,41,0,0,0,0,0,0,0,0,0,0,0,0,76,76,53,0,58
l39,1=0,0,0,0,0,0,0,0,0,0,0,0,0,0,0,0,15,0,0,42,28,15,40,0,0,0,0,0,0,0,0,0,0,0,0,31,54,51,45,0

l0,2=0,83,76,83,77,69,37,0,0,70,18,0,0,0,0,0,0,0,0,0,0,0,0,0,0,0,0,0,0,0,0,0,0,0,0,0,0,0,0,0
l1,2=88,0,77,84,52,78,65,56,37,77,76,0,0,0,0,0,0,0,0,0,0,0,0,0,0,0,0,0,0,0,0,0,0,0,0,0,0,0,0,0
l2,2=81,77,0,73,83,78,71,70,11,83,81,0,0,0,0,0,0,0,0,0,0,0,0,0,0,0,0,0,0,0,0,0,0,0,0,0,0,0,0,0
l3,2=84,85,79,0,48,74,0,0,18,0,12,0,0,0,0,0,0,0,0,0,0,0,0,0,0,0,0,0,0,0,0,0,0,0,0,0,0,0,0,0
l4,2=80,39,75,52,0,69,55,48,47,80,66,0,0,0,0,0,0,0,0,0,0,0,0,0,0,0,0,0,0,0,0,0,0,0,0,0,0,0,0,0
l5,2=82,83,83,75,77,0,57,65,46,76,71,0,0,8,0,0,0,0,0,0,0,0,0,0,0,0,0,0,0,0,0,0,0,0,0,0,0,0,0,0
l6,2=57,68,82,0,67,64,0,59,28,61,77,13,33,2,0,25,0,0,0,0,0,0,0,0,0,0,0,0,0,0,0,0,0,0,0,0,0,0,0,0
l7,2=0,35,69,36,48,70,55,0,47,78,83,18,0,50,0,36,0,0,0,0,0,0,0,0,0,0,0,0,0,0,0,0,0,0,0,0,0,0,0,0
l8,2=0,10,0,4,55,44,25,61,0,82,64,42,1,65,0,58,39,42,0,0,0,33,41,6,49,20,0,0,0,0,0,0,0,0,0,0,0,0,15,0
l9,2=43,40,74,0,66,34,30,65,72,0,81,20,33,63,0,33,0,31,0,0,0,21,0,0,0,0,0,0,0,0,0,0,0,0,0,0,0,0,0,0
l10,2=1,58,63,14,62,58,62,71,45,83,0,33,0,51,0,36,0,0,0,0,0,0,0,4,0,0,0,0,0,0,0,0,0,0,0,0,0,0,0,0
l11,2=0,0,0,0,0,0,24,20,52,45,35,0,77,74,71,67,43,83,0,33,14,28,40,52,29,33,0,0,0,0,0,0,0,0,0,25,47,0,32,2
l12,2=0,0,0,0,0,0,14,0,2,34,0,68,0,62,74,64,55,84,0,0,0,28,24,81,82,79,0,0,0,0,0,0,0,0,0,0,7,0,31,0
l13,2=0,0,0,0,0,0,0,12,70,76,40,64,52,0,41,57,40,40,0,32,26,29,37,42,36,24,0,0,0,0,0,0,0,0,0,0,0,0,32,0
l14,2=0,0,0,0,0,0,0,0,0,0,0,52,78,51,0,44,54,51,0,0,16,10,0,81,67,67,0,0,0,0,0,0,0,29,0,0,0,0,37,0
l15,2=0,0,0,0,0,0,19,23,68,50,27,81,70,61,43,0,0,66,0,27,34,0,0,12,69,0,0,0,0,0,0,0,0,0,0,0,26,0,25,0
l16,2=0,0,0,0,0,0,0,0,45,0,0,27,59,50,65,0,0,70,0,19,46,38,61,37,48,37,0,0,0,0,0,0,0,4,0,47,55,34,40,35
l17,2=0,0,0,0,0,0,0,0,47,37,0,71,78,52,50,63,66,0,0,0,9,29,18,51,63,37,0,0,0,0,0,0,0,22,0,27,51,0,36,0
l18,2=0,0,0,0,0,0,0,0,0,0,0,0,0,2,0,0,0,0,0,12,15,18,32,0,0,0,0,0,0,0,0,0,0,0,0,0,0,0,0,0
l19,2=0,0,0,0,0,0,0,0,0,0,0,2,0,18,0,2,9,0,10,0,52,14,70,0,0,0,0,0,0,7,0,15,0,0,0,0,41,0,36,41
l20,2=0,0,0,0,0,0,0,0,0,0,0,0,0,17,6,18,54,12,10,57,0,63,68,0,4,0,0,0,0,0,0,0,0,0,1,45,61,23,48,45
l21,2=0,0,0,0,0,0,0,0,46,19,0,4,27,39,10,0,53,24,12,28,60,0,75,0,0,0,0,0,0,0,0,0,0,2,0,14,61,34,49,29
l22,2=0,0,0,0,0,0,0,0,29,0,0,2,21,16,0,0,54,16,11,67,58,65,0,0,0,0,0,0,2,13,0,0,0,0,0,61,60,36,15,44
l23,2=0,0,0,0,0,0,0,0,1,0,0,44,67,51,69,0,42,38,0,0,0,0,0,0,77,70,0,0,0,0,0,0,0,0,33,0,0,0,0,0
l24,2=0,0,0,0,0,0,0,0,48,0,0,22,73,57,69,59,53,60,0,0,21,0,0,87,0,78,0,0,0,0,0,0,30,29,21,0,37,0,0,0
l25,2=0,0,0,0,0,0,0,0,45,0,0,30,67,39,69,0,45,44,0,0,0,0,0,82,74,0,45,0,0,0,0,57,46,51,42,0,0,0,0,0
l26,2=0,0,0,0,0,0,0,0,0,0,0,0,0,0,0,0,0,0,0,0,0,0,0,0,0,28,0,12,81,78,82,78,65,47,65,0,0,0,0,0
l27,2=0,0,0,0,0,0,0,0,0,0,0,0,0,0,0,0,0,0,0,0,0,0,0,0,0,0,64,0,81,84,92,78,66,35,63,0,0,0,0,0
l28,2=0,0,0,0,0,0,0,0,0,0,0,0,0,0,0,0,0,0,0,44,0,0,8,0,0,0,89,83,0,85,87,77,59,47,56,0,0,0,0,0
l29,2=0,0,0,0,0,0,0,0,0,0,0,0,0,0,0,0,0,0,0,37,0,0,50,0,0,0,81,83,83,0,83,74,64,0,12,0,0,0,0,0
l30,2=0,0,0,0,0,0,0,0,0,0,0,0,0,0,0,0,0,0,0,0,0,0,0,0,0,0,87,87,81,80,0,59,64,48,40,0,0,0,0,0
l31,2=0,0,0,0,0,0,0,0,0,0,0,0,0,0,0,0,0,0,0,40,0,0,0,2,0,43,82,69,68,69,52,0,70,47,72,0,0,0,0,0
l32,2=0,0,0,0,0,0,0,0,0,0,0,0,0,0,0,0,0,0,0,0,0,0,0,0,29,42,74,59,45,68,59,79,0,49,84,0,0,0,0,0
l33,2=0,0,0,0,0,0,0,0,0,0,0,0,0,0,49,0,33,31,0,0,0,23,0,0,33,69,67,36,64,0,61,66,62,0,54,0,0,0,0,0
l34,2=0,0,0,0,0,0,0,0,0,0,0,0,0,0,7,0,0,0,0,0,39,0,0,57,45,44,69,56,58,43,50,81,78,55,0,0,0,0,0,0
l35,2=0,0,0,0,0,0,0,0,0,0,0,0,0,0,0,0,50,10,0,0,20,3,64,0,0,0,0,0,0,0,0,0,0,0,0,0,63,61,51,44
l36,2=0,0,0,0,0,0,0,0,0,0,0,10,3,0,0,6,53,50,0,37,52,61,66,0,5,0,0,0,0,0,0,0,0,0,0,70,0,65,52,44
l37,2=0,0,0,0,0,0,0,0,0,0,0,0,0,0,0,0,13,0,0,0,10,25,35,0,0,0,0,0,0,0,0,0,0,0,0,70,66,0,48,44
l38,2=0,0,0,0,0,0,0,0,12,0,0,2,23,30,18,11,37,21,0,42,50,60,22,0,0,0,0,0,0,0,0,0,0,0,0,73,70,60,0,44
l39,2=0,0,0,0,0,0,0,0,0,0,0,0,0,0,0,0,9,0,0,12,17,12,37,0,0,0,0,0,0,0,0,0,0,0,0,25,41,32,33,0

l0,3=0,95,81,80,86,85,63,64,0,67,0,0,0,0,0,0,0,0,0,0,0,0,0,0,0,0,0,0,0,0,0,0,0,0,0,0,0,0,0,0
l1,3=80,0,79,88,86,89,84,70,78,76,76,0,0,32,0,0,0,0,0,0,0,0,0,0,0,0,0,0,0,0,0,0,0,0,0,0,0,0,0,0
l2,3=79,79,0,86,87,90,88,82,63,81,83,0,0,69,0,0,0,0,0,0,0,0,0,0,0,0,0,0,0,0,0,0,0,0,0,0,0,0,0,0
l3,3=74,91,79,0,86,65,72,0,0,0,38,0,0,0,0,0,0,0,0,0,0,0,0,0,0,0,0,0,0,0,0,0,0,0,0,0,0,0,0,0
l4,3=80,90,82,86,0,84,39,28,31,78,17,0,0,0,0,0,0,0,0,0,0,0,0,0,0,0,0,0,0,0,0,0,0,0,0,0,0,0,0,0
l5,3=74,91,83,86,87,0,85,81,57,30,68,26,0,48,8,2,0,0,0,0,0,0,0,0,0,0,0,0,0,0,0,0,0,0,0,0,0,0,0,0
l6,3=49,71,83,75,67,80,0,76,59,65,66,58,37,21,0,42,50,0,0,0,0,0,0,0,0,0,0,0,0,0,0,0,0,0,0,0,0,0,0,0
l7,3=54,58,74,3,62,80,77,0,68,74,87,0,2,68,0,73,0,0,0,0,0,0,0,0,0,0,0,0,0,0,0,0,0,0,0,0,0,0,0,0
l8,3=0,38,28,0,28,24,37,79,0,87,77,41,18,78,0,85,35,45,0,0,0,30,28,28,31,0,0,0,0,0,0,0,0,0,0,0,0,0,2,0
l9,3=26,38,35,0,66,24,36,82,84,0,88,26,13,80,33,47,0,1,0,0,33,3,0,0,0,0,0,0,0,0,0,0,0,0,0,0,0,0,0,0
l10,3=0,56,72,37,27,83,85,84,78,90,0,28,0,78,20,19,0,0,0,0,0,0,0,0,9,0,0,0,0,0,0,0,0,0,0,0,0,0,10,0
l11,3=0,0,0,0,0,26,64,0,75,49,48,0,76,83,91,97,34,87,0,18,25,39,63,69,67,24,0,0,0,0,0,0,0,0,0,0,76,0,83,0
l12,3=0,0,0,0,0,0,32,0,34,18,0,91,0,38,96,90,39,99,0,26,0,38,0,79,90,82,0,0,0,0,0,0,0,24,0,0,32,0,33,0
l13,3=0,0,27,0,0,19,9,30,85,83,81,86,51,0,7,80,55,70,17,20,50,16,28,72,24,21,0,0,0,0,0,0,0,0,0,0,0,0,57,0
l14,3=0,0,0,0,0,0,0,0,0,27,18,89,89,26,0,45,86,0,0,0,32,0,0,91,89,42,0,0,0,0,0,0,0,32,0,0,0,0,34,0
l15,3=0,0,0,0,0,0,32,36,79,70,8,93,76,81,36,0,78,77,0,4,74,6,0,49,81,0,0,0,0,0,0,0,0,0,0,0,0,0,45,14
l16,3=0,0,0,0,0,0,25,0,32,0,0,14,32,23,80,49,0,80,19,23,67,38,73,29,70,18,0,0,0,0,0,0,0,30,0,26,39,29,37,5
l17,3=0,0,0,0,0,0,0,0,74,0,0,93,89,81,0,90,90,0,0,16,74,62,67,22,85,20,0,0,0,0,0,0,0,45,0,0,75,8,75,40
l18,3=0,0,0,0,0,0,0,0,0,0,0,0,0,26,0,0,21,0,0,69,39,8,50,0,0,0,0,0,0,0,0,0,0,0,0,0,0,0,0,0
l19,3=0,0,0,0,0,0,0,0,0,0,0,10,21,17,0,10,27,0,27,0,89,68,95,0,0,0,0,0,3,38,0,41,0,0,0,0,79,1,72,0
l20,3=0,0,0,0,0,0,0,0,0,26,0,0,0,39,33,63,86,49,25,85,0,85,95,0,35,0,0,0,0,0,0,0,0,0,7,74,89,88,89,76
l21,3=0,0,0,0,0,0,0,0,76,16,0,64,52,40,1,33,85,55,33,82,92,0,95,0,0,0,0,0,0,0,0,0,0,25,0,41,85,81,86,61
l22,3=0,0,0,0,0,0,0,0,37,0,0,51,8,36,0,0,88,34,6,95,96,85,0,0,0,0,0,0,0,40,0,0,0,0,0,86,69,78,83,74
l23,3=0,0,0,0,0,0,0,0,14,0,0,28,57,36,86,42,35,3,0,0,0,0,0,0,88,88,0,0,0,0,0,0,0,0,0,0,0,0,0,0
l24,3=0,0,0,0,3,0,0,0,36,0,0,34,89,30,90,89,77,80,0,0,37,0,0,89,0,80,0,0,0,0,0,0,0,38,0,0,14,0,32,0
l25,3=0,0,0,0,0,0,0,0,0,0,0,23,68,29,81,0,29,18,0,0,0,0,0,86,84,0,13,0,0,0,0,41,39,81,54,0,0,0,0,0
l26,3=0,0,0,0,0,0,0,0,0,0,0,0,0,0,0,0,0,0,0,0,20,0,0,0,0,20,0,76,92,88,90,95,84,66,84,0,0,0,0,0
l27,3=0,0,0,0,0,0,0,0,0,0,0,0,0,0,0,0,0,0,0,0,0,0,0,0,0,0,88,0,92,94,99,96,91,0,12,0,0,0,0,0
l28,3=0,0,0,0,0,0,0,0,0,0,0,0,0,0,0,0,0,0,0,44,6,0,43,0,0,0,93,100,0,94,91,92,81,85,81,0,0,0,0,0
l29,3=0,0,0,0,0,0,0,0,0,0,0,0,0,0,0,0,0,0,0,55,0,0,62,0,0,0,92,100,92,0,89,84,78,64,64,0,0,0,0,0
l30,3=0,0,0,0,0,0,0,0,0,0,0,0,0,0,0,0,0,0,0,0,0,0,0,0,0,0,91,100,86,88,0,80,88,69,0,0,0,0,0,0
l31,3=0,0,0,0,0,0,0,0,0,0,0,0,0,0,0,0,0,0,0,55,0,0,0,2,0,57,91,81,76,80,58,0,95,94,94,0,0,0,0,0
l32,3=0,0,0,0,0,0,0,0,0,0,0,0,3,0,0,0,0,0,0,0,0,0,0,0,0,84,87,86,70,83,89,99,0,93,97,0,0,0,0,0
l33,3=0,0,0,0,0,0,0,0,0,0,0,0,35,0,43,0,65,30,0,0,0,33,0,0,76,89,44,0,79,70,52,93,91,0,92,0,0,0,0,0
l34,3=0,0,0,0,0,0,0,0,0,0,0,0,0,0,2,0,0,0,0,0,62,0,0,20,13,81,88,26,74,79,9,96,95,95,0,0,0,0,0,0
l35,3=0,0,0,0,0,0,0,0,0,0,0,0,0,0,0,0,33,0,0,0,52,11,66,0,0,0,0,0,0,0,0,0,0,0,0,0,87,81,87,73
l36,3=0,0,0,0,0,0,0,0,0,0,0,51,13,0,0,0,78,58,0,73,85,69,59,0,2,0,0,0,0,0,0,0,0,0,0,86,0,86,89,67
l37,3=0,0,0,0,0,0,0,0,0,0,0,0,0,0,0,0,59,0,0,25,81,67,86,0,0,0,0,0,0,0,0,0,0,0,0,87,89,0,85,63
l38,3=0,0,0,0,0,0,0,0,0,0,0,57,37,35,74,38,72,23,0,64,88,29,77,0,11,0,0,0,0,0,0,0,0,0,0,89,90,75,0,72
l39,3=0,0,0,0,0,0,0,0,0,0,0,0,0,0,0,0,0,3,0,4,72,15,28,0,0,0,0,0,0,0,0,0,0,0,0,78,67,71,88,0

l0,4=0,90,82,79,85,85,85,88,0,81,75,0,1,0,0,0,0,0,0,0,0,0,0,0,0,0,0,0,0,0,0,0,0,0,0,0,0,0,0,0
l1,4=84,0,88,79,92,87,90,75,68,87,78,0,0,0,0,0,0,0,0,0,0,0,0,2,0,0,0,0,0,0,0,0,0,0,0,0,0,0,0,0
l2,4=65,92,0,80,91,89,91,92,32,85,94,0,0,77,0,0,0,0,0,0,0,0,0,0,0,0,0,0,0,0,0,0,0,0,0,0,0,0,0,0
l3,4=75,92,87,0,93,84,82,78,0,0,80,0,0,0,0,0,0,0,0,0,0,0,0,0,0,0,0,0,0,0,0,0,0,0,0,0,0,0,0,0
l4,4=70,92,88,79,0,89,86,88,70,85,73,0,0,43,0,0,0,0,0,0,0,0,0,0,0,0,0,0,0,0,0,0,0,0,0,0,0,0,0,0
l5,4=74,89,95,79,92,0,84,89,64,85,82,0,0,4,0,70,0,0,0,0,0,0,0,0,0,0,0,0,0,0,0,0,0,0,0,0,0,0,0,0
l6,4=65,92,94,70,86,83,0,92,69,87,94,75,68,0,0,63,79,0,0,0,0,0,0,0,0,0,0,0,0,0,0,0,0,0,0,0,0,0,0,0
l7,4=68,72,88,70,86,89,91,0,78,91,95,73,0,70,0,66,0,0,0,0,0,0,0,0,0,0,0,0,0,0,0,0,0,0,0,0,0,0,0,0
l8,4=0,78,0,0,73,28,74,82,0,89,84,77,78,86,63,66,80,71,0,0,22,80,63,0,7,0,0,0,0,0,0,0,0,0,0,0,0,0,0,0
l9,4=65,82,77,0,80,72,82,90,84,0,95,78,0,90,10,7,0,73,0,0,79,0,69,0,0,0,0,0,0,0,0,0,0,0,0,0,0,0,0,0
l10,4=58,80,94,69,76,81,91,92,81,93,0,76,72,88,60,67,0,46,0,0,0,0,0,71,0,0,0,0,0,0,0,0,0,0,0,0,0,0,0,0
l11,4=0,0,0,0,0,0,75,76,73,80,84,0,90,79,76,84,83,74,0,0,0,80,66,80,60,68,0,0,0,0,0,0,0,0,0,0,74,0,77,0
l12,4=0,0,0,0,0,0,43,0,69,0,73,85,0,85,87,75,89,86,0,31,76,0,0,86,82,82,0,0,0,0,0,0,23,47,0,7,68,0,76,0
l13,4=0,0,69,0,13,0,0,20,75,83,84,80,89,0,72,69,81,75,0,10,79,75,64,76,63,71,0,0,0,0,0,0,0,0,0,0,0,0,64,0
l14,4=0,0,0,0,0,0,0,0,60,27,74,86,97,76,0,0,90,67,0,0,84,11,0,90,89,82,0,0,0,0,0,3,0,56,59,0,60,0,78,0
l15,4=0,0,0,0,0,69,66,75,72,66,80,90,88,82,0,0,79,71,0,1,81,78,67,76,77,58,0,0,0,0,0,0,0,0,0,0,70,28,72,0
l16,4=0,0,0,0,0,0,63,0,71,0,0,76,94,78,79,57,0,83,72,72,86,81,74,71,75,69,0,0,0,0,0,0,0,1,0,85,0,33,77,70
l17,4=0,0,0,0,0,0,0,0,70,78,14,87,97,80,72,60,97,0,0,0,83,78,69,32,87,67,0,0,0,0,0,0,0,0,0,82,78,0,72,77
l18,4=0,0,0,0,0,0,0,0,0,0,0,0,0,0,0,0,78,0,0,75,25,83,71,0,0,0,0,0,0,0,0,0,0,0,0,0,0,0,0,0
l19,4=0,0,0,0,0,0,0,0,0,0,0,0,70,29,0,0,74,0,79,0,93,89,94,0,0,0,67,0,0,69,0,0,0,0,0,0,75,33,71,74
l20,4=0,0,0,0,0,0,0,0,4,60,0,0,73,71,68,50,77,65,9,84,0,90,94,0,63,0,0,0,59,0,0,0,21,0,0,70,85,56,83,76
l21,4=0,0,0,0,0,0,0,0,74,0,0,72,0,70,52,46,84,61,79,84,92,0,86,0,53,0,0,0,0,0,0,0,0,32,0,0,81,56,69,88
l22,4=0,0,0,0,0,0,0,0,68,79,0,68,0,74,0,38,84,63,77,93,95,89,0,0,0,0,70,0,0,65,0,0,0,6,0,84,84,61,84,36
l23,4=0,0,0,0,0,0,0,0,0,0,9,83,90,83,87,68,80,1,0,0,0,0,0,0,89,90,0,0,0,0,0,0,0,66,85,0,0,0,0,0
l24,4=0,0,0,0,0,0,0,0,60,0,0,62,93,74,90,75,83,79,0,0,84,36,0,98,0,81,0,0,0,0,0,0,0,62,62,0,0,0,3,0
l25,4=0,0,0,0,0,0,0,0,0,0,0,47,97,64,86,29,67,41,0,0,0,0,0,98,94,0,0,0,0,59,0,61,84,88,86,0,0,0,0,0
l26,4=0,0,0,0,0,0,0,0,0,0,0,0,0,0,0,0,0,0,0,46,38,0,75,0,0,0,0,93,99,100,100,100,100,70,98,0,0,0,0,0
l27,4=0,0,0,0,0,0,0,0,0,0,0,0,0,0,0,0,0,0,0,0,0,0,0,0,0,0,97,0,98,100,100,94,94,0,87,0,0,0,0,0
l28,4=0,0,0,0,0,0,0,0,0,0,0,0,0,0,0,0,0,0,0,1,86,0,0,0,0,0,99,100,0,100,99,89,95,94,93,0,0,0,0,0
l29,4=0,0,0,0,0,0,0,0,0,0,0,0,0,0,0,0,0,0,0,80,0,0,53,0,0,77,99,100,99,0,99,82,87,87,91,0,0,0,0,0
l30,4=0,0,0,0,0,0,0,0,0,0,0,0,0,0,0,0,0,0,0,0,0,0,0,0,0,0,98,100,97,99,0,96,91,90,0,0,0,0,0,0
l31,4=0,0,0,0,0,0,0,0,0,0,0,0,0,0,8,0,0,0,0,0,0,0,0,0,0,79,99,89,89,85,90,0,100,99,99,0,0,0,0,0
l32,4=0,0,0,0,0,0,0,0,0,0,0,0,80,0,0,0,0,0,0,0,76,0,2,0,0,93,98,83,95,95,98,100,0,100,100,0,0,0,0,0
l33,4=0,0,0,0,0,0,0,0,0,0,0,0,84,0,73,0,0,0,0,0,0,39,0,85,86,95,87,0,90,89,86,99,97,0,100,0,0,0,0,0
l34,4=0,0,0,0,0,0,0,0,0,0,0,0,0,0,75,0,0,0,0,0,5,0,0,98,70,94,98,70,92,96,1,100,100,100,0,0,0,0,0,0
l35,4=0,0,0,0,0,0,0,0,0,0,0,0,4,0,0,0,71,42,0,0,71,1,63,0,0,0,0,0,0,0,0,0,0,0,0,0,80,62,73,79
l36,4=0,0,0,0,0,0,0,0,0,0,0,59,65,0,58,35,0,61,0,58,78,78,67,0,0,0,0,0,0,0,0,0,0,0,0,85,0,60,73,74
l37,4=0,0,0,0,0,0,0,0,0,0,0,0,0,0,0,6,60,0,0,49,76,78,65,0,0,0,0,0,0,0,0,0,0,0,0,90,84,0,71,73
l38,4=0,0,0,0,0,0,0,0,0,0,0,68,76,65,68,46,77,62,0,60,86,75,72,0,0,0,0,0,0,0,0,0,0,0,0,89,80,60,0,85
l39,4=0,0,0,0,0,0,0,0,0,0,0,0,0,0,0,0,65,47,0,63,77,85,14,0,0,0,0,0,0,0,0,0,0,0,0,86,81,63,78,0

l0,5=0,91,69,68,75,75,70,76,0,79,69,0,0,0,0,0,0,0,0,0,0,0,0,0,0,0,0,0,0,0,0,0,0,0,0,0,0,0,0,0
l1,5=77,0,78,68,88,88,84,65,0,79,64,0,0,0,0,0,0,0,0,0,0,0,0,1,0,0,0,0,0,0,0,0,0,0,0,0,0,0,0,0
l2,5=64,73,0,71,75,89,83,65,0,80,69,0,0,0,0,0,0,0,0,0,0,0,0,0,0,0,0,0,0,0,0,0,0,0,0,0,0,0,0,0
l3,5=64,73,81,0,88,82,35,1,3,79,17,0,0,0,0,0,0,0,0,0,0,0,0,0,0,0,0,0,0,0,0,0,0,0,0,0,0,0,0,0
l4,5=58,83,69,75,0,86,71,76,70,80,66,0,0,46,26,26,0,0,0,0,0,0,0,0,0,0,0,0,0,0,0,0,0,0,0,0,0,0,0,0
l5,5=64,73,86,68,88,0,68,77,65,80,69,37,0,59,0,2,0,0,0,0,0,0,0,0,0,0,0,0,0,0,0,0,0,0,0,0,0,0,0,0
l6,5=63,77,75,39,75,74,0,81,72,83,71,38,0,1,0,0,24,0,0,2,0,0,0,0,0,0,0,0,0,0,0,0,0,0,0,0,0,0,0,0
l7,5=62,65,30,28,74,74,70,0,75,79,83,66,0,37,0,59,0,0,0,0,0,0,0,0,0,0,0,0,0,0,0,0,0,0,0,0,0,0,0,0
l8,5=0,0,0,3,54,0,39,76,0,81,68,51,1,78,18,25,24,52,0,0,1,19,30,0,69,0,0,0,0,0,0,0,0,0,0,0,1,0,0,0
l9,5=60,68,68,38,64,74,68,74,79,0,77,69,0,73,0,37,2,55,0,0,17,0,32,3,61,0,0,0,0,0,0,0,0,0,0,0,0,0,56,0
l10,5=64,68,69,62,72,74,69,78,73,88,0,68,0,59,42,57,0,40,0,0,0,0,0,0,0,0,0,0,0,0,0,0,0,0,0,0,0,0,0,0
l11,5=0,0,0,0,0,30,31,61,77,74,42,0,68,76,58,78,26,62,0,0,10,17,18,49,42,15,0,0,0,0,0,0,0,0,0,0,60,38,60,0
l12,5=0,0,0,0,0,0,0,0,2,0,0,54,0,64,73,38,44,91,0,0,15,0,1,68,76,49,0,0,0,0,0,0,33,4,0,0,55,0,59,0
l13,5=0,0,0,0,44,44,0,0,82,79,34,61,61,0,46,67,25,67,0,16,11,0,29,56,52,8,0,0,0,0,0,0,0,0,0,16,4,0,0,0
l14,5=0,0,0,0,38,0,0,0,51,17,29,28,77,58,0,24,25,53,0,0,17,0,11,78,84,38,0,0,0,0,0,0,0,17,15,0,56,0,57,0
l15,5=0,0,0,0,23,0,0,63,64,61,36,81,65,81,39,0,22,51,0,0,14,19,30,58,80,19,0,0,0,0,0,0,0,0,0,6,62,0,57,36
l16,5=0,0,0,0,0,0,27,0,45,1,0,21,68,41,57,16,0,71,0,34,17,21,27,0,50,12,0,0,0,0,0,17,0,0,0,25,59,20,64,29
l17,5=0,0,0,0,0,0,0,0,59,57,12,27,78,77,55,26,49,0,0,0,25,17,24,35,80,24,0,0,0,0,0,0,0,0,0,14,60,26,1,10
l18,5=0,0,0,0,0,0,0,0,0,0,0,0,0,0,0,0,0,0,0,0,0,60,33,0,0,0,0,0,0,0,0,0,0,0,0,0,0,0,0,0
l19,5=0,0,0,0,0,0,0,0,0,0,0,0,0,31,0,0,13,0,0,0,75,68,81,0,0,0,23,0,0,30,0,0,0,0,0,10,51,25,50,39
l20,5=0,0,0,0,0,0,0,0,4,16,0,2,28,26,17,12,28,53,0,73,0,67,81,0,19,0,0,0,16,0,0,0,27,0,0,3,68,46,65,56
l21,5=0,0,0,0,0,0,0,0,31,0,0,7,7,2,0,20,57,26,48,57,69,0,62,0,22,0,0,0,0,0,0,0,0,0,0,34,68,47,0,60
l22,5=0,0,0,0,0,0,0,0,33,27,0,6,10,32,2,16,21,24,27,79,78,52,0,0,0,0,32,0,0,18,1,0,0,0,0,5,73,54,70,47
l23,5=0,0,0,0,0,0,0,0,0,0,0,58,73,54,65,68,0,32,0,0,0,0,0,0,75,65,0,0,0,0,0,0,0,60,63,0,0,0,0,0
l24,5=0,0,0,0,0,0,0,0,68,54,0,27,76,59,72,69,61,78,0,0,19,17,0,80,0,66,0,0,0,0,0,0,0,23,19,0,0,0,0,0
l25,5=0,0,0,0,0,0,0,0,9,0,0,16,75,38,67,23,20,47,0,0,0,0,0,82,67,0,0,0,0,31,0,0,68,53,21,0,0,0,0,0
l26,5=0,0,0,0,0,0,0,0,0,0,0,0,0,0,0,0,0,0,0,43,8,0,53,0,0,0,0,55,87,88,74,81,84,53,71,0,0,0,0,0
l27,5=0,0,0,0,0,0,0,0,0,0,0,0,0,0,0,0,0,0,0,0,0,0,0,0,0,0,76,0,87,83,92,65,76,0,0,0,0,0,0,0
l28,5=0,0,0,0,0,0,0,0,0,0,0,0,0,0,0,0,0,0,0,29,42,0,0,0,0,0,84,90,0,93,91,62,72,60,69,0,0,0,0,0
l29,5=0,0,0,0,0,0,0,0,0,0,0,0,0,0,0,0,0,0,0,51,0,0,42,0,0,25,84,88,87,0,91,57,71,56,67,0,0,0,0,0
l30,5=0,0,0,0,0,0,0,0,0,0,0,0,0,0,0,0,0,0,0,0,0,0,0,0,0,0,83,90,87,91,0,64,0,68,0,0,0,0,0,0
l31,5=0,0,0,0,0,0,0,0,0,0,0,0,0,0,0,0,13,0,0,0,0,0,0,0,0,0,77,51,51,38,35,0,89,75,84,0,0,0,0,0
l32,5=0,0,0,0,0,0,0,0,0,0,0,0,60,0,0,0,0,0,0,0,42,0,0,0,0,53,74,56,52,53,6,82,0,71,94,0,0,0,0,0
l33,5=0,0,0,0,0,0,0,0,0,0,0,0,37,1,55,0,0,0,0,0,1,0,0,74,59,54,54,0,51,52,46,61,69,0,78,0,0,0,0,0
l34,5=0,0,0,0,0,0,0,0,0,0,0,0,12,0,39,0,11,0,0,0,0,0,8,75,50,52,58,0,51,50,0,81,89,84,0,0,0,0,0,0
l35,5=0,0,0,0,0,0,0,0,0,0,0,0,7,14,0,1,11,13,0,12,0,13,11,0,0,0,0,0,0,0,0,0,0,0,0,0,58,46,43,44
l36,5=0,0,0,0,0,0,0,0,2,0,0,9,21,4,13,10,11,26,0,16,14,16,28,0,0,0,0,0,0,0,0,0,0,0,0,33,0,66,56,60
l37,5=0,0,0,0,0,0,0,0,0,0,0,1,0,0,0,0,0,1,0,12,8,16,23,0,0,0,0,0,0,0,0,0,0,0,0,40,67,0,61,53
l38,5=0,0,0,0,0,0,0,0,0,21,0,13,37,0,25,17,20,0,0,21,23,15,36,0,0,0,0,0,0,0,0,0,0,0,0,29,77,67,0,62
l39,5=0,0,0,0,0,0,0,0,0,0,0,0,0,0,0,0,6,0,0,22,12,19,20,0,0,0,0,0,0,0,0,0,0,0,0,25,70,48,64,0

l0,6=0,93,67,86,81,82,75,56,0,74,49,0,0,0,0,0,0,0,0,0,0,0,0,0,0,0,0,0,0,0,0,0,0,0,0,0,0,0,0,0
l1,6=84,0,84,86,89,79,75,60,0,75,0,0,0,0,0,0,0,0,0,0,0,0,0,21,0,0,0,0,0,0,0,0,0,0,0,0,0,0,0,0
l2,6=62,86,0,86,79,80,74,51,46,80,78,0,0,9,0,0,0,0,0,0,0,0,0,0,0,0,0,0,0,0,0,0,0,0,0,0,0,0,0,0
l3,6=80,86,85,0,93,80,74,0,0,48,6,0,0,0,0,0,0,0,0,0,0,0,0,0,0,0,0,0,0,0,0,0,0,0,0,0,0,0,0,0
l4,6=68,90,84,90,0,80,75,41,31,43,46,0,0,30,1,14,0,0,0,0,0,0,0,36,0,0,0,0,0,0,0,0,0,0,0,0,0,0,0,0
l5,6=76,80,83,83,79,0,59,75,60,76,78,1,0,0,0,0,0,0,0,0,0,0,0,0,0,0,0,0,0,0,0,0,0,0,0,0,0,0,0,0
l6,6=65,79,82,72,66,16,0,75,46,75,78,57,0,5,0,0,46,0,0,0,0,0,0,0,0,0,0,0,0,0,0,0,0,0,0,0,0,0,0,0
l7,6=50,55,51,0,59,71,72,0,59,75,79,56,6,0,0,66,0,0,0,0,0,0,0,0,0,0,0,0,0,0,0,0,0,0,0,0,0,0,0,0
l8,6=0,0,26,0,45,36,53,52,0,75,76,66,48,61,31,47,50,55,0,0,29,38,30,0,36,10,0,0,0,0,0,0,0,0,0,0,0,0,0,0
l9,6=40,50,73,48,38,65,69,68,61,0,82,57,43,55,25,62,35,30,0,0,2,0,19,9,0,0,0,0,0,0,0,0,0,0,0,0,0,0,5,0
l10,6=39,0,65,29,41,56,72,76,60,83,0,61,0,35,0,43,27,0,0,0,0,0,0,0,0,0,0,0,0,0,0,0,0,0,0,0,0,0,0,0
l11,6=0,0,0,0,0,1,30,16,30,23,42,0,56,32,41,77,29,33,0,0,3,0,0,32,43,12,0,0,0,0,0,0,0,0,0,0,41,18,23,0
l12,6=0,0,0,0,0,0,0,0,13,20,0,66,0,29,67,41,55,52,0,0,2,13,10,56,69,57,0,0,0,0,0,0,0,32,17,0,24,0,18,0
l13,6=0,0,0,0,36,0,5,0,59,42,41,55,40,0,39,41,19,39,0,8,0,0,18,37,40,0,0,0,0,0,0,0,0,0,0,28,33,0,13,0
l14,6=0,0,0,0,0,0,0,0,16,17,0,56,65,35,0,27,27,42,0,0,19,0,17,57,56,35,0,0,0,0,0,0,0,33,23,0,38,0,24,0
l15,6=0,0,0,0,6,0,0,22,16,27,38,74,59,49,36,0,28,42,0,3,9,24,15,49,50,14,0,0,0,0,0,0,0,0,0,26,36,0,23,0
l16,6=0,0,0,0,0,0,28,0,4,6,22,45,52,19,36,22,0,48,20,28,4,25,23,34,39,14,0,0,0,0,0,0,0,0,0,39,17,11,32,14
l17,6=0,0,0,0,0,0,0,0,21,10,0,52,66,41,51,35,38,0,0,0,27,18,10,23,50,14,0,0,0,0,0,0,0,24,0,0,25,2,17,0
l18,6=0,0,0,0,0,0,0,0,0,0,0,0,0,1,0,0,38,0,0,29,3,43,0,0,0,0,0,0,0,0,0,0,0,0,0,0,0,0,0,0
l19,6=0,0,0,0,0,0,0,0,0,0,0,0,0,14,0,0,37,0,34,0,59,51,50,0,0,0,21,0,0,5,1,1,0,0,0,30,33,0,25,36
l20,6=0,0,0,0,0,0,0,0,15,0,0,0,29,0,29,6,13,32,0,57,0,68,51,0,10,0,0,0,3,0,0,0,0,7,0,39,47,25,40,42
l21,6=0,0,0,0,0,0,0,0,16,0,0,0,33,0,0,21,38,24,35,43,61,0,47,0,0,0,0,0,0,0,0,0,0,0,0,41,44,31,34,48
l22,6=0,0,0,0,0,0,0,0,14,15,0,0,31,15,28,18,24,20,1,59,64,60,0,0,0,0,17,0,0,27,0,5,0,0,0,30,60,26,41,30
l23,6=0,0,0,0,29,0,0,0,0,0,0,31,58,30,56,41,29,0,0,0,0,0,0,0,67,59,0,0,0,0,0,13,0,40,41,0,0,0,0,0
l24,6=0,0,0,0,0,0,0,0,17,0,0,52,72,38,58,51,49,53,0,0,8,0,0,65,0,45,0,0,0,0,0,0,0,40,31,0,0,0,15,0
l25,6=0,0,0,0,0,0,0,0,14,0,0,18,69,0,58,19,21,17,0,0,0,0,0,67,60,0,0,0,0,0,0,0,15,46,5,0,0,0,0,0
l26,6=0,0,0,0,0,0,0,0,0,0,0,0,0,0,0,0,0,0,0,26,0,0,14,0,0,0,0,44,75,73,57,49,66,32,46,0,0,0,0,0
l27,6=0,0,0,0,0,0,0,0,0,0,0,0,0,0,0,0,0,0,0,0,0,0,0,0,0,0,67,0,69,80,87,35,31,0,0,0,0,0,0,0
l28,6=0,0,0,0,0,0,0,0,0,0,0,0,0,0,0,0,0,0,0,30,22,0,11,0,0,0,69,81,0,87,79,48,42,49,48,0,0,0,0,0
l29,6=0,0,0,0,0,0,0,0,0,0,0,0,0,0,0,0,0,0,0,1,0,0,20,0,0,0,66,79,75,0,30,25,35,45,32,0,0,0,0,0
l30,6=0,0,0,0,0,0,0,0,0,0,0,0,0,0,0,0,0,0,0,0,0,0,0,0,0,0,69,86,69,29,0,34,0,0,37,0,0,0,0,0
l31,6=0,0,0,0,0,0,0,0,0,0,0,0,0,0,0,0,0,0,0,2,7,0,17,30,0,0,67,32,40,39,32,0,78,78,71,0,0,0,0,0
l32,6=0,0,0,0,0,0,0,0,0,0,0,0,0,0,0,0,0,0,0,0,0,0,0,16,0,37,63,25,45,47,0,60,0,85,79,0,0,0,0,0
l33,6=0,0,0,0,0,0,0,0,0,0,0,0,51,0,44,0,0,34,0,0,29,0,0,50,49,49,38,0,48,49,16,54,72,0,69,0,0,0,0,0
l34,6=0,0,0,0,0,0,0,0,0,0,0,0,34,0,28,0,0,0,0,1,0,0,0,48,36,19,38,0,35,41,20,60,83,84,0,0,0,0,0,0
l35,6=0,0,0,0,0,0,0,0,0,0,0,0,0,10,0,4,21,0,0,25,15,25,16,0,0,0,0,0,0,0,0,0,0,0,0,0,55,42,25,32
l36,6=0,0,0,0,0,0,0,0,0,0,0,16,21,11,23,7,5,12,0,19,14,8,29,0,0,0,0,0,0,0,0,0,0,0,0,44,0,56,31,35
l37,6=0,0,0,0,0,0,0,0,0,0,0,6,0,0,0,0,10,0,0,0,4,27,20,0,0,0,0,0,0,0,0,0,0,0,0,52,62,0,26,31
l38,6=0,0,0,0,0,0,0,0,0,0,0,39,27,5,31,18,29,17,0,16,25,31,25,0,10,0,0,0,0,0,0,0,0,0,0,45,62,45,0,33
l39,6=0,0,0,0,0,0,0,0,0,0,0,0,0,0,0,0,22,0,0,24,15,30,20,0,0,0,0,0,0,0,0,0,0,0,0,44,60,28,27,0

l0,7=0,93,89,93,90,94,83,54,53,70,67,0,0,0,0,0,0,0,0,0,0,0,0,0,0,0,0,0,0,0,0,0,0,0,0,0,0,0,0,0
l1,7=92,0,91,91,91,91,82,80,0,79,57,0,0,56,0,0,0,0,0,0,0,0,0,6,0,0,0,0,0,0,0,0,0,0,0,0,0,0,0,0
l2,7=87,88,0,91,89,90,82,3,75,81,69,0,0,0,0,0,0,0,0,0,0,0,0,0,0,0,0,0,0,0,0,0,0,0,0,0,0,0,0,0
l3,7=89,88,91,0,93,88,82,24,55,0,60,0,0,0,0,0,0,0,0,0,0,0,0,0,0,0,0,0,0,0,0,0,0,0,0,0,0,0,0,0
l4,7=91,93,88,93,0,94,83,75,69,0,66,0,0,51,0,5,0,0,0,0,0,0,0,0,0,0,0,0,0,0,0,0,0,0,0,0,0,0,0,0
l5,7=88,88,73,90,90,0,79,80,75,81,71,0,0,32,0,0,0,0,0,0,0,0,0,0,0,0,0,0,0,0,0,0,0,0,0,0,0,0,0,0
l6,7=84,86,91,86,90,38,0,82,0,81,71,10,0,36,0,0,30,0,0,0,0,0,0,0,0,0,0,0,0,0,0,0,0,0,0,0,0,0,0,0
l7,7=7,81,0,11,29,91,82,0,58,81,71,18,8,29,0,49,0,0,0,0,0,0,0,0,0,0,0,0,0,0,0,0,0,0,0,0,0,0,0,0
l8,7=6,0,18,20,37,74,0,67,0,82,71,66,28,71,20,61,46,50,0,0,0,0,27,0,0,0,0,0,0,0,0,0,0,0,0,0,0,0,5,0
l9,7=8,23,35,0,0,70,82,80,79,0,74,60,14,71,0,58,0,0,0,0,18,0,21,14,16,0,0,0,0,0,0,0,0,0,0,0,0,0,25,0
l10,7=16,11,33,28,20,62,76,80,80,83,0,62,0,21,0,54,44,22,0,0,0,0,0,0,0,0,0,0,0,0,0,0,0,0,0,0,0,0,0,0
l11,7=0,0,0,0,0,0,18,16,59,48,41,0,52,22,15,73,44,34,0,0,15,6,18,8,18,22,0,0,0,0,0,0,0,0,0,1,14,0,30,3
l12,7=0,0,0,0,0,0,0,0,33,39,0,69,0,14,34,66,62,61,0,0,14,10,0,36,88,81,0,0,0,0,0,0,0,12,0,0,0,0,13,0
l13,7=0,3,0,0,13,19,32,34,84,74,32,62,18,0,21,63,37,52,0,0,11,0,22,25,37,27,0,0,0,0,0,0,0,0,0,16,12,0,30,0
l14,7=0,0,0,0,0,0,0,0,37,0,0,47,48,22,0,39,41,55,0,0,15,20,20,53,28,48,0,0,0,0,0,0,0,16,0,0,0,0,29,0
l15,7=0,0,0,0,5,0,0,25,49,59,41,78,61,41,15,0,28,33,0,15,16,21,23,22,17,23,0,0,0,0,0,0,0,0,0,0,20,5,31,0
l16,7=0,0,0,0,0,0,16,0,27,0,33,47,29,17,16,20,0,47,22,0,23,25,24,16,22,8,0,0,0,0,0,6,4,0,0,31,22,6,34,0
l17,7=0,0,0,0,0,0,0,0,39,8,25,52,34,22,22,34,49,0,0,20,26,20,0,0,26,0,0,0,0,0,0,0,0,14,0,15,22,0,35,0
l18,7=0,0,0,0,0,0,0,0,0,0,0,0,0,0,0,0,29,0,0,34,27,18,0,0,0,0,0,0,0,0,0,0,0,0,0,0,0,0,0,0
l19,7=0,0,0,0,0,0,0,0,0,0,0,0,1,0,0,8,0,4,18,0,62,43,55,0,0,0,0,0,22,0,0,7,0,0,0,20,0,0,16,29
l20,7=0,0,0,0,0,0,0,0,0,30,0,22,10,8,12,19,38,34,22,59,0,66,58,0,0,0,0,0,0,24,0,0,0,0,0,40,33,6,55,0
l21,7=0,0,0,0,0,0,0,0,19,28,0,16,12,0,11,25,33,27,15,37,62,0,57,0,0,0,0,0,0,0,0,0,0,0,0,33,0,4,56,43
l22,7=0,0,0,0,0,0,0,0,31,30,0,23,0,13,12,25,29,1,0,63,67,67,0,0,0,0,0,0,0,25,0,0,0,0,0,30,62,6,54,32
l23,7=0,0,0,0,0,0,0,0,0,34,0,23,46,17,69,52,40,0,0,0,0,0,0,0,88,88,0,0,0,0,0,0,4,14,52,0,0,0,0,0
l24,7=0,0,0,0,0,0,0,0,0,41,0,47,78,21,17,29,38,63,0,0,2,0,0,88,0,81,0,0,0,0,0,0,0,16,17,0,0,0,0,0
l25,7=0,0,0,0,0,0,0,0,0,21,0,25,74,25,64,37,27,0,0,0,0,0,0,87,79,0,0,0,0,29,0,0,34,34,8,0,0,0,11,0
l26,7=0,0,0,0,0,0,0,0,0,0,0,0,0,0,0,0,0,0,0,34,19,0,3,0,0,0,0,68,87,81,63,75,83,37,48,0,0,0,0,0
l27,7=0,0,0,0,0,0,0,0,0,0,0,0,0,0,0,0,0,0,0,0,0,0,0,0,0,0,64,0,82,81,85,19,64,0,1,0,0,0,0,0
l28,7=0,0,0,0,0,0,0,0,0,0,0,0,0,0,0,0,0,0,0,39,31,0,0,0,0,0,76,85,0,87,79,72,43,68,22,0,0,0,0,0
l29,7=0,0,0,0,0,0,0,0,0,0,0,0,0,0,0,0,0,0,0,0,31,0,34,0,0,13,69,85,87,0,79,70,74,54,4,0,0,0,0,0
l30,7=0,0,0,0,0,0,0,0,0,0,0,0,0,0,0,0,0,0,0,0,0,0,0,0,0,0,60,85,82,81,0,62,49,7,42,0,0,0,0,0
l31,7=0,0,0,0,0,0,0,0,0,0,0,0,0,0,0,0,28,0,0,44,0,0,9,1,0,0,67,2,73,51,46,0,88,81,86,0,0,0,0,0
l32,7=0,0,0,0,0,0,0,0,0,0,0,0,4,0,0,0,27,0,0,0,0,0,3,30,0,57,70,48,43,71,60,81,0,80,88,0,0,0,0,0
l33,7=0,0,0,0,0,0,0,0,0,0,0,0,35,0,49,0,0,38,0,0,0,0,0,46,29,55,37,0,69,57,42,80,84,0,55,0,0,0,0,0
l34,7=0,0,0,0,0,0,0,0,0,0,0,0,15,0,0,0,0,0,0,0,0,0,0,70,41,26,55,12,54,41,55,80,89,65,0,0,0,0,0,0
l35,7=0,0,0,0,0,0,0,0,0,0,0,0,0,0,0,0,33,0,0,23,31,39,27,0,0,0,0,0,0,0,0,0,0,0,0,0,62,25,55,37
l36,7=0,0,0,0,0,0,0,0,0,0,0,2,0,5,0,12,30,14,0,0,19,4,35,0,0,0,0,0,0,0,0,0,0,0,0,54,0,26,62,34
l37,7=0,0,0,0,0,0,0,0,0,0,0,0,0,0,0,5,25,0,0,0,13,7,13,0,0,0,0,0,0,0,0,0,0,0,0,54,41,0,24,22
l38,7=0,0,0,0,0,0,0,0,0,27,0,46,1,15,12,31,34,34,0,9,26,31,24,0,0,0,0,0,0,0,0,0,0,0,0,44,67,4,0,32
l39,7=0,0,0,0,0,0,0,0,0,0,0,0,0,0,0,0,0,0,0,30,13,49,19,0,0,0,0,0,0,0,0,0,0,0,0,49,31,4,44,0

l0,8=0,95,95,92,98,97,87,88,0,95,86,0,0,3,0,0,0,0,0,0,0,0,0,0,0,0,0,0,0,0,0,0,0,0,0,0,0,0,0,0
l1,8=96,0,91,90,98,96,87,89,78,95,3,0,0,65,0,0,0,0,0,0,0,0,0,3,0,0,0,0,0,0,0,0,0,0,0,0,0,0,0,0
l2,8=94,86,0,85,70,97,88,87,53,0,88,0,0,0,0,0,0,0,0,0,0,0,0,0,0,0,0,0,0,0,0,0,0,0,0,0,0,0,0,0
l3,8=94,90,94,0,98,96,82,51,0,2,7,0,0,0,0,0,0,0,0,0,0,0,0,0,0,0,0,0,0,0,0,0,0,0,0,0,0,0,0,0
l4,8=94,94,5,93,0,97,88,88,92,93,76,0,0,79,0,0,0,0,0,0,0,0,0,0,0,0,0,0,0,0,0,0,0,0,0,0,0,0,0,0
l5,8=96,94,95,91,95,0,87,89,92,91,94,75,4,60,0,0,0,0,0,0,0,0,0,0,0,0,0,0,0,0,0,0,0,0,0,0,0,0,0,0
l6,8=85,89,91,79,93,91,0,94,53,95,87,0,0,50,0,0,65,0,0,0,0,0,0,0,0,0,0,0,0,0,0,0,0,0,0,0,0,0,0,0
l7,8=85,91,89,72,91,94,87,0,89,99,98,72,23,85,0,0,0,50,0,0,0,0,0,0,0,0,0,0,0,0,0,0,0,0,0,0,0,0,0,0
l8,8=0,44,18,48,82,93,77,95,0,100,91,93,0,94,79,94,0,84,0,33,0,0,81,0,1,0,0,0,0,0,0,0,0,0,0,0,0,0,0,0
l9,8=53,51,0,22,73,55,87,96,96,0,98,90,59,92,74,92,4,42,0,0,0,60,24,55,38,0,0,0,0,0,0,0,0,0,0,0,0,0,46,0
l10,8=37,0,81,65,68,93,84,96,95,100,0,76,0,80,0,88,24,0,0,0,0,0,0,0,0,0,0,0,0,0,0,0,0,0,0,0,0,0,0,0
l11,8=0,0,0,0,0,16,0,22,59,58,59,0,96,84,83,99,91,88,0,0,30,55,21,51,86,57,0,0,0,0,0,0,0,0,0,48,32,0,42,0
l12,8=0,0,0,0,0,0,0,0,0,24,0,98,0,0,96,99,99,93,0,0,0,0,0,98,94,91,0,0,0,0,0,0,0,39,0,37,20,0,31,0
l13,8=0,16,0,0,54,2,14,67,98,92,78,82,0,0,87,92,32,75,0,0,28,53,2,82,68,65,0,0,0,0,0,0,0,0,0,30,22,0,44,0
l14,8=0,0,0,0,0,0,0,0,43,40,0,82,96,80,0,89,86,91,0,0,20,68,40,95,91,66,0,0,0,0,0,0,0,0,0,0,33,0,28,0
l15,8=0,0,0,0,0,0,0,0,58,52,73,98,95,84,86,0,89,90,0,0,64,72,75,61,41,50,0,0,0,0,0,0,0,0,0,0,18,0,53,0
l16,8=0,0,0,0,0,0,14,0,0,8,1,86,83,29,77,78,0,81,14,29,75,61,70,38,53,27,0,0,0,0,0,6,0,7,33,0,33,27,23,64
l17,8=0,0,0,0,0,0,0,10,37,21,0,95,83,84,92,95,94,0,0,19,59,30,62,26,56,5,0,0,0,0,0,0,0,49,0,8,12,0,54,11
l18,8=0,0,0,0,0,0,0,0,0,0,0,0,0,0,0,0,70,0,0,72,73,69,0,0,0,0,0,0,0,0,0,0,0,0,0,0,0,0,0,0
l19,8=0,0,0,0,0,0,0,0,10,0,0,0,0,0,0,0,54,55,35,0,88,68,89,0,0,0,0,0,14,0,0,27,0,0,0,0,36,0,2,62
l20,8=0,0,0,0,0,0,0,0,0,0,0,4,0,16,0,44,57,37,25,88,0,89,91,0,14,0,22,0,0,16,0,0,0,8,0,47,46,25,68,48
l21,8=0,0,0,0,0,0,0,0,0,26,0,45,12,39,46,49,47,23,23,38,90,0,90,0,0,0,0,0,0,0,0,0,0,9,2,58,38,25,76,62
l22,8=0,0,0,0,0,0,0,0,27,15,0,1,0,6,26,45,52,35,0,85,88,87,0,0,0,0,0,0,10,27,0,0,0,0,0,72,75,22,77,46
l23,8=0,0,0,0,0,0,0,0,0,42,0,78,86,87,91,91,87,43,0,0,0,0,0,0,94,91,0,0,0,0,0,0,48,69,80,0,0,0,0,0
l24,8=0,0,0,0,0,0,0,0,0,43,0,89,96,82,94,82,91,79,0,0,51,0,0,98,0,88,0,0,0,0,0,16,0,45,66,0,19,0,0,0
l25,8=0,0,0,19,0,0,0,0,0,0,0,85,95,86,87,80,81,0,0,0,0,0,0,98,90,0,0,0,0,64,0,0,53,76,80,0,0,0,3,0
l26,8=0,0,0,0,0,0,0,0,0,0,0,0,0,0,0,0,0,0,0,0,65,0,0,0,0,0,0,91,91,92,88,93,91,88,82,0,0,0,0,0
l27,8=0,0,0,0,0,0,0,0,0,0,0,0,0,0,0,0,0,0,0,0,0,0,0,0,0,0,88,0,91,92,93,0,87,0,82,0,0,0,0,0
l28,8=0,0,0,0,0,0,0,0,0,0,0,0,0,0,0,0,0,0,0,67,38,23,54,0,0,0,92,92,0,92,93,93,64,87,71,0,0,0,0,0
l29,8=0,0,0,0,0,0,0,0,0,0,0,0,0,0,0,0,0,0,0,0,58,0,62,0,0,55,92,92,91,0,93,93,72,74,80,0,0,0,0,0
l30,8=0,0,0,0,0,0,0,0,0,0,0,0,0,0,0,0,0,0,0,0,0,0,0,0,0,0,87,92,91,92,0,72,86,73,0,0,0,0,0,0
l31,8=0,0,0,0,0,0,0,0,0,0,0,0,0,0,0,0,73,0,0,75,0,0,0,0,33,0,89,0,84,85,73,0,90,93,90,0,0,0,0,0
l32,8=0,0,0,0,0,0,0,0,0,0,0,0,0,0,0,0,0,0,0,0,0,0,0,75,0,74,91,85,13,68,81,92,0,94,97,0,0,0,0,0
l33,8=0,0,0,0,0,0,0,0,0,0,0,0,69,0,0,0,19,79,0,0,59,1,0,56,45,71,85,0,84,69,76,93,91,0,89,0,0,0,0,0
l34,8=0,0,0,0,0,0,0,0,0,0,0,0,7,0,3,0,84,0,0,0,57,24,0,88,75,78,85,80,82,83,0,93,93,91,0,0,0,0,0,0
l35,8=0,0,0,0,0,0,0,0,0,0,0,5,16,0,0,0,0,0,0,0,30,36,48,0,0,0,0,0,0,0,0,0,0,0,0,0,77,53,64,56
l36,8=0,0,0,0,0,0,0,0,0,0,0,36,18,33,32,30,26,7,0,12,43,40,59,0,2,0,0,0,0,0,0,0,0,0,0,77,0,25,48,37
l37,8=0,0,0,0,0,0,0,0,0,0,0,0,0,0,0,0,27,0,0,0,30,34,32,0,0,0,0,0,0,0,0,0,0,0,0,79,34,0,28,31
l38,8=0,0,0,0,0,0,0,0,0,22,0,38,21,40,22,49,13,37,0,0,61,61,72,0,0,0,0,0,0,0,0,0,0,0,0,74,47,15,0,46
l39,8=0,0,0,0,0,0,0,0,0,0,0,0,0,0,0,0,40,0,0,30,58,67,55,0,0,0,0,0,0,0,0,0,0,0,0,76,62,27,68,0

l0,9=0,100,99,93,66,90,93,93,1,94,94,0,0,0,0,0,0,0,0,0,0,0,0,0,0,0,0,0,0,0,0,0,0,0,0,0,0,0,0,0
l1,9=95,0,100,94,88,100,39,100,91,96,94,0,0,83,0,0,0,0,0,0,0,0,0,0,0,0,0,0,0,0,0,0,0,0,0,0,0,0,0,0
l2,9=95,99,0,94,84,100,100,95,83,77,68,0,52,0,0,0,0,0,0,0,0,0,0,0,0,0,0,0,0,0,0,0,0,0,0,0,0,0,0,0
l3,9=93,95,91,0,88,87,88,91,0,9,5,0,0,0,0,0,0,0,0,0,0,0,0,0,0,0,0,0,0,0,0,0,0,0,0,0,0,0,0,0
l4,9=71,100,90,94,0,93,94,94,92,75,94,0,37,0,59,0,0,0,0,0,0,0,0,0,0,0,0,0,0,0,0,0,0,0,0,0,0,0,0,0
l5,9=95,99,100,94,82,0,98,97,99,100,100,0,0,78,0,0,0,0,0,0,0,0,0,0,0,0,0,0,0,0,0,0,0,0,0,0,0,0,0,0
l6,9=92,3,99,88,75,55,0,100,84,97,100,0,0,78,0,0,0,0,0,0,0,0,0,0,0,0,0,0,0,0,0,0,0,0,0,0,0,0,0,0
l7,9=66,99,98,82,87,86,100,0,99,100,100,37,29,99,0,37,0,0,0,0,0,0,0,0,0,0,0,0,0,0,0,0,0,0,0,0,0,0,0,0
l8,9=0,39,29,18,88,45,50,78,0,100,69,95,24,98,0,68,83,87,0,57,0,0,92,0,0,0,0,0,0,0,0,0,0,0,0,0,0,0,0,0
l9,9=69,39,7,46,29,74,95,100,99,0,100,97,40,100,63,88,86,0,0,0,0,0,3,29,16,0,0,0,0,0,0,0,0,0,0,0,0,0,0,0
l10,9=86,83,87,60,79,99,100,100,98,100,0,28,73,91,0,92,82,73,0,0,1,0,0,5,0,0,0,0,0,0,0,0,0,0,0,0,0,0,0,0
l11,9=0,0,0,0,0,0,0,23,96,89,42,0,100,59,60,98,92,99,0,0,82,85,46,41,35,37,0,0,0,0,0,0,0,0,0,23,37,1,30,0
l12,9=0,0,0,0,0,0,0,0,0,63,49,90,0,54,88,91,100,100,0,0,80,1,0,66,90,100,0,0,0,0,0,0,0,0,0,0,40,0,30,0
l13,9=0,26,0,0,0,19,29,63,99,100,64,60,55,0,54,92,97,81,0,2,80,86,0,36,35,27,0,0,0,0,0,0,0,0,0,0,35,0,30,0
l14,9=0,0,0,0,49,0,0,0,0,92,0,77,100,54,0,76,99,100,0,0,84,90,80,100,99,38,0,0,0,0,0,0,0,2,0,0,37,0,0,0
l15,9=0,0,0,0,0,0,0,0,77,87,68,97,65,57,58,0,95,99,0,0,79,82,72,35,33,0,0,0,0,0,0,0,0,0,0,0,35,0,31,0
l16,9=0,0,0,0,0,0,0,0,76,70,55,51,60,52,57,76,0,95,67,84,93,82,85,40,36,33,0,0,0,0,0,16,0,48,49,0,21,27,34,83
l17,9=0,0,0,0,0,0,0,0,80,0,57,57,63,50,60,78,98,0,0,88,59,88,90,0,35,35,0,0,0,0,0,0,0,53,0,0,35,0,22,85
l18,9=0,0,0,0,0,0,0,0,0,0,0,0,0,0,0,0,86,0,0,0,87,87,0,0,0,0,0,0,0,0,0,0,0,0,0,0,0,0,0,0
l19,9=0,0,0,0,0,0,0,0,28,0,0,0,0,1,0,0,72,85,0,0,91,92,89,0,0,0,52,0,0,0,0,1,0,0,0,57,31,29,0,85
l20,9=0,0,0,0,0,0,0,0,0,0,0,31,35,35,39,57,88,8,40,89,0,97,96,0,17,0,72,0,0,0,0,0,0,0,38,10,86,51,77,87
l21,9=0,0,0,0,0,0,0,0,0,0,0,34,33,43,44,57,73,77,69,87,94,0,91,0,0,0,0,0,23,0,0,0,0,33,0,67,35,26,41,72
l22,9=0,0,0,0,0,0,0,0,70,22,0,6,0,0,40,49,78,80,0,88,94,92,0,0,0,0,23,0,29,71,0,48,0,0,0,87,84,23,79,68
l23,9=0,0,0,0,0,0,0,0,0,84,0,59,100,58,96,69,100,0,0,0,0,0,0,0,99,100,0,0,0,0,0,0,62,66,60,0,0,0,0,0
l24,9=0,0,0,0,0,0,0,0,0,71,0,57,100,59,95,77,100,99,0,0,91,0,0,100,0,76,0,0,0,0,0,0,0,63,53,0,40,0,0,0
l25,9=0,0,0,11,0,0,0,0,0,0,0,57,100,51,84,0,90,81,0,0,0,0,0,100,100,0,1,0,0,27,0,0,56,99,57,0,0,0,30,0
l26,9=0,0,0,0,0,0,0,0,0,0,0,0,0,0,0,0,0,0,0,60,83,0,0,0,0,0,0,87,95,100,97,98,100,84,85,0,0,0,0,0
l27,9=0,0,0,0,0,0,0,0,0,0,0,0,0,0,0,0,0,0,0,0,0,0,0,0,0,0,94,0,95,100,100,93,84,0,0,0,0,0,0,0
l28,9=0,0,0,0,0,0,0,0,0,0,0,0,0,0,0,0,0,0,0,0,0,3,82,0,0,0,98,100,0,100,100,88,0,86,70,0,0,0,0,0
l29,9=0,0,0,0,0,0,0,0,0,0,0,0,0,0,0,0,0,0,0,0,0,0,82,0,0,3,98,100,95,0,100,100,72,84,87,0,0,0,0,0
l30,9=0,0,0,0,0,0,0,0,0,0,0,0,0,0,0,0,0,0,0,0,0,0,0,0,0,0,98,100,95,100,0,97,87,55,86,0,0,0,0,0
l31,9=0,0,0,0,0,0,0,0,0,0,0,0,0,0,0,0,33,0,0,28,0,0,82,0,0,0,98,89,94,98,98,0,100,99,100,0,0,0,0,0
l32,9=0,0,0,0,0,0,0,0,0,0,0,0,7,0,0,0,0,0,0,0,48,0,0,80,0,63,98,93,0,83,97,100,0,99,100,0,0,0,0,0
l33,9=0,0,0,0,0,0,0,0,0,0,0,0,0,0,9,0,93,89,0,0,30,69,0,100,98,100,94,0,95,95,81,100,100,0,100,0,0,0,0,0
l34,9=0,0,0,0,0,0,0,0,0,0,0,0,42,0,35,0,94,0,0,0,91,0,0,73,32,42,98,0,55,100,96,100,100,99,0,0,0,0,0,0
l35,9=0,0,0,0,0,0,0,0,0,0,0,0,0,0,0,0,20,0,0,52,11,74,79,0,0,0,0,0,0,0,0,0,0,0,0,0,86,53,45,74
l36,9=0,0,0,0,0,0,0,0,0,0,0,18,26,18,19,35,41,1,0,42,86,65,76,0,10,0,0,0,0,0,0,0,0,0,0,71,0,28,31,69
l37,9=0,0,0,0,0,0,0,0,0,0,0,0,0,0,0,0,71,0,0,64,75,60,41,0,0,0,0,0,0,0,0,0,0,0,0,62,38,0,27,69
l38,9=0,0,0,0,0,0,0,0,0,0,0,24,32,35,0,50,80,5,0,0,90,80,83,0,0,4,0,0,0,0,0,0,0,0,0,68,36,26,0,81
l39,9=0,0,0,0,0,0,0,0,0,0,0,0,0,0,0,0,72,69,0,74,86,68,68,0,0,0,0,0,0,0,0,0,0,0,0,62,32,26,38,0

l0,10=0,90,81,85,81,79,77,73,59,82,74,0,0,0,0,0,0,0,0,0,0,0,0,0,0,0,0,0,0,0,0,0,0,0,0,0,0,0,0,0
l1,10=86,0,81,77,81,79,75,76,0,38,59,0,0,0,0,0,0,0,0,0,0,0,0,0,0,0,0,0,0,0,0,0,0,0,0,0,0,0,0,0
l2,10=85,83,0,78,82,85,76,76,0,77,77,0,60,0,0,0,0,0,0,0,0,0,0,0,0,0,0,0,0,0,0,0,0,0,0,0,0,0,0,0
l3,10=87,81,81,0,89,64,68,43,52,64,0,0,0,0,0,0,0,0,0,0,0,0,0,0,0,0,0,0,0,0,0,0,0,0,0,0,0,0,0,0
l4,10=85,82,81,90,0,83,51,72,0,62,73,0,0,0,40,0,0,0,0,0,0,0,0,0,0,0,0,0,0,0,0,0,0,0,0,0,0,0,0,0
l5,10=81,81,81,75,81,0,76,79,70,80,63,0,23,69,0,0,0,0,0,0,0,0,0,0,0,0,0,0,0,0,0,0,0,0,0,0,0,0,0,0
l6,10=75,77,82,70,54,80,0,84,73,80,72,0,0,58,0,0,0,7,0,0,0,0,0,0,0,0,0,0,0,0,0,0,0,0,0,0,0,0,0,0
l7,10=76,79,72,69,81,83,84,0,83,85,86,43,38,83,18,10,0,0,0,0,0,0,0,0,0,0,0,0,0,0,0,0,0,0,0,0,0,0,0,0
l8,10=34,0,0,58,0,28,65,75,0,88,39,79,50,84,0,76,38,42,0,15,35,0,54,56,52,0,0,0,0,0,0,0,0,0,0,0,0,0,0,0
l9,10=64,0,59,65,49,60,74,79,82,0,79,73,68,84,46,68,0,0,0,0,0,34,10,58,47,0,0,0,0,0,0,0,0,0,0,0,0,0,0,0
l10,10=67,45,66,2,71,51,68,81,67,85,0,62,0,77,0,72,0,48,0,0,0,0,0,0,0,0,0,0,0,0,0,0,0,0,0,0,0,0,0,0
l11,10=0,0,0,0,0,0,0,44,77,76,31,0,78,85,83,88,33,81,0,0,58,49,0,75,74,70,0,0,0,0,0,0,0,0,0,53,59,0,50,0
l12,10=0,0,0,0,0,0,0,0,42,70,0,88,0,72,93,86,91,96,0,0,69,41,0,89,93,98,0,0,0,0,0,0,0,26,0,0,37,0,59,0
l13,10=0,0,0,0,0,30,34,62,83,86,41,85,63,0,63,86,47,25,0,0,55,52,0,62,71,2,0,0,0,0,0,0,0,0,0,0,0,0,48,0
l14,10=0,0,0,0,38,0,0,0,0,65,0,85,91,71,0,44,89,76,0,0,55,37,1,81,89,81,0,0,0,0,0,0,0,41,0,0,62,0,29,0
l15,10=0,0,0,0,0,0,0,0,75,69,38,89,73,84,66,0,45,61,0,12,16,23,27,5,72,54,0,0,0,0,0,0,0,0,0,3,33,1,33,0
l16,10=0,0,0,0,0,0,0,0,51,0,0,7,68,62,63,33,0,53,15,15,66,48,28,51,82,42,0,0,0,0,0,0,30,21,54,57,43,43,66,35
l17,10=0,0,0,0,0,0,2,0,56,51,7,55,80,52,78,50,53,0,0,21,32,63,55,0,73,54,0,0,0,0,0,0,0,22,0,21,42,0,59,28
l18,10=0,0,0,0,0,0,0,0,0,0,0,0,0,0,0,0,37,0,0,69,74,72,0,0,0,0,0,0,0,0,0,0,0,0,0,0,0,0,0,0
l19,10=0,0,0,0,0,0,0,0,16,0,0,0,0,0,0,30,48,40,38,0,82,67,75,0,0,0,49,0,0,0,0,10,0,0,0,44,0,47,0,56
l20,10=0,0,0,0,0,0,0,0,2,0,0,26,48,36,28,0,44,0,30,85,0,86,86,0,38,0,7,0,0,0,0,0,48,0,0,70,80,47,59,47
l21,10=0,0,0,0,0,0,0,0,0,44,0,35,45,43,38,22,42,39,43,44,92,0,80,0,0,0,4,0,0,0,0,9,0,10,0,67,67,51,62,50
l22,10=0,0,0,0,0,0,0,0,40,3,0,0,0,0,0,23,34,32,0,78,92,80,0,0,0,0,15,0,0,13,0,46,0,0,0,80,67,53,78,46
l23,10=0,0,0,0,0,0,0,0,63,71,0,53,91,76,86,0,49,0,0,0,0,0,0,0,96,98,0,0,0,0,0,5,80,87,53,0,0,0,0,0
l24,10=0,0,0,0,0,0,0,0,19,61,0,53,92,79,91,49,91,63,0,0,57,0,0,95,0,94,0,0,0,0,0,0,0,82,10,0,0,0,47,0
l25,10=0,0,0,50,0,0,0,0,0,0,0,69,93,0,91,38,36,42,0,0,0,0,0,95,94,0,27,0,0,0,0,53,64,93,82,0,0,0,55,0
l26,10=0,0,0,0,0,0,0,0,0,0,0,0,0,0,0,0,0,0,0,62,40,0,27,0,0,12,0,64,98,96,96,96,94,51,64,0,0,0,0,0
l27,10=0,0,0,0,0,0,0,0,0,0,0,0,0,0,0,0,0,0,0,0,0,0,0,0,0,0,75,0,92,94,97,83,0,0,69,0,0,0,0,0
l28,10=0,0,0,0,0,0,0,0,0,0,0,0,0,0,0,0,0,0,0,3,11,0,11,0,0,0,91,93,0,96,97,89,57,62,53,0,0,0,0,0
l29,10=0,0,0,0,0,0,0,0,0,0,0,0,0,0,0,0,0,0,0,0,1,0,10,0,0,0,91,93,98,0,97,90,61,8,53,0,0,0,0,0
l30,10=0,0,0,0,0,0,0,0,0,0,0,0,0,0,0,0,0,0,0,0,0,0,0,0,0,0,89,94,98,96,0,89,66,54,61,0,0,0,0,0
l31,10=0,0,0,0,0,0,0,0,0,0,0,0,0,0,0,0,0,0,0,0,12,17,40,11,0,19,91,66,86,94,97,0,99,100,100,0,0,0,0,0
l32,10=0,0,0,0,0,0,0,0,0,0,0,0,0,0,0,0,7,0,0,0,34,0,0,69,5,26,91,0,12,69,74,99,0,100,100,0,0,0,0,0
l33,10=0,0,0,0,0,0,0,0,0,0,0,0,27,0,28,0,9,0,0,0,0,10,0,90,55,94,46,0,93,14,40,99,99,0,100,0,0,0,0,0
l34,10=0,0,0,0,0,0,0,0,0,0,0,0,0,0,0,0,46,0,0,0,27,0,0,61,33,77,90,62,36,41,52,99,99,100,0,0,0,0,0,0
l35,10=0,0,0,0,0,0,0,0,0,0,0,2,0,0,0,0,32,1,0,5,57,43,56,0,0,0,0,0,0,0,0,0,0,0,0,0,87,68,57,38
l36,10=0,0,0,0,0,0,0,0,0,0,0,3,12,0,32,2,20,13,0,0,65,32,46,0,0,0,0,0,0,0,0,0,0,0,0,85,0,72,66,59
l37,10=0,0,0,0,0,0,0,0,0,0,0,0,0,0,0,0,24,0,0,15,49,18,25,0,0,0,0,0,0,0,0,0,0,0,0,77,70,0,41,46
l38,10=0,0,0,0,0,0,0,0,0,0,0,11,47,30,0,4,48,29,0,0,69,64,62,0,15,20,0,0,0,0,0,0,0,0,0,80,81,34,0,54
l39,10=0,0,0,0,0,0,0,0,0,0,0,0,0,0,0,0,38,34,0,32,65,47,52,0,0,0,0,0,0,0,0,0,0,0,0,48,73,68,54,0

l0,11=0,87,78,88,74,80,75,70,56,71,0,0,0,0,0,0,0,0,0,0,0,0,0,1,0,0,0,0,0,0,0,0,0,0,0,0,0,0,0,0
l1,11=82,0,77,82,77,74,80,72,0,56,18,32,0,35,0,0,0,0,0,0,0,0,0,0,0,0,0,0,0,0,0,0,0,0,0,0,0,0,0,0
l2,11=84,84,0,86,82,84,78,69,53,0,53,0,0,9,0,0,0,0,0,0,0,0,0,0,0,0,0,0,0,0,0,0,0,0,0,0,0,0,0,0
l3,11=85,81,81,0,85,79,15,59,2,56,15,0,0,0,0,0,0,0,0,0,0,0,0,0,0,0,0,0,0,0,0,0,0,0,0,0,0,0,0,0
l4,11=77,79,78,83,0,75,69,63,27,62,60,0,0,0,37,0,0,0,0,0,0,0,0,14,0,0,0,0,0,0,0,0,0,0,0,0,0,0,0,0
l5,11=81,81,82,82,76,0,67,80,50,79,0,0,0,41,0,0,0,0,0,0,0,0,0,1,0,0,0,0,0,0,0,0,0,0,0,0,0,0,0,0
l6,11=59,79,39,17,68,32,0,75,55,75,42,16,0,59,0,31,17,0,0,0,0,0,0,0,0,0,0,0,0,0,0,0,0,0,0,0,0,0,0,0
l7,11=78,81,67,71,76,80,84,0,78,84,81,62,45,82,0,36,0,0,0,0,0,0,0,0,0,0,0,0,0,0,0,0,0,0,0,0,0,0,0,0
l8,11=58,0,17,29,27,60,66,72,0,81,64,72,58,83,0,70,0,25,0,43,0,0,0,49,13,0,0,0,0,0,0,0,0,0,0,0,0,0,0,0
l9,11=59,28,0,30,33,69,76,80,78,0,80,46,41,82,0,36,3,16,0,0,0,21,0,0,22,0,0,0,0,0,0,0,0,0,0,0,0,0,0,0
l10,11=0,1,34,20,69,0,76,80,70,85,0,65,0,76,0,68,0,11,0,0,0,0,0,0,0,0,0,0,0,0,0,0,0,0,0,0,0,0,0,0
l11,11=0,21,0,0,0,0,30,49,75,76,21,0,60,84,77,84,26,53,0,0,34,17,13,56,40,31,0,0,0,0,0,0,0,0,0,13,0,0,62,0
l12,11=0,0,0,0,0,0,0,1,51,68,0,54,0,69,95,50,48,58,0,0,44,19,14,59,94,90,0,0,0,0,0,0,0,0,0,0,0,0,66,0
l13,11=0,14,0,0,0,32,45,74,84,82,25,81,45,0,0,82,24,35,0,0,44,19,0,49,36,36,0,0,0,0,0,0,0,0,0,0,0,0,46,0
l14,11=0,0,0,0,27,0,0,0,0,0,0,83,87,0,0,17,84,60,0,0,34,4,0,88,72,59,0,0,0,0,0,0,0,36,0,14,25,0,57,0
l15,11=0,0,0,0,0,0,34,31,72,69,12,84,69,86,54,0,48,56,0,49,44,18,10,37,33,36,0,0,0,0,0,0,0,0,0,2,55,0,61,0
l16,11=0,0,0,0,0,0,10,0,0,29,0,22,40,54,79,22,0,37,8,0,45,23,13,29,50,32,0,0,0,0,0,0,29,3,7,0,65,41,68,36
l17,11=0,0,0,0,0,0,0,0,42,58,3,31,54,65,79,25,29,0,0,0,40,19,14,43,37,27,0,0,0,0,0,0,0,0,0,0,59,0,54,23
l18,11=0,0,0,0,0,0,0,0,0,0,0,0,0,0,0,0,25,0,0,63,66,69,23,0,0,0,0,0,0,0,0,0,0,0,0,0,0,0,0,2
l19,11=0,0,0,0,0,0,0,0,29,0,0,0,0,0,0,14,0,0,49,0,74,66,67,0,0,0,25,0,29,0,1,0,0,0,0,0,3,35,0,44
l20,11=0,0,0,0,0,0,0,0,0,0,0,13,21,45,6,14,39,12,44,82,0,84,88,0,0,0,0,0,23,0,0,1,17,0,0,15,73,51,63,48
l21,11=0,0,0,0,0,0,0,0,0,49,0,17,22,43,32,15,53,16,45,74,83,0,86,0,6,0,0,0,0,0,0,0,0,0,0,7,54,34,71,24
l22,11=0,0,0,0,0,0,0,0,0,0,0,17,19,0,0,0,15,13,0,69,83,79,0,0,0,0,21,0,0,23,0,37,0,0,0,54,66,32,67,58
l23,11=0,0,0,0,1,0,0,0,30,0,0,37,74,75,86,14,23,33,0,0,0,0,0,0,94,92,0,0,0,0,0,40,61,38,0,0,0,0,0,0
l24,11=0,0,0,0,0,0,0,0,18,47,0,26,87,61,70,18,83,32,0,0,1,0,0,95,0,84,0,0,0,0,0,0,0,0,0,0,0,0,0,0
l25,11=0,0,0,0,0,0,0,0,0,0,0,17,88,57,87,20,21,16,0,0,0,0,0,99,93,0,0,0,0,0,0,44,29,63,12,0,0,0,0,0
l26,11=0,0,0,0,0,0,0,0,0,0,0,0,0,0,0,0,0,0,0,58,16,0,33,0,0,0,0,76,94,91,93,91,81,52,65,0,0,0,0,0
l27,11=0,0,0,0,0,0,0,0,0,0,0,0,0,0,0,0,0,0,0,0,0,0,0,0,0,0,81,0,89,93,95,48,6,0,39,0,0,0,0,0
l28,11=0,0,0,0,0,0,0,0,0,0,0,0,0,0,0,0,0,0,0,17,22,0,6,0,0,0,86,90,0,95,95,81,63,0,38,0,0,0,0,0
l29,11=0,0,0,0,0,0,0,0,0,0,0,0,0,0,0,0,0,0,0,0,0,0,27,0,0,0,84,90,94,0,95,82,33,27,32,0,0,0,0,0
l30,11=0,0,0,0,0,0,0,0,0,0,0,0,0,0,0,0,0,0,0,0,0,0,0,0,0,0,84,90,94,95,0,80,42,45,44,0,0,0,0,0
l31,11=0,0,0,0,0,0,0,0,0,0,0,0,0,0,0,0,1,0,0,0,35,0,54,57,0,51,86,71,85,88,85,0,89,100,100,0,0,0,0,0
l32,11=0,0,0,0,0,0,0,0,0,0,0,0,0,0,0,0,10,0,0,0,18,0,0,30,0,11,86,2,40,38,45,87,0,100,100,0,0,0,0,0
l33,11=0,0,0,0,0,0,0,0,0,0,0,0,1,0,66,0,7,0,0,0,5,0,0,73,0,89,79,0,0,63,88,93,96,0,100,0,0,0,0,0
l34,11=0,0,0,0,0,0,0,0,0,0,0,0,0,0,18,0,15,0,0,0,0,0,0,0,0,15,82,59,34,81,86,93,96,100,0,0,0,0,0,0
l35,11=0,0,0,0,0,0,0,0,0,0,0,15,0,0,25,2,4,0,0,0,31,12,18,0,0,0,0,0,0,0,0,0,0,0,0,0,84,53,66,47
l36,11=0,0,0,0,0,0,0,0,0,0,0,0,0,0,0,8,23,17,0,0,39,22,20,0,0,0,0,0,0,0,0,0,0,0,0,47,0,67,76,66
l37,11=0,0,0,0,0,0,0,0,0,0,0,0,0,0,0,0,18,0,0,30,39,0,12,0,0,0,0,0,0,0,0,0,0,0,0,17,73,0,32,52
l38,11=0,0,0,0,0,0,0,0,0,0,0,20,30,10,35,18,26,7,0,0,41,24,20,0,0,0,0,0,0,0,0,0,0,0,0,20,84,19,0,61
l39,11=0,0,0,0,0,0,0,0,0,0,0,0,0,0,0,0,19,0,0,46,60,0,54,0,0,0,0,0,0,0,0,0,0,0,0,61,75,61,65,0

l0,12=0,86,78,87,87,84,56,71,0,55,66,0,0,0,0,0,0,0,0,0,0,0,0,0,0,0,0,0,0,0,0,0,0,0,0,0,0,0,0,0
l1,12=75,0,32,83,83,79,77,77,0,9,0,58,0,0,0,0,0,0,0,0,0,0,0,0,0,0,0,0,0,0,0,0,0,0,0,0,0,0,0,0
l2,12=82,81,0,86,86,85,80,3,0,79,83,0,0,33,0,0,0,0,0,0,0,0,0,0,0,0,0,0,0,0,0,0,0,0,0,0,0,0,0,0
l3,12=82,83,81,0,85,84,26,0,0,0,72,0,0,0,0,0,0,0,0,0,0,0,0,0,0,0,0,0,0,0,0,0,0,0,0,0,0,0,0,0
l4,12=72,78,75,83,0,67,68,60,23,56,63,0,0,0,54,0,0,0,0,0,0,0,0,32,0,0,0,0,0,0,0,0,0,0,0,0,0,0,0,0
l5,12=74,83,81,83,81,0,72,82,73,81,69,0,0,55,0,0,3,0,0,0,0,0,0,22,0,0,0,0,0,0,0,0,0,0,0,0,0,0,0,0
l6,12=36,78,82,56,75,72,0,80,44,46,75,66,4,57,36,64,17,0,0,0,0,0,0,0,0,0,0,0,0,0,0,0,0,0,0,0,0,0,0,0
l7,12=80,84,0,56,85,85,81,0,84,83,84,53,39,84,0,2,0,0,0,0,0,0,0,0,0,0,0,0,0,0,0,0,0,0,0,0,0,0,0,0
l8,12=0,0,0,51,55,67,66,70,0,83,81,69,62,84,0,69,24,7,0,46,0,27,0,0,40,0,0,0,0,0,0,0,0,0,0,0,0,0,0,0
l9,12=52,0,47,21,65,82,62,82,79,0,83,66,65,80,0,55,26,11,0,0,44,37,0,0,2,0,0,0,0,0,0,0,0,0,0,0,0,0,0,0
l10,12=48,38,72,74,61,57,71,82,78,84,0,62,1,73,0,57,0,0,0,0,0,0,0,0,0,0,0,0,0,0,0,0,0,0,0,0,0,0,0,0
l11,12=0,46,0,0,0,0,71,33,41,45,66,0,81,89,63,83,45,58,0,0,40,15,33,55,55,50,0,0,0,0,0,0,0,0,0,30,41,5,66,0
l12,12=0,0,0,0,0,0,0,0,31,42,0,88,0,69,94,83,78,92,0,0,52,34,22,53,90,93,0,0,0,0,0,0,0,0,0,0,0,0,68,0
l13,12=0,0,0,42,0,47,62,64,81,81,76,83,76,0,66,82,44,46,0,0,48,28,0,69,60,40,0,0,0,0,0,0,0,0,0,0,0,0,0,0
l14,12=0,0,0,0,42,0,36,0,0,0,0,68,89,72,0,58,79,63,0,0,44,36,0,82,92,60,0,0,0,0,0,0,0,54,47,49,21,0,0,0
l15,12=0,0,0,0,0,0,67,0,36,41,63,90,84,89,72,0,46,53,0,43,48,25,0,46,71,64,0,0,0,0,0,0,0,0,0,0,0,0,63,0
l16,12=0,0,0,0,0,0,15,0,4,15,0,61,77,54,82,61,0,53,29,29,51,35,3,32,79,49,0,0,0,0,0,0,0,8,7,0,56,37,71,14
l17,12=0,0,0,0,0,0,0,0,7,17,0,90,88,80,88,67,50,0,0,37,57,37,30,49,53,0,0,0,0,0,0,0,0,0,0,0,62,0,51,0
l18,12=0,0,0,0,0,0,0,0,0,0,0,0,0,0,0,0,63,0,0,53,64,52,0,0,0,0,0,0,0,0,0,0,0,0,0,0,0,0,0,0
l19,12=0,0,0,0,0,0,0,0,21,0,0,0,0,0,0,17,31,16,30,0,77,77,78,0,0,0,29,0,0,0,15,0,0,0,0,0,38,50,49,63
l20,12=0,0,0,0,0,0,0,0,0,23,0,35,55,40,1,23,65,26,30,83,0,85,86,0,0,0,0,0,0,0,0,23,0,0,0,54,75,59,62,30
l21,12=0,0,0,0,0,0,0,0,41,54,0,41,56,41,38,22,63,46,28,84,83,0,86,0,45,0,0,0,0,0,0,0,0,0,0,51,8,49,72,52
l22,12=0,0,0,0,0,0,0,0,0,0,0,35,49,0,0,0,0,13,0,80,82,82,0,0,0,0,0,0,0,0,0,2,0,0,0,63,79,0,69,76
l23,12=0,0,0,0,57,1,0,0,0,0,0,79,76,79,88,58,23,43,0,0,0,0,0,0,92,96,0,0,0,0,0,0,0,32,0,0,0,0,0,0
l24,12=0,0,0,0,0,0,0,0,12,0,0,44,86,61,94,72,79,22,0,0,0,39,0,92,0,93,0,0,0,0,0,0,27,0,0,0,17,0,48,0
l25,12=0,0,0,0,0,0,0,0,0,14,0,46,88,27,61,67,75,1,0,0,0,0,0,97,89,0,0,0,0,8,0,68,50,79,82,0,0,0,0,0
l26,12=0,0,0,0,0,0,0,0,0,0,0,0,0,0,0,0,0,0,0,49,10,0,8,0,0,0,0,73,88,71,81,88,75,67,76,0,0,0,0,0
l27,12=0,0,0,0,0,0,0,0,0,0,0,0,0,0,0,0,0,0,0,0,0,0,0,0,0,0,76,0,83,95,92,75,0,24,36,0,0,0,0,0
l28,12=0,0,0,0,0,0,0,0,0,0,0,0,0,0,0,0,0,0,0,0,0,0,10,0,0,0,92,93,0,96,92,73,67,63,71,0,0,0,0,0
l29,12=0,0,0,0,0,0,0,0,0,0,0,0,0,0,0,0,0,0,0,0,0,0,0,0,0,0,79,93,88,0,92,85,65,54,68,0,0,0,0,0
l30,12=0,0,0,0,0,0,0,0,0,0,0,0,0,0,0,0,0,0,0,0,0,0,0,0,0,0,83,93,88,96,0,80,75,33,39,0,0,0,0,0
l31,12=0,0,0,0,0,0,0,0,0,0,0,0,0,0,0,0,0,0,0,0,59,0,5,1,0,67,92,85,83,94,92,0,94,100,100,0,0,0,0,0
l32,12=0,0,0,0,0,0,0,0,0,0,0,0,0,0,0,0,0,0,0,0,0,0,0,12,48,61,87,0,73,86,80,94,0,100,100,0,0,0,0,0
l33,12=0,0,0,0,0,0,0,0,0,0,0,0,0,0,74,0,14,0,0,0,0,0,0,42,14,78,74,28,61,77,74,99,95,0,100,0,0,0,0,0
l34,12=0,0,0,0,0,0,0,0,0,0,0,0,0,0,51,0,7,0,0,0,0,0,0,0,0,92,92,45,82,93,69,99,95,100,0,0,0,0,0,0
l35,12=0,0,0,0,0,0,0,0,0,0,0,1,0,0,9,0,0,0,0,0,52,17,40,0,0,0,0,0,0,0,0,0,0,0,0,0,86,71,63,39
l36,12=0,0,0,0,0,0,0,0,0,0,0,5,0,0,2,0,31,5,0,24,58,0,44,0,2,0,0,0,0,0,0,0,0,0,0,84,0,79,79,41
l37,12=0,0,0,0,0,0,0,0,0,0,0,0,0,0,0,0,18,0,0,31,50,6,0,0,0,0,0,0,0,0,0,0,0,0,0,73,81,0,0,43
l38,12=0,0,0,0,0,0,0,0,0,0,0,26,60,0,0,13,41,5,0,26,54,40,39,0,26,0,0,0,0,0,0,0,0,0,0,77,82,0,0,36
l39,12=0,0,0,0,0,0,0,0,0,0,0,0,0,0,0,0,28,0,0,40,50,31,74,0,0,0,0,0,0,0,0,0,0,0,0,70,74,79,61,0

l0,13=0,92,89,92,91,90,82,82,71,56,86,0,0,0,0,0,0,0,0,0,0,0,0,0,0,0,0,0,0,0,0,0,0,0,0,0,0,0,0,0
l1,13=90,0,82,94,82,83,82,85,0,69,76,0,0,0,0,0,0,0,0,0,0,0,0,0,0,0,0,0,0,0,0,0,0,0,0,0,0,0,0,0
l2,13=89,85,0,87,87,86,83,86,0,79,86,0,0,31,0,0,0,0,0,0,0,0,0,0,0,0,0,0,0,0,0,0,0,0,0,0,0,0,0,0
l3,13=92,90,85,0,87,84,84,58,67,70,85,0,0,0,0,0,0,0,0,0,0,0,0,0,0,0,0,0,0,0,0,0,0,0,0,0,0,0,0,0
l4,13=88,85,81,87,0,84,82,69,0,47,80,0,0,59,0,0,0,0,0,0,0,0,0,46,0,0,0,0,0,0,0,0,0,0,0,0,0,0,0,0
l5,13=86,84,80,86,78,0,83,84,77,79,86,0,0,44,0,0,22,0,0,0,0,0,0,0,0,0,0,0,0,0,0,0,0,0,0,0,0,0,0,0
l6,13=84,88,82,86,78,85,0,0,73,79,0,80,0,42,0,77,0,0,0,0,0,0,0,0,0,0,0,0,0,0,0,0,0,0,0,0,0,0,0,0
l7,13=54,76,55,32,48,83,0,0,83,85,90,41,10,42,0,59,0,0,0,0,0,0,0,0,0,0,0,0,0,0,0,0,0,0,0,0,0,0,0,0
l8,13=48,0,0,26,0,73,76,88,0,92,87,68,32,86,34,43,74,59,0,66,0,40,10,0,75,0,0,0,0,0,0,0,0,0,0,0,0,0,0,0
l9,13=39,5,70,53,47,82,82,86,84,0,89,72,77,83,40,78,69,63,0,0,63,65,0,12,0,0,0,0,0,0,0,0,0,0,0,0,0,0,0,0
l10,13=50,41,52,29,48,82,0,88,83,92,0,70,0,83,0,71,0,0,0,0,0,0,0,0,0,0,0,0,0,0,0,0,0,0,0,0,0,0,0,0
l11,13=0,0,0,0,0,0,82,1,68,77,75,0,88,96,33,90,88,91,0,0,56,48,38,75,70,39,0,0,0,0,0,0,0,0,0,0,0,0,26,0
l12,13=0,0,0,0,0,0,0,0,0,75,0,93,0,29,60,89,91,98,0,0,60,41,32,76,98,84,0,0,0,0,0,0,0,63,0,0,0,0,50,0
l13,13=0,0,21,2,43,73,75,79,86,87,86,93,52,0,33,90,77,83,0,19,59,45,0,78,67,42,0,0,0,0,0,0,0,0,0,0,0,0,59,0
l14,13=0,0,0,0,0,0,0,0,75,55,0,86,85,36,0,80,95,82,0,0,0,0,0,97,98,54,0,0,0,0,0,0,1,61,65,0,0,0,25,0
l15,13=0,0,0,0,0,0,79,2,3,80,74,95,73,65,32,0,91,91,0,57,57,37,0,80,85,45,0,0,0,0,0,0,0,0,0,0,21,0,58,0
l16,13=0,0,0,0,0,1,0,0,51,53,0,86,53,20,37,84,0,91,47,58,58,41,29,2,74,20,0,0,0,0,0,0,0,16,10,48,25,0,63,55
l17,13=0,0,0,0,0,0,0,0,58,66,0,94,98,35,33,89,89,0,0,65,65,52,28,69,80,0,0,0,0,0,0,0,0,57,0,0,24,0,60,0
l18,13=0,0,0,0,0,0,0,0,0,0,0,0,0,0,0,0,85,0,0,96,94,0,2,0,0,0,0,0,0,0,0,0,0,0,0,0,0,0,0,0
l19,13=0,0,0,0,0,0,0,0,41,0,0,0,0,1,0,47,57,48,62,0,96,91,88,0,0,0,21,0,40,53,19,4,0,0,0,0,21,18,44,72
l20,13=0,0,0,0,0,0,0,0,0,35,0,62,48,18,0,61,82,85,62,96,0,96,98,0,0,0,0,0,0,0,0,20,0,0,1,52,49,31,76,82
l21,13=0,0,0,0,0,0,0,0,45,52,0,77,46,34,0,56,76,84,0,96,98,0,98,0,61,0,0,0,0,0,0,0,0,0,0,0,20,0,85,81
l22,13=0,0,0,0,0,0,0,0,2,0,0,58,36,0,0,0,72,46,0,92,98,95,0,0,0,0,17,0,0,0,0,0,0,0,0,68,30,7,72,87
l23,13=0,0,0,0,32,0,0,0,0,60,0,85,59,36,98,81,0,82,0,0,0,0,0,0,86,99,0,0,0,0,0,0,0,28,0,0,0,0,0,0
l24,13=0,0,0,0,0,0,0,0,79,0,0,83,98,31,99,88,85,83,0,0,0,45,0,82,0,78,0,0,0,0,0,0,24,0,0,0,25,0,14,0
l25,13=0,0,0,0,0,0,0,0,0,0,0,74,98,33,46,83,78,31,0,0,0,0,0,98,98,0,0,0,0,5,0,31,30,81,90,0,0,0,0,0
l26,13=0,0,0,0,0,0,0,0,0,0,0,0,0,0,0,0,0,0,0,59,20,0,48,0,0,0,0,72,98,70,97,100,72,75,0,0,0,0,0,0
l27,13=0,0,0,0,0,0,0,0,0,0,0,0,0,0,0,0,0,0,0,0,0,0,0,0,0,0,83,0,98,98,98,77,65,74,26,0,0,0,0,0
l28,13=0,0,0,0,0,0,0,0,0,0,0,0,0,0,0,0,0,0,0,60,0,0,29,0,0,0,98,97,0,98,98,90,63,75,79,0,0,0,0,0
l29,13=0,0,0,0,0,0,0,0,0,0,0,0,0,0,0,0,0,0,0,52,0,0,0,0,0,0,80,97,98,0,98,80,75,64,74,0,0,0,0,0
l30,13=0,0,0,0,0,0,0,0,0,0,0,0,0,0,0,0,0,0,0,2,0,0,0,0,0,0,98,97,98,98,0,83,70,74,0,0,0,0,0,0
l31,13=0,0,0,0,0,0,0,0,0,0,0,0,0,0,0,0,0,0,0,23,76,0,0,0,0,68,98,96,97,97,97,0,100,99,100,0,0,0,0,0
l32,13=0,0,0,0,0,0,0,0,0,0,0,0,30,0,19,0,0,0,0,0,1,0,0,11,65,83,94,25,74,95,90,100,0,100,100,0,0,0,0,0
l33,13=0,0,0,0,0,0,0,0,0,0,0,0,91,0,39,0,73,81,0,0,0,0,0,67,40,97,95,45,95,93,94,100,100,0,100,0,0,0,0,0
l34,13=0,0,0,0,0,0,0,0,0,0,0,0,0,0,31,0,74,0,0,0,58,0,7,1,0,98,0,13,98,98,38,100,100,100,0,0,0,0,0,0
l35,13=0,0,0,0,0,0,0,0,0,0,0,0,0,0,0,0,51,0,0,0,34,0,35,0,0,0,0,0,0,0,0,0,0,0,0,0,87,92,87,74
l36,13=0,0,0,0,0,0,0,0,0,0,0,0,5,0,0,54,77,36,0,63,64,0,44,0,47,0,0,0,0,0,0,0,0,0,0,87,0,32,77,74
l37,13=0,0,0,0,0,0,0,0,0,0,0,0,0,0,0,0,0,0,0,68,63,0,0,0,0,0,0,0,0,0,0,0,0,0,0,85,27,0,31,75
l38,13=0,0,0,0,0,0,0,0,0,0,0,0,24,17,0,55,73,50,0,58,66,44,46,0,5,0,0,0,0,0,0,0,0,0,0,78,30,12,0,60
l39,13=0,0,0,0,0,0,0,0,0,0,0,0,0,0,0,0,69,0,0,78,61,38,50,0,0,0,0,0,0,0,0,0,0,0,0,70,28,29,61,0

l0,14=0,97,96,99,96,96,95,95,75,93,94,0,0,1,0,0,0,0,0,0,0,0,0,0,0,0,0,0,0,0,0,0,0,0,0,0,0,0,0,0
l1,14=91,0,96,96,96,96,45,49,0,1,26,0,0,39,0,0,0,0,0,0,0,0,0,0,0,0,0,0,0,0,0,0,0,0,0,0,0,0,0,0
l2,14=99,100,0,96,100,100,100,97,91,95,94,0,0,51,0,22,0,0,0,0,0,0,0,0,0,0,0,0,0,0,0,0,0,0,0,0,0,0,0,0
l3,14=94,97,96,0,96,96,95,85,0,93,94,0,0,0,0,0,0,0,0,0,0,0,0,0,0,0,0,0,0,0,0,0,0,0,0,0,0,0,0,0
l4,14=91,97,96,96,0,96,87,0,0,83,93,0,0,25,0,5,0,0,0,0,0,0,0,0,0,4,0,0,0,0,0,0,0,0,0,0,0,0,0,0
l5,14=92,97,96,96,96,0,95,92,83,96,94,0,0,57,0,75,0,0,0,0,0,0,0,0,0,0,0,0,0,0,0,0,0,0,0,0,0,0,0,0
l6,14=88,90,96,96,90,95,0,92,87,90,88,97,0,87,0,83,0,0,0,0,0,0,53,0,0,0,0,0,0,0,0,0,0,0,0,0,0,0,0,0
l7,14=92,29,96,95,3,85,95,0,95,97,98,0,0,90,0,21,91,0,0,0,0,0,0,0,0,0,0,0,0,0,0,0,0,0,0,0,0,0,0,0
l8,14=20,0,40,40,27,26,25,39,0,100,95,45,40,37,45,39,34,0,0,6,24,46,36,0,37,0,0,0,0,0,0,0,0,0,0,0,0,0,0,0
l9,14=35,0,44,45,38,96,36,94,97,0,100,90,0,96,35,87,35,33,0,0,38,46,0,36,0,0,0,0,0,0,0,0,0,0,0,0,0,0,0,0
l10,14=85,0,44,89,96,95,92,94,95,100,0,43,40,96,23,33,0,0,0,0,14,1,0,0,0,0,0,0,0,0,0,0,0,0,0,0,0,0,0,0
l11,14=0,0,0,0,0,0,87,0,41,95,52,0,98,99,94,97,98,97,0,0,41,49,48,45,22,48,0,0,0,0,0,0,0,0,0,0,26,0,7,0
l12,14=0,0,0,0,0,0,0,0,43,0,25,97,0,97,100,94,91,99,0,1,77,0,44,96,97,98,0,0,0,0,0,0,0,69,0,0,1,0,0,0
l13,14=6,28,30,0,54,20,66,70,39,100,94,100,94,0,94,97,68,90,0,19,0,72,0,31,91,88,0,0,0,0,0,0,0,0,0,0,0,0,31,0
l14,14=0,0,0,0,0,0,0,0,35,21,6,95,100,47,0,70,92,39,0,0,0,0,0,96,100,49,0,0,0,0,0,0,14,44,0,0,0,0,34,0
l15,14=0,0,0,0,2,15,27,0,43,64,50,100,98,99,55,0,98,97,0,16,35,49,0,96,93,48,0,0,0,0,0,0,0,0,0,0,0,0,36,0
l16,14=0,0,0,0,0,0,0,18,13,11,0,98,91,38,99,95,0,92,0,25,69,90,95,0,95,31,0,0,0,0,0,0,0,37,48,88,63,9,22,59
l17,14=0,0,0,0,0,0,0,0,0,53,0,98,98,99,94,95,98,0,0,48,84,97,84,96,98,91,0,0,0,0,0,0,0,36,0,28,0,0,68,0
l18,14=0,0,0,0,0,0,0,0,0,0,0,0,0,0,0,0,77,0,0,80,87,5,87,0,0,0,0,0,0,0,0,0,0,0,0,0,0,0,0,0
l19,14=0,0,0,0,0,0,0,0,0,0,0,0,75,48,0,78,91,92,58,0,100,97,92,0,0,0,83,0,67,94,0,0,0,0,0,20,80,40,41,89
l20,14=0,0,0,0,0,0,0,0,0,55,0,91,86,0,0,84,93,91,56,98,0,99,99,0,0,0,0,0,0,0,0,0,0,0,73,85,62,48,70,96
l21,14=0,0,0,0,0,0,0,0,54,64,23,93,0,91,0,83,91,92,0,98,100,0,99,0,82,0,0,0,0,0,0,0,0,0,0,81,60,47,87,88
l22,14=0,0,0,0,0,0,39,0,14,0,0,92,84,0,0,0,95,84,48,95,99,99,0,0,0,0,78,0,8,0,0,0,0,0,0,84,80,48,66,95
l23,14=0,0,0,0,0,0,0,0,0,29,0,52,93,32,96,84,0,42,0,0,0,0,0,0,40,99,0,0,0,0,0,0,33,48,47,0,0,0,0,0
l24,14=0,0,0,0,0,0,0,0,35,0,0,0,100,42,100,87,94,94,0,0,0,48,0,41,0,97,0,0,0,0,0,0,0,0,0,0,29,0,0,0
l25,14=0,0,0,0,35,0,0,0,0,0,0,94,100,92,91,87,33,84,0,0,0,0,0,99,93,0,0,0,8,0,0,0,39,81,93,0,0,0,0,0
l26,14=0,0,0,0,0,0,0,0,0,0,0,0,0,0,0,0,0,0,0,92,21,0,95,0,0,0,0,98,100,97,98,99,97,98,98,0,0,0,0,0
l27,14=0,0,0,0,0,0,0,0,0,0,0,0,0,0,0,0,0,0,0,0,0,0,0,0,0,0,89,0,100,100,100,84,82,85,0,0,0,0,0,0
l28,14=0,0,0,0,0,0,0,0,0,0,0,0,0,0,0,0,0,0,0,71,9,0,14,0,0,17,99,100,0,100,100,89,79,91,84,0,0,0,0,0
l29,14=0,0,0,0,0,0,0,0,0,0,0,0,0,0,0,0,0,0,0,86,3,0,0,0,0,0,88,100,100,0,100,84,82,0,83,0,0,0,0,0
l30,14=0,0,0,0,0,0,0,0,0,0,0,0,0,0,0,0,0,0,0,0,0,0,0,0,0,0,99,100,100,100,0,84,82,91,0,0,0,0,0,0
l31,14=0,0,0,0,0,0,0,0,0,0,0,0,0,0,0,0,0,0,0,8,35,0,0,0,0,0,99,89,99,98,94,0,99,100,100,0,0,0,0,0
l32,14=0,0,0,0,0,0,0,0,0,0,0,0,0,0,79,0,0,0,0,0,47,0,0,92,0,83,99,89,83,99,96,100,0,100,100,0,0,0,0,0
l33,14=0,0,0,0,0,0,0,0,0,0,0,0,93,0,86,0,91,39,0,0,0,0,0,96,0,97,97,90,97,0,100,100,100,0,100,0,0,0,0,0
l34,14=0,0,0,0,0,0,0,0,0,0,0,0,0,0,0,0,82,0,0,0,64,0,0,86,0,99,99,0,100,100,0,100,100,100,0,0,0,0,0,0
l35,14=0,0,0,0,0,0,0,0,0,0,0,0,25,0,0,0,87,0,0,0,72,57,86,0,0,0,0,0,0,0,0,0,0,0,0,0,96,93,92,94
l36,14=0,0,0,0,0,0,0,0,0,0,0,17,20,0,0,0,88,0,0,22,75,79,87,0,48,0,0,0,0,0,0,0,0,0,0,98,0,48,69,87
l37,14=0,0,0,0,0,0,0,0,0,0,0,0,0,0,0,0,83,0,0,8,33,92,85,0,0,0,0,0,0,0,0,0,0,0,0,96,59,0,60,88
l38,14=0,0,0,0,0,0,0,0,0,0,0,0,0,13,82,79,59,88,0,0,83,92,92,0,0,0,0,0,0,0,0,0,0,0,0,97,64,16,0,85
l39,14=0,0,0,0,0,0,0,0,0,0,0,0,0,0,0,0,90,0,0,49,74,92,88,0,0,0,0,0,0,0,0,0,0,0,0,86,59,48,59,0

l0,15=0,95,95,100,100,100,95,91,0,98,0,0,0,0,0,0,0,0,0,0,0,0,0,0,0,0,0,0,0,0,0,0,0,0,0,0,0,0,0,0
l1,15=94,0,95,94,96,93,94,89,73,0,90,0,0,92,0,0,0,0,0,0,0,0,0,0,14,0,0,0,0,0,0,0,0,0,0,0,0,0,0,0
l2,15=97,100,0,96,99,100,98,96,94,98,92,50,0,96,0,0,0,0,0,0,0,0,0,0,0,0,0,0,0,0,0,0,0,0,0,0,0,0,0,0
l3,15=99,94,92,0,99,93,52,0,0,90,89,0,0,0,0,0,0,0,0,0,0,0,0,0,0,0,0,0,0,0,0,0,0,0,0,0,0,0,0,0
l4,15=97,96,95,94,0,96,94,89,4,93,90,0,0,50,0,0,0,0,0,0,0,0,0,0,0,0,0,0,0,0,0,0,0,0,0,0,0,0,0,0
l5,15=94,94,95,94,96,0,95,91,93,98,94,7,0,94,0,83,0,0,0,0,0,0,0,0,0,0,0,0,0,0,0,0,0,0,0,0,0,0,0,0
l6,15=94,94,95,90,95,93,0,91,66,98,94,93,90,94,0,92,0,0,0,0,0,0,34,0,0,0,0,0,0,0,0,0,0,0,0,0,0,0,0,0
l7,15=94,93,95,45,96,93,95,0,94,98,100,0,0,82,0,0,97,0,0,0,0,1,0,0,0,0,0,0,0,0,0,0,0,0,0,0,0,0,0,0
l8,15=2,48,82,0,7,55,19,92,0,100,97,92,69,57,54,92,1,0,0,44,3,86,77,0,56,0,0,0,0,0,0,0,0,0,0,0,0,0,0,0
l9,15=93,0,94,56,94,95,93,93,100,0,100,87,0,99,13,96,0,82,0,0,93,91,9,54,0,0,0,0,0,0,0,0,0,0,0,0,0,0,0,0
l10,15=0,90,86,89,96,93,95,93,94,99,0,17,90,96,72,0,0,0,0,0,2,0,0,0,0,0,0,0,0,0,0,0,0,0,0,0,0,0,0,0
l11,15=0,0,0,0,0,7,75,0,91,94,23,0,99,100,55,100,100,98,0,1,89,98,81,55,56,89,0,0,0,0,0,0,0,0,0,0,60,0,76,0
l12,15=0,0,0,0,0,0,33,0,96,0,96,95,0,99,100,96,98,99,0,6,94,0,82,95,99,100,0,0,0,0,0,0,0,0,0,0,37,0,70,0
l13,15=0,55,88,0,67,50,60,76,96,100,99,100,100,0,53,100,93,99,0,49,61,0,30,55,56,84,0,0,0,0,0,0,0,0,0,0,0,0,5,0
l14,15=0,0,0,0,0,0,0,0,92,54,57,93,99,45,0,96,98,98,0,0,0,55,0,95,100,88,0,0,0,0,0,0,0,80,0,0,38,0,0,0
l15,15=0,0,0,0,0,38,60,0,97,99,0,100,70,59,60,0,100,99,0,0,91,96,1,61,62,84,0,0,0,0,0,0,0,0,0,78,0,0,88,0
l16,15=0,0,0,0,0,0,0,79,0,0,0,96,70,32,60,98,0,91,85,89,91,93,91,17,62,38,0,0,0,0,0,0,0,41,0,85,62,55,80,72
l17,15=0,0,0,0,0,0,0,0,0,92,0,98,69,59,61,100,94,0,0,86,96,99,93,59,62,85,0,0,0,0,0,0,0,78,47,0,61,53,89,0
l18,15=0,0,0,0,0,0,0,0,0,0,0,0,0,0,0,0,81,0,0,9,77,34,75,0,0,0,0,0,0,0,0,0,0,0,0,0,0,0,0,0
l19,15=0,0,0,0,0,0,0,0,32,0,0,0,43,6,0,0,78,75,0,0,98,87,92,0,0,0,0,0,47,70,0,0,0,0,0,8,47,31,42,69
l20,15=0,0,0,0,0,0,0,0,0,87,0,80,60,0,0,93,90,88,81,95,0,99,98,0,0,0,0,0,0,0,0,0,1,0,0,88,59,54,90,76
l21,15=0,0,0,0,0,0,0,0,78,87,10,86,0,0,42,93,92,90,1,93,98,0,98,0,6,0,0,0,0,0,0,0,0,0,25,80,93,0,97,72
l22,15=0,0,0,0,0,0,4,0,66,68,0,72,50,1,0,2,86,77,47,72,98,99,0,0,0,0,57,0,1,0,0,0,0,0,0,67,51,49,79,65
l23,15=0,0,0,0,0,0,0,0,0,94,0,85,95,57,100,96,0,99,0,0,0,0,0,0,100,100,0,0,0,0,0,0,57,100,0,0,0,0,0,0
l24,15=0,0,0,0,0,0,0,0,93,0,0,94,100,48,100,100,98,99,0,0,0,0,0,99,0,89,0,0,0,0,0,0,39,0,0,0,55,0,0,0
l25,15=0,0,0,0,0,0,0,0,0,0,0,83,100,58,92,94,89,84,0,0,0,0,0,100,87,0,90,0,40,3,0,59,58,92,84,0,0,0,0,0
l26,15=0,0,0,0,0,0,0,0,0,0,0,0,0,0,0,0,0,0,0,0,78,0,78,0,0,83,0,91,95,93,69,88,94,0,76,0,0,0,0,0
l27,15=0,0,0,0,0,0,0,0,0,0,0,0,0,0,0,0,0,0,0,0,0,0,0,0,0,0,93,0,95,97,78,84,91,92,71,0,0,0,0,0
l28,15=0,0,0,0,0,0,0,0,0,0,0,0,0,0,0,0,0,0,0,68,0,0,59,0,0,61,97,93,0,97,69,84,90,95,72,0,0,0,0,0
l29,15=0,0,0,0,0,0,0,0,0,0,0,0,0,0,0,0,0,0,0,88,0,0,0,0,0,1,90,94,95,0,78,84,90,95,75,0,0,0,0,0
l30,15=0,0,0,0,0,0,0,0,0,0,0,0,0,0,0,0,0,0,0,0,0,0,0,0,0,0,97,94,95,97,0,84,90,95,0,0,0,0,0,0
l31,15=0,0,0,0,0,0,0,0,0,0,0,0,0,0,0,0,0,0,0,0,0,0,0,0,0,86,94,87,91,92,65,0,97,97,86,0,0,0,0,0
l32,15=0,0,0,0,0,0,0,0,0,0,0,0,26,0,0,0,1,0,0,0,84,0,0,90,73,88,93,86,89,93,63,97,0,99,87,0,0,0,0,0
l33,15=0,0,0,0,0,0,0,0,0,0,0,0,57,0,84,0,93,88,0,0,0,0,0,98,0,92,0,85,90,86,73,99,98,0,87,0,0,0,0,0
l34,15=0,0,0,0,0,0,0,0,0,0,0,0,0,0,0,0,0,13,0,0,0,23,0,0,0,94,97,84,90,92,0,97,98,99,0,0,0,0,0,0
l35,15=0,0,0,0,0,0,0,0,0,0,0,0,4,0,0,67,69,0,0,64,78,62,73,0,0,0,0,0,0,0,0,0,0,0,0,0,96,90,91,89
l36,15=0,0,0,0,0,0,0,0,0,0,0,85,29,0,2,0,93,80,0,82,93,92,90,0,38,0,0,0,0,0,0,0,0,0,0,88,0,58,91,89
l37,15=0,0,0,0,0,0,0,0,0,0,0,0,0,0,0,0,77,0,0,9,86,0,88,0,0,0,0,0,0,0,0,0,0,0,0,92,95,0,90,88
l38,15=0,0,0,0,0,0,0,0,0,0,0,63,21,0,0,93,87,92,0,4,94,96,89,0,0,0,0,0,0,0,0,0,0,0,0,86,64,57,0,87
l39,15=0,0,0,0,0,0,0,0,0,0,0,0,0,0,0,0,72,0,0,70,90,68,83,0,0,0,0,0,0,0,0,0,0,0,0,90,60,54,77,0

