t=2016-04-12_17.01.32

n=40

q0=1
q1=1
q2=1
q3=1
q4=1
q5=1
q6=1
q7=1
q8=1
q9=1
q10=1
q11=1
q12=1
q13=1
q14=1
q15=1
q16=1
q17=1
q18=1
q19=1
q20=1
q21=1
q22=1
q23=1
q24=1
q25=1
q26=1
q27=1
q28=1
q29=1
q30=1
q31=1
q32=1
q33=1
q34=1
q35=1
q36=1
q37=1
q38=1
q39=1

a0=0x141592000c576ce6
a1=0x141592000c5aedbc
a2=0x141592000c5750f4
a3=0x141592000c576658
a4=0x141592000c575890
a5=0x141592000c574ffa
a6=0x141592000c5acf11
a7=0x141592000d9df361
a8=0x141592000c576300
a9=0x141592000c5779b6
a10=0x141592000c5762b9
a11=0x141592000c5af078
a12=0x141592000c575517
a13=0x141592000c5752c3
a14=0x141592000c5a4baa
a15=0x141592000c5776e7
a16=0x141592000c58cdeb
a17=0x141592000c5881fc
a18=0x141592000bd81d33
a19=0x141592000bd84d6a
a20=0x141592000c577233
a21=0x141592000c574527
a22=0x141592000c5746a3
a23=0x141592000c574da3
a24=0x141592000c5741c9
a25=0x141592000da244ea
a26=0x141592000c5ae886
a27=0x141592000c57510e
a28=0x141592000c5ab6c8
a29=0x141592000c574d05
a30=0x141592000edae61f
a31=0x141592000c57667e
a32=0x141592000c577f43
a33=0x141592000c576449
a34=0x1415920010f4117a
a35=0x141592000c575966
a36=0x141592000c574d35
a37=0x141592000c576fb1
a38=0x141592000c5aea5d
a39=0x141592000c59f23f

l0,0=0,91,90,93,92,90,88,77,57,80,78,0,0,0,0,0,0,0,0,0,0,0,0,0,0,0,0,0,0,0,0,0,0,0,0,0,0,0,0,0
l1,0=87,0,90,88,92,90,70,83,85,59,78,0,0,2,0,0,0,0,0,0,0,0,0,0,0,0,0,0,0,0,0,0,0,0,0,0,0,0,0,0
l2,0=80,94,0,60,90,90,92,83,56,61,55,0,0,77,0,0,0,0,0,0,0,0,0,0,0,0,0,0,0,0,0,0,0,0,0,0,0,0,0,0
l3,0=95,93,90,0,92,86,89,82,59,0,39,0,0,0,0,0,0,0,0,0,0,0,0,0,0,0,0,0,0,0,0,0,0,0,0,0,0,0,0,0
l4,0=92,93,91,87,0,89,76,71,79,56,46,0,0,75,0,0,0,0,0,0,0,0,0,0,0,0,0,0,0,0,0,0,0,0,0,0,0,0,0,0
l5,0=80,95,90,60,76,0,88,74,83,60,50,40,0,59,0,0,0,0,0,0,0,0,0,0,0,0,0,0,0,0,0,0,0,0,0,0,0,0,0,0
l6,0=73,48,93,61,66,88,0,79,81,56,50,33,0,74,0,52,26,0,0,0,0,0,0,0,0,0,0,0,0,0,0,0,0,0,0,0,0,0,0,0
l7,0=25,82,85,55,66,87,88,0,81,61,52,52,0,68,0,60,0,0,0,0,0,0,0,0,0,0,0,0,0,0,0,0,0,0,0,0,0,0,0,0
l8,0=0,58,0,21,44,47,80,71,0,82,21,83,33,88,60,80,45,12,0,0,0,71,0,0,26,14,0,0,0,0,0,0,0,0,0,0,0,0,51,0
l9,0=72,55,84,0,42,88,82,76,92,0,79,75,32,72,39,71,39,15,0,0,0,0,28,0,0,0,0,0,0,0,0,0,0,0,0,0,0,0,0,0
l10,0=78,82,87,45,68,88,83,79,82,85,0,84,28,84,0,79,0,0,0,0,0,0,0,0,0,0,0,0,0,0,0,0,0,0,0,0,0,0,0,0
l11,0=0,0,0,0,1,16,28,44,54,38,6,0,94,92,89,94,49,50,0,25,0,54,0,0,68,0,0,0,0,0,0,0,0,0,0,0,26,0,59,0
l12,0=0,0,0,0,0,0,0,0,40,31,2,89,0,88,88,93,38,95,0,0,55,56,0,81,90,77,0,0,0,0,0,0,0,47,0,2,18,0,68,0
l13,0=0,0,49,0,18,0,31,20,90,36,64,90,80,0,81,76,33,21,0,27,0,65,30,28,24,57,0,0,0,0,0,0,0,0,0,0,0,0,57,0
l14,0=0,0,0,0,0,0,0,0,50,20,0,60,86,85,0,86,84,27,0,0,62,0,47,82,82,82,0,0,0,0,0,0,0,58,0,0,19,0,63,0
l15,0=0,0,0,0,0,0,27,28,45,32,6,100,94,66,75,0,38,23,0,0,14,0,37,0,84,0,0,0,0,0,0,0,0,0,0,0,23,0,69,0
l16,0=0,0,0,0,0,0,14,0,41,29,0,51,65,36,84,74,0,28,0,35,51,77,67,30,79,0,0,0,0,0,0,0,0,34,2,4,21,0,75,57
l17,0=0,0,0,0,0,0,0,0,33,33,0,64,94,82,86,90,92,0,0,0,63,69,16,0,78,67,0,0,0,0,0,0,0,54,0,0,30,0,0,0
l18,0=0,0,0,0,0,0,0,0,0,0,0,0,0,0,0,0,0,0,0,0,77,1,77,0,0,0,0,0,0,0,0,0,0,0,0,0,0,0,0,0
l19,0=0,0,0,0,0,0,0,0,0,0,0,16,0,49,0,0,57,0,0,0,79,45,90,0,0,0,35,0,0,0,0,17,0,0,0,12,67,0,53,71
l20,0=0,0,0,0,0,0,0,0,0,0,0,0,39,1,43,19,42,20,50,81,0,90,91,0,0,0,0,0,0,0,0,0,0,0,23,10,60,46,97,94
l21,0=0,0,0,0,0,0,0,0,49,0,0,25,52,58,0,0,76,56,12,18,90,0,89,0,0,0,2,0,0,0,0,1,0,0,0,48,53,16,81,71
l22,0=0,0,0,0,0,0,0,0,11,10,0,0,1,51,38,37,66,15,28,85,90,90,0,0,0,0,10,0,0,0,0,13,9,0,0,18,56,20,77,79
l23,0=0,0,0,0,0,0,0,0,11,0,0,0,85,82,84,0,56,0,0,0,0,0,0,0,83,0,0,0,0,0,0,0,6,72,74,0,0,0,0,0
l24,0=0,0,0,0,0,0,0,0,44,0,0,54,93,59,84,85,82,23,0,0,0,0,0,85,0,78,0,0,0,0,0,0,45,71,61,0,0,0,0,0
l25,0=0,0,0,0,0,0,0,0,34,0,0,0,82,71,87,0,0,46,0,0,0,0,0,0,77,0,61,13,0,0,0,34,70,72,74,0,0,0,0,0
l26,0=0,0,0,0,0,0,0,0,0,0,0,0,0,0,0,0,0,0,0,53,0,1,29,0,0,48,0,73,98,82,94,84,75,59,60,0,0,0,0,0
l27,0=0,0,0,0,0,0,0,0,0,0,0,0,0,0,0,0,0,0,0,0,0,0,0,0,0,3,81,0,98,87,99,76,81,67,79,0,0,0,0,0
l28,0=0,0,0,0,0,0,0,0,0,0,0,0,0,0,0,0,0,0,0,0,0,0,0,0,0,0,87,99,0,87,99,83,84,73,84,0,0,0,0,0
l29,0=0,0,0,0,0,0,0,0,0,0,0,0,0,0,0,0,0,0,0,0,0,0,0,0,0,3,84,96,98,0,99,77,62,58,59,0,0,0,0,0
l30,0=0,0,0,0,0,0,0,0,0,0,0,0,0,0,0,0,0,0,0,0,0,0,0,0,0,0,84,100,98,87,0,63,75,76,0,0,0,0,0,0
l31,0=0,0,0,0,0,0,0,0,0,0,0,0,0,0,0,0,0,0,0,41,0,1,42,7,0,42,80,62,69,66,70,0,85,76,89,0,0,0,0,0
l32,0=0,0,0,0,0,0,0,0,0,0,0,0,0,0,0,0,0,0,0,0,0,0,9,45,58,54,70,56,56,62,74,80,0,84,95,0,0,0,0,0
l33,0=0,0,0,0,0,0,0,0,0,0,0,0,71,0,64,0,56,69,0,0,0,0,0,64,68,67,66,54,65,62,77,73,86,0,79,0,0,0,0,0
l34,0=0,0,0,0,0,0,0,0,0,0,0,0,0,0,0,0,24,0,0,0,57,0,0,70,65,72,68,67,72,64,0,83,93,66,0,0,0,0,0,0
l35,0=0,0,0,0,0,0,0,0,0,0,0,0,5,0,0,0,11,0,0,11,35,74,63,0,0,0,0,0,0,0,0,0,0,0,0,0,45,82,97,78
l36,0=0,0,0,0,0,0,0,0,0,0,0,33,16,0,12,32,13,9,0,25,84,56,87,0,0,0,0,0,0,0,0,0,0,0,0,24,0,31,97,95
l37,0=0,0,0,0,0,0,0,0,0,0,0,0,0,0,0,0,5,1,0,0,89,48,48,0,0,0,0,0,0,0,0,0,0,0,0,26,33,0,0,95
l38,0=0,0,0,0,0,0,0,0,12,0,0,8,29,34,11,52,79,0,0,18,89,68,74,0,0,0,0,0,0,0,0,0,0,0,0,38,58,0,0,95
l39,0=0,0,0,0,0,0,0,0,0,0,0,0,0,0,0,0,42,0,0,45,89,71,87,0,0,0,0,0,0,0,0,0,0,0,0,26,33,31,97,0

l0,1=0,80,69,91,83,78,71,0,64,74,76,0,0,0,0,0,0,0,0,0,0,0,0,0,0,0,0,0,0,0,0,0,0,0,0,0,0,0,0,0
l1,1=67,0,87,90,83,84,69,69,63,70,79,0,0,29,0,0,0,0,0,0,0,0,0,0,0,0,0,0,0,0,0,0,0,0,0,0,0,0,0,0
l2,1=51,84,0,83,76,88,83,74,0,76,84,0,0,0,0,19,0,0,0,0,0,0,0,0,0,0,0,0,0,0,0,0,0,0,0,0,0,0,0,0
l3,1=77,79,83,0,79,79,65,55,0,0,76,0,0,0,0,0,0,0,0,0,0,0,0,0,0,0,0,0,0,0,0,0,0,0,0,0,0,0,0,0
l4,1=72,80,79,78,0,79,62,66,71,72,75,0,0,48,1,0,0,0,0,0,0,0,0,0,0,0,0,0,0,0,0,0,0,0,0,0,0,0,0,0
l5,1=63,81,87,82,77,0,71,77,67,76,80,0,0,0,0,0,0,0,0,0,0,0,0,0,0,0,0,0,0,0,0,0,0,0,0,0,0,0,0,0
l6,1=55,69,83,61,51,67,0,79,64,61,74,51,11,45,0,2,15,0,0,0,0,0,0,0,0,0,0,0,0,0,0,0,0,0,0,0,0,0,0,0
l7,1=0,44,76,46,36,77,77,0,71,78,90,28,22,3,0,0,0,0,0,0,0,0,0,0,0,0,0,0,0,0,0,0,0,0,0,0,0,0,0,0
l8,1=30,27,0,0,65,49,61,73,0,81,73,66,29,72,54,64,53,48,0,0,0,51,44,0,0,0,0,0,0,0,0,0,0,0,0,0,0,0,27,0
l9,1=37,63,71,0,58,66,55,74,85,0,90,63,44,72,46,60,26,50,0,0,0,28,24,0,0,0,0,0,0,0,0,0,0,0,0,0,0,0,0,0
l10,1=48,76,81,62,63,70,77,85,71,87,0,58,0,79,2,51,1,0,0,0,0,14,0,0,2,0,0,0,0,0,0,0,0,0,0,0,0,0,0,0
l11,1=0,0,0,0,0,0,24,28,47,53,31,0,76,72,70,73,39,70,0,35,15,7,0,0,34,0,0,0,0,0,0,0,0,0,0,18,58,0,55,0
l12,1=0,0,0,0,0,0,0,0,25,42,0,67,0,60,74,67,37,74,0,0,44,35,31,44,80,68,0,0,0,0,0,0,0,1,0,0,22,0,54,0
l13,1=0,0,0,0,14,0,24,0,71,68,43,78,67,0,60,30,39,65,0,29,33,41,38,37,21,3,0,0,0,0,0,0,0,0,0,0,0,0,49,0
l14,1=0,0,0,0,1,0,0,0,44,46,0,38,80,58,0,36,56,64,0,0,45,19,20,67,41,76,0,0,0,0,0,0,0,0,0,0,0,0,0,0
l15,1=0,0,3,0,0,0,0,0,49,53,30,82,76,41,49,0,26,67,0,0,3,0,28,7,45,0,0,0,0,0,0,0,0,0,0,0,54,0,0,0
l16,1=0,0,0,0,0,0,0,0,39,28,0,24,53,41,61,12,0,66,0,18,44,43,47,6,28,48,0,0,0,0,0,0,1,6,0,28,53,5,28,37
l17,1=0,0,0,0,0,0,0,0,36,43,0,41,85,45,50,35,43,0,0,0,29,9,32,6,33,39,0,0,0,0,0,0,0,11,0,0,55,0,2,0
l18,1=0,0,0,0,0,0,0,0,0,0,0,0,0,0,0,0,0,0,0,45,55,38,62,0,0,0,0,0,0,0,0,0,0,0,0,0,0,0,0,0
l19,1=0,0,0,0,0,0,0,0,0,0,0,11,0,26,0,0,7,0,33,0,53,31,71,0,0,0,30,0,0,0,0,27,0,0,0,25,52,18,48,43
l20,1=0,0,0,0,0,0,0,0,0,0,0,0,39,29,31,0,31,37,34,57,0,61,71,0,0,0,0,0,0,0,0,0,0,0,0,31,63,29,69,50
l21,1=0,0,0,0,0,0,0,0,42,32,12,3,39,37,22,0,56,29,37,39,65,0,73,0,0,0,3,0,0,0,0,14,16,0,0,65,44,23,66,53
l22,1=0,0,0,0,0,0,0,0,34,24,0,0,37,31,8,13,53,36,34,61,67,59,0,0,0,0,7,0,0,0,0,29,0,0,0,44,67,20,37,56
l23,1=0,0,0,0,0,0,0,0,7,0,0,0,66,62,66,8,32,34,0,0,0,0,0,0,71,74,0,0,0,0,0,0,0,5,46,0,0,0,0,0
l24,1=0,0,0,0,0,0,0,0,0,0,0,33,78,43,62,60,39,62,0,0,0,0,2,71,0,76,0,0,0,0,0,0,45,35,37,0,0,0,0,0
l25,1=0,0,0,0,0,0,0,0,6,0,0,0,66,33,68,0,56,39,0,0,0,0,0,65,69,0,37,0,24,5,0,40,0,68,43,0,0,0,0,0
l26,1=0,0,0,0,0,0,0,0,0,0,0,0,0,0,0,0,0,0,0,35,0,3,33,0,0,44,0,51,77,77,78,57,74,63,57,0,0,0,0,0
l27,1=0,0,0,0,0,0,0,0,0,0,0,0,0,0,0,0,0,0,0,0,0,0,0,0,0,0,50,0,77,88,88,45,63,58,65,0,0,0,0,0
l28,1=0,0,0,0,0,0,0,0,0,0,0,0,0,0,0,0,0,0,0,5,0,0,0,0,0,36,65,79,0,88,82,55,42,49,58,0,0,0,0,0
l29,1=0,0,0,0,0,0,0,0,0,0,0,0,0,0,0,0,0,0,0,0,0,0,0,0,0,11,59,79,77,0,82,45,47,45,53,0,0,0,0,0
l30,1=0,0,0,0,0,0,0,0,0,0,0,0,0,0,0,0,0,0,0,0,0,0,0,0,0,0,49,86,77,87,0,39,45,62,0,0,0,0,0,0
l31,1=0,0,0,0,0,0,0,0,0,0,0,0,0,0,0,0,0,0,0,31,0,8,49,0,0,47,57,47,59,46,48,0,70,70,77,0,0,0,0,0
l32,1=0,0,0,0,0,0,0,0,0,0,0,0,0,0,0,0,0,0,0,0,0,0,0,0,43,0,49,47,40,45,48,52,0,69,85,0,0,0,0,0
l33,1=0,0,0,0,0,0,0,0,0,0,0,0,5,0,1,0,29,47,0,0,0,0,0,21,49,67,45,47,56,40,62,51,66,0,72,0,0,0,0,0
l34,1=0,0,0,0,0,0,0,0,0,0,0,0,0,0,19,0,0,0,0,0,34,0,0,57,58,64,38,53,59,52,0,58,85,63,0,0,0,0,0,0
l35,1=0,0,0,0,0,0,0,0,0,0,0,0,0,0,0,0,23,0,0,21,26,38,51,0,0,0,0,0,0,0,0,0,0,0,0,0,70,35,70,34
l36,1=0,0,0,0,0,0,0,0,0,0,0,18,6,0,0,13,20,29,0,43,57,16,55,0,0,0,0,0,0,0,0,0,0,0,0,55,0,38,71,51
l37,1=0,0,0,0,0,0,0,0,0,0,0,0,0,0,0,0,6,0,0,27,52,17,28,0,0,0,0,0,0,0,0,0,0,0,0,58,69,0,64,52
l38,1=0,0,0,0,0,0,0,0,12,0,0,18,42,36,0,0,16,0,0,45,61,44,35,0,0,0,0,0,0,0,0,0,0,0,0,75,70,33,0,54
l39,1=0,0,0,0,0,0,0,0,0,0,0,0,0,0,0,0,27,0,0,52,51,37,55,0,0,0,0,0,0,0,0,0,0,0,0,44,62,34,63,0

l0,2=0,75,66,82,67,77,71,57,62,56,50,0,0,0,0,0,0,0,0,0,0,0,0,0,0,0,0,0,0,0,0,0,0,0,0,0,0,0,0,0
l1,2=78,0,80,91,77,85,74,65,19,62,60,0,0,0,0,0,0,0,0,0,0,0,0,0,0,0,0,0,0,0,0,0,0,0,0,0,0,0,0,0
l2,2=65,72,0,82,62,90,83,73,29,75,55,0,0,0,0,27,0,0,0,0,0,0,0,0,0,0,0,0,0,0,0,0,0,0,0,0,0,0,0,0
l3,2=81,81,80,0,63,76,53,1,54,0,3,0,0,0,0,0,0,0,0,0,0,0,0,0,0,0,0,0,0,0,0,0,0,0,0,0,0,0,0,0
l4,2=72,75,68,71,0,79,73,56,4,69,36,0,0,20,0,0,0,0,0,0,0,0,0,0,0,0,0,0,0,0,0,0,0,0,0,0,0,0,0,0
l5,2=64,72,74,71,64,0,75,73,65,68,53,0,0,1,0,0,0,0,0,0,0,0,0,0,0,0,0,0,0,0,0,0,0,0,0,0,0,0,0,0
l6,2=61,70,76,41,58,72,0,67,35,59,60,13,27,0,0,22,0,0,0,0,0,0,0,0,0,0,0,0,0,0,0,0,0,0,0,0,0,0,0,0
l7,2=46,63,68,39,50,78,74,0,73,69,67,27,2,51,0,49,0,0,0,0,0,0,0,0,0,0,0,0,0,0,0,0,0,0,0,0,0,0,0,0
l8,2=26,0,0,9,0,46,29,69,0,77,56,45,0,72,22,60,57,39,0,0,0,40,24,0,36,13,0,0,0,0,0,0,0,0,0,0,0,0,13,0
l9,2=31,55,70,0,60,62,62,73,77,0,66,37,32,72,0,52,21,25,0,0,0,12,0,0,0,0,0,0,0,0,0,0,0,0,0,0,0,0,0,0
l10,2=33,61,66,7,34,71,78,81,68,79,0,33,0,68,0,35,0,3,0,0,0,0,0,0,0,0,0,0,0,0,0,0,0,0,0,0,0,0,0,0
l11,2=0,0,0,0,0,0,25,18,52,24,20,0,65,77,80,69,60,77,0,29,28,32,26,45,18,0,0,0,0,0,0,0,0,0,0,3,40,0,48,10
l12,2=0,0,0,0,0,0,32,0,0,23,0,77,0,50,90,69,69,83,0,0,0,35,0,72,86,67,0,0,0,0,0,0,0,0,0,0,0,0,36,0
l13,2=0,0,0,0,0,0,0,23,67,54,42,71,43,0,57,54,63,51,1,29,16,38,31,60,60,7,0,0,0,0,0,0,0,0,0,0,0,0,57,0
l14,2=0,0,0,0,0,0,0,0,40,0,0,68,70,45,0,49,72,56,0,0,28,3,0,70,72,67,0,0,0,0,0,0,0,44,0,0,0,0,52,0
l15,2=0,0,7,0,0,0,10,33,56,24,21,93,64,61,45,0,1,60,0,1,43,0,0,35,68,0,0,0,0,0,0,0,0,0,0,0,23,0,48,25
l16,2=0,0,0,0,0,0,0,0,35,12,0,34,49,43,70,1,0,58,0,30,54,43,50,0,60,37,0,0,0,0,0,0,0,34,1,13,46,0,54,47
l17,2=0,0,0,0,0,0,0,0,34,15,0,85,70,49,52,61,82,0,0,0,37,34,27,38,64,0,0,0,0,0,0,0,0,29,0,0,35,0,52,0
l18,2=0,0,0,0,0,0,0,0,0,0,0,0,0,1,0,0,0,0,0,5,40,40,27,0,0,0,0,0,0,0,0,0,0,0,0,0,0,0,0,0
l19,2=0,0,0,0,0,0,0,0,0,0,0,0,0,34,0,0,27,0,17,0,62,0,63,0,0,0,33,0,0,0,0,30,0,0,0,0,46,2,58,52
l20,2=0,0,0,0,0,0,0,0,0,1,0,6,0,24,35,46,65,26,27,61,0,65,60,0,0,0,0,0,0,0,0,0,0,0,13,12,59,39,71,60
l21,2=0,0,0,0,0,0,0,0,33,8,0,29,26,32,0,0,63,31,34,0,68,0,60,0,0,0,0,0,0,0,0,0,0,32,0,14,59,33,72,64
l22,2=0,0,0,0,0,0,0,0,22,0,0,8,22,26,0,0,66,29,26,63,65,65,0,0,0,0,8,0,0,30,0,24,0,0,0,14,61,31,34,63
l23,2=0,0,0,0,0,0,0,0,0,0,0,42,59,54,71,16,0,43,0,0,0,0,0,0,75,70,0,0,0,0,0,0,0,0,40,0,0,0,0,0
l24,2=0,0,0,0,0,0,0,0,55,0,0,2,62,57,74,62,69,61,0,0,1,0,0,80,0,68,0,0,0,0,0,0,6,36,9,0,21,0,0,0
l25,2=0,0,0,0,0,0,0,0,41,0,0,0,60,36,72,0,60,0,0,0,0,0,0,68,72,0,39,0,0,0,0,52,56,51,62,0,0,0,0,0
l26,2=0,0,0,0,0,0,0,0,0,0,0,0,0,0,0,0,0,0,0,38,0,0,8,0,0,41,0,17,71,81,76,65,65,55,54,0,0,0,0,0
l27,2=0,0,0,0,0,0,0,0,0,0,0,0,0,0,0,0,0,0,0,0,0,0,0,0,0,0,30,0,71,88,89,58,63,48,59,0,0,0,0,0
l28,2=0,0,0,0,0,0,0,0,0,0,0,0,0,0,0,0,0,0,0,0,0,0,0,0,0,0,77,83,0,90,80,63,43,49,44,0,0,0,0,0
l29,2=0,0,0,0,0,0,0,0,0,0,0,0,0,0,0,0,0,0,0,0,0,0,36,0,0,0,70,81,71,0,76,55,47,0,1,0,0,0,0,0
l30,2=0,0,0,0,0,0,0,0,0,0,0,0,0,0,0,0,0,0,0,0,0,0,0,0,0,0,66,87,68,75,0,41,52,56,44,0,0,0,0,0
l31,2=0,0,0,0,0,0,0,0,0,0,0,0,0,0,0,0,0,0,0,38,3,0,31,0,0,42,71,37,56,57,43,0,78,65,70,0,0,0,0,0
l32,2=0,0,0,0,0,0,0,0,0,0,0,0,0,0,0,0,0,0,0,0,0,0,0,0,1,46,60,38,46,65,50,66,0,62,84,0,0,0,0,0
l33,2=0,0,0,0,0,0,0,0,0,0,0,0,0,0,56,0,45,34,0,0,0,29,0,0,30,62,60,32,53,0,54,60,71,0,70,0,0,0,0,0
l34,2=0,0,0,0,0,0,0,0,0,0,0,0,0,0,2,0,29,0,0,0,43,0,0,47,35,51,60,40,49,43,47,63,84,61,0,0,0,0,0,0
l35,2=0,0,0,0,0,0,0,0,0,0,0,0,0,1,0,0,47,0,0,0,41,35,39,0,0,0,0,0,0,0,0,0,0,0,0,0,66,49,74,62
l36,2=0,0,0,0,0,0,0,0,0,0,0,25,2,0,0,10,61,27,0,46,63,58,52,0,7,0,0,0,0,0,0,0,0,0,0,17,0,49,75,64
l37,2=0,0,0,0,0,0,0,0,0,0,0,0,0,0,0,0,0,0,0,1,57,33,29,0,0,0,0,0,0,0,0,0,0,0,0,16,66,0,66,61
l38,2=0,0,0,0,0,0,0,0,5,0,0,19,15,37,22,23,46,18,0,43,66,58,3,0,0,0,0,0,0,0,0,0,0,0,0,18,67,45,0,61
l39,2=0,0,0,0,0,0,0,0,0,0,0,0,0,1,0,0,50,0,0,52,54,51,36,0,0,0,0,0,0,0,0,0,0,0,0,14,59,38,67,0

l0,3=0,70,86,84,79,84,76,78,0,68,0,0,0,0,0,0,0,0,0,0,0,0,0,3,0,0,0,0,0,0,0,0,0,0,0,0,0,0,0,0
l1,3=84,0,78,89,88,86,83,73,60,75,55,5,0,0,0,0,0,0,0,0,0,0,0,0,0,0,0,0,0,0,0,0,0,0,0,0,0,0,0,0
l2,3=85,59,0,87,90,89,89,84,77,75,76,0,0,65,0,0,0,0,0,0,0,0,0,0,0,0,0,0,0,0,0,0,0,0,0,0,0,0,0,0
l3,3=88,85,88,0,89,0,83,0,14,0,55,0,0,0,0,0,0,0,0,0,0,0,0,0,0,0,0,0,0,0,0,0,0,0,0,0,0,0,0,0
l4,3=78,82,87,89,0,87,80,2,0,74,0,0,0,45,0,0,0,0,0,0,0,0,0,0,0,0,0,0,0,0,0,0,0,0,0,0,0,0,0,0
l5,3=85,83,92,0,88,0,80,83,70,70,74,49,0,75,27,7,0,0,0,0,0,0,0,0,0,0,0,0,0,0,0,0,0,0,0,0,0,0,0,0
l6,3=81,76,90,83,83,85,0,80,82,72,77,70,76,38,0,45,59,0,0,0,0,0,0,0,0,0,0,0,0,0,0,0,0,0,0,0,0,0,0,0
l7,3=80,73,85,0,26,86,80,0,85,79,80,0,0,73,0,60,26,0,0,0,0,0,0,0,0,0,0,0,0,0,0,0,0,0,0,0,0,0,0,0
l8,3=0,17,33,14,0,29,40,82,0,80,75,41,27,81,0,83,32,32,0,0,1,17,23,0,29,0,0,0,0,0,0,0,0,0,0,0,0,0,14,0
l9,3=33,37,33,6,32,37,39,71,86,0,81,31,39,81,29,34,0,0,0,0,19,5,0,0,0,0,0,0,0,0,0,0,0,0,0,0,0,0,0,0
l10,3=0,29,86,47,17,85,84,85,85,83,0,51,4,81,0,22,0,0,0,0,0,0,0,1,8,0,0,0,0,0,0,0,0,0,0,0,0,0,15,0
l11,3=0,3,0,0,0,25,63,0,76,39,32,0,90,87,90,93,46,90,0,18,29,33,25,65,74,14,0,0,0,0,0,0,0,0,0,0,69,24,75,0
l12,3=0,0,0,0,0,0,29,0,26,36,0,92,0,37,97,92,33,95,0,22,0,21,0,75,94,75,0,0,0,0,0,0,0,1,0,27,19,0,25,0
l13,3=0,0,23,0,16,27,14,20,86,76,65,87,75,0,0,78,23,80,16,21,25,7,16,15,16,24,0,0,0,0,0,0,0,0,0,0,0,0,25,0
l14,3=0,0,0,0,0,3,0,0,0,30,0,90,94,0,0,21,81,29,0,0,10,0,1,89,94,57,0,0,0,0,0,0,0,28,0,0,0,0,34,0
l15,3=0,0,0,0,0,1,45,59,85,68,10,92,92,79,53,0,73,80,0,25,73,10,0,61,88,0,0,0,0,0,0,0,0,0,0,0,0,0,60,29
l16,3=0,0,0,0,0,0,24,12,40,0,0,28,48,30,81,35,0,83,18,2,51,52,72,0,36,22,0,0,0,0,0,0,0,24,0,0,36,18,43,33
l17,3=0,0,0,0,0,0,0,0,35,0,0,91,94,78,26,74,89,0,0,3,27,28,21,24,81,0,0,0,0,0,0,0,0,0,0,0,30,25,24,25
l18,3=0,0,0,0,0,0,0,0,0,0,0,0,0,48,0,0,29,0,0,51,18,12,41,0,0,0,0,0,0,0,0,0,0,0,0,0,0,0,0,0
l19,3=0,0,0,0,0,0,0,0,0,0,0,15,45,38,0,9,1,0,31,0,82,81,94,0,0,0,0,0,0,21,0,28,0,0,0,0,68,42,49,4
l20,3=0,0,0,0,0,0,0,0,0,26,0,26,0,55,11,71,81,66,0,84,0,88,93,0,45,0,0,0,0,0,0,0,0,0,1,19,84,83,92,83
l21,3=0,0,0,0,0,0,0,0,71,24,0,58,69,57,0,33,78,74,18,88,91,0,92,0,0,0,0,0,0,0,0,0,5,24,0,38,83,74,82,75
l22,3=0,0,0,0,0,0,0,0,57,0,0,54,6,57,0,0,80,60,37,97,96,89,0,0,0,0,31,0,0,52,1,0,0,0,0,76,82,56,92,85
l23,3=0,0,0,0,0,0,0,0,0,0,0,35,87,33,94,34,0,30,0,0,0,0,0,0,93,85,0,0,0,0,0,0,0,23,0,0,0,0,0,0
l24,3=0,0,0,0,0,0,0,0,64,0,1,74,92,23,89,79,80,80,0,0,52,0,0,90,0,80,0,0,0,0,0,0,0,80,0,0,26,0,25,0
l25,3=0,0,0,0,0,0,0,0,5,0,0,10,87,32,84,0,32,0,0,0,0,0,0,87,87,0,7,0,0,0,0,39,34,87,41,0,0,0,0,0
l26,3=0,0,0,0,0,0,0,0,0,0,0,0,0,0,0,0,0,0,0,0,0,0,45,0,0,25,0,80,97,96,93,97,82,63,85,0,0,0,0,0
l27,3=0,0,0,0,0,0,0,0,0,0,0,0,0,0,0,0,0,0,0,0,0,0,0,0,0,0,88,0,97,100,100,95,92,3,27,0,0,0,0,0
l28,3=0,0,0,0,0,0,0,0,0,0,0,0,0,0,0,0,0,0,0,0,0,0,0,0,0,0,95,100,0,100,94,91,74,87,78,0,0,0,0,0
l29,3=0,0,0,0,0,0,0,0,0,0,0,0,0,0,0,0,0,0,0,52,0,0,42,0,0,0,95,99,97,0,93,89,87,60,72,0,0,0,0,0
l30,3=0,0,0,0,0,0,0,0,0,0,0,0,0,0,0,0,0,0,0,0,0,0,0,0,0,0,91,100,91,93,0,76,82,70,0,0,0,0,0,0
l31,3=0,0,0,0,0,0,0,0,0,0,0,0,0,0,0,0,0,0,0,34,0,0,3,0,0,50,95,72,79,75,58,0,99,93,97,0,0,0,0,0
l32,3=0,0,0,0,0,0,0,0,0,0,0,0,12,0,0,0,0,0,0,0,0,2,0,0,0,69,83,60,79,77,83,99,0,93,97,0,0,0,0,0
l33,3=0,0,0,0,0,0,0,0,0,0,0,0,9,0,23,0,15,0,0,0,0,8,0,12,85,81,22,0,87,19,27,93,93,0,92,0,0,0,0,0
l34,3=0,0,0,0,0,0,0,0,0,0,0,0,0,0,0,0,0,0,0,0,8,0,0,0,0,77,77,13,79,80,9,97,99,95,0,0,0,0,0,0
l35,3=0,0,0,0,0,0,0,0,0,0,0,0,23,0,0,0,0,0,0,0,24,9,72,0,0,0,0,0,0,0,0,0,0,0,0,0,85,83,92,87
l36,3=0,0,0,0,0,0,0,0,0,0,0,47,21,0,0,0,64,73,0,72,77,70,73,0,21,0,0,0,0,0,0,0,0,0,0,76,0,82,91,67
l37,3=0,0,0,0,0,0,0,0,0,0,0,2,0,0,0,0,11,3,0,37,81,67,49,0,0,0,0,0,0,0,0,0,0,0,0,79,85,0,81,74
l38,3=0,0,0,0,0,0,0,0,13,0,0,61,65,59,73,63,70,60,0,56,90,64,73,0,28,0,0,0,0,0,0,0,0,0,0,77,85,73,0,74
l39,3=0,0,0,0,0,0,0,0,0,0,0,0,0,0,0,2,66,18,0,0,84,71,84,0,0,0,0,0,0,0,0,0,0,0,0,76,82,82,90,0

l0,4=0,78,69,89,0,86,73,80,0,86,53,0,0,0,0,0,0,0,0,0,0,0,0,0,0,0,0,0,0,0,0,0,0,0,0,0,0,0,0,0
l1,4=87,0,83,89,88,90,90,48,76,88,29,0,0,78,0,0,0,0,0,0,0,0,0,1,0,0,0,0,0,0,0,0,0,0,0,0,0,0,0,0
l2,4=80,79,0,89,87,90,90,84,11,86,86,0,0,80,0,0,0,0,0,0,0,0,0,0,0,0,0,0,0,0,0,0,0,0,0,0,0,0,0,0
l3,4=96,90,90,0,78,84,76,0,78,0,63,0,0,0,0,0,0,0,0,0,0,0,0,0,0,0,0,0,0,0,0,0,0,0,0,0,0,0,0,0
l4,4=0,81,83,79,0,77,64,72,73,76,0,0,0,5,0,0,0,0,0,0,0,0,0,25,0,0,0,0,0,0,0,0,0,0,0,0,0,0,0,0
l5,4=87,82,90,75,73,0,82,84,59,86,60,0,0,80,0,78,0,0,0,0,0,0,0,0,0,0,0,0,0,0,0,0,0,0,0,0,0,0,0,0
l6,4=82,82,90,73,74,84,0,89,74,87,89,82,72,0,0,78,71,0,0,0,0,0,0,0,0,0,0,0,0,0,0,0,0,0,0,0,0,0,0,0
l7,4=88,48,88,0,81,90,90,0,89,91,89,75,1,0,0,85,2,0,0,0,0,0,0,0,0,0,0,0,0,0,0,0,0,0,0,0,0,0,0,0
l8,4=0,56,0,69,68,1,66,76,0,92,59,83,83,87,71,83,76,79,0,0,57,80,78,0,8,0,0,0,0,0,0,0,0,0,0,0,0,0,0,0
l9,4=78,63,72,0,74,72,74,82,90,0,91,82,0,87,19,50,0,79,0,0,63,0,81,0,0,0,0,0,0,0,0,0,0,0,0,0,0,0,0,0
l10,4=65,14,88,69,0,77,90,89,86,92,0,82,76,87,69,81,0,69,0,0,0,0,0,6,0,0,0,0,0,0,0,0,0,0,0,0,0,0,0,0
l11,4=0,0,0,0,0,0,70,75,81,81,60,0,88,82,86,99,77,80,0,2,49,82,86,64,73,70,0,0,0,0,0,0,0,0,0,65,64,0,84,0
l12,4=0,0,0,0,0,0,26,0,82,0,56,88,0,84,92,87,87,90,0,41,43,0,0,68,83,86,0,0,0,0,0,0,48,39,0,0,0,0,83,0
l13,4=0,21,32,0,0,68,0,0,85,83,58,84,83,0,49,86,77,80,0,53,69,75,81,57,54,71,0,0,0,0,0,0,0,0,0,0,0,0,79,0
l14,4=0,0,0,0,0,0,0,0,78,41,55,88,94,76,0,0,85,79,0,0,74,0,0,74,92,84,0,0,0,0,0,1,0,80,14,0,5,0,85,0
l15,4=0,0,0,0,0,65,66,75,81,72,55,95,86,86,0,0,77,80,0,38,73,77,82,59,76,33,0,0,0,0,0,0,0,0,0,0,63,0,83,0
l16,4=0,0,0,0,0,0,64,0,83,0,0,85,90,85,84,89,0,89,70,77,82,87,91,46,77,73,0,0,0,0,0,0,0,57,22,79,55,0,90,72
l17,4=0,0,0,0,0,0,0,0,80,79,47,92,94,86,81,83,94,0,0,0,73,77,77,51,84,69,0,0,0,0,0,0,0,0,0,56,66,0,72,71
l18,4=0,0,0,0,0,0,0,0,0,0,0,0,0,0,0,0,82,0,0,87,39,86,91,0,0,0,0,0,0,0,0,0,0,0,0,0,0,0,0,0
l19,4=0,0,0,0,0,0,0,0,0,0,0,0,60,44,0,0,78,0,72,0,92,92,95,0,0,0,0,0,0,0,0,0,0,0,0,0,61,72,74,76
l20,4=0,0,0,0,0,0,0,0,51,62,0,0,52,77,78,84,82,78,20,92,0,92,95,0,67,0,0,0,32,0,0,0,49,0,15,77,77,82,94,79
l21,4=0,0,0,0,0,0,0,0,78,0,0,71,0,69,6,75,92,68,69,92,90,0,95,0,35,0,0,0,0,0,0,0,0,0,0,41,76,68,91,88
l22,4=0,0,0,0,0,0,0,0,65,72,0,65,0,80,0,65,86,60,69,98,95,92,0,0,0,0,83,0,0,32,0,0,0,9,0,82,71,89,94,72
l23,4=0,0,0,0,1,0,0,0,0,0,0,84,90,86,92,88,68,72,0,0,0,0,0,0,91,93,0,0,0,0,0,0,0,87,78,0,0,0,0,0
l24,4=0,0,0,0,0,0,0,0,38,0,0,73,93,80,92,92,85,86,0,0,74,28,0,93,0,85,0,0,0,0,0,0,0,82,25,0,0,0,0,0
l25,4=0,0,0,0,0,0,0,0,0,0,0,51,94,70,92,31,64,58,0,0,0,0,0,93,91,0,0,0,0,56,0,71,87,94,89,0,0,0,0,0
l26,4=0,0,0,0,0,0,0,0,0,0,0,0,0,0,0,0,0,0,0,0,0,0,87,0,0,0,0,93,100,100,100,100,99,74,99,0,0,0,0,0
l27,4=0,0,0,0,0,0,0,0,0,0,0,0,0,0,0,0,0,0,0,0,0,0,0,0,0,0,99,0,100,100,100,98,83,0,69,0,0,0,0,0
l28,4=0,0,0,0,0,0,0,0,0,0,0,0,0,0,0,0,0,0,0,73,83,0,0,0,0,2,100,100,0,100,97,92,98,94,96,0,0,0,0,0
l29,4=0,0,0,0,0,0,0,0,0,0,0,0,0,0,0,0,0,0,0,5,0,0,55,0,0,79,100,100,100,0,100,92,91,85,91,0,0,0,0,0
l30,4=0,0,0,0,0,0,0,0,0,0,0,0,0,0,0,0,0,0,0,0,0,0,0,0,0,0,100,100,97,100,0,97,92,80,0,0,0,0,0,0
l31,4=0,0,0,0,0,0,0,0,0,0,0,0,0,0,0,0,0,0,0,1,0,0,0,0,0,89,100,91,91,90,92,0,100,99,100,0,0,0,0,0
l32,4=0,0,0,0,0,0,0,0,0,0,0,0,89,0,0,0,0,0,0,0,73,0,0,0,0,98,98,91,98,99,98,100,0,100,100,0,0,0,0,0
l33,4=0,0,0,0,0,0,0,0,0,0,0,0,74,7,86,0,55,0,0,0,0,0,23,81,85,99,81,0,94,88,84,100,100,0,100,0,0,0,0,0
l34,4=0,0,0,0,0,0,0,0,0,0,0,0,0,0,59,0,71,0,0,0,63,0,0,80,64,98,98,79,98,99,1,100,100,100,0,0,0,0,0,0
l35,4=0,0,0,0,0,0,0,0,0,0,0,0,0,0,0,0,62,10,0,0,54,0,77,0,0,0,0,0,0,0,0,0,0,0,0,0,66,88,85,81
l36,4=0,0,0,0,0,0,0,0,0,0,0,46,3,0,0,61,46,68,0,49,72,75,78,0,0,0,0,0,0,0,0,0,0,0,0,86,0,89,87,71
l37,4=0,0,0,0,0,0,0,0,0,0,0,0,0,0,0,0,0,0,0,54,72,59,81,0,0,0,0,0,0,0,0,0,0,0,0,85,68,0,79,63
l38,4=0,0,0,0,0,0,0,0,0,0,0,73,76,51,74,78,83,43,0,65,88,70,89,0,0,0,0,0,0,0,0,0,0,0,0,85,67,83,0,79
l39,4=0,0,0,0,0,0,0,0,0,0,0,0,0,0,0,0,80,56,0,72,76,76,69,0,0,0,0,0,0,0,0,0,0,0,0,85,61,63,89,0

l0,5=0,66,69,78,79,41,68,33,18,50,58,0,0,0,0,0,0,0,0,0,0,0,0,0,0,0,0,0,0,0,0,0,0,0,0,0,0,0,0,0
l1,5=72,0,84,64,87,54,77,31,0,50,56,0,0,34,0,0,0,0,0,0,0,0,0,0,0,0,0,0,0,0,0,0,0,0,0,0,0,0,0,0
l2,5=72,77,0,82,84,51,78,31,0,67,66,0,0,0,0,0,0,0,0,0,0,0,0,0,0,0,0,0,0,0,0,0,0,0,0,0,0,0,0,0
l3,5=86,70,85,0,87,33,58,0,12,44,51,0,0,0,0,0,0,0,0,0,0,0,0,0,0,0,0,0,0,0,0,0,0,0,0,0,0,0,0,0
l4,5=81,81,80,79,0,49,72,29,44,45,50,0,0,50,0,25,0,0,0,0,0,0,0,12,0,0,0,0,0,0,0,0,0,0,0,0,0,0,0,0
l5,5=76,77,80,57,81,0,35,36,37,51,66,36,0,46,0,0,0,0,0,0,0,0,0,0,0,0,0,0,0,0,0,0,0,0,0,0,0,0,0,0
l6,5=76,75,74,69,79,33,0,49,40,67,67,71,0,0,0,1,52,0,0,9,0,0,0,0,0,0,0,0,0,0,0,0,0,0,0,0,0,0,0,0
l7,5=76,71,38,0,78,43,71,0,61,67,89,77,0,0,0,58,0,0,0,0,0,0,0,0,0,0,0,0,0,0,0,0,0,0,0,0,0,0,0,0
l8,5=0,0,0,26,71,28,18,22,0,79,78,54,8,79,17,18,56,70,0,0,6,36,47,7,29,0,0,0,0,0,0,0,0,0,0,0,2,0,0,0
l9,5=64,67,72,46,66,44,71,35,69,0,80,80,6,77,0,24,34,49,0,0,40,0,48,0,27,0,0,0,0,0,0,0,0,0,0,0,0,0,11,0
l10,5=61,31,72,48,66,42,70,61,63,79,0,78,0,36,21,23,11,42,0,0,0,0,0,0,0,0,0,0,0,0,0,0,0,0,0,0,0,0,0,0
l11,5=0,0,0,0,0,17,16,16,49,74,65,0,75,53,26,77,61,75,0,0,39,28,25,38,20,9,0,0,0,0,0,0,0,0,0,0,49,17,23,0
l12,5=0,0,0,0,0,0,0,0,14,3,0,57,0,45,75,27,70,87,0,0,12,0,0,57,50,47,0,0,0,0,0,0,17,18,0,25,33,0,19,0
l13,5=0,0,0,0,40,19,0,0,73,76,39,48,41,0,15,72,59,74,0,17,40,0,48,60,19,14,0,0,0,0,0,0,0,0,0,26,9,0,0,0
l14,5=0,0,0,0,0,0,0,0,35,0,35,49,78,39,0,24,63,67,0,0,47,0,11,80,90,27,0,0,0,0,0,0,0,34,0,0,0,0,21,0
l15,5=0,0,0,0,43,0,0,17,39,43,56,83,44,83,21,0,42,68,0,0,44,34,45,67,34,10,0,0,0,0,0,0,0,0,0,0,53,0,23,17
l16,5=0,0,0,0,0,0,13,0,30,32,0,42,46,38,24,13,0,90,0,35,54,53,48,29,32,11,0,0,0,0,0,8,0,0,0,49,7,5,27,23
l17,5=0,0,0,0,0,0,0,0,40,62,34,50,78,54,25,24,74,0,0,0,60,32,28,35,35,18,0,0,0,0,0,0,0,0,0,31,55,0,0,10
l18,5=0,0,0,0,0,0,0,0,0,0,0,0,0,0,0,0,0,0,0,20,0,51,47,0,0,0,0,0,0,0,0,0,0,0,0,0,0,0,0,0
l19,5=0,0,0,0,0,0,0,0,0,0,0,0,0,24,0,0,42,0,5,0,67,51,79,0,0,0,0,0,19,22,0,17,0,0,0,50,49,25,0,58
l20,5=0,0,0,0,0,0,0,0,2,19,0,12,10,19,11,4,44,49,0,78,0,56,79,0,8,0,7,0,10,0,0,0,12,0,0,54,57,28,68,22
l21,5=0,0,0,0,0,0,0,0,22,6,0,18,12,0,0,10,47,25,31,66,69,0,64,0,11,0,0,0,0,0,0,13,0,0,0,60,55,18,22,46
l22,5=0,0,0,0,0,0,0,0,24,38,0,5,5,26,1,11,41,19,30,83,72,58,0,0,0,0,15,0,0,0,0,0,0,0,0,49,72,27,70,20
l23,5=0,0,0,0,0,0,0,0,17,0,0,31,71,38,66,33,27,31,0,0,0,0,0,0,74,64,0,0,0,0,0,6,0,50,50,0,0,0,0,0
l24,5=0,0,0,0,0,0,0,0,40,40,0,33,77,21,75,42,50,59,0,0,41,25,0,81,0,59,0,0,0,0,0,0,0,39,0,0,25,0,0,0
l25,5=0,0,0,0,0,0,0,0,0,0,0,12,75,35,69,10,38,36,0,0,0,0,0,64,62,0,0,0,0,22,0,0,57,65,48,0,0,0,0,0
l26,5=0,0,0,0,0,0,0,0,0,0,0,0,0,0,0,0,0,0,0,22,37,0,37,0,0,0,0,53,93,90,76,78,72,53,56,0,0,0,0,0
l27,5=0,0,0,0,0,0,0,0,0,0,0,0,0,0,0,0,0,0,0,0,0,0,0,0,0,0,72,0,89,76,89,63,57,0,0,0,0,0,0,0
l28,5=0,0,0,0,0,0,0,0,0,0,0,0,0,0,0,0,0,0,0,43,43,0,0,0,0,0,79,81,0,91,89,69,74,74,71,0,0,0,0,0
l29,5=0,0,0,0,0,0,0,0,0,0,0,0,0,0,0,0,0,0,0,43,0,0,0,0,0,10,78,79,93,0,88,40,57,57,58,0,0,0,0,0
l30,5=0,0,0,0,0,0,0,0,0,0,0,0,0,0,0,0,0,0,0,0,0,0,0,0,0,0,75,81,92,87,0,60,0,57,0,0,0,0,0,0
l31,5=0,0,0,0,0,0,0,0,0,0,0,0,0,0,3,0,9,0,0,28,4,14,0,26,0,0,68,42,52,27,53,0,83,72,72,0,0,0,0,0
l32,5=0,0,0,0,0,0,0,0,0,0,0,0,37,0,0,0,0,0,0,0,45,0,0,14,0,52,69,45,61,64,44,87,0,76,83,0,0,0,0,0
l33,5=0,0,0,0,0,0,0,0,0,0,0,0,33,0,58,0,0,0,0,0,0,0,0,53,51,49,47,0,56,61,60,56,57,0,70,0,0,0,0,0
l34,5=0,0,0,0,0,0,0,0,0,0,0,0,9,0,22,0,12,0,0,0,29,0,0,53,14,45,46,0,55,51,0,84,89,83,0,0,0,0,0,0
l35,5=0,0,0,0,0,0,0,0,0,0,0,0,12,15,0,0,27,7,0,30,37,36,27,0,0,0,0,0,0,0,0,0,0,0,0,0,66,38,35,54
l36,5=0,0,0,0,0,0,0,0,3,0,0,20,13,15,0,9,0,37,0,42,51,37,47,0,3,0,0,0,0,0,0,0,0,0,0,67,0,37,23,34
l37,5=0,0,0,0,0,0,0,0,0,0,0,7,0,0,0,0,3,0,0,30,46,31,36,0,0,0,0,0,0,0,0,0,0,0,0,58,63,0,22,23
l38,5=0,0,0,0,0,0,0,0,0,11,0,31,24,0,13,16,52,0,0,0,61,44,59,0,0,0,0,0,0,0,0,0,0,0,0,66,68,31,0,34
l39,5=0,0,0,0,0,0,0,0,0,0,0,0,0,0,0,0,24,0,0,52,37,47,24,0,0,0,0,0,0,0,0,0,0,0,0,66,70,17,24,0

l0,6=0,81,70,78,84,79,49,15,57,19,60,0,0,0,0,0,0,0,0,0,0,0,0,0,0,0,0,0,0,0,0,0,0,0,0,0,0,0,0,0
l1,6=70,0,78,78,84,69,51,10,45,65,48,0,0,0,0,0,0,0,0,0,0,0,0,4,0,0,0,0,0,0,0,0,0,0,0,0,0,0,0,0
l2,6=63,78,0,78,78,75,50,61,0,70,63,0,0,0,0,0,0,0,0,0,0,0,0,0,0,0,0,0,0,0,0,0,0,0,0,0,0,0,0,0
l3,6=69,81,76,0,84,67,38,0,0,56,34,0,0,0,0,0,0,0,0,0,0,0,0,0,0,0,0,0,0,0,0,0,0,0,0,0,0,0,0,0
l4,6=73,81,74,81,0,72,49,0,52,50,55,0,0,63,0,0,0,0,0,0,0,0,0,0,0,0,0,0,0,0,0,0,0,0,0,0,0,0,0,0
l5,6=63,75,73,77,72,0,46,69,65,68,63,0,0,5,0,0,0,0,0,0,0,0,0,0,0,0,0,0,0,0,0,0,0,0,0,0,0,0,0,0
l6,6=50,75,58,66,61,51,0,69,56,67,64,49,0,9,0,0,38,0,0,0,0,0,1,0,0,0,0,0,0,0,0,0,0,0,0,0,0,0,0,0
l7,6=15,11,62,0,8,65,47,0,66,63,66,40,0,0,0,52,0,0,0,0,0,0,0,0,0,0,0,0,0,0,0,0,0,0,0,0,0,0,0,0
l8,6=29,21,0,0,39,36,29,59,0,71,61,54,21,78,19,59,49,51,0,0,17,16,34,0,36,0,0,0,0,0,0,0,0,0,0,0,0,0,0,0
l9,6=0,50,52,44,33,63,43,61,68,0,67,41,39,73,33,52,37,19,0,0,0,0,24,0,0,0,0,0,0,0,0,0,0,0,0,0,0,0,0,0
l10,6=41,29,52,41,49,49,45,71,66,77,0,44,0,26,0,46,44,0,0,0,0,0,0,0,0,0,0,0,0,0,0,0,0,0,0,0,0,0,0,0
l11,6=0,0,0,0,0,0,17,18,33,39,43,0,58,28,53,75,50,33,0,0,0,0,0,0,41,16,0,0,0,0,0,0,0,0,0,0,19,22,33,0
l12,6=0,0,0,0,0,0,0,0,15,32,0,56,0,24,64,61,61,40,0,0,0,13,5,55,66,55,0,0,0,0,0,0,0,30,0,0,0,0,25,0
l13,6=0,0,0,0,31,0,0,0,69,64,35,37,16,0,43,65,40,33,0,14,9,0,21,35,38,3,0,0,0,0,0,0,0,0,0,27,24,0,29,0
l14,6=0,0,0,0,0,0,0,0,14,31,0,34,63,27,0,42,43,32,0,0,16,0,19,61,46,43,0,0,0,0,0,0,0,17,0,0,0,0,27,0
l15,6=0,0,0,0,0,0,0,23,25,43,33,72,36,32,48,0,49,37,0,0,2,15,18,48,44,19,0,0,0,0,0,0,0,0,0,0,26,0,29,0
l16,6=0,0,0,0,0,0,9,0,2,30,31,31,33,13,39,41,0,40,16,9,5,18,31,24,39,27,0,0,0,0,0,0,0,0,0,31,26,13,32,8
l17,6=0,0,0,0,0,0,0,0,27,31,0,41,34,29,56,61,50,0,0,0,25,16,0,30,48,30,0,0,0,0,0,0,0,13,0,2,22,0,29,0
l18,6=0,0,0,0,0,0,0,0,0,0,0,0,0,3,0,0,44,0,0,31,3,35,0,0,0,0,0,0,0,0,0,0,0,0,0,0,0,0,0,0
l19,6=0,0,0,0,0,0,0,0,0,0,0,0,0,29,0,0,40,0,32,0,54,41,55,0,0,0,2,0,2,24,0,26,0,0,0,37,30,0,5,47
l20,6=0,0,0,0,0,0,0,0,17,1,0,0,0,12,35,0,33,32,0,59,0,54,60,0,3,0,0,0,0,0,0,12,0,18,0,51,44,21,44,20
l21,6=0,0,0,0,0,0,0,0,17,2,0,0,11,0,0,38,43,26,28,43,57,0,50,0,0,0,0,0,3,0,0,13,0,0,0,60,44,0,37,27
l22,6=0,0,0,0,0,0,0,0,19,31,0,0,10,20,35,36,44,0,0,55,58,46,0,0,0,0,35,0,0,0,0,0,0,0,0,11,46,38,42,42
l23,6=0,0,0,0,0,0,0,0,0,0,0,0,40,22,51,43,31,11,0,0,0,0,0,0,59,48,0,0,0,0,0,11,0,22,27,0,0,0,0,0
l24,6=0,0,0,0,0,0,0,0,21,0,0,36,78,36,56,49,47,48,0,0,4,0,0,71,0,46,0,0,0,0,0,0,0,18,0,0,0,0,0,0
l25,6=0,0,0,13,0,0,0,0,0,0,0,19,61,4,55,32,38,21,0,0,0,0,0,67,49,0,0,0,0,1,0,0,19,36,0,0,0,0,0,0
l26,6=0,0,0,0,0,0,0,0,0,0,0,0,0,0,0,0,0,0,0,10,4,0,26,0,0,0,0,46,75,72,64,64,68,29,38,0,0,0,0,0
l27,6=0,0,0,0,0,0,0,0,0,0,0,0,0,0,0,0,0,0,0,0,0,0,0,0,0,0,58,0,71,72,86,45,35,0,0,0,0,0,0,0
l28,6=0,0,0,0,0,0,0,0,0,0,0,0,0,0,0,0,0,0,0,21,16,10,0,0,0,0,69,76,0,79,83,52,47,50,52,0,0,0,0,0
l29,6=0,0,0,0,0,0,0,0,0,0,0,0,0,0,0,0,0,0,0,28,0,0,0,0,0,0,64,78,75,0,50,30,36,31,29,0,0,0,0,0
l30,6=0,0,0,0,0,0,0,0,0,0,0,0,0,0,0,0,0,0,0,0,0,0,0,0,0,0,63,86,74,40,0,38,0,7,35,0,0,0,0,0
l31,6=0,0,0,0,0,0,0,0,0,0,0,0,0,0,0,0,0,0,0,33,16,7,0,31,0,0,61,33,37,26,49,0,65,63,70,0,0,0,0,0
l32,6=0,0,0,0,0,0,0,0,0,0,0,0,0,0,6,0,0,0,0,0,0,0,0,23,0,24,54,32,43,39,4,65,0,60,83,0,0,0,0,0
l33,6=0,0,0,0,0,0,0,0,0,0,0,0,46,0,47,0,0,27,0,0,16,0,0,47,41,40,42,0,43,40,31,54,66,0,65,0,0,0,0,0
l34,6=0,0,0,0,0,0,0,0,0,0,0,0,29,0,14,0,26,0,0,0,0,0,0,44,2,0,43,0,41,24,38,54,77,55,0,0,0,0,0,0
l35,6=0,0,0,0,0,0,0,0,0,0,0,0,0,9,0,0,29,0,0,5,22,21,0,0,0,0,0,0,0,0,0,0,0,0,0,0,52,43,35,54
l36,6=0,0,0,0,0,0,0,0,0,0,0,4,0,9,0,34,35,11,0,3,28,18,43,0,0,0,0,0,0,0,0,0,0,0,0,57,0,58,45,33
l37,6=0,0,0,0,0,0,0,0,0,0,0,10,0,0,0,0,9,0,0,0,2,0,30,0,0,0,0,0,0,0,0,0,0,0,0,62,53,0,36,23
l38,6=0,0,0,0,0,0,0,0,0,0,0,27,6,11,31,38,46,25,0,0,30,21,41,0,0,0,0,0,0,0,0,0,0,0,0,55,49,45,0,31
l39,6=0,0,0,0,0,0,0,0,0,0,0,0,0,0,0,0,29,0,0,36,20,33,35,0,0,0,0,0,0,0,0,0,0,0,0,58,52,38,42,0

l0,7=0,94,80,82,78,82,78,0,63,68,69,0,0,0,0,0,0,0,0,0,0,0,0,2,0,0,0,0,0,0,0,0,0,0,0,0,0,0,0,0
l1,7=84,0,83,82,78,78,82,59,31,61,62,0,0,0,0,0,0,0,0,0,0,0,0,0,0,0,0,0,0,0,0,0,0,0,0,0,0,0,0,0
l2,7=80,87,0,81,78,76,82,47,26,72,0,0,0,0,0,4,0,0,0,0,0,0,0,0,0,0,0,0,0,0,0,0,0,0,0,0,0,0,0,0
l3,7=79,87,80,0,87,41,55,33,40,53,52,0,0,0,0,0,0,0,0,0,0,0,0,0,0,0,0,0,0,0,0,0,0,0,0,0,0,0,0,0
l4,7=84,88,80,86,0,78,82,32,50,34,75,0,0,54,0,3,0,0,0,0,0,0,0,0,0,0,0,0,0,0,0,0,0,0,0,0,0,0,0,0
l5,7=84,85,76,67,79,0,82,69,65,73,75,0,0,0,0,4,0,0,0,0,0,0,0,0,0,0,0,0,0,0,0,0,0,0,0,0,0,0,0,0
l6,7=60,86,80,58,79,78,0,69,0,74,75,31,0,24,0,0,31,0,0,0,0,0,0,0,0,0,0,0,0,0,0,0,0,0,0,0,0,0,0,0
l7,7=0,76,65,50,31,89,88,0,68,85,80,30,8,34,0,57,0,2,0,0,0,0,0,0,0,0,0,0,0,0,0,0,0,0,0,0,0,0,0,0
l8,7=45,23,39,33,32,35,0,29,0,87,77,69,18,68,32,62,46,20,0,1,3,0,24,0,0,0,0,0,0,0,0,0,0,0,0,0,0,0,0,0
l9,7=30,59,64,29,13,66,81,70,73,0,83,68,16,67,21,60,0,2,0,0,20,8,16,0,15,0,0,0,0,0,0,0,0,0,0,0,0,0,28,0
l10,7=48,65,0,52,66,72,75,70,71,78,0,66,0,0,0,58,48,2,0,0,0,0,0,0,0,0,0,0,0,0,0,0,0,0,0,0,0,0,0,0
l11,7=0,0,0,0,0,0,15,6,22,47,41,0,41,19,26,78,58,13,0,0,24,3,18,11,19,19,0,0,0,0,0,0,0,0,0,13,4,0,54,5
l12,7=0,0,0,0,0,0,0,0,11,25,0,73,0,11,48,71,66,20,0,2,24,19,0,33,85,64,0,0,0,0,0,0,0,32,0,0,0,0,22,0
l13,7=0,0,0,1,20,0,17,17,76,71,0,62,14,0,29,67,35,18,0,0,22,1,14,0,31,20,0,0,0,0,0,0,0,0,0,12,7,0,23,0
l14,7=0,0,0,0,0,0,0,0,15,27,0,48,41,18,0,36,52,22,0,0,24,30,19,35,30,31,0,0,0,0,0,0,0,31,0,0,0,0,26,0
l15,7=0,0,0,0,6,1,0,18,21,55,45,87,41,21,33,0,52,16,0,0,33,40,24,29,0,22,0,0,0,0,0,0,0,0,0,0,16,0,56,0
l16,7=0,0,0,0,0,0,14,0,16,7,37,51,21,14,30,37,0,20,7,0,38,40,27,25,31,8,0,0,0,0,0,13,1,3,0,23,14,7,52,0
l17,7=0,0,0,0,0,0,0,0,16,31,1,54,20,17,38,50,57,0,0,4,41,38,0,20,36,0,0,0,0,0,0,0,0,34,0,0,13,0,50,0
l18,7=0,0,0,0,0,0,0,0,0,0,0,0,0,0,0,0,43,0,0,35,44,29,0,0,0,0,0,0,0,0,0,0,0,0,0,0,0,0,0,0
l19,7=0,0,0,0,0,0,0,0,1,0,0,0,16,0,0,0,0,2,22,0,62,55,58,0,0,0,0,0,25,27,0,38,0,0,0,28,0,0,26,44
l20,7=0,0,0,0,0,0,0,0,0,24,0,29,10,7,9,21,51,14,6,66,0,70,69,0,0,0,9,0,21,0,0,0,0,9,0,47,34,15,58,49
l21,7=0,0,0,0,0,0,0,0,5,28,0,1,17,5,22,27,52,20,7,42,63,0,63,0,0,0,0,0,1,0,0,0,0,0,0,53,26,16,57,52
l22,7=0,0,0,0,0,0,0,0,19,30,0,37,0,9,15,26,43,0,0,64,65,68,0,0,0,0,22,0,0,25,0,0,0,0,0,0,61,23,60,53
l23,7=0,0,0,0,0,0,0,0,0,0,0,0,55,0,61,48,34,8,0,0,0,0,0,0,85,69,0,0,0,0,0,3,14,32,42,0,0,0,0,0
l24,7=0,0,0,0,0,0,0,0,0,28,0,43,78,16,34,0,50,23,0,0,0,0,0,72,0,58,0,0,0,0,0,0,0,36,2,0,0,0,0,0
l25,7=0,0,0,3,0,0,0,0,0,15,0,42,72,32,59,33,31,0,0,0,0,0,0,68,75,0,0,0,0,18,0,0,34,40,0,0,0,0,22,0
l26,7=0,0,0,0,0,0,0,0,0,0,0,0,0,0,0,0,0,0,0,0,39,0,43,9,0,0,0,58,78,80,60,79,79,59,57,0,0,0,0,0
l27,7=0,0,0,0,0,0,0,0,0,0,0,0,0,0,0,0,0,0,0,0,0,0,0,0,0,0,69,0,74,80,85,26,64,0,0,0,0,0,0,0
l28,7=0,0,0,0,0,0,0,0,0,0,0,0,0,0,0,0,0,0,0,39,46,14,0,0,0,0,79,86,0,86,90,61,51,62,51,0,0,0,0,0
l29,7=0,0,0,0,0,0,0,0,0,0,0,0,0,0,0,0,0,0,0,47,0,0,41,0,0,28,71,82,78,0,85,69,74,57,10,0,0,0,0,0
l30,7=0,0,0,0,0,0,0,0,0,0,0,0,0,0,0,0,0,0,0,0,0,0,0,0,0,0,65,82,74,80,0,61,55,36,52,0,0,0,0,0
l31,7=0,0,0,0,0,0,0,0,0,0,0,0,0,0,0,0,22,0,0,48,0,0,0,14,0,0,69,8,56,49,52,0,79,78,75,0,0,0,0,0
l32,7=0,0,0,0,0,0,0,0,0,0,0,0,0,0,0,0,7,0,0,0,0,0,0,28,0,40,67,45,43,63,55,76,0,80,86,0,0,0,0,0
l33,7=0,0,0,0,0,0,0,0,0,0,0,0,54,0,43,0,16,39,0,0,32,0,0,44,46,42,53,0,51,39,47,73,83,0,54,0,0,0,0,0
l34,7=0,0,0,0,0,0,0,0,0,0,0,0,30,0,14,0,4,0,0,0,0,0,23,47,23,0,56,12,43,22,47,73,88,60,0,0,0,0,0,0
l35,7=0,0,0,0,0,0,0,0,0,0,0,3,0,4,0,0,43,0,0,9,43,43,0,0,0,0,0,0,0,0,0,0,0,0,0,0,41,30,60,56
l36,7=0,0,0,0,0,0,0,0,0,0,0,0,0,0,0,22,47,6,0,0,43,34,36,0,0,0,0,0,0,0,0,0,0,0,0,33,0,21,64,55
l37,7=0,0,0,0,0,0,0,0,0,0,0,0,0,0,0,0,19,0,0,0,31,33,30,0,0,0,0,0,0,0,0,0,0,0,0,53,31,0,49,38
l38,7=0,0,0,0,0,0,0,0,0,32,0,54,11,12,9,34,49,14,0,3,44,49,35,0,0,7,0,0,0,0,0,0,0,0,0,32,62,18,0,25
l39,7=0,0,0,0,0,0,0,0,0,0,0,0,0,0,0,0,0,0,0,40,42,45,46,0,0,0,0,0,0,0,0,0,0,0,0,58,71,14,34,0

l0,8=0,100,99,100,99,99,99,79,36,98,99,0,0,48,0,0,0,0,0,0,0,0,0,0,0,0,0,0,0,0,0,0,0,0,0,0,0,0,0,0
l1,8=99,0,99,100,99,99,94,79,69,60,86,0,0,4,0,0,0,0,0,0,0,0,0,15,0,0,0,0,0,0,0,0,0,0,0,0,0,0,0,0
l2,8=97,100,0,100,92,99,99,95,0,88,96,0,0,6,0,72,0,0,0,0,0,0,0,0,0,0,0,0,0,0,0,0,0,0,0,0,0,0,0,0
l3,8=99,100,99,0,99,94,87,72,0,0,49,0,0,0,0,0,0,0,0,0,0,0,0,0,0,0,0,0,0,0,0,0,0,0,0,0,0,0,0,0
l4,8=97,100,94,100,0,99,99,82,96,69,98,0,0,89,0,0,0,0,0,0,0,0,0,2,0,0,0,0,0,0,0,0,0,0,0,0,0,0,0,0
l5,8=99,100,99,97,94,0,99,94,87,73,99,35,1,17,0,0,0,0,0,0,0,0,0,0,0,0,0,0,0,0,0,0,0,0,0,0,0,0,0,0
l6,8=66,56,95,89,93,91,0,90,61,94,93,7,0,21,0,0,60,0,0,0,0,0,0,0,0,0,0,0,0,0,0,0,0,0,0,0,0,0,0,0
l7,8=45,94,93,93,88,90,94,0,80,98,99,54,0,89,0,0,27,52,0,0,0,0,0,0,0,0,0,0,0,0,0,0,0,0,0,0,0,0,0,0
l8,8=4,51,0,0,89,89,73,90,0,98,94,95,0,92,45,88,0,82,0,28,0,0,81,0,0,0,0,0,0,0,0,0,0,0,0,0,0,0,0,0
l9,8=50,5,72,0,53,88,94,90,90,0,99,94,42,89,0,88,85,70,0,0,0,75,31,48,54,0,0,0,0,0,0,0,0,0,0,0,0,0,70,0
l10,8=88,93,90,91,91,92,92,90,87,98,0,63,9,89,0,85,41,0,0,0,0,0,0,0,0,0,0,0,0,0,0,0,0,0,0,0,0,0,0,0
l11,8=0,0,0,0,0,22,8,10,83,88,85,0,96,44,45,97,94,84,0,0,34,51,47,18,58,60,0,0,0,0,0,0,0,0,0,32,48,0,59,0
l12,8=0,0,0,0,0,0,0,0,0,6,0,98,0,8,59,96,100,75,0,0,25,0,0,56,98,92,0,0,0,0,0,0,0,31,1,23,37,0,55,0
l13,8=5,0,0,0,46,0,1,92,95,95,89,64,36,0,50,88,18,46,0,0,49,61,0,41,50,52,0,0,0,0,0,0,0,0,0,46,0,0,68,0
l14,8=0,0,0,0,0,0,0,0,60,14,0,80,98,52,0,89,78,84,0,0,57,67,43,57,98,73,0,0,0,0,0,0,0,0,0,0,40,0,21,0
l15,8=0,0,1,0,0,0,0,0,66,83,82,98,72,53,49,0,87,79,0,0,74,76,71,45,50,48,0,0,0,0,0,0,0,0,0,0,64,0,69,0
l16,8=0,0,0,0,0,0,15,0,0,26,9,95,72,9,33,61,0,55,9,32,80,62,78,22,60,22,0,0,0,0,0,14,0,0,26,27,57,34,51,52
l17,8=0,0,0,0,0,0,0,16,33,25,1,96,62,24,57,94,84,0,0,15,72,45,51,11,41,0,0,0,0,0,0,0,0,31,0,0,46,0,61,34
l18,8=0,0,0,0,0,0,0,0,0,0,0,0,0,0,0,0,79,0,0,81,76,60,0,0,0,0,0,0,0,0,0,0,0,0,0,0,0,0,0,0
l19,8=0,0,0,0,0,0,0,0,15,0,0,0,0,0,0,0,73,61,66,0,86,70,86,0,0,0,29,0,50,0,0,67,0,0,0,26,58,0,0,69
l20,8=0,0,0,0,0,0,0,0,0,0,0,1,17,15,12,45,70,43,35,91,0,90,93,0,0,0,1,0,7,0,0,0,0,0,0,50,61,50,71,55
l21,8=0,0,0,0,0,0,0,0,0,44,0,34,7,31,19,53,57,29,19,30,89,0,93,0,0,0,0,0,0,0,0,0,0,1,0,54,53,50,67,67
l22,8=0,0,0,0,0,0,0,0,28,31,0,32,0,0,13,47,73,37,0,86,89,86,0,0,0,0,0,0,0,17,0,0,0,0,0,60,71,44,66,53
l23,8=0,0,0,0,0,0,0,0,0,40,0,65,89,49,92,81,74,57,0,0,0,0,0,0,98,94,0,0,0,0,0,0,41,56,80,0,0,0,0,0
l24,8=0,0,0,0,0,0,0,0,0,54,0,79,98,44,96,74,98,69,0,0,13,0,0,94,0,94,0,0,0,0,0,3,0,11,8,0,0,0,0,0
l25,8=0,0,0,0,0,0,0,0,0,0,0,72,98,50,78,68,67,0,0,0,0,0,0,94,94,0,0,0,0,34,0,25,42,72,72,0,0,0,23,0
l26,8=0,0,0,0,0,0,0,0,0,0,0,0,0,0,0,0,0,0,0,49,51,0,0,0,0,0,0,89,93,92,91,91,84,75,78,0,0,0,0,0
l27,8=0,0,0,0,0,0,0,0,0,0,0,0,0,0,0,0,0,0,0,0,0,0,0,0,0,0,94,0,92,92,95,0,75,0,70,0,0,0,0,0
l28,8=0,0,0,0,0,0,0,0,0,0,0,0,0,0,0,0,0,0,0,74,66,0,0,0,0,0,94,92,0,92,95,91,68,77,74,0,0,0,0,0
l29,8=0,0,0,0,0,0,0,0,0,0,0,0,0,0,0,0,0,0,0,0,0,0,62,0,0,63,94,92,93,0,95,90,60,69,68,0,0,0,0,0
l30,8=0,0,0,0,0,0,0,0,0,0,0,0,0,0,0,0,0,0,0,0,0,0,0,0,0,0,88,92,92,92,0,78,78,76,0,0,0,0,0,0
l31,8=0,0,0,0,0,0,0,0,0,0,0,0,0,0,0,0,57,0,0,64,0,0,0,0,19,42,92,0,83,81,68,0,83,89,85,0,0,0,0,0
l32,8=0,0,0,0,0,0,0,0,0,0,0,0,2,0,0,0,0,0,0,0,0,0,0,72,0,74,90,76,70,63,77,92,0,93,91,0,0,0,0,0
l33,8=0,0,0,0,0,0,0,0,0,0,0,0,71,0,0,0,0,75,0,0,1,1,0,73,69,79,78,0,77,72,77,92,85,0,82,0,0,0,0,0
l34,8=0,0,0,0,0,0,0,0,0,0,0,0,50,0,0,0,74,0,0,0,5,0,0,73,45,74,78,76,73,70,0,92,89,78,0,0,0,0,0,0
l35,8=0,0,0,0,0,0,0,0,0,0,0,7,17,22,0,0,35,0,0,1,44,40,40,0,0,0,0,0,0,0,0,0,0,0,0,0,64,47,56,67
l36,8=0,0,0,0,0,0,0,0,0,0,0,15,14,0,8,36,43,27,0,14,56,37,52,0,0,0,0,0,0,0,0,0,0,0,0,68,0,49,66,55
l37,8=0,0,0,0,0,0,0,0,0,0,0,0,0,0,0,0,41,0,0,0,53,43,42,0,0,0,0,0,0,0,0,0,0,0,0,55,55,0,44,49
l38,8=0,0,0,0,0,0,0,0,0,29,0,18,24,28,0,50,41,34,0,0,64,61,55,0,0,0,0,0,0,0,0,0,0,0,0,78,72,51,0,45
l39,8=0,0,0,0,0,0,0,0,0,0,0,0,0,0,0,0,54,0,0,26,67,65,44,0,0,0,0,0,0,0,0,0,0,0,0,76,57,50,41,0

l0,9=0,99,99,100,100,100,96,98,0,100,99,0,0,0,0,0,0,0,0,0,0,0,0,0,0,0,0,0,0,0,0,0,0,0,0,0,0,0,0,0
l1,9=100,0,99,100,100,100,95,100,100,100,100,0,0,0,0,0,0,0,0,0,0,0,0,51,0,0,0,0,0,0,0,0,0,0,0,0,0,0,0,0
l2,9=100,99,0,100,100,100,96,73,0,99,100,0,77,0,0,0,0,0,0,0,0,0,0,0,0,0,0,0,0,0,0,0,0,0,0,0,0,0,0,0
l3,9=100,98,99,0,100,100,89,99,0,86,95,0,0,0,0,0,0,0,0,0,0,0,0,0,0,0,0,0,0,0,0,0,0,0,0,0,0,0,0,0
l4,9=100,99,99,100,0,100,95,99,100,96,100,0,0,10,0,0,0,0,0,0,0,0,0,0,0,0,0,0,0,0,0,0,0,0,0,0,0,0,0,0
l5,9=100,98,99,100,97,0,96,65,99,100,100,0,0,93,0,0,0,0,0,0,0,0,0,0,0,0,0,0,0,0,0,0,0,0,0,0,0,0,0,0
l6,9=87,92,99,91,93,97,0,100,92,98,100,0,0,92,0,0,43,0,0,0,0,0,0,0,0,0,0,0,0,0,0,0,0,0,0,0,0,0,0,0
l7,9=94,97,83,98,98,51,98,0,100,100,99,79,32,99,0,52,0,0,0,0,0,0,0,0,0,0,0,0,0,0,0,0,0,0,0,0,0,0,0,0
l8,9=0,91,0,0,94,42,35,84,0,100,98,98,71,99,28,58,54,53,0,23,0,0,79,24,0,0,0,0,0,0,0,0,0,0,0,0,0,0,0,0
l9,9=100,92,80,88,81,35,60,100,100,0,100,98,2,99,73,71,61,0,0,0,0,0,5,31,0,0,0,0,0,0,0,0,0,0,0,0,0,0,0,0
l10,9=94,98,95,96,97,100,96,100,99,100,0,72,72,98,0,99,61,53,0,0,0,0,0,75,0,0,0,0,0,0,0,0,0,0,0,0,0,0,0,0
l11,9=0,0,0,0,0,0,0,36,97,89,69,0,97,96,62,99,60,59,0,0,69,69,65,34,33,47,0,0,0,0,0,0,0,0,0,0,43,21,55,0
l12,9=0,0,0,0,0,0,0,0,8,0,21,98,0,93,99,70,61,64,0,0,72,0,30,61,41,100,0,0,0,0,0,0,0,0,9,0,47,0,55,0
l13,9=0,0,0,1,11,29,30,71,100,100,91,99,97,0,58,98,61,15,0,23,69,80,0,30,34,36,0,0,0,0,0,0,0,0,0,0,41,0,55,0
l14,9=0,0,0,0,0,0,0,0,21,95,0,99,99,93,0,84,61,95,0,0,69,81,72,95,100,0,0,0,0,0,0,0,0,0,0,0,43,0,0,0
l15,9=0,0,0,0,0,0,0,25,92,98,96,99,99,98,63,0,60,61,0,0,61,75,70,32,36,0,0,0,0,0,0,0,0,0,0,0,42,29,56,0
l16,9=0,0,0,0,0,0,15,0,69,91,62,92,97,97,61,61,0,61,46,40,74,4,84,36,36,42,0,0,0,0,0,59,0,51,37,0,36,44,59,56
l17,9=0,0,0,0,0,0,0,0,85,0,73,99,99,44,65,62,61,0,0,38,60,72,77,0,27,0,0,0,0,0,0,0,0,58,0,0,36,1,0,51
l18,9=0,0,0,0,0,0,0,0,0,1,0,0,0,0,0,0,54,0,0,0,79,89,0,0,0,0,0,0,0,0,0,0,0,0,0,0,0,0,0,0
l19,9=0,0,0,0,0,0,0,0,5,0,0,0,0,18,0,0,55,57,0,0,92,90,85,0,0,0,82,0,27,0,0,69,0,0,0,0,67,37,0,68
l20,9=0,0,0,0,0,0,0,0,0,0,0,49,50,54,40,36,56,40,40,91,0,96,95,0,0,0,63,0,0,0,0,0,0,0,22,44,81,51,85,62
l21,9=0,0,0,0,0,0,0,0,0,0,0,49,19,65,40,46,17,49,49,40,95,0,95,0,0,0,0,0,0,0,0,0,0,20,0,45,5,41,83,53
l22,9=0,0,0,0,0,0,0,0,80,26,0,39,28,0,33,45,48,56,0,73,95,91,0,0,0,0,75,0,0,17,0,46,0,0,0,45,78,49,85,0
l23,9=0,0,0,0,0,0,0,0,11,77,43,97,99,19,100,57,60,0,0,0,0,0,0,0,100,100,0,0,0,0,0,0,84,72,62,0,0,0,0,0
l24,9=0,0,0,0,0,0,0,0,0,0,0,98,99,97,100,71,100,57,0,0,26,0,0,100,0,100,0,0,0,0,0,0,0,66,37,0,43,0,0,0
l25,9=0,0,0,0,0,0,0,0,0,0,0,80,99,71,0,0,95,0,0,0,0,0,0,100,100,0,3,0,0,9,0,0,78,95,63,0,0,0,49,0
l26,9=0,0,0,0,0,0,0,0,0,0,0,0,0,0,0,0,0,0,0,87,87,0,87,0,0,0,0,94,99,100,99,97,97,88,94,0,0,0,0,0
l27,9=0,0,0,0,0,0,0,0,0,0,0,0,0,0,0,0,0,0,0,0,0,0,0,0,0,0,100,0,99,100,100,92,84,0,0,0,0,0,0,0
l28,9=0,0,0,0,0,0,0,0,0,0,0,0,0,0,0,0,0,0,0,83,0,0,0,0,0,0,100,100,0,100,100,89,0,87,0,0,0,0,0,0
l29,9=0,0,0,0,0,0,0,0,0,0,0,0,0,0,0,0,0,0,0,0,17,0,73,0,0,0,100,100,99,0,100,96,8,84,88,0,0,0,0,0
l30,9=0,0,0,0,0,0,0,0,0,0,0,0,0,0,0,0,0,0,0,0,0,0,0,0,0,0,99,100,99,100,0,96,89,68,93,0,0,0,0,0
l31,9=0,0,0,0,0,0,0,0,0,0,0,0,0,0,0,0,39,0,0,62,0,0,56,0,0,0,96,88,90,96,95,0,100,100,100,0,0,0,0,0
l32,9=0,0,0,0,0,0,0,0,0,0,0,0,74,0,0,0,0,0,0,0,0,0,0,65,0,64,100,88,0,35,95,99,0,100,100,0,0,0,0,0
l33,9=0,0,0,0,0,0,0,0,0,0,0,0,37,0,0,0,73,92,0,0,0,18,0,98,98,99,98,0,98,98,82,99,100,0,99,0,0,0,0,0
l34,9=0,0,0,0,0,0,0,0,0,0,0,0,91,0,0,0,60,0,0,0,71,0,0,98,31,51,98,0,0,85,62,99,100,100,0,0,0,0,0,0
l35,9=0,0,0,0,0,0,0,0,0,0,0,0,0,0,0,0,0,0,0,0,46,68,61,0,0,0,0,0,0,0,0,0,0,0,0,0,87,48,87,44
l36,9=0,0,0,0,0,0,0,0,0,0,0,23,23,20,12,34,24,28,0,27,64,0,68,0,4,0,0,0,0,0,0,0,0,0,0,52,0,55,55,48
l37,9=0,0,0,0,0,0,0,0,0,0,0,0,0,0,0,10,28,0,0,13,58,44,56,0,0,0,0,0,0,0,0,0,0,0,0,43,54,0,55,46
l38,9=0,0,0,0,0,0,0,0,0,0,0,47,41,52,0,47,50,0,0,0,69,80,74,0,0,2,0,0,0,0,0,0,0,0,0,50,54,54,0,47
l39,9=0,0,0,0,0,0,0,0,0,0,0,0,0,0,0,0,49,39,0,37,67,76,0,0,0,0,0,0,0,0,0,0,0,0,0,44,48,48,55,0

l0,10=0,91,90,85,88,73,0,58,0,65,67,0,0,0,0,0,0,0,0,0,0,0,0,0,0,0,0,0,0,0,0,0,0,0,0,0,0,0,0,0
l1,10=85,0,90,83,87,82,49,49,47,50,56,0,0,0,0,0,0,0,0,0,0,0,0,5,0,0,0,0,0,0,0,0,0,0,0,0,0,0,0,0
l2,10=86,74,0,85,84,85,20,49,35,57,65,0,12,0,0,0,0,0,0,0,0,0,0,0,0,0,0,0,0,0,0,0,0,0,0,0,0,0,0,0
l3,10=91,91,93,0,93,79,18,46,0,45,52,0,0,0,0,0,0,0,0,0,0,0,0,0,0,0,0,0,0,0,0,0,0,0,0,0,0,0,0,0
l4,10=86,71,89,84,0,81,18,55,56,50,70,0,0,0,19,0,0,0,0,0,0,0,0,0,0,0,0,0,0,0,0,0,0,0,0,0,0,0,0,0
l5,10=51,75,90,76,87,0,21,59,55,56,69,0,0,22,0,0,0,0,0,0,0,0,0,0,0,0,0,0,0,0,0,0,0,0,0,0,0,0,0,0
l6,10=0,67,81,55,63,77,0,56,52,57,58,0,0,17,0,0,29,0,0,0,0,0,0,0,0,0,0,0,0,0,0,0,0,0,0,0,0,0,0,0
l7,10=44,59,68,62,75,76,18,0,58,74,73,22,19,24,35,0,0,0,0,0,0,0,0,0,0,0,0,0,0,0,0,0,0,0,0,0,0,0,0,0
l8,10=0,34,0,22,65,53,16,51,0,81,53,44,40,26,8,44,15,19,0,11,4,0,15,25,19,0,0,0,0,0,0,0,0,0,0,0,0,0,0,0
l9,10=44,41,48,49,54,49,18,54,62,0,72,43,30,24,47,36,0,0,0,0,0,8,0,14,13,0,0,0,0,0,0,0,0,0,0,0,0,0,0,0
l10,10=42,49,57,52,73,59,17,57,48,74,0,30,0,22,0,35,0,14,0,0,0,0,0,0,0,0,0,0,0,0,0,0,0,0,0,0,0,0,0,0
l11,10=0,0,0,0,0,0,0,30,57,49,37,0,47,58,75,72,37,40,0,0,20,17,0,31,40,22,0,0,0,0,0,0,0,0,0,20,36,0,65,0
l12,10=0,0,0,0,0,0,0,0,39,42,0,41,0,29,98,72,89,99,0,0,31,23,0,96,97,97,0,0,0,0,0,0,0,32,0,6,0,0,64,0
l13,10=0,0,0,0,0,49,13,43,62,62,48,50,39,0,58,54,53,0,0,0,23,19,0,26,32,1,0,0,0,0,0,0,0,0,0,0,0,0,49,0
l14,10=0,0,0,0,11,0,0,0,12,42,0,73,93,21,0,49,75,94,0,0,27,15,14,41,96,38,0,0,0,0,0,0,0,53,0,0,53,0,63,0
l15,10=0,0,0,0,0,0,0,0,60,46,50,75,84,57,73,0,67,36,0,15,32,0,13,0,39,15,0,0,0,0,0,0,0,0,0,0,22,0,71,0
l16,10=0,0,0,0,0,0,8,0,7,0,0,1,53,17,67,38,0,85,31,12,40,28,8,24,58,4,0,0,0,0,0,0,0,0,11,0,53,60,82,23
l17,10=0,0,0,0,0,0,1,0,39,3,25,43,61,0,90,72,90,0,0,20,24,45,45,16,54,15,0,0,0,0,0,0,0,42,0,0,60,0,69,21
l18,10=0,0,0,0,0,0,0,0,0,0,0,0,0,0,0,0,50,0,0,68,69,76,0,0,0,0,0,0,0,0,0,0,0,0,0,0,0,0,0,0
l19,10=0,0,0,0,0,0,0,0,23,0,0,0,0,0,0,32,53,59,61,0,72,64,69,0,0,0,58,0,0,0,0,43,12,0,0,0,0,59,0,35
l20,10=0,0,0,0,0,0,0,0,0,0,0,5,36,14,17,24,66,21,54,75,0,91,87,0,0,0,0,0,0,0,0,0,37,0,0,46,71,68,74,44
l21,10=0,0,0,0,0,0,0,0,0,33,0,25,40,29,45,0,67,73,66,74,93,0,79,0,0,0,6,0,0,0,0,0,0,11,0,44,57,46,73,41
l22,10=0,0,0,0,0,0,0,0,43,11,0,0,0,0,43,24,50,48,0,70,88,76,0,0,0,0,35,0,0,24,0,40,0,0,0,60,68,53,72,36
l23,10=0,0,0,0,0,0,0,0,51,26,0,44,92,7,96,0,70,13,0,0,0,0,0,0,99,98,0,0,0,0,0,1,80,83,11,0,0,0,0,0
l24,10=0,0,0,0,0,0,0,0,5,30,0,43,96,54,99,61,90,72,0,0,4,0,0,100,0,78,0,0,0,0,0,0,0,41,30,0,0,0,53,0
l25,10=0,0,0,25,0,0,0,0,0,3,0,46,96,2,96,29,43,27,0,0,0,0,0,100,99,0,27,0,0,0,0,44,44,98,69,0,0,0,73,0
l26,10=0,0,0,0,0,0,0,0,0,0,0,0,0,0,0,0,0,0,0,60,0,0,51,0,0,15,0,63,96,97,93,88,87,62,69,0,0,0,0,0
l27,10=0,0,0,0,0,0,0,0,0,0,0,0,0,0,0,0,0,0,0,0,0,0,0,0,0,0,80,0,89,96,97,76,0,0,75,0,0,0,0,0
l28,10=0,0,0,0,0,0,0,0,0,0,0,0,0,0,0,0,0,0,0,2,0,0,0,0,0,0,93,92,0,98,94,67,45,64,58,0,0,0,0,0
l29,10=0,0,0,0,0,0,0,0,0,0,0,0,0,0,0,0,0,0,0,0,34,0,37,0,0,0,91,93,96,0,97,80,59,0,64,0,0,0,0,0
l30,10=0,0,0,0,0,0,0,0,0,0,0,0,0,0,0,0,0,0,0,0,0,0,0,0,0,0,84,94,95,98,0,78,75,62,77,0,0,0,0,0
l31,10=0,0,0,0,0,0,0,0,0,0,0,0,0,0,0,0,0,0,0,62,7,0,51,24,0,40,92,61,72,83,88,0,94,99,100,0,0,0,0,0
l32,10=0,0,0,0,0,0,0,0,0,0,0,0,0,0,0,0,0,0,0,41,57,0,0,67,0,41,93,0,54,59,41,98,0,99,100,0,0,0,0,0
l33,10=0,0,0,0,0,0,0,0,0,0,0,0,66,0,78,0,0,50,0,0,0,4,0,98,55,96,71,0,90,3,46,98,96,0,100,0,0,0,0,0
l34,10=0,0,0,0,0,0,0,0,0,0,0,0,5,0,0,0,74,0,0,5,17,0,0,52,35,69,77,67,56,45,57,98,96,99,0,0,0,0,0,0
l35,10=0,0,0,0,0,0,0,0,0,0,0,4,5,0,0,0,0,0,0,0,37,22,12,0,0,0,0,0,0,0,0,0,0,0,0,0,83,63,72,37
l36,10=0,0,0,0,0,0,0,0,0,0,0,0,0,0,45,0,42,19,0,0,63,12,15,0,0,0,0,0,0,0,0,0,0,0,0,58,0,79,82,45
l37,10=0,0,0,0,0,0,0,0,0,0,0,0,0,0,0,0,45,0,0,17,35,6,7,0,0,0,0,0,0,0,0,0,0,0,0,45,68,0,73,24
l38,10=0,0,0,0,0,0,0,0,0,0,0,4,12,12,40,31,74,18,0,0,61,39,50,0,5,6,0,0,0,0,0,0,0,0,0,47,75,67,0,45
l39,10=0,0,0,0,0,0,0,0,0,0,0,0,0,0,0,0,55,15,0,15,61,42,32,0,0,0,0,0,0,0,0,0,0,0,0,43,67,67,72,0

l0,11=0,93,84,91,88,82,29,66,44,47,0,0,0,0,0,0,0,0,0,0,0,0,0,0,0,0,0,0,0,0,0,0,0,0,0,0,0,0,0,0
l1,11=89,0,89,69,83,87,88,86,19,44,68,14,0,24,0,0,0,0,0,0,0,0,0,0,0,0,0,0,0,0,0,0,0,0,0,0,0,0,0,0
l2,11=87,91,0,90,83,87,10,84,42,58,71,0,0,0,0,0,0,0,0,0,0,0,0,0,0,0,0,0,0,0,0,0,0,0,0,0,0,0,0,0
l3,11=89,55,89,0,87,87,35,1,0,28,45,0,0,0,0,0,0,0,0,0,0,0,0,0,0,0,0,0,0,0,0,0,0,0,0,0,0,0,0,0
l4,11=89,74,81,91,0,78,83,63,0,35,50,0,0,0,5,0,0,0,0,0,0,0,0,49,0,0,0,0,0,0,0,0,0,0,0,0,0,0,0,0
l5,11=82,88,89,88,84,0,88,87,50,72,58,0,0,33,0,0,0,0,0,0,0,0,0,0,0,0,0,0,0,0,0,0,0,0,0,0,0,0,0,0
l6,11=16,83,8,32,83,83,0,87,44,71,69,38,0,50,0,56,22,0,0,0,0,0,0,0,0,0,0,0,0,0,0,0,0,0,0,0,0,0,0,0
l7,11=72,82,82,34,77,81,88,0,72,72,78,61,50,73,0,47,0,0,0,0,0,0,0,0,0,0,0,0,0,0,0,0,0,0,0,0,0,0,0,0
l8,11=27,15,36,0,0,22,72,71,0,87,43,70,68,84,26,75,0,25,0,46,0,0,0,52,37,0,0,0,0,0,0,0,0,0,0,0,0,0,0,0
l9,11=27,37,41,22,16,46,83,87,78,0,78,68,63,77,0,70,2,2,0,0,0,58,0,0,8,0,0,0,0,0,0,0,0,0,0,0,0,0,0,0
l10,11=0,56,38,44,64,32,72,87,67,82,0,59,0,67,14,68,0,0,0,2,0,0,0,0,0,0,0,0,0,0,0,0,0,0,0,0,0,0,0,0
l11,11=0,6,0,0,0,0,51,42,46,48,43,0,86,79,53,89,38,29,0,0,0,40,50,83,82,53,0,0,0,0,0,0,0,0,0,9,0,0,61,0
l12,11=0,0,0,0,0,0,0,25,29,44,0,94,0,73,100,89,57,60,0,0,65,68,57,89,100,97,0,0,0,0,0,0,0,0,0,0,0,0,77,0
l13,11=0,5,0,0,0,12,65,78,60,51,44,83,81,0,0,85,33,26,0,0,53,46,0,54,62,43,0,0,0,0,0,0,0,0,0,0,0,0,37,0
l14,11=0,0,0,0,6,0,0,0,9,0,5,85,93,0,0,70,70,48,0,0,1,15,0,94,87,89,0,0,0,0,0,0,0,62,36,19,20,0,56,0
l15,11=0,0,0,0,0,0,68,24,52,45,40,94,91,86,38,0,63,53,0,56,68,58,22,44,0,60,0,0,0,0,0,0,0,0,0,7,19,0,64,0
l16,11=0,0,0,0,0,0,32,0,0,18,0,66,82,57,58,86,0,32,0,23,84,82,61,60,92,0,0,0,0,0,0,0,29,37,54,0,21,67,87,49
l17,11=0,0,0,0,0,0,0,0,28,28,7,91,91,71,58,87,49,0,0,0,72,79,66,56,82,0,0,0,0,0,0,0,0,0,0,0,23,0,19,35
l18,11=0,0,0,0,0,0,0,0,0,0,0,0,0,0,0,0,23,0,0,65,68,73,49,0,0,0,0,0,0,0,0,0,0,0,0,0,0,0,0,7
l19,11=0,0,0,0,0,0,0,0,14,0,1,0,0,0,0,51,15,0,20,0,79,72,69,0,0,0,47,0,0,0,0,1,0,0,11,21,18,58,0,50
l20,11=0,0,0,0,0,0,0,0,0,0,0,0,54,46,0,58,37,18,18,79,0,90,85,0,0,0,2,0,8,0,0,0,9,0,0,24,22,61,70,58
l21,11=0,0,0,0,0,0,0,0,0,38,0,43,52,34,20,43,72,19,16,75,91,0,80,0,25,0,0,0,0,0,0,0,0,0,0,9,20,63,81,51
l22,11=0,0,0,0,0,0,0,0,0,0,0,48,49,0,0,5,27,18,0,66,86,84,0,0,0,0,46,0,0,0,0,4,0,0,0,49,52,0,76,56
l23,11=0,0,0,0,24,0,0,0,23,0,0,84,93,39,79,45,40,15,0,0,0,0,0,0,100,97,0,0,0,0,0,1,53,73,0,0,0,0,0,0
l24,11=0,0,0,0,0,0,0,0,1,5,0,90,93,66,59,0,98,28,0,0,0,0,0,100,0,96,0,0,0,0,0,0,0,0,0,0,0,0,0,0
l25,11=0,0,0,0,0,0,0,0,0,0,0,70,93,48,99,74,0,0,0,0,0,0,0,100,97,0,0,0,0,0,0,8,31,98,10,0,0,0,0,0
l26,11=0,0,0,0,0,0,0,0,0,0,0,0,0,0,0,0,0,0,0,26,20,0,29,0,0,0,0,73,91,90,88,72,76,30,44,0,0,0,0,0
l27,11=0,0,0,0,0,0,0,0,0,0,0,0,0,0,0,0,0,0,0,0,0,0,0,0,0,0,69,0,86,91,93,63,0,0,37,0,0,0,0,0
l28,11=0,0,0,0,0,0,0,0,0,0,0,0,0,0,0,0,0,0,0,0,33,0,0,0,0,0,88,95,0,94,93,48,33,0,32,0,0,0,0,0
l29,11=0,0,0,0,0,0,0,0,0,0,0,0,0,0,0,0,0,0,0,0,0,0,0,0,0,0,82,92,91,0,92,70,40,32,36,0,0,0,0,0
l30,11=0,0,0,0,0,0,0,0,0,0,0,0,0,0,0,0,0,0,0,0,0,0,0,0,0,0,82,95,89,94,0,68,73,77,67,0,0,0,0,0
l31,11=0,0,0,0,0,0,0,0,0,0,0,0,0,0,0,0,0,0,0,18,0,0,58,54,0,55,88,68,72,86,75,0,78,100,100,0,0,0,0,0
l32,11=0,0,0,0,0,0,0,0,0,0,0,0,0,0,0,0,10,0,0,0,31,0,0,53,1,25,86,0,65,60,64,76,0,100,100,0,0,0,0,0
l33,11=0,0,0,0,0,0,0,0,0,0,0,0,0,0,79,0,27,0,0,0,17,0,0,72,0,91,68,0,0,64,79,91,93,0,100,0,0,0,0,0
l34,11=0,0,0,0,0,0,0,0,0,0,0,0,0,0,27,0,62,0,0,27,0,0,0,1,5,13,78,64,30,64,68,91,93,100,0,0,0,0,0,0
l35,11=0,0,0,0,0,0,0,0,0,0,0,8,2,0,11,8,0,0,0,32,65,23,64,0,0,0,0,0,0,0,0,0,0,0,0,0,74,77,75,61
l36,11=0,0,0,0,0,0,0,0,0,0,0,0,0,0,25,50,24,18,0,25,79,64,69,0,0,0,0,0,0,0,0,0,0,0,0,66,0,83,86,68
l37,11=0,0,0,0,0,0,0,0,0,0,0,0,0,0,0,0,22,0,0,38,71,60,0,0,0,0,0,0,0,0,0,0,0,0,0,29,21,0,68,58
l38,11=0,0,0,0,0,0,0,0,0,0,0,52,61,22,15,50,41,0,0,0,69,78,74,0,0,0,0,0,0,0,0,0,0,0,0,28,25,66,0,66
l39,11=0,0,0,0,0,0,0,0,0,0,0,0,0,0,0,0,19,0,0,57,75,71,67,0,0,0,0,0,0,0,0,0,0,0,0,63,73,73,77,0

l0,12=0,79,87,95,89,59,60,23,0,3,3,0,0,0,0,0,0,0,0,0,0,0,0,0,0,0,0,0,0,0,0,0,0,0,0,0,0,0,0,0
l1,12=90,0,78,75,73,28,80,73,0,3,31,5,0,0,0,0,0,0,0,0,0,0,0,0,0,0,0,0,0,0,0,0,0,0,0,0,0,0,0,0
l2,12=90,50,0,89,33,59,86,38,9,63,69,0,0,0,0,0,0,0,0,0,0,0,0,0,0,0,0,0,0,0,0,0,0,0,0,0,0,0,0,0
l3,12=92,75,83,0,89,58,0,6,0,0,8,0,0,0,0,0,0,0,0,0,0,0,0,0,0,0,0,0,0,0,0,0,0,0,0,0,0,0,0,0
l4,12=90,76,76,91,0,4,75,48,4,2,0,0,0,0,11,0,0,0,0,0,0,0,0,7,0,0,0,0,0,0,0,0,0,0,0,0,0,0,0,0
l5,12=82,47,87,84,24,0,75,74,69,77,50,0,0,16,0,0,0,0,0,0,0,0,0,0,0,0,0,0,0,0,0,0,0,0,0,0,0,0,0,0
l6,12=51,51,84,2,24,23,0,75,64,22,78,57,0,52,0,70,0,0,0,0,0,0,0,0,0,0,0,0,0,0,0,0,0,0,0,0,0,0,0,0
l7,12=54,46,60,18,26,27,76,0,77,79,86,33,49,67,0,0,0,0,0,0,0,0,0,0,0,0,0,0,0,0,0,0,0,0,0,0,0,0,0,0
l8,12=0,0,22,1,7,17,55,60,0,86,77,56,54,83,3,70,9,26,0,23,0,12,0,0,33,0,0,0,0,0,0,0,0,0,0,0,0,0,0,0
l9,12=21,10,58,0,7,27,34,74,78,0,85,56,56,78,4,45,27,13,0,0,46,43,0,0,0,0,0,0,0,0,0,0,0,0,0,0,0,0,0,0
l10,12=20,29,60,19,1,10,66,88,72,85,0,46,0,73,7,69,0,0,0,0,0,0,0,0,0,0,0,0,0,0,0,0,0,0,0,0,0,0,0,0
l11,12=0,10,0,0,0,0,59,48,76,44,29,0,85,85,50,93,49,88,0,0,43,33,21,0,0,43,0,0,0,0,0,0,0,0,0,6,33,0,52,0
l12,12=0,0,0,0,0,0,0,7,60,34,0,80,0,74,96,93,79,94,0,0,72,44,31,38,100,100,0,0,0,0,0,0,0,19,0,0,0,0,61,0
l13,12=0,0,0,0,0,5,51,59,79,72,47,74,76,0,45,88,47,66,0,0,56,39,0,33,39,0,0,0,0,0,0,0,0,0,0,0,0,0,0,0
l14,12=0,0,0,0,9,0,0,0,0,21,8,48,92,78,0,54,92,86,0,0,0,55,1,56,100,78,0,0,0,0,0,0,0,37,37,49,42,0,48,0
l15,12=0,0,0,0,0,0,58,0,71,40,41,88,86,89,50,0,50,85,0,41,65,45,5,27,63,60,0,0,0,0,0,0,0,0,0,0,0,0,44,0
l16,12=0,0,0,0,0,0,0,0,33,5,0,34,81,71,58,50,0,84,49,49,84,60,25,2,70,48,0,0,0,0,0,0,0,0,0,28,79,36,77,42
l17,12=0,0,0,0,0,0,0,0,57,6,0,60,92,78,57,58,61,0,0,49,84,68,37,22,3,0,0,0,0,0,0,0,0,0,0,0,73,0,59,1
l18,12=0,0,0,0,0,0,0,0,0,0,0,0,0,0,0,0,61,0,0,65,68,48,0,0,0,0,0,0,0,0,0,0,0,0,0,0,0,0,0,1
l19,12=0,0,0,0,0,0,0,0,42,0,0,0,0,0,0,32,41,50,45,0,87,63,69,0,0,0,48,0,44,8,0,60,28,0,0,32,8,0,57,62
l20,12=0,0,0,0,0,0,0,0,0,26,0,26,53,45,0,34,49,60,36,87,0,90,83,0,0,0,31,0,30,0,0,11,0,0,0,49,80,31,67,64
l21,12=0,0,0,0,0,0,0,0,46,43,0,29,53,50,44,57,71,65,40,86,93,0,83,0,38,0,24,0,0,0,0,0,0,0,0,46,65,27,79,53
l22,12=0,0,0,0,0,0,0,0,0,0,0,30,52,0,4,11,39,48,0,83,91,72,0,0,0,0,41,0,0,0,0,0,0,0,0,59,73,28,68,71
l23,12=0,0,0,0,9,0,0,0,0,0,0,1,80,55,68,7,0,18,0,0,0,0,0,0,100,100,0,0,0,0,0,0,0,2,0,0,0,0,0,0
l24,12=0,0,0,0,0,0,0,0,52,0,0,0,92,66,96,87,92,0,0,0,0,55,0,100,0,100,0,0,0,0,0,19,53,0,0,0,0,0,53,0
l25,12=0,0,0,0,0,0,0,0,0,0,0,35,92,1,87,73,45,0,0,0,0,0,0,100,100,0,0,0,0,0,0,72,64,40,89,0,0,0,0,0
l26,12=0,0,0,0,0,0,0,0,0,0,0,0,0,0,0,0,0,0,0,43,29,18,29,0,0,0,0,69,85,73,93,88,77,36,75,0,0,0,0,0
l27,12=0,0,0,0,0,0,0,0,0,0,0,0,0,0,0,0,0,0,0,0,0,0,0,0,0,0,71,0,83,93,97,86,0,14,11,0,0,0,0,0
l28,12=0,0,0,0,0,0,0,0,0,0,0,0,0,0,0,0,0,0,0,42,32,0,0,0,0,0,80,91,0,93,97,80,67,57,69,0,0,0,0,0
l29,12=0,0,0,0,0,0,0,0,0,0,0,0,0,0,0,0,0,0,0,4,0,0,0,0,0,0,75,90,85,0,97,85,78,70,77,0,0,0,0,0
l30,12=0,0,0,0,0,0,0,0,0,0,0,0,0,0,0,0,0,0,0,0,0,0,0,0,0,0,75,91,85,93,0,87,80,78,74,0,0,0,0,0
l31,12=0,0,0,0,0,0,0,0,0,0,0,0,0,0,0,0,0,0,0,66,57,0,0,40,49,56,80,74,81,91,97,0,93,100,100,0,0,0,0,0
l32,12=0,0,0,0,0,0,0,0,0,0,0,0,0,0,0,0,0,0,0,35,0,0,0,2,72,80,76,0,78,85,86,93,0,100,100,0,0,0,0,0
l33,12=0,0,0,0,0,0,0,0,0,0,0,0,59,0,66,0,0,0,0,0,0,0,0,58,0,76,68,35,65,74,86,96,93,0,100,0,0,0,0,0
l34,12=0,0,0,0,0,0,0,0,0,0,0,0,0,0,48,0,0,0,0,0,0,0,0,0,1,84,79,62,77,79,81,96,93,100,0,0,0,0,0,0
l35,12=0,0,0,0,0,0,0,0,0,0,0,1,0,0,11,0,21,0,0,14,66,26,38,0,0,0,0,0,0,0,0,0,0,0,0,0,87,44,77,54
l36,12=0,0,0,0,0,0,0,0,0,0,0,7,0,0,5,0,51,50,0,0,87,55,42,0,0,0,0,0,0,0,0,0,0,0,0,84,0,45,79,82
l37,12=0,0,0,0,0,0,0,0,0,0,0,0,0,0,0,0,34,0,0,0,45,27,16,0,0,0,0,0,0,0,0,0,0,0,0,83,87,0,48,60
l38,12=0,0,0,0,0,0,0,0,0,0,0,16,71,0,14,19,53,49,0,42,61,69,43,0,28,0,0,0,0,0,0,0,0,0,0,79,87,21,0,82
l39,12=0,0,0,0,0,0,0,0,0,0,0,0,0,0,0,0,33,0,0,64,78,43,42,0,0,0,0,0,0,0,0,0,0,0,0,61,83,42,80,0

l0,13=0,91,91,93,93,93,94,92,82,84,94,0,0,0,0,0,0,0,0,0,0,0,0,0,0,0,0,0,0,0,0,0,0,0,0,0,0,0,0,0
l1,13=93,0,91,93,93,92,93,76,49,26,64,0,0,0,20,0,0,0,0,0,0,0,0,0,0,0,0,0,0,0,0,0,0,0,0,0,0,0,0,0
l2,13=92,91,0,92,93,92,94,45,0,77,94,0,0,42,0,0,0,0,0,0,0,0,0,0,0,0,0,0,0,0,0,0,0,0,0,0,0,0,0,0
l3,13=96,95,91,0,96,93,93,77,0,0,88,0,0,0,0,0,0,0,0,0,0,0,0,0,0,0,0,0,0,0,0,0,0,0,0,0,0,0,0,0
l4,13=93,91,91,92,0,91,94,78,41,17,92,0,0,0,0,0,0,0,0,0,0,0,0,0,0,0,0,0,0,0,0,0,0,0,0,0,0,0,0,0
l5,13=93,88,91,92,80,0,94,43,56,86,89,0,0,79,0,0,0,0,0,0,0,0,0,0,0,0,0,0,0,0,0,0,0,0,0,0,0,0,0,0
l6,13=88,87,91,87,92,92,0,0,71,77,0,74,0,64,0,75,0,0,0,0,0,0,0,0,0,0,0,0,0,0,0,0,0,0,0,0,0,0,0,0
l7,13=86,90,69,88,89,89,0,0,90,88,94,18,24,84,0,8,0,0,0,0,0,0,0,0,0,0,0,0,0,0,0,0,0,0,0,0,0,0,0,0
l8,13=66,53,0,49,30,72,67,45,0,92,90,20,46,86,48,23,18,50,0,51,0,18,0,0,70,0,0,0,0,0,0,0,0,0,0,0,0,0,0,0
l9,13=63,1,57,0,1,85,83,78,91,0,94,40,51,87,36,77,32,55,0,0,17,19,0,0,0,0,0,0,0,0,0,0,0,0,0,0,0,0,0,0
l10,13=66,59,62,78,77,85,0,92,85,92,0,25,0,85,0,38,0,0,0,0,0,0,0,0,0,0,0,0,0,0,0,0,0,0,0,0,0,0,0,0
l11,13=0,0,0,0,0,0,47,23,34,31,26,0,85,95,65,86,29,90,0,0,23,28,55,68,0,2,0,0,0,0,0,0,0,0,0,0,25,0,25,0
l12,13=0,0,0,0,0,0,0,0,0,27,0,57,0,75,83,55,34,94,0,0,24,25,62,84,98,82,0,0,0,0,0,0,0,82,0,0,60,0,31,0
l13,13=0,0,0,0,0,40,44,39,57,92,49,89,63,0,61,86,24,80,0,23,20,25,0,65,66,41,0,0,0,0,0,0,0,0,0,0,0,0,23,0
l14,13=0,0,0,0,0,0,0,0,50,30,0,33,99,90,0,35,56,88,0,0,0,24,2,94,99,56,0,0,0,0,0,0,58,69,43,0,54,0,20,0
l15,13=0,0,0,0,0,0,46,0,37,34,27,89,97,96,60,0,37,94,0,50,23,24,0,72,82,41,0,0,0,0,0,0,0,0,0,0,64,0,24,0
l16,13=0,0,0,0,0,0,0,0,37,29,0,27,81,57,57,35,0,90,32,66,26,29,53,53,89,38,0,0,0,0,0,0,0,35,45,69,72,21,31,22
l17,13=0,0,0,0,0,0,0,0,41,33,0,33,96,89,58,35,33,0,0,67,28,34,66,80,90,33,0,0,0,0,0,0,0,75,0,0,76,0,29,0
l18,13=0,0,0,0,0,0,0,0,0,0,0,0,0,0,0,0,72,0,0,87,87,0,11,0,0,0,0,0,0,0,0,0,0,0,0,0,0,0,0,0
l19,13=0,0,0,0,0,0,0,0,39,0,0,0,0,6,0,41,64,51,55,0,90,91,84,0,0,0,25,0,3,7,0,33,0,0,0,41,52,43,62,55
l20,13=0,0,0,0,0,0,0,0,0,25,0,15,58,40,0,25,24,63,58,90,0,94,93,0,0,0,21,0,0,0,0,40,0,0,0,81,76,57,53,23
l21,13=0,0,0,0,0,0,0,0,33,46,0,46,56,59,20,26,43,83,0,90,91,0,93,0,64,0,25,0,0,0,0,0,0,0,0,73,56,0,81,42
l22,13=0,0,0,0,0,0,0,0,0,0,0,15,53,0,4,0,24,42,0,80,91,94,0,0,0,0,29,0,0,0,0,0,0,0,30,81,80,43,34,49
l23,13=0,0,0,0,0,0,0,0,0,0,0,30,91,86,98,36,27,84,0,0,0,0,0,0,0,100,0,0,0,0,0,0,0,0,0,0,0,0,0,0
l24,13=0,0,0,0,0,0,0,0,52,0,0,0,99,36,98,35,59,90,0,0,2,30,0,0,0,98,0,0,0,0,0,0,82,45,0,0,74,0,0,0
l25,13=0,0,0,1,0,0,0,0,0,0,0,8,99,84,83,35,33,33,0,0,0,0,0,99,99,0,0,0,0,3,0,92,95,100,100,0,0,0,0,0
l26,13=0,0,0,0,0,0,0,0,0,0,0,0,0,0,0,0,0,0,0,51,48,27,56,0,0,0,0,79,95,78,99,99,64,64,0,0,0,0,0,0
l27,13=0,0,0,0,0,0,0,0,0,0,0,0,0,0,0,0,0,0,0,0,0,0,0,0,0,0,68,0,87,97,100,68,56,55,41,0,0,0,0,0
l28,13=0,0,0,0,0,0,0,0,0,0,0,0,0,0,0,0,0,0,0,45,32,0,0,0,0,0,95,97,0,97,100,91,56,58,60,0,0,0,0,0
l29,13=0,0,0,0,0,0,0,0,0,0,0,0,0,0,0,0,0,0,0,16,0,0,0,0,0,0,65,97,95,0,100,73,75,62,75,0,0,0,0,0
l30,13=0,0,0,0,0,0,0,0,0,0,0,0,0,0,0,0,0,0,0,0,0,0,0,0,0,0,95,97,95,97,0,75,61,65,10,0,0,0,0,0
l31,13=0,0,0,0,0,0,0,0,0,0,0,0,0,0,0,0,0,0,0,49,47,0,0,0,0,74,95,92,95,95,100,0,99,100,100,0,0,0,0,0
l32,13=0,0,0,0,0,0,0,0,0,0,0,0,0,0,45,0,2,0,0,6,0,0,0,0,72,91,89,52,67,93,89,100,0,100,100,0,0,0,0,0
l33,13=0,0,0,0,0,0,0,0,0,0,0,0,88,0,57,0,19,66,0,0,0,0,0,0,64,99,95,49,95,76,100,100,99,0,100,0,0,0,0,0
l34,13=0,0,0,0,0,0,0,0,0,0,0,0,19,0,47,0,73,0,0,0,4,0,65,14,64,99,0,43,95,97,67,100,99,100,0,0,0,0,0,0
l35,13=0,0,0,0,0,0,0,0,0,0,0,0,5,0,0,0,19,0,0,14,25,22,54,0,0,0,0,0,0,0,0,0,0,0,0,0,91,83,29,24
l36,13=0,0,0,0,0,0,0,0,0,0,0,0,34,0,9,6,25,41,0,43,26,24,56,0,54,0,0,0,0,0,0,0,0,0,0,87,0,56,32,24
l37,13=0,0,0,0,0,0,0,0,0,0,0,0,0,0,0,0,0,0,0,43,25,0,41,0,0,0,0,0,0,0,0,0,0,0,0,86,68,0,28,22
l38,13=0,0,0,0,0,0,0,0,0,0,0,14,59,52,7,17,26,43,0,47,28,33,64,0,4,0,0,0,0,0,0,0,0,0,0,80,83,54,0,24
l39,13=0,0,0,0,0,0,0,0,0,0,0,0,0,0,0,0,24,0,0,52,25,25,61,0,0,0,0,0,0,0,0,0,0,0,0,83,64,51,29,0

l0,14=0,100,99,100,100,100,100,99,97,97,99,0,0,0,0,0,0,0,0,0,0,0,0,0,0,0,0,0,0,0,0,0,0,0,0,0,0,0,0,0
l1,14=100,0,99,100,100,100,37,0,36,0,48,0,0,38,0,0,0,0,0,0,0,0,0,0,0,0,0,0,0,0,0,0,0,0,0,0,0,0,0,0
l2,14=100,100,0,100,100,100,100,100,35,95,100,0,0,57,0,0,0,0,0,0,0,0,0,0,0,0,0,0,0,0,0,0,0,0,0,0,0,0,0,0
l3,14=100,100,99,0,100,100,99,98,0,0,96,0,0,0,0,0,0,0,0,0,0,0,0,0,0,0,0,0,0,0,0,0,0,0,0,0,0,0,0,0
l4,14=100,100,99,100,0,100,100,0,38,44,100,0,0,0,0,0,0,0,0,0,0,0,0,0,0,0,0,0,0,0,0,0,0,0,0,0,0,0,0,0
l5,14=100,100,100,100,100,0,100,100,96,98,100,0,0,83,0,52,0,0,0,0,0,0,0,0,0,0,0,0,0,0,0,0,0,0,0,0,0,0,0,0
l6,14=98,27,100,93,100,100,0,96,92,98,92,99,0,94,0,88,0,0,0,0,0,0,48,0,0,0,0,0,0,0,0,0,0,0,0,0,0,0,0,0
l7,14=99,0,99,80,0,99,100,0,98,98,100,0,0,83,0,28,59,0,0,0,0,0,0,0,0,0,0,0,0,0,0,0,0,0,0,0,0,0,0,0
l8,14=47,32,9,27,43,44,51,47,0,98,100,51,42,36,55,33,24,0,0,5,25,36,34,0,53,0,0,0,0,0,0,0,0,0,0,0,0,0,20,0
l9,14=46,0,32,0,44,83,51,99,98,0,100,55,0,100,50,93,30,35,0,0,28,37,0,47,0,0,0,0,0,0,0,0,0,0,0,0,0,0,0,0
l10,14=98,52,53,41,100,98,99,100,98,98,0,53,42,100,41,53,0,0,0,0,10,0,0,0,0,0,0,0,0,0,0,0,0,0,0,0,0,0,0,0
l11,14=0,0,0,0,0,0,99,0,54,97,64,0,72,99,96,97,63,83,0,0,62,60,70,98,42,19,0,0,0,0,0,0,0,0,0,0,56,0,76,0
l12,14=0,0,0,0,0,0,0,0,46,0,37,99,0,86,100,57,23,99,0,9,60,0,36,98,98,99,0,0,0,0,0,0,0,40,0,0,0,0,0,0
l13,14=0,43,28,0,6,44,51,46,46,97,98,100,100,0,55,97,30,73,0,22,0,37,0,51,53,40,0,0,0,0,0,0,0,0,0,0,0,0,34,0
l14,14=0,0,0,0,0,0,0,0,47,44,10,99,100,39,0,56,63,83,0,0,1,4,0,99,100,0,0,0,0,0,0,0,22,39,0,1,0,0,46,0
l15,14=0,0,0,0,0,38,51,2,97,97,46,100,71,99,95,0,76,83,0,52,57,31,0,98,98,38,0,0,0,0,0,0,0,0,0,0,0,0,49,0
l16,14=0,0,0,0,0,0,0,43,27,65,0,98,29,19,94,57,0,81,17,90,51,19,70,33,95,22,0,0,0,0,0,0,0,38,17,57,84,4,86,54
l17,14=0,0,0,0,0,0,0,0,0,78,0,99,100,86,96,95,63,0,0,92,62,63,67,98,98,55,0,0,0,0,0,0,0,0,0,19,84,0,96,0
l18,14=0,0,0,0,0,0,0,0,0,0,0,0,0,0,0,0,68,0,0,92,92,0,90,0,0,0,0,0,0,0,0,0,0,0,0,0,0,0,0,0
l19,14=0,0,0,0,0,0,0,0,0,0,0,0,53,2,0,45,57,76,76,0,97,96,97,0,0,0,33,0,1,70,0,0,0,0,0,63,89,84,86,96
l20,14=0,0,0,0,0,0,0,0,3,87,0,89,63,0,0,52,56,77,88,97,0,99,99,0,14,0,5,0,0,0,0,0,0,0,10,64,93,84,96,95
l21,14=0,0,0,0,0,0,0,0,88,87,0,89,13,77,71,77,86,91,0,97,97,0,99,0,92,0,0,0,0,0,0,0,0,0,0,89,93,58,86,96
l22,14=0,0,0,0,0,0,49,0,17,0,0,89,64,0,0,0,62,76,60,97,97,99,0,0,1,0,44,0,0,5,0,0,0,0,0,63,95,8,88,98
l23,14=0,0,0,0,0,0,0,0,0,47,0,53,74,27,100,50,3,39,0,0,0,0,0,0,56,100,0,0,0,0,0,0,36,43,32,0,0,0,0,0
l24,14=0,0,0,0,0,0,0,0,90,0,0,0,70,86,100,58,65,85,0,0,12,60,0,99,0,79,0,0,0,0,0,0,0,0,0,0,42,0,0,0
l25,14=0,0,0,0,0,0,0,0,0,0,0,33,100,83,0,54,30,46,0,0,0,0,0,100,100,0,0,0,22,0,0,0,39,95,73,0,0,0,0,0
l26,14=0,0,0,0,0,0,0,0,0,0,0,0,0,0,0,0,0,0,0,66,69,0,77,0,0,0,0,90,100,91,95,98,92,83,89,0,0,0,0,0
l27,14=0,0,0,0,0,0,0,0,0,0,0,0,0,0,0,0,0,0,0,0,0,0,0,0,0,0,84,0,96,100,96,81,81,80,1,0,0,0,0,0
l28,14=0,0,0,0,0,0,0,0,0,0,0,0,0,0,0,0,0,0,0,8,0,0,0,0,0,58,98,100,0,100,96,97,83,85,92,0,0,0,0,0
l29,14=0,0,0,0,0,0,0,0,0,0,0,0,0,0,0,0,0,0,0,72,0,0,11,0,0,0,84,100,100,0,96,81,83,0,83,0,0,0,0,0
l30,14=0,0,0,0,0,0,0,0,0,0,0,0,0,0,0,0,0,0,0,0,0,0,0,0,0,0,92,100,100,100,0,81,81,83,0,0,0,0,0,0
l31,14=0,0,0,0,0,0,0,0,0,0,0,0,0,0,0,0,0,0,0,0,0,0,0,0,0,0,98,89,99,96,88,0,100,100,100,0,0,0,0,0
l32,14=0,0,0,0,0,0,0,0,0,0,0,0,0,0,82,0,0,0,0,0,0,0,0,92,0,66,98,74,93,99,87,99,0,100,100,0,0,0,0,0
l33,14=0,0,0,0,0,0,0,0,0,0,0,0,89,0,83,0,86,0,0,0,0,0,0,99,0,97,97,89,100,0,96,99,100,0,100,0,0,0,0,0
l34,14=0,0,0,0,0,0,0,0,0,0,0,0,0,0,0,0,94,0,0,0,72,0,0,97,1,99,97,7,100,99,0,99,100,100,0,0,0,0,0,0
l35,14=0,0,0,0,0,0,0,0,0,0,0,0,32,0,16,0,53,28,0,88,52,51,64,0,0,0,0,0,0,0,0,0,0,0,0,0,96,96,89,96
l36,14=0,0,0,0,0,0,0,0,0,0,0,42,0,0,0,0,55,56,0,90,56,43,67,0,45,0,0,0,0,0,0,0,0,0,0,99,0,84,96,95
l37,14=0,0,0,0,0,0,0,0,0,0,0,0,0,0,0,0,0,0,0,78,44,0,0,0,0,0,0,0,0,0,0,0,0,0,0,68,89,0,85,95
l38,14=0,0,0,0,0,0,0,0,0,0,0,50,0,3,55,30,24,63,0,90,61,23,53,0,0,0,0,0,0,0,0,0,0,0,0,66,95,86,0,97
l39,14=0,0,0,0,0,0,0,0,0,0,0,0,0,0,0,0,56,0,0,92,57,54,69,0,0,0,0,0,0,0,0,0,0,0,0,63,89,85,86,0

l0,15=0,99,97,100,100,100,98,98,95,98,84,0,0,0,0,0,0,0,0,0,0,0,0,0,0,0,0,0,0,0,0,0,0,0,0,0,0,0,0,0
l1,15=98,0,97,100,100,100,98,98,98,91,97,0,0,97,91,0,0,0,0,0,0,0,0,0,0,0,0,0,0,0,0,0,0,0,0,0,0,0,0,0
l2,15=98,99,0,97,100,100,98,98,98,98,0,96,0,98,0,0,0,0,0,0,0,0,0,0,0,0,0,0,0,0,0,0,0,0,0,0,0,0,0,0
l3,15=100,99,93,0,100,98,0,0,0,3,97,0,0,0,0,0,0,0,0,0,0,0,0,0,0,0,0,0,0,0,0,0,0,0,0,0,0,0,0,0
l4,15=100,99,100,100,0,100,98,98,78,92,100,0,0,0,0,1,0,0,0,0,0,0,0,0,0,0,0,0,0,0,0,0,0,0,0,0,0,0,0,0
l5,15=98,99,97,97,98,0,97,98,96,98,97,0,0,98,0,92,0,0,0,0,0,0,0,0,0,0,0,0,0,0,0,0,0,0,0,0,0,0,0,0
l6,15=98,99,97,0,98,98,0,98,94,98,97,98,90,96,0,93,0,0,0,0,0,0,24,0,0,0,0,0,0,0,0,0,0,0,0,0,0,0,0,0
l7,15=97,99,97,91,98,98,98,0,99,98,97,0,0,93,12,0,63,0,0,0,0,0,0,0,0,0,0,0,0,0,0,0,0,0,0,0,0,0,0,0
l8,15=98,97,75,50,89,95,90,93,0,99,100,98,99,98,89,76,0,0,0,32,5,59,55,0,97,0,0,0,0,0,0,0,0,0,0,0,0,0,0,0
l9,15=97,35,79,18,94,100,96,99,100,0,100,97,0,100,39,94,70,21,0,0,98,91,0,2,0,0,0,0,0,0,0,0,0,0,0,0,0,0,0,0
l10,15=81,97,0,95,98,98,98,100,99,99,0,0,96,98,88,0,46,0,0,0,0,0,0,0,0,0,0,0,0,0,0,0,0,0,0,0,0,0,0,0
l11,15=0,0,42,0,0,0,100,0,60,58,0,0,100,100,0,99,64,60,0,4,81,62,61,100,99,94,0,0,0,0,0,0,0,0,0,0,99,0,91,0
l12,15=0,0,0,0,0,0,2,0,79,0,100,100,0,100,100,83,63,100,0,0,81,0,59,100,100,100,0,0,0,0,0,0,0,0,0,0,77,0,59,0
l13,15=0,94,95,0,1,98,94,52,57,99,100,100,99,0,97,97,63,61,0,26,0,7,6,71,77,90,0,0,0,0,0,0,0,0,0,0,0,0,5,0
l14,15=0,0,0,0,0,0,0,0,57,17,57,20,100,99,0,77,63,61,0,0,79,0,0,100,100,93,0,0,0,0,0,0,0,84,0,0,0,0,91,0
l15,15=0,0,0,0,0,79,95,0,59,58,0,100,99,100,99,0,64,61,0,0,80,62,0,100,100,90,0,0,0,0,0,0,0,0,0,95,0,0,92,0
l16,15=0,0,0,0,0,0,1,65,0,40,27,96,97,93,99,77,0,59,91,97,79,39,61,0,99,0,0,0,0,0,0,0,0,79,0,97,94,86,90,11
l17,15=0,0,0,0,0,0,0,0,0,58,0,99,99,99,99,96,63,0,0,99,81,62,61,100,99,93,0,0,0,0,0,0,0,82,82,0,97,4,91,0
l18,15=0,0,0,0,0,0,0,0,0,0,0,0,0,0,0,0,93,0,0,87,92,0,72,0,0,0,0,0,0,0,0,0,0,0,0,0,0,0,0,0
l19,15=0,0,0,0,0,0,0,0,2,0,0,2,53,2,0,0,49,48,65,0,99,99,94,0,0,0,49,0,0,78,0,0,0,0,0,82,66,0,70,52
l20,15=0,0,0,0,0,0,0,0,0,58,0,94,98,0,87,74,61,60,91,100,0,100,99,0,6,0,4,0,0,0,0,0,0,0,0,98,97,0,92,62
l21,15=0,0,0,0,0,0,0,0,51,53,0,93,0,11,0,73,58,58,0,100,100,0,99,0,74,0,0,0,3,0,0,0,0,1,55,88,93,81,96,77
l22,15=0,0,0,0,0,0,16,0,43,30,0,79,79,1,0,0,75,50,4,97,99,99,0,0,0,0,28,0,0,66,0,0,0,0,0,84,67,69,71,52
l23,15=0,0,0,0,0,0,0,0,0,46,0,99,100,0,100,80,0,61,0,0,0,0,0,0,100,100,0,0,0,0,0,0,63,85,0,0,0,0,0,0
l24,15=0,0,0,0,0,0,0,0,59,0,0,99,100,0,100,99,64,60,0,0,15,41,0,100,0,94,0,0,0,0,0,0,54,0,0,0,81,0,0,0
l25,15=0,0,0,0,0,0,0,0,0,0,0,97,92,100,98,78,0,61,0,0,0,0,0,98,86,0,58,0,72,16,0,47,62,84,83,0,0,0,0,0
l26,15=0,0,0,0,0,0,0,0,0,0,0,0,0,0,0,0,0,0,0,94,80,0,76,0,0,93,0,98,96,97,98,89,97,93,76,0,0,0,0,0
l27,15=0,0,0,0,0,0,0,0,0,0,0,0,0,0,0,0,0,0,0,0,0,0,0,0,0,0,98,0,96,98,98,79,97,97,76,0,0,0,0,0
l28,15=0,0,0,0,0,0,0,0,0,0,0,0,0,0,0,0,0,0,0,0,0,15,0,0,0,94,98,99,0,98,98,86,97,97,76,0,0,0,0,0
l29,15=0,0,0,0,0,0,0,0,0,0,0,0,0,0,0,0,0,0,0,93,0,0,95,0,0,8,98,99,96,0,98,89,98,97,78,0,0,0,0,0
l30,15=0,0,0,0,0,0,0,0,0,0,0,0,0,0,0,0,0,0,0,0,0,0,0,0,0,0,98,99,96,98,0,78,97,97,0,0,0,0,0,0
l31,15=0,0,0,0,0,0,0,0,0,0,0,0,0,0,0,0,0,0,0,0,0,0,0,0,0,98,98,98,95,98,96,0,99,99,83,0,0,0,0,0
l32,15=0,0,0,0,0,0,0,0,0,0,0,0,47,0,0,0,0,0,0,0,0,0,0,97,80,98,97,98,94,97,97,90,0,99,84,0,0,0,0,0
l33,15=0,0,0,0,0,0,0,0,0,0,0,0,39,0,97,0,48,56,0,0,0,0,0,98,0,97,60,58,98,97,96,99,99,0,84,0,0,0,0,0
l34,15=0,0,0,0,0,0,0,0,0,0,0,0,0,0,0,0,0,53,0,0,0,45,0,0,33,98,97,80,94,97,0,90,99,99,0,0,0,0,0,0
l35,15=0,0,0,0,0,0,0,0,0,0,0,0,61,0,0,60,46,0,0,81,69,47,45,0,0,0,0,0,0,0,0,0,0,0,0,0,98,90,95,94
l36,15=0,0,0,0,0,0,0,0,0,0,0,84,54,0,0,0,56,16,0,91,77,57,47,0,46,0,0,0,0,0,0,0,0,0,0,99,0,91,97,59
l37,15=0,0,0,0,0,0,0,0,0,0,0,0,0,0,0,0,48,0,0,0,0,55,54,0,0,0,0,0,0,0,0,0,0,0,0,98,97,0,88,62
l38,15=0,0,0,0,0,0,0,0,0,0,0,50,51,0,75,61,54,52,0,85,80,60,55,0,0,0,0,0,0,0,0,0,0,0,0,98,98,90,0,61
l39,15=0,0,0,0,0,0,0,0,0,0,0,0,0,0,0,0,1,0,0,88,77,57,45,0,0,0,0,0,0,0,0,0,0,0,0,97,91,90,95,0

