t=2016-04-13_20.40.27

n=40

q0=1
q1=1
q2=1
q3=1
q4=1
q5=1
q6=1
q7=1
q8=1
q9=1
q10=1
q11=1
q12=1
q13=1
q14=1
q15=1
q16=1
q17=1
q18=1
q19=1
q20=1
q21=1
q22=1
q23=1
q24=1
q25=1
q26=1
q27=1
q28=1
q29=1
q30=1
q31=1
q32=1
q33=1
q34=1
q35=1
q36=1
q37=1
q38=1
q39=1

a0=0x141592000c576ce6
a1=0x141592000c5aedbc
a2=0x141592000c5750f4
a3=0x141592000c576658
a4=0x141592000c575890
a5=0x141592000c574ffa
a6=0x141592000c5acf11
a7=0x141592000d9df361
a8=0x141592000c576300
a9=0x141592000c5779b6
a10=0x141592000c5762b9
a11=0x141592000c5af078
a12=0x141592000c575517
a13=0x141592000c5752c3
a14=0x141592000c5a4baa
a15=0x141592000c5776e7
a16=0x141592000c58cdeb
a17=0x141592000c5881fc
a18=0x141592000bd81d33
a19=0x141592000bd84d6a
a20=0x141592000c577233
a21=0x141592000c574527
a22=0x141592000c5746a3
a23=0x141592000c574da3
a24=0x141592000c5741c9
a25=0x141592000da244ea
a26=0x141592000c5ae886
a27=0x141592000c57510e
a28=0x141592000c5ab6c8
a29=0x141592000c574d05
a30=0x141592000edae61f
a31=0x141592000c57667e
a32=0x141592000c577f43
a33=0x141592000c576449
a34=0x1415920010f4117a
a35=0x141592000c575966
a36=0x141592000c574d35
a37=0x141592000c576fb1
a38=0x141592000c5aea5d
a39=0x141592000c59f23f

l0,0=0,95,89,95,83,88,86,75,77,91,0,0,0,35,0,0,0,0,0,0,0,0,0,0,0,0,0,0,0,0,0,0,0,0,0,0,0,0,0,0
l1,0=90,0,89,83,93,88,85,87,71,0,90,0,0,0,0,0,0,0,0,0,0,0,0,0,0,0,0,0,0,0,0,0,0,0,0,0,0,0,0,0
l2,0=84,93,0,0,90,89,89,87,2,82,90,0,0,64,0,0,0,0,0,0,0,0,0,0,0,0,0,0,0,0,0,0,0,0,0,0,0,0,0,0
l3,0=94,81,0,0,93,88,86,53,74,0,85,0,0,0,0,0,0,0,0,0,0,0,0,0,0,0,0,0,0,0,0,0,0,0,0,0,0,0,0,0
l4,0=64,93,89,91,0,88,48,0,0,80,81,0,0,35,0,0,0,0,0,0,0,0,0,0,0,0,0,0,0,0,0,0,0,0,0,0,0,0,0,0
l5,0=80,95,86,85,86,0,79,85,75,82,84,0,0,37,0,0,0,0,0,0,0,0,0,0,0,0,0,0,0,0,0,0,0,0,0,0,0,0,0,0
l6,0=80,76,84,79,66,78,0,85,74,81,84,16,0,71,0,70,45,0,0,0,0,0,0,0,0,0,0,0,0,0,0,0,0,0,0,0,0,0,0,0
l7,0=53,76,81,41,43,78,80,0,73,82,85,50,0,2,0,61,0,0,0,0,0,0,0,0,0,0,0,0,0,0,0,0,0,0,0,0,0,0,0,0
l8,0=58,24,0,24,0,70,60,44,0,91,66,73,20,90,49,84,87,37,0,0,0,42,9,0,64,0,0,0,0,0,0,0,0,0,0,0,0,0,22,0
l9,0=79,0,66,0,86,79,71,85,92,0,93,72,36,68,0,76,76,40,0,0,0,0,11,0,0,0,0,0,0,0,0,0,0,0,0,0,0,0,0,0
l10,0=0,75,82,79,82,76,76,86,68,94,0,77,33,83,0,80,0,0,0,0,0,0,0,0,0,0,0,0,0,0,0,0,0,0,0,0,0,0,0,0
l11,0=0,0,0,0,0,0,31,27,31,73,74,0,58,51,73,95,87,55,0,40,0,19,0,0,71,0,0,0,0,0,0,0,0,0,0,0,74,0,44,0
l12,0=0,0,0,0,0,0,0,0,26,67,52,86,0,82,88,95,85,100,0,0,23,24,0,78,94,82,0,0,0,0,0,0,0,71,0,0,60,0,51,0
l13,0=0,0,9,0,66,0,45,0,90,69,85,83,83,0,83,89,74,45,0,38,0,32,53,73,68,68,0,0,0,0,0,0,0,0,0,0,18,0,39,0
l14,0=0,0,0,0,0,0,0,0,26,0,0,73,57,33,0,86,88,51,0,0,24,0,49,81,87,85,0,0,0,0,0,0,0,76,0,0,28,0,8,0
l15,0=0,0,0,0,0,0,42,12,27,67,71,94,95,33,74,0,80,50,0,0,0,0,45,0,87,0,0,0,0,0,0,0,0,0,0,0,54,0,47,0
l16,0=0,0,0,0,0,0,32,0,27,59,0,70,30,23,71,76,0,58,0,46,24,30,68,69,75,0,0,0,0,0,0,0,0,56,0,57,67,6,51,41
l17,0=0,0,0,0,0,0,0,0,26,70,0,77,65,33,70,90,95,0,0,0,30,30,53,0,82,80,0,0,0,0,0,0,0,77,0,0,67,0,0,0
l18,0=0,0,0,0,0,0,0,0,0,0,0,0,0,0,0,0,0,0,0,0,84,0,69,0,0,0,0,0,0,0,0,0,0,0,0,0,0,0,0,0
l19,0=0,0,0,0,0,0,0,0,5,0,0,36,0,49,0,0,64,0,0,0,86,54,85,0,0,0,0,0,0,0,0,23,0,0,0,0,61,21,57,79
l20,0=0,0,0,0,0,0,0,0,0,0,0,0,20,0,41,0,58,39,47,63,0,90,85,0,0,0,0,0,42,0,0,0,0,0,7,0,97,92,94,95
l21,0=0,0,0,0,0,0,0,0,22,0,0,29,22,23,0,0,90,44,21,38,98,0,85,0,0,0,0,0,0,0,0,0,0,0,0,78,46,0,88,55
l22,0=0,0,0,0,0,0,0,0,15,11,0,0,0,25,24,38,70,29,42,88,98,90,0,0,19,0,60,0,0,6,0,0,14,0,0,67,97,62,82,84
l23,0=0,0,0,0,0,0,0,0,0,0,0,0,79,40,79,0,81,0,0,0,0,0,0,0,84,39,0,0,0,0,0,0,0,68,70,0,0,0,0,0
l24,0=0,0,0,0,0,0,0,0,28,0,0,72,96,30,78,85,83,50,0,0,0,0,23,82,0,82,0,0,0,0,0,0,49,78,68,0,0,0,17,0
l25,0=0,0,0,0,0,0,0,0,0,0,0,0,83,21,87,0,0,44,0,0,0,0,0,44,74,0,61,1,0,0,0,21,49,76,77,0,0,0,0,0
l26,0=0,0,0,0,0,0,0,0,0,0,0,0,0,0,0,0,0,0,0,51,0,0,60,0,0,69,0,77,87,91,94,89,84,69,83,0,0,0,0,0
l27,0=0,0,0,0,0,0,0,0,0,0,0,0,0,0,0,0,0,0,0,0,0,0,0,0,0,0,76,0,87,94,98,69,71,66,76,0,0,0,0,0
l28,0=0,0,0,0,0,0,0,0,0,0,0,0,0,0,0,0,0,0,0,0,59,0,0,0,0,0,85,99,0,94,98,82,76,68,73,0,0,0,0,0
l29,0=0,0,0,0,0,0,0,0,0,0,0,0,0,0,0,0,0,0,0,46,0,0,22,0,0,0,81,100,87,0,98,72,73,64,72,0,0,0,0,0
l30,0=0,0,0,0,0,0,0,0,0,0,0,0,0,0,0,0,0,0,0,0,0,0,0,0,0,0,0,0,0,0,0,65,77,80,0,0,0,0,0,0
l31,0=0,0,0,0,0,0,0,0,0,0,0,0,0,0,0,0,0,0,0,72,0,0,0,0,0,69,84,67,79,76,70,0,88,88,92,0,0,0,0,0
l32,0=0,0,0,0,0,0,0,0,0,0,0,0,0,0,0,0,0,0,0,0,0,0,20,2,58,69,77,65,78,67,71,87,0,91,97,0,0,0,0,0
l33,0=0,0,0,0,0,0,0,0,0,0,0,0,70,0,57,0,69,75,0,0,0,0,0,59,60,73,72,60,74,63,78,81,85,0,83,0,0,0,0,0
l34,0=0,0,0,0,0,0,0,0,0,0,0,0,0,0,0,0,0,0,0,0,43,0,1,69,61,80,75,68,78,72,0,91,96,79,0,0,0,0,0,0
l35,0=0,0,0,0,0,0,0,0,0,0,0,0,0,0,0,0,30,0,0,0,0,26,47,0,0,0,0,0,0,0,0,0,0,0,0,0,64,86,87,38
l36,0=0,0,0,0,0,0,0,0,0,0,0,56,13,12,6,21,48,28,0,41,34,13,75,0,0,0,0,0,0,0,0,0,0,0,0,72,0,91,55,55
l37,0=0,0,0,0,0,0,0,0,0,0,0,0,0,0,0,0,0,0,0,18,34,0,50,0,0,0,0,0,0,0,0,0,0,0,0,81,95,0,30,54
l38,0=0,0,0,0,0,0,0,0,14,0,0,48,29,21,0,67,80,0,0,41,37,28,72,0,0,0,0,0,0,0,0,0,0,0,0,86,97,58,0,55
l39,0=0,0,0,0,0,0,0,0,0,0,0,0,0,0,0,0,61,0,0,49,35,26,63,0,0,0,0,0,0,0,0,0,0,0,0,74,89,94,55,0

l0,1=0,84,83,90,67,81,71,31,36,64,50,0,0,0,0,0,0,0,0,0,0,0,0,0,0,0,0,0,0,0,0,0,0,0,0,0,0,0,0,0
l1,1=84,0,87,82,87,83,61,66,58,58,69,0,0,41,0,0,0,0,0,0,0,0,0,6,0,0,0,0,0,0,0,0,0,0,0,0,0,0,0,0
l2,1=79,90,0,73,75,88,80,76,0,67,81,0,0,0,0,21,0,0,0,0,0,0,0,0,0,0,0,0,0,0,0,0,0,0,0,0,0,0,0,0
l3,1=84,84,72,0,85,81,71,23,0,47,70,0,0,0,0,0,0,0,0,0,0,0,0,0,0,0,0,0,0,0,0,0,0,0,0,0,0,0,0,0
l4,1=58,84,59,80,0,75,59,8,61,63,69,0,0,49,0,0,0,0,0,0,0,0,0,0,0,0,0,0,0,0,0,0,0,0,0,0,0,0,0,0
l5,1=72,87,87,78,78,0,73,77,68,65,73,0,0,0,0,0,0,0,0,0,0,0,0,0,0,0,0,0,0,0,0,0,0,0,0,0,0,0,0,0
l6,1=60,53,75,56,57,72,0,80,71,54,74,47,7,41,0,0,41,0,0,0,0,0,0,0,0,0,0,0,0,0,0,0,0,0,0,0,0,0,0,0
l7,1=42,74,70,32,30,75,74,0,73,68,80,45,1,20,0,14,0,0,0,0,0,0,0,0,0,0,0,0,0,0,0,0,0,0,0,0,0,0,0,0
l8,1=0,23,0,0,43,57,65,69,0,72,69,65,0,71,33,50,55,29,0,0,0,48,32,0,0,0,0,0,0,0,0,0,0,0,0,0,0,0,3,0
l9,1=52,48,57,31,64,68,49,71,86,0,83,55,26,68,24,45,50,34,0,0,0,28,28,0,0,0,0,0,0,0,0,0,0,0,0,0,0,0,0,0
l10,1=42,75,74,69,77,75,73,85,71,75,0,61,0,67,0,45,0,0,0,0,0,4,0,0,0,0,0,0,0,0,0,0,0,0,0,0,0,0,0,0
l11,1=0,1,0,0,0,0,46,20,40,47,59,0,79,77,44,70,67,83,0,14,0,13,0,1,61,0,0,0,0,0,0,0,0,0,0,34,29,0,46,0
l12,1=0,0,0,0,0,0,0,0,0,29,0,80,0,40,71,68,73,88,0,0,47,50,20,52,87,47,0,0,0,0,0,0,0,0,0,0,0,0,49,0
l13,1=0,1,0,0,21,0,48,1,42,52,67,77,51,0,38,33,63,46,0,12,32,46,38,43,8,33,0,0,0,0,0,0,0,0,0,0,0,0,44,0
l14,1=0,0,0,0,0,0,0,0,34,42,0,65,84,32,0,54,71,45,0,0,48,50,0,76,67,65,0,0,0,0,0,0,0,0,0,0,1,0,0,0
l15,1=0,0,1,0,0,0,0,0,39,48,53,91,80,20,36,0,45,59,0,0,25,0,34,18,78,0,0,0,0,0,0,0,0,0,0,0,20,0,14,0
l16,1=0,0,0,0,0,0,15,0,24,27,0,63,50,25,39,34,0,57,0,10,55,65,64,20,40,25,0,0,0,0,0,0,13,40,0,54,16,0,39,38
l17,1=0,0,0,0,0,0,0,0,16,32,0,80,88,29,40,71,79,0,0,0,48,16,48,23,64,24,0,0,0,0,0,0,0,56,0,0,21,0,30,0
l18,1=0,0,0,0,0,0,0,0,0,0,0,0,0,0,0,0,0,0,0,46,53,56,64,0,0,0,0,0,0,0,0,0,0,0,0,0,0,0,0,0
l19,1=0,0,0,0,0,0,0,0,0,0,0,40,0,20,0,0,48,0,24,0,62,53,76,0,0,0,6,0,0,0,0,42,0,0,0,0,28,30,57,65
l20,1=0,0,0,0,0,0,0,0,0,0,0,0,31,19,30,20,66,36,32,67,0,72,77,0,0,0,0,0,20,0,0,0,0,0,0,57,35,38,66,69
l21,1=0,0,0,0,0,0,0,0,54,32,5,2,29,22,27,0,67,25,25,27,67,0,81,0,0,0,0,0,0,0,0,36,30,0,0,66,20,48,58,68
l22,1=0,0,0,0,0,0,0,0,32,28,0,0,20,20,0,34,66,36,32,71,63,72,0,0,0,0,18,0,0,42,0,18,18,0,0,59,58,39,56,70
l23,1=0,0,0,0,0,0,0,0,1,0,0,0,47,33,63,33,57,33,0,0,0,0,0,0,71,45,0,0,0,0,0,0,0,0,62,0,0,0,0,0
l24,1=0,0,0,0,0,0,0,0,0,0,0,66,79,21,45,63,67,47,0,0,0,0,4,83,0,47,0,0,0,0,0,0,49,62,54,0,0,0,0,0
l25,1=0,0,0,0,0,0,0,0,16,0,0,0,59,32,66,0,63,42,0,0,0,0,0,60,69,0,27,0,32,7,0,60,0,63,57,0,0,0,0,0
l26,1=0,0,0,0,0,0,0,0,0,0,0,0,0,0,0,0,0,0,0,34,0,0,43,0,0,46,0,71,71,83,83,83,75,68,66,0,0,0,0,0
l27,1=0,0,0,0,0,0,0,0,0,0,0,0,0,0,0,0,0,0,0,0,0,0,0,0,0,0,71,0,66,81,89,68,68,59,65,0,0,0,0,0
l28,1=0,0,0,0,0,0,0,0,0,0,0,0,0,0,0,0,0,0,0,0,44,0,0,0,0,40,81,90,0,87,86,83,63,67,72,0,0,0,0,0
l29,1=0,0,0,0,0,0,0,0,0,0,0,0,0,0,0,0,0,0,0,0,0,0,54,0,0,4,75,87,71,0,86,72,63,54,58,0,0,0,0,0
l30,1=0,0,0,0,0,0,0,0,0,0,0,0,0,0,0,0,0,0,0,0,0,0,0,0,0,0,72,90,71,87,0,65,63,62,0,0,0,0,0,0
l31,1=0,0,0,0,0,0,0,0,0,0,0,0,0,0,0,0,0,0,0,58,0,42,26,0,0,55,74,61,62,74,63,0,75,75,77,0,0,0,0,0
l32,1=0,0,0,0,0,0,0,0,0,0,0,0,0,0,0,0,36,0,0,0,0,45,26,0,54,0,76,68,39,73,68,81,0,78,85,0,0,0,0,0
l33,1=0,0,0,0,0,0,0,0,0,0,0,0,0,0,0,0,54,59,0,0,0,0,0,0,61,62,68,58,58,58,63,78,74,0,69,0,0,0,0,0
l34,1=0,0,0,0,0,0,0,0,0,0,0,0,0,0,1,0,22,0,0,0,39,0,0,65,61,63,65,63,63,62,0,79,83,74,0,0,0,0,0,0
l35,1=0,0,0,0,0,0,0,0,0,0,0,20,0,0,0,0,48,0,0,0,37,61,44,0,0,0,0,0,0,0,0,0,0,0,0,0,37,45,71,55
l36,1=0,0,0,0,0,0,0,0,0,0,0,52,0,1,0,39,50,29,0,11,59,7,67,0,0,0,0,0,0,0,0,0,0,0,0,68,0,41,71,67
l37,1=0,0,0,0,0,0,0,0,0,0,0,0,0,0,0,0,4,0,0,9,47,57,59,0,0,0,0,0,0,0,0,0,0,0,0,71,36,0,64,71
l38,1=0,0,0,0,0,0,0,0,1,0,0,46,37,23,0,0,62,1,0,35,64,67,67,0,0,0,0,0,0,0,0,0,0,0,0,76,62,41,0,70
l39,1=0,0,0,0,0,0,0,0,0,0,0,0,0,0,0,0,55,0,0,35,51,59,67,0,0,0,0,0,0,0,0,0,0,0,0,61,30,42,56,0

l0,2=0,67,28,62,65,65,44,0,13,55,0,0,0,0,0,0,0,0,0,0,0,0,0,0,0,0,0,0,0,0,0,0,0,0,0,0,0,0,0,0
l1,2=77,0,26,72,68,79,58,65,51,55,71,0,0,0,0,0,0,0,0,0,0,0,0,0,0,0,0,0,0,0,0,0,0,0,0,0,0,0,0,0
l2,2=28,66,0,57,61,81,72,75,0,63,74,0,0,0,0,0,0,0,0,0,0,0,0,0,0,0,0,0,0,0,0,0,0,0,0,0,0,0,0,0
l3,2=79,84,43,0,77,76,30,41,7,0,60,0,0,0,0,0,0,0,0,0,0,0,0,0,0,0,0,0,0,0,0,0,0,0,0,0,0,0,0,0
l4,2=24,61,22,61,0,65,55,53,49,55,55,0,0,0,0,0,0,0,0,0,0,0,0,0,0,0,0,0,0,0,0,0,0,0,0,0,0,0,0,0
l5,2=22,64,30,56,59,0,50,66,58,56,70,0,0,0,0,0,0,0,0,0,0,0,0,0,0,0,0,0,0,0,0,0,0,0,0,0,0,0,0,0
l6,2=15,59,28,29,57,63,0,60,35,47,75,30,39,34,0,30,0,0,0,0,0,0,0,0,0,0,0,0,0,0,0,0,0,0,0,0,0,0,0,0
l7,2=0,48,25,33,36,60,43,0,62,56,80,31,1,44,0,43,19,0,0,0,0,0,0,0,0,0,0,0,0,0,0,0,0,0,0,0,0,0,0,0
l8,2=0,24,0,1,31,48,25,62,0,67,67,47,0,67,0,57,43,24,0,0,0,41,23,11,42,27,0,0,0,0,0,0,0,0,0,0,0,0,19,0
l9,2=15,40,22,5,50,53,28,66,73,0,78,35,29,62,1,43,21,17,0,0,0,34,0,0,0,0,0,0,0,0,0,0,0,0,0,0,0,0,0,0
l10,2=0,55,20,38,46,61,57,75,62,63,0,38,0,56,0,33,0,8,0,0,0,0,0,39,0,0,0,0,0,0,0,0,0,0,0,0,0,0,0,0
l11,2=0,0,0,0,0,0,21,15,42,35,38,0,68,77,52,72,49,82,0,28,18,42,25,32,33,0,0,0,0,0,0,0,0,0,0,34,42,0,26,26
l12,2=0,0,0,0,0,0,22,0,0,32,0,78,0,54,64,67,61,85,0,0,0,41,5,78,89,67,0,0,0,0,0,0,0,0,0,0,0,0,30,0
l13,2=0,0,0,0,0,0,5,28,68,53,48,74,42,0,34,51,46,40,0,37,24,40,18,43,40,26,0,0,0,0,0,0,0,0,0,0,0,0,32,0
l14,2=0,0,0,0,0,0,0,0,0,8,0,62,72,46,0,49,62,51,0,0,6,0,0,80,60,56,0,0,0,0,0,0,0,45,0,0,0,0,37,0
l15,2=0,0,0,0,0,0,17,36,55,43,28,93,66,54,40,0,42,59,0,10,40,0,0,6,66,0,0,0,0,0,0,0,0,0,0,0,36,0,28,0
l16,2=0,0,0,0,0,0,0,0,37,2,0,47,54,54,52,33,0,62,0,32,58,53,52,27,47,41,0,0,0,0,0,0,0,23,0,47,52,32,40,47
l17,2=0,0,0,0,0,0,0,0,41,18,0,82,72,58,45,67,73,0,0,0,37,0,30,48,69,0,0,0,0,0,0,0,0,32,0,0,49,0,39,0
l18,2=0,0,0,0,0,0,0,0,0,0,0,0,0,3,0,0,0,0,0,56,51,57,50,0,0,0,0,0,0,0,0,0,0,0,0,0,0,0,0,0
l19,2=0,0,0,0,0,0,0,0,0,0,0,33,0,40,0,0,43,0,14,0,62,0,70,0,0,0,0,0,0,27,0,40,0,0,0,0,59,5,56,56
l20,2=0,0,0,0,0,0,0,0,0,0,0,2,0,40,0,50,62,17,13,68,0,67,62,0,0,0,0,0,0,0,0,0,0,0,24,57,67,55,63,61
l21,2=0,0,0,0,0,0,0,0,44,29,0,48,35,45,0,2,59,7,12,0,71,0,65,0,0,0,0,0,0,0,0,0,0,37,0,51,54,58,60,59
l22,2=0,0,0,0,0,0,0,0,34,0,0,39,31,41,0,0,62,15,13,76,64,71,0,0,0,0,0,0,0,41,0,0,0,0,0,57,67,57,56,61
l23,2=0,0,0,0,0,0,0,0,1,0,22,1,66,51,62,0,36,46,0,0,0,0,0,0,76,63,0,0,0,0,0,0,0,0,35,0,0,0,0,0
l24,2=0,0,0,0,0,0,0,0,57,0,0,35,71,57,55,64,61,64,0,0,4,0,0,84,0,66,0,0,0,0,0,0,34,51,32,0,36,0,15,0
l25,2=0,0,0,0,0,0,0,0,45,0,0,0,66,50,53,0,54,3,0,0,0,0,0,71,68,0,55,0,0,0,0,41,63,60,44,0,0,0,0,0
l26,2=0,0,0,0,0,0,0,0,0,0,0,0,0,0,0,0,0,0,0,0,0,0,0,0,0,47,0,31,86,76,74,59,83,66,57,0,0,0,0,0
l27,2=0,0,0,0,0,0,0,0,0,0,0,0,0,0,0,0,0,0,0,0,0,0,0,0,0,0,63,0,86,84,88,58,79,60,61,0,0,0,0,0
l28,2=0,0,0,0,0,0,0,0,0,0,0,0,0,0,0,0,0,0,0,26,30,0,4,0,0,0,84,71,0,84,75,60,70,69,61,0,0,0,0,0
l29,2=0,0,0,0,0,0,0,0,0,0,0,0,0,0,0,0,0,0,0,49,0,0,53,0,0,0,80,71,86,0,74,53,72,0,4,0,0,0,0,0
l30,2=0,0,0,0,0,0,0,0,0,0,0,0,0,0,0,0,0,0,0,0,0,0,0,0,0,0,84,83,86,79,0,44,73,66,44,0,0,0,0,0
l31,2=0,0,0,0,0,0,0,0,0,0,0,0,0,0,0,0,0,0,0,65,1,0,0,13,0,57,80,60,72,69,51,0,84,70,72,0,0,0,0,0
l32,2=0,0,0,0,0,0,0,0,0,0,0,0,0,0,0,0,0,0,0,0,0,0,0,0,35,57,78,51,59,67,52,61,0,73,82,0,0,0,0,0
l33,2=0,0,0,0,0,0,0,0,0,0,0,0,0,0,47,0,39,22,0,0,0,36,0,5,62,63,75,45,71,0,53,58,83,0,69,0,0,0,0,0
l34,2=0,0,0,0,0,0,0,0,0,0,0,0,0,0,1,0,0,0,0,0,46,0,0,54,51,61,75,48,72,43,44,67,88,76,0,0,0,0,0,0
l35,2=0,0,0,0,0,0,0,0,0,0,0,0,0,0,0,0,46,0,0,0,36,4,37,0,0,0,0,0,0,0,0,0,0,0,0,0,69,63,69,58
l36,2=0,0,0,0,0,0,0,0,0,0,0,39,0,0,0,16,54,20,0,39,47,15,50,0,16,0,0,0,0,0,0,0,0,0,0,69,0,68,69,41
l37,2=0,0,0,0,0,0,0,0,0,0,0,0,0,0,0,0,29,0,0,10,31,22,38,0,0,0,0,0,0,0,0,0,0,0,0,67,69,0,63,64
l38,2=0,0,0,0,0,0,0,0,14,0,0,11,15,46,26,28,48,12,0,45,69,29,31,0,0,0,0,0,0,0,0,0,0,0,0,69,70,65,0,64
l39,2=0,0,0,0,0,0,0,0,0,0,0,0,0,0,0,0,53,0,0,51,56,37,49,0,0,0,0,0,0,0,0,0,0,0,0,57,58,58,59,0

l0,3=0,86,81,83,82,84,0,47,28,76,0,0,0,0,0,0,0,0,0,0,0,0,0,0,0,0,0,0,0,0,0,0,0,0,0,0,0,0,0,0
l1,3=83,0,81,83,83,93,83,75,62,72,39,0,0,0,0,0,0,0,0,0,0,0,0,0,0,0,0,0,0,0,0,0,0,0,0,0,0,0,0,0
l2,3=77,85,0,76,82,92,87,79,68,71,75,0,0,35,0,0,0,0,0,0,0,0,0,0,0,0,0,0,0,0,0,0,0,0,0,0,0,0,0,0
l3,3=80,88,80,0,78,82,75,0,57,8,70,0,0,0,0,0,0,0,0,0,0,0,0,0,0,0,0,0,0,0,0,0,0,0,0,0,0,0,0,0
l4,3=86,87,85,39,0,87,36,0,31,64,0,0,0,0,0,0,0,0,0,0,0,0,0,0,0,0,0,0,0,0,0,0,0,0,0,0,0,0,0,0
l5,3=77,89,86,79,81,0,81,77,68,70,73,34,0,36,0,0,0,0,0,0,0,0,0,0,0,0,0,0,0,0,0,0,0,0,0,0,0,0,0,0
l6,3=0,83,86,74,57,82,0,79,70,74,80,72,61,32,0,58,54,0,0,0,0,0,0,0,0,0,0,0,0,0,0,0,0,0,0,0,0,0,0,0
l7,3=55,75,78,0,0,77,74,0,72,79,88,0,1,39,0,61,53,0,0,0,0,0,0,0,0,0,0,0,0,0,0,0,0,0,0,0,0,0,0,0
l8,3=0,23,34,29,28,38,35,81,0,81,83,62,12,46,0,70,38,36,0,0,0,38,26,15,29,0,0,0,0,0,0,0,0,0,0,0,0,0,8,0
l9,3=24,31,39,21,37,34,50,77,85,0,89,30,18,46,26,43,0,0,0,0,21,8,0,0,0,0,0,0,0,0,0,0,0,0,0,0,0,0,0,0
l10,3=0,23,79,34,0,74,80,87,79,85,0,30,12,43,22,17,0,0,0,0,0,0,0,19,4,0,0,0,0,0,0,0,0,0,0,0,0,0,29,0
l11,3=0,0,0,0,0,25,31,0,73,31,40,0,76,53,63,89,30,79,0,23,21,33,32,31,55,5,0,0,0,0,0,0,0,0,0,3,34,10,69,3
l12,3=0,0,0,0,0,0,25,0,22,18,1,91,0,21,92,87,38,96,0,33,0,28,21,83,88,85,0,0,0,0,0,0,0,23,0,13,0,0,42,0
l13,3=0,0,35,0,0,32,6,30,88,82,53,88,29,0,14,72,27,40,23,27,22,13,23,27,23,21,0,0,0,0,0,0,0,0,0,0,0,0,38,0
l14,3=0,0,0,0,0,0,0,0,0,29,37,92,85,16,0,32,42,21,0,0,24,0,7,95,85,42,0,0,0,0,0,0,0,30,3,0,0,0,44,0
l15,3=0,0,0,0,0,0,28,34,78,57,21,94,77,43,28,0,67,68,0,8,28,12,0,30,65,0,0,0,0,0,0,0,0,0,0,0,0,0,43,11
l16,3=0,0,0,0,0,0,18,21,29,0,0,7,22,18,58,38,0,76,28,21,70,64,62,25,25,24,0,0,0,0,0,0,0,28,0,16,33,37,41,37
l17,3=0,0,0,0,0,0,0,0,67,3,0,91,85,71,22,71,88,0,0,0,62,27,24,44,76,0,0,0,0,0,0,0,0,25,0,32,52,0,53,33
l18,3=0,0,0,0,0,0,0,0,0,0,0,0,0,35,0,0,37,0,0,56,64,31,54,0,0,0,0,0,0,0,0,0,0,0,0,0,0,0,0,0
l19,3=0,0,0,0,0,0,0,0,0,0,0,6,36,30,0,1,26,0,47,0,89,84,94,0,0,0,0,0,1,51,0,50,0,0,0,15,83,41,71,78
l20,3=0,0,0,0,0,0,0,0,0,36,0,31,0,34,40,65,83,59,42,86,0,87,91,0,38,0,0,0,0,0,0,0,0,0,3,78,89,88,91,79
l21,3=0,0,0,0,0,0,0,0,77,25,0,60,61,25,0,28,83,41,39,85,93,0,91,0,0,0,0,0,0,0,0,0,0,41,0,35,67,85,84,73
l22,3=0,0,0,0,0,0,0,0,60,0,0,58,38,43,0,0,85,32,55,98,97,86,0,0,0,0,0,0,0,61,0,0,0,0,0,79,75,93,64,84
l23,3=0,0,0,0,0,0,0,0,13,0,2,25,77,18,85,31,26,25,0,0,0,0,0,0,89,87,0,0,0,0,0,11,0,0,0,0,0,0,0,0
l24,3=0,0,0,0,0,0,0,0,29,0,0,32,85,18,84,77,33,70,0,0,24,0,0,95,0,89,0,0,0,0,0,0,0,44,0,0,29,0,37,0
l25,3=0,0,0,0,0,0,0,0,11,0,0,0,75,19,76,0,32,0,0,0,0,0,0,88,84,0,10,0,0,2,0,37,41,71,39,0,0,0,0,0
l26,3=0,0,0,0,0,0,0,0,0,0,0,0,0,0,0,0,0,0,0,0,9,0,0,0,0,24,0,76,98,96,92,92,84,64,79,0,0,0,0,0
l27,3=0,0,0,0,0,0,0,0,0,0,0,0,0,0,0,0,0,0,0,0,0,0,0,0,0,0,91,0,94,94,100,85,85,0,1,0,0,0,0,0
l28,3=0,0,0,0,0,0,0,0,0,0,0,0,0,0,0,0,0,0,0,45,51,0,51,0,0,0,95,100,0,98,93,87,81,87,80,0,0,0,0,0
l29,3=0,0,0,0,0,0,0,0,0,0,0,0,0,0,0,0,0,0,0,60,0,0,55,0,0,2,94,100,98,0,90,76,78,62,71,0,0,0,0,0
l30,3=0,0,0,0,0,0,0,0,0,0,0,0,0,0,0,0,0,0,0,0,0,0,0,0,0,0,93,100,88,89,0,71,85,73,0,0,0,0,0,0
l31,3=0,0,0,0,0,0,0,0,0,0,0,0,0,0,0,0,0,0,0,63,0,0,0,59,0,68,95,78,83,81,76,0,95,96,98,0,0,0,0,0
l32,3=0,0,0,0,0,0,0,0,0,0,0,0,1,0,0,0,0,0,0,0,0,0,0,0,0,81,88,78,79,83,79,92,0,92,99,0,0,0,0,0
l33,3=0,0,0,0,0,0,0,0,0,0,0,0,22,0,28,0,59,13,0,0,0,30,0,0,81,91,57,0,88,67,49,83,88,0,93,0,0,0,0,0
l34,3=0,0,0,0,0,0,0,0,0,0,0,0,0,0,30,0,0,0,0,0,48,0,0,44,0,85,85,20,81,79,44,91,95,96,0,0,0,0,0,0
l35,3=0,0,0,0,0,0,0,0,0,0,0,0,8,0,0,0,11,14,0,4,71,0,63,0,0,0,0,0,0,0,0,0,0,0,0,0,90,90,87,81
l36,3=0,0,0,0,0,0,0,0,0,0,0,52,6,0,0,0,62,51,0,64,79,63,51,0,17,0,0,0,0,0,0,0,0,0,0,83,0,91,87,77
l37,3=0,0,0,0,0,0,0,0,0,0,0,0,0,0,0,0,51,0,0,21,83,50,62,0,0,0,0,0,0,0,0,0,0,0,0,82,91,0,83,83
l38,3=0,0,0,0,0,0,0,0,0,0,0,61,48,32,55,44,54,42,0,61,88,74,28,0,27,0,0,0,0,0,0,0,0,0,0,88,92,83,0,78
l39,3=0,0,0,0,0,0,0,0,0,0,0,0,0,0,0,0,60,0,0,69,79,49,78,0,0,0,0,0,0,0,0,0,0,0,0,83,91,91,84,0

l0,4=0,96,74,87,91,82,0,34,73,88,0,0,0,0,0,0,0,0,0,0,0,0,0,0,0,0,0,0,0,0,0,0,0,0,0,0,0,0,0,0
l1,4=77,0,82,86,90,88,91,68,80,89,91,0,0,4,0,0,0,0,0,0,0,0,0,17,0,0,0,0,0,0,0,0,0,0,0,0,0,0,0,0
l2,4=68,89,0,81,88,89,91,86,75,86,91,0,0,84,0,0,0,0,0,0,0,0,0,0,0,0,0,0,0,0,0,0,0,0,0,0,0,0,0,0
l3,4=83,94,86,0,88,87,84,0,73,0,0,0,0,0,0,0,0,0,0,0,0,0,0,0,0,0,0,0,0,0,0,0,0,0,0,0,0,0,0,0
l4,4=77,94,86,85,0,86,91,76,79,89,74,0,0,0,0,0,0,0,0,0,0,0,0,0,0,0,0,0,0,0,0,0,0,0,0,0,0,0,0,0
l5,4=70,91,86,80,83,0,88,86,81,90,91,0,0,76,0,65,0,0,0,0,0,0,0,0,0,0,0,0,0,0,0,0,0,0,0,0,0,0,0,0
l6,4=0,94,86,77,83,85,0,96,77,90,94,85,83,0,0,70,78,0,0,0,0,0,0,0,0,0,0,0,0,0,0,0,0,0,0,0,0,0,0,0
l7,4=49,82,82,0,82,86,91,0,83,94,94,80,0,86,0,78,0,0,0,0,0,0,0,0,0,0,0,0,0,0,0,0,0,0,0,0,0,0,0,0
l8,4=64,75,41,74,76,73,76,77,0,92,84,82,84,90,73,78,76,74,0,0,40,81,61,0,0,0,0,0,0,0,0,0,0,0,0,0,0,0,0,0
l9,4=67,80,76,4,75,77,86,89,88,0,96,80,0,89,0,36,0,74,0,0,72,0,67,0,0,0,0,0,0,0,0,0,0,0,0,0,0,0,0,0
l10,4=0,83,84,0,76,84,91,96,84,96,0,88,83,89,79,77,0,63,0,0,0,0,0,69,0,0,0,0,0,0,0,0,0,0,0,0,0,0,0,0
l11,4=0,0,0,0,0,0,84,65,81,89,83,0,87,86,82,88,79,82,0,0,0,77,65,81,78,60,0,0,0,0,0,0,0,0,0,0,82,46,86,0
l12,4=0,0,0,0,0,0,37,0,82,0,81,88,0,92,89,81,85,92,0,30,71,0,0,89,92,86,0,0,0,0,0,0,57,78,0,44,31,0,86,0
l13,4=0,0,75,0,0,9,0,46,83,90,84,84,86,0,74,78,77,81,0,51,75,69,66,81,0,69,0,0,0,0,0,0,0,0,0,0,0,0,78,0
l14,4=0,0,0,0,0,0,0,0,81,0,78,90,94,86,0,0,82,48,0,0,81,0,17,94,93,81,0,0,0,0,0,4,0,83,68,0,38,0,88,0
l15,4=0,0,0,0,0,55,77,70,81,58,83,97,87,90,0,0,77,75,0,12,77,78,64,79,87,2,0,0,0,0,0,0,0,0,0,0,82,25,84,0
l16,4=0,0,0,0,0,0,79,0,82,0,0,86,94,86,87,72,0,92,68,73,85,77,68,78,87,72,0,0,0,0,0,0,0,0,0,76,75,50,91,76
l17,4=0,0,0,0,0,0,0,0,82,89,51,91,96,91,46,74,91,0,0,0,81,76,63,72,90,10,0,0,0,0,0,0,0,0,0,78,83,0,86,77
l18,4=0,0,0,0,0,0,0,0,0,0,0,0,0,0,0,0,76,0,0,81,20,86,70,0,0,0,0,0,0,0,0,0,0,0,0,0,0,0,0,0
l19,4=0,0,0,0,0,0,0,0,0,0,0,0,45,64,0,0,76,0,79,0,90,89,92,0,0,0,0,0,0,64,0,0,0,0,0,74,82,8,85,78
l20,4=0,0,0,0,0,0,0,0,28,72,0,0,65,76,78,67,88,79,6,95,0,95,93,0,77,0,0,0,76,0,0,0,38,0,0,70,94,74,94,75
l21,4=0,0,0,0,0,0,0,0,86,0,0,84,0,75,0,64,89,69,81,95,91,0,83,0,29,0,0,0,0,0,0,0,0,63,0,62,90,79,93,89
l22,4=0,0,0,0,0,0,0,0,67,83,0,78,7,79,17,42,77,62,80,98,96,95,0,0,0,0,78,0,0,54,0,0,17,56,0,67,90,80,94,65
l23,4=0,0,0,0,0,0,0,0,0,0,1,85,93,91,90,79,75,44,0,0,0,0,0,0,93,92,0,0,0,0,0,0,0,81,74,0,0,0,0,0
l24,4=0,0,0,0,0,0,0,0,0,0,0,82,92,0,90,83,81,90,0,0,79,1,0,94,0,87,0,0,0,0,0,0,0,84,0,0,0,0,0,0
l25,4=0,0,0,0,0,0,0,0,0,0,0,32,96,84,90,6,74,23,0,0,0,0,0,95,95,0,0,0,0,51,0,63,88,91,78,0,0,0,0,0
l26,4=0,0,0,0,0,0,0,0,0,0,0,0,0,0,0,0,0,0,0,0,0,0,71,0,0,0,0,94,100,100,100,100,98,90,94,0,0,0,0,0
l27,4=0,0,0,0,0,0,0,0,0,0,0,0,0,0,0,0,0,0,0,0,0,0,0,0,0,0,96,0,100,100,100,94,90,0,74,0,0,0,0,0
l28,4=0,0,0,0,0,0,0,0,0,0,0,0,0,0,0,0,0,0,0,0,87,0,13,0,0,0,99,100,0,100,99,92,98,96,97,0,0,0,0,0
l29,4=0,0,0,0,0,0,0,0,0,0,0,0,0,0,0,0,0,0,0,89,0,0,62,0,0,82,99,100,100,0,99,87,91,91,90,0,0,0,0,0
l30,4=0,0,0,0,0,0,0,0,0,0,0,0,0,0,0,0,0,0,0,0,0,0,0,0,0,0,99,100,98,99,0,99,93,91,0,0,0,0,0,0
l31,4=0,0,0,0,0,0,0,0,0,0,0,0,0,0,1,0,0,0,0,0,0,0,0,0,0,90,99,92,91,90,93,0,100,98,100,0,0,0,0,0
l32,4=0,0,0,0,0,0,0,0,0,0,0,0,87,0,0,0,0,0,0,0,80,0,27,0,0,96,98,96,98,98,99,100,0,100,100,0,0,0,0,0
l33,4=0,0,0,0,0,0,0,0,0,0,0,0,81,0,81,0,0,0,0,0,0,35,47,87,91,97,88,0,91,88,81,100,100,0,100,0,0,0,0,0
l34,4=0,0,0,0,0,0,0,0,0,0,0,0,0,0,85,0,0,0,0,0,11,0,0,93,19,96,98,85,98,97,0,100,100,100,0,0,0,0,0,0
l35,4=0,0,0,0,0,0,0,0,0,0,0,0,26,0,0,0,71,48,0,47,63,43,39,0,0,0,0,0,0,0,0,0,0,0,0,0,89,82,88,81
l36,4=0,0,0,0,0,0,0,0,0,0,0,62,44,1,16,42,40,73,0,60,83,68,66,0,0,0,0,0,0,0,0,0,0,0,0,84,0,82,87,82
l37,4=0,0,0,0,0,0,0,0,0,0,0,0,0,0,0,0,33,0,0,17,81,75,67,0,0,0,0,0,0,0,0,0,0,0,0,91,93,0,87,81
l38,4=0,0,0,0,0,0,0,0,0,0,0,81,71,52,71,65,83,49,0,67,87,72,73,0,0,0,0,0,0,0,0,0,0,0,0,87,89,78,0,87
l39,4=0,0,0,0,0,0,0,0,0,0,0,0,0,0,0,0,61,58,0,76,73,83,37,0,0,0,0,0,0,0,0,0,0,0,0,85,87,76,89,0

l0,5=0,84,74,75,65,79,74,0,0,80,68,0,0,0,0,0,0,0,0,0,0,0,0,0,0,0,0,0,0,0,0,0,0,0,0,0,0,0,0,0
l1,5=89,0,84,74,88,92,88,72,0,80,75,0,2,9,0,0,0,0,0,0,0,0,0,16,0,0,0,0,0,0,0,0,0,0,0,0,0,0,0,0
l2,5=77,72,0,75,74,86,75,54,1,80,77,0,0,6,0,0,0,0,0,0,0,0,0,0,0,0,0,0,0,0,0,0,0,0,0,0,0,0,0,0
l3,5=76,69,74,0,87,84,74,0,13,55,0,0,0,0,0,0,0,0,0,0,0,0,0,0,0,0,0,0,0,0,0,0,0,0,0,0,0,0,0,0
l4,5=59,83,82,83,0,89,82,74,76,0,68,0,0,43,0,0,0,0,0,0,0,0,0,0,0,0,0,0,0,0,0,0,0,0,0,0,0,0,0,0
l5,5=73,86,75,75,83,0,74,80,69,80,77,44,0,79,0,0,0,0,0,0,0,0,0,0,0,0,0,0,0,0,0,0,0,0,0,0,0,0,0,0
l6,5=72,70,74,69,74,44,0,82,71,81,80,41,0,0,0,0,25,0,0,1,0,0,0,0,0,0,0,0,0,0,0,0,0,0,0,0,0,0,0,0
l7,5=0,38,52,63,63,83,76,0,80,76,85,73,0,60,0,70,0,0,0,0,0,0,0,0,0,0,0,0,0,0,0,0,0,0,0,0,0,0,0,0
l8,5=0,0,0,25,35,25,29,79,0,82,76,56,0,83,29,27,29,45,0,0,3,44,48,55,71,0,0,0,0,0,0,0,0,0,0,0,7,0,0,0
l9,5=71,44,71,65,0,83,75,73,82,0,82,78,0,83,6,44,18,63,0,0,25,0,57,0,66,0,0,0,0,0,0,0,0,0,0,0,0,0,31,0
l10,5=64,61,74,0,66,83,75,83,80,88,0,77,0,76,64,67,0,51,0,0,0,0,0,0,0,0,0,0,0,0,0,0,0,0,0,0,0,0,0,0
l11,5=0,0,0,0,0,16,24,47,80,44,27,0,76,82,68,85,29,49,0,0,22,32,27,46,46,38,0,0,0,0,0,0,0,0,0,0,47,20,37,0
l12,5=0,0,0,0,0,0,0,0,0,0,0,50,0,72,83,27,40,89,0,0,24,0,0,71,80,79,0,0,0,0,0,0,33,3,0,35,37,0,30,0
l13,5=0,0,0,0,10,25,0,0,84,80,22,75,68,0,63,79,29,72,0,3,29,0,48,62,53,49,0,0,0,0,0,0,0,0,0,20,9,0,0,0
l14,5=0,0,0,0,0,0,0,0,43,15,17,27,77,67,0,22,32,39,0,0,31,0,35,85,88,77,0,0,0,0,0,18,0,48,33,0,23,0,31,0
l15,5=0,0,0,0,0,0,0,56,69,34,21,82,72,88,50,0,22,43,0,0,3,36,39,65,76,42,0,0,0,0,0,0,0,0,0,0,44,0,34,26
l16,5=0,0,0,0,0,0,16,0,44,15,0,21,74,49,53,12,0,51,0,24,36,35,52,0,55,37,0,0,0,0,0,4,0,17,16,41,39,18,39,24
l17,5=0,0,0,0,0,0,0,0,64,36,9,27,77,83,68,27,42,0,0,3,40,28,29,0,81,58,0,0,0,0,0,0,0,0,0,32,51,9,0,20
l18,5=0,0,0,0,0,0,0,0,0,0,0,0,0,0,0,0,0,0,0,1,0,65,49,0,0,0,0,0,0,0,0,0,0,0,0,0,0,0,0,0
l19,5=0,0,0,0,0,0,0,0,0,0,0,0,0,6,0,0,17,0,0,0,70,70,79,0,0,0,33,0,0,5,0,0,0,0,0,17,47,0,7,19
l20,5=0,0,0,0,0,0,0,0,2,6,0,10,19,31,32,0,47,59,0,79,0,71,79,0,22,0,0,0,10,0,0,0,21,0,0,45,59,37,76,31
l21,5=0,0,0,0,0,0,0,0,39,5,0,8,0,0,0,15,29,15,37,69,68,0,72,0,27,0,0,0,0,0,0,0,0,0,0,56,54,32,32,60
l22,5=0,0,0,0,0,0,0,0,46,23,0,2,6,49,26,17,23,6,23,82,73,55,0,0,0,0,40,0,0,0,0,0,0,0,0,44,68,31,47,40
l23,5=0,0,0,0,0,0,0,0,60,0,0,54,62,68,74,63,0,0,0,0,0,0,0,0,84,78,0,0,0,0,0,0,0,57,68,0,0,0,0,0
l24,5=0,0,0,0,0,0,0,0,65,27,0,20,76,63,84,70,60,75,0,0,27,24,0,85,0,73,0,0,0,0,0,0,0,55,25,0,22,0,0,0
l25,5=0,0,0,0,0,0,0,0,0,0,0,18,68,60,74,21,24,32,0,0,0,0,0,80,74,0,0,0,0,16,0,0,68,64,61,0,0,0,0,0
l26,5=0,0,0,0,0,0,0,0,0,0,0,0,0,0,0,0,0,0,0,42,0,0,47,0,0,0,0,64,89,91,84,83,80,51,68,0,0,0,0,0
l27,5=0,0,0,0,0,0,0,0,0,0,0,0,0,0,0,0,0,0,0,0,0,0,0,0,0,0,75,0,88,80,92,66,66,0,0,0,0,0,0,0
l28,5=0,0,0,0,0,0,0,0,0,0,0,0,0,0,0,0,0,0,0,0,42,0,0,0,0,0,86,90,0,94,92,64,75,59,59,0,0,0,0,0
l29,5=0,0,0,0,0,0,0,0,0,0,0,0,0,0,0,0,0,0,0,7,0,0,9,0,0,37,86,88,89,0,91,52,69,53,56,0,0,0,0,0
l30,5=0,0,0,0,0,0,0,0,0,0,0,0,0,0,0,0,0,0,0,0,0,0,0,0,0,0,83,90,89,91,0,67,0,59,0,0,0,0,0,0
l31,5=0,0,0,0,0,0,0,0,0,0,0,0,0,0,9,0,6,0,0,0,0,0,0,0,0,0,78,58,67,46,55,0,85,74,82,0,0,0,0,0
l32,5=0,0,0,0,0,0,0,0,0,0,0,0,41,0,0,0,0,0,0,0,31,0,0,24,0,69,70,59,69,65,13,88,0,67,90,0,0,0,0,0
l33,5=0,0,0,0,0,0,0,0,0,0,0,0,28,0,58,0,17,0,0,0,4,0,0,72,70,68,62,0,68,51,65,69,69,0,75,0,0,0,0,0
l34,5=0,0,0,0,0,0,0,0,0,0,0,0,3,0,51,0,27,0,0,0,15,0,0,72,50,64,62,0,68,58,0,83,85,80,0,0,0,0,0,0
l35,5=0,0,0,0,0,0,0,0,0,0,0,0,21,19,0,0,13,11,0,14,14,18,31,0,0,0,0,0,0,0,0,0,0,0,0,0,49,0,26,29
l36,5=0,0,0,0,0,0,0,0,5,0,0,14,24,7,2,9,16,23,0,22,26,33,57,0,1,0,0,0,0,0,0,0,0,0,0,58,0,35,41,44
l37,5=0,0,0,0,0,0,0,0,0,0,0,8,0,0,0,0,9,0,0,0,18,25,41,0,0,0,0,0,0,0,0,0,0,0,0,0,57,0,37,30
l38,5=0,0,0,0,0,0,0,0,0,10,0,18,34,0,37,16,24,0,0,0,40,30,65,0,0,0,0,0,0,0,0,0,0,0,0,58,64,36,0,45
l39,5=0,0,0,0,0,0,0,0,0,0,0,0,0,0,0,6,12,0,0,20,20,43,43,0,0,0,0,0,0,0,0,0,0,0,0,47,66,23,43,0

l0,6=0,93,84,83,92,66,75,5,0,56,56,0,0,0,0,0,0,0,0,0,0,0,0,0,0,0,0,0,0,0,0,0,0,0,0,0,0,0,0,0
l1,6=91,0,85,84,95,75,78,36,0,75,52,0,0,0,0,0,0,0,0,0,0,0,0,26,0,0,0,0,0,0,0,0,0,0,0,0,0,0,0,0
l2,6=77,85,0,71,90,77,77,53,52,83,61,0,0,29,0,0,0,0,0,0,0,0,0,0,0,0,0,0,0,0,0,0,0,0,0,0,0,0,0,0
l3,6=61,85,71,0,95,68,75,0,0,59,0,0,0,0,0,0,0,0,0,0,0,0,0,0,0,0,0,0,0,0,0,0,0,0,0,0,0,0,0,0
l4,6=87,89,86,89,0,80,77,49,53,0,49,0,0,1,0,0,0,0,0,0,0,0,0,18,0,0,0,0,0,0,0,0,0,0,0,0,0,0,0,0
l5,6=83,85,84,83,86,0,64,81,69,82,66,0,0,36,0,0,0,0,0,0,0,0,0,0,0,0,0,0,0,0,0,0,0,0,0,0,0,0,0,0
l6,6=60,78,56,63,56,32,0,74,52,76,59,53,1,12,0,0,46,0,0,0,0,0,0,0,0,0,0,0,0,0,0,0,0,0,0,0,0,0,0,0
l7,6=22,36,45,14,38,66,75,0,71,81,67,49,0,0,0,62,0,0,0,0,0,0,0,0,0,0,0,0,0,0,0,0,0,0,0,0,0,0,0,0
l8,6=0,0,13,0,48,27,47,61,0,82,65,68,44,77,17,46,46,42,0,0,26,14,27,19,31,1,0,0,0,0,0,0,0,0,0,0,0,0,0,0
l9,6=25,47,59,35,0,58,70,75,74,0,72,57,33,71,32,64,26,15,0,0,5,0,12,0,0,0,0,0,0,0,0,0,0,0,0,0,0,0,4,0
l10,6=38,39,57,0,47,45,75,83,74,89,0,62,0,44,0,48,26,0,0,0,0,0,0,0,0,0,0,0,0,0,0,0,0,0,0,0,0,0,0,0
l11,6=0,0,0,0,0,0,18,27,51,42,21,0,46,39,43,83,25,28,0,0,13,0,0,0,30,16,0,0,0,0,0,0,0,0,0,0,37,21,24,0
l12,6=0,0,0,0,0,0,0,0,34,29,0,56,0,34,63,39,41,35,0,0,15,0,1,43,66,53,0,0,0,0,0,0,0,23,3,0,37,0,20,0
l13,6=0,0,0,0,0,13,0,0,68,72,18,38,32,0,40,48,18,35,0,17,8,0,12,0,47,0,0,0,0,0,0,0,0,0,0,14,35,0,10,0
l14,6=0,0,0,0,0,0,0,0,27,31,0,33,59,34,0,25,15,30,0,0,23,0,19,51,43,41,0,0,0,0,0,0,0,23,0,0,19,0,20,0
l15,6=0,0,0,0,0,0,0,37,37,50,22,73,57,53,38,0,34,33,0,0,3,14,10,40,45,0,0,0,0,0,0,0,0,0,0,1,11,0,29,0
l16,6=0,0,0,0,0,0,7,0,27,26,10,29,44,28,25,24,0,37,18,30,2,11,18,13,32,13,0,0,0,0,0,0,0,7,0,7,35,18,29,33
l17,6=0,0,0,0,0,0,0,0,35,31,0,38,47,47,53,43,37,0,0,0,42,11,11,0,45,19,0,0,0,0,0,0,0,14,0,1,39,15,23,0
l18,6=0,0,0,0,0,0,0,0,0,0,0,0,0,0,0,0,31,0,0,36,0,31,0,0,0,0,0,0,0,0,0,0,0,0,0,0,0,0,0,0
l19,6=0,0,0,0,0,0,0,0,0,0,0,0,0,28,0,0,17,0,21,0,64,38,63,0,0,0,25,0,0,0,0,18,0,0,0,18,37,0,22,0
l20,6=0,0,0,0,0,0,0,0,25,3,0,2,19,9,28,0,0,28,0,58,0,54,63,0,0,0,16,0,0,0,0,0,0,2,0,0,49,24,38,37
l21,6=0,0,0,0,0,0,0,0,26,1,0,0,10,0,0,20,18,22,20,46,66,0,59,0,0,0,0,0,0,0,0,0,0,0,0,20,38,26,29,42
l22,6=0,0,0,0,0,0,0,0,30,23,0,0,18,30,26,15,26,16,0,64,69,49,0,0,0,0,25,0,0,0,0,0,0,0,0,18,59,10,39,50
l23,6=0,3,0,0,11,0,0,0,26,0,0,0,55,0,52,45,33,0,0,0,0,0,0,0,62,52,0,0,0,0,0,24,30,40,40,0,0,0,0,0
l24,6=0,0,0,0,0,0,0,0,35,0,0,41,71,38,53,53,46,42,0,0,3,0,0,68,0,40,0,0,0,0,0,0,0,38,20,0,0,0,1,0
l25,6=0,0,0,0,0,0,0,0,14,0,0,12,66,0,57,0,17,17,0,0,0,0,0,64,56,0,2,0,0,0,0,0,33,43,0,0,0,0,0,0
l26,6=0,0,0,0,0,0,0,0,0,0,0,0,0,0,0,0,0,0,0,7,14,0,28,0,0,0,0,55,79,76,57,62,60,35,36,0,0,0,0,0
l27,6=0,0,0,0,0,0,0,0,0,0,0,0,0,0,0,0,0,0,0,0,0,0,0,0,0,0,64,0,76,73,84,40,38,0,0,0,0,0,0,0
l28,6=0,0,0,0,0,0,0,0,0,0,0,0,0,0,0,0,0,0,0,0,16,0,19,0,0,0,71,80,0,83,79,57,49,66,46,0,0,0,0,0
l29,6=0,0,0,0,0,0,0,0,0,0,0,0,0,0,0,0,0,0,0,0,0,0,0,0,0,0,71,81,79,0,44,36,51,47,27,0,0,0,0,0
l30,6=0,0,0,0,0,0,0,0,0,0,0,0,0,0,0,0,0,0,0,0,0,0,0,0,0,0,66,87,76,31,0,44,0,0,31,0,0,0,0,0
l31,6=0,0,0,0,0,0,0,0,0,0,0,0,0,0,0,0,0,0,0,26,7,0,0,22,0,0,68,32,50,30,38,0,73,62,62,0,0,0,0,0
l32,6=0,0,0,0,0,0,0,0,0,0,0,0,0,0,0,0,0,0,0,0,0,0,0,25,0,22,58,29,48,36,0,71,0,72,80,0,0,0,0,0
l33,6=0,0,0,0,0,0,0,0,0,0,0,0,45,0,41,0,27,24,0,0,26,0,0,45,35,42,36,0,48,38,32,57,67,0,62,0,0,0,0,0
l34,6=0,0,0,0,0,0,0,0,0,0,0,0,30,0,19,0,17,0,0,0,0,0,0,43,23,0,39,0,45,40,42,60,75,70,0,0,0,0,0,0
l35,6=0,0,0,0,0,0,0,0,0,0,0,0,0,5,0,0,20,0,0,19,0,22,19,0,0,0,0,0,0,0,0,0,0,0,0,0,51,36,32,46
l36,6=0,0,0,0,0,0,0,0,0,0,0,8,12,24,0,0,17,17,0,32,33,17,24,0,0,0,0,0,0,0,0,0,0,0,0,25,0,42,38,58
l37,6=0,0,0,0,0,0,0,0,0,0,0,0,0,0,0,0,9,0,0,0,30,16,0,0,0,0,0,0,0,0,0,0,0,0,0,30,59,0,31,40
l38,6=0,0,0,0,0,0,0,0,0,0,0,25,19,5,18,23,24,17,0,28,38,23,25,0,0,0,0,0,0,0,0,0,0,0,0,28,64,31,0,54
l39,6=0,0,0,0,0,0,0,0,0,0,0,0,0,0,0,0,17,0,0,0,33,23,24,0,0,0,0,0,0,0,0,0,0,0,0,28,58,28,35,0

l0,7=0,99,96,96,100,99,96,75,66,68,84,0,0,0,0,0,0,0,0,0,0,0,0,0,0,0,0,0,0,0,0,0,0,0,0,0,0,0,0,0
l1,7=98,0,96,96,98,95,93,77,15,49,58,0,0,60,0,0,0,0,0,0,0,0,0,0,0,0,0,0,0,0,0,0,0,0,0,0,0,0,0,0
l2,7=94,94,0,96,98,82,93,37,33,83,62,0,0,0,0,0,0,0,0,0,0,0,0,0,0,0,0,0,0,0,0,0,0,0,0,0,0,0,0,0
l3,7=94,94,96,0,99,93,92,24,0,62,77,0,0,0,0,0,0,0,0,0,0,0,0,0,0,0,0,0,0,0,0,0,0,0,0,0,0,0,0,0
l4,7=98,99,100,98,0,99,96,65,78,0,74,0,0,80,0,0,0,0,0,0,0,0,0,0,0,0,0,0,0,0,0,0,0,0,0,0,0,0,0,0
l5,7=95,94,79,96,98,0,19,90,87,92,84,0,0,51,0,0,0,0,0,0,0,0,0,0,0,0,0,0,0,0,0,0,0,0,0,0,0,0,0,0
l6,7=88,89,91,87,92,16,0,88,0,87,78,28,0,55,0,0,16,0,0,0,0,0,0,0,0,0,0,0,0,0,0,0,0,0,0,0,0,0,0,0
l7,7=48,68,35,61,71,95,93,0,71,92,84,16,11,58,0,53,0,0,0,0,0,0,0,0,0,0,0,0,0,0,0,0,0,0,0,0,0,0,0,0
l8,7=37,7,45,0,77,69,0,55,0,92,84,76,33,88,43,59,20,21,0,3,15,1,13,0,0,0,0,0,0,0,0,0,0,0,0,0,0,0,0,0
l9,7=32,39,63,53,0,85,93,90,92,0,84,49,22,84,21,65,3,4,0,0,27,0,11,4,36,0,0,0,0,0,0,0,0,0,0,0,0,0,33,0
l10,7=57,51,57,70,67,75,75,90,92,92,0,60,0,33,0,63,29,2,0,0,0,0,0,0,0,0,0,0,0,0,0,0,0,0,0,0,0,0,0,0
l11,7=0,0,0,0,0,0,23,1,26,22,31,0,64,61,44,77,20,14,0,0,25,1,10,16,41,28,0,0,0,0,0,0,0,0,0,0,14,0,55,10
l12,7=0,0,0,0,0,0,0,0,11,16,0,72,0,33,64,65,25,20,0,0,28,0,0,55,85,81,0,0,0,0,0,0,0,30,18,0,8,0,33,0
l13,7=0,30,0,0,40,23,30,19,87,51,12,40,15,0,48,60,17,19,0,0,21,0,10,38,62,24,0,0,0,0,0,0,0,0,0,16,20,0,36,0
l14,7=0,0,0,0,0,0,0,0,16,13,0,29,61,47,0,36,24,27,0,0,30,13,12,57,49,55,0,0,0,0,0,0,0,32,0,0,0,0,36,0
l15,7=0,0,0,0,0,0,0,17,25,25,32,80,75,64,41,0,18,14,0,7,31,12,12,42,38,36,0,0,0,0,0,0,0,0,0,0,25,25,53,0
l16,7=0,0,0,0,0,0,14,0,18,13,28,30,32,41,43,34,0,15,23,0,41,16,16,36,49,32,0,0,0,0,0,8,7,10,0,43,44,37,54,0
l17,7=0,0,0,0,0,0,0,0,15,15,6,26,32,46,52,38,20,0,0,3,41,12,3,24,55,0,0,0,0,0,0,0,0,26,0,5,39,0,52,9
l18,7=0,0,0,0,0,0,0,0,0,0,0,0,0,0,0,0,31,0,0,36,42,13,0,0,0,0,0,0,0,0,0,0,0,0,0,0,0,0,0,0
l19,7=0,0,0,0,0,0,0,0,1,0,0,0,8,0,0,0,0,0,24,0,68,39,66,0,0,0,15,0,0,0,0,34,0,0,0,38,0,0,3,4
l20,7=0,0,0,0,0,0,0,0,0,15,0,16,15,26,31,19,22,12,18,60,0,59,67,0,0,0,9,0,3,31,0,0,0,0,0,46,48,26,65,23
l21,7=0,0,0,0,0,0,0,0,5,12,0,3,11,0,32,30,22,7,15,45,69,0,67,0,4,0,0,0,0,0,0,0,0,0,0,47,43,0,54,47
l22,7=0,0,0,0,0,0,0,0,12,15,0,15,0,28,31,27,29,5,0,59,76,61,0,0,0,0,1,0,7,0,0,0,0,0,0,44,53,0,53,47
l23,7=0,0,0,0,0,0,0,0,0,1,0,0,70,45,54,43,26,2,0,0,0,0,0,0,86,86,0,0,0,0,0,0,7,24,45,0,0,0,0,0
l24,7=0,0,0,0,0,0,0,0,0,15,0,33,84,64,45,27,27,35,0,0,11,0,0,83,0,76,0,0,0,0,0,0,0,32,29,0,1,0,0,0
l25,7=0,0,0,0,1,0,0,0,1,8,0,22,79,41,54,42,15,0,0,0,0,0,0,81,77,0,0,0,0,38,0,2,27,57,0,0,0,0,22,0
l26,7=0,0,0,0,0,0,0,0,0,0,0,0,0,0,0,0,0,0,0,17,34,0,28,0,0,0,0,71,79,83,71,71,74,59,57,0,0,0,0,0
l27,7=0,0,0,0,0,0,0,0,0,0,0,0,0,0,0,0,0,0,0,0,0,0,0,0,0,0,70,0,76,81,83,12,48,0,1,0,0,0,0,0
l28,7=0,0,0,0,0,0,0,0,0,0,0,0,0,0,0,0,0,0,0,28,34,0,36,0,0,0,76,79,0,86,78,65,42,64,44,0,0,0,0,0
l29,7=0,0,0,0,0,0,0,0,0,0,0,0,0,0,0,0,0,0,0,0,44,0,0,0,0,21,72,82,79,0,78,57,53,55,29,0,0,0,0,0
l30,7=0,0,0,0,0,0,0,0,0,0,0,0,0,0,0,0,0,0,0,0,0,0,0,0,0,0,68,85,76,81,0,58,54,37,49,0,0,0,0,0
l31,7=0,0,0,0,0,0,0,0,0,0,0,0,0,0,0,0,16,0,0,36,0,0,0,0,0,1,74,0,51,58,55,0,76,86,83,0,0,0,0,0
l32,7=0,0,0,0,0,0,0,0,0,0,0,0,0,0,0,0,10,0,0,0,0,0,0,31,0,40,66,26,29,63,55,71,0,85,84,0,0,0,0,0
l33,7=0,0,0,0,0,0,0,0,0,0,0,0,49,0,45,0,18,29,0,0,8,0,0,47,53,48,61,0,63,61,47,71,73,0,72,0,0,0,0,0
l34,7=0,0,0,0,0,0,0,0,0,0,0,0,38,0,0,0,0,0,0,0,0,0,0,60,48,1,59,19,45,43,47,70,81,70,0,0,0,0,0,0
l35,7=0,0,0,0,0,0,0,0,0,0,0,0,0,4,0,0,17,0,0,26,40,12,12,0,0,0,0,0,0,0,0,0,0,0,0,0,57,57,58,32
l36,7=0,0,0,0,0,0,0,0,0,0,0,0,8,22,0,15,26,9,0,0,44,22,49,0,0,0,0,0,0,0,0,0,0,0,0,56,0,55,57,51
l37,7=0,0,0,0,0,0,0,0,0,0,0,0,0,0,0,15,13,0,0,0,32,0,0,0,0,0,0,0,0,0,0,0,0,0,0,56,52,0,37,22
l38,7=0,0,0,0,0,0,0,0,0,15,0,29,17,38,32,29,19,11,0,0,46,15,14,0,0,0,0,0,0,0,0,0,0,0,0,55,59,31,0,18
l39,7=0,0,0,0,0,0,0,0,0,0,0,1,0,0,0,0,0,0,0,2,41,15,14,0,0,0,0,0,0,0,0,0,0,0,0,54,56,40,54,0

l0,8=0,100,99,91,97,99,99,96,6,94,96,0,0,83,0,0,0,0,0,0,0,0,0,0,0,0,0,0,0,0,0,0,0,0,0,0,0,0,0,0
l1,8=100,0,99,97,98,99,99,99,70,97,0,0,0,65,0,0,0,0,0,0,0,0,0,35,0,0,0,0,0,0,0,0,0,0,0,0,0,0,0,0
l2,8=100,99,0,90,94,99,95,97,0,76,96,0,0,3,0,2,0,0,0,0,0,0,0,0,0,0,0,0,0,0,0,0,0,0,0,0,0,0,0,0
l3,8=86,98,88,0,98,93,99,94,0,85,3,0,0,0,0,0,0,0,0,0,0,0,0,0,11,0,0,0,0,0,0,0,0,0,0,0,0,0,0,0
l4,8=98,100,99,99,0,99,99,97,98,43,86,0,0,93,3,0,0,0,0,0,0,0,0,0,71,0,0,0,0,0,0,0,0,0,0,0,0,0,0,0
l5,8=100,100,99,97,98,0,99,99,99,96,99,80,0,94,0,0,0,0,0,0,0,0,0,0,0,0,0,0,0,0,0,0,0,0,0,0,0,0,0,0
l6,8=89,93,92,84,93,88,0,96,83,94,91,0,0,28,0,0,75,0,0,0,0,0,0,0,0,0,0,0,0,0,0,0,0,0,0,0,0,0,0,0
l7,8=83,94,93,88,88,94,94,0,92,97,98,66,0,94,0,0,5,50,0,0,0,0,0,0,0,0,0,0,0,0,0,0,0,0,0,0,0,0,0,0
l8,8=1,19,0,0,84,93,92,95,0,98,96,94,0,95,58,93,0,81,0,65,0,0,51,0,0,28,0,0,0,0,0,0,0,0,0,0,0,0,0,0
l9,8=79,81,0,49,5,70,94,96,96,0,99,94,75,95,27,68,80,69,0,0,0,32,9,48,81,0,0,0,0,0,0,0,0,0,0,0,0,0,64,0
l10,8=79,0,87,42,47,94,93,96,93,98,0,87,0,93,0,92,2,0,0,0,0,0,0,0,0,0,0,0,0,0,0,0,0,0,0,0,0,0,0,0
l11,8=0,0,0,0,0,24,0,35,87,91,84,0,99,52,58,98,95,79,0,1,10,34,27,55,88,82,0,0,0,0,0,0,0,0,0,35,57,0,62,0
l12,8=0,0,0,0,0,0,0,0,0,49,0,100,0,0,62,60,97,74,0,0,57,0,0,59,95,92,0,0,0,0,0,0,0,13,9,29,41,0,43,0
l13,8=25,1,0,0,38,42,4,94,98,95,86,64,0,0,53,58,59,55,0,0,51,30,0,55,88,69,0,0,0,0,0,0,0,0,0,18,38,0,69,0
l14,8=0,0,0,0,0,0,0,0,52,39,0,77,99,57,0,53,79,86,0,0,64,37,32,61,93,71,0,0,0,0,0,0,0,0,0,0,39,0,0,0
l15,8=0,0,0,0,0,0,0,0,87,91,95,100,97,71,58,0,92,86,0,0,86,47,48,55,88,73,0,0,0,0,0,0,0,0,0,0,53,0,75,0
l16,8=0,0,0,0,0,0,28,0,0,36,0,96,93,23,50,43,0,60,21,62,90,30,46,45,93,33,0,0,0,0,0,32,0,5,31,32,53,28,51,54
l17,8=0,0,0,0,0,0,0,34,68,49,0,96,96,32,62,59,94,0,0,59,85,1,29,18,82,0,0,0,0,0,0,0,0,19,0,10,9,0,62,42
l18,8=0,0,0,0,0,0,0,0,0,0,0,0,0,0,0,0,73,0,0,80,78,56,0,0,0,0,0,0,0,0,0,0,0,0,0,0,0,0,0,0
l19,8=0,0,0,0,0,0,0,0,27,0,0,0,0,0,0,0,75,56,43,0,92,60,87,0,0,0,0,0,0,0,0,51,0,0,0,57,54,0,49,70
l20,8=0,0,0,0,0,0,0,0,0,0,0,0,46,20,32,36,72,45,34,94,0,81,90,0,29,0,0,0,0,0,0,0,0,0,4,57,68,32,79,65
l21,8=0,0,0,0,0,0,0,0,0,45,0,53,28,34,33,38,65,1,30,70,92,0,89,1,0,0,0,0,0,0,0,21,0,13,15,60,57,34,76,70
l22,8=0,0,0,0,0,0,0,0,40,28,0,51,0,0,31,37,72,42,0,90,94,75,0,0,0,0,0,0,11,44,0,0,0,0,0,64,73,16,68,66
l23,8=0,0,0,0,0,0,0,0,0,69,0,83,94,62,94,50,81,56,0,0,0,0,0,0,95,92,0,0,0,0,0,0,41,35,72,0,0,0,0,0
l24,8=0,0,0,19,22,0,0,0,0,68,0,85,99,58,97,49,95,74,0,0,54,0,0,96,0,89,0,0,0,0,0,1,0,33,54,0,10,0,0,0
l25,8=0,0,0,1,0,0,0,0,35,0,0,75,99,52,79,43,73,0,0,0,0,0,0,96,86,0,0,0,0,69,0,2,45,47,68,0,0,0,18,0
l26,8=0,0,0,0,0,0,0,0,0,0,0,0,0,0,0,0,0,0,0,0,0,0,0,0,0,0,0,87,93,95,88,92,87,79,78,0,0,0,0,0
l27,8=0,0,0,0,0,0,0,0,0,0,0,0,0,0,0,0,0,0,0,0,0,0,0,0,0,0,92,0,93,95,94,0,78,0,75,0,0,0,0,0
l28,8=0,0,0,0,0,0,0,0,0,0,0,0,0,0,0,0,0,0,0,1,43,0,39,0,0,0,95,91,0,95,94,92,67,77,69,0,0,0,0,0
l29,8=0,0,0,0,0,0,0,0,0,0,0,0,0,0,0,0,0,0,0,0,5,0,67,0,0,64,95,91,93,0,94,92,67,77,73,0,0,0,0,0
l30,8=0,0,0,0,0,0,0,0,0,0,0,0,0,0,0,0,0,0,0,0,0,0,0,0,0,0,90,91,93,95,0,81,82,70,0,0,0,0,0,0
l31,8=0,0,0,0,0,0,0,0,0,0,0,0,0,0,0,0,67,0,0,66,0,15,0,0,28,0,93,0,86,85,72,0,86,86,86,0,0,0,0,0
l32,8=0,0,0,0,0,0,0,0,0,0,0,0,0,0,0,0,16,0,0,0,0,0,0,79,0,70,93,70,40,76,77,95,0,90,91,0,0,0,0,0
l33,8=0,0,0,0,0,0,0,0,0,0,0,0,70,0,0,0,45,75,0,0,55,8,0,74,67,69,80,0,74,76,72,96,90,0,82,0,0,0,0,0
l34,8=0,0,0,0,0,0,0,0,0,0,0,0,67,0,0,0,72,0,0,0,72,34,0,79,71,70,77,66,72,78,0,93,93,80,0,0,0,0,0,0
l35,8=0,0,0,0,0,0,0,0,0,0,0,9,34,2,0,0,29,0,0,40,50,27,32,0,0,0,0,0,0,0,0,0,0,0,0,0,76,71,61,67
l36,8=0,0,0,0,0,0,0,0,0,0,0,45,39,23,10,20,40,0,0,35,68,24,38,0,7,0,0,0,0,0,0,0,0,0,0,69,0,32,76,74
l37,8=0,0,0,0,0,0,0,0,0,0,0,0,0,0,0,0,40,0,0,0,55,23,0,0,0,0,0,0,0,0,0,0,0,0,0,69,56,0,44,51
l38,8=0,0,0,0,0,0,0,0,0,35,0,47,44,30,0,36,49,38,0,10,73,33,38,0,0,0,0,0,0,0,0,0,0,0,0,70,74,26,0,65
l39,8=0,0,0,0,0,0,0,0,0,0,0,0,0,0,0,0,52,3,0,43,73,50,45,0,0,0,0,0,0,0,0,0,0,0,0,72,70,31,66,0

l0,9=0,100,99,96,100,100,100,100,95,99,99,0,0,4,0,0,0,0,0,0,0,0,0,0,0,0,0,0,0,0,0,0,0,0,0,0,0,0,0,0
l1,9=100,0,99,96,100,100,100,100,100,99,99,0,0,0,0,0,0,0,0,0,0,0,0,10,0,0,0,0,0,0,0,0,0,0,0,0,0,0,0,0
l2,9=100,100,0,96,100,100,100,100,31,61,61,0,91,0,0,1,0,0,0,0,0,0,0,0,0,0,0,0,0,0,0,0,0,0,0,0,0,0,0,0
l3,9=100,100,95,0,100,100,100,99,0,0,0,0,0,0,0,0,0,0,0,0,0,0,0,0,0,0,0,0,0,0,0,0,0,0,0,0,0,0,0,0
l4,9=100,100,99,96,0,100,98,93,100,80,97,0,0,3,83,0,0,0,0,0,0,0,0,0,63,0,0,0,0,0,0,0,0,0,0,0,0,0,0,0
l5,9=100,100,94,96,100,0,100,18,100,98,99,0,0,63,0,0,0,0,0,0,0,0,0,0,0,0,0,0,0,0,0,0,0,0,0,0,0,0,0,0
l6,9=100,46,96,92,94,92,0,100,83,97,99,0,0,88,0,0,54,0,0,0,0,0,0,0,0,0,0,0,0,0,0,0,0,0,0,0,0,0,0,0
l7,9=92,100,100,92,91,19,100,0,100,99,99,65,73,100,1,28,0,0,0,0,0,0,0,0,0,0,0,0,0,0,0,0,0,0,0,0,0,0,0,0
l8,9=92,39,0,18,96,96,64,96,0,100,59,85,0,100,0,93,79,90,0,37,0,0,75,0,0,0,0,0,0,0,0,0,0,0,0,0,0,0,0,0
l9,9=96,36,44,0,67,92,96,100,100,0,99,94,47,100,86,90,86,0,0,0,0,0,1,50,69,0,0,0,0,0,0,0,0,0,0,0,0,0,0,0
l10,9=96,99,76,0,93,99,100,100,95,99,0,0,66,94,1,96,76,77,0,0,0,0,0,40,0,0,0,0,0,0,0,0,0,0,0,0,0,0,0,0
l11,9=0,0,0,0,0,0,0,63,92,36,2,0,100,99,97,99,94,99,0,0,27,36,62,57,84,83,0,0,0,0,0,0,0,0,0,0,68,0,32,0
l12,9=0,0,0,0,0,0,0,0,0,0,0,89,0,95,99,98,98,99,0,0,29,34,3,99,86,100,0,0,0,0,0,0,0,0,1,0,74,0,36,0
l13,9=0,0,0,0,0,26,60,94,96,100,28,84,95,0,85,99,94,47,0,8,28,35,0,55,81,76,0,0,0,0,0,0,0,0,0,0,70,0,34,0
l14,9=0,0,0,0,40,0,0,0,0,34,0,76,100,90,0,99,99,100,0,0,28,36,67,99,100,92,0,0,0,0,0,0,0,31,0,0,42,0,0,0
l15,9=0,0,0,0,0,0,0,0,71,33,31,97,99,98,90,0,92,98,0,0,24,34,65,46,80,0,0,0,0,0,0,0,0,0,0,0,68,0,34,0
l16,9=0,0,0,0,0,0,10,0,48,28,23,71,98,95,96,97,0,96,71,42,35,8,71,57,84,82,0,0,0,0,0,64,0,23,39,0,72,51,36,26
l17,9=0,0,0,0,0,0,0,0,74,0,14,73,100,79,98,97,97,0,0,43,28,39,73,0,67,0,0,0,0,0,0,0,0,26,0,0,69,0,26,28
l18,9=0,0,0,0,0,0,0,0,0,0,0,0,0,0,0,0,88,0,0,0,51,61,0,0,0,0,0,0,0,0,0,0,0,0,0,0,48,0,0,0
l19,9=0,0,0,0,0,0,0,0,36,0,0,0,0,2,0,0,78,84,0,0,91,91,93,0,0,0,63,0,0,0,0,0,0,0,0,68,66,63,0,65
l20,9=0,0,0,0,0,0,0,0,0,0,0,52,70,70,73,68,89,64,61,92,0,97,99,0,43,0,8,0,0,0,0,0,0,0,32,0,80,82,93,74
l21,9=0,0,0,0,0,0,0,0,0,0,0,57,77,74,73,76,47,74,76,58,99,0,93,0,0,0,0,0,0,0,0,0,0,19,0,72,75,53,36,27
l22,9=0,0,0,0,0,0,0,0,65,6,0,51,58,1,71,74,79,71,0,92,99,93,0,0,0,0,0,0,5,43,0,77,0,0,0,72,80,49,84,13
l23,9=0,0,0,0,0,0,0,0,0,33,3,77,100,98,100,95,98,0,0,0,0,0,0,0,100,100,0,0,0,0,0,0,44,38,46,0,0,0,0,0
l24,9=0,0,0,0,16,0,0,0,0,35,0,73,100,98,100,97,99,86,0,0,28,0,0,100,0,100,0,0,0,0,0,0,0,38,43,0,74,0,0,0
l25,9=0,0,0,3,0,0,0,0,0,0,0,72,100,90,96,0,96,0,0,0,0,0,0,100,100,0,1,0,0,28,0,0,40,100,44,0,0,0,31,0
l26,9=0,0,0,0,0,0,0,0,0,0,0,0,0,0,0,0,0,0,0,72,60,0,0,0,0,0,0,85,100,100,99,98,99,88,91,0,0,0,0,0
l27,9=0,0,0,0,0,0,0,0,0,0,0,0,0,0,0,0,0,0,0,0,0,0,0,0,0,0,99,0,100,100,99,95,87,0,0,0,0,0,0,0
l28,9=0,0,0,0,0,0,0,0,0,0,0,0,0,0,0,0,0,0,0,0,40,0,62,0,0,0,99,99,0,100,99,88,0,87,9,0,0,0,0,0
l29,9=0,0,0,0,0,0,0,0,0,0,0,0,0,0,0,0,0,0,0,0,0,0,78,0,0,9,99,99,100,0,99,99,34,85,96,0,0,0,0,0
l30,9=0,0,0,0,0,0,0,0,0,0,0,0,0,0,0,0,0,0,0,0,0,0,0,0,0,0,99,99,100,100,0,95,92,60,88,0,0,0,0,0
l31,9=0,0,0,0,0,0,0,0,0,0,0,0,0,0,0,0,74,0,0,12,20,0,82,0,0,0,98,74,98,98,98,0,98,100,100,0,0,0,0,0
l32,9=0,0,0,0,0,0,0,0,0,0,0,0,17,0,0,0,0,0,0,0,0,0,0,90,0,87,99,47,0,45,96,99,0,100,100,0,0,0,0,0
l33,9=0,0,0,0,0,0,0,0,0,0,0,0,0,0,81,0,85,85,0,0,1,42,0,100,95,98,98,0,99,90,86,99,99,0,100,0,0,0,0,0
l34,9=0,0,0,0,0,0,0,0,0,0,0,0,87,0,41,0,97,0,0,0,33,0,0,100,79,90,99,0,1,77,98,99,100,100,0,0,0,0,0,0
l35,9=0,0,0,0,0,0,0,0,0,0,0,0,0,0,0,0,0,0,0,29,3,48,76,0,0,0,0,0,0,0,0,0,0,0,0,0,83,73,53,37
l36,9=0,0,0,0,0,0,0,0,0,0,0,30,52,49,1,48,59,10,0,24,28,25,66,0,29,0,0,0,0,0,0,0,0,0,0,73,0,62,32,21
l37,9=0,0,0,0,0,0,0,0,0,0,0,0,0,0,0,0,60,0,0,29,23,27,44,0,0,0,0,0,0,0,0,0,0,0,0,66,73,0,31,22
l38,9=0,0,0,0,0,0,0,0,0,0,0,48,64,64,0,69,79,0,0,0,28,37,69,0,0,27,0,0,0,0,0,0,0,0,0,72,73,57,0,29
l39,9=0,0,0,0,0,0,0,0,0,0,0,0,0,0,0,0,75,70,0,33,50,32,0,0,0,0,0,0,0,0,0,0,0,0,0,72,78,68,52,0

l0,10=0,90,88,84,86,85,85,57,57,83,62,0,0,0,0,0,0,0,0,0,0,0,0,0,0,0,0,0,0,0,0,0,0,0,0,0,0,0,0,0
l1,10=88,0,86,70,83,89,78,69,27,25,46,6,0,0,0,0,0,0,0,0,0,0,0,0,0,0,0,0,0,0,0,0,0,0,0,0,0,0,0,0
l2,10=86,84,0,83,86,86,86,83,0,82,55,0,26,0,0,0,0,0,0,0,0,0,0,0,0,0,0,0,0,0,0,0,0,0,0,0,0,0,0,0
l3,10=89,73,85,0,92,72,80,52,0,58,0,0,0,0,0,0,0,0,0,0,0,0,0,0,0,0,0,0,0,0,0,0,0,0,0,0,0,0,0,0
l4,10=86,82,86,90,0,85,59,61,36,65,71,0,0,2,51,0,0,0,0,0,0,0,0,0,0,0,0,0,0,0,0,0,0,0,0,0,0,0,0,0
l5,10=86,84,86,76,85,0,84,83,25,86,70,0,0,68,0,0,0,0,0,0,0,0,0,0,0,0,0,0,0,0,0,0,0,0,0,0,0,0,0,0
l6,10=84,79,83,69,45,84,0,83,61,81,69,0,0,50,0,2,18,2,0,0,0,0,0,0,0,0,0,0,0,0,0,0,0,0,0,0,0,0,0,0
l7,10=62,84,81,61,79,85,86,0,74,87,75,42,21,83,41,0,0,0,0,0,0,0,0,0,0,0,0,0,0,0,0,0,0,0,0,0,0,0,0,0
l8,10=63,15,0,4,40,37,65,77,0,89,58,71,52,84,0,74,25,46,0,31,21,0,50,57,29,0,0,0,0,0,0,0,0,0,0,0,0,0,0,0
l9,10=71,0,25,47,51,66,81,83,74,0,72,70,63,84,46,62,0,0,0,0,0,33,2,39,33,0,0,0,0,0,0,0,0,0,0,0,0,0,0,0
l10,10=69,44,39,0,79,62,73,84,49,87,0,50,0,71,0,67,0,37,0,0,0,0,0,0,0,0,0,0,0,0,0,0,0,0,0,0,0,0,0,0
l11,10=0,0,0,0,0,0,0,30,51,77,50,0,76,81,76,87,0,79,0,0,52,51,0,75,76,35,0,0,0,0,0,0,0,0,0,0,56,0,41,0
l12,10=0,0,0,0,0,0,0,0,25,74,0,84,0,76,89,88,87,92,0,0,65,63,0,96,98,94,0,0,0,0,0,0,0,19,0,0,4,0,47,0
l13,10=0,0,0,0,7,60,48,41,80,87,62,84,75,0,53,81,41,0,0,3,50,41,0,69,75,0,0,0,0,0,0,0,0,0,0,0,0,0,24,0
l14,10=0,0,0,0,52,0,0,3,0,70,0,82,96,71,0,78,83,81,0,0,54,4,0,84,93,71,0,0,0,0,0,0,0,45,0,0,68,0,20,0
l15,10=0,0,0,0,1,0,0,0,41,72,63,90,87,83,59,0,43,80,0,48,56,13,51,54,73,6,0,0,0,0,0,0,0,0,0,0,20,1,10,0
l16,10=0,0,0,0,0,0,20,0,16,0,0,0,87,62,56,40,0,84,45,46,68,56,52,66,89,4,0,0,0,0,0,0,18,0,13,15,42,41,51,25
l17,10=0,0,0,0,0,0,10,0,19,0,48,82,96,10,63,54,54,0,0,55,57,65,66,55,53,5,0,0,0,0,0,0,0,17,0,0,46,0,40,7
l18,10=0,0,0,0,0,0,0,0,0,0,0,0,0,0,0,0,34,0,0,74,62,68,0,0,0,0,0,0,0,0,0,0,0,0,0,0,7,0,0,0
l19,10=0,0,0,0,0,0,0,0,10,0,0,0,0,0,0,25,41,46,55,0,76,57,68,0,0,0,39,0,0,0,0,0,0,0,0,48,0,43,0,56
l20,10=0,0,0,0,0,0,0,0,0,0,0,38,54,46,29,26,49,40,50,87,0,87,86,0,10,0,0,0,0,0,0,0,46,0,0,58,79,53,50,44
l21,10=0,0,0,0,0,0,0,0,0,44,0,39,58,49,19,10,45,61,53,75,86,0,84,0,0,0,0,0,0,0,0,0,0,21,0,55,69,56,51,38
l22,10=0,0,0,0,0,0,0,0,30,6,0,0,0,0,0,27,33,54,0,74,86,80,0,0,0,0,0,0,0,39,0,42,3,0,0,67,70,56,73,33
l23,10=0,0,0,0,0,0,0,0,31,54,0,78,95,77,74,34,52,21,0,0,0,0,0,0,98,95,0,0,0,0,0,52,67,54,0,0,0,0,0,0
l24,10=0,0,0,0,0,0,0,0,23,67,0,81,97,79,88,48,90,78,0,0,43,0,0,98,0,91,0,0,0,0,0,0,0,42,24,0,0,0,34,0
l25,10=0,0,0,28,0,0,0,0,0,0,0,69,98,0,82,36,28,27,0,0,0,0,0,98,95,0,18,0,0,0,0,60,60,91,52,0,0,0,27,0
l26,10=0,0,0,0,0,0,0,0,0,0,0,0,0,0,0,0,0,0,0,44,0,0,0,0,0,4,0,58,94,99,94,100,97,57,65,0,0,0,0,0
l27,10=0,0,0,0,0,0,0,0,0,0,0,0,0,0,0,0,0,0,0,0,0,0,0,0,0,0,80,0,91,99,94,75,0,0,64,0,0,0,0,0
l28,10=0,0,0,0,0,0,0,0,0,0,0,0,0,0,0,0,0,0,0,12,20,0,0,0,0,0,96,92,0,99,94,91,54,72,51,0,0,0,0,0
l29,10=0,0,0,0,0,0,0,0,0,0,0,0,0,0,0,0,0,0,0,0,0,0,39,0,0,0,96,93,94,0,94,79,56,18,47,0,0,0,0,0
l30,10=0,0,0,0,0,0,0,0,0,0,0,0,0,0,0,0,0,0,0,0,0,0,0,0,0,0,92,93,94,99,0,75,65,54,61,0,0,0,0,0
l31,10=0,0,0,0,0,0,0,0,0,0,0,0,0,0,0,0,0,0,0,0,2,0,37,21,0,8,96,63,89,99,94,0,100,100,99,0,0,0,0,0
l32,10=0,0,0,0,0,0,0,0,0,0,0,0,0,0,0,0,3,0,0,0,37,0,7,81,0,6,96,0,21,67,63,100,0,100,99,0,0,0,0,0
l33,10=0,0,0,0,0,0,0,0,0,0,0,0,27,0,31,0,0,6,0,0,0,15,0,95,34,93,49,0,83,15,26,100,100,0,99,0,0,0,0,0
l34,10=0,0,0,0,0,0,0,0,0,0,0,0,1,0,0,0,56,0,0,0,27,0,0,5,46,40,93,52,60,75,69,100,100,100,0,0,0,0,0,0
l35,10=0,0,0,0,0,0,0,0,0,0,0,0,0,0,0,0,20,0,0,47,58,52,61,0,0,0,0,0,0,0,0,0,0,0,0,0,82,63,46,0
l36,10=0,0,0,0,0,0,0,0,0,0,0,24,9,0,25,1,21,37,0,0,63,58,63,0,0,0,0,0,0,0,0,0,0,0,0,78,0,74,49,44
l37,10=0,0,0,0,0,0,0,0,0,0,0,0,0,0,0,0,27,0,0,35,58,53,59,0,0,0,0,0,0,0,0,0,0,0,0,71,75,0,40,34
l38,10=0,0,0,0,0,0,0,0,0,0,0,40,40,14,1,4,46,50,0,0,68,63,66,0,10,1,0,0,0,0,0,0,0,0,0,71,78,54,0,33
l39,10=0,0,0,0,0,0,0,0,0,0,0,0,0,0,0,0,38,46,0,58,64,56,59,0,0,0,0,0,0,0,0,0,0,0,0,0,80,61,46,0

l0,11=0,90,87,87,85,87,80,58,43,57,54,0,0,0,0,0,0,0,0,0,0,0,0,4,0,0,0,0,0,0,0,0,0,0,0,0,0,0,0,0
l1,11=85,0,72,83,83,86,83,80,37,48,0,49,0,27,0,0,0,0,0,0,0,0,0,0,0,0,0,0,0,0,0,0,0,0,0,0,0,0,0,0
l2,11=85,84,0,83,83,86,86,61,0,0,81,0,0,0,0,0,0,0,0,0,0,0,0,0,0,0,0,0,0,0,0,0,0,0,0,0,0,0,0,0
l3,11=86,84,87,0,85,87,0,51,0,37,57,0,0,0,0,0,0,0,0,0,0,0,0,0,0,0,0,0,0,0,0,0,0,0,0,0,0,0,0,0
l4,11=81,80,78,83,0,81,70,60,0,53,63,0,14,0,28,0,0,0,0,0,0,0,0,37,0,0,0,0,0,0,0,0,0,0,0,0,0,0,0,0
l5,11=84,84,86,83,83,0,87,82,60,80,57,0,0,43,0,0,0,0,0,0,0,0,0,0,0,0,0,0,0,0,0,0,0,0,0,0,0,0,0,0
l6,11=72,73,64,3,70,83,0,80,23,78,62,38,0,23,0,51,30,0,0,0,0,0,0,0,0,0,0,0,0,0,0,0,0,0,0,0,0,0,0,0
l7,11=71,84,56,58,82,86,87,0,74,81,82,46,24,83,0,39,1,0,0,0,0,0,0,0,0,0,0,0,0,0,0,0,0,0,0,0,0,0,0,0
l8,11=33,28,0,0,0,61,60,58,0,83,67,63,50,85,0,75,0,50,0,23,3,0,0,49,35,0,0,0,0,0,0,0,0,0,0,0,0,0,0,0
l9,11=33,27,0,14,38,75,74,84,75,0,83,65,46,83,0,60,9,8,0,0,0,38,0,5,51,0,0,0,0,0,0,0,0,0,0,0,0,0,0,0
l10,11=27,0,72,29,70,56,69,84,65,82,0,60,0,75,0,69,0,8,0,0,0,0,0,0,0,0,0,0,0,0,0,0,0,0,0,0,0,0,0,0
l11,11=0,24,0,0,0,0,50,25,23,22,66,0,67,52,25,84,70,75,0,0,23,19,27,79,73,45,0,0,0,0,0,0,0,0,0,29,0,0,40,0
l12,11=0,0,0,0,0,0,0,0,22,19,0,83,0,26,91,81,76,81,0,0,34,41,29,81,92,93,0,0,0,0,0,0,0,0,0,0,0,0,52,0
l13,11=0,13,0,0,0,38,58,47,75,75,75,81,57,0,14,83,62,66,0,19,32,35,7,71,56,46,0,0,0,0,0,0,0,0,0,0,0,0,30,0
l14,11=0,0,0,0,28,0,0,0,0,0,0,78,89,17,0,0,79,81,0,0,0,19,0,85,1,85,0,0,0,0,0,0,0,44,40,38,55,0,36,0
l15,11=0,0,0,0,0,0,58,10,24,21,69,85,72,87,0,0,78,81,0,27,35,33,7,54,6,49,0,0,0,0,0,0,0,0,0,11,51,0,44,0
l16,11=0,0,0,0,0,0,33,0,0,1,0,62,54,19,25,72,0,81,2,0,37,40,29,56,85,20,0,0,0,0,0,0,12,0,47,19,66,55,59,36
l17,11=0,0,0,0,0,0,0,0,15,11,25,82,58,23,25,77,81,0,0,0,34,39,32,61,55,0,0,0,0,0,0,0,0,0,0,0,61,0,43,4
l18,11=0,0,0,0,0,0,0,0,0,0,0,0,0,0,0,0,36,0,0,74,63,69,38,0,0,0,0,0,0,0,0,0,0,0,0,0,0,0,0,0
l19,11=0,0,0,0,0,0,0,0,9,0,0,0,0,3,0,52,0,0,23,0,73,65,62,0,0,0,47,0,43,0,1,0,0,0,0,37,1,0,0,58
l20,11=0,0,0,0,0,0,0,0,0,0,0,0,27,15,0,55,69,40,21,82,0,82,83,0,0,0,8,0,0,0,0,0,10,0,0,40,65,57,61,32
l21,11=0,0,0,0,0,0,0,0,0,15,0,27,28,16,9,53,65,41,23,78,80,0,82,0,21,0,0,0,0,0,0,0,0,0,0,7,55,48,70,23
l22,11=0,0,0,0,0,0,0,0,0,0,0,36,28,0,0,6,51,38,0,68,79,79,0,0,0,0,0,0,0,7,0,12,0,0,0,64,58,46,67,66
l23,11=0,0,0,0,14,0,0,0,10,5,0,73,84,26,51,53,65,54,0,0,0,0,0,0,93,97,0,0,0,0,0,13,17,49,1,0,0,0,2,0
l24,11=0,0,0,0,0,0,0,0,0,17,0,76,89,22,2,0,81,62,0,0,0,0,0,92,0,89,0,0,0,0,0,0,0,0,0,0,0,0,0,0
l25,11=0,0,0,0,0,0,0,0,0,0,0,49,89,25,83,52,25,0,0,0,0,0,0,97,92,0,0,0,0,0,0,27,14,84,0,0,0,0,0,0
l26,11=0,0,0,0,0,0,0,0,0,0,0,0,0,0,0,0,0,0,0,43,19,0,0,0,0,0,0,44,88,77,89,90,62,32,39,0,0,0,0,0
l27,11=0,0,0,0,0,0,0,0,0,0,0,0,0,0,0,0,0,0,0,0,0,0,0,0,0,0,63,0,84,83,91,45,2,0,16,0,0,0,0,0
l28,11=0,0,0,0,0,0,0,0,0,0,0,0,0,0,0,0,0,0,0,22,15,0,20,0,0,0,81,88,0,84,91,79,37,0,24,0,0,0,0,0
l29,11=0,0,0,0,0,0,0,0,0,0,0,0,0,0,0,0,0,0,0,0,0,0,18,0,0,0,65,85,88,0,91,74,18,19,17,0,0,0,0,0
l30,11=0,0,0,0,0,0,0,0,0,0,0,0,0,0,0,0,0,0,0,0,0,0,0,0,0,0,69,88,88,84,0,72,22,26,21,0,0,0,0,0
l31,11=0,0,0,0,0,0,0,0,0,0,0,0,0,0,0,0,0,0,0,0,1,0,40,22,0,39,81,51,74,81,86,0,91,100,100,0,0,0,0,0
l32,11=0,0,0,0,0,0,0,0,0,0,0,0,0,0,0,0,11,0,0,0,9,0,0,14,0,14,81,1,26,24,36,91,0,100,100,0,0,0,0,0
l33,11=0,0,0,0,0,0,0,0,0,0,0,0,0,0,44,0,4,0,0,0,8,0,0,39,0,91,68,0,0,57,85,99,94,0,100,0,0,0,0,0
l34,11=0,0,0,0,0,0,0,0,0,0,0,0,0,0,8,0,53,0,0,0,0,0,0,8,0,4,77,66,64,69,76,99,94,100,0,0,0,0,0,0
l35,11=0,0,0,0,0,0,0,0,0,0,0,7,0,0,6,11,18,0,0,17,28,0,38,0,0,0,0,0,0,0,0,0,0,0,0,0,85,62,53,22
l36,11=0,0,0,0,0,0,0,0,0,0,0,0,0,0,15,47,61,44,0,0,40,40,40,0,0,0,0,0,0,0,0,0,0,0,0,81,0,67,58,42
l37,11=0,0,0,0,0,0,0,0,0,0,0,0,0,0,0,0,56,0,0,0,35,24,26,0,0,0,0,0,0,0,0,0,0,0,0,64,70,0,42,36
l38,11=0,0,0,0,0,0,0,0,0,0,0,42,38,8,8,57,70,30,0,0,41,44,42,1,0,0,0,0,0,0,0,0,0,0,0,71,76,52,0,41
l39,11=0,0,0,0,0,0,0,0,0,0,0,0,0,0,0,0,60,0,0,31,48,15,58,0,0,0,0,0,0,0,0,0,0,0,0,50,73,61,54,0

l0,12=0,91,84,86,86,86,57,1,0,62,49,0,0,0,0,0,0,0,0,0,0,0,0,0,0,0,0,0,0,0,0,0,0,0,0,0,0,0,0,0
l1,12=86,0,80,83,83,86,83,85,2,1,62,56,0,0,0,0,0,0,0,0,0,0,0,0,0,0,0,0,0,0,0,0,0,0,0,0,0,0,0,0
l2,12=85,78,0,83,81,87,83,19,12,43,77,0,0,0,0,0,0,0,0,0,0,0,0,0,0,0,0,0,0,0,0,0,0,0,0,0,0,0,0,0
l3,12=87,87,84,0,89,86,56,24,0,52,61,0,0,0,0,0,0,0,0,0,0,0,0,0,0,0,0,0,0,0,0,0,0,0,0,0,0,0,0,0
l4,12=86,84,68,86,0,75,66,64,50,56,62,0,0,0,34,0,0,0,0,0,0,0,0,50,0,0,0,0,0,0,0,0,0,0,0,0,0,0,0,0
l5,12=85,87,84,83,82,0,78,78,73,84,77,0,0,47,0,0,0,0,0,0,0,0,0,0,0,0,0,0,0,0,0,0,0,0,0,0,0,0,0,0
l6,12=52,87,84,63,75,65,0,70,53,33,63,65,0,53,4,42,1,0,0,0,0,0,0,0,0,0,0,0,0,0,0,0,0,0,0,0,0,0,0,0
l7,12=5,87,27,59,82,86,83,0,82,84,86,39,28,78,0,9,0,0,0,0,0,0,0,0,0,0,0,0,0,0,0,0,0,0,0,0,0,0,0,0
l8,12=0,0,0,36,63,52,40,74,0,84,84,68,66,78,12,66,19,32,0,21,0,35,0,0,22,0,0,0,0,0,0,0,0,0,0,0,0,0,0,0
l9,12=55,0,4,54,56,86,30,86,82,0,86,63,59,78,0,50,27,26,0,0,28,47,0,0,9,0,0,0,0,0,0,0,0,0,0,0,0,0,0,0
l10,12=33,50,63,64,65,49,67,87,79,86,0,62,0,75,0,51,0,0,0,0,0,0,0,0,0,0,0,0,0,0,0,0,0,0,0,0,0,0,0,0
l11,12=0,35,0,0,0,0,43,19,44,51,56,0,78,64,41,87,72,84,0,0,20,45,51,63,0,24,0,0,0,0,0,0,0,0,0,30,37,1,37,0
l12,12=0,0,0,0,0,0,0,0,39,46,0,83,0,46,88,86,80,86,0,0,34,46,41,58,92,93,0,0,0,0,0,0,0,15,0,0,0,0,41,0
l13,12=0,0,0,2,0,22,39,56,82,84,58,85,75,0,43,84,72,72,0,0,26,39,0,56,33,15,0,0,0,0,0,0,0,0,0,0,0,0,8,0
l14,12=0,0,0,0,40,0,0,0,12,1,0,50,86,41,0,52,84,77,0,0,18,53,0,75,92,32,0,0,0,0,0,0,0,35,63,33,45,0,0,0
l15,12=0,0,0,0,0,0,38,0,45,45,51,90,81,81,45,0,75,78,0,21,33,51,29,59,43,36,0,0,0,0,0,0,0,0,0,0,0,0,30,0
l16,12=0,0,0,0,0,0,0,0,9,20,0,49,81,31,53,53,0,85,18,8,36,55,44,45,51,19,0,0,0,0,0,0,0,0,31,35,53,7,45,59
l17,12=0,0,0,0,0,0,0,0,24,23,0,86,85,42,43,56,82,0,0,17,39,59,51,52,25,0,0,0,0,0,0,0,0,15,0,0,53,0,30,0
l18,12=0,0,0,0,0,0,0,0,0,0,0,0,0,0,0,0,60,0,0,59,56,55,0,0,0,0,0,0,0,0,0,0,0,0,0,0,0,0,0,0
l19,12=0,0,0,0,0,0,0,0,16,0,0,0,0,0,0,27,50,39,29,0,65,75,72,0,0,0,51,0,0,16,26,0,0,0,0,39,33,23,29,67
l20,12=0,0,0,0,0,0,0,0,0,27,0,32,38,24,0,30,59,58,24,89,0,83,82,0,0,0,0,0,0,0,0,37,0,0,0,49,79,50,63,60
l21,12=0,0,0,0,0,0,0,0,30,52,0,36,38,29,39,47,59,55,23,88,74,0,82,0,45,0,0,0,0,0,0,0,0,0,0,35,54,38,80,49
l22,12=0,0,0,0,0,0,0,0,0,0,0,35,35,0,0,13,32,40,0,88,74,82,0,0,0,0,0,0,3,0,0,51,0,0,0,71,67,0,47,75
l23,12=0,0,0,0,61,0,0,0,0,0,0,78,76,45,55,52,61,56,0,0,0,0,0,0,94,98,0,0,0,0,0,6,0,30,0,0,0,0,0,0
l24,12=0,0,0,0,0,0,0,0,27,22,0,0,88,64,90,83,84,62,0,0,0,51,0,91,0,93,0,0,0,0,0,10,45,0,0,0,10,0,23,0
l25,12=0,0,0,0,0,0,0,0,0,0,0,35,88,21,54,79,58,0,0,0,0,0,0,97,93,0,0,0,0,6,0,77,49,58,86,0,0,0,0,0
l26,12=0,0,0,0,0,0,0,0,0,0,0,0,0,0,0,0,0,0,0,57,0,0,0,0,0,0,0,60,91,65,93,94,68,57,71,0,0,0,0,0
l27,12=0,0,0,0,0,0,0,0,0,0,0,0,0,0,0,0,0,0,0,0,0,0,0,0,0,0,67,0,87,96,96,74,0,6,12,0,0,0,0,0
l28,12=0,0,0,0,0,0,0,0,0,0,0,0,0,0,0,0,0,0,0,0,0,0,26,0,0,0,87,91,0,97,96,76,54,61,64,0,0,0,0,0
l29,12=0,0,0,0,0,0,0,0,0,0,0,0,0,0,0,0,0,0,0,7,0,0,0,0,0,0,63,91,91,0,96,74,58,54,59,0,0,0,0,0
l30,12=0,0,0,0,0,0,0,0,0,0,0,0,0,0,0,0,0,0,0,1,0,0,0,0,0,0,76,91,91,97,0,72,59,31,27,0,0,0,0,0
l31,12=0,0,0,0,0,0,0,0,0,0,0,0,10,0,0,0,0,0,0,0,44,0,59,19,24,55,87,86,90,95,94,0,96,100,100,0,0,0,0,0
l32,12=0,0,0,0,0,0,0,0,0,0,0,0,0,0,0,0,0,0,0,0,0,0,0,8,33,33,83,0,84,88,87,96,0,100,100,0,0,0,0,0
l33,12=0,0,0,0,0,0,0,0,0,0,0,0,34,0,56,0,0,2,0,0,0,0,0,34,9,55,79,32,65,68,70,100,96,0,100,0,0,0,0,0
l34,12=0,0,0,0,0,0,0,0,0,0,0,0,0,0,36,0,13,0,0,0,0,0,0,0,0,95,87,38,89,93,68,100,96,100,0,0,0,0,0,0
l35,12=0,0,0,0,0,0,0,0,0,0,0,20,0,0,0,0,23,0,0,1,17,35,58,0,0,0,0,0,0,0,0,0,0,0,0,0,83,36,44,65
l36,12=0,0,0,0,0,0,0,0,0,0,0,14,0,0,1,0,59,41,0,2,38,39,66,0,3,0,0,0,0,0,0,0,0,0,0,86,0,43,48,71
l37,12=0,0,0,0,0,0,0,0,0,0,0,0,0,0,0,0,53,0,0,4,33,36,0,0,0,0,0,0,0,0,0,0,0,0,0,72,68,0,0,66
l38,12=0,0,0,0,0,0,0,0,0,0,0,38,45,0,0,11,65,39,0,6,35,69,68,0,13,0,0,0,0,0,0,0,0,0,0,77,72,0,0,60
l39,12=0,0,0,0,0,0,0,0,0,0,0,0,0,0,0,0,58,0,0,38,33,11,70,0,0,0,0,0,0,0,0,0,0,0,0,68,65,32,34,0

l0,13=0,92,93,93,94,88,91,86,80,82,62,0,0,0,0,0,0,0,0,0,0,0,0,0,0,0,0,0,0,0,0,0,0,0,0,0,0,0,0,0
l1,13=92,0,92,93,94,86,89,86,0,69,85,0,0,0,0,0,0,0,0,0,0,0,0,0,0,0,0,0,0,0,0,0,0,0,0,0,0,0,0,0
l2,13=93,92,0,92,89,87,91,85,0,83,85,0,0,10,0,0,0,0,0,0,0,0,0,0,0,0,0,0,0,0,0,0,0,0,0,0,0,0,0,0
l3,13=93,92,91,0,97,87,89,72,17,66,85,0,0,0,0,0,0,0,0,0,0,0,0,0,0,0,0,0,0,0,0,0,0,0,0,0,0,0,0,0
l4,13=90,92,87,93,0,87,90,80,56,63,72,0,0,2,0,0,0,0,0,0,0,0,0,5,0,0,0,0,0,0,0,0,0,0,0,0,0,0,0,0
l5,13=86,88,88,88,89,0,89,80,83,83,85,0,0,28,0,0,0,0,0,0,0,0,0,0,0,0,0,0,0,0,0,0,0,0,0,0,0,0,0,0
l6,13=86,87,88,88,86,86,0,0,73,83,32,87,0,38,0,80,0,0,0,0,0,0,0,0,0,0,0,0,0,0,0,0,0,0,0,0,0,0,0,0
l7,13=76,87,52,73,85,71,0,0,87,84,89,1,14,57,0,42,0,0,0,0,0,0,0,0,0,0,0,0,0,0,0,0,0,0,0,0,0,0,0,0
l8,13=60,0,0,54,70,73,79,84,0,91,85,31,24,88,79,41,50,53,0,23,0,35,23,0,30,0,0,0,0,0,0,0,0,0,0,0,0,0,0,0
l9,13=73,39,51,63,70,85,88,85,88,0,86,79,71,87,35,82,57,60,0,0,38,69,0,0,0,0,0,0,0,0,0,0,0,0,0,0,0,0,0,0
l10,13=23,29,24,71,73,83,62,86,86,91,0,31,0,87,0,44,0,0,0,0,0,0,0,0,0,0,0,0,0,0,0,0,0,0,0,0,0,0,0,0
l11,13=0,0,0,0,0,0,81,0,71,74,78,0,89,95,52,89,75,86,0,0,23,50,70,69,0,15,0,0,0,0,0,0,0,0,0,0,0,0,67,0
l12,13=0,0,0,0,0,0,0,0,0,67,0,61,0,51,99,87,82,98,0,0,22,44,65,45,61,70,0,0,0,0,0,0,0,22,0,0,0,0,71,0
l13,13=0,0,0,0,27,54,76,76,90,89,86,98,44,0,54,89,67,81,0,6,23,48,0,67,0,24,0,0,0,0,0,0,0,0,0,0,0,0,71,0
l14,13=0,0,0,0,0,0,0,0,77,69,0,38,66,56,0,55,89,85,0,0,24,35,0,96,98,34,0,0,0,0,0,0,0,22,33,0,0,0,0,0
l15,13=0,0,0,0,0,0,77,12,59,76,74,98,55,77,47,0,84,91,0,11,23,37,0,70,31,17,0,0,0,0,0,0,0,0,0,0,42,0,67,0
l16,13=0,0,0,0,0,0,0,0,43,52,0,29,44,36,60,55,0,92,29,20,21,40,64,23,36,0,0,0,0,0,0,0,1,9,11,37,49,0,72,71
l17,13=0,0,0,0,0,0,0,0,68,66,0,40,95,55,39,57,86,0,0,25,25,54,65,46,34,17,0,0,0,0,0,0,0,18,0,0,44,0,76,0
l18,13=0,0,0,0,0,0,0,0,0,0,0,0,0,0,0,0,69,0,0,93,92,0,7,0,0,0,0,0,0,0,0,0,0,0,0,0,0,0,0,0
l19,13=0,0,0,0,0,0,0,0,49,0,0,0,0,1,0,29,39,27,55,0,92,91,90,0,0,0,30,0,0,20,7,18,0,0,0,35,30,48,56,80
l20,13=0,0,0,0,0,0,0,0,0,41,0,24,46,27,17,35,71,78,37,94,0,97,94,0,1,0,4,0,0,0,0,17,0,0,0,37,53,87,82,84
l21,13=0,0,0,0,0,0,0,0,45,60,0,31,35,38,18,32,68,74,0,94,94,0,95,0,25,0,0,0,0,0,0,0,0,0,0,25,0,0,80,79
l22,13=0,0,0,0,0,0,0,0,0,0,0,25,31,0,0,0,56,27,0,59,94,96,0,0,0,0,5,0,37,0,0,15,0,0,9,51,53,38,79,95
l23,13=0,0,0,22,7,0,0,0,0,0,0,38,44,44,100,56,24,68,0,0,0,0,0,0,35,100,0,0,0,0,0,0,0,38,0,0,0,0,0,0
l24,13=0,0,0,0,0,0,0,0,77,0,0,0,96,0,100,57,89,87,0,0,2,47,0,86,0,61,0,0,0,0,0,0,59,2,0,0,46,0,0,0
l25,13=0,0,0,0,0,0,0,0,0,0,0,34,97,52,97,57,0,72,0,0,0,0,0,98,98,0,0,0,0,11,0,35,85,87,73,0,0,0,0,0
l26,13=0,0,0,0,0,0,0,0,0,0,0,0,0,0,0,0,0,0,0,53,39,0,17,0,0,0,0,78,98,48,100,99,77,76,0,0,0,0,0,0
l27,13=0,0,0,0,0,0,0,0,0,0,0,0,0,0,0,0,0,0,0,0,0,0,0,0,0,0,84,0,98,99,100,78,70,70,9,0,0,0,0,0
l28,13=0,0,0,0,0,0,0,0,0,0,0,0,0,0,0,0,0,0,0,2,33,0,49,0,0,0,97,98,0,99,100,91,71,77,80,0,0,0,0,0
l29,13=0,0,0,0,0,0,0,0,0,0,0,0,0,0,0,0,0,0,0,57,0,0,0,0,0,0,74,98,98,0,100,78,78,58,75,0,0,0,0,0
l30,13=0,0,0,0,0,0,0,0,0,0,0,0,0,0,0,0,0,0,0,0,0,0,0,0,0,0,96,98,98,99,0,83,67,71,0,0,0,0,0,0
l31,13=0,0,0,0,0,0,0,0,0,0,0,0,0,0,6,0,0,0,0,54,79,0,68,0,0,72,97,93,96,94,100,0,100,100,100,0,0,0,0,0
l32,13=0,0,0,0,0,0,0,0,0,0,0,0,11,0,3,0,6,0,0,0,0,0,0,0,55,82,92,72,83,96,92,100,0,100,100,0,0,0,0,0
l33,13=0,0,0,0,0,0,0,0,0,0,0,0,96,0,83,0,76,65,0,0,0,0,0,85,23,100,96,83,98,65,99,100,100,0,100,0,0,0,0,0
l34,13=0,0,0,0,0,0,0,0,0,0,0,0,2,0,78,0,63,0,0,0,6,0,59,1,0,100,0,14,98,99,13,100,100,100,0,0,0,0,0,0
l35,13=0,0,0,0,0,0,0,0,0,0,0,0,0,0,0,0,48,0,0,18,19,0,73,0,0,0,0,0,0,0,0,0,0,0,0,0,90,95,81,84
l36,13=0,0,0,0,0,0,0,0,0,0,0,0,0,0,0,32,58,48,0,5,30,0,80,0,24,0,0,0,0,0,0,0,0,0,0,84,0,79,85,79
l37,13=0,0,0,0,0,0,0,0,0,0,0,0,0,0,0,0,0,0,0,15,29,0,9,0,0,0,0,0,0,0,0,0,0,0,0,57,49,0,68,73
l38,13=0,0,0,0,0,0,0,0,0,0,0,8,38,33,0,27,62,53,0,20,30,48,78,0,0,0,0,0,0,0,0,0,0,0,0,53,53,67,0,76
l39,13=0,0,0,0,0,0,0,0,0,0,0,0,0,0,0,0,49,0,0,29,18,34,87,0,0,0,0,0,0,0,0,0,0,0,0,51,51,72,70,0

l0,14=0,100,100,100,99,100,99,100,94,99,95,0,0,3,0,0,0,0,0,0,0,0,0,0,0,0,0,0,0,0,0,0,0,0,0,0,0,0,0,0
l1,14=100,0,100,100,99,100,99,99,8,63,53,0,0,50,43,0,0,0,0,0,0,0,0,0,2,0,0,0,0,0,0,0,0,0,0,0,0,0,0,0
l2,14=100,100,0,100,100,100,100,100,79,91,94,0,0,3,0,0,0,0,0,0,0,0,0,0,0,0,0,0,0,0,0,0,0,0,0,0,0,0,0,0
l3,14=100,100,100,0,99,100,99,100,0,99,99,0,0,0,0,0,0,0,0,0,0,0,0,0,0,0,0,0,0,0,0,0,0,0,0,0,0,0,0,0
l4,14=100,100,100,100,0,100,90,0,43,54,99,0,0,45,0,0,0,0,0,0,0,0,0,0,0,0,0,0,0,0,0,0,0,0,0,0,0,0,0,0
l5,14=100,100,100,100,100,0,100,58,78,99,96,0,0,91,0,82,0,0,0,0,0,0,0,0,0,0,0,0,0,0,0,0,0,0,0,0,0,0,0,0
l6,14=92,98,100,100,92,100,0,91,89,97,99,98,0,93,0,90,0,0,0,0,0,0,62,0,0,0,0,0,0,0,0,0,0,0,0,0,0,0,0,0
l7,14=98,99,99,100,8,85,96,0,97,99,100,0,0,93,0,30,89,0,0,0,0,0,0,0,0,0,0,0,0,0,0,0,0,0,0,0,0,0,0,0
l8,14=31,2,40,43,56,55,44,36,0,99,100,44,46,48,58,45,0,0,0,1,46,43,41,0,48,0,0,0,0,0,0,0,0,0,0,0,0,0,0,0
l9,14=86,52,0,48,55,99,61,100,98,0,100,95,0,100,50,98,41,45,0,0,50,43,0,38,0,0,0,0,0,0,0,0,0,0,0,0,0,0,0,0
l10,14=85,74,40,100,100,100,100,100,98,99,0,49,55,100,9,42,0,0,0,0,25,1,0,0,0,0,0,0,0,0,0,0,0,0,0,0,0,0,0,0
l11,14=0,0,0,0,0,0,97,0,27,98,48,0,100,98,98,99,98,97,0,0,54,44,45,84,0,45,0,0,0,0,0,0,0,0,0,0,26,0,55,0
l12,14=0,0,0,0,0,0,0,0,55,0,48,96,0,97,100,96,97,98,0,24,98,25,81,97,90,100,0,0,0,0,0,0,0,94,0,0,0,0,0,0
l13,14=0,52,0,0,57,56,66,35,27,99,99,99,100,0,95,99,42,61,0,10,0,43,0,1,68,38,0,0,0,0,0,0,0,0,0,0,0,0,55,0
l14,14=0,0,0,0,0,0,0,0,27,52,0,93,100,50,0,44,53,36,0,0,0,18,0,97,100,27,0,0,0,0,0,0,26,38,0,0,0,0,38,0
l15,14=0,0,0,0,0,48,41,0,28,98,50,99,100,98,60,0,97,63,0,31,51,43,0,76,90,32,0,0,0,0,0,0,0,0,0,0,2,0,54,0
l16,14=0,0,0,0,0,0,0,13,0,68,0,93,91,46,94,96,0,57,16,39,86,37,99,33,90,0,0,0,0,0,0,0,0,41,44,42,52,14,40,54
l17,14=0,0,0,0,0,0,0,0,0,57,0,96,100,97,98,96,97,0,0,35,98,99,59,85,93,52,0,0,0,0,0,0,0,1,0,30,1,0,98,0
l18,14=0,0,0,0,0,0,0,0,0,0,0,0,0,0,0,0,76,0,0,84,91,26,91,0,0,0,0,0,0,0,0,0,0,0,0,0,0,0,0,0
l19,14=0,0,0,0,0,0,0,0,0,0,0,0,87,5,0,85,85,54,51,0,98,95,98,0,0,0,49,0,57,84,0,34,0,0,0,56,82,57,36,88
l20,14=0,0,0,0,0,0,0,0,4,81,0,85,88,0,0,85,81,53,48,96,0,99,99,0,23,0,20,0,0,0,0,16,0,0,31,56,59,60,98,93
l21,14=0,0,0,0,0,0,0,0,54,84,5,86,87,85,81,86,82,53,0,95,98,0,99,0,74,0,0,0,0,0,0,0,0,0,0,56,11,59,91,84
l22,14=0,0,0,0,0,0,45,0,31,0,0,87,87,0,0,0,91,52,45,90,99,100,0,0,3,0,13,0,8,0,0,22,0,0,0,57,60,62,92,90
l23,14=0,0,0,0,0,0,0,0,0,56,0,45,46,0,100,44,12,36,0,0,0,0,0,0,46,100,0,0,0,0,0,0,33,41,44,0,0,0,0,0
l24,14=0,0,0,0,0,0,0,0,27,0,0,0,100,50,100,98,99,64,0,0,42,43,0,40,0,68,0,0,0,0,0,0,0,0,0,0,32,0,0,0
l25,14=0,0,0,0,0,0,0,0,0,0,0,96,100,61,96,96,0,62,0,0,0,0,0,99,100,0,0,0,3,0,0,0,50,99,99,0,0,0,0,0
l26,14=0,0,0,0,0,0,0,0,0,0,0,0,0,0,0,0,0,0,0,92,83,0,27,0,0,0,0,98,99,97,100,99,98,98,96,0,0,0,0,0
l27,14=0,0,0,0,0,0,0,0,0,0,0,0,0,0,0,0,0,0,0,0,0,0,0,0,0,0,89,0,99,100,100,83,84,90,0,0,0,0,0,0
l28,14=0,0,0,0,0,0,0,0,0,0,0,0,0,0,0,0,0,0,0,75,1,0,69,0,0,24,100,99,0,100,100,89,81,90,84,0,0,0,0,0
l29,14=0,0,0,0,0,0,0,0,0,0,0,0,0,0,0,0,0,0,0,85,0,0,0,0,0,0,89,99,99,0,100,84,85,0,86,0,0,0,0,0
l30,14=0,0,0,0,0,0,0,0,0,0,0,0,0,0,0,0,0,0,0,0,0,0,0,0,0,0,100,99,99,100,0,83,83,90,0,0,0,0,0,0
l31,14=0,0,0,0,0,0,0,0,0,0,0,0,0,0,0,0,0,0,0,69,85,0,76,0,0,0,99,89,97,97,96,0,99,100,99,0,0,0,0,0
l32,14=0,0,0,0,0,0,0,0,0,0,0,0,0,0,89,0,0,0,0,0,0,0,0,88,0,89,99,96,91,97,96,99,0,100,100,0,0,0,0,0
l33,14=0,0,0,0,0,0,0,0,0,0,0,0,98,0,92,0,95,0,0,0,0,0,0,92,0,99,99,92,98,0,99,99,100,0,100,0,0,0,0,0
l34,14=0,0,0,0,0,0,0,0,0,0,0,0,7,0,0,0,89,0,0,0,89,0,0,86,0,100,100,0,99,100,0,99,100,100,0,0,0,0,0,0
l35,14=0,0,0,0,0,0,0,0,0,0,0,0,34,0,0,0,78,39,0,64,78,67,83,0,0,0,0,0,0,0,0,0,0,0,0,0,96,94,92,89
l36,14=0,0,0,0,0,0,0,0,0,0,0,15,0,0,0,0,82,0,0,48,87,0,92,0,42,0,0,0,0,0,0,0,0,0,0,66,0,31,98,83
l37,14=0,0,0,0,0,0,0,0,0,0,0,0,0,0,0,0,21,0,0,27,86,3,92,0,0,0,0,0,0,0,0,0,0,0,0,97,53,0,84,85
l38,14=0,0,0,0,0,0,0,0,0,0,0,84,0,64,77,87,83,41,0,7,96,54,93,0,0,0,0,0,0,0,0,0,0,0,0,59,61,33,0,91
l39,14=0,0,0,0,0,0,0,0,0,0,0,0,0,0,0,0,80,0,0,71,86,80,92,0,0,0,0,0,0,0,0,0,0,0,0,57,54,60,84,0

l0,15=0,98,98,100,99,99,98,99,94,98,95,0,0,0,0,0,0,0,0,0,0,0,0,0,0,0,0,0,0,0,0,0,0,0,0,0,0,0,0,0
l1,15=99,0,98,98,98,98,98,97,0,97,95,0,0,96,36,0,0,0,0,0,0,0,0,0,9,0,0,0,0,0,0,0,0,0,0,0,0,0,0,0
l2,15=100,100,0,98,97,99,99,99,0,96,90,37,0,95,0,0,0,0,0,0,0,0,0,0,0,0,0,0,0,0,0,0,0,0,0,0,0,0,0,0
l3,15=100,100,98,0,97,98,0,0,0,0,95,0,0,0,0,0,0,0,0,0,0,0,0,0,0,0,0,0,0,0,0,0,0,0,0,0,0,0,0,0
l4,15=100,100,98,93,0,99,98,93,0,90,95,0,0,89,0,0,0,0,0,0,0,0,0,0,0,0,0,0,0,0,0,0,0,0,0,0,0,0,0,0
l5,15=99,98,98,98,100,0,98,99,96,98,95,0,0,96,0,90,0,0,0,0,0,0,0,0,0,0,0,0,0,0,0,0,0,0,0,0,0,0,0,0
l6,15=99,98,98,64,96,98,0,99,91,97,95,97,93,93,0,97,22,0,0,0,0,0,44,0,0,0,0,0,0,0,0,0,0,0,0,0,0,0,0,0
l7,15=99,73,98,81,96,98,98,0,98,98,99,0,0,59,70,0,96,0,0,0,0,0,0,0,0,0,0,0,0,0,0,0,0,0,0,0,0,0,0,0
l8,15=56,0,0,44,0,89,84,98,0,100,97,95,58,60,70,99,0,0,0,45,11,93,72,12,86,0,0,0,0,0,0,0,0,0,0,0,0,0,0,0
l9,15=99,65,0,0,77,98,98,99,100,0,99,96,0,97,44,99,86,71,0,0,97,95,14,32,0,0,0,0,0,0,0,0,0,0,0,0,0,0,0,0
l10,15=97,96,4,91,97,98,98,100,97,100,0,0,93,96,64,0,0,0,0,0,0,0,0,0,0,0,0,0,0,0,0,0,0,0,0,0,0,0,0,0
l11,15=0,0,0,0,0,0,98,0,97,98,0,0,99,97,69,100,98,99,0,0,98,99,81,61,73,63,0,0,0,0,0,0,0,0,0,0,55,0,95,0
l12,15=0,0,0,0,0,0,85,0,99,0,97,100,0,97,99,100,98,100,0,46,99,0,81,100,100,100,0,0,0,0,0,0,0,0,0,0,29,0,94,0
l13,15=0,68,91,0,86,95,91,83,98,100,97,100,100,0,72,100,90,99,0,4,1,82,44,59,87,62,0,0,0,0,0,0,0,0,0,0,0,0,0,0
l14,15=0,0,0,0,0,0,0,9,99,81,8,98,99,61,0,100,98,99,0,0,41,0,0,64,100,63,0,0,0,0,0,0,0,98,25,0,0,0,0,0
l15,15=0,0,0,0,0,71,96,0,98,99,0,100,62,61,72,0,98,99,0,0,98,99,5,64,92,61,0,0,0,0,0,0,0,0,0,69,0,0,98,0
l16,15=0,0,0,0,0,0,24,80,0,78,1,96,61,51,70,100,0,96,76,94,98,86,82,0,92,23,0,0,0,0,0,0,0,85,0,80,53,55,97,79
l17,15=0,0,0,0,0,0,0,0,0,86,0,98,62,61,72,100,97,0,0,97,99,99,82,64,92,63,0,0,0,0,0,0,0,95,11,0,55,54,98,0
l18,15=0,0,0,0,0,0,0,0,0,0,0,0,0,0,0,0,80,0,0,9,86,56,74,0,0,0,0,0,0,0,0,0,0,0,0,0,0,0,0,0
l19,15=0,0,0,0,0,0,0,0,23,0,0,0,44,0,0,0,76,63,0,0,99,97,96,0,0,0,37,0,68,71,0,0,0,0,0,5,35,0,5,80
l20,15=0,0,0,0,0,0,0,0,0,84,0,92,58,0,5,96,97,83,75,99,0,100,98,0,0,0,0,0,0,0,0,0,0,0,0,82,54,40,98,98
l21,15=0,0,0,0,0,0,0,0,82,82,3,92,0,48,0,99,95,87,14,99,99,0,99,0,50,0,0,0,8,0,0,0,0,0,40,72,75,57,99,94
l22,15=0,0,0,0,0,0,11,0,73,60,0,73,46,3,0,30,95,65,47,91,99,99,0,0,0,0,0,0,0,0,0,40,0,7,0,59,36,45,85,74
l23,15=0,0,0,0,0,0,0,0,0,64,0,92,100,60,99,100,0,100,0,0,0,0,0,0,100,100,0,0,0,0,0,0,59,99,0,0,0,0,0,0
l24,15=0,0,0,0,0,0,0,0,99,0,0,40,100,61,99,100,98,100,0,0,0,1,0,100,0,68,0,0,0,0,0,0,62,0,0,0,55,0,20,0
l25,15=0,0,0,0,0,0,0,0,0,0,0,99,98,61,97,98,73,98,0,0,0,0,0,99,85,0,56,0,31,1,0,59,62,95,90,0,0,0,0,0
l26,15=0,0,0,0,0,0,0,0,0,0,0,0,0,0,0,0,0,0,0,48,0,0,0,0,0,96,0,80,100,96,88,100,98,7,82,0,0,0,0,0
l27,15=0,0,0,0,0,0,0,0,0,0,0,0,0,0,0,0,0,0,0,0,0,0,0,0,0,0,98,0,100,96,88,93,96,95,80,0,0,0,0,0
l28,15=0,0,0,0,0,0,0,0,0,0,0,0,0,0,0,0,0,0,0,72,0,7,18,0,0,64,100,88,0,96,88,95,96,96,80,0,0,0,0,0
l29,15=0,0,0,0,0,0,0,0,0,0,0,0,0,0,0,0,0,0,0,75,0,0,0,0,0,0,98,88,100,0,88,93,96,96,80,0,0,0,0,0
l30,15=0,0,0,0,0,0,0,0,0,0,0,0,0,0,0,0,0,0,0,0,0,0,0,0,0,0,100,88,100,96,0,91,96,96,0,0,0,0,0,0
l31,15=0,0,0,0,0,0,0,0,0,0,0,0,0,0,0,0,0,0,0,0,0,0,90,0,0,94,99,76,100,96,86,0,99,99,89,0,0,0,0,0
l32,15=0,0,0,0,0,0,0,0,0,0,0,0,68,0,0,0,0,0,0,0,46,0,0,95,75,96,99,77,89,96,85,100,0,99,91,0,0,0,0,0
l33,15=0,0,0,0,0,0,0,0,0,0,0,0,52,0,73,0,80,95,0,0,0,0,37,100,30,69,16,60,100,97,94,100,100,0,90,0,0,0,0,0
l34,15=0,0,0,0,0,0,0,0,0,0,0,0,17,0,69,0,0,0,0,0,0,54,0,0,0,98,100,74,97,95,0,100,99,99,0,0,0,0,0,0
l35,15=0,0,0,0,0,0,0,0,0,0,0,0,35,0,0,72,73,0,0,21,92,68,63,0,0,0,0,0,0,0,0,0,0,0,0,0,83,91,94,95
l36,15=0,0,0,0,0,0,0,0,0,0,0,81,15,0,0,0,96,54,0,90,93,91,80,0,63,0,0,0,0,0,0,0,0,0,0,82,0,56,99,94
l37,15=0,0,0,0,0,0,0,0,0,0,0,0,0,0,0,0,88,0,0,0,49,85,75,0,0,0,0,0,0,0,0,0,0,0,0,88,82,0,96,96
l38,15=0,0,0,0,0,0,0,0,0,0,0,76,30,0,0,95,92,77,0,0,99,93,75,0,18,0,0,0,0,0,0,0,0,0,0,81,56,59,0,96
l39,15=0,0,0,0,0,0,0,0,0,0,0,0,0,0,0,0,71,0,0,88,98,87,80,0,0,0,0,0,0,0,0,0,0,0,0,99,48,93,95,0

