t=2016-04-13_11.05.40

n=40

q0=1
q1=1
q2=1
q3=1
q4=1
q5=1
q6=1
q7=1
q8=1
q9=1
q10=1
q11=1
q12=1
q13=1
q14=1
q15=1
q16=1
q17=1
q18=1
q19=1
q20=1
q21=1
q22=1
q23=1
q24=1
q25=1
q26=1
q27=1
q28=1
q29=1
q30=1
q31=1
q32=1
q33=1
q34=1
q35=1
q36=1
q37=1
q38=1
q39=1

a0=0x141592000c576ce6
a1=0x141592000c5aedbc
a2=0x141592000c5750f4
a3=0x141592000c576658
a4=0x141592000c575890
a5=0x141592000c574ffa
a6=0x141592000c5acf11
a7=0x141592000d9df361
a8=0x141592000c576300
a9=0x141592000c5779b6
a10=0x141592000c5762b9
a11=0x141592000c5af078
a12=0x141592000c575517
a13=0x141592000c5752c3
a14=0x141592000c5a4baa
a15=0x141592000c5776e7
a16=0x141592000c58cdeb
a17=0x141592000c5881fc
a18=0x141592000bd81d33
a19=0x141592000bd84d6a
a20=0x141592000c577233
a21=0x141592000c574527
a22=0x141592000c5746a3
a23=0x141592000c574da3
a24=0x141592000c5741c9
a25=0x141592000da244ea
a26=0x141592000c5ae886
a27=0x141592000c57510e
a28=0x141592000c5ab6c8
a29=0x141592000c574d05
a30=0x141592000edae61f
a31=0x141592000c57667e
a32=0x141592000c577f43
a33=0x141592000c576449
a34=0x1415920010f4117a
a35=0x141592000c575966
a36=0x141592000c574d35
a37=0x141592000c576fb1
a38=0x141592000c5aea5d
a39=0x141592000c59f23f

l0,0=0,90,89,98,93,92,86,81,0,92,88,0,0,0,0,0,0,0,0,0,0,0,0,0,0,0,0,0,0,0,0,0,0,0,0,0,0,0,0,0
l1,0=93,0,91,90,93,92,10,91,87,81,90,0,0,36,0,0,0,0,0,0,0,0,0,0,0,0,0,0,0,0,0,0,0,0,0,0,0,0,0,0
l2,0=88,94,0,90,84,96,93,91,7,94,90,0,0,72,0,0,0,0,0,0,0,0,0,0,0,0,0,0,0,0,0,0,0,0,0,0,0,0,0,0
l3,0=98,89,91,0,93,92,81,86,74,0,89,0,0,0,0,0,0,0,0,0,0,0,0,0,0,0,0,0,0,0,0,0,0,0,0,0,0,0,0,0
l4,0=93,88,70,90,0,88,48,81,68,57,80,0,0,41,0,0,0,0,0,0,0,0,0,0,0,0,0,0,0,0,0,0,0,0,0,0,0,0,0,0
l5,0=93,93,92,86,89,0,87,87,84,94,90,31,0,32,0,0,0,0,0,0,0,0,0,0,0,0,0,0,0,0,0,0,0,0,0,0,0,0,0,0
l6,0=85,38,96,74,58,83,0,92,83,75,83,31,0,59,0,39,38,0,0,0,0,0,0,0,0,0,0,0,0,0,0,0,0,0,0,0,0,0,0,0
l7,0=73,86,88,72,78,80,87,0,80,89,90,55,0,28,0,46,0,0,0,0,0,0,0,0,0,0,0,0,0,0,0,0,0,0,0,0,0,0,0,0
l8,0=0,48,0,15,66,71,70,51,0,94,71,76,38,91,38,77,85,36,0,0,0,72,0,38,32,0,0,0,0,0,0,0,0,0,0,0,0,0,30,0
l9,0=74,51,89,0,61,92,64,90,94,0,90,63,19,84,0,66,61,31,0,0,0,0,45,0,0,0,0,0,0,0,0,0,0,0,0,0,0,0,0,0
l10,0=77,90,91,80,84,88,80,91,80,96,0,74,36,93,0,78,0,0,0,0,0,0,0,0,0,0,0,0,0,0,0,0,0,0,0,0,0,0,0,0
l11,0=0,0,0,0,0,40,39,29,29,73,73,0,56,32,28,94,59,59,0,27,0,14,0,1,46,0,0,0,0,0,0,0,0,0,0,0,43,0,37,0
l12,0=0,0,0,0,0,0,0,0,24,30,19,79,0,84,79,93,60,100,0,0,28,37,0,82,92,81,0,0,0,0,0,0,0,54,0,0,30,0,48,0
l13,0=0,1,16,0,67,0,53,1,88,79,83,81,87,0,82,78,0,54,0,28,0,67,39,69,30,44,0,0,0,0,0,0,0,0,0,0,0,0,69,0
l14,0=0,0,0,0,0,0,0,0,26,0,0,78,55,53,0,48,83,54,0,0,28,0,15,84,80,58,0,0,0,0,0,0,0,47,0,0,22,0,40,0
l15,0=0,0,0,0,0,0,40,13,26,64,49,96,92,33,42,0,55,56,0,0,16,0,30,31,47,0,0,0,0,0,0,0,0,0,0,0,33,0,44,0
l16,0=0,0,0,0,0,0,13,0,25,62,0,70,26,2,22,13,0,61,0,29,32,80,39,38,42,0,0,0,0,0,0,0,0,11,0,17,34,0,53,44
l17,0=0,0,0,0,0,0,0,0,22,74,0,88,71,25,24,19,63,0,0,0,34,49,32,0,47,28,0,0,0,0,0,0,0,68,0,0,48,13,0,0
l18,0=0,0,0,0,0,0,0,0,0,0,0,0,0,0,0,0,0,0,0,0,28,20,27,0,0,0,0,0,0,0,0,0,0,0,0,0,0,0,0,0
l19,0=0,0,0,0,0,0,0,0,2,0,0,17,0,3,0,0,53,0,0,0,58,16,89,0,0,0,4,0,0,3,0,0,0,0,0,0,41,0,11,72
l20,0=0,0,0,0,0,0,0,0,0,0,0,0,9,0,3,0,16,11,33,36,0,89,87,0,0,0,0,0,0,0,0,0,0,0,2,0,51,24,94,91
l21,0=0,0,0,0,0,0,0,0,43,0,0,8,9,40,0,0,86,42,17,20,77,0,87,0,0,0,5,0,0,0,0,17,0,0,0,55,58,2,85,66
l22,0=0,0,0,0,0,0,0,0,5,21,0,0,0,4,0,0,55,7,28,55,46,88,0,0,1,0,5,0,0,0,0,0,4,0,0,24,69,4,74,78
l23,0=0,0,0,0,0,0,0,0,22,0,0,0,66,48,77,4,51,0,0,0,0,0,0,0,84,31,0,0,0,0,0,0,2,51,72,0,0,0,0,0
l24,0=0,0,0,0,0,0,0,0,26,0,0,67,91,21,63,75,55,54,0,0,0,0,0,83,0,34,0,0,0,0,0,0,63,65,67,0,0,0,0,0
l25,0=0,0,0,0,0,0,0,0,8,0,0,0,83,18,81,0,0,49,0,0,0,0,0,45,81,0,19,1,0,0,0,53,66,55,79,0,0,0,0,0
l26,0=0,0,0,0,0,0,0,0,0,0,0,0,0,0,0,0,0,0,0,28,0,37,27,0,0,53,0,70,98,74,93,90,73,50,68,0,0,0,0,0
l27,0=0,0,0,0,0,0,0,0,0,0,0,0,0,0,0,0,0,0,0,0,0,0,0,0,0,0,75,0,98,79,99,85,75,64,79,0,0,0,0,0
l28,0=0,0,0,0,0,0,0,0,0,0,0,0,0,0,0,0,0,0,0,0,0,0,0,0,0,0,78,99,0,79,99,89,82,57,87,0,0,0,0,0
l29,0=0,0,0,0,0,0,0,0,0,0,0,0,0,0,0,0,0,0,0,43,0,0,0,0,0,0,77,99,98,0,99,70,67,49,65,0,0,0,0,0
l30,0=0,0,0,0,0,0,0,0,0,0,0,0,0,0,0,0,0,0,0,0,0,0,0,0,0,0,73,100,98,79,0,65,77,66,0,0,0,0,0,0
l31,0=0,0,0,0,0,0,0,0,0,0,0,0,0,0,0,0,0,0,0,0,1,17,0,0,0,42,73,51,86,57,42,0,87,70,91,0,0,0,0,0
l32,0=0,0,0,0,0,0,0,0,0,0,0,0,0,0,0,0,0,0,0,0,0,0,6,9,30,56,54,47,57,42,43,84,0,76,94,0,0,0,0,0
l33,0=0,0,0,0,0,0,0,0,0,0,0,0,52,0,19,0,66,51,0,0,0,0,0,42,63,58,50,47,61,39,37,75,81,0,79,0,0,0,0,0
l34,0=0,0,0,0,0,0,0,0,0,0,0,0,0,0,0,0,0,0,0,0,23,0,0,58,30,76,55,50,70,42,0,91,95,68,0,0,0,0,0,0
l35,0=0,0,0,0,0,0,0,0,0,0,0,0,0,0,0,0,2,0,0,0,0,25,3,0,0,0,0,0,0,0,0,0,0,0,0,0,43,75,93,25
l36,0=0,0,0,0,0,0,0,0,0,0,0,24,1,0,0,1,4,11,0,18,36,31,48,0,0,0,0,0,0,0,0,0,0,0,0,43,0,55,57,59
l37,0=0,0,0,0,0,0,0,0,0,0,0,0,0,0,0,0,0,1,0,0,35,5,5,0,0,0,0,0,0,0,0,0,0,0,0,47,55,0,1,60
l38,0=0,0,0,0,0,0,0,0,5,0,0,16,13,6,1,3,63,0,0,6,40,56,47,0,0,0,0,0,0,0,0,0,0,0,0,60,59,2,0,60
l39,0=0,0,0,0,0,0,0,0,0,0,0,0,0,0,0,0,18,0,0,24,38,26,41,0,0,0,0,0,0,0,0,0,0,0,0,41,50,54,69,0

l0,1=0,81,64,84,59,79,72,19,43,74,56,0,0,0,0,0,0,0,0,0,0,0,0,0,0,0,0,0,0,0,0,0,0,0,0,0,0,0,0,0
l1,1=82,0,82,78,85,84,2,35,66,73,74,0,0,35,0,0,0,0,0,0,0,0,0,0,0,0,0,0,0,0,0,0,0,0,0,0,0,0,0,0
l2,1=65,90,0,80,64,88,81,74,3,84,78,0,0,0,0,6,0,0,0,0,0,0,0,0,0,0,0,0,0,0,0,0,0,0,0,0,0,0,0,0
l3,1=94,81,80,0,83,80,60,68,0,0,64,0,0,0,0,0,0,0,0,0,0,0,0,0,0,0,0,0,0,0,0,0,0,0,0,0,0,0,0,0
l4,1=70,81,63,72,0,80,62,66,71,69,60,0,0,49,0,0,0,0,0,0,0,0,0,2,0,0,0,0,0,0,0,0,0,0,0,0,0,0,0,0
l5,1=69,82,85,70,79,0,69,79,72,78,72,0,0,6,0,0,0,0,0,0,0,0,0,0,0,0,0,0,0,0,0,0,0,0,0,0,0,0,0,0
l6,1=67,15,84,33,37,53,0,79,65,46,71,23,4,37,0,2,5,0,0,0,0,0,0,0,0,0,0,0,0,0,0,0,0,0,0,0,0,0,0,0
l7,1=16,23,61,41,63,70,75,0,75,74,78,12,1,23,0,6,0,0,0,0,0,0,0,0,0,0,0,0,0,0,0,0,0,0,0,0,0,0,0,0
l8,1=0,11,0,0,53,48,65,67,0,83,56,62,0,75,37,46,28,34,0,0,0,40,26,20,0,0,0,0,0,0,0,0,0,0,0,0,0,0,11,0
l9,1=25,42,61,0,47,71,53,72,88,0,78,42,23,77,17,40,19,38,0,0,0,11,9,0,0,0,0,0,0,0,0,0,0,0,0,0,0,0,0,0
l10,1=40,72,77,51,60,72,72,86,69,84,0,40,0,70,0,33,0,0,0,0,0,2,0,0,0,0,0,0,0,0,0,0,0,0,0,0,0,0,0,0
l11,1=0,0,0,0,0,0,12,12,28,25,36,0,72,75,42,70,30,63,0,5,0,2,0,0,44,0,0,0,0,0,0,0,0,0,0,40,57,0,37,0
l12,1=0,0,0,0,0,0,0,0,13,2,0,68,0,44,69,55,38,71,0,0,31,39,2,55,81,53,0,0,0,0,0,0,0,0,0,0,15,0,31,0
l13,1=0,0,0,0,10,0,40,0,61,42,55,68,53,0,38,30,30,52,0,5,17,38,18,31,12,10,0,0,0,0,0,0,0,0,0,0,0,0,35,0
l14,1=0,0,0,0,0,0,0,0,22,9,0,44,76,40,0,44,43,44,0,0,37,32,0,69,60,55,0,0,0,0,0,0,0,21,0,0,40,0,0,0
l15,1=0,0,1,0,0,0,0,0,28,12,13,80,75,18,29,0,26,56,0,0,7,0,15,12,66,0,0,0,0,0,0,0,0,0,0,0,52,0,0,0
l16,1=0,0,0,0,0,0,6,0,16,2,1,16,27,22,30,30,0,42,0,4,38,48,28,5,35,18,0,0,0,0,0,0,0,19,0,48,51,15,0,35
l17,1=0,0,0,0,0,0,0,0,23,5,0,45,86,33,34,55,48,0,0,0,30,23,20,15,43,11,0,0,0,0,0,0,0,40,0,0,59,3,25,0
l18,1=0,0,0,0,0,0,0,0,0,0,0,0,0,0,0,0,0,0,0,22,43,26,35,0,0,0,0,0,0,0,0,0,0,0,0,0,0,0,0,0
l19,1=0,0,0,0,0,0,0,0,0,0,0,2,0,11,0,0,5,0,6,0,53,24,48,0,0,0,20,0,0,0,0,0,0,0,0,0,34,13,12,41
l20,1=0,0,0,0,0,0,0,0,0,0,0,0,22,16,22,1,36,29,18,50,0,64,46,0,0,0,0,0,0,0,0,3,0,0,0,38,67,46,44,48
l21,1=0,0,0,0,0,0,0,0,29,4,0,0,11,24,9,0,33,12,8,14,67,0,47,0,2,0,13,0,0,0,0,3,0,0,0,59,50,15,41,45
l22,1=0,0,0,0,0,0,0,0,9,1,0,0,7,12,0,14,37,14,14,59,63,60,0,0,0,0,15,0,0,0,0,4,0,0,0,50,68,23,33,47
l23,1=0,0,0,0,0,0,0,0,23,0,0,0,47,39,60,30,20,41,0,0,0,0,0,0,71,42,0,0,0,0,0,0,0,0,62,0,0,0,0,0
l24,1=0,0,0,0,0,0,0,0,0,0,0,32,75,28,41,49,34,44,0,0,0,0,0,73,0,55,0,0,0,0,0,0,30,46,54,0,0,0,0,0
l25,1=0,0,0,0,0,0,0,0,0,0,0,0,59,28,62,0,34,30,0,0,0,0,0,54,65,0,51,0,29,0,0,37,0,59,58,0,0,0,0,0
l26,1=0,0,0,0,0,0,0,0,0,0,0,0,0,0,0,0,0,0,0,40,0,22,28,0,0,21,0,69,78,59,71,70,79,68,55,0,0,0,0,0
l27,1=0,0,0,0,0,0,0,0,0,0,0,0,0,0,0,0,0,0,0,0,0,0,0,0,0,0,72,0,76,67,90,61,75,57,65,0,0,0,0,0
l28,1=0,0,0,0,0,0,0,0,0,0,0,0,0,0,0,0,0,0,0,2,0,0,0,0,0,12,88,84,0,69,75,71,53,52,65,0,0,0,0,0
l29,1=0,0,0,0,0,0,0,0,0,0,0,0,0,0,0,0,0,0,0,0,0,0,0,0,0,1,83,85,78,0,75,63,59,42,56,0,0,0,0,0
l30,1=0,0,0,0,0,0,0,0,0,0,0,0,0,0,0,0,0,0,0,0,0,0,0,0,0,0,72,91,76,69,0,60,63,66,0,0,0,0,0,0
l31,1=0,0,0,0,0,0,0,0,0,0,0,0,0,0,0,0,0,0,0,8,26,12,22,0,0,24,78,48,66,35,41,0,78,64,76,0,0,0,0,0
l32,1=0,0,0,0,0,0,0,0,0,0,0,0,0,0,0,0,0,0,0,0,0,2,0,21,44,0,77,52,58,34,41,68,0,71,82,0,0,0,0,0
l33,1=0,0,0,0,0,0,0,0,0,0,0,0,0,0,17,0,30,46,0,0,0,0,0,1,51,37,72,51,64,33,52,65,74,0,64,0,0,0,0,0
l34,1=0,0,0,0,0,0,0,0,0,0,0,0,0,0,0,0,0,0,0,0,9,0,0,46,47,27,65,54,65,33,0,66,85,56,0,0,0,0,0,0
l35,1=0,0,0,0,0,0,0,0,0,0,0,1,0,0,0,0,25,0,0,0,9,43,26,0,0,0,0,0,0,0,0,0,0,0,0,0,70,54,46,25
l36,1=0,0,0,0,0,0,0,0,0,0,0,7,1,0,0,16,28,17,0,15,48,21,35,0,0,0,0,0,0,0,0,0,0,0,0,63,0,45,55,45
l37,1=0,0,0,0,0,0,0,0,0,0,0,0,0,0,0,0,5,0,0,4,42,0,9,0,0,0,0,0,0,0,0,0,0,0,0,61,67,0,43,49
l38,1=0,0,0,0,0,0,0,0,1,0,0,7,18,17,0,0,1,2,0,5,50,50,25,0,0,0,0,0,0,0,0,0,0,0,0,67,76,46,0,48
l39,1=0,0,0,0,0,0,0,0,0,0,0,0,0,0,0,0,16,0,0,24,51,52,44,0,0,0,0,0,0,0,0,0,0,0,0,26,64,49,42,0

l0,2=0,75,70,79,73,57,74,37,34,62,62,0,0,0,0,0,0,0,0,0,0,0,0,0,0,0,0,0,0,0,0,0,0,0,0,0,0,0,0,0
l1,2=68,0,75,81,78,82,58,51,41,64,83,0,0,0,0,0,0,0,0,0,0,0,0,0,0,0,0,0,0,0,0,0,0,0,0,0,0,0,0,0
l2,2=73,82,0,84,74,77,84,69,18,75,85,0,0,0,0,6,0,0,0,0,0,0,0,0,0,0,0,0,0,0,0,0,0,0,0,0,0,0,0,0
l3,2=73,82,72,0,68,60,66,12,15,46,41,0,0,0,0,0,0,0,0,0,0,0,0,0,0,0,0,0,0,0,0,0,0,0,0,0,0,0,0,0
l4,2=67,75,69,73,0,69,71,52,0,64,28,0,0,0,0,0,0,0,0,0,0,0,0,25,0,0,0,0,0,0,0,0,0,0,0,0,0,0,0,0
l5,2=57,77,79,66,74,0,69,57,60,63,78,0,0,45,0,0,0,0,0,0,0,0,0,0,0,0,0,0,0,0,0,0,0,0,0,0,0,0,0,0
l6,2=56,41,83,49,61,55,0,53,35,56,78,24,35,33,0,17,0,0,0,0,0,0,0,0,0,0,0,0,0,0,0,0,0,0,0,0,0,0,0,0
l7,2=38,56,63,23,58,66,66,0,67,63,88,15,0,48,0,33,0,0,0,0,0,0,0,0,0,0,0,0,0,0,0,0,0,0,0,0,0,0,0,0
l8,2=0,16,1,2,0,29,39,50,0,76,68,51,7,66,0,42,42,50,0,0,0,32,41,0,17,21,0,0,0,0,0,0,0,0,0,0,0,0,1,0
l9,2=40,50,78,20,61,46,62,64,76,0,88,33,38,65,0,38,10,20,0,0,1,7,0,0,0,0,0,0,0,0,0,0,0,0,0,0,0,0,0,0
l10,2=28,74,66,19,16,58,75,73,69,72,0,32,0,63,0,21,0,14,0,0,0,0,0,0,0,0,0,0,0,0,0,0,0,0,0,0,0,0,0,0
l11,2=0,0,0,0,0,0,32,8,27,33,30,0,73,67,44,54,38,89,0,30,22,25,30,33,11,0,0,0,0,0,0,0,0,0,0,13,38,0,31,0
l12,2=0,0,0,0,0,0,36,0,11,43,0,65,0,54,62,47,46,93,0,0,0,27,12,71,83,75,0,0,0,0,0,0,0,0,0,0,1,0,9,0
l13,2=0,0,0,0,0,8,1,24,70,65,51,67,53,0,32,41,45,57,0,33,18,26,47,33,30,8,0,0,0,0,0,0,0,0,0,0,0,0,35,0
l14,2=0,0,0,0,0,0,0,0,5,0,0,64,77,50,0,35,47,59,0,0,23,0,0,68,67,62,0,0,0,0,0,0,0,21,0,0,0,0,33,0
l15,2=0,0,0,0,0,0,29,29,64,45,29,82,74,54,32,0,21,66,0,1,26,0,0,0,60,0,0,0,0,0,0,0,0,0,0,0,23,0,32,11
l16,2=0,0,0,0,0,0,0,0,26,2,0,41,60,48,39,10,0,78,0,36,32,30,59,0,30,37,0,0,0,0,0,0,0,14,0,27,41,40,37,17
l17,2=0,0,0,0,0,0,0,0,26,14,1,78,77,50,37,49,55,0,0,0,8,28,43,31,42,0,0,0,0,0,0,0,0,17,0,9,39,0,34,0
l18,2=0,0,0,0,0,0,0,0,0,0,0,0,0,0,0,0,0,0,0,9,4,19,32,0,0,0,0,0,0,0,0,0,0,0,0,0,0,0,0,0
l19,2=0,0,0,0,0,0,0,0,0,0,0,2,0,17,0,0,12,0,10,0,40,0,67,0,0,0,21,0,0,0,0,3,0,0,0,1,13,11,25,14
l20,2=0,0,0,0,0,0,0,0,0,0,0,7,0,16,7,15,42,0,10,60,0,43,66,0,0,0,0,0,0,0,0,2,0,0,0,24,46,53,48,23
l21,2=0,0,0,0,0,0,0,0,26,5,0,15,21,42,0,0,45,13,20,0,54,0,71,0,0,0,0,0,0,0,0,0,0,3,0,37,47,14,52,27
l22,2=0,0,0,0,0,0,0,0,9,0,0,4,7,17,0,0,41,9,16,63,47,41,0,0,0,0,0,0,0,11,0,0,0,0,0,39,45,51,17,24
l23,2=0,0,0,0,0,0,0,0,0,0,0,56,67,53,54,0,0,56,0,0,0,0,0,0,75,69,0,0,0,0,0,0,0,0,46,0,0,0,0,0
l24,2=0,0,0,0,0,0,0,0,30,0,0,1,72,54,46,45,46,73,0,0,2,0,0,74,0,75,0,0,0,0,0,0,21,21,35,0,35,0,13,0
l25,2=0,0,0,0,0,0,0,0,30,0,0,0,67,39,47,1,46,0,0,0,0,0,0,61,68,0,51,0,0,0,0,43,57,41,54,0,0,0,0,0
l26,2=0,0,0,0,0,0,0,0,0,0,0,0,0,0,0,0,0,0,0,42,0,0,2,0,0,34,0,0,62,67,72,60,74,44,55,0,0,0,0,0
l27,2=0,0,0,0,0,0,0,0,0,0,0,0,0,0,0,0,0,0,0,0,0,0,0,0,0,0,0,0,56,64,85,57,71,27,67,0,0,0,0,0
l28,2=0,0,0,0,0,0,0,0,0,0,0,0,0,0,0,0,0,0,0,0,0,0,0,0,0,0,85,83,0,74,74,55,58,34,51,0,0,0,0,0
l29,2=0,0,0,0,0,0,0,0,0,0,0,0,0,0,0,0,0,0,0,1,0,0,39,0,0,0,79,80,62,0,74,50,61,0,15,0,0,0,0,0
l30,2=0,0,0,0,0,0,0,0,0,0,0,0,0,0,0,0,0,0,0,0,0,0,0,0,0,0,72,90,57,61,0,44,62,33,39,0,0,0,0,0
l31,2=0,0,0,0,0,0,0,0,0,0,0,0,0,0,0,0,0,0,0,35,17,0,28,6,0,38,79,43,53,50,38,0,78,46,70,0,0,0,0,0
l32,2=0,0,0,0,0,0,0,0,0,0,0,0,0,0,0,0,0,0,0,0,0,0,0,0,10,39,71,39,41,49,41,59,0,47,78,0,0,0,0,0
l33,2=0,0,0,0,0,0,0,0,0,0,0,0,0,0,34,0,43,48,0,0,0,25,0,0,22,54,66,41,53,0,47,55,70,0,62,0,0,0,0,0
l34,2=0,0,0,0,0,0,0,0,0,0,0,0,0,0,0,0,17,0,0,0,28,0,0,34,27,42,65,42,49,37,40,58,82,56,0,0,0,0,0,0
l35,2=0,0,0,0,0,0,0,0,0,0,0,0,0,0,0,0,7,0,0,0,7,13,44,0,0,0,0,0,0,0,0,0,0,0,0,0,56,63,54,9
l36,2=0,0,0,0,0,0,0,0,0,0,0,19,3,0,0,0,32,21,0,17,39,32,55,0,3,0,0,0,0,0,0,0,0,0,0,47,0,67,57,22
l37,2=0,0,0,0,0,0,0,0,0,0,0,0,0,0,0,0,3,0,0,1,29,5,42,0,0,0,0,0,0,0,0,0,0,0,0,45,58,0,57,28
l38,2=0,0,0,0,0,0,0,0,0,0,0,4,4,36,3,4,34,10,0,9,40,33,7,0,0,0,0,0,0,0,0,0,0,0,0,48,62,61,0,26
l39,2=0,0,0,0,0,0,0,0,0,0,0,0,0,0,0,0,13,0,0,14,23,12,51,0,0,0,0,0,0,0,0,0,0,0,0,13,27,40,45,0

l0,3=0,84,85,74,77,77,84,34,0,65,0,0,0,0,0,0,0,0,0,0,0,0,0,0,0,0,0,0,0,0,0,0,0,0,0,0,0,0,0,0
l1,3=73,0,76,81,83,79,83,19,69,63,62,0,0,0,0,0,0,0,0,0,0,0,0,0,0,0,0,0,0,0,0,0,0,0,0,0,0,0,0,0
l2,3=78,82,0,81,82,80,91,76,68,78,81,0,0,39,0,0,0,0,0,0,0,0,0,0,0,0,0,0,0,0,0,0,0,0,0,0,0,0,0,0
l3,3=77,87,84,0,82,74,83,0,0,26,65,0,0,0,0,0,0,0,0,0,0,0,0,0,0,0,0,0,0,0,0,0,0,0,0,0,0,0,0,0
l4,3=74,88,87,77,0,75,45,25,0,21,26,0,0,9,0,0,0,0,0,0,0,0,0,0,0,0,0,0,0,0,0,0,0,0,0,0,0,0,0,0
l5,3=77,88,95,72,80,0,84,74,45,67,76,16,0,68,7,0,0,0,0,0,0,0,0,0,0,0,0,0,0,0,0,0,0,0,0,0,0,0,0,0
l6,3=72,69,95,75,70,72,0,80,75,82,89,42,27,22,0,19,26,0,0,0,0,0,0,0,0,0,0,0,0,0,0,0,0,0,0,0,0,0,0,0
l7,3=43,73,91,0,37,77,86,0,81,85,88,0,0,71,0,66,18,0,0,0,0,0,0,0,0,0,0,0,0,0,0,0,0,0,0,0,0,0,0,0
l8,3=0,35,39,0,0,19,42,84,0,88,76,31,5,80,0,81,16,19,0,0,0,20,15,0,16,0,0,0,0,0,0,0,0,0,0,0,0,0,9,0
l9,3=31,40,45,20,32,31,44,70,87,0,88,23,16,81,13,38,0,0,0,0,12,2,0,0,0,0,0,0,0,0,0,0,0,0,0,0,0,0,0,0
l10,3=0,50,90,29,28,76,87,85,81,90,0,21,3,79,13,11,0,0,0,0,0,0,0,0,5,0,0,0,0,0,0,0,0,0,0,0,0,0,3,0
l11,3=0,0,0,0,0,10,74,0,74,62,65,0,80,83,42,91,35,53,0,11,23,30,36,41,34,3,0,0,0,0,0,0,0,0,0,0,38,0,40,0
l12,3=0,0,0,0,0,0,40,0,25,26,0,96,0,31,90,91,16,96,0,11,0,13,7,80,94,85,0,0,0,0,0,0,0,0,0,9,0,0,15,0
l13,3=0,0,28,0,0,22,25,30,87,87,73,87,67,0,0,73,15,73,4,6,19,9,19,51,13,18,0,0,0,0,0,0,0,0,0,0,0,0,21,0
l14,3=0,0,0,0,0,2,0,0,0,25,29,91,84,0,0,14,16,15,0,0,15,0,0,94,54,36,0,0,0,0,0,0,0,14,0,0,0,0,16,0
l15,3=0,0,0,0,0,0,37,30,80,70,31,96,79,60,23,0,35,42,0,10,27,6,0,19,49,0,0,0,0,0,0,0,0,0,0,0,13,0,15,14
l16,3=0,0,0,0,0,0,33,1,32,0,0,24,17,19,24,15,0,46,4,0,34,17,41,10,18,9,0,0,0,0,0,0,0,8,0,0,23,16,17,15
l17,3=0,0,0,0,0,0,0,0,66,0,0,75,84,40,25,41,46,0,0,0,25,17,17,33,45,0,0,0,0,0,0,0,0,11,0,1,36,9,24,22
l18,3=0,0,0,0,0,0,0,0,0,0,0,0,0,14,0,0,3,0,0,22,10,8,2,0,0,0,0,0,0,0,0,0,0,0,0,0,0,0,0,0
l19,3=0,0,0,0,0,0,0,0,0,0,0,1,2,10,0,4,0,0,15,0,46,42,90,0,0,0,0,0,0,6,0,10,0,0,0,1,10,4,5,5
l20,3=0,0,0,0,0,0,0,0,0,18,0,17,0,30,6,31,42,18,12,40,0,47,52,0,13,0,0,0,0,0,0,0,0,0,0,6,39,38,41,45
l21,3=0,0,0,0,0,0,0,0,76,20,0,40,23,14,0,8,39,22,19,40,49,0,49,0,0,0,0,0,0,0,0,0,0,12,0,30,47,29,34,16
l22,3=0,0,0,0,0,0,0,0,36,0,0,29,2,26,0,0,41,14,10,49,54,46,0,0,0,0,8,0,0,6,0,0,0,0,0,41,29,28,33,44
l23,3=0,0,0,0,0,0,0,0,0,0,0,34,71,44,86,14,6,12,0,0,0,0,0,0,89,78,0,0,0,0,0,0,0,3,0,0,0,0,0,0
l24,3=0,0,0,0,0,0,0,0,33,0,0,40,80,22,71,67,37,44,0,0,17,0,0,92,0,77,0,0,0,0,0,0,0,22,0,0,19,0,14,0
l25,3=0,0,0,0,0,0,0,0,0,0,0,11,72,20,84,0,10,0,0,0,0,0,0,87,84,0,7,0,0,3,0,15,27,85,63,0,0,0,0,0
l26,3=0,0,0,0,0,0,0,0,0,0,0,0,0,0,0,0,0,0,0,0,0,0,29,0,0,19,0,28,93,96,94,93,65,16,51,0,0,0,0,0
l27,3=0,0,0,0,0,0,0,0,0,0,0,0,0,0,0,0,0,0,0,0,0,0,0,0,0,0,79,0,89,93,100,84,73,4,6,0,0,0,0,0
l28,3=0,0,0,0,0,0,0,0,0,0,0,0,0,0,0,0,0,0,0,0,0,0,0,0,0,0,92,100,0,97,91,84,49,78,42,0,0,0,0,0
l29,3=0,0,0,0,0,0,0,0,0,0,0,0,0,0,0,0,0,0,0,22,1,0,31,0,0,3,92,99,93,0,87,65,56,22,41,0,0,0,0,0
l30,3=0,0,0,0,0,0,0,0,0,0,0,0,0,0,0,0,0,0,0,0,0,0,0,0,0,0,84,100,81,89,0,46,68,24,0,0,0,0,0,0
l31,3=0,0,0,0,0,0,0,0,0,0,0,0,0,0,0,0,0,0,0,29,0,0,0,10,0,46,89,53,77,60,40,0,93,90,90,0,0,0,0,0
l32,3=0,0,0,0,0,0,0,0,0,0,0,0,0,0,0,0,0,0,0,0,0,0,0,0,0,68,73,38,76,69,81,97,0,93,97,0,0,0,0,0
l33,3=0,0,0,0,0,0,0,0,0,0,0,0,0,0,35,0,32,0,0,0,0,19,0,19,39,85,30,0,69,35,32,88,84,0,91,0,0,0,0,0
l34,3=0,0,0,0,0,0,0,0,0,0,0,0,0,0,0,0,0,0,0,0,14,0,0,15,0,53,61,8,48,46,27,91,93,95,0,0,0,0,0,0
l35,3=0,0,0,0,0,0,0,0,0,0,0,0,0,0,0,0,2,0,0,0,0,1,26,0,0,0,0,0,0,0,0,0,0,0,0,0,46,37,36,38
l36,3=0,0,0,0,0,0,0,0,0,0,0,34,0,0,0,0,33,30,0,12,31,32,30,0,1,0,0,0,0,0,0,0,0,0,0,46,0,39,35,41
l37,3=0,0,0,0,0,0,0,0,0,0,0,0,0,0,0,0,23,0,0,0,38,7,34,0,0,0,0,0,0,0,0,0,0,0,0,46,46,0,32,42
l38,3=0,0,0,0,0,0,0,0,2,0,0,45,22,31,36,16,36,21,0,5,42,37,42,0,1,0,0,0,0,0,0,0,0,0,0,47,48,34,0,36
l39,3=0,0,0,0,0,0,0,0,0,0,0,0,0,0,0,1,12,2,0,6,40,0,38,0,0,0,0,0,0,0,0,0,0,0,0,40,42,36,18,0

l0,4=0,90,87,90,82,92,91,78,59,86,0,0,0,0,0,0,0,0,0,0,0,0,0,0,0,0,0,0,0,0,0,0,0,0,0,0,0,0,0,0
l1,4=77,0,82,87,90,92,85,87,71,90,76,0,0,10,0,0,0,0,0,0,0,0,0,0,0,0,0,0,0,0,0,0,0,0,0,0,0,0,0,0
l2,4=72,88,0,87,87,93,89,89,71,88,90,0,0,74,0,0,0,0,0,0,0,0,0,0,0,0,0,0,0,0,0,0,0,0,0,0,0,0,0,0
l3,4=90,93,88,0,89,92,88,0,0,0,71,0,0,0,0,0,0,0,0,0,0,0,0,0,0,0,0,0,0,0,0,0,0,0,0,0,0,0,0,0
l4,4=55,89,82,83,0,79,78,86,70,84,0,0,0,0,0,0,0,0,0,0,0,0,0,0,0,0,0,0,0,0,0,0,0,0,0,0,0,0,0,0
l5,4=73,89,90,83,83,0,85,89,1,90,88,0,0,76,0,72,0,0,0,0,0,0,0,32,0,0,0,0,0,0,0,0,0,0,0,0,0,0,0,0
l6,4=51,85,88,72,62,73,0,93,71,90,90,82,76,0,0,79,64,0,0,0,0,0,0,0,0,0,0,0,0,0,0,0,0,0,0,0,0,0,0,0
l7,4=33,77,84,0,82,91,89,0,80,93,90,80,3,61,0,80,25,0,0,0,0,0,0,0,0,0,0,0,0,0,0,0,0,0,0,0,0,0,0,0
l8,4=5,49,33,0,61,0,74,87,0,94,82,84,84,81,51,86,67,64,0,0,73,88,59,0,33,0,0,0,0,0,0,0,0,0,0,0,0,0,0,0
l9,4=51,83,48,0,58,78,81,87,81,0,93,82,0,80,0,68,0,63,0,0,77,0,64,0,0,0,0,0,0,0,0,0,0,0,0,0,0,0,0,0
l10,4=0,64,83,52,0,80,89,93,73,93,0,84,85,77,64,84,0,51,0,0,0,0,0,68,0,0,0,0,0,0,0,0,0,0,0,0,0,0,0,0
l11,4=0,0,0,0,0,0,75,77,73,87,82,0,87,78,74,93,69,68,0,0,3,80,52,80,61,68,0,0,0,0,0,0,0,0,0,0,46,1,47,0
l12,4=0,0,0,0,0,0,19,0,70,0,76,90,0,81,80,89,75,82,0,27,82,0,0,88,84,86,0,0,0,0,0,0,45,14,0,0,32,0,43,0
l13,4=0,0,31,0,0,71,0,0,77,88,79,86,85,0,67,86,61,67,0,4,80,74,59,76,49,70,0,0,0,0,0,0,0,0,0,0,0,0,18,0
l14,4=0,0,0,0,0,0,0,0,56,0,78,91,93,66,0,0,72,51,0,0,84,3,0,89,93,87,0,0,0,0,0,20,0,83,24,0,1,0,46,0
l15,4=0,0,0,0,0,54,69,82,73,82,78,94,86,81,0,0,60,53,0,2,81,81,59,76,68,53,0,0,0,0,0,0,0,0,0,0,45,1,44,0
l16,4=0,0,0,0,0,0,54,0,58,0,0,84,88,62,74,76,0,83,36,78,85,87,63,53,65,72,0,0,0,0,0,0,0,2,1,48,37,21,49,27
l17,4=0,0,0,0,0,0,0,0,65,85,63,90,93,81,67,80,84,0,0,0,83,79,61,0,80,42,0,0,0,0,0,0,0,0,0,44,81,0,20,30
l18,4=0,0,0,0,0,0,0,0,0,0,0,0,0,0,0,0,40,0,0,87,1,85,78,0,0,0,0,0,0,0,0,0,0,0,0,0,0,0,0,0
l19,4=0,0,0,0,0,0,0,0,0,0,0,0,39,4,0,0,65,0,54,0,92,89,93,0,0,0,0,0,44,22,0,0,0,0,0,0,39,0,20,29
l20,4=0,0,0,0,0,0,0,0,25,33,0,0,53,40,31,57,73,59,6,91,0,90,93,0,55,0,0,0,14,0,0,0,33,0,8,38,42,25,28,30
l21,4=0,0,0,0,0,0,0,0,51,0,0,67,0,26,1,50,75,37,61,91,88,0,92,0,32,0,0,0,0,0,0,0,0,9,0,1,46,26,22,31
l22,4=0,0,0,0,0,0,0,0,36,50,0,62,0,36,0,39,75,37,48,98,95,89,0,0,0,0,57,0,0,24,4,0,0,48,0,44,48,31,28,28
l23,4=0,0,0,0,0,0,0,0,0,0,0,79,88,79,85,67,43,0,0,0,0,0,0,0,92,90,0,0,0,0,0,0,0,75,81,0,0,0,0,0
l24,4=0,0,0,0,0,0,0,0,37,0,0,75,92,65,83,89,63,71,0,0,84,15,0,94,0,86,0,0,0,0,0,0,0,84,36,0,0,0,0,0
l25,4=0,0,0,0,0,0,0,0,0,0,0,41,93,45,85,20,56,28,0,0,0,0,0,95,92,0,0,0,0,63,0,72,71,90,87,0,0,0,0,0
l26,4=0,0,0,0,0,0,0,0,0,0,0,0,0,0,0,0,0,0,0,0,0,0,75,0,0,0,0,78,99,99,100,99,98,81,93,0,0,0,0,0
l27,4=0,0,0,0,0,0,0,0,0,0,0,0,0,0,0,0,0,0,0,0,0,0,0,0,0,0,96,0,97,95,100,92,80,0,74,0,0,0,0,0
l28,4=0,0,0,0,0,0,0,0,0,0,0,0,0,0,0,0,0,0,0,33,45,0,0,0,0,0,100,100,0,99,93,89,93,92,88,0,0,0,0,0
l29,4=0,0,0,0,0,0,0,0,0,0,0,0,0,0,0,0,0,0,0,26,0,0,12,0,0,33,100,100,99,0,100,73,89,89,87,0,0,0,0,0
l30,4=0,0,0,0,0,0,0,0,0,0,0,0,0,0,0,0,0,0,0,0,0,0,0,0,0,0,100,100,93,98,0,93,89,84,0,0,0,0,0,0
l31,4=0,0,0,0,0,0,0,0,0,0,0,0,0,0,2,0,0,0,0,0,0,0,0,0,0,31,100,40,38,39,77,0,100,99,99,0,0,0,0,0
l32,4=0,0,0,0,0,0,0,0,0,0,0,0,82,0,0,0,0,0,0,0,78,0,0,0,0,94,97,86,95,87,93,100,0,100,100,0,0,0,0,0
l33,4=0,0,0,0,0,0,0,0,0,0,0,0,28,0,24,0,0,0,0,0,0,0,17,35,30,93,29,0,39,36,38,99,100,0,99,0,0,0,0,0
l34,4=0,0,0,0,0,0,0,0,0,0,0,0,0,0,20,0,8,0,0,0,41,0,0,84,27,93,98,39,96,89,0,100,100,100,0,0,0,0,0,0
l35,4=0,0,0,0,0,0,0,0,0,0,0,0,0,0,0,0,45,20,0,1,58,33,46,0,0,0,0,0,0,0,0,0,0,0,0,0,46,32,25,31
l36,4=0,0,0,0,0,0,0,0,0,0,0,52,43,0,0,32,44,52,0,54,71,70,69,0,0,0,0,0,0,0,0,0,0,0,0,48,0,70,50,30
l37,4=0,0,0,0,0,0,0,0,0,0,0,0,0,0,0,0,17,0,0,0,74,63,64,0,0,0,0,0,0,0,0,0,0,0,0,48,66,0,32,29
l38,4=0,0,0,0,0,0,0,0,0,0,0,77,70,4,33,56,74,23,0,68,88,73,75,0,0,0,0,0,0,0,0,0,0,0,0,50,48,34,0,30
l39,4=0,0,0,0,0,0,0,0,0,0,0,0,0,0,0,0,42,41,0,54,75,73,57,0,0,0,0,0,0,0,0,0,0,0,0,40,38,28,23,0

l0,5=0,73,80,79,76,84,84,72,0,69,79,0,0,0,0,0,0,0,0,0,0,0,0,0,0,0,0,0,0,0,0,0,0,0,0,0,0,0,0,0
l1,5=88,0,89,79,90,91,90,72,0,69,81,0,0,0,0,0,0,0,0,0,0,0,0,73,0,0,0,0,0,0,0,0,0,0,0,0,0,0,0,0
l2,5=79,77,0,69,84,88,88,16,20,70,81,0,0,0,0,0,0,0,0,0,0,0,0,0,0,0,0,0,0,0,0,0,0,0,0,0,0,0,0,0
l3,5=91,81,88,0,90,90,74,0,0,28,67,0,0,0,0,0,0,0,0,0,0,0,0,0,0,0,0,0,0,0,0,0,0,0,0,0,0,0,0,0
l4,5=18,80,84,79,0,86,78,75,78,47,83,0,0,6,0,1,0,0,0,0,0,0,0,0,0,0,0,0,0,0,0,0,0,0,0,0,0,0,0,0
l5,5=78,78,84,69,83,0,83,72,59,69,81,55,0,36,0,0,0,0,0,0,0,0,0,0,0,0,0,0,0,0,0,0,0,0,0,0,0,0,0,0
l6,5=78,72,82,55,78,84,0,84,68,72,85,76,0,0,0,0,56,0,0,3,0,0,0,0,0,0,0,0,0,0,0,0,0,0,0,0,0,0,0,0
l7,5=77,69,19,0,83,84,83,0,83,69,89,85,0,0,0,42,0,0,0,0,0,0,0,0,0,0,0,0,0,0,0,0,0,0,0,0,0,0,0,0
l8,5=0,0,0,0,54,22,62,37,0,73,82,85,0,71,7,33,63,59,0,0,2,16,22,23,66,0,0,0,0,0,0,0,0,0,0,0,0,0,0,0
l9,5=74,62,78,24,42,83,82,42,86,0,85,83,0,70,0,38,55,63,0,0,14,0,40,0,48,0,0,0,0,0,0,0,0,0,0,0,0,0,20,0
l10,5=68,62,78,51,81,84,83,77,83,77,0,84,19,53,23,35,0,49,0,0,0,0,0,0,0,0,0,0,0,0,0,0,0,0,0,0,0,0,0,0
l11,5=0,0,0,0,0,7,32,15,33,30,62,0,36,22,32,67,64,64,0,0,4,12,5,52,61,24,0,0,0,0,0,0,0,0,0,0,60,35,25,0
l12,5=0,0,0,0,0,0,0,0,0,0,0,87,0,16,53,32,73,87,0,0,11,0,1,64,72,78,0,0,0,0,0,0,11,26,0,2,45,0,16,0
l13,5=0,0,0,0,0,7,0,0,84,69,47,82,27,0,20,43,63,63,0,17,16,0,22,64,0,30,0,0,0,0,0,0,0,0,0,12,0,0,0,0
l14,5=0,0,0,0,0,0,0,0,18,0,39,86,75,18,0,30,62,51,0,0,17,0,15,84,80,76,0,0,0,0,0,4,0,54,0,0,0,0,25,0
l15,5=0,0,0,0,7,0,0,17,25,14,28,90,31,72,8,0,34,60,0,0,14,15,18,55,74,29,0,0,0,0,0,0,0,0,0,0,51,0,30,10
l16,5=0,0,0,0,0,0,12,0,13,4,0,64,27,8,3,8,0,65,0,23,17,16,24,0,51,26,0,0,0,0,0,0,0,2,9,37,2,31,29,13
l17,5=0,0,0,0,0,0,0,0,26,21,20,87,75,21,21,46,77,0,0,5,21,12,12,0,71,31,0,0,0,0,0,0,0,0,0,19,68,34,0,7
l18,5=0,0,0,0,0,0,0,0,0,0,0,0,0,0,0,0,0,0,0,3,0,45,39,0,0,0,0,0,0,0,0,0,0,0,0,0,0,0,0,0
l19,5=0,0,0,0,0,0,0,0,0,0,0,0,0,2,0,0,18,0,2,0,60,49,67,0,0,0,19,0,30,27,0,0,0,0,0,44,58,1,0,23
l20,5=0,0,0,0,0,0,0,0,0,1,0,0,4,2,1,1,18,26,0,50,0,50,67,0,21,0,13,0,2,0,0,0,11,0,9,33,61,43,33,14
l21,5=0,0,0,0,0,0,0,0,4,0,0,17,0,0,0,7,22,12,21,43,61,0,64,0,17,0,0,0,0,0,0,0,1,0,0,43,60,31,25,25
l22,5=0,0,0,0,0,0,0,0,4,4,0,2,1,7,0,9,22,10,21,51,68,45,0,0,0,0,28,0,0,0,0,0,0,0,0,32,69,36,36,1
l23,5=0,1,0,0,0,0,0,0,16,0,0,52,65,44,47,29,0,0,0,0,0,0,0,0,79,77,0,0,0,0,0,0,0,57,55,0,0,0,0,0
l24,5=0,0,0,0,0,0,0,0,20,10,0,53,74,0,59,43,60,66,0,0,16,12,0,84,0,74,0,0,0,0,0,0,0,51,30,0,2,0,0,0
l25,5=0,0,0,0,0,0,0,0,0,0,0,45,66,10,46,28,50,46,0,0,0,0,0,82,69,0,0,0,0,43,0,0,48,66,57,0,0,0,0,0
l26,5=0,0,0,0,0,0,0,0,0,0,0,0,0,0,0,0,0,0,0,18,32,0,39,0,0,0,0,47,87,84,65,84,71,50,56,0,0,0,0,0
l27,5=0,0,0,0,0,0,0,0,0,0,0,0,0,0,0,0,0,0,0,0,0,0,0,0,0,0,79,0,87,81,88,70,66,0,0,0,0,0,0,0
l28,5=0,0,0,0,0,0,0,0,0,0,0,0,0,0,0,0,0,0,0,34,37,0,0,0,0,0,83,84,0,85,87,62,66,62,53,0,0,0,0,0
l29,5=0,0,0,0,0,0,0,0,0,0,0,0,0,0,0,0,0,0,0,33,0,0,0,0,0,33,83,80,87,0,82,54,61,51,46,0,0,0,0,0
l30,5=0,0,0,0,0,0,0,0,0,0,0,0,0,0,0,0,0,0,0,0,0,0,0,0,0,0,81,85,85,83,0,67,7,61,0,0,0,0,0,0
l31,5=0,0,0,0,0,0,0,0,0,0,0,0,0,0,1,0,4,0,0,0,0,0,0,0,0,0,74,43,63,50,39,0,77,69,68,0,0,0,0,0
l32,5=0,0,0,0,0,0,0,0,0,0,0,0,34,0,0,0,0,0,0,0,31,0,0,0,0,66,73,52,71,60,26,87,0,69,83,0,0,0,0,0
l33,5=0,0,0,0,0,0,0,0,0,0,0,0,21,0,22,0,9,0,0,0,0,0,0,68,62,66,63,0,67,60,47,65,63,0,69,0,0,0,0,0
l34,5=0,0,0,0,0,0,0,0,0,0,0,0,3,0,2,0,45,0,0,0,37,0,0,66,52,59,64,0,66,58,0,86,80,79,0,0,0,0,0,0
l35,5=0,0,0,0,0,0,0,0,0,0,0,0,0,0,0,0,7,1,0,14,4,10,7,0,0,0,0,0,0,0,0,0,0,0,0,0,65,39,10,18
l36,5=0,0,0,0,0,0,0,0,0,0,0,21,1,0,0,0,4,19,0,23,12,11,16,0,0,0,0,0,0,0,0,0,0,0,0,39,0,45,20,17
l37,5=0,0,0,0,0,0,0,0,0,0,0,2,0,0,0,0,2,0,0,0,23,10,13,0,0,0,0,0,0,0,0,0,0,0,0,50,68,0,20,14
l38,5=0,0,0,0,0,0,0,0,0,1,0,25,4,0,1,10,25,0,0,5,28,14,35,0,0,0,0,0,0,0,0,0,0,0,0,40,70,49,0,30
l39,5=0,0,0,0,0,0,0,0,0,0,0,0,0,0,0,0,9,0,0,25,7,12,0,0,0,0,0,0,0,0,0,0,0,0,0,41,67,29,30,0

l0,6=0,96,89,86,84,91,74,29,0,41,80,0,0,0,0,0,0,0,0,0,0,0,0,0,0,0,0,0,0,0,0,0,0,0,0,0,0,0,0,0
l1,6=88,0,93,85,89,91,76,26,0,77,38,0,0,0,0,0,0,0,0,0,0,0,0,40,0,0,0,0,0,0,0,0,0,0,0,0,0,0,0,0
l2,6=88,95,0,86,87,84,76,52,1,81,78,0,0,0,0,0,0,0,0,0,0,0,0,0,0,0,0,0,0,0,0,0,0,0,0,0,0,0,0,0
l3,6=89,92,90,0,89,86,71,0,0,62,0,0,0,0,0,0,0,0,0,0,0,0,0,0,0,0,0,0,0,0,0,0,0,0,0,0,0,0,0,0
l4,6=87,96,88,92,0,79,67,52,50,6,66,0,0,14,0,0,0,0,0,0,0,0,0,12,0,0,0,0,0,0,0,0,0,0,0,0,0,0,0,0
l5,6=86,89,85,83,78,0,73,72,63,80,79,0,0,10,0,0,0,0,0,0,0,0,0,0,0,0,0,0,0,0,0,0,0,0,0,0,0,0,0,0
l6,6=68,73,68,61,56,62,0,72,54,80,79,41,0,2,0,0,25,0,0,0,0,0,0,0,0,0,0,0,0,0,0,0,0,0,0,0,0,0,0,0
l7,6=44,18,57,0,48,83,73,0,69,75,80,45,0,0,0,59,0,0,0,0,0,0,0,0,0,0,0,0,0,0,0,0,0,0,0,0,0,0,0,0
l8,6=0,0,0,0,24,47,51,57,0,80,75,58,39,69,5,35,25,62,0,0,30,26,21,0,28,0,0,0,0,0,0,0,0,0,0,0,0,0,0,0
l9,6=9,30,62,46,2,67,67,57,74,0,80,41,36,63,25,50,13,23,0,0,0,0,27,1,0,0,0,0,0,0,0,0,0,0,0,0,0,0,4,0
l10,6=54,18,58,0,29,61,73,72,74,82,0,49,0,21,0,35,22,0,0,0,0,0,0,0,0,0,0,0,0,0,0,0,0,0,0,0,0,0,0,0
l11,6=0,0,0,0,0,0,26,11,31,29,42,0,50,17,26,67,21,50,0,0,0,0,0,0,32,4,0,0,0,0,0,0,0,0,0,0,14,0,10,0
l12,6=0,0,0,0,0,0,0,0,17,22,0,53,0,14,42,50,43,64,0,0,11,0,8,38,68,40,0,0,0,0,0,0,0,32,5,0,3,0,2,0
l13,6=0,0,0,0,6,1,0,0,70,47,40,42,22,0,26,54,13,61,0,12,8,0,14,17,30,13,0,0,0,0,0,0,0,0,0,11,15,0,3,0
l14,6=0,0,0,0,0,0,0,0,0,23,0,38,56,18,0,34,25,56,0,0,23,0,9,55,49,35,0,0,0,0,0,0,0,19,0,0,0,0,2,0
l15,6=0,0,0,0,0,0,0,29,19,42,42,60,56,30,23,0,27,62,0,0,4,22,10,19,46,7,0,0,0,0,0,0,0,0,0,5,8,0,13,0
l16,6=0,0,0,0,0,0,15,0,8,1,31,22,47,1,14,26,0,64,2,8,6,25,16,4,34,0,0,0,0,0,0,0,0,0,0,7,20,0,7,3
l17,6=0,0,0,0,0,0,0,0,23,11,0,35,56,26,28,43,34,0,0,0,36,26,8,0,47,7,0,0,0,0,0,0,0,16,0,3,12,0,3,2
l18,6=0,0,0,0,0,0,0,0,0,0,0,0,0,0,0,0,9,0,0,30,0,17,0,0,0,0,0,0,0,0,0,0,0,0,0,0,0,0,0,0
l19,6=0,0,0,0,0,0,0,0,0,0,0,0,0,4,0,0,8,0,15,0,48,31,53,0,0,0,0,0,0,27,0,18,0,0,0,1,0,0,0,12
l20,6=0,0,0,0,0,0,0,0,16,0,0,0,4,3,13,0,0,21,0,54,0,44,57,0,0,0,0,0,0,0,0,13,0,1,0,2,23,1,32,18
l21,6=0,0,0,0,0,0,0,0,17,5,0,0,4,0,0,16,10,17,13,33,51,0,55,0,0,0,0,0,0,0,0,6,0,0,0,20,0,1,12,20
l22,6=0,0,0,0,0,0,0,0,18,21,0,0,8,5,13,9,10,3,0,57,59,44,0,0,0,0,15,0,0,0,0,0,0,0,0,0,44,11,35,12
l23,6=0,14,0,4,10,0,0,0,0,0,0,0,47,21,42,31,17,0,0,0,0,0,0,0,66,43,0,0,0,0,0,27,0,28,35,0,0,0,0,0
l24,6=0,0,0,0,0,0,0,0,3,0,0,29,59,15,43,38,25,51,0,0,0,0,0,66,0,35,0,0,0,0,0,0,0,34,28,0,5,0,2,0
l25,6=0,0,0,0,0,0,0,0,0,0,0,5,60,9,55,20,0,31,0,0,0,0,0,58,58,0,0,0,0,0,0,0,17,35,0,0,0,0,0,0
l26,6=0,0,0,0,0,0,0,0,0,0,0,0,0,0,0,0,0,0,0,1,14,0,23,0,0,0,0,43,76,80,73,63,74,32,38,0,0,0,0,0
l27,6=0,0,0,0,0,0,0,0,0,0,0,0,0,0,0,0,0,0,0,0,0,0,0,0,0,0,61,0,74,74,89,52,37,0,0,0,0,0,0,0
l28,6=0,0,0,0,0,0,0,0,0,0,0,0,0,0,0,0,0,0,0,21,0,0,0,0,0,0,73,79,0,80,88,57,31,42,40,0,0,0,0,0
l29,6=0,0,0,0,0,0,0,0,0,0,0,0,0,0,0,0,0,0,0,39,0,0,0,0,0,0,68,80,76,0,44,38,29,34,33,0,0,0,0,0
l30,6=0,0,0,0,0,0,0,0,0,0,0,0,0,0,0,0,0,0,0,0,0,0,0,0,0,0,68,84,74,37,0,42,0,4,29,0,0,0,0,0
l31,6=0,0,0,0,0,0,0,0,0,0,0,0,0,0,0,0,0,0,0,37,23,0,0,22,0,0,66,25,39,38,43,0,73,55,75,0,0,0,0,0
l32,6=0,0,0,0,0,0,0,0,0,0,0,0,0,0,0,0,0,0,0,0,0,0,0,0,0,27,55,23,46,56,2,66,0,55,83,0,0,0,0,0
l33,6=0,0,0,0,0,0,0,0,0,0,0,0,35,0,33,0,12,40,0,0,23,0,0,35,37,31,44,0,46,41,37,62,64,0,69,0,0,0,0,0
l34,6=0,0,0,0,0,0,0,0,0,0,0,0,26,0,0,0,13,0,0,0,12,0,0,32,30,0,46,0,41,34,40,54,82,50,0,0,0,0,0,0
l35,6=0,0,0,0,0,0,0,0,0,0,0,0,0,1,0,0,1,0,0,0,2,15,0,0,0,0,0,0,0,0,0,0,0,0,0,0,0,13,15,16
l36,6=0,0,0,0,0,0,0,0,0,0,0,5,4,1,0,0,9,7,0,0,17,0,10,0,0,0,0,0,0,0,0,0,0,0,0,5,0,25,24,22
l37,6=0,0,0,0,0,0,0,0,0,0,0,0,0,0,0,0,0,0,0,0,8,0,6,0,0,0,0,0,0,0,0,0,0,0,0,11,35,0,14,3
l38,6=0,0,0,0,0,0,0,0,0,1,0,12,2,1,7,14,11,10,0,0,29,13,12,0,1,0,0,0,0,0,0,0,0,0,0,7,36,6,0,16
l39,6=0,0,0,0,0,0,0,0,0,0,0,0,0,0,0,0,0,0,0,17,24,15,9,0,0,0,0,0,0,0,0,0,0,0,0,16,32,2,29,0

l0,7=0,97,90,95,92,98,91,30,82,75,73,0,0,0,0,0,0,0,0,0,0,0,0,0,0,0,0,0,0,0,0,0,0,0,0,0,0,0,0,0
l1,7=88,0,94,95,95,91,92,93,37,77,0,0,0,0,0,0,0,0,0,0,0,0,0,11,0,0,0,0,0,0,0,0,0,0,0,0,0,0,0,0
l2,7=87,91,0,94,94,90,92,71,78,81,16,0,0,0,0,2,0,0,0,0,0,0,0,0,0,0,0,0,0,0,0,0,0,0,0,0,0,0,0,0
l3,7=87,91,91,0,98,91,83,61,58,12,53,0,0,0,0,0,0,0,0,0,0,0,0,0,0,0,0,0,0,0,0,0,0,0,0,0,0,0,0,0
l4,7=77,94,94,100,0,93,92,37,87,10,76,0,0,60,0,2,0,0,0,0,0,0,0,0,0,0,0,0,0,0,0,0,0,0,0,0,0,0,0,0
l5,7=88,91,90,95,95,0,89,94,84,80,77,0,0,2,0,3,0,0,0,0,0,0,0,0,0,0,0,0,0,0,0,0,0,0,0,0,0,0,0,0
l6,7=80,91,94,89,88,90,0,95,0,82,77,14,0,51,0,0,28,0,0,0,0,0,0,0,0,0,0,0,0,0,0,0,0,0,0,0,0,0,0,0
l7,7=13,67,25,62,44,91,92,0,67,82,77,13,1,47,0,40,0,4,0,0,0,0,0,0,0,0,0,0,0,0,0,0,0,0,0,0,0,0,0,0
l8,7=17,1,19,45,51,49,0,60,0,82,76,46,20,83,16,46,45,54,0,0,0,0,31,0,0,0,0,0,0,0,0,0,0,0,0,0,0,0,1,0
l9,7=15,18,24,20,6,51,87,94,90,0,77,37,14,76,6,48,11,9,0,0,4,3,16,2,7,0,0,0,0,0,0,0,0,0,0,0,0,0,16,0
l10,7=34,0,3,53,57,74,82,95,90,82,0,61,0,8,0,61,47,3,0,0,0,0,0,0,0,0,0,0,0,0,0,0,0,0,0,0,0,0,0,0
l11,7=0,0,0,0,0,0,5,5,43,24,23,0,69,30,14,81,39,18,0,0,3,0,13,7,7,0,0,0,0,0,0,0,0,0,0,10,15,0,21,0
l12,7=0,0,0,0,0,0,0,0,7,10,0,42,0,19,24,49,55,48,0,0,2,2,0,36,84,50,0,0,0,0,0,0,0,8,11,0,0,0,5,0
l13,7=0,0,0,0,19,0,20,23,88,70,2,42,12,0,18,49,32,40,0,0,3,0,11,5,13,7,0,0,0,0,0,0,0,0,0,11,0,0,16,0
l14,7=0,0,0,0,0,0,0,0,20,7,0,25,53,36,0,19,25,47,0,0,4,6,20,44,12,36,0,0,0,0,0,0,0,7,0,0,0,0,3,0
l15,7=0,0,0,0,7,2,0,22,42,26,20,83,55,53,10,0,25,28,0,1,3,10,16,18,4,11,0,0,0,0,0,0,0,0,0,0,2,0,42,0
l16,7=0,0,0,0,0,0,7,0,5,0,5,14,27,3,9,9,0,42,4,4,4,7,30,12,6,2,0,0,0,0,0,5,0,0,8,15,18,13,13,0
l17,7=0,0,0,0,0,0,0,0,15,6,3,23,29,24,17,22,53,0,0,0,5,6,6,11,15,0,0,0,0,0,0,0,0,3,0,0,24,0,16,0
l18,7=0,0,0,0,0,0,0,0,0,0,0,0,0,0,0,0,22,0,0,17,21,1,0,0,0,0,0,0,0,0,0,0,0,0,0,0,0,0,0,0
l19,7=0,0,0,0,0,0,0,0,0,0,0,0,7,0,0,0,2,4,2,0,39,11,56,0,0,0,0,0,18,8,0,18,0,0,0,0,0,0,12,13
l20,7=0,0,0,0,0,0,0,0,0,4,0,9,7,2,2,5,21,9,6,43,0,25,60,0,0,0,6,0,8,0,0,0,0,0,0,16,22,16,22,6
l21,7=0,0,0,0,0,0,0,0,2,5,0,0,6,2,4,12,16,9,4,12,39,0,56,0,0,0,0,0,0,0,0,0,0,0,0,17,19,8,16,14
l22,7=0,0,0,0,0,0,0,0,9,6,0,9,0,6,1,8,15,0,0,46,45,26,0,0,0,0,7,0,0,8,0,0,1,0,0,11,23,6,23,13
l23,7=0,0,0,0,0,0,0,0,0,1,0,3,36,7,58,26,25,18,0,0,0,0,0,0,84,80,0,0,0,0,0,0,3,9,41,0,0,0,0,0
l24,7=0,0,0,0,0,0,0,0,1,11,0,25,81,29,15,14,33,48,0,0,3,0,0,75,0,67,0,0,0,0,0,1,0,10,20,0,0,0,1,0
l25,7=0,0,0,0,0,0,0,0,0,4,0,10,75,35,68,23,22,0,0,0,0,0,0,69,74,0,0,0,0,12,0,4,14,14,0,0,0,0,2,0
l26,7=0,0,0,0,0,0,0,0,0,0,0,0,0,0,0,0,0,0,0,0,14,0,21,0,0,0,0,49,71,86,61,64,74,24,44,0,0,0,0,0
l27,7=0,0,0,0,0,0,0,0,0,0,0,0,0,0,0,0,0,0,0,0,0,0,0,0,0,0,61,0,69,86,87,37,64,0,1,0,0,0,0,0
l28,7=0,0,0,0,0,0,0,0,0,0,0,0,0,0,0,0,0,0,0,33,21,0,0,0,0,0,65,88,0,88,87,30,28,43,38,0,0,0,0,0
l29,7=0,0,0,0,0,0,0,0,0,0,0,0,0,0,0,0,0,0,0,33,0,0,30,0,0,20,62,88,71,0,87,54,69,15,11,0,0,0,0,0
l30,7=0,0,0,0,0,0,0,0,0,0,0,0,0,0,0,0,0,0,0,0,0,0,0,0,0,0,54,88,69,86,0,31,29,19,41,0,0,0,0,0
l31,7=0,0,0,0,0,0,0,0,0,0,0,0,0,0,0,0,12,0,0,31,0,0,0,8,0,0,61,16,60,56,56,0,76,80,77,0,0,0,0,0
l32,7=0,0,0,0,0,0,0,0,0,0,0,0,1,0,0,0,1,0,0,0,0,0,3,16,0,46,51,31,38,70,61,65,0,75,83,0,0,0,0,0
l33,7=0,0,0,0,0,0,0,0,0,0,0,0,45,0,49,0,23,27,0,0,11,0,0,32,47,46,44,0,52,42,44,64,75,0,56,0,0,0,0,0
l34,7=0,0,0,0,0,0,0,0,0,0,0,0,35,0,0,0,15,0,0,0,0,0,0,52,35,0,39,16,37,32,50,62,82,37,0,0,0,0,0,0
l35,7=0,0,0,0,0,0,0,0,0,0,0,0,0,0,0,0,11,0,0,0,4,8,15,0,0,0,0,0,0,0,0,0,0,0,0,0,24,18,11,12
l36,7=0,0,0,0,0,0,0,0,0,0,0,7,0,0,0,1,18,7,0,0,5,6,16,0,0,0,0,0,0,0,0,0,0,0,0,21,0,20,21,16
l37,7=0,0,0,0,0,0,0,0,0,0,0,0,0,0,0,0,8,0,0,0,0,0,5,0,0,0,0,0,0,0,0,0,0,0,0,19,24,0,2,10
l38,7=0,0,0,0,0,0,0,0,0,4,0,11,0,8,0,12,19,11,0,3,25,12,19,0,0,0,0,0,0,0,0,0,0,0,0,18,26,9,0,14
l39,7=0,0,0,0,0,0,0,0,0,0,0,0,0,0,0,0,3,0,0,5,3,10,23,0,0,0,0,0,0,0,0,0,0,0,0,17,23,7,15,0

l0,8=0,100,100,100,99,100,100,86,88,99,81,0,0,80,0,0,0,0,0,0,0,0,0,0,0,0,0,0,0,0,0,0,0,0,0,0,0,0,0,0
l1,8=100,0,100,100,99,99,100,100,0,92,76,0,0,0,0,0,0,0,0,0,0,0,0,19,0,0,0,0,0,0,0,0,0,0,0,0,0,0,0,0
l2,8=100,100,0,100,97,99,100,100,0,20,95,0,0,38,0,5,0,0,0,0,0,0,0,0,0,0,0,0,0,0,0,0,0,0,0,0,0,0,0,0
l3,8=100,100,100,0,99,97,93,82,0,0,0,0,0,8,0,0,0,0,0,0,0,0,0,0,0,0,0,0,0,0,0,0,0,0,0,0,0,0,0,0
l4,8=100,100,97,100,0,97,100,94,95,87,84,0,0,73,0,0,0,0,0,0,0,0,0,42,27,0,0,0,0,0,0,0,0,0,0,0,0,0,0,0
l5,8=100,100,100,100,99,0,99,100,97,91,99,74,0,7,0,0,0,0,0,0,0,0,0,0,0,0,0,0,0,0,0,0,0,0,0,0,0,0,0,0
l6,8=93,90,94,82,93,94,0,96,48,94,90,0,0,52,0,0,55,0,0,0,0,0,0,0,0,0,0,0,0,0,0,0,0,0,0,0,0,0,0,0
l7,8=39,91,94,46,49,94,94,0,93,99,99,37,0,95,0,0,23,42,0,0,0,0,0,0,0,0,0,0,0,0,0,0,0,0,0,0,0,0,0,0
l8,8=30,0,0,1,40,16,9,65,0,99,91,90,0,96,62,91,0,83,0,23,2,0,63,0,34,0,0,0,0,0,0,0,0,0,0,0,0,0,0,0
l9,8=50,16,0,0,26,12,68,96,97,0,99,89,45,95,0,89,73,64,0,0,0,20,13,72,49,0,0,0,0,0,0,0,0,0,0,0,0,0,36,0
l10,8=47,36,50,12,48,91,48,96,94,99,0,91,0,95,0,93,0,0,0,0,0,0,0,0,0,0,0,0,0,0,0,0,0,0,0,0,0,0,0,0
l11,8=0,0,0,0,0,0,0,3,69,74,58,0,98,37,54,98,82,80,0,0,17,19,9,72,54,24,0,0,0,0,0,0,0,0,0,24,49,0,26,0
l12,8=0,0,0,0,0,0,0,0,0,19,0,100,0,0,100,84,88,67,0,1,15,1,0,88,96,77,0,0,0,0,0,0,0,43,5,9,23,0,30,0
l13,8=11,0,0,14,7,0,4,29,97,99,67,47,0,0,73,75,47,29,0,0,12,15,6,77,46,23,0,0,0,0,0,0,0,0,0,6,19,0,37,0
l14,8=0,0,0,0,0,0,0,0,39,6,0,59,98,54,0,65,55,92,0,0,23,26,9,84,87,29,0,0,0,0,0,0,0,0,0,0,29,0,0,0
l15,8=0,0,0,0,0,0,0,0,60,76,73,100,96,72,81,0,77,86,0,0,27,35,36,69,40,13,0,0,0,0,0,0,0,0,0,0,17,0,41,0
l16,8=0,0,0,0,0,0,1,0,0,21,0,77,72,19,16,29,0,43,9,11,35,16,47,35,48,2,0,0,0,0,0,9,2,0,7,2,53,10,22,38
l17,8=0,0,0,0,0,0,0,4,34,25,0,88,77,30,77,64,79,0,0,9,31,12,26,45,49,0,0,0,0,0,0,0,0,32,0,0,16,9,31,14
l18,8=0,0,0,0,0,0,0,0,0,0,0,0,0,0,0,0,63,0,0,38,58,9,1,0,0,0,0,0,0,0,0,0,0,0,0,0,0,0,0,0
l19,8=0,0,0,0,0,0,0,0,14,0,0,0,1,0,0,0,50,33,17,0,81,36,78,0,0,0,21,0,33,2,0,49,0,0,0,48,50,5,14,68
l20,8=0,0,0,0,0,0,0,0,0,0,0,0,17,20,9,21,46,27,15,57,0,71,86,0,0,0,10,0,0,0,0,0,0,0,0,28,56,14,58,39
l21,8=0,0,0,0,0,0,0,0,0,24,0,32,1,24,16,25,44,14,8,15,75,0,67,1,0,0,0,0,0,0,0,0,0,0,0,27,44,11,39,42
l22,8=0,0,0,0,0,0,0,0,19,15,0,28,0,0,10,23,53,19,6,53,84,57,0,0,0,0,0,0,0,12,0,2,0,0,0,45,57,10,55,40
l23,8=0,0,0,0,2,0,0,0,0,44,0,66,79,66,80,55,66,46,0,0,0,0,0,0,96,82,0,0,0,0,0,0,46,53,65,0,0,0,0,0
l24,8=0,0,0,0,0,0,0,0,8,38,0,68,98,56,96,36,80,58,0,0,0,0,0,90,0,79,0,0,0,0,0,17,0,41,21,0,15,0,0,0
l25,8=0,0,0,0,0,0,0,0,0,0,0,55,97,40,61,34,53,0,0,0,0,0,0,90,87,0,0,0,0,33,0,25,47,66,45,0,0,0,10,0
l26,8=0,0,0,0,0,0,0,0,0,0,0,0,0,0,0,0,0,0,0,30,41,0,0,0,0,0,0,82,91,95,76,88,87,70,71,0,0,0,0,0
l27,8=0,0,0,0,0,0,0,0,0,0,0,0,0,0,0,0,0,0,0,0,0,0,0,0,0,0,88,0,91,96,89,0,68,0,75,0,0,0,0,0
l28,8=0,0,0,0,0,0,0,0,0,0,0,0,0,0,0,0,0,0,0,43,46,0,0,0,0,0,92,91,0,96,89,88,55,80,67,0,0,0,0,0
l29,8=0,0,0,0,0,0,0,0,0,0,0,0,0,0,0,0,0,0,0,13,6,0,36,0,0,46,92,91,92,0,89,84,50,66,69,0,0,0,0,0
l30,8=0,0,0,0,0,0,0,0,0,0,0,0,0,0,0,0,0,0,0,0,0,0,0,0,0,0,85,91,91,96,0,56,75,55,0,0,0,0,0,0
l31,8=0,0,0,0,0,0,0,0,0,0,0,0,0,0,0,0,46,0,0,41,18,0,7,0,32,3,89,0,86,83,35,0,86,89,86,0,0,0,0,0
l32,8=0,0,0,0,0,0,0,0,0,0,0,0,2,0,0,0,5,0,0,0,0,0,12,57,0,26,91,53,44,52,51,83,0,91,91,0,0,0,0,0
l33,8=0,0,0,0,0,0,0,0,0,0,0,0,50,0,0,0,4,50,0,0,17,0,0,56,53,41,45,0,65,62,41,88,88,0,79,0,0,0,0,0
l34,8=0,0,0,0,0,0,0,0,0,0,0,0,48,0,0,0,61,0,0,0,10,0,0,63,37,30,44,49,60,59,0,86,92,74,0,0,0,0,0,0
l35,8=0,0,0,0,0,0,0,0,0,0,0,8,12,0,0,0,6,0,0,7,14,17,25,0,0,0,0,0,0,0,0,0,0,0,0,0,52,9,41,34
l36,8=0,0,0,0,0,0,0,0,0,0,0,28,14,2,2,7,32,8,0,8,22,18,37,0,2,0,0,0,0,0,0,0,0,0,0,52,0,8,28,37
l37,8=0,0,0,0,0,0,0,0,0,0,0,0,0,0,0,0,16,0,0,0,18,16,14,0,0,0,0,0,0,0,0,0,0,0,0,38,42,0,28,27
l38,8=0,0,0,0,0,0,0,0,0,25,0,29,16,28,0,24,26,14,0,4,23,27,41,0,0,0,0,0,0,0,0,0,0,0,0,40,63,18,0,29
l39,8=0,0,0,0,0,0,0,0,0,0,0,0,0,0,0,0,35,0,0,17,45,26,27,0,0,0,0,0,0,0,0,0,0,0,0,59,56,22,27,0

l0,9=0,99,98,97,95,100,85,98,16,97,94,0,0,55,0,0,0,0,0,0,0,0,0,0,0,0,0,0,0,0,0,0,0,0,0,0,0,0,0,0
l1,9=99,0,98,99,95,100,83,99,79,91,93,0,0,5,0,0,0,0,0,0,0,0,0,67,0,0,0,0,0,0,0,0,0,0,0,0,0,0,0,0
l2,9=99,99,0,99,94,100,88,95,0,0,95,0,20,0,0,0,0,0,0,0,0,0,0,0,0,0,0,0,0,0,0,0,0,0,0,0,0,0,0,0
l3,9=95,99,97,0,95,99,86,96,0,0,43,0,0,7,0,0,0,0,0,0,0,0,0,0,0,0,0,0,0,0,0,0,0,0,0,0,0,0,0,0
l4,9=99,99,96,100,0,93,69,96,88,73,91,0,0,0,0,0,0,0,0,0,0,0,0,0,0,0,0,0,0,0,0,0,0,0,0,0,0,0,0,0
l5,9=99,99,98,99,93,0,83,94,80,96,99,0,0,79,0,0,0,0,0,0,0,0,0,0,0,0,0,0,0,0,0,0,0,0,0,0,0,0,0,0
l6,9=96,93,98,91,53,95,0,99,80,97,99,0,0,57,0,0,71,0,0,0,0,0,0,0,0,0,0,0,0,0,0,0,0,0,0,0,0,0,0,0
l7,9=80,99,51,93,94,99,92,0,89,99,100,45,18,96,0,79,30,3,0,0,0,0,0,0,0,0,0,0,0,0,0,0,0,0,0,0,0,0,0,0
l8,9=6,54,0,0,58,94,84,96,0,99,94,78,18,96,79,87,37,88,0,39,0,0,53,0,0,0,0,0,0,0,0,0,0,0,0,0,0,0,0,0
l9,9=92,57,0,0,0,82,80,99,90,0,99,91,29,96,89,92,84,0,0,0,0,0,6,52,48,0,0,0,0,0,0,0,0,0,0,0,0,0,0,0
l10,9=93,96,95,70,91,99,88,99,84,99,0,0,46,91,2,92,31,69,0,0,4,0,0,51,0,0,0,0,0,0,0,0,0,0,0,0,0,0,0,0
l11,9=0,0,0,0,0,0,0,33,82,91,0,0,100,55,92,98,86,92,0,3,44,39,25,56,54,39,0,0,0,0,0,0,0,0,0,0,27,8,75,0
l12,9=0,0,0,0,0,0,0,0,0,44,19,91,0,33,98,97,96,96,0,0,36,13,14,72,83,99,0,0,0,0,0,0,0,0,0,0,27,0,87,0
l13,9=12,0,0,37,0,71,75,94,82,99,90,97,32,0,70,97,88,57,0,5,34,44,3,54,54,36,0,0,0,0,0,0,0,0,0,0,22,0,85,0
l14,9=0,0,0,0,0,0,0,0,0,94,0,67,99,29,0,89,89,94,0,0,30,50,46,88,93,44,0,0,0,0,0,0,0,78,4,0,27,0,5,0
l15,9=0,0,0,0,0,0,0,20,63,96,95,98,63,38,97,0,94,96,0,0,34,49,49,46,59,0,0,0,0,0,0,0,0,0,0,0,25,25,91,0
l16,9=0,0,0,0,0,0,32,0,13,85,24,60,34,33,90,87,0,92,68,77,63,32,48,56,59,30,0,0,0,0,0,0,0,53,89,0,22,49,89,84
l17,9=0,0,0,0,0,0,0,0,57,0,77,65,37,17,98,97,97,0,0,84,55,49,53,12,57,38,0,0,0,0,0,0,0,82,0,3,15,0,79,77
l18,9=0,0,0,0,0,0,0,0,0,0,0,0,0,0,0,0,91,0,0,29,41,18,7,0,0,0,0,0,0,0,0,0,0,0,0,9,0,0,0,0
l19,9=0,0,0,0,0,0,0,0,18,0,0,0,0,3,0,0,76,76,0,0,84,91,85,0,0,0,75,0,28,0,0,50,0,0,0,32,58,59,71,86
l20,9=0,0,0,0,0,0,0,0,0,0,0,3,26,17,44,31,87,28,20,94,0,96,90,0,0,0,16,0,0,0,0,0,0,0,55,16,65,60,89,79
l21,9=0,0,0,0,0,0,0,0,0,0,0,24,22,23,46,58,62,60,31,87,92,0,89,0,2,0,0,0,0,0,0,0,0,45,0,24,18,48,90,77
l22,9=0,0,0,0,0,0,0,0,40,23,0,15,20,3,19,65,76,70,5,84,92,92,0,0,0,0,26,0,1,54,0,14,0,0,0,68,64,49,89,66
l23,9=0,3,0,0,0,0,0,0,0,83,22,72,98,37,97,71,89,0,0,0,0,0,0,0,95,99,0,0,0,0,0,0,67,87,95,0,0,0,0,0
l24,9=0,0,0,0,0,0,0,0,0,88,0,65,99,35,99,91,94,57,0,0,9,0,0,98,0,64,0,0,0,0,0,0,0,83,89,0,1,0,0,0
l25,9=0,0,0,5,0,0,0,0,0,0,0,62,100,27,95,0,89,60,0,0,0,0,0,100,98,0,1,0,0,39,0,0,62,92,79,0,0,0,64,0
l26,9=0,0,0,0,0,0,0,0,0,0,0,0,0,0,0,0,0,0,0,75,57,0,65,0,0,0,0,81,97,99,96,96,99,82,86,0,0,0,0,0
l27,9=0,0,0,0,0,0,0,0,0,0,0,0,0,0,0,0,0,0,0,0,0,0,0,0,0,0,93,0,97,99,100,88,79,0,0,0,0,0,0,0
l28,9=0,0,0,0,0,0,0,0,0,0,0,0,0,0,0,0,0,0,0,71,0,0,46,0,0,0,98,98,0,99,96,85,1,81,4,0,0,0,0,0
l29,9=0,0,0,0,0,0,0,0,0,0,0,0,0,0,0,0,0,0,0,0,20,0,64,0,0,1,94,100,97,0,98,93,33,79,86,0,0,0,0,0
l30,9=0,0,0,0,0,0,0,0,0,0,0,0,0,0,0,0,0,0,0,0,0,0,0,0,0,0,93,100,97,98,0,90,90,32,90,0,0,0,0,0
l31,9=0,0,0,0,0,0,0,0,0,0,0,0,0,0,0,0,1,0,0,69,2,0,59,0,0,0,96,81,83,95,92,0,98,100,100,0,0,0,0,0
l32,9=0,0,0,0,0,0,0,0,0,0,0,0,1,0,0,0,0,0,0,0,0,0,0,55,0,38,98,86,0,56,93,99,0,100,100,0,0,0,0,0
l33,9=0,0,0,0,0,0,0,0,0,0,0,0,16,0,65,0,80,84,0,0,0,24,0,96,95,99,95,0,89,93,56,99,100,0,99,0,0,0,0,0
l34,9=0,0,0,0,0,0,0,0,0,0,0,0,27,0,22,0,96,6,0,0,72,0,0,97,53,38,97,0,0,94,63,99,100,100,0,0,0,0,0,0
l35,9=0,0,0,0,0,0,0,0,0,0,0,0,0,0,0,0,0,0,0,40,27,35,28,0,0,0,0,0,0,0,0,0,0,0,0,0,65,60,88,56
l36,9=0,0,0,0,0,0,0,0,0,0,0,19,18,1,0,28,29,1,0,48,55,32,37,0,0,0,0,0,0,0,0,0,0,0,0,42,0,50,71,65
l37,9=0,0,0,0,0,0,0,0,0,0,0,0,0,0,0,3,41,0,0,33,49,36,28,0,0,0,0,0,0,0,0,0,0,0,0,26,24,0,70,61
l38,9=0,0,0,0,0,0,0,0,0,0,0,0,20,18,0,44,64,0,0,47,60,41,40,0,0,3,0,0,0,0,0,0,0,0,0,26,24,53,0,66
l39,9=0,0,0,0,0,0,0,0,0,0,0,0,0,0,0,0,58,60,0,66,52,38,28,0,0,0,0,0,0,0,0,0,0,0,0,16,32,50,70,0

l0,10=0,89,87,91,89,72,0,65,33,75,73,0,0,0,0,0,0,0,0,0,0,0,0,0,0,0,0,0,0,0,0,0,0,0,0,0,0,0,0,0
l1,10=88,0,83,89,30,86,85,84,0,0,48,0,0,0,0,0,0,0,0,0,0,0,0,0,0,0,0,0,0,0,0,0,0,0,0,0,0,0,0,0
l2,10=87,84,0,86,84,87,87,66,50,78,64,0,41,0,0,0,0,0,0,0,0,0,0,0,0,0,0,0,0,0,0,0,0,0,0,0,0,0,0,0
l3,10=91,89,84,0,96,84,30,50,0,26,0,0,0,0,0,0,0,0,0,0,0,0,0,0,0,0,0,0,0,0,0,0,0,0,0,0,0,0,0,0
l4,10=83,0,67,92,0,85,21,62,48,23,68,0,0,0,2,0,0,0,0,0,0,0,0,0,0,0,0,0,0,0,0,0,0,0,0,0,0,0,0,0
l5,10=83,81,83,85,85,0,86,88,68,69,84,0,0,65,0,0,0,0,0,0,0,0,0,0,0,0,0,0,0,0,0,0,0,0,0,0,0,0,0,0
l6,10=1,81,82,71,56,87,0,89,78,85,81,0,0,44,0,0,1,0,0,0,0,0,0,0,0,0,0,0,0,0,0,0,0,0,0,0,0,0,0,0
l7,10=68,73,59,63,68,85,87,0,75,85,85,36,39,69,24,1,0,0,0,0,0,0,0,0,0,0,0,0,0,0,0,0,0,0,0,0,0,0,0,0
l8,10=17,0,5,13,35,30,53,62,0,90,50,57,46,85,0,59,4,26,0,23,4,0,44,43,1,0,0,0,0,0,0,0,0,0,0,0,0,0,0,0
l9,10=46,0,46,41,18,34,67,88,85,0,85,54,57,85,46,54,0,0,0,0,0,14,8,45,9,0,0,0,0,0,0,0,0,0,0,0,0,0,0,0
l10,10=53,43,39,4,50,54,54,75,56,86,0,38,0,59,3,56,0,45,0,0,0,0,0,18,0,0,0,0,0,0,0,0,0,0,0,0,0,0,0,0
l11,10=0,0,0,0,0,0,0,36,62,57,44,0,68,65,62,90,14,71,0,0,48,37,0,63,60,61,0,0,0,0,0,0,0,0,0,19,21,0,34,0
l12,10=0,0,0,0,0,0,0,0,34,53,0,75,0,62,87,81,71,94,0,0,57,40,0,85,84,98,0,0,0,0,0,0,0,40,0,0,0,0,55,0
l13,10=0,0,0,0,1,27,36,59,71,71,59,69,65,0,39,67,44,27,0,2,48,39,0,45,60,30,0,0,0,0,0,0,0,0,0,0,6,0,46,0
l14,10=0,0,0,0,6,0,0,0,0,52,0,69,93,50,0,60,59,72,0,0,3,0,14,68,83,70,0,0,0,0,0,0,0,51,0,0,28,0,43,0
l15,10=0,0,0,0,0,0,0,0,59,54,60,94,78,81,60,0,48,42,0,31,42,27,36,47,60,30,0,0,0,0,0,0,0,0,0,0,5,0,53,0
l16,10=0,0,0,0,0,0,0,0,9,0,0,13,86,52,58,54,0,47,2,46,56,49,54,53,75,0,0,0,0,0,0,0,32,26,38,3,29,42,77,49
l17,10=0,0,0,0,0,0,2,0,31,3,31,87,95,52,66,84,64,0,0,54,50,56,58,0,42,33,0,0,0,0,0,0,0,45,0,1,14,0,63,54
l18,10=0,0,0,0,0,0,0,0,0,0,0,0,0,0,0,0,45,0,0,57,72,74,0,0,0,0,0,0,0,0,0,0,0,0,0,0,0,0,0,0
l19,10=0,0,0,0,0,0,0,0,22,0,0,0,0,0,0,20,30,33,24,0,80,67,77,0,0,0,47,0,0,0,0,18,3,0,0,30,18,13,54,48
l20,10=0,0,0,0,0,0,0,0,0,0,0,28,59,43,0,24,44,2,7,82,0,88,84,0,11,0,0,0,0,0,0,0,37,0,0,33,45,52,76,50
l21,10=0,0,0,0,0,0,0,0,0,25,0,36,49,49,17,32,43,38,20,68,88,0,84,0,0,0,0,0,0,0,0,0,0,19,0,32,16,2,69,49
l22,10=0,0,0,0,0,0,0,0,31,22,0,0,0,0,9,34,36,32,0,76,88,78,0,0,0,0,33,0,0,11,0,28,0,0,0,60,48,41,74,54
l23,10=0,0,0,0,0,0,0,0,40,36,1,67,92,47,77,47,47,0,0,0,0,0,0,0,98,99,0,0,0,0,0,0,66,75,12,0,0,0,0,0
l24,10=0,0,0,0,0,0,0,0,0,27,0,63,93,63,90,64,88,35,0,0,31,0,0,98,0,93,0,0,0,0,0,0,0,62,43,0,0,0,6,0
l25,10=0,0,0,18,0,0,0,0,0,0,0,83,93,2,88,47,0,35,0,0,0,0,0,98,98,0,34,0,0,0,0,14,53,97,74,0,0,0,16,0
l26,10=0,0,0,0,0,0,0,0,0,0,0,0,0,0,0,0,0,0,0,61,0,0,54,0,0,35,0,78,65,97,100,97,98,19,78,0,0,0,0,0
l27,10=0,0,0,0,0,0,0,0,0,0,0,0,0,0,0,0,0,0,0,0,0,0,0,0,0,0,83,0,31,97,100,80,0,0,76,0,0,0,0,0
l28,10=0,0,0,0,0,0,0,0,0,0,0,0,0,0,0,0,0,0,0,0,0,0,1,0,0,0,94,94,0,97,100,86,40,21,48,0,0,0,0,0
l29,10=0,0,0,0,0,0,0,0,0,0,0,0,0,0,0,0,0,0,0,0,9,0,41,0,0,0,93,94,65,0,100,90,47,2,64,0,0,0,0,0
l30,10=0,0,0,0,0,0,0,0,0,0,0,0,0,0,0,0,0,0,0,0,0,0,0,0,0,0,94,94,65,97,0,86,53,17,76,0,0,0,0,0
l31,10=0,0,0,0,0,0,0,0,0,0,0,0,0,0,0,0,0,0,0,51,0,0,62,2,0,44,94,75,38,92,93,0,99,100,100,0,0,0,0,0
l32,10=0,0,0,0,0,0,0,0,0,0,0,0,0,0,0,0,38,0,0,29,53,0,0,31,0,67,93,0,19,79,81,98,0,100,100,0,0,0,0,0
l33,10=0,0,0,0,0,0,0,0,0,0,0,0,77,0,77,0,34,55,0,0,15,27,0,97,90,96,86,0,63,13,77,98,100,0,100,0,0,0,0,0
l34,10=0,0,0,0,0,0,0,0,0,0,0,0,17,0,0,0,72,0,0,2,46,0,0,19,74,87,88,45,17,59,56,98,100,99,0,0,0,0,0,0
l35,10=0,0,0,0,0,0,0,0,0,0,0,8,0,0,0,0,19,0,0,22,34,38,40,0,0,0,0,0,0,0,0,0,0,0,0,0,74,52,75,44
l36,10=0,0,0,0,0,0,0,0,0,0,0,1,7,0,32,10,24,2,0,19,60,9,48,0,0,0,0,0,0,0,0,0,0,0,0,47,0,54,72,50
l37,10=0,0,0,0,0,0,0,0,0,0,0,0,0,0,0,0,25,0,0,0,58,0,30,0,0,0,0,0,0,0,0,0,0,0,0,36,35,0,65,51
l38,10=0,0,0,0,0,0,0,0,0,0,0,0,50,30,0,41,47,9,0,16,65,57,61,0,3,1,0,0,0,0,0,0,0,0,0,38,41,55,0,66
l39,10=0,0,0,0,0,0,0,0,0,0,0,0,0,0,0,0,36,17,0,35,60,49,51,0,0,0,0,0,0,0,0,0,0,0,0,36,31,53,80,0

l0,11=0,83,87,85,88,79,5,11,6,12,9,0,0,0,0,0,0,0,0,0,0,0,0,0,0,0,0,0,0,0,0,0,0,0,0,0,0,0,0,0
l1,11=84,0,87,79,85,82,80,80,7,9,58,1,0,0,0,0,0,0,0,0,0,0,0,0,0,0,0,0,0,0,0,0,0,0,0,0,0,0,0,0
l2,11=82,82,0,81,82,80,20,80,37,27,6,0,0,0,0,0,0,0,0,0,0,0,0,0,0,0,0,0,0,0,0,0,0,0,0,0,0,0,0,0
l3,11=88,55,85,0,88,83,7,3,0,6,27,0,0,0,0,0,0,0,0,0,0,0,0,0,0,0,0,0,0,0,0,0,0,0,0,0,0,0,0,0
l4,11=80,78,26,84,0,48,7,9,0,6,27,0,0,0,0,0,0,0,0,0,0,0,0,1,0,0,0,0,0,0,0,0,0,0,0,0,0,0,0,0
l5,11=76,79,83,81,77,0,66,77,23,74,4,0,0,0,0,0,0,0,0,0,0,0,0,0,0,0,0,0,0,0,0,0,0,0,0,0,0,0,0,0
l6,11=11,82,15,53,40,74,0,86,44,81,49,4,0,47,0,13,1,0,0,0,0,0,0,0,0,0,0,0,0,0,0,0,0,0,0,0,0,0,0,0
l7,11=50,72,68,51,66,78,79,0,58,81,81,39,46,70,0,16,0,0,0,0,0,0,0,0,0,0,0,0,0,0,0,0,0,0,0,0,0,0,0,0
l8,11=12,8,33,0,0,18,40,55,0,84,28,30,61,77,0,70,0,37,0,16,0,0,0,16,8,0,0,0,0,0,0,0,0,0,0,0,0,0,0,0
l9,11=17,12,0,38,10,32,50,85,74,0,79,31,62,75,0,32,6,4,0,0,1,42,0,0,4,0,0,0,0,0,0,0,0,0,0,0,0,0,0,0
l10,11=3,41,0,54,32,0,51,84,54,83,0,28,0,58,0,43,0,2,0,0,0,0,0,0,0,0,0,0,0,0,0,0,0,0,0,0,0,0,0,0
l11,11=0,5,0,0,0,0,37,48,48,24,17,0,78,73,35,84,37,64,0,0,35,32,14,19,24,29,0,0,0,0,0,0,0,0,0,19,0,0,38,0
l12,11=0,0,0,0,0,0,0,15,45,20,0,40,0,49,88,44,40,73,0,0,53,45,17,22,82,86,0,0,0,0,0,0,0,0,0,0,0,0,57,0
l13,11=0,0,0,0,0,3,42,70,61,45,18,62,70,0,0,73,32,60,0,0,43,39,0,20,21,28,0,0,0,0,0,0,0,0,0,0,0,0,26,0
l14,11=0,0,0,0,10,0,0,0,0,0,0,58,87,0,0,1,69,67,0,0,2,33,0,66,36,60,0,0,0,0,0,0,0,16,14,1,20,0,37,0
l15,11=0,0,0,0,0,0,38,31,48,20,17,82,83,76,0,0,40,71,0,28,58,40,1,11,12,24,0,0,0,0,0,0,0,0,0,9,20,0,36,0
l16,11=0,0,0,0,0,0,31,0,0,9,0,22,74,45,38,36,0,65,5,31,60,60,18,12,30,28,0,0,0,0,0,0,7,9,18,10,30,33,63,41
l17,11=0,0,0,0,0,0,0,0,40,14,10,32,83,50,38,42,45,0,0,0,54,48,18,17,24,2,0,0,0,0,0,0,0,0,0,0,24,0,14,15
l18,11=0,0,0,0,0,0,0,0,0,0,0,0,0,0,0,0,24,0,0,66,67,72,0,0,0,0,0,0,0,0,0,0,0,0,0,0,0,0,0,0
l19,11=0,0,0,0,0,0,0,0,27,0,0,0,0,0,0,27,33,0,44,0,75,72,69,0,0,0,46,0,0,0,0,9,0,0,1,21,4,3,0,57
l20,11=0,0,0,0,0,0,0,0,0,0,0,0,66,45,4,30,42,48,42,72,0,86,82,0,0,0,32,0,11,0,0,0,7,0,0,27,44,43,67,61
l21,11=0,0,0,0,0,0,0,0,0,17,0,11,62,42,18,27,52,48,46,73,88,0,80,0,16,0,0,0,0,0,0,0,0,0,0,24,20,1,77,41
l22,11=0,0,0,0,0,0,0,0,0,0,0,21,59,0,0,0,34,42,0,58,88,81,0,0,0,0,38,0,0,0,0,42,0,0,0,38,53,0,70,59
l23,11=0,0,0,0,9,0,0,0,1,1,0,27,84,51,49,1,15,11,0,0,0,0,0,0,88,96,0,0,0,0,0,2,29,9,0,0,0,0,0,0
l24,11=0,0,0,0,0,0,0,0,12,0,0,25,88,48,38,17,80,47,0,0,0,9,0,90,0,71,0,0,0,0,0,0,0,0,1,0,0,0,7,0
l25,11=0,0,0,0,0,0,0,0,0,0,0,22,88,50,79,22,21,0,0,0,0,0,0,92,85,0,0,0,0,0,0,25,23,87,0,0,0,0,0,0
l26,11=0,0,0,0,0,0,0,0,0,0,0,0,0,0,0,0,0,0,0,30,19,0,28,0,0,0,0,73,85,84,91,80,81,33,34,0,0,0,0,0
l27,11=0,0,0,0,0,0,0,0,0,0,0,0,0,0,0,0,0,0,0,0,0,0,0,0,0,0,73,0,77,88,96,43,1,0,24,0,0,0,0,0
l28,11=0,0,0,0,0,0,0,0,0,0,0,0,0,0,0,0,0,0,0,0,24,0,0,0,0,0,88,93,0,88,96,43,31,0,19,0,0,0,0,0
l29,11=0,0,0,0,0,0,0,0,0,0,0,0,0,0,0,0,0,0,0,0,0,0,0,0,0,0,83,93,85,0,96,68,56,41,35,0,0,0,0,0
l30,11=0,0,0,0,0,0,0,0,0,0,0,0,0,0,0,0,0,0,0,0,0,0,0,0,0,0,88,93,85,88,0,69,70,69,55,0,0,0,0,0
l31,11=0,0,0,0,0,0,0,0,0,0,0,0,0,0,0,0,0,0,0,9,0,0,38,11,0,13,88,73,71,81,87,0,89,99,99,0,0,0,0,0
l32,11=0,0,0,0,0,0,0,0,0,0,0,0,0,0,0,0,9,0,0,0,10,0,0,18,0,12,86,2,27,36,40,87,0,99,100,0,0,0,0,0
l33,11=0,0,0,0,0,0,0,0,0,0,0,0,0,0,68,0,8,0,0,0,6,0,0,53,3,91,70,0,0,54,81,97,95,0,98,0,0,0,0,0
l34,11=0,0,0,0,0,0,0,0,0,0,0,0,3,0,16,0,52,0,0,5,0,0,0,0,6,5,78,57,25,60,78,97,95,99,0,0,0,0,0,0
l35,11=0,0,0,0,0,0,0,0,0,0,0,7,0,0,0,6,18,0,0,4,48,25,23,0,0,0,0,0,0,0,0,0,0,0,0,0,80,45,62,49
l36,11=0,0,0,0,0,0,0,0,0,0,0,0,0,0,9,23,36,43,0,0,66,46,22,0,0,0,0,0,0,0,0,0,0,0,0,80,0,51,75,61
l37,11=0,0,0,0,0,0,0,0,0,0,0,0,0,0,0,0,38,0,0,0,60,0,1,0,0,0,0,0,0,0,0,0,0,0,0,40,40,0,58,55
l38,11=0,0,0,0,0,0,0,0,0,0,0,14,72,16,23,30,41,0,0,0,62,62,25,0,0,0,0,0,0,0,0,0,0,0,0,46,41,37,0,64
l39,11=0,0,0,0,0,0,0,0,0,0,0,0,0,0,0,0,35,0,0,39,64,49,40,0,0,0,0,0,0,0,0,0,0,0,0,66,68,64,77,0

l0,12=0,87,82,78,82,83,4,17,6,7,3,0,0,0,0,0,0,0,0,0,0,0,0,0,0,0,0,0,0,0,0,0,0,0,0,0,0,0,0,0
l1,12=70,0,50,44,44,13,78,45,8,4,13,8,0,0,0,0,0,0,0,0,0,0,0,0,0,0,0,0,0,0,0,0,0,0,0,0,0,0,0,0
l2,12=84,86,0,73,79,85,82,20,5,42,31,0,0,5,0,0,0,0,0,0,0,0,0,0,0,0,0,0,0,0,0,0,0,0,0,0,0,0,0,0
l3,12=88,84,79,0,85,83,0,3,0,2,7,0,0,0,0,0,0,0,0,0,0,0,0,0,0,0,0,0,0,0,0,0,0,0,0,0,0,0,0,0
l4,12=80,30,51,77,0,26,2,13,5,5,4,0,0,0,0,0,0,0,0,0,0,0,0,1,0,0,0,0,0,0,0,0,0,0,0,0,0,0,0,0
l5,12=84,27,81,73,40,0,12,48,20,76,19,0,0,12,0,0,0,0,0,0,0,0,0,0,0,0,0,0,0,0,0,0,0,0,0,0,0,0,0,0
l6,12=30,86,80,2,33,15,0,76,21,10,55,49,0,22,0,36,0,0,0,0,0,0,0,0,0,0,0,0,0,0,0,0,0,0,0,0,0,0,0,0
l7,12=47,84,26,22,38,60,83,0,29,75,83,21,26,56,0,0,0,0,0,0,0,0,0,0,0,0,0,0,0,0,0,0,0,0,0,0,0,0,0,0
l8,12=21,2,0,18,11,9,9,28,0,80,62,40,48,82,0,46,22,0,0,14,0,13,0,0,12,0,0,0,0,0,0,0,0,0,0,0,0,0,0,0
l9,12=33,2,28,13,13,29,6,53,78,0,83,39,45,81,0,40,5,0,0,0,18,20,0,0,0,0,0,0,0,0,0,0,0,0,0,0,0,0,0,0
l10,12=21,16,28,24,13,7,15,72,53,82,0,24,0,59,0,31,1,0,0,0,0,0,0,0,0,0,0,0,0,0,0,0,0,0,0,0,0,0,0,0
l11,12=0,10,0,0,0,0,30,10,51,54,33,0,64,70,47,81,34,62,0,0,14,12,25,28,26,10,0,0,0,0,0,0,0,0,0,3,36,0,21,0
l12,12=0,0,0,0,0,0,0,0,39,44,0,62,0,49,77,67,53,80,0,0,25,21,14,44,79,83,0,0,0,0,0,0,0,0,0,0,0,0,38,0
l13,12=0,0,1,0,0,2,8,30,66,68,36,65,45,0,44,73,28,44,0,0,24,14,0,21,25,4,0,0,0,0,0,0,0,0,0,0,0,0,0,0
l14,12=0,0,0,0,12,0,0,0,0,4,0,25,89,45,0,31,77,63,0,0,17,17,0,43,93,17,0,0,0,0,0,0,0,52,39,4,43,0,0,0
l15,12=0,0,0,0,0,0,12,0,34,46,21,88,68,88,49,0,34,57,0,21,19,12,2,13,56,11,0,0,0,0,0,0,0,0,0,0,0,0,29,0
l16,12=0,0,0,0,0,0,0,0,29,22,2,24,54,48,55,31,0,42,27,31,27,24,23,14,65,33,0,0,0,0,0,0,0,0,0,44,53,50,43,5
l17,12=0,0,0,0,0,0,0,0,12,23,0,55,87,51,65,50,46,0,0,33,26,25,28,32,42,0,0,0,0,0,0,0,0,26,0,0,57,0,27,0
l18,12=0,0,0,0,0,0,0,0,0,0,0,0,0,0,0,0,47,0,0,61,68,57,0,0,0,0,0,0,0,0,0,0,0,0,0,0,0,0,0,0
l19,12=0,0,0,0,0,0,0,0,34,0,0,0,0,0,0,23,32,39,31,0,78,70,73,0,0,0,51,0,21,0,0,48,11,0,0,0,0,0,39,66
l20,12=0,0,0,0,0,0,0,0,0,41,0,20,46,40,6,23,42,46,24,82,0,86,84,0,0,0,49,0,0,0,0,4,0,0,0,73,76,49,34,30
l21,12=0,0,0,0,0,0,0,0,43,44,0,35,47,43,26,33,57,54,23,81,85,0,84,0,43,0,39,0,0,0,0,0,0,0,0,48,51,42,81,44
l22,12=0,0,0,0,0,0,0,0,0,0,0,22,45,0,0,2,21,30,0,79,85,84,0,0,0,0,49,0,0,0,0,0,0,0,0,57,66,38,66,72
l23,12=0,0,0,0,21,0,0,0,0,0,0,5,62,72,75,31,3,18,0,0,0,0,0,0,92,92,0,0,0,0,0,3,8,51,0,0,0,0,0,0
l24,12=0,0,0,0,0,0,0,0,1,0,0,6,89,43,89,62,77,29,0,0,0,19,0,87,0,83,0,0,0,0,0,0,49,8,1,0,46,0,43,0
l25,12=0,0,0,0,0,0,0,0,0,1,0,22,89,21,30,42,54,0,0,0,0,0,0,98,92,0,0,0,0,0,0,38,47,70,59,0,0,0,0,0
l26,12=0,0,0,0,0,0,0,0,0,0,0,0,0,0,0,0,0,0,0,27,33,15,28,0,0,0,0,69,89,81,96,85,74,35,75,0,0,0,0,0
l27,12=0,0,0,0,0,0,0,0,0,0,0,0,0,0,0,0,0,0,0,0,0,0,0,0,0,0,82,0,86,96,97,79,0,15,24,0,0,0,0,0
l28,12=0,0,0,0,0,0,0,0,0,0,0,0,0,0,0,0,0,0,0,29,31,0,0,0,0,0,89,95,0,96,97,80,65,34,70,0,0,0,0,0
l29,12=0,0,0,0,0,0,0,0,0,0,0,0,0,0,0,0,0,0,0,0,0,0,0,0,0,0,86,95,89,0,97,89,77,62,79,0,0,0,0,0
l30,12=0,0,0,0,0,0,0,0,0,0,0,0,0,0,0,0,0,0,0,0,0,0,0,0,0,0,89,95,89,96,0,79,76,70,63,0,0,0,0,0
l31,12=0,0,0,0,0,0,0,0,0,0,0,0,0,0,0,0,0,0,0,55,35,0,0,18,0,70,89,79,84,87,96,0,92,100,100,0,0,0,0,0
l32,12=0,0,0,0,0,0,0,0,0,0,0,0,0,0,0,0,0,0,0,7,0,0,0,25,74,62,84,0,84,89,93,90,0,100,100,0,0,0,0,0
l33,12=0,0,0,0,0,0,0,0,0,0,0,0,22,0,64,0,0,2,0,0,0,0,0,55,10,84,85,16,63,76,74,99,92,0,100,0,0,0,0,0
l34,12=0,0,0,0,0,0,0,0,0,0,0,0,0,0,55,0,6,0,0,0,0,0,0,0,3,84,89,32,84,91,76,99,92,100,0,0,0,0,0,0
l35,12=0,0,0,0,0,0,0,0,0,0,0,0,0,0,0,0,1,0,0,0,35,11,42,0,0,0,0,0,0,0,0,0,0,0,0,0,85,59,49,24
l36,12=0,0,0,0,0,0,0,0,0,0,0,0,0,0,3,0,19,22,0,1,40,19,43,0,14,0,0,0,0,0,0,0,0,0,0,85,0,61,55,35
l37,12=0,0,0,0,0,0,0,0,0,0,0,0,0,0,0,0,15,0,0,0,32,12,23,0,0,0,0,0,0,0,0,0,0,0,0,63,74,0,26,34
l38,12=0,0,0,0,0,0,0,0,0,0,0,0,44,0,0,8,32,15,0,20,23,42,48,0,42,0,0,0,0,0,0,0,0,0,0,68,72,45,0,35
l39,12=0,0,0,0,0,0,0,0,0,0,0,0,0,0,0,0,21,0,0,41,34,20,78,0,0,0,0,0,0,0,0,0,0,0,0,57,61,68,68,0

l0,13=0,91,92,92,89,90,74,87,48,74,62,0,0,0,0,0,0,0,0,0,0,0,0,0,0,0,0,0,0,0,0,0,0,0,0,0,0,0,0,0
l1,13=90,0,84,93,84,89,83,84,0,22,59,0,0,0,0,0,0,0,0,0,0,0,0,0,0,0,0,0,0,0,0,0,0,0,0,0,0,0,0,0
l2,13=92,86,0,90,87,90,90,69,0,87,82,0,0,12,0,0,0,0,0,0,0,0,0,0,0,0,0,0,0,0,0,0,0,0,0,0,0,0,0,0
l3,13=92,94,92,0,94,91,84,75,12,10,52,0,0,0,0,0,0,0,0,0,0,0,0,0,0,0,0,0,0,0,0,0,0,0,0,0,0,0,0,0
l4,13=89,85,89,93,0,88,86,79,21,68,69,0,0,0,0,0,0,0,0,0,0,0,0,1,0,0,0,0,0,0,0,0,0,0,0,0,0,0,0,0
l5,13=89,86,92,87,85,0,86,67,79,87,86,0,0,43,0,0,0,0,0,0,0,0,0,0,0,0,0,0,0,0,0,0,0,0,0,0,0,0,0,0
l6,13=71,80,86,82,84,86,0,0,61,84,18,78,0,49,0,68,0,0,0,0,0,0,0,0,0,0,0,0,0,0,0,0,0,0,0,0,0,0,0,0
l7,13=74,75,23,31,54,57,0,0,83,90,90,25,19,42,0,0,0,0,0,0,0,0,0,0,0,0,0,0,0,0,0,0,0,0,0,0,0,0,0,0
l8,13=50,0,0,15,23,56,59,68,0,93,75,35,34,81,33,15,18,3,0,37,2,23,9,0,65,0,0,0,0,0,0,0,0,0,0,0,0,0,9,0
l9,13=51,34,62,26,62,83,68,86,82,0,91,54,51,86,35,75,49,27,0,0,46,44,0,0,0,0,0,0,0,0,0,0,0,0,0,0,0,0,0,0
l10,13=60,51,24,22,30,58,19,87,69,93,0,32,0,75,0,28,0,0,0,0,0,0,0,0,0,0,0,0,0,0,0,0,0,0,0,0,0,0,0,0
l11,13=0,0,0,0,0,0,62,14,41,21,21,0,53,94,66,81,21,41,0,0,47,23,22,61,52,34,0,0,0,0,0,0,0,0,0,0,26,0,43,2
l12,13=0,0,0,0,0,0,0,0,0,15,0,80,0,26,95,52,17,70,0,0,49,13,22,61,92,84,0,0,0,0,0,0,0,36,0,0,4,0,39,0
l13,13=0,0,0,0,0,41,39,51,71,90,81,92,35,0,44,81,13,34,0,2,42,21,1,67,56,38,0,0,0,0,0,0,0,0,0,0,0,0,43,0
l14,13=0,0,0,0,0,0,0,0,42,14,0,47,90,49,0,22,53,23,0,0,0,0,0,84,99,50,0,0,0,0,0,0,7,37,26,0,0,0,28,0
l15,13=0,0,0,0,0,0,44,0,31,41,24,92,78,65,33,0,27,40,0,31,47,21,0,65,69,40,0,0,0,0,0,0,0,0,0,0,46,0,42,0
l16,13=0,0,0,0,0,0,0,0,40,15,0,30,39,31,42,25,0,24,46,48,35,19,19,0,62,37,0,0,0,0,0,0,0,3,6,15,46,2,55,35
l17,13=0,0,0,0,0,0,0,0,31,15,0,59,95,48,35,37,27,0,0,5,54,27,21,61,65,1,0,0,0,0,0,0,0,35,0,0,47,0,42,0
l18,13=0,0,0,0,0,0,0,0,0,0,0,0,0,0,0,0,56,0,0,93,88,81,20,0,0,0,0,0,0,0,0,0,0,0,0,0,0,0,0,10
l19,13=0,0,0,0,0,0,0,0,30,0,0,0,0,0,0,19,23,23,55,0,92,97,92,0,0,0,0,0,28,22,0,0,0,0,0,15,3,42,61,75
l20,13=0,0,0,0,0,0,0,0,0,14,0,26,37,23,0,16,10,20,54,93,0,98,96,0,0,0,13,0,0,0,0,34,0,0,0,36,81,81,86,34
l21,13=0,0,0,0,0,0,0,0,29,16,0,60,13,19,0,18,23,46,43,94,92,0,95,0,52,0,15,0,0,0,0,0,0,0,0,22,35,40,88,24
l22,13=0,0,0,0,0,0,0,0,1,0,0,20,27,0,0,0,11,16,0,91,92,99,0,0,0,0,16,0,0,0,0,0,0,0,2,34,87,33,81,89
l23,13=0,0,0,0,2,0,0,0,0,0,0,47,51,50,99,32,0,28,0,0,0,0,0,0,66,98,0,0,0,0,0,0,0,26,24,0,0,0,0,0
l24,13=0,0,0,1,0,0,0,0,48,0,0,16,97,32,99,53,48,35,0,0,0,20,0,61,0,96,0,0,0,0,0,0,40,27,0,0,52,0,42,0
l25,13=0,0,0,0,0,0,0,0,0,0,0,6,97,41,89,28,25,0,0,0,0,0,0,99,99,0,0,0,0,14,0,47,45,73,44,0,0,0,0,0
l26,13=0,0,0,0,0,0,0,0,0,0,0,0,0,0,0,0,0,0,0,0,53,19,66,0,0,0,0,92,99,86,99,100,89,91,0,0,0,0,0,0
l27,13=0,0,0,0,0,0,0,0,0,0,0,0,0,0,0,0,0,0,0,0,0,0,0,0,0,0,79,0,99,99,100,86,73,81,39,0,0,0,0,0
l28,13=0,0,0,0,0,0,0,0,0,0,0,0,0,0,0,0,0,0,0,55,0,0,0,0,0,1,96,98,0,99,100,99,68,87,87,0,0,0,0,0
l29,13=0,0,0,0,0,0,0,0,0,0,0,0,0,0,0,0,0,0,0,26,0,0,0,0,0,7,81,98,99,0,100,88,82,77,84,0,0,0,0,0
l30,13=0,0,0,0,0,0,0,0,0,0,0,0,0,0,0,0,0,0,0,0,0,0,0,0,0,0,95,98,99,99,0,94,72,81,21,0,0,0,0,0
l31,13=0,0,0,0,0,0,0,0,0,0,0,0,0,0,0,0,0,0,0,4,71,0,0,0,0,73,96,97,98,99,100,0,99,100,100,0,0,0,0,0
l32,13=0,0,0,0,0,0,0,0,0,0,0,0,0,0,37,0,0,0,0,0,0,0,0,0,84,79,93,39,83,98,93,100,0,100,100,0,0,0,0,0
l33,13=0,0,0,0,0,0,0,0,0,0,0,0,93,0,63,0,3,42,0,0,0,0,0,66,69,98,95,53,98,93,100,100,99,0,100,0,0,0,0,0
l34,13=0,0,0,0,0,0,0,0,0,0,0,0,0,0,75,0,19,0,0,0,2,0,11,89,1,98,1,15,98,99,69,100,99,100,0,0,0,0,0,0
l35,13=0,0,0,0,0,0,0,0,0,0,0,0,0,0,0,0,1,0,0,14,50,6,20,0,0,0,0,0,0,0,0,0,0,0,0,0,91,91,79,69
l36,13=0,0,0,0,0,0,0,0,0,0,0,0,0,0,0,10,6,9,0,5,48,6,25,0,52,0,0,0,0,0,0,0,0,0,0,90,0,65,82,49
l37,13=0,0,0,0,0,0,0,0,0,0,0,0,0,0,0,0,0,0,0,28,52,14,4,0,0,0,0,0,0,0,0,0,0,0,0,57,66,0,61,62
l38,13=0,0,0,0,0,0,0,0,0,0,0,12,17,11,3,13,13,16,0,52,57,26,23,0,29,0,0,0,0,0,0,0,0,0,0,30,75,44,0,45
l39,13=0,0,0,0,0,0,0,0,0,0,0,0,0,0,0,0,10,0,0,60,38,12,34,0,0,0,0,0,0,0,0,0,0,0,0,33,62,76,72,0

l0,14=0,100,100,100,99,100,98,96,84,99,99,0,0,0,0,0,0,0,0,0,0,0,0,0,0,0,0,0,0,0,0,0,0,0,0,0,0,0,0,0
l1,14=100,0,100,100,97,100,44,0,0,29,99,0,0,50,0,0,0,0,0,0,0,0,0,0,5,0,0,0,0,0,0,0,0,0,0,0,0,0,0,0
l2,14=100,100,0,100,100,100,100,100,95,99,96,0,0,100,0,0,0,0,0,0,0,0,0,0,0,0,0,0,0,0,0,0,0,0,0,0,0,0,0,0
l3,14=100,100,98,0,58,100,100,97,0,82,98,0,0,0,0,0,0,0,0,0,0,0,0,0,0,0,0,0,0,0,0,0,0,0,0,0,0,0,0,0
l4,14=100,100,100,19,0,100,89,36,7,54,99,0,0,17,0,0,0,0,0,0,0,0,0,0,0,0,0,0,0,0,0,0,0,0,0,0,0,0,0,0
l5,14=100,100,100,100,100,0,100,100,95,99,100,0,0,79,0,73,0,0,0,0,0,0,0,0,0,0,0,0,0,0,0,0,0,0,0,0,0,0,0,0
l6,14=94,92,100,100,93,100,0,91,82,96,97,99,0,93,0,90,0,0,0,0,0,0,47,0,0,0,0,0,0,0,0,0,0,0,0,0,0,0,0,0
l7,14=96,0,99,87,36,99,97,0,97,99,100,0,0,78,0,27,97,0,0,0,0,0,0,0,0,0,0,0,0,0,0,0,0,0,0,0,0,0,0,0
l8,14=45,0,42,0,35,54,43,39,0,99,100,43,45,49,46,43,52,0,0,8,32,31,25,0,42,0,0,0,0,0,0,0,0,0,0,0,0,0,0,0
l9,14=46,0,38,29,35,94,44,100,98,0,100,64,0,100,37,83,53,30,0,0,49,51,0,41,0,0,0,0,0,0,0,0,0,0,0,0,0,0,0,0
l10,14=93,89,40,75,98,100,98,100,97,99,0,55,63,100,0,69,0,0,0,0,20,4,0,0,0,0,0,0,0,0,0,0,0,0,0,0,0,0,0,0
l11,14=0,0,0,0,0,0,97,0,24,96,54,0,97,100,98,100,97,96,0,0,68,35,50,64,39,49,0,0,0,0,0,0,0,0,0,0,38,0,25,0
l12,14=0,0,0,0,0,0,0,0,30,0,41,97,0,98,99,99,97,98,0,5,83,0,30,94,97,99,0,0,0,0,0,0,0,35,0,0,4,0,0,0
l13,14=0,87,94,0,90,97,97,86,60,98,98,99,97,0,98,100,97,96,0,45,0,62,0,88,97,98,0,0,0,0,0,0,0,0,0,0,0,0,17,0
l14,14=0,0,0,0,0,0,0,0,33,33,0,97,99,49,0,65,97,33,0,0,7,2,0,95,100,0,0,0,0,0,0,0,1,39,0,0,0,0,25,0
l15,14=0,0,0,0,0,49,43,0,61,63,55,99,97,100,54,0,97,97,0,28,70,26,0,90,98,51,0,0,0,0,0,0,0,0,0,0,0,0,26,0
l16,14=0,0,0,0,0,0,0,29,8,19,0,96,86,78,99,99,0,87,28,28,25,18,61,0,95,46,0,0,0,0,0,0,0,22,39,62,72,24,49,33
l17,14=0,0,0,0,0,0,0,0,0,45,0,97,98,98,70,99,97,0,0,92,83,62,48,94,98,66,0,0,0,0,0,0,0,33,1,31,10,0,64,0
l18,14=0,0,0,0,0,0,0,0,0,0,0,0,0,0,0,0,82,0,0,92,95,88,92,0,0,0,0,0,0,0,0,0,0,0,0,0,0,0,0,0
l19,14=0,0,0,0,0,0,0,0,0,0,0,0,83,25,0,89,86,87,83,0,97,93,95,0,0,0,50,0,63,83,0,0,0,0,0,90,67,25,59,55
l20,14=0,0,0,0,0,0,0,0,2,60,0,89,87,0,0,91,83,89,79,99,0,98,99,0,0,0,1,0,0,0,0,0,0,0,22,93,72,57,65,56
l21,14=0,0,0,0,0,0,0,0,86,91,31,89,0,84,78,89,83,87,11,98,97,0,99,0,91,0,0,0,0,0,0,0,0,0,0,90,89,84,90,87
l22,14=0,0,0,0,0,0,55,0,10,4,0,89,85,0,0,0,97,86,66,98,97,97,0,0,0,0,28,0,0,0,0,0,0,0,0,91,91,2,61,96
l23,14=0,0,0,0,0,0,0,0,0,36,0,63,98,49,99,99,0,61,0,0,0,0,0,0,53,100,0,0,0,0,0,0,23,42,42,0,0,0,0,0
l24,14=0,0,0,0,0,0,0,0,27,0,0,0,99,49,99,99,97,97,0,0,0,32,0,41,0,100,0,0,0,0,0,0,0,0,0,0,23,0,1,0
l25,14=0,0,0,0,0,0,0,0,0,0,0,43,99,97,1,94,5,40,0,0,0,0,0,100,98,0,0,0,4,1,0,0,26,75,99,0,0,0,0,0
l26,14=0,0,0,0,0,0,0,0,0,0,0,0,0,0,0,0,0,0,0,71,67,0,72,0,0,0,0,89,100,91,98,97,96,92,89,0,0,0,0,0
l27,14=0,0,0,0,0,0,0,0,0,0,0,0,0,0,0,0,0,0,0,0,0,0,0,0,0,0,90,0,100,99,100,88,90,90,3,0,0,0,0,0
l28,14=0,0,0,0,0,0,0,0,0,0,0,0,0,0,0,0,0,0,0,78,0,0,0,0,0,39,100,100,0,99,100,97,90,93,98,0,0,0,0,0
l29,14=0,0,0,0,0,0,0,0,0,0,0,0,0,0,0,0,0,0,0,76,0,0,0,0,0,0,90,100,100,0,100,89,91,0,87,0,0,0,0,0
l30,14=0,0,0,0,0,0,0,0,0,0,0,0,0,0,0,0,0,0,0,0,0,0,0,0,0,0,94,100,100,99,0,87,86,91,0,0,0,0,0,0
l31,14=0,0,0,0,0,0,0,0,0,0,0,0,0,0,0,0,0,0,0,0,0,0,0,0,0,0,100,93,98,96,98,0,100,100,100,0,0,0,0,0
l32,14=0,0,0,0,0,0,0,0,0,0,0,0,0,0,72,0,0,0,0,0,0,0,0,92,0,90,100,72,83,98,98,99,0,100,100,0,0,0,0,0
l33,14=0,0,0,0,0,0,0,0,0,0,0,0,98,0,98,0,96,65,0,0,0,0,0,99,0,100,100,94,99,0,98,99,100,0,100,0,0,0,0,0
l34,14=0,0,0,0,0,0,0,0,0,0,0,0,0,0,0,0,96,4,0,0,90,0,0,98,0,99,100,3,100,97,0,99,100,100,0,0,0,0,0,0
l35,14=0,0,0,0,0,0,0,0,0,0,0,0,21,0,0,0,75,0,0,39,78,56,60,0,0,0,0,0,0,0,0,0,0,0,0,0,96,98,64,69
l36,14=0,0,0,0,0,0,0,0,0,0,0,87,32,0,0,0,84,0,0,57,77,46,61,0,3,0,0,0,0,0,0,0,0,0,0,98,0,44,63,53
l37,14=0,0,0,0,0,0,0,0,0,0,0,0,0,0,0,0,48,0,0,0,72,17,0,0,0,0,0,0,0,0,0,0,0,0,0,98,58,0,58,55
l38,14=0,0,0,0,0,0,0,0,0,0,0,81,0,0,84,75,56,56,0,57,83,27,36,0,20,0,0,0,0,0,0,0,0,0,0,97,74,36,0,58
l39,14=0,0,0,0,0,0,0,0,0,0,0,0,0,0,0,0,83,0,0,85,74,57,60,0,0,0,0,0,0,0,0,0,0,0,0,91,65,57,60,0

l0,15=0,98,98,100,100,100,99,96,95,99,0,0,0,0,0,0,0,0,0,0,0,0,0,0,0,0,0,0,0,0,0,0,0,0,0,0,0,0,0,0
l1,15=98,0,98,100,98,100,99,98,96,99,98,0,0,71,0,0,0,0,0,0,0,0,0,0,1,0,0,0,0,0,0,0,0,0,0,0,0,0,0,0
l2,15=98,98,0,93,98,100,99,98,94,96,0,91,0,98,0,0,0,0,0,0,0,0,0,0,0,0,0,0,0,0,0,0,0,0,0,0,0,0,0,0
l3,15=100,100,0,0,100,100,98,2,0,0,98,0,0,0,0,0,0,0,0,0,0,0,0,0,0,0,0,0,0,0,0,0,0,0,0,0,0,0,0,0
l4,15=100,99,98,100,0,100,98,97,0,88,98,0,0,42,0,0,0,0,0,0,0,0,0,0,0,0,0,0,0,0,0,0,0,0,0,0,0,0,0,0
l5,15=98,99,98,100,100,0,99,98,96,99,98,0,2,97,0,85,0,0,0,0,0,0,0,0,0,0,0,0,0,0,0,0,0,0,0,0,0,0,0,0
l6,15=98,98,98,86,90,96,0,98,91,99,98,98,72,96,0,91,0,0,0,0,0,0,21,0,0,0,0,0,0,0,0,0,0,0,0,0,0,0,0,0
l7,15=74,92,98,57,88,99,99,0,97,99,100,0,0,68,0,0,96,0,0,0,0,0,0,0,0,0,0,0,0,0,0,0,0,0,0,0,0,0,0,0
l8,15=76,91,54,0,3,58,95,98,0,100,100,98,97,64,55,66,61,0,0,34,0,55,50,23,94,0,0,0,0,0,0,0,0,0,0,0,0,0,0,0
l9,15=77,62,37,0,30,68,99,100,100,0,100,95,17,100,44,98,19,89,0,0,77,60,3,30,0,0,0,0,0,0,0,0,0,0,0,0,0,0,0,0
l10,15=0,92,0,80,98,99,99,100,97,100,0,0,82,98,49,0,0,0,0,0,0,0,0,0,0,0,0,0,0,0,0,0,0,0,0,0,0,0,0,0
l11,15=0,0,34,0,0,0,98,0,96,93,0,0,99,100,54,98,99,99,0,2,77,58,52,67,96,94,0,0,0,0,0,0,0,0,0,0,55,0,47,0
l12,15=0,0,0,0,0,0,3,0,97,2,95,99,0,100,98,65,99,100,0,25,80,0,53,100,99,100,0,0,0,0,0,0,0,0,0,0,54,0,0,0
l13,15=0,88,81,0,37,55,96,80,99,100,99,100,100,0,59,98,96,99,0,10,9,5,12,69,91,92,0,0,0,0,0,0,0,0,0,0,0,0,0,0
l14,15=0,0,0,0,0,0,0,0,95,93,10,96,99,64,0,66,99,99,0,0,21,36,0,99,99,99,0,0,0,0,0,0,0,53,0,0,0,0,32,0
l15,15=0,0,0,0,0,50,97,0,96,96,0,100,96,66,58,0,100,100,0,0,76,58,3,73,99,89,0,0,0,0,0,0,0,0,0,94,0,0,49,0
l16,15=0,0,0,0,0,0,0,92,73,87,0,96,95,57,59,65,0,0,89,87,78,46,56,22,97,15,0,0,0,0,0,1,0,42,1,94,81,50,54,72
l17,15=0,0,0,0,0,0,0,0,0,95,0,99,99,62,59,67,0,0,0,91,96,61,59,73,99,92,0,0,0,0,0,0,0,44,72,0,53,34,61,0
l18,15=0,0,0,0,0,0,0,0,0,0,0,0,0,0,0,0,91,0,0,77,96,4,68,0,0,0,0,0,0,0,0,0,0,0,0,0,9,0,0,0
l19,15=0,0,0,0,0,0,0,0,29,0,0,0,70,3,0,0,82,72,46,0,97,94,92,0,0,0,47,0,0,74,0,0,0,0,0,71,67,0,45,78
l20,15=0,0,0,0,0,0,0,0,0,89,0,83,83,0,7,49,91,89,71,100,0,100,99,0,0,0,34,0,0,0,0,0,0,0,0,99,83,51,98,82
l21,15=0,0,0,0,0,0,0,0,85,85,0,88,0,0,47,88,91,93,1,100,98,0,99,0,37,0,0,0,0,0,0,0,0,5,57,85,95,55,95,96
l22,15=0,0,0,0,0,0,16,0,72,43,0,74,74,0,0,0,96,79,51,96,98,99,0,0,0,0,6,0,0,19,0,0,0,0,0,78,69,0,69,85
l23,15=0,0,0,0,0,0,0,0,25,66,0,100,100,54,98,87,15,100,0,0,0,0,0,0,99,100,0,0,0,0,0,0,61,100,0,0,0,0,0,0
l24,15=0,0,0,0,0,0,0,0,96,0,0,98,100,62,98,97,97,100,0,0,0,0,0,100,0,95,0,0,0,0,0,0,38,0,0,0,53,0,0,0
l25,15=0,0,0,0,0,0,0,0,0,0,0,96,100,57,96,56,1,91,0,0,0,0,0,95,97,0,49,0,42,1,0,70,62,41,85,0,0,0,0,0
l26,15=0,0,0,0,0,0,0,0,0,0,0,0,0,0,0,0,0,0,0,96,74,0,51,0,0,72,0,96,88,96,96,97,96,94,75,0,0,0,0,0
l27,15=0,0,0,0,0,0,0,0,0,0,0,0,0,0,0,0,0,0,0,0,0,0,0,0,0,0,96,0,87,96,96,94,96,92,75,0,0,0,0,0
l28,15=0,0,0,0,0,0,0,0,0,0,0,0,0,0,0,0,0,0,0,27,0,0,0,0,0,70,98,97,0,96,96,95,96,95,75,0,0,0,0,0
l29,15=0,0,0,0,0,0,0,0,0,0,0,0,0,0,0,0,0,0,0,94,0,0,45,0,0,0,98,97,88,0,96,95,96,95,79,0,0,0,0,0
l30,15=0,0,0,0,0,0,0,0,0,0,0,0,0,0,0,0,0,0,0,0,0,0,0,0,0,0,98,97,88,96,0,92,96,95,0,0,0,0,0,0
l31,15=0,0,0,0,0,0,0,0,0,0,0,0,0,0,0,0,0,0,0,0,0,2,0,0,0,72,98,96,82,96,94,0,100,99,87,0,0,0,0,0
l32,15=0,0,0,0,0,0,0,0,0,0,0,0,34,0,0,0,0,0,0,0,0,0,0,93,93,73,98,92,77,96,94,97,0,99,87,0,0,0,0,0
l33,15=0,0,0,0,0,0,0,0,0,0,0,0,0,0,95,0,95,91,0,0,0,2,0,99,2,80,69,79,83,95,92,98,100,0,88,0,0,0,0,0
l34,15=0,0,0,0,0,0,0,0,0,0,0,0,0,0,0,0,13,86,0,0,0,51,0,0,0,75,96,70,78,95,0,97,100,99,0,0,0,0,0,0
l35,15=0,0,0,0,0,0,0,0,0,0,0,0,0,0,0,39,77,0,0,46,76,3,40,0,0,0,0,0,0,0,0,0,0,0,0,0,97,91,59,85
l36,15=0,0,0,0,0,0,0,0,0,0,0,67,71,0,0,0,93,35,0,83,91,44,42,0,59,0,0,0,0,0,0,0,0,0,0,99,0,59,63,82
l37,15=0,0,0,0,0,0,0,0,0,0,0,0,0,0,0,0,82,0,0,0,75,42,0,0,0,0,0,0,0,0,0,0,0,0,0,99,95,0,56,86
l38,15=0,0,0,0,0,0,0,0,0,0,0,68,0,0,1,52,90,88,0,72,96,44,52,0,0,0,0,0,0,0,0,0,0,0,0,99,84,45,0,92
l39,15=0,0,0,0,0,0,0,0,0,0,0,0,0,0,0,0,73,0,0,81,70,48,48,0,0,0,0,0,0,0,0,0,0,0,0,97,73,58,60,0

