t=2016-04-13_03.49.14

n=40

q0=1
q1=1
q2=1
q3=1
q4=1
q5=1
q6=1
q7=1
q8=1
q9=1
q10=1
q11=1
q12=1
q13=1
q14=1
q15=1
q16=1
q17=1
q18=1
q19=1
q20=1
q21=1
q22=1
q23=1
q24=1
q25=1
q26=1
q27=1
q28=1
q29=1
q30=1
q31=1
q32=1
q33=1
q34=1
q35=1
q36=1
q37=1
q38=1
q39=1

a0=0x141592000c576ce6
a1=0x141592000c5aedbc
a2=0x141592000c5750f4
a3=0x141592000c576658
a4=0x141592000c575890
a5=0x141592000c574ffa
a6=0x141592000c5acf11
a7=0x141592000d9df361
a8=0x141592000c576300
a9=0x141592000c5779b6
a10=0x141592000c5762b9
a11=0x141592000c5af078
a12=0x141592000c575517
a13=0x141592000c5752c3
a14=0x141592000c5a4baa
a15=0x141592000c5776e7
a16=0x141592000c58cdeb
a17=0x141592000c5881fc
a18=0x141592000bd81d33
a19=0x141592000bd84d6a
a20=0x141592000c577233
a21=0x141592000c574527
a22=0x141592000c5746a3
a23=0x141592000c574da3
a24=0x141592000c5741c9
a25=0x141592000da244ea
a26=0x141592000c5ae886
a27=0x141592000c57510e
a28=0x141592000c5ab6c8
a29=0x141592000c574d05
a30=0x141592000edae61f
a31=0x141592000c57667e
a32=0x141592000c577f43
a33=0x141592000c576449
a34=0x1415920010f4117a
a35=0x141592000c575966
a36=0x141592000c574d35
a37=0x141592000c576fb1
a38=0x141592000c5aea5d
a39=0x141592000c59f23f

l0,0=0,82,85,84,82,78,82,79,58,79,86,0,0,0,0,0,0,0,0,0,0,0,0,0,0,0,0,0,0,0,0,0,0,0,0,0,0,0,0,0
l1,0=84,0,86,80,82,80,67,78,78,64,85,0,0,18,0,0,0,0,0,0,0,0,0,0,0,0,0,0,0,0,0,0,0,0,0,0,0,0,0,0
l2,0=77,84,0,74,83,79,91,79,34,73,86,0,0,73,0,0,0,0,0,0,0,0,0,0,0,0,0,0,0,0,0,0,0,0,0,0,0,0,0,0
l3,0=90,82,82,0,81,76,82,76,70,0,68,0,0,0,0,0,0,0,0,0,0,0,0,0,0,0,0,0,0,0,0,0,0,0,0,0,0,0,0,0
l4,0=88,84,86,80,0,77,76,71,73,57,76,0,0,68,0,0,0,0,0,0,0,0,0,0,0,0,0,0,0,0,0,0,0,0,0,0,0,0,0,0
l5,0=81,86,86,72,77,0,82,76,78,77,84,43,0,65,0,0,0,0,0,0,0,0,0,0,0,0,0,0,0,0,0,0,0,0,0,0,0,0,0,0
l6,0=74,39,92,71,74,69,0,89,81,65,82,29,0,68,0,38,45,0,0,0,0,0,0,0,0,0,0,0,0,0,0,0,0,0,0,0,0,0,0,0
l7,0=69,78,84,70,74,69,85,0,85,76,89,69,0,64,0,42,0,0,0,0,0,0,0,0,0,0,0,0,0,0,0,0,0,0,0,0,0,0,0,0
l8,0=0,38,0,34,66,38,79,64,0,88,46,79,50,85,68,73,82,39,0,0,0,68,1,51,77,0,0,0,0,0,0,0,0,0,0,0,0,0,36,0
l9,0=54,21,82,0,63,80,43,87,93,0,91,50,33,80,20,44,47,36,0,0,0,0,41,0,0,0,0,0,0,0,0,0,0,0,0,0,0,0,0,0
l10,0=73,77,88,56,74,71,76,91,77,91,0,76,48,83,4,70,19,0,0,0,0,0,0,0,0,0,0,0,0,0,0,0,0,0,0,0,0,0,0,0
l11,0=0,0,0,0,0,15,19,43,78,67,23,0,72,82,92,92,57,58,0,21,0,59,0,0,74,24,0,0,0,0,0,0,0,0,0,5,44,0,44,0
l12,0=0,0,0,0,0,0,0,0,69,55,7,86,0,81,87,92,47,100,0,0,47,60,0,79,90,80,0,0,0,0,0,0,0,68,0,0,40,0,47,0
l13,0=0,0,57,0,55,0,53,54,93,75,88,87,83,0,86,79,42,76,0,59,59,67,68,66,76,60,0,0,0,0,0,0,0,0,0,0,0,0,64,0
l14,0=0,0,0,0,0,0,0,0,74,16,0,32,67,84,0,55,57,53,0,0,48,0,69,81,86,85,0,0,0,0,0,0,0,72,0,0,33,0,35,0
l15,0=0,0,0,0,0,0,20,27,78,63,22,99,93,82,85,0,49,53,0,13,12,0,52,40,86,0,0,0,0,0,0,0,0,0,0,0,40,0,48,0
l16,0=0,0,0,0,0,0,5,0,74,48,0,29,46,50,87,46,0,60,0,20,48,72,77,46,76,0,0,0,0,0,0,0,0,54,0,51,38,15,53,53
l17,0=0,0,0,0,0,0,0,0,67,60,0,33,95,79,89,58,60,0,0,11,50,68,81,0,76,67,0,0,0,0,0,0,0,72,0,0,51,2,40,0
l18,0=0,0,0,0,0,0,0,0,0,0,0,0,0,0,0,0,0,0,0,0,86,0,86,0,0,0,0,0,0,0,0,0,0,0,0,0,0,0,0,0
l19,0=0,0,0,0,0,0,0,0,0,0,0,21,0,50,0,22,46,12,0,0,86,87,99,0,0,0,43,0,0,0,0,0,0,0,0,32,76,1,56,85
l20,0=0,0,0,0,0,0,0,0,0,0,0,0,28,47,42,10,50,51,58,90,0,92,98,0,0,0,0,0,0,0,0,0,0,0,0,66,95,79,94,97
l21,0=0,0,0,0,0,0,0,0,62,0,0,13,27,66,0,0,84,38,0,83,97,0,98,0,0,0,24,0,0,0,0,0,0,0,0,77,50,18,75,66
l22,0=0,0,0,0,0,0,0,0,42,22,0,0,8,69,44,35,50,53,42,90,97,92,0,0,0,0,0,0,0,0,0,1,1,0,0,72,97,38,66,95
l23,0=0,0,0,0,0,0,0,0,70,0,0,0,66,75,83,20,43,0,0,0,0,0,0,0,85,41,0,0,0,0,0,10,2,69,75,0,0,0,0,0
l24,0=0,0,0,0,0,0,0,0,79,0,0,31,95,78,84,54,53,50,0,0,0,0,0,84,0,76,0,0,0,0,0,0,49,84,69,0,0,0,0,0
l25,0=0,0,0,0,0,0,0,0,31,0,0,7,84,66,85,0,0,40,0,0,0,0,0,29,82,0,52,4,0,0,0,57,63,70,75,0,0,0,0,0
l26,0=0,0,0,0,0,0,0,0,0,0,0,0,0,0,0,0,0,0,0,66,0,24,0,0,0,56,0,73,97,91,94,85,67,62,66,0,0,0,0,0
l27,0=0,0,0,0,0,0,0,0,0,0,0,0,0,0,0,0,0,0,0,0,0,0,0,0,0,0,81,0,97,96,100,74,75,72,83,0,0,0,0,0
l28,0=0,0,0,0,0,0,0,0,0,0,0,0,0,0,0,0,0,0,0,0,0,0,0,0,0,0,87,99,0,96,98,85,78,66,87,0,0,0,0,0
l29,0=0,0,0,0,0,0,0,0,0,0,0,0,0,0,0,0,0,0,0,0,0,0,0,0,0,0,83,100,97,0,100,72,59,58,61,0,0,0,0,0
l30,0=0,0,0,0,0,0,0,0,0,0,0,0,0,0,0,0,0,0,0,0,0,0,0,0,0,0,80,100,97,96,0,60,76,74,0,0,0,0,0,0
l31,0=0,0,0,0,0,0,0,0,0,0,0,0,0,0,0,0,0,0,0,0,0,0,3,40,0,54,81,57,84,69,59,0,83,76,92,0,0,0,0,0
l32,0=0,0,0,0,0,0,0,0,0,0,0,0,0,0,0,0,0,0,0,0,0,0,0,19,58,52,71,56,68,60,64,79,0,84,93,0,0,0,0,0
l33,0=0,0,0,0,0,0,0,0,0,0,0,0,58,0,55,0,56,56,0,0,0,0,0,46,72,61,63,53,72,57,73,75,84,0,75,0,0,0,0,0
l34,0=0,0,0,0,0,0,0,0,0,0,0,0,0,0,0,0,0,0,0,0,18,0,0,58,61,67,70,60,64,62,0,87,94,71,0,0,0,0,0,0
l35,0=0,0,0,0,0,0,0,0,0,0,0,0,0,0,0,0,15,0,0,8,24,75,54,0,0,0,0,0,0,0,0,0,0,0,0,0,50,78,95,81
l36,0=0,0,0,0,0,0,0,0,0,0,0,14,22,0,13,25,24,40,0,26,59,58,97,0,0,0,0,0,0,0,0,0,0,0,0,81,0,58,66,94
l37,0=0,0,0,0,0,0,0,0,0,0,0,0,0,0,0,0,22,0,0,6,58,42,78,0,0,0,0,0,0,0,0,0,0,0,0,87,64,0,0,96
l38,0=0,0,0,0,0,0,0,0,38,0,0,16,47,53,5,49,58,23,0,22,66,85,90,0,0,0,0,0,0,0,0,0,0,0,0,88,97,0,0,96
l39,0=0,0,0,0,0,0,0,0,0,0,0,0,0,0,0,0,27,0,0,31,65,69,97,0,0,0,0,0,0,0,0,0,0,0,0,84,64,59,72,0

l0,1=0,83,68,88,86,77,78,0,60,59,61,0,0,21,0,0,0,0,0,0,0,0,0,0,0,0,0,0,0,0,0,0,0,0,0,0,0,0,0,0
l1,1=79,0,84,85,86,81,74,72,67,60,69,0,0,58,0,0,0,0,0,0,0,0,0,0,0,0,0,0,0,0,0,0,0,0,0,0,0,0,0,0
l2,1=63,89,0,75,84,86,87,72,0,63,78,0,0,0,0,23,0,0,0,0,0,0,0,0,0,0,0,0,0,0,0,0,0,0,0,0,0,0,0,0
l3,1=86,83,81,0,75,77,68,55,0,0,59,0,0,0,0,0,0,0,0,0,0,0,0,0,0,0,0,0,0,0,0,0,0,0,0,0,0,0,0,0
l4,1=80,83,80,67,0,77,71,60,71,57,64,0,0,58,26,0,0,0,0,0,0,0,0,0,0,0,0,0,0,0,0,0,0,0,0,0,0,0,0,0
l5,1=72,84,85,72,80,0,74,74,65,61,67,0,0,34,0,0,0,0,0,0,0,0,0,0,0,0,0,0,0,0,0,0,0,0,0,0,0,0,0,0
l6,1=61,71,80,55,49,67,0,81,63,51,72,38,16,56,0,2,15,0,0,0,0,0,0,0,0,0,0,0,0,0,0,0,0,0,0,0,0,0,0,0
l7,1=0,50,72,40,44,76,79,0,69,67,77,25,19,0,0,0,0,0,0,0,0,0,0,0,0,0,0,0,0,0,0,0,0,0,0,0,0,0,0,0
l8,1=35,39,0,0,72,46,72,74,0,68,64,58,4,77,59,62,60,17,0,0,0,51,20,14,0,0,0,0,0,0,0,0,0,0,0,0,0,0,0,0
l9,1=49,66,71,0,67,72,46,73,85,0,79,46,24,79,46,59,29,25,0,0,0,16,9,0,0,0,0,0,0,0,0,0,0,0,0,0,0,0,0,0
l10,1=47,77,75,50,56,69,76,83,63,70,0,50,0,74,0,41,0,0,0,0,0,13,0,0,1,0,0,0,0,0,0,0,0,0,0,0,0,0,0,0
l11,1=0,0,0,0,0,0,25,20,51,38,37,0,77,82,66,75,36,67,0,34,2,16,0,10,34,0,0,0,0,0,0,0,0,0,0,16,33,0,41,0
l12,1=0,0,0,0,0,0,0,0,11,31,0,51,0,60,78,69,37,72,0,0,34,26,1,51,78,29,0,0,0,0,0,0,0,35,0,0,0,0,41,0
l13,1=0,11,0,0,19,0,22,0,72,62,55,68,40,0,66,39,33,31,0,30,34,26,14,25,25,18,0,0,0,0,0,0,0,0,0,0,0,0,39,0
l14,1=0,0,0,0,12,0,0,0,50,34,0,38,77,58,0,50,43,26,0,0,38,1,19,45,39,38,0,0,0,0,0,0,0,2,0,0,0,0,1,0
l15,1=0,0,5,0,0,0,1,0,57,47,36,78,71,45,51,0,16,39,0,31,21,0,8,9,43,0,0,0,0,0,0,0,0,0,0,0,27,0,31,0
l16,1=0,0,0,0,0,0,2,0,39,33,0,26,27,45,65,36,0,28,0,0,37,33,19,13,26,19,0,0,0,0,0,0,27,18,0,13,24,0,40,34
l17,1=0,0,0,0,0,0,0,0,38,34,0,38,85,51,51,61,46,0,0,5,36,18,13,12,24,9,0,0,0,0,0,0,0,41,0,0,19,0,0,0
l18,1=0,0,0,0,0,0,0,0,0,0,0,0,0,0,0,0,0,0,0,57,53,57,49,0,0,0,0,0,0,0,0,0,0,0,0,0,0,0,0,0
l19,1=0,0,0,0,0,0,0,0,0,0,0,8,0,36,0,2,0,0,35,0,57,55,59,0,0,0,30,0,0,0,0,0,0,0,0,36,53,28,59,63
l20,1=0,0,0,0,0,0,0,0,0,0,0,0,22,41,40,6,33,22,39,69,0,76,58,0,0,0,0,0,0,0,0,0,0,0,0,29,45,60,70,68
l21,1=0,0,0,0,0,0,0,0,51,23,19,16,21,47,10,0,57,13,29,63,64,0,55,0,0,0,18,0,0,0,0,0,0,0,0,58,35,33,67,68
l22,1=0,0,0,0,0,0,0,0,35,12,0,0,5,41,37,25,40,17,26,76,66,73,0,0,0,0,0,0,0,0,0,29,0,0,0,35,64,36,30,68
l23,1=0,0,0,0,0,0,0,0,21,0,0,0,57,54,65,5,25,16,0,0,0,0,0,0,67,38,0,0,0,0,0,0,0,12,37,0,0,0,0,0
l24,1=0,0,0,0,0,0,0,0,0,0,0,32,77,44,68,63,32,25,0,0,0,0,0,67,0,38,0,0,0,0,0,0,38,50,25,0,0,0,0,0
l25,1=0,0,0,0,0,0,0,0,6,0,0,0,53,56,68,0,48,14,0,0,0,0,0,49,61,0,44,0,10,0,0,47,0,54,43,0,0,0,0,0
l26,1=0,0,0,0,0,0,0,0,0,0,0,0,0,0,0,0,0,0,0,41,0,14,0,0,0,32,0,69,67,81,78,79,73,70,64,0,0,0,0,0
l27,1=0,0,0,0,0,0,0,0,0,0,0,0,0,0,0,0,0,0,0,0,0,0,0,0,0,0,65,0,68,88,91,47,64,47,59,0,0,0,0,0
l28,1=0,0,0,0,0,0,0,0,0,0,0,0,0,0,0,0,0,0,0,0,0,0,2,0,0,20,81,83,0,89,86,71,51,52,58,0,0,0,0,0
l29,1=0,0,0,0,0,0,0,0,0,0,0,0,0,0,0,0,0,0,0,0,0,0,0,0,0,1,73,83,69,0,86,65,55,21,24,0,0,0,0,0
l30,1=0,0,0,0,0,0,0,0,0,0,0,0,0,0,0,0,0,0,0,0,0,0,0,0,0,0,66,86,69,87,0,57,54,61,0,0,0,0,0,0
l31,1=0,0,0,0,0,0,0,0,0,0,0,0,0,0,0,0,0,0,0,0,0,0,36,0,0,33,74,40,53,48,44,0,74,67,74,0,0,0,0,0
l32,1=0,0,0,0,0,0,0,0,0,0,0,0,0,0,0,0,22,0,0,0,0,0,0,0,22,0,64,23,12,26,20,73,0,66,85,0,0,0,0,0
l33,1=0,0,0,0,0,0,0,0,0,0,0,0,15,0,0,0,9,12,0,0,0,0,0,12,26,16,55,19,15,19,26,64,65,0,25,0,0,0,0,0
l34,1=0,0,0,0,0,0,0,0,0,0,0,0,0,0,5,0,1,0,0,0,4,0,0,45,22,31,47,21,49,20,0,71,86,63,0,0,0,0,0,0
l35,1=0,0,0,0,0,0,0,0,0,0,0,5,0,0,0,0,17,0,0,36,31,34,25,0,0,0,0,0,0,0,0,0,0,0,0,0,40,62,75,50
l36,1=0,0,0,0,0,0,0,0,0,0,0,18,0,0,0,37,16,9,0,49,54,19,29,0,0,0,0,0,0,0,0,0,0,0,0,38,0,61,82,67
l37,1=0,0,0,0,0,0,0,0,0,0,0,0,0,0,0,0,0,0,0,41,55,20,21,0,0,0,0,0,0,0,0,0,0,0,0,38,42,0,67,68
l38,1=0,0,0,0,0,0,0,0,0,0,0,22,24,35,0,0,19,0,0,49,56,41,10,0,0,0,0,0,0,0,0,0,0,0,0,66,64,51,0,69
l39,1=0,0,0,0,0,0,0,0,0,0,0,0,0,0,0,0,17,0,0,53,48,33,28,0,0,0,0,0,0,0,0,0,0,0,0,32,41,50,65,0

l0,2=0,77,78,76,76,76,75,67,54,52,50,0,0,2,0,0,0,0,0,0,0,0,0,0,0,0,0,0,0,0,0,0,0,0,0,0,0,0,0,0
l1,2=82,0,77,83,82,77,76,75,42,54,63,0,0,0,0,0,0,0,0,0,0,0,0,0,0,0,0,0,0,0,0,0,0,0,0,0,0,0,0,0
l2,2=68,74,0,78,72,83,83,76,40,62,62,0,0,1,0,24,0,0,0,0,0,0,0,0,0,0,0,0,0,0,0,0,0,0,0,0,0,0,0,0
l3,2=86,86,84,0,76,73,63,3,47,0,0,0,0,0,0,0,0,0,0,0,0,0,0,0,0,0,0,0,0,0,0,0,0,0,0,0,0,0,0,0
l4,2=76,77,74,70,0,76,73,63,0,56,42,0,0,0,0,0,0,0,0,0,0,0,0,7,0,0,0,0,0,0,0,0,0,0,0,0,0,0,0,0
l5,2=69,77,84,67,77,0,73,74,53,50,61,0,0,11,0,1,0,0,0,0,0,0,0,0,0,0,0,0,0,0,0,0,0,0,0,0,0,0,0,0
l6,2=68,72,83,40,72,73,0,58,40,49,64,16,33,29,0,30,0,0,0,0,0,0,0,0,0,0,0,0,0,0,0,0,0,0,0,0,0,0,0,0
l7,2=62,62,73,39,62,74,72,0,63,51,69,36,0,46,0,49,2,0,0,0,0,0,0,0,0,0,0,0,0,0,0,0,0,0,0,0,0,0,0,0
l8,2=31,2,1,20,0,46,32,72,0,74,60,51,0,57,10,65,40,32,0,0,0,38,36,0,25,0,0,0,0,0,0,0,0,0,0,0,0,0,11,0
l9,2=44,48,81,7,65,64,70,78,73,0,66,48,40,57,0,42,25,30,0,0,22,16,0,0,0,0,0,0,0,0,0,0,0,0,0,0,0,0,0,0
l10,2=45,63,71,13,48,72,78,81,61,67,0,44,0,52,0,37,0,4,0,0,0,0,0,0,0,0,0,0,0,0,0,0,0,0,0,0,0,0,0,0
l11,2=0,0,0,0,0,0,14,16,45,28,24,0,66,69,69,83,44,79,0,27,34,33,34,28,16,0,0,0,0,0,0,0,0,0,0,28,35,0,31,19
l12,2=0,0,0,0,0,0,16,0,0,24,0,80,0,47,85,77,56,87,0,0,0,39,0,70,82,64,0,0,0,0,0,0,0,0,0,0,0,0,28,0
l13,2=0,0,0,0,0,0,0,31,64,48,39,73,43,0,45,59,50,45,0,40,35,35,41,28,29,27,0,0,0,0,0,0,0,0,0,0,0,0,34,0
l14,2=0,0,0,0,0,0,0,0,0,0,0,70,68,42,0,34,60,52,0,0,38,0,3,72,65,55,0,0,0,0,0,0,0,47,0,0,0,0,32,0
l15,2=0,0,3,0,0,0,15,39,60,31,24,91,69,56,27,0,43,63,0,28,40,5,0,15,60,0,0,0,0,0,0,0,0,0,0,0,3,0,23,26
l16,2=0,0,0,0,0,0,0,0,37,7,0,40,46,42,54,32,0,68,0,0,55,51,61,5,38,28,0,0,0,0,0,0,0,36,7,40,39,0,33,37
l17,2=0,0,0,0,0,0,0,0,37,17,0,85,70,46,46,73,69,0,0,0,38,42,41,25,38,26,0,0,0,0,0,0,0,39,0,0,36,0,33,0
l18,2=0,0,0,0,0,0,0,0,0,0,0,0,0,0,0,0,0,0,0,0,56,57,54,0,0,0,0,0,0,0,0,0,0,0,0,0,0,0,0,0
l19,2=0,0,0,0,0,0,0,0,0,0,0,10,0,36,0,10,0,2,9,0,74,67,78,0,0,0,38,0,0,0,0,23,0,0,0,38,50,43,52,60
l20,2=0,0,0,0,0,0,0,0,0,5,0,27,0,35,18,26,60,36,34,73,0,76,78,0,8,0,0,0,0,0,0,0,0,0,13,19,55,62,58,64
l21,2=0,0,0,0,0,0,0,0,39,15,0,38,33,37,0,8,60,40,40,73,80,0,78,0,0,0,3,0,0,0,0,0,0,36,0,45,55,49,57,64
l22,2=0,0,0,0,0,0,0,0,37,0,0,35,1,33,0,0,60,30,37,81,78,74,0,0,0,0,13,0,0,23,0,42,0,1,0,50,55,50,0,64
l23,2=0,0,0,0,0,0,0,0,0,0,0,23,61,42,75,2,0,44,0,0,0,0,0,0,71,50,0,0,0,0,0,0,0,0,32,0,0,0,0,0
l24,2=0,0,0,0,0,0,0,0,34,0,0,48,65,49,73,70,59,57,0,0,33,0,0,76,0,63,0,0,0,0,0,0,4,41,30,0,0,0,5,0
l25,2=0,0,0,0,0,0,0,0,0,0,0,0,61,48,64,0,48,0,0,0,0,0,0,58,62,0,35,0,0,0,0,48,53,60,46,0,0,0,0,0
l26,2=0,0,0,0,0,0,0,0,0,0,0,0,0,0,0,0,0,0,0,50,0,0,18,0,0,31,0,23,77,74,69,72,75,70,61,0,0,0,0,0
l27,2=0,0,0,0,0,0,0,0,0,0,0,0,0,0,0,0,0,0,0,0,0,0,0,0,0,0,28,0,77,87,84,67,68,62,60,0,0,0,0,0
l28,2=0,0,0,0,0,0,0,0,0,0,0,0,0,0,0,0,0,0,0,6,0,0,0,0,0,0,86,80,0,90,71,70,59,56,50,0,0,0,0,0
l29,2=0,0,0,0,0,0,0,0,0,0,0,0,0,0,0,0,0,0,0,0,0,0,38,0,0,0,72,79,77,0,70,65,56,0,6,0,0,0,0,0
l30,2=0,0,0,0,0,0,0,0,0,0,0,0,0,0,0,0,0,0,0,0,0,0,0,0,0,0,71,87,76,72,0,48,55,56,39,0,0,0,0,0
l31,2=0,0,0,0,0,0,0,0,0,0,0,0,0,0,0,0,0,0,0,32,0,0,42,0,0,32,73,44,60,49,35,0,82,68,63,0,0,0,0,0
l32,2=0,0,0,0,0,0,0,0,0,0,0,0,0,0,0,0,0,0,0,0,0,0,0,0,0,29,56,38,41,59,42,73,0,73,83,0,0,0,0,0
l33,2=0,0,0,0,0,0,0,0,0,0,0,0,0,0,52,0,40,31,0,0,0,34,1,0,33,45,53,38,54,0,44,60,72,0,60,0,0,0,0,0
l34,2=0,0,0,0,0,0,0,0,0,0,0,0,0,0,0,0,24,0,0,0,40,0,0,28,32,33,56,41,51,33,32,70,88,77,0,0,0,0,0,0
l35,2=0,0,0,0,0,0,0,0,0,0,0,16,0,0,0,0,43,0,0,23,9,38,59,0,0,0,0,0,0,0,0,0,0,0,0,0,58,66,59,52
l36,2=0,0,0,0,0,0,0,0,0,0,0,42,0,0,0,0,56,32,0,49,72,65,68,0,0,0,0,0,0,0,0,0,0,0,0,54,0,65,60,62
l37,2=0,0,0,0,0,0,0,0,0,0,0,0,0,0,0,0,0,0,0,33,66,54,55,0,0,0,0,0,0,0,0,0,0,0,0,54,58,0,57,60
l38,2=0,0,0,0,0,0,0,0,1,0,0,26,24,37,12,18,38,20,0,41,76,67,0,0,0,0,0,0,0,0,0,0,0,0,0,54,58,63,0,66
l39,2=0,0,0,0,0,0,0,0,0,0,0,0,0,0,0,5,48,0,0,55,65,61,62,0,0,0,0,0,0,0,0,0,0,0,0,47,51,56,53,0

l0,3=0,82,87,87,80,84,84,74,0,57,0,0,0,0,0,0,0,0,0,0,0,0,0,0,0,0,0,0,0,0,0,0,0,0,0,0,0,0,0,0
l1,3=79,0,84,87,85,84,89,82,52,75,68,0,0,0,0,0,0,0,0,0,0,0,0,0,0,0,0,0,0,0,0,0,0,0,0,0,0,0,0,0
l2,3=79,73,0,87,86,90,96,82,71,75,85,0,0,56,0,0,0,0,0,0,0,0,0,0,0,0,0,0,0,0,0,0,0,0,0,0,0,0,0,0
l3,3=79,83,87,0,85,0,86,0,17,15,74,0,0,0,0,0,0,0,0,0,0,0,0,0,0,0,0,0,0,0,0,0,0,0,0,0,0,0,0,0
l4,3=28,80,89,91,0,88,82,3,0,37,26,0,0,30,0,0,0,0,0,0,0,0,0,0,0,0,0,0,0,0,0,0,0,0,0,0,0,0,0,0
l5,3=80,84,92,4,85,0,84,82,54,65,85,50,0,66,32,12,0,0,0,0,0,0,0,0,0,0,0,0,0,0,0,0,0,0,0,0,0,0,0,0
l6,3=72,84,93,79,78,81,0,83,70,79,94,75,64,57,0,54,69,0,0,0,0,0,0,0,0,0,0,0,0,0,0,0,0,0,0,0,0,0,0,0
l7,3=72,75,86,0,35,80,84,0,82,85,92,0,0,65,0,67,42,0,0,0,0,0,0,0,0,0,0,0,0,0,0,0,0,0,0,0,0,0,0,0
l8,3=0,13,39,12,0,28,60,84,0,86,89,77,22,80,4,88,59,40,0,0,0,42,30,0,38,0,0,0,0,0,0,0,0,0,0,0,0,0,9,0
l9,3=23,37,42,17,43,40,38,84,86,0,95,31,30,81,23,38,0,0,0,0,33,3,0,0,0,0,0,0,0,0,0,0,0,0,0,0,0,0,0,0
l10,3=0,34,90,36,37,84,91,89,83,88,0,41,2,80,18,33,0,0,0,0,0,0,0,6,24,0,0,0,0,0,0,0,0,0,0,0,0,0,4,0
l11,3=0,1,0,0,0,39,71,0,75,45,78,0,92,85,92,93,46,93,0,3,37,65,67,44,74,2,0,0,0,0,0,0,0,0,0,0,63,0,65,0
l12,3=0,0,0,0,0,0,30,0,7,31,0,94,0,40,97,93,46,99,0,1,0,28,2,72,93,83,0,0,0,0,0,0,0,30,0,28,0,0,19,0
l13,3=0,0,25,0,7,37,24,34,87,80,83,92,80,0,17,83,39,66,6,24,43,29,35,29,34,38,0,0,0,0,0,0,0,0,0,0,8,0,21,0
l14,3=0,0,0,0,0,17,0,0,8,32,0,90,95,18,0,33,51,23,0,0,0,0,0,86,93,46,0,0,0,0,0,0,0,8,0,0,0,0,23,0
l15,3=0,0,0,0,0,5,25,34,83,74,29,96,95,81,38,0,77,86,0,13,40,30,0,19,88,0,0,0,0,0,0,0,0,0,0,0,0,0,24,26
l16,3=0,0,0,0,0,0,25,5,33,0,0,38,67,36,78,40,0,84,15,13,80,73,80,0,45,29,0,0,0,0,0,0,0,28,0,12,36,4,26,32
l17,3=0,0,0,0,0,0,0,0,65,0,0,95,95,81,38,83,90,0,0,0,37,66,54,32,88,0,0,0,0,0,0,0,0,27,0,29,54,24,40,23
l18,3=0,0,0,0,0,0,0,0,0,0,0,0,0,22,0,0,18,0,0,0,51,0,64,0,0,0,0,0,0,0,0,0,0,0,0,0,0,0,0,0
l19,3=0,0,0,0,0,0,0,0,0,0,0,0,0,57,0,2,19,0,0,0,88,84,95,0,0,0,36,0,45,58,0,0,0,0,0,0,71,61,78,0
l20,3=0,0,0,0,0,0,0,0,0,52,0,45,2,76,21,80,87,60,47,89,0,85,96,0,39,0,0,0,0,0,0,0,0,0,29,15,80,88,89,78
l21,3=0,0,0,0,0,0,0,0,77,19,0,76,62,68,34,68,84,77,13,91,91,0,93,0,0,0,33,0,0,0,0,0,10,33,0,0,75,79,76,73
l22,3=0,0,0,0,0,0,0,0,62,0,0,58,16,79,0,0,88,66,62,96,92,86,0,0,0,0,68,0,0,42,0,43,0,0,0,90,82,50,89,84
l23,3=0,0,0,0,0,0,0,0,0,0,0,45,88,39,86,33,2,29,0,0,0,0,0,0,88,85,0,0,0,0,0,0,0,28,0,0,0,0,0,0
l24,3=0,0,0,0,0,0,0,0,30,0,15,52,95,39,85,83,75,85,0,0,32,0,0,85,0,83,0,0,0,0,0,0,2,63,0,0,23,0,1,0
l25,3=0,0,0,0,0,0,0,0,0,0,0,7,88,39,85,0,42,0,0,0,0,0,0,82,86,0,21,0,0,2,0,33,42,86,69,0,0,0,0,0
l26,3=0,0,0,0,0,0,0,0,0,0,0,0,0,0,0,0,0,0,0,62,0,42,60,0,0,41,0,79,100,96,96,95,89,58,89,0,0,0,0,0
l27,3=0,0,0,0,0,0,0,0,0,0,0,0,0,0,0,0,0,0,0,0,0,0,0,0,0,0,87,0,100,96,100,90,84,3,23,0,0,0,0,0
l28,3=0,0,0,0,0,0,0,0,0,0,0,0,0,0,0,0,0,0,0,64,0,0,0,0,0,0,96,100,0,96,86,85,77,84,70,0,0,0,0,0
l29,3=0,0,0,0,0,0,0,0,0,0,0,0,0,0,0,0,0,0,0,62,0,0,59,0,0,10,96,100,100,0,92,84,80,59,62,0,0,0,0,0
l30,3=0,0,0,0,0,0,0,0,0,0,0,0,0,0,0,0,0,0,0,0,0,0,0,0,0,0,89,100,90,89,0,73,80,67,0,0,0,0,0,0
l31,3=0,0,0,0,0,0,0,0,0,0,0,0,0,0,0,0,0,0,0,0,0,0,60,3,0,64,96,68,75,74,60,0,96,96,97,0,0,0,0,0
l32,3=0,0,0,0,0,0,0,0,0,0,0,0,8,0,0,0,0,0,0,0,0,4,0,0,0,72,85,63,76,73,76,99,0,93,99,0,0,0,0,0
l33,3=0,0,0,0,0,0,0,0,0,0,0,0,53,0,40,0,60,0,0,0,0,41,0,49,79,86,65,0,87,51,63,93,90,0,93,0,0,0,0,0
l34,3=0,0,0,0,0,0,0,0,0,0,0,0,0,0,4,0,0,0,0,0,63,0,0,43,0,80,84,34,84,75,15,96,96,98,0,0,0,0,0,0
l35,3=0,0,0,0,0,0,0,0,0,0,0,0,25,0,0,0,2,12,0,0,4,0,79,0,0,0,0,0,0,0,0,0,0,0,0,0,82,90,88,77
l36,3=0,0,0,0,0,0,0,0,0,0,0,51,13,21,0,0,70,53,0,72,76,71,76,0,22,0,0,0,0,0,0,0,0,0,0,89,0,91,89,62
l37,3=0,0,0,0,0,0,0,0,0,0,0,0,0,0,0,0,0,10,0,43,81,74,43,0,0,0,0,0,0,0,0,0,0,0,0,86,80,0,74,65
l38,3=0,0,0,0,0,0,0,0,26,0,0,74,55,61,77,68,66,61,0,76,91,70,84,0,15,0,0,0,0,0,0,0,0,0,0,91,83,78,0,75
l39,3=0,0,0,0,0,0,0,0,0,0,0,0,0,0,0,25,70,4,0,0,86,74,91,0,0,0,0,0,0,0,0,0,0,0,0,86,78,73,86,0

l0,4=0,94,79,97,0,92,88,87,0,86,77,0,0,0,0,0,0,0,0,0,0,0,0,0,0,0,0,0,0,0,0,0,0,0,0,0,0,0,0,0
l1,4=84,0,93,94,89,92,91,74,76,86,19,0,0,72,0,0,0,0,0,0,0,0,0,6,0,0,0,0,0,0,0,0,0,0,0,0,0,0,0,0
l2,4=84,95,0,94,89,94,91,87,1,85,94,0,0,77,0,0,0,0,0,0,0,0,0,0,0,0,0,0,0,0,0,0,0,0,0,0,0,0,0,0
l3,4=97,98,95,0,89,86,90,0,80,0,84,0,0,0,0,0,0,0,0,0,0,0,0,0,0,0,0,0,0,0,0,0,0,0,0,0,0,0,0,0
l4,4=0,95,87,89,0,87,75,78,82,74,0,0,0,62,0,0,0,0,0,0,0,0,0,22,0,0,0,0,0,0,0,0,0,0,0,0,0,0,0,0
l5,4=85,89,94,89,85,0,88,87,63,84,88,0,0,82,0,76,0,0,0,0,0,0,0,0,0,0,0,0,0,0,0,0,0,0,0,0,0,0,0,0
l6,4=84,95,93,89,79,89,0,94,82,84,93,74,76,0,0,78,80,0,0,0,0,0,0,0,0,0,0,0,0,0,0,0,0,0,0,0,0,0,0,0
l7,4=82,76,90,0,84,92,91,0,89,92,96,73,3,0,13,83,0,0,0,0,0,0,0,0,0,0,0,0,0,0,0,0,0,0,0,0,0,0,0,0
l8,4=0,68,0,79,76,7,66,81,0,91,83,75,82,86,60,80,80,77,0,0,34,80,79,1,41,0,0,0,0,0,0,0,0,0,0,0,0,0,0,0
l9,4=76,81,79,0,78,83,82,90,90,0,96,76,0,87,0,79,0,79,0,0,75,0,85,0,0,0,0,0,0,0,0,0,0,0,0,0,0,0,0,0
l10,4=70,3,89,82,0,87,88,94,84,94,0,77,80,85,77,82,0,74,0,0,0,0,0,52,0,0,0,0,0,0,0,0,0,0,0,0,0,0,0,0
l11,4=0,0,0,0,0,0,75,77,83,77,84,0,89,82,81,94,82,81,0,0,5,76,88,78,67,74,0,0,0,0,0,0,0,0,0,53,68,0,84,0
l12,4=0,0,0,0,0,0,15,0,83,0,80,82,0,82,89,84,88,95,0,0,71,0,0,82,88,86,0,0,0,0,0,0,58,23,0,0,58,0,84,0
l13,4=0,1,13,0,45,79,0,0,86,79,83,77,84,0,76,81,80,80,0,63,80,73,85,78,0,77,0,0,0,0,0,0,0,0,0,0,0,0,79,0
l14,4=0,0,0,0,0,0,0,0,80,0,84,82,94,82,0,0,83,81,0,0,82,1,0,88,94,80,0,0,0,0,0,0,0,73,57,0,0,0,84,0
l15,4=0,0,0,0,0,68,60,75,83,67,81,90,91,90,0,0,80,77,0,10,80,71,67,78,87,69,0,0,0,0,0,0,0,0,0,0,59,0,83,0
l16,4=0,0,0,0,0,0,70,0,82,0,0,80,91,83,86,83,0,94,74,76,86,81,91,76,80,79,0,0,0,0,0,0,0,60,21,75,61,0,93,78
l17,4=0,0,0,0,0,0,0,0,83,76,71,86,94,86,81,79,96,0,0,12,81,75,86,6,87,41,0,0,0,0,0,0,0,0,0,76,72,0,83,78
l18,4=0,0,0,0,0,0,0,0,0,0,0,0,0,0,0,0,87,0,0,0,0,82,95,0,0,0,0,0,0,0,0,0,0,0,0,0,0,0,0,0
l19,4=0,0,0,0,0,0,0,0,0,0,0,0,13,69,0,0,82,0,0,0,93,86,96,0,0,0,80,0,78,55,0,0,0,0,0,0,70,55,87,81
l20,4=0,0,0,0,0,0,0,0,12,56,0,0,69,71,74,70,90,71,0,92,0,85,96,0,68,0,0,0,38,0,0,0,68,0,0,67,76,70,93,83
l21,4=0,0,0,0,0,0,0,0,73,0,0,73,0,73,26,69,82,74,74,92,92,0,96,0,36,0,0,0,16,0,0,0,34,15,0,59,72,67,79,86
l22,4=0,0,0,0,0,0,0,0,69,65,0,73,0,75,0,48,86,71,78,96,94,88,0,0,0,0,80,0,2,20,20,30,0,45,0,76,76,78,93,78
l23,4=0,0,0,0,10,0,0,0,0,0,0,80,90,84,92,82,74,0,0,0,0,0,0,0,93,93,0,0,0,0,0,0,0,84,85,0,0,0,0,0
l24,4=0,0,0,0,0,0,0,0,48,0,0,59,92,0,91,85,87,87,0,0,81,0,0,95,0,84,0,0,0,0,0,0,0,76,28,0,0,0,10,0
l25,4=0,0,0,0,0,0,0,0,0,0,0,40,94,67,92,21,77,44,0,0,0,0,0,95,93,0,0,0,0,63,0,70,87,91,88,0,0,0,0,0
l26,4=0,0,0,0,0,0,0,0,0,0,0,0,0,0,0,0,0,0,0,76,0,0,83,0,0,0,0,85,100,100,98,99,97,76,95,0,0,0,0,0
l27,4=0,0,0,0,0,0,0,0,0,0,0,0,0,0,0,0,0,0,0,0,0,0,0,0,0,0,93,0,100,100,100,97,91,0,70,0,0,0,0,0
l28,4=0,0,0,0,0,0,0,0,0,0,0,0,0,0,0,0,0,0,0,81,81,44,64,0,0,0,100,99,0,100,95,95,98,94,95,0,0,0,0,0
l29,4=0,0,0,0,0,0,0,0,0,0,0,0,0,0,0,0,0,0,0,72,0,0,15,0,0,78,100,99,100,0,98,89,87,83,87,0,0,0,0,0
l30,4=0,0,0,0,0,0,0,0,0,0,0,0,0,0,0,0,0,0,0,0,0,0,0,0,0,0,100,99,96,100,0,98,89,83,0,0,0,0,0,0
l31,4=0,0,0,0,0,0,0,0,0,0,0,0,0,0,7,0,0,0,0,0,0,0,39,0,0,73,100,85,82,87,87,0,100,100,100,0,0,0,0,0
l32,4=0,0,0,0,0,0,0,0,0,0,0,0,79,0,0,0,0,0,0,0,87,19,0,0,0,92,98,81,97,88,87,100,0,100,100,0,0,0,0,0
l33,4=0,0,0,0,0,0,0,0,0,0,0,0,74,0,69,0,63,0,0,0,0,1,48,90,79,97,73,0,92,84,82,100,100,0,100,0,0,0,0,0
l34,4=0,0,0,0,0,0,0,0,0,0,0,0,0,0,80,0,74,0,0,0,40,0,0,90,70,94,98,74,97,96,0,100,100,100,0,0,0,0,0,0
l35,4=0,0,0,0,0,0,0,0,0,0,0,8,0,0,0,0,79,46,0,0,49,16,81,0,0,0,0,0,0,0,0,0,0,0,0,0,71,82,89,86
l36,4=0,0,0,0,0,0,0,0,0,0,0,51,56,0,0,47,56,75,0,60,74,68,81,0,0,0,0,0,0,0,0,0,0,0,0,81,0,81,92,86
l37,4=0,0,0,0,0,0,0,0,0,0,0,0,0,0,0,0,0,0,0,41,75,64,81,0,0,0,0,0,0,0,0,0,0,0,0,80,71,0,84,71
l38,4=0,0,0,0,0,0,0,0,0,0,0,72,77,49,74,68,84,46,0,67,92,58,92,0,0,0,0,0,0,0,0,0,0,0,0,84,78,76,0,83
l39,4=0,0,0,0,0,0,0,0,0,0,0,0,0,0,0,0,76,56,0,75,78,71,68,0,0,0,0,0,0,0,0,0,0,0,0,79,68,64,89,0

l0,5=0,74,77,85,77,61,69,82,6,61,63,0,0,0,0,0,0,0,0,0,0,0,0,0,0,0,0,0,0,0,0,0,0,0,0,0,0,0,0,0
l1,5=70,0,91,77,91,71,79,82,0,61,46,0,0,27,0,0,0,0,0,0,0,0,0,41,0,0,0,0,0,0,0,0,0,0,0,0,0,0,0,0
l2,5=70,83,0,85,78,67,74,81,0,61,72,0,0,0,0,0,0,0,0,0,0,0,0,0,0,0,0,0,0,0,0,0,0,0,0,0,0,0,0,0
l3,5=92,74,90,0,91,56,66,0,2,48,46,0,0,0,0,0,0,0,0,0,0,0,0,0,0,0,0,0,0,0,0,0,0,0,0,0,0,0,0,0
l4,5=80,84,86,86,0,69,72,73,80,54,60,0,0,69,0,27,0,0,0,0,0,0,0,0,0,0,0,0,0,0,0,0,0,0,0,0,0,0,0,0
l5,5=70,79,85,76,78,0,15,82,78,61,72,65,0,56,0,0,0,0,0,0,0,0,0,2,0,0,0,0,0,0,0,0,0,0,0,0,0,0,0,0
l6,5=70,80,82,74,77,3,0,86,67,61,77,81,0,0,0,0,46,0,0,1,0,0,0,0,0,0,0,0,0,0,0,0,0,0,0,0,0,0,0,0
l7,5=70,72,75,0,75,59,70,0,81,61,87,81,0,0,0,77,0,0,0,0,0,0,0,0,0,0,0,0,0,0,0,0,0,0,0,0,0,0,0,0
l8,5=0,0,0,0,28,23,62,80,0,62,72,82,60,82,25,28,49,42,0,0,9,48,57,63,69,0,0,0,0,0,0,0,0,0,0,0,0,0,0,0
l9,5=67,70,76,45,27,59,69,80,84,0,77,80,40,79,0,46,32,72,0,0,25,0,68,0,35,0,0,0,0,0,0,0,0,0,0,0,0,0,36,0
l10,5=66,57,77,42,47,59,69,82,81,67,0,81,0,50,26,72,21,32,0,0,0,0,0,0,0,0,0,0,0,0,0,0,0,0,0,0,0,0,0,0
l11,5=0,0,0,0,0,10,46,50,34,22,35,0,78,51,27,85,50,48,0,0,3,33,4,54,55,0,0,0,0,0,0,0,0,0,0,0,57,26,40,0
l12,5=0,0,0,0,0,0,0,0,19,0,0,87,0,41,54,27,78,88,0,0,21,0,0,58,72,71,0,0,0,0,0,0,51,44,0,29,53,0,36,0
l13,5=0,0,0,0,15,15,0,0,87,41,25,80,72,0,27,77,48,44,0,17,25,0,50,64,47,42,0,0,0,0,0,0,0,0,0,27,15,0,0,0
l14,5=0,0,0,0,0,0,0,0,24,0,21,89,80,41,0,26,44,37,0,0,23,0,13,81,83,70,0,0,0,0,0,0,0,59,35,0,0,0,36,0
l15,5=0,0,0,0,14,0,0,61,28,19,33,89,74,88,25,0,39,41,0,0,0,45,52,63,78,50,0,0,0,0,0,0,0,0,0,0,57,0,41,14
l16,5=0,0,0,0,0,0,27,0,23,10,0,74,78,40,25,18,0,53,0,19,27,44,62,0,61,48,0,0,0,0,0,28,0,33,13,50,37,21,42,28
l17,5=0,0,0,0,0,0,0,0,28,17,19,87,80,53,25,26,83,0,0,21,32,27,0,9,76,49,0,0,0,0,0,0,0,0,0,44,58,1,0,17
l18,5=0,0,0,0,0,0,0,0,0,0,0,0,0,0,0,0,0,0,0,8,0,53,56,0,0,0,0,0,0,0,0,0,0,0,0,0,0,0,0,0
l19,5=0,0,0,0,0,0,0,0,0,0,0,0,0,30,0,0,36,35,3,0,68,52,78,0,0,0,31,0,27,32,0,25,0,0,0,45,41,6,0,56
l20,5=0,0,0,0,0,0,0,0,7,4,0,0,38,24,19,0,27,37,0,51,0,55,78,0,0,0,0,0,7,0,0,5,39,0,0,38,50,43,70,41
l21,5=0,0,0,0,0,0,0,0,25,0,0,35,28,9,0,19,38,12,32,39,69,0,76,0,25,0,0,0,0,0,0,0,0,0,0,45,50,17,45,53
l22,5=0,0,0,0,0,0,0,0,19,7,0,0,0,21,2,11,29,0,25,58,69,58,0,0,0,0,18,0,0,0,0,0,0,0,0,42,72,25,66,24
l23,5=0,2,0,0,0,0,0,0,39,0,0,60,71,65,69,60,0,0,0,0,0,0,0,0,75,65,0,0,0,0,0,46,0,66,54,0,0,0,0,0
l24,5=0,0,0,0,0,0,0,0,25,13,0,56,77,36,80,69,60,55,0,0,0,3,0,81,0,63,0,0,0,0,0,0,0,62,34,0,14,0,0,0
l25,5=0,0,0,0,0,0,0,0,0,0,0,0,74,37,63,24,37,29,0,0,0,0,0,64,66,0,0,0,0,31,0,0,65,69,53,0,0,0,0,0
l26,5=0,0,0,0,0,0,0,0,0,0,0,0,0,0,0,0,0,0,0,32,0,0,46,0,0,0,0,61,91,88,86,83,75,56,54,0,0,0,0,0
l27,5=0,0,0,0,0,0,0,0,0,0,0,0,0,0,0,0,0,0,0,0,0,0,0,0,0,0,80,0,90,84,95,77,67,0,0,0,0,0,0,0
l28,5=0,0,0,0,0,0,0,0,0,0,0,0,0,0,0,0,0,0,0,36,36,0,0,0,0,0,93,87,0,90,95,74,74,68,50,0,0,0,0,0
l29,5=0,0,0,0,0,0,0,0,0,0,0,0,0,0,0,0,0,0,0,37,0,0,0,0,0,19,92,86,91,0,94,56,68,64,50,0,0,0,0,0
l30,5=0,0,0,0,0,0,0,0,0,0,0,0,0,0,0,0,0,0,0,0,0,0,0,0,0,0,87,87,91,86,0,75,0,64,0,0,0,0,0,0
l31,5=0,0,0,0,0,0,0,0,0,0,0,0,0,0,0,0,21,0,0,20,11,0,0,32,0,0,81,52,51,50,58,0,80,69,62,0,0,0,0,0
l32,5=0,0,0,0,0,0,0,0,0,0,0,0,60,0,0,0,0,0,0,0,42,0,0,0,0,57,76,57,53,60,45,87,0,69,78,0,0,0,0,0
l33,5=0,0,0,0,0,0,0,0,0,0,0,0,55,0,16,0,25,0,0,0,0,0,0,52,54,58,31,0,36,58,64,67,65,0,61,0,0,0,0,0
l34,5=0,0,0,0,0,0,0,0,0,0,0,0,48,0,40,0,36,0,0,0,32,0,0,53,39,51,53,0,52,55,0,86,85,80,0,0,0,0,0,0
l35,5=0,0,0,0,0,0,0,0,0,0,0,0,25,13,0,0,15,11,0,13,14,33,35,0,0,0,0,0,0,0,0,0,0,0,0,0,56,31,36,42
l36,5=0,0,0,0,0,0,0,0,0,0,0,38,34,10,0,13,13,20,0,19,22,34,49,0,6,0,0,0,0,0,0,0,0,0,0,53,0,30,36,42
l37,5=0,0,0,0,0,0,0,0,0,0,0,7,0,0,0,0,12,0,0,1,21,28,43,0,0,0,0,0,0,0,0,0,0,0,0,53,60,0,38,29
l38,5=0,0,0,0,0,0,0,0,0,7,0,55,53,0,19,18,36,0,0,0,34,43,65,0,0,0,0,0,0,0,0,0,0,0,0,62,65,32,0,50
l39,5=0,0,0,0,0,0,0,0,0,0,0,0,0,0,0,0,13,0,0,24,18,37,28,0,0,0,0,0,0,0,0,0,0,0,0,51,73,14,40,0

l0,6=0,94,80,84,81,91,77,17,64,32,69,0,0,0,0,0,0,0,0,0,0,0,0,0,0,0,0,0,0,0,0,0,0,0,0,0,0,0,0,0
l1,6=84,0,93,85,81,80,75,20,57,75,61,0,0,0,0,0,0,0,0,0,0,0,0,6,0,0,0,0,0,0,0,0,0,0,0,0,0,0,0,0
l2,6=83,89,0,87,75,86,74,68,4,80,74,0,0,0,0,0,0,0,0,0,0,0,0,0,0,0,0,0,0,0,0,0,0,0,0,0,0,0,0,0
l3,6=81,94,85,0,82,80,65,0,0,67,47,0,0,0,0,0,0,0,0,0,0,0,0,0,0,0,0,0,0,0,0,0,0,0,0,0,0,0,0,0
l4,6=87,94,91,91,0,86,72,4,58,46,60,0,0,49,0,0,0,0,0,0,0,0,0,3,0,0,0,0,0,0,0,0,0,0,0,0,0,0,0,0
l5,6=81,84,82,84,69,0,69,81,68,75,73,0,0,5,0,0,0,0,0,0,0,0,0,11,0,0,0,0,0,0,0,0,0,0,0,0,0,0,0,0
l6,6=55,84,61,62,55,59,0,81,52,75,73,57,8,4,0,0,55,0,0,0,0,0,2,0,0,0,0,0,0,0,0,0,0,0,0,0,0,0,0,0
l7,6=34,13,68,0,18,79,72,0,72,73,75,54,0,0,0,62,0,0,0,0,0,0,0,0,0,0,0,0,0,0,0,0,0,0,0,0,0,0,0,0
l8,6=40,21,0,0,37,41,58,53,0,75,71,64,52,73,25,32,54,51,0,0,20,35,44,40,31,0,0,0,0,0,0,0,0,0,0,0,0,0,0,0
l9,6=2,57,65,57,28,75,67,63,76,0,73,58,51,69,44,60,56,37,0,0,30,0,37,8,0,0,0,0,0,0,0,0,0,0,0,0,0,0,22,0
l10,6=51,31,62,40,47,59,69,83,72,83,0,59,0,55,0,35,56,0,0,0,0,0,0,0,0,0,0,0,0,0,0,0,0,0,0,0,0,0,0,0
l11,6=0,0,0,0,0,0,49,36,58,23,27,0,61,48,34,81,56,49,0,0,3,0,0,20,32,1,0,0,0,0,0,0,0,0,0,0,25,33,53,0
l12,6=0,0,0,0,0,0,0,0,39,15,0,57,0,40,59,40,70,54,0,0,8,22,0,56,69,69,0,0,0,0,0,0,0,17,7,0,0,0,36,0
l13,6=0,0,0,0,25,0,0,0,72,42,27,54,54,0,32,43,52,53,0,27,21,0,11,22,39,0,0,0,0,0,0,0,0,0,0,26,26,0,42,0
l14,6=0,0,0,0,0,0,0,0,40,16,0,50,63,46,0,26,52,49,0,0,23,0,34,52,41,37,0,0,0,0,0,0,3,17,18,0,0,0,31,0
l15,6=0,0,0,0,0,0,0,45,45,33,27,73,68,65,29,0,56,54,0,0,15,32,34,52,43,18,0,0,0,0,0,0,0,0,0,0,28,0,59,0
l16,6=0,0,0,0,0,0,40,0,36,7,12,46,61,35,28,27,0,51,8,8,19,33,43,19,36,12,0,0,0,0,0,2,0,0,5,32,28,23,49,32
l17,6=0,0,0,0,0,0,0,0,48,16,0,52,64,51,36,38,63,0,0,15,34,20,0,0,41,20,0,0,0,0,0,0,0,5,0,0,35,8,52,0
l18,6=0,0,0,0,0,0,0,0,0,0,0,0,0,3,0,0,28,0,0,33,0,2,0,0,0,0,0,0,0,0,0,0,0,0,0,0,0,0,0,0
l19,6=0,0,0,0,0,0,0,0,0,0,0,0,0,33,0,0,49,32,20,0,61,46,55,0,0,0,31,0,27,33,0,28,0,0,0,35,28,0,0,48
l20,6=0,0,0,0,0,0,0,0,37,8,0,0,38,33,25,18,35,35,0,53,0,66,59,0,0,0,0,0,0,0,0,20,8,14,0,38,30,22,57,48
l21,6=0,0,0,0,0,0,0,0,39,0,0,0,40,0,0,21,49,32,2,43,62,0,52,0,0,0,0,0,0,0,0,0,0,0,0,51,30,36,55,57
l22,6=0,0,0,0,0,0,0,0,37,12,0,0,0,21,24,18,47,0,0,55,66,57,0,0,0,0,31,0,0,0,1,0,0,0,0,38,33,37,51,48
l23,6=0,0,0,0,0,0,0,0,43,1,0,0,65,7,61,53,27,0,0,0,0,0,0,0,73,70,0,0,0,0,0,39,0,37,26,0,0,0,0,0
l24,6=0,0,0,0,0,0,0,0,40,0,0,51,70,49,58,58,69,49,0,0,0,0,0,71,0,60,0,0,0,0,0,0,0,20,12,0,0,0,0,0
l25,6=0,0,0,0,0,0,0,0,1,0,0,7,69,5,57,21,42,38,0,0,0,0,0,67,58,0,0,0,0,1,0,0,19,40,18,0,0,0,0,0
l26,6=0,0,0,0,0,0,0,0,0,0,0,0,0,0,0,0,0,0,0,38,0,0,39,0,0,0,0,66,82,78,80,74,67,39,39,0,0,0,0,0
l27,6=0,0,0,0,0,0,0,0,0,0,0,0,0,0,0,0,0,0,0,0,0,0,0,0,0,0,60,0,80,78,89,59,34,0,0,0,0,0,0,0
l28,6=0,0,0,0,0,0,0,0,0,0,0,0,0,0,0,0,0,0,0,40,0,0,0,0,0,0,68,86,0,81,87,71,46,66,52,0,0,0,0,0
l29,6=0,0,0,0,0,0,0,0,0,0,0,0,0,0,0,0,0,0,0,33,0,0,0,0,0,0,67,85,83,0,49,40,33,44,31,0,0,0,0,0
l30,6=0,0,0,0,0,0,0,0,0,0,0,0,0,0,0,0,0,0,0,0,0,0,0,0,0,0,67,89,80,49,0,49,0,0,35,0,0,0,0,0
l31,6=0,0,0,0,0,0,0,0,0,0,0,0,0,0,0,0,2,0,0,35,25,0,0,28,0,0,66,34,55,45,46,0,73,70,67,0,0,0,0,0
l32,6=0,0,0,0,0,0,0,0,0,0,0,0,0,0,11,0,0,0,0,0,26,0,0,0,0,41,58,37,46,51,0,77,0,65,78,0,0,0,0,0
l33,6=0,0,0,0,0,0,0,0,0,0,0,0,54,0,52,0,9,27,0,0,29,0,0,52,54,57,50,0,54,55,35,63,54,0,58,0,0,0,0,0
l34,6=0,0,0,0,0,0,0,0,0,0,0,0,38,0,38,0,46,0,0,0,17,0,0,44,34,37,47,0,41,39,38,71,77,52,0,0,0,0,0,0
l35,6=0,0,0,0,0,0,0,0,0,0,0,0,0,17,0,0,33,0,0,6,21,28,27,0,0,0,0,0,0,0,0,0,0,0,0,0,40,52,50,58
l36,6=0,0,0,0,0,0,0,0,0,0,0,11,0,27,0,1,35,29,0,5,24,23,37,0,0,0,0,0,0,0,0,0,0,0,0,50,0,56,56,65
l37,6=0,0,0,0,0,0,0,0,0,0,0,14,0,0,0,0,17,0,0,0,11,15,35,0,0,0,0,0,0,0,0,0,0,0,0,54,45,0,47,54
l38,6=0,0,0,0,0,0,0,0,0,2,0,35,31,30,2,22,46,33,0,0,27,32,42,0,0,0,0,0,0,0,0,0,0,0,0,48,36,39,0,57
l39,6=0,0,0,0,0,0,0,0,0,0,0,0,0,0,0,0,32,0,0,35,32,37,38,0,0,0,0,0,0,0,0,0,0,0,0,50,40,38,53,0

l0,7=0,99,94,97,95,96,81,0,81,81,83,0,0,2,0,0,0,0,0,0,0,0,0,50,0,0,0,0,0,0,0,0,0,0,0,0,0,0,0,0
l1,7=98,0,99,97,94,92,87,91,67,78,79,0,0,0,0,0,0,0,0,0,0,0,0,0,0,0,0,0,0,0,0,0,0,0,0,0,0,0,0,0
l2,7=96,96,0,95,92,92,87,52,42,87,1,0,0,0,0,6,0,0,0,0,0,0,0,0,0,0,0,0,0,0,0,0,0,0,0,0,0,0,0,0
l3,7=97,95,97,0,99,77,76,65,79,76,79,0,0,0,0,0,0,0,0,0,0,0,0,0,0,0,0,0,0,0,0,0,0,0,0,0,0,0,0,0
l4,7=97,96,96,100,0,92,87,59,87,42,86,0,0,70,0,7,0,0,0,0,0,0,0,0,6,0,0,0,0,0,0,0,0,0,0,0,0,0,0,0
l5,7=98,93,92,81,93,0,87,95,84,86,86,0,0,10,0,1,0,0,0,0,0,0,0,0,0,0,0,0,0,0,0,0,0,0,0,0,0,0,0,0
l6,7=74,95,97,67,93,91,0,95,0,87,86,56,0,60,0,0,17,0,0,0,0,0,0,0,0,0,0,0,0,0,0,0,0,0,0,0,0,0,0,0
l7,7=0,79,75,70,59,91,88,0,79,87,87,25,41,71,0,62,0,6,0,0,0,0,0,0,0,0,0,0,0,0,0,0,0,0,0,0,0,0,0,0
l8,7=59,58,61,60,60,68,0,27,0,89,86,78,50,86,45,47,17,43,0,2,4,16,39,0,0,0,0,0,0,0,0,0,0,0,0,0,0,0,3,0
l9,7=59,63,78,58,39,79,85,94,95,0,87,69,51,84,39,73,0,20,0,0,15,0,32,16,12,5,0,0,0,0,0,0,0,0,0,0,0,0,22,0
l10,7=72,67,0,64,73,83,83,95,95,88,0,74,0,24,0,65,24,6,0,0,0,0,0,0,0,0,0,0,0,0,0,0,0,0,0,0,0,0,0,0
l11,7=0,0,0,0,0,0,36,6,28,37,48,0,62,57,42,86,24,30,0,0,0,10,2,38,43,13,0,0,0,0,0,0,0,0,0,14,1,0,26,0
l12,7=0,0,0,0,0,0,0,0,16,29,0,75,0,37,61,67,44,40,0,0,13,2,0,62,85,46,0,0,0,0,0,0,0,40,33,0,0,0,18,0
l13,7=0,0,0,9,39,0,38,19,87,56,2,40,35,0,52,41,19,48,0,0,13,0,0,39,56,21,0,0,0,0,0,0,0,0,0,20,25,0,17,0
l14,7=0,0,0,0,0,0,0,0,19,28,0,29,63,58,0,32,46,59,0,0,13,15,29,64,65,55,0,0,0,0,0,0,0,36,3,0,0,0,19,0
l15,7=0,0,0,0,5,0,0,18,28,47,44,85,72,75,46,0,19,39,0,0,15,18,29,59,40,15,0,0,0,0,0,0,0,0,0,0,16,4,25,0
l16,7=0,0,0,0,0,0,22,0,18,0,36,37,59,44,40,25,0,37,29,37,18,17,44,42,53,13,0,0,0,0,0,14,13,33,0,35,48,31,24,5
l17,7=0,0,0,0,0,0,0,0,22,26,8,34,58,56,54,35,24,0,0,0,17,16,0,40,59,0,0,0,0,0,0,0,0,39,0,0,42,0,25,0
l18,7=0,0,0,0,0,0,0,0,0,0,0,0,0,0,0,0,23,0,0,46,25,23,0,0,0,0,0,0,0,0,0,0,0,0,0,0,0,0,0,0
l19,7=0,0,0,0,0,0,0,0,0,0,0,0,0,0,0,0,12,0,34,0,67,36,62,0,0,0,0,0,38,37,0,21,0,0,0,6,41,0,14,20
l20,7=0,0,0,0,0,0,0,0,0,24,0,0,36,34,30,22,13,26,32,65,0,71,73,0,0,0,0,0,0,0,0,10,0,0,0,38,51,35,35,12
l21,7=0,0,0,0,0,0,0,0,29,24,0,29,36,0,28,47,25,26,33,41,72,0,64,0,1,0,0,0,0,0,0,0,2,0,22,40,46,39,46,44
l22,7=0,0,0,0,0,0,0,0,18,23,0,0,0,0,28,22,28,0,0,65,75,67,0,0,0,0,11,0,0,36,0,16,0,0,1,0,57,36,44,20
l23,7=5,0,0,2,0,0,0,0,0,6,0,18,59,48,64,35,16,20,0,0,0,0,0,0,87,82,0,0,0,0,0,10,0,41,56,0,0,0,0,0
l24,7=0,0,0,0,0,0,0,0,0,19,0,33,73,51,44,25,32,59,0,0,0,0,0,76,0,77,0,0,0,0,0,0,0,44,40,0,0,0,0,0
l25,7=0,0,0,0,1,0,0,0,0,26,0,24,67,56,60,24,14,0,0,0,0,0,0,78,76,0,0,0,0,33,0,0,23,52,0,0,0,0,14,0
l26,7=0,0,0,0,0,0,0,0,0,0,0,0,0,0,0,0,0,0,0,5,0,0,52,0,0,0,0,82,80,81,88,72,80,62,67,0,0,0,0,0
l27,7=0,0,0,0,0,0,0,0,0,0,0,0,0,0,0,0,0,0,0,0,0,0,0,0,0,0,74,0,78,81,91,50,56,0,0,0,0,0,0,0
l28,7=0,0,0,0,0,0,0,0,0,0,0,0,0,0,0,0,0,0,0,51,26,0,26,0,0,0,84,89,0,84,91,69,50,71,51,0,0,0,0,0
l29,7=0,0,0,0,0,0,0,0,0,0,0,0,0,0,0,0,0,0,0,49,0,0,48,0,0,19,78,90,80,0,91,59,62,60,43,0,0,0,0,0
l30,7=0,0,0,0,0,0,0,0,0,0,0,0,0,0,0,0,0,0,0,0,0,0,0,0,0,0,66,90,78,81,0,63,59,33,59,0,0,0,0,0
l31,7=0,0,0,0,0,0,0,0,0,0,0,0,0,0,0,0,13,0,0,51,13,0,32,16,0,0,75,18,66,62,59,0,80,81,82,0,0,0,0,0
l32,7=0,0,0,0,0,0,0,0,0,0,0,0,30,0,0,0,15,0,0,0,0,0,0,0,0,52,73,50,55,66,66,73,0,80,83,0,0,0,0,0
l33,7=0,0,0,0,0,0,0,0,0,0,0,0,55,0,50,0,25,43,0,0,25,0,0,57,63,70,66,0,66,64,51,69,76,0,71,0,0,0,0,0
l34,7=0,0,0,0,0,0,0,0,0,0,0,0,40,0,12,0,15,0,0,0,0,23,28,59,47,0,59,10,56,45,57,66,85,68,0,0,0,0,0,0
l35,7=0,0,0,0,0,0,0,0,0,0,0,0,0,14,0,0,15,0,0,3,16,18,0,0,0,0,0,0,0,0,0,0,0,0,0,0,58,52,48,27
l36,7=0,0,0,0,0,0,0,0,0,0,0,0,0,11,0,0,15,13,0,25,16,17,45,0,0,0,0,0,0,0,0,0,0,0,0,41,0,49,57,49
l37,7=0,0,0,0,0,0,0,0,0,0,0,0,0,0,0,0,7,0,0,0,24,16,30,0,0,0,0,0,0,0,0,0,0,0,0,51,59,0,28,0
l38,7=0,0,0,0,0,0,0,0,0,23,0,30,34,35,28,32,17,29,0,4,48,17,39,0,0,2,0,0,0,0,0,0,0,0,0,39,59,43,0,11
l39,7=0,0,0,0,0,0,0,0,0,0,0,0,0,0,0,0,10,0,0,38,49,46,47,0,0,0,0,0,0,0,0,0,0,0,0,44,65,0,19,0

l0,8=0,100,100,100,99,100,98,71,44,99,99,0,0,70,0,0,0,0,0,0,0,0,0,46,0,0,0,0,0,0,0,0,0,0,0,0,0,0,0,0
l1,8=99,0,100,100,100,100,89,99,91,80,99,0,0,0,0,0,0,0,0,0,0,0,0,0,0,0,0,0,0,0,0,0,0,0,0,0,0,0,0,0
l2,8=100,100,0,100,93,100,98,99,0,94,93,0,0,15,0,73,0,0,0,0,0,0,0,0,0,0,0,0,0,0,0,0,0,0,0,0,0,0,0,0
l3,8=100,100,100,0,99,96,82,76,0,0,84,0,0,0,0,0,0,0,0,0,0,0,0,0,0,0,0,0,0,0,0,0,0,0,0,0,0,0,0,0
l4,8=100,100,92,100,0,99,98,93,99,84,98,0,0,87,0,0,0,0,0,0,0,0,0,7,62,0,0,0,0,0,0,0,0,0,0,0,0,0,0,0
l5,8=100,100,100,97,98,0,98,99,99,95,99,68,19,6,0,0,0,0,0,0,0,0,0,0,0,0,0,0,0,0,0,0,0,0,0,0,0,0,0,0
l6,8=93,89,95,58,96,95,0,96,85,95,94,9,0,43,0,0,74,0,0,0,0,0,0,0,0,0,0,0,0,0,0,0,0,0,0,0,0,0,0,0
l7,8=86,95,95,95,94,95,92,0,96,98,99,0,0,92,0,0,6,55,0,0,0,0,0,0,0,0,0,0,0,0,0,0,0,0,0,0,0,0,0,0
l8,8=18,86,0,5,65,93,73,96,0,99,95,95,0,93,55,84,0,91,0,70,0,0,58,0,21,0,0,0,0,0,0,0,0,0,0,0,0,0,0,0
l9,8=93,2,5,0,41,90,92,96,98,0,99,94,44,92,32,86,83,80,0,0,0,1,0,84,64,0,0,0,0,0,0,0,0,0,0,0,0,0,64,0
l10,8=93,94,81,60,95,95,92,96,96,99,0,93,0,92,0,87,0,0,0,0,0,0,0,0,0,0,0,0,0,0,0,0,0,0,0,0,0,0,0,0
l11,8=0,0,0,0,0,42,25,0,95,93,85,0,97,38,57,93,88,91,0,1,0,35,0,78,83,63,0,0,0,0,0,0,0,0,0,41,40,0,62,0
l12,8=0,0,0,0,0,0,0,0,0,27,0,99,0,0,61,89,95,84,0,0,45,20,0,95,97,83,0,0,0,0,0,0,0,43,26,10,25,0,50,0
l13,8=34,0,0,2,44,0,30,92,100,97,92,65,0,0,56,88,63,52,0,0,45,36,0,83,84,64,0,0,0,0,0,0,0,0,0,25,0,0,63,0
l14,8=0,0,0,0,0,0,0,0,54,41,0,77,97,46,0,87,81,93,0,0,55,36,37,91,95,83,0,0,0,0,0,0,0,0,0,0,35,0,35,0
l15,8=0,0,1,0,0,0,0,0,89,88,86,99,84,54,55,0,77,87,0,0,63,42,52,80,73,32,0,0,0,0,0,0,0,0,0,0,27,0,63,0
l16,8=0,0,0,0,0,0,31,0,0,44,0,92,81,15,44,66,0,70,47,68,61,40,56,61,90,37,0,0,0,0,0,8,0,12,40,57,42,24,59,70
l17,8=0,0,0,0,0,0,0,15,73,52,2,97,65,13,60,88,93,0,0,51,54,27,38,68,78,0,0,0,0,0,0,0,0,39,0,25,25,0,60,50
l18,8=0,0,0,0,0,0,0,0,0,0,0,0,0,0,0,0,76,0,0,77,73,64,70,0,0,0,0,0,0,0,0,0,0,0,0,0,0,0,28,0
l19,8=0,0,0,0,0,0,0,0,58,0,0,0,0,0,0,0,71,38,46,0,92,68,85,0,0,0,31,0,62,0,0,38,0,0,0,57,38,0,0,73
l20,8=0,0,0,0,0,0,0,0,0,0,0,0,37,18,33,46,61,49,49,92,0,82,94,0,0,0,0,0,27,0,0,5,0,0,0,52,41,41,72,54
l21,8=0,0,0,0,0,0,0,0,0,34,0,42,35,27,32,51,61,42,42,64,92,0,93,0,0,0,0,0,0,0,0,0,0,5,0,62,38,38,65,72
l22,8=0,0,0,0,0,0,0,0,52,15,0,0,0,0,28,50,76,49,40,87,92,80,0,0,0,0,0,0,0,46,0,25,0,0,0,73,75,36,73,51
l23,8=0,0,0,0,0,0,0,0,0,59,0,69,84,47,78,74,73,65,0,0,0,0,0,0,97,95,0,0,0,0,0,0,4,55,81,0,0,0,0,0
l24,8=0,0,0,0,8,0,0,0,3,55,0,71,97,45,94,69,92,74,0,0,0,0,0,95,0,92,0,0,0,0,0,13,0,44,63,0,0,0,0,0
l25,8=0,0,0,0,0,0,0,0,0,0,0,67,97,44,85,66,72,0,0,0,0,0,0,95,92,0,0,0,0,69,0,0,46,60,69,0,0,0,0,0
l26,8=0,0,0,0,0,0,0,0,0,0,0,0,0,0,0,0,0,0,0,73,0,0,0,0,0,0,0,87,94,92,85,93,84,70,70,0,0,0,0,0
l27,8=0,0,0,0,0,0,0,0,0,0,0,0,0,0,0,0,0,0,0,0,0,0,0,0,0,0,93,0,94,92,93,0,81,0,72,0,0,0,0,0
l28,8=0,0,0,0,0,0,0,0,0,0,0,0,0,0,0,0,0,0,0,74,68,0,0,0,0,0,93,91,0,92,93,93,74,83,74,0,0,0,0,0
l29,8=0,0,0,0,0,0,0,0,0,0,0,0,0,0,0,0,0,0,0,0,0,0,71,0,0,69,93,91,94,0,93,91,75,66,67,0,0,0,0,0
l30,8=0,0,0,0,0,0,0,0,0,0,0,0,0,0,0,0,0,0,0,0,0,0,0,0,0,0,87,91,94,92,0,75,80,68,0,0,0,0,0,0
l31,8=0,0,0,0,0,0,0,0,0,0,0,0,0,0,0,0,54,0,0,72,60,0,63,0,52,1,93,0,85,82,71,0,85,91,88,0,0,0,0,0
l32,8=0,0,0,0,0,0,0,0,0,0,0,0,0,0,0,0,0,0,0,0,0,0,0,74,0,73,92,70,71,76,78,93,0,95,93,0,0,0,0,0
l33,8=0,0,0,0,0,0,0,0,0,0,0,0,64,0,0,0,43,68,0,0,0,0,0,77,70,73,79,0,77,75,76,90,88,0,79,0,0,0,0,0
l34,8=0,0,0,0,0,0,0,0,0,0,0,0,51,0,0,0,73,0,0,0,9,0,0,78,73,69,79,62,75,75,0,92,88,80,0,0,0,0,0,0
l35,8=0,0,0,0,0,0,0,0,0,0,0,24,20,5,0,0,36,0,0,32,33,31,35,0,0,0,0,0,0,0,0,0,0,0,0,0,73,73,69,64
l36,8=0,0,0,0,0,0,0,0,0,0,0,35,28,0,9,32,39,8,0,37,47,30,47,0,0,0,0,0,0,0,0,0,0,0,0,79,0,40,61,63
l37,8=0,0,0,0,0,0,0,0,0,0,0,0,0,0,0,0,31,0,0,0,40,32,32,0,0,0,0,0,0,0,0,0,0,0,0,75,37,0,51,46
l38,8=0,0,0,0,0,0,0,0,0,45,0,36,31,23,2,51,53,47,0,0,59,39,43,0,0,0,0,0,0,0,0,0,0,0,0,79,45,42,0,44
l39,8=0,0,0,0,0,0,0,0,0,0,0,0,0,0,0,0,65,0,0,74,72,66,35,0,0,0,0,0,0,0,0,0,0,0,0,79,70,43,41,0

l0,9=0,91,100,100,100,97,94,95,0,96,92,0,0,0,0,0,0,0,0,0,0,0,0,0,0,0,0,0,0,0,0,0,0,0,0,0,0,0,0,0
l1,9=99,0,100,100,100,93,94,95,93,95,93,0,0,0,0,0,0,0,0,0,0,0,0,8,0,0,0,0,0,0,0,0,0,0,0,0,0,0,0,0
l2,9=99,91,0,100,100,100,95,77,0,57,69,0,35,0,0,2,0,0,0,0,0,0,0,0,0,0,0,0,0,0,0,0,0,0,0,0,0,0,0,0
l3,9=99,91,100,0,100,94,93,93,0,85,89,0,0,0,0,0,0,0,0,0,0,0,0,0,0,0,0,0,0,0,0,0,0,0,0,0,0,0,0,0
l4,9=99,91,99,100,0,93,91,95,95,83,94,0,0,0,34,0,0,0,0,0,0,0,0,0,0,0,0,0,0,0,0,0,0,0,0,0,0,0,0,0
l5,9=97,86,100,100,100,0,95,53,93,95,95,0,0,88,0,0,0,0,0,0,0,0,0,0,0,0,0,0,0,0,0,0,0,0,0,0,0,0,0,0
l6,9=63,53,100,95,93,95,0,98,55,95,95,0,0,86,0,0,68,0,0,0,0,0,0,0,0,0,0,0,0,0,0,0,0,0,0,0,0,0,0,0
l7,9=93,88,71,99,99,67,100,0,98,100,99,75,41,98,0,78,3,0,0,0,0,0,0,0,0,0,0,0,0,0,0,0,0,0,0,0,0,0,0,0
l8,9=0,31,0,2,98,71,55,75,0,96,61,94,0,96,0,91,90,91,0,27,0,0,85,0,0,0,0,0,0,0,0,0,0,0,0,0,0,0,0,0
l9,9=98,59,43,87,89,70,93,98,98,0,95,95,48,97,88,95,92,0,0,0,0,0,0,61,0,0,0,0,0,0,0,0,0,0,0,0,0,0,0,0
l10,9=95,89,97,99,99,95,95,98,96,96,0,19,76,96,0,96,63,83,0,0,0,0,0,42,0,0,0,0,0,0,0,0,0,0,0,0,0,0,0,0
l11,9=0,0,0,0,0,0,0,32,34,30,21,0,97,95,95,100,95,96,0,0,28,84,0,67,93,84,0,0,0,0,0,0,0,0,0,2,79,2,32,0
l12,9=0,0,0,0,0,0,0,0,0,3,3,96,0,90,99,99,98,98,0,0,31,0,58,74,98,97,0,0,0,0,0,0,0,0,31,0,81,0,34,0
l13,9=0,0,0,2,0,44,54,68,96,99,46,95,88,0,90,97,91,23,0,18,29,84,0,67,91,85,0,0,0,0,0,0,0,0,0,0,76,0,34,0
l14,9=0,0,0,0,29,0,0,0,0,32,0,94,99,93,0,98,95,96,0,0,33,86,84,99,100,20,0,0,0,0,0,0,0,22,0,0,73,0,1,0
l15,9=0,0,0,1,0,0,0,7,29,30,46,97,96,96,95,0,96,98,0,0,28,87,77,63,91,0,0,0,0,0,0,0,0,0,0,0,81,0,33,0
l16,9=0,0,0,0,0,0,19,0,28,30,25,87,90,92,91,93,0,93,51,31,32,80,86,68,93,84,0,0,0,0,0,0,0,16,83,73,74,23,36,69
l17,9=0,0,0,0,0,0,0,0,32,0,39,96,99,69,100,100,99,0,0,30,28,88,91,0,7,78,0,0,0,0,0,0,0,26,0,0,52,0,27,69
l18,9=0,0,0,0,0,0,0,0,0,2,0,0,0,0,0,0,93,0,0,0,62,89,83,0,0,0,0,0,0,0,0,0,0,0,0,0,1,0,0,0
l19,9=0,0,0,0,0,0,0,0,24,0,0,0,0,41,0,0,86,75,0,0,90,90,91,0,0,0,78,0,24,15,0,41,0,0,0,0,0,19,31,92
l20,9=0,0,0,0,0,0,0,0,0,0,0,34,78,60,73,57,84,67,46,97,0,95,96,0,0,0,47,0,0,0,0,0,0,0,23,84,83,28,56,77
l21,9=0,0,0,0,0,0,0,0,0,0,0,68,38,75,68,79,74,75,50,32,95,0,92,0,13,0,0,0,0,0,0,0,0,11,0,88,74,28,36,71
l22,9=0,0,0,0,0,0,0,0,43,0,0,0,74,0,69,76,79,78,41,93,95,90,0,0,0,0,78,0,0,46,0,43,0,0,0,85,89,45,91,56
l23,9=0,0,0,0,0,0,0,0,0,30,1,93,99,94,99,93,96,0,0,0,0,0,0,0,99,98,0,0,0,0,0,0,37,35,90,0,0,0,0,0
l24,9=0,0,0,0,0,0,0,0,0,0,0,93,99,93,100,97,99,0,0,0,0,0,0,100,0,98,0,0,0,0,0,9,22,32,85,0,79,0,0,0
l25,9=0,0,0,0,0,0,0,0,0,0,0,88,99,91,0,0,95,82,0,0,0,0,0,100,99,0,54,0,0,41,0,51,37,96,88,0,0,0,25,0
l26,9=0,0,0,0,0,0,0,0,0,0,0,0,0,0,0,0,0,0,0,85,75,0,83,0,0,24,0,85,100,100,96,93,97,86,94,0,0,0,0,0
l27,9=0,0,0,0,0,0,0,0,0,0,0,0,0,0,0,0,0,0,0,0,0,0,0,0,0,0,95,0,100,100,100,97,86,0,0,0,0,0,0,0
l28,9=0,0,0,0,0,0,0,0,0,0,0,0,0,0,0,0,0,0,0,81,0,0,0,0,0,0,98,96,0,100,100,87,0,86,0,0,0,0,0,0
l29,9=0,0,0,0,0,0,0,0,0,0,0,0,0,0,0,0,0,0,0,28,0,0,69,0,0,3,96,98,100,0,100,98,82,0,87,0,0,0,0,0
l30,9=0,0,0,0,0,0,0,0,0,0,0,0,0,0,0,0,0,0,0,0,0,0,0,0,0,0,95,99,100,100,0,99,95,40,88,0,0,0,0,0
l31,9=0,0,0,0,0,0,0,0,0,0,0,0,0,0,0,0,0,0,0,25,13,0,51,0,0,0,94,81,92,93,96,0,99,100,100,0,0,0,0,0
l32,9=0,0,0,0,0,0,0,0,0,0,0,0,0,0,0,0,0,0,0,0,0,0,0,64,19,84,98,73,0,81,98,100,0,100,100,0,0,0,0,0
l33,9=0,0,0,0,0,0,0,0,0,0,0,0,54,0,9,0,22,78,0,0,0,31,0,96,94,96,94,0,95,57,64,100,99,0,100,0,0,0,0,0
l34,9=0,0,0,0,0,0,0,0,0,0,0,0,51,0,33,0,90,0,0,0,27,0,0,94,58,66,98,0,0,88,92,100,100,100,0,0,0,0,0,0
l35,9=0,0,0,0,0,0,0,0,0,0,0,0,0,0,0,0,38,0,0,0,22,76,66,0,0,0,0,0,0,0,0,0,0,0,0,0,89,51,89,68
l36,9=0,0,0,0,0,0,0,0,0,0,0,58,51,40,46,60,46,0,0,0,28,56,78,0,51,0,0,0,0,0,0,0,0,0,0,90,0,31,34,64
l37,9=0,0,0,0,0,0,0,0,0,0,0,0,0,0,0,0,60,0,0,7,25,66,66,0,0,0,0,0,0,0,0,0,0,0,0,88,86,0,35,60
l38,9=0,0,0,0,0,0,0,0,0,0,0,52,63,68,0,74,87,11,0,18,32,88,82,0,0,27,0,0,0,0,0,0,0,0,0,90,84,29,0,67
l39,9=0,0,0,0,0,0,0,0,0,0,0,0,0,0,0,0,76,65,0,28,29,83,45,0,0,0,0,0,0,0,0,0,0,0,0,85,78,27,34,0

l0,10=0,89,92,93,90,75,0,75,0,72,73,0,0,0,0,0,0,0,0,0,0,0,0,0,0,0,0,0,0,0,0,0,0,0,0,0,0,0,0,0
l1,10=90,0,92,91,87,89,87,71,47,60,66,0,0,0,0,0,0,0,0,0,0,0,0,0,0,0,0,0,0,0,0,0,0,0,0,0,0,0,0,0
l2,10=91,89,0,93,87,90,87,82,41,84,81,0,0,0,0,0,0,0,0,0,0,0,0,0,0,0,0,0,0,0,0,0,0,0,0,0,0,0,0,0
l3,10=93,87,95,0,94,88,69,62,0,64,56,0,0,0,0,0,0,0,0,0,0,0,0,0,0,0,0,0,0,0,0,0,0,0,0,0,0,0,0,0
l4,10=90,82,89,92,0,89,70,78,67,55,84,0,0,0,36,0,0,0,0,0,0,0,0,0,0,0,0,0,0,0,0,0,0,0,0,0,0,0,0,0
l5,10=78,87,92,88,90,0,87,85,72,82,85,0,0,70,0,0,0,0,0,0,0,0,0,0,0,0,0,0,0,0,0,0,0,0,0,0,0,0,0,0
l6,10=0,79,85,76,72,85,0,86,73,84,81,0,0,49,0,2,4,0,0,0,0,0,0,0,0,0,0,0,0,0,0,0,0,0,0,0,0,0,0,0
l7,10=67,74,72,68,80,85,87,0,83,89,87,45,40,75,6,0,0,0,0,0,0,0,0,0,0,0,0,0,0,0,0,0,0,0,0,0,0,0,0,0
l8,10=0,16,0,23,59,59,72,82,0,90,65,79,53,79,4,72,3,53,0,35,4,0,56,58,3,0,0,0,0,0,0,0,0,0,0,0,0,0,0,0
l9,10=55,36,62,56,53,58,83,85,83,0,87,78,65,77,32,59,0,0,0,0,0,26,2,40,11,0,0,0,0,0,0,0,0,0,0,0,0,0,0,0
l10,10=51,58,56,58,73,63,75,86,49,90,0,58,0,62,0,61,0,51,0,0,0,0,0,6,0,0,0,0,0,0,0,0,0,0,0,0,0,0,0,0
l11,10=0,0,0,0,0,0,0,24,59,73,62,0,85,82,75,86,51,81,0,0,64,61,0,74,54,40,0,0,0,0,0,0,0,0,0,2,59,0,36,0
l12,10=0,0,0,0,0,0,0,0,35,68,0,79,0,70,96,86,92,97,0,0,77,65,0,98,99,98,0,0,0,0,0,0,0,0,0,0,0,0,41,0
l13,10=0,0,0,0,0,59,41,42,82,86,73,85,72,0,42,77,64,29,0,2,63,48,0,65,53,27,0,0,0,0,0,0,0,0,0,0,0,0,37,0
l14,10=0,0,0,0,58,0,0,0,6,70,0,87,97,69,0,49,77,93,0,0,45,0,62,85,96,54,0,0,0,0,0,0,0,46,0,0,75,0,47,0
l15,10=0,0,0,0,0,0,0,0,52,64,71,93,85,79,47,0,66,84,0,0,64,25,53,0,50,16,0,0,0,0,0,0,0,0,0,0,0,0,36,0
l16,10=0,0,0,0,0,0,0,0,4,0,0,25,84,58,44,37,0,89,52,61,73,64,59,63,70,0,0,0,0,0,0,0,0,8,32,0,46,45,54,41
l17,10=0,0,0,0,0,0,0,0,37,8,65,64,89,32,58,54,80,0,0,69,78,77,71,0,56,8,0,0,0,0,0,0,0,14,0,0,62,0,51,9
l18,10=0,0,0,0,0,0,0,0,0,0,0,0,0,0,0,0,57,0,0,76,78,74,9,0,0,0,0,0,0,0,0,0,0,0,0,0,0,0,0,0
l19,10=0,0,0,0,0,0,0,0,13,0,0,0,0,0,0,0,48,47,53,0,84,80,80,0,0,0,39,0,10,49,0,42,0,0,0,46,0,40,0,57
l20,10=0,0,0,0,0,0,0,0,0,0,0,18,57,35,1,23,59,48,49,87,0,88,90,0,0,0,0,0,0,1,0,0,0,0,0,65,70,45,52,44
l21,10=0,0,0,0,0,0,0,0,0,45,0,38,54,42,3,18,55,65,58,77,92,0,85,0,0,0,0,0,0,0,0,0,0,23,0,58,0,45,50,46
l22,10=0,0,0,0,0,0,0,0,39,16,0,0,0,0,25,25,58,60,0,80,92,82,0,0,0,0,43,0,0,30,0,56,0,0,0,59,58,49,85,58
l23,10=0,0,0,0,0,0,0,0,51,54,0,53,99,69,54,0,71,0,0,0,0,0,0,0,100,100,0,0,0,0,0,0,67,56,0,0,0,0,0,0
l24,10=0,0,0,0,0,0,0,0,0,45,0,61,99,77,97,48,92,86,0,0,0,0,0,100,0,60,0,0,0,0,0,0,3,51,42,0,0,0,27,0
l25,10=0,0,0,32,0,0,0,0,0,0,0,67,99,60,96,42,0,64,0,0,0,0,0,100,100,0,37,0,0,0,0,58,1,100,94,0,0,0,44,0
l26,10=0,0,0,0,0,0,0,0,0,0,0,0,0,0,0,0,0,0,0,69,0,0,56,0,0,39,0,76,94,100,98,96,91,57,76,0,0,0,0,0
l27,10=0,0,0,0,0,0,0,0,0,0,0,0,0,0,0,0,0,0,0,0,0,0,0,0,0,0,89,0,92,100,99,85,0,0,78,0,0,0,0,0
l28,10=0,0,0,0,0,0,0,0,0,0,0,0,0,0,0,0,0,0,0,47,0,0,0,0,0,0,95,98,0,100,99,90,64,70,68,0,0,0,0,0
l29,10=0,0,0,0,0,0,0,0,0,0,0,0,0,0,0,0,0,0,0,67,37,0,34,0,0,0,95,98,94,0,99,89,63,0,64,0,0,0,0,0
l30,10=0,0,0,0,0,0,0,0,0,0,0,0,0,0,0,0,0,0,0,0,0,0,0,0,0,0,95,98,94,100,0,86,76,0,76,0,0,0,0,0
l31,10=0,0,0,0,0,0,0,0,0,0,0,0,0,0,0,0,0,0,0,63,0,0,56,0,0,61,95,75,82,95,89,0,95,100,100,0,0,0,0,0
l32,10=0,0,0,0,0,0,0,0,0,0,0,0,0,0,0,0,0,0,0,0,19,0,0,77,4,32,92,0,62,71,73,99,0,100,100,0,0,0,0,0
l33,10=0,0,0,0,0,0,0,0,0,0,0,0,0,0,71,0,30,24,0,0,11,36,0,96,90,100,82,0,86,0,36,99,98,0,100,0,0,0,0,0
l34,10=0,0,0,0,0,0,0,0,0,0,0,0,5,0,0,0,79,0,0,0,0,0,0,0,51,91,87,85,78,87,89,99,98,100,0,0,0,0,0,0
l35,10=0,0,0,0,0,0,0,0,0,0,0,0,0,0,0,0,0,0,0,31,69,60,65,0,0,0,0,0,0,0,0,0,0,0,0,0,82,56,66,40
l36,10=0,0,0,0,0,0,0,0,0,0,0,21,0,0,23,0,31,47,0,0,75,0,67,0,0,0,0,0,0,0,0,0,0,0,0,83,0,54,51,48
l37,10=0,0,0,0,0,0,0,0,0,0,0,0,0,0,0,0,44,0,0,47,68,63,64,0,0,0,0,0,0,0,0,0,0,0,0,70,74,0,50,44
l38,10=0,0,0,0,0,0,0,0,0,0,0,18,45,32,17,21,66,58,0,0,78,75,73,0,5,4,0,0,0,0,0,0,0,0,0,73,76,54,0,48
l39,10=0,0,0,0,0,0,0,0,0,0,0,0,0,0,0,0,62,2,0,67,71,73,69,0,0,0,0,0,0,0,0,0,0,0,0,64,79,51,50,0

l0,11=0,93,84,89,92,84,41,61,31,47,0,0,0,0,0,0,0,0,0,0,0,0,0,0,0,0,0,0,0,0,0,0,0,0,0,0,0,0,0,0
l1,11=92,0,88,62,81,88,81,84,36,50,61,29,0,13,0,0,0,0,0,0,0,0,0,0,0,0,0,0,0,0,0,0,0,0,0,0,0,0,0,0
l2,11=88,88,0,88,90,89,44,77,40,58,59,0,0,0,0,0,0,0,0,0,0,0,0,0,0,0,0,0,0,0,0,0,0,0,0,0,0,0,0,0
l3,11=92,58,82,0,92,86,31,0,0,42,60,0,0,0,0,0,0,0,0,0,0,0,0,0,0,0,0,0,0,0,0,0,0,0,0,0,0,0,0,0
l4,11=90,69,76,89,0,82,76,64,0,40,64,0,0,0,23,0,0,0,0,0,0,0,0,33,0,0,0,0,0,0,0,0,0,0,0,0,0,0,0,0
l5,11=87,89,88,87,88,0,83,85,48,86,55,0,0,6,0,0,0,0,0,0,0,0,0,0,0,0,0,0,0,0,0,0,0,0,0,0,0,0,0,0
l6,11=24,84,36,18,87,85,0,85,43,84,76,49,0,38,0,66,39,0,0,0,0,0,0,0,0,0,0,0,0,0,0,0,0,0,0,0,0,0,0,0
l7,11=74,86,70,38,88,85,82,0,78,86,85,52,45,81,0,48,0,0,0,0,0,0,0,0,0,0,0,0,0,0,0,0,0,0,0,0,0,0,0,0
l8,11=27,27,24,0,0,53,63,44,0,90,68,61,37,86,17,76,0,37,0,18,0,0,1,41,38,0,0,0,0,0,0,0,0,0,0,0,0,0,0,0
l9,11=33,32,29,18,53,78,81,85,80,0,85,68,34,81,0,73,16,4,0,0,0,58,0,1,2,0,0,0,0,0,0,0,0,0,0,0,0,0,0,0
l10,11=0,61,41,55,67,50,68,86,63,89,0,62,0,69,0,67,0,11,0,0,0,0,0,0,0,0,0,0,0,0,0,0,0,0,0,0,0,0,0,0
l11,11=0,14,0,0,0,0,56,16,25,57,70,0,27,52,49,87,71,55,0,0,0,32,28,54,71,61,0,0,0,0,0,0,0,0,0,54,0,0,33,0
l12,11=0,0,0,0,0,0,0,10,24,53,0,84,0,25,85,87,89,68,0,0,40,37,21,60,99,98,0,0,0,0,0,0,0,0,0,0,0,0,44,0
l13,11=0,1,0,0,0,1,60,26,69,73,74,80,22,0,36,85,66,52,0,5,33,31,0,46,67,56,0,0,0,0,0,0,0,0,0,0,0,0,30,0
l14,11=0,0,0,0,47,0,0,0,2,0,0,79,92,19,0,60,87,89,0,0,2,6,0,85,0,89,0,0,0,0,0,0,0,69,47,50,62,0,32,0
l15,11=0,0,0,0,0,0,62,9,25,58,74,87,57,89,37,0,82,60,0,16,41,32,9,35,0,62,0,0,0,0,0,0,0,0,0,2,54,0,39,0
l16,11=0,0,0,0,0,0,36,0,0,24,0,65,28,22,55,81,0,63,33,0,50,45,40,40,87,47,0,0,0,0,0,0,15,4,55,0,73,66,48,34
l17,11=0,0,0,0,0,0,0,0,20,36,36,85,29,24,56,87,93,0,0,0,39,42,39,50,73,0,0,0,0,0,0,0,0,0,0,0,74,0,34,10
l18,11=0,0,0,0,0,0,0,0,0,0,0,0,0,0,0,0,57,0,0,75,63,64,39,0,0,0,0,0,0,0,0,0,0,0,0,16,0,0,0,0
l19,11=0,0,0,0,0,0,0,0,5,0,0,0,0,0,0,29,1,0,34,0,79,68,65,0,0,0,45,0,10,49,0,10,0,0,2,45,0,30,0,52
l20,11=0,0,0,0,0,0,0,0,0,0,0,0,14,13,0,54,71,30,29,63,0,85,83,0,0,0,2,0,0,0,0,1,1,11,0,70,75,53,37,41
l21,11=0,0,0,0,0,0,0,0,0,46,0,36,14,13,15,45,64,62,32,76,88,0,83,0,0,0,0,0,0,0,0,0,0,0,0,42,42,58,72,63
l22,11=0,0,0,0,0,0,0,0,0,0,0,36,12,0,0,2,56,30,31,66,86,78,0,0,0,0,43,0,0,0,0,10,0,0,0,56,59,48,71,49
l23,11=0,0,0,0,49,0,0,0,13,15,0,80,66,21,71,28,60,38,0,0,0,0,0,0,99,98,0,0,0,0,0,0,13,66,12,0,0,0,0,0
l24,11=0,0,0,0,0,0,0,0,5,8,0,78,93,26,0,0,94,56,0,0,1,0,0,90,0,94,0,0,0,0,0,0,0,51,0,0,0,0,1,0
l25,11=0,0,0,0,0,0,0,0,0,0,0,55,93,35,91,66,38,0,0,0,0,0,0,96,96,0,14,0,0,0,0,33,22,94,8,0,0,0,0,0
l26,11=0,0,0,0,0,0,0,0,0,0,0,0,0,0,0,0,0,0,0,52,20,0,54,0,0,6,0,74,92,87,90,83,81,57,60,0,0,0,0,0
l27,11=0,0,0,0,0,0,0,0,0,0,0,0,0,0,0,0,0,0,0,0,0,0,0,0,0,0,85,0,88,91,95,66,0,0,27,0,0,0,0,0
l28,11=0,0,0,0,0,0,0,0,0,0,0,0,0,0,0,0,0,0,0,21,26,0,0,0,0,0,90,96,0,92,95,70,43,0,28,0,0,0,0,0
l29,11=0,0,0,0,0,0,0,0,0,0,0,0,0,0,0,0,0,0,0,29,0,0,1,0,0,0,89,96,92,0,95,77,33,30,29,0,0,0,0,0
l30,11=0,0,0,0,0,0,0,0,0,0,0,0,0,0,0,0,0,0,0,0,0,0,0,0,0,0,89,96,92,92,0,84,70,57,54,0,0,0,0,0
l31,11=0,0,0,0,0,0,0,0,0,0,0,0,0,0,0,0,0,0,0,30,30,0,40,0,9,41,90,71,80,84,79,0,87,100,100,0,0,0,0,0
l32,11=0,0,0,0,0,0,0,0,0,0,0,0,0,0,0,0,23,0,0,0,18,0,0,23,0,33,90,0,42,40,62,96,0,100,100,0,0,0,0,0
l33,11=0,0,0,0,0,0,0,0,0,0,0,0,0,0,78,0,4,0,0,0,39,0,0,89,63,97,76,0,0,63,91,98,94,0,100,0,0,0,0,0
l34,11=0,0,0,0,0,0,0,0,0,0,0,0,0,0,28,0,59,0,0,9,0,6,0,65,0,0,84,71,65,79,80,98,94,100,0,0,0,0,0,0
l35,11=0,0,0,0,0,0,0,0,0,0,0,20,0,0,13,0,0,0,0,25,38,24,34,0,0,0,0,0,0,0,0,0,0,0,0,0,88,66,35,38
l36,11=0,0,0,0,0,0,0,0,0,0,0,0,0,0,27,35,65,46,0,0,44,20,42,0,0,0,0,0,0,0,0,0,0,0,0,83,0,75,45,46
l37,11=0,0,0,0,0,0,0,0,0,0,0,0,0,0,0,0,62,0,0,0,38,36,21,0,0,0,0,0,0,0,0,0,0,0,0,68,76,0,33,45
l38,11=0,0,0,0,0,0,0,0,0,0,0,48,18,10,25,61,75,24,0,0,42,43,43,0,0,0,0,0,0,0,0,0,0,0,0,71,85,69,0,46
l39,11=0,0,0,0,0,0,0,0,0,0,0,0,0,0,0,0,59,0,0,40,41,39,39,0,0,0,0,0,0,0,0,0,0,0,0,66,85,71,80,0

l0,12=0,92,87,93,90,90,72,74,2,63,58,0,0,0,0,0,0,0,0,0,0,0,0,0,0,0,0,0,0,0,0,0,0,0,0,0,0,0,0,0
l1,12=89,0,84,88,89,86,88,87,0,50,67,51,0,0,0,0,0,0,0,0,0,0,0,0,0,0,0,0,0,0,0,0,0,0,0,0,0,0,0,0
l2,12=89,84,0,89,84,90,92,65,36,70,73,0,0,0,0,0,0,0,0,0,0,0,0,0,0,0,0,0,0,0,0,0,0,0,0,0,0,0,0,0
l3,12=92,88,84,0,90,89,0,52,0,0,63,0,0,0,0,0,0,0,0,0,0,0,0,0,0,0,0,0,0,0,0,0,0,0,0,0,0,0,0,0
l4,12=89,88,78,90,0,60,78,71,50,50,20,0,0,0,26,0,0,0,0,0,0,0,0,55,0,0,0,0,0,0,0,0,0,0,0,0,0,0,0,0
l5,12=85,87,87,88,79,0,87,87,74,85,73,0,0,46,0,0,0,0,0,0,0,0,0,39,0,0,0,0,0,0,0,0,0,0,0,0,0,0,0,0
l6,12=76,86,86,47,81,79,0,86,47,33,80,70,0,36,9,70,0,0,0,0,0,0,0,0,0,0,0,0,0,0,0,0,0,0,0,0,0,0,0,0
l7,12=82,86,59,63,84,87,87,0,81,84,89,57,44,78,0,1,0,0,0,0,0,0,0,0,0,0,0,0,0,0,0,0,0,0,0,0,0,0,0,0
l8,12=12,0,51,38,63,48,41,72,0,87,81,66,59,85,15,69,52,44,0,23,0,44,0,0,20,0,0,0,0,0,0,0,0,0,0,0,0,0,0,0
l9,12=56,35,62,0,57,87,28,87,81,0,89,65,53,80,0,62,52,20,0,0,40,58,0,0,6,0,0,0,0,0,0,0,0,0,0,0,0,0,0,0
l10,12=56,62,64,72,38,38,73,93,76,86,0,62,0,71,0,65,0,0,0,0,0,0,0,0,0,0,0,0,0,0,0,0,0,0,0,0,0,0,0,0
l11,12=0,60,0,0,0,0,44,35,44,45,68,0,68,50,38,89,72,80,0,0,41,57,58,23,24,25,0,0,0,0,0,0,0,0,0,57,3,4,30,0
l12,12=0,0,0,0,0,0,0,0,42,41,0,80,0,45,96,89,84,95,0,0,57,61,57,45,99,98,0,0,0,0,0,0,0,49,0,0,0,0,61,0
l13,12=0,0,0,0,0,31,38,63,82,83,78,83,68,0,38,89,72,70,0,0,53,56,0,45,37,40,0,0,0,0,0,0,0,0,0,0,0,0,0,0
l14,12=0,0,0,0,54,0,2,0,7,0,0,71,91,46,0,79,88,79,0,0,0,62,0,88,99,49,0,0,0,0,0,0,0,69,64,52,26,0,42,0
l15,12=0,0,0,0,0,0,40,0,45,45,76,86,81,88,44,0,75,75,0,7,53,60,0,31,49,42,0,0,0,0,0,0,0,0,0,0,0,0,41,0
l16,12=0,0,0,0,0,0,0,0,13,20,0,71,71,33,48,81,0,80,8,9,62,67,69,10,55,32,0,0,0,0,0,0,0,0,0,36,42,11,60,49
l17,12=0,0,0,0,0,0,0,0,19,29,0,81,85,41,45,84,86,0,0,26,62,75,67,39,27,0,0,0,0,0,0,0,0,29,0,0,40,0,49,0
l18,12=0,0,0,0,0,0,0,0,0,0,0,0,0,0,0,0,69,0,0,66,49,23,9,0,0,0,0,0,0,0,0,0,0,0,0,0,0,0,0,5
l19,12=0,0,0,0,0,0,0,0,21,0,0,0,0,0,0,39,51,44,31,0,76,78,73,0,0,0,42,0,0,50,0,52,0,0,0,7,0,0,0,67
l20,12=0,0,0,0,0,0,0,0,0,21,0,12,40,22,0,47,68,57,1,83,0,88,86,0,0,0,13,0,0,0,0,38,0,0,0,59,44,24,62,62
l21,12=0,0,0,0,0,0,0,0,26,34,0,48,42,23,31,55,65,67,2,84,86,0,86,0,31,0,12,0,0,0,0,0,0,0,1,53,30,27,72,60
l22,12=0,0,0,0,0,0,0,0,0,0,0,47,40,0,0,0,60,49,0,81,86,87,0,0,5,0,39,0,0,0,0,0,0,0,6,65,71,0,58,73
l23,12=0,0,0,0,67,10,0,0,0,0,0,53,72,46,57,76,6,67,0,0,0,0,0,0,65,98,0,0,0,0,0,1,43,69,0,0,0,0,0,0
l24,12=0,0,0,0,0,0,0,0,2,26,0,39,91,31,97,86,89,50,0,0,0,37,11,96,0,95,0,0,0,0,0,20,62,0,0,0,2,0,49,0
l25,12=0,0,0,0,0,0,0,0,0,0,0,57,90,27,54,69,76,0,0,0,0,0,0,99,99,0,0,0,0,18,0,70,60,69,93,0,0,0,0,0
l26,12=0,0,0,0,0,0,0,0,0,0,0,0,0,0,0,0,0,0,0,42,20,3,35,0,0,0,0,74,88,75,96,86,77,67,73,0,0,0,0,0
l27,12=0,0,0,0,0,0,0,0,0,0,0,0,0,0,0,0,0,0,0,0,0,0,0,0,0,0,75,0,83,95,98,71,0,6,8,0,0,0,0,0
l28,12=0,0,0,0,0,0,0,0,0,0,0,0,0,0,0,0,0,0,0,1,33,0,0,0,0,0,87,95,0,95,98,73,71,68,72,0,0,0,0,0
l29,12=0,0,0,0,0,0,0,0,0,0,0,0,0,0,0,0,0,0,0,48,0,0,0,0,0,3,77,95,88,0,98,84,79,51,73,0,0,0,0,0
l30,12=0,0,0,0,0,0,0,0,0,0,0,0,0,0,0,0,0,0,0,0,0,0,0,0,0,0,87,95,88,95,0,82,80,10,41,0,0,0,0,0
l31,12=0,0,0,0,0,0,0,0,0,0,0,0,0,0,0,0,0,0,0,65,53,0,1,16,35,66,87,77,82,93,98,0,97,100,100,0,0,0,0,0
l32,12=0,0,0,0,0,0,0,0,0,0,0,0,0,0,0,0,0,0,0,0,0,0,0,29,62,63,83,0,84,90,90,99,0,100,100,0,0,0,0,0
l33,12=0,0,0,0,0,0,0,0,0,0,0,0,63,0,66,0,0,8,0,0,0,0,0,68,0,80,68,54,72,64,51,99,97,0,100,0,0,0,0,0
l34,12=0,0,0,0,0,0,0,0,0,0,0,0,0,0,60,0,0,0,0,0,0,1,24,2,0,82,85,61,77,73,68,99,97,100,0,0,0,0,0,0
l35,12=0,0,0,0,0,0,0,0,0,0,0,22,0,0,0,0,10,0,0,1,45,40,67,0,0,0,0,0,0,0,0,0,0,0,0,0,84,46,58,66
l36,12=0,0,0,0,0,0,0,0,0,0,0,0,0,0,1,0,68,48,0,0,65,56,77,0,0,0,0,0,0,0,0,0,0,0,0,87,0,47,62,78
l37,12=0,0,0,0,0,0,0,0,0,0,0,0,0,0,0,0,60,0,0,0,47,54,0,0,0,0,0,0,0,0,0,0,0,0,0,80,48,0,36,78
l38,12=0,0,0,0,0,0,0,0,0,0,0,42,63,0,4,50,78,43,0,0,69,72,78,0,19,0,0,0,0,0,0,0,0,0,0,84,48,12,0,78
l39,12=0,0,0,0,0,0,0,0,0,0,0,0,0,0,0,0,47,0,0,44,52,58,75,0,0,0,0,0,0,0,0,0,0,0,0,69,66,45,57,0

l0,13=0,93,91,93,92,93,93,92,87,89,91,0,0,0,0,0,0,0,0,0,0,0,0,0,0,0,0,0,0,0,0,0,0,0,0,0,0,0,0,0
l1,13=93,0,91,95,92,93,93,91,65,64,82,0,0,0,2,0,0,0,0,0,0,0,0,0,0,0,0,0,0,0,0,0,0,0,0,0,0,0,0,0
l2,13=93,94,0,93,92,93,93,85,0,88,94,0,0,32,0,0,0,0,0,0,0,0,0,0,0,0,0,0,0,0,0,0,0,0,0,0,0,0,0,0
l3,13=94,96,91,0,97,93,93,90,3,0,94,0,0,0,0,0,0,0,0,0,0,0,0,0,6,0,0,0,0,0,0,0,0,0,0,0,0,0,0,0
l4,13=93,93,91,93,0,89,93,87,56,16,92,0,0,0,0,0,0,0,0,0,0,0,0,0,0,0,0,0,0,0,0,0,0,0,0,0,0,0,0,0
l5,13=93,93,91,92,88,0,93,86,88,90,92,0,0,82,0,0,0,0,0,0,0,0,0,0,0,0,0,0,0,0,0,0,0,0,0,0,0,0,0,0
l6,13=89,88,91,88,92,93,0,0,83,87,0,81,0,77,0,75,0,0,0,0,0,0,0,0,0,0,0,0,0,0,0,0,0,0,0,0,0,0,0,0
l7,13=54,59,63,89,90,90,0,0,93,90,94,21,0,60,0,2,0,0,0,0,0,0,0,0,0,0,0,0,0,0,0,0,0,0,0,0,0,0,0,0
l8,13=27,26,0,67,63,79,73,86,0,92,63,23,31,92,55,54,64,50,0,25,0,68,7,0,24,0,0,0,0,0,0,0,0,0,0,0,0,0,0,0
l9,13=27,0,67,0,0,88,81,89,93,0,94,57,30,93,37,81,65,58,0,0,35,69,0,0,0,0,0,0,0,0,0,0,0,0,0,0,0,0,0,0
l10,13=29,29,60,75,84,85,0,92,89,92,0,23,0,91,0,56,0,0,0,0,0,0,0,0,0,0,0,0,0,0,0,0,0,0,0,0,0,0,0,0
l11,13=0,0,0,0,0,0,76,64,78,77,38,0,46,100,51,90,78,93,0,0,39,76,72,33,0,28,0,0,0,0,0,0,0,0,0,0,0,0,68,0
l12,13=0,0,0,0,0,0,0,0,57,76,0,45,0,51,98,87,96,99,0,0,47,75,78,40,62,66,0,0,0,0,0,0,0,55,0,0,65,0,82,0
l13,13=0,0,2,0,0,73,68,76,93,92,61,94,37,0,51,90,73,87,0,0,39,75,0,29,0,33,0,0,0,0,0,0,0,0,0,0,0,0,72,0
l14,13=0,0,0,0,0,0,0,0,81,73,0,55,100,63,0,85,98,93,0,0,36,70,0,67,99,41,0,0,0,0,0,0,12,52,44,0,39,0,0,0
l15,13=0,0,0,0,0,0,73,0,63,85,38,94,63,100,51,0,98,99,0,8,40,67,0,33,33,35,0,0,0,0,0,0,0,0,0,0,69,0,78,0
l16,13=0,0,0,0,0,0,0,0,47,61,0,28,43,41,57,74,0,93,3,31,32,63,78,1,34,26,0,0,0,0,0,0,0,13,11,37,75,58,79,63
l17,13=0,0,0,0,0,0,0,0,62,75,0,33,97,57,57,74,97,0,0,31,51,91,88,35,34,0,0,0,0,0,0,0,0,50,0,0,77,0,84,0
l18,13=0,0,0,0,0,0,0,0,0,0,0,0,0,0,0,0,81,0,0,94,91,68,76,0,0,0,0,0,0,0,0,0,0,0,0,0,0,0,0,29
l19,13=0,0,0,0,0,0,0,0,41,0,0,0,3,0,0,16,69,49,44,0,96,93,86,0,0,0,35,0,9,31,0,45,0,0,0,6,0,52,52,68
l20,13=0,0,0,0,0,0,0,0,0,48,0,24,42,30,15,53,55,82,25,95,0,96,95,0,0,0,35,0,0,0,0,50,0,0,0,50,80,80,95,77
l21,13=0,0,0,0,0,0,0,0,57,63,0,27,31,34,34,47,60,92,8,95,96,0,95,0,23,0,35,0,0,0,0,0,0,0,0,0,58,50,89,85
l22,13=0,0,0,0,0,0,0,0,1,0,0,20,35,0,0,0,86,67,10,38,96,96,0,0,0,0,56,0,0,0,0,7,0,0,21,49,84,27,86,93
l23,13=0,0,0,0,0,0,0,0,0,0,0,32,47,53,99,75,0,54,0,0,0,0,0,0,33,100,0,0,0,0,0,6,9,54,5,0,0,0,0,0
l24,13=0,0,0,55,0,0,0,0,80,0,0,0,100,0,99,76,98,94,0,0,0,72,0,36,0,65,0,0,0,0,0,0,80,13,12,0,72,0,1,0
l25,13=0,0,0,0,0,0,0,0,0,0,0,26,100,53,99,75,88,0,0,0,0,0,0,100,99,0,7,0,0,0,0,70,93,88,58,0,0,0,0,0
l26,13=0,0,0,0,0,0,0,0,0,0,0,0,0,0,0,0,0,0,0,16,40,20,62,0,0,0,0,83,97,90,99,99,76,71,13,0,0,0,0,0
l27,13=0,0,0,0,0,0,0,0,0,0,0,0,0,0,0,0,0,0,0,0,0,0,0,0,0,0,85,0,93,99,100,88,72,81,36,0,0,0,0,0
l28,13=0,0,0,0,0,0,0,0,0,0,0,0,0,0,0,0,0,0,0,26,10,0,0,0,0,60,100,99,0,99,100,99,74,78,90,0,0,0,0,0
l29,13=0,0,0,0,0,0,0,0,0,0,0,0,0,0,0,0,0,0,0,68,0,0,0,0,0,4,85,99,97,0,100,89,81,40,80,0,0,0,0,0
l30,13=0,0,0,0,0,0,0,0,0,0,0,0,0,0,0,0,0,0,0,0,0,0,0,0,0,0,100,99,97,99,0,90,74,75,4,0,0,0,0,0
l31,13=0,0,0,0,0,0,0,0,0,0,0,0,0,0,2,0,0,0,0,41,70,0,4,1,5,66,100,98,97,99,100,0,99,100,100,0,0,0,0,0
l32,13=0,0,0,0,0,0,0,0,0,0,0,0,0,0,46,0,0,0,0,0,0,0,0,0,82,84,95,76,71,90,90,100,0,100,100,0,0,0,0,0
l33,13=0,0,0,0,0,0,0,0,0,0,0,0,92,0,89,0,0,80,0,0,0,0,0,28,17,100,89,70,72,31,73,100,99,0,100,0,0,0,0,0
l34,13=0,0,0,0,0,0,0,0,0,0,0,0,9,0,81,0,63,0,0,0,1,0,75,38,43,98,73,0,95,91,38,100,99,100,0,0,0,0,0,0
l35,13=0,0,0,0,0,0,0,0,0,0,0,0,0,0,0,0,59,0,0,1,45,0,78,0,0,0,0,0,0,0,0,0,0,0,0,0,96,91,90,81
l36,13=0,0,0,0,0,0,0,0,0,0,0,0,21,0,2,41,77,66,0,0,50,69,84,0,23,0,0,0,0,0,0,0,0,0,0,70,0,87,93,79
l37,13=0,0,0,0,0,0,0,0,0,0,0,0,0,0,0,0,56,0,0,14,46,13,5,0,0,0,0,0,0,0,0,0,0,0,0,54,85,0,82,69
l38,13=0,0,0,0,0,0,0,0,0,0,0,3,35,7,0,60,79,72,0,7,51,80,83,0,0,0,0,0,0,0,0,0,0,0,0,51,86,80,0,78
l39,13=0,0,0,0,0,0,0,0,0,0,0,0,0,0,0,0,71,0,0,31,45,82,90,0,0,0,0,0,0,0,0,0,0,0,0,51,81,72,86,0

l0,14=0,100,100,100,100,100,100,99,94,98,100,0,0,0,0,0,0,0,0,0,0,0,0,0,0,0,0,0,0,0,0,0,0,0,0,0,0,0,0,0
l1,14=100,0,100,100,100,100,24,0,48,0,51,0,0,51,0,0,0,0,0,0,0,0,0,0,0,0,0,0,0,0,0,0,0,0,0,0,0,0,0,0
l2,14=100,100,0,100,100,100,100,98,38,98,100,0,0,78,0,8,0,0,0,0,0,0,0,0,0,0,0,0,0,0,0,0,0,0,0,0,0,0,0,0
l3,14=100,100,100,0,100,100,100,97,0,0,100,0,0,0,0,0,0,0,0,0,0,0,0,0,0,0,0,0,0,0,0,0,0,0,0,0,0,0,0,0
l4,14=100,100,100,100,0,100,100,0,46,56,100,0,0,0,0,2,0,0,0,0,0,0,0,0,0,0,0,0,0,0,0,0,0,0,0,0,0,0,0,0
l5,14=100,100,100,100,100,0,100,100,95,99,100,0,0,93,0,81,0,0,0,0,0,0,0,0,0,0,0,0,0,0,0,0,0,0,0,0,0,0,0,0
l6,14=98,11,100,95,100,100,0,96,89,95,93,99,0,92,0,88,0,0,0,1,0,0,40,0,0,0,0,0,0,0,0,0,0,0,0,0,0,0,0,0
l7,14=100,0,100,99,0,100,99,0,100,99,100,0,0,97,0,4,62,0,0,0,0,0,0,0,0,0,0,0,0,0,0,0,0,0,0,0,0,0,0,0
l8,14=59,52,9,16,51,42,36,30,0,99,99,43,43,56,47,45,11,0,0,16,32,55,0,0,31,0,0,0,0,0,0,0,0,0,0,0,0,0,3,0
l9,14=59,0,39,0,48,69,54,99,100,0,100,45,0,100,47,66,33,29,0,0,40,56,0,41,0,0,0,0,0,0,0,0,0,0,0,0,0,0,0,0
l10,14=100,65,60,97,100,100,97,100,100,99,0,44,43,100,37,53,0,0,0,0,10,6,0,0,0,0,0,0,0,0,0,0,0,0,0,0,0,0,0,0
l11,14=0,0,0,0,0,0,62,0,45,97,49,0,97,100,99,100,62,71,0,0,46,54,72,87,0,33,0,0,0,0,0,0,0,0,0,4,34,0,58,0
l12,14=0,0,0,0,0,0,0,0,54,0,36,97,0,97,100,96,20,99,0,2,95,53,54,89,91,99,0,0,0,0,0,0,0,42,0,5,1,0,0,0
l13,14=0,72,81,0,0,74,62,57,96,98,97,99,97,0,99,100,25,61,0,2,0,97,0,11,58,58,0,0,0,0,0,0,0,0,0,0,0,0,1,0
l14,14=0,0,0,0,0,0,0,0,50,54,14,97,100,57,0,46,62,59,0,0,9,34,0,89,100,0,0,0,0,0,0,0,31,43,0,0,9,0,45,0
l15,14=0,0,0,0,11,34,55,0,99,97,52,99,97,99,99,0,67,62,0,24,70,56,0,89,59,33,0,0,0,0,0,0,0,0,0,0,1,0,81,0
l16,14=0,0,0,0,0,0,1,15,13,86,0,95,43,43,99,94,0,60,0,87,91,52,94,9,59,2,0,0,0,0,0,6,0,42,15,29,66,8,49,41
l17,14=0,0,0,0,0,0,0,0,0,54,0,97,97,97,99,98,98,0,0,51,95,98,84,88,97,37,0,0,0,0,0,0,0,1,0,27,23,0,98,0
l18,14=0,0,0,0,0,0,0,0,0,0,0,0,0,0,0,0,76,0,0,92,90,33,90,0,0,0,0,0,0,0,0,0,0,0,0,0,0,0,0,0
l19,14=0,0,0,0,0,0,0,0,0,0,0,0,14,0,0,85,19,32,81,0,95,93,93,0,0,0,84,0,0,40,0,78,0,0,0,47,64,70,90,63
l20,14=0,0,0,0,0,0,0,0,7,89,6,88,93,0,0,85,55,57,81,97,0,98,98,0,0,0,48,0,0,0,0,0,0,0,24,53,65,83,98,66
l21,14=0,0,0,0,0,0,0,0,9,87,45,91,88,88,80,86,53,92,1,97,97,0,98,0,54,0,0,0,0,0,0,0,0,0,0,55,91,86,90,93
l22,14=0,0,0,0,0,0,0,0,0,14,0,88,88,0,0,0,87,55,77,97,97,98,0,0,0,0,82,0,0,0,0,0,0,2,0,51,93,80,93,83
l23,14=0,0,0,0,0,0,0,0,0,54,0,43,98,0,100,95,0,35,0,0,0,0,0,0,40,99,0,0,0,0,0,0,39,45,33,0,0,0,0,0
l24,14=0,0,0,0,0,0,0,0,49,17,0,0,100,55,100,87,64,63,0,0,0,54,0,41,0,60,0,0,0,0,0,0,0,0,0,0,28,0,0,0
l25,14=0,0,0,0,0,0,0,0,0,0,0,43,100,63,0,44,10,35,0,0,0,0,0,99,100,0,0,0,22,1,0,0,43,51,86,0,0,0,0,0
l26,14=0,0,0,0,0,0,0,0,0,0,0,0,0,0,0,0,0,0,0,90,82,0,82,0,0,0,0,93,100,89,98,99,94,90,93,0,0,0,0,0
l27,14=0,0,0,0,0,0,0,0,0,0,0,0,0,0,0,0,0,0,0,0,0,0,0,0,0,0,87,0,100,100,100,87,87,89,1,0,0,0,0,0
l28,14=0,0,0,0,0,0,0,0,0,0,0,0,0,0,0,0,0,0,0,9,0,0,0,0,0,49,99,100,0,100,100,99,92,90,95,0,0,0,0,0
l29,14=0,0,0,0,0,0,0,0,0,0,0,0,0,0,0,0,0,0,0,78,23,0,0,0,0,0,85,100,100,0,100,89,92,9,92,0,0,0,0,0
l30,14=0,0,0,0,0,0,0,0,0,0,0,0,0,0,0,0,0,0,0,0,0,0,0,0,0,0,97,100,100,100,0,88,89,89,0,0,0,0,0,0
l31,14=0,0,0,0,0,0,0,0,0,0,0,0,0,0,1,0,0,0,0,90,0,0,0,0,0,0,99,89,99,97,97,0,100,100,100,0,0,0,0,0
l32,14=0,0,0,0,0,0,0,0,0,0,0,0,0,0,94,0,0,0,0,0,0,0,0,89,0,93,99,98,97,98,96,100,0,100,100,0,0,0,0,0
l33,14=0,0,0,0,0,0,0,0,0,0,0,0,93,0,92,0,88,0,0,0,0,0,8,92,0,96,99,88,97,30,90,100,100,0,100,0,0,0,0,0
l34,14=0,0,0,0,0,0,0,0,0,0,0,0,89,0,0,0,88,0,0,0,92,0,5,98,0,98,97,0,99,96,1,100,100,100,0,0,0,0,0,0
l35,14=0,0,0,0,0,0,0,0,0,0,0,0,64,0,0,0,47,3,0,81,87,85,87,0,0,0,0,0,0,0,0,0,0,0,0,0,94,95,95,92
l36,14=0,0,0,0,0,0,0,0,0,0,0,16,18,0,4,0,48,2,0,57,86,89,91,0,11,0,0,0,0,0,0,0,0,0,0,59,0,91,98,59
l37,14=0,0,0,0,0,0,0,0,0,0,0,0,0,0,0,0,2,0,0,19,63,54,82,0,0,0,0,0,0,0,0,0,0,0,0,55,60,0,89,60
l38,14=0,0,0,0,0,0,0,0,0,0,0,85,24,0,85,83,19,40,0,51,95,86,94,0,0,0,0,0,0,0,0,0,0,0,0,57,66,93,0,63
l39,14=0,0,0,0,0,0,0,0,0,0,0,0,0,0,0,0,41,0,0,92,86,90,92,0,0,0,0,0,0,0,0,0,0,0,0,54,63,93,90,0

l0,15=0,98,97,100,100,100,97,98,99,98,87,0,0,0,0,0,0,0,0,0,0,0,0,0,0,0,0,0,0,0,0,0,0,0,0,0,0,0,0,0
l1,15=100,0,97,98,100,98,97,98,99,98,97,0,0,87,35,0,0,0,0,0,0,0,0,0,22,0,0,0,0,0,0,0,0,0,0,0,0,0,0,0
l2,15=100,98,0,98,97,100,97,98,99,98,0,88,0,96,0,0,0,0,0,0,0,0,0,0,0,0,0,0,0,0,0,0,0,0,0,0,0,0,0,0
l3,15=100,100,96,0,100,100,0,0,0,0,96,0,0,0,0,0,0,0,0,0,0,0,0,0,0,0,0,0,0,0,0,0,0,0,0,0,0,0,0,0
l4,15=100,100,97,100,0,100,97,98,96,97,97,0,0,0,0,2,0,0,0,0,0,0,0,0,0,0,0,0,0,0,0,0,0,0,0,0,0,0,0,0
l5,15=100,98,98,98,97,0,96,98,99,98,97,0,0,96,0,89,0,0,0,0,0,0,0,0,0,0,0,0,0,0,0,0,0,0,0,0,0,0,0,0
l6,15=100,98,97,29,97,97,0,98,98,98,97,98,92,96,0,97,9,0,0,0,0,0,39,0,0,0,0,0,0,0,0,0,0,0,0,0,0,0,0,0
l7,15=63,97,97,57,97,98,97,0,100,98,100,0,0,47,27,0,97,0,0,0,0,0,0,0,0,0,0,0,0,0,0,0,0,0,0,0,0,0,0,0
l8,15=63,94,76,18,85,98,97,98,0,100,98,78,58,61,94,98,0,0,0,41,13,92,56,6,78,0,0,0,0,0,0,0,0,0,0,0,0,0,0,0
l9,15=98,8,67,0,91,99,99,99,100,0,100,99,0,99,0,99,100,45,0,0,99,96,1,49,0,0,0,0,0,0,0,0,0,0,0,0,0,0,0,0
l10,15=71,95,0,97,97,98,97,100,100,100,0,0,95,96,69,0,90,0,0,0,0,6,0,0,0,0,0,0,0,0,0,0,0,0,0,0,0,0,0,0
l11,15=0,0,6,0,0,0,99,0,99,98,0,0,100,99,95,99,100,99,0,0,96,97,58,59,78,63,0,0,0,0,0,0,0,0,0,0,61,0,98,0
l12,15=0,0,0,0,0,0,6,0,99,0,100,81,0,99,100,99,99,100,0,0,99,29,59,63,100,100,0,0,0,0,0,0,0,0,0,14,61,0,65,0
l13,15=0,87,96,0,0,97,96,15,99,99,100,99,99,0,95,99,97,99,0,17,0,74,55,61,0,62,0,0,0,0,0,0,0,0,0,0,0,0,3,0
l14,15=0,0,0,0,0,0,0,0,99,3,20,77,100,63,0,99,99,99,0,0,9,0,9,94,100,63,0,0,0,0,0,0,0,99,8,0,56,0,93,0
l15,15=0,0,0,0,2,63,96,0,99,98,0,100,60,63,99,0,99,99,0,0,98,97,29,63,77,62,0,0,0,0,0,0,0,0,0,51,0,0,99,0
l16,15=0,0,0,0,0,0,3,96,0,88,77,78,58,59,99,99,0,97,83,2,86,83,60,0,78,0,0,0,0,0,0,9,37,89,0,61,61,46,96,0
l17,15=0,0,0,0,0,0,0,0,0,92,0,78,61,63,99,99,99,0,0,99,99,97,60,63,78,63,0,0,0,0,0,0,0,92,73,0,60,0,99,0
l18,15=0,0,0,0,0,0,0,0,0,0,0,0,0,0,0,0,90,0,0,77,82,2,76,0,0,0,0,0,0,0,0,0,0,0,0,0,0,0,0,0
l19,15=0,0,0,0,0,0,0,0,0,0,0,0,37,0,0,0,49,73,41,0,99,93,95,0,0,0,40,0,0,12,0,24,0,0,0,8,52,12,79,80
l20,15=0,0,0,0,0,0,0,0,0,88,0,72,61,0,1,96,93,89,30,100,0,100,99,0,0,0,33,0,0,0,0,1,0,0,0,64,59,62,99,93
l21,15=0,0,0,0,0,0,0,0,91,87,11,95,54,20,0,96,44,96,1,100,100,0,99,0,76,0,0,0,0,0,0,0,0,25,83,59,99,81,99,98
l22,15=0,0,0,0,0,0,6,0,72,47,0,59,40,40,5,45,97,79,32,98,99,99,0,0,0,0,39,0,0,5,0,6,0,10,0,55,51,62,83,75
l23,15=0,0,0,0,0,0,0,0,0,94,0,73,100,63,100,100,0,100,0,0,0,0,0,0,100,100,0,0,0,0,0,0,88,100,0,0,0,0,0,0
l24,15=0,0,0,0,0,0,0,0,98,0,0,78,100,0,100,100,99,100,0,0,24,88,0,79,0,63,0,0,0,0,0,0,72,2,0,0,45,0,0,0
l25,15=0,0,0,0,0,0,0,0,0,0,0,78,100,63,98,98,0,97,0,0,0,0,0,91,98,0,43,0,83,11,0,52,88,99,96,0,0,0,0,0
l26,15=0,0,0,0,0,0,0,0,0,0,0,0,0,0,0,0,0,0,0,79,87,0,88,0,0,80,0,96,96,84,94,83,90,91,92,0,0,0,0,0
l27,15=0,0,0,0,0,0,0,0,0,0,0,0,0,0,0,0,0,0,0,0,0,0,0,0,0,0,76,0,96,84,95,78,91,91,92,0,0,0,0,0
l28,15=0,0,0,0,0,0,0,0,0,0,0,0,0,0,0,0,0,0,0,0,0,0,0,0,0,85,85,97,0,85,95,81,90,91,93,0,0,0,0,0
l29,15=0,0,0,0,0,0,0,0,0,0,0,0,0,0,0,0,0,0,0,41,0,0,19,0,0,15,85,97,96,0,95,81,91,91,93,0,0,0,0,0
l30,15=0,0,0,0,0,0,0,0,0,0,0,0,0,0,0,0,0,0,0,0,0,0,0,0,0,0,85,97,96,85,0,77,90,91,0,0,0,0,0,0
l31,15=0,0,0,0,0,0,0,0,0,0,0,0,0,0,0,0,64,0,0,58,21,0,52,0,0,90,85,92,95,85,91,0,97,98,98,0,0,0,0,0
l32,15=0,0,0,0,0,0,0,0,0,0,0,0,58,0,0,0,89,0,0,0,0,0,0,76,93,94,85,95,93,85,93,84,0,98,98,0,0,0,0,0
l33,15=0,0,0,0,0,0,0,0,0,0,0,0,41,0,95,0,97,89,0,0,0,6,30,88,71,96,79,95,94,76,91,84,97,0,98,0,0,0,0,0
l34,15=0,0,0,0,0,0,0,0,0,0,0,0,0,0,83,0,0,35,0,0,0,91,0,0,0,94,79,92,92,76,34,84,97,98,0,0,0,0,0,0
l35,15=0,0,0,0,0,0,0,0,0,0,0,0,21,0,0,68,78,0,0,0,77,33,23,0,0,0,0,0,0,0,0,0,0,0,0,0,99,96,95,83
l36,15=0,0,0,0,0,0,0,0,0,0,0,51,25,0,46,0,87,71,0,76,87,83,46,0,27,0,0,0,0,0,0,0,0,0,0,65,0,81,99,79
l37,15=0,0,0,0,0,0,0,0,0,0,0,0,0,0,0,0,11,0,0,0,3,68,45,0,0,0,0,0,0,0,0,0,0,0,0,96,96,0,96,82
l38,15=0,0,0,0,0,0,0,0,0,0,0,46,16,0,60,82,81,91,0,60,96,92,52,0,0,0,0,0,0,0,0,0,0,0,0,64,99,83,0,86
l39,15=0,0,0,0,0,0,0,0,0,0,0,0,0,0,0,0,5,0,0,82,82,80,43,0,0,0,0,0,0,0,0,0,0,0,0,93,58,81,96,0

