t=2016-04-13_21.55.40

n=40

q0=1
q1=1
q2=1
q3=1
q4=1
q5=1
q6=1
q7=1
q8=1
q9=1
q10=1
q11=1
q12=1
q13=1
q14=1
q15=1
q16=1
q17=1
q18=1
q19=1
q20=1
q21=1
q22=1
q23=1
q24=1
q25=1
q26=1
q27=1
q28=1
q29=1
q30=1
q31=1
q32=1
q33=1
q34=1
q35=1
q36=1
q37=1
q38=1
q39=1

a0=0x141592000c576ce6
a1=0x141592000c5aedbc
a2=0x141592000c5750f4
a3=0x141592000c576658
a4=0x141592000c575890
a5=0x141592000c574ffa
a6=0x141592000c5acf11
a7=0x141592000d9df361
a8=0x141592000c576300
a9=0x141592000c5779b6
a10=0x141592000c5762b9
a11=0x141592000c5af078
a12=0x141592000c575517
a13=0x141592000c5752c3
a14=0x141592000c5a4baa
a15=0x141592000c5776e7
a16=0x141592000c58cdeb
a17=0x141592000c5881fc
a18=0x141592000bd81d33
a19=0x141592000bd84d6a
a20=0x141592000c577233
a21=0x141592000c574527
a22=0x141592000c5746a3
a23=0x141592000c574da3
a24=0x141592000c5741c9
a25=0x141592000da244ea
a26=0x141592000c5ae886
a27=0x141592000c57510e
a28=0x141592000c5ab6c8
a29=0x141592000c574d05
a30=0x141592000edae61f
a31=0x141592000c57667e
a32=0x141592000c577f43
a33=0x141592000c576449
a34=0x1415920010f4117a
a35=0x141592000c575966
a36=0x141592000c574d35
a37=0x141592000c576fb1
a38=0x141592000c5aea5d
a39=0x141592000c59f23f

l0,0=0,98,89,98,86,89,87,77,82,89,0,0,0,43,0,0,0,0,0,0,0,0,0,0,0,0,0,0,0,0,0,0,0,0,0,0,0,0,0,0
l1,0=93,0,89,84,93,89,85,87,79,0,88,0,0,0,0,0,0,0,0,0,0,0,0,0,0,0,0,0,0,0,0,0,0,0,0,0,0,0,0,0
l2,0=85,95,0,0,90,89,91,84,11,85,87,0,0,65,0,0,0,0,0,0,0,0,0,0,0,0,0,0,0,0,0,0,0,0,0,0,0,0,0,0
l3,0=97,81,0,0,93,89,87,61,72,0,84,0,0,0,0,0,0,0,0,0,0,0,0,0,0,0,0,0,0,0,0,0,0,0,0,0,0,0,0,0
l4,0=52,93,89,92,0,89,44,0,0,75,83,0,0,66,0,0,0,0,0,0,0,0,0,0,0,0,0,0,0,0,0,0,0,0,0,0,0,0,0,0
l5,0=82,99,87,88,85,0,82,83,84,85,83,0,0,56,0,0,0,0,0,0,0,0,0,0,0,0,0,0,0,0,0,0,0,0,0,0,0,0,0,0
l6,0=80,81,86,84,73,83,0,82,82,83,81,46,0,75,0,66,71,0,0,0,0,0,0,0,0,0,0,0,0,0,0,0,0,0,0,0,0,0,0,0
l7,0=50,81,85,72,48,83,83,0,81,84,83,71,0,9,0,57,0,0,0,0,0,0,0,0,0,0,0,0,0,0,0,0,0,0,0,0,0,0,0,0
l8,0=23,22,0,63,0,41,51,57,0,90,72,81,62,89,59,78,84,56,0,0,0,69,21,1,63,0,0,0,0,0,0,0,0,0,0,0,0,0,25,0
l9,0=80,0,83,0,84,83,70,82,92,0,89,80,65,80,10,74,68,70,0,0,0,0,38,0,0,0,0,0,0,0,0,0,0,0,0,0,0,0,0,0
l10,0=0,80,86,81,83,81,83,84,80,92,0,78,64,82,0,74,1,0,0,0,0,0,0,0,0,0,0,0,0,0,0,0,0,0,0,0,0,0,0,0
l11,0=0,0,0,0,0,0,39,42,55,38,74,0,88,90,87,92,87,93,0,17,0,52,0,0,78,0,0,0,0,0,0,0,0,0,0,1,36,2,32,0
l12,0=0,0,0,0,0,0,0,0,51,35,52,83,0,83,88,92,83,100,0,0,51,69,0,80,93,83,0,0,0,0,0,0,0,47,0,0,26,0,35,0
l13,0=0,0,20,0,66,0,44,0,91,63,85,85,86,0,84,86,66,75,0,15,0,67,60,74,62,68,0,0,0,0,0,0,0,0,0,0,0,0,31,0
l14,0=0,0,0,0,0,0,0,0,51,9,0,81,86,82,0,83,84,86,0,0,50,0,54,81,85,86,0,0,0,0,0,0,0,48,0,0,0,0,2,0
l15,0=0,0,0,0,0,0,45,12,54,37,71,92,93,82,83,0,75,86,0,0,3,0,48,2,85,0,0,0,0,0,0,0,0,0,0,0,5,0,32,0
l16,0=0,0,0,0,0,0,30,0,54,32,0,74,82,39,88,71,0,96,0,22,48,83,80,59,82,0,0,0,0,0,0,0,0,24,0,50,31,3,38,78
l17,0=0,0,0,0,0,0,0,0,47,39,0,87,92,87,87,89,95,0,0,0,61,84,64,0,86,76,0,0,0,0,0,0,0,51,0,0,35,1,0,0
l18,0=0,0,0,0,0,0,0,0,0,0,0,0,0,0,0,0,0,0,0,0,81,8,74,0,0,0,0,0,0,0,0,0,0,0,0,0,0,0,0,0
l19,0=0,0,0,0,0,0,0,0,6,0,0,30,0,32,0,0,66,0,0,0,81,62,92,0,0,0,0,0,0,0,0,43,0,0,0,2,48,9,49,74
l20,0=0,0,0,0,0,0,0,0,0,0,0,0,56,0,47,0,65,58,32,53,0,94,92,0,0,0,0,0,0,0,0,0,0,0,11,4,64,37,72,96
l21,0=0,0,0,0,0,0,0,0,35,0,0,30,52,40,0,0,80,60,18,16,97,0,92,0,0,0,0,0,0,0,0,0,0,0,0,77,21,6,74,64
l22,0=0,0,0,0,0,0,0,0,25,9,0,0,0,31,27,36,75,45,34,84,97,94,0,0,25,0,25,0,0,0,0,0,0,0,0,65,90,19,67,81
l23,0=0,0,0,0,0,0,0,0,24,0,0,0,78,76,83,0,81,0,0,0,0,0,0,0,86,0,0,0,0,0,0,0,0,40,79,0,0,0,0,0
l24,0=0,0,0,0,0,0,0,0,54,0,0,79,93,80,86,84,82,86,0,0,0,0,27,82,0,80,0,0,0,0,0,0,28,51,76,0,0,0,7,0
l25,0=0,0,0,0,0,0,0,0,2,0,0,0,79,65,90,0,0,78,0,0,0,0,0,0,78,0,32,1,0,0,0,21,27,46,78,0,0,0,0,0
l26,0=0,0,0,0,0,0,0,0,0,0,0,0,0,0,0,0,0,0,0,30,0,0,64,0,0,63,0,68,89,93,94,92,71,59,74,0,0,0,0,0
l27,0=0,0,0,0,0,0,0,0,0,0,0,0,0,0,0,0,0,0,0,0,0,0,0,0,0,0,71,0,89,97,100,81,64,55,70,0,0,0,0,0
l28,0=0,0,0,0,0,0,0,0,0,0,0,0,0,0,0,0,0,0,0,6,0,0,0,0,0,0,81,100,0,98,100,86,67,54,72,0,0,0,0,0
l29,0=0,0,0,0,0,0,0,0,0,0,0,0,0,0,0,0,0,0,0,45,0,0,0,0,0,0,79,100,89,0,100,75,65,53,64,0,0,0,0,0
l30,0=0,0,0,0,0,0,0,0,0,0,0,0,0,0,0,0,0,0,0,0,0,0,0,0,0,0,72,100,89,98,0,77,76,73,0,0,0,0,0,0
l31,0=0,0,0,0,0,0,0,0,0,0,0,0,0,0,0,0,0,0,0,66,0,0,0,0,0,61,76,55,80,68,67,0,84,84,91,0,0,0,0,0
l32,0=0,0,0,0,0,0,0,0,0,0,0,0,0,0,0,0,0,0,0,0,0,0,0,0,61,64,71,55,78,60,67,88,0,85,92,0,0,0,0,0
l33,0=0,0,0,0,0,0,0,0,0,0,0,0,68,0,65,0,54,65,0,0,0,0,0,50,62,64,63,47,71,53,80,85,85,0,78,0,0,0,0,0
l34,0=0,0,0,0,0,0,0,0,0,0,0,0,0,0,0,0,0,0,0,0,55,0,11,59,63,69,62,59,76,62,0,92,91,63,0,0,0,0,0,0
l35,0=0,0,0,0,0,0,0,0,0,0,0,0,0,0,0,0,30,0,0,0,0,72,63,0,0,0,0,0,0,0,0,0,0,0,0,0,36,56,96,77
l36,0=0,0,0,0,0,0,0,0,0,0,0,43,45,20,5,25,61,48,0,19,66,44,90,0,0,0,0,0,0,0,0,0,0,0,0,84,0,33,42,80
l37,0=0,0,0,0,0,0,0,0,0,0,0,0,0,0,0,0,7,2,0,7,64,14,55,0,0,0,0,0,0,0,0,0,0,0,0,86,42,0,31,95
l38,0=0,0,0,0,0,0,0,0,34,0,0,48,68,49,0,66,94,0,0,16,66,92,90,0,0,0,0,0,0,0,0,0,0,0,0,86,44,21,0,95
l39,0=0,0,0,0,0,0,0,0,0,0,0,0,0,0,0,0,74,0,0,21,65,74,81,0,0,0,0,0,0,0,0,0,0,0,0,74,33,50,41,0

l0,1=0,80,85,90,53,82,77,28,36,75,43,0,0,6,0,0,0,0,0,0,0,0,0,0,0,0,0,0,0,0,0,0,0,0,0,0,0,0,0,0
l1,1=87,0,89,82,89,86,72,72,59,66,75,0,0,42,0,0,0,0,0,0,0,0,0,2,0,0,0,0,0,0,0,0,0,0,0,0,0,0,0,0
l2,1=81,80,0,71,63,89,84,78,0,77,85,0,0,0,0,8,0,0,0,0,0,0,0,0,0,0,0,0,0,0,0,0,0,0,0,0,0,0,0,0
l3,1=87,77,74,0,85,82,70,11,0,47,79,0,0,0,0,0,0,0,0,0,0,0,0,0,0,0,0,0,0,0,0,0,0,0,0,0,0,0,0,0
l4,1=48,77,59,82,0,76,63,1,63,74,79,0,0,48,0,0,0,0,0,0,0,0,0,0,0,0,0,0,0,0,0,0,0,0,0,0,0,0,0,0
l5,1=75,83,90,83,74,0,78,82,73,76,80,0,0,0,0,0,0,0,0,0,0,0,0,0,0,0,0,0,0,0,0,0,0,0,0,0,0,0,0,0
l6,1=65,48,79,50,32,67,0,85,78,53,80,45,9,51,0,0,39,0,0,0,0,0,0,0,0,0,0,0,0,0,0,0,0,0,0,0,0,0,0,0
l7,1=22,68,77,36,16,77,82,0,80,79,86,24,4,29,0,16,0,0,0,0,0,0,0,0,0,0,0,0,0,0,0,0,0,0,0,0,0,0,0,0
l8,1=2,16,0,0,22,30,73,73,0,81,76,65,0,78,26,61,49,34,0,0,0,46,30,24,0,0,0,0,0,0,0,0,0,0,0,0,0,0,5,0
l9,1=50,24,65,33,60,66,36,74,89,0,89,59,22,75,25,52,40,37,0,0,0,32,23,0,0,0,0,0,0,0,0,0,0,0,0,0,0,0,0,0
l10,1=19,67,78,70,69,73,82,90,75,85,0,64,0,77,0,54,0,0,0,0,0,10,0,0,0,0,0,0,0,0,0,0,0,0,0,0,0,0,0,0
l11,1=0,0,0,0,0,0,23,15,54,48,50,0,71,80,61,72,61,74,0,34,1,14,0,0,32,0,0,0,0,0,0,0,0,0,0,32,48,0,28,0
l12,1=0,0,0,0,0,0,0,0,0,26,0,77,0,63,75,69,63,80,0,0,43,33,9,75,81,40,0,0,0,0,0,0,0,1,0,0,0,0,33,0
l13,1=0,1,0,0,15,0,28,0,70,73,76,79,45,0,52,29,57,65,0,35,37,37,36,57,0,15,0,0,0,0,0,0,0,0,0,0,0,0,26,0
l14,1=0,0,0,0,0,0,0,0,39,43,0,40,84,44,0,33,61,59,0,0,49,34,0,71,38,62,0,0,0,0,0,0,0,0,0,0,3,0,0,0
l15,1=0,0,0,0,0,0,0,0,46,45,51,89,76,33,41,0,40,74,0,0,23,0,24,37,46,0,0,0,0,0,0,0,0,0,0,0,34,0,7,0
l16,1=0,0,0,0,0,0,5,0,39,39,0,29,30,36,46,17,0,59,0,29,51,44,44,50,15,7,0,0,0,0,0,0,8,25,0,35,31,2,20,21
l17,1=0,0,0,0,0,0,0,0,38,43,0,52,88,49,45,36,70,0,0,0,49,28,39,50,32,3,0,0,0,0,0,0,0,36,0,0,42,0,13,0
l18,1=0,0,0,0,0,0,0,0,0,0,0,0,0,0,0,0,0,0,0,45,63,50,52,0,0,0,0,0,0,0,0,0,0,0,0,0,0,0,0,0
l19,1=0,0,0,0,0,0,0,0,0,0,0,21,0,26,0,0,38,0,35,0,66,45,58,0,0,0,0,0,0,0,0,39,0,0,0,0,42,26,55,48
l20,1=0,0,0,0,0,0,0,0,0,0,0,0,27,29,36,16,60,55,53,60,0,62,58,0,0,0,0,0,1,0,0,0,0,0,1,53,57,36,74,36
l21,1=0,0,0,0,0,0,0,0,44,34,14,0,24,40,29,0,61,45,42,46,67,0,58,0,0,0,5,0,0,0,0,31,42,0,0,64,33,43,72,47
l22,1=0,0,0,0,0,0,0,0,35,32,0,0,16,35,0,20,60,48,49,65,69,62,0,0,5,0,34,0,0,2,0,0,11,0,0,55,61,33,66,50
l23,1=0,0,0,0,0,0,0,0,26,0,0,0,42,49,62,25,53,49,0,0,0,0,0,0,73,36,0,0,0,0,0,0,0,0,43,0,0,0,0,0
l24,1=0,0,0,0,0,0,0,0,0,0,0,40,75,19,57,39,61,68,0,0,0,0,11,77,0,42,0,0,0,0,0,0,52,54,34,0,0,0,0,0
l25,1=0,0,0,0,0,0,0,0,15,0,0,0,61,42,66,0,53,49,0,0,0,0,0,63,66,0,35,0,32,6,0,44,0,57,33,0,0,0,0,0
l26,1=0,0,0,0,0,0,0,0,0,0,0,0,0,0,0,0,0,0,0,0,0,0,38,0,0,24,0,51,76,83,73,69,67,61,50,0,0,0,0,0
l27,1=0,0,0,0,0,0,0,0,0,0,0,0,0,0,0,0,0,0,0,0,0,0,0,0,0,0,64,0,76,87,85,56,60,60,63,0,0,0,0,0
l28,1=0,0,0,0,0,0,0,0,0,0,0,0,0,0,0,0,0,0,0,8,29,0,0,0,0,25,75,86,0,89,81,64,50,57,55,0,0,0,0,0
l29,1=0,0,0,0,0,0,0,0,0,0,0,0,0,0,0,0,0,0,0,15,0,0,14,0,0,1,71,85,78,0,80,60,56,45,48,0,0,0,0,0
l30,1=0,0,0,0,0,0,0,0,0,0,0,0,0,0,0,0,0,0,0,0,0,0,0,0,0,0,64,89,76,89,0,43,51,60,0,0,0,0,0,0
l31,1=0,0,0,0,0,0,0,0,0,0,0,0,0,0,0,0,0,0,0,44,0,33,0,0,0,33,67,41,61,67,41,0,69,69,71,0,0,0,0,0
l32,1=0,0,0,0,0,0,0,0,0,0,0,0,0,0,0,0,31,0,0,0,0,34,5,0,48,0,65,59,52,69,47,67,0,69,84,0,0,0,0,0
l33,1=0,0,0,0,0,0,0,0,0,0,0,0,0,0,0,0,46,54,0,0,0,0,0,1,52,49,65,46,57,47,60,63,67,0,66,0,0,0,0,0
l34,1=0,0,0,0,0,0,0,0,0,0,0,0,0,0,1,0,36,0,0,0,42,0,0,57,45,38,61,45,61,49,0,64,81,66,0,0,0,0,0,0
l35,1=0,0,0,0,0,0,0,0,0,0,0,11,0,0,0,0,51,0,0,1,42,52,39,0,0,0,0,0,0,0,0,0,0,0,0,0,62,42,81,32
l36,1=0,0,0,0,0,0,0,0,0,0,0,20,0,2,0,18,37,32,0,39,64,22,54,0,0,0,0,0,0,0,0,0,0,0,0,77,0,40,50,33
l37,1=0,0,0,0,0,0,0,0,0,0,0,0,0,0,0,0,0,0,0,34,55,47,47,0,0,0,0,0,0,0,0,0,0,0,0,76,61,0,40,39
l38,1=0,0,0,0,0,0,0,0,3,0,0,24,31,36,0,0,56,10,0,48,68,62,58,0,0,0,0,0,0,0,0,0,0,0,0,77,63,41,0,37
l39,1=0,0,0,0,0,0,0,0,0,0,0,0,0,0,0,0,57,0,0,55,62,51,54,0,0,0,0,0,0,0,0,0,0,0,0,61,52,45,39,0

l0,2=0,81,83,76,71,75,70,0,13,75,0,0,0,0,0,0,0,0,0,0,0,0,0,0,0,0,0,0,0,0,0,0,0,0,0,0,0,0,0,0
l1,2=86,0,81,78,72,85,83,63,53,75,75,0,0,0,0,0,0,0,0,0,0,0,0,0,0,0,0,0,0,0,0,0,0,0,0,0,0,0,0,0
l2,2=89,83,0,68,74,87,91,81,0,84,74,0,0,0,0,0,0,0,0,0,0,0,0,0,0,0,0,0,0,0,0,0,0,0,0,0,0,0,0,0
l3,2=84,81,78,0,83,79,24,34,17,0,59,0,0,0,0,0,0,0,0,0,0,0,0,0,0,0,0,0,0,0,0,0,0,0,0,0,0,0,0,0
l4,2=79,72,76,74,0,74,79,47,53,77,58,0,0,0,0,0,0,0,0,0,0,0,0,0,0,0,0,0,0,0,0,0,0,0,0,0,0,0,0,0
l5,2=74,80,85,68,72,0,74,66,60,70,74,0,0,0,0,0,0,0,0,0,0,0,0,0,0,0,0,0,0,0,0,0,0,0,0,0,0,0,0,0
l6,2=50,70,84,25,65,73,0,60,45,68,78,20,31,30,0,36,0,0,0,0,0,0,0,0,0,0,0,0,0,0,0,0,0,0,0,0,0,0,0,0
l7,2=0,60,78,34,52,69,71,0,68,71,82,25,1,38,0,49,26,0,0,0,0,0,0,0,0,0,0,0,0,0,0,0,0,0,0,0,0,0,0,0
l8,2=0,33,0,12,42,56,42,62,0,83,70,49,0,63,0,56,46,44,0,0,0,37,31,6,38,38,0,0,0,0,0,0,0,0,0,0,0,0,30,0
l9,2=35,45,73,4,56,62,58,62,78,0,80,29,24,63,2,48,23,28,0,0,1,24,0,0,0,0,0,0,0,0,0,0,0,0,0,0,0,0,0,0
l10,2=0,63,69,40,50,69,78,76,69,82,0,40,0,56,0,41,0,17,0,0,0,0,0,34,0,0,0,0,0,0,0,0,0,0,0,0,0,0,0,0
l11,2=0,0,0,0,0,0,33,14,42,35,44,0,70,68,56,69,38,80,0,29,20,34,29,31,26,0,0,0,0,0,0,0,0,0,0,27,39,0,31,28
l12,2=0,0,0,0,0,0,39,0,0,29,0,76,0,47,63,66,55,86,0,0,0,35,3,67,86,75,0,0,0,0,0,0,0,0,0,0,0,0,36,0
l13,2=0,0,0,0,0,0,8,32,72,75,50,78,37,0,34,55,41,49,4,35,27,34,31,33,39,43,0,0,0,0,0,0,0,0,0,0,0,0,41,0
l14,2=0,0,0,0,0,0,0,0,0,4,0,62,76,41,0,52,58,53,0,0,9,0,0,72,61,65,0,0,0,0,0,0,0,55,0,0,0,0,45,0
l15,2=0,0,0,0,0,0,30,35,55,41,36,90,69,52,39,0,36,64,0,19,43,0,0,0,70,0,0,0,0,0,0,0,0,0,0,0,30,0,37,0
l16,2=0,0,0,0,0,0,0,0,41,8,0,45,50,43,49,47,0,65,0,9,59,44,59,32,53,56,0,0,0,0,0,0,0,30,0,44,52,35,52,52
l17,2=0,0,0,0,0,0,0,0,41,24,2,80,77,49,43,64,66,0,0,0,45,0,40,42,58,0,0,0,0,0,0,0,0,49,0,0,43,0,44,0
l18,2=0,0,0,0,0,0,0,0,0,0,0,0,0,0,0,0,0,0,0,38,56,47,55,0,0,0,0,0,0,0,0,0,0,0,0,0,0,0,0,0
l19,2=0,0,0,0,0,0,0,0,0,0,0,22,2,42,0,11,34,6,32,0,64,0,72,0,0,0,0,0,33,36,0,47,0,0,0,0,52,21,54,53
l20,2=0,0,0,0,0,0,0,0,0,0,0,2,0,33,2,57,48,40,51,57,0,56,67,0,2,0,0,0,0,0,0,0,0,0,33,53,57,61,56,57
l21,2=0,0,0,0,0,0,0,0,44,33,0,39,34,44,3,7,48,0,49,2,73,0,76,0,0,0,0,0,0,0,0,0,0,44,0,50,50,65,57,56
l22,2=0,0,0,0,0,0,0,0,39,0,0,31,19,36,0,0,48,45,44,64,67,56,0,0,0,0,0,0,0,34,0,0,0,0,0,48,57,60,49,58
l23,2=0,0,0,0,0,0,0,0,2,0,20,17,66,44,57,0,29,56,0,0,0,0,0,0,79,69,0,0,0,0,0,0,0,0,41,0,0,0,0,0
l24,2=0,0,0,0,0,0,0,0,51,0,0,34,70,54,54,60,54,69,0,0,19,0,0,77,0,73,0,0,0,0,0,0,21,63,43,0,38,0,4,0
l25,2=0,0,0,0,0,0,0,0,43,0,0,0,66,42,54,0,47,7,0,0,0,0,0,67,76,0,41,0,0,0,0,59,55,67,55,0,0,0,0,0
l26,2=0,0,0,0,0,0,0,0,0,0,0,0,0,0,0,0,0,0,0,0,0,0,0,0,0,48,0,46,82,75,66,77,68,69,57,0,0,0,0,0
l27,2=0,0,0,0,0,0,0,0,0,0,0,0,0,0,0,0,0,0,0,0,0,0,0,0,0,0,44,0,84,85,80,77,73,55,61,0,0,0,0,0
l28,2=0,0,0,0,0,0,0,0,0,0,0,0,0,0,0,0,0,0,0,45,20,0,25,0,0,0,79,82,0,88,68,78,53,72,60,0,0,0,0,0
l29,2=0,0,0,0,0,0,0,0,0,0,0,0,0,0,0,0,0,0,0,45,0,0,46,0,0,0,70,80,85,0,63,71,63,0,9,0,0,0,0,0
l30,2=0,0,0,0,0,0,0,0,0,0,0,0,0,0,0,0,0,0,0,0,0,0,0,0,0,0,69,88,80,76,0,58,64,71,47,0,0,0,0,0
l31,2=0,0,0,0,0,0,0,0,0,0,0,0,0,0,0,0,0,0,0,48,0,0,0,8,0,61,68,63,65,57,37,0,80,72,76,0,0,0,0,0
l32,2=0,0,0,0,0,0,0,0,0,0,0,0,0,0,0,0,0,0,0,0,0,0,0,0,18,62,58,61,60,57,46,77,0,77,85,0,0,0,0,0
l33,2=0,0,0,0,0,0,0,0,0,0,0,0,0,0,43,0,24,33,0,0,0,31,0,1,58,66,54,40,62,0,47,69,67,0,70,0,0,0,0,0
l34,2=0,0,0,0,0,0,0,0,0,0,0,0,0,0,0,0,0,0,0,0,45,0,0,42,49,62,54,53,59,34,36,75,85,77,0,0,0,0,0,0
l35,2=0,0,0,0,0,0,0,0,0,0,0,1,0,0,0,0,42,0,0,0,57,50,52,0,0,0,0,0,0,0,0,0,0,0,0,0,60,65,61,56
l36,2=0,0,0,0,0,0,0,0,0,0,0,35,0,1,0,15,47,43,0,43,64,38,58,0,15,0,0,0,0,0,0,0,0,0,0,59,0,69,61,42
l37,2=0,0,0,0,0,0,0,0,0,0,0,0,0,0,0,0,27,0,0,0,48,51,54,0,0,0,0,0,0,0,0,0,0,0,0,59,60,0,56,61
l38,2=0,0,0,0,0,0,0,0,13,0,0,0,16,44,25,30,41,38,0,43,69,51,46,0,0,0,0,0,0,0,0,0,0,0,0,59,59,67,0,59
l39,2=0,0,0,0,0,0,0,0,0,0,0,0,0,0,0,0,45,0,0,48,61,51,56,0,0,0,0,0,0,0,0,0,0,0,0,53,46,64,54,0

l0,3=0,91,79,71,84,87,0,48,40,87,0,0,0,0,0,0,0,0,0,0,0,0,0,0,0,0,0,0,0,0,0,0,0,0,0,0,0,0,0,0
l1,3=83,0,79,74,83,91,83,79,66,81,34,0,0,0,0,0,0,0,0,0,0,0,0,0,0,0,0,0,0,0,0,0,0,0,0,0,0,0,0,0
l2,3=79,91,0,66,85,91,87,83,68,80,80,0,0,77,0,0,0,0,0,0,0,0,0,0,0,0,0,0,0,0,0,0,0,0,0,0,0,0,0,0
l3,3=83,91,78,0,83,87,79,0,62,12,72,0,0,0,0,0,0,0,0,0,0,0,0,0,0,0,0,0,0,0,0,0,0,0,0,0,0,0,0,0
l4,3=83,89,82,36,0,87,55,0,48,71,0,0,0,0,0,0,0,0,0,0,0,0,0,0,0,0,0,0,0,0,0,0,0,0,0,0,0,0,0,0
l5,3=79,91,83,70,84,0,83,81,72,82,75,47,0,76,0,0,0,0,0,0,0,0,0,0,0,0,0,0,0,0,0,0,0,0,0,0,0,0,0,0
l6,3=0,88,83,65,67,83,0,76,71,79,81,71,63,56,0,60,65,0,0,0,0,0,0,0,0,0,0,0,0,0,0,0,0,0,0,0,0,0,0,0
l7,3=61,80,73,0,0,79,74,0,74,81,89,0,1,77,0,65,62,0,0,0,0,0,0,0,0,0,0,0,0,0,0,0,0,0,0,0,0,0,0,0
l8,3=0,37,32,20,41,38,39,82,0,88,82,59,19,84,0,77,31,41,0,0,0,34,31,15,32,6,0,0,0,0,0,0,0,0,0,0,0,0,4,0
l9,3=32,40,37,15,50,36,58,83,88,0,91,37,21,85,30,39,0,0,0,0,29,4,0,0,0,0,0,0,0,0,0,0,0,0,0,0,0,0,0,0
l10,3=0,37,77,19,0,80,83,89,84,92,0,37,21,84,29,24,0,0,0,0,0,0,0,25,16,0,0,0,0,0,0,0,0,0,0,0,0,0,21,0
l11,3=0,0,0,0,0,25,50,0,80,38,30,0,87,86,87,87,21,92,0,18,26,29,33,42,79,15,0,0,0,0,0,0,0,0,0,1,55,22,76,4
l12,3=0,0,0,0,0,0,35,0,42,24,1,90,0,44,95,83,33,98,0,29,0,31,24,85,93,82,0,0,0,0,0,0,0,22,0,22,0,0,37,0
l13,3=0,0,31,0,0,30,12,40,88,90,38,91,34,0,0,70,29,46,18,23,30,22,30,33,31,23,0,0,0,0,0,0,0,0,0,0,2,0,26,0
l14,3=0,0,0,0,0,0,0,0,0,36,31,91,95,23,0,30,36,30,0,0,31,0,17,94,93,40,0,0,0,0,0,0,0,31,4,0,0,0,43,1
l15,3=0,0,0,0,0,0,36,37,84,53,16,94,89,84,34,0,75,82,0,16,36,19,0,35,86,0,0,0,0,0,0,0,0,0,0,0,0,0,42,29
l16,3=0,0,0,0,0,0,31,16,48,0,0,19,30,36,79,33,0,86,12,21,74,67,70,30,39,27,0,0,0,0,0,0,0,30,0,0,41,36,37,45
l17,3=0,0,0,0,0,0,0,0,74,2,0,85,95,77,25,71,87,0,0,0,62,33,29,41,80,0,0,0,0,0,0,0,0,16,0,31,75,0,45,38
l18,3=0,0,0,0,0,0,0,0,0,0,0,0,0,67,0,0,38,0,0,74,69,65,69,0,0,0,0,0,0,0,0,0,0,0,0,0,0,0,0,0
l19,3=0,0,0,0,0,0,0,0,0,0,0,0,54,59,0,2,41,0,58,0,91,91,94,0,0,0,0,0,39,50,0,60,0,0,0,2,86,7,74,81
l20,3=0,0,0,0,0,0,0,0,0,33,0,23,0,72,49,63,76,69,50,91,0,91,91,0,54,0,0,0,0,0,0,0,0,0,0,77,87,87,83,90
l21,3=0,0,0,0,0,0,0,0,82,33,0,63,75,70,0,22,78,55,47,92,92,0,88,0,0,0,0,0,0,0,0,0,0,48,0,77,89,79,79,73
l22,3=0,0,0,0,0,0,0,0,61,0,0,47,46,71,0,0,83,23,39,95,96,91,0,0,0,0,0,0,0,44,0,0,0,0,0,88,75,81,49,90
l23,3=0,0,0,0,0,0,0,0,6,0,1,32,81,33,89,30,22,38,0,0,0,0,0,0,91,85,0,0,0,0,0,10,0,0,0,0,0,0,0,0
l24,3=0,0,0,0,0,0,0,0,47,0,0,40,95,35,89,77,30,83,0,0,31,0,0,94,0,86,0,0,0,0,0,0,0,36,0,0,32,0,33,0
l25,3=0,0,0,0,0,0,0,0,33,0,0,10,86,33,75,0,25,0,0,0,0,0,0,89,86,0,18,0,0,0,0,44,48,61,39,0,0,0,0,0
l26,3=0,0,0,0,0,0,0,0,0,0,0,0,0,0,0,0,0,0,0,15,48,0,0,0,0,18,0,78,95,95,93,89,88,63,76,0,0,0,0,0
l27,3=0,0,0,0,0,0,0,0,0,0,0,0,0,0,0,0,0,0,0,0,0,0,0,0,0,0,89,0,95,98,99,89,94,0,2,0,0,0,0,0
l28,3=0,0,0,0,0,0,0,0,0,0,0,0,0,0,0,0,0,0,0,66,0,0,27,0,0,0,91,99,0,98,89,83,83,84,76,0,0,0,0,0
l29,3=0,0,0,0,0,0,0,0,0,0,0,0,0,0,0,0,0,0,0,67,0,0,59,0,0,1,90,99,95,0,88,77,84,65,55,0,0,0,0,0
l30,3=0,0,0,0,0,0,0,0,0,0,0,0,0,0,0,0,0,0,0,0,0,0,0,0,0,0,89,99,88,92,0,81,86,73,0,0,0,0,0,0
l31,3=0,0,0,0,0,0,0,0,0,0,0,0,0,0,0,0,0,0,0,65,0,0,0,59,0,60,91,72,79,58,60,0,98,90,98,0,0,0,0,0
l32,3=0,0,0,0,0,0,0,0,0,0,0,0,9,0,0,0,0,0,0,0,0,0,0,0,0,71,88,77,77,80,76,93,0,89,99,0,0,0,0,0
l33,3=0,0,0,0,0,0,0,0,0,0,0,0,30,0,31,0,64,6,0,0,0,23,0,0,80,86,73,0,83,70,66,90,91,0,92,0,0,0,0,0
l34,3=0,0,0,0,0,0,0,0,0,0,0,0,0,0,25,0,0,0,0,0,40,0,0,34,0,82,84,26,77,85,27,92,98,94,0,0,0,0,0,0
l35,3=0,0,0,0,0,0,0,0,0,0,0,0,31,0,0,0,0,21,0,0,62,57,73,0,0,0,0,0,0,0,0,0,0,0,0,0,86,87,80,87
l36,3=0,0,0,0,0,0,0,0,0,0,0,41,0,8,0,0,54,50,0,68,69,70,61,0,30,0,0,0,0,0,0,0,0,0,0,89,0,85,80,78
l37,3=0,0,0,0,0,0,0,0,0,0,0,2,0,0,0,0,59,0,0,8,76,79,74,0,0,0,0,0,0,0,0,0,0,0,0,92,87,0,78,88
l38,3=0,0,0,0,0,0,0,0,1,0,0,57,57,67,70,38,61,53,0,72,85,79,54,0,46,0,0,0,0,0,0,0,0,0,0,90,90,74,0,88
l39,3=0,0,0,0,0,0,0,0,0,0,0,0,0,0,0,0,66,1,0,66,77,63,79,0,0,0,0,0,0,0,0,0,0,0,0,88,84,85,78,0

l0,4=0,80,71,86,85,76,0,34,74,87,0,0,0,0,0,0,0,0,0,0,0,0,0,0,0,0,0,0,0,0,0,0,0,0,0,0,0,0,0,0
l1,4=87,0,83,88,91,89,89,74,76,82,83,0,0,5,0,0,0,0,0,0,0,0,0,0,0,0,0,0,0,0,0,0,0,0,0,0,0,0,0,0
l2,4=74,72,0,82,88,92,89,82,76,82,86,0,0,79,0,3,0,0,0,0,0,0,0,0,0,0,0,0,0,0,0,0,0,0,0,0,0,0,0,0
l3,4=85,79,85,0,84,79,77,0,76,0,0,0,0,0,0,0,0,0,0,0,0,0,0,0,0,0,0,0,0,0,0,0,0,0,0,0,0,0,0,0
l4,4=86,83,89,87,0,88,86,75,73,78,68,0,0,4,0,0,0,0,0,0,0,0,0,0,0,0,0,0,0,0,0,0,0,0,0,0,0,0,0,0
l5,4=77,82,91,82,82,0,80,87,77,82,86,0,0,73,0,71,0,0,0,0,0,0,0,0,0,0,0,0,0,0,0,0,0,0,0,0,0,0,0,0
l6,4=0,83,89,70,82,86,0,93,72,87,91,73,77,0,0,76,75,0,0,0,0,0,0,0,0,0,0,0,0,0,0,0,0,0,0,0,0,0,0,0
l7,4=47,64,85,0,71,88,89,0,86,91,92,71,0,75,0,81,0,0,0,0,0,0,0,0,0,0,0,0,0,0,0,0,0,0,0,0,0,0,0,0
l8,4=65,66,59,67,69,72,59,78,0,89,79,77,81,88,76,84,80,65,0,0,44,79,78,0,0,0,0,0,0,0,0,0,0,0,0,0,0,0,0,0
l9,4=71,69,74,9,68,75,76,88,90,0,96,77,0,86,0,44,0,65,0,0,69,0,82,0,0,0,0,0,0,0,0,0,0,0,0,0,0,0,0,0
l10,4=0,69,89,0,63,86,89,93,86,91,0,79,81,86,77,82,0,52,0,0,0,0,0,60,0,0,0,0,0,0,0,0,0,0,0,0,0,0,0,0
l11,4=0,0,0,0,0,0,72,74,80,80,83,0,85,86,82,94,82,68,0,0,0,80,83,74,67,75,0,0,0,0,0,0,0,0,0,0,75,50,82,0
l12,4=0,0,0,0,0,0,33,0,79,0,79,87,0,90,90,89,89,91,0,29,73,0,0,82,85,87,0,0,0,0,0,0,60,72,0,62,44,0,84,0
l13,4=0,0,74,0,0,5,0,32,84,82,79,78,85,0,81,86,80,68,0,52,75,65,82,75,0,78,0,0,0,0,0,0,0,0,0,0,6,0,70,0
l14,4=0,0,0,0,0,0,0,0,80,0,81,89,97,85,0,0,83,45,0,0,81,0,51,90,87,84,0,0,0,0,0,1,0,77,69,0,29,0,84,0
l15,4=0,0,0,0,0,52,67,76,80,69,79,92,86,88,0,0,80,66,0,3,78,78,80,72,79,22,0,0,0,0,0,0,0,0,0,0,74,41,80,0
l16,4=0,0,0,0,0,0,67,0,79,0,0,76,91,85,87,85,0,84,69,79,83,83,84,73,73,81,0,0,0,0,0,0,0,0,0,76,75,62,86,83
l17,4=0,0,0,0,0,0,0,0,80,80,56,89,97,88,63,85,94,0,0,0,79,77,81,65,83,27,0,0,0,0,0,0,0,0,0,78,77,0,80,83
l18,4=0,0,0,0,0,0,0,0,0,0,0,0,0,0,0,0,81,0,0,82,18,85,88,0,0,0,0,0,0,0,0,0,0,0,0,0,0,0,0,0
l19,4=0,0,0,0,0,0,0,0,0,0,0,0,59,72,0,0,84,0,79,0,87,92,95,0,0,0,14,0,0,79,0,0,0,0,0,78,79,1,82,84
l20,4=0,0,0,0,0,0,0,0,34,60,0,0,72,79,75,83,88,70,8,93,0,92,95,0,67,0,0,0,70,0,0,0,44,0,0,75,83,76,94,81
l21,4=0,0,0,0,0,0,0,0,86,0,0,77,0,76,0,82,93,63,76,93,90,0,94,0,18,0,0,0,0,0,0,0,0,57,0,66,86,75,91,90
l22,4=0,0,0,0,0,0,0,0,75,81,0,75,0,81,25,65,86,52,77,97,95,92,0,0,0,0,67,0,0,60,0,0,42,28,0,68,82,79,94,1
l23,4=0,0,0,0,0,0,0,0,0,0,0,80,95,89,92,87,81,30,0,0,0,0,0,0,87,95,0,0,0,0,0,0,0,82,78,0,0,0,0,0
l24,4=0,0,0,0,0,0,0,0,0,0,0,78,94,0,92,90,83,83,0,0,79,1,0,94,0,87,0,0,0,0,0,0,0,80,0,0,0,0,0,0
l25,4=0,0,0,0,0,0,0,0,0,0,0,56,97,81,93,31,81,25,0,0,0,0,0,96,90,0,0,0,0,57,0,71,85,93,82,0,0,0,0,0
l26,4=0,0,0,0,0,0,0,0,0,0,0,0,0,0,0,0,0,0,0,62,1,0,87,0,0,0,0,90,99,99,99,100,99,80,91,0,0,0,0,0
l27,4=0,0,0,0,0,0,0,0,0,0,0,0,0,0,0,0,0,0,0,0,0,0,0,0,0,0,100,0,99,99,99,94,91,0,78,0,0,0,0,0
l28,4=0,0,0,0,0,0,0,0,0,0,0,0,0,0,0,0,0,0,0,3,86,0,0,0,0,0,100,100,0,99,97,97,98,94,89,0,0,0,0,0
l29,4=0,0,0,0,0,0,0,0,0,0,0,0,0,0,0,0,0,0,0,87,0,0,86,0,0,84,100,100,99,0,98,90,92,87,86,0,0,0,0,0
l30,4=0,0,0,0,0,0,0,0,0,0,0,0,0,0,0,0,0,0,0,0,0,0,0,0,0,0,99,100,97,98,0,98,93,88,0,0,0,0,0,0
l31,4=0,0,0,0,0,0,0,0,0,0,0,0,0,0,0,0,0,0,0,0,0,0,0,0,0,87,100,91,91,82,91,0,100,98,100,0,0,0,0,0
l32,4=0,0,0,0,0,0,0,0,0,0,0,0,80,0,0,0,0,0,0,0,78,0,58,0,0,97,97,90,98,97,97,100,0,100,100,0,0,0,0,0
l33,4=0,0,0,0,0,0,0,0,0,0,0,0,75,0,80,0,0,0,0,0,0,55,51,82,84,99,83,0,90,81,78,100,100,0,100,0,0,0,0,0
l34,4=0,0,0,0,0,0,0,0,0,0,0,0,0,0,86,0,0,0,0,0,7,0,0,92,9,97,96,83,98,93,0,100,100,100,0,0,0,0,0,0
l35,4=0,0,0,0,0,0,0,0,0,0,0,0,49,0,0,0,71,44,0,55,74,60,62,0,0,0,0,0,0,0,0,0,0,0,0,0,81,79,85,83
l36,4=0,0,0,0,0,0,0,0,0,0,0,59,61,19,6,63,65,62,0,70,76,72,80,0,0,0,0,0,0,0,0,0,0,0,0,80,0,78,81,84
l37,4=0,0,0,0,0,0,0,0,0,0,0,0,0,0,0,11,51,0,0,3,78,75,83,0,0,0,0,0,0,0,0,0,0,0,0,82,87,0,75,85
l38,4=0,0,0,0,0,0,0,0,0,0,0,75,78,61,76,81,85,53,0,74,89,78,87,0,0,0,0,0,0,0,0,0,0,0,0,84,81,73,0,88
l39,4=0,0,0,0,0,0,0,0,0,0,0,0,0,0,0,0,77,51,0,78,80,80,0,0,0,0,0,0,0,0,0,0,0,0,0,72,81,77,87,0

l0,5=0,78,55,74,68,73,73,0,0,66,77,0,0,0,0,0,0,0,0,0,0,0,0,0,0,0,0,0,0,0,0,0,0,0,0,0,0,0,0,0
l1,5=88,0,74,75,84,90,82,38,0,65,79,0,4,2,0,0,0,0,0,0,0,0,0,15,0,0,0,0,0,0,0,0,0,0,0,0,0,0,0,0
l2,5=70,64,0,74,72,81,76,35,0,66,78,0,0,12,0,0,0,0,0,0,0,0,0,0,0,0,0,0,0,0,0,0,0,0,0,0,0,0,0,0
l3,5=71,57,55,0,84,80,71,2,9,47,0,0,0,0,0,0,0,0,0,0,0,0,0,0,0,0,0,0,0,0,0,0,0,0,0,0,0,0,0,0
l4,5=54,79,68,82,0,85,78,58,66,0,74,0,0,47,0,0,0,0,0,0,0,0,0,0,0,0,0,0,0,0,0,0,0,0,0,0,0,0,0,0
l5,5=66,82,63,74,84,0,71,70,56,68,78,63,0,74,0,0,0,0,0,0,0,0,0,0,0,0,0,0,0,0,0,0,0,0,0,0,0,0,0,0
l6,5=58,65,55,45,70,50,0,69,36,66,77,65,0,0,0,0,17,0,0,4,0,0,0,0,0,0,0,0,0,0,0,0,0,0,0,0,0,0,0,0
l7,5=0,55,41,27,63,74,74,0,72,64,88,69,0,24,0,70,0,0,0,0,0,0,0,0,0,0,0,0,0,0,0,0,0,0,0,0,0,0,0,0
l8,5=0,0,0,4,25,31,56,57,0,78,81,84,0,85,42,70,20,27,0,0,5,55,47,53,50,0,0,0,0,0,0,0,0,0,0,0,0,0,0,0
l9,5=60,55,55,27,0,74,73,66,80,0,85,82,0,79,12,70,12,35,0,0,38,0,53,0,51,0,0,0,0,0,0,0,0,0,0,0,0,0,41,0
l10,5=55,55,56,0,61,74,73,75,72,79,0,74,0,70,58,64,0,36,0,0,0,0,0,0,0,0,0,0,0,0,0,0,0,0,0,0,0,0,0,0
l11,5=0,0,0,0,0,24,47,30,47,43,55,0,80,76,79,83,20,30,0,0,34,42,28,47,36,33,0,0,0,0,0,0,0,0,0,0,16,38,62,0
l12,5=0,0,0,0,0,0,0,0,0,0,0,86,0,67,83,70,43,86,0,0,34,0,0,71,77,71,0,0,0,0,0,0,35,13,0,12,14,0,53,0
l13,5=0,0,0,0,11,37,0,0,84,69,49,81,75,0,66,77,20,46,0,18,37,0,47,58,38,41,0,0,0,0,0,0,0,0,0,10,5,0,0,0
l14,5=0,0,0,0,0,0,0,0,19,11,39,85,83,67,0,59,23,25,0,0,46,0,41,82,85,73,0,0,0,0,0,15,0,40,16,0,6,0,55,0
l15,5=0,0,0,0,0,0,0,37,39,34,49,88,79,90,64,0,18,25,0,0,4,49,45,66,73,37,0,0,0,0,0,0,0,0,0,0,17,0,56,20
l16,5=0,0,0,0,0,0,34,0,22,19,0,74,80,52,69,39,0,32,0,43,53,52,56,0,45,36,0,0,0,0,0,1,0,15,14,13,15,23,64,23
l17,5=0,0,0,0,0,0,0,0,35,35,27,86,83,82,78,65,46,0,0,16,69,39,33,0,78,46,0,0,0,0,0,0,0,0,0,11,18,17,0,13
l18,5=0,0,0,0,0,0,0,0,0,0,0,0,0,0,0,0,0,0,0,0,0,61,47,0,0,0,0,0,0,0,0,0,0,0,0,0,0,0,0,0
l19,5=0,0,0,0,0,0,0,0,0,0,0,0,0,10,0,0,21,0,0,0,72,65,77,0,0,0,27,0,0,24,0,0,0,0,0,2,35,0,11,33
l20,5=0,0,0,0,0,0,0,0,5,9,0,27,26,24,43,0,38,37,0,78,0,69,77,0,13,0,0,0,7,0,0,0,20,0,0,27,59,48,73,36
l21,5=0,0,0,0,0,0,0,0,19,6,0,35,0,0,0,37,37,9,34,78,71,0,70,0,13,0,0,0,0,0,0,1,0,0,0,31,36,60,57,67
l22,5=0,0,0,0,0,0,0,0,23,26,0,21,8,48,30,33,19,4,16,80,74,67,0,0,0,0,27,0,0,14,0,0,0,0,0,10,25,61,69,34
l23,5=0,0,0,0,0,0,0,0,39,0,0,60,68,64,74,62,0,0,0,0,0,0,0,0,83,73,0,0,0,0,0,0,0,53,62,0,0,0,0,0
l24,5=0,0,0,0,0,0,0,0,28,24,0,62,82,53,83,70,61,69,0,0,39,34,0,83,0,65,0,0,0,0,0,0,0,51,9,0,11,0,0,0
l25,5=0,0,0,0,0,0,0,0,0,0,0,47,71,56,77,51,23,17,0,0,0,0,0,78,71,0,0,0,0,31,0,0,68,62,34,0,0,0,0,0
l26,5=0,0,0,0,0,0,0,0,0,0,0,0,0,0,0,0,0,0,0,45,14,0,44,0,0,0,0,67,91,92,82,87,79,45,67,0,0,0,0,0
l27,5=0,0,0,0,0,0,0,0,0,0,0,0,0,0,0,0,0,0,0,0,0,0,0,0,0,0,76,0,90,82,94,72,62,0,0,0,0,0,0,0
l28,5=0,0,0,0,0,0,0,0,0,0,0,0,0,0,0,0,0,0,0,0,45,0,12,0,0,0,88,88,0,93,93,67,68,60,55,0,0,0,0,0
l29,5=0,0,0,0,0,0,0,0,0,0,0,0,0,0,0,0,0,0,0,55,0,0,39,0,0,44,88,87,91,0,91,57,67,49,51,0,0,0,0,0
l30,5=0,0,0,0,0,0,0,0,0,0,0,0,0,0,0,0,0,0,0,0,0,0,0,0,0,0,85,89,91,89,0,71,0,57,0,0,0,0,0,0
l31,5=0,0,0,0,0,0,0,0,0,0,0,0,0,0,14,0,4,0,0,0,0,0,0,0,0,0,79,55,68,48,60,0,84,68,75,0,0,0,0,0
l32,5=0,0,0,0,0,0,0,0,0,0,0,0,51,0,0,0,0,0,0,0,47,0,0,28,0,59,78,49,73,67,18,89,0,68,88,0,0,0,0,0
l33,5=0,0,0,0,0,0,0,0,0,0,0,0,43,0,64,0,13,0,0,0,1,0,0,67,62,58,65,0,69,67,64,73,66,0,68,0,0,0,0,0
l34,5=0,0,0,0,0,0,0,0,0,0,0,0,7,0,55,0,38,0,0,0,34,0,1,68,42,55,68,0,68,64,0,88,89,80,0,0,0,0,0,0
l35,5=0,0,0,0,0,0,0,0,0,0,0,0,21,20,0,0,9,7,0,22,28,33,22,0,0,0,0,0,0,0,0,0,0,0,0,0,22,18,46,26
l36,5=0,0,0,0,0,0,0,0,1,0,0,42,38,8,0,30,13,14,0,43,51,44,54,0,7,0,0,0,0,0,0,0,0,0,0,20,0,67,65,44
l37,5=0,0,0,0,0,0,0,0,0,0,0,22,0,0,0,0,9,0,0,9,36,41,44,0,0,0,0,0,0,0,0,0,0,0,0,9,59,0,56,37
l38,5=0,0,0,0,0,0,0,0,0,11,0,60,49,0,46,45,18,0,0,5,60,44,64,0,0,0,0,0,0,0,0,0,0,0,0,18,25,68,0,54
l39,5=0,0,0,0,0,0,0,0,0,0,0,0,0,0,0,14,9,0,0,38,42,55,46,0,0,0,0,0,0,0,0,0,0,0,0,20,41,55,69,0

l0,6=0,91,73,74,90,79,58,2,0,30,58,0,0,0,0,0,0,0,0,0,0,0,0,0,0,0,0,0,0,0,0,0,0,0,0,0,0,0,0,0
l1,6=87,0,79,82,91,81,66,27,0,45,51,0,0,0,0,0,0,0,0,0,0,0,0,30,0,0,0,0,0,0,0,0,0,0,0,0,0,0,0,0
l2,6=74,83,0,69,88,81,63,57,47,48,62,0,0,36,0,0,0,0,0,0,0,0,0,0,0,0,0,0,0,0,0,0,0,0,0,0,0,0,0,0
l3,6=55,83,61,0,91,80,61,0,0,38,0,0,0,0,0,0,0,0,0,0,0,0,0,0,0,0,0,0,0,0,0,0,0,0,0,0,0,0,0,0
l4,6=83,88,78,85,0,86,63,44,50,0,55,0,0,0,0,0,0,0,0,0,0,0,0,24,0,0,0,0,0,0,0,0,0,0,0,0,0,0,0,0
l5,6=78,79,74,75,84,0,56,74,67,48,64,0,0,49,0,0,0,0,0,0,0,0,0,0,0,0,0,0,0,0,0,0,0,0,0,0,0,0,0,0
l6,6=44,76,54,61,56,53,0,68,51,49,60,40,0,6,0,0,41,0,0,0,0,0,0,0,0,0,0,0,0,0,0,0,0,0,0,0,0,0,0,0
l7,6=9,37,52,15,41,75,58,0,66,50,65,40,0,0,0,54,0,0,0,0,0,0,0,0,0,0,0,0,0,0,0,0,0,0,0,0,0,0,0,0
l8,6=0,0,23,0,54,42,41,60,0,52,62,56,47,72,13,50,46,49,0,0,33,28,31,17,33,1,0,0,0,0,0,0,0,0,0,0,0,0,0,0
l9,6=12,53,55,32,0,67,53,67,69,0,70,43,39,70,21,58,26,25,0,0,1,0,12,1,0,0,0,0,0,0,0,0,0,0,0,0,0,0,10,0
l10,6=18,45,54,0,47,57,58,81,68,61,0,48,0,50,0,47,29,0,0,0,0,0,0,0,0,0,0,0,0,0,0,0,0,0,0,0,0,0,0,0
l11,6=0,0,0,0,0,0,23,34,50,14,24,0,58,44,24,74,34,46,0,0,17,0,0,5,42,21,0,0,0,0,0,0,0,0,0,0,18,26,44,0
l12,6=0,0,0,0,0,0,0,0,30,11,0,62,0,38,53,34,48,67,0,0,21,0,1,32,71,49,0,0,0,0,0,0,0,23,9,0,27,0,38,0
l13,6=0,0,0,0,0,10,3,0,70,30,20,42,40,0,20,39,23,49,0,13,5,0,18,17,46,0,0,0,0,0,0,0,0,0,0,32,25,0,20,0
l14,6=0,0,0,0,0,0,0,0,28,13,0,34,58,39,0,26,23,43,0,0,34,0,18,47,53,34,0,0,0,0,0,0,0,22,2,0,0,0,27,0
l15,6=0,0,0,0,0,0,0,42,34,22,23,71,60,60,20,0,38,53,0,0,13,29,17,26,48,2,0,0,0,0,0,0,0,0,0,0,14,1,48,0
l16,6=0,0,0,0,0,0,19,0,30,0,2,37,58,19,8,25,0,63,30,14,19,31,21,6,44,23,0,0,0,0,0,0,0,11,1,35,24,5,48,39
l17,6=0,0,0,0,0,0,0,0,36,6,0,42,63,50,31,36,47,0,0,0,47,22,9,0,50,24,0,0,0,0,0,0,0,12,0,0,28,12,38,0
l18,6=0,0,0,0,0,0,0,0,0,0,0,0,0,0,0,0,29,0,0,35,0,36,0,0,0,0,0,0,0,0,0,0,0,0,0,0,0,0,0,0
l19,6=0,0,0,0,0,0,0,0,0,0,0,0,0,30,0,0,20,0,26,0,58,41,59,0,0,0,0,0,0,0,0,25,0,0,0,31,30,1,32,40
l20,6=0,0,0,0,0,0,0,0,31,1,0,5,26,7,17,1,9,41,0,58,0,57,59,0,0,0,0,0,0,0,0,0,0,11,0,0,35,37,54,41
l21,6=0,0,0,0,0,0,0,0,32,1,0,0,11,0,0,24,21,34,31,43,58,0,57,0,0,0,0,0,0,0,0,0,0,0,0,38,30,39,38,43
l22,6=0,0,0,0,0,0,0,0,33,10,0,0,21,34,17,22,24,17,0,58,65,52,0,0,0,0,34,0,0,0,0,0,0,0,0,37,49,34,48,50
l23,6=0,4,0,0,4,0,0,0,22,0,0,14,52,33,48,47,27,0,0,0,0,0,0,0,70,47,0,0,0,0,0,24,16,42,30,0,0,0,0,0
l24,6=0,0,0,0,0,0,0,0,34,0,0,34,70,44,50,50,43,42,0,0,5,0,0,64,0,35,0,0,0,0,0,0,0,40,16,0,0,0,0,0
l25,6=0,0,0,0,0,0,0,0,14,0,0,11,70,0,52,7,25,32,0,0,0,0,0,63,57,0,0,0,0,0,0,0,23,47,0,0,0,0,0,0
l26,6=0,0,0,0,0,0,0,0,0,0,0,0,0,0,0,0,0,0,0,1,2,0,30,0,0,0,0,52,84,70,60,61,63,31,28,0,0,0,0,0
l27,6=0,0,0,0,0,0,0,0,0,0,0,0,0,0,0,0,0,0,0,0,0,0,0,0,0,0,52,0,80,70,84,46,43,0,0,0,0,0,0,0
l28,6=0,0,0,0,0,0,0,0,0,0,0,0,0,0,0,0,0,0,0,0,31,0,23,0,0,0,62,85,0,79,84,58,39,61,36,0,0,0,0,0
l29,6=0,0,0,0,0,0,0,0,0,0,0,0,0,0,0,0,0,0,0,0,0,0,0,0,0,0,62,78,84,0,44,35,33,39,16,0,0,0,0,0
l30,6=0,0,0,0,0,0,0,0,0,0,0,0,0,0,0,0,0,0,0,0,0,0,0,0,0,0,56,86,80,38,0,43,0,1,26,0,0,0,0,0
l31,6=0,0,0,0,0,0,0,0,0,0,0,0,0,0,2,0,0,0,0,23,0,0,0,28,0,0,57,34,54,37,45,0,73,56,54,0,0,0,0,0
l32,6=0,0,0,0,0,0,0,0,0,0,0,0,0,0,0,0,0,0,0,0,0,0,0,18,0,22,49,25,58,45,0,71,0,68,72,0,0,0,0,0
l33,6=0,0,0,0,0,0,0,0,0,0,0,0,47,0,43,0,26,28,0,0,30,0,0,45,46,37,33,0,56,38,33,61,66,0,56,0,0,0,0,0
l34,6=0,0,0,0,0,0,0,0,0,0,0,0,47,0,23,0,17,0,0,3,0,0,0,48,43,0,37,0,55,43,53,64,81,65,0,0,0,0,0,0
l35,6=0,0,0,0,0,0,0,0,0,0,0,0,0,20,0,0,27,0,0,10,3,37,18,0,0,0,0,0,0,0,0,0,0,0,0,0,46,55,45,47
l36,6=0,0,0,0,0,0,0,0,0,0,0,11,18,15,0,4,20,31,0,29,42,36,28,0,0,0,0,0,0,0,0,0,0,0,0,54,0,59,57,56
l37,6=0,0,0,0,0,0,0,0,0,0,0,5,0,0,0,0,1,0,0,0,36,33,5,0,0,0,0,0,0,0,0,0,0,0,0,56,53,0,40,40
l38,6=0,0,0,0,0,0,0,0,0,0,0,29,32,19,5,25,33,33,0,15,49,40,27,0,0,0,0,0,0,0,0,0,0,0,0,43,57,39,0,55
l39,6=0,0,0,0,0,0,0,0,0,0,0,0,0,0,0,0,22,0,0,29,40,39,25,0,0,0,0,0,0,0,0,0,0,0,0,40,52,41,51,0

l0,7=0,90,90,90,97,93,91,70,76,78,83,0,0,0,0,0,0,0,0,0,0,0,0,0,0,0,0,0,0,0,0,0,0,0,0,0,0,0,0,0
l1,7=92,0,90,90,94,89,88,79,36,60,58,0,0,52,0,0,0,0,0,0,0,0,0,0,0,0,0,0,0,0,0,0,0,0,0,0,0,0,0,0
l2,7=88,87,0,90,93,79,88,56,74,79,45,0,0,0,0,0,0,0,0,0,0,0,0,0,0,0,0,0,0,0,0,0,0,0,0,0,0,0,0,0
l3,7=84,87,90,0,97,88,88,38,0,73,73,0,0,0,0,0,0,0,0,0,0,0,0,0,0,0,0,0,0,0,0,0,0,0,0,0,0,0,0,0
l4,7=92,90,92,93,0,93,93,74,78,0,72,0,0,71,0,0,0,0,0,0,0,0,0,0,0,0,0,0,0,0,0,0,0,0,0,0,0,0,0,0
l5,7=89,87,69,87,93,0,2,87,81,88,83,0,0,48,0,0,0,0,0,0,0,0,0,0,0,0,0,0,0,0,0,0,0,0,0,0,0,0,0,0
l6,7=79,82,87,76,84,7,0,86,0,86,77,19,0,52,0,0,21,0,0,0,0,0,0,0,0,0,0,0,0,0,0,0,0,0,0,0,0,0,0,0
l7,7=50,63,31,54,67,89,87,0,71,88,83,8,22,57,0,50,0,3,0,0,0,0,0,0,0,0,0,0,0,0,0,0,0,0,0,0,0,0,0,0
l8,7=34,4,39,0,51,45,0,72,0,88,83,54,52,75,47,40,20,45,0,1,4,2,25,0,1,0,0,0,0,0,0,0,0,0,0,0,0,0,0,0
l9,7=26,31,61,39,0,80,87,87,86,0,84,30,40,75,25,39,0,14,0,0,10,1,11,5,29,0,0,0,0,0,0,0,0,0,0,0,0,0,14,0
l10,7=57,50,59,61,67,72,60,87,86,88,0,52,0,33,0,60,34,8,0,0,0,0,0,0,0,0,0,0,0,0,0,0,0,0,0,0,0,0,0,0
l11,7=0,0,0,0,0,0,19,11,64,31,24,0,67,57,46,79,19,31,0,0,11,2,17,17,29,16,0,0,0,0,0,0,0,0,0,2,26,0,23,13
l12,7=0,0,0,0,0,0,0,0,37,20,0,46,0,30,65,41,23,50,0,0,11,0,0,54,86,45,0,0,0,0,0,0,0,27,20,0,36,0,13,0
l13,7=0,26,0,0,22,15,23,42,82,56,9,19,31,0,47,38,16,46,0,0,9,0,14,25,54,19,0,0,0,0,0,0,0,0,0,16,24,0,17,0
l14,7=0,0,0,0,0,0,0,0,38,18,0,13,63,46,0,14,24,46,0,0,11,10,18,51,36,27,0,0,0,0,0,0,0,28,0,0,0,0,13,0
l15,7=0,0,0,0,0,0,0,35,63,36,22,79,82,61,41,0,11,39,0,4,12,12,19,33,26,18,0,0,0,0,0,0,0,0,0,0,37,29,20,0
l16,7=0,0,0,0,0,0,7,0,40,4,14,12,53,30,41,14,0,44,30,0,12,12,24,23,31,16,0,0,0,0,0,9,11,8,0,40,42,26,18,0
l17,7=0,0,0,0,0,0,0,0,45,18,2,7,54,42,55,17,20,0,0,0,13,9,5,14,48,0,0,0,0,0,0,0,0,25,0,0,38,0,20,10
l18,7=0,0,0,0,0,0,0,0,0,0,0,0,0,0,0,0,39,0,0,35,29,9,0,0,0,0,0,0,0,0,0,0,0,0,0,0,0,0,0,0
l19,7=0,0,0,0,0,0,0,0,2,0,0,0,3,0,0,1,0,0,31,0,64,32,53,0,0,0,23,0,0,0,0,25,0,0,0,0,0,0,14,0
l20,7=0,0,0,0,0,0,0,0,0,14,0,3,24,23,28,13,26,35,23,59,0,63,55,0,0,0,0,0,3,5,0,0,0,0,0,50,55,32,57,18
l21,7=0,0,0,0,0,0,0,0,22,15,0,2,23,0,31,26,25,31,22,39,64,0,54,0,15,0,0,0,0,0,0,0,0,0,0,45,44,0,45,53
l22,7=0,0,0,0,0,0,0,0,39,16,0,2,0,27,30,13,26,8,0,58,75,61,0,0,0,0,0,0,0,1,0,0,0,0,0,43,54,0,42,52
l23,7=0,0,0,0,0,0,0,0,0,12,0,3,71,39,65,27,28,12,0,0,0,0,0,0,86,74,0,0,0,0,0,0,11,25,56,0,0,0,0,0
l24,7=0,0,0,3,0,0,0,0,1,19,0,15,88,52,42,14,32,51,0,0,2,0,0,75,0,62,0,0,0,0,0,0,0,36,36,0,1,0,0,0
l25,7=0,0,0,0,2,0,0,0,4,8,0,8,80,34,63,44,19,0,0,0,0,0,0,72,71,0,0,0,0,8,0,3,41,48,0,0,0,0,8,0
l26,7=0,0,0,0,0,0,0,0,0,0,0,0,0,0,0,0,0,0,0,32,0,0,0,0,0,0,0,56,74,79,59,51,80,48,49,0,0,0,0,0
l27,7=0,0,0,0,0,0,0,0,0,0,0,0,0,0,0,0,0,0,0,0,0,0,0,0,0,0,64,0,69,78,82,24,60,0,2,0,0,0,0,0
l28,7=0,0,0,0,0,0,0,0,0,0,0,0,0,0,0,0,0,0,0,24,39,0,0,0,0,0,71,85,0,82,82,45,46,50,46,0,0,0,0,0
l29,7=0,0,0,0,0,0,0,0,0,0,0,0,0,0,0,0,0,0,0,0,32,0,1,0,0,15,69,85,74,0,81,34,55,44,18,0,0,0,0,0
l30,7=0,0,0,0,0,0,0,0,0,0,0,0,0,0,0,0,0,0,0,0,0,0,0,0,0,0,57,85,69,76,0,31,46,15,46,0,0,0,0,0
l31,7=0,0,0,0,0,0,0,0,0,0,0,0,0,0,0,0,16,0,0,35,0,0,0,0,0,0,66,13,52,31,46,0,85,78,78,0,0,0,0,0
l32,7=0,0,0,0,0,0,0,0,0,0,0,0,0,0,0,0,14,0,0,0,0,0,0,21,0,24,61,38,28,60,45,55,0,75,86,0,0,0,0,0
l33,7=0,0,0,0,0,0,0,0,0,0,0,0,54,0,53,0,26,43,0,0,13,0,0,30,45,40,52,0,62,35,42,51,81,0,75,0,0,0,0,0
l34,7=0,0,0,0,0,0,0,0,0,0,0,0,35,0,0,0,0,0,0,0,0,0,0,56,39,0,48,23,41,26,42,54,87,59,0,0,0,0,0,0
l35,7=0,0,0,0,0,0,0,0,0,0,0,0,0,3,0,0,12,0,0,0,12,10,21,0,0,0,0,0,0,0,0,0,0,0,0,0,61,53,43,25
l36,7=0,0,0,0,0,0,0,0,0,0,0,0,21,17,0,4,13,25,0,0,40,9,37,0,0,0,0,0,0,0,0,0,0,0,0,59,0,46,54,56
l37,7=0,0,0,0,0,0,0,0,0,0,0,0,0,0,0,5,7,0,0,0,7,0,0,0,0,0,0,0,0,0,0,0,0,0,0,59,53,0,9,17
l38,7=0,0,0,0,0,0,0,0,0,17,0,11,26,30,26,18,13,38,0,9,48,12,29,0,0,0,0,0,0,0,0,0,0,0,0,54,63,33,0,20
l39,7=0,0,0,0,0,0,0,0,0,0,0,0,0,0,0,0,0,2,0,0,11,21,31,0,0,0,0,0,0,0,0,0,0,0,0,53,59,37,15,0

l0,8=0,96,97,88,99,98,94,91,7,89,89,0,0,81,0,0,0,0,0,0,0,0,0,0,0,0,0,0,0,0,0,0,0,0,0,0,0,0,0,0
l1,8=95,0,97,95,99,98,94,95,68,92,0,0,0,73,0,0,0,0,0,0,0,0,0,47,0,0,0,0,0,0,0,0,0,0,0,0,0,0,0,0
l2,8=95,96,0,90,93,98,91,95,0,81,89,0,0,0,0,2,0,0,0,0,0,0,0,0,0,0,0,0,0,0,0,0,0,0,0,0,0,0,0,0
l3,8=87,95,97,0,99,98,93,94,0,84,20,0,0,0,0,0,0,0,0,0,0,0,0,0,10,0,0,0,0,0,0,0,0,0,0,0,0,0,0,0
l4,8=92,96,97,96,0,98,95,92,93,70,87,0,0,88,2,0,0,0,0,0,0,0,0,0,74,0,0,0,0,0,0,0,0,0,0,0,0,0,0,0
l5,8=95,96,97,95,99,0,94,95,91,91,96,68,1,86,0,0,0,0,0,0,0,0,0,0,0,0,0,0,0,0,0,0,0,0,0,0,0,0,0,0
l6,8=87,90,89,85,93,86,0,95,74,93,88,0,0,42,0,0,40,0,0,0,0,0,0,0,0,0,0,0,0,0,0,0,0,0,0,0,0,0,0,0
l7,8=86,89,92,88,89,93,93,0,91,97,98,53,0,95,0,0,5,46,0,0,0,0,0,0,0,0,0,0,0,0,0,0,0,0,0,0,0,0,0,0
l8,8=0,15,0,0,85,91,84,93,0,99,91,93,0,95,78,93,1,68,0,69,0,0,55,0,0,11,0,0,0,0,0,0,0,0,0,0,0,0,0,0
l9,8=83,82,0,48,20,82,92,95,94,0,98,80,61,95,28,74,44,58,0,0,1,20,10,75,76,0,0,0,0,0,0,0,0,0,0,0,0,0,62,0
l10,8=84,0,87,42,67,93,92,95,93,98,0,75,0,87,0,84,9,0,0,0,1,0,0,0,0,0,0,0,0,0,0,0,0,0,0,0,0,0,0,0
l11,8=0,0,0,0,0,36,0,29,90,85,53,0,97,64,87,99,53,76,0,1,3,34,30,86,90,59,0,0,0,0,0,0,0,0,0,22,33,0,65,0
l12,8=0,0,0,0,0,0,0,0,0,38,0,67,0,0,94,59,56,68,0,0,22,0,0,95,97,70,0,0,0,0,0,0,0,22,1,12,28,0,60,0
l13,8=34,5,0,0,52,46,4,90,96,95,56,39,0,0,86,55,42,54,0,0,30,30,5,90,90,51,0,0,0,0,0,0,0,0,0,3,21,0,73,0
l14,8=0,0,0,0,0,0,0,0,63,20,0,50,97,76,0,55,48,81,0,0,40,34,40,94,93,56,0,0,0,0,0,0,0,0,0,0,26,0,0,0
l15,8=0,0,0,0,0,0,2,0,89,86,57,99,88,93,87,0,51,79,0,0,49,39,43,87,90,47,0,0,0,0,0,0,0,0,0,0,29,0,79,0
l16,8=0,0,0,0,0,0,18,0,0,39,2,58,86,31,80,41,0,65,38,45,57,33,56,69,95,21,0,0,0,0,0,18,2,7,9,10,42,50,53,43
l17,8=0,0,0,0,0,0,0,22,73,46,0,59,81,46,92,59,55,0,0,55,57,7,23,52,91,0,0,0,0,0,0,0,0,25,0,5,22,0,73,33
l18,8=0,0,0,0,0,0,0,0,0,0,0,0,0,0,0,0,77,0,0,75,80,14,0,0,0,0,0,0,0,0,0,0,0,0,0,0,0,0,0,0
l19,8=0,0,0,0,0,0,0,0,43,0,0,0,0,0,0,0,64,34,52,0,91,77,89,0,0,0,0,0,3,0,0,31,0,0,0,46,39,0,58,67
l20,8=0,0,0,0,0,0,0,0,0,0,0,0,0,40,47,28,37,41,48,92,0,88,93,0,22,0,0,0,0,0,0,0,0,1,0,34,55,59,81,60
l21,8=0,0,0,0,0,0,0,0,0,38,0,29,16,46,49,27,30,13,26,69,93,0,90,0,0,0,0,0,0,0,0,11,0,13,4,39,39,50,78,62
l22,8=0,0,0,0,0,0,0,0,50,36,0,29,0,0,49,27,58,37,0,85,93,82,0,0,0,0,0,0,3,53,0,0,0,0,0,66,55,48,73,62
l23,8=0,0,0,0,0,0,0,0,0,68,0,51,95,83,90,52,44,57,0,0,0,0,0,0,97,94,0,0,0,0,0,0,70,44,45,0,0,0,0,0
l24,8=0,0,0,30,35,0,0,0,0,62,0,52,97,83,89,50,91,68,0,0,35,0,0,96,0,92,0,0,0,0,0,4,0,36,35,0,11,0,0,0
l25,8=0,0,0,2,0,0,0,0,29,0,0,49,97,76,80,46,39,0,0,0,0,0,0,96,95,0,0,0,0,64,0,3,74,50,44,0,0,0,28,0
l26,8=0,0,0,0,0,0,0,0,0,0,0,0,0,0,0,0,0,0,0,0,0,0,0,0,0,0,0,88,95,93,89,91,87,82,87,0,0,0,0,0
l27,8=0,0,0,0,0,0,0,0,0,0,0,0,0,0,0,0,0,0,0,0,0,0,0,0,0,0,85,0,94,93,94,0,78,0,77,0,0,0,0,0
l28,8=0,0,0,0,0,0,0,0,0,0,0,0,0,0,0,0,0,0,0,61,47,0,31,0,0,0,92,91,0,93,94,91,64,78,73,0,0,0,0,0
l29,8=0,0,0,0,0,0,0,0,0,0,0,0,0,0,0,0,0,0,0,0,2,0,67,0,0,69,92,91,95,0,94,90,63,73,78,0,0,0,0,0
l30,8=0,0,0,0,0,0,0,0,0,0,0,0,0,0,0,0,0,0,0,0,0,0,0,0,0,0,85,91,94,93,0,76,83,69,0,0,0,0,0,0
l31,8=0,0,0,0,0,0,0,0,0,0,0,0,0,0,0,0,62,0,0,48,0,0,0,0,31,1,91,0,84,82,68,0,86,85,90,0,0,0,0,0
l32,8=0,0,0,0,0,0,0,0,0,0,0,0,0,0,0,0,14,0,0,0,0,0,0,77,0,77,89,75,78,75,75,94,0,88,92,0,0,0,0,0
l33,8=0,0,0,0,0,0,0,0,0,0,0,0,73,0,0,0,36,72,0,0,46,10,0,71,72,76,76,0,80,70,66,93,89,0,83,0,0,0,0,0
l34,8=0,0,0,0,0,0,0,0,0,0,0,0,71,0,0,0,67,0,0,0,59,24,0,77,75,77,74,72,78,75,0,91,93,77,0,0,0,0,0,0
l35,8=0,0,0,0,0,0,0,0,0,0,0,15,26,1,0,0,19,0,0,42,34,34,52,0,0,0,0,0,0,0,0,0,0,0,0,0,61,58,53,62
l36,8=0,0,0,0,0,0,0,0,0,0,0,27,27,24,37,10,27,1,0,43,44,29,45,0,9,0,0,0,0,0,0,0,0,0,0,73,0,54,72,63
l37,8=0,0,0,0,0,0,0,0,0,0,0,0,0,0,0,0,23,0,0,0,41,31,33,0,0,0,0,0,0,0,0,0,0,0,0,69,34,0,47,44
l38,8=0,0,0,0,0,0,0,0,0,35,0,23,28,42,0,32,32,39,0,37,52,41,48,0,0,0,0,0,0,0,0,0,0,0,0,44,63,60,0,61
l39,8=0,0,0,0,0,0,0,0,0,0,0,0,0,0,0,0,30,1,0,49,64,64,56,0,0,0,0,0,0,0,0,0,0,0,0,70,51,53,64,0

l0,9=0,100,97,97,94,98,100,94,90,100,85,0,0,2,0,0,0,0,0,0,0,0,0,0,0,0,0,0,0,0,0,0,0,0,0,0,0,0,0,0
l1,9=99,0,98,95,94,100,94,97,94,94,88,0,0,0,0,0,0,0,0,0,0,0,0,20,0,0,0,0,0,0,0,0,0,0,0,0,0,0,0,0
l2,9=99,100,0,98,94,100,100,99,11,57,81,0,89,0,0,11,0,0,0,0,0,0,0,0,0,0,0,0,0,0,0,0,0,0,0,0,0,0,0,0
l3,9=90,93,88,0,94,85,94,94,0,0,0,0,0,0,0,0,0,0,0,0,0,0,0,0,0,0,0,0,0,0,0,0,0,0,0,0,0,0,0,0
l4,9=95,99,95,99,0,92,93,92,95,78,85,0,0,3,74,0,0,0,0,0,0,0,0,0,54,0,0,0,0,0,0,0,0,0,0,0,0,0,0,0
l5,9=99,100,98,99,94,0,100,10,98,100,99,0,0,49,0,0,0,0,0,0,0,0,0,0,0,0,0,0,0,0,0,0,0,0,0,0,0,0,0,0
l6,9=99,78,99,98,88,92,0,100,55,100,98,0,0,83,0,0,39,0,0,0,0,0,0,0,0,0,0,0,0,0,0,0,0,0,0,0,0,0,0,0
l7,9=86,100,99,98,88,22,100,0,100,100,100,82,69,100,3,32,0,0,0,0,0,0,0,0,0,0,0,0,0,0,0,0,0,0,0,0,0,0,0,0
l8,9=88,92,0,31,90,93,97,87,0,100,93,98,0,99,14,76,54,60,0,83,0,0,28,0,0,0,0,0,0,0,0,0,0,0,0,0,0,0,0,0
l9,9=92,87,75,0,72,88,99,100,100,0,99,97,33,100,87,91,64,0,0,0,0,0,1,77,74,0,0,0,0,0,0,0,0,0,0,0,0,0,0,0
l10,9=92,93,85,0,91,97,100,100,95,100,0,0,54,94,0,96,48,51,0,0,0,0,0,65,0,0,0,0,0,0,0,0,0,0,0,0,0,0,0,0
l11,9=0,0,0,0,0,0,0,49,37,37,8,0,99,99,94,99,60,61,0,0,63,25,25,88,98,85,0,0,0,0,0,0,0,0,0,0,53,0,51,0
l12,9=0,0,0,0,0,0,0,0,0,0,0,98,0,91,98,98,66,98,0,0,64,24,8,93,100,100,0,0,0,0,0,0,0,0,1,0,57,0,55,0
l13,9=0,0,0,0,2,12,91,79,63,100,85,99,90,0,79,99,61,1,0,20,65,28,0,86,96,67,0,0,0,0,0,0,0,0,0,0,52,0,54,0
l14,9=0,0,0,0,66,0,0,0,0,37,0,98,100,81,0,80,62,62,0,0,67,29,28,100,100,90,0,0,0,0,0,0,0,44,1,0,34,0,0,0
l15,9=0,0,0,0,0,0,0,0,27,36,84,99,98,95,87,0,61,61,0,0,58,29,26,76,92,0,0,0,0,0,0,0,0,0,0,0,49,0,53,0
l16,9=0,0,0,0,0,0,21,0,19,35,64,93,89,90,87,76,0,57,61,88,70,0,28,85,94,89,0,0,0,0,0,17,0,39,86,0,59,45,55,31
l17,9=0,0,0,0,0,0,0,0,32,0,64,97,99,21,97,81,62,0,0,90,69,30,28,0,78,0,0,0,0,0,0,0,0,46,0,0,58,0,44,32
l18,9=0,0,0,0,0,0,0,0,0,1,0,0,0,0,0,0,86,0,0,0,76,55,0,0,0,0,0,0,0,0,0,0,0,0,0,0,14,0,0,0
l19,9=0,0,0,0,0,0,0,0,21,0,0,0,0,1,0,0,77,78,0,0,89,90,87,0,0,0,0,0,0,0,0,0,0,0,0,77,58,46,37,57
l20,9=0,0,0,0,0,0,0,0,0,0,0,56,58,64,65,57,90,33,56,93,0,94,90,0,54,0,13,0,0,0,0,0,0,0,76,36,83,85,90,89
l21,9=0,0,0,0,0,0,0,0,0,0,0,59,63,65,66,60,10,39,61,92,97,0,88,0,0,0,0,0,0,0,0,0,0,23,0,86,57,48,56,30
l22,9=0,0,0,0,0,0,0,0,43,10,0,50,54,2,65,58,76,67,0,91,97,92,0,0,0,0,0,0,7,69,0,31,0,0,0,86,83,43,89,28
l23,9=0,0,0,0,0,0,0,0,0,34,26,99,100,98,99,80,74,0,0,0,0,0,0,0,100,100,0,0,0,0,0,0,33,55,99,0,0,0,0,0
l24,9=0,0,0,0,40,0,0,0,0,34,0,97,100,97,99,80,98,44,0,0,69,0,0,100,0,99,0,0,0,0,0,0,0,52,91,0,58,0,0,0
l25,9=0,0,0,15,0,0,0,0,0,0,0,95,100,80,95,0,63,1,0,0,0,0,0,100,100,0,0,0,0,50,0,0,31,100,93,0,0,0,45,0
l26,9=0,0,0,0,0,0,0,0,0,0,0,0,0,0,0,0,0,0,0,0,81,0,0,0,0,0,0,83,98,100,99,99,100,88,94,0,0,0,0,0
l27,9=0,0,0,0,0,0,0,0,0,0,0,0,0,0,0,0,0,0,0,0,0,0,0,0,0,0,98,0,98,100,100,98,92,0,0,0,0,0,0,0
l28,9=0,0,0,0,0,0,0,0,0,0,0,0,0,0,0,0,0,0,0,0,63,0,69,0,0,0,99,100,0,100,100,90,0,91,0,0,0,0,0,0
l29,9=0,0,0,0,0,0,0,0,0,0,0,0,0,0,0,0,0,0,0,0,0,0,80,0,0,9,99,100,98,0,100,98,73,93,98,0,0,0,0,0
l30,9=0,0,0,0,0,0,0,0,0,0,0,0,0,0,0,0,0,0,0,0,0,0,0,0,0,0,99,100,98,100,0,99,92,50,89,0,0,0,0,0
l31,9=0,0,0,0,0,0,0,0,0,0,0,0,0,0,0,0,48,0,0,0,1,0,54,0,0,0,97,54,96,97,98,0,97,100,100,0,0,0,0,0
l32,9=0,0,0,0,0,0,0,0,0,0,0,0,33,0,0,0,0,0,0,0,0,0,0,88,0,92,99,33,0,81,91,100,0,100,100,0,0,0,0,0
l33,9=0,0,0,0,0,0,0,0,0,0,0,0,0,0,83,0,89,88,0,0,1,21,0,98,99,100,97,0,96,92,86,100,100,0,100,0,0,0,0,0
l34,9=0,0,0,0,0,0,0,0,0,0,0,0,86,0,50,0,89,0,0,0,70,0,0,98,94,93,94,0,0,100,97,100,100,100,0,0,0,0,0,0
l35,9=0,0,0,0,0,0,0,0,0,0,0,0,0,0,0,0,0,0,0,59,21,44,40,0,0,0,0,0,0,0,0,0,0,0,0,0,87,84,86,45
l36,9=0,0,0,0,0,0,0,0,0,0,0,24,40,43,8,33,31,23,0,53,64,25,29,0,45,0,0,0,0,0,0,0,0,0,0,91,0,52,48,28
l37,9=0,0,0,0,0,0,0,0,0,0,0,0,0,0,0,0,25,0,0,55,52,23,20,0,0,0,0,0,0,0,0,0,0,0,0,82,57,0,50,28
l38,9=0,0,0,0,0,0,0,0,0,0,0,48,54,52,0,56,50,0,0,8,69,27,28,0,0,19,0,0,0,0,0,0,0,0,0,85,59,52,0,29
l39,9=0,0,0,0,0,0,0,0,0,0,0,0,0,0,0,0,41,40,0,74,71,25,24,0,0,0,0,0,0,0,0,0,0,0,0,85,61,55,49,0

l0,10=0,93,90,82,86,87,87,65,62,83,83,0,0,0,0,0,0,0,0,0,0,0,0,0,0,0,0,0,0,0,0,0,0,0,0,0,0,0,0,0
l1,10=88,0,90,65,82,88,81,79,37,39,59,4,0,0,0,0,0,0,0,0,0,0,0,0,0,0,0,0,0,0,0,0,0,0,0,0,0,0,0,0
l2,10=87,88,0,77,84,87,87,87,0,77,70,0,56,0,0,0,0,0,0,0,0,0,0,0,0,0,0,0,0,0,0,0,0,0,0,0,0,0,0,0
l3,10=90,76,86,0,89,73,81,60,0,55,0,0,0,0,0,0,0,0,0,0,0,0,0,0,0,0,0,0,0,0,0,0,0,0,0,0,0,0,0,0
l4,10=86,88,86,85,0,87,47,69,49,64,85,0,0,12,46,0,0,0,0,0,0,0,0,0,0,0,0,0,0,0,0,0,0,0,0,0,0,0,0,0
l5,10=84,88,86,72,84,0,87,87,56,83,85,0,1,75,0,0,0,0,0,0,0,0,0,0,0,0,0,0,0,0,0,0,0,0,0,0,0,0,0,0
l6,10=84,76,79,71,39,85,0,87,76,81,79,0,0,42,0,1,37,3,0,0,0,0,0,0,0,0,0,0,0,0,0,0,0,0,0,0,0,0,0,0
l7,10=71,84,84,64,75,86,87,0,85,84,86,57,52,80,42,3,0,0,0,0,0,0,0,0,0,0,0,0,0,0,0,0,0,0,0,0,0,0,0,0
l8,10=49,1,0,12,33,41,71,85,0,89,72,71,64,83,0,73,53,54,0,36,33,0,62,52,38,0,0,0,0,0,0,0,0,0,0,0,0,0,0,0
l9,10=70,0,43,47,53,72,84,87,86,0,86,77,73,80,38,65,0,0,0,0,0,32,3,39,35,0,0,0,0,0,0,0,0,0,0,0,0,0,0,0
l10,10=70,45,50,0,75,67,70,87,64,84,0,56,0,74,0,66,0,51,0,0,0,0,0,0,0,0,0,0,0,0,0,0,0,0,0,0,0,0,0,0
l11,10=0,1,0,0,0,0,0,44,77,74,63,0,84,78,76,84,0,82,0,0,66,47,0,62,75,72,0,0,0,0,0,0,0,0,0,1,51,0,41,0
l12,10=0,0,0,0,0,0,0,0,52,70,0,86,0,52,90,84,88,96,0,0,72,60,0,93,96,98,0,0,0,0,0,0,0,13,0,0,7,0,47,0
l13,10=0,0,0,0,7,44,33,79,86,84,78,85,81,0,39,78,76,0,0,3,56,40,0,57,73,0,0,0,0,0,0,0,0,0,0,0,0,0,26,0
l14,10=0,0,0,0,35,0,0,1,0,59,0,85,92,49,0,73,80,87,0,0,60,0,0,88,89,87,0,0,0,0,0,0,0,39,0,0,56,0,13,0
l15,10=0,0,0,0,0,0,0,0,72,66,72,91,88,79,46,0,71,83,0,51,60,6,37,29,69,40,0,0,0,0,0,0,0,0,0,0,29,3,15,0
l16,10=0,0,0,0,0,0,9,0,30,0,0,0,86,42,45,38,0,82,36,53,72,50,40,49,82,23,0,0,0,0,0,0,2,0,53,48,52,7,48,56
l17,10=0,0,0,0,0,0,6,0,50,0,57,87,96,0,46,53,86,0,0,57,62,51,66,22,54,34,0,0,0,0,0,0,0,5,0,0,51,0,39,53
l18,10=0,0,0,0,0,0,0,0,0,0,0,0,0,0,0,0,67,0,0,76,75,76,0,0,0,0,0,0,0,0,0,0,0,0,0,0,5,0,0,0
l19,10=0,0,0,0,0,0,0,0,16,0,0,0,0,0,0,26,61,57,55,0,79,67,79,0,0,0,34,0,0,0,0,0,0,0,0,55,0,26,0,60
l20,10=0,0,0,0,0,0,0,0,0,0,0,47,56,33,18,20,74,43,47,82,0,87,89,0,6,0,5,0,0,0,0,0,25,0,0,62,64,33,44,64
l21,10=0,0,0,0,0,0,0,0,0,45,0,48,55,33,3,11,65,64,54,73,85,0,87,0,0,0,0,0,0,0,0,0,0,19,0,59,60,36,44,60
l22,10=0,0,0,0,0,0,0,0,50,18,0,0,0,0,0,26,59,59,0,71,86,81,0,0,0,0,0,0,0,31,0,41,1,0,0,70,69,34,68,55
l23,10=0,0,0,0,0,0,0,0,60,61,0,82,91,55,76,40,82,29,0,0,0,0,0,0,96,98,0,0,0,0,0,45,47,52,1,0,0,0,0,0
l24,10=0,0,0,0,0,0,0,0,23,60,0,84,95,57,91,51,90,83,0,0,53,0,0,98,0,97,0,0,0,0,0,0,0,39,48,0,0,0,38,0
l25,10=0,0,0,26,0,0,0,0,0,0,0,77,96,0,86,34,53,24,0,0,0,0,0,98,95,0,21,0,0,0,0,49,32,91,78,0,0,0,34,0
l26,10=0,0,0,0,0,0,0,0,0,0,0,0,0,0,0,0,0,0,0,62,47,0,0,0,0,21,0,71,92,99,96,97,90,65,73,0,0,0,0,0
l27,10=0,0,0,0,0,0,0,0,0,0,0,0,0,0,0,0,0,0,0,0,0,0,0,0,0,0,85,0,91,99,99,86,0,0,71,0,0,0,0,0
l28,10=0,0,0,0,0,0,0,0,0,0,0,0,0,0,0,0,0,0,0,20,26,0,5,0,0,0,94,96,0,99,99,89,62,76,58,0,0,0,0,0
l29,10=0,0,0,0,0,0,0,0,0,0,0,0,0,0,0,0,0,0,0,0,0,0,45,0,0,0,94,96,92,0,99,91,66,30,62,0,0,0,0,0
l30,10=0,0,0,0,0,0,0,0,0,0,0,0,0,0,0,0,0,0,0,0,0,0,0,0,0,0,94,96,92,99,0,89,75,60,66,0,0,0,0,0
l31,10=0,0,0,0,0,0,0,0,0,0,0,0,0,0,0,0,0,0,0,0,2,0,33,26,0,24,94,73,86,98,99,0,97,100,99,0,0,0,0,0
l32,10=0,0,0,0,0,0,0,0,0,0,0,0,0,0,0,0,9,0,0,0,38,0,9,79,0,22,94,0,15,81,80,100,0,100,99,0,0,0,0,0
l33,10=0,0,0,0,0,0,0,0,0,0,0,0,23,0,37,0,2,10,0,0,0,20,0,98,29,98,61,0,79,28,33,100,99,0,99,0,0,0,0,0
l34,10=0,0,0,0,0,0,0,0,0,0,0,0,0,0,0,0,83,0,0,0,34,0,0,11,42,83,92,41,35,86,81,100,99,100,0,0,0,0,0,0
l35,10=0,0,0,0,0,0,0,0,0,0,0,0,0,0,0,0,39,0,0,47,67,46,70,0,0,0,0,0,0,0,0,0,0,0,0,0,81,43,41,0
l36,10=0,0,0,0,0,0,0,0,0,0,0,25,17,0,4,0,60,53,0,0,68,39,70,0,0,0,0,0,0,0,0,0,0,0,0,84,0,41,43,65
l37,10=0,0,0,0,0,0,0,0,0,0,0,0,0,0,0,0,46,0,0,27,59,41,61,0,0,0,0,0,0,0,0,0,0,0,0,71,63,0,33,55
l38,10=0,0,0,0,0,0,0,0,0,0,0,47,55,3,0,2,70,57,0,16,70,51,69,0,12,12,0,0,0,0,0,0,0,0,0,72,65,14,0,58
l39,10=0,0,0,0,0,0,0,0,0,0,0,0,0,0,0,0,62,54,0,41,67,48,65,0,0,0,0,0,0,0,0,0,0,0,0,1,66,37,40,0

l0,11=0,88,87,85,85,85,72,61,54,55,62,0,0,0,0,0,0,0,0,0,0,0,0,4,0,0,0,0,0,0,0,0,0,0,0,0,0,0,0,0
l1,11=84,0,75,81,84,85,79,77,47,49,0,36,0,33,0,0,0,0,0,0,0,0,0,0,0,0,0,0,0,0,0,0,0,0,0,0,0,0,0,0
l2,11=84,86,0,81,84,85,80,65,0,0,83,0,0,0,0,0,0,0,0,0,0,0,0,0,0,0,0,0,0,0,0,0,0,0,0,0,0,0,0,0
l3,11=85,86,85,0,88,85,0,42,0,37,56,0,0,0,0,0,0,0,0,0,0,0,0,0,0,0,0,0,0,0,0,0,0,0,0,0,0,0,0,0
l4,11=78,81,80,83,0,80,67,60,0,50,66,0,14,0,37,0,0,0,0,0,0,0,0,31,0,0,0,0,0,0,0,0,0,0,0,0,0,0,0,0
l5,11=84,86,84,81,84,0,83,81,64,78,65,0,0,45,1,0,0,0,0,0,0,0,0,0,0,0,0,0,0,0,0,0,0,0,0,0,0,0,0,0
l6,11=72,81,43,2,69,73,0,79,45,69,58,22,0,44,0,53,28,0,0,0,0,0,0,0,0,0,0,0,0,0,0,0,0,0,0,0,0,0,0,0
l7,11=76,86,61,69,79,85,83,0,72,78,85,52,46,82,0,40,0,0,0,0,0,0,0,0,0,0,0,0,0,0,0,0,0,0,0,0,0,0,0,0
l8,11=48,14,0,0,0,64,38,57,0,82,69,61,42,84,0,71,0,49,0,22,5,0,0,47,47,0,0,0,0,0,0,0,0,0,0,0,0,0,0,0
l9,11=49,11,0,41,62,76,46,84,76,0,84,36,38,82,0,62,8,5,0,0,0,40,0,16,46,0,0,0,0,0,0,0,0,0,0,0,0,0,0,0
l10,11=38,0,66,56,63,54,64,84,67,78,0,58,0,74,0,63,0,1,0,1,0,0,0,0,0,0,0,0,0,0,0,0,0,0,0,0,0,0,0,0
l11,11=0,9,0,0,0,0,14,27,48,42,43,0,46,56,76,86,72,73,0,0,11,22,42,77,75,45,0,0,0,0,0,0,0,0,0,35,0,0,22,0
l12,11=0,0,0,0,1,0,0,5,28,37,0,48,0,49,88,81,77,79,0,0,19,35,48,77,92,91,0,0,0,0,0,0,0,0,0,0,0,0,25,0
l13,11=0,2,0,0,0,39,20,42,77,79,50,78,45,0,52,83,66,66,0,12,19,35,9,72,61,49,0,0,0,0,0,0,0,0,0,0,0,0,17,0
l14,11=0,0,0,0,41,0,0,0,0,0,0,47,86,34,0,0,78,77,0,0,0,28,0,76,3,81,0,0,0,0,0,0,0,41,25,48,49,0,18,0
l15,11=0,0,0,0,0,0,14,16,37,38,38,84,55,88,0,0,76,75,0,21,20,35,20,49,0,46,0,0,0,0,0,0,0,0,0,19,45,0,24,0
l16,11=0,0,0,0,0,0,8,0,0,4,0,26,48,35,71,75,0,78,5,2,24,39,50,52,83,14,0,0,0,0,0,0,8,1,25,30,56,19,25,20
l17,11=0,0,0,0,0,0,0,0,24,22,10,47,52,47,66,80,81,0,0,0,20,39,58,59,60,1,0,0,0,0,0,0,0,0,0,0,55,0,23,4
l18,11=0,0,0,0,0,0,0,0,0,0,0,0,0,0,0,0,47,0,0,73,66,72,14,0,0,0,0,0,0,0,0,0,0,0,0,0,0,0,0,0
l19,11=0,0,0,0,0,0,0,0,14,0,0,0,0,15,0,49,9,0,46,0,75,72,65,0,0,0,61,0,0,0,0,0,0,0,0,43,0,0,0,41
l20,11=0,0,0,0,0,0,0,0,0,0,0,0,28,32,0,48,67,36,41,81,0,87,80,0,0,0,0,0,0,0,0,1,20,0,0,43,58,18,59,23
l21,11=0,0,0,0,0,0,0,0,0,30,0,14,31,34,33,49,68,38,46,78,82,0,77,0,33,0,0,0,0,0,0,0,0,0,0,39,47,15,68,17
l22,11=0,0,0,0,0,0,0,0,0,0,0,21,27,0,0,18,45,39,0,69,80,83,0,0,0,0,0,0,0,0,0,26,0,0,0,65,66,14,65,56
l23,11=0,0,0,0,15,0,0,0,20,18,0,44,80,48,83,54,74,53,0,0,0,0,0,0,92,94,0,0,0,0,0,28,30,35,0,0,0,0,0,0
l24,11=0,0,0,0,0,0,0,0,6,29,0,43,90,47,6,0,81,55,0,0,0,2,0,89,0,86,0,0,0,0,0,0,0,0,0,0,0,0,0,0
l25,11=0,0,0,0,0,0,0,0,0,0,0,30,90,39,83,63,31,1,0,0,0,0,0,95,91,0,0,0,0,0,0,37,21,86,0,0,0,0,0,0
l26,11=0,0,0,0,0,0,0,0,0,0,0,0,0,0,0,0,0,0,0,60,1,0,0,0,0,0,0,72,91,89,92,84,78,61,57,0,0,0,0,0
l27,11=0,0,0,0,0,0,0,0,0,0,0,0,0,0,0,0,0,0,0,0,0,0,0,0,0,0,72,0,85,93,96,39,0,0,26,0,0,0,0,0
l28,11=0,0,0,0,0,0,0,0,0,0,0,0,0,0,0,0,0,0,0,11,18,0,14,0,0,0,89,95,0,93,96,77,66,0,37,0,0,0,0,0
l29,11=0,0,0,0,0,0,0,0,0,0,0,0,0,0,0,0,0,0,0,0,0,0,0,0,0,0,84,95,91,0,96,78,26,36,27,0,0,0,0,0
l30,11=0,0,0,0,0,0,0,0,0,0,0,0,0,0,0,0,0,0,0,0,0,0,0,0,0,0,85,95,91,93,0,81,36,54,34,0,0,0,0,0
l31,11=0,0,0,0,0,0,0,0,0,0,0,0,0,0,0,0,0,0,0,0,17,0,44,51,0,40,89,71,84,83,81,0,88,100,98,0,0,0,0,0
l32,11=0,0,0,0,0,0,0,0,0,0,0,0,0,0,0,0,24,0,0,0,5,0,0,33,0,18,89,0,33,24,24,89,0,100,99,0,0,0,0,0
l33,11=0,0,0,0,0,0,0,0,0,0,0,0,0,0,71,0,5,0,0,0,8,0,0,66,0,93,79,0,0,64,92,100,99,0,99,0,0,0,0,0
l34,11=0,0,0,0,0,0,0,0,0,0,0,0,0,0,26,0,56,0,0,0,0,0,0,21,0,1,82,73,43,60,81,100,99,100,0,0,0,0,0,0
l35,11=0,0,0,0,0,0,0,0,0,0,0,2,0,0,18,4,12,0,0,12,19,8,58,0,0,0,0,0,0,0,0,0,0,0,0,0,84,18,22,14
l36,11=0,0,0,0,0,0,0,0,0,0,0,0,0,0,27,36,59,31,0,3,20,33,61,0,0,0,0,0,0,0,0,0,0,0,0,82,0,20,26,23
l37,11=0,0,0,0,0,0,0,0,0,0,0,0,0,0,0,0,46,0,0,0,17,27,41,0,0,0,0,0,0,0,0,0,0,0,0,58,67,0,14,20
l38,11=0,0,0,0,0,0,0,0,0,0,0,23,29,16,24,47,67,22,0,0,21,42,66,0,0,0,0,0,0,0,0,0,0,0,0,72,77,16,0,23
l39,11=0,0,0,0,0,0,0,0,0,0,0,0,0,0,0,0,61,0,0,22,19,16,59,0,0,0,0,0,0,0,0,0,0,0,0,56,76,28,39,0

l0,12=0,90,81,86,89,88,56,0,0,59,44,0,0,0,0,0,0,0,0,0,0,0,0,0,0,0,0,0,0,0,0,0,0,0,0,0,0,0,0,0
l1,12=85,0,76,82,88,87,83,86,10,2,58,54,0,0,1,0,0,0,0,0,0,0,0,0,0,0,0,0,0,0,0,0,0,0,0,0,0,0,0,0
l2,12=84,79,0,82,88,89,83,27,9,42,69,0,0,0,0,0,0,0,0,0,0,0,0,0,0,0,0,0,0,0,0,0,0,0,0,0,0,0,0,0
l3,12=86,89,77,0,92,88,55,27,0,52,58,0,0,0,0,0,0,0,0,0,0,0,0,0,0,0,0,0,0,0,0,0,0,0,0,0,0,0,0,0
l4,12=85,84,71,84,0,80,71,70,39,55,58,0,0,0,41,0,0,0,0,0,0,0,0,52,0,0,0,0,0,0,0,0,0,0,0,0,0,0,0,0
l5,12=84,87,78,81,88,0,74,79,60,84,67,0,0,46,0,0,0,0,0,0,0,0,0,0,0,0,0,0,0,0,0,0,0,0,0,0,0,0,0,0
l6,12=52,86,77,64,77,66,0,83,45,52,70,59,0,52,3,43,0,0,0,0,0,0,0,0,0,0,0,0,0,0,0,0,0,0,0,0,0,0,0,0
l7,12=3,87,18,49,88,88,80,0,73,83,84,41,18,81,0,1,0,0,0,0,0,0,0,0,0,0,0,0,0,0,0,0,0,0,0,0,0,0,0,0
l8,12=0,2,0,25,67,69,61,71,0,84,84,69,39,81,19,62,27,19,0,29,0,39,0,0,36,0,0,0,0,0,0,0,0,0,0,0,0,0,0,0
l9,12=59,0,0,37,62,88,42,78,73,0,84,64,38,81,0,59,41,16,0,0,46,61,0,0,23,0,0,0,0,0,0,0,0,0,0,0,0,0,0,0
l10,12=32,37,43,66,70,62,70,86,70,86,0,65,0,73,0,61,0,0,0,0,0,0,0,5,0,0,0,0,0,0,0,0,0,0,0,0,0,0,0,0
l11,12=0,26,0,0,0,0,51,8,42,72,70,0,50,58,55,83,75,56,0,0,47,61,56,73,0,15,0,0,0,0,0,0,0,0,0,24,22,1,69,0
l12,12=0,0,0,0,0,0,0,0,36,59,0,87,0,41,89,81,83,91,0,0,55,62,46,62,90,91,0,0,0,0,0,0,0,11,0,0,0,0,70,0
l13,12=0,0,0,2,0,46,54,43,73,83,76,84,48,0,60,80,78,49,0,0,50,53,0,69,54,0,0,0,0,0,0,0,0,0,0,0,0,0,24,0
l14,12=0,0,0,0,61,0,0,0,11,1,0,65,86,40,0,78,85,52,0,0,15,68,0,82,90,28,0,0,0,0,0,0,0,61,53,37,32,0,0,0
l15,12=0,0,0,0,0,0,52,0,39,59,65,89,80,83,61,0,81,57,0,36,49,64,19,59,61,31,0,0,0,0,0,0,0,0,0,0,0,0,63,0
l16,12=0,0,0,0,0,0,0,0,2,38,0,54,52,31,70,76,0,52,21,30,64,68,31,37,81,4,0,0,0,0,0,0,0,0,9,13,27,23,75,33
l17,12=0,0,0,0,0,0,0,0,5,47,0,88,56,38,56,82,88,0,0,39,58,69,50,50,46,0,0,0,0,0,0,0,0,22,0,0,32,0,66,0
l18,12=0,0,0,0,0,0,0,0,0,0,0,0,0,0,0,0,64,0,0,65,69,68,0,0,0,0,0,0,0,0,0,0,0,0,0,0,0,0,0,0
l19,12=0,0,0,0,0,0,0,0,20,0,0,0,0,0,0,25,47,23,47,0,78,76,75,0,0,0,33,0,0,42,10,0,0,0,0,18,33,24,56,41
l20,12=0,0,0,0,0,0,0,0,0,32,0,24,25,24,0,31,66,51,41,81,0,87,88,0,0,0,0,0,0,0,0,22,0,0,0,31,70,49,67,37
l21,12=0,0,0,0,0,0,0,0,26,37,0,28,35,39,33,26,62,64,45,80,87,0,88,0,38,0,0,0,0,0,0,0,0,0,0,48,40,6,78,0
l22,12=0,0,0,0,0,0,0,0,0,0,0,29,19,0,0,7,38,24,0,76,86,85,0,0,0,0,0,0,0,0,0,30,0,0,0,45,43,0,73,51
l23,12=0,0,0,0,67,0,0,0,0,0,0,78,49,45,68,72,69,42,0,0,0,0,0,0,93,96,0,0,0,0,0,3,0,40,0,0,0,0,0,0
l24,12=0,0,0,0,0,0,0,0,17,38,0,0,88,66,90,79,85,63,0,0,0,65,1,88,0,91,0,0,0,0,0,7,60,0,0,0,18,0,55,0
l25,12=0,0,0,0,0,0,0,0,0,0,0,47,88,5,40,79,67,0,0,0,0,0,0,97,93,0,0,0,0,6,0,66,54,62,87,0,0,0,0,0
l26,12=0,0,0,0,0,0,0,0,0,0,0,0,0,0,0,0,0,0,0,48,0,0,0,0,0,0,0,65,90,74,85,89,69,59,75,0,0,0,0,0
l27,12=0,0,0,0,0,0,0,0,0,0,0,0,0,0,0,0,0,0,0,0,0,0,0,0,0,0,77,0,84,91,94,72,0,10,19,0,0,0,0,0
l28,12=0,0,0,0,0,0,0,0,0,0,0,0,0,0,0,0,0,0,0,0,0,0,0,0,0,0,90,92,0,91,94,77,59,58,66,0,0,0,0,0
l29,12=0,0,0,0,0,0,0,0,0,0,0,0,0,0,0,0,0,0,0,21,0,0,0,0,0,0,73,93,90,0,94,73,65,58,63,0,0,0,0,0
l30,12=0,0,0,0,0,0,0,0,0,0,0,0,0,0,0,0,0,0,0,0,0,0,0,0,0,0,86,93,90,91,0,75,68,35,39,0,0,0,0,0
l31,12=0,0,0,0,0,0,0,0,0,0,0,0,13,0,0,0,0,0,0,0,55,0,55,24,26,73,90,78,81,85,92,0,96,100,100,0,0,0,0,0
l32,12=0,0,0,0,0,0,0,0,0,0,0,0,0,0,0,0,0,0,0,0,0,0,0,14,49,36,86,0,73,84,87,94,0,100,100,0,0,0,0,0
l33,12=0,0,0,0,0,0,0,0,0,0,0,0,40,0,52,0,0,8,0,0,0,0,0,47,1,65,88,30,50,64,69,97,96,0,100,0,0,0,0,0
l34,12=0,0,0,0,0,0,0,0,0,0,0,0,0,0,47,0,17,0,0,0,0,0,0,0,0,93,90,41,86,90,70,97,96,100,0,0,0,0,0,0
l35,12=0,0,0,0,0,0,0,0,0,0,0,16,0,0,12,0,23,0,0,7,34,50,61,0,0,0,0,0,0,0,0,0,0,0,0,0,86,20,71,36
l36,12=0,0,0,0,0,0,0,0,0,0,0,17,0,0,14,0,51,11,0,21,69,39,74,0,3,0,0,0,0,0,0,0,0,0,0,78,0,46,75,42
l37,12=0,0,0,0,0,0,0,0,0,0,0,0,0,0,0,0,45,0,0,20,48,33,0,0,0,0,0,0,0,0,0,0,0,0,0,42,44,0,0,39
l38,12=0,0,0,0,0,0,0,0,0,0,0,30,12,0,0,19,64,13,0,24,60,74,74,0,24,0,0,0,0,0,0,0,0,0,0,50,44,0,0,35
l39,12=0,0,0,0,0,0,0,0,0,0,0,0,0,0,0,0,54,0,0,53,45,0,72,0,0,0,0,0,0,0,0,0,0,0,0,38,54,43,65,0

l0,13=0,96,92,92,91,91,89,89,78,88,59,0,0,0,0,0,0,0,0,0,0,0,0,0,0,0,0,0,0,0,0,0,0,0,0,0,0,0,0,0
l1,13=93,0,89,91,88,85,87,89,0,80,86,0,0,0,0,0,0,0,0,0,0,0,0,0,0,0,0,0,0,0,0,0,0,0,0,0,0,0,0,0
l2,13=92,91,0,88,85,89,87,89,0,60,86,0,0,9,0,0,0,0,0,0,0,0,0,0,0,0,0,0,0,0,0,0,0,0,0,0,0,0,0,0
l3,13=96,96,86,0,93,90,87,72,9,57,85,0,0,0,0,0,0,0,0,0,0,0,0,0,0,0,0,0,0,0,0,0,0,0,0,0,0,0,0,0
l4,13=92,92,85,92,0,88,87,86,47,78,74,0,0,5,0,0,0,0,0,0,0,0,0,1,0,0,0,0,0,0,0,0,0,0,0,0,0,0,0,0
l5,13=92,85,85,88,86,0,87,83,52,88,86,0,0,40,0,0,0,0,0,0,0,0,0,0,0,0,0,0,0,0,0,0,0,0,0,0,0,0,0,0
l6,13=88,84,83,88,85,86,0,0,79,88,63,85,0,67,0,77,0,0,0,0,0,0,0,0,0,0,0,0,0,0,0,0,0,0,0,0,0,0,0,0
l7,13=57,84,82,53,78,68,0,0,85,89,90,10,18,42,0,61,0,0,0,0,0,0,0,0,0,0,0,0,0,0,0,0,0,0,0,0,0,0,0,0
l8,13=32,0,0,41,59,69,79,88,0,95,86,69,34,88,51,59,68,40,0,29,0,56,24,0,46,0,0,0,0,0,0,0,0,0,0,0,0,0,0,0
l9,13=69,38,66,68,67,85,85,89,85,0,87,78,68,88,43,79,69,61,0,0,63,65,0,0,0,0,0,0,0,0,0,0,0,0,0,0,0,0,0,0
l10,13=25,29,72,53,58,83,64,89,85,96,0,74,0,88,0,66,0,0,0,0,0,0,0,0,0,0,0,0,0,0,0,0,0,0,0,0,0,0,0,0
l11,13=0,0,0,0,0,0,79,0,23,34,72,0,88,95,29,87,81,89,0,0,69,76,55,38,0,66,0,0,0,0,0,0,0,0,0,0,0,0,63,0
l12,13=0,0,0,0,0,0,0,0,0,30,0,90,0,30,63,85,88,88,0,0,70,65,48,35,61,90,0,0,0,0,0,0,0,71,0,0,0,0,73,0
l13,13=0,0,0,0,34,60,76,56,57,91,86,92,46,0,29,86,74,72,0,10,67,69,0,37,34,70,0,0,0,0,0,0,0,0,0,0,0,0,75,0
l14,13=0,0,0,0,0,0,0,0,28,34,0,88,83,35,0,82,95,72,0,0,67,59,0,58,97,78,0,0,0,0,0,0,0,70,63,0,0,0,0,0
l15,13=0,0,0,0,0,0,69,11,12,37,71,96,70,67,29,0,89,81,0,25,69,59,0,39,52,70,0,0,0,0,0,0,0,0,0,0,64,0,70,0
l16,13=0,0,0,0,0,0,0,0,2,21,0,65,44,21,34,84,0,77,14,25,67,71,47,28,55,0,0,0,0,0,0,0,0,37,38,62,71,0,75,49
l17,13=0,0,0,0,0,0,0,0,25,29,0,94,95,32,34,84,92,0,0,27,78,86,49,36,52,65,0,0,0,0,0,0,0,67,0,19,65,0,70,0
l18,13=0,0,0,0,0,0,0,0,0,0,0,0,0,0,0,0,68,0,0,87,92,0,21,0,0,0,0,0,0,0,0,0,0,0,0,0,0,0,0,0
l19,13=0,0,0,0,0,0,0,0,17,0,0,0,0,2,0,46,57,33,65,0,94,93,88,0,0,0,51,0,46,56,0,2,0,0,0,51,0,60,66,68
l20,13=0,0,0,0,0,0,0,0,0,18,0,62,42,19,19,56,75,70,27,94,0,97,94,0,0,0,0,0,0,0,0,17,0,0,0,74,92,86,91,79
l21,13=0,0,0,0,0,0,0,0,12,26,0,69,34,27,21,52,74,70,0,95,97,0,95,0,44,0,0,0,0,0,0,0,0,0,0,50,59,0,87,58
l22,13=0,0,0,0,0,0,0,0,0,0,0,52,32,0,0,0,71,32,0,83,97,96,0,0,0,0,34,0,22,0,0,4,0,0,39,80,84,38,86,94
l23,13=0,0,0,20,0,0,0,0,0,0,0,84,45,32,99,84,59,60,0,0,0,0,0,0,56,100,0,0,0,0,0,0,0,65,0,0,0,0,0,0
l24,13=0,0,0,0,0,0,0,0,27,0,0,0,98,1,99,83,93,74,0,0,5,75,0,43,0,87,0,0,0,0,0,0,22,32,0,0,81,0,0,0
l25,13=0,0,0,0,0,0,0,0,0,0,0,84,98,34,61,84,0,59,0,0,0,0,0,99,97,0,0,0,0,8,0,35,32,89,97,0,0,0,0,0
l26,13=0,0,0,0,0,0,0,0,0,0,0,0,0,0,0,0,0,0,0,53,0,0,56,0,0,0,0,80,99,84,100,100,76,69,0,0,0,0,0,0
l27,13=0,0,0,0,0,0,0,0,0,0,0,0,0,0,0,0,0,0,0,0,0,0,0,0,0,0,75,0,99,99,100,76,69,70,21,0,0,0,0,0
l28,13=0,0,0,0,0,0,0,0,0,0,0,0,0,0,0,0,0,0,0,48,0,0,49,0,0,1,97,98,0,99,100,86,66,74,77,0,0,0,0,0
l29,13=0,0,0,0,0,0,0,0,0,0,0,0,0,0,0,0,0,0,0,55,0,0,0,0,0,0,75,98,99,0,100,76,78,63,73,0,0,0,0,0
l30,13=0,0,0,0,0,0,0,0,0,0,0,0,0,0,0,0,0,0,0,0,0,0,0,0,0,0,97,98,99,99,0,79,71,71,1,0,0,0,0,0
l31,13=0,0,0,0,0,0,0,0,0,0,0,0,0,0,1,0,0,0,0,11,66,0,12,0,0,74,97,97,98,97,99,0,100,99,100,0,0,0,0,0
l32,13=0,0,0,0,0,0,0,0,0,0,0,0,21,0,3,0,17,0,0,0,0,0,0,0,53,81,95,66,80,98,90,100,0,100,100,0,0,0,0,0
l33,13=0,0,0,0,0,0,0,0,0,0,0,0,96,0,62,0,83,81,0,0,0,0,0,45,40,99,97,91,99,97,100,100,100,0,100,0,0,0,0,0
l34,13=0,0,0,0,0,0,0,0,0,0,0,0,4,0,74,0,73,0,0,0,0,0,57,0,0,100,0,32,99,99,53,100,100,100,0,0,0,0,0,0
l35,13=0,0,0,0,0,0,0,0,0,0,0,0,0,0,0,0,62,0,0,24,62,48,51,0,0,0,0,0,0,0,0,0,0,0,0,0,93,92,91,78
l36,13=0,0,0,0,0,0,0,0,0,0,0,0,0,0,0,40,69,39,0,0,76,44,65,0,37,0,0,0,0,0,0,0,0,0,0,91,0,78,87,84
l37,13=0,0,0,0,0,0,0,0,0,0,0,0,0,0,0,0,0,0,0,21,68,0,2,0,0,0,0,0,0,0,0,0,0,0,0,87,74,0,54,59
l38,13=0,0,0,0,0,0,0,0,0,0,0,19,33,17,0,52,64,41,0,25,75,78,62,0,0,0,0,0,0,0,0,0,0,0,0,86,85,52,0,67
l39,13=0,0,0,0,0,0,0,0,0,0,0,0,0,0,0,0,57,0,0,28,62,62,73,0,0,0,0,0,0,0,0,0,0,0,0,81,82,65,72,0

l0,14=0,100,100,100,99,99,100,99,97,100,98,0,0,3,0,0,0,0,0,0,0,0,0,0,0,0,0,0,0,0,0,0,0,0,0,0,0,0,0,0
l1,14=100,0,100,100,99,99,99,95,12,49,54,0,0,52,43,0,0,0,0,0,0,0,0,0,4,0,0,0,0,0,0,0,0,0,0,0,0,0,0,0
l2,14=100,100,0,100,100,99,100,99,91,91,97,0,0,0,0,1,0,0,0,0,0,0,0,0,0,0,0,0,0,0,0,0,0,0,0,0,0,0,0,0
l3,14=100,100,100,0,99,99,100,99,0,100,100,0,0,0,0,0,0,0,0,0,0,0,0,0,0,0,0,0,0,0,0,0,0,0,0,0,0,0,0,0
l4,14=100,100,100,100,0,99,83,0,48,46,100,0,0,44,0,0,0,0,0,0,0,0,0,0,1,0,0,0,0,0,0,0,0,0,0,0,0,0,0,0
l5,14=100,100,100,100,100,0,100,72,94,100,100,0,0,52,0,66,0,0,0,0,0,0,0,0,0,0,0,0,0,0,0,0,0,0,0,0,0,0,0,0
l6,14=93,97,100,100,94,99,0,93,89,97,100,98,0,93,0,89,0,0,0,0,0,0,69,0,0,0,0,0,0,0,0,0,0,0,0,0,0,0,0,0
l7,14=100,99,99,99,4,58,96,0,97,100,100,0,0,50,0,28,84,0,0,0,0,0,0,0,0,0,0,0,0,0,0,0,0,0,0,0,0,0,0,0
l8,14=38,3,36,50,50,27,33,31,0,100,100,55,49,27,32,42,0,0,0,8,25,49,49,0,21,0,0,0,0,0,0,0,0,0,0,0,0,0,0,0
l9,14=79,43,1,54,49,98,55,100,98,0,100,96,0,98,27,95,49,37,0,0,42,50,0,35,0,0,0,0,0,0,0,0,0,0,0,0,0,0,0,0
l10,14=87,79,39,99,100,99,99,100,98,100,0,57,53,98,3,42,0,0,0,0,14,0,0,0,0,0,0,0,0,0,0,0,0,0,0,0,0,0,0,0
l11,14=0,0,0,0,0,0,98,0,46,98,50,0,97,98,99,96,98,98,0,0,45,51,58,41,15,48,0,0,0,0,0,0,0,0,0,0,36,0,21,0
l12,14=0,0,0,0,0,0,0,0,89,0,32,97,0,57,100,72,98,99,0,13,69,37,71,74,59,99,0,0,0,0,0,0,0,94,0,0,0,0,0,0
l13,14=10,45,0,0,50,26,48,29,48,100,98,99,97,0,56,96,44,97,0,4,0,50,0,0,46,35,0,0,0,0,0,0,0,0,0,0,0,0,19,0
l14,14=0,1,0,0,0,0,0,0,48,31,1,97,100,27,0,42,91,40,0,0,0,22,0,75,100,27,0,0,0,0,0,0,53,51,0,0,0,0,12,0
l15,14=0,0,0,0,0,14,31,0,49,98,46,99,97,98,33,0,98,98,0,23,28,47,0,47,58,31,0,0,0,0,0,0,0,0,0,0,0,0,21,0
l16,14=0,0,0,0,0,0,0,13,0,36,0,95,88,10,59,72,0,96,4,22,55,49,94,16,58,0,0,0,0,0,0,0,0,51,25,65,68,8,8,65
l17,14=0,0,0,0,0,0,0,0,0,46,0,97,97,57,59,94,98,0,0,35,69,96,63,49,64,53,0,0,0,0,0,0,0,3,0,47,33,0,53,0
l18,14=0,0,0,0,0,0,0,0,0,0,0,0,0,0,0,0,70,0,0,84,86,16,82,0,0,0,0,0,0,0,0,0,0,0,0,0,0,0,0,0
l19,14=0,0,0,0,0,0,0,0,0,0,0,0,79,1,0,55,81,80,50,0,97,94,92,0,0,0,83,0,4,53,0,0,0,0,0,74,80,41,48,87
l20,14=0,0,0,0,0,0,0,0,13,87,0,80,88,0,0,55,80,82,48,99,0,96,99,0,15,0,0,0,0,0,0,0,0,0,28,84,77,51,53,95
l21,14=0,0,0,0,0,0,0,0,87,87,1,82,79,51,52,55,79,81,0,96,98,0,99,0,52,0,0,0,0,0,0,0,0,0,0,76,65,49,49,79
l22,14=0,0,0,0,0,0,35,0,51,0,0,84,80,0,0,0,84,81,44,98,99,98,0,0,3,0,82,0,0,0,0,0,0,0,0,83,73,51,51,94
l23,14=0,0,0,0,0,0,0,0,0,44,0,57,51,0,99,43,13,38,0,0,0,0,0,0,4,100,0,0,0,0,0,0,55,48,49,0,0,0,0,0
l24,14=0,0,0,0,0,0,0,0,48,0,0,5,100,27,100,73,100,100,0,0,22,50,1,1,0,75,0,0,0,0,0,0,0,0,0,0,40,0,0,0
l25,14=0,0,0,0,3,0,0,0,0,0,0,98,100,31,57,69,0,97,0,0,0,0,0,98,100,0,0,0,3,0,0,0,62,98,100,0,0,0,0,0
l26,14=0,0,0,0,0,0,0,0,0,0,0,0,0,0,0,0,0,0,0,86,26,0,85,0,0,0,0,98,98,98,99,100,99,98,98,0,0,0,0,0
l27,14=0,0,0,0,0,0,0,0,0,0,0,0,0,0,0,0,0,0,0,0,0,0,0,0,0,0,92,0,98,100,99,90,89,90,3,0,0,0,0,0
l28,14=0,0,0,0,0,0,0,0,0,0,0,0,0,0,0,0,0,0,0,67,0,0,52,0,0,21,100,100,0,100,99,90,85,93,87,0,0,0,0,0
l29,14=0,0,0,0,0,0,0,0,0,0,0,0,0,0,0,0,0,0,0,78,2,0,0,0,0,0,92,100,98,0,99,93,90,0,88,0,0,0,0,0
l30,14=0,0,0,0,0,0,0,0,0,0,0,0,0,0,0,0,0,0,0,0,0,0,0,0,0,0,100,100,98,100,0,90,89,93,0,0,0,0,0,0
l31,14=0,0,0,0,0,0,0,0,0,0,0,0,0,0,0,0,0,0,0,0,59,0,0,0,0,0,99,88,95,98,94,0,99,99,100,0,0,0,0,0
l32,14=0,0,0,0,0,0,0,0,0,0,0,0,0,0,59,0,0,0,0,0,0,0,0,80,0,85,99,94,91,98,93,100,0,100,100,0,0,0,0,0
l33,14=0,0,0,0,0,0,0,0,0,0,0,0,96,0,91,0,92,0,0,0,0,0,0,88,0,99,100,88,97,0,97,100,100,0,100,0,0,0,0,0
l34,14=0,0,0,0,0,0,0,0,0,0,0,0,11,0,0,0,87,0,0,0,76,0,0,85,0,100,100,1,98,100,0,100,100,100,0,0,0,0,0,0
l35,14=0,0,0,0,0,0,0,0,0,0,0,0,9,0,0,0,78,54,0,20,52,59,80,0,0,0,0,0,0,0,0,0,0,0,0,0,99,92,91,84
l36,14=0,0,0,0,0,0,0,0,0,0,0,13,0,0,0,0,79,3,0,15,60,59,85,0,15,0,0,0,0,0,0,0,0,0,0,97,0,37,53,80
l37,14=0,0,0,0,0,0,0,0,0,0,0,0,0,0,0,0,15,0,0,0,56,15,85,0,0,0,0,0,0,0,0,0,0,0,0,96,66,0,47,83
l38,14=0,0,0,0,0,0,0,0,0,0,0,80,0,13,26,42,80,89,0,0,67,87,95,0,0,0,0,0,0,0,0,0,0,0,0,97,77,19,0,89
l39,14=0,0,0,0,0,0,0,0,0,0,0,0,0,0,0,0,78,0,0,51,57,84,85,0,0,0,0,0,0,0,0,0,0,0,0,86,65,50,49,0

l0,15=0,99,98,100,98,99,97,98,88,97,96,0,0,0,0,0,0,0,0,0,0,0,0,0,0,0,0,0,0,0,0,0,0,0,0,0,0,0,0,0
l1,15=97,0,98,97,98,98,97,91,0,97,98,0,0,100,62,0,0,0,0,0,0,0,0,0,21,0,0,0,0,0,0,0,0,0,0,0,0,0,0,0
l2,15=99,100,0,97,97,100,100,98,1,90,93,30,0,99,0,0,0,0,0,0,0,0,0,0,0,0,0,0,0,0,0,0,0,0,0,0,0,0,0,0
l3,15=99,99,98,0,97,98,0,0,0,0,98,0,0,0,0,0,0,0,0,0,0,0,0,0,0,0,0,0,0,0,0,0,0,0,0,0,0,0,0,0
l4,15=99,100,98,96,0,99,97,92,0,93,98,0,0,96,0,0,0,0,0,0,0,0,0,0,0,0,0,0,0,0,0,0,0,0,0,0,0,0,0,0
l5,15=98,99,98,97,100,0,97,98,97,97,98,0,0,100,0,94,0,0,0,0,0,0,0,0,0,0,0,0,0,0,0,0,0,0,0,0,0,0,0,0
l6,15=97,99,98,83,97,98,0,98,91,97,98,97,95,99,0,94,22,0,0,0,0,0,55,0,0,0,0,0,0,0,0,0,0,0,0,0,0,0,0,0
l7,15=97,60,98,89,96,98,97,0,97,97,100,0,0,85,94,0,96,0,0,0,0,0,0,0,0,0,0,0,0,0,0,0,0,0,0,0,0,0,0,0
l8,15=66,0,0,46,0,92,84,98,0,100,100,60,60,83,93,55,0,0,0,26,5,81,88,20,57,0,0,0,0,0,0,0,0,0,0,0,0,0,0,0
l9,15=98,56,0,0,84,98,96,98,99,0,100,60,0,100,37,96,89,69,0,0,93,89,25,44,0,0,0,0,0,0,0,0,0,0,0,0,0,0,0,0
l10,15=93,98,0,97,97,98,97,99,97,100,0,0,95,100,77,0,0,0,0,0,0,0,0,0,0,0,0,0,0,0,0,0,0,0,0,0,0,0,0,0
l11,15=0,0,0,0,0,0,99,0,96,94,0,0,98,99,93,97,99,98,0,1,58,90,95,95,0,64,0,0,0,0,0,0,0,0,0,0,99,0,96,0
l12,15=0,0,0,0,0,0,86,0,98,0,97,99,0,99,100,96,99,99,0,30,94,0,97,99,100,100,0,0,0,0,0,0,0,2,0,0,97,0,95,0
l13,15=0,57,56,0,93,91,89,86,96,100,97,100,100,0,97,97,94,98,0,4,0,70,34,91,58,61,0,0,0,0,0,0,0,0,0,0,0,0,0,0
l14,15=0,0,0,0,0,0,0,7,98,71,36,62,98,85,0,57,99,99,0,0,30,0,0,97,100,64,0,0,0,0,0,0,0,100,15,0,0,0,0,0
l15,15=0,0,0,0,0,76,94,0,96,97,0,100,62,85,98,0,99,99,0,0,58,90,10,96,62,61,0,0,0,0,0,0,0,0,0,77,0,0,99,0
l16,15=0,0,0,0,0,0,25,83,0,76,1,62,57,71,99,57,0,98,80,53,57,80,99,0,62,24,0,0,0,0,0,1,0,87,0,86,99,92,97,80
l17,15=0,0,0,0,0,0,0,0,0,97,0,63,63,85,99,61,99,0,0,58,58,91,99,96,62,64,0,0,0,0,0,0,0,96,3,0,98,73,99,18
l18,15=0,0,0,0,0,0,0,0,0,0,0,0,0,0,0,0,76,0,0,39,80,66,78,0,0,0,0,0,0,0,0,0,0,0,0,0,0,0,0,0
l19,15=0,0,0,0,0,0,0,0,27,0,0,0,48,0,0,0,77,78,0,0,97,92,98,0,0,0,0,0,75,46,0,0,0,0,0,0,74,0,59,81
l20,15=0,0,0,0,0,0,0,0,0,92,0,58,56,0,20,54,96,94,77,99,0,100,100,0,0,0,0,0,0,0,0,0,0,0,0,87,99,7,99,99
l21,15=0,0,0,0,0,0,0,0,84,86,6,59,0,62,0,53,91,94,13,99,97,0,100,0,38,0,0,0,23,0,0,0,0,0,25,81,96,89,97,91
l22,15=0,0,0,0,0,0,16,0,76,65,0,49,48,2,0,3,97,84,39,88,97,98,0,0,0,0,66,0,0,9,0,53,0,6,0,74,86,72,81,80
l23,15=0,0,0,0,0,0,0,0,0,65,0,61,100,65,100,96,0,100,0,0,0,0,0,0,100,100,0,0,0,0,0,0,97,100,0,0,0,0,0,0
l24,15=0,0,0,0,0,0,0,0,98,0,0,0,100,84,100,97,99,99,0,0,0,7,0,100,0,84,0,0,0,0,0,0,97,0,0,0,99,0,50,0
l25,15=0,0,0,0,0,0,0,0,0,0,0,98,85,85,100,51,96,93,0,0,0,0,0,96,99,0,84,0,38,0,0,69,99,87,94,0,0,0,0,0
l26,15=0,0,0,0,0,0,0,0,0,0,0,0,0,0,0,0,0,0,0,0,1,0,87,0,0,95,0,83,100,100,83,100,99,3,97,0,0,0,0,0
l27,15=0,0,0,0,0,0,0,0,0,0,0,0,0,0,0,0,0,0,0,0,0,0,0,0,0,0,99,0,100,100,83,96,98,78,96,0,0,0,0,0
l28,15=0,0,0,0,0,0,0,0,0,0,0,0,0,0,0,0,0,0,0,94,0,37,0,0,0,53,100,85,0,100,83,96,97,78,95,0,0,0,0,0
l29,15=0,0,0,0,0,0,0,0,0,0,0,0,0,0,0,0,0,0,0,97,0,0,26,0,0,0,99,86,100,0,83,95,97,78,96,0,0,0,0,0
l30,15=0,0,0,0,0,0,0,0,0,0,0,0,0,0,0,0,0,0,0,0,0,0,0,0,0,0,100,85,100,100,0,95,97,78,0,0,0,0,0,0
l31,15=0,0,0,0,0,0,0,0,0,0,0,0,0,0,0,0,0,0,0,0,0,0,90,0,0,94,98,78,98,100,80,0,99,87,99,0,0,0,0,0
l32,15=0,0,0,0,0,0,0,0,0,0,0,0,62,0,0,0,0,0,0,0,29,0,0,87,95,97,98,78,93,100,80,100,0,87,100,0,0,0,0,0
l33,15=0,0,0,0,0,0,0,0,0,0,0,0,58,0,99,0,99,89,0,0,0,0,40,100,40,72,37,81,100,67,80,100,100,0,100,0,0,0,0,0
l34,15=0,0,0,0,0,0,0,0,0,0,0,0,18,0,96,0,0,0,0,0,19,34,0,0,0,100,100,78,100,100,0,100,100,87,0,0,0,0,0,0
l35,15=0,0,0,0,0,0,0,0,0,0,0,0,30,0,0,39,71,0,0,0,54,66,82,0,0,0,0,0,0,0,0,0,0,0,0,0,99,97,93,92
l36,15=0,0,0,0,0,0,0,0,0,0,0,56,50,0,0,0,96,78,0,47,57,85,98,0,20,0,0,0,0,0,0,0,0,0,0,87,0,96,99,97
l37,15=0,0,0,0,0,0,0,0,0,0,0,0,2,0,0,0,77,0,0,0,0,72,94,0,0,0,0,0,0,0,0,0,0,0,0,98,96,0,92,94
l38,15=0,0,0,0,0,0,0,0,0,0,0,52,50,0,0,53,86,91,0,0,58,86,97,0,8,0,0,0,0,0,0,0,0,0,0,86,99,96,0,96
l39,15=0,0,0,0,0,0,0,0,0,0,0,0,0,0,0,0,71,0,0,53,94,81,98,0,0,0,0,0,0,0,0,0,0,0,0,99,97,96,96,0

